BPE 2016 - Base permanente des équipements : services aux particuliers;;;;;;;;;;;;;;;;;;;;;;;;;;;;;;;;;;;;;;;;
France - Communes;;;;;;;;;;;;;;;;;;;;;;;;;;;;;;;;;;;;;;;;
Mise en ligne le 11/07/2017       Géographie au 01/01/2016;;;;;;;;;;;;;;;;;;;;;;;;;;;;;;;;;;;;;;;;
©Insee       Source(s) : Insee, Base permanente des équipements 2016;;;;;;;;;;;;;;;;;;;;;;;;;;;;;;;;;;;;;;;;
Code commune;Libellé commune ou ARM;Région;Département;Police;Gendarmerie;Cour d'appel;Tribunal de grande instance;Tribunal d'instance;Conseil des prud'hommes;Tribunal de commerce;Réseau spécialisé pôle emploi;DGFiP;DRFiP;DDFiP;Réseau de proximité pôle emploi;Réseau partenarial pôle emploi;Maison de justice et du droit;Antenne de justice;Banques, caisses d'épargne;Pompes funèbres;Bureau de poste;Relais poste ;Agence postale ;Réparation auto et de matériel agricole;Contrôle technique auto;Location auto-utilitaires légers;École de conduite;Maçon;Plâtrier, peintre;Menuisier, charpentier, serrurier;Plombier, couvreur, chauffagiste;Électricien;Entreprise générale du bâtiment;Coiffure;Vétérinaire;Agence de travail temporaire;Restaurant;Agence immobilière;Blanchisserie teinturerie;Soins de beauté
CODGEO;LIBGEO;REG;DEP;NB_A101;NB_A104;NB_A105;NB_A106;NB_A107;NB_A108;NB_A109;NB_A115;NB_A119;NB_A120;NB_A121;NB_A122;NB_A123;NB_A124;NB_A125;NB_A203;NB_A205;NB_A206;NB_A207;NB_A208;NB_A301;NB_A302;NB_A303;NB_A304;NB_A401;NB_A402;NB_A403;NB_A404;NB_A405;NB_A406;NB_A501;NB_A502;NB_A503;NB_A504;NB_A505;NB_A506;NB_A507
01001;L'Abergement-Clémenciat;84;01;0;0;0;0;0;0;0;0;0;0;0;0;0;0;0;0;0;0;0;0;0;0;0;0;1;0;0;3;0;0;0;0;0;1;0;0;2
01002;L'Abergement-de-Varey;84;01;0;0;0;0;0;0;0;0;0;0;0;0;0;0;0;0;0;0;0;0;1;0;0;0;0;0;0;0;0;0;0;0;0;0;0;0;0
01004;Ambérieu-en-Bugey;84;01;0;1;0;0;0;0;0;0;0;0;2;1;0;0;0;13;3;2;0;0;22;3;1;10;14;23;15;18;12;7;23;2;2;36;18;3;17
01005;Ambérieux-en-Dombes;84;01;0;0;0;0;0;0;0;0;0;0;0;0;0;0;0;1;1;1;0;0;3;0;0;1;1;7;4;7;1;0;4;0;0;4;3;0;1
01006;Ambléon;84;01;0;0;0;0;0;0;0;0;0;0;0;0;0;0;0;0;0;0;0;0;0;0;0;0;0;0;0;0;0;0;0;0;0;0;0;0;0
01007;Ambronay;84;01;0;0;0;0;0;0;0;0;0;0;0;0;0;0;0;0;0;1;0;0;3;0;0;0;3;6;5;6;0;0;3;0;0;3;1;0;4
01008;Ambutrix;84;01;0;0;0;0;0;0;0;0;0;0;0;0;0;0;0;0;0;0;0;0;2;0;0;0;2;2;1;3;1;0;1;0;0;1;0;0;2
01009;Andert-et-Condon;84;01;0;0;0;0;0;0;0;0;0;0;0;0;0;0;0;0;0;0;0;0;0;0;0;0;0;0;0;0;0;0;2;0;0;0;0;0;0
01010;Anglefort;84;01;0;0;0;0;0;0;0;0;0;0;0;0;0;0;0;0;0;0;1;0;0;0;0;0;2;2;2;1;2;1;2;0;0;0;2;0;0
01011;Apremont;84;01;0;0;0;0;0;0;0;0;0;0;0;0;0;0;0;0;0;0;0;0;0;0;0;0;0;0;2;0;0;0;0;0;0;0;0;0;0
01012;Aranc;84;01;0;0;0;0;0;0;0;0;0;0;0;0;0;0;0;0;0;0;0;0;0;0;0;0;0;1;1;1;0;0;0;0;0;1;0;0;0
01013;Arandas;84;01;0;0;0;0;0;0;0;0;0;0;0;0;0;0;0;0;0;0;0;0;2;0;0;0;0;0;0;0;0;0;0;0;0;2;0;0;0
01014;Arbent;84;01;0;0;0;0;0;0;0;0;0;0;0;0;0;0;0;0;0;1;0;0;9;0;0;1;9;2;2;3;2;0;6;1;0;7;0;0;2
01015;Arboys en Bugey;84;01;0;0;0;0;0;0;0;0;0;0;0;0;0;0;0;0;0;0;0;0;0;0;0;0;1;0;2;1;0;1;0;0;0;0;0;0;0
01016;Arbigny;84;01;0;0;0;0;0;0;0;0;0;0;0;0;0;0;0;0;0;0;0;0;0;0;0;0;0;0;0;0;1;0;0;0;0;0;0;0;0
01017;Argis;84;01;0;0;0;0;0;0;0;0;0;0;0;0;0;0;0;0;0;0;1;0;2;0;0;0;0;2;2;0;0;0;0;0;0;0;1;0;0
01019;Armix;84;01;0;0;0;0;0;0;0;0;0;0;0;0;0;0;0;0;0;0;0;0;0;0;0;0;1;0;0;0;0;0;0;0;0;0;0;0;0
01021;Ars-sur-Formans;84;01;0;0;0;0;0;0;0;0;0;0;0;0;0;0;0;0;0;1;0;0;1;0;0;1;4;1;5;2;1;0;1;0;0;3;0;1;2
01022;Artemare;84;01;0;0;0;0;0;0;0;0;0;0;1;0;0;0;0;1;0;1;0;0;3;1;0;1;3;1;2;3;2;1;2;1;0;5;1;0;2
01023;Asnières-sur-Saône;84;01;0;0;0;0;0;0;0;0;0;0;0;0;0;0;0;0;0;0;0;0;0;0;0;0;0;0;0;0;0;0;0;0;0;1;0;0;0
01024;Attignat;84;01;0;0;0;0;0;0;0;0;0;0;0;0;0;0;0;1;0;1;0;0;5;1;0;1;1;4;2;3;5;1;4;0;0;3;1;0;3
01025;Bâgé-la-Ville;84;01;0;0;0;0;0;0;0;0;0;0;0;0;0;0;0;0;0;0;0;0;7;0;0;0;3;4;5;5;3;0;1;0;0;1;0;0;3
01026;Bâgé-le-Châtel;84;01;0;0;0;0;0;0;0;0;0;0;0;0;0;0;0;2;0;1;0;0;0;0;0;1;0;2;0;0;2;0;2;0;0;3;1;0;1
01027;Balan;84;01;0;0;0;0;0;0;0;0;0;0;0;0;0;0;0;0;0;0;0;0;13;0;0;0;0;6;7;3;2;1;1;0;0;7;2;1;2
01028;Baneins;84;01;0;0;0;0;0;0;0;0;0;0;0;0;0;0;0;0;0;0;0;0;1;0;0;1;2;2;2;0;0;0;0;0;0;2;1;0;0
01029;Beaupont;84;01;0;0;0;0;0;0;0;0;0;0;0;0;0;0;0;1;0;0;1;0;2;0;0;0;2;0;0;2;0;0;3;0;0;0;0;0;0
01030;Beauregard;84;01;0;0;0;0;0;0;0;0;0;0;0;0;0;0;0;0;0;0;0;1;1;0;0;1;1;1;2;1;2;0;2;0;0;2;0;0;0
01031;Bellignat;84;01;0;0;0;0;0;0;0;0;0;0;0;0;0;0;0;1;0;1;0;0;15;1;0;1;3;1;2;7;3;1;3;0;0;4;1;2;3
01032;Béligneux;84;01;0;0;0;0;0;0;0;0;0;0;0;0;0;0;0;0;0;1;0;0;3;0;0;0;3;10;1;8;6;0;2;1;0;6;1;0;2
01033;Bellegarde-sur-Valserine;84;01;0;0;0;0;0;0;0;0;0;0;2;1;0;0;0;10;4;2;1;0;15;3;5;3;27;35;10;19;18;7;21;2;6;47;15;4;12
01034;Belley;84;01;0;1;0;0;1;1;0;0;0;0;2;1;0;0;0;10;1;1;0;0;13;1;1;6;22;21;13;7;12;2;22;4;5;25;18;3;11
01035;Belleydoux;84;01;0;0;0;0;0;0;0;0;0;0;0;0;0;0;0;0;0;0;0;0;0;0;0;0;0;1;1;2;0;0;0;0;0;0;0;0;0
01036;Belmont-Luthézieu;84;01;0;0;0;0;0;0;0;0;0;0;0;0;0;0;0;0;0;0;0;0;2;0;0;0;5;2;1;2;1;0;0;0;0;0;0;0;0
01037;Bénonces;84;01;0;0;0;0;0;0;0;0;0;0;0;0;0;0;0;0;0;0;0;0;0;0;0;0;0;1;0;0;0;1;0;0;0;0;0;0;0
01038;Bény;84;01;0;0;0;0;0;0;0;0;0;0;0;0;0;0;0;0;0;0;0;0;0;0;0;0;0;2;1;1;1;0;1;0;0;1;0;0;0
01039;Béon;84;01;0;0;0;0;0;0;0;0;0;0;0;0;0;0;0;0;0;0;0;0;2;1;0;0;4;1;0;0;2;0;0;0;0;1;0;0;0
01040;Béréziat;84;01;0;0;0;0;0;0;0;0;0;0;0;0;0;0;0;0;0;0;1;0;2;0;0;0;2;0;1;0;0;0;2;0;0;1;0;0;0
01041;Bettant;84;01;0;0;0;0;0;0;0;0;0;0;0;0;0;0;0;0;0;0;1;0;1;0;0;0;0;3;1;1;1;0;1;0;0;1;0;0;2
01042;Bey;84;01;0;0;0;0;0;0;0;0;0;0;0;0;0;0;0;0;0;0;0;0;0;0;0;0;1;0;0;0;0;0;0;0;0;0;0;0;0
01043;Beynost;84;01;0;0;0;0;0;0;0;0;0;0;0;0;0;0;0;1;0;1;0;0;8;2;0;0;10;11;20;4;11;2;10;1;3;16;4;0;4
01044;Billiat;84;01;0;0;0;0;0;0;0;0;0;0;0;0;0;0;0;0;0;0;1;0;0;0;0;0;1;0;2;1;2;0;0;0;0;1;0;0;0
01045;Birieux;84;01;0;0;0;0;0;0;0;0;0;0;0;0;0;0;0;0;0;0;0;0;1;0;0;0;0;1;2;0;1;0;1;0;0;1;0;0;0
01046;Biziat;84;01;0;0;0;0;0;0;0;0;0;0;0;0;0;0;0;0;0;0;0;1;1;0;0;0;2;1;3;0;0;0;2;0;0;1;0;0;0
01047;Blyes;84;01;0;0;0;0;0;0;0;0;0;0;0;1;0;0;0;0;0;0;0;0;3;0;0;0;1;0;2;3;1;0;4;0;1;2;1;0;0
01049;La Boisse;84;01;0;0;0;0;0;0;0;0;0;0;0;0;0;0;0;0;0;0;0;1;8;1;0;0;6;10;4;5;5;0;4;1;0;5;4;1;7
01050;Boissey;84;01;0;0;0;0;0;0;0;0;0;0;0;0;0;0;0;0;0;0;0;0;0;0;0;0;2;1;1;0;1;0;0;0;0;2;0;0;0
01051;Bolozon;84;01;0;0;0;0;0;0;0;0;0;0;0;0;0;0;0;0;0;0;0;1;0;0;0;0;0;0;1;0;1;0;0;0;0;0;0;0;0
01052;Bouligneux;84;01;0;0;0;0;0;0;0;0;0;0;0;0;0;0;0;0;0;0;0;0;1;0;0;0;0;0;1;0;1;0;0;0;0;3;0;0;1
01053;Bourg-en-Bresse;84;01;1;1;0;1;1;1;1;1;0;0;14;1;0;1;0;41;5;5;0;0;45;5;6;20;30;51;36;45;20;18;74;18;24;182;45;10;42
01054;Bourg-Saint-Christophe;84;01;0;0;0;0;0;0;0;0;0;0;0;0;0;0;0;0;0;0;0;0;0;0;0;0;1;2;4;4;6;0;1;0;0;2;0;0;1
01056;Boyeux-Saint-Jérôme;84;01;0;0;0;0;0;0;0;0;0;0;0;0;0;0;0;0;1;0;0;0;0;0;0;0;1;0;1;1;0;0;0;0;0;0;0;0;0
01057;Boz;84;01;0;0;0;0;0;0;0;0;0;0;0;0;0;0;0;0;0;0;0;0;2;0;0;0;2;0;2;1;0;1;1;0;0;0;0;0;0
01058;Brégnier-Cordon;84;01;0;0;0;0;0;0;0;0;0;0;0;0;0;0;0;0;0;1;0;0;1;0;0;0;0;2;1;0;3;0;1;0;0;2;0;0;0
01059;Brénaz;84;01;0;0;0;0;0;0;0;0;0;0;0;0;0;0;0;0;0;0;0;0;0;0;0;0;1;1;1;0;1;0;0;0;0;0;0;0;0
01060;Brénod;84;01;0;1;0;0;0;0;0;0;0;0;0;0;0;0;0;0;0;0;1;0;0;0;0;0;1;0;1;1;0;0;0;0;0;1;0;0;1
01061;Brens;84;01;0;0;0;0;0;0;0;0;0;0;0;0;0;0;0;0;0;0;0;0;3;0;0;0;1;2;3;3;1;0;2;0;0;3;0;0;1
01062;Bressolles;84;01;0;0;0;0;0;0;0;0;0;0;0;0;0;0;0;0;0;0;0;0;2;0;0;0;0;1;1;2;0;0;1;0;0;2;1;0;1
01063;Brion;84;01;0;0;0;0;0;0;0;0;0;0;0;0;0;0;0;0;0;0;0;0;0;0;0;0;4;0;0;0;2;1;0;0;0;1;0;0;1
01064;Briord;84;01;0;0;0;0;0;0;0;0;0;0;0;0;0;0;0;0;0;0;0;0;3;0;0;0;1;3;3;2;2;0;0;0;0;3;0;0;1
01065;Buellas;84;01;0;0;0;0;0;0;0;0;0;0;0;0;0;0;0;0;0;0;1;0;3;0;0;1;3;2;1;2;3;0;2;0;0;4;1;0;2
01066;La Burbanche;84;01;0;0;0;0;0;0;0;0;0;0;0;0;0;0;0;0;0;0;0;0;0;0;0;0;0;0;0;0;1;0;0;0;0;0;0;0;0
01067;Ceignes;84;01;0;0;0;0;0;0;0;0;0;0;0;0;0;0;0;0;0;0;0;0;0;0;0;0;0;1;3;0;1;0;0;0;0;2;0;0;0
01068;Cerdon;84;01;0;0;0;0;0;0;0;0;0;0;0;0;0;0;0;0;0;0;1;0;1;0;0;0;1;2;3;3;3;0;3;0;0;5;0;0;0
01069;Certines;84;01;0;0;0;0;0;0;0;0;0;0;0;0;0;0;0;0;0;0;0;0;0;0;0;0;2;2;4;1;0;0;1;0;0;1;0;0;1
01071;Cessy;84;01;0;0;0;0;0;0;0;0;0;0;0;0;0;0;0;0;0;0;0;0;10;1;0;0;3;10;6;5;3;0;4;4;0;5;0;1;6
01072;Ceyzériat;84;01;0;1;0;0;0;0;0;0;0;0;0;0;0;0;0;1;1;1;0;0;6;1;0;1;8;8;6;5;1;2;4;2;0;4;5;1;0
01073;Ceyzérieu;84;01;0;0;0;0;0;0;0;0;0;0;0;0;0;0;0;0;0;0;0;1;0;0;0;0;4;2;5;4;3;0;1;0;0;1;0;0;0
01074;Chalamont;84;01;0;1;0;0;0;0;0;0;0;0;0;0;0;0;0;2;0;1;0;0;9;1;0;1;1;5;4;5;6;1;6;3;0;6;2;0;5
01075;Chaleins;84;01;0;0;0;0;0;0;0;0;0;0;0;0;0;0;0;0;0;0;0;0;3;0;0;1;2;2;6;5;5;0;2;0;0;1;0;0;1
01076;Chaley;84;01;0;0;0;0;0;0;0;0;0;0;0;0;0;0;0;0;0;0;0;0;0;0;0;0;0;0;0;0;0;0;0;0;0;1;0;0;0
01077;Challes-la-Montagne;84;01;0;0;0;0;0;0;0;0;0;0;0;0;0;0;0;0;0;0;0;0;0;0;0;0;2;1;1;0;0;1;1;0;0;1;0;0;0
01078;Challex;84;01;0;0;0;0;0;0;0;0;0;0;0;0;0;0;0;0;0;0;1;0;1;0;0;0;0;2;0;1;1;0;0;0;0;1;0;0;1
01079;Champagne-en-Valromey;84;01;0;1;0;0;0;0;0;0;0;0;0;0;0;0;0;2;0;0;0;1;2;0;0;0;0;1;1;1;3;0;1;0;0;0;0;0;0
01080;Champdor-Corcelles;84;01;0;0;0;0;0;0;0;0;0;0;0;0;0;0;0;0;0;0;0;1;1;0;0;0;0;1;0;0;0;0;0;0;0;0;0;0;1
01081;Champfromier;84;01;0;0;0;0;0;0;0;0;0;0;0;0;0;0;0;1;0;0;0;1;2;0;0;0;0;0;2;2;0;2;1;0;0;1;1;0;0
01082;Chanay;84;01;0;0;0;0;0;0;0;0;0;0;0;0;0;0;0;0;0;0;0;1;1;0;0;0;0;0;1;0;1;0;1;0;0;0;0;0;0
01083;Chaneins;84;01;0;0;0;0;0;0;0;0;0;0;0;0;0;0;0;0;0;0;0;1;5;0;0;0;2;2;3;3;1;0;4;0;0;0;0;0;0
01084;Chanoz-Châtenay;84;01;0;0;0;0;0;0;0;0;0;0;0;0;0;0;0;0;0;0;0;0;1;0;0;0;1;1;2;1;0;0;2;0;0;2;1;0;0
01085;La Chapelle-du-Châtelard;84;01;0;0;0;0;0;0;0;0;0;0;0;0;0;0;0;0;0;0;0;0;0;0;0;0;0;2;1;0;0;0;0;0;0;0;0;0;0
01087;Charix;84;01;0;0;0;0;0;0;0;0;0;0;0;0;0;0;0;0;0;0;0;0;0;0;0;0;1;0;1;0;0;0;0;0;0;1;0;0;0
01088;Charnoz-sur-Ain;84;01;0;0;0;0;0;0;0;0;0;0;0;0;0;0;0;0;0;0;0;0;4;0;0;0;0;1;2;2;3;0;0;0;0;2;0;0;0
01089;Château-Gaillard;84;01;0;0;0;0;0;0;0;0;0;0;0;0;0;0;0;0;0;0;1;0;5;1;0;0;4;3;6;8;5;3;3;0;1;7;0;0;5
01090;Châtenay;84;01;0;0;0;0;0;0;0;0;0;0;0;0;0;0;0;0;0;0;0;0;1;0;0;0;0;0;0;0;1;0;1;1;0;1;0;0;0
01091;Châtillon-en-Michaille;84;01;0;1;0;0;0;0;0;0;0;0;0;0;0;0;0;0;0;0;1;1;10;2;0;4;6;8;7;7;3;2;1;1;0;8;1;0;3
01092;Châtillon-la-Palud;84;01;0;0;0;0;0;0;0;0;0;0;0;0;0;0;0;0;0;0;0;1;3;0;0;0;1;3;1;1;3;0;2;1;0;4;0;0;0
01093;Châtillon-sur-Chalaronne;84;01;0;1;0;0;0;0;0;0;0;0;1;1;0;0;0;6;1;1;0;0;13;1;0;4;10;11;8;3;12;1;11;2;0;23;5;1;13
01094;Chavannes-sur-Reyssouze;84;01;0;0;0;0;0;0;0;0;0;0;0;0;0;0;0;0;0;0;0;0;1;0;0;0;0;2;1;0;0;0;1;0;0;1;0;0;1
01095;Chavannes-sur-Suran;84;01;0;0;0;0;0;0;0;0;0;0;0;0;0;0;0;0;0;0;1;0;1;0;0;0;0;1;2;0;0;0;1;0;0;1;0;0;3
01096;Chaveyriat;84;01;0;0;0;0;0;0;0;0;0;0;0;0;0;0;0;0;0;0;0;1;2;0;0;0;2;2;4;3;2;0;0;0;0;2;0;0;2
01097;Chavornay;84;01;0;0;0;0;0;0;0;0;0;0;0;0;0;0;0;0;0;0;0;0;0;0;0;0;1;0;2;1;0;0;1;0;0;0;0;0;0
01098;Chazey-Bons;84;01;0;0;0;0;0;0;0;0;0;0;0;0;0;0;0;0;1;0;1;0;6;1;0;0;2;0;5;2;3;2;0;0;0;5;1;0;0
01099;Chazey-sur-Ain;84;01;0;0;0;0;0;0;0;0;0;0;0;0;0;0;0;0;0;0;0;0;0;0;0;0;3;4;5;2;2;1;2;0;0;4;2;0;0
01100;Cheignieu-la-Balme;84;01;0;0;0;0;0;0;0;0;0;0;0;0;0;0;0;0;0;0;0;0;0;0;0;0;0;0;0;0;0;0;0;0;0;0;0;0;0
01101;Chevillard;84;01;0;0;0;0;0;0;0;0;0;0;0;0;0;0;0;0;0;0;0;0;0;0;0;0;0;0;0;0;0;0;0;0;0;0;0;0;0
01102;Chevroux;84;01;0;0;0;0;0;0;0;0;0;0;0;0;0;0;0;0;0;0;0;0;3;0;0;0;2;1;0;0;1;0;0;0;0;2;0;0;1
01103;Chevry;84;01;0;0;0;0;0;0;0;0;0;0;0;0;0;0;0;0;0;0;0;1;1;0;0;0;3;2;1;3;0;0;0;0;0;1;0;0;0
01104;Chézery-Forens;84;01;0;1;0;0;0;0;0;0;0;0;0;0;0;0;0;0;0;0;0;1;1;0;0;0;0;0;2;2;0;0;0;2;0;2;0;0;0
01105;Civrieux;84;01;0;0;0;0;0;0;0;0;0;0;0;0;0;0;0;2;0;0;1;0;1;0;0;0;2;6;5;3;4;2;1;0;0;2;3;0;1
01106;Cize;84;01;0;0;0;0;0;0;0;0;0;0;0;0;0;0;0;0;0;0;0;0;0;0;0;0;0;0;1;0;0;0;0;0;0;0;0;0;0
01107;Cleyzieu;84;01;0;0;0;0;0;0;0;0;0;0;0;0;0;0;0;0;0;0;0;0;1;0;0;0;0;0;0;0;0;0;0;0;0;0;0;0;0
01108;Coligny;84;01;0;1;0;0;0;0;0;0;0;0;0;0;0;0;0;2;0;1;0;0;1;0;0;0;3;0;3;2;1;0;3;0;0;4;1;0;1
01109;Collonges;84;01;0;1;0;0;0;0;0;0;0;0;0;0;0;0;0;2;0;1;0;0;1;0;0;0;3;3;3;5;4;0;2;0;0;7;2;0;2
01110;Colomieu;84;01;0;0;0;0;0;0;0;0;0;0;0;0;0;0;0;0;0;0;0;0;0;0;0;0;0;0;0;0;2;0;1;0;0;0;0;0;0
01111;Conand;84;01;0;0;0;0;0;0;0;0;0;0;0;0;0;0;0;0;0;0;0;0;0;0;0;0;0;0;0;1;0;0;0;0;0;0;0;0;0
01112;Condamine;84;01;0;0;0;0;0;0;0;0;0;0;0;0;0;0;0;0;0;0;0;0;0;0;0;0;1;1;0;0;2;0;0;0;0;0;0;0;0
01113;Condeissiat;84;01;0;0;0;0;0;0;0;0;0;0;0;0;0;0;0;0;0;0;0;1;0;0;0;0;1;3;0;1;1;0;1;0;0;2;0;0;0
01114;Confort;84;01;0;0;0;0;0;0;0;0;0;0;0;0;0;0;0;0;0;0;1;0;0;0;0;0;1;6;1;1;0;0;0;0;0;1;0;0;0
01115;Confrançon;84;01;0;0;0;0;0;0;0;0;0;0;0;0;0;0;0;0;0;0;0;0;2;1;0;0;0;3;2;2;3;1;2;0;0;2;0;0;0
01116;Contrevoz;84;01;0;0;0;0;0;0;0;0;0;0;0;0;0;0;0;0;0;0;0;0;3;0;0;0;0;2;0;0;1;0;0;0;0;1;0;0;0
01117;Conzieu;84;01;0;0;0;0;0;0;0;0;0;0;0;0;0;0;0;0;0;0;0;0;0;0;0;0;0;0;0;0;0;0;0;0;0;0;0;0;0
01118;Corbonod;84;01;0;0;0;0;0;0;0;0;0;0;0;0;0;0;0;0;1;0;1;0;1;0;0;0;2;3;6;1;2;0;0;0;0;2;0;0;1
01121;Corlier;84;01;0;0;0;0;0;0;0;0;0;0;0;0;0;0;0;0;0;0;0;0;1;0;0;0;0;0;0;0;0;0;0;0;0;0;0;0;0
01122;Cormaranche-en-Bugey;84;01;0;0;0;0;0;0;0;0;0;0;0;0;0;0;0;0;0;0;0;1;1;0;0;0;3;1;3;2;0;0;0;0;0;1;0;0;0
01123;Cormoranche-sur-Saône;84;01;0;0;0;0;0;0;0;0;0;0;0;0;0;0;0;0;0;0;1;0;1;0;0;1;2;0;3;0;2;1;1;0;0;3;0;0;0
01124;Cormoz;84;01;0;0;0;0;0;0;0;0;0;0;0;0;0;0;0;0;0;0;0;0;0;0;0;0;0;0;1;0;1;0;1;0;0;1;0;0;0
01125;Corveissiat;84;01;0;0;0;0;0;0;0;0;0;0;0;0;0;0;0;0;0;0;0;1;1;0;0;0;1;1;1;0;0;0;1;0;0;1;0;0;0
01127;Courmangoux;84;01;0;0;0;0;0;0;0;0;0;0;0;0;0;0;0;0;0;0;0;0;0;0;0;0;1;1;3;0;0;0;2;0;0;1;0;0;1
01128;Courtes;84;01;0;0;0;0;0;0;0;0;0;0;0;0;0;0;0;0;0;0;0;0;1;0;0;0;0;0;0;1;0;0;0;0;0;0;0;0;0
01129;Crans;84;01;0;0;0;0;0;0;0;0;0;0;0;0;0;0;0;0;0;0;0;0;0;0;0;0;0;0;0;1;0;0;1;0;0;0;0;0;1
01130;Cras-sur-Reyssouze;84;01;0;0;0;0;0;0;0;0;0;0;0;0;0;0;0;0;0;0;1;0;2;0;0;0;0;0;4;2;1;0;1;1;0;2;1;0;0
01133;Cressin-Rochefort;84;01;0;0;0;0;0;0;0;0;0;0;0;0;0;0;0;0;0;0;0;0;0;0;0;0;2;0;1;1;2;0;0;0;0;2;0;0;0
01134;Crottet;84;01;0;0;0;0;0;0;0;0;0;0;0;0;0;0;0;0;0;0;0;0;4;0;1;0;1;4;2;1;2;1;3;1;0;4;2;0;1
01135;Crozet;84;01;0;0;0;0;0;0;0;0;0;0;0;0;0;0;0;0;0;0;0;0;4;0;0;0;7;6;5;5;3;0;1;0;0;6;1;0;3
01136;Cruzilles-lès-Mépillat;84;01;0;0;0;0;0;0;0;0;0;0;0;0;0;0;0;0;0;0;0;0;1;0;0;0;1;1;1;2;1;0;0;0;0;0;0;0;0
01138;Culoz;84;01;0;1;0;0;0;0;0;0;0;0;0;0;0;0;0;3;1;1;0;0;5;0;0;2;5;7;3;8;0;1;6;0;0;6;3;1;4
01139;Curciat-Dongalon;84;01;0;0;0;0;0;0;0;0;0;0;0;0;0;0;0;0;0;0;0;0;1;0;0;0;3;0;1;2;0;0;0;0;0;0;0;0;1
01140;Curtafond;84;01;0;0;0;0;0;0;0;0;0;0;0;0;0;0;0;0;0;0;0;0;1;0;0;0;0;0;1;0;1;0;0;0;0;2;0;0;0
01141;Cuzieu;84;01;0;0;0;0;0;0;0;0;0;0;0;0;0;0;0;0;0;0;0;0;0;0;0;0;0;1;1;2;0;1;1;0;0;0;0;0;0
01142;Dagneux;84;01;0;0;0;0;0;0;0;0;0;0;0;0;0;0;0;2;1;0;0;1;13;2;1;1;4;9;4;10;8;1;6;1;3;7;0;0;7
01143;Divonne-les-Bains;84;01;0;1;0;0;0;0;0;0;0;0;0;0;0;0;0;11;0;1;0;0;1;1;0;2;3;13;1;8;4;6;14;4;0;35;26;2;8
01144;Dommartin;84;01;0;0;0;0;0;0;0;0;0;0;0;0;0;0;0;0;0;0;0;0;0;0;0;0;3;2;1;1;0;0;0;0;0;2;0;0;0
01145;Dompierre-sur-Veyle;84;01;0;0;0;0;0;0;0;0;0;0;0;0;0;0;0;0;0;0;0;1;3;0;0;0;4;1;1;1;3;1;2;0;0;1;0;0;1
01146;Dompierre-sur-Chalaronne;84;01;0;0;0;0;0;0;0;0;0;0;0;0;0;0;0;0;0;0;0;0;0;0;0;0;1;2;0;1;2;0;0;0;0;0;0;0;0
01147;Domsure;84;01;0;0;0;0;0;0;0;0;0;0;0;0;0;0;0;0;0;0;0;0;2;0;0;0;2;0;0;0;2;0;0;0;0;1;0;0;0
01148;Dortan;84;01;0;0;0;0;0;0;0;0;0;0;0;0;0;0;0;0;0;1;0;0;4;0;0;0;4;3;3;3;1;0;3;0;0;3;0;0;1
01149;Douvres;84;01;0;0;0;0;0;0;0;0;0;0;0;0;0;0;0;0;0;0;0;0;0;0;0;0;2;0;3;3;1;1;1;0;0;0;0;0;0
01150;Drom;84;01;0;0;0;0;0;0;0;0;0;0;0;0;0;0;0;0;0;0;0;0;1;0;0;0;0;1;0;0;0;0;0;0;0;1;0;0;0
01151;Druillat;84;01;0;0;0;0;0;0;0;0;0;0;0;0;0;0;0;0;0;0;0;0;1;0;0;0;2;1;0;3;4;0;0;0;0;2;0;0;0
01152;Échallon;84;01;0;0;0;0;0;0;0;0;0;0;0;0;0;0;0;0;0;0;1;0;1;0;0;0;0;3;0;0;2;0;1;0;0;1;0;0;0
01153;Échenevex;84;01;0;0;0;0;0;0;0;0;0;0;0;0;0;0;0;0;0;0;0;0;2;0;0;0;1;2;1;1;2;1;0;0;0;2;2;0;0
01154;Étrez;84;01;0;0;0;0;0;0;0;0;0;0;0;0;0;0;0;0;0;0;0;0;1;0;1;0;3;0;1;2;0;0;2;0;0;1;0;0;0
01155;Évosges;84;01;0;0;0;0;0;0;0;0;0;0;0;0;0;0;0;0;0;0;0;0;0;0;0;0;0;0;1;0;0;0;0;0;0;1;0;0;0
01156;Faramans;84;01;0;0;0;0;0;0;0;0;0;0;0;0;0;0;0;0;0;0;0;0;1;0;0;0;0;4;0;2;0;0;1;0;0;1;0;0;0
01157;Fareins;84;01;0;0;0;0;0;0;0;0;0;0;0;0;0;0;0;0;0;0;1;0;5;0;0;0;3;5;7;4;5;1;3;0;0;7;2;0;1
01158;Farges;84;01;0;0;0;0;0;0;0;0;0;0;0;0;0;0;0;0;0;0;1;0;0;0;0;0;0;0;0;0;0;0;0;0;0;0;1;0;0
01159;Feillens;84;01;0;0;0;0;0;0;0;0;0;0;0;0;0;0;0;2;0;1;0;0;10;1;0;1;6;6;4;4;3;1;9;0;0;4;2;0;2
01160;Ferney-Voltaire;84;01;0;0;0;0;0;0;0;0;0;0;1;0;0;0;0;9;0;1;0;0;11;0;12;4;6;9;3;6;4;4;15;1;0;42;32;1;14
01162;Flaxieu;84;01;0;0;0;0;0;0;0;0;0;0;0;0;0;0;0;0;0;0;0;0;0;0;0;0;0;0;0;0;1;0;0;0;0;0;0;0;0
01163;Foissiat;84;01;0;0;0;0;0;0;0;0;0;0;0;0;0;0;0;0;0;0;1;0;3;0;0;0;5;1;5;5;6;1;3;0;0;2;3;0;1
01165;Francheleins;84;01;0;0;0;0;0;0;0;0;0;0;0;0;0;0;0;0;0;0;0;0;0;0;0;0;1;0;4;1;1;1;0;1;0;2;1;0;0
01166;Frans;84;01;0;0;0;0;0;0;0;0;0;0;0;0;0;0;0;0;1;0;0;0;6;1;0;1;4;5;5;2;2;0;3;0;0;1;4;0;1
01167;Garnerans;84;01;0;0;0;0;0;0;0;0;0;0;0;0;0;0;0;0;0;0;0;0;2;0;0;0;0;1;0;0;1;0;0;0;0;1;0;0;0
01169;Genouilleux;84;01;0;0;0;0;0;0;0;0;0;0;0;0;0;0;0;0;0;0;0;0;1;0;0;0;2;1;5;0;2;0;0;0;0;1;0;0;0
01170;Béard-Géovreissiat;84;01;0;0;0;0;0;0;0;0;0;0;0;0;0;0;0;0;1;0;0;0;2;0;0;0;1;1;3;1;1;0;1;0;0;1;0;0;1
01171;Géovreisset;84;01;0;0;0;0;0;0;0;0;0;0;0;0;0;0;0;0;0;0;0;0;1;0;0;0;4;5;0;1;2;0;0;0;0;0;0;0;0
01172;Germagnat;84;01;0;0;0;0;0;0;0;0;0;0;0;0;0;0;0;0;0;0;0;0;0;0;0;0;2;0;1;0;1;0;0;0;0;0;0;0;0
01173;Gex;84;01;0;1;0;0;0;0;0;0;0;0;1;0;0;0;0;11;2;1;0;0;11;2;1;3;16;10;10;11;5;5;8;1;0;19;6;2;12
01174;Giron;84;01;0;0;0;0;0;0;0;0;0;0;0;0;0;0;0;0;0;0;0;0;1;0;0;0;0;0;0;0;0;1;0;0;0;0;0;0;0
01175;Gorrevod;84;01;0;0;0;0;0;0;0;0;0;0;0;0;0;0;0;0;0;0;0;0;4;0;1;0;0;2;1;0;2;0;1;0;0;1;0;0;1
01177;Grand-Corent;84;01;0;0;0;0;0;0;0;0;0;0;0;0;0;0;0;0;0;0;0;0;0;0;0;0;0;0;0;0;2;0;0;0;0;0;0;0;0
01179;Grièges;84;01;0;0;0;0;0;0;0;0;0;0;0;0;0;0;0;0;0;0;0;0;1;0;0;0;4;3;4;2;3;0;3;0;1;4;4;0;4
01180;Grilly;84;01;0;0;0;0;0;0;0;0;0;0;0;0;0;0;0;0;0;0;0;1;2;0;0;0;0;1;0;0;0;2;0;0;0;2;0;0;0
01181;Groissiat;84;01;0;0;0;0;0;0;0;0;0;0;0;0;0;0;0;0;0;0;0;0;2;0;1;1;0;2;0;1;0;1;0;0;0;0;1;0;0
01183;Guéreins;84;01;0;0;0;0;0;0;0;0;0;0;0;0;0;0;0;0;1;0;1;0;5;1;0;0;9;4;3;0;5;1;3;0;0;2;2;0;0
01184;Hautecourt-Romanèche;84;01;0;0;0;0;0;0;0;0;0;0;0;0;0;0;0;0;0;0;0;0;2;0;0;0;3;1;2;1;1;0;0;0;0;2;0;0;1
01185;Hauteville-Lompnes;84;01;0;1;0;0;0;0;0;0;0;0;1;0;0;0;0;5;2;1;0;0;4;1;0;2;5;2;6;4;6;3;7;1;0;10;1;0;4
01186;Hostiaz;84;01;0;0;0;0;0;0;0;0;0;0;0;0;0;0;0;0;0;0;0;0;0;0;0;0;0;0;0;0;1;0;0;0;0;0;0;0;0
01187;Haut Valromey;84;01;0;0;0;0;0;0;0;0;0;0;0;0;0;0;0;0;0;0;1;0;1;0;0;0;2;1;4;2;0;0;0;0;0;7;0;0;1
01188;Illiat;84;01;0;0;0;0;0;0;0;0;0;0;0;0;0;0;0;0;0;0;0;0;0;0;0;0;0;2;2;1;1;1;0;0;0;1;0;0;0
01189;Injoux-Génissiat;84;01;0;0;0;0;0;0;0;0;0;0;0;0;0;0;0;0;0;0;0;1;1;0;0;0;1;3;0;3;0;1;1;0;0;1;0;0;1
01190;Innimond;84;01;0;0;0;0;0;0;0;0;0;0;0;0;0;0;0;0;0;0;0;0;0;0;0;0;0;0;0;0;0;0;0;0;0;0;0;0;0
01191;Izenave;84;01;0;0;0;0;0;0;0;0;0;0;0;0;0;0;0;0;0;0;0;0;1;0;0;0;0;0;0;1;1;0;0;0;0;1;0;0;0
01192;Izernore;84;01;0;0;0;0;0;0;0;0;0;0;0;0;0;0;0;0;0;1;0;0;4;0;0;2;1;0;5;2;1;0;3;0;1;3;0;0;4
01193;Izieu;84;01;0;0;0;0;0;0;0;0;0;0;0;0;0;0;0;0;0;0;0;0;1;0;0;0;0;0;0;0;0;0;0;0;0;1;0;0;1
01194;Jassans-Riottier;84;01;0;1;0;0;0;0;0;0;0;0;0;0;0;0;0;4;0;1;0;0;10;0;1;1;4;17;11;8;8;4;7;2;0;11;4;2;6
01195;Jasseron;84;01;0;0;0;0;0;0;0;0;0;0;0;0;0;0;0;0;0;0;0;1;1;0;0;1;2;4;3;1;1;1;3;0;0;6;0;0;1
01196;Jayat;84;01;0;0;0;0;0;0;0;0;0;0;0;0;0;0;0;0;0;0;0;0;2;1;0;0;0;1;0;0;1;1;4;6;0;2;2;0;1
01197;Journans;84;01;0;0;0;0;0;0;0;0;0;0;0;0;0;0;0;0;0;0;0;0;0;0;0;0;0;1;1;0;0;0;0;0;0;0;0;0;0
01198;Joyeux;84;01;0;0;0;0;0;0;0;0;0;0;0;0;0;0;0;0;0;0;0;0;0;0;0;0;0;0;1;1;0;0;0;0;0;1;0;0;0
01199;Jujurieux;84;01;0;0;0;0;0;0;0;0;0;0;0;0;0;0;0;1;1;1;0;0;5;0;0;0;4;0;4;4;4;1;2;0;0;3;0;0;2
01200;Labalme;84;01;0;0;0;0;0;0;0;0;0;0;0;0;0;0;0;0;0;0;0;0;0;0;0;0;1;0;2;0;1;0;0;0;0;1;0;0;0
01202;Lagnieu;84;01;0;1;0;0;0;0;0;0;0;0;1;0;0;0;0;6;2;1;0;0;8;1;0;4;10;15;9;9;10;5;14;5;8;19;7;1;12
01203;Laiz;84;01;0;1;0;0;0;0;0;0;0;0;0;0;0;0;0;0;0;0;0;0;2;1;0;0;0;2;8;2;1;0;3;0;0;0;0;0;1
01204;Le Poizat-Lalleyriat;84;01;0;0;0;0;0;0;0;0;0;0;0;0;0;0;0;0;0;0;0;0;1;0;0;0;1;0;1;1;1;0;0;0;0;2;0;0;0
01205;Lancrans;84;01;0;0;0;0;0;0;0;0;0;0;0;0;0;0;0;0;0;0;0;0;1;0;0;0;0;2;1;2;2;1;1;0;0;1;0;0;0
01206;Lantenay;84;01;0;0;0;0;0;0;0;0;0;0;0;0;0;0;0;0;0;0;0;0;0;0;0;0;0;0;2;0;0;0;1;0;0;0;0;0;0
01207;Lapeyrouse;84;01;0;0;0;0;0;0;0;0;0;0;0;0;0;0;0;0;0;0;0;0;0;0;0;0;1;3;4;0;0;0;0;0;0;1;0;0;0
01208;Lavours;84;01;0;0;0;0;0;0;0;0;0;0;0;0;0;0;0;0;0;0;0;0;0;0;0;0;0;0;0;0;0;0;0;0;0;0;0;0;0
01209;Léaz;84;01;0;0;0;0;0;0;0;0;0;0;0;0;0;0;0;0;0;0;0;0;0;0;0;0;0;0;0;0;0;1;0;0;0;1;0;0;1
01210;Lélex;84;01;0;0;0;0;0;0;0;0;0;0;0;0;0;0;0;0;0;1;0;0;1;0;0;0;1;2;0;1;0;0;1;0;0;4;1;0;0
01211;Lent;84;01;0;0;0;0;0;0;0;0;0;0;0;0;0;0;0;0;0;0;0;1;1;0;0;0;1;0;1;1;1;0;3;0;0;3;0;0;2
01212;Lescheroux;84;01;0;0;0;0;0;0;0;0;0;0;0;0;0;0;0;0;0;0;0;0;2;0;0;0;1;2;1;0;1;0;2;0;0;2;0;0;0
01213;Leyment;84;01;0;0;0;0;0;0;0;0;0;0;0;0;0;0;0;0;0;0;0;1;6;1;0;0;2;2;1;5;2;0;2;0;0;3;0;0;0
01214;Leyssard;84;01;0;0;0;0;0;0;0;0;0;0;0;0;0;0;0;0;0;0;0;0;0;0;0;0;0;0;0;0;0;0;0;2;0;0;0;0;0
01215;Lhôpital;84;01;0;0;0;0;0;0;0;0;0;0;0;0;0;0;0;0;0;0;0;0;0;0;0;0;0;0;0;0;1;0;0;0;0;0;0;0;0
01216;Lhuis;84;01;0;1;0;0;0;0;0;0;0;0;0;0;0;0;0;2;0;1;0;0;2;0;0;0;1;2;5;3;1;0;1;0;0;3;2;0;0
01218;Lochieu;84;01;0;0;0;0;0;0;0;0;0;0;0;0;0;0;0;0;0;0;0;0;0;0;0;0;0;0;2;0;0;0;0;0;0;0;0;0;0
01219;Lompnas;84;01;0;0;0;0;0;0;0;0;0;0;0;0;0;0;0;0;0;0;0;0;0;0;0;0;0;1;0;0;0;0;1;0;0;1;1;0;0
01221;Lompnieu;84;01;0;0;0;0;0;0;0;0;0;0;0;0;0;0;0;0;0;0;0;0;0;0;0;0;0;2;0;0;1;0;0;0;0;0;0;0;0
01224;Loyettes;84;01;0;0;0;0;0;0;0;0;0;0;0;0;0;0;0;2;0;0;0;1;6;0;0;1;9;12;6;6;4;2;3;0;1;11;3;0;2
01225;Lurcy;84;01;0;0;0;0;0;0;0;0;0;0;0;0;0;0;0;0;0;0;0;0;1;0;0;0;0;2;1;1;0;0;0;0;0;1;0;0;0
01227;Magnieu;84;01;0;0;0;0;0;0;0;0;0;0;0;0;0;0;0;0;0;0;0;0;0;0;0;0;0;2;4;0;1;0;0;0;0;1;1;0;1
01228;Maillat;84;01;0;0;0;0;0;0;0;0;0;0;0;0;0;0;0;0;0;0;0;1;3;0;0;0;1;1;1;4;1;1;2;0;0;1;0;0;0
01229;Malafretaz;84;01;0;0;0;0;0;0;0;0;0;0;0;0;0;0;0;0;0;0;0;0;2;0;0;0;2;0;2;2;2;0;0;1;0;5;0;0;1
01230;Mantenay-Montlin;84;01;0;0;0;0;0;0;0;0;0;0;0;0;0;0;0;0;0;0;0;0;0;0;0;0;0;0;2;0;0;0;0;0;0;1;0;0;0
01231;Manziat;84;01;0;0;0;0;0;0;0;0;0;0;0;0;0;0;0;1;0;0;1;0;4;0;0;1;6;4;2;3;2;1;3;0;0;3;1;0;0
01232;Marboz;84;01;0;0;0;0;0;0;0;0;0;0;0;0;0;0;0;1;0;1;0;0;8;0;0;1;4;4;2;2;3;1;4;3;0;4;0;0;2
01233;Marchamp;84;01;0;0;0;0;0;0;0;0;0;0;0;0;0;0;0;0;0;0;0;0;1;0;0;0;0;0;0;0;0;0;0;0;0;0;1;0;0
01234;Marignieu;84;01;0;0;0;0;0;0;0;0;0;0;0;0;0;0;0;0;0;0;0;0;1;0;0;0;1;0;0;0;0;0;0;0;0;0;0;0;0
01235;Marlieux;84;01;0;0;0;0;0;0;0;0;0;0;0;0;0;0;0;0;0;0;1;0;2;0;0;0;2;3;1;3;1;0;2;0;0;1;1;0;0
01236;Marsonnas;84;01;0;0;0;0;0;0;0;0;0;0;0;0;0;0;0;0;0;0;0;0;1;0;0;0;1;0;0;1;0;0;1;0;0;0;0;0;1
01237;Martignat;84;01;0;0;0;0;0;0;0;0;0;0;0;0;0;0;0;0;0;0;0;1;4;0;0;0;2;3;0;4;1;1;1;0;0;2;1;0;1
01238;Massieux;84;01;0;0;0;0;0;0;0;0;0;0;0;0;0;0;0;0;0;0;0;0;2;0;0;0;3;6;6;6;6;1;2;0;0;8;0;0;1
01239;Massignieu-de-Rives;84;01;0;0;0;0;0;0;0;0;0;0;0;0;0;0;0;0;0;0;0;0;0;0;0;0;1;2;3;3;0;1;0;0;0;2;0;1;1
01240;Matafelon-Granges;84;01;0;0;0;0;0;0;0;0;0;0;0;0;0;0;0;0;0;0;0;0;3;0;0;0;0;1;4;1;0;0;1;0;0;0;0;1;0
01241;Meillonnas;84;01;0;0;0;0;0;0;0;0;0;0;0;0;0;0;0;0;0;0;0;1;1;0;0;0;1;0;3;0;0;1;3;0;0;2;1;0;0
01242;Mérignat;84;01;0;0;0;0;0;0;0;0;0;0;0;0;0;0;0;0;0;0;0;0;0;0;0;0;0;1;1;0;0;0;0;0;0;0;0;0;0
01243;Messimy-sur-Saône;84;01;0;0;0;0;0;0;0;0;0;0;0;0;0;0;0;0;0;0;1;0;5;0;0;0;2;3;3;6;2;1;3;0;0;1;1;0;1
01244;Meximieux;84;01;0;1;0;0;0;0;0;0;0;0;1;1;0;0;0;11;2;1;0;0;11;2;1;3;7;6;14;9;12;1;15;2;2;26;8;4;11
01245;Bohas-Meyriat-Rignat;84;01;0;0;0;0;0;0;0;0;0;0;0;0;0;0;0;0;0;0;0;0;2;0;0;0;2;2;0;1;2;1;0;0;0;1;0;0;0
01246;Mézériat;84;01;0;0;0;0;0;0;0;0;0;0;0;0;0;0;0;1;0;1;0;0;2;0;0;2;5;5;5;3;5;0;2;0;0;7;0;1;1
01247;Mijoux;84;01;0;0;0;0;0;0;0;0;0;0;0;0;0;0;0;0;0;0;0;1;0;0;0;0;0;0;1;1;3;1;1;0;0;4;0;0;0
01248;Mionnay;84;01;0;0;0;0;0;0;0;0;0;0;0;0;0;0;0;0;0;0;1;0;3;0;0;0;4;10;4;4;5;1;4;0;0;3;4;0;5
01249;Miribel;84;01;0;1;0;0;0;0;0;0;0;0;1;1;0;0;0;7;1;1;1;0;20;0;0;2;11;15;19;20;12;4;13;1;1;21;7;3;6
01250;Misérieux;84;01;0;0;0;0;0;0;0;0;0;0;0;0;0;0;0;0;0;0;1;0;1;0;0;0;1;3;7;0;4;0;1;0;0;2;1;0;0
01252;Mogneneins;84;01;0;0;0;0;0;0;0;0;0;0;0;0;0;0;0;0;0;0;0;0;0;0;0;0;1;2;1;3;2;0;1;0;0;0;0;0;0
01254;Montagnat;84;01;0;0;0;0;0;0;0;0;0;0;0;0;0;0;0;0;1;0;0;1;6;1;0;1;2;0;4;5;3;2;0;0;0;9;2;0;2
01255;Montagnieu;84;01;0;0;0;0;0;0;0;0;0;0;0;0;0;0;0;0;0;0;0;0;1;0;0;0;1;1;0;2;0;0;0;0;0;1;0;0;0
01257;Montanges;84;01;0;0;0;0;0;0;0;0;0;0;0;0;0;0;0;0;0;0;0;0;0;0;0;0;0;0;2;0;0;0;0;0;0;1;0;0;0
01258;Montceaux;84;01;0;0;0;0;0;0;0;0;0;0;0;0;0;0;0;0;0;0;0;0;3;0;0;0;0;1;1;5;1;0;2;0;0;0;1;0;0
01259;Montcet;84;01;0;0;0;0;0;0;0;0;0;0;0;0;0;0;0;0;0;0;0;0;2;0;0;0;1;1;3;2;0;0;0;0;0;0;0;0;1
01260;Le Montellier;84;01;0;0;0;0;0;0;0;0;0;0;0;0;0;0;0;0;0;0;0;0;0;0;0;0;1;0;0;1;0;1;0;0;0;0;0;0;0
01261;Monthieux;84;01;0;0;0;0;0;0;0;0;0;0;0;0;0;0;0;0;0;0;0;0;0;0;0;0;0;0;3;0;1;0;1;0;0;2;0;0;0
01262;Montluel;84;01;0;1;0;0;0;0;0;0;0;0;1;1;0;0;0;6;0;1;0;0;7;0;0;4;14;21;8;4;9;1;17;2;4;14;7;2;3
01263;Montmerle-sur-Saône;84;01;0;1;0;0;0;0;0;0;0;0;0;0;0;0;0;3;1;1;0;0;7;0;1;2;4;6;1;11;6;0;9;1;0;9;2;0;4
01264;Montracol;84;01;0;0;0;0;0;0;0;0;0;0;0;0;0;0;0;0;0;0;0;0;1;0;0;0;2;1;0;0;2;0;0;0;0;2;0;0;0
01265;Montréal-la-Cluse;84;01;0;0;0;0;0;0;0;0;0;0;0;0;0;0;0;5;0;1;0;0;7;2;0;3;5;13;7;1;4;2;5;1;4;11;1;1;3
01266;Montrevel-en-Bresse;84;01;0;1;0;0;0;0;0;0;0;0;1;0;0;0;0;5;1;1;0;0;5;0;0;2;2;3;5;3;2;2;4;0;1;8;4;1;3
01267;Nurieux-Volognat;84;01;0;0;0;0;0;0;0;0;0;0;0;0;0;0;0;0;0;1;0;0;1;0;0;0;1;1;0;1;0;0;2;0;0;2;0;0;0
01268;Murs-et-Gélignieux;84;01;0;0;0;0;0;0;0;0;0;0;0;0;0;0;0;0;0;0;0;0;1;0;0;0;0;0;1;1;0;0;0;0;0;2;0;0;1
01269;Nantua;84;01;0;1;0;0;1;0;0;0;0;0;3;0;0;0;0;6;3;1;0;0;1;0;0;4;3;4;5;4;6;2;4;0;1;17;8;1;2
01272;Neuville-les-Dames;84;01;0;0;0;0;0;0;0;0;0;0;0;0;0;0;0;0;0;1;0;0;3;0;0;0;5;4;1;2;4;0;2;0;0;3;0;0;2
01273;Neuville-sur-Ain;84;01;0;0;0;0;0;0;0;0;0;0;0;0;0;0;0;0;0;0;1;0;1;0;0;0;4;1;2;2;1;2;2;0;0;0;1;0;1
01274;Les Neyrolles;84;01;0;0;0;0;0;0;0;0;0;0;0;0;0;0;0;0;0;0;1;0;1;0;0;0;2;0;1;0;2;0;0;0;0;2;0;0;0
01275;Neyron;84;01;0;0;0;0;0;0;0;0;0;0;0;0;0;0;0;0;0;0;1;0;3;0;0;0;5;3;2;11;5;1;2;7;0;8;7;2;4
01276;Niévroz;84;01;0;0;0;0;0;0;0;0;0;0;0;0;0;0;0;0;0;0;0;0;5;0;0;0;2;3;4;5;4;0;1;0;0;4;0;0;0
01277;Nivollet-Montgriffon;84;01;0;0;0;0;0;0;0;0;0;0;0;0;0;0;0;0;0;0;0;0;1;0;0;0;0;1;0;0;0;0;0;0;0;0;0;0;0
01279;Oncieu;84;01;0;0;0;0;0;0;0;0;0;0;0;0;0;0;0;0;0;0;0;0;1;0;0;0;0;0;0;0;0;0;0;0;0;1;0;0;0
01280;Ordonnaz;84;01;0;0;0;0;0;0;0;0;0;0;0;0;0;0;0;0;0;0;0;0;1;0;0;0;0;0;1;1;0;0;0;0;0;1;0;0;0
01281;Ornex;84;01;0;1;0;0;0;0;0;0;0;0;0;0;0;0;0;0;0;0;0;0;0;1;0;0;2;3;3;0;0;2;1;1;0;10;6;1;4
01282;Outriaz;84;01;0;0;0;0;0;0;0;0;0;0;0;0;0;0;0;0;0;0;0;0;0;0;0;0;0;0;1;0;0;0;0;0;0;1;0;0;0
01283;Oyonnax;84;01;1;1;0;0;0;1;0;0;0;0;2;1;0;0;0;15;4;2;0;0;36;4;2;8;29;32;15;19;15;6;41;2;12;63;17;3;17
01284;Ozan;84;01;0;0;0;0;0;0;0;0;0;0;0;0;0;0;0;0;1;0;0;0;1;0;0;0;0;2;2;1;1;0;0;0;0;0;0;0;2
01285;Parcieux;84;01;0;0;0;0;0;0;0;0;0;0;0;0;0;0;0;0;0;0;0;1;0;0;0;0;2;1;4;3;3;3;2;0;0;1;2;0;0
01286;Parves et Nattages;84;01;0;0;0;0;0;0;0;0;0;0;0;0;0;0;0;0;0;0;0;0;0;0;0;0;2;3;2;1;0;0;1;0;0;1;0;0;1
01288;Péron;84;01;0;0;0;0;0;0;0;0;0;0;0;0;0;0;0;0;0;0;1;0;7;0;0;0;4;2;3;2;0;0;1;0;0;4;0;0;4
01289;Péronnas;84;01;0;0;0;0;0;0;0;0;0;0;0;0;0;0;0;5;0;1;0;0;20;4;1;1;10;11;15;8;13;0;5;1;0;11;4;1;1
01290;Pérouges;84;01;0;0;0;0;0;0;0;0;0;0;0;0;0;0;0;0;0;0;0;0;3;0;0;0;3;4;6;3;1;0;1;1;0;7;2;0;0
01291;Perrex;84;01;0;0;0;0;0;0;0;0;0;0;0;0;0;0;0;0;0;0;0;0;1;0;0;0;1;2;1;2;1;0;0;0;0;1;1;0;0
01293;Peyriat;84;01;0;0;0;0;0;0;0;0;0;0;0;0;0;0;0;0;0;0;0;0;0;0;0;0;0;1;1;0;0;0;0;0;0;0;0;0;0
01294;Peyrieu;84;01;0;0;0;0;0;0;0;0;0;0;0;0;0;0;0;0;0;0;1;0;0;0;0;0;3;1;5;3;3;0;1;0;0;1;1;0;0
01295;Peyzieux-sur-Saône;84;01;0;0;0;0;0;0;0;0;0;0;0;0;0;0;0;0;0;0;0;0;0;0;0;0;1;1;1;0;0;0;2;0;0;0;1;0;1
01296;Pirajoux;84;01;0;0;0;0;0;0;0;0;0;0;0;0;0;0;0;0;0;0;0;0;1;0;0;0;2;1;0;1;1;0;0;0;0;1;0;0;0
01297;Pizay;84;01;0;0;0;0;0;0;0;0;0;0;0;0;0;0;0;0;0;0;0;0;2;0;0;0;2;1;3;0;1;0;1;0;0;3;0;0;1
01298;Plagne;84;01;0;0;0;0;0;0;0;0;0;0;0;0;0;0;0;0;0;0;0;0;0;0;0;0;1;2;0;0;0;0;0;0;0;0;0;0;0
01299;Le Plantay;84;01;0;0;0;0;0;0;0;0;0;0;0;0;0;0;0;0;0;0;0;0;3;0;0;0;2;1;0;1;1;0;0;0;0;1;0;0;0
01301;Polliat;84;01;0;0;0;0;0;0;0;0;0;0;0;0;0;0;0;0;0;1;0;0;5;0;0;1;4;6;6;4;4;1;4;1;0;5;1;1;2
01302;Pollieu;84;01;0;0;0;0;0;0;0;0;0;0;0;0;0;0;0;0;0;0;0;0;0;0;0;0;1;0;5;0;1;0;0;0;0;0;0;0;1
01303;Poncin;84;01;0;1;0;0;0;0;0;0;0;0;1;0;0;0;0;1;0;1;0;0;4;0;0;1;3;2;1;1;1;1;2;0;0;6;0;0;1
01304;Pont-d'Ain;84;01;0;1;0;0;0;0;0;0;0;0;1;0;0;0;0;4;0;1;0;0;6;1;0;2;9;3;5;4;1;0;5;2;0;12;4;1;2
01305;Pont-de-Vaux;84;01;0;1;0;0;0;0;0;0;0;0;1;0;0;0;0;4;4;1;0;0;5;1;0;2;2;4;2;3;2;2;8;2;0;16;5;2;5
01306;Pont-de-Veyle;84;01;0;0;0;0;0;0;0;0;0;0;1;0;0;0;0;3;1;1;0;0;2;0;0;2;2;2;3;1;1;0;3;0;0;5;4;0;1
01307;Port;84;01;0;0;0;0;0;0;0;0;0;0;0;0;0;0;0;0;0;0;0;0;3;2;1;0;2;1;1;1;1;1;4;0;0;3;0;1;0
01308;Pougny;84;01;0;0;0;0;0;0;0;0;0;0;0;0;0;0;0;0;0;0;1;0;0;0;0;0;0;0;2;2;1;0;0;0;0;1;0;0;0
01309;Pouillat;84;01;0;0;0;0;0;0;0;0;0;0;0;0;0;0;0;0;0;0;0;0;0;0;0;0;0;0;0;0;0;0;0;0;0;0;0;0;0
01310;Prémeyzel;84;01;0;0;0;0;0;0;0;0;0;0;0;0;0;0;0;0;0;0;0;0;1;0;0;0;0;1;0;0;1;0;0;0;0;1;0;0;0
01311;Prémillieu;84;01;0;0;0;0;0;0;0;0;0;0;0;0;0;0;0;0;0;0;0;0;0;0;0;0;0;0;0;2;0;0;0;0;0;0;0;0;0
01313;Prévessin-Moëns;84;01;0;0;0;0;0;0;0;0;0;0;0;0;0;0;0;2;0;2;0;0;2;0;0;1;0;4;1;1;3;0;2;0;0;11;2;0;1
01314;Priay;84;01;0;0;0;0;0;0;0;0;0;0;0;0;0;0;0;0;0;0;1;0;1;0;0;1;3;3;1;2;5;1;2;0;0;5;3;0;3
01316;Pugieu;84;01;0;0;0;0;0;0;0;0;0;0;0;0;0;0;0;0;0;0;0;0;0;0;0;0;0;0;0;2;0;0;0;0;0;0;0;0;0
01317;Ramasse;84;01;0;0;0;0;0;0;0;0;0;0;0;0;0;0;0;0;0;0;0;0;0;0;0;0;2;0;1;0;0;0;0;0;0;0;0;0;0
01318;Rancé;84;01;0;0;0;0;0;0;0;0;0;0;0;0;0;0;0;0;1;0;0;0;2;0;0;0;1;3;4;1;2;0;1;0;0;1;0;0;0
01319;Relevant;84;01;0;0;0;0;0;0;0;0;0;0;0;0;0;0;0;0;0;0;0;0;0;0;0;0;1;0;2;3;1;0;0;0;0;0;0;0;1
01320;Replonges;84;01;0;0;0;0;0;0;0;0;0;0;0;0;0;0;0;1;1;1;0;0;7;1;0;1;7;8;7;7;2;1;8;2;0;5;0;0;4
01321;Revonnas;84;01;0;0;0;0;0;0;0;0;0;0;0;0;0;0;0;0;0;0;0;0;1;0;0;0;0;0;1;4;1;0;2;0;0;2;2;0;0
01322;Reyrieux;84;01;0;0;0;0;0;0;0;0;0;0;0;0;0;0;0;1;1;1;0;0;6;1;0;1;8;10;15;9;14;1;4;1;0;7;5;0;5
01323;Reyssouze;84;01;0;0;0;0;0;0;0;0;0;0;0;0;0;0;0;0;0;0;0;0;1;0;0;0;4;2;1;2;1;2;0;0;0;1;0;0;2
01325;Rignieux-le-Franc;84;01;0;0;0;0;0;0;0;0;0;0;0;0;0;0;0;0;0;0;0;0;0;0;0;0;0;3;2;3;1;0;1;0;0;2;0;0;0
01328;Romans;84;01;0;0;0;0;0;0;0;0;0;0;0;0;0;0;0;0;0;0;0;0;1;0;0;0;0;0;1;0;2;0;1;0;0;0;0;0;0
01329;Rossillon;84;01;0;0;0;0;0;0;0;0;0;0;0;0;0;0;0;0;0;0;0;0;0;0;0;0;0;1;0;0;0;1;0;0;0;0;0;0;0
01330;Ruffieu;84;01;0;0;0;0;0;0;0;0;0;0;0;0;0;0;0;0;0;0;0;1;1;0;0;0;1;0;2;0;0;0;0;0;0;1;0;0;0
01331;Saint-Alban;84;01;0;0;0;0;0;0;0;0;0;0;0;0;0;0;0;0;0;0;0;0;0;0;0;0;0;0;0;0;1;0;0;0;0;0;0;0;0
01332;Saint-André-de-Bâgé;84;01;0;0;0;0;0;0;0;0;0;0;0;0;0;0;0;0;1;0;0;0;0;0;0;0;1;1;0;1;2;1;1;0;0;1;1;0;1
01333;Saint-André-de-Corcy;84;01;0;1;0;0;0;0;0;0;0;0;0;0;0;0;0;3;1;1;0;0;10;1;0;1;5;4;9;2;7;1;7;1;0;4;7;2;6
01334;Saint-André-d'Huiriat;84;01;0;0;0;0;0;0;0;0;0;0;0;0;0;0;0;0;0;0;0;0;1;0;0;0;0;0;2;3;2;0;2;0;0;0;0;0;1
01335;Saint-André-le-Bouchoux;84;01;0;0;0;0;0;0;0;0;0;0;0;0;0;0;0;0;0;0;0;0;0;0;0;0;0;0;0;0;1;0;0;0;0;2;0;0;1
01336;Saint-André-sur-Vieux-Jonc;84;01;0;0;0;0;0;0;0;0;0;0;0;0;0;0;0;0;0;0;0;0;1;0;0;0;0;2;1;3;0;0;1;0;0;2;0;0;1
01337;Saint-Bénigne;84;01;0;0;0;0;0;0;0;0;0;0;0;0;0;0;0;0;0;0;0;0;4;1;0;0;3;0;2;2;1;0;2;3;1;1;1;0;0
01338;Groslée-Saint-Benoit;84;01;0;0;0;0;0;0;0;0;0;0;0;0;0;0;0;0;1;0;1;0;2;0;0;0;2;3;4;2;3;0;0;0;0;4;0;0;1
01339;Saint-Bernard;84;01;0;0;0;0;0;0;0;0;0;0;0;0;0;0;0;0;0;0;0;1;1;0;0;0;0;4;1;2;4;0;3;0;0;3;2;0;0
01341;Saint-Champ;84;01;0;0;0;0;0;0;0;0;0;0;0;0;0;0;0;0;0;0;0;0;0;0;0;0;0;0;0;1;0;0;0;0;0;0;0;0;0
01342;Sainte-Croix;84;01;0;0;0;0;0;0;0;0;0;0;0;0;0;0;0;0;0;0;0;0;0;0;0;0;0;1;2;0;2;1;1;0;0;2;0;0;0
01343;Saint-Cyr-sur-Menthon;84;01;0;0;0;0;0;0;0;0;0;0;0;0;0;0;0;0;0;0;0;1;6;0;0;0;2;1;6;5;4;2;4;0;0;2;1;0;1
01344;Saint-Denis-lès-Bourg;84;01;0;0;0;0;0;0;0;0;0;0;0;0;0;0;0;0;0;0;1;0;6;1;0;2;6;8;3;7;7;2;7;3;0;7;1;1;6
01345;Saint-Denis-en-Bugey;84;01;0;0;0;0;0;0;0;0;0;0;0;0;0;0;0;0;0;1;0;0;2;0;0;0;8;3;4;3;3;1;4;0;0;5;0;0;1
01346;Saint-Didier-d'Aussiat;84;01;0;0;0;0;0;0;0;0;0;0;0;0;0;0;0;0;0;0;1;0;1;0;0;0;2;2;3;1;1;0;1;0;0;0;0;0;0
01347;Saint-Didier-de-Formans;84;01;0;0;0;0;0;0;0;0;0;0;0;0;0;0;0;0;0;0;0;0;2;0;0;1;7;4;2;3;5;0;1;0;0;1;1;0;2
01348;Saint-Didier-sur-Chalaronne;84;01;0;0;0;0;0;0;0;0;0;0;0;0;0;0;0;2;2;1;0;0;7;1;0;1;5;4;7;6;4;1;5;2;0;6;1;1;1
01349;Saint-Éloi;84;01;0;0;0;0;0;0;0;0;0;0;0;0;0;0;0;0;0;0;0;0;0;0;0;0;1;0;0;3;2;0;0;1;0;0;0;0;0
01350;Saint-Étienne-du-Bois;84;01;0;0;0;0;0;0;0;0;0;0;0;0;0;0;0;1;0;1;0;0;4;1;0;2;3;2;5;1;5;1;4;1;0;6;1;1;2
01351;Saint-Étienne-sur-Chalaronne;84;01;0;0;0;0;0;0;0;0;0;0;0;0;0;0;0;0;0;0;0;1;2;0;0;0;3;2;3;1;2;0;2;0;0;2;2;0;0
01352;Saint-Étienne-sur-Reyssouze;84;01;0;0;0;0;0;0;0;0;0;0;0;0;0;0;0;0;0;0;0;0;2;0;0;0;0;1;0;1;0;0;2;0;0;1;0;0;0
01353;Sainte-Euphémie;84;01;0;0;0;0;0;0;0;0;0;0;0;0;0;0;0;0;0;0;0;0;3;0;0;0;4;1;3;4;1;2;1;0;0;4;0;0;1
01354;Saint-Genis-Pouilly;84;01;0;0;0;0;0;0;0;0;0;0;0;1;0;0;0;8;2;1;0;0;15;2;2;4;6;14;13;17;13;4;9;6;4;26;14;2;11
01355;Saint-Genis-sur-Menthon;84;01;0;0;0;0;0;0;0;0;0;0;0;0;0;0;0;0;0;0;0;0;0;0;0;0;0;0;1;0;0;1;0;0;0;0;1;0;0
01356;Saint-Georges-sur-Renon;84;01;0;0;0;0;0;0;0;0;0;0;0;0;0;0;0;0;0;0;0;0;2;0;0;0;0;0;0;0;0;0;0;0;0;0;0;0;0
01357;Saint-Germain-de-Joux;84;01;0;0;0;0;0;0;0;0;0;0;0;0;0;0;0;0;0;0;1;0;1;0;0;0;2;1;0;1;0;0;0;0;0;0;0;0;0
01358;Saint-Germain-les-Paroisses;84;01;0;0;0;0;0;0;0;0;0;0;0;0;0;0;0;0;0;0;0;0;2;0;0;0;0;0;1;1;0;0;0;0;0;0;0;0;0
01359;Saint-Germain-sur-Renon;84;01;0;0;0;0;0;0;0;0;0;0;0;0;0;0;0;0;0;0;0;0;0;0;0;0;0;0;1;0;0;0;0;0;0;0;0;0;0
01360;Saint-Jean-de-Gonville;84;01;0;0;0;0;0;0;0;0;0;0;0;0;0;0;0;0;0;0;1;0;0;0;0;0;1;4;3;4;0;2;2;1;0;3;0;0;1
01361;Saint-Jean-de-Niost;84;01;0;0;0;0;0;0;0;0;0;0;0;0;0;0;0;0;0;0;1;0;0;0;0;0;5;3;4;6;1;1;2;0;0;1;0;0;2
01362;Saint-Jean-de-Thurigneux;84;01;0;0;0;0;0;0;0;0;0;0;0;0;0;0;0;0;0;0;0;0;1;0;0;0;2;2;2;5;3;0;1;0;0;1;0;0;1
01363;Saint-Jean-le-Vieux;84;01;0;0;0;0;0;0;0;0;0;0;0;0;0;0;0;0;0;1;0;0;2;0;0;2;3;4;5;3;0;2;4;0;0;5;0;0;2
01364;Saint-Jean-sur-Reyssouze;84;01;0;0;0;0;0;0;0;0;0;0;0;0;0;0;0;0;0;0;1;0;0;0;0;0;1;0;2;2;4;0;1;0;0;0;1;0;0
01365;Saint-Jean-sur-Veyle;84;01;0;0;0;0;0;0;0;0;0;0;0;0;0;0;0;0;0;0;0;0;0;0;0;0;2;3;2;3;0;1;3;0;0;3;1;0;3
01366;Sainte-Julie;84;01;0;0;0;0;0;0;0;0;0;0;0;0;0;0;0;0;0;0;0;0;2;0;0;0;1;3;0;0;1;0;1;0;0;2;0;0;2
01367;Saint-Julien-sur-Reyssouze;84;01;0;0;0;0;0;0;0;0;0;0;0;0;0;0;0;0;1;0;0;1;0;0;0;0;2;0;2;2;1;0;3;0;0;1;0;0;0
01368;Saint-Julien-sur-Veyle;84;01;0;0;0;0;0;0;0;0;0;0;0;0;0;0;0;0;0;0;0;0;2;0;0;0;4;1;1;1;2;0;0;0;0;0;1;0;0
01369;Saint-Just;84;01;0;0;0;0;0;0;0;0;0;0;0;0;0;0;0;0;0;0;0;0;2;0;0;0;3;0;1;3;0;1;1;0;0;1;1;0;1
01370;Saint-Laurent-sur-Saône;84;01;0;1;0;0;0;0;0;0;0;0;2;0;0;0;0;2;0;1;0;0;2;0;0;1;3;7;0;3;1;1;5;0;6;15;2;2;3
01371;Saint-Marcel;84;01;0;0;0;0;0;0;0;0;0;0;0;0;0;0;0;0;0;0;0;0;1;0;0;0;1;0;4;0;4;1;1;0;0;1;1;0;1
01372;Saint-Martin-de-Bavel;84;01;0;0;0;0;0;0;0;0;0;0;0;0;0;0;0;0;0;0;0;0;0;0;0;0;1;1;1;2;1;1;0;0;0;0;0;0;0
01373;Saint-Martin-du-Frêne;84;01;0;0;0;0;0;0;0;0;0;0;0;0;0;0;0;0;0;0;0;1;2;0;0;0;6;1;6;2;0;2;3;0;0;3;1;0;0
01374;Saint-Martin-du-Mont;84;01;0;0;0;0;0;0;0;0;0;0;0;0;0;0;0;0;1;0;1;0;3;0;0;0;3;1;2;5;8;1;2;0;0;1;1;0;2
01375;Saint-Martin-le-Châtel;84;01;0;0;0;0;0;0;0;0;0;0;0;0;0;0;0;0;0;0;0;0;1;0;0;0;1;1;0;2;3;0;1;0;0;0;0;0;0
01376;Saint-Maurice-de-Beynost;84;01;0;0;0;0;0;0;0;0;0;0;0;0;0;0;0;0;0;1;0;0;9;0;0;2;5;5;4;2;9;2;4;0;0;11;0;0;4
01378;Saint-Maurice-de-Gourdans;84;01;0;0;0;0;0;0;0;0;0;0;0;0;0;0;0;0;0;0;1;0;5;0;0;0;3;1;6;7;7;2;2;0;0;3;2;1;1
01379;Saint-Maurice-de-Rémens;84;01;0;0;0;0;0;0;0;0;0;0;0;0;0;0;0;0;0;0;0;1;1;0;0;0;1;0;1;2;1;0;1;0;0;3;0;0;0
01380;Saint-Nizier-le-Bouchoux;84;01;0;0;0;0;0;0;0;0;0;0;0;0;0;0;0;0;0;0;0;1;2;0;0;0;1;0;1;1;0;0;0;0;0;1;0;0;0
01381;Saint-Nizier-le-Désert;84;01;0;0;0;0;0;0;0;0;0;0;0;0;0;0;0;0;0;0;0;0;1;0;0;0;2;5;3;3;2;2;1;0;0;3;0;0;1
01382;Sainte-Olive;84;01;0;0;0;0;0;0;0;0;0;0;0;0;0;0;0;0;0;0;0;0;0;0;0;0;1;0;0;0;0;0;0;0;0;1;0;0;0
01383;Saint-Paul-de-Varax;84;01;0;0;0;0;0;0;0;0;0;0;0;0;0;0;0;0;0;1;0;0;2;0;0;1;1;4;4;0;2;2;1;0;0;4;0;0;3
01384;Saint-Rambert-en-Bugey;84;01;0;1;0;0;0;0;0;0;0;0;1;0;1;0;0;3;1;1;0;0;1;0;0;2;5;4;8;4;4;0;5;0;0;5;0;0;2
01385;Saint-Rémy;84;01;0;0;0;0;0;0;0;0;0;0;0;0;0;0;0;0;0;0;0;0;0;0;0;0;0;3;2;0;4;0;2;0;0;1;0;0;1
01386;Saint-Sorlin-en-Bugey;84;01;0;0;0;0;0;0;0;0;0;0;0;0;0;0;0;0;0;0;1;0;0;0;0;0;4;3;5;1;0;1;2;0;0;1;1;0;0
01387;Saint-Sulpice;84;01;0;0;0;0;0;0;0;0;0;0;0;0;0;0;0;0;0;0;0;0;0;0;0;0;0;1;0;0;0;0;0;0;0;0;0;0;0
01388;Saint-Trivier-de-Courtes;84;01;0;1;0;0;0;0;0;0;0;0;0;0;0;0;0;2;0;1;0;0;2;0;0;1;1;1;1;1;0;1;3;0;0;2;1;0;0
01389;Saint-Trivier-sur-Moignans;84;01;0;1;0;0;0;0;0;0;0;0;0;0;0;0;0;2;0;0;1;0;7;1;0;1;1;6;7;3;6;0;4;1;0;3;0;0;2
01390;Saint-Vulbas;84;01;0;0;0;0;0;0;0;0;0;0;0;0;0;0;0;0;0;0;1;0;4;0;1;0;1;4;3;3;4;0;2;0;7;8;1;0;2
01391;Salavre;84;01;0;0;0;0;0;0;0;0;0;0;0;0;0;0;0;0;0;0;0;0;1;0;0;0;1;0;0;0;0;0;0;0;0;3;2;0;0
01392;Samognat;84;01;0;0;0;0;0;0;0;0;0;0;0;0;0;0;0;0;0;0;0;0;0;0;0;0;3;0;1;1;2;0;0;0;0;1;0;0;0
01393;Sandrans;84;01;0;0;0;0;0;0;0;0;0;0;0;0;0;0;0;0;0;0;0;0;0;0;0;0;2;2;1;0;1;0;2;0;0;1;1;0;0
01396;Sault-Brénaz;84;01;0;0;0;0;0;0;0;0;0;0;0;0;0;0;0;0;0;0;0;1;1;0;0;0;4;7;3;0;0;2;3;0;0;3;2;0;0
01397;Sauverny;84;01;0;0;0;0;0;0;0;0;0;0;0;0;0;0;0;0;0;0;0;0;1;0;0;0;0;1;0;0;0;1;0;0;0;1;0;0;1
01398;Savigneux;84;01;0;0;0;0;0;0;0;0;0;0;0;0;0;0;0;0;0;0;0;0;2;0;0;0;1;2;6;1;4;1;1;0;0;2;0;0;1
01399;Ségny;84;01;0;0;0;0;0;0;0;0;0;0;0;0;0;0;0;0;0;0;0;0;2;1;0;0;0;2;1;4;1;1;5;0;0;9;3;2;4
01400;Seillonnaz;84;01;0;0;0;0;0;0;0;0;0;0;0;0;0;0;0;0;0;0;0;0;0;0;0;0;0;0;0;1;1;0;0;0;0;1;0;0;0
01401;Sergy;84;01;0;0;0;0;0;0;0;0;0;0;0;0;0;0;0;0;0;0;0;0;1;0;1;0;0;1;1;0;2;1;2;0;0;0;1;0;1
01402;Sermoyer;84;01;0;0;0;0;0;0;0;0;0;0;0;0;0;0;0;0;0;0;0;1;1;0;0;0;2;0;0;1;1;0;0;1;0;0;0;0;0
01403;Serrières-de-Briord;84;01;0;0;0;0;0;0;0;0;0;0;0;0;0;0;0;1;0;1;0;0;3;0;0;1;1;4;2;1;1;0;2;0;0;5;0;0;0
01404;Serrières-sur-Ain;84;01;0;0;0;0;0;0;0;0;0;0;0;0;0;0;0;0;0;0;0;0;0;0;0;0;1;0;0;1;0;0;0;0;0;2;0;0;0
01405;Servas;84;01;0;0;0;0;0;0;0;0;0;0;0;0;0;0;0;0;0;0;0;0;2;0;0;0;1;1;1;1;2;0;2;0;1;4;0;0;1
01406;Servignat;84;01;0;0;0;0;0;0;0;0;0;0;0;0;0;0;0;0;0;0;0;0;0;0;0;0;0;0;0;0;0;0;0;0;0;0;0;0;0
01407;Seyssel;84;01;0;0;0;0;0;0;0;0;0;0;0;0;0;0;0;2;0;1;0;0;3;0;0;1;1;3;1;2;0;0;2;1;0;5;0;0;2
01408;Simandre-sur-Suran;84;01;0;0;0;0;0;0;0;0;0;0;0;0;0;0;0;0;0;0;1;0;2;0;0;0;1;1;1;0;1;0;0;0;0;1;0;0;0
01410;Sonthonnax-la-Montagne;84;01;0;0;0;0;0;0;0;0;0;0;0;0;0;0;0;0;0;0;0;0;2;0;0;0;1;0;0;0;0;0;0;0;0;0;0;0;0
01411;Souclin;84;01;0;0;0;0;0;0;0;0;0;0;0;0;0;0;0;0;0;0;0;0;0;0;0;0;1;0;0;1;0;0;0;0;0;1;0;0;0
01412;Sulignat;84;01;0;0;0;0;0;0;0;0;0;0;0;0;0;0;0;0;0;0;0;0;1;0;0;0;0;2;0;1;1;1;0;1;0;3;0;0;0
01413;Surjoux;84;01;0;0;0;0;0;0;0;0;0;0;0;0;0;0;0;0;0;0;0;0;0;0;0;0;0;0;0;0;0;0;0;0;0;1;0;0;0
01414;Sutrieu;84;01;0;0;0;0;0;0;0;0;0;0;0;0;0;0;0;0;0;0;0;0;1;0;0;0;0;0;1;0;0;0;0;1;0;0;0;0;0
01415;Talissieu;84;01;0;0;0;0;0;0;0;0;0;0;0;0;0;0;0;0;0;0;0;0;0;0;0;0;2;2;1;0;1;0;0;0;0;1;0;0;1
01416;Tenay;84;01;0;0;0;0;0;0;0;0;0;0;0;0;0;0;0;0;1;1;0;0;0;0;0;0;4;1;1;4;0;0;3;0;0;1;0;0;0
01417;Thézillieu;84;01;0;0;0;0;0;0;0;0;0;0;0;0;0;0;0;0;0;0;0;1;0;0;0;0;1;0;1;0;0;0;0;0;0;1;0;0;0
01418;Thil;84;01;0;0;0;0;0;0;0;0;0;0;0;0;0;0;0;0;0;0;1;0;1;0;0;0;0;1;3;2;3;0;0;0;0;1;0;0;0
01419;Thoiry;84;01;0;1;0;0;0;0;0;0;0;0;0;0;0;0;0;2;0;1;0;0;9;1;1;1;5;6;5;3;7;1;10;1;0;10;7;2;6
01420;Thoissey;84;01;0;1;0;0;0;0;0;0;0;0;1;0;0;0;0;3;1;1;0;0;1;0;0;2;0;2;2;0;3;2;4;0;0;12;2;0;1
01421;Torcieu;84;01;0;0;0;0;0;0;0;0;0;0;0;0;0;0;0;0;0;0;1;0;1;0;0;0;2;0;4;1;1;0;1;0;0;0;0;0;0
01422;Tossiat;84;01;0;0;0;0;0;0;0;0;0;0;0;0;0;0;0;0;0;0;0;1;7;0;0;0;0;2;0;2;3;0;2;0;0;6;1;0;2
01423;Toussieux;84;01;0;0;0;0;0;0;0;0;0;0;0;0;0;0;0;0;0;0;0;0;0;0;0;0;2;2;4;1;1;0;0;0;0;0;1;0;0
01424;Tramoyes;84;01;0;0;0;0;0;0;0;0;0;0;0;0;0;0;0;0;0;0;1;0;2;0;0;0;3;6;1;0;4;0;3;0;0;1;2;1;1
01425;La Tranclière;84;01;0;0;0;0;0;0;0;0;0;0;0;0;0;0;0;0;0;0;0;0;0;0;0;0;2;0;2;3;1;0;0;0;0;0;0;0;0
01426;Val-Revermont;84;01;0;1;0;0;0;0;0;0;0;0;0;0;0;0;0;0;0;1;0;0;3;0;0;2;8;4;4;5;5;1;2;0;0;9;0;0;1
01427;Trévoux;84;01;0;1;0;0;1;0;0;0;0;0;4;1;0;0;0;9;3;1;0;0;6;2;0;5;13;13;13;16;8;5;12;2;2;18;6;0;7
01428;Valeins;84;01;0;0;0;0;0;0;0;0;0;0;0;0;0;0;0;0;0;0;0;0;0;0;0;0;0;0;0;1;0;0;1;0;0;0;0;0;0
01429;Vandeins;84;01;0;0;0;0;0;0;0;0;0;0;0;0;0;0;0;0;0;0;0;0;1;0;0;0;0;3;1;0;0;0;0;0;0;1;1;0;0
01430;Varambon;84;01;0;0;0;0;0;0;0;0;0;0;0;0;0;0;0;0;0;0;0;0;1;0;0;0;1;1;1;1;1;0;0;0;0;0;0;0;0
01431;Vaux-en-Bugey;84;01;0;0;0;0;0;0;0;0;0;0;0;0;0;0;0;0;0;0;1;0;2;0;0;0;1;2;3;1;4;1;1;0;0;0;1;0;1
01432;Verjon;84;01;0;0;0;0;0;0;0;0;0;0;0;0;0;0;0;0;0;0;0;1;0;0;0;0;0;1;3;1;0;0;0;0;0;0;0;0;0
01433;Vernoux;84;01;0;0;0;0;0;0;0;0;0;0;0;0;0;0;0;0;0;0;0;0;1;0;0;0;0;1;0;0;1;0;0;0;0;2;0;0;0
01434;Versailleux;84;01;0;0;0;0;0;0;0;0;0;0;0;0;0;0;0;0;0;0;1;0;1;0;0;0;0;0;1;0;1;0;0;0;0;1;0;0;1
01435;Versonnex;84;01;0;0;0;0;0;0;0;0;0;0;0;0;0;0;0;0;0;0;0;0;1;0;0;0;1;1;2;0;1;0;1;0;0;2;0;0;3
01436;Vesancy;84;01;0;0;0;0;0;0;0;0;0;0;0;0;0;0;0;0;0;0;0;0;0;0;0;0;0;0;2;0;0;0;1;0;0;0;1;0;0
01437;Vescours;84;01;0;0;0;0;0;0;0;0;0;0;0;0;0;0;0;0;0;0;0;0;0;0;0;0;1;0;0;0;0;0;0;0;0;2;0;0;0
01439;Vésines;84;01;0;0;0;0;0;0;0;0;0;0;0;0;0;0;0;0;0;0;0;0;0;0;0;0;0;2;0;0;0;0;0;0;0;1;0;0;0
01441;Vieu-d'Izenave;84;01;0;0;0;0;0;0;0;0;0;0;0;0;0;0;0;0;0;0;1;0;2;0;0;0;0;2;5;1;1;0;0;0;0;1;0;0;0
01442;Vieu;84;01;0;0;0;0;0;0;0;0;0;0;0;0;0;0;0;0;1;0;0;0;3;0;0;0;3;1;0;0;1;1;0;0;0;0;0;0;1
01443;Villars-les-Dombes;84;01;0;1;0;0;0;0;0;0;0;0;1;0;0;0;0;7;3;1;0;0;5;1;0;2;11;5;6;9;2;0;9;2;0;17;3;1;7
01444;Villebois;84;01;0;0;0;0;0;0;0;0;0;0;0;0;0;0;0;0;0;0;0;1;0;0;0;0;0;4;6;1;1;0;1;0;0;3;0;0;3
01445;Villemotier;84;01;0;0;0;0;0;0;0;0;0;0;0;0;0;0;0;0;0;0;0;0;0;0;0;0;3;0;1;1;0;0;1;0;0;1;0;0;0
01446;Villeneuve;84;01;0;0;0;0;0;0;0;0;0;0;0;0;0;0;0;0;0;0;0;1;5;1;0;1;6;7;7;4;6;0;2;0;0;4;0;0;1
01447;Villereversure;84;01;0;0;0;0;0;0;0;0;0;0;0;0;0;0;0;2;0;0;1;0;2;0;0;2;5;3;3;1;1;0;2;0;0;1;0;0;1
01448;Villes;84;01;0;0;0;0;0;0;0;0;0;0;0;0;0;0;0;0;0;0;0;0;0;0;0;0;0;0;2;1;1;0;0;0;0;1;0;0;0
01449;Villette-sur-Ain;84;01;0;0;0;0;0;0;0;0;0;0;0;0;0;0;0;0;0;0;0;0;2;0;0;0;2;2;5;2;1;0;0;0;0;1;0;0;0
01450;Villieu-Loyes-Mollon;84;01;0;0;0;0;0;0;0;0;0;0;0;0;0;0;0;0;0;0;1;0;4;0;0;0;7;8;11;7;6;1;6;1;0;3;0;0;5
01451;Viriat;84;01;0;0;0;0;0;0;0;0;0;0;0;0;0;0;0;3;1;0;0;1;18;1;6;1;7;7;10;12;7;1;5;2;1;23;2;1;5
01452;Virieu-le-Grand;84;01;0;1;0;0;0;0;0;0;0;0;0;0;0;0;0;0;0;1;0;0;3;0;0;0;3;4;5;5;2;1;2;1;0;2;0;0;2
01453;Virieu-le-Petit;84;01;0;0;0;0;0;0;0;0;0;0;0;0;0;0;0;0;0;0;0;0;0;0;0;0;3;1;3;0;1;0;0;0;0;1;0;0;1
01454;Virignin;84;01;0;0;0;0;0;0;0;0;0;0;0;0;0;0;0;0;0;0;1;0;7;0;0;0;5;0;1;3;1;0;2;0;0;3;0;0;0
01456;Vongnes;84;01;0;0;0;0;0;0;0;0;0;0;0;0;0;0;0;0;0;0;0;0;0;0;0;0;0;0;0;0;1;0;0;0;0;0;0;0;0
01457;Vonnas;84;01;0;1;0;0;0;0;0;0;0;0;0;0;0;0;0;4;1;1;0;0;4;1;1;2;5;8;5;4;5;2;6;1;0;10;2;1;3
02001;Abbécourt;32;02;0;0;0;0;0;0;0;0;0;0;0;0;0;0;0;0;0;0;0;0;1;0;0;0;3;1;0;0;1;0;0;0;0;0;0;0;0
02002;Achery;32;02;0;0;0;0;0;0;0;0;0;0;0;0;0;0;0;0;0;0;0;0;0;0;0;0;1;0;0;3;0;2;1;0;0;2;0;0;1
02003;Acy;32;02;0;0;0;0;0;0;0;0;0;0;0;0;0;0;0;0;0;0;0;0;2;0;0;0;1;1;2;2;1;0;0;0;0;0;0;0;1
02004;Agnicourt-et-Séchelles;32;02;0;0;0;0;0;0;0;0;0;0;0;0;0;0;0;0;0;0;0;0;0;0;0;0;1;0;0;0;0;0;0;0;0;0;0;0;0
02005;Aguilcourt;32;02;0;0;0;0;0;0;0;0;0;0;0;0;0;0;0;0;0;0;0;0;0;0;0;1;0;0;0;0;1;0;0;0;0;0;0;0;0
02006;Aisonville-et-Bernoville;32;02;0;0;0;0;0;0;0;0;0;0;0;0;0;0;0;0;0;0;0;0;0;0;0;0;1;0;1;2;0;0;0;0;0;0;0;0;0
02007;Aizelles;32;02;0;0;0;0;0;0;0;0;0;0;0;0;0;0;0;0;0;0;0;0;0;0;0;0;0;1;0;0;0;0;1;0;0;0;0;0;0
02008;Aizy-Jouy;32;02;0;0;0;0;0;0;0;0;0;0;0;0;0;0;0;0;0;0;0;0;0;0;0;0;3;1;1;1;0;0;0;0;0;0;0;0;1
02009;Alaincourt;32;02;0;0;0;0;0;0;0;0;0;0;0;0;0;0;0;0;0;0;0;0;2;0;0;0;0;1;0;0;1;0;1;0;0;1;0;0;0
02010;Allemant;32;02;0;0;0;0;0;0;0;0;0;0;0;0;0;0;0;0;0;0;0;0;0;0;0;0;0;0;0;1;0;0;0;0;0;0;0;0;0
02011;Ambleny;32;02;0;0;0;0;0;0;0;0;0;0;0;0;0;0;0;0;0;1;0;0;1;0;0;0;2;1;1;5;1;0;3;0;0;1;0;0;2
02012;Ambrief;32;02;0;0;0;0;0;0;0;0;0;0;0;0;0;0;0;0;0;0;0;0;0;0;0;0;0;0;0;0;1;0;0;0;0;0;0;0;0
02013;Amifontaine;32;02;0;0;0;0;0;0;0;0;0;0;0;0;0;0;0;0;0;0;0;1;1;0;0;0;1;0;3;1;2;1;0;1;0;0;0;0;0
02014;Amigny-Rouy;32;02;0;0;0;0;0;0;0;0;0;0;0;0;0;0;0;0;0;0;0;0;1;0;0;0;1;0;4;1;1;0;1;0;0;1;0;0;0
02015;Ancienville;32;02;0;0;0;0;0;0;0;0;0;0;0;0;0;0;0;0;0;0;0;0;0;0;0;0;1;2;0;0;0;1;0;0;0;0;1;0;0
02016;Andelain;32;02;0;0;0;0;0;0;0;0;0;0;0;0;0;0;0;0;0;0;0;0;0;0;0;0;0;0;0;0;1;2;1;0;0;0;0;0;0
02017;Anguilcourt-le-Sart;32;02;0;0;0;0;0;0;0;0;0;0;0;0;0;0;0;0;0;0;0;0;0;0;0;0;1;0;0;1;1;0;0;0;0;0;0;0;0
02018;Anizy-le-Château;32;02;0;1;0;0;0;0;0;0;0;0;1;0;0;0;0;2;0;1;0;0;5;0;0;1;2;0;2;4;2;0;3;1;0;6;1;1;1
02019;Annois;32;02;0;0;0;0;0;0;0;0;0;0;0;0;0;0;0;0;0;0;0;0;0;0;0;0;3;0;0;0;0;0;0;0;0;0;0;0;0
02020;Any-Martin-Rieux;32;02;0;0;0;0;0;0;0;0;0;0;0;0;0;0;0;0;0;0;1;0;0;0;0;0;0;0;2;3;1;1;1;0;0;1;0;0;1
02021;Archon;32;02;0;0;0;0;0;0;0;0;0;0;0;0;0;0;0;0;0;0;0;0;0;0;0;0;0;0;1;1;0;0;0;0;0;0;0;0;0
02022;Arcy-Sainte-Restitue;32;02;0;0;0;0;0;0;0;0;0;0;0;0;0;0;0;0;0;0;0;0;0;0;0;0;1;1;1;0;1;1;0;0;0;0;0;0;0
02023;Armentières-sur-Ourcq;32;02;0;0;0;0;0;0;0;0;0;0;0;0;0;0;0;0;0;0;0;0;0;0;0;0;0;0;0;2;1;0;0;0;0;0;0;0;0
02024;Arrancy;32;02;0;0;0;0;0;0;0;0;0;0;0;0;0;0;0;0;0;0;0;0;0;0;0;0;1;0;0;0;0;0;0;0;0;0;0;0;0
02025;Artemps;32;02;0;0;0;0;0;0;0;0;0;0;0;0;0;0;0;0;0;0;0;0;0;0;0;0;0;0;0;0;1;1;0;0;0;0;0;0;1
02027;Assis-sur-Serre;32;02;0;0;0;0;0;0;0;0;0;0;0;0;0;0;0;0;0;0;0;0;1;0;0;0;0;0;1;1;0;0;0;0;0;0;0;0;0
02028;Athies-sous-Laon;32;02;0;0;0;0;0;0;0;0;0;0;0;0;0;0;0;0;0;1;0;0;5;1;0;1;2;1;2;5;3;0;2;0;0;5;0;0;1
02029;Attilly;32;02;0;0;0;0;0;0;0;0;0;0;0;0;0;0;0;0;0;0;0;0;0;0;0;0;0;0;0;1;0;0;0;0;0;0;0;0;0
02030;Aubencheul-aux-Bois;32;02;0;0;0;0;0;0;0;0;0;0;0;0;0;0;0;0;0;0;0;0;0;0;0;0;0;0;0;0;0;0;0;0;0;0;0;0;0
02031;Aubenton;32;02;0;1;0;0;0;0;0;0;0;0;0;0;0;0;0;1;0;1;0;0;0;0;0;1;1;0;1;0;0;0;1;0;0;1;1;0;1
02032;Aubigny-aux-Kaisnes;32;02;0;0;0;0;0;0;0;0;0;0;0;0;0;0;0;0;0;0;0;0;1;0;0;0;0;0;0;0;0;0;0;0;0;1;0;0;0
02033;Aubigny-en-Laonnois;32;02;0;0;0;0;0;0;0;0;0;0;0;0;0;0;0;0;0;0;0;0;0;0;0;0;0;0;0;0;0;0;0;0;0;0;0;0;0
02034;Audignicourt;32;02;0;0;0;0;0;0;0;0;0;0;0;0;0;0;0;0;0;0;0;0;0;0;0;0;0;0;0;0;0;1;0;0;0;0;0;0;0
02035;Audigny;32;02;0;0;0;0;0;0;0;0;0;0;0;0;0;0;0;0;0;0;0;0;0;0;0;0;1;0;0;0;0;0;0;0;0;0;0;0;0
02036;Augy;32;02;0;0;0;0;0;0;0;0;0;0;0;0;0;0;0;0;0;0;0;0;0;0;0;0;0;0;0;0;0;0;0;0;0;1;0;0;0
02037;Aulnois-sous-Laon;32;02;0;0;0;0;0;0;0;0;0;0;0;0;0;0;0;0;0;1;0;0;3;0;0;1;2;2;1;0;1;1;2;0;0;1;0;0;0
02038;Les Autels;32;02;0;0;0;0;0;0;0;0;0;0;0;0;0;0;0;0;0;0;0;0;0;0;0;0;1;0;0;0;0;0;0;0;0;0;0;0;0
02039;Autremencourt;32;02;0;0;0;0;0;0;0;0;0;0;0;0;0;0;0;0;0;0;0;0;1;0;0;0;1;1;0;0;0;0;0;0;0;0;0;0;0
02040;Autreppes;32;02;0;0;0;0;0;0;0;0;0;0;0;0;0;0;0;0;0;0;0;0;0;0;0;0;0;0;0;0;1;0;0;0;0;0;0;0;0
02041;Autreville;32;02;0;0;0;0;0;0;0;0;0;0;0;0;0;0;0;0;0;0;0;0;1;0;0;0;0;1;2;1;0;0;2;0;0;0;1;0;2
02042;Azy-sur-Marne;32;02;0;0;0;0;0;0;0;0;0;0;0;0;0;0;0;0;0;0;0;0;1;0;0;0;3;3;1;1;1;1;2;0;0;1;0;0;0
02043;Bagneux;32;02;0;0;0;0;0;0;0;0;0;0;0;0;0;0;0;0;0;0;0;0;0;0;0;0;0;0;0;0;0;0;0;0;0;0;0;0;0
02044;Bancigny;32;02;0;0;0;0;0;0;0;0;0;0;0;0;0;0;0;0;0;0;0;0;0;0;0;0;1;0;0;0;0;0;0;0;0;0;0;0;0
02046;Barenton-Bugny;32;02;0;0;0;0;0;0;0;0;0;0;0;0;0;0;0;0;0;0;1;0;1;0;0;0;0;1;0;1;0;0;1;0;0;0;0;0;0
02047;Barenton-Cel;32;02;0;0;0;0;0;0;0;0;0;0;0;0;0;0;0;0;0;0;0;0;1;0;0;0;0;0;0;0;0;0;0;0;0;0;0;0;0
02048;Barenton-sur-Serre;32;02;0;0;0;0;0;0;0;0;0;0;0;0;0;0;0;0;0;0;0;0;0;0;0;0;2;0;0;0;1;0;0;0;0;0;0;0;0
02049;Barisis-aux-Bois;32;02;0;0;0;0;0;0;0;0;0;0;0;0;0;0;0;0;0;0;0;1;0;0;0;0;0;0;0;2;1;0;0;0;0;0;0;0;0
02050;Barzy-en-Thiérache;32;02;0;0;0;0;0;0;0;0;0;0;0;0;0;0;0;0;0;0;0;0;1;0;0;0;0;0;0;0;0;0;0;0;0;0;0;0;0
02051;Barzy-sur-Marne;32;02;0;0;0;0;0;0;0;0;0;0;0;0;0;0;0;0;0;0;0;0;0;0;0;0;0;0;0;0;0;0;1;0;0;0;1;0;0
02052;Bassoles-Aulers;32;02;0;0;0;0;0;0;0;0;0;0;0;0;0;0;0;0;0;0;0;0;0;0;0;0;0;0;0;0;0;0;0;0;0;0;0;0;1
02053;Vallées en Champagne;32;02;0;0;0;0;0;0;0;0;0;0;0;0;0;0;0;0;0;0;0;0;0;0;0;0;2;0;2;1;0;0;0;0;0;0;0;0;0
02054;Bazoches-sur-Vesles;32;02;0;0;0;0;0;0;0;0;0;0;0;0;0;0;0;0;0;0;0;0;0;0;0;0;2;1;0;1;0;0;0;0;0;0;1;0;0
02055;Beaumé;32;02;0;0;0;0;0;0;0;0;0;0;0;0;0;0;0;0;0;0;0;0;0;0;0;0;0;0;1;0;0;0;0;0;0;0;0;0;0
02056;Beaumont-en-Beine;32;02;0;0;0;0;0;0;0;0;0;0;0;0;0;0;0;0;0;0;0;0;1;0;0;0;0;0;0;0;1;0;0;0;0;0;0;0;0
02057;Beaurevoir;32;02;0;0;0;0;0;0;0;0;0;0;0;0;0;0;0;0;0;1;0;0;0;0;0;0;1;0;0;0;1;1;3;0;0;0;0;0;1
02058;Beaurieux;32;02;0;0;0;0;0;0;0;0;0;0;0;0;0;0;0;1;0;1;0;0;1;0;0;0;0;1;1;3;1;0;1;0;0;1;0;0;0
02059;Beautor;32;02;0;0;0;0;0;0;0;0;0;0;0;0;0;0;0;0;1;1;0;0;0;0;0;1;2;1;0;2;1;1;4;0;0;3;0;0;0
02060;Beauvois-en-Vermandois;32;02;0;0;0;0;0;0;0;0;0;0;0;0;0;0;0;0;0;0;0;0;0;0;0;0;0;1;2;0;1;0;0;0;0;1;0;0;0
02061;Becquigny;32;02;0;0;0;0;0;0;0;0;0;0;0;0;0;0;0;0;0;0;0;0;0;0;0;0;1;0;0;0;1;0;2;0;0;0;0;0;0
02062;Belleau;32;02;0;0;0;0;0;0;0;0;0;0;0;0;0;0;0;0;0;0;0;0;0;0;0;0;0;0;0;0;0;0;0;0;0;0;0;0;0
02063;Bellenglise;32;02;0;0;0;0;0;0;0;0;0;0;0;0;0;0;0;0;0;0;0;0;1;0;0;0;1;0;2;0;1;0;0;0;0;0;0;0;0
02064;Belleu;32;02;0;0;0;0;0;0;0;0;0;0;0;0;0;0;0;0;2;1;0;0;5;0;0;0;4;3;4;6;1;2;2;0;0;4;0;1;3
02065;Bellicourt;32;02;0;0;0;0;0;0;0;0;0;0;0;0;0;0;0;0;0;1;0;0;0;0;0;1;1;0;1;0;0;1;1;0;0;2;0;0;0
02066;Benay;32;02;0;0;0;0;0;0;0;0;0;0;0;0;0;0;0;0;0;0;0;0;0;0;0;0;0;0;0;1;0;0;0;0;0;0;0;0;0
02067;Bergues-sur-Sambre;32;02;0;0;0;0;0;0;0;0;0;0;0;0;0;0;0;0;0;0;0;0;1;0;0;0;1;0;0;0;0;0;1;0;0;1;0;0;0
02068;Berlancourt;32;02;0;0;0;0;0;0;0;0;0;0;0;0;0;0;0;0;0;0;0;0;1;0;0;0;0;0;0;0;0;0;0;0;0;0;0;0;0
02069;Berlise;32;02;0;0;0;0;0;0;0;0;0;0;0;0;0;0;0;0;0;0;0;0;0;0;0;0;0;0;0;0;0;0;0;0;0;0;0;0;0
02070;Bernot;32;02;0;0;0;0;0;0;0;0;0;0;0;0;0;0;0;0;0;0;0;0;1;0;0;0;1;1;1;0;0;0;0;0;0;0;0;0;0
02071;Berny-Rivière;32;02;0;0;0;0;0;0;0;0;0;0;0;0;0;0;0;0;0;0;0;0;0;0;0;0;1;1;1;4;0;0;3;0;0;3;0;0;1
02072;Berrieux;32;02;0;0;0;0;0;0;0;0;0;0;0;0;0;0;0;0;0;0;0;0;0;0;0;0;1;0;0;1;0;0;0;0;0;0;0;0;0
02073;Berry-au-Bac;32;02;0;0;0;0;0;0;0;0;0;0;0;0;0;0;0;0;0;0;1;0;1;0;0;0;0;0;0;1;0;0;1;0;0;2;1;0;0
02074;Bertaucourt-Epourdon;32;02;0;0;0;0;0;0;0;0;0;0;0;0;0;0;0;0;0;0;0;0;3;0;0;0;2;0;2;1;0;0;0;0;0;0;0;0;0
02075;Berthenicourt;32;02;0;0;0;0;0;0;0;0;0;0;0;0;0;0;0;0;0;0;0;0;0;0;0;0;1;1;1;0;0;0;0;0;0;1;0;0;0
02076;Bertricourt;32;02;0;0;0;0;0;0;0;0;0;0;0;0;0;0;0;0;0;0;0;0;0;0;0;0;0;0;2;1;0;0;0;0;0;0;0;0;0
02077;Berzy-le-Sec;32;02;0;0;0;0;0;0;0;0;0;0;0;0;0;0;0;0;0;0;0;0;1;0;0;0;1;1;1;1;1;0;0;0;0;0;0;0;0
02078;Besmé;32;02;0;0;0;0;0;0;0;0;0;0;0;0;0;0;0;0;0;0;0;0;0;0;0;0;0;0;0;0;0;1;0;0;0;0;0;0;0
02079;Besmont;32;02;0;0;0;0;0;0;0;0;0;0;0;0;0;0;0;0;0;0;0;0;0;0;0;0;1;0;0;0;1;0;0;0;0;0;0;0;0
02080;Besny-et-Loizy;32;02;0;0;0;0;0;0;0;0;0;0;0;0;0;0;0;0;0;0;0;0;0;0;0;0;0;1;0;0;0;0;0;0;0;1;0;0;0
02081;Béthancourt-en-Vaux;32;02;0;0;0;0;0;0;0;0;0;0;0;0;0;0;0;0;0;0;0;0;0;0;0;0;0;2;0;0;0;0;0;0;0;0;0;0;0
02082;Beugneux;32;02;0;0;0;0;0;0;0;0;0;0;0;0;0;0;0;0;0;0;0;0;0;0;0;0;0;1;0;0;1;0;0;0;0;0;0;0;0
02083;Beuvardes;32;02;0;0;0;0;0;0;0;0;0;0;0;0;0;0;0;0;0;0;0;0;1;0;0;0;3;3;1;1;0;2;1;0;0;1;1;0;0
02084;Bézu-le-Guéry;32;02;0;0;0;0;0;0;0;0;0;0;0;0;0;0;0;0;0;0;0;0;1;0;0;0;0;0;1;1;1;0;0;0;0;0;2;0;0
02085;Bézu-Saint-Germain;32;02;0;0;0;0;0;0;0;0;0;0;0;0;0;0;0;0;0;0;0;0;1;0;0;0;0;0;3;2;1;0;0;0;0;2;1;0;0
02086;Bichancourt;32;02;0;0;0;0;0;0;0;0;0;0;0;0;0;0;0;0;0;0;0;0;0;0;0;0;1;3;0;1;2;1;3;0;0;0;0;0;0
02087;Bieuxy;32;02;0;0;0;0;0;0;0;0;0;0;0;0;0;0;0;0;0;0;0;0;0;0;0;0;0;0;0;1;0;0;0;0;0;0;0;0;0
02088;Bièvres;32;02;0;0;0;0;0;0;0;0;0;0;0;0;0;0;0;0;0;0;0;0;0;0;0;0;0;0;0;0;0;0;0;0;0;0;0;0;0
02089;Billy-sur-Aisne;32;02;0;0;0;0;0;0;0;0;0;0;0;0;0;0;0;0;0;0;0;0;3;0;0;0;0;2;0;4;1;1;3;0;0;0;0;0;0
02090;Billy-sur-Ourcq;32;02;0;0;0;0;0;0;0;0;0;0;0;0;0;0;0;0;0;0;0;0;0;0;0;0;0;0;0;1;0;0;0;0;0;0;0;0;0
02091;Blanzy-lès-Fismes;32;02;0;0;0;0;0;0;0;0;0;0;0;0;0;0;0;0;0;0;0;0;0;0;0;0;0;0;0;0;0;0;0;0;0;0;0;0;0
02093;Blérancourt;32;02;0;0;0;0;0;0;0;0;0;0;0;0;0;0;0;1;0;1;0;0;4;0;0;0;2;1;1;2;1;0;3;0;0;2;0;0;1
02094;Blesmes;32;02;0;0;0;0;0;0;0;0;0;0;0;0;0;0;0;0;0;0;0;0;2;1;0;0;1;0;1;2;1;0;0;0;0;0;0;0;0
02095;Bohain-en-Vermandois;32;02;0;1;0;0;0;0;0;0;0;0;1;0;0;0;0;6;2;1;0;0;7;2;0;2;3;4;4;8;1;6;9;1;0;19;3;0;4
02096;Bois-lès-Pargny;32;02;0;0;0;0;0;0;0;0;0;0;0;0;0;0;0;0;0;0;0;0;0;0;0;0;0;0;1;1;0;0;0;0;0;0;0;0;0
02097;Boncourt;32;02;0;0;0;0;0;0;0;0;0;0;0;0;0;0;0;0;0;0;0;0;1;0;0;0;0;0;0;2;0;0;0;0;0;0;0;0;0
02098;Bonneil;32;02;0;0;0;0;0;0;0;0;0;0;0;0;0;0;0;0;0;0;0;0;0;0;0;0;0;0;0;1;1;0;0;0;0;0;0;0;0
02099;Bonnesvalyn;32;02;0;0;0;0;0;0;0;0;0;0;0;0;0;0;0;0;0;0;0;0;0;0;0;0;0;1;0;0;0;0;0;0;0;0;0;0;2
02100;Bony;32;02;0;0;0;0;0;0;0;0;0;0;0;0;0;0;0;0;0;0;0;0;0;0;0;0;0;0;0;0;0;0;0;0;0;1;0;0;0
02101;Bosmont-sur-Serre;32;02;0;0;0;0;0;0;0;0;0;0;0;0;0;0;0;0;0;0;0;0;0;0;0;0;0;0;0;1;0;0;0;0;0;0;0;0;0
02102;Bouconville-Vauclair;32;02;0;0;0;0;0;0;0;0;0;0;0;0;0;0;0;0;0;0;0;0;0;0;0;0;0;0;0;0;0;0;0;0;0;1;0;0;0
02103;Boué;32;02;0;0;0;0;0;0;0;0;0;0;0;0;0;0;0;0;0;1;0;0;1;1;0;1;0;0;1;3;1;0;3;0;0;4;1;0;2
02104;Bouffignereux;32;02;0;0;0;0;0;0;0;0;0;0;0;0;0;0;0;0;0;0;0;0;0;0;0;0;0;0;0;0;0;1;1;0;0;0;0;0;0
02105;Bouresches;32;02;0;0;0;0;0;0;0;0;0;0;0;0;0;0;0;0;0;0;0;0;0;0;0;0;0;0;0;0;0;2;0;0;0;0;0;0;0
02106;Bourg-et-Comin;32;02;0;0;0;0;0;0;0;0;0;0;0;0;0;0;0;0;0;1;0;0;2;0;0;0;1;3;0;2;0;0;1;0;0;4;1;0;0
02107;Bourguignon-sous-Coucy;32;02;0;0;0;0;0;0;0;0;0;0;0;0;0;0;0;0;0;0;0;0;0;0;0;0;0;0;0;0;0;0;1;0;0;0;0;0;0
02108;Bourguignon-sous-Montbavin;32;02;0;0;0;0;0;0;0;0;0;0;0;0;0;0;0;0;0;0;0;0;0;0;0;0;0;0;0;0;0;0;0;0;0;0;0;0;0
02109;La Bouteille;32;02;0;0;0;0;0;0;0;0;0;0;0;0;0;0;0;0;0;0;0;1;3;0;0;0;3;0;0;1;1;0;0;0;0;0;0;0;0
02110;Braine;32;02;0;1;0;0;0;0;0;0;0;0;0;0;0;0;0;1;1;1;0;0;4;0;0;3;1;1;2;1;4;1;4;1;0;4;6;0;1
02111;Brancourt-en-Laonnois;32;02;0;0;0;0;0;0;0;0;0;0;0;0;0;0;0;0;0;0;0;0;1;0;0;0;1;0;0;3;1;0;0;0;0;1;1;0;0
02112;Brancourt-le-Grand;32;02;0;0;0;0;0;0;0;0;0;0;0;0;0;0;0;0;0;0;0;1;1;0;0;0;0;1;0;3;1;0;2;0;0;0;0;0;0
02114;Brasles;32;02;0;0;0;0;0;0;0;0;0;0;0;0;0;0;0;0;0;0;0;0;2;1;0;0;4;2;2;3;0;0;2;1;0;2;0;0;0
02115;Braye-en-Laonnois;32;02;0;0;0;0;0;0;0;0;0;0;0;0;0;0;0;0;0;0;0;0;0;0;0;0;0;0;0;0;0;0;0;0;0;0;0;0;0
02116;Braye-en-Thiérache;32;02;0;0;0;0;0;0;0;0;0;0;0;0;0;0;0;0;0;0;0;0;0;0;0;0;0;0;0;0;0;0;0;0;0;0;1;0;0
02117;Bray-Saint-Christophe;32;02;0;0;0;0;0;0;0;0;0;0;0;0;0;0;0;0;0;0;0;0;0;0;0;0;0;0;0;0;0;0;0;0;0;0;0;0;0
02118;Braye;32;02;0;0;0;0;0;0;0;0;0;0;0;0;0;0;0;0;0;0;0;0;0;0;0;0;0;0;0;0;0;0;0;0;0;0;0;0;0
02119;Brécy;32;02;0;0;0;0;0;0;0;0;0;0;0;0;0;0;0;0;0;0;0;0;1;0;0;0;1;0;0;0;0;1;2;0;0;2;0;0;0
02120;Brenelle;32;02;0;0;0;0;0;0;0;0;0;0;0;0;0;0;0;0;0;0;0;0;0;0;0;0;1;0;1;0;0;0;0;0;0;0;0;0;0
02121;Breny;32;02;0;0;0;0;0;0;0;0;0;0;0;0;0;0;0;0;0;0;0;0;0;0;0;0;0;1;0;0;0;0;0;0;0;1;0;0;0
02122;Brie;32;02;0;0;0;0;0;0;0;0;0;0;0;0;0;0;0;0;0;0;0;0;0;0;0;0;0;0;0;1;0;0;0;0;0;0;1;0;0
02123;Brissay-Choigny;32;02;0;0;0;0;0;0;0;0;0;0;0;0;0;0;0;0;0;0;0;0;1;0;0;0;1;0;0;1;1;0;1;0;0;2;0;0;0
02124;Brissy-Hamégicourt;32;02;0;0;0;0;0;0;0;0;0;0;0;0;0;0;0;0;0;0;0;0;2;0;0;0;2;0;1;0;0;0;1;0;0;1;0;0;0
02125;Brumetz;32;02;0;0;0;0;0;0;0;0;0;0;0;0;0;0;0;0;0;0;0;0;0;0;0;0;1;0;0;1;1;0;0;0;0;0;0;0;0
02126;Brunehamel;32;02;0;0;0;0;0;0;0;0;0;0;0;0;0;0;0;0;0;1;0;0;2;0;0;0;2;1;0;1;0;0;3;1;0;0;0;0;0
02127;Bruyères-sur-Fère;32;02;0;0;0;0;0;0;0;0;0;0;0;0;0;0;0;0;0;0;0;0;0;0;0;0;0;0;1;0;0;0;0;0;0;1;0;0;0
02128;Bruyères-et-Montbérault;32;02;0;0;0;0;0;0;0;0;0;0;0;0;0;0;0;0;0;1;0;0;3;0;0;1;2;2;4;2;0;0;2;0;0;3;0;0;1
02129;Bruys;32;02;0;0;0;0;0;0;0;0;0;0;0;0;0;0;0;0;0;0;0;0;0;0;0;0;0;0;0;0;0;0;0;0;0;0;0;0;0
02130;Bucilly;32;02;0;0;0;0;0;0;0;0;0;0;0;0;0;0;0;0;0;0;0;0;1;0;0;0;0;0;0;2;0;0;0;0;0;0;0;0;0
02131;Bucy-le-Long;32;02;0;0;0;0;0;0;0;0;0;0;0;0;0;0;0;0;0;1;0;0;3;0;0;0;3;3;4;2;2;0;3;0;0;1;3;0;4
02132;Bucy-lès-Cerny;32;02;0;0;0;0;0;0;0;0;0;0;0;0;0;0;0;0;0;0;0;0;0;0;0;0;0;0;0;1;0;0;0;0;0;0;0;0;1
02133;Bucy-lès-Pierrepont;32;02;0;0;0;0;0;0;0;0;0;0;0;0;0;0;0;0;0;0;0;1;0;0;0;0;0;0;1;0;2;0;0;0;0;1;0;0;0
02134;Buire;32;02;0;0;0;0;0;0;0;0;0;0;0;0;0;0;0;0;1;0;0;0;0;0;0;0;2;0;1;2;0;1;1;0;1;0;0;0;0
02135;Buironfosse;32;02;0;0;0;0;0;0;0;0;0;0;0;0;0;0;0;0;0;1;0;0;0;0;0;0;3;0;0;2;0;0;2;0;0;3;0;0;0
02136;Burelles;32;02;0;0;0;0;0;0;0;0;0;0;0;0;0;0;0;0;0;0;0;0;0;0;0;0;0;0;1;0;0;0;0;0;0;1;0;0;0
02137;Bussiares;32;02;0;0;0;0;0;0;0;0;0;0;0;0;0;0;0;0;0;0;0;0;0;0;0;0;1;0;1;0;0;0;0;0;0;0;0;0;0
02138;Buzancy;32;02;0;0;0;0;0;0;0;0;0;0;0;0;0;0;0;0;0;0;0;0;0;0;0;0;0;0;2;0;1;1;0;0;0;0;0;0;0
02139;Caillouël-Crépigny;32;02;0;0;0;0;0;0;0;0;0;0;0;0;0;0;0;0;0;0;0;0;1;0;0;0;1;0;0;0;0;0;0;0;0;0;0;0;0
02140;Camelin;32;02;0;0;0;0;0;0;0;0;0;0;0;0;0;0;0;0;0;0;0;0;0;0;0;0;0;0;3;2;1;0;0;0;0;0;0;0;1
02141;La Capelle;32;02;0;1;0;0;0;0;0;0;0;0;1;0;0;0;0;2;1;1;0;0;4;0;0;2;2;1;0;1;2;0;3;4;0;9;0;0;0
02142;Castres;32;02;0;0;0;0;0;0;0;0;0;0;0;0;0;0;0;0;0;0;0;0;0;0;0;0;0;2;0;2;0;0;0;0;0;0;0;0;0
02143;Le Catelet;32;02;0;1;0;0;0;0;0;0;0;0;0;0;0;0;0;0;0;0;0;1;1;0;0;0;0;0;0;0;0;0;1;0;0;1;0;0;0
02144;Caulaincourt;32;02;0;0;0;0;0;0;0;0;0;0;0;0;0;0;0;0;0;0;0;0;0;0;0;0;0;0;1;1;0;0;0;0;0;0;0;0;0
02145;Caumont;32;02;0;0;0;0;0;0;0;0;0;0;0;0;0;0;0;0;0;0;0;0;0;0;0;0;1;1;1;1;0;0;1;0;0;0;0;0;1
02146;Celles-lès-Condé;32;02;0;0;0;0;0;0;0;0;0;0;0;0;0;0;0;0;0;0;0;0;1;0;0;0;0;1;0;0;1;0;0;0;0;1;1;0;0
02148;Celles-sur-Aisne;32;02;0;0;0;0;0;0;0;0;0;0;0;0;0;0;0;0;0;0;0;0;0;0;0;0;0;0;0;0;0;0;0;0;0;0;0;0;0
02149;Cerizy;32;02;0;0;0;0;0;0;0;0;0;0;0;0;0;0;0;0;0;0;0;0;0;0;0;0;0;0;0;0;2;1;0;0;0;0;0;0;0
02150;Cerny-en-Laonnois;32;02;0;0;0;0;0;0;0;0;0;0;0;0;0;0;0;0;0;0;0;0;0;0;0;0;0;0;0;0;0;0;0;0;0;1;0;0;0
02151;Cerny-lès-Bucy;32;02;0;0;0;0;0;0;0;0;0;0;0;0;0;0;0;0;0;0;0;0;0;0;0;0;0;0;0;0;0;0;0;0;0;0;0;0;0
02152;Cerseuil;32;02;0;0;0;0;0;0;0;0;0;0;0;0;0;0;0;0;0;0;0;0;0;0;0;0;0;1;0;0;0;0;0;0;0;0;0;0;0
02153;Cessières;32;02;0;0;0;0;0;0;0;0;0;0;0;0;0;0;0;0;0;0;0;0;0;0;0;0;0;2;1;0;1;0;1;0;0;2;1;0;0
02154;Chacrise;32;02;0;0;0;0;0;0;0;0;0;0;0;0;0;0;0;0;0;0;0;0;1;0;0;0;1;0;1;1;1;0;0;0;0;0;0;0;0
02155;Chaillevois;32;02;0;0;0;0;0;0;0;0;0;0;0;0;0;0;0;0;0;0;0;0;1;0;0;0;0;0;0;0;0;0;0;0;0;0;0;0;0
02156;Chalandry;32;02;0;0;0;0;0;0;0;0;0;0;0;0;0;0;0;0;0;0;0;0;0;0;0;0;0;0;1;1;0;0;0;0;0;0;0;0;0
02157;Chambry;32;02;0;0;0;0;0;0;0;0;0;0;0;0;0;0;0;0;0;0;0;0;3;0;2;0;3;1;2;0;0;0;2;0;1;6;0;1;1
02158;Chamouille;32;02;0;0;0;0;0;0;0;0;0;0;0;0;0;0;0;0;0;0;2;0;0;0;0;0;0;0;0;1;0;0;0;0;0;1;1;0;0
02159;Champs;32;02;0;0;0;0;0;0;0;0;0;0;0;0;0;0;0;0;0;0;0;0;1;0;0;0;1;1;0;1;0;0;0;0;0;0;0;0;0
02160;Chaourse;32;02;0;0;0;0;0;0;0;0;0;0;0;0;0;0;0;0;0;0;0;0;1;0;0;0;2;0;2;1;1;0;0;0;0;0;0;0;0
02162;La Chapelle-sur-Chézy;32;02;0;0;0;0;0;0;0;0;0;0;0;0;0;0;0;0;0;0;0;0;0;0;0;0;2;0;0;3;2;0;0;0;0;0;0;0;0
02163;Charly-sur-Marne;32;02;0;1;0;0;0;0;0;0;0;0;1;0;0;0;0;4;1;1;0;0;3;0;0;2;7;3;3;3;5;1;3;1;0;10;4;3;3
02164;Le Charmel;32;02;0;0;0;0;0;0;0;0;0;0;0;0;0;0;0;0;0;0;0;0;0;0;0;0;0;1;0;1;0;1;0;0;0;0;0;0;0
02165;Charmes;32;02;0;0;0;0;0;0;0;0;0;0;0;0;0;0;0;0;0;1;0;0;5;0;0;0;1;3;1;3;1;1;2;0;0;3;0;0;0
02166;Chartèves;32;02;0;0;0;0;0;0;0;0;0;0;0;0;0;0;0;0;0;0;0;0;0;0;0;0;1;0;1;1;1;1;0;0;0;0;0;0;1
02167;Chassemy;32;02;0;0;0;0;0;0;0;0;0;0;0;0;0;0;0;0;0;0;0;0;0;0;0;0;0;0;1;0;0;0;1;0;0;0;0;0;1
02168;Château-Thierry;32;02;1;1;0;0;0;0;0;0;0;0;5;1;0;0;0;13;3;1;0;0;28;2;5;8;17;13;11;6;13;4;26;4;11;43;22;2;12
02169;Châtillon-lès-Sons;32;02;0;0;0;0;0;0;0;0;0;0;0;0;0;0;0;0;0;0;0;0;1;0;0;0;0;0;0;0;0;0;0;0;0;0;0;0;0
02170;Châtillon-sur-Oise;32;02;0;0;0;0;0;0;0;0;0;0;0;0;0;0;0;0;0;0;0;0;0;0;0;0;0;0;0;1;0;0;0;0;0;0;0;0;1
02171;Chaudardes;32;02;0;0;0;0;0;0;0;0;0;0;0;0;0;0;0;0;0;0;0;0;0;0;0;0;0;0;0;0;0;0;0;0;0;0;0;0;0
02172;Chaudun;32;02;0;0;0;0;0;0;0;0;0;0;0;0;0;0;0;0;0;0;0;0;1;0;0;0;0;0;0;0;1;0;0;0;0;0;0;0;0
02173;Chauny;32;02;0;1;0;0;0;0;0;0;0;0;2;1;0;0;0;8;5;1;0;0;8;2;0;4;12;13;12;12;10;9;28;3;4;40;9;1;4
02174;Chavignon;32;02;0;0;0;0;0;0;0;0;0;0;0;0;0;0;0;0;0;0;0;1;2;0;0;0;0;1;5;2;0;0;1;0;0;0;0;0;1
02175;Chavigny;32;02;0;0;0;0;0;0;0;0;0;0;0;0;0;0;0;0;0;0;0;0;0;0;0;0;0;0;0;0;0;0;0;0;0;0;0;0;0
02176;Chavonne;32;02;0;0;0;0;0;0;0;0;0;0;0;0;0;0;0;0;1;0;0;0;0;0;0;0;0;0;0;1;0;0;0;0;0;0;0;0;0
02177;Chérêt;32;02;0;0;0;0;0;0;0;0;0;0;0;0;0;0;0;0;0;0;0;0;0;0;0;0;0;0;0;0;0;0;0;0;0;1;0;0;0
02178;Chermizy-Ailles;32;02;0;0;0;0;0;0;0;0;0;0;0;0;0;0;0;0;0;0;0;0;0;0;0;0;0;1;0;0;0;0;0;0;0;0;0;0;0
02179;Chéry-Chartreuve;32;02;0;0;0;0;0;0;0;0;0;0;0;0;0;0;0;0;0;0;0;0;1;0;0;0;0;1;1;1;1;1;0;1;0;0;0;0;0
02180;Chéry-lès-Pouilly;32;02;0;0;0;0;0;0;0;0;0;0;0;0;0;0;0;0;0;0;0;0;0;0;0;0;1;0;0;1;2;0;0;0;0;0;0;0;0
02181;Chéry-lès-Rozoy;32;02;0;0;0;0;0;0;0;0;0;0;0;0;0;0;0;0;0;0;0;0;0;0;0;0;1;0;0;0;0;0;0;0;0;0;0;0;0
02182;Chevennes;32;02;0;0;0;0;0;0;0;0;0;0;0;0;0;0;0;0;0;0;0;0;0;0;0;0;0;0;0;0;0;0;0;0;0;0;0;0;0
02183;Chevregny;32;02;0;0;0;0;0;0;0;0;0;0;0;0;0;0;0;0;0;0;0;0;0;0;0;0;2;1;0;1;0;0;0;0;0;0;0;0;0
02184;Chevresis-Monceau;32;02;0;0;0;0;0;0;0;0;0;0;0;0;0;0;0;0;0;0;0;0;0;0;0;0;1;0;1;0;0;0;0;0;0;0;0;0;0
02185;Chézy-en-Orxois;32;02;0;0;0;0;0;0;0;0;0;0;0;0;0;0;0;0;0;0;0;0;0;0;0;0;0;3;1;0;0;0;0;0;0;0;0;0;0
02186;Chézy-sur-Marne;32;02;0;0;0;0;0;0;0;0;0;0;0;0;0;0;0;0;0;0;0;1;1;0;0;0;2;1;2;1;3;1;3;0;0;1;0;0;2
02187;Chierry;32;02;0;0;0;0;0;0;0;0;0;0;0;0;0;0;0;0;0;0;0;0;2;0;0;0;0;0;0;0;0;1;0;0;0;2;1;0;0
02188;Chigny;32;02;0;0;0;0;0;0;0;0;0;0;0;0;0;0;0;0;0;0;0;0;1;0;0;0;0;0;0;0;0;0;0;0;0;0;0;0;0
02189;Chivres-en-Laonnois;32;02;0;0;0;0;0;0;0;0;0;0;0;0;0;0;0;0;0;0;0;0;0;0;0;0;1;1;0;4;1;0;1;0;0;0;1;0;0
02190;Chivres-Val;32;02;0;0;0;0;0;0;0;0;0;0;0;0;0;0;0;0;0;0;0;0;0;0;0;0;1;0;1;2;0;0;1;1;0;0;0;0;0
02191;Chivy-lès-Étouvelles;32;02;0;0;0;0;0;0;0;0;0;0;0;0;0;0;0;0;0;0;0;0;1;0;0;0;0;0;1;1;0;0;1;0;0;0;1;0;0
02192;Chouy;32;02;0;0;0;0;0;0;0;0;0;0;0;0;0;0;0;0;0;0;0;0;0;0;0;0;0;2;0;1;0;0;0;0;0;0;0;0;2
02193;Cierges;32;02;0;0;0;0;0;0;0;0;0;0;0;0;0;0;0;0;0;0;0;0;0;0;0;0;0;0;0;1;0;0;0;0;0;0;0;0;0
02194;Cilly;32;02;0;0;0;0;0;0;0;0;0;0;0;0;0;0;0;0;0;0;0;0;0;0;0;0;0;0;1;0;0;0;0;0;0;0;0;0;0
02195;Ciry-Salsogne;32;02;0;0;0;0;0;0;0;0;0;0;0;0;0;0;0;0;0;0;0;1;1;0;0;0;2;3;2;5;1;0;1;0;0;1;1;0;0
02196;Clacy-et-Thierret;32;02;0;0;0;0;0;0;0;0;0;0;0;0;0;0;0;0;0;0;0;0;2;0;0;0;2;0;0;2;0;0;1;0;0;0;0;0;0
02197;Clairfontaine;32;02;0;0;0;0;0;0;0;0;0;0;0;0;0;0;0;0;0;0;0;1;1;0;0;0;3;0;0;3;0;0;3;0;0;1;0;0;0
02198;Clamecy;32;02;0;0;0;0;0;0;0;0;0;0;0;0;0;0;0;0;0;0;0;0;1;0;0;0;0;0;0;0;0;0;0;0;0;0;0;0;0
02199;Clastres;32;02;0;0;0;0;0;0;0;0;0;0;0;0;0;0;0;0;0;0;0;0;1;0;0;0;1;0;2;0;0;0;0;0;0;0;0;0;0
02200;Clermont-les-Fermes;32;02;0;0;0;0;0;0;0;0;0;0;0;0;0;0;0;0;0;0;0;0;0;0;0;0;0;0;0;0;0;0;0;0;0;0;0;0;0
02201;Coeuvres-et-Valsery;32;02;0;0;0;0;0;0;0;0;0;0;0;0;0;0;0;0;0;0;1;0;0;0;0;0;0;0;0;0;0;0;1;0;0;0;0;0;0
02203;Coincy;32;02;0;0;0;0;0;0;0;0;0;0;0;0;0;0;0;0;0;1;0;0;3;0;0;1;2;2;1;4;3;0;2;0;0;2;1;0;2
02204;Coingt;32;02;0;0;0;0;0;0;0;0;0;0;0;0;0;0;0;0;0;0;0;0;0;0;0;0;0;0;0;0;0;0;0;0;0;0;0;0;0
02205;Colligis-Crandelain;32;02;0;0;0;0;0;0;0;0;0;0;0;0;0;0;0;0;0;0;0;0;0;0;0;0;0;0;0;0;0;0;0;0;0;0;1;0;0
02206;Colonfay;32;02;0;0;0;0;0;0;0;0;0;0;0;0;0;0;0;0;0;0;0;0;0;0;0;0;1;0;0;0;0;0;1;0;0;0;0;0;0
02207;Commenchon;32;02;0;0;0;0;0;0;0;0;0;0;0;0;0;0;0;0;0;0;0;0;0;0;0;0;0;1;0;0;0;0;0;0;0;0;0;0;0
02208;Concevreux;32;02;0;0;0;0;0;0;0;0;0;0;0;0;0;0;0;0;0;0;0;0;0;0;0;0;0;0;0;0;1;0;0;0;0;0;0;0;0
02209;Condé-en-Brie;32;02;0;1;0;0;0;0;0;0;0;0;1;0;0;0;0;0;0;1;0;0;1;0;0;0;2;0;2;2;1;2;1;3;0;2;0;0;0
02210;Condé-sur-Aisne;32;02;0;0;0;0;0;0;0;0;0;0;0;0;0;0;0;0;0;0;0;0;0;0;0;0;0;0;0;0;1;0;0;0;0;0;0;0;0
02211;Condé-sur-Suippe;32;02;0;0;0;0;0;0;0;0;0;0;0;0;0;0;0;0;0;0;0;0;0;0;0;0;0;0;3;0;0;0;0;0;0;0;0;0;0
02212;Condren;32;02;0;0;0;0;0;0;0;0;0;0;0;0;1;0;0;0;1;0;0;0;4;1;1;0;1;1;1;1;0;1;0;0;0;2;0;0;0
02213;Connigis;32;02;0;0;0;0;0;0;0;0;0;0;0;0;0;0;0;0;0;0;0;0;0;0;0;0;1;0;0;0;0;0;0;0;0;0;0;0;0
02214;Contescourt;32;02;0;0;0;0;0;0;0;0;0;0;0;0;0;0;0;0;0;0;0;0;0;0;0;0;0;0;0;0;0;0;0;0;0;0;0;0;0
02215;Corbeny;32;02;0;1;0;0;0;0;0;0;0;0;0;0;0;0;0;0;0;0;0;1;0;0;0;0;0;1;0;1;0;0;1;0;0;1;0;0;1
02216;Corcy;32;02;0;0;0;0;0;0;0;0;0;0;0;0;0;0;0;0;0;0;0;0;1;0;0;0;0;0;1;0;0;0;0;0;0;0;0;0;0
02217;Coucy-le-Château-Auffrique;32;02;0;1;0;0;0;0;0;0;0;0;1;0;0;0;0;0;0;1;0;0;1;0;0;0;0;0;2;1;3;0;2;0;0;2;0;0;0
02218;Coucy-lès-Eppes;32;02;0;0;0;0;0;0;0;0;0;0;0;0;0;0;0;0;0;0;0;1;1;0;0;0;0;0;1;1;0;1;1;0;0;1;0;0;0
02219;Coucy-la-Ville;32;02;0;0;0;0;0;0;0;0;0;0;0;0;0;0;0;0;0;0;0;0;0;0;0;0;0;0;0;0;0;0;0;0;0;0;0;0;0
02220;Coulonges-Cohan;32;02;0;0;0;0;0;0;0;0;0;0;0;0;0;0;0;0;0;0;0;1;1;0;0;0;2;3;1;0;0;0;1;0;0;1;0;0;0
02221;Coupru;32;02;0;0;0;0;0;0;0;0;0;0;0;0;0;0;0;0;0;0;0;0;0;0;0;0;1;0;0;0;0;0;0;0;0;0;0;0;0
02222;Courbes;32;02;0;0;0;0;0;0;0;0;0;0;0;0;0;0;0;0;0;0;0;0;0;0;0;0;0;1;0;0;0;0;0;0;0;0;0;0;0
02223;Courboin;32;02;0;0;0;0;0;0;0;0;0;0;0;0;0;0;0;0;0;0;0;0;0;0;0;0;0;0;1;2;0;0;0;0;0;0;0;0;0
02224;Courcelles-sur-Vesle;32;02;0;0;0;0;0;0;0;0;0;0;0;0;0;0;0;0;0;0;0;0;0;0;0;0;0;0;2;0;1;0;0;0;0;2;0;0;0
02225;Courchamps;32;02;0;0;0;0;0;0;0;0;0;0;0;0;0;0;0;0;0;0;0;0;0;0;0;0;0;0;0;0;0;0;0;0;0;0;0;0;0
02226;Courmelles;32;02;0;0;0;0;0;0;0;0;0;0;0;0;0;0;0;0;1;0;0;0;3;0;0;0;4;1;3;1;0;0;1;0;0;2;2;0;0
02227;Courmont;32;02;0;0;0;0;0;0;0;0;0;0;0;0;0;0;0;0;0;0;0;0;0;0;0;0;1;0;0;0;0;0;0;0;0;0;0;0;0
02228;Courtemont-Varennes;32;02;0;0;0;0;0;0;0;0;0;0;0;0;0;0;0;0;0;0;0;0;1;0;0;0;0;0;1;1;1;1;0;0;0;0;1;0;0
02229;Courtrizy-et-Fussigny;32;02;0;0;0;0;0;0;0;0;0;0;0;0;0;0;0;0;0;0;0;0;0;0;0;0;0;0;0;0;0;0;0;0;0;0;0;0;0
02230;Couvrelles;32;02;0;0;0;0;0;0;0;0;0;0;0;0;0;0;0;0;0;0;0;0;1;0;0;0;2;1;0;2;0;0;0;0;0;0;0;0;0
02231;Couvron-et-Aumencourt;32;02;0;0;0;0;0;0;0;0;0;0;0;0;0;0;0;0;0;0;0;1;0;0;0;1;1;0;0;1;0;0;1;0;0;1;1;0;0
02232;Coyolles;32;02;0;0;0;0;0;0;0;0;0;0;0;0;0;0;0;0;0;0;0;0;1;0;0;0;0;0;1;0;0;0;0;0;0;0;2;0;0
02233;Cramaille;32;02;0;0;0;0;0;0;0;0;0;0;0;0;0;0;0;0;0;0;0;0;0;0;0;0;1;0;0;0;0;0;1;0;0;0;0;0;0
02234;Craonne;32;02;0;0;0;0;0;0;0;0;0;0;0;0;0;0;0;0;0;0;0;0;0;0;0;0;0;0;0;0;0;0;0;0;0;0;0;0;0
02235;Craonnelle;32;02;0;0;0;0;0;0;0;0;0;0;0;0;0;0;0;0;0;0;0;0;0;0;0;0;0;0;2;0;0;0;0;0;0;1;0;0;0
02236;Crécy-au-Mont;32;02;0;0;0;0;0;0;0;0;0;0;0;0;0;0;0;0;0;0;0;0;3;0;0;0;0;1;0;4;0;0;0;0;0;1;0;0;0
02237;Crécy-sur-Serre;32;02;0;1;0;0;0;0;0;0;0;0;0;0;0;0;0;1;0;1;0;0;1;0;0;1;3;0;1;4;1;0;3;0;0;5;0;0;1
02238;Crépy;32;02;0;0;0;0;0;0;0;0;0;0;0;0;0;0;0;0;0;1;0;0;2;1;0;0;3;4;3;4;1;1;3;0;0;2;0;0;1
02239;Crézancy;32;02;0;0;0;0;0;0;0;0;0;0;0;0;0;0;0;0;1;1;0;0;0;0;0;1;3;1;0;1;0;1;2;0;0;2;0;0;1
02240;Croix-Fonsomme;32;02;0;0;0;0;0;0;0;0;0;0;0;0;0;0;0;0;0;0;0;0;1;0;0;0;0;1;0;0;0;0;0;0;0;0;0;0;0
02241;La Croix-sur-Ourcq;32;02;0;0;0;0;0;0;0;0;0;0;0;0;0;0;0;0;0;0;0;0;0;0;0;0;0;0;1;0;1;0;0;0;0;0;0;0;0
02242;Crouttes-sur-Marne;32;02;0;0;0;0;0;0;0;0;0;0;0;0;0;0;0;0;0;0;0;0;2;0;0;0;1;0;1;2;2;0;0;0;0;0;1;0;0
02243;Crouy;32;02;0;0;0;0;0;0;0;0;0;0;0;0;0;0;0;0;0;1;0;0;4;1;0;0;4;8;5;7;4;3;5;2;0;2;1;0;0
02244;Crupilly;32;02;0;0;0;0;0;0;0;0;0;0;0;0;0;0;0;0;0;0;0;0;0;0;0;0;0;0;0;0;0;0;0;0;0;2;0;0;0
02245;Cuffies;32;02;0;0;0;0;0;0;0;0;0;0;0;0;0;0;0;0;0;0;0;0;2;0;0;0;4;3;5;5;3;1;2;0;0;1;0;0;0
02246;Cugny;32;02;0;0;0;0;0;0;0;0;0;0;0;0;0;0;0;0;0;0;0;0;0;0;0;0;1;0;1;2;1;0;0;0;0;0;0;0;0
02248;Cuirieux;32;02;0;0;0;0;0;0;0;0;0;0;0;0;0;0;0;0;0;0;0;0;0;0;0;0;1;0;0;0;0;0;0;0;0;0;0;0;0
02249;Cuiry-Housse;32;02;0;0;0;0;0;0;0;0;0;0;0;0;0;0;0;0;0;0;0;0;0;0;0;0;0;0;0;0;0;0;0;0;0;0;0;0;0
02250;Cuiry-lès-Chaudardes;32;02;0;0;0;0;0;0;0;0;0;0;0;0;0;0;0;0;0;0;0;0;0;0;0;0;0;0;0;0;0;0;0;0;0;0;0;0;0
02251;Cuiry-lès-Iviers;32;02;0;0;0;0;0;0;0;0;0;0;0;0;0;0;0;0;0;0;0;0;0;0;0;0;0;0;0;0;0;0;0;0;0;0;0;0;0
02252;Cuissy-et-Geny;32;02;0;0;0;0;0;0;0;0;0;0;0;0;0;0;0;0;0;0;0;0;0;0;0;0;0;1;1;0;0;0;0;0;0;0;0;0;0
02253;Cuisy-en-Almont;32;02;0;0;0;0;0;0;0;0;0;0;0;0;0;0;0;0;0;0;0;0;0;0;0;0;0;0;2;0;0;0;0;0;0;0;0;0;0
02254;Cutry;32;02;0;0;0;0;0;0;0;0;0;0;0;0;0;0;0;0;0;0;0;0;0;0;0;0;1;1;0;0;0;0;0;0;0;0;0;0;0
02255;Cys-la-Commune;32;02;0;0;0;0;0;0;0;0;0;0;0;0;0;0;0;0;0;0;0;0;0;0;0;0;0;0;0;0;0;1;0;0;0;0;0;0;0
02256;Dagny-Lambercy;32;02;0;0;0;0;0;0;0;0;0;0;0;0;0;0;0;0;0;0;0;0;0;0;0;0;0;0;0;0;0;0;1;0;0;0;0;0;0
02257;Dallon;32;02;0;0;0;0;0;0;0;0;0;0;0;0;0;0;0;0;0;0;0;0;1;0;0;0;2;1;1;0;0;0;0;0;0;0;0;0;1
02258;Dammard;32;02;0;0;0;0;0;0;0;0;0;0;0;0;0;0;0;0;0;0;0;0;0;0;0;0;0;1;0;0;0;0;0;0;0;0;2;0;0
02259;Dampleux;32;02;0;0;0;0;0;0;0;0;0;0;0;0;0;0;0;0;0;0;0;0;0;0;0;0;0;0;0;0;0;0;1;0;0;0;0;0;0
02260;Danizy;32;02;0;0;0;0;0;0;0;0;0;0;0;0;0;0;0;0;0;0;0;0;1;0;0;0;1;1;0;0;0;0;0;1;0;1;0;0;0
02261;Dercy;32;02;0;0;0;0;0;0;0;0;0;0;0;0;0;0;0;0;0;0;0;1;1;0;0;0;1;0;0;0;0;0;0;0;0;0;0;0;0
02262;Deuillet;32;02;0;0;0;0;0;0;0;0;0;0;0;0;0;0;0;0;0;0;0;0;2;0;0;0;2;0;0;1;1;1;0;0;0;0;0;0;0
02263;Dhuizel;32;02;0;0;0;0;0;0;0;0;0;0;0;0;0;0;0;0;0;0;0;0;0;0;0;0;0;0;0;0;0;0;0;0;0;0;0;0;0
02264;Dizy-le-Gros;32;02;0;0;0;0;0;0;0;0;0;0;0;0;0;0;0;0;0;0;0;1;2;0;0;0;2;1;1;7;1;0;1;0;0;1;0;0;1
02265;Dohis;32;02;0;0;0;0;0;0;0;0;0;0;0;0;0;0;0;0;0;0;0;0;0;0;0;0;0;0;0;0;0;0;0;0;0;0;0;0;0
02266;Dolignon;32;02;0;0;0;0;0;0;0;0;0;0;0;0;0;0;0;0;0;0;0;0;0;0;0;0;0;0;0;0;0;0;1;0;0;0;0;0;0
02267;Dommiers;32;02;0;0;0;0;0;0;0;0;0;0;0;0;0;0;0;0;0;0;0;0;0;0;0;0;0;1;1;1;0;0;1;0;0;1;0;0;0
02268;Domptin;32;02;0;0;0;0;0;0;0;0;0;0;0;0;0;0;0;0;0;0;0;0;2;0;0;0;2;1;4;2;0;1;1;0;0;2;3;0;2
02269;Dorengt;32;02;0;0;0;0;0;0;0;0;0;0;0;0;0;0;0;0;0;0;0;0;0;0;0;0;0;1;0;0;0;0;0;0;0;0;0;0;0
02270;Douchy;32;02;0;0;0;0;0;0;0;0;0;0;0;0;0;0;0;0;0;0;0;0;0;0;0;0;0;0;0;0;0;0;0;0;0;0;0;0;0
02271;Dravegny;32;02;0;0;0;0;0;0;0;0;0;0;0;0;0;0;0;0;0;0;0;0;0;0;0;0;1;0;0;0;0;0;0;0;0;0;0;0;1
02272;Droizy;32;02;0;0;0;0;0;0;0;0;0;0;0;0;0;0;0;0;0;0;0;0;0;0;0;0;0;0;0;0;0;0;0;0;0;0;0;0;0
02273;Dury;32;02;0;0;0;0;0;0;0;0;0;0;0;0;0;0;0;0;0;0;0;0;0;0;0;0;0;0;0;0;0;0;0;0;0;0;0;0;0
02274;Ébouleau;32;02;0;0;0;0;0;0;0;0;0;0;0;0;0;0;0;0;0;0;0;0;0;0;0;0;0;0;0;0;1;0;0;0;0;0;0;0;0
02275;Effry;32;02;0;0;0;0;0;0;0;0;0;0;0;0;0;0;0;0;0;0;0;0;0;0;0;0;0;1;0;2;1;0;0;0;0;0;0;0;0
02276;Englancourt;32;02;0;0;0;0;0;0;0;0;0;0;0;0;0;0;0;0;0;0;0;0;0;0;0;0;0;0;0;0;0;0;1;0;0;0;0;0;1
02277;Épagny;32;02;0;0;0;0;0;0;0;0;0;0;0;0;0;0;0;0;0;0;0;0;0;0;0;0;0;0;1;0;0;1;0;0;0;0;0;0;1
02278;Éparcy;32;02;0;0;0;0;0;0;0;0;0;0;0;0;0;0;0;0;0;0;0;0;0;0;0;0;0;0;0;0;0;0;0;0;0;0;0;0;0
02279;Épaux-Bézu;32;02;0;0;0;0;0;0;0;0;0;0;0;0;0;0;0;0;0;0;0;0;0;0;0;0;2;0;2;2;0;1;0;0;1;0;1;0;0
02280;Épieds;32;02;0;0;0;0;0;0;0;0;0;0;0;0;0;0;0;0;0;0;0;0;1;0;0;0;3;0;1;0;2;1;0;0;0;0;0;0;0
02281;L'Épine-aux-Bois;32;02;0;0;0;0;0;0;0;0;0;0;0;0;0;0;0;0;0;0;0;0;1;0;0;0;0;0;0;1;0;0;0;0;0;1;2;0;0
02282;Eppes;32;02;0;0;0;0;0;0;0;0;0;0;0;0;0;0;0;0;0;0;0;0;0;0;0;0;0;0;2;0;1;1;0;0;0;0;0;0;0
02283;Erlon;32;02;0;0;0;0;0;0;0;0;0;0;0;0;0;0;0;0;0;0;0;0;0;0;0;0;0;1;0;0;0;0;0;0;0;0;0;0;0
02284;Erloy;32;02;0;0;0;0;0;0;0;0;0;0;0;0;0;0;0;0;0;0;0;0;0;0;0;0;0;0;0;0;0;0;0;0;0;0;0;0;0
02286;Esquéhéries;32;02;0;0;0;0;0;0;0;0;0;0;0;0;0;0;0;0;0;0;0;1;0;0;0;0;1;1;2;0;1;0;2;0;0;0;0;0;0
02287;Essigny-le-Grand;32;02;0;0;0;0;0;0;0;0;0;0;0;0;0;0;0;0;0;0;0;1;3;0;0;0;1;0;1;3;3;0;2;0;0;1;0;0;2
02288;Essigny-le-Petit;32;02;0;0;0;0;0;0;0;0;0;0;0;0;0;0;0;0;0;0;0;0;0;0;0;0;1;0;0;2;0;0;0;0;0;0;0;0;0
02289;Essises;32;02;0;0;0;0;0;0;0;0;0;0;0;0;0;0;0;0;0;0;0;0;0;0;0;0;1;1;0;0;0;0;0;0;0;0;0;0;0
02290;Essômes-sur-Marne;32;02;0;0;0;0;0;0;0;0;0;0;0;0;0;0;0;0;0;1;0;0;1;0;0;0;3;2;0;6;1;1;2;0;0;3;0;1;1
02291;Estrées;32;02;0;0;0;0;0;0;0;0;0;0;0;0;0;0;0;0;0;0;0;1;2;0;0;0;0;0;1;0;0;0;0;0;0;1;0;0;0
02292;Étampes-sur-Marne;32;02;0;0;0;0;0;0;0;0;0;0;0;0;0;0;0;0;0;0;0;1;4;1;0;0;2;2;2;2;3;1;1;1;0;2;0;0;0
02293;Étaves-et-Bocquiaux;32;02;0;0;0;0;0;0;0;0;0;0;0;0;0;0;0;0;0;0;0;0;1;0;0;0;0;0;2;1;0;0;0;0;0;0;0;0;0
02294;Étouvelles;32;02;0;0;0;0;0;0;0;0;0;0;0;0;0;0;0;0;0;0;0;0;0;0;0;0;0;1;0;1;0;0;0;0;0;1;0;0;0
02295;Étréaupont;32;02;0;0;0;0;0;0;0;0;0;0;0;0;0;0;0;0;0;1;0;0;2;0;0;0;4;1;2;1;0;0;1;0;0;4;0;0;0
02296;Étreillers;32;02;0;0;0;0;0;0;0;0;0;0;0;0;0;0;0;0;1;1;0;0;2;0;0;0;1;1;0;0;0;0;1;0;0;0;0;0;1
02297;Étrépilly;32;02;0;0;0;0;0;0;0;0;0;0;0;0;0;0;0;0;0;0;0;0;0;0;0;0;0;0;0;0;0;0;1;0;0;0;0;0;0
02298;Étreux;32;02;0;0;0;0;0;0;0;0;0;0;0;0;0;0;0;1;1;1;0;0;1;0;0;0;0;1;0;1;0;1;2;0;0;1;0;0;0
02299;Évergnicourt;32;02;0;0;0;0;0;0;0;0;0;0;0;0;0;0;0;0;0;0;0;0;0;0;0;0;0;1;0;0;0;0;0;0;0;0;0;0;0
02301;Faucoucourt;32;02;0;0;0;0;0;0;0;0;0;0;0;0;0;0;0;0;0;0;0;0;0;0;0;0;1;0;1;1;1;0;0;0;0;0;0;0;0
02302;Faverolles;32;02;0;0;0;0;0;0;0;0;0;0;0;0;0;0;0;0;0;0;0;0;0;0;0;0;2;1;1;1;0;0;0;0;0;0;0;0;0
02303;Fayet;32;02;0;0;0;0;0;0;0;0;0;0;0;0;0;0;0;1;0;0;0;0;1;0;0;0;0;0;0;1;0;1;3;0;0;6;0;1;1
02304;La Fère;32;02;0;1;0;0;0;0;0;0;0;0;1;0;0;0;0;4;1;1;0;0;2;1;0;2;3;7;5;3;3;2;8;0;0;11;1;1;3
02305;Fère-en-Tardenois;32;02;0;1;0;0;0;0;0;0;0;0;0;0;0;0;0;3;1;1;0;0;7;1;0;2;3;4;2;6;3;0;5;4;0;10;2;0;2
02306;La Ferté-Chevresis;32;02;0;0;0;0;0;0;0;0;0;0;0;0;0;0;0;0;0;0;0;1;0;0;0;0;1;1;0;0;0;0;0;0;0;0;1;0;0
02307;La Ferté-Milon;32;02;0;1;0;0;0;0;0;0;0;0;0;0;0;0;0;1;1;1;0;0;5;0;0;0;3;3;2;3;2;1;2;0;0;3;2;1;1
02308;Fesmy-le-Sart;32;02;0;0;0;0;0;0;0;0;0;0;0;0;0;0;0;0;0;0;0;1;0;0;0;0;1;0;1;1;0;0;0;0;0;0;0;0;0
02309;Festieux;32;02;0;0;0;0;0;0;0;0;0;0;0;0;0;0;0;0;0;0;0;0;2;0;0;0;3;0;2;2;3;0;0;0;0;3;0;0;0
02310;Fieulaine;32;02;0;0;0;0;0;0;0;0;0;0;0;0;0;0;0;0;0;0;0;0;0;0;0;0;0;0;0;1;0;0;0;0;0;0;0;0;1
02311;Filain;32;02;0;0;0;0;0;0;0;0;0;0;0;0;0;0;0;0;0;0;0;0;0;0;0;0;0;0;0;1;0;1;0;0;0;0;0;0;0
02312;La Flamengrie;32;02;0;0;0;0;0;0;0;0;0;0;0;0;0;0;0;0;0;0;0;0;2;0;0;0;1;0;2;1;1;0;1;0;0;1;0;0;0
02313;Flavigny-le-Grand-et-Beaurain;32;02;0;0;0;0;0;0;0;0;0;0;0;0;0;0;0;0;0;0;0;0;0;0;0;0;0;1;0;0;0;0;0;0;0;0;0;0;0
02315;Flavy-le-Martel;32;02;0;0;0;0;0;0;0;0;0;0;0;0;0;0;0;1;0;1;0;0;2;0;0;0;1;0;1;1;1;0;4;0;0;3;0;0;1
02316;Fleury;32;02;0;0;0;0;0;0;0;0;0;0;0;0;0;0;0;0;0;0;0;0;0;0;0;0;0;0;0;1;0;0;0;0;0;0;0;0;0
02317;Fluquières;32;02;0;0;0;0;0;0;0;0;0;0;0;0;0;0;0;0;0;0;0;0;0;0;0;0;0;0;1;0;0;0;0;0;0;0;0;0;0
02318;Folembray;32;02;0;0;0;0;0;0;0;0;0;0;0;0;0;0;0;0;0;1;0;0;2;0;0;2;2;1;0;2;0;1;2;0;0;1;0;0;1
02319;Fonsomme;32;02;0;0;0;0;0;0;0;0;0;0;0;0;0;0;0;0;0;0;0;0;0;0;0;0;1;0;1;1;0;2;0;0;0;0;0;0;2
02320;Fontaine-lès-Clercs;32;02;0;0;0;0;0;0;0;0;0;0;0;0;0;0;0;0;0;0;0;0;0;0;0;0;1;0;0;0;0;0;0;0;0;0;0;0;0
02321;Fontaine-lès-Vervins;32;02;0;0;0;0;0;0;0;0;0;0;0;0;0;0;0;0;1;0;0;0;3;0;0;0;3;2;0;2;2;0;2;0;0;4;0;0;1
02322;Fontaine-Notre-Dame;32;02;0;0;0;0;0;0;0;0;0;0;0;0;0;0;0;0;0;0;0;0;0;0;0;1;0;0;0;0;2;0;0;0;0;0;0;0;0
02323;Fontaine-Uterte;32;02;0;0;0;0;0;0;0;0;0;0;0;0;0;0;0;0;0;0;0;0;0;0;0;0;0;0;0;0;0;0;0;0;0;0;0;0;0
02324;Fontenelle;32;02;0;0;0;0;0;0;0;0;0;0;0;0;0;0;0;0;0;0;0;0;0;0;0;0;0;1;0;1;0;0;0;0;0;0;0;0;0
02326;Fontenoy;32;02;0;0;0;0;0;0;0;0;0;0;0;0;0;0;0;0;0;0;0;0;0;0;0;0;0;0;0;1;0;0;1;0;0;1;0;0;0
02327;Foreste;32;02;0;0;0;0;0;0;0;0;0;0;0;0;0;0;0;0;0;0;0;0;0;0;0;0;0;0;0;0;0;0;0;0;0;0;0;0;0
02328;Fossoy;32;02;0;0;0;0;0;0;0;0;0;0;0;0;0;0;0;0;0;0;0;0;0;0;0;0;2;1;0;0;0;0;0;0;0;2;0;0;1
02329;Fourdrain;32;02;0;0;0;0;0;0;0;0;0;0;0;0;0;0;0;0;0;0;0;0;0;0;0;0;1;0;1;2;2;0;0;0;0;0;0;0;0
02330;Francilly-Selency;32;02;0;0;0;0;0;0;0;0;0;0;0;0;0;0;0;0;0;0;0;0;0;0;0;0;1;0;0;0;0;1;0;1;0;0;0;0;0
02331;Franqueville;32;02;0;0;0;0;0;0;0;0;0;0;0;0;0;0;0;0;0;0;0;0;0;0;0;0;0;0;0;0;0;0;0;0;0;0;0;0;0
02332;Fresnes-en-Tardenois;32;02;0;0;0;0;0;0;0;0;0;0;0;0;0;0;0;0;0;0;0;0;0;0;0;0;0;0;1;1;0;0;0;0;0;0;0;0;0
02333;Fresnes;32;02;0;0;0;0;0;0;0;0;0;0;0;0;0;0;0;0;0;0;0;0;0;0;0;0;0;2;0;0;0;0;0;0;0;0;0;0;0
02334;Fresnoy-le-Grand;32;02;0;1;0;0;0;0;0;0;0;0;0;0;0;0;0;0;1;1;0;0;3;1;0;1;1;3;1;4;1;0;4;0;0;5;1;0;1
02335;Fressancourt;32;02;0;0;0;0;0;0;0;0;0;0;0;0;0;0;0;0;0;0;0;0;0;0;0;0;0;0;0;0;0;0;0;0;0;1;0;0;0
02336;Frières-Faillouël;32;02;0;0;0;0;0;0;0;0;0;0;0;0;0;0;0;0;0;0;0;0;0;0;0;0;2;0;0;3;1;1;2;0;0;0;0;0;0
02337;Froidestrées;32;02;0;0;0;0;0;0;0;0;0;0;0;0;0;0;0;0;0;0;0;0;0;0;0;0;0;0;0;0;0;0;0;0;0;0;0;0;0
02338;Froidmont-Cohartille;32;02;0;0;0;0;0;0;0;0;0;0;0;0;0;0;0;0;0;0;0;0;0;0;0;0;2;0;0;0;0;1;0;0;0;0;0;0;0
02339;Gandelu;32;02;0;0;0;0;0;0;0;0;0;0;0;0;0;0;0;0;0;0;0;1;2;0;0;0;3;0;0;0;0;0;0;0;0;0;0;0;0
02340;Gauchy;32;02;0;0;0;0;0;0;0;0;0;0;0;0;0;0;0;2;0;1;0;0;8;1;0;1;5;1;6;11;7;2;7;0;0;10;0;1;6
02341;Gercy;32;02;0;0;0;0;0;0;0;0;0;0;0;0;0;0;0;0;0;0;0;0;0;0;0;0;1;0;0;0;0;0;0;0;0;1;0;0;0
02342;Gergny;32;02;0;0;0;0;0;0;0;0;0;0;0;0;0;0;0;0;0;0;0;0;0;0;0;0;2;0;1;2;0;0;0;0;0;0;0;0;0
02343;Germaine;32;02;0;0;0;0;0;0;0;0;0;0;0;0;0;0;0;0;0;0;0;0;0;0;0;0;0;0;0;0;1;0;1;0;0;0;0;0;0
02344;Gernicourt;32;02;0;0;0;0;0;0;0;0;0;0;0;0;0;0;0;0;0;0;0;0;0;0;0;0;0;0;0;0;0;0;0;0;0;0;0;0;0
02345;Gibercourt;32;02;0;0;0;0;0;0;0;0;0;0;0;0;0;0;0;0;0;0;0;0;0;0;0;0;0;0;0;0;0;0;0;0;0;0;0;0;0
02346;Gizy;32;02;0;0;0;0;0;0;0;0;0;0;0;0;0;0;0;0;0;0;0;1;0;0;0;0;1;3;1;2;3;0;0;0;0;0;0;0;0
02347;Gland;32;02;0;0;0;0;0;0;0;0;0;0;0;0;0;0;0;0;0;0;0;0;0;0;0;0;0;1;1;2;1;0;2;0;0;0;0;0;0
02349;Goudelancourt-lès-Berrieux;32;02;0;0;0;0;0;0;0;0;0;0;0;0;0;0;0;0;0;0;0;0;1;0;0;0;0;1;0;0;0;0;0;0;0;0;0;0;0
02350;Goudelancourt-lès-Pierrepont;32;02;0;0;0;0;0;0;0;0;0;0;0;0;0;0;0;0;0;0;0;0;0;0;0;0;0;0;0;0;0;0;0;0;0;0;0;0;0
02351;Goussancourt;32;02;0;0;0;0;0;0;0;0;0;0;0;0;0;0;0;0;0;0;0;0;0;0;0;0;0;0;1;0;0;0;0;0;0;0;1;0;0
02352;Gouy;32;02;0;0;0;0;0;0;0;0;0;0;0;0;0;0;0;0;0;0;0;0;2;0;0;0;0;0;3;1;1;1;0;0;0;1;1;0;0
02353;Grandlup-et-Fay;32;02;0;0;0;0;0;0;0;0;0;0;0;0;0;0;0;0;0;0;0;0;1;0;0;0;0;0;0;1;0;0;1;0;0;0;0;0;0
02354;Grandrieux;32;02;0;0;0;0;0;0;0;0;0;0;0;0;0;0;0;0;0;0;0;0;0;0;0;0;0;0;0;0;0;0;0;0;0;0;0;0;0
02355;Gricourt;32;02;0;0;0;0;0;0;0;0;0;0;0;0;0;0;0;0;0;0;0;0;0;0;0;0;1;0;1;3;0;0;2;0;0;0;1;0;1
02356;Grisolles;32;02;0;0;0;0;0;0;0;0;0;0;0;0;0;0;0;0;0;0;0;0;0;0;0;0;0;0;1;0;0;0;0;0;0;0;0;0;0
02357;Gronard;32;02;0;0;0;0;0;0;0;0;0;0;0;0;0;0;0;0;0;0;0;0;2;0;0;0;0;0;0;0;0;0;0;0;0;0;0;0;0
02358;Grougis;32;02;0;0;0;0;0;0;0;0;0;0;0;0;0;0;0;0;0;0;0;1;0;0;0;0;1;0;0;0;1;1;0;0;0;0;0;0;0
02359;Grugies;32;02;0;0;0;0;0;0;0;0;0;0;0;0;0;0;0;0;0;1;0;0;2;0;0;0;2;0;0;1;1;0;1;0;0;0;0;0;0
02360;Guignicourt;32;02;0;1;0;0;0;0;0;0;0;0;1;0;0;0;0;3;0;1;0;0;4;1;0;1;4;1;0;3;2;0;3;2;0;4;1;1;3
02361;Guise;32;02;0;1;0;0;0;0;0;0;0;0;2;2;0;0;0;9;3;1;0;0;5;2;0;4;2;2;5;3;0;1;9;3;0;15;1;1;3
02362;Guivry;32;02;0;0;0;0;0;0;0;0;0;0;0;0;0;0;0;0;0;0;0;0;0;0;0;0;1;0;0;0;2;0;1;0;0;0;1;0;0
02363;Guny;32;02;0;0;0;0;0;0;0;0;0;0;0;0;0;0;0;0;0;0;0;0;0;0;0;0;1;2;1;1;0;1;0;0;0;1;0;0;0
02364;Guyencourt;32;02;0;0;0;0;0;0;0;0;0;0;0;0;0;0;0;0;0;0;0;0;0;0;0;0;0;0;0;2;0;0;0;0;0;0;0;0;0
02366;Hannapes;32;02;0;0;0;0;0;0;0;0;0;0;0;0;0;0;0;0;0;0;0;0;0;0;0;0;0;0;0;0;0;0;0;0;0;0;0;0;0
02367;Happencourt;32;02;0;0;0;0;0;0;0;0;0;0;0;0;0;0;0;0;0;0;0;0;0;0;0;0;0;0;0;0;0;0;0;0;0;0;0;0;0
02368;Haramont;32;02;0;0;0;0;0;0;0;0;0;0;0;0;0;0;0;0;0;0;0;0;0;0;0;0;2;0;2;1;0;0;0;0;0;0;0;0;0
02369;Harcigny;32;02;0;0;0;0;0;0;0;0;0;0;0;0;0;0;0;0;0;0;0;0;0;0;0;0;1;0;0;0;0;0;0;0;0;0;1;0;0
02370;Hargicourt;32;02;0;0;0;0;0;0;0;0;0;0;0;0;0;0;0;0;1;0;0;1;0;0;0;0;0;0;0;1;1;0;0;0;0;2;0;0;0
02371;Harly;32;02;0;0;0;0;0;0;0;0;0;0;0;0;0;0;0;0;0;0;0;0;0;0;0;0;0;1;0;2;1;1;4;1;0;1;0;1;1
02372;Hartennes-et-Taux;32;02;0;0;0;0;0;0;0;0;0;0;0;0;0;0;0;0;0;0;0;1;1;1;0;0;0;0;1;1;1;0;0;0;0;1;0;0;1
02373;Hary;32;02;0;0;0;0;0;0;0;0;0;0;0;0;0;0;0;0;0;0;0;0;0;0;0;0;0;1;2;0;0;0;1;0;0;0;0;0;0
02374;Lehaucourt;32;02;0;0;0;0;0;0;0;0;0;0;0;0;0;0;0;0;0;0;0;1;0;0;0;0;0;0;0;0;0;0;3;0;0;0;0;0;0
02375;Hautevesnes;32;02;0;0;0;0;0;0;0;0;0;0;0;0;0;0;0;0;0;0;0;0;0;0;0;0;0;1;0;1;0;0;0;0;0;0;0;0;1
02376;Hauteville;32;02;0;0;0;0;0;0;0;0;0;0;0;0;0;0;0;0;0;0;0;0;0;0;0;0;0;0;0;0;0;0;0;0;0;0;0;0;0
02377;Haution;32;02;0;0;0;0;0;0;0;0;0;0;0;0;0;0;0;0;0;0;0;0;0;0;0;0;0;0;0;0;0;0;0;0;0;0;0;0;0
02378;La Hérie;32;02;0;0;0;0;0;0;0;0;0;0;0;0;0;0;0;0;0;0;0;0;0;0;0;0;0;0;0;1;0;0;2;0;0;0;0;0;0
02379;Le Hérie-la-Viéville;32;02;0;0;0;0;0;0;0;0;0;0;0;0;0;0;0;0;0;0;0;0;1;0;0;0;0;0;0;0;0;0;0;0;0;0;0;0;0
02380;Hinacourt;32;02;0;0;0;0;0;0;0;0;0;0;0;0;0;0;0;0;0;0;0;0;0;0;0;0;0;0;0;0;0;0;0;0;0;0;0;0;0
02381;Hirson;32;02;0;1;0;0;0;0;0;0;0;0;4;1;0;0;0;7;3;1;0;1;5;3;0;4;5;1;5;7;3;0;13;2;1;17;4;3;4
02382;Holnon;32;02;0;0;0;0;0;0;0;0;0;0;0;0;0;0;0;0;1;1;0;0;2;0;1;0;1;1;1;2;1;0;2;0;0;1;0;0;0
02383;Homblières;32;02;0;0;0;0;0;0;0;0;0;0;0;0;0;0;0;0;0;0;1;0;0;0;0;0;0;0;1;1;1;2;3;0;0;2;0;0;0
02384;Houry;32;02;0;0;0;0;0;0;0;0;0;0;0;0;0;0;0;0;0;0;0;0;0;0;0;0;0;0;0;0;0;0;0;0;0;0;0;0;0
02385;Housset;32;02;0;0;0;0;0;0;0;0;0;0;0;0;0;0;0;0;0;0;0;0;0;0;0;0;0;0;0;0;0;0;0;0;0;0;0;0;0
02386;Iron;32;02;0;0;0;0;0;0;0;0;0;0;0;0;0;0;0;0;0;0;0;0;2;0;0;0;0;0;0;0;0;0;1;0;0;0;0;0;0
02387;Itancourt;32;02;0;0;0;0;0;0;0;0;0;0;0;0;0;0;0;0;0;0;0;0;0;0;0;0;0;0;1;0;1;0;1;0;0;0;0;0;2
02388;Iviers;32;02;0;0;0;0;0;0;0;0;0;0;0;0;0;0;0;0;0;0;0;0;2;0;0;0;0;0;0;1;0;0;0;0;0;0;0;0;0
02389;Jaulgonne;32;02;0;0;0;0;0;0;0;0;0;0;0;0;0;0;0;0;0;1;0;0;0;0;0;0;2;1;1;2;2;1;1;0;0;1;1;0;1
02390;Jeancourt;32;02;0;0;0;0;0;0;0;0;0;0;0;0;0;0;0;0;0;0;0;0;1;0;0;0;0;0;0;0;0;0;0;0;0;0;0;0;0
02391;Jeantes;32;02;0;0;0;0;0;0;0;0;0;0;0;0;0;0;0;0;0;0;0;0;0;0;0;0;1;0;0;0;0;0;0;0;0;0;0;0;0
02392;Joncourt;32;02;0;0;0;0;0;0;0;0;0;0;0;0;0;0;0;0;0;0;0;0;0;0;0;0;0;0;0;0;1;0;0;0;0;0;0;0;0
02393;Jouaignes;32;02;0;0;0;0;0;0;0;0;0;0;0;0;0;0;0;0;0;0;0;0;2;0;0;0;0;0;1;1;0;0;0;0;0;0;0;0;0
02395;Jumencourt;32;02;0;0;0;0;0;0;0;0;0;0;0;0;0;0;0;0;0;0;0;0;0;0;0;0;0;1;0;0;0;0;0;0;0;0;0;0;0
02396;Jumigny;32;02;0;0;0;0;0;0;0;0;0;0;0;0;0;0;0;0;0;0;0;0;0;0;0;0;0;0;0;0;0;0;0;0;0;0;0;0;0
02397;Jussy;32;02;0;0;0;0;0;0;0;0;0;0;0;0;0;0;0;0;0;0;0;1;3;0;0;0;2;1;0;0;1;0;2;0;0;1;0;0;1
02398;Juvigny;32;02;0;0;0;0;0;0;0;0;0;0;0;0;0;0;0;0;1;0;0;0;0;0;0;0;0;0;0;0;0;0;0;0;0;0;0;0;0
02399;Juvincourt-et-Damary;32;02;0;0;0;0;0;0;0;0;0;0;0;0;0;0;0;0;0;0;0;0;1;0;0;0;0;0;0;0;1;0;1;0;0;1;0;0;0
02400;Laffaux;32;02;0;0;0;0;0;0;0;0;0;0;0;0;0;0;0;0;0;0;0;0;0;0;0;0;0;0;0;0;0;0;0;0;0;0;0;0;0
02401;Laigny;32;02;0;0;0;0;0;0;0;0;0;0;0;0;0;0;0;0;0;0;0;0;0;0;0;0;1;0;0;0;2;0;0;0;0;1;0;0;0
02402;Lanchy;32;02;0;0;0;0;0;0;0;0;0;0;0;0;0;0;0;0;0;0;0;0;0;0;0;0;0;0;0;0;0;0;0;0;0;0;0;0;0
02403;Landifay-et-Bertaignemont;32;02;0;0;0;0;0;0;0;0;0;0;0;0;0;0;0;0;0;0;0;0;0;0;0;0;0;0;0;0;1;0;0;0;0;0;0;0;0
02404;Landouzy-la-Cour;32;02;0;0;0;0;0;0;0;0;0;0;0;0;0;0;0;0;0;0;0;0;0;0;0;0;0;0;0;0;1;0;0;0;0;0;0;0;0
02405;Landouzy-la-Ville;32;02;0;0;0;0;0;0;0;0;0;0;0;0;0;0;0;0;0;0;0;1;0;0;0;0;0;0;1;2;0;1;0;0;0;0;0;0;0
02406;Landricourt;32;02;0;0;0;0;0;0;0;0;0;0;0;0;0;0;0;0;0;0;0;0;0;0;0;0;0;0;1;1;2;0;0;0;0;0;0;0;0
02407;Laniscourt;32;02;0;0;0;0;0;0;0;0;0;0;0;0;0;0;0;0;0;0;0;0;0;0;0;0;2;0;1;0;0;0;0;0;0;0;0;0;0
02408;Laon;32;02;3;1;0;1;1;1;0;0;0;0;11;1;0;0;0;18;6;4;0;0;27;5;4;9;27;20;20;27;16;13;40;7;5;86;23;5;16
02409;Lappion;32;02;0;0;0;0;0;0;0;0;0;0;0;0;0;0;0;0;0;0;0;0;0;0;0;0;1;1;0;0;0;0;0;0;0;0;0;0;0
02410;Largny-sur-Automne;32;02;0;0;0;0;0;0;0;0;0;0;0;0;0;0;0;0;0;0;0;0;0;0;0;0;1;0;1;1;0;0;1;0;0;0;0;0;0
02411;Latilly;32;02;0;0;0;0;0;0;0;0;0;0;0;0;0;0;0;0;0;0;0;0;0;0;0;0;0;1;0;0;0;0;0;0;0;1;0;0;0
02412;Launoy;32;02;0;0;0;0;0;0;0;0;0;0;0;0;0;0;0;0;0;0;0;0;0;0;0;0;0;0;0;0;0;0;0;0;0;0;0;0;0
02413;Laval-en-Laonnois;32;02;0;0;0;0;0;0;0;0;0;0;0;0;0;0;0;0;0;0;0;0;0;0;0;0;3;1;0;2;0;0;0;0;0;0;0;0;0
02414;Lavaqueresse;32;02;0;0;0;0;0;0;0;0;0;0;0;0;0;0;0;0;0;0;0;0;0;0;0;0;0;0;0;0;0;0;0;0;0;0;0;0;0
02415;Laversine;32;02;0;0;0;0;0;0;0;0;0;0;0;0;0;0;0;0;0;0;0;0;1;0;0;0;0;0;0;1;0;0;0;0;0;0;0;0;0
02416;Lemé;32;02;0;0;0;0;0;0;0;0;0;0;0;0;0;0;0;0;0;0;0;1;0;0;0;0;2;0;0;3;1;0;0;0;0;0;0;0;0
02417;Lempire;32;02;0;0;0;0;0;0;0;0;0;0;0;0;0;0;0;0;0;0;0;0;0;0;0;0;0;0;1;0;1;0;0;0;0;0;0;0;0
02418;Lerzy;32;02;0;0;0;0;0;0;0;0;0;0;0;0;0;0;0;0;0;0;0;0;0;0;0;0;0;0;0;1;0;0;0;0;0;0;0;0;0
02419;Leschelle;32;02;0;0;0;0;0;0;0;0;0;0;0;0;0;0;0;0;0;0;0;0;0;0;0;0;0;0;1;1;0;0;1;0;0;1;0;0;0
02420;Lesdins;32;02;0;0;0;0;0;0;0;0;0;0;0;0;0;0;0;0;0;0;1;0;1;0;0;0;0;0;0;5;2;0;1;0;0;0;0;0;0
02421;Lesges;32;02;0;0;0;0;0;0;0;0;0;0;0;0;0;0;0;0;0;0;0;0;0;0;0;0;0;0;0;0;0;0;0;0;0;0;0;0;0
02422;Lesquielles-Saint-Germain;32;02;0;0;0;0;0;0;0;0;0;0;0;0;0;0;0;0;0;0;1;0;0;0;0;0;1;0;0;0;0;0;0;0;0;0;0;0;0
02423;Leuilly-sous-Coucy;32;02;0;0;0;0;0;0;0;0;0;0;0;0;0;0;0;0;0;0;0;0;0;0;0;0;1;0;0;0;1;0;0;0;0;0;0;0;1
02424;Leury;32;02;0;0;0;0;0;0;0;0;0;0;0;0;0;0;0;0;0;0;0;0;0;0;0;0;0;0;0;0;0;0;0;0;0;0;0;0;0
02425;Leuze;32;02;0;0;0;0;0;0;0;0;0;0;0;0;0;0;0;0;0;0;0;0;0;0;0;0;0;0;0;0;0;0;0;0;0;0;0;0;0
02426;Levergies;32;02;0;0;0;0;0;0;0;0;0;0;0;0;0;0;0;0;0;0;0;1;0;0;0;0;0;0;1;3;0;0;0;0;0;0;0;0;1
02427;Lhuys;32;02;0;0;0;0;0;0;0;0;0;0;0;0;0;0;0;0;0;0;0;0;0;0;0;0;0;0;0;0;0;0;0;0;0;0;0;0;0
02428;Licy-Clignon;32;02;0;0;0;0;0;0;0;0;0;0;0;0;0;0;0;0;0;0;0;0;0;0;0;0;0;0;0;0;0;0;0;0;0;0;0;0;0
02429;Lierval;32;02;0;0;0;0;0;0;0;0;0;0;0;0;0;0;0;0;0;0;0;0;0;0;0;0;1;0;0;0;0;0;0;0;0;0;0;0;0
02430;Liesse-Notre-Dame;32;02;0;0;0;0;0;0;0;0;0;0;1;0;0;0;0;1;0;1;0;0;1;0;0;0;0;3;0;1;0;0;4;0;0;2;0;0;1
02431;Liez;32;02;0;0;0;0;0;0;0;0;0;0;0;0;0;0;0;0;0;0;0;0;0;0;0;0;0;0;0;0;0;1;1;0;0;0;0;0;0
02432;Limé;32;02;0;0;0;0;0;0;0;0;0;0;0;0;0;0;0;0;0;0;0;0;0;0;0;0;1;0;1;0;0;0;0;0;0;0;0;0;1
02433;Lislet;32;02;0;0;0;0;0;0;0;0;0;0;0;0;0;0;0;0;0;0;0;0;2;0;0;0;0;0;0;1;0;0;0;0;0;1;0;0;0
02434;Lizy;32;02;0;0;0;0;0;0;0;0;0;0;0;0;0;0;0;0;0;0;0;0;0;0;0;0;0;0;0;0;0;0;0;0;0;1;0;0;0
02435;Logny-lès-Aubenton;32;02;0;0;0;0;0;0;0;0;0;0;0;0;0;0;0;0;0;0;0;0;0;0;0;0;0;0;1;0;0;0;0;0;0;0;0;0;0
02438;Longpont;32;02;0;0;0;0;0;0;0;0;0;0;0;0;0;0;0;0;0;0;0;0;0;0;0;0;0;1;0;0;0;1;0;0;0;2;0;0;0
02439;Les Septvallons;32;02;0;0;0;0;0;0;0;0;0;0;0;0;0;0;0;0;0;0;0;0;4;0;0;1;8;2;2;6;3;5;2;0;0;1;0;0;0
02440;Lor;32;02;0;0;0;0;0;0;0;0;0;0;0;0;0;0;0;0;0;0;0;0;0;0;0;0;0;0;0;0;0;0;0;0;0;1;0;0;0
02441;Louâtre;32;02;0;0;0;0;0;0;0;0;0;0;0;0;0;0;0;0;0;0;0;0;1;0;0;0;0;0;0;0;0;0;0;0;0;0;1;0;0
02442;Loupeigne;32;02;0;0;0;0;0;0;0;0;0;0;0;0;0;0;0;0;0;0;0;0;0;0;0;0;0;1;0;0;0;0;1;0;0;0;0;0;0
02443;Lucy-le-Bocage;32;02;0;0;0;0;0;0;0;0;0;0;0;0;0;0;0;0;0;0;0;0;1;0;0;0;1;0;0;0;0;0;0;0;0;0;1;0;0
02444;Lugny;32;02;0;0;0;0;0;0;0;0;0;0;0;0;0;0;0;0;0;0;0;0;0;0;0;0;0;0;0;1;0;0;0;0;0;0;0;0;0
02445;Luzoir;32;02;0;0;0;0;0;0;0;0;0;0;0;0;0;0;0;0;0;0;0;0;3;0;0;0;0;0;0;1;0;0;0;0;0;0;0;0;0
02446;Ly-Fontaine;32;02;0;0;0;0;0;0;0;0;0;0;0;0;0;0;0;0;0;0;0;0;0;0;0;0;0;0;1;0;0;0;0;0;0;0;0;0;0
02447;Maast-et-Violaine;32;02;0;0;0;0;0;0;0;0;0;0;0;0;0;0;0;0;0;0;0;0;0;0;0;0;0;0;0;0;0;0;0;0;0;0;0;0;0
02448;Mâchecourt;32;02;0;0;0;0;0;0;0;0;0;0;0;0;0;0;0;0;0;0;0;0;0;0;0;0;0;0;0;0;0;0;0;0;0;0;0;0;0
02449;Macogny;32;02;0;0;0;0;0;0;0;0;0;0;0;0;0;0;0;0;0;0;0;0;0;0;0;0;0;0;0;0;0;0;0;0;0;0;0;0;0
02450;Macquigny;32;02;0;0;0;0;0;0;0;0;0;0;0;0;0;0;0;0;0;0;0;0;0;0;0;0;0;1;0;1;1;1;0;0;0;3;0;0;0
02451;Magny-la-Fosse;32;02;0;0;0;0;0;0;0;0;0;0;0;0;0;0;0;0;0;0;0;0;1;0;0;0;0;0;0;0;0;0;0;0;0;0;0;0;0
02452;Maissemy;32;02;0;0;0;0;0;0;0;0;0;0;0;0;0;0;0;0;0;0;0;0;0;0;0;0;0;0;0;1;1;0;1;0;0;0;0;0;0
02453;Maizy;32;02;0;0;0;0;0;0;0;0;0;0;0;0;0;0;0;0;0;0;0;0;1;0;0;0;0;0;0;0;0;0;0;0;0;0;0;0;0
02454;La Malmaison;32;02;0;0;0;0;0;0;0;0;0;0;0;0;0;0;0;0;0;0;0;1;0;0;0;0;1;0;1;0;1;0;0;0;0;0;0;0;0
02455;Malzy;32;02;0;0;0;0;0;0;0;0;0;0;0;0;0;0;0;0;0;0;0;0;0;0;0;0;1;0;1;0;0;0;0;0;0;0;0;0;0
02456;Manicamp;32;02;0;0;0;0;0;0;0;0;0;0;0;0;0;0;0;0;0;0;0;0;1;0;0;0;0;1;0;0;0;0;0;0;0;0;0;0;0
02457;Marchais;32;02;0;0;0;0;0;0;0;0;0;0;0;0;0;0;0;0;0;0;0;0;0;0;0;0;3;0;0;0;0;0;0;0;0;0;0;0;0
02458;Dhuys et Morin-en-Brie;32;02;0;0;0;0;0;0;0;0;0;0;0;0;0;0;0;0;0;0;0;0;2;0;0;0;2;0;0;2;3;0;1;0;0;0;1;0;0
02459;Marcy;32;02;0;0;0;0;0;0;0;0;0;0;0;0;0;0;0;0;0;0;0;0;0;0;0;0;0;1;0;1;0;0;0;0;0;0;0;0;0
02460;Marcy-sous-Marle;32;02;0;0;0;0;0;0;0;0;0;0;0;0;0;0;0;0;0;0;0;0;0;0;0;0;0;0;0;0;0;0;0;0;0;0;0;0;0
02461;Marest-Dampcourt;32;02;0;0;0;0;0;0;0;0;0;0;0;0;0;0;0;0;0;0;0;0;1;0;0;0;2;1;0;0;1;0;1;0;0;2;0;0;0
02462;Mareuil-en-Dôle;32;02;0;0;0;0;0;0;0;0;0;0;0;0;0;0;0;0;0;0;0;0;0;0;0;0;1;0;0;0;0;1;0;0;0;0;1;0;0
02463;Marfontaine;32;02;0;0;0;0;0;0;0;0;0;0;0;0;0;0;0;0;0;0;0;0;0;0;0;0;1;0;0;0;0;0;0;0;0;0;0;0;0
02464;Margival;32;02;0;0;0;0;0;0;0;0;0;0;0;0;0;0;0;0;0;0;0;0;1;0;0;0;2;1;0;1;1;1;1;0;0;1;0;0;1
02465;Marigny-en-Orxois;32;02;0;0;0;0;0;0;0;0;0;0;0;0;0;0;0;0;0;0;0;0;0;0;0;0;0;0;0;3;2;1;1;0;0;0;0;0;0
02466;Marizy-Sainte-Geneviève;32;02;0;0;0;0;0;0;0;0;0;0;0;0;0;0;0;0;0;0;0;0;0;0;0;0;0;1;0;0;0;0;1;0;0;0;0;0;0
02467;Marizy-Saint-Mard;32;02;0;0;0;0;0;0;0;0;0;0;0;0;0;0;0;0;0;0;0;0;0;0;0;0;0;0;0;0;0;0;0;0;0;1;0;0;0
02468;Marle;32;02;0;1;0;0;0;0;0;0;0;0;1;0;0;0;0;3;2;1;0;0;2;1;0;2;2;5;0;5;1;1;5;1;0;3;0;0;0
02469;Marly-Gomont;32;02;0;0;0;0;0;0;0;0;0;0;0;0;0;0;0;0;0;1;0;0;1;0;0;0;0;0;0;2;1;0;1;2;0;1;0;0;0
02470;Martigny;32;02;0;0;0;0;0;0;0;0;0;0;0;0;0;0;0;0;0;0;1;0;1;0;0;0;0;0;0;1;0;0;1;0;0;0;0;0;0
02471;Martigny-Courpierre;32;02;0;0;0;0;0;0;0;0;0;0;0;0;0;0;0;0;0;0;0;0;0;0;0;0;0;0;0;0;0;0;0;0;0;2;0;0;0
02472;Mauregny-en-Haye;32;02;0;0;0;0;0;0;0;0;0;0;0;0;0;0;0;0;0;0;0;0;0;0;0;0;4;1;2;0;2;0;0;0;0;0;2;0;0
02473;Mayot;32;02;0;0;0;0;0;0;0;0;0;0;0;0;0;0;0;0;0;0;0;0;0;0;0;0;0;1;1;0;0;0;1;0;0;0;0;0;0
02474;Mennessis;32;02;0;0;0;0;0;0;0;0;0;0;0;0;0;0;0;0;0;0;0;0;0;0;0;0;0;0;1;0;0;1;0;0;0;0;0;0;0
02475;Menneville;32;02;0;0;0;0;0;0;0;0;0;0;0;0;0;0;0;0;0;0;0;0;1;0;0;0;0;0;0;1;0;0;0;0;0;0;0;0;0
02476;Mennevret;32;02;0;0;0;0;0;0;0;0;0;0;0;0;0;0;0;0;0;0;0;1;2;0;0;0;1;0;0;0;0;0;1;0;0;0;0;0;0
02477;Mercin-et-Vaux;32;02;0;0;0;0;0;0;0;0;0;0;0;0;0;0;0;0;0;0;0;1;4;0;1;0;3;0;1;2;3;1;0;0;0;3;1;0;0
02478;Merlieux-et-Fouquerolles;32;02;0;0;0;0;0;0;0;0;0;0;0;0;0;0;0;0;0;0;0;0;0;0;0;0;0;0;0;0;0;0;0;0;0;1;0;0;0
02480;Mesbrecourt-Richecourt;32;02;0;0;0;0;0;0;0;0;0;0;0;0;0;0;0;0;0;0;0;0;0;0;0;0;0;0;0;0;0;0;1;0;0;0;0;0;0
02481;Mesnil-Saint-Laurent;32;02;0;0;0;0;0;0;0;0;0;0;0;0;0;0;0;0;0;0;0;0;1;0;0;0;1;0;0;0;0;0;0;0;0;1;1;0;0
02482;Meurival;32;02;0;0;0;0;0;0;0;0;0;0;0;0;0;0;0;0;0;0;0;0;0;0;0;0;0;0;0;0;0;0;0;0;0;0;0;0;0
02483;Mézières-sur-Oise;32;02;0;0;0;0;0;0;0;0;0;0;0;0;0;0;0;0;0;0;0;1;0;0;0;0;0;0;0;0;0;1;2;0;0;0;0;0;0
02484;Mézy-Moulins;32;02;0;0;0;0;0;0;0;0;0;0;0;0;0;0;0;0;0;0;0;0;0;0;0;0;3;1;2;0;0;0;0;0;0;1;0;0;0
02485;Missy-aux-Bois;32;02;0;0;0;0;0;0;0;0;0;0;0;0;0;0;0;0;0;0;0;0;0;0;0;0;1;0;0;1;0;0;0;0;0;0;0;0;0
02486;Missy-lès-Pierrepont;32;02;0;0;0;0;0;0;0;0;0;0;0;0;0;0;0;0;0;0;0;0;0;0;0;0;0;0;0;0;0;0;0;0;0;0;0;0;0
02487;Missy-sur-Aisne;32;02;0;0;0;0;0;0;0;0;0;0;0;0;0;0;0;0;0;0;0;0;1;0;0;0;0;1;1;0;0;0;1;0;0;1;0;0;0
02488;Molain;32;02;0;0;0;0;0;0;0;0;0;0;0;0;0;0;0;0;0;0;0;0;0;0;0;0;0;0;0;0;0;0;0;0;0;0;0;0;0
02489;Molinchart;32;02;0;0;0;0;0;0;0;0;0;0;0;0;0;0;0;0;0;0;0;0;0;0;0;0;0;0;0;1;0;0;0;0;0;0;0;0;0
02490;Monampteuil;32;02;0;0;0;0;0;0;0;0;0;0;0;0;0;0;0;0;0;0;0;0;0;0;0;0;0;0;1;0;0;0;0;0;0;0;0;0;0
02491;Monceau-le-Neuf-et-Faucouzy;32;02;0;0;0;0;0;0;0;0;0;0;0;0;0;0;0;0;0;0;0;1;0;0;0;0;1;0;0;1;0;0;0;0;0;0;0;0;0
02492;Monceau-lès-Leups;32;02;0;0;0;0;0;0;0;0;0;0;0;0;0;0;0;0;0;0;0;0;0;0;0;0;2;0;0;2;0;0;1;0;0;1;0;0;0
02493;Monceau-le-Waast;32;02;0;0;0;0;0;0;0;0;0;0;0;0;0;0;0;0;0;0;0;0;0;0;0;0;1;0;1;0;0;0;0;0;0;0;0;0;0
02494;Monceau-sur-Oise;32;02;0;0;0;0;0;0;0;0;0;0;0;0;0;0;0;0;0;0;0;0;0;0;0;0;0;0;0;0;0;0;0;0;0;0;0;0;0
02495;Mondrepuis;32;02;0;0;0;0;0;0;0;0;0;0;0;0;0;0;0;0;0;0;0;1;1;0;0;0;1;0;0;2;1;0;1;0;0;1;0;0;0
02496;Monnes;32;02;0;0;0;0;0;0;0;0;0;0;0;0;0;0;0;0;0;0;0;0;0;0;0;0;0;0;0;1;0;0;0;0;0;0;0;0;0
02497;Mons-en-Laonnois;32;02;0;0;0;0;0;0;0;0;0;0;0;0;0;0;0;0;0;0;0;1;2;0;0;0;1;0;0;0;1;0;2;0;0;0;1;0;0
02498;Montaigu;32;02;0;0;0;0;0;0;0;0;0;0;0;0;0;0;0;0;0;0;1;0;1;0;0;0;3;0;2;2;0;1;2;0;0;0;0;0;1
02499;Montbavin;32;02;0;0;0;0;0;0;0;0;0;0;0;0;0;0;0;0;0;0;0;0;0;0;0;0;0;0;0;0;0;0;0;0;0;0;0;0;0
02500;Montbrehain;32;02;0;0;0;0;0;0;0;0;0;0;0;0;0;0;0;0;0;0;0;1;2;0;0;0;1;0;0;1;0;0;2;0;0;0;1;0;0
02501;Montchâlons;32;02;0;0;0;0;0;0;0;0;0;0;0;0;0;0;0;0;0;0;0;0;0;0;0;0;0;0;1;0;0;0;0;0;0;0;0;0;0
02502;Montcornet;32;02;0;1;0;0;0;0;0;0;0;0;0;0;0;0;0;3;0;1;0;0;3;1;0;1;4;2;0;2;1;0;5;1;0;3;0;0;0
02503;Mont-d'Origny;32;02;0;0;0;0;0;0;0;0;0;0;0;0;0;0;0;0;0;0;0;0;2;0;0;0;3;0;1;0;0;0;0;2;0;0;0;0;0
02504;Montescourt-Lizerolles;32;02;0;0;0;0;0;0;0;0;0;0;0;0;0;0;0;0;1;1;0;0;0;0;0;1;0;1;0;3;1;0;1;0;0;2;0;0;1
02505;Montfaucon;32;02;0;0;0;0;0;0;0;0;0;0;0;0;0;0;0;0;0;0;0;0;0;0;0;0;1;0;0;0;0;0;0;0;0;0;0;0;2
02506;Montgobert;32;02;0;0;0;0;0;0;0;0;0;0;0;0;0;0;0;0;0;0;0;0;0;0;0;0;0;0;1;0;0;0;0;0;0;0;0;0;0
02507;Montgru-Saint-Hilaire;32;02;0;0;0;0;0;0;0;0;0;0;0;0;0;0;0;0;0;0;0;0;0;0;0;0;0;0;0;0;0;0;0;0;0;0;0;0;0
02508;Monthenault;32;02;0;0;0;0;0;0;0;0;0;0;0;0;0;0;0;0;0;0;0;0;0;0;0;0;0;0;0;0;0;0;0;0;0;0;0;0;0
02509;Monthiers;32;02;0;0;0;0;0;0;0;0;0;0;0;0;0;0;0;0;0;0;0;0;0;0;0;0;0;1;0;0;0;0;0;0;0;2;0;0;0
02510;Monthurel;32;02;0;0;0;0;0;0;0;0;0;0;0;0;0;0;0;0;0;0;0;0;0;0;0;0;0;0;0;0;0;0;0;0;0;0;0;0;0
02511;Montigny-en-Arrouaise;32;02;0;0;0;0;0;0;0;0;0;0;0;0;0;0;0;0;0;0;0;1;0;0;0;0;0;0;0;0;0;0;0;0;0;0;0;0;0
02512;Montigny-l'Allier;32;02;0;0;0;0;0;0;0;0;0;0;0;0;0;0;0;0;0;0;0;0;0;0;0;0;0;0;0;0;0;0;0;0;0;0;0;0;0
02513;Montigny-le-Franc;32;02;0;0;0;0;0;0;0;0;0;0;0;0;0;0;0;0;0;0;0;0;1;0;0;0;0;0;0;0;0;0;0;0;0;0;0;0;0
02514;Montigny-Lengrain;32;02;0;0;0;0;0;0;0;0;0;0;0;0;0;0;0;0;0;0;0;0;2;0;0;0;0;1;1;0;0;0;1;0;1;0;1;0;0
02515;Montigny-lès-Condé;32;02;0;0;0;0;0;0;0;0;0;0;0;0;0;0;0;0;0;0;0;0;0;0;0;0;0;0;0;0;0;0;0;0;0;0;0;0;0
02516;Montigny-sous-Marle;32;02;0;0;0;0;0;0;0;0;0;0;0;0;0;0;0;0;0;0;0;0;0;0;0;0;0;0;0;0;0;0;0;0;0;0;0;0;0
02517;Montigny-sur-Crécy;32;02;0;0;0;0;0;0;0;0;0;0;0;0;0;0;0;0;0;0;0;0;1;0;0;0;0;0;0;1;0;0;0;0;0;0;0;0;0
02518;Montlevon;32;02;0;0;0;0;0;0;0;0;0;0;0;0;0;0;0;0;0;0;0;0;0;0;0;0;0;0;0;1;0;0;0;0;0;0;0;0;0
02519;Montloué;32;02;0;0;0;0;0;0;0;0;0;0;0;0;0;0;0;0;0;0;0;0;0;0;0;0;1;0;0;0;0;0;0;0;0;0;0;0;0
02520;Mont-Notre-Dame;32;02;0;0;0;0;0;0;0;0;0;0;0;0;0;0;0;0;0;0;0;1;2;0;0;0;4;0;0;0;1;0;0;0;0;0;0;0;0
02521;Montreuil-aux-Lions;32;02;0;0;0;0;0;0;0;0;0;0;0;0;0;0;0;0;0;0;0;1;3;0;1;0;1;3;3;5;4;0;3;0;0;1;5;0;0
02522;Mont-Saint-Jean;32;02;0;0;0;0;0;0;0;0;0;0;0;0;0;0;0;0;0;0;0;0;0;0;0;0;0;0;0;0;0;0;0;0;0;0;0;0;0
02523;Mont-Saint-Martin;32;02;0;0;0;0;0;0;0;0;0;0;0;0;0;0;0;0;0;0;0;0;0;0;0;0;0;0;0;0;0;0;0;0;0;0;1;0;0
02524;Mont-Saint-Père;32;02;0;0;0;0;0;0;0;0;0;0;0;0;0;0;0;0;0;0;0;0;2;0;0;0;1;1;1;1;1;1;0;0;0;0;1;0;0
02525;Morcourt;32;02;0;0;0;0;0;0;0;0;0;0;0;0;0;0;0;0;0;0;1;0;1;0;0;1;0;1;2;0;0;0;0;0;0;0;0;0;0
02526;Morgny-en-Thiérache;32;02;0;0;0;0;0;0;0;0;0;0;0;0;0;0;0;0;0;0;0;0;0;0;0;0;0;0;0;0;0;0;0;0;0;0;1;0;0
02527;Morsain;32;02;0;0;0;0;0;0;0;0;0;0;0;0;0;0;0;0;0;0;1;0;1;0;0;0;4;0;0;0;1;0;0;0;0;0;0;0;0
02528;Mortefontaine;32;02;0;0;0;0;0;0;0;0;0;0;0;0;0;0;0;0;0;0;0;0;0;0;0;0;0;0;0;0;0;1;0;1;0;0;0;0;0
02529;Mortiers;32;02;0;0;0;0;0;0;0;0;0;0;0;0;0;0;0;0;0;0;0;0;0;0;0;0;1;0;0;0;0;0;0;0;0;0;0;0;0
02530;Moulins;32;02;0;0;0;0;0;0;0;0;0;0;0;0;0;0;0;0;0;0;0;0;0;0;0;0;0;0;0;1;0;0;0;0;0;0;1;0;0
02531;Moussy-Verneuil;32;02;0;0;0;0;0;0;0;0;0;0;0;0;0;0;0;0;0;0;0;0;0;0;0;0;0;0;0;0;0;0;0;0;0;0;0;0;0
02532;Moÿ-de-l'Aisne;32;02;0;1;0;0;0;0;0;0;0;0;1;0;0;0;0;0;0;1;0;0;3;0;0;0;2;1;0;2;0;1;1;0;0;0;0;0;0
02533;Muret-et-Crouttes;32;02;0;0;0;0;0;0;0;0;0;0;0;0;0;0;0;0;0;0;0;0;0;0;0;0;0;0;0;0;0;0;0;0;0;0;1;0;0
02534;Muscourt;32;02;0;0;0;0;0;0;0;0;0;0;0;0;0;0;0;0;0;0;0;0;0;0;0;0;0;0;0;0;0;0;0;0;0;0;0;0;0
02535;Nampcelles-la-Cour;32;02;0;0;0;0;0;0;0;0;0;0;0;0;0;0;0;0;0;0;0;0;0;0;0;0;0;0;1;0;0;0;0;0;0;0;0;0;0
02536;Nampteuil-sous-Muret;32;02;0;0;0;0;0;0;0;0;0;0;0;0;0;0;0;0;0;0;0;0;0;0;0;0;0;0;0;0;0;0;0;0;0;0;0;0;0
02537;Nanteuil-la-Fosse;32;02;0;0;0;0;0;0;0;0;0;0;0;0;0;0;0;0;0;0;0;0;0;0;0;0;0;0;0;0;0;0;0;0;0;0;0;0;0
02538;Nanteuil-Notre-Dame;32;02;0;0;0;0;0;0;0;0;0;0;0;0;0;0;0;0;0;0;0;0;0;0;0;0;1;0;0;0;0;0;0;0;0;0;0;0;0
02539;Nauroy;32;02;0;0;0;0;0;0;0;0;0;0;0;0;0;0;0;0;0;0;0;1;0;0;0;0;2;0;1;0;1;0;2;0;0;0;1;0;1
02540;Nesles-la-Montagne;32;02;0;0;0;0;0;0;0;0;0;0;0;0;0;0;0;0;0;0;0;0;0;0;0;0;2;3;0;1;2;1;1;0;0;0;1;0;0
02541;Neufchâtel-sur-Aisne;32;02;0;0;0;0;0;0;0;0;0;0;0;0;0;0;0;0;0;0;0;1;0;0;0;0;0;1;2;0;2;0;1;0;0;1;0;0;0
02542;Neuflieux;32;02;0;0;0;0;0;0;0;0;0;0;0;0;0;0;0;0;0;0;0;0;0;0;0;0;0;0;0;0;0;0;0;0;0;0;0;0;0
02543;Neuilly-Saint-Front;32;02;0;1;0;0;0;0;0;0;0;0;0;0;0;0;0;2;1;1;0;0;6;0;0;1;6;2;1;5;1;2;4;1;0;4;1;0;2
02544;Neuve-Maison;32;02;0;0;0;0;0;0;0;0;0;0;0;0;0;0;0;0;0;0;0;1;0;0;0;0;3;2;0;1;0;0;1;0;0;0;0;0;0
02545;La Neuville-Bosmont;32;02;0;0;0;0;0;0;0;0;0;0;0;0;0;0;0;0;0;0;0;0;0;0;0;0;0;0;0;0;0;0;0;0;0;0;0;0;0
02546;La Neuville-en-Beine;32;02;0;0;0;0;0;0;0;0;0;0;0;0;0;0;0;0;0;0;0;0;0;0;0;0;0;0;0;0;0;0;0;0;0;0;0;0;0
02547;La Neuville-Housset;32;02;0;0;0;0;0;0;0;0;0;0;0;0;0;0;0;0;0;0;0;0;0;0;0;0;0;0;0;0;0;0;0;0;0;0;0;0;0
02548;La Neuville-lès-Dorengt;32;02;0;0;0;0;0;0;0;0;0;0;0;0;0;0;0;0;0;0;0;0;0;0;0;0;0;0;0;0;1;0;1;0;0;1;0;0;1
02549;Neuville-Saint-Amand;32;02;0;0;0;0;0;0;0;0;0;0;0;0;0;0;0;0;0;0;0;0;4;1;0;0;1;1;1;0;1;0;0;0;0;1;0;0;0
02550;Neuville-sur-Ailette;32;02;0;0;0;0;0;0;0;0;0;0;0;0;0;0;0;0;0;0;0;0;0;0;0;0;0;0;0;0;0;0;0;0;0;0;0;0;0
02551;Neuville-sur-Margival;32;02;0;0;0;0;0;0;0;0;0;0;0;0;0;0;0;0;0;0;0;0;0;0;0;0;0;0;1;0;2;0;0;0;0;0;0;0;0
02552;Neuvillette;32;02;0;0;0;0;0;0;0;0;0;0;0;0;0;0;0;0;0;0;0;0;0;0;0;0;0;0;0;0;1;0;0;0;0;1;0;0;1
02553;Nizy-le-Comte;32;02;0;0;0;0;0;0;0;0;0;0;0;0;0;0;0;0;0;0;0;0;0;0;0;0;0;1;0;0;0;0;1;0;0;0;1;0;0
02554;Nogentel;32;02;0;0;0;0;0;0;0;0;0;0;0;0;0;0;0;0;0;0;0;0;3;0;0;0;2;2;2;1;0;0;2;0;0;0;1;0;0
02555;Nogent-l'Artaud;32;02;0;0;0;0;0;0;0;0;0;0;0;0;0;0;0;0;0;1;0;0;3;0;1;0;4;6;3;0;1;3;1;0;0;5;3;0;0
02556;Noircourt;32;02;0;0;0;0;0;0;0;0;0;0;0;0;0;0;0;0;0;0;0;0;0;0;0;0;0;0;0;0;0;0;0;0;0;0;0;0;0
02557;Noroy-sur-Ourcq;32;02;0;0;0;0;0;0;0;0;0;0;0;0;0;0;0;0;0;0;0;0;0;0;0;0;0;0;1;1;0;0;0;0;0;0;0;0;0
02558;Le Nouvion-en-Thiérache;32;02;0;1;0;0;0;0;0;0;0;0;1;0;0;0;0;4;2;1;0;0;3;1;0;3;2;1;0;5;1;0;8;2;0;5;0;0;0
02559;Nouvion-et-Catillon;32;02;0;0;0;0;0;0;0;0;0;0;0;0;0;0;0;0;0;0;0;1;0;0;0;0;1;1;0;0;0;0;1;0;0;0;0;0;0
02560;Nouvion-le-Comte;32;02;0;0;0;0;0;0;0;0;0;0;0;0;0;0;0;0;0;0;0;0;1;0;0;0;3;0;0;0;0;0;0;0;0;0;0;0;0
02561;Nouvion-le-Vineux;32;02;0;0;0;0;0;0;0;0;0;0;0;0;0;0;0;0;0;0;0;0;0;0;0;0;0;0;0;2;0;0;0;0;0;0;0;0;0
02562;Nouvron-Vingré;32;02;0;0;0;0;0;0;0;0;0;0;0;0;0;0;0;0;0;0;0;0;0;0;0;0;0;0;1;0;0;0;0;0;0;0;0;0;0
02563;Noyales;32;02;0;0;0;0;0;0;0;0;0;0;0;0;0;0;0;0;0;0;0;0;0;0;0;0;0;0;0;0;0;0;0;0;0;0;0;0;0
02564;Noyant-et-Aconin;32;02;0;0;0;0;0;0;0;0;0;0;0;0;0;0;0;0;0;0;0;0;0;0;0;0;0;1;0;0;0;0;1;0;0;0;0;0;0
02565;Oeuilly;32;02;0;0;0;0;0;0;0;0;0;0;0;0;0;0;0;0;0;0;0;0;0;0;0;0;0;2;1;1;0;0;0;0;0;0;0;0;0
02566;Ognes;32;02;0;0;0;0;0;0;0;0;0;0;0;0;0;0;0;0;0;0;0;0;0;0;0;0;3;1;1;3;0;1;2;0;0;0;1;0;2
02567;Ohis;32;02;0;0;0;0;0;0;0;0;0;0;0;0;0;0;0;0;0;0;0;0;0;0;0;0;0;0;0;3;0;0;0;0;0;2;0;0;0
02568;Oigny-en-Valois;32;02;0;0;0;0;0;0;0;0;0;0;0;0;0;0;0;0;0;0;0;0;0;0;0;0;0;1;0;0;0;0;0;0;0;0;0;0;0
02569;Oisy;32;02;0;0;0;0;0;0;0;0;0;0;0;0;0;0;0;0;0;0;0;1;1;0;0;0;0;0;1;0;0;1;0;0;0;0;0;0;0
02570;Ollezy;32;02;0;0;0;0;0;0;0;0;0;0;0;0;0;0;0;0;0;0;0;0;0;0;0;0;0;0;0;0;0;0;0;0;0;0;0;0;0
02571;Omissy;32;02;0;0;0;0;0;0;0;0;0;0;0;0;0;0;0;0;0;0;0;0;0;0;0;0;0;0;0;0;1;0;1;0;0;0;0;0;0
02572;Orainville;32;02;0;0;0;0;0;0;0;0;0;0;0;0;0;0;0;0;0;0;0;0;1;0;0;0;0;0;0;0;2;0;1;0;0;0;0;0;1
02573;Orgeval;32;02;0;0;0;0;0;0;0;0;0;0;0;0;0;0;0;0;0;0;0;0;0;0;0;0;0;0;0;0;0;0;0;0;0;0;0;0;0
02574;Origny-en-Thiérache;32;02;0;0;0;0;0;0;0;0;0;0;0;0;0;0;0;0;0;1;0;0;1;0;0;0;2;2;3;4;1;0;2;0;0;0;0;0;0
02575;Origny-Sainte-Benoite;32;02;0;0;0;0;0;0;0;0;0;0;0;0;0;0;0;2;1;1;0;0;0;0;0;1;2;0;1;3;1;0;3;0;0;3;0;1;2
02576;Osly-Courtil;32;02;0;0;0;0;0;0;0;0;0;0;0;0;0;0;0;0;0;0;0;0;0;0;0;0;0;0;1;0;0;0;0;0;0;1;0;0;0
02577;Ostel;32;02;0;0;0;0;0;0;0;0;0;0;0;0;0;0;0;0;0;0;0;0;0;0;0;0;0;0;0;0;0;0;0;0;0;0;0;0;0
02578;Oulches-la-Vallée-Foulon;32;02;0;0;0;0;0;0;0;0;0;0;0;0;0;0;0;0;0;0;0;0;0;0;0;0;0;0;0;0;0;0;0;0;0;0;0;0;0
02579;Oulchy-la-Ville;32;02;0;0;0;0;0;0;0;0;0;0;0;0;0;0;0;0;0;0;0;0;0;0;0;0;0;0;0;0;0;0;0;0;0;0;0;0;0
02580;Oulchy-le-Château;32;02;0;1;0;0;0;0;0;0;0;0;0;0;0;0;0;0;0;1;0;0;1;0;0;0;2;1;1;2;2;1;1;0;0;0;0;0;0
02581;Paars;32;02;0;0;0;0;0;0;0;0;0;0;0;0;0;0;0;0;0;0;0;0;0;0;0;0;0;1;0;0;0;1;0;0;0;0;0;0;1
02582;Paissy;32;02;0;0;0;0;0;0;0;0;0;0;0;0;0;0;0;0;0;0;0;0;0;0;0;0;0;0;0;0;0;0;0;0;0;0;0;0;0
02583;Pancy-Courtecon;32;02;0;0;0;0;0;0;0;0;0;0;0;0;0;0;0;0;0;0;0;0;0;0;0;0;0;0;0;0;0;0;0;0;0;0;0;0;0
02584;Papleux;32;02;0;0;0;0;0;0;0;0;0;0;0;0;0;0;0;0;0;0;0;0;0;0;0;0;0;0;0;1;0;0;0;0;0;0;0;0;0
02585;Parcy-et-Tigny;32;02;0;0;0;0;0;0;0;0;0;0;0;0;0;0;0;0;0;0;0;0;0;0;0;0;1;0;0;2;0;0;0;0;0;0;0;0;1
02586;Parfondeval;32;02;0;0;0;0;0;0;0;0;0;0;0;0;0;0;0;0;0;0;0;0;0;0;0;0;0;0;0;0;0;0;0;0;0;1;0;0;0
02587;Parfondru;32;02;0;0;0;0;0;0;0;0;0;0;0;0;0;0;0;0;0;0;0;0;0;0;0;0;0;0;0;2;0;0;0;0;0;0;0;0;0
02588;Pargnan;32;02;0;0;0;0;0;0;0;0;0;0;0;0;0;0;0;0;0;0;0;0;0;0;0;0;1;0;0;0;1;0;0;0;0;0;0;0;0
02589;Pargny-Filain;32;02;0;0;0;0;0;0;0;0;0;0;0;0;0;0;0;0;0;0;0;0;0;0;0;0;0;0;1;0;0;0;0;0;0;1;0;0;0
02590;Pargny-la-Dhuys;32;02;0;0;0;0;0;0;0;0;0;0;0;0;0;0;0;0;0;0;0;0;0;0;0;0;1;2;0;0;0;0;0;0;0;0;0;0;0
02591;Pargny-les-Bois;32;02;0;0;0;0;0;0;0;0;0;0;0;0;0;0;0;0;0;0;0;0;0;0;0;0;0;0;0;0;0;0;1;0;0;0;0;0;0
02592;Parpeville;32;02;0;0;0;0;0;0;0;0;0;0;0;0;0;0;0;0;0;0;0;0;1;0;0;0;1;1;0;2;0;0;0;0;0;0;0;0;0
02593;Pasly;32;02;0;0;0;0;0;0;0;0;0;0;0;0;0;0;0;0;0;0;0;0;0;0;0;0;0;0;1;2;3;1;0;0;0;0;0;0;0
02594;Passy-en-Valois;32;02;0;0;0;0;0;0;0;0;0;0;0;0;0;0;0;0;0;0;0;0;0;0;0;0;0;0;0;1;0;0;0;0;0;0;0;0;0
02595;Passy-sur-Marne;32;02;0;0;0;0;0;0;0;0;0;0;0;0;0;0;0;0;0;0;0;0;0;0;0;0;2;0;1;1;0;0;0;0;0;0;0;0;0
02596;Pavant;32;02;0;0;0;0;0;0;0;0;0;0;0;0;0;0;0;0;0;0;0;0;2;0;0;0;1;0;1;4;1;1;0;0;0;0;1;0;0
02598;Pernant;32;02;0;0;0;0;0;0;0;0;0;0;0;0;0;0;0;0;0;0;0;0;0;0;0;0;3;1;1;2;0;0;0;0;0;0;0;0;0
02599;Pierremande;32;02;0;0;0;0;0;0;0;0;0;0;0;0;0;0;0;0;0;0;0;0;1;0;0;0;0;0;0;3;0;0;0;0;0;0;0;0;0
02600;Pierrepont;32;02;0;0;0;0;0;0;0;0;0;0;0;0;0;0;0;0;0;1;0;0;0;0;0;0;2;0;1;1;0;0;0;0;0;1;0;0;0
02601;Pignicourt;32;02;0;0;0;0;0;0;0;0;0;0;0;0;0;0;0;0;0;0;0;0;1;0;0;0;0;0;0;1;1;0;0;0;0;1;0;0;0
02602;Pinon;32;02;0;0;0;0;0;0;0;0;0;0;0;0;0;0;0;0;1;1;0;0;4;1;0;0;0;1;3;1;1;1;3;0;0;2;0;0;0
02604;Pithon;32;02;0;0;0;0;0;0;0;0;0;0;0;0;0;0;0;0;0;0;0;0;0;0;0;0;0;0;0;0;0;0;0;0;0;0;0;0;0
02605;Pleine-Selve;32;02;0;0;0;0;0;0;0;0;0;0;0;0;0;0;0;0;0;0;0;0;0;0;0;0;1;0;1;2;0;0;1;0;0;0;0;0;0
02606;Le Plessier-Huleu;32;02;0;0;0;0;0;0;0;0;0;0;0;0;0;0;0;0;0;0;0;0;1;0;0;0;0;0;1;1;0;0;0;0;0;0;0;0;0
02607;Ploisy;32;02;0;0;0;0;0;0;0;0;0;0;0;0;0;0;0;0;0;0;0;0;0;0;0;0;0;0;0;0;1;0;0;0;0;0;0;0;0
02608;Plomion;32;02;0;0;0;0;0;0;0;0;0;0;0;0;0;0;0;0;0;0;0;1;2;0;0;0;1;0;0;2;0;0;2;0;0;1;0;0;1
02609;Ployart-et-Vaurseine;32;02;0;0;0;0;0;0;0;0;0;0;0;0;0;0;0;0;0;0;0;0;0;0;0;0;0;0;0;0;0;0;0;0;0;0;0;0;0
02610;Pommiers;32;02;0;0;0;0;0;0;0;0;0;0;0;0;0;0;0;0;0;0;0;1;1;0;0;0;1;0;0;0;1;0;0;0;0;2;0;0;0
02612;Pont-Arcy;32;02;0;0;0;0;0;0;0;0;0;0;0;0;0;0;0;0;0;0;0;0;0;0;0;0;0;2;0;1;0;0;0;0;0;0;0;0;0
02613;Pontavert;32;02;0;0;0;0;0;0;0;0;0;0;0;0;0;0;0;0;0;0;0;0;0;0;0;0;1;2;0;3;0;1;1;0;0;1;0;0;0
02614;Pontru;32;02;0;0;0;0;0;0;0;0;0;0;0;0;0;0;0;0;0;0;0;0;0;0;0;0;1;0;0;0;0;0;0;0;0;0;0;0;0
02615;Pontruet;32;02;0;0;0;0;0;0;0;0;0;0;0;0;0;0;0;0;0;0;0;0;1;0;0;0;0;0;0;0;0;0;0;0;0;0;0;0;0
02616;Pont-Saint-Mard;32;02;0;0;0;0;0;0;0;0;0;0;0;0;0;0;0;0;0;0;0;0;0;0;0;0;0;0;0;0;0;0;1;0;0;0;0;0;0
02617;Pouilly-sur-Serre;32;02;0;0;0;0;0;0;0;0;0;0;0;0;0;0;0;0;0;0;0;1;0;0;0;0;0;0;0;0;0;0;0;0;0;0;0;0;1
02618;Prémont;32;02;0;0;0;0;0;0;0;0;0;0;0;0;0;0;0;0;0;0;1;0;2;0;0;0;1;1;1;3;0;0;0;0;0;1;0;0;0
02619;Prémontré;32;02;0;0;0;0;0;0;0;0;0;0;0;0;0;0;0;0;0;0;0;1;0;0;0;0;0;1;1;1;0;0;0;0;0;0;0;0;0
02620;Presles-et-Boves;32;02;0;0;0;0;0;0;0;0;0;0;0;0;0;0;0;0;1;0;0;0;1;0;0;0;1;1;2;0;1;0;0;0;0;0;0;0;0
02621;Presles-et-Thierny;32;02;0;0;0;0;0;0;0;0;0;0;0;0;0;0;0;0;0;0;0;0;0;0;0;0;2;0;0;2;0;0;0;0;0;0;0;0;1
02622;Priez;32;02;0;0;0;0;0;0;0;0;0;0;0;0;0;0;0;0;0;0;0;0;0;0;0;0;0;0;0;0;0;0;0;0;0;0;0;0;0
02623;Prisces;32;02;0;0;0;0;0;0;0;0;0;0;0;0;0;0;0;0;0;0;0;0;0;0;0;0;0;0;0;0;0;0;0;0;0;0;0;0;0
02624;Proisy;32;02;0;0;0;0;0;0;0;0;0;0;0;0;0;0;0;0;0;0;0;1;0;0;0;0;2;0;0;0;0;0;0;0;0;0;0;0;0
02625;Proix;32;02;0;0;0;0;0;0;0;0;0;0;0;0;0;0;0;0;0;0;0;0;0;0;0;0;0;0;0;0;0;0;0;0;0;0;0;0;0
02626;Prouvais;32;02;0;0;0;0;0;0;0;0;0;0;0;0;0;0;0;0;0;0;0;0;0;0;0;0;1;1;0;1;1;0;1;0;0;0;0;0;0
02627;Proviseux-et-Plesnoy;32;02;0;0;0;0;0;0;0;0;0;0;0;0;0;0;0;0;0;0;0;0;0;0;0;0;0;0;0;0;1;0;0;0;0;0;0;0;0
02628;Puiseux-en-Retz;32;02;0;0;0;0;0;0;0;0;0;0;0;0;0;0;0;0;0;0;0;0;0;0;0;0;1;0;0;0;0;0;0;0;0;0;0;0;0
02629;Puisieux-et-Clanlieu;32;02;0;0;0;0;0;0;0;0;0;0;0;0;0;0;0;0;0;0;1;0;0;0;0;0;2;0;0;1;0;0;0;0;0;0;0;0;0
02631;Quierzy;32;02;0;0;0;0;0;0;0;0;0;0;0;0;0;0;0;0;0;0;0;0;0;0;0;0;0;0;0;0;0;0;3;0;0;0;0;0;0
02632;Quincy-Basse;32;02;0;0;0;0;0;0;0;0;0;0;0;0;0;0;0;0;0;0;0;0;0;0;0;0;0;0;0;0;0;0;0;0;0;0;0;0;0
02633;Quincy-sous-le-Mont;32;02;0;0;0;0;0;0;0;0;0;0;0;0;0;0;0;0;0;0;0;0;0;0;0;0;0;0;0;0;0;0;0;0;0;0;0;0;0
02634;Raillimont;32;02;0;0;0;0;0;0;0;0;0;0;0;0;0;0;0;0;0;0;0;0;0;0;0;0;0;0;0;0;0;0;1;0;0;0;0;0;0
02635;Ramicourt;32;02;0;0;0;0;0;0;0;0;0;0;0;0;0;0;0;0;0;0;0;0;1;0;0;0;0;0;0;1;1;0;0;0;0;0;0;0;0
02636;Regny;32;02;0;0;0;0;0;0;0;0;0;0;0;0;0;0;0;0;0;0;0;0;0;0;0;0;0;0;0;0;0;0;0;0;0;0;0;0;0
02637;Remaucourt;32;02;0;0;0;0;0;0;0;0;0;0;0;0;0;0;0;0;0;0;0;0;0;0;0;0;0;0;0;0;0;0;0;0;0;0;0;0;0
02638;Remies;32;02;0;0;0;0;0;0;0;0;0;0;0;0;0;0;0;0;0;0;0;0;0;0;0;0;0;0;0;0;0;0;1;0;0;0;0;0;0
02639;Remigny;32;02;0;0;0;0;0;0;0;0;0;0;0;0;0;0;0;0;0;0;0;0;0;0;0;0;0;1;0;1;0;0;1;0;0;0;0;0;0
02640;Renansart;32;02;0;0;0;0;0;0;0;0;0;0;0;0;0;0;0;0;0;0;0;0;1;0;0;0;0;0;1;0;1;0;0;0;0;0;0;0;0
02641;Renneval;32;02;0;0;0;0;0;0;0;0;0;0;0;0;0;0;0;0;0;0;0;0;0;0;0;0;0;0;0;0;0;0;0;0;0;0;0;0;0
02642;Résigny;32;02;0;0;0;0;0;0;0;0;0;0;0;0;0;0;0;0;0;0;0;0;1;0;0;0;0;0;0;1;0;0;0;0;0;0;0;0;0
02643;Ressons-le-Long;32;02;0;0;0;0;0;0;0;0;0;0;0;0;0;0;0;0;0;0;0;0;2;0;0;0;4;1;2;3;1;0;0;0;0;0;1;0;0
02644;Retheuil;32;02;0;0;0;0;0;0;0;0;0;0;0;0;0;0;0;0;0;0;0;0;0;0;0;0;0;0;0;0;0;0;0;0;0;0;0;0;0
02645;Reuilly-Sauvigny;32;02;0;0;0;0;0;0;0;0;0;0;0;0;0;0;0;0;0;0;0;0;0;0;0;0;1;0;0;1;0;0;0;0;0;1;0;0;0
02647;Ribeauville;32;02;0;0;0;0;0;0;0;0;0;0;0;0;0;0;0;0;0;0;0;0;0;0;0;0;0;0;1;0;0;0;0;0;0;0;0;0;0
02648;Ribemont;32;02;0;1;0;0;0;0;0;0;0;0;1;0;1;0;0;1;2;1;0;0;2;1;0;2;4;0;3;5;3;1;2;0;0;3;1;0;1
02649;Rocourt-Saint-Martin;32;02;0;0;0;0;0;0;0;0;0;0;0;0;0;0;0;0;0;0;0;0;1;0;0;0;0;0;0;0;0;0;0;0;0;0;0;0;0
02650;Rocquigny;32;02;0;0;0;0;0;0;0;0;0;0;0;0;0;0;0;0;0;0;0;0;1;0;0;0;1;0;1;1;0;1;0;0;0;0;0;0;0
02651;Rogécourt;32;02;0;0;0;0;0;0;0;0;0;0;0;0;0;0;0;0;0;0;0;0;0;0;0;0;0;0;0;0;0;0;0;0;0;0;0;0;0
02652;Rogny;32;02;0;0;0;0;0;0;0;0;0;0;0;0;0;0;0;0;0;0;0;0;1;0;0;0;2;0;0;1;0;0;0;0;0;0;0;0;0
02653;Romeny-sur-Marne;32;02;0;0;0;0;0;0;0;0;0;0;0;0;0;0;0;0;0;0;0;0;1;0;0;0;2;0;0;0;1;1;0;0;0;1;0;0;0
02654;Romery;32;02;0;0;0;0;0;0;0;0;0;0;0;0;0;0;0;0;0;0;0;0;1;0;0;0;0;0;0;0;0;0;0;0;0;0;0;0;0
02655;Ronchères;32;02;0;0;0;0;0;0;0;0;0;0;0;0;0;0;0;0;0;0;0;0;1;0;0;0;1;0;0;0;1;0;0;0;0;0;0;0;0
02656;Roucy;32;02;0;0;0;0;0;0;0;0;0;0;0;0;0;0;0;0;0;0;0;1;0;0;0;0;0;0;0;0;2;1;0;0;0;0;0;0;0
02657;Rougeries;32;02;0;0;0;0;0;0;0;0;0;0;0;0;0;0;0;0;0;0;0;0;1;0;0;0;1;0;0;2;0;0;0;0;0;0;0;0;0
02658;Roupy;32;02;0;0;0;0;0;0;0;0;0;0;0;0;0;0;0;0;0;0;0;1;0;0;0;0;0;0;0;0;0;0;0;0;0;1;0;0;0
02659;Rouvroy;32;02;0;0;0;0;0;0;0;0;0;0;0;0;0;0;0;0;0;0;0;0;2;0;0;1;0;0;1;1;0;0;0;0;1;0;0;0;1
02660;Rouvroy-sur-Serre;32;02;0;0;0;0;0;0;0;0;0;0;0;0;0;0;0;0;0;0;0;0;0;0;0;0;0;0;0;0;0;0;0;0;0;0;0;0;0
02661;Royaucourt-et-Chailvet;32;02;0;0;0;0;0;0;0;0;0;0;0;0;0;0;0;0;0;0;0;0;1;0;0;0;0;1;0;3;1;1;0;0;0;0;0;0;0
02662;Rozet-Saint-Albin;32;02;0;0;0;0;0;0;0;0;0;0;0;0;0;0;0;0;0;0;0;0;1;0;0;0;0;0;1;1;1;0;0;0;0;0;0;0;0
02663;Rozières-sur-Crise;32;02;0;0;0;0;0;0;0;0;0;0;0;0;0;0;0;0;0;0;0;0;0;0;0;0;0;0;0;0;0;1;0;0;0;0;0;0;0
02664;Rozoy-Bellevalle;32;02;0;0;0;0;0;0;0;0;0;0;0;0;0;0;0;0;0;0;0;0;0;0;0;0;0;0;0;0;0;0;0;0;0;0;0;0;1
02665;Grand-Rozoy;32;02;0;0;0;0;0;0;0;0;0;0;0;0;0;0;0;0;0;0;0;0;0;0;0;0;0;0;0;1;0;0;0;0;0;0;0;0;0
02666;Rozoy-sur-Serre;32;02;0;0;0;0;0;0;0;0;0;0;1;0;0;0;0;0;0;1;0;0;2;1;0;1;3;0;0;2;1;0;2;0;0;0;0;0;1
02667;Saconin-et-Breuil;32;02;0;0;0;0;0;0;0;0;0;0;0;0;0;0;0;0;0;0;0;0;0;0;0;0;0;0;0;0;0;0;0;0;0;0;0;0;0
02668;Sains-Richaumont;32;02;0;1;0;0;0;0;0;0;0;0;0;0;0;0;0;0;0;1;0;0;2;0;0;1;1;0;3;3;1;0;3;0;0;0;0;0;2
02670;Saint-Algis;32;02;0;0;0;0;0;0;0;0;0;0;0;0;0;0;0;0;0;0;0;0;1;0;0;0;1;0;0;0;0;0;0;0;0;1;0;0;0
02671;Saint-Aubin;32;02;0;0;0;0;0;0;0;0;0;0;0;0;0;0;0;0;0;0;0;0;0;0;0;0;0;0;1;0;0;0;1;0;0;0;0;0;0
02672;Saint-Bandry;32;02;0;0;0;0;0;0;0;0;0;0;0;0;0;0;0;0;0;0;0;0;0;0;0;0;0;0;0;1;0;0;0;0;0;0;0;0;0
02673;Saint-Christophe-à-Berry;32;02;0;0;0;0;0;0;0;0;0;0;0;0;0;0;0;0;0;0;0;0;0;0;0;0;1;0;3;0;0;0;0;0;0;1;0;0;0
02674;Saint-Clément;32;02;0;0;0;0;0;0;0;0;0;0;0;0;0;0;0;0;0;0;0;0;0;0;0;0;0;0;0;0;0;0;0;0;0;0;0;0;0
02675;Sainte-Croix;32;02;0;0;0;0;0;0;0;0;0;0;0;0;0;0;0;0;0;0;0;0;0;0;0;0;0;0;1;0;0;0;0;0;0;0;0;0;0
02676;Saint-Erme-Outre-et-Ramecourt;32;02;0;0;0;0;0;0;0;0;0;0;0;0;0;0;0;0;0;1;0;0;3;1;1;2;2;4;4;8;1;0;3;0;0;3;0;1;2
02677;Saint-Eugène;32;02;0;0;0;0;0;0;0;0;0;0;0;0;0;0;0;0;0;0;0;0;0;0;0;0;3;0;2;0;0;1;0;0;0;0;0;0;0
02678;Sainte-Geneviève;32;02;0;0;0;0;0;0;0;0;0;0;0;0;0;0;0;0;0;0;0;0;0;0;0;0;0;0;0;0;0;0;0;0;0;0;0;0;0
02679;Saint-Gengoulph;32;02;0;0;0;0;0;0;0;0;0;0;0;0;0;0;0;0;0;0;0;0;0;0;0;0;0;1;0;0;0;0;0;0;0;0;0;0;0
02680;Saint-Gobain;32;02;0;0;0;0;0;0;0;0;0;0;0;0;0;0;0;0;0;1;0;0;2;0;0;0;2;2;1;2;2;1;5;0;0;2;1;0;2
02681;Saint-Gobert;32;02;0;0;0;0;0;0;0;0;0;0;0;0;0;0;0;0;0;0;0;0;0;0;0;0;0;1;0;0;1;0;1;0;0;0;0;0;0
02682;Saint-Mard;32;02;0;0;0;0;0;0;0;0;0;0;0;0;0;0;0;0;0;0;0;0;0;0;0;0;0;1;0;1;0;0;0;0;0;0;0;0;0
02683;Saint-Martin-Rivière;32;02;0;0;0;0;0;0;0;0;0;0;0;0;0;0;0;0;0;0;0;0;0;0;0;0;0;0;1;1;0;0;0;0;0;0;0;0;0
02684;Saint-Michel;32;02;0;0;0;0;0;0;0;0;0;0;0;0;0;0;0;0;0;1;0;0;5;0;0;1;1;2;1;5;0;3;6;2;0;3;0;0;0
02685;Saint-Nicolas-aux-Bois;32;02;0;0;0;0;0;0;0;0;0;0;0;0;0;0;0;0;0;0;0;0;0;0;0;0;0;0;1;0;0;1;0;0;0;1;0;0;0
02686;Saint-Paul-aux-Bois;32;02;0;0;0;0;0;0;0;0;0;0;0;0;0;0;0;0;0;0;0;0;0;0;0;0;0;0;4;0;0;0;0;0;0;0;0;0;0
02687;Saint-Pierre-Aigle;32;02;0;0;0;0;0;0;0;0;0;0;0;0;0;0;0;0;0;0;0;0;0;0;0;0;1;1;0;2;1;0;1;0;0;1;1;0;0
02688;Saint-Pierre-lès-Franqueville;32;02;0;0;0;0;0;0;0;0;0;0;0;0;0;0;0;0;0;0;0;0;0;0;0;0;0;0;0;0;0;0;0;0;0;0;0;0;0
02689;Saint-Pierremont;32;02;0;0;0;0;0;0;0;0;0;0;0;0;0;0;0;0;0;0;0;0;0;0;0;0;0;0;0;2;0;0;0;0;0;0;0;0;0
02690;Sainte-Preuve;32;02;0;0;0;0;0;0;0;0;0;0;0;0;0;0;0;0;0;0;0;0;0;0;0;0;0;0;0;0;0;0;0;0;0;0;0;0;0
02691;Saint-Quentin;32;02;1;1;0;1;1;1;1;1;0;0;7;2;2;0;0;32;14;4;0;1;62;10;9;15;54;57;38;78;40;28;91;8;16;150;33;14;30
02693;Saint-Rémy-Blanzy;32;02;0;0;0;0;0;0;0;0;0;0;0;0;0;0;0;0;0;0;0;0;0;0;0;0;1;1;1;0;0;0;0;0;0;0;0;0;0
02694;Saint-Simon;32;02;0;1;0;0;0;0;0;0;0;0;1;0;2;0;0;0;0;0;0;1;1;0;0;0;0;0;1;1;0;0;1;0;0;0;0;0;1
02695;Saint-Thibaut;32;02;0;0;0;0;0;0;0;0;0;0;0;0;0;0;0;0;1;0;0;0;0;0;0;0;0;0;0;0;1;0;0;0;0;0;0;0;0
02696;Saint-Thomas;32;02;0;0;0;0;0;0;0;0;0;0;0;0;0;0;0;0;0;0;0;0;0;0;0;0;0;0;0;0;0;0;0;0;0;0;0;0;0
02697;Samoussy;32;02;0;0;0;0;0;0;0;0;0;0;0;0;0;0;0;0;0;0;0;0;0;0;0;0;1;1;0;0;0;0;0;0;0;1;0;0;1
02698;Sancy-les-Cheminots;32;02;0;0;0;0;0;0;0;0;0;0;0;0;0;0;0;0;0;0;0;0;0;0;0;0;0;0;2;0;0;0;0;0;0;0;0;0;0
02699;Saponay;32;02;0;0;0;0;0;0;0;0;0;0;0;0;0;0;0;0;0;0;0;0;1;0;0;0;1;1;0;0;0;0;0;0;0;0;0;0;0
02701;Saulchery;32;02;0;0;0;0;0;0;0;0;0;0;0;0;0;0;0;0;0;0;0;0;0;0;1;0;1;1;1;3;1;0;0;0;0;1;1;0;1
02702;Savy;32;02;0;0;0;0;0;0;0;0;0;0;0;0;0;0;0;0;0;0;0;0;0;0;0;0;0;0;0;2;0;0;0;0;0;1;0;0;0
02703;Seboncourt;32;02;0;0;0;0;0;0;0;0;0;0;0;0;0;0;0;0;1;1;0;0;0;0;0;0;2;0;0;2;0;0;1;0;0;1;1;0;0
02704;Selens;32;02;0;0;0;0;0;0;0;0;0;0;0;0;0;0;0;0;0;0;0;0;0;0;0;0;0;1;1;0;0;0;0;0;0;0;0;0;1
02705;La Selve;32;02;0;0;0;0;0;0;0;0;0;0;0;0;0;0;0;0;0;0;0;0;0;0;0;0;2;0;0;1;0;0;0;0;0;0;0;0;0
02706;Septmonts;32;02;0;0;0;0;0;0;0;0;0;0;0;0;0;0;0;0;0;0;0;0;0;0;0;0;1;0;0;2;1;1;0;0;0;1;1;0;0
02707;Septvaux;32;02;0;0;0;0;0;0;0;0;0;0;0;0;0;0;0;0;0;0;0;0;0;0;0;0;0;1;0;1;0;1;0;0;0;0;1;0;0
02708;Sequehart;32;02;0;0;0;0;0;0;0;0;0;0;0;0;0;0;0;0;0;0;0;0;0;0;0;0;1;2;2;1;0;0;0;0;0;0;1;0;0
02709;Serain;32;02;0;0;0;0;0;0;0;0;0;0;0;0;0;0;0;0;0;0;0;1;1;0;0;0;1;0;0;2;1;0;0;0;0;0;0;0;1
02710;Seraucourt-le-Grand;32;02;0;0;0;0;0;0;0;0;0;0;0;0;0;0;0;0;0;0;1;0;1;0;0;0;0;1;0;0;0;0;1;0;0;1;0;0;0
02711;Serches;32;02;0;0;0;0;0;0;0;0;0;0;0;0;0;0;0;0;0;0;0;0;0;0;0;0;0;0;0;0;0;0;0;0;0;0;0;0;0
02712;Sergy;32;02;0;0;0;0;0;0;0;0;0;0;0;0;0;0;0;0;0;0;0;0;0;0;0;0;2;0;1;0;0;0;0;0;0;0;1;0;0
02713;Seringes-et-Nesles;32;02;0;0;0;0;0;0;0;0;0;0;0;0;0;0;0;0;0;0;0;0;1;0;0;0;0;0;0;0;1;0;1;0;0;0;0;0;0
02714;Sermoise;32;02;0;0;0;0;0;0;0;0;0;0;0;0;0;0;0;0;0;0;0;0;2;0;0;0;1;1;0;0;1;0;1;0;0;0;0;0;0
02715;Serval;32;02;0;0;0;0;0;0;0;0;0;0;0;0;0;0;0;0;0;0;0;0;0;0;0;0;1;0;0;0;0;0;0;0;0;0;0;0;0
02716;Servais;32;02;0;0;0;0;0;0;0;0;0;0;0;0;0;0;0;0;0;0;0;0;0;0;0;0;1;0;0;0;0;0;0;0;0;0;0;0;1
02717;Séry-lès-Mézières;32;02;0;0;0;0;0;0;0;0;0;0;0;0;0;0;0;0;0;0;0;0;1;0;0;0;1;0;0;3;0;0;0;0;0;0;0;0;0
02718;Silly-la-Poterie;32;02;0;0;0;0;0;0;0;0;0;0;0;0;0;0;0;0;0;0;0;0;0;0;0;0;0;0;0;1;0;0;0;0;0;1;0;0;0
02719;Sinceny;32;02;0;0;0;0;0;0;0;0;0;0;0;0;0;0;0;0;0;1;0;0;3;0;0;0;2;2;0;4;1;0;3;1;0;1;1;0;0
02720;Sissonne;32;02;0;1;0;0;0;0;0;0;0;0;0;0;0;0;0;1;0;1;0;0;1;0;0;1;2;1;3;4;3;0;4;0;0;7;0;0;1
02721;Sissy;32;02;0;0;0;0;0;0;0;0;0;0;0;0;0;0;0;0;0;0;0;0;0;0;0;0;3;1;0;2;1;0;1;0;0;0;1;1;1
02722;Soissons;32;02;1;1;0;1;1;1;1;0;0;0;6;1;0;0;0;18;5;2;0;0;28;4;8;12;24;20;17;35;23;19;57;9;10;77;36;8;27
02723;Soize;32;02;0;0;0;0;0;0;0;0;0;0;0;0;0;0;0;0;0;0;0;0;0;0;0;0;0;0;0;0;0;0;0;0;0;0;0;0;0
02724;Sommelans;32;02;0;0;0;0;0;0;0;0;0;0;0;0;0;0;0;0;0;0;0;0;0;0;0;0;0;0;0;0;0;0;0;0;0;0;0;0;0
02725;Sommeron;32;02;0;0;0;0;0;0;0;0;0;0;0;0;0;0;0;0;0;0;0;0;0;0;0;0;1;0;0;0;0;0;0;0;0;0;0;0;0
02726;Sommette-Eaucourt;32;02;0;0;0;0;0;0;0;0;0;0;0;0;0;0;0;0;0;0;0;0;1;0;0;0;0;0;0;0;1;1;1;0;0;0;0;0;0
02727;Sons-et-Ronchères;32;02;0;0;0;0;0;0;0;0;0;0;0;0;0;0;0;0;0;0;0;0;0;0;0;0;0;0;0;0;1;0;0;0;0;0;0;0;0
02728;Sorbais;32;02;0;0;0;0;0;0;0;0;0;0;0;0;0;0;0;0;0;0;0;0;0;0;0;0;1;0;0;0;1;0;0;0;0;0;0;0;0
02729;Soucy;32;02;0;0;0;0;0;0;0;0;0;0;0;0;0;0;0;0;0;0;0;0;0;0;0;0;1;0;0;0;0;0;0;0;0;0;0;0;0
02730;Soupir;32;02;0;0;0;0;0;0;0;0;0;0;0;0;0;0;0;0;0;0;0;0;1;0;0;0;1;0;0;1;0;0;0;0;0;1;0;0;0
02731;Le Sourd;32;02;0;0;0;0;0;0;0;0;0;0;0;0;0;0;0;0;0;0;0;0;0;0;0;0;0;0;0;0;0;1;0;0;0;0;0;0;0
02732;Surfontaine;32;02;0;0;0;0;0;0;0;0;0;0;0;0;0;0;0;0;0;0;0;0;1;0;0;0;0;0;0;0;0;0;0;0;0;0;1;0;0
02733;Suzy;32;02;0;0;0;0;0;0;0;0;0;0;0;0;0;0;0;0;0;0;0;0;0;0;0;0;0;0;1;0;0;1;1;0;0;1;0;0;1
02734;Taillefontaine;32;02;0;0;0;0;0;0;0;0;0;0;0;0;0;0;0;0;0;0;0;0;0;0;0;0;1;1;0;0;0;0;0;0;0;0;0;0;0
02735;Tannières;32;02;0;0;0;0;0;0;0;0;0;0;0;0;0;0;0;0;0;0;0;0;0;0;0;0;0;0;0;0;0;0;0;0;0;0;0;0;0
02736;Tartiers;32;02;0;0;0;0;0;0;0;0;0;0;0;0;0;0;0;0;0;0;0;0;0;0;0;0;0;0;0;1;1;0;0;0;0;0;0;0;0
02737;Tavaux-et-Pontséricourt;32;02;0;0;0;0;0;0;0;0;0;0;0;0;0;0;0;0;0;0;1;0;0;0;0;0;1;0;0;1;1;0;1;0;0;0;0;0;1
02738;Tergnier;32;02;1;0;0;0;0;0;0;0;0;0;1;0;0;0;0;5;4;2;0;2;10;1;0;2;8;5;2;15;4;3;16;1;0;20;2;3;6
02739;Terny-Sorny;32;02;0;0;0;0;0;0;0;0;0;0;0;0;0;0;0;0;0;0;0;0;2;0;0;0;1;0;3;1;0;0;1;0;0;0;1;0;0
02740;Thenailles;32;02;0;0;0;0;0;0;0;0;0;0;0;0;0;0;0;0;0;0;0;0;0;0;0;0;0;0;0;0;0;0;0;0;0;0;0;0;0
02741;Thenelles;32;02;0;0;0;0;0;0;0;0;0;0;0;0;0;0;0;0;0;0;0;0;0;0;0;0;0;0;0;1;0;0;0;0;0;0;0;0;0
02742;Thiernu;32;02;0;0;0;0;0;0;0;0;0;0;0;0;0;0;0;0;0;0;0;0;0;0;0;0;0;0;0;1;0;0;1;0;0;0;0;0;0
02743;Le Thuel;32;02;0;0;0;0;0;0;0;0;0;0;0;0;0;0;0;0;0;0;0;0;0;0;0;0;0;0;0;1;0;0;0;0;0;0;0;0;0
02744;Torcy-en-Valois;32;02;0;0;0;0;0;0;0;0;0;0;0;0;0;0;0;0;0;0;0;0;0;0;0;0;0;1;0;0;0;0;0;0;0;0;0;0;0
02745;Toulis-et-Attencourt;32;02;0;0;0;0;0;0;0;0;0;0;0;0;0;0;0;0;0;0;0;0;0;0;0;0;0;0;2;0;0;0;0;0;0;0;0;0;0
02746;Travecy;32;02;0;0;0;0;0;0;0;0;0;0;0;0;0;0;0;0;0;0;0;0;0;0;0;0;0;0;0;0;0;0;0;0;0;0;0;0;2
02747;Trefcon;32;02;0;0;0;0;0;0;0;0;0;0;0;0;0;0;0;0;0;0;0;0;0;0;0;0;0;1;1;0;0;0;0;0;0;0;0;0;0
02748;Trélou-sur-Marne;32;02;0;0;0;0;0;0;0;0;0;0;0;0;0;0;0;0;0;0;0;1;1;0;0;0;1;2;0;4;1;0;1;0;0;0;0;0;0
02749;Troësnes;32;02;0;0;0;0;0;0;0;0;0;0;0;0;0;0;0;0;0;0;0;0;0;0;0;0;0;0;0;0;1;0;0;0;0;0;0;0;0
02750;Trosly-Loire;32;02;0;0;0;0;0;0;0;0;0;0;0;0;0;0;0;1;0;0;0;1;3;0;0;0;2;3;2;0;0;0;1;0;0;0;0;0;0
02751;Trucy;32;02;0;0;0;0;0;0;0;0;0;0;0;0;0;0;0;0;0;0;0;0;2;0;0;0;0;2;1;0;1;0;0;0;0;0;0;0;0
02752;Tugny-et-Pont;32;02;0;0;0;0;0;0;0;0;0;0;0;0;0;0;0;0;0;0;0;0;0;0;0;0;1;0;0;0;3;0;0;0;0;1;0;0;0
02753;Tupigny;32;02;0;0;0;0;0;0;0;0;0;0;0;0;0;0;0;0;0;0;0;1;0;0;0;0;1;0;0;0;1;0;0;0;0;0;0;0;0
02754;Ugny-le-Gay;32;02;0;0;0;0;0;0;0;0;0;0;0;0;0;0;0;0;0;0;0;0;0;0;0;0;0;0;0;1;0;0;0;0;0;0;1;0;0
02755;Urcel;32;02;0;0;0;0;0;0;0;0;0;0;0;0;0;0;0;0;0;0;1;0;0;0;0;0;2;0;0;3;2;1;0;0;0;1;0;0;0
02756;Urvillers;32;02;0;0;0;0;0;0;0;0;0;0;0;0;0;0;0;0;0;0;0;0;1;0;0;0;2;1;1;0;0;0;2;0;0;1;0;0;0
02757;Vadencourt;32;02;0;0;0;0;0;0;0;0;0;0;0;0;0;0;0;0;0;0;0;1;0;0;0;0;0;1;0;0;0;0;1;0;0;1;0;0;0
02758;Vailly-sur-Aisne;32;02;0;1;0;0;0;0;0;0;0;0;1;0;1;0;0;2;0;1;0;0;3;1;0;1;0;3;1;2;0;2;3;1;0;5;1;0;2
02759;La Vallée-au-Blé;32;02;0;0;0;0;0;0;0;0;0;0;0;0;0;0;0;0;0;0;0;0;1;0;0;0;0;0;0;1;0;0;0;0;0;0;0;0;0
02760;La Vallée-Mulâtre;32;02;0;0;0;0;0;0;0;0;0;0;0;0;0;0;0;0;0;0;0;0;1;0;0;0;1;1;2;0;0;0;0;0;0;0;0;0;0
02761;Variscourt;32;02;0;0;0;0;0;0;0;0;0;0;0;0;0;0;0;0;0;0;0;0;0;0;0;0;0;0;0;0;0;0;0;0;0;0;0;0;0
02762;Vassens;32;02;0;0;0;0;0;0;0;0;0;0;0;0;0;0;0;0;0;0;0;0;1;0;0;0;0;0;0;0;1;0;0;0;0;0;0;0;0
02763;Vasseny;32;02;0;0;0;0;0;0;0;0;0;0;0;0;0;0;0;0;0;0;0;0;1;0;0;0;0;0;0;1;0;0;0;0;0;0;0;0;0
02764;Vassogne;32;02;0;0;0;0;0;0;0;0;0;0;0;0;0;0;0;0;0;0;0;0;0;0;0;0;0;2;1;0;0;0;0;0;0;0;0;0;0
02765;Vaucelles-et-Beffecourt;32;02;0;0;0;0;0;0;0;0;0;0;0;0;0;0;0;0;0;0;0;0;0;0;0;0;0;2;0;0;0;1;0;0;0;0;0;0;0
02766;Vaudesson;32;02;0;0;0;0;0;0;0;0;0;0;0;0;0;0;0;0;0;0;0;0;0;0;0;0;0;0;0;1;0;0;0;0;0;0;0;0;1
02767;Vauxrezis;32;02;0;0;0;0;0;0;0;0;0;0;0;0;0;0;0;0;0;0;0;0;0;0;0;0;1;2;0;2;0;0;0;0;0;0;0;0;1
02768;Vauxaillon;32;02;0;0;0;0;0;0;0;0;0;0;0;0;0;0;0;0;0;0;0;0;0;0;0;0;0;1;0;1;0;0;0;0;0;0;0;0;0
02769;Vaux-Andigny;32;02;0;0;0;0;0;0;0;0;0;0;0;0;0;0;0;0;0;0;0;1;0;0;0;0;0;0;2;1;1;1;1;0;0;0;0;0;1
02770;Vauxbuin;32;02;0;0;0;0;0;0;0;0;0;0;0;0;0;0;0;0;0;0;0;0;2;0;0;0;0;1;1;7;0;1;2;0;0;5;0;0;0
02772;Vaux-en-Vermandois;32;02;0;0;0;0;0;0;0;0;0;0;0;0;0;0;0;0;0;0;0;0;0;0;0;0;0;0;0;1;0;0;0;0;0;0;0;0;0
02773;Vauxtin;32;02;0;0;0;0;0;0;0;0;0;0;0;0;0;0;0;0;0;0;0;0;0;0;0;0;0;0;0;0;0;0;0;0;0;0;0;0;0
02774;Vendelles;32;02;0;0;0;0;0;0;0;0;0;0;0;0;0;0;0;0;0;0;0;0;0;0;0;0;0;0;0;0;0;0;0;0;0;0;0;0;0
02775;Vendeuil;32;02;0;0;0;0;0;0;0;0;0;0;0;0;0;0;0;0;0;0;0;1;0;0;0;0;1;1;1;0;0;0;1;0;0;1;0;0;1
02776;Vendhuile;32;02;0;0;0;0;0;0;0;0;0;0;0;0;0;0;0;0;0;0;0;1;0;0;0;0;0;0;0;1;0;0;0;0;0;1;0;0;0
02777;Vendières;32;02;0;0;0;0;0;0;0;0;0;0;0;0;0;0;0;0;0;0;0;0;0;0;0;0;0;0;0;0;0;0;0;0;0;0;0;0;0
02778;Vendresse-Beaulne;32;02;0;0;0;0;0;0;0;0;0;0;0;0;0;0;0;0;0;0;0;0;0;0;0;0;1;0;0;0;0;0;0;0;0;0;0;0;0
02779;Vénérolles;32;02;0;0;0;0;0;0;0;0;0;0;0;0;0;0;0;0;0;0;0;0;0;0;0;0;0;0;0;0;0;0;0;0;0;0;0;0;1
02780;Venizel;32;02;0;0;0;0;0;0;0;0;0;0;0;0;0;0;0;0;0;0;0;1;1;0;0;0;0;0;0;4;0;0;3;0;0;1;0;0;0
02781;Verdilly;32;02;0;0;0;0;0;0;0;0;0;0;0;0;0;0;0;0;0;0;0;0;1;0;0;0;3;0;0;1;1;0;0;0;0;0;0;0;0
02782;Le Verguier;32;02;0;0;0;0;0;0;0;0;0;0;0;0;0;0;0;0;0;0;0;0;0;0;0;0;0;0;0;0;0;0;0;0;0;0;0;0;0
02783;Grand-Verly;32;02;0;0;0;0;0;0;0;0;0;0;0;0;0;0;0;0;0;0;0;0;0;0;0;0;0;0;0;0;0;0;0;0;0;0;0;0;0
02784;Petit-Verly;32;02;0;0;0;0;0;0;0;0;0;0;0;0;0;0;0;0;0;0;0;0;0;0;0;0;0;0;0;0;0;0;0;0;0;0;0;0;0
02785;Vermand;32;02;0;1;0;0;0;0;0;0;0;0;1;0;0;0;0;0;0;0;0;1;1;0;0;1;3;0;1;0;0;0;1;0;0;2;0;0;1
02786;Verneuil-sous-Coucy;32;02;0;0;0;0;0;0;0;0;0;0;0;0;0;0;0;0;0;0;0;0;0;0;0;0;0;0;1;0;1;0;0;0;0;0;0;0;1
02787;Verneuil-sur-Serre;32;02;0;0;0;0;0;0;0;0;0;0;0;0;0;0;0;0;0;0;0;0;1;0;0;0;0;0;0;0;0;0;0;0;0;0;0;0;0
02788;Versigny;32;02;0;0;0;0;0;0;0;0;0;0;0;0;0;0;0;0;0;1;0;0;0;0;0;0;0;1;2;2;0;0;1;0;0;0;1;0;0
02789;Vervins;32;02;0;1;0;0;0;0;0;0;0;0;1;1;0;0;0;4;2;1;0;0;3;2;0;2;5;0;3;3;2;1;6;2;3;4;1;0;1
02790;Vesles-et-Caumont;32;02;0;0;0;0;0;0;0;0;0;0;0;0;0;0;0;0;0;0;0;0;0;0;0;0;0;0;0;1;0;0;0;0;0;0;0;0;0
02791;Veslud;32;02;0;0;0;0;0;0;0;0;0;0;0;0;0;0;0;0;0;0;0;0;0;0;0;0;1;0;0;0;0;0;0;0;0;0;0;0;0
02792;Veuilly-la-Poterie;32;02;0;0;0;0;0;0;0;0;0;0;0;0;0;0;0;0;0;0;0;0;0;0;0;0;0;0;0;0;1;0;0;0;0;0;0;0;0
02793;Vézaponin;32;02;0;0;0;0;0;0;0;0;0;0;0;0;0;0;0;0;0;0;0;0;0;0;0;0;0;0;0;3;0;0;0;0;0;0;0;0;0
02794;Vézilly;32;02;0;0;0;0;0;0;0;0;0;0;0;0;0;0;0;0;0;0;0;0;0;0;0;0;0;1;0;0;1;0;0;0;0;1;0;0;0
02795;Vic-sur-Aisne;32;02;0;1;0;0;0;0;0;0;0;0;1;0;1;0;0;1;0;1;0;0;2;0;0;1;2;2;0;3;1;0;2;3;0;4;0;1;2
02796;Vichel-Nanteuil;32;02;0;0;0;0;0;0;0;0;0;0;0;0;0;0;0;0;0;0;0;0;0;0;0;0;0;0;0;0;0;0;0;0;0;1;0;0;0
02797;Viel-Arcy;32;02;0;0;0;0;0;0;0;0;0;0;0;0;0;0;0;0;0;0;0;0;0;0;0;0;1;1;0;1;0;0;1;0;0;0;0;0;0
02798;Viels-Maisons;32;02;0;0;0;0;0;0;0;0;0;0;0;0;0;0;0;0;0;1;0;0;3;0;0;0;7;1;4;9;1;1;4;0;0;1;2;0;0
02799;Vierzy;32;02;0;0;0;0;0;0;0;0;0;0;0;0;0;0;0;0;0;0;0;0;2;0;0;0;0;3;1;0;0;0;0;0;0;0;0;0;0
02800;Viffort;32;02;0;0;0;0;0;0;0;0;0;0;0;0;0;0;0;0;0;0;0;0;0;0;0;0;1;1;0;0;0;0;1;0;0;0;0;0;0
02801;Vigneux-Hocquet;32;02;0;0;0;0;0;0;0;0;0;0;0;0;0;0;0;0;0;0;0;0;0;0;0;0;0;0;1;0;0;0;1;0;0;0;0;0;0
02802;La Ville-aux-Bois-lès-Dizy;32;02;0;0;0;0;0;0;0;0;0;0;0;0;0;0;0;0;0;0;0;0;0;0;0;0;2;0;0;0;0;0;0;0;0;1;0;0;0
02803;La Ville-aux-Bois-lès-Pontavert;32;02;0;0;0;0;0;0;0;0;0;0;0;0;0;0;0;0;0;0;0;0;0;0;0;0;0;0;0;0;1;0;0;0;0;2;0;0;0
02804;Villemontoire;32;02;0;0;0;0;0;0;0;0;0;0;0;0;0;0;0;0;0;0;0;0;1;0;0;0;0;0;0;1;0;0;1;0;0;0;0;0;0
02805;Villeneuve-Saint-Germain;32;02;0;0;0;0;0;0;0;0;0;0;0;0;0;0;0;0;0;0;0;1;9;2;1;0;3;4;6;4;4;6;4;0;0;3;1;0;2
02806;Villeneuve-sur-Fère;32;02;0;0;0;0;0;0;0;0;0;0;0;0;0;0;0;0;0;0;0;0;2;0;0;0;0;0;0;0;0;0;0;0;0;1;0;0;0
02807;Villequier-Aumont;32;02;0;0;0;0;0;0;0;0;0;0;0;0;0;0;0;0;0;0;0;0;0;0;0;0;1;1;0;0;1;0;0;0;0;0;0;0;2
02808;Villeret;32;02;0;0;0;0;0;0;0;0;0;0;0;0;0;0;0;0;0;0;0;0;0;0;0;0;0;0;0;0;0;0;0;0;0;0;0;0;0
02809;Villers-Agron-Aiguizy;32;02;0;0;0;0;0;0;0;0;0;0;0;0;0;0;0;0;0;0;0;0;0;0;0;0;0;1;0;0;0;0;0;0;0;0;0;0;0
02810;Villers-Cotterêts;32;02;0;1;0;0;0;0;0;0;0;0;1;0;0;0;0;9;3;1;0;0;20;2;0;3;10;8;5;5;9;5;14;2;2;24;10;2;10
02812;Villers-Hélon;32;02;0;0;0;0;0;0;0;0;0;0;0;0;0;0;0;0;0;0;0;0;1;0;0;0;2;0;1;0;1;0;0;0;0;0;0;0;0
02813;Villers-le-Sec;32;02;0;0;0;0;0;0;0;0;0;0;0;0;0;0;0;0;0;0;0;0;0;0;0;0;0;0;2;0;1;0;0;0;0;0;0;0;0
02814;Villers-lès-Guise;32;02;0;0;0;0;0;0;0;0;0;0;0;0;0;0;0;0;0;0;0;0;0;0;0;0;0;0;1;0;0;0;1;0;0;0;0;0;0
02815;Villers-Saint-Christophe;32;02;0;0;0;0;0;0;0;0;0;0;0;0;0;0;0;0;0;0;0;0;0;0;0;0;0;0;0;1;0;0;1;0;0;0;0;0;0
02816;Villers-sur-Fère;32;02;0;0;0;0;0;0;0;0;0;0;0;0;0;0;0;0;0;0;0;0;0;0;0;0;1;1;1;0;1;0;0;0;0;0;0;0;1
02817;Ville-Savoye;32;02;0;0;0;0;0;0;0;0;0;0;0;0;0;0;0;0;0;0;0;0;0;0;0;0;0;0;0;0;0;0;0;0;0;0;0;0;0
02818;Villiers-Saint-Denis;32;02;0;0;0;0;0;0;0;0;0;0;0;0;0;0;0;0;0;0;0;0;1;0;0;0;1;1;2;4;1;0;0;0;0;1;1;0;1
02819;Vincy-Reuil-et-Magny;32;02;0;0;0;0;0;0;0;0;0;0;0;0;0;0;0;0;0;0;0;0;0;0;0;0;1;0;0;0;0;0;0;0;0;0;0;0;0
02820;Viry-Noureuil;32;02;0;0;0;0;0;0;0;0;0;0;0;0;0;0;0;0;0;0;0;0;5;1;0;0;2;1;1;0;1;1;3;0;0;5;0;0;2
02821;Vivaise;32;02;0;0;0;0;0;0;0;0;0;0;0;0;0;0;0;0;0;0;1;0;0;0;0;0;1;1;1;1;0;0;1;0;0;0;0;0;1
02822;Vivières;32;02;0;0;0;0;0;0;0;0;0;0;0;0;0;0;0;0;0;0;0;0;2;0;0;0;0;0;1;0;0;1;0;0;0;0;0;0;0
02823;Voharies;32;02;0;0;0;0;0;0;0;0;0;0;0;0;0;0;0;0;0;0;0;0;1;0;0;0;0;1;0;0;0;0;0;0;0;0;0;0;0
02824;Vorges;32;02;0;0;0;0;0;0;0;0;0;0;0;0;0;0;0;0;0;0;0;0;0;0;0;0;0;0;0;1;0;0;0;1;0;0;0;0;0
02826;Voulpaix;32;02;0;0;0;0;0;0;0;0;0;0;0;0;0;0;0;0;0;0;0;0;2;0;0;0;0;0;0;0;0;0;1;0;0;0;0;0;0
02827;Voyenne;32;02;0;0;0;0;0;0;0;0;0;0;0;0;0;0;0;0;0;0;0;0;0;0;0;0;1;1;0;0;0;1;0;0;0;1;0;0;0
02828;Vregny;32;02;0;0;0;0;0;0;0;0;0;0;0;0;0;0;0;0;0;0;0;0;0;0;0;0;0;0;0;0;0;0;0;0;0;0;1;0;0
02829;Vuillery;32;02;0;0;0;0;0;0;0;0;0;0;0;0;0;0;0;0;0;0;0;0;0;0;0;0;0;0;0;0;0;0;0;0;0;0;0;0;0
02830;Wassigny;32;02;0;1;0;0;0;0;0;0;0;0;0;0;0;0;0;1;0;0;0;1;0;0;0;1;0;0;3;1;0;0;3;3;0;3;0;0;1
02831;Watigny;32;02;0;0;0;0;0;0;0;0;0;0;0;0;0;0;0;0;0;0;0;0;1;0;0;0;1;0;0;0;0;0;0;0;0;0;0;0;0
02832;Wiège-Faty;32;02;0;0;0;0;0;0;0;0;0;0;0;0;0;0;0;0;0;0;0;0;0;0;0;0;1;0;0;0;0;0;0;0;0;0;0;0;0
02833;Wimy;32;02;0;0;0;0;0;0;0;0;0;0;0;0;0;0;0;0;0;1;0;0;1;0;0;0;0;0;0;0;0;1;1;0;0;1;0;0;1
02834;Wissignicourt;32;02;0;0;0;0;0;0;0;0;0;0;0;0;0;0;0;0;0;0;0;0;0;0;0;0;1;0;0;0;0;0;0;0;0;0;0;0;0
03001;Abrest;84;03;0;0;0;0;0;0;0;0;0;0;0;0;0;0;0;0;0;1;0;0;11;0;0;0;8;9;9;4;5;0;2;0;0;6;0;1;1
03002;Agonges;84;03;0;0;0;0;0;0;0;0;0;0;0;0;0;0;0;0;0;0;0;1;0;0;0;0;0;0;0;0;2;0;0;0;0;2;0;0;0
03003;Ainay-le-Château;84;03;0;0;0;0;0;0;0;0;0;0;0;0;0;0;0;2;0;1;0;0;1;1;0;0;3;1;3;3;2;0;2;1;0;3;2;0;1
03004;Andelaroche;84;03;0;0;0;0;0;0;0;0;0;0;0;0;0;0;0;0;0;0;0;0;0;0;0;0;0;0;0;0;0;1;0;0;0;0;0;0;0
03005;Archignat;84;03;0;0;0;0;0;0;0;0;0;0;0;0;0;0;0;0;0;0;0;0;0;0;0;0;1;0;3;2;0;0;0;0;0;0;0;0;0
03006;Arfeuilles;84;03;0;0;0;0;0;0;0;0;0;0;0;0;0;0;0;0;0;1;0;0;1;0;0;0;2;2;1;0;1;0;1;0;0;1;0;0;0
03007;Arpheuilles-Saint-Priest;84;03;0;0;0;0;0;0;0;0;0;0;0;0;0;0;0;0;0;0;0;1;0;0;0;0;0;0;0;0;0;0;0;0;0;0;0;0;0
03008;Arronnes;84;03;0;0;0;0;0;0;0;0;0;0;0;0;0;0;0;0;0;0;0;0;0;0;0;0;0;1;0;1;1;0;0;0;0;1;0;0;0
03009;Aubigny;84;03;0;0;0;0;0;0;0;0;0;0;0;0;0;0;0;0;0;0;0;0;0;0;0;0;0;0;0;0;0;0;0;0;0;0;0;0;0
03010;Audes;84;03;0;0;0;0;0;0;0;0;0;0;0;0;0;0;0;0;0;0;0;1;0;0;0;0;0;0;0;1;0;0;0;0;0;1;0;0;0
03011;Aurouër;84;03;0;0;0;0;0;0;0;0;0;0;0;0;0;0;0;0;0;0;0;0;1;0;0;0;0;0;0;0;0;1;0;0;0;2;0;0;0
03012;Autry-Issards;84;03;0;0;0;0;0;0;0;0;0;0;0;0;0;0;0;0;0;0;0;0;0;0;0;0;2;0;0;1;1;0;0;0;0;1;0;0;0
03013;Avermes;84;03;0;0;0;0;0;0;0;0;0;0;0;0;0;0;0;2;0;1;0;1;15;1;0;1;3;4;2;8;4;2;6;2;0;6;4;1;1
03014;Avrilly;84;03;0;0;0;0;0;0;0;0;0;0;0;0;0;0;0;0;0;0;0;0;2;0;0;0;0;0;0;0;1;0;0;0;0;0;0;0;0
03015;Bagneux;84;03;0;0;0;0;0;0;0;0;0;0;0;0;0;0;0;0;0;0;0;0;0;0;0;0;0;1;0;0;0;0;0;0;0;0;0;0;0
03016;Barberier;84;03;0;0;0;0;0;0;0;0;0;0;0;0;0;0;0;0;0;0;0;0;0;0;0;0;1;1;1;0;0;0;1;0;0;0;0;0;0
03017;Barrais-Bussolles;84;03;0;0;0;0;0;0;0;0;0;0;0;0;0;0;0;0;0;0;0;0;1;0;0;0;1;0;1;0;0;0;0;0;0;0;0;0;0
03018;Bayet;84;03;0;0;0;0;0;0;0;0;0;0;0;0;0;0;0;0;0;0;0;1;2;0;0;0;0;1;2;1;0;0;1;0;0;1;0;0;1
03019;Beaulon;84;03;0;0;0;0;0;0;0;0;0;0;0;0;0;0;0;0;0;1;0;0;3;0;0;0;2;2;3;2;4;0;2;0;0;2;0;0;0
03020;Beaune-d'Allier;84;03;0;0;0;0;0;0;0;0;0;0;0;0;0;0;0;0;0;0;0;0;1;0;0;0;0;0;0;0;0;0;0;0;0;0;0;0;0
03021;Bègues;84;03;0;0;0;0;0;0;0;0;0;0;0;0;0;0;0;0;0;0;0;0;0;0;0;0;0;0;0;0;1;0;0;0;0;0;0;0;0
03022;Bellenaves;84;03;0;0;0;0;0;0;0;0;0;0;0;0;0;0;0;1;0;1;0;0;5;1;0;1;4;1;3;3;1;2;2;1;0;3;1;0;0
03023;Bellerive-sur-Allier;84;03;0;0;0;0;0;0;0;0;0;0;1;0;0;0;0;3;2;2;0;0;12;1;1;3;6;11;10;9;4;5;12;2;1;25;9;1;2
03024;Bert;84;03;0;0;0;0;0;0;0;0;0;0;0;0;0;0;0;0;0;0;1;0;0;0;0;0;0;1;0;0;0;0;1;0;0;1;0;0;0
03025;Bessay-sur-Allier;84;03;0;0;0;0;0;0;0;0;0;0;0;0;0;0;0;0;1;1;0;0;2;0;0;0;0;2;0;4;2;0;2;0;0;2;0;0;0
03026;Besson;84;03;0;0;0;0;0;0;0;0;0;0;0;0;0;0;0;0;0;0;0;1;0;0;0;0;1;1;0;1;0;0;1;0;0;1;0;0;1
03027;Bézenet;84;03;0;0;0;0;0;0;0;0;0;0;0;0;0;0;0;0;0;1;0;0;0;0;0;0;1;0;1;1;2;0;1;0;0;2;0;0;0
03028;Billezois;84;03;0;0;0;0;0;0;0;0;0;0;0;0;0;0;0;0;0;0;0;0;2;0;0;0;2;0;0;0;1;0;1;0;0;0;0;0;0
03029;Billy;84;03;0;0;0;0;0;0;0;0;0;0;0;0;0;0;0;0;0;0;0;1;1;1;0;0;1;1;3;2;1;0;2;0;0;2;0;0;0
03030;Biozat;84;03;0;0;0;0;0;0;0;0;0;0;0;0;0;0;0;0;0;0;1;0;0;0;0;0;1;0;1;0;0;0;0;0;0;0;0;0;0
03031;Bizeneuille;84;03;0;0;0;0;0;0;0;0;0;0;0;0;0;0;0;0;0;0;0;0;0;0;0;0;0;0;1;0;0;1;0;0;0;0;0;0;0
03032;Blomard;84;03;0;0;0;0;0;0;0;0;0;0;0;0;0;0;0;0;0;0;0;0;1;0;0;0;0;0;0;2;1;0;0;0;0;1;0;0;0
03033;Bost;84;03;0;0;0;0;0;0;0;0;0;0;0;0;0;0;0;0;0;0;0;0;0;0;0;0;0;0;0;0;0;0;0;0;0;2;0;0;0
03034;Boucé;84;03;0;0;0;0;0;0;0;0;0;0;0;0;0;0;0;0;0;0;0;1;2;0;0;0;3;1;1;0;0;0;1;0;0;1;0;0;0
03035;Le Bouchaud;84;03;0;0;0;0;0;0;0;0;0;0;0;0;0;0;0;0;0;0;0;0;1;0;0;0;1;1;2;0;0;0;0;0;0;1;0;0;0
03036;Bourbon-l'Archambault;84;03;0;1;0;0;0;0;0;0;0;0;1;0;0;0;0;4;2;1;0;0;4;1;0;2;5;4;13;4;2;1;5;1;0;4;2;1;2
03037;Braize;84;03;0;0;0;0;0;0;0;0;0;0;0;0;0;0;0;0;0;0;0;0;0;0;0;0;0;1;0;0;0;0;0;0;0;1;1;0;0
03038;Bransat;84;03;0;0;0;0;0;0;0;0;0;0;0;0;0;0;0;0;0;0;0;0;0;0;0;0;0;0;1;0;1;0;0;0;0;0;1;0;0
03039;Bresnay;84;03;0;0;0;0;0;0;0;0;0;0;0;0;0;0;0;0;0;0;0;1;1;0;0;0;1;0;0;1;0;0;0;0;0;1;0;0;0
03040;Bressolles;84;03;0;0;0;0;0;0;0;0;0;0;0;0;0;0;0;0;0;0;0;0;2;0;0;0;2;0;3;1;3;0;0;1;0;0;0;0;0
03041;Le Brethon;84;03;0;0;0;0;0;0;0;0;0;0;0;0;0;0;0;0;0;0;0;1;0;0;0;0;0;0;0;1;1;0;2;0;0;1;0;0;0
03042;Le Breuil;84;03;0;0;0;0;0;0;0;0;0;0;0;0;0;0;0;0;0;0;1;0;2;0;0;0;0;1;2;2;0;0;0;1;0;0;0;0;0
03043;Broût-Vernet;84;03;0;0;0;0;0;0;0;0;0;0;0;0;0;0;0;0;0;1;0;0;2;0;0;0;1;2;1;0;2;1;3;2;0;6;0;0;0
03044;Brugheas;84;03;0;0;0;0;0;0;0;0;0;0;0;0;0;0;0;0;0;0;0;0;3;0;0;0;2;2;3;4;2;0;1;0;0;2;0;0;1
03045;Busset;84;03;0;0;0;0;0;0;0;0;0;0;0;0;0;0;0;0;0;0;0;1;2;0;0;0;1;2;0;3;1;0;1;0;0;2;0;0;0
03046;Buxières-les-Mines;84;03;0;0;0;0;0;0;0;0;0;0;0;0;0;0;0;0;0;1;0;0;1;0;0;0;2;2;5;1;2;1;1;0;0;1;0;0;0
03047;La Celle;84;03;0;0;0;0;0;0;0;0;0;0;0;0;0;0;0;0;0;0;0;0;0;0;0;0;1;0;1;1;0;0;0;0;0;0;0;0;0
03048;Cérilly;84;03;0;1;0;0;0;0;0;0;0;0;1;0;1;0;0;2;0;1;0;0;4;1;0;1;3;2;7;5;2;1;1;1;0;4;2;0;1
03049;Cesset;84;03;0;0;0;0;0;0;0;0;0;0;0;0;0;0;0;0;0;0;0;0;2;0;0;0;0;3;1;0;0;0;1;0;0;1;0;0;0
03050;La Chabanne;84;03;0;0;0;0;0;0;0;0;0;0;0;0;0;0;0;0;0;0;0;1;0;0;0;0;1;0;1;0;0;0;0;0;0;1;0;0;0
03051;Chambérat;84;03;0;0;0;0;0;0;0;0;0;0;0;0;0;0;0;0;0;0;0;0;0;0;0;0;0;0;0;0;1;0;0;0;0;0;0;0;0
03052;Chamblet;84;03;0;0;0;0;0;0;0;0;0;0;0;0;0;0;0;0;0;0;0;1;1;0;0;0;0;3;2;4;2;0;1;0;0;0;0;0;0
03053;Chantelle;84;03;0;1;0;0;0;0;0;0;0;0;0;0;0;0;0;3;0;1;0;0;3;1;0;0;4;1;0;3;1;1;1;0;0;2;2;0;1
03054;Chapeau;84;03;0;0;0;0;0;0;0;0;0;0;0;0;0;0;0;0;0;0;0;0;0;0;0;0;0;0;0;0;0;0;0;3;0;0;0;0;0
03055;La Chapelaude;84;03;0;0;0;0;0;0;0;0;0;0;0;0;1;0;0;0;0;0;0;1;0;0;0;0;0;2;0;0;2;0;1;0;0;1;1;0;1
03056;La Chapelle;84;03;0;0;0;0;0;0;0;0;0;0;0;0;0;0;0;0;0;0;0;0;0;0;0;0;0;0;0;0;1;0;0;0;0;1;0;0;0
03057;La Chapelle-aux-Chasses;84;03;0;0;0;0;0;0;0;0;0;0;0;0;0;0;0;0;0;0;0;0;0;0;0;0;0;0;0;0;0;1;0;0;0;1;0;0;0
03058;Chappes;84;03;0;0;0;0;0;0;0;0;0;0;0;0;0;0;0;0;0;0;0;1;0;0;0;0;0;0;1;0;0;0;0;0;0;0;0;0;0
03059;Chareil-Cintrat;84;03;0;0;0;0;0;0;0;0;0;0;0;0;0;0;0;0;0;0;0;0;0;0;0;0;1;0;0;1;1;0;0;0;0;0;0;0;0
03060;Charmeil;84;03;0;0;0;0;0;0;0;0;0;0;0;0;0;0;0;0;0;0;0;0;2;0;0;2;0;3;3;0;1;0;2;1;0;3;0;0;1
03061;Charmes;84;03;0;0;0;0;0;0;0;0;0;0;0;0;0;0;0;0;1;0;0;0;0;0;0;0;1;0;3;1;2;0;1;0;0;1;1;0;0
03062;Charroux;84;03;0;0;0;0;0;0;0;0;0;0;0;0;0;0;0;0;0;0;0;1;0;0;0;0;1;0;0;1;1;0;0;0;0;6;0;0;0
03063;Chassenard;84;03;0;0;0;0;0;0;0;0;0;0;0;0;0;0;0;0;0;0;0;0;1;0;0;0;1;2;2;2;1;0;1;0;0;2;0;0;0
03064;Château-sur-Allier;84;03;0;0;0;0;0;0;0;0;0;0;0;0;0;0;0;0;0;0;0;0;0;0;0;0;0;0;1;0;0;0;1;0;0;1;1;0;0
03065;Châtel-de-Neuvre;84;03;0;0;0;0;0;0;0;0;0;0;0;0;0;0;0;0;0;0;0;1;1;0;0;0;0;1;3;1;0;0;1;0;0;1;2;0;0
03066;Châtel-Montagne;84;03;0;0;0;0;0;0;0;0;0;0;0;0;0;0;0;0;0;0;0;1;0;0;0;0;0;0;0;2;0;0;0;0;0;2;0;0;0
03067;Châtelperron;84;03;0;0;0;0;0;0;0;0;0;0;0;0;0;0;0;0;0;0;0;0;0;0;0;0;0;0;0;1;1;0;0;0;0;1;0;0;0
03068;Châtelus;84;03;0;0;0;0;0;0;0;0;0;0;0;0;0;0;0;0;0;0;0;0;0;0;0;0;1;0;1;0;0;0;0;0;0;0;0;0;0
03069;Châtillon;84;03;0;0;0;0;0;0;0;0;0;0;0;0;0;0;0;0;0;0;0;0;0;0;0;0;0;1;1;1;1;1;0;0;0;1;0;0;0
03070;Chavenon;84;03;0;0;0;0;0;0;0;0;0;0;0;0;0;0;0;0;0;0;0;0;0;0;0;0;0;0;0;0;0;0;0;0;0;0;0;0;0
03071;Chavroches;84;03;0;0;0;0;0;0;0;0;0;0;0;0;0;0;0;0;0;0;0;0;0;0;0;0;0;0;0;1;0;0;0;0;0;1;0;0;0
03072;Chazemais;84;03;0;0;0;0;0;0;0;0;0;0;0;0;0;0;0;0;0;0;0;0;1;0;0;0;0;1;1;1;0;0;0;0;0;0;0;0;0
03073;Chemilly;84;03;0;0;0;0;0;0;0;0;0;0;0;0;0;0;0;0;0;0;0;1;0;0;0;0;0;1;0;0;1;0;0;0;0;1;0;0;0
03074;Chevagnes;84;03;0;1;0;0;0;0;0;0;0;0;0;0;0;0;0;0;0;1;0;0;1;0;0;0;1;0;1;0;1;0;2;0;0;2;0;0;1
03075;Chezelle;84;03;0;0;0;0;0;0;0;0;0;0;0;0;0;0;0;0;0;0;0;0;0;0;0;0;2;1;0;0;0;0;0;0;0;0;0;0;0
03076;Chézy;84;03;0;0;0;0;0;0;0;0;0;0;0;0;0;0;0;0;0;0;0;0;1;0;0;0;0;0;0;0;0;0;0;0;0;2;0;0;0
03077;Chirat-l'Église;84;03;0;0;0;0;0;0;0;0;0;0;0;0;0;0;0;0;0;0;0;0;0;0;0;0;0;0;0;0;0;0;0;0;0;1;0;0;0
03078;Chouvigny;84;03;0;0;0;0;0;0;0;0;0;0;0;0;0;0;0;0;0;0;0;0;0;0;0;0;1;0;3;2;0;0;0;0;0;1;0;0;1
03079;Cindré;84;03;0;0;0;0;0;0;0;0;0;0;0;0;0;0;0;0;0;0;1;0;0;0;0;0;0;0;0;0;0;0;0;0;0;0;0;0;0
03080;Cognat-Lyonne;84;03;0;0;0;0;0;0;0;0;0;0;0;0;0;0;0;0;0;0;0;1;1;0;0;0;4;2;1;1;1;0;0;0;0;1;0;0;0
03081;Colombier;84;03;0;0;0;0;0;0;0;0;0;0;0;0;0;0;0;0;0;0;0;0;0;0;0;0;0;0;1;0;0;0;0;0;0;0;0;0;0
03082;Commentry;84;03;1;1;0;0;0;0;0;0;0;0;1;0;1;0;0;8;4;1;0;0;11;1;0;2;5;7;6;10;5;3;9;0;0;18;3;2;4
03083;Contigny;84;03;0;0;0;0;0;0;0;0;0;0;0;0;0;0;0;0;0;0;0;0;1;0;0;0;3;4;1;0;0;0;0;0;0;0;0;0;0
03084;Cosne-d'Allier;84;03;0;1;0;0;0;0;0;0;0;0;0;0;0;0;0;3;0;1;0;0;6;1;0;1;1;7;2;6;0;0;4;3;0;4;1;1;2
03085;Coulandon;84;03;0;0;0;0;0;0;0;0;0;0;0;0;0;0;0;0;0;0;0;0;0;0;0;0;1;1;2;0;0;0;0;0;0;1;0;0;0
03086;Coulanges;84;03;0;0;0;0;0;0;0;0;0;0;0;0;0;0;0;0;0;0;0;1;1;0;0;0;0;1;0;2;0;0;0;0;0;0;0;0;1
03087;Couleuvre;84;03;0;0;0;0;0;0;0;0;0;0;0;0;0;0;0;0;0;0;0;1;0;0;0;0;0;0;3;2;1;0;0;0;0;1;0;0;0
03088;Courçais;84;03;0;0;0;0;0;0;0;0;0;0;0;0;0;0;0;0;0;0;0;0;1;0;0;0;1;1;0;0;2;1;0;0;0;0;0;0;0
03089;Coutansouze;84;03;0;0;0;0;0;0;0;0;0;0;0;0;0;0;0;0;0;0;0;0;0;0;0;0;0;0;1;0;0;0;0;0;0;0;0;0;0
03090;Couzon;84;03;0;0;0;0;0;0;0;0;0;0;0;0;0;0;0;0;0;0;0;0;0;0;0;0;1;2;2;0;0;0;0;1;0;0;0;0;0
03091;Créchy;84;03;0;0;0;0;0;0;0;0;0;0;0;0;0;0;0;0;0;0;0;1;0;0;0;0;0;1;1;0;0;0;0;0;0;0;0;0;0
03092;Cressanges;84;03;0;0;0;0;0;0;0;0;0;0;0;0;0;0;0;0;0;0;0;1;1;0;0;0;1;0;0;0;2;0;0;3;0;0;0;0;0
03093;Creuzier-le-Neuf;84;03;0;0;0;0;0;0;0;0;0;0;0;0;0;0;0;0;0;0;0;0;4;0;0;0;3;2;3;6;2;1;0;1;0;1;0;0;3
03094;Creuzier-le-Vieux;84;03;0;0;0;0;0;0;0;0;0;0;0;0;0;0;0;0;0;0;0;1;7;3;1;0;2;7;5;13;4;1;1;0;0;3;0;0;1
03095;Cusset;84;03;0;0;0;1;0;0;1;0;0;0;5;1;0;0;0;8;4;1;0;0;21;2;0;3;20;23;22;32;23;7;20;5;0;27;9;3;8
03096;Deneuille-lès-Chantelle;84;03;0;0;0;0;0;0;0;0;0;0;0;0;0;0;0;0;0;0;0;0;0;0;0;0;0;0;0;0;0;0;0;0;0;0;0;0;0
03097;Deneuille-les-Mines;84;03;0;0;0;0;0;0;0;0;0;0;0;0;0;0;0;0;0;0;0;1;0;0;0;0;0;1;0;2;0;0;0;0;0;0;0;0;0
03098;Désertines;84;03;0;0;0;0;0;0;0;0;0;0;0;0;0;0;0;2;0;1;0;0;6;0;0;1;6;6;6;8;2;2;3;1;0;4;0;0;1
03099;Deux-Chaises;84;03;0;0;0;0;0;0;0;0;0;0;0;0;0;0;0;0;0;0;0;1;2;0;0;0;1;1;1;0;1;0;0;0;0;2;0;0;0
03100;Diou;84;03;0;0;0;0;0;0;0;0;0;0;0;0;0;0;0;0;0;1;0;0;1;0;0;0;3;1;3;1;2;1;4;0;0;2;0;0;2
03101;Domérat;84;03;0;0;0;0;0;0;0;0;0;0;0;0;0;0;0;4;3;1;0;0;13;5;0;2;9;13;9;17;13;3;9;2;0;13;1;0;7
03102;Dompierre-sur-Besbre;84;03;0;1;0;0;0;0;0;0;0;0;1;0;1;0;0;5;1;1;0;0;10;1;0;2;6;4;3;5;3;0;5;4;0;8;4;1;2
03103;Le Donjon;84;03;0;1;0;0;0;0;0;0;0;0;0;0;1;0;0;3;0;1;0;0;5;0;0;0;2;4;1;3;1;0;4;2;0;0;3;0;1
03104;Doyet;84;03;0;0;0;0;0;0;0;0;0;0;0;0;0;0;0;0;0;1;0;0;3;0;0;1;0;0;2;2;3;1;2;2;0;1;1;0;1
03105;Droiturier;84;03;0;0;0;0;0;0;0;0;0;0;0;0;0;0;0;0;1;0;0;0;0;0;0;0;1;0;0;1;0;0;0;0;0;1;1;0;0
03106;Durdat-Larequille;84;03;0;0;0;0;0;0;0;0;0;0;0;0;0;0;0;0;0;1;0;0;3;0;0;0;2;0;3;5;1;0;2;0;0;3;0;0;1
03107;Ébreuil;84;03;0;1;0;0;0;0;0;0;0;0;1;0;1;0;0;2;0;1;0;0;5;0;0;0;3;4;2;7;0;0;2;0;0;5;1;0;3
03108;Échassières;84;03;0;0;0;0;0;0;0;0;0;0;0;0;0;0;0;0;0;0;0;1;0;0;0;0;1;0;0;0;0;0;1;0;0;1;0;0;0
03109;Escurolles;84;03;0;0;0;0;0;0;0;0;0;0;0;0;0;0;0;0;1;0;0;1;2;0;0;0;1;0;0;1;0;0;2;0;0;0;0;0;1
03110;Espinasse-Vozelle;84;03;0;0;0;0;0;0;0;0;0;0;0;0;0;0;0;0;0;0;0;1;3;0;0;0;3;3;3;2;1;1;0;0;0;1;0;0;0
03111;Estivareilles;84;03;0;0;0;0;0;0;0;0;0;0;0;0;0;0;0;0;1;1;0;0;2;0;0;0;1;0;1;3;3;1;2;0;0;4;0;0;1
03112;Étroussat;84;03;0;0;0;0;0;0;0;0;0;0;0;0;0;0;0;0;0;0;0;1;1;0;0;0;1;0;0;1;0;0;0;0;0;1;0;0;0
03113;Ferrières-sur-Sichon;84;03;0;0;0;0;0;0;0;0;0;0;0;0;0;0;0;0;0;1;0;0;1;0;0;0;2;0;2;3;1;1;0;0;0;1;0;0;0
03114;La Ferté-Hauterive;84;03;0;0;0;0;0;0;0;0;0;0;0;0;0;0;0;0;0;0;0;0;1;0;0;0;1;0;0;1;0;0;0;0;0;0;0;0;0
03115;Fleuriel;84;03;0;0;0;0;0;0;0;0;0;0;0;0;0;0;0;0;0;0;0;1;0;0;0;0;0;0;1;0;0;0;0;0;0;0;0;0;0
03116;Fourilles;84;03;0;0;0;0;0;0;0;0;0;0;0;0;0;0;0;0;0;0;0;0;0;0;0;0;1;0;0;0;0;0;0;0;0;0;0;0;0
03117;Franchesse;84;03;0;0;0;0;0;0;0;0;0;0;0;0;0;0;0;0;0;1;0;0;1;0;0;0;0;0;1;1;1;0;0;1;0;1;0;0;0
03118;Gannat;84;03;0;1;0;0;0;0;0;0;0;0;1;0;2;0;0;6;2;1;0;0;12;3;0;3;2;8;6;7;9;2;10;1;0;17;4;3;4
03119;Gannay-sur-Loire;84;03;0;0;0;0;0;0;0;0;0;0;0;0;0;0;0;0;0;1;0;0;2;0;1;0;0;1;0;2;1;0;0;0;0;1;0;0;1
03120;Garnat-sur-Engièvre;84;03;0;0;0;0;0;0;0;0;0;0;0;0;0;0;0;0;0;1;0;0;1;0;0;0;2;1;1;0;0;0;2;0;0;1;0;0;0
03121;Gennetines;84;03;0;0;0;0;0;0;0;0;0;0;0;0;0;0;0;0;0;0;0;0;0;0;0;0;0;0;2;0;1;1;0;0;0;1;0;0;0
03122;Gipcy;84;03;0;0;0;0;0;0;0;0;0;0;0;0;0;0;0;0;0;0;0;1;0;0;0;0;1;0;2;1;0;0;0;0;0;1;0;0;0
03124;Gouise;84;03;0;0;0;0;0;0;0;0;0;0;0;0;0;0;0;0;0;0;0;1;2;0;0;0;1;1;1;0;0;0;0;0;0;0;0;0;0
03125;La Guillermie;84;03;0;0;0;0;0;0;0;0;0;0;0;0;0;0;0;0;0;0;0;0;0;0;0;0;0;0;0;0;0;0;0;0;0;0;0;0;0
03126;Hauterive;84;03;0;0;0;0;0;0;0;0;0;0;0;0;0;0;0;0;0;0;1;0;1;0;0;0;2;1;2;0;3;0;0;0;0;1;1;0;1
03127;Hérisson;84;03;0;0;0;0;0;0;0;0;0;0;1;0;0;0;0;1;1;0;0;1;0;0;0;0;1;1;0;0;1;0;1;1;0;2;0;0;0
03128;Huriel;84;03;0;1;0;0;0;0;0;0;0;0;1;0;1;0;0;1;1;1;0;0;2;1;0;0;2;3;0;2;3;1;3;1;0;2;2;0;1
03129;Hyds;84;03;0;0;0;0;0;0;0;0;0;0;0;0;0;0;0;0;0;0;0;0;0;0;0;0;0;1;0;2;1;0;0;0;0;1;0;0;1
03130;Isle-et-Bardais;84;03;0;0;0;0;0;0;0;0;0;0;0;0;0;0;0;0;0;0;0;0;0;0;0;0;0;0;2;0;0;0;1;0;0;4;0;0;0
03131;Isserpent;84;03;0;0;0;0;0;0;0;0;0;0;0;0;0;0;0;0;0;0;0;1;1;0;0;0;1;0;2;1;3;0;2;0;0;1;0;0;0
03132;Jaligny-sur-Besbre;84;03;0;1;0;0;0;0;0;0;0;0;0;0;0;0;0;3;0;1;0;0;2;0;0;0;3;3;0;1;1;0;1;1;0;1;0;0;0
03133;Jenzat;84;03;0;0;0;0;0;0;0;0;0;0;0;0;0;0;0;0;0;0;0;1;0;0;0;0;0;2;0;1;2;1;0;0;0;0;0;0;0
03134;Laféline;84;03;0;0;0;0;0;0;0;0;0;0;0;0;0;0;0;0;0;0;0;0;0;0;0;0;0;0;0;0;0;0;0;0;0;0;0;0;0
03135;Lalizolle;84;03;0;0;0;0;0;0;0;0;0;0;0;0;0;0;0;0;0;0;0;1;0;0;0;0;2;3;1;0;0;0;0;0;0;1;0;0;0
03136;Lamaids;84;03;0;0;0;0;0;0;0;0;0;0;0;0;0;0;0;0;0;0;0;0;0;0;0;0;1;0;0;0;0;0;0;0;0;0;0;0;0
03137;Langy;84;03;0;0;0;0;0;0;0;0;0;0;0;0;0;0;0;0;0;0;0;0;0;0;0;0;0;0;0;0;0;0;0;0;0;0;0;0;0
03138;Lapalisse;84;03;0;1;0;0;0;0;0;0;0;0;1;0;1;0;0;5;1;1;0;0;8;1;0;2;3;6;3;3;4;2;6;3;0;9;1;2;3
03139;Laprugne;84;03;0;0;0;0;0;0;0;0;0;0;0;0;0;0;0;0;0;0;0;1;1;0;0;0;0;0;0;1;0;0;0;0;0;2;0;0;0
03140;Lavault-Sainte-Anne;84;03;0;0;0;0;0;0;0;0;0;0;0;0;0;0;0;0;0;0;0;0;2;0;0;0;0;1;1;0;1;2;0;0;0;0;0;0;0
03141;Lavoine;84;03;0;0;0;0;0;0;0;0;0;0;0;0;0;0;0;0;0;0;0;0;0;0;0;0;0;0;0;0;0;0;0;0;0;2;0;0;0
03142;Lenax;84;03;0;0;0;0;0;0;0;0;0;0;0;0;0;0;0;0;0;0;1;0;0;0;0;0;1;0;1;0;2;0;0;0;0;0;0;0;0
03143;Lételon;84;03;0;0;0;0;0;0;0;0;0;0;0;0;0;0;0;0;0;0;0;0;0;0;0;0;0;0;0;0;0;0;1;0;0;0;0;0;0
03144;Liernolles;84;03;0;0;0;0;0;0;0;0;0;0;0;0;0;0;0;0;0;0;0;0;1;0;0;0;0;0;0;0;0;0;0;0;0;0;0;0;0
03145;Lignerolles;84;03;0;0;0;0;0;0;0;0;0;0;0;0;0;0;0;0;0;0;0;0;3;0;0;0;1;1;0;1;0;1;0;0;0;0;0;0;0
03146;Limoise;84;03;0;0;0;0;0;0;0;0;0;0;0;0;0;0;0;0;0;0;0;0;1;0;0;0;0;1;0;0;0;0;0;0;0;1;0;0;0
03147;Loddes;84;03;0;0;0;0;0;0;0;0;0;0;0;0;0;0;0;0;0;0;0;0;0;0;0;0;0;0;0;0;0;0;1;0;0;0;0;0;0
03148;Loriges;84;03;0;0;0;0;0;0;0;0;0;0;0;0;0;0;0;0;0;0;0;0;0;0;0;0;0;0;0;0;0;0;0;0;0;0;0;0;0
03149;Louchy-Montfand;84;03;0;0;0;0;0;0;0;0;0;0;0;0;0;0;0;0;0;0;0;0;0;0;0;0;0;0;1;1;1;0;0;0;0;1;0;0;0
03150;Louroux-Bourbonnais;84;03;0;0;0;0;0;0;0;0;0;0;0;0;0;0;0;0;0;0;0;1;0;0;0;0;0;0;2;0;0;0;0;0;0;0;0;0;0
03151;Louroux-de-Beaune;84;03;0;0;0;0;0;0;0;0;0;0;0;0;0;0;0;0;0;0;0;0;0;0;0;0;0;0;0;1;0;0;0;0;0;0;0;0;0
03152;Louroux-de-Bouble;84;03;0;0;0;0;0;0;0;0;0;0;0;0;0;0;0;0;0;0;1;0;1;0;0;0;0;0;0;0;1;0;1;0;0;1;0;0;0
03154;Luneau;84;03;0;0;0;0;0;0;0;0;0;0;0;0;0;0;0;0;0;0;0;0;0;0;0;0;2;0;0;0;0;0;1;0;0;1;0;0;0
03155;Lurcy-Lévis;84;03;0;1;0;0;0;0;0;0;0;0;1;0;0;0;0;3;0;1;0;0;2;0;0;1;3;4;8;2;2;0;3;1;2;5;4;0;1
03156;Lusigny;84;03;0;0;0;0;0;0;0;0;0;0;0;0;0;0;0;0;0;1;0;0;5;0;0;1;4;5;0;2;0;0;2;0;0;3;0;0;2
03157;Magnet;84;03;0;0;0;0;0;0;0;0;0;0;0;0;0;0;0;0;0;0;1;0;2;0;0;0;2;0;0;0;3;0;0;0;0;0;0;0;4
03158;Haut-Bocage;84;03;0;0;0;0;0;0;0;0;0;0;0;0;0;0;0;0;1;0;0;0;1;0;0;0;0;3;0;3;2;0;1;0;0;1;0;0;0
03159;Malicorne;84;03;0;0;0;0;0;0;0;0;0;0;0;0;0;0;0;0;0;0;0;0;3;1;0;0;2;1;3;2;0;0;1;5;0;2;0;0;0
03160;Marcenat;84;03;0;0;0;0;0;0;0;0;0;0;0;0;0;0;0;0;0;0;0;0;0;0;0;0;0;2;0;0;2;0;1;0;0;0;1;0;0
03161;Marcillat-en-Combraille;84;03;0;1;0;0;0;0;0;0;0;0;0;0;1;0;0;1;0;1;0;0;1;0;0;1;3;0;3;3;0;0;3;2;0;1;1;0;1
03162;Marigny;84;03;0;0;0;0;0;0;0;0;0;0;0;0;0;0;0;0;0;0;0;0;0;0;0;0;0;1;1;0;1;1;0;0;0;0;0;0;0
03163;Mariol;84;03;0;0;0;0;0;0;0;0;0;0;0;0;0;0;0;0;0;0;0;1;1;0;0;0;0;1;0;3;2;1;2;0;0;0;0;0;0
03164;Le Mayet-d'École;84;03;0;0;0;0;0;0;0;0;0;0;0;0;0;0;0;0;0;0;0;0;3;0;0;0;1;0;1;1;1;0;0;0;0;2;0;0;0
03165;Le Mayet-de-Montagne;84;03;0;1;0;0;0;0;0;0;0;0;1;0;1;0;0;2;0;1;0;0;6;1;0;0;4;2;6;7;3;0;5;0;0;4;0;0;1
03166;Mazerier;84;03;0;0;0;0;0;0;0;0;0;0;0;0;0;0;0;0;1;0;0;0;1;0;0;0;0;0;0;1;0;0;0;0;0;0;0;0;0
03167;Mazirat;84;03;0;0;0;0;0;0;0;0;0;0;0;0;0;0;0;0;0;0;0;0;0;0;0;0;1;0;1;0;0;0;0;0;0;1;0;0;0
03168;Meaulne;84;03;0;0;0;0;0;0;0;0;0;0;0;0;0;0;0;0;0;0;0;1;1;0;0;0;1;0;0;4;0;0;1;0;0;2;0;0;0
03169;Meillard;84;03;0;0;0;0;0;0;0;0;0;0;0;0;0;0;0;0;0;0;0;0;0;0;0;0;0;0;1;0;2;0;0;0;0;1;0;0;0
03170;Meillers;84;03;0;0;0;0;0;0;0;0;0;0;0;0;0;0;0;0;0;0;0;0;0;0;0;0;0;0;1;0;1;0;0;0;0;1;0;0;0
03171;Mercy;84;03;0;0;0;0;0;0;0;0;0;0;0;0;0;0;0;0;0;0;0;0;0;0;0;0;0;0;1;0;0;0;0;0;0;0;0;0;0
03172;Mesples;84;03;0;0;0;0;0;0;0;0;0;0;0;0;0;0;0;0;0;0;0;0;0;0;0;0;1;0;0;0;0;0;0;0;0;1;0;0;0
03173;Molinet;84;03;0;0;0;0;0;0;0;0;0;0;0;0;0;0;0;0;0;1;0;0;3;0;0;0;3;0;0;0;2;0;1;0;0;1;1;0;0
03174;Molles;84;03;0;0;0;0;0;0;0;0;0;0;0;0;0;0;0;0;0;0;1;0;1;0;0;0;3;2;2;1;3;1;0;0;0;1;0;0;0
03175;Monestier;84;03;0;0;0;0;0;0;0;0;0;0;0;0;0;0;0;0;0;0;0;0;1;0;0;0;2;2;1;0;0;0;0;0;0;1;0;0;0
03176;Monétay-sur-Allier;84;03;0;0;0;0;0;0;0;0;0;0;0;0;0;0;0;0;0;0;0;0;0;0;0;0;3;0;2;1;1;0;0;0;0;1;0;0;0
03177;Monétay-sur-Loire;84;03;0;0;0;0;0;0;0;0;0;0;0;0;0;0;0;0;0;0;0;1;0;0;0;0;0;0;1;0;2;0;0;0;0;1;0;0;0
03178;Montaiguët-en-Forez;84;03;0;0;0;0;0;0;0;0;0;0;0;0;0;0;0;0;0;0;0;1;1;0;0;0;0;1;0;0;1;0;0;0;0;1;0;0;0
03179;Montaigu-le-Blin;84;03;0;0;0;0;0;0;0;0;0;0;0;0;0;0;0;0;0;0;0;1;0;0;0;0;1;1;0;1;0;0;0;0;0;1;1;0;0
03180;Montbeugny;84;03;0;0;0;0;0;0;0;0;0;0;0;0;0;0;0;0;0;0;0;1;0;0;0;0;0;1;0;1;0;0;1;0;0;0;0;1;0
03181;Montcombroux-les-Mines;84;03;0;0;0;0;0;0;0;0;0;0;0;0;0;0;0;0;0;0;0;1;0;0;0;0;1;0;0;0;0;1;0;0;0;0;0;0;0
03182;Monteignet-sur-l'Andelot;84;03;0;0;0;0;0;0;0;0;0;0;0;0;0;0;0;0;1;0;0;0;0;0;0;0;2;1;1;0;0;0;0;0;0;1;0;0;0
03183;Le Montet;84;03;0;1;0;0;0;0;0;0;0;0;1;0;1;0;0;2;1;1;0;0;1;0;0;0;0;1;1;2;2;0;2;1;0;1;0;0;2
03184;Montilly;84;03;0;0;0;0;0;0;0;0;0;0;0;0;0;0;0;0;0;0;0;0;0;0;0;0;0;0;1;1;0;0;0;0;0;1;0;0;0
03185;Montluçon;84;03;1;1;0;1;1;1;1;0;0;0;6;2;0;1;0;31;7;4;1;0;54;5;6;16;34;37;31;53;24;11;66;3;14;141;23;16;29
03186;Montmarault;84;03;0;1;0;0;0;0;0;0;0;0;1;0;1;0;0;4;1;1;0;0;5;1;0;3;1;2;1;5;3;0;3;5;0;5;1;0;1
03187;Montoldre;84;03;0;0;0;0;0;0;0;0;0;0;0;0;0;0;0;0;0;0;0;0;1;0;0;0;0;0;0;0;0;0;0;0;0;1;0;0;0
03188;Montord;84;03;0;0;0;0;0;0;0;0;0;0;0;0;0;0;0;0;0;0;0;0;0;0;0;0;1;0;0;0;0;0;0;0;0;0;0;0;0
03189;Montvicq;84;03;0;0;0;0;0;0;0;0;0;0;0;0;0;0;0;0;0;1;0;0;0;0;0;0;1;2;0;1;0;0;0;0;0;0;0;0;1
03190;Moulins;84;03;2;1;0;1;1;1;0;0;0;0;3;1;0;0;0;19;4;3;0;2;15;2;3;8;18;15;15;19;12;9;51;8;10;85;22;5;15
03191;Murat;84;03;0;0;0;0;0;0;0;0;0;0;0;0;0;0;0;0;0;0;0;1;1;0;0;0;0;0;1;0;0;2;0;0;0;1;0;0;0
03192;Nades;84;03;0;0;0;0;0;0;0;0;0;0;0;0;0;0;0;0;0;0;0;0;0;0;0;0;0;0;1;1;0;0;0;0;0;1;0;0;0
03193;Nassigny;84;03;0;0;0;0;0;0;0;0;0;0;0;0;0;0;0;0;0;0;0;0;1;0;0;0;0;1;0;0;0;0;0;0;0;0;0;0;0
03194;Naves;84;03;0;0;0;0;0;0;0;0;0;0;0;0;0;0;0;0;0;0;0;1;0;0;0;0;0;0;0;1;0;0;0;0;0;3;0;0;0
03195;Néris-les-Bains;84;03;0;0;0;0;0;0;0;0;0;0;0;0;0;0;0;1;0;1;0;0;4;0;0;1;1;2;0;8;3;0;5;1;1;9;3;0;5
03196;Neuilly-en-Donjon;84;03;0;0;0;0;0;0;0;0;0;0;0;0;0;0;0;0;0;0;0;0;0;0;0;0;0;1;1;0;0;0;0;0;0;1;0;0;0
03197;Neuilly-le-Réal;84;03;0;1;0;0;0;0;0;0;0;0;0;0;0;0;0;2;1;1;0;0;3;0;0;0;4;1;1;1;3;0;1;0;0;3;0;0;1
03198;Neure;84;03;0;0;0;0;0;0;0;0;0;0;0;0;0;0;0;0;0;0;0;0;1;0;0;0;1;2;0;0;0;0;0;0;0;0;0;0;0
03200;Neuvy;84;03;0;0;0;0;0;0;0;0;0;0;0;0;0;0;0;0;0;0;0;0;1;0;0;0;4;2;1;1;1;0;1;0;0;1;0;0;1
03201;Nizerolles;84;03;0;0;0;0;0;0;0;0;0;0;0;0;0;0;0;0;0;0;0;0;0;0;0;0;0;2;0;0;0;0;0;0;0;1;0;0;0
03202;Noyant-d'Allier;84;03;0;0;0;0;0;0;0;0;0;0;0;0;0;0;0;0;0;1;0;0;0;0;0;0;3;0;0;0;2;0;2;1;0;3;0;0;0
03203;Paray-le-Frésil;84;03;0;0;0;0;0;0;0;0;0;0;0;0;0;0;0;0;0;0;0;0;0;0;0;0;1;0;0;1;0;0;0;0;0;0;0;0;0
03204;Paray-sous-Briailles;84;03;0;0;0;0;0;0;0;0;0;0;0;0;0;0;0;0;0;0;0;0;1;0;0;0;1;0;0;1;1;0;1;0;0;2;0;0;1
03205;Périgny;84;03;0;0;0;0;0;0;0;0;0;0;0;0;0;0;0;0;0;0;0;0;2;0;0;1;2;1;1;0;1;0;0;0;0;2;0;0;0
03206;La Petite-Marche;84;03;0;0;0;0;0;0;0;0;0;0;0;0;0;0;0;0;0;0;0;1;0;0;0;0;1;0;0;0;0;0;0;0;0;0;0;0;0
03207;Pierrefitte-sur-Loire;84;03;0;0;0;0;0;0;0;0;0;0;0;0;0;0;0;0;0;0;0;1;0;0;0;0;1;0;2;2;0;0;1;0;0;1;0;0;0
03208;Le Pin;84;03;0;0;0;0;0;0;0;0;0;0;0;0;0;0;0;0;0;0;0;1;0;1;0;0;2;3;0;2;0;0;0;0;0;0;0;0;0
03209;Poëzat;84;03;0;0;0;0;0;0;0;0;0;0;0;0;0;0;0;0;0;0;0;0;0;0;0;0;0;0;0;0;0;0;0;0;0;1;0;0;0
03210;Pouzy-Mésangy;84;03;0;0;0;0;0;0;0;0;0;0;0;0;0;0;0;0;0;0;0;1;0;0;0;0;0;0;2;2;1;0;1;0;0;0;0;0;0
03211;Prémilhat;84;03;0;0;0;0;0;0;0;0;0;0;0;0;0;0;0;0;0;0;1;0;1;0;0;0;6;3;2;5;2;2;1;0;0;3;0;0;0
03212;Quinssaines;84;03;0;0;0;0;0;0;0;0;0;0;0;0;0;0;0;0;1;0;0;1;0;0;0;0;3;4;4;2;2;0;1;0;0;1;0;0;1
03213;Reugny;84;03;0;0;0;0;0;0;0;0;0;0;0;0;0;0;0;0;0;0;0;0;0;0;0;0;0;0;0;0;0;0;1;0;0;1;0;0;0
03214;Rocles;84;03;0;0;0;0;0;0;0;0;0;0;0;0;0;0;0;0;0;0;0;0;0;0;0;0;0;0;0;1;0;0;1;0;0;0;0;0;0
03215;Rongères;84;03;0;0;0;0;0;0;0;0;0;0;0;0;0;0;0;0;0;0;1;0;1;0;0;0;2;1;0;1;1;0;0;0;0;0;0;0;0
03216;Ronnet;84;03;0;0;0;0;0;0;0;0;0;0;0;0;0;0;0;0;0;0;0;0;0;0;0;0;0;0;0;0;1;0;0;0;0;0;0;0;0
03217;Saint-Angel;84;03;0;0;0;0;0;0;0;0;0;0;0;0;0;0;0;0;0;0;1;0;0;0;0;1;0;0;0;2;1;0;3;0;0;1;0;0;0
03218;Saint-Aubin-le-Monial;84;03;0;0;0;0;0;0;0;0;0;0;0;0;0;0;0;0;0;0;0;0;0;0;0;0;0;0;1;0;0;0;0;0;0;0;0;0;0
03219;Saint-Bonnet-de-Four;84;03;0;0;0;0;0;0;0;0;0;0;0;0;0;0;0;0;0;0;0;0;0;0;0;0;0;0;1;0;0;0;0;0;0;0;0;0;0
03220;Saint-Bonnet-de-Rochefort;84;03;0;0;0;0;0;0;0;0;0;0;0;0;0;0;0;0;1;0;1;0;0;0;0;0;3;3;1;0;0;0;1;0;0;4;0;0;0
03221;Saint-Bonnet-Tronçais;84;03;0;0;0;0;0;0;0;0;0;0;0;0;0;0;0;0;1;0;0;1;0;0;0;0;1;4;2;0;1;0;1;0;0;3;0;0;0
03222;Saint-Caprais;84;03;0;0;0;0;0;0;0;0;0;0;0;0;0;0;0;0;0;0;0;0;0;0;0;0;0;0;0;0;1;0;0;0;0;0;0;0;0
03223;Saint-Christophe;84;03;0;0;0;0;0;0;0;0;0;0;0;0;0;0;0;0;0;0;0;0;1;0;0;0;0;3;1;0;1;0;0;0;0;0;0;0;0
03224;Saint-Clément;84;03;0;0;0;0;0;0;0;0;0;0;0;0;0;0;0;0;0;0;0;0;0;0;0;0;0;0;3;0;0;0;1;0;0;0;0;0;0
03225;Saint-Désiré;84;03;0;0;0;0;0;0;0;0;0;0;0;0;0;0;0;0;0;0;0;1;1;0;0;0;0;0;0;0;1;0;1;1;0;2;0;0;0
03226;Saint-Didier-en-Donjon;84;03;0;0;0;0;0;0;0;0;0;0;0;0;0;0;0;0;0;0;0;0;0;0;0;0;0;0;0;0;1;0;0;0;0;1;0;0;0
03227;Saint-Didier-la-Forêt;84;03;0;0;0;0;0;0;0;0;0;0;0;0;0;0;0;0;0;1;0;0;0;0;0;0;2;0;0;0;1;0;1;0;0;1;0;0;1
03228;Saint-Éloy-d'Allier;84;03;0;0;0;0;0;0;0;0;0;0;0;0;0;0;0;0;0;0;0;0;0;0;0;0;0;0;0;0;0;0;0;0;0;0;0;0;0
03229;Saint-Ennemond;84;03;0;0;0;0;0;0;0;0;0;0;0;0;0;0;0;0;0;0;1;0;1;0;0;0;0;1;0;1;0;0;1;0;0;0;0;0;0
03230;Saint-Étienne-de-Vicq;84;03;0;0;0;0;0;0;0;0;0;0;0;0;0;0;0;0;0;0;1;0;0;0;0;0;1;0;0;1;0;0;1;0;0;0;0;0;0
03231;Saint-Fargeol;84;03;0;0;0;0;0;0;0;0;0;0;0;0;0;0;0;0;0;0;0;0;0;0;0;0;1;0;1;1;0;0;0;0;0;0;0;0;0
03232;Saint-Félix;84;03;0;0;0;0;0;0;0;0;0;0;0;0;0;0;0;0;0;0;0;0;0;0;0;0;0;0;0;0;0;0;0;0;0;0;1;0;0
03233;Saint-Genest;84;03;0;0;0;0;0;0;0;0;0;0;0;0;0;0;0;0;0;0;0;0;0;0;0;0;0;1;0;0;0;0;0;0;0;1;0;0;0
03234;Saint-Gérand-de-Vaux;84;03;0;0;0;0;0;0;0;0;0;0;0;0;0;0;0;0;0;0;1;0;0;0;0;0;0;0;1;0;1;1;0;0;0;1;0;0;0
03235;Saint-Gérand-le-Puy;84;03;0;0;0;0;0;0;0;0;0;0;0;0;0;0;0;0;0;1;0;0;1;0;0;0;2;1;1;1;0;1;4;1;0;2;0;0;0
03236;Saint-Germain-des-Fossés;84;03;0;1;0;0;0;0;0;0;0;0;0;0;0;0;0;3;1;1;0;0;6;0;0;1;3;6;7;5;2;0;5;0;0;5;3;0;1
03237;Saint-Germain-de-Salles;84;03;0;0;0;0;0;0;0;0;0;0;0;0;0;0;0;0;0;0;0;1;0;0;0;0;1;0;0;1;0;0;0;0;0;2;0;0;0
03238;Saint-Hilaire;84;03;0;0;0;0;0;0;0;0;0;0;0;0;0;0;0;0;0;1;0;0;0;0;0;0;0;0;2;1;0;1;0;0;0;1;0;0;0
03239;Saint-Léger-sur-Vouzance;84;03;0;0;0;0;0;0;0;0;0;0;0;0;0;0;0;0;0;0;0;0;0;0;0;0;1;0;1;0;0;0;0;0;0;1;0;0;0
03240;Saint-Léon;84;03;0;0;0;0;0;0;0;0;0;0;0;0;0;0;0;0;1;0;0;1;1;0;0;0;2;1;2;1;2;0;1;0;0;0;0;0;0
03241;Saint-Léopardin-d'Augy;84;03;0;0;0;0;0;0;0;0;0;0;0;0;0;0;0;0;0;0;0;1;2;0;0;0;0;0;0;0;0;0;0;0;0;0;0;0;0
03242;Saint-Loup;84;03;0;0;0;0;0;0;0;0;0;0;0;0;0;0;0;0;0;0;0;0;0;0;0;1;1;1;2;2;1;0;0;0;0;1;0;0;0
03243;Saint-Marcel-en-Murat;84;03;0;0;0;0;0;0;0;0;0;0;0;0;0;0;0;0;0;0;0;0;0;0;0;0;0;0;0;0;0;0;0;0;0;0;0;0;0
03244;Saint-Marcel-en-Marcillat;84;03;0;0;0;0;0;0;0;0;0;0;0;0;0;0;0;0;0;0;0;0;0;0;0;0;0;0;0;1;0;0;0;0;0;0;0;0;0
03245;Saint-Martin-des-Lais;84;03;0;0;0;0;0;0;0;0;0;0;0;0;0;0;0;0;0;0;0;0;0;0;0;0;0;0;0;1;0;0;0;0;0;1;0;0;0
03246;Saint-Martinien;84;03;0;0;0;0;0;0;0;0;0;0;0;0;0;0;0;0;0;0;0;0;0;0;0;0;1;0;0;0;1;0;0;0;0;0;0;0;0
03247;Saint-Menoux;84;03;0;0;0;0;0;0;0;0;0;0;0;0;0;0;0;0;0;1;0;0;3;1;1;0;1;0;1;1;0;2;1;2;0;1;0;0;0
03248;Saint-Nicolas-des-Biefs;84;03;0;0;0;0;0;0;0;0;0;0;0;0;0;0;0;0;0;0;1;0;0;0;0;0;0;0;0;0;0;0;0;0;0;3;0;0;0
03249;Saint-Palais;84;03;0;0;0;0;0;0;0;0;0;0;0;0;0;0;0;0;0;0;0;0;1;0;0;0;2;0;0;1;1;0;0;0;0;1;0;0;0
03250;Saint-Pierre-Laval;84;03;0;0;0;0;0;0;0;0;0;0;0;0;0;0;0;0;0;0;0;0;1;0;0;0;2;0;0;0;1;0;1;0;0;0;0;0;0
03251;Saint-Plaisir;84;03;0;0;0;0;0;0;0;0;0;0;0;0;0;0;0;0;0;0;0;1;0;0;0;0;2;1;0;0;0;0;0;0;0;1;0;0;0
03252;Saint-Pont;84;03;0;0;0;0;0;0;0;0;0;0;0;0;0;0;0;0;0;0;0;0;0;0;0;0;2;2;1;1;0;0;0;0;0;0;0;0;0
03253;Saint-Pourçain-sur-Besbre;84;03;0;0;0;0;0;0;0;0;0;0;0;0;0;0;0;0;0;0;0;1;1;0;0;0;0;0;0;1;1;0;0;0;0;0;0;0;0
03254;Saint-Pourçain-sur-Sioule;84;03;0;1;0;0;0;0;0;0;0;0;1;0;0;0;0;9;2;1;0;0;10;2;0;5;8;8;7;4;2;0;14;2;1;22;5;3;4
03255;Saint-Priest-d'Andelot;84;03;0;0;0;0;0;0;0;0;0;0;0;0;0;0;0;0;1;0;0;0;1;0;0;0;0;0;0;1;0;1;0;0;0;0;0;0;0
03256;Saint-Priest-en-Murat;84;03;0;0;0;0;0;0;0;0;0;0;0;0;0;0;0;0;0;0;0;0;0;0;0;0;0;0;0;0;0;0;0;0;0;0;0;0;0
03257;Saint-Prix;84;03;0;0;0;0;0;0;0;0;0;0;0;0;0;0;0;0;0;0;0;0;1;2;1;0;2;0;1;2;0;0;1;0;0;1;0;0;0
03258;Saint-Rémy-en-Rollat;84;03;0;0;0;0;0;0;0;0;0;0;0;0;0;0;0;0;0;1;0;0;2;0;0;0;3;2;6;1;1;1;2;0;0;0;0;0;0
03259;Saint-Sauvier;84;03;0;0;0;0;0;0;0;0;0;0;0;0;0;0;0;0;0;0;0;1;0;0;0;0;0;1;1;0;1;0;0;0;0;0;0;0;0
03260;Saint-Sornin;84;03;0;0;0;0;0;0;0;0;0;0;0;0;0;0;0;0;0;0;0;0;0;0;0;0;0;0;0;0;0;0;0;0;0;1;0;0;0
03261;Sainte-Thérence;84;03;0;0;0;0;0;0;0;0;0;0;0;0;0;0;0;0;0;0;0;0;0;0;0;0;0;0;2;1;0;0;0;0;0;3;0;0;0
03262;Saint-Victor;84;03;0;0;0;0;0;0;0;0;0;0;0;0;0;0;0;0;0;0;0;1;3;1;0;0;1;4;6;7;3;0;2;1;1;6;0;0;1
03263;Saint-Voir;84;03;0;0;0;0;0;0;0;0;0;0;0;0;0;0;0;0;0;0;0;0;0;0;0;0;1;0;1;2;0;0;0;0;0;0;0;0;0
03264;Saint-Yorre;84;03;0;0;0;0;0;0;0;0;0;0;0;0;0;0;0;2;1;1;0;0;5;0;0;2;5;8;5;3;3;2;5;1;1;7;1;1;1
03265;Saligny-sur-Roudon;84;03;0;0;0;0;0;0;0;0;0;0;0;0;0;0;0;0;0;0;0;1;1;0;0;0;1;0;0;1;2;2;1;0;0;0;0;0;0
03266;Sanssat;84;03;0;0;0;0;0;0;0;0;0;0;0;0;0;0;0;0;0;0;0;0;0;0;0;0;1;0;1;0;0;0;0;0;0;1;0;0;0
03267;Saulcet;84;03;0;0;0;0;0;0;0;0;0;0;0;0;0;0;0;0;0;0;0;0;2;0;0;0;0;2;0;3;1;0;0;0;0;1;0;0;0
03268;Saulzet;84;03;0;0;0;0;0;0;0;0;0;0;0;0;0;0;0;0;1;0;0;0;1;0;0;0;1;1;1;0;0;0;0;0;0;0;0;0;0
03269;Sauvagny;84;03;0;0;0;0;0;0;0;0;0;0;0;0;0;0;0;0;0;0;0;0;0;0;0;0;0;1;1;0;0;0;0;0;0;0;0;0;0
03270;Sazeret;84;03;0;0;0;0;0;0;0;0;0;0;0;0;0;0;0;0;0;0;0;0;0;0;0;0;0;0;0;0;0;0;0;0;0;0;0;0;0
03271;Serbannes;84;03;0;0;0;0;0;0;0;0;0;0;0;0;0;0;0;0;1;0;0;0;0;0;0;0;3;0;1;3;0;0;1;0;0;3;0;0;0
03272;Servilly;84;03;0;0;0;0;0;0;0;0;0;0;0;0;0;0;0;0;0;0;0;0;0;0;0;0;1;1;1;0;0;1;1;0;0;0;0;0;0
03273;Seuillet;84;03;0;0;0;0;0;0;0;0;0;0;0;0;0;0;0;0;0;0;0;0;1;0;0;0;0;1;4;0;0;0;1;0;0;0;0;0;0
03274;Sorbier;84;03;0;0;0;0;0;0;0;0;0;0;0;0;0;0;0;0;0;0;0;0;0;0;0;0;1;0;2;0;0;1;1;0;0;0;0;0;0
03275;Souvigny;84;03;0;1;0;0;0;0;0;0;0;0;0;0;0;0;0;2;0;1;0;0;1;0;1;1;1;5;1;2;2;1;1;0;0;3;1;1;1
03276;Sussat;84;03;0;0;0;0;0;0;0;0;0;0;0;0;0;0;0;0;0;0;0;0;0;0;0;0;0;0;0;1;0;0;0;0;0;0;0;0;0
03277;Target;84;03;0;0;0;0;0;0;0;0;0;0;0;0;0;0;0;0;0;0;0;1;0;0;0;0;1;0;0;1;0;0;0;0;0;1;0;0;0
03278;Taxat-Senat;84;03;0;0;0;0;0;0;0;0;0;0;0;0;0;0;0;0;0;0;0;0;0;0;0;0;0;0;0;1;1;1;0;0;0;0;0;0;0
03279;Teillet-Argenty;84;03;0;0;0;0;0;0;0;0;0;0;0;0;0;0;0;0;0;0;0;1;0;0;0;0;0;0;1;0;0;1;0;0;0;0;1;0;0
03280;Terjat;84;03;0;0;0;0;0;0;0;0;0;0;0;0;0;0;0;0;0;0;0;0;0;0;0;0;0;0;0;0;0;0;0;0;0;1;0;0;0
03281;Le Theil;84;03;0;0;0;0;0;0;0;0;0;0;0;0;0;0;0;0;0;0;1;0;1;0;0;0;0;1;0;0;1;0;1;0;0;1;0;0;0
03282;Theneuille;84;03;0;0;0;0;0;0;0;0;0;0;0;0;0;0;0;0;0;0;0;1;0;0;0;0;3;0;0;2;1;0;0;0;0;0;0;0;0
03283;Thiel-sur-Acolin;84;03;0;0;0;0;0;0;0;0;0;0;0;0;0;0;0;0;0;1;0;0;2;0;0;0;2;2;0;4;1;0;3;0;0;2;0;0;1
03284;Thionne;84;03;0;0;0;0;0;0;0;0;0;0;0;0;0;0;0;0;0;0;1;0;0;0;0;0;0;0;0;1;0;0;0;0;0;0;0;0;0
03285;Tortezais;84;03;0;0;0;0;0;0;0;0;0;0;0;0;0;0;0;0;0;0;0;0;0;0;0;0;0;1;1;1;0;0;0;0;0;0;0;0;0
03286;Toulon-sur-Allier;84;03;0;0;0;0;0;0;0;0;0;0;0;0;0;0;0;2;0;0;0;0;4;1;0;2;0;0;1;2;1;0;1;0;0;5;0;0;0
03287;Treban;84;03;0;0;0;0;0;0;0;0;0;0;0;0;0;0;0;0;0;1;0;0;0;0;0;0;0;3;0;0;0;0;2;0;0;2;0;0;0
03288;Treignat;84;03;0;0;0;0;0;0;0;0;0;0;0;0;0;0;0;0;1;0;0;1;1;0;0;0;2;0;0;1;0;1;1;1;0;3;0;0;0
03289;Treteau;84;03;0;0;0;0;0;0;0;0;0;0;0;0;0;0;0;0;0;0;0;1;3;0;0;0;1;0;0;1;0;0;0;0;0;1;1;0;0
03290;Trévol;84;03;0;0;0;0;0;0;0;0;0;0;0;0;0;0;0;0;0;0;1;0;0;0;0;0;2;1;0;3;3;1;1;0;0;0;3;0;0
03291;Trézelles;84;03;0;0;0;0;0;0;0;0;0;0;0;0;0;0;0;0;0;0;0;1;0;0;0;0;1;0;0;1;0;0;0;0;0;0;0;0;0
03292;Tronget;84;03;0;0;0;0;0;0;0;0;0;0;0;0;0;0;0;0;1;1;0;0;1;0;0;0;0;0;5;1;0;0;1;0;0;0;0;0;0
03293;Urçay;84;03;0;0;0;0;0;0;0;0;0;0;0;0;0;0;0;0;0;0;0;1;0;0;0;0;0;0;0;0;0;0;1;0;0;1;1;0;0
03294;Ussel-d'Allier;84;03;0;0;0;0;0;0;0;0;0;0;0;0;0;0;0;0;0;0;0;0;0;0;0;0;0;2;1;0;0;0;1;0;0;0;0;0;0
03295;Valignat;84;03;0;0;0;0;0;0;0;0;0;0;0;0;0;0;0;0;0;0;0;0;0;0;0;0;0;0;0;0;0;0;0;0;0;0;0;0;0
03296;Valigny;84;03;0;0;0;0;0;0;0;0;0;0;0;0;0;0;0;0;0;0;0;1;0;0;0;0;0;1;1;3;2;0;0;0;0;1;0;0;0
03297;Vallon-en-Sully;84;03;0;0;0;0;0;0;0;0;0;0;0;0;0;0;0;4;2;1;0;0;5;1;0;1;1;4;3;1;1;0;3;2;0;5;2;0;0
03298;Varennes-sur-Allier;84;03;0;1;0;0;0;0;0;0;0;0;1;1;0;0;0;4;3;1;0;0;10;2;1;2;7;7;7;6;7;1;9;1;0;17;3;0;5
03299;Varennes-sur-Tèche;84;03;0;0;0;0;0;0;0;0;0;0;0;0;0;0;0;0;0;0;0;0;0;0;0;0;0;0;1;1;0;0;0;0;0;0;0;0;0
03300;Vaumas;84;03;0;0;0;0;0;0;0;0;0;0;0;0;0;0;0;0;0;0;1;0;1;0;0;0;1;0;1;1;0;0;1;0;0;1;0;0;0
03301;Vaux;84;03;0;0;0;0;0;0;0;0;0;0;0;0;0;0;0;0;0;0;0;1;0;0;0;0;0;2;0;5;0;0;1;0;0;1;0;0;0
03302;Veauce;84;03;0;0;0;0;0;0;0;0;0;0;0;0;0;0;0;0;0;0;0;0;0;0;0;0;0;0;0;0;0;0;0;0;0;1;0;0;0
03303;Venas;84;03;0;0;0;0;0;0;0;0;0;0;0;0;0;0;0;0;0;0;0;0;0;0;0;0;1;0;0;0;0;0;0;0;0;0;0;0;0
03304;Vendat;84;03;0;0;0;0;0;0;0;0;0;0;0;0;0;0;0;0;0;1;0;0;4;0;0;0;3;4;1;6;3;0;3;0;0;3;0;0;3
03305;Verneix;84;03;0;0;0;0;0;0;0;0;0;0;0;0;0;0;0;0;0;0;0;0;1;0;0;0;1;0;0;0;0;0;0;0;0;2;0;0;0
03306;Le Vernet;84;03;0;0;0;0;0;0;0;0;0;0;0;0;0;0;0;0;1;1;0;0;5;0;0;0;1;4;6;6;2;0;2;0;0;2;1;0;2
03307;Verneuil-en-Bourbonnais;84;03;0;0;0;0;0;0;0;0;0;0;0;0;0;0;0;0;0;0;0;0;0;0;0;0;1;0;0;1;0;0;0;0;0;1;0;0;0
03308;Vernusse;84;03;0;0;0;0;0;0;0;0;0;0;0;0;0;0;0;0;0;0;0;0;0;0;0;0;0;0;0;0;0;0;0;0;0;0;0;0;0
03309;Le Veurdre;84;03;0;0;0;0;0;0;0;0;0;0;0;0;0;0;0;0;0;1;0;0;0;0;0;0;0;1;1;2;0;0;1;0;0;2;0;0;0
03310;Vichy;84;03;1;1;0;0;1;1;0;0;0;0;1;1;0;0;0;25;7;4;0;0;24;5;5;7;30;32;16;25;22;15;72;3;10;158;46;8;34
03311;Vicq;84;03;0;0;0;0;0;0;0;0;0;0;0;0;0;0;0;0;0;0;0;1;0;0;0;0;1;0;0;1;2;0;0;0;0;1;1;0;0
03312;Vieure;84;03;0;0;0;0;0;0;0;0;0;0;0;0;0;0;0;0;0;0;0;1;0;0;0;0;0;0;0;0;1;0;0;0;0;1;0;0;0
03313;Le Vilhain;84;03;0;0;0;0;0;0;0;0;0;0;0;0;0;0;0;0;0;0;0;1;0;0;0;0;0;0;2;1;1;0;1;0;0;0;0;0;0
03314;Villebret;84;03;0;0;0;0;0;0;0;0;0;0;0;0;0;0;0;0;0;0;0;0;2;0;0;0;1;3;1;4;1;1;1;0;0;0;0;0;0
03315;Villefranche-d'Allier;84;03;0;0;0;0;0;0;0;0;0;0;0;0;0;0;0;1;0;1;0;0;4;0;0;1;2;1;1;4;1;0;3;0;0;4;0;0;0
03316;Villeneuve-sur-Allier;84;03;0;0;0;0;0;0;0;0;0;0;0;0;0;0;0;0;0;1;0;0;3;0;0;1;0;0;0;1;1;1;3;0;0;7;0;0;0
03317;Viplaix;84;03;0;0;0;0;0;0;0;0;0;0;0;0;0;0;0;0;0;0;0;1;0;0;0;0;0;0;0;0;0;1;0;1;0;1;0;0;0
03318;Vitray;84;03;0;0;0;0;0;0;0;0;0;0;0;0;0;0;0;0;0;0;0;0;0;0;0;0;0;0;0;0;0;0;0;0;0;0;1;0;0
03319;Voussac;84;03;0;0;0;0;0;0;0;0;0;0;0;0;0;0;0;0;0;0;0;1;2;0;0;0;0;0;0;1;1;0;0;0;0;1;0;0;0
03320;Ygrande;84;03;0;0;0;0;0;0;0;0;0;0;0;0;0;0;0;0;0;1;0;0;3;0;0;0;2;0;2;1;1;1;1;0;0;2;1;0;0
03321;Yzeure;84;03;0;0;0;0;0;0;0;0;0;0;9;0;0;0;0;6;2;2;0;0;21;2;1;2;9;17;14;8;9;3;12;1;0;12;2;1;5
04001;Aiglun;93;04;0;0;0;0;0;0;0;0;0;0;0;0;0;0;0;0;1;0;0;0;3;0;0;0;5;2;4;5;2;3;1;1;0;0;0;0;3
04004;Allemagne-en-Provence;93;04;0;0;0;0;0;0;0;0;0;0;0;0;0;0;0;0;0;0;0;1;2;0;0;0;3;0;0;4;0;0;1;0;0;1;0;0;0
04005;Allons;93;04;0;0;0;0;0;0;0;0;0;0;0;0;0;0;0;0;0;0;0;0;0;0;0;0;2;0;0;0;0;0;0;0;0;0;0;0;0
04006;Allos;93;04;0;0;0;0;0;0;0;0;0;0;0;0;0;0;0;1;1;2;0;0;1;0;0;0;4;1;6;2;3;0;2;0;0;44;6;0;2
04007;Angles;93;04;0;0;0;0;0;0;0;0;0;0;0;0;0;0;0;0;0;0;0;0;0;0;0;0;1;0;1;0;0;0;0;0;0;0;0;0;0
04008;Annot;93;04;0;1;0;0;0;0;0;0;0;0;1;0;1;0;0;1;2;1;0;0;7;0;0;0;7;1;0;1;2;0;2;0;0;7;3;0;2
04009;Archail;93;04;0;0;0;0;0;0;0;0;0;0;0;0;0;0;0;0;0;0;0;0;0;0;0;0;0;0;0;0;0;0;0;0;0;0;0;0;0
04012;Aubenas-les-Alpes;93;04;0;0;0;0;0;0;0;0;0;0;0;0;0;0;0;0;0;0;0;0;2;0;0;0;0;1;0;0;1;0;0;0;0;0;0;0;0
04013;Aubignosc;93;04;0;0;0;0;0;0;0;0;0;0;0;0;0;0;0;0;0;0;0;0;0;0;0;0;7;2;2;1;1;0;0;0;0;0;1;0;2
04016;Authon;93;04;0;0;0;0;0;0;0;0;0;0;0;0;0;0;0;0;0;0;0;0;0;0;0;0;0;0;1;0;0;0;0;0;0;0;0;0;0
04017;Auzet;93;04;0;0;0;0;0;0;0;0;0;0;0;0;0;0;0;0;0;0;0;0;0;0;0;0;0;0;0;0;0;0;0;0;0;1;0;0;0
04018;Banon;93;04;0;1;0;0;0;0;0;0;0;0;0;0;0;0;0;1;1;1;0;0;1;0;0;0;7;0;1;2;1;0;4;0;0;7;2;0;0
04019;Barcelonnette;93;04;0;1;0;0;0;0;0;0;0;0;2;1;1;0;0;4;4;1;0;0;5;1;0;2;10;6;8;7;7;3;8;2;0;33;6;3;5
04020;Barles;93;04;0;0;0;0;0;0;0;0;0;0;0;0;0;0;0;0;0;0;0;1;0;0;0;0;3;0;0;0;0;0;0;0;0;0;0;0;0
04021;Barras;93;04;0;0;0;0;0;0;0;0;0;0;0;0;0;0;0;0;0;0;0;0;0;0;0;0;0;0;0;0;0;0;0;0;0;0;0;0;0
04022;Barrême;93;04;0;1;0;0;0;0;0;0;0;0;0;0;0;0;0;2;0;1;0;0;1;0;0;0;6;2;0;2;0;0;0;0;0;4;0;0;1
04023;Bayons;93;04;0;0;0;0;0;0;0;0;0;0;0;0;0;0;0;0;0;0;0;1;0;0;0;0;1;0;0;0;0;0;0;0;0;1;0;0;0
04024;Beaujeu;93;04;0;0;0;0;0;0;0;0;0;0;0;0;0;0;0;0;0;0;0;0;0;0;0;0;0;0;1;0;0;0;0;0;0;0;0;0;0
04025;Beauvezer;93;04;0;0;0;0;0;0;0;0;0;0;0;0;1;0;0;0;0;0;0;1;1;0;0;0;2;1;1;1;2;0;1;0;0;3;0;0;0
04026;Bellaffaire;93;04;0;0;0;0;0;0;0;0;0;0;0;0;0;0;0;0;0;0;0;0;0;0;0;0;0;1;1;1;1;0;0;0;0;0;0;0;0
04027;Bevons;93;04;0;0;0;0;0;0;0;0;0;0;0;0;0;0;0;0;0;0;0;0;0;0;0;0;0;0;0;0;1;0;0;0;0;0;0;0;0
04028;Beynes;93;04;0;0;0;0;0;0;0;0;0;0;0;0;0;0;0;0;0;0;0;0;0;0;0;0;1;0;0;0;0;0;0;0;0;0;0;0;0
04030;Blieux;93;04;0;0;0;0;0;0;0;0;0;0;0;0;0;0;0;0;0;0;0;0;0;0;0;0;0;0;0;0;0;1;0;0;0;0;0;0;0
04031;Bras-d'Asse;93;04;0;0;0;0;0;0;0;0;0;0;0;0;0;0;0;0;0;1;0;0;1;0;0;0;3;1;1;2;0;0;1;0;0;0;0;0;0
04032;Braux;93;04;0;0;0;0;0;0;0;0;0;0;0;0;0;0;0;0;0;0;0;0;0;0;0;0;0;1;0;1;0;0;0;0;0;0;1;0;0
04033;La Bréole;93;04;0;0;0;0;0;0;0;0;0;0;0;0;0;0;0;0;0;0;0;1;0;0;0;0;4;0;4;1;1;0;0;0;0;3;0;0;0
04034;La Brillanne;93;04;0;0;0;0;0;0;0;0;0;0;0;0;0;0;0;1;2;1;0;0;3;1;0;0;1;0;2;1;1;0;3;0;0;8;3;0;2
04035;Brunet;93;04;0;0;0;0;0;0;0;0;0;0;0;0;0;0;0;0;0;0;0;0;0;0;0;0;0;0;1;2;2;0;0;0;0;0;0;0;0
04036;Le Brusquet;93;04;0;0;0;0;0;0;0;0;0;0;0;0;0;0;0;0;0;0;0;1;3;0;0;0;6;2;2;0;2;0;1;0;0;3;0;0;0
04037;Le Caire;93;04;0;0;0;0;0;0;0;0;0;0;0;0;0;0;0;0;0;0;0;0;0;0;0;0;0;0;0;0;0;0;0;0;0;1;0;0;0
04039;Castellane;93;04;0;1;0;0;0;0;0;0;0;0;1;0;1;0;0;2;1;1;0;0;6;0;1;0;9;1;2;0;5;0;3;3;0;31;3;1;0
04040;Le Castellard-Mélan;93;04;0;0;0;0;0;0;0;0;0;0;0;0;0;0;0;0;0;0;0;0;0;0;0;0;0;0;0;1;0;0;0;0;0;0;0;0;0
04041;Le Castellet;93;04;0;0;0;0;0;0;0;0;0;0;0;0;0;0;0;0;1;0;0;0;0;0;0;0;2;0;0;0;0;0;1;0;0;1;0;0;0
04042;Castellet-lès-Sausses;93;04;0;0;0;0;0;0;0;0;0;0;0;0;0;0;0;0;0;0;0;0;0;0;0;0;1;0;0;0;1;0;0;0;0;0;0;0;0
04043;Val-de-Chalvagne;93;04;0;0;0;0;0;0;0;0;0;0;0;0;0;0;0;0;0;0;0;0;0;0;0;0;1;0;0;1;0;0;0;0;0;0;0;0;0
04045;Céreste;93;04;0;1;0;0;0;0;0;0;0;0;0;0;0;0;0;1;0;1;0;0;1;0;0;0;5;3;4;3;6;0;1;0;0;6;1;0;2
04046;Le Chaffaut-Saint-Jurson;93;04;0;0;0;0;0;0;0;0;0;0;0;0;0;0;0;0;0;0;0;1;0;0;0;2;0;4;2;4;0;0;1;0;0;0;0;0;1
04047;Champtercier;93;04;0;0;0;0;0;0;0;0;0;0;0;0;0;0;0;0;0;0;0;1;1;0;0;0;6;1;6;3;2;0;0;0;0;3;0;0;0
04049;Château-Arnoux-Saint-Auban;93;04;0;1;0;0;0;0;0;0;0;0;0;0;0;0;0;5;4;2;0;0;10;1;0;2;7;6;11;6;9;3;11;3;5;22;7;1;7
04050;Châteaufort;93;04;0;0;0;0;0;0;0;0;0;0;0;0;0;0;0;0;0;0;0;0;0;0;0;0;0;0;0;0;0;0;0;0;0;0;0;0;0
04051;Châteauneuf-Miravail;93;04;0;0;0;0;0;0;0;0;0;0;0;0;0;0;0;0;0;0;0;0;0;0;0;0;0;0;0;0;0;0;0;0;0;0;0;0;0
04053;Châteauneuf-Val-Saint-Donat;93;04;0;0;0;0;0;0;0;0;0;0;0;0;0;0;0;0;0;0;0;0;1;0;0;0;4;1;1;3;1;0;1;0;0;1;2;0;0
04054;Châteauredon;93;04;0;0;0;0;0;0;0;0;0;0;0;0;0;0;0;0;0;0;0;0;1;0;0;0;2;0;0;0;0;0;0;0;0;1;0;0;0
04055;Chaudon-Norante;93;04;0;0;0;0;0;0;0;0;0;0;0;0;0;0;0;0;0;0;0;0;1;0;0;0;2;0;0;1;0;0;0;0;0;0;0;0;0
04057;Clamensane;93;04;0;0;0;0;0;0;0;0;0;0;0;0;0;0;0;0;0;0;0;1;0;0;0;0;3;0;1;0;0;0;0;0;0;0;0;0;0
04058;Claret;93;04;0;0;0;0;0;0;0;0;0;0;0;0;0;0;0;0;0;0;0;0;0;0;0;0;0;0;0;0;0;0;1;0;0;0;0;0;0
04059;Clumanc;93;04;0;0;0;0;0;0;0;0;0;0;0;0;0;0;0;0;0;0;0;0;0;0;0;0;0;0;0;1;0;0;0;0;0;0;0;0;0
04061;Colmars;93;04;0;1;0;0;0;0;0;0;0;0;1;0;0;0;0;0;0;1;0;0;1;0;0;0;3;1;5;0;1;0;1;0;0;6;1;0;0
04062;La Condamine-Châtelard;93;04;0;0;0;0;0;0;0;0;0;0;0;0;0;0;0;0;0;0;0;1;0;0;0;0;1;1;1;1;0;1;0;0;0;5;0;0;0
04063;Corbières;93;04;0;0;0;0;0;0;0;0;0;0;0;0;0;0;0;0;1;0;0;1;2;0;0;0;5;2;4;1;1;0;2;0;0;1;1;0;1
04065;Cruis;93;04;0;0;0;0;0;0;0;0;0;0;0;0;0;0;0;0;0;0;0;1;0;0;0;0;5;1;2;0;1;0;0;0;0;1;1;0;0
04066;Curbans;93;04;0;0;0;0;0;0;0;0;0;0;0;0;0;0;0;0;1;0;0;0;0;0;0;0;4;0;2;1;0;0;1;0;0;0;1;0;0
04067;Curel;93;04;0;0;0;0;0;0;0;0;0;0;0;0;0;0;0;0;0;0;0;0;0;0;0;0;0;0;0;0;0;0;0;0;0;0;0;0;0
04068;Dauphin;93;04;0;0;0;0;0;0;0;0;0;0;0;0;0;0;0;0;0;1;0;0;0;0;0;0;3;0;0;3;2;0;1;0;0;1;0;0;0
04069;Demandolx;93;04;0;0;0;0;0;0;0;0;0;0;0;0;0;0;0;0;0;0;0;0;0;0;1;0;1;0;0;0;0;0;0;0;0;1;0;0;0
04070;Digne-les-Bains;93;04;1;1;0;1;1;1;0;0;0;0;12;1;0;0;1;17;2;2;0;0;26;2;4;6;28;20;18;24;14;6;31;7;4;67;8;7;14
04072;Draix;93;04;0;0;0;0;0;0;0;0;0;0;0;0;0;0;0;0;0;0;0;0;0;0;0;0;1;0;0;0;0;0;0;0;0;0;0;0;0
04073;Enchastrayes;93;04;0;0;0;0;0;0;0;0;0;0;0;0;0;0;0;0;0;0;0;1;1;0;0;0;1;0;1;0;0;0;0;0;0;13;1;1;0
04074;Entrages;93;04;0;0;0;0;0;0;0;0;0;0;0;0;0;0;0;0;0;0;0;0;0;0;0;0;1;0;0;0;0;0;0;0;0;1;0;0;0
04075;Entrepierres;93;04;0;0;0;0;0;0;0;0;0;0;0;0;0;0;0;0;0;0;0;0;0;0;1;0;2;0;0;1;1;0;1;0;0;0;0;0;0
04076;Entrevaux;93;04;0;1;0;0;0;0;0;0;0;0;0;0;1;0;0;2;1;1;0;0;4;0;0;0;3;4;2;1;6;1;0;0;0;8;2;0;1
04077;Entrevennes;93;04;0;0;0;0;0;0;0;0;0;0;0;0;0;0;0;0;0;0;0;0;0;0;0;0;1;1;0;0;0;0;0;0;0;1;0;0;0
04079;L'Escale;93;04;0;0;0;0;0;0;0;0;0;0;0;0;0;0;0;0;0;1;0;0;1;0;1;0;5;3;3;3;1;0;1;0;0;1;0;0;1
04081;Esparron-de-Verdon;93;04;0;0;0;0;0;0;0;0;0;0;0;0;0;0;0;0;1;0;0;1;0;0;0;0;4;0;0;1;0;0;1;0;0;7;0;0;0
04084;Estoublon;93;04;0;0;0;0;0;0;0;0;0;0;0;0;0;0;0;0;0;0;0;1;1;0;0;0;3;0;0;2;1;0;0;0;0;0;0;0;0
04085;Faucon-du-Caire;93;04;0;0;0;0;0;0;0;0;0;0;0;0;0;0;0;0;0;0;0;0;0;0;0;0;0;1;0;0;0;0;0;0;0;0;0;0;0
04086;Faucon-de-Barcelonnette;93;04;0;0;0;0;0;0;0;0;0;0;0;0;0;0;0;0;0;0;0;0;0;0;0;0;1;1;0;1;1;0;0;0;0;1;0;0;0
04087;Fontienne;93;04;0;0;0;0;0;0;0;0;0;0;0;0;0;0;0;0;0;0;0;0;0;0;0;0;1;0;0;1;0;0;0;0;0;0;0;0;0
04088;Forcalquier;93;04;0;1;0;0;0;0;0;0;0;0;1;0;1;0;0;4;3;1;0;0;16;1;0;2;28;6;6;7;10;2;9;3;0;27;11;0;4
04090;Le Fugeret;93;04;0;0;0;0;0;0;0;0;0;0;0;0;0;0;0;0;0;0;0;0;0;0;0;0;4;0;0;0;1;0;0;0;0;0;0;0;0
04091;Ganagobie;93;04;0;0;0;0;0;0;0;0;0;0;0;0;0;0;0;0;0;0;0;0;0;0;0;0;1;1;0;0;0;0;0;0;0;0;0;0;0
04092;La Garde;93;04;0;0;0;0;0;0;0;0;0;0;0;0;0;0;0;0;1;0;0;0;0;0;0;0;0;0;0;0;0;0;0;0;0;0;0;0;0
04093;Gigors;93;04;0;0;0;0;0;0;0;0;0;0;0;0;0;0;0;0;0;0;0;0;0;0;0;0;0;0;0;0;0;0;0;0;0;1;0;0;1
04094;Gréoux-les-Bains;93;04;0;1;0;0;0;0;0;0;0;0;0;0;0;0;0;2;0;1;0;0;5;0;0;1;15;9;5;5;1;3;7;3;0;44;8;2;6
04095;L'Hospitalet;93;04;0;0;0;0;0;0;0;0;0;0;0;0;0;0;0;0;0;0;0;0;0;0;0;0;2;0;0;0;0;0;0;0;0;0;0;0;0
04096;Jausiers;93;04;0;1;0;0;0;0;0;0;0;0;0;0;0;0;0;1;0;1;0;0;2;0;0;0;6;4;6;4;3;0;3;0;0;12;0;0;1
04097;La Javie;93;04;0;1;0;0;0;0;0;0;0;0;0;0;0;0;0;0;0;1;0;0;0;0;0;0;2;0;1;0;1;0;0;0;0;1;0;0;0
04099;Lambruisse;93;04;0;0;0;0;0;0;0;0;0;0;0;0;0;0;0;0;0;0;0;0;0;0;0;0;1;0;0;0;0;0;0;0;0;0;0;0;0
04101;Lardiers;93;04;0;0;0;0;0;0;0;0;0;0;0;0;0;0;0;0;0;0;0;0;0;0;0;0;2;2;0;0;1;0;0;0;0;0;0;0;0
04102;Le Lauzet-Ubaye;93;04;0;1;0;0;0;0;0;0;0;0;0;0;0;0;0;0;0;0;0;1;1;0;0;0;0;0;0;1;2;0;0;0;0;4;0;0;0
04104;Limans;93;04;0;0;0;0;0;0;0;0;0;0;0;0;0;0;0;0;0;0;0;0;0;0;0;0;2;1;0;2;0;0;0;0;0;1;0;0;1
04106;Lurs;93;04;0;0;0;0;0;0;0;0;0;0;0;0;0;0;0;0;0;0;0;1;1;0;0;0;1;1;0;0;2;0;0;0;0;2;0;0;0
04107;Majastres;93;04;0;0;0;0;0;0;0;0;0;0;0;0;0;0;0;0;0;0;0;0;0;0;0;0;0;0;0;0;0;0;0;0;0;0;0;0;0
04108;Malijai;93;04;0;0;0;0;0;0;0;0;0;0;0;0;0;0;0;0;1;1;0;0;6;0;0;0;4;5;3;3;5;0;2;0;0;3;0;0;2
04109;Mallefougasse-Augès;93;04;0;0;0;0;0;0;0;0;0;0;0;0;0;0;0;0;0;0;0;0;1;0;0;0;0;0;1;1;1;0;1;0;0;2;0;0;1
04110;Mallemoisson;93;04;0;0;0;0;0;0;0;0;0;0;0;0;0;0;0;0;0;1;0;0;1;0;0;1;5;0;0;3;1;0;0;0;0;3;0;0;2
04111;Mane;93;04;0;0;0;0;0;0;0;0;0;0;0;0;0;0;0;0;0;1;0;0;1;1;0;0;7;7;1;2;3;1;3;0;0;4;1;0;1
04112;Manosque;93;04;0;1;0;0;1;0;1;0;0;0;3;1;0;0;1;21;11;1;0;0;34;5;7;12;70;40;27;38;32;11;51;11;189;114;35;6;39
04113;Marcoux;93;04;0;0;0;0;0;0;0;0;0;0;0;0;0;0;0;0;0;0;0;0;0;0;0;0;1;0;0;1;1;0;0;0;0;1;0;0;0
04115;Méailles;93;04;0;0;0;0;0;0;0;0;0;0;0;0;0;0;0;0;0;0;0;0;1;0;0;0;2;0;0;1;1;1;0;0;0;2;1;0;0
04116;Les Mées;93;04;0;1;0;0;0;0;0;0;0;0;1;0;0;0;0;1;0;1;0;0;10;0;0;1;20;7;12;7;12;3;7;0;1;11;7;0;2
04118;Melve;93;04;0;0;0;0;0;0;0;0;0;0;0;0;0;0;0;0;0;0;0;0;0;0;0;0;2;0;0;0;1;0;0;0;0;1;0;0;0
04120;Val d'Oronaye;93;04;0;0;0;0;0;0;0;0;0;0;0;0;0;0;0;0;0;0;0;1;0;0;0;0;1;0;0;0;0;0;0;0;0;1;0;0;0
04121;Mézel;93;04;0;1;0;0;0;0;0;0;0;0;0;0;0;0;0;0;0;1;0;0;0;0;0;0;4;3;2;0;1;0;1;2;0;3;0;0;0
04122;Mirabeau;93;04;0;0;0;0;0;0;0;0;0;0;0;0;0;0;0;0;0;0;0;0;1;0;0;0;0;1;0;0;1;0;1;0;0;1;0;0;0
04123;Mison;93;04;0;0;0;0;0;0;0;0;0;0;0;0;0;0;0;0;1;1;0;0;2;0;0;0;5;1;5;1;3;1;2;0;0;7;0;0;0
04124;Montagnac-Montpezat;93;04;0;0;0;0;0;0;0;0;0;0;0;0;0;0;0;0;0;0;0;1;0;0;0;0;3;1;0;3;0;1;0;0;0;3;0;0;0
04126;Montclar;93;04;0;0;0;0;0;0;0;0;0;0;0;0;0;0;0;0;1;0;0;1;0;0;0;0;0;2;3;0;0;0;0;0;0;9;1;0;0
04127;Montfort;93;04;0;0;0;0;0;0;0;0;0;0;0;0;0;0;0;0;1;0;0;0;1;0;0;0;1;0;0;0;1;0;0;0;0;1;0;0;1
04128;Montfuron;93;04;0;0;0;0;0;0;0;0;0;0;0;0;0;0;0;0;0;0;0;0;0;0;0;0;0;0;0;0;0;0;0;0;0;1;0;0;0
04129;Montjustin;93;04;0;0;0;0;0;0;0;0;0;0;0;0;0;0;0;0;0;0;0;0;0;0;0;0;0;0;0;0;1;0;0;0;0;0;0;0;0
04130;Montlaux;93;04;0;0;0;0;0;0;0;0;0;0;0;0;0;0;0;0;0;0;0;0;0;0;0;0;2;0;0;0;0;0;0;0;0;0;0;0;0
04132;Montsalier;93;04;0;0;0;0;0;0;0;0;0;0;0;0;0;0;0;0;0;0;0;0;0;0;0;0;1;0;0;0;0;0;0;0;0;0;0;0;0
04133;Moriez;93;04;0;0;0;0;0;0;0;0;0;0;0;0;0;0;0;0;0;0;0;1;0;0;0;0;1;2;0;0;1;0;1;0;0;0;0;0;0
04134;La Motte-du-Caire;93;04;0;1;0;0;0;0;0;0;0;0;0;0;1;0;0;1;0;1;0;0;3;0;0;0;3;0;1;2;1;0;1;0;0;1;0;0;0
04135;Moustiers-Sainte-Marie;93;04;0;1;0;0;0;0;0;0;0;0;0;0;0;0;0;1;0;1;0;0;1;0;0;0;6;0;0;1;1;0;1;0;0;30;0;0;0
04136;La Mure-Argens;93;04;0;0;0;0;0;0;0;0;0;0;0;0;0;0;0;0;0;0;0;0;0;0;0;0;1;1;2;1;2;0;0;0;0;2;0;0;0
04137;Nibles;93;04;0;0;0;0;0;0;0;0;0;0;0;0;0;0;0;0;0;0;0;0;0;0;0;0;0;0;0;0;0;0;0;0;0;0;0;0;0
04138;Niozelles;93;04;0;0;0;0;0;0;0;0;0;0;0;0;0;0;0;0;0;0;0;0;0;0;0;0;1;1;0;1;0;0;0;0;0;3;0;0;0
04139;Noyers-sur-Jabron;93;04;0;0;0;0;0;0;0;0;0;0;0;0;0;0;0;0;0;0;0;1;0;0;0;0;3;1;1;0;1;0;0;0;0;1;0;0;0
04140;Les Omergues;93;04;0;0;0;0;0;0;0;0;0;0;0;0;0;0;0;0;0;0;0;0;0;0;0;0;2;0;0;1;0;0;0;0;0;0;0;0;0
04141;Ongles;93;04;0;0;0;0;0;0;0;0;0;0;0;0;0;0;0;0;0;0;0;1;0;0;0;0;3;0;0;0;1;0;1;0;0;1;0;0;1
04142;Oppedette;93;04;0;0;0;0;0;0;0;0;0;0;0;0;0;0;0;0;0;0;0;0;0;0;0;0;1;0;0;0;0;0;0;0;0;1;0;0;0
04143;Oraison;93;04;0;1;0;0;0;0;0;0;0;0;0;0;0;0;0;2;4;1;0;0;11;1;1;3;27;14;7;10;9;5;9;2;0;22;4;0;12
04144;La Palud-sur-Verdon;93;04;0;0;0;0;0;0;0;0;0;0;0;0;0;0;0;0;0;1;0;0;0;0;0;0;1;1;0;1;0;0;1;0;0;9;0;0;0
04145;Peipin;93;04;0;0;0;0;0;0;0;0;0;0;0;0;0;0;0;0;1;1;0;0;6;1;0;0;12;1;7;3;2;1;3;0;0;8;6;1;2
04148;Peyroules;93;04;0;0;0;0;0;0;0;0;0;0;0;0;0;0;0;0;0;0;0;0;0;0;0;0;3;0;1;0;0;0;0;0;0;2;0;0;0
04149;Peyruis;93;04;0;0;0;0;0;0;0;0;0;0;0;0;0;0;0;2;1;1;0;0;9;1;0;1;13;9;10;5;6;3;3;2;0;10;3;0;1
04150;Piégut;93;04;0;0;0;0;0;0;0;0;0;0;0;0;0;0;0;0;0;0;0;0;0;0;0;0;0;0;0;0;0;0;1;0;0;0;0;0;0
04151;Pierrerue;93;04;0;0;0;0;0;0;0;0;0;0;0;0;0;0;0;0;0;0;0;0;1;0;0;0;4;3;2;1;2;0;0;0;0;2;0;0;0
04152;Pierrevert;93;04;0;0;0;0;0;0;0;0;0;0;0;0;0;0;0;1;0;1;0;0;4;0;0;0;15;4;4;6;6;2;4;0;0;8;6;0;5
04154;Pontis;93;04;0;0;0;0;0;0;0;0;0;0;0;0;0;0;0;0;0;0;0;0;0;0;0;0;0;0;0;0;0;0;0;0;0;0;0;0;0
04155;Prads-Haute-Bléone;93;04;0;0;0;0;0;0;0;0;0;0;0;0;0;0;0;0;0;0;0;0;0;0;0;0;2;0;0;0;0;0;0;0;0;1;0;0;0
04156;Puimichel;93;04;0;0;0;0;0;0;0;0;0;0;0;0;0;0;0;0;0;0;0;1;1;0;0;0;1;0;1;1;0;0;0;0;0;1;2;0;0
04157;Puimoisson;93;04;0;0;0;0;0;0;0;0;0;0;0;0;0;0;0;1;0;0;0;1;2;0;0;0;7;2;3;1;1;0;1;0;0;5;1;0;0
04158;Quinson;93;04;0;0;0;0;0;0;0;0;0;0;0;0;1;0;0;1;0;0;0;1;1;0;0;0;3;1;1;3;1;1;1;0;0;3;0;0;2
04159;Redortiers;93;04;0;0;0;0;0;0;0;0;0;0;0;0;0;0;0;0;0;0;0;0;0;0;0;0;1;0;0;0;0;0;0;0;0;1;0;0;0
04160;Reillanne;93;04;0;0;0;0;0;0;0;0;0;0;0;0;0;0;0;0;0;1;0;0;1;0;0;0;12;2;7;3;2;1;1;0;0;7;2;0;2
04161;Méolans-Revel;93;04;0;0;0;0;0;0;0;0;0;0;0;0;0;0;0;0;1;0;0;0;0;0;0;0;3;0;1;0;0;0;0;0;0;3;0;0;0
04162;Revest-des-Brousses;93;04;0;0;0;0;0;0;0;0;0;0;0;0;0;0;0;1;0;0;0;1;0;0;0;0;1;1;1;1;2;0;0;0;0;2;0;0;0
04163;Revest-du-Bion;93;04;0;0;0;0;0;0;0;0;0;0;0;0;0;0;0;1;1;1;0;0;0;0;0;0;3;0;2;2;0;0;0;0;0;2;0;0;0
04164;Revest-Saint-Martin;93;04;0;0;0;0;0;0;0;0;0;0;0;0;0;0;0;0;0;0;0;0;0;0;0;0;0;0;0;0;0;0;0;0;0;0;0;0;0
04166;Riez;93;04;0;1;0;0;0;0;0;0;0;0;1;0;0;0;0;3;2;1;0;0;4;1;1;2;14;5;4;3;2;0;5;0;0;17;3;1;5
04167;La Robine-sur-Galabre;93;04;0;0;0;0;0;0;0;0;0;0;0;0;0;0;0;0;0;0;0;0;0;0;0;0;2;1;1;1;0;0;0;0;0;1;0;0;0
04169;La Rochegiron;93;04;0;0;0;0;0;0;0;0;0;0;0;0;0;0;0;0;0;0;0;0;1;0;0;0;0;0;0;0;1;0;0;0;0;0;0;0;0
04170;La Rochette;93;04;0;0;0;0;0;0;0;0;0;0;0;0;0;0;0;0;0;0;0;0;0;0;0;0;0;0;0;0;0;0;0;0;0;0;0;0;0
04171;Rougon;93;04;0;0;0;0;0;0;0;0;0;0;0;0;0;0;0;0;0;0;0;1;0;0;0;0;0;0;0;0;0;0;0;0;0;7;0;0;0
04172;Roumoules;93;04;0;0;0;0;0;0;0;0;0;0;0;0;0;0;0;0;0;0;0;1;1;0;0;0;5;1;1;0;3;0;1;0;0;0;0;0;1
04173;Saint-André-les-Alpes;93;04;0;1;0;0;0;0;0;0;0;0;2;0;1;0;0;2;0;1;0;0;3;2;0;1;8;2;4;3;0;0;3;1;0;12;4;1;1
04174;Saint-Benoît;93;04;0;0;0;0;0;0;0;0;0;0;0;0;0;0;0;0;0;0;0;0;1;0;0;0;0;1;0;0;0;0;0;0;0;0;0;0;0
04175;Sainte-Croix-à-Lauze;93;04;0;0;0;0;0;0;0;0;0;0;0;0;0;0;0;0;0;0;0;0;0;0;0;0;2;0;0;0;0;0;0;0;0;1;0;0;0
04176;Sainte-Croix-du-Verdon;93;04;0;0;0;0;0;0;0;0;0;0;0;0;0;0;0;0;0;0;1;0;0;0;0;0;0;0;0;0;0;0;0;0;0;6;0;0;0
04177;Hautes-Duyes;93;04;0;0;0;0;0;0;0;0;0;0;0;0;0;0;0;0;0;0;0;0;0;0;0;0;0;0;0;0;0;1;0;0;0;0;0;0;0
04178;Saint-Étienne-les-Orgues;93;04;0;1;0;0;0;0;0;0;0;0;0;0;0;0;0;2;0;1;0;0;1;0;0;0;9;1;3;1;1;0;4;0;0;4;0;0;0
04179;Saint-Geniez;93;04;0;0;0;0;0;0;0;0;0;0;0;0;0;0;0;0;0;0;0;0;0;0;0;0;4;0;0;0;0;0;0;0;0;0;0;0;0
04180;Saint-Jacques;93;04;0;0;0;0;0;0;0;0;0;0;0;0;0;0;0;0;0;0;0;0;0;0;0;0;5;0;0;1;0;0;0;0;0;0;0;0;0
04181;Saint-Jeannet;93;04;0;0;0;0;0;0;0;0;0;0;0;0;0;0;0;0;0;0;0;0;0;0;0;0;0;0;0;0;0;0;0;0;0;0;0;0;0
04182;Saint-Julien-d'Asse;93;04;0;0;0;0;0;0;0;0;0;0;0;0;0;0;0;0;0;0;0;0;0;0;0;0;0;0;0;0;0;0;1;0;0;0;0;0;0
04183;Saint-Julien-du-Verdon;93;04;0;0;0;0;0;0;0;0;0;0;0;0;0;0;0;0;0;0;0;0;0;0;0;0;0;0;1;2;0;0;0;0;0;0;1;0;0
04184;Saint-Jurs;93;04;0;0;0;0;0;0;0;0;0;0;0;0;0;0;0;0;0;0;0;0;0;0;0;0;1;1;0;0;1;0;0;0;0;2;0;0;0
04186;Saint-Laurent-du-Verdon;93;04;0;0;0;0;0;0;0;0;0;0;0;0;0;0;0;0;0;0;0;0;0;0;0;0;0;0;1;0;0;0;0;0;0;2;0;0;0
04187;Saint-Lions;93;04;0;0;0;0;0;0;0;0;0;0;0;0;0;0;0;0;0;0;0;0;0;0;0;0;1;0;0;0;0;0;0;0;0;0;0;0;0
04188;Saint-Maime;93;04;0;0;0;0;0;0;0;0;0;0;0;0;0;0;0;0;0;0;0;0;1;0;0;1;4;3;0;0;4;0;0;0;0;1;0;0;0
04189;Saint-Martin-de-Brômes;93;04;0;0;0;0;0;0;0;0;0;0;0;0;0;0;0;0;1;0;0;1;0;0;0;0;3;2;0;1;3;1;1;0;0;1;1;1;0
04190;Saint-Martin-les-Eaux;93;04;0;0;0;0;0;0;0;0;0;0;0;0;0;0;0;0;0;0;0;0;0;0;0;0;0;1;0;2;0;0;0;0;0;0;0;0;0
04191;Saint-Martin-lès-Seyne;93;04;0;0;0;0;0;0;0;0;0;0;0;0;0;0;0;0;0;0;0;0;0;0;0;0;0;0;0;0;0;0;0;0;0;0;0;0;0
04192;Saint-Michel-l'Observatoire;93;04;0;0;0;0;0;0;0;0;0;0;0;0;0;0;0;0;0;1;0;0;2;0;0;0;8;4;6;3;1;0;4;0;0;5;2;0;2
04193;Saint-Paul-sur-Ubaye;93;04;0;0;0;0;0;0;0;0;0;0;0;0;0;0;0;0;0;0;0;1;0;0;0;0;1;0;0;1;2;1;0;0;0;2;0;0;0
04194;Saint-Pierre;93;04;0;0;0;0;0;0;0;0;0;0;0;0;0;0;0;0;0;0;0;0;0;0;0;0;1;0;0;0;0;0;0;0;0;0;0;0;0
04195;Saint-Pons;93;04;0;0;0;0;0;0;0;0;0;0;0;0;0;0;0;0;1;0;0;0;4;1;0;1;7;0;4;3;2;0;0;0;0;2;0;0;0
04197;Sainte-Tulle;93;04;0;0;0;0;0;0;0;0;0;0;0;0;0;0;0;1;1;1;0;0;12;1;0;1;10;7;5;7;15;0;8;2;0;8;2;0;3
04198;Saint-Vincent-les-Forts;93;04;0;0;0;0;0;0;0;0;0;0;0;0;0;0;0;0;0;0;0;1;1;0;0;0;1;0;0;1;1;0;0;0;0;5;0;0;0
04199;Saint-Vincent-sur-Jabron;93;04;0;1;0;0;0;0;0;0;0;0;0;0;0;0;0;0;0;0;0;1;0;0;0;0;0;0;2;0;0;0;0;0;0;0;0;0;0
04200;Salignac;93;04;0;0;0;0;0;0;0;0;0;0;0;0;1;0;0;0;1;0;0;0;2;0;0;0;7;1;1;0;1;0;1;0;0;2;1;0;0
04201;Saumane;93;04;0;0;0;0;0;0;0;0;0;0;0;0;0;0;0;0;0;0;0;0;0;0;0;0;2;0;0;0;0;0;0;0;0;3;0;0;0
04202;Sausses;93;04;0;0;0;0;0;0;0;0;0;0;0;0;0;0;0;0;0;0;0;0;0;0;0;0;1;2;3;0;0;0;0;0;0;0;0;0;0
04203;Selonnet;93;04;0;0;0;0;0;0;0;0;0;0;0;0;0;0;0;0;1;0;0;2;2;0;0;0;1;0;2;0;0;0;0;0;0;3;0;1;0
04204;Senez;93;04;0;0;0;0;0;0;0;0;0;0;0;0;0;0;0;0;0;0;0;0;0;0;0;0;0;0;1;0;0;0;1;0;0;0;1;0;0
04205;Seyne;93;04;0;1;0;0;0;0;0;0;0;0;1;0;2;0;0;2;1;1;0;0;1;0;0;0;8;5;4;3;4;0;4;1;0;9;2;1;1
04206;Sigonce;93;04;0;0;0;0;0;0;0;0;0;0;0;0;0;0;0;0;0;0;0;1;0;0;0;0;1;1;0;0;0;0;0;1;0;2;0;0;0
04207;Sigoyer;93;04;0;0;0;0;0;0;0;0;0;0;0;0;0;0;0;0;0;0;0;0;0;0;0;0;0;0;0;0;0;0;0;0;0;1;0;0;0
04208;Simiane-la-Rotonde;93;04;0;0;0;0;0;0;0;0;0;0;0;0;0;0;0;1;0;1;0;0;0;0;0;0;5;2;4;3;1;2;0;0;0;3;0;0;1
04209;Sisteron;93;04;0;1;0;0;0;0;0;0;0;0;2;1;1;0;0;7;6;1;1;0;19;3;1;4;24;20;12;9;11;2;18;4;0;42;8;3;10
04210;Soleilhas;93;04;0;0;0;0;0;0;0;0;0;0;0;0;0;0;0;0;0;0;0;1;0;0;0;0;0;0;0;1;0;0;0;0;0;1;0;0;0
04211;Sourribes;93;04;0;0;0;0;0;0;0;0;0;0;0;0;0;0;0;0;0;0;0;0;0;0;0;0;0;0;0;0;1;0;0;0;0;0;0;0;0
04214;Tartonne;93;04;0;0;0;0;0;0;0;0;0;0;0;0;0;0;0;0;0;0;0;0;0;0;0;0;0;1;0;1;1;0;0;0;0;1;0;0;0
04216;Thèze;93;04;0;0;0;0;0;0;0;0;0;0;0;0;0;0;0;0;0;0;0;0;0;0;0;0;2;0;2;1;1;0;0;0;0;0;0;0;0
04217;Thoard;93;04;0;0;0;0;0;0;0;0;0;0;0;0;0;0;0;0;0;1;0;0;1;0;0;0;5;0;3;0;1;0;0;0;0;4;0;0;0
04218;Thorame-Basse;93;04;0;0;0;0;0;0;0;0;0;0;0;0;0;0;0;0;0;0;0;1;0;0;0;0;1;1;0;1;0;0;0;0;0;3;0;0;0
04219;Thorame-Haute;93;04;0;0;0;0;0;0;0;0;0;0;0;0;0;0;0;0;0;0;0;1;1;0;0;0;0;0;1;3;2;0;0;0;0;0;0;0;0
04220;Les Thuiles;93;04;0;0;0;0;0;0;0;0;0;0;0;0;0;0;0;0;0;0;0;1;2;0;0;0;2;0;3;3;2;0;0;0;0;1;0;0;0
04222;Turriers;93;04;0;1;0;0;0;0;0;0;0;0;0;0;0;0;0;0;0;0;0;1;0;0;0;0;1;0;0;1;0;0;0;0;0;2;0;0;0
04224;Ubraye;93;04;0;0;0;0;0;0;0;0;0;0;0;0;0;0;0;0;0;0;0;0;0;0;0;0;0;1;0;0;0;0;0;0;0;0;0;0;0
04226;Uvernet-Fours;93;04;0;0;0;0;0;0;0;0;0;0;0;0;0;0;0;0;1;1;0;0;0;0;0;0;4;1;2;0;1;0;1;0;0;42;3;1;0
04227;Vachères;93;04;0;0;0;0;0;0;0;0;0;0;0;0;0;0;0;0;0;0;0;0;0;0;0;0;1;0;1;1;0;1;0;0;0;0;0;0;0
04228;Valavoire;93;04;0;0;0;0;0;0;0;0;0;0;0;0;0;0;0;0;0;0;0;0;0;0;1;0;0;0;1;0;0;0;0;0;0;0;0;0;0
04229;Valbelle;93;04;0;0;0;0;0;0;0;0;0;0;0;0;0;0;0;0;0;0;0;0;1;0;0;0;1;2;1;1;2;0;1;0;0;0;0;0;0
04230;Valensole;93;04;0;1;0;0;0;0;0;0;0;0;0;0;0;0;0;1;2;1;0;0;6;0;0;1;19;5;6;12;8;2;9;0;0;10;2;0;1
04231;Valernes;93;04;0;0;0;0;0;0;0;0;0;0;0;0;0;0;0;0;0;0;0;0;0;0;0;0;0;1;0;1;0;0;0;0;0;1;0;0;0
04233;Vaumeilh;93;04;0;0;0;0;0;0;0;0;0;0;0;0;0;0;0;0;0;0;0;0;0;0;0;0;0;1;0;1;0;0;0;0;0;1;0;0;0
04234;Venterol;93;04;0;0;0;0;0;0;0;0;0;0;0;0;0;0;0;0;0;0;0;0;0;0;0;0;1;0;0;0;2;0;0;0;0;0;0;0;0
04235;Verdaches;93;04;0;0;0;0;0;0;0;0;0;0;0;0;0;0;0;0;0;0;0;0;0;0;0;0;0;0;0;0;0;0;0;0;0;0;0;0;0
04236;Vergons;93;04;0;0;0;0;0;0;0;0;0;0;0;0;0;0;0;0;0;0;0;0;0;0;0;0;1;0;1;0;0;0;0;0;0;1;0;0;0
04237;Le Vernet;93;04;0;0;0;0;0;0;0;0;0;0;0;0;0;0;0;0;0;0;0;1;0;0;0;0;0;0;0;0;0;0;0;0;0;2;0;0;0
04240;Villars-Colmars;93;04;0;0;0;0;0;0;0;0;0;0;0;0;0;0;0;0;0;0;0;1;0;0;0;0;2;0;4;1;1;0;1;0;0;0;0;0;1
04241;Villemus;93;04;0;0;0;0;0;0;0;0;0;0;0;0;0;0;0;0;0;0;0;0;0;0;0;0;1;0;0;1;0;0;0;0;0;0;0;0;0
04242;Villeneuve;93;04;0;0;0;0;0;0;0;0;0;0;0;0;0;0;0;1;1;1;0;0;9;0;1;0;25;9;4;6;7;1;5;2;0;6;2;0;3
04244;Volonne;93;04;0;0;0;0;0;0;0;0;0;0;1;0;0;0;0;0;0;1;0;0;1;0;0;0;9;3;0;7;5;0;2;0;0;6;1;1;1
04245;Volx;93;04;0;0;0;0;0;0;0;0;0;0;0;0;0;0;0;1;2;1;0;0;9;1;0;1;11;3;11;7;9;1;5;1;0;9;4;0;5
05001;Abriès;93;05;0;0;0;0;0;0;0;0;0;0;0;0;0;0;0;0;0;0;0;1;0;0;0;0;0;1;0;0;0;0;0;0;0;6;0;0;0
05003;Aiguilles;93;05;0;0;0;0;0;0;0;0;0;0;0;0;1;0;0;0;0;0;0;1;1;0;0;0;3;0;4;1;1;0;1;0;0;9;0;0;0
05004;Ancelle;93;05;0;0;0;0;0;0;0;0;0;0;0;0;0;0;0;0;0;1;0;0;2;0;0;0;4;0;3;2;3;0;1;0;0;9;2;0;3
05006;L'Argentière-la-Bessée;93;05;0;1;0;0;0;0;0;0;0;0;1;0;1;0;0;3;0;1;0;0;5;1;0;2;17;3;9;6;3;1;3;0;0;8;2;1;2
05007;Arvieux;93;05;0;0;0;0;0;0;0;0;0;0;0;0;0;0;0;0;0;0;0;1;0;0;0;0;2;0;4;1;2;0;0;0;0;7;0;0;1
05008;Aspremont;93;05;0;0;0;0;0;0;0;0;0;0;0;0;0;0;0;0;0;0;1;0;0;0;0;0;2;0;0;2;0;0;0;0;0;3;0;0;0
05009;Aspres-lès-Corps;93;05;0;0;0;0;0;0;0;0;0;0;0;0;0;0;0;0;0;0;0;0;0;0;0;0;0;1;2;1;1;0;0;0;0;3;0;0;0
05010;Aspres-sur-Buëch;93;05;0;1;0;0;0;0;0;0;0;0;0;0;0;0;0;0;0;1;0;0;2;0;0;0;3;3;0;2;0;1;2;0;0;4;0;0;0
05011;Avançon;93;05;0;0;0;0;0;0;0;0;0;0;0;0;0;0;0;0;0;0;0;0;2;0;0;0;0;1;3;0;0;0;0;0;0;1;1;0;0
05012;Baratier;93;05;0;0;0;0;0;0;0;0;0;0;0;0;0;0;0;0;0;0;0;1;4;1;0;0;2;2;4;1;0;0;1;0;0;5;0;1;0
05013;Barcillonnette;93;05;0;0;0;0;0;0;0;0;0;0;0;0;0;0;0;0;0;0;0;0;0;0;0;0;0;0;1;0;0;0;0;0;0;0;0;0;0
05014;Barret-sur-Méouge;93;05;0;0;0;0;0;0;0;0;0;0;0;0;0;0;0;0;0;0;0;1;0;0;0;0;1;0;0;0;0;0;0;0;0;1;0;0;0
05016;La Bâtie-Montsaléon;93;05;0;0;0;0;0;0;0;0;0;0;0;0;0;0;0;0;0;0;0;0;0;0;0;0;1;0;0;0;0;0;0;0;0;1;0;0;1
05017;La Bâtie-Neuve;93;05;0;1;0;0;0;0;0;0;0;0;0;0;0;0;0;0;0;1;0;0;4;0;0;0;7;8;3;10;4;2;2;0;0;2;1;0;2
05018;La Bâtie-Vieille;93;05;0;0;0;0;0;0;0;0;0;0;0;0;0;0;0;0;0;0;0;0;0;0;0;0;2;1;1;1;3;0;0;0;0;0;0;0;1
05019;La Beaume;93;05;0;0;0;0;0;0;0;0;0;0;0;0;0;0;0;0;0;0;0;1;0;0;0;0;1;0;0;2;0;0;0;0;0;1;0;0;1
05021;Le Bersac;93;05;0;0;0;0;0;0;0;0;0;0;0;0;0;0;0;0;0;0;0;0;0;0;0;0;1;0;0;0;0;0;0;0;0;0;0;0;0
05022;Bréziers;93;05;0;0;0;0;0;0;0;0;0;0;0;0;0;0;0;0;0;0;0;0;0;0;0;0;0;0;2;1;1;0;0;0;0;0;0;0;0
05023;Briançon;93;05;0;1;0;0;0;0;0;0;0;0;2;1;0;1;0;12;1;2;0;0;18;3;1;4;15;11;25;16;15;9;22;5;1;90;22;3;12
05024;Bruis;93;05;0;0;0;0;0;0;0;0;0;0;0;0;1;0;0;0;0;0;0;0;0;0;0;0;0;0;0;0;1;0;0;0;0;1;0;0;0
05025;Buissard;93;05;0;0;0;0;0;0;0;0;0;0;0;0;0;0;0;0;0;0;0;0;0;0;0;0;0;1;0;0;1;0;0;0;0;1;0;0;0
05026;Ceillac;93;05;0;0;0;0;0;0;0;0;0;0;0;0;0;0;0;0;0;0;0;1;0;0;0;0;3;0;5;1;0;0;0;0;0;8;1;0;0
05027;Cervières;93;05;0;0;0;0;0;0;0;0;0;0;0;0;0;0;0;0;0;0;0;0;0;0;0;0;1;0;1;0;0;1;0;0;0;2;0;0;0
05028;Chabestan;93;05;0;0;0;0;0;0;0;0;0;0;0;0;0;0;0;0;0;0;0;0;0;0;0;0;0;0;0;1;0;0;0;0;0;0;0;0;0
05029;Chabottes;93;05;0;0;0;0;0;0;0;0;0;0;0;0;0;0;0;0;0;0;0;1;3;0;0;0;5;0;2;2;2;2;1;0;0;1;0;0;0
05031;Champcella;93;05;0;0;0;0;0;0;0;0;0;0;0;0;0;0;0;0;0;0;0;0;0;0;0;0;0;0;3;0;1;0;0;0;0;0;0;0;1
05032;Champoléon;93;05;0;0;0;0;0;0;0;0;0;0;0;0;0;0;0;0;0;0;0;0;0;0;0;0;0;0;0;0;1;0;0;0;0;2;0;0;0
05033;Chanousse;93;05;0;0;0;0;0;0;0;0;0;0;0;0;0;0;0;0;0;0;0;0;0;0;0;0;0;0;0;0;0;0;0;0;0;0;0;0;0
05035;Châteauneuf-d'Oze;93;05;0;0;0;0;0;0;0;0;0;0;0;0;0;0;0;0;0;0;0;0;0;0;0;0;0;0;0;0;0;0;0;0;0;0;1;0;0
05036;Châteauroux-les-Alpes;93;05;0;0;0;0;0;0;0;0;0;0;0;0;0;0;0;0;0;1;0;0;1;0;0;0;3;1;3;2;2;1;3;0;0;6;1;0;1
05037;Châteauvieux;93;05;0;0;0;0;0;0;0;0;0;0;0;0;0;0;0;0;0;0;0;0;2;0;0;0;3;2;2;2;0;0;0;0;0;1;0;0;0
05038;Château-Ville-Vieille;93;05;0;1;0;0;0;0;0;0;0;0;1;0;0;0;0;1;0;1;0;0;3;0;0;0;1;2;3;1;0;0;0;0;0;4;1;2;0
05039;Chauffayer;93;05;0;0;0;0;0;0;0;0;0;0;0;0;0;0;0;0;0;0;0;1;1;0;0;0;0;0;1;1;1;0;1;0;0;0;0;0;0
05040;Chorges;93;05;0;1;0;0;0;0;0;0;0;0;0;0;0;0;0;3;0;1;0;0;4;1;0;2;11;7;14;10;5;2;6;2;0;15;5;0;2
05043;Les Costes;93;05;0;0;0;0;0;0;0;0;0;0;0;0;0;0;0;0;0;0;0;0;0;0;0;0;0;0;0;1;0;1;1;0;0;0;0;0;0
05044;Crévoux;93;05;0;0;0;0;0;0;0;0;0;0;0;0;0;0;0;0;0;0;0;0;0;0;0;0;0;0;1;0;0;0;0;0;0;5;0;0;0
05045;Crots;93;05;0;0;0;0;0;0;0;0;0;0;0;0;0;0;0;0;0;0;0;1;1;0;0;0;2;1;5;3;2;2;1;0;0;5;2;0;0
05046;Embrun;93;05;0;1;0;0;0;0;0;0;0;0;2;1;1;0;0;6;2;1;0;0;8;2;0;2;10;10;15;11;11;4;13;2;1;44;13;1;6
05047;Éourres;93;05;0;0;0;0;0;0;0;0;0;0;0;0;0;0;0;0;0;0;0;0;0;0;0;0;1;0;0;0;2;1;0;0;0;0;0;0;0
05048;L'Épine;93;05;0;0;0;0;0;0;0;0;0;0;0;0;0;0;0;0;0;0;0;1;0;0;0;0;0;0;0;2;0;0;0;0;0;1;0;0;0
05049;Esparron;93;05;0;0;0;0;0;0;0;0;0;0;0;0;0;0;0;0;0;0;0;0;0;0;0;0;0;0;0;0;0;0;0;0;0;0;0;0;0
05050;Espinasses;93;05;0;1;0;0;0;0;0;0;0;0;0;0;0;0;0;1;0;1;0;0;1;0;0;0;1;1;3;0;0;0;1;0;0;1;0;0;0
05051;Étoile-Saint-Cyrice;93;05;0;0;0;0;0;0;0;0;0;0;0;0;0;0;0;0;0;0;0;0;0;0;0;0;0;0;0;0;0;0;0;0;0;0;0;0;0
05052;Eygliers;93;05;0;0;0;0;0;0;0;0;0;0;0;0;0;0;0;0;0;0;0;0;1;1;0;0;6;2;2;4;1;2;1;0;0;6;0;0;1
05053;Garde-Colombe;93;05;0;0;0;0;0;0;0;0;0;0;0;0;0;0;0;0;0;1;0;0;1;0;0;0;2;1;1;1;0;0;1;0;0;6;1;0;0
05054;La Fare-en-Champsaur;93;05;0;0;0;0;0;0;0;0;0;0;0;0;0;0;0;0;0;0;0;1;2;0;0;0;1;0;0;2;0;0;1;1;0;3;0;0;1
05055;La Faurie;93;05;0;0;0;0;0;0;0;0;0;0;0;0;0;0;0;0;0;0;0;1;1;0;0;0;3;0;0;0;0;0;0;0;0;2;0;0;0
05056;Forest-Saint-Julien;93;05;0;0;0;0;0;0;0;0;0;0;0;0;0;0;0;0;0;0;0;0;0;0;0;0;3;0;0;2;0;1;0;0;0;0;0;0;0
05057;Fouillouse;93;05;0;0;0;0;0;0;0;0;0;0;0;0;0;0;0;0;0;0;0;0;0;0;0;0;1;0;1;0;1;0;0;0;0;0;0;0;0
05058;Freissinières;93;05;0;0;0;0;0;0;0;0;0;0;0;0;0;0;0;0;0;0;0;0;0;0;0;0;0;1;2;0;0;0;0;0;0;0;0;0;0
05059;La Freissinouse;93;05;0;0;0;0;0;0;0;0;0;0;0;0;0;0;0;0;0;0;0;0;3;0;0;0;2;1;1;4;0;0;1;0;0;3;0;0;0
05060;Furmeyer;93;05;0;0;0;0;0;0;0;0;0;0;0;0;0;0;0;0;0;0;0;0;0;0;0;0;0;1;1;0;0;0;0;0;0;0;0;0;0
05061;Gap;93;05;1;0;0;1;1;1;1;0;0;0;12;1;0;0;0;29;8;3;0;0;69;8;9;14;53;65;47;52;34;10;86;10;11;136;53;10;46
05062;Le Glaizil;93;05;0;0;0;0;0;0;0;0;0;0;0;0;0;0;0;0;0;0;0;0;0;0;0;0;0;0;1;0;2;0;0;0;0;0;0;0;0
05063;La Grave;93;05;0;1;0;0;0;0;0;0;0;0;0;0;0;0;0;2;0;1;0;0;1;0;0;0;2;1;4;1;2;1;1;0;0;6;0;0;0
05064;La Chapelle-en-Valgaudémar;93;05;0;0;0;0;0;0;0;0;0;0;0;0;0;0;0;0;0;1;0;0;0;0;0;0;1;0;1;0;0;0;0;0;0;4;0;0;0
05065;Guillestre;93;05;0;1;0;0;0;0;0;0;0;0;1;0;1;0;0;5;0;1;0;0;4;1;0;1;6;6;5;3;4;2;6;4;0;18;8;1;3
05066;La Haute-Beaume;93;05;0;0;0;0;0;0;0;0;0;0;0;0;0;0;0;0;0;0;0;0;0;0;0;0;0;0;0;0;0;0;0;0;0;0;0;0;0
05068;Jarjayes;93;05;0;0;0;0;0;0;0;0;0;0;0;0;0;0;0;0;0;0;0;0;2;0;0;0;3;1;2;1;2;0;0;0;0;2;0;0;0
05070;Laragne-Montéglin;93;05;0;1;0;0;0;0;0;0;0;0;1;0;1;0;0;4;2;1;0;0;11;2;1;1;11;5;7;4;4;2;8;2;0;16;3;0;3
05071;Lardier-et-Valença;93;05;0;0;0;0;0;0;0;0;0;0;0;0;0;0;0;0;0;0;0;0;2;0;0;0;1;1;1;1;0;1;1;0;0;0;0;0;0
05072;Laye;93;05;0;0;0;0;0;0;0;0;0;0;0;0;0;0;0;0;0;0;0;0;1;0;0;0;0;0;0;1;1;0;0;0;0;2;0;0;0
05073;Lazer;93;05;0;0;0;0;0;0;0;0;0;0;0;0;0;0;0;0;0;0;0;0;3;0;0;0;0;1;1;2;0;1;0;0;0;0;0;0;0
05074;Lettret;93;05;0;0;0;0;0;0;0;0;0;0;0;0;0;0;0;0;0;0;0;0;0;0;0;0;0;0;0;2;0;0;0;0;0;1;0;0;0
05075;Manteyer;93;05;0;0;0;0;0;0;0;0;0;0;0;0;0;0;0;0;0;0;0;0;1;0;0;0;1;2;1;0;2;0;0;0;0;0;0;0;0
05076;Méreuil;93;05;0;0;0;0;0;0;0;0;0;0;0;0;0;0;0;0;0;0;0;0;0;0;0;0;1;0;0;0;0;0;0;0;0;0;0;0;0
05077;Molines-en-Queyras;93;05;0;0;0;0;0;0;0;0;0;0;0;0;0;0;0;0;0;0;0;1;0;0;0;0;0;0;3;0;0;0;1;0;0;6;0;0;0
05078;Monêtier-Allemont;93;05;0;0;0;0;0;0;0;0;0;0;0;0;0;0;0;0;0;0;0;1;0;0;0;0;1;0;0;0;0;0;0;0;0;0;0;0;0
05079;Le Monêtier-les-Bains;93;05;0;0;0;0;0;0;0;0;0;0;1;0;0;0;0;1;0;1;0;0;1;0;0;0;4;2;7;2;2;3;0;0;0;20;3;1;2
05080;Montbrand;93;05;0;0;0;0;0;0;0;0;0;0;0;0;0;0;0;0;0;0;0;0;0;0;0;0;0;0;0;0;0;0;1;0;0;1;0;0;0
05081;Montclus;93;05;0;0;0;0;0;0;0;0;0;0;0;0;0;0;0;0;0;0;0;0;0;0;0;0;0;1;0;0;0;0;0;0;0;0;0;0;0
05082;Mont-Dauphin;93;05;0;0;0;0;0;0;0;0;0;0;0;0;0;0;0;0;0;0;1;0;0;0;0;0;0;0;0;1;0;1;0;0;0;1;0;0;0
05084;Montgardin;93;05;0;0;0;0;0;0;0;0;0;0;0;0;0;0;0;0;0;0;0;0;3;1;0;0;1;2;5;0;0;0;0;0;0;1;0;0;0
05085;Montgenèvre;93;05;0;0;0;0;0;0;0;0;0;0;0;0;0;0;0;1;0;1;0;0;0;0;0;0;0;0;6;0;1;0;1;0;0;25;9;0;0
05086;Montjay;93;05;0;0;0;0;0;0;0;0;0;0;0;0;0;0;0;0;0;0;0;0;0;0;0;0;1;0;0;0;0;0;0;0;0;1;0;0;0
05087;Montmaur;93;05;0;0;0;0;0;0;0;0;0;0;0;0;0;0;0;0;0;1;0;0;1;0;0;0;0;0;7;1;3;0;0;0;0;1;0;0;0
05088;Montmorin;93;05;0;0;0;0;0;0;0;0;0;0;0;0;0;0;0;0;0;0;0;1;0;0;0;0;0;0;0;0;0;0;0;0;0;1;0;0;0
05089;Montrond;93;05;0;0;0;0;0;0;0;0;0;0;0;0;0;0;0;0;0;0;0;0;0;0;0;0;0;0;0;0;0;0;0;0;0;0;0;0;0
05090;La Motte-en-Champsaur;93;05;0;0;0;0;0;0;0;0;0;0;0;0;0;0;0;0;0;0;0;1;0;0;0;0;0;0;1;1;0;0;0;0;0;0;0;0;0
05091;Moydans;93;05;0;0;0;0;0;0;0;0;0;0;0;0;0;0;0;0;0;0;0;0;0;0;0;0;1;0;0;0;0;0;0;0;0;0;0;0;0
05092;Neffes;93;05;0;0;0;0;0;0;0;0;0;0;0;0;0;0;0;0;1;0;0;0;1;0;0;1;2;1;3;2;1;1;1;0;0;1;0;0;0
05093;Névache;93;05;0;0;0;0;0;0;0;0;0;0;0;0;0;0;0;0;0;1;0;0;0;0;0;0;0;2;1;2;1;0;0;0;0;6;2;1;0
05094;Nossage-et-Bénévent;93;05;0;0;0;0;0;0;0;0;0;0;0;0;0;0;0;0;0;0;0;0;0;0;0;0;0;0;0;0;0;0;0;0;0;0;0;0;0
05095;Le Noyer;93;05;0;0;0;0;0;0;0;0;0;0;0;0;0;0;0;0;0;0;0;0;0;0;0;0;0;1;2;0;1;0;1;0;0;1;0;0;0
05096;Orcières;93;05;0;0;0;0;0;0;0;0;0;0;0;0;0;0;0;2;0;1;0;1;1;0;0;0;1;1;1;1;1;0;2;0;0;30;7;1;0
05097;Orpierre;93;05;0;0;0;0;0;0;0;0;0;0;0;0;0;0;0;0;0;0;0;1;0;0;0;0;2;0;1;1;0;0;1;0;0;1;0;0;0
05098;Les Orres;93;05;0;0;0;0;0;0;0;0;0;0;0;0;0;0;0;1;0;0;0;2;0;0;0;0;0;0;2;0;2;1;0;0;0;27;2;0;1
05099;Oze;93;05;0;0;0;0;0;0;0;0;0;0;0;0;0;0;0;0;0;0;0;0;0;0;0;0;0;0;1;0;0;0;0;0;0;0;0;0;0
05100;Pelleautier;93;05;0;0;0;0;0;0;0;0;0;0;0;0;0;0;0;0;0;0;0;0;2;0;0;0;4;2;4;2;3;1;0;0;0;3;2;0;0
05101;Pelvoux;93;05;0;0;0;0;0;0;0;0;0;0;0;0;0;0;0;0;0;0;0;1;1;0;0;0;0;0;2;0;3;0;0;0;0;7;0;0;0
05102;La Piarre;93;05;0;0;0;0;0;0;0;0;0;0;0;0;0;0;0;0;0;0;0;0;0;0;0;0;0;0;1;0;0;0;0;0;0;0;0;0;0
05103;Le Poët;93;05;0;0;0;0;0;0;0;0;0;0;0;0;0;0;0;0;0;0;0;1;1;0;0;0;3;1;0;3;2;0;1;0;0;1;1;0;0
05104;Poligny;93;05;0;0;0;0;0;0;0;0;0;0;0;0;0;0;0;0;0;0;0;0;0;0;0;0;3;1;1;2;2;0;0;0;0;0;0;0;0
05106;Prunières;93;05;0;0;0;0;0;0;0;0;0;0;0;0;0;0;0;0;0;0;0;0;0;0;0;0;0;2;0;1;1;1;0;0;0;0;0;0;0
05107;Puy-Saint-André;93;05;0;0;0;0;0;0;0;0;0;0;0;0;0;0;0;0;0;0;0;0;2;0;0;0;1;2;2;3;1;1;0;0;0;1;0;0;0
05108;Puy-Saint-Eusèbe;93;05;0;0;0;0;0;0;0;0;0;0;0;0;0;0;0;0;0;0;0;0;0;0;0;0;0;0;1;2;0;0;0;0;0;2;0;0;0
05109;Puy-Saint-Pierre;93;05;0;0;0;0;0;0;0;0;0;0;0;0;0;0;0;0;0;0;0;0;0;0;0;0;0;1;2;2;0;0;1;0;0;1;0;0;0
05110;Puy-Saint-Vincent;93;05;0;0;0;0;0;0;0;0;0;0;0;0;0;0;0;0;0;0;0;2;0;0;0;0;0;0;1;0;1;0;0;0;0;14;2;1;0
05111;Puy-Sanières;93;05;0;0;0;0;0;0;0;0;0;0;0;0;0;0;0;0;0;0;0;0;0;0;0;0;0;0;2;0;0;1;0;0;0;0;1;0;0
05112;Rabou;93;05;0;0;0;0;0;0;0;0;0;0;0;0;0;0;0;0;0;0;0;0;0;0;0;0;1;0;0;0;0;0;0;0;0;0;0;0;0
05113;Rambaud;93;05;0;0;0;0;0;0;0;0;0;0;0;0;0;0;0;0;0;0;0;0;0;0;0;0;2;1;0;1;0;0;0;0;0;0;0;0;0
05114;Réallon;93;05;0;0;0;0;0;0;0;0;0;0;0;0;0;0;0;0;0;0;0;0;0;0;0;0;0;0;0;0;0;0;0;0;0;4;4;0;0
05115;Remollon;93;05;0;0;0;0;0;0;0;0;0;0;0;0;0;0;0;1;0;0;0;1;2;1;0;0;0;0;2;0;2;0;1;0;0;1;1;0;0
05116;Réotier;93;05;0;0;0;0;0;0;0;0;0;0;0;0;0;0;0;0;0;0;0;0;0;0;0;0;0;0;3;0;1;0;0;0;0;1;0;0;0
05117;Ribeyret;93;05;0;0;0;0;0;0;0;0;0;0;0;0;0;0;0;0;0;0;0;0;0;0;0;1;1;0;1;0;0;0;0;0;0;1;0;0;0
05118;Val Buëch-Méouge;93;05;0;0;0;0;0;0;0;0;0;0;0;0;0;0;0;0;0;1;0;1;2;0;0;0;6;3;1;3;1;1;1;0;0;4;0;0;0
05119;Risoul;93;05;0;0;0;0;0;0;0;0;0;0;0;0;1;0;0;1;0;0;0;1;0;0;0;0;1;0;2;1;1;0;1;0;0;36;7;1;2
05120;Ristolas;93;05;0;0;0;0;0;0;0;0;0;0;0;0;0;0;0;0;0;0;0;0;0;0;0;0;0;0;1;0;0;0;0;0;0;1;0;0;0
05121;Rochebrune;93;05;0;0;0;0;0;0;0;0;0;0;0;0;0;0;0;0;0;0;0;0;0;0;0;0;0;0;0;0;1;0;0;0;0;1;1;0;0
05122;La Roche-de-Rame;93;05;0;0;0;0;0;0;0;0;0;0;0;0;0;0;0;0;0;0;0;1;0;0;0;0;6;1;1;2;4;0;0;0;0;4;1;0;0
05123;La Roche-des-Arnauds;93;05;0;0;0;0;0;0;0;0;0;0;0;0;0;0;0;0;0;1;0;0;6;1;0;0;4;1;7;6;1;0;3;0;0;3;2;0;0
05124;La Rochette;93;05;0;0;0;0;0;0;0;0;0;0;0;0;0;0;0;0;0;0;0;0;1;0;0;0;2;2;0;1;1;1;0;0;0;0;1;0;0
05126;Rosans;93;05;0;1;0;0;0;0;0;0;0;0;0;0;0;0;0;2;0;1;0;0;1;0;0;0;0;0;1;1;2;1;0;0;0;6;0;0;0
05127;Rousset;93;05;0;0;0;0;0;0;0;0;0;0;0;0;0;0;0;0;0;0;0;0;0;0;0;0;0;0;2;0;1;0;1;0;0;3;0;0;0
05128;Saint-André-d'Embrun;93;05;0;0;0;0;0;0;0;0;0;0;0;0;0;0;0;0;0;0;0;1;0;0;0;0;4;2;4;0;1;0;1;0;0;2;1;0;0
05129;Saint-André-de-Rosans;93;05;0;0;0;0;0;0;0;0;0;0;0;0;0;0;0;0;0;0;0;0;0;0;0;0;2;0;2;0;1;1;0;0;0;2;0;0;1
05130;Saint-Apollinaire;93;05;0;0;0;0;0;0;0;0;0;0;0;0;0;0;0;0;0;0;0;0;0;0;0;0;0;0;0;0;0;1;0;0;0;1;0;0;0
05131;Saint-Auban-d'Oze;93;05;0;0;0;0;0;0;0;0;0;0;0;0;0;0;0;0;0;0;0;0;0;0;0;0;0;0;0;0;0;0;1;0;0;0;0;0;0
05132;Saint-Bonnet-en-Champsaur;93;05;0;1;0;0;0;0;0;0;0;0;1;0;1;0;0;3;0;1;0;0;3;2;1;1;3;1;6;4;2;1;4;3;0;7;3;1;6
05133;Saint-Chaffrey;93;05;0;1;0;0;0;0;0;0;0;0;0;0;0;0;0;1;0;1;0;0;2;0;0;0;10;9;10;6;2;1;1;0;0;24;9;1;1
05134;Saint-Clément-sur-Durance;93;05;0;0;0;0;0;0;0;0;0;0;0;0;0;0;0;0;0;0;0;1;2;0;0;0;0;1;2;2;2;0;1;0;0;2;0;0;0
05135;Sainte-Colombe;93;05;0;0;0;0;0;0;0;0;0;0;0;0;0;0;0;0;0;0;0;0;0;0;0;0;0;1;0;0;0;0;0;0;0;0;0;0;0
05136;Saint-Crépin;93;05;0;0;0;0;0;0;0;0;0;0;0;0;0;0;0;0;0;0;0;1;2;0;0;0;4;3;5;2;1;1;0;0;1;2;0;0;0
05139;Dévoluy;93;05;0;1;0;0;0;0;0;0;0;0;0;1;1;0;0;3;0;1;0;4;1;0;0;0;3;1;2;3;1;1;2;0;0;34;5;1;4
05140;Saint-Étienne-le-Laus;93;05;0;0;0;0;0;0;0;0;0;0;0;0;0;0;0;0;1;0;1;0;0;0;0;0;2;0;2;0;0;0;0;0;0;0;1;0;0
05141;Saint-Eusèbe-en-Champsaur;93;05;0;0;0;0;0;0;0;0;0;0;0;0;0;0;0;0;0;0;0;0;0;0;0;0;1;0;0;0;0;0;0;0;0;0;0;0;0
05142;Saint-Firmin;93;05;0;1;0;0;0;0;0;0;0;0;0;0;0;0;0;0;0;1;0;0;1;0;0;0;3;0;3;0;2;0;1;0;0;0;0;0;0
05144;Saint-Jacques-en-Valgodemard;93;05;0;0;0;0;0;0;0;0;0;0;0;0;0;0;0;0;0;0;0;0;0;0;0;0;1;0;0;0;0;0;0;0;0;0;0;0;0
05145;Saint-Jean-Saint-Nicolas;93;05;0;1;0;0;0;0;0;0;0;0;1;0;1;0;0;2;0;1;0;0;2;0;1;0;2;2;6;3;0;0;2;0;0;5;0;0;1
05146;Saint-Julien-en-Beauchêne;93;05;0;0;0;0;0;0;0;0;0;0;0;0;0;0;0;0;0;0;0;1;0;0;0;0;0;0;0;1;0;0;0;0;0;1;0;0;0
05147;Saint-Julien-en-Champsaur;93;05;0;0;0;0;0;0;0;0;0;0;0;0;0;0;0;0;0;0;0;1;0;0;0;0;0;0;2;1;1;0;0;0;0;1;0;0;0
05148;Saint-Laurent-du-Cros;93;05;0;0;0;0;0;0;0;0;0;0;0;0;0;0;0;0;0;0;0;1;0;0;0;0;0;1;6;1;2;0;0;0;0;1;0;0;1
05149;Saint-Léger-les-Mélèzes;93;05;0;0;0;0;0;0;0;0;0;0;0;0;0;0;0;0;0;0;0;0;0;0;0;0;1;0;0;2;1;0;0;0;0;3;1;1;0
05150;Sainte-Marie;93;05;0;0;0;0;0;0;0;0;0;0;0;0;0;0;0;0;0;0;0;0;0;0;0;0;0;0;0;0;0;0;0;0;0;0;0;0;0
05151;Saint-Martin-de-Queyrières;93;05;0;0;0;0;0;0;0;0;0;0;0;0;0;0;0;0;0;0;1;0;3;0;0;0;2;0;8;6;3;3;0;0;0;1;0;0;0
05152;Saint-Maurice-en-Valgodemard;93;05;0;0;0;0;0;0;0;0;0;0;0;0;0;0;0;0;0;0;0;0;0;0;0;0;0;1;0;0;0;0;0;0;0;1;0;0;0
05153;Saint-Michel-de-Chaillol;93;05;0;0;0;0;0;0;0;0;0;0;0;0;0;0;0;0;0;0;0;1;0;0;0;0;2;1;1;0;0;0;1;0;0;5;1;0;0
05154;Saint-Pierre-d'Argençon;93;05;0;0;0;0;0;0;0;0;0;0;0;0;0;0;0;0;0;0;0;1;0;0;0;0;0;0;0;0;0;1;0;0;0;1;0;0;0
05155;Saint-Pierre-Avez;93;05;0;0;0;0;0;0;0;0;0;0;0;0;0;0;0;0;0;0;0;0;0;0;0;0;0;0;0;0;0;0;0;0;0;0;0;0;0
05156;Saint-Sauveur;93;05;0;0;0;0;0;0;0;0;0;0;0;0;0;0;0;0;0;0;0;0;1;0;0;0;0;2;1;2;0;0;0;0;0;0;0;0;0
05157;Saint-Véran;93;05;0;0;0;0;0;0;0;0;0;0;0;0;0;0;0;0;0;0;0;1;0;0;0;0;2;0;1;1;2;0;0;0;0;6;0;0;0
05158;Le Saix;93;05;0;0;0;0;0;0;0;0;0;0;0;0;0;0;0;0;0;0;0;0;0;0;0;0;1;1;0;0;0;0;0;0;0;1;0;0;0
05159;Saléon;93;05;0;0;0;0;0;0;0;0;0;0;0;0;0;0;0;0;0;0;0;0;0;0;0;0;0;0;0;0;0;0;0;0;0;0;0;0;0
05160;Salérans;93;05;0;0;0;0;0;0;0;0;0;0;0;0;0;0;0;0;0;0;0;0;0;0;0;0;0;0;0;0;0;0;0;0;0;0;0;0;0
05161;La Salle-les-Alpes;93;05;0;0;0;0;0;0;0;0;0;0;0;0;1;0;0;2;0;1;0;0;2;0;1;1;3;2;5;1;2;0;3;0;0;35;6;2;2
05162;La Saulce;93;05;0;1;0;0;0;0;0;0;0;0;0;0;0;0;0;0;0;1;0;0;4;0;0;0;3;2;3;4;2;1;1;0;0;2;1;1;1
05163;Le Sauze-du-Lac;93;05;0;0;0;0;0;0;0;0;0;0;0;0;0;0;0;0;0;0;0;0;0;0;0;0;1;0;0;0;0;0;0;0;0;3;0;0;0
05164;Savines-le-Lac;93;05;0;1;0;0;0;0;0;0;0;0;0;0;0;0;0;1;0;1;0;0;1;0;0;1;3;2;3;0;1;0;3;0;0;10;0;0;0
05165;Savournon;93;05;0;0;0;0;0;0;0;0;0;0;0;0;0;0;0;0;0;0;0;0;0;0;0;0;1;0;1;1;1;0;0;0;0;2;0;0;0
05166;Serres;93;05;0;1;0;0;0;0;0;0;0;0;1;0;1;0;0;3;0;1;0;0;2;1;0;1;6;2;3;3;2;0;3;2;0;8;0;0;2
05167;Sigottier;93;05;0;0;0;0;0;0;0;0;0;0;0;0;0;0;0;0;0;0;0;0;0;0;0;0;1;0;0;1;0;0;0;0;0;1;0;0;0
05168;Sigoyer;93;05;0;0;0;0;0;0;0;0;0;0;0;0;0;0;0;0;0;1;0;0;1;0;0;0;2;1;0;1;1;0;0;0;0;0;0;0;0
05169;Sorbiers;93;05;0;0;0;0;0;0;0;0;0;0;0;0;0;0;0;0;0;0;0;0;0;0;0;0;1;0;0;0;0;0;1;0;0;0;0;0;0
05170;Tallard;93;05;0;0;0;0;0;0;0;0;0;0;1;0;0;0;0;2;0;1;0;0;4;0;0;2;6;3;2;2;3;0;6;1;0;14;3;1;1
05171;Théus;93;05;0;0;0;0;0;0;0;0;0;0;0;0;0;0;0;0;0;0;0;0;1;0;0;0;2;1;0;0;1;0;0;0;0;0;0;0;0
05172;Trescléoux;93;05;0;0;0;0;0;0;0;0;0;0;0;0;0;0;0;0;0;0;0;1;2;0;0;0;1;0;1;0;1;0;0;0;0;0;0;0;1
05173;Upaix;93;05;0;0;0;0;0;0;0;0;0;0;0;0;0;0;0;0;0;0;0;0;0;0;0;0;2;0;5;1;1;0;0;0;0;1;0;0;1
05174;Val-des-Prés;93;05;0;0;0;0;0;0;0;0;0;0;0;0;0;0;0;0;0;0;0;0;2;0;0;0;3;0;4;2;0;0;0;0;0;1;1;0;0
05175;Vallouise;93;05;0;0;0;0;0;0;0;0;0;0;0;0;0;0;0;0;0;1;0;0;1;0;0;0;3;0;6;2;2;0;1;0;0;9;3;2;0
05176;Valserres;93;05;0;0;0;0;0;0;0;0;0;0;0;0;0;0;0;0;0;0;0;1;0;0;0;0;0;1;2;0;3;0;0;0;0;0;1;0;0
05177;Vars;93;05;0;0;0;0;0;0;0;0;0;0;0;0;0;0;0;1;0;0;1;1;0;0;1;0;2;1;4;1;1;2;1;0;0;31;6;2;0
05178;Ventavon;93;05;0;0;0;0;0;0;0;0;0;0;0;0;0;0;0;0;0;0;0;1;1;0;0;0;0;2;1;2;1;0;0;1;0;3;2;0;0
05179;Veynes;93;05;0;1;0;0;0;0;0;0;0;0;1;0;1;0;0;4;2;1;0;0;5;2;0;2;8;4;9;8;6;0;8;3;0;13;5;2;4
05180;Les Vigneaux;93;05;0;0;0;0;0;0;0;0;0;0;0;0;0;0;0;0;0;0;0;1;1;0;0;0;2;0;5;0;0;0;0;0;0;4;1;0;0
05181;Villar-d'Arêne;93;05;0;0;0;0;0;0;0;0;0;0;0;0;0;0;0;0;0;0;0;1;0;0;0;0;1;0;1;3;1;0;0;0;0;1;0;2;0
05182;Villar-Loubière;93;05;0;0;0;0;0;0;0;0;0;0;0;0;0;0;0;0;0;0;0;0;0;0;0;0;0;0;1;0;0;0;0;0;0;0;0;0;0
05183;Villar-Saint-Pancrace;93;05;0;0;0;0;0;0;0;0;0;0;0;0;0;0;0;0;0;0;0;1;5;0;0;0;7;0;5;7;5;0;0;0;0;0;0;0;0
05184;Vitrolles;93;05;0;0;0;0;0;0;0;0;0;0;0;0;0;0;0;0;0;0;0;0;1;0;0;0;1;0;0;1;1;1;0;0;0;0;0;0;0
06001;Aiglun;93;06;0;0;0;0;0;0;0;0;0;0;0;0;0;0;0;0;0;0;0;0;1;0;0;0;2;1;2;0;1;0;0;0;0;0;0;0;0
06002;Amirat;93;06;0;0;0;0;0;0;0;0;0;0;0;0;0;0;0;0;0;0;0;0;0;0;0;0;0;0;0;0;0;0;0;0;0;0;0;0;0
06003;Andon;93;06;0;0;0;0;0;0;0;0;0;0;0;0;0;0;0;0;0;0;1;1;1;0;0;0;9;2;0;2;3;0;1;0;0;12;1;0;0
06004;Antibes;93;06;1;0;0;0;1;0;1;0;0;0;7;1;1;0;1;40;6;6;0;2;136;5;22;22;306;248;139;195;183;55;153;22;3;578;386;28;144
06005;Ascros;93;06;0;0;0;0;0;0;0;0;0;0;0;0;0;0;0;0;0;0;0;1;0;0;0;0;2;0;1;0;1;0;0;0;0;1;1;0;0
06006;Aspremont;93;06;0;0;0;0;0;0;0;0;0;0;0;0;0;0;0;0;0;0;0;1;2;0;0;0;7;5;3;7;10;1;2;1;0;4;5;0;2
06007;Auribeau-sur-Siagne;93;06;0;0;0;0;0;0;0;0;0;0;0;0;1;0;0;1;0;1;0;0;2;0;0;0;19;7;5;7;9;1;3;2;0;12;6;0;7
06008;Auvare;93;06;0;0;0;0;0;0;0;0;0;0;0;0;0;0;0;0;0;0;0;0;0;0;0;0;0;0;0;0;0;0;0;0;0;0;0;0;0
06009;Bairols;93;06;0;0;0;0;0;0;0;0;0;0;0;0;0;0;0;0;0;0;0;0;0;0;0;0;0;0;1;0;0;0;0;0;0;0;0;0;0
06010;Le Bar-sur-Loup;93;06;0;1;0;0;0;0;0;0;0;0;1;0;0;0;0;0;0;1;0;0;5;0;1;0;17;6;8;4;10;0;4;1;0;11;3;0;1
06011;Beaulieu-sur-Mer;93;06;0;1;0;0;0;0;0;0;0;0;0;0;0;0;0;8;0;1;0;0;2;0;3;1;12;9;11;9;10;1;15;3;0;35;34;4;12
06012;Beausoleil;93;06;0;0;0;0;0;0;0;0;0;0;0;0;0;0;0;6;0;2;1;0;19;1;0;2;74;19;12;23;20;11;13;2;0;54;51;2;25
06013;Belvédère;93;06;0;0;0;0;0;0;0;0;0;0;0;0;0;0;0;0;0;0;0;1;0;0;0;0;4;4;3;1;2;0;1;0;0;6;1;0;0
06014;Bendejun;93;06;0;0;0;0;0;0;0;0;0;0;0;0;0;0;0;0;0;0;0;1;0;0;0;0;1;3;4;2;4;1;0;0;0;1;1;0;1
06015;Berre-les-Alpes;93;06;0;0;0;0;0;0;0;0;0;0;0;0;0;0;0;0;0;0;0;1;1;0;0;0;4;1;1;2;6;1;3;0;0;1;1;0;2
06016;Beuil;93;06;0;0;0;0;0;0;0;0;0;0;0;0;0;0;0;0;0;0;0;1;0;0;0;0;1;0;2;2;0;0;0;0;0;7;0;0;1
06017;Bézaudun-les-Alpes;93;06;0;0;0;0;0;0;0;0;0;0;0;0;0;0;0;0;0;0;0;0;0;0;0;0;0;0;1;0;1;2;0;0;0;2;0;0;0
06018;Biot;93;06;0;0;0;0;0;0;0;0;0;0;0;0;1;0;0;7;0;1;0;1;13;0;3;3;31;20;23;28;34;10;10;2;8;47;58;3;11
06019;Blausasc;93;06;0;0;0;0;0;0;0;0;0;0;0;0;0;0;0;0;1;0;0;1;4;0;0;1;10;3;5;4;2;1;2;0;0;2;1;0;4
06020;La Bollène-Vésubie;93;06;0;0;0;0;0;0;0;0;0;0;0;0;0;0;0;0;0;0;0;1;1;0;0;0;2;1;2;2;4;1;1;0;0;3;1;0;1
06021;Bonson;93;06;0;0;0;0;0;0;0;0;0;0;0;0;0;0;0;0;0;0;0;1;2;0;0;0;4;4;0;2;2;0;1;0;0;1;0;0;0
06022;Bouyon;93;06;0;0;0;0;0;0;0;0;0;0;0;0;0;0;0;0;0;0;0;1;1;0;0;0;3;2;1;3;1;0;0;0;0;5;1;0;1
06023;Breil-sur-Roya;93;06;0;1;0;0;0;0;0;0;0;0;1;0;0;0;0;1;2;1;0;0;2;0;0;0;12;4;3;3;6;1;2;0;0;12;4;0;4
06024;Briançonnet;93;06;0;0;0;0;0;0;0;0;0;0;0;0;0;0;0;0;0;0;0;1;0;0;0;0;0;0;0;0;1;0;0;0;0;0;0;0;0
06025;Le Broc;93;06;0;0;0;0;0;0;0;0;0;0;0;0;0;0;0;0;0;0;0;1;2;1;0;0;9;5;6;9;5;3;2;0;0;6;1;0;1
06026;Cabris;93;06;0;0;0;0;0;0;0;0;0;0;0;0;0;0;0;0;0;1;0;0;2;0;0;0;6;3;3;3;3;4;4;0;0;9;6;0;1
06027;Cagnes-sur-Mer;93;06;1;0;0;0;1;0;0;0;0;0;3;0;1;0;0;29;12;4;0;0;112;6;8;12;252;160;88;119;118;41;88;15;6;281;189;19;91
06028;Caille;93;06;0;0;0;0;0;0;0;0;0;0;0;0;0;0;0;1;0;0;0;1;1;0;0;0;6;2;2;2;0;1;1;0;0;4;0;0;1
06029;Cannes;93;06;1;0;0;0;1;1;1;0;0;0;7;1;6;0;1;65;22;10;0;0;120;7;58;30;316;216;126;150;140;70;210;12;21;822;643;46;210
06030;Le Cannet;93;06;0;0;0;0;0;0;0;1;0;0;4;1;2;0;0;20;4;3;0;0;79;5;12;11;158;154;71;116;107;30;72;16;9;114;168;18;90
06031;Cantaron;93;06;0;0;0;0;0;0;0;0;0;0;0;0;0;0;0;0;0;0;0;0;1;0;0;0;5;4;2;3;7;0;1;0;0;3;1;0;3
06032;Cap-d'Ail;93;06;0;1;0;0;0;0;0;0;0;0;0;0;1;0;0;2;0;1;0;0;14;0;2;1;14;3;3;3;5;1;9;2;0;33;21;2;5
06033;Carros;93;06;0;1;0;0;0;0;0;0;0;0;0;0;1;0;1;5;3;1;0;1;40;4;3;3;49;29;29;29;28;8;20;4;6;43;9;2;26
06034;Castagniers;93;06;0;0;0;0;0;0;0;0;0;0;0;0;0;0;0;0;0;0;0;1;10;1;0;0;7;3;7;5;2;2;1;0;0;4;3;0;2
06035;Castellar;93;06;0;0;0;0;0;0;0;0;0;0;0;0;0;0;0;0;0;0;0;0;2;0;0;0;5;3;2;6;4;0;2;0;1;4;1;1;1
06036;Castillon;93;06;0;0;0;0;0;0;0;0;0;0;0;0;0;0;0;0;0;0;0;0;0;0;0;0;1;1;0;0;1;0;0;0;0;3;0;0;0
06037;Caussols;93;06;0;0;0;0;0;0;0;0;0;0;0;0;0;0;0;0;0;0;0;0;0;0;0;0;3;0;2;0;1;1;0;0;0;1;0;0;0
06038;Châteauneuf-Grasse;93;06;0;0;0;0;0;0;0;0;0;0;0;0;0;0;0;4;1;1;0;0;15;1;0;2;28;10;7;19;5;2;7;2;0;14;12;2;10
06039;Châteauneuf-Villevieille;93;06;0;0;0;0;0;0;0;0;0;0;0;0;0;0;0;0;0;0;0;0;0;0;0;0;3;1;0;0;0;1;1;0;0;3;0;0;0
06040;Châteauneuf-d'Entraunes;93;06;0;0;0;0;0;0;0;0;0;0;0;0;0;0;0;0;0;0;0;0;0;0;0;0;0;0;0;0;0;0;0;0;0;0;0;0;0
06041;Cipières;93;06;0;0;0;0;0;0;0;0;0;0;0;0;0;0;0;0;0;0;0;0;1;0;0;0;5;1;2;2;0;0;0;0;0;4;0;0;0
06042;Clans;93;06;0;0;0;0;0;0;0;0;0;0;0;0;0;0;0;0;0;0;0;1;7;0;0;0;2;0;3;1;2;0;2;0;0;2;1;0;0
06043;Coaraze;93;06;0;0;0;0;0;0;0;0;0;0;0;0;0;0;0;0;0;0;0;1;1;0;0;1;8;3;0;4;2;1;1;0;0;2;1;0;0
06044;La Colle-sur-Loup;93;06;0;0;0;0;0;0;0;0;0;0;0;0;0;0;0;4;0;1;0;0;25;1;1;2;26;30;6;24;18;5;8;5;0;36;27;2;14
06045;Collongues;93;06;0;0;0;0;0;0;0;0;0;0;0;0;0;0;0;0;0;0;0;0;0;0;0;0;0;0;1;0;0;0;0;0;0;1;0;0;0
06046;Colomars;93;06;0;0;0;0;0;0;0;0;0;0;0;0;0;0;0;0;2;1;0;0;13;0;0;0;21;5;6;12;12;6;7;0;0;12;7;0;7
06047;Conségudes;93;06;0;0;0;0;0;0;0;0;0;0;0;0;0;0;0;0;0;0;0;0;0;0;0;0;1;1;0;2;1;0;0;0;0;1;0;0;0
06048;Contes;93;06;0;1;0;0;0;0;0;0;0;0;1;0;0;0;0;4;2;1;0;2;28;2;0;1;35;14;21;31;29;3;5;2;0;13;7;1;10
06049;Courmes;93;06;0;0;0;0;0;0;0;0;0;0;0;0;0;0;0;0;0;0;0;0;0;0;0;0;0;2;1;0;0;0;0;0;0;0;0;0;0
06050;Coursegoules;93;06;0;0;0;0;0;0;0;0;0;0;0;0;0;0;0;0;0;0;0;1;1;0;0;0;2;1;3;1;1;0;1;0;0;4;1;0;0
06051;La Croix-sur-Roudoule;93;06;0;0;0;0;0;0;0;0;0;0;0;0;0;0;0;0;0;0;0;0;0;0;0;0;1;0;0;0;0;0;0;0;0;0;0;0;0
06052;Cuébris;93;06;0;0;0;0;0;0;0;0;0;0;0;0;0;0;0;0;0;0;0;0;0;0;0;0;2;2;0;2;0;0;0;0;0;1;0;0;0
06053;Daluis;93;06;0;0;0;0;0;0;0;0;0;0;0;0;0;0;0;0;0;0;0;0;1;0;0;0;2;0;0;0;0;0;0;0;0;3;0;0;0
06054;Drap;93;06;0;0;0;0;0;0;0;0;0;0;0;0;0;0;0;2;1;1;0;0;21;0;1;1;25;17;21;21;11;0;6;1;0;13;4;0;8
06055;Duranus;93;06;0;0;0;0;0;0;0;0;0;0;0;0;0;0;0;0;0;0;0;0;0;0;0;0;0;0;0;0;1;0;0;0;0;0;0;0;0
06056;Entraunes;93;06;0;0;0;0;0;0;0;0;0;0;0;0;0;0;0;0;0;0;0;1;0;0;0;0;1;0;0;0;0;0;0;0;0;1;0;0;0
06057;L'Escarène;93;06;0;1;0;0;0;0;0;0;0;0;1;0;0;0;0;1;1;1;0;0;4;0;0;0;7;3;9;12;10;2;6;0;0;5;8;1;2
06058;Escragnolles;93;06;0;0;0;0;0;0;0;0;0;0;0;0;0;0;0;0;1;0;0;1;1;0;0;0;7;0;3;4;2;0;1;0;0;1;0;0;1
06059;Èze;93;06;0;1;0;0;0;0;0;0;0;0;0;0;0;0;0;0;0;1;0;1;2;0;0;0;8;2;1;9;1;4;2;1;0;32;16;2;6
06060;Falicon;93;06;0;0;0;0;0;0;0;0;0;0;0;0;0;0;0;0;0;0;0;1;4;0;1;0;9;4;4;4;4;0;1;0;0;6;2;0;1
06061;Les Ferres;93;06;0;0;0;0;0;0;0;0;0;0;0;0;0;0;0;0;0;0;0;0;0;0;0;0;2;1;0;0;0;0;0;0;0;0;0;0;0
06062;Fontan;93;06;0;0;0;0;0;0;0;0;0;0;0;0;0;0;0;0;0;1;0;0;1;1;0;0;2;0;0;0;0;0;0;1;0;1;0;0;0
06063;Gars;93;06;0;0;0;0;0;0;0;0;0;0;0;0;0;0;0;0;0;0;0;0;0;0;0;0;0;1;0;0;0;0;0;0;0;0;0;0;0
06064;Gattières;93;06;0;0;0;0;0;0;0;0;0;0;0;0;0;0;0;0;1;1;0;0;13;0;0;0;18;12;9;19;11;1;4;0;0;17;7;0;7
06065;La Gaude;93;06;0;0;0;0;0;0;0;0;0;0;0;0;1;0;0;1;1;1;0;0;14;0;3;1;19;20;18;16;16;2;4;3;0;15;16;0;12
06066;Gilette;93;06;0;0;0;0;0;0;0;0;0;0;0;0;0;0;0;0;0;0;0;1;3;0;1;0;8;5;2;5;6;1;1;0;0;4;4;0;2
06067;Gorbio;93;06;0;0;0;0;0;0;0;0;0;0;0;0;0;0;0;0;0;0;0;1;3;0;0;0;3;3;1;0;1;1;1;0;0;3;0;0;1
06068;Gourdon;93;06;0;0;0;0;0;0;0;0;0;0;0;0;0;0;0;0;0;0;0;1;0;0;0;0;3;3;0;0;1;0;0;0;0;8;0;0;1
06069;Grasse;93;06;0;1;0;1;1;1;1;0;0;0;8;1;5;0;0;20;12;4;0;3;93;4;5;16;241;137;93;112;118;29;81;6;11;189;112;13;64
06070;Gréolières;93;06;0;0;0;0;0;0;0;0;0;0;0;0;0;0;0;0;0;0;1;1;0;0;1;0;2;2;5;1;1;0;2;0;0;9;0;0;1
06071;Guillaumes;93;06;0;1;0;0;0;0;0;0;0;0;0;0;2;0;0;3;0;1;0;0;1;0;0;0;4;0;5;1;0;1;2;0;0;10;1;2;1
06072;Ilonse;93;06;0;0;0;0;0;0;0;0;0;0;0;0;0;0;0;0;0;0;0;0;0;0;0;0;0;0;0;0;1;0;0;0;0;2;0;0;0
06073;Isola;93;06;0;0;0;0;0;0;0;0;0;0;0;0;0;0;0;1;0;1;0;2;0;0;0;0;5;2;3;0;11;1;1;0;0;49;5;0;3
06074;Lantosque;93;06;0;1;0;0;0;0;0;0;0;0;1;0;0;0;0;0;0;1;0;0;3;0;0;0;12;1;3;3;1;0;1;0;0;5;0;0;1
06075;Levens;93;06;0;1;0;0;0;0;0;0;0;0;1;0;1;0;0;2;0;1;0;1;8;0;0;1;21;9;9;21;17;1;5;0;0;28;9;2;6
06076;Lieuche;93;06;0;0;0;0;0;0;0;0;0;0;0;0;0;0;0;0;0;0;0;0;0;0;0;0;1;1;0;0;0;0;0;0;0;0;0;0;0
06077;Lucéram;93;06;0;0;0;0;0;0;0;0;0;0;0;0;0;0;0;0;0;0;1;1;1;0;0;0;10;4;2;4;4;0;1;0;0;4;1;0;4
06078;Malaussène;93;06;0;0;0;0;0;0;0;0;0;0;0;0;0;0;0;0;0;0;0;1;2;0;0;0;1;0;0;0;0;0;1;0;0;3;0;0;0
06079;Mandelieu-la-Napoule;93;06;0;1;0;0;0;0;0;0;0;0;0;1;0;0;0;15;2;3;0;0;36;2;6;8;72;78;43;54;75;17;53;7;0;152;123;11;49
06080;Marie;93;06;0;0;0;0;0;0;0;0;0;0;0;0;0;0;0;0;0;0;0;0;0;0;0;0;0;0;1;0;1;0;0;0;0;2;1;0;0
06081;Le Mas;93;06;0;0;0;0;0;0;0;0;0;0;0;0;0;0;0;0;0;0;0;0;0;0;0;0;0;0;1;0;1;2;0;0;0;0;0;0;0
06082;Massoins;93;06;0;0;0;0;0;0;0;0;0;0;0;0;0;0;0;0;0;0;0;0;0;0;0;0;2;2;1;1;1;1;0;0;0;1;0;0;0
06083;Menton;93;06;1;1;0;0;1;0;0;0;0;0;3;1;2;1;0;18;6;4;0;0;62;2;6;8;222;94;56;81;74;29;63;8;2;261;149;10;53
06084;Mouans-Sartoux;93;06;0;1;0;0;0;0;0;0;0;0;0;0;1;0;0;9;2;1;0;0;16;1;0;4;73;30;30;37;32;11;25;3;1;60;41;2;19
06085;Mougins;93;06;0;1;0;0;0;0;0;0;0;0;1;0;0;0;0;12;4;2;0;1;57;2;4;1;142;73;45;56;63;22;33;5;1;90;124;4;39
06086;Moulinet;93;06;0;0;0;0;0;0;0;0;0;0;0;0;0;0;0;0;0;0;0;1;0;0;0;0;1;0;0;0;0;0;1;0;0;3;0;0;0
06087;Les Mujouls;93;06;0;0;0;0;0;0;0;0;0;0;0;0;0;0;0;0;0;0;0;0;0;0;0;0;0;0;0;1;0;0;0;0;0;0;0;0;0
06088;Nice;93;06;1;1;0;1;1;1;1;1;0;1;36;4;11;1;0;227;61;29;2;0;504;22;92;93;2073;1487;536;707;724;302;706;54;77;2231;1295;130;621
06089;Opio;93;06;0;0;0;0;0;0;0;0;0;0;0;0;0;0;0;0;0;1;0;0;5;1;1;0;11;2;2;3;8;0;4;1;0;8;12;1;4
06090;Pégomas;93;06;0;1;0;0;0;0;0;0;0;0;0;0;0;0;0;3;2;1;0;0;18;1;1;3;50;12;19;26;27;5;20;1;0;26;14;2;23
06091;Peille;93;06;0;0;0;0;0;0;0;0;0;0;0;0;0;0;0;0;0;0;0;2;4;0;0;0;8;3;6;7;6;1;4;0;0;3;2;0;4
06092;Peillon;93;06;0;0;0;0;0;0;0;0;0;0;0;0;0;0;0;0;0;0;0;1;2;0;0;0;7;3;3;6;2;0;2;0;0;8;1;0;4
06093;La Penne;93;06;0;0;0;0;0;0;0;0;0;0;0;0;0;0;0;1;0;0;0;1;1;0;0;0;3;0;0;1;1;0;1;0;0;1;0;0;1
06094;Péone;93;06;0;1;0;0;0;0;0;0;0;0;0;0;0;0;0;0;0;1;0;1;0;0;0;0;5;1;3;2;2;0;2;0;0;30;1;1;1
06095;Peymeinade;93;06;0;1;0;0;0;0;0;0;0;0;0;0;0;0;0;8;1;1;0;0;15;0;1;4;61;25;18;23;21;4;18;1;0;20;21;1;22
06096;Pierlas;93;06;0;0;0;0;0;0;0;0;0;0;0;0;0;0;0;0;0;0;0;0;0;0;0;0;2;1;0;0;0;0;0;0;0;0;0;0;0
06097;Pierrefeu;93;06;0;0;0;0;0;0;0;0;0;0;0;0;0;0;0;0;0;0;0;0;1;0;0;0;3;1;2;0;1;0;0;0;0;1;0;0;0
06098;Puget-Rostang;93;06;0;0;0;0;0;0;0;0;0;0;0;0;0;0;0;0;0;0;0;0;0;0;0;0;2;0;2;0;0;0;0;0;0;1;0;0;1
06099;Puget-Théniers;93;06;0;1;0;0;0;0;0;0;0;0;1;0;2;0;0;1;1;1;0;0;9;1;0;1;11;6;5;6;4;1;5;1;0;14;6;0;5
06100;Revest-les-Roches;93;06;0;0;0;0;0;0;0;0;0;0;0;0;0;0;0;0;0;0;0;0;0;0;0;0;3;0;0;0;0;0;0;0;0;1;0;0;0
06101;Rigaud;93;06;0;0;0;0;0;0;0;0;0;0;0;0;0;0;0;0;0;0;0;1;0;0;0;0;0;0;0;0;0;0;0;0;0;2;0;0;0
06102;Rimplas;93;06;0;0;0;0;0;0;0;0;0;0;0;0;0;0;0;0;0;0;0;0;0;0;0;0;1;1;1;0;0;0;0;0;0;2;0;0;0
06103;Roquebillière;93;06;0;0;0;0;0;0;0;0;0;0;0;0;2;0;0;1;1;1;0;0;7;0;0;0;9;3;6;4;6;1;4;0;0;9;1;1;2
06104;Roquebrune-Cap-Martin;93;06;0;0;0;0;0;0;0;0;0;0;0;0;2;0;0;5;1;2;0;1;16;1;0;4;40;17;12;18;25;13;21;3;1;70;80;4;31
06105;Roquefort-les-Pins;93;06;0;1;0;0;0;0;0;0;0;0;0;0;0;0;0;3;1;1;0;0;11;0;1;3;28;12;9;8;8;3;7;6;0;16;25;1;9
06106;Roquestéron;93;06;0;1;0;0;0;0;0;0;0;0;0;0;0;0;0;0;0;0;0;1;1;0;0;0;4;3;2;1;2;1;0;0;0;1;0;0;1
06107;La Roque-en-Provence;93;06;0;0;0;0;0;0;0;0;0;0;0;0;0;0;0;0;0;0;0;0;0;0;0;0;1;0;1;0;0;0;0;0;0;0;0;0;0
06108;La Roquette-sur-Siagne;93;06;0;0;0;0;0;0;0;0;0;0;0;0;0;0;0;1;0;1;0;0;20;0;0;2;35;21;20;17;18;7;8;3;0;15;14;2;9
06109;La Roquette-sur-Var;93;06;0;0;0;0;0;0;0;0;0;0;0;0;0;0;0;0;0;0;0;0;6;0;0;0;5;2;5;3;3;0;0;0;0;4;0;0;2
06110;Roubion;93;06;0;0;0;0;0;0;0;0;0;0;0;0;0;0;0;0;0;0;0;0;0;0;0;0;2;0;0;0;0;0;0;0;0;6;0;0;0
06111;Roure;93;06;0;0;0;0;0;0;0;0;0;0;0;0;0;0;0;0;0;0;0;0;0;0;0;0;2;0;0;0;0;0;0;0;0;1;0;0;0
06112;Le Rouret;93;06;0;0;0;0;0;0;0;0;0;0;0;0;0;0;0;0;0;1;0;0;11;0;0;1;20;9;3;9;13;5;7;1;0;18;12;1;8
06113;Sainte-Agnès;93;06;0;0;0;0;0;0;0;0;0;0;0;0;0;0;0;0;0;0;0;0;1;0;0;0;4;0;0;0;2;1;0;0;0;1;0;1;3
06114;Saint-André-de-la-Roche;93;06;0;1;0;0;0;0;0;0;0;0;0;0;1;0;0;2;3;1;0;0;17;1;0;0;26;10;12;11;10;2;10;1;0;13;5;0;8
06115;Saint-Antonin;93;06;0;0;0;0;0;0;0;0;0;0;0;0;0;0;0;0;0;0;0;0;0;0;0;0;0;0;0;1;1;0;0;0;0;1;0;0;0
06116;Saint-Auban;93;06;0;0;0;0;0;0;0;0;0;0;0;0;2;0;0;0;0;0;0;1;0;0;0;0;0;0;2;0;3;0;0;0;0;5;0;0;0
06117;Saint-Blaise;93;06;0;0;0;0;0;0;0;0;0;0;0;0;0;0;0;0;0;0;0;1;1;0;0;0;7;1;5;3;2;0;0;0;0;3;0;0;1
06118;Saint-Cézaire-sur-Siagne;93;06;0;0;0;0;0;0;0;0;0;0;0;0;0;0;0;1;0;1;0;0;4;0;0;0;32;12;12;14;9;2;9;2;0;21;8;2;8
06119;Saint-Dalmas-le-Selvage;93;06;0;0;0;0;0;0;0;0;0;0;0;0;0;0;0;0;0;0;0;1;0;0;0;0;1;0;0;1;1;0;0;0;0;3;0;0;0
06120;Saint-Étienne-de-Tinée;93;06;0;1;0;0;0;0;0;0;0;0;1;0;0;0;0;2;1;1;0;1;2;0;0;0;12;4;6;4;6;1;3;0;0;48;4;1;4
06121;Saint-Jean-Cap-Ferrat;93;06;0;0;0;0;0;0;0;0;0;0;0;0;0;0;0;1;0;1;0;0;3;0;0;0;9;8;2;5;6;1;2;1;0;30;24;0;4
06122;Saint-Jeannet;93;06;0;0;0;0;0;0;0;0;0;0;0;0;0;0;0;2;1;1;0;0;9;0;0;0;25;12;13;17;14;2;7;1;0;11;7;1;5
06123;Saint-Laurent-du-Var;93;06;0;0;0;0;0;0;0;0;0;0;1;0;1;0;0;26;6;2;0;0;70;5;8;6;89;82;50;68;81;24;59;10;12;163;91;12;69
06124;Saint-Léger;93;06;0;0;0;0;0;0;0;0;0;0;0;0;0;0;0;0;0;0;0;0;0;0;0;0;1;0;0;0;0;0;0;0;0;0;0;0;0
06125;Saint-Martin-d'Entraunes;93;06;0;0;0;0;0;0;0;0;0;0;0;0;0;0;0;0;0;0;0;1;1;0;0;0;0;0;0;0;1;1;0;0;0;1;0;0;0
06126;Saint-Martin-du-Var;93;06;0;1;0;0;0;0;0;0;0;0;0;0;1;0;0;2;0;1;0;0;6;0;0;1;11;7;5;8;8;0;5;2;0;6;1;1;4
06127;Saint-Martin-Vésubie;93;06;0;1;0;0;0;0;0;0;0;0;0;0;2;0;0;1;0;1;0;0;5;0;0;0;7;2;3;4;2;2;3;1;0;15;3;0;1
06128;Saint-Paul-de-Vence;93;06;0;0;0;0;0;0;0;0;0;0;0;0;0;0;0;1;0;1;0;0;2;0;1;0;15;11;4;13;9;3;2;1;0;26;17;0;4
06129;Saint-Sauveur-sur-Tinée;93;06;0;1;0;0;0;0;0;0;0;0;1;0;0;0;0;1;0;1;0;0;0;0;0;0;1;2;2;0;0;0;1;0;0;3;0;0;0
06130;Saint-Vallier-de-Thiey;93;06;0;1;0;0;0;0;0;0;0;0;0;0;1;0;0;1;1;1;0;0;9;2;0;2;33;11;10;8;6;4;9;1;0;12;8;1;3
06131;Sallagriffon;93;06;0;0;0;0;0;0;0;0;0;0;0;0;0;0;0;0;0;0;0;0;0;0;0;0;1;0;0;0;1;0;0;0;0;1;0;0;0
06132;Saorge;93;06;0;0;0;0;0;0;0;0;0;0;0;0;0;0;0;0;0;0;0;1;0;0;0;0;2;1;0;0;0;0;0;0;0;3;0;0;0
06133;Sauze;93;06;0;0;0;0;0;0;0;0;0;0;0;0;0;0;0;0;0;0;0;0;0;0;0;0;0;0;0;1;0;0;0;0;0;1;0;0;0
06134;Séranon;93;06;0;1;0;0;0;0;0;0;0;0;0;0;0;0;0;0;0;0;0;0;3;0;0;1;3;1;0;0;4;1;1;0;0;4;0;0;2
06135;Sigale;93;06;0;0;0;0;0;0;0;0;0;0;0;0;0;0;0;0;0;0;0;1;0;0;0;0;1;0;0;1;2;0;1;0;0;0;0;0;0
06136;Sospel;93;06;0;1;0;0;0;0;0;0;0;0;0;0;1;0;0;1;1;1;0;0;6;0;0;0;17;8;7;10;8;1;8;1;0;15;12;1;5
06137;Spéracèdes;93;06;0;0;0;0;0;0;0;0;0;0;0;0;0;0;0;0;0;0;0;1;0;0;0;0;12;7;1;2;5;1;0;0;0;6;4;0;3
06138;Théoule-sur-Mer;93;06;0;1;0;0;0;0;0;0;0;0;0;0;0;0;0;0;0;1;0;0;1;0;0;0;4;2;3;4;4;2;2;1;0;28;24;0;2
06139;Thiéry;93;06;0;0;0;0;0;0;0;0;0;0;0;0;0;0;0;0;0;0;0;0;0;0;0;0;0;0;0;0;0;0;0;0;0;1;0;0;0
06140;Le Tignet;93;06;0;0;0;0;0;0;0;0;0;0;0;0;0;0;0;1;2;0;0;1;5;1;0;0;30;8;6;10;12;2;5;1;0;9;9;2;6
06141;Toudon;93;06;0;0;0;0;0;0;0;0;0;0;0;0;0;0;0;0;0;0;0;0;0;0;0;0;4;1;1;2;0;0;0;0;0;1;0;0;0
06142;Touët-de-l'Escarène;93;06;0;0;0;0;0;0;0;0;0;0;0;0;0;0;0;0;0;0;0;0;0;0;0;0;1;2;0;0;1;0;0;0;0;0;0;0;1
06143;Touët-sur-Var;93;06;0;0;0;0;0;0;0;0;0;0;0;0;0;0;0;0;0;0;0;1;1;0;0;0;8;2;3;1;2;2;1;0;0;6;0;0;1
06144;La Tour;93;06;0;0;0;0;0;0;0;0;0;0;0;0;0;0;0;0;0;0;0;1;0;0;0;0;1;1;3;0;0;0;1;0;0;3;0;0;0
06145;Tourette-du-Château;93;06;0;0;0;0;0;0;0;0;0;0;0;0;0;0;0;0;0;0;0;0;0;0;0;0;1;0;0;0;0;0;0;0;0;0;0;0;0
06146;Tournefort;93;06;0;0;0;0;0;0;0;0;0;0;0;0;0;0;0;0;0;0;0;0;0;0;0;0;3;4;2;0;0;1;0;0;0;1;0;0;0
06147;Tourrette-Levens;93;06;0;0;0;0;0;0;0;0;0;0;0;0;0;0;0;1;0;1;0;0;5;1;0;1;20;11;9;10;6;2;8;2;0;8;6;1;3
06148;Tourrettes-sur-Loup;93;06;0;0;0;0;0;0;0;0;0;0;0;0;0;0;0;1;1;1;0;0;8;0;0;0;32;9;8;13;7;8;3;1;0;22;10;0;4
06149;La Trinité;93;06;0;1;0;0;0;0;0;0;0;0;0;1;0;0;0;7;8;1;0;0;28;2;0;2;42;24;34;21;27;0;13;2;0;25;7;3;14
06150;La Turbie;93;06;0;1;0;0;0;0;0;0;0;0;0;0;0;0;0;1;0;1;0;0;5;0;0;1;6;3;3;2;8;2;6;2;0;10;13;1;4
06151;Utelle;93;06;0;0;0;0;0;0;0;0;0;0;0;0;0;0;0;0;0;0;0;2;1;0;0;0;2;5;1;2;1;2;0;0;0;7;0;0;0
06152;Valbonne;93;06;0;1;0;0;0;0;0;0;0;0;2;0;1;0;1;12;1;2;0;0;19;1;7;7;42;25;15;27;29;15;23;5;4;112;87;4;22
06153;Valdeblore;93;06;0;0;0;0;0;0;0;0;0;0;0;0;0;0;0;0;0;0;0;1;0;0;0;0;7;5;4;5;4;1;2;0;0;15;1;0;0
06154;Valderoure;93;06;0;0;0;0;0;0;0;0;0;0;0;0;0;0;0;0;1;0;0;0;0;0;0;0;2;4;1;3;3;1;0;0;0;1;1;0;0
06155;Vallauris;93;06;0;0;0;0;0;0;0;0;0;0;1;0;0;0;1;11;4;2;0;0;66;3;7;9;127;98;62;76;65;21;68;3;0;159;110;13;51
06156;Venanson;93;06;0;0;0;0;0;0;0;0;0;0;0;0;0;0;0;0;0;0;0;0;0;0;0;0;1;0;0;1;0;0;0;0;0;2;0;0;0
06157;Vence;93;06;0;1;0;0;0;0;0;0;0;0;1;0;1;0;0;10;5;2;0;0;21;1;5;5;110;54;33;41;45;15;39;5;0;88;50;5;24
06158;Villars-sur-Var;93;06;0;1;0;0;0;0;0;0;0;0;0;0;1;0;0;0;0;1;0;0;1;0;0;0;6;2;0;2;2;0;1;0;0;2;1;0;1
06159;Villefranche-sur-Mer;93;06;1;0;0;0;0;0;0;0;0;0;1;0;0;0;0;6;1;1;0;0;5;0;1;3;17;14;10;18;7;3;6;1;0;67;35;2;13
06160;Villeneuve-d'Entraunes;93;06;0;0;0;0;0;0;0;0;0;0;0;0;0;0;0;0;0;0;0;0;0;0;0;0;0;0;0;0;0;0;0;0;0;0;0;0;0
06161;Villeneuve-Loubet;93;06;0;1;0;0;0;0;0;0;0;0;0;1;0;0;0;8;1;2;0;0;39;2;2;5;57;36;25;45;34;8;27;2;0;112;82;3;28
06162;La Brigue;93;06;0;0;0;0;0;0;0;0;0;0;0;0;0;0;0;0;0;0;0;1;1;0;0;0;2;3;1;0;2;0;1;0;0;4;0;0;1
06163;Tende;93;06;0;1;0;0;0;0;0;0;0;0;1;0;0;0;0;1;1;1;1;0;5;0;0;0;17;2;6;3;4;0;4;0;0;17;5;1;0
07001;Accons;84;07;0;0;0;0;0;0;0;0;0;0;0;0;0;0;0;0;0;0;0;0;0;0;0;0;3;2;1;1;1;0;0;0;0;1;0;0;1
07002;Ailhon;84;07;0;0;0;0;0;0;0;0;0;0;0;0;0;0;0;0;0;0;0;0;0;0;0;0;2;4;2;0;1;0;1;0;0;1;0;0;0
07003;Aizac;84;07;0;0;0;0;0;0;0;0;0;0;0;0;0;0;0;0;0;0;0;0;0;0;0;0;1;0;0;0;0;0;0;0;0;0;0;0;0
07004;Ajoux;84;07;0;0;0;0;0;0;0;0;0;0;0;0;0;0;0;0;0;0;0;0;0;0;0;0;0;0;0;0;0;0;0;0;0;0;0;0;0
07005;Alba-la-Romaine;84;07;0;0;0;0;0;0;0;0;0;0;0;0;0;0;0;0;0;1;0;0;2;0;0;0;4;0;3;2;4;0;1;0;0;8;3;0;2
07006;Albon-d'Ardèche;84;07;0;0;0;0;0;0;0;0;0;0;0;0;0;0;0;0;0;0;0;0;1;0;0;0;3;0;0;0;0;0;0;0;0;0;0;0;0
07007;Alboussière;84;07;0;0;0;0;0;0;0;0;0;0;0;0;0;0;0;0;0;1;0;0;4;0;0;0;2;3;5;2;3;0;1;0;0;3;0;0;1
07008;Alissas;84;07;0;0;0;0;0;0;0;0;0;0;0;0;0;0;0;0;1;0;0;0;3;0;0;1;1;0;1;4;1;0;2;0;0;4;0;1;2
07009;Andance;84;07;0;1;0;0;0;0;0;0;0;0;0;0;0;0;0;1;1;1;0;0;4;0;0;1;2;3;0;3;1;0;4;0;0;3;1;0;1
07010;Annonay;84;07;1;1;0;0;1;1;0;0;0;0;2;1;0;0;0;13;3;3;0;0;22;2;0;5;32;21;16;13;14;8;30;4;8;45;14;4;14
07011;Antraigues-sur-Volane;84;07;0;1;0;0;0;0;0;0;0;0;0;0;0;0;0;0;0;0;0;1;0;0;0;0;2;1;1;0;1;0;3;0;0;6;0;0;0
07012;Arcens;84;07;0;0;0;0;0;0;0;0;0;0;0;0;0;0;0;0;0;0;0;1;1;0;0;0;1;0;0;1;0;0;0;0;0;4;0;0;0
07013;Ardoix;84;07;0;0;0;0;0;0;0;0;0;0;0;0;0;0;0;0;0;0;0;1;2;0;0;0;0;1;0;1;1;0;1;0;0;2;0;0;0
07014;Arlebosc;84;07;0;0;0;0;0;0;0;0;0;0;0;0;0;0;0;0;0;0;0;1;2;1;0;0;1;1;2;2;0;0;0;0;0;1;0;0;0
07015;Arras-sur-Rhône;84;07;0;0;0;0;0;0;0;0;0;0;0;0;0;0;0;0;0;0;0;0;0;0;0;0;0;2;1;0;0;1;0;0;0;2;0;0;0
07016;Asperjoc;84;07;0;0;0;0;0;0;0;0;0;0;0;0;0;0;0;0;0;0;0;0;0;0;0;0;0;1;0;1;0;0;0;0;0;0;0;0;0
07017;Les Assions;84;07;0;0;0;0;0;0;0;0;0;0;0;0;0;0;0;0;0;0;0;0;1;0;0;0;2;2;2;2;1;0;0;0;0;3;0;0;0
07018;Astet;84;07;0;0;0;0;0;0;0;0;0;0;0;0;0;0;0;0;0;0;0;0;0;0;0;0;0;0;0;0;0;0;0;0;0;2;0;0;0
07019;Aubenas;84;07;1;1;0;0;1;1;1;0;0;0;2;1;0;0;0;13;6;2;0;0;33;3;1;6;33;22;22;12;13;8;36;3;4;94;13;5;6
07020;Aubignas;84;07;0;0;0;0;0;0;0;0;0;0;0;0;0;0;0;0;0;0;0;0;0;0;0;0;2;1;2;0;2;0;0;0;0;1;0;0;1
07022;Baix;84;07;0;0;0;0;0;0;0;0;0;0;0;0;0;0;0;0;1;0;1;0;1;0;0;0;4;1;2;1;5;2;2;0;0;1;0;0;1
07023;Balazuc;84;07;0;0;0;0;0;0;0;0;0;0;0;0;0;0;0;0;0;0;0;0;1;0;0;0;1;1;2;1;2;0;0;0;0;7;0;0;0
07024;Banne;84;07;0;0;0;0;0;0;0;0;0;0;0;0;0;0;0;0;0;0;0;0;2;0;0;0;3;5;1;1;2;0;0;0;0;4;1;0;2
07025;Barnas;84;07;0;0;0;0;0;0;0;0;0;0;0;0;0;0;0;0;0;0;0;1;2;0;0;0;1;0;0;0;1;0;0;0;0;2;0;0;0
07026;Le Béage;84;07;0;1;0;0;0;0;0;0;0;0;0;0;0;0;0;0;0;1;0;0;1;0;0;0;0;0;0;1;0;0;0;0;0;1;0;0;0
07027;Beauchastel;84;07;0;0;0;0;0;0;0;0;0;0;0;0;0;0;0;0;0;1;0;0;2;1;0;0;2;2;5;7;1;0;2;0;0;2;0;0;2
07028;Beaulieu;84;07;0;0;0;0;0;0;0;0;0;0;0;0;0;0;0;0;0;0;0;1;0;0;0;0;2;1;2;2;0;0;0;0;0;3;0;0;0
07029;Beaumont;84;07;0;0;0;0;0;0;0;0;0;0;0;0;0;0;0;0;0;0;0;0;0;0;0;0;1;0;0;0;0;0;0;0;0;0;0;0;1
07030;Beauvène;84;07;0;0;0;0;0;0;0;0;0;0;0;0;0;0;0;0;0;0;0;0;0;0;0;0;0;0;2;0;0;0;0;0;0;1;0;0;0
07031;Berrias-et-Casteljau;84;07;0;0;0;0;0;0;0;0;0;0;0;0;0;0;0;0;0;0;0;1;1;0;0;0;1;2;1;2;2;0;1;0;0;9;0;0;0
07032;Berzème;84;07;0;0;0;0;0;0;0;0;0;0;0;0;0;0;0;0;0;0;0;0;0;0;0;0;0;1;0;0;0;0;0;0;0;2;0;0;0
07033;Bessas;84;07;0;0;0;0;0;0;0;0;0;0;0;0;0;0;0;0;0;0;0;0;0;0;0;0;1;1;0;1;1;1;0;0;0;2;0;0;0
07034;Bidon;84;07;0;0;0;0;0;0;0;0;0;0;0;0;0;0;0;0;0;0;0;0;2;0;0;0;2;0;0;0;0;1;1;0;0;5;0;0;0
07035;Boffres;84;07;0;0;0;0;0;0;0;0;0;0;0;0;0;0;0;0;0;0;1;0;0;0;0;0;4;0;2;0;0;0;1;0;0;3;1;0;0
07036;Bogy;84;07;0;0;0;0;0;0;0;0;0;0;0;0;0;0;0;0;0;0;0;0;0;0;0;0;1;0;1;0;0;0;1;0;0;1;0;0;0
07037;Borée;84;07;0;0;0;0;0;0;0;0;0;0;0;0;0;0;0;0;0;0;0;1;0;0;0;0;1;0;1;0;0;0;0;0;0;0;0;0;0
07038;Borne;84;07;0;0;0;0;0;0;0;0;0;0;0;0;0;0;0;0;0;0;0;0;0;0;0;0;0;0;0;0;0;0;0;0;0;1;0;0;0
07039;Bozas;84;07;0;0;0;0;0;0;0;0;0;0;0;0;0;0;0;0;0;0;0;0;0;0;0;0;2;1;0;0;0;0;0;0;0;1;0;0;0
07040;Boucieu-le-Roi;84;07;0;0;0;0;0;0;0;0;0;0;0;0;0;0;0;0;0;0;1;0;0;0;0;0;0;0;1;0;1;0;0;0;0;1;0;0;0
07041;Boulieu-lès-Annonay;84;07;0;0;0;0;0;0;0;0;0;0;0;0;0;0;0;1;0;1;0;0;3;1;0;1;6;3;3;3;0;1;3;0;0;2;1;0;3
07042;Bourg-Saint-Andéol;84;07;0;1;0;0;0;0;0;0;0;0;1;0;0;0;0;7;2;1;0;0;6;1;1;2;22;8;4;4;8;2;13;1;0;19;5;0;4
07044;Brossainc;84;07;0;0;0;0;0;0;0;0;0;0;0;0;0;0;0;0;0;0;0;0;0;0;0;0;0;0;2;0;0;1;0;0;0;0;0;0;0
07045;Burzet;84;07;0;0;0;0;0;0;0;0;0;0;0;0;0;0;0;0;0;0;0;1;2;0;0;0;6;0;1;0;0;0;0;0;0;2;0;0;0
07047;Cellier-du-Luc;84;07;0;0;0;0;0;0;0;0;0;0;0;0;0;0;0;0;0;0;0;0;1;0;0;0;0;0;0;0;0;0;0;0;0;0;0;0;0
07048;Chalencon;84;07;0;0;0;0;0;0;0;0;0;0;0;0;0;0;0;0;0;0;0;1;0;0;0;0;3;0;2;1;2;0;0;0;0;3;0;0;0
07049;Le Chambon;84;07;0;0;0;0;0;0;0;0;0;0;0;0;0;0;0;0;0;0;0;0;0;0;0;0;0;0;0;0;0;0;0;0;0;0;0;0;0
07050;Chambonas;84;07;0;0;0;0;0;0;0;0;0;0;0;0;0;0;0;0;0;0;0;0;0;1;0;0;6;2;3;2;1;1;1;0;0;5;1;0;0
07051;Champagne;84;07;0;0;0;0;0;0;0;0;0;0;0;0;0;0;0;0;0;0;0;1;0;0;0;0;2;0;1;1;0;0;0;0;0;5;0;0;0
07052;Champis;84;07;0;0;0;0;0;0;0;0;0;0;0;0;0;0;0;0;0;0;0;0;1;0;0;0;3;1;1;0;1;0;0;0;0;1;0;0;0
07053;Chandolas;84;07;0;0;0;0;0;0;0;0;0;0;0;0;0;0;0;0;0;0;1;0;0;0;0;0;3;1;0;1;2;0;1;0;0;3;1;0;1
07054;Chanéac;84;07;0;0;0;0;0;0;0;0;0;0;0;0;0;0;0;0;0;0;0;0;0;0;0;0;2;0;0;0;1;0;0;0;0;1;0;0;0
07055;Charmes-sur-Rhône;84;07;0;0;0;0;0;0;0;0;0;0;0;0;0;0;0;1;0;1;0;0;4;0;1;1;5;5;7;4;3;1;3;0;0;5;1;0;3
07056;Charnas;84;07;0;0;0;0;0;0;0;0;0;0;0;0;0;0;0;0;0;0;0;0;3;0;0;0;0;0;1;1;3;0;1;0;0;1;2;0;0
07058;Chassiers;84;07;0;0;0;0;0;0;0;0;0;0;0;0;0;0;0;0;0;0;0;0;2;0;0;0;4;1;2;1;1;0;1;0;0;3;0;0;0
07059;Châteaubourg;84;07;0;0;0;0;0;0;0;0;0;0;0;0;0;0;0;0;0;0;0;0;1;0;0;0;0;1;1;1;2;0;0;0;0;0;0;0;0
07060;Châteauneuf-de-Vernoux;84;07;0;0;0;0;0;0;0;0;0;0;0;0;0;0;0;0;0;0;0;0;0;0;0;0;1;0;2;0;0;0;0;0;0;0;0;0;0
07061;Chauzon;84;07;0;0;0;0;0;0;0;0;0;0;0;0;0;0;0;0;0;0;0;0;0;0;0;0;0;1;0;0;0;1;0;0;0;3;0;0;1
07062;Chazeaux;84;07;0;0;0;0;0;0;0;0;0;0;0;0;0;0;0;0;0;0;0;0;0;0;0;0;1;0;0;1;0;0;0;0;0;0;0;0;0
07063;Cheminas;84;07;0;0;0;0;0;0;0;0;0;0;0;0;0;0;0;0;0;0;0;0;1;0;0;0;0;0;0;1;0;0;0;0;0;1;0;0;1
07064;Le Cheylard;84;07;0;1;0;0;0;0;0;0;0;0;1;1;0;0;0;5;0;1;0;0;6;1;0;3;7;4;6;7;4;1;7;1;1;11;0;1;4
07065;Chirols;84;07;0;0;0;0;0;0;0;0;0;0;0;0;0;0;0;0;0;0;1;0;0;0;0;0;0;1;2;1;1;0;0;0;0;0;0;0;0
07066;Chomérac;84;07;0;0;0;0;0;0;0;0;0;0;0;0;0;0;0;2;0;1;0;0;5;0;0;1;7;8;8;6;6;0;5;0;0;6;1;0;2
07067;Colombier-le-Cardinal;84;07;0;0;0;0;0;0;0;0;0;0;0;0;0;0;0;0;0;0;0;0;0;0;0;0;0;0;0;0;0;0;0;0;0;0;0;0;0
07068;Colombier-le-Jeune;84;07;0;0;0;0;0;0;0;0;0;0;0;0;0;0;0;0;0;0;0;1;2;0;0;0;0;0;0;0;1;0;2;0;0;1;0;0;0
07069;Colombier-le-Vieux;84;07;0;0;0;0;0;0;0;0;0;0;0;0;0;0;0;0;0;0;0;1;2;0;0;0;4;0;2;2;0;0;0;0;0;1;0;0;0
07070;Cornas;84;07;0;0;0;0;0;0;0;0;0;0;0;0;0;0;0;0;0;1;0;0;4;0;0;0;4;5;3;1;2;0;1;0;0;2;0;0;1
07071;Coucouron;84;07;0;0;0;0;0;0;0;0;0;0;1;0;0;0;0;1;0;1;0;0;3;0;0;0;5;1;2;4;2;2;1;0;0;1;1;0;0
07072;Coux;84;07;0;0;0;0;0;0;0;0;0;0;0;0;0;0;0;0;0;0;0;1;2;0;0;0;2;3;2;1;0;0;0;0;0;5;0;0;0
07073;Le Crestet;84;07;0;0;0;0;0;0;0;0;0;0;0;0;0;0;0;0;0;0;0;0;0;0;0;0;0;0;0;0;0;0;0;0;0;1;0;0;0
07074;Creysseilles;84;07;0;0;0;0;0;0;0;0;0;0;0;0;0;0;0;0;0;0;0;0;0;0;0;0;0;0;0;0;0;0;0;0;0;0;0;0;0
07075;Cros-de-Géorand;84;07;0;0;0;0;0;0;0;0;0;0;0;0;0;0;0;0;0;0;0;1;0;0;0;0;0;1;1;0;0;0;0;0;0;1;0;0;0
07076;Cruas;84;07;0;0;0;0;0;0;0;0;0;0;0;0;0;0;0;3;0;1;0;0;5;0;0;1;5;4;2;6;3;1;5;0;0;8;1;0;1
07077;Darbres;84;07;0;0;0;0;0;0;0;0;0;0;0;0;0;0;0;0;0;0;0;1;0;0;0;0;0;0;1;3;0;0;0;0;0;0;0;0;0
07078;Davézieux;84;07;0;0;0;0;0;0;0;0;0;0;0;0;0;0;0;3;1;1;0;0;14;3;0;1;2;6;6;7;3;2;7;2;0;13;2;2;3
07079;Désaignes;84;07;0;0;0;0;0;0;0;0;0;0;0;0;0;0;0;0;0;0;0;1;1;0;0;0;4;1;4;1;0;0;0;0;0;3;0;0;1
07080;Devesset;84;07;0;0;0;0;0;0;0;0;0;0;0;0;0;0;0;0;0;0;0;1;0;0;0;0;2;0;0;1;0;0;0;0;0;2;1;0;0
07081;Dompnac;84;07;0;0;0;0;0;0;0;0;0;0;0;0;0;0;0;0;0;0;0;0;0;0;0;0;1;0;1;0;0;0;0;0;0;1;0;0;0
07082;Dornas;84;07;0;0;0;0;0;0;0;0;0;0;0;0;0;0;0;0;0;0;0;1;1;0;0;0;0;0;1;0;0;0;0;0;0;1;0;0;0
07083;Dunière-sur-Eyrieux;84;07;0;0;0;0;0;0;0;0;0;0;0;0;0;0;0;0;0;0;0;1;0;0;0;0;0;0;1;4;1;0;1;0;0;1;1;0;0
07084;Eclassan;84;07;0;0;0;0;0;0;0;0;0;0;0;0;0;0;0;0;0;0;0;0;3;0;0;0;3;1;1;2;0;0;0;0;0;0;1;0;1
07085;Empurany;84;07;0;0;0;0;0;0;0;0;0;0;0;0;0;0;0;0;0;0;0;1;1;0;0;0;2;0;3;0;2;0;0;0;0;0;0;0;0
07086;Étables;84;07;0;0;0;0;0;0;0;0;0;0;0;0;0;0;0;0;0;0;0;1;1;0;0;0;4;4;2;0;1;0;1;0;0;0;0;0;0
07087;Fabras;84;07;0;0;0;0;0;0;0;0;0;0;0;0;0;0;0;0;0;0;0;0;1;0;0;0;3;0;2;1;1;0;1;0;0;1;0;0;0
07088;Faugères;84;07;0;0;0;0;0;0;0;0;0;0;0;0;0;0;0;0;0;0;0;0;0;0;0;0;0;0;0;0;0;0;0;0;0;0;0;0;0
07089;Félines;84;07;0;0;0;0;0;0;0;0;0;0;0;0;0;0;0;0;0;0;0;1;4;0;0;0;3;4;5;3;3;0;3;0;0;3;0;0;1
07090;Flaviac;84;07;0;0;0;0;0;0;0;0;0;0;0;0;0;0;0;0;0;0;0;1;1;0;0;1;6;5;4;2;0;0;1;0;0;6;1;0;2
07091;Fons;84;07;0;0;0;0;0;0;0;0;0;0;0;0;0;0;0;0;0;0;0;0;0;0;0;0;1;0;0;0;0;0;2;0;0;0;0;0;1
07092;Freyssenet;84;07;0;0;0;0;0;0;0;0;0;0;0;0;0;0;0;0;0;0;0;0;1;0;0;0;1;0;0;0;0;1;0;0;0;0;0;0;0
07093;Genestelle;84;07;0;0;0;0;0;0;0;0;0;0;0;0;0;0;0;0;0;0;0;0;0;0;0;0;1;0;2;1;0;0;0;0;0;1;0;0;1
07094;Gilhac-et-Bruzac;84;07;0;0;0;0;0;0;0;0;0;0;0;0;0;0;0;0;0;0;0;0;0;0;0;0;0;0;0;1;1;0;0;0;0;0;1;0;0
07095;Gilhoc-sur-Ormèze;84;07;0;0;0;0;0;0;0;0;0;0;0;0;0;0;0;0;0;0;0;1;0;0;0;0;1;0;1;0;0;0;0;0;0;0;1;0;0
07096;Gluiras;84;07;0;0;0;0;0;0;0;0;0;0;0;0;0;0;0;0;0;0;0;1;2;0;0;0;2;0;3;0;1;0;0;0;0;2;0;0;0
07097;Glun;84;07;0;0;0;0;0;0;0;0;0;0;0;0;0;0;0;0;0;0;0;0;0;0;0;0;2;1;3;0;1;0;1;0;0;1;0;0;1
07098;Gourdon;84;07;0;0;0;0;0;0;0;0;0;0;0;0;0;0;0;0;0;0;0;0;1;0;0;0;0;0;0;0;1;0;0;0;0;0;0;0;0
07099;Gras;84;07;0;0;0;0;0;0;0;0;0;0;0;0;0;0;0;0;0;0;0;1;0;0;0;0;2;1;0;0;1;0;0;0;0;3;0;0;0
07100;Gravières;84;07;0;0;0;0;0;0;0;0;0;0;0;0;0;0;0;0;0;0;0;0;2;0;0;0;6;1;0;1;1;0;0;0;0;0;0;0;0
07101;Grospierres;84;07;0;0;0;0;0;0;0;0;0;0;0;0;0;0;0;0;0;0;0;1;1;0;0;0;4;4;0;1;1;2;0;0;0;11;0;0;0
07102;Guilherand-Granges;84;07;1;0;0;0;0;0;0;0;0;0;0;0;0;0;0;7;3;1;0;0;14;1;0;1;8;17;8;8;8;5;18;2;0;29;9;2;7
07103;Intres;84;07;0;0;0;0;0;0;0;0;0;0;0;0;0;0;0;0;0;0;0;0;2;0;0;0;1;0;0;1;0;0;0;0;0;0;0;0;0
07104;Issamoulenc;84;07;0;0;0;0;0;0;0;0;0;0;0;0;0;0;0;0;0;0;0;0;0;0;0;0;0;0;0;0;1;0;0;0;0;0;0;0;0
07105;Issanlas;84;07;0;0;0;0;0;0;0;0;0;0;0;0;0;0;0;0;0;0;0;0;0;0;0;0;0;0;0;0;0;0;0;0;0;0;0;0;0
07106;Issarlès;84;07;0;0;0;0;0;0;0;0;0;0;0;0;0;0;0;0;0;0;0;1;0;0;0;0;0;0;0;1;0;0;0;0;0;1;0;0;0
07107;Jaujac;84;07;0;0;0;0;0;0;0;0;0;0;0;0;0;0;0;0;0;1;0;0;1;0;0;0;4;3;2;2;2;0;3;0;0;3;0;0;1
07108;Jaunac;84;07;0;0;0;0;0;0;0;0;0;0;0;0;0;0;0;0;0;0;0;0;0;0;0;0;2;0;0;0;0;0;0;0;0;0;1;0;0
07109;Joannas;84;07;0;0;0;0;0;0;0;0;0;0;0;0;0;0;0;0;0;0;0;0;0;0;0;0;1;0;0;0;0;0;0;0;0;1;0;0;0
07110;Joyeuse;84;07;0;1;0;0;0;0;0;0;0;0;1;0;0;0;0;3;2;1;0;0;2;1;0;0;6;0;9;2;1;2;4;1;0;12;5;0;2
07111;Juvinas;84;07;0;0;0;0;0;0;0;0;0;0;0;0;0;0;0;0;0;0;0;0;0;0;0;0;1;2;0;0;0;0;0;0;0;0;0;0;0
07112;Labastide-sur-Bésorgues;84;07;0;0;0;0;0;0;0;0;0;0;0;0;0;0;0;0;0;0;0;1;0;0;0;0;2;0;1;0;1;0;0;0;0;1;0;0;0
07113;Labastide-de-Virac;84;07;0;0;0;0;0;0;0;0;0;0;0;0;0;0;0;0;0;0;0;1;0;0;0;0;3;1;1;2;1;0;0;0;0;4;1;0;0
07114;Labatie-d'Andaure;84;07;0;0;0;0;0;0;0;0;0;0;0;0;0;0;0;0;0;0;0;0;0;0;0;1;3;0;2;1;0;0;0;0;0;2;0;0;0
07115;Labeaume;84;07;0;0;0;0;0;0;0;0;0;0;0;0;0;0;0;0;0;0;0;0;0;0;0;0;2;3;1;0;1;0;0;0;0;6;2;0;0
07116;Labégude;84;07;0;0;0;0;0;0;0;0;0;0;0;0;0;0;0;0;0;0;0;1;3;1;0;0;4;5;5;3;4;0;2;0;0;7;1;0;1
07117;Lablachère;84;07;0;0;0;0;0;0;0;0;0;0;0;0;0;0;0;0;0;1;0;0;5;0;0;0;9;2;7;4;6;0;3;0;0;2;2;1;1
07118;Laboule;84;07;0;0;0;0;0;0;0;0;0;0;0;0;0;0;0;0;0;0;0;0;0;0;0;0;1;0;1;0;0;0;0;0;0;1;0;0;0
07119;Le Lac-d'Issarlès;84;07;0;0;0;0;0;0;0;0;0;0;0;0;0;0;0;0;0;0;0;1;1;0;0;0;1;0;1;0;0;0;0;0;0;3;1;0;0
07120;Lachamp-Raphaël;84;07;0;0;0;0;0;0;0;0;0;0;0;0;0;0;0;0;0;0;0;1;0;0;0;0;0;1;0;0;0;0;0;0;0;1;0;0;0
07121;Lachapelle-Graillouse;84;07;0;0;0;0;0;0;0;0;0;0;0;0;0;0;0;0;0;0;0;1;0;0;0;0;0;0;4;0;2;0;0;0;0;1;0;0;0
07122;Lachapelle-sous-Aubenas;84;07;0;0;0;0;0;0;0;0;0;0;0;0;0;0;0;0;1;0;0;1;10;0;0;0;14;7;3;8;3;0;3;0;0;1;2;0;1
07123;Lachapelle-sous-Chanéac;84;07;0;0;0;0;0;0;0;0;0;0;0;0;0;0;0;0;0;0;0;0;1;0;0;0;2;0;0;1;0;0;0;0;0;1;1;0;0
07124;Lafarre;84;07;0;0;0;0;0;0;0;0;0;0;0;0;0;0;0;0;0;0;0;0;0;0;0;0;0;0;0;0;0;0;0;0;0;0;0;0;0
07126;Lagorce;84;07;0;0;0;0;0;0;0;0;0;0;0;0;0;0;0;0;0;0;1;0;3;0;0;0;3;0;4;1;4;0;1;1;0;4;1;0;1
07127;Lalevade-d'Ardèche;84;07;0;0;0;0;0;0;0;0;0;0;0;0;0;0;0;2;0;1;0;0;4;1;0;1;2;2;4;3;1;0;5;1;0;6;1;1;1
07128;Lalouvesc;84;07;0;0;0;0;0;0;0;0;0;0;0;0;0;0;0;0;0;1;0;0;0;0;0;0;1;1;2;0;2;0;1;0;0;2;0;0;0
07129;Lamastre;84;07;0;1;0;0;0;0;0;0;0;0;1;1;0;0;0;3;1;1;0;0;9;1;0;2;9;8;5;5;4;1;6;2;0;11;3;0;4
07130;Lanarce;84;07;0;1;0;0;0;0;0;0;0;0;0;0;0;0;0;0;0;0;0;1;1;0;0;0;0;0;1;0;0;0;0;0;0;3;0;0;0
07131;Lanas;84;07;0;0;0;0;0;0;0;0;0;0;0;0;0;0;0;0;0;0;0;0;1;0;0;2;1;1;2;0;0;0;0;0;0;3;0;0;0
07132;Largentière;84;07;0;1;0;0;0;0;0;0;0;0;1;0;0;0;0;2;1;1;0;0;1;0;0;1;6;4;4;1;1;1;4;0;0;18;3;0;1
07133;Larnas;84;07;0;0;0;0;0;0;0;0;0;0;0;0;0;0;0;0;0;0;0;0;0;0;0;1;2;0;1;1;0;0;0;0;0;4;0;0;0
07134;Laurac-en-Vivarais;84;07;0;0;0;0;0;0;0;0;0;0;0;0;0;0;0;0;0;0;0;1;2;0;0;0;8;3;2;1;2;0;3;0;0;6;0;0;0
07135;Laval-d'Aurelle;84;07;0;0;0;0;0;0;0;0;0;0;0;0;0;0;0;0;0;0;0;0;0;0;0;0;0;0;0;0;0;0;0;0;0;0;0;0;0
07136;Laveyrune;84;07;0;0;0;0;0;0;0;0;0;0;0;0;0;0;0;0;0;0;0;0;0;0;0;0;0;0;0;0;0;0;0;0;0;0;0;0;0
07137;Lavillatte;84;07;0;0;0;0;0;0;0;0;0;0;0;0;0;0;0;0;0;0;0;0;0;0;0;0;0;0;1;0;0;0;0;0;0;0;0;0;0
07138;Lavilledieu;84;07;0;0;0;0;0;0;0;0;0;0;0;0;0;0;0;0;1;1;0;0;10;2;0;0;14;7;6;4;3;1;4;0;0;4;1;0;1
07139;Laviolle;84;07;0;0;0;0;0;0;0;0;0;0;0;0;0;0;0;0;0;0;0;0;0;0;0;0;0;1;0;0;1;0;0;0;0;0;0;0;0
07140;Lemps;84;07;0;0;0;0;0;0;0;0;0;0;0;0;0;0;0;0;1;0;0;0;1;0;0;0;3;3;0;0;0;0;0;0;0;0;0;0;1
07141;Lentillères;84;07;0;0;0;0;0;0;0;0;0;0;0;0;0;0;0;0;0;0;0;0;0;0;0;0;2;1;1;1;1;0;0;0;0;1;0;0;0
07142;Lespéron;84;07;0;0;0;0;0;0;0;0;0;0;0;0;0;0;0;0;0;0;1;0;1;0;0;0;1;0;0;1;0;0;0;0;0;1;0;0;0
07143;Limony;84;07;0;0;0;0;0;0;0;0;0;0;0;0;0;0;0;0;0;0;0;1;0;0;0;0;2;0;0;1;2;0;0;0;0;3;0;0;1
07144;Loubaresse;84;07;0;0;0;0;0;0;0;0;0;0;0;0;0;0;0;0;0;0;0;0;0;0;0;0;0;0;1;0;0;0;0;0;0;1;0;0;0
07145;Lussas;84;07;0;0;0;0;0;0;0;0;0;0;0;0;0;0;0;0;0;0;0;1;1;0;0;0;7;2;4;2;5;0;1;0;0;3;0;0;0
07146;Lyas;84;07;0;0;0;0;0;0;0;0;0;0;0;0;0;0;0;0;0;0;0;0;0;0;0;0;2;1;1;1;1;0;0;0;0;0;0;0;0
07147;Malarce-sur-la-Thines;84;07;0;0;0;0;0;0;0;0;0;0;0;0;0;0;0;0;0;0;0;0;0;0;0;0;4;0;0;0;1;0;0;0;0;2;0;0;0
07148;Malbosc;84;07;0;0;0;0;0;0;0;0;0;0;0;0;0;0;0;0;0;0;0;0;0;0;0;0;2;0;0;0;0;0;0;0;0;1;0;0;0
07149;Marcols-les-Eaux;84;07;0;0;0;0;0;0;0;0;0;0;0;0;0;0;0;0;0;0;0;1;1;0;0;0;0;1;0;1;1;0;0;0;0;0;0;0;0
07150;Mariac;84;07;0;0;0;0;0;0;0;0;0;0;0;0;0;0;0;0;0;0;0;1;1;0;0;0;0;0;2;0;1;0;1;0;0;0;0;0;0
07151;Mars;84;07;0;0;0;0;0;0;0;0;0;0;0;0;0;0;0;0;0;0;0;1;0;0;0;0;0;0;0;0;1;1;0;0;0;0;0;0;0
07152;Mauves;84;07;0;0;0;0;0;0;0;0;0;0;0;0;0;0;0;0;0;0;0;1;5;0;0;0;0;5;2;1;4;0;1;0;0;2;2;0;0
07153;Mayres;84;07;0;0;0;0;0;0;0;0;0;0;0;0;0;0;0;0;0;0;0;1;0;0;0;0;0;0;1;0;1;0;0;0;0;3;0;0;0
07154;Mazan-l'Abbaye;84;07;0;0;0;0;0;0;0;0;0;0;0;0;0;0;0;0;0;0;0;0;0;0;0;0;0;0;0;0;0;0;0;0;0;0;0;0;0
07155;Mercuer;84;07;0;0;0;0;0;0;0;0;0;0;0;0;0;0;0;0;0;0;0;0;1;0;0;0;4;3;0;5;1;0;0;0;0;2;1;0;1
07156;Meyras;84;07;0;0;0;0;0;0;0;0;0;0;0;0;0;0;0;0;0;1;0;0;2;0;0;0;5;0;1;4;2;1;1;0;0;6;0;0;1
07157;Meysse;84;07;0;0;0;0;0;0;0;0;0;0;0;0;0;0;0;0;0;1;0;0;3;1;1;1;4;5;1;1;0;0;2;0;0;5;0;0;3
07158;Mézilhac;84;07;0;0;0;0;0;0;0;0;0;0;0;0;0;0;0;0;0;0;0;1;0;0;0;0;0;0;0;0;0;0;0;0;0;0;0;0;0
07159;Mirabel;84;07;0;0;0;0;0;0;0;0;0;0;0;0;0;0;0;0;0;0;0;0;0;0;0;0;2;0;1;1;0;1;1;0;0;1;0;0;0
07160;Monestier;84;07;0;0;0;0;0;0;0;0;0;0;0;0;0;0;0;0;0;0;0;0;0;0;0;0;0;0;1;0;0;0;0;0;0;0;0;0;0
07161;Montpezat-sous-Bauzon;84;07;0;0;0;0;0;0;0;0;0;0;0;0;0;0;0;0;0;1;0;0;0;0;0;0;1;0;3;0;2;0;1;0;0;2;0;0;0
07162;Montréal;84;07;0;0;0;0;0;0;0;0;0;0;0;0;0;0;0;0;0;0;0;0;0;0;0;0;4;0;1;0;1;0;0;0;0;1;1;0;0
07163;Montselgues;84;07;0;0;0;0;0;0;0;0;0;0;0;0;0;0;0;0;0;0;0;0;0;0;0;0;0;0;2;0;0;0;0;0;0;2;0;0;0
07165;Nonières;84;07;0;0;0;0;0;0;0;0;0;0;0;0;0;0;0;0;0;0;0;0;0;0;0;0;2;0;0;0;0;0;0;0;0;1;0;0;1
07166;Nozières;84;07;0;0;0;0;0;0;0;0;0;0;0;0;0;0;0;0;1;0;0;1;0;0;0;0;0;0;1;1;0;0;0;0;0;3;0;0;0
07167;Les Ollières-sur-Eyrieux;84;07;0;1;0;0;0;0;0;0;0;0;0;0;0;0;0;0;0;1;0;0;3;0;0;0;1;1;3;2;3;0;2;0;0;1;1;0;1
07168;Orgnac-l'Aven;84;07;0;0;0;0;0;0;0;0;0;0;0;0;0;0;0;0;0;0;0;1;1;0;0;0;4;3;2;3;0;0;2;0;0;0;0;0;0
07169;Ozon;84;07;0;0;0;0;0;0;0;0;0;0;0;0;0;0;0;0;0;0;0;0;1;0;0;0;0;0;0;0;1;0;0;0;0;1;0;0;1
07170;Pailharès;84;07;0;0;0;0;0;0;0;0;0;0;0;0;0;0;0;0;0;0;0;1;0;0;0;0;1;0;0;0;0;0;0;0;0;1;0;0;0
07171;Payzac;84;07;0;0;0;0;0;0;0;0;0;0;0;0;0;0;0;0;0;0;0;0;0;0;0;0;5;2;1;1;2;0;0;0;0;2;0;0;0
07172;Peaugres;84;07;0;0;0;0;0;0;0;0;0;0;0;0;0;0;0;0;0;0;0;1;6;0;0;1;0;1;4;3;4;0;5;0;0;1;0;0;1
07173;Péreyres;84;07;0;0;0;0;0;0;0;0;0;0;0;0;0;0;0;0;0;0;0;0;0;0;0;0;0;0;0;0;0;0;0;0;0;0;0;0;0
07174;Peyraud;84;07;0;0;0;0;0;0;0;0;0;0;0;0;0;0;0;0;0;0;0;1;0;0;0;0;0;0;0;0;1;0;1;0;0;2;0;0;0
07175;Le Plagnal;84;07;0;0;0;0;0;0;0;0;0;0;0;0;0;0;0;0;0;0;0;0;0;0;0;0;0;0;0;0;0;0;0;0;0;0;0;0;0
07176;Planzolles;84;07;0;0;0;0;0;0;0;0;0;0;0;0;0;0;0;0;0;0;0;0;0;0;0;0;3;0;0;1;0;0;0;0;0;0;0;0;0
07177;Plats;84;07;0;0;0;0;0;0;0;0;0;0;0;0;0;0;0;0;0;0;0;0;3;0;0;0;0;1;0;0;1;0;3;0;0;0;1;0;2
07178;Pont-de-Labeaume;84;07;0;0;0;0;0;0;0;0;0;0;0;0;0;0;0;0;1;0;0;1;2;0;0;0;2;1;2;1;1;0;1;0;0;3;0;0;0
07179;Pourchères;84;07;0;0;0;0;0;0;0;0;0;0;0;0;0;0;0;0;0;0;0;0;0;0;0;0;0;0;0;0;0;0;0;0;0;0;0;0;0
07181;Le Pouzin;84;07;0;1;0;0;0;0;0;0;0;0;0;0;0;0;0;2;2;1;0;0;6;1;0;1;11;9;4;3;4;5;7;1;0;6;1;0;3
07182;Prades;84;07;0;0;0;0;0;0;0;0;0;0;0;0;0;0;0;0;0;0;0;0;1;0;0;0;5;4;1;2;2;0;0;0;0;2;0;0;0
07183;Pradons;84;07;0;0;0;0;0;0;0;0;0;0;0;0;0;0;0;0;0;0;0;0;1;0;0;0;1;0;3;1;1;0;1;0;0;2;0;0;0
07184;Pranles;84;07;0;0;0;0;0;0;0;0;0;0;0;0;0;0;0;0;0;0;0;0;3;0;0;0;1;1;0;3;0;0;1;0;0;0;0;0;0
07185;Préaux;84;07;0;0;0;0;0;0;0;0;0;0;0;0;0;0;0;0;0;0;0;1;2;0;0;0;2;0;0;2;2;0;1;0;0;1;0;0;0
07186;Privas;84;07;1;1;0;1;1;0;0;0;0;0;11;2;0;0;0;10;4;1;0;0;19;3;0;4;6;11;7;5;5;3;14;2;3;37;7;2;6
07187;Prunet;84;07;0;0;0;0;0;0;0;0;0;0;0;0;0;0;0;0;0;0;0;0;0;0;0;0;1;0;3;2;0;1;0;0;0;0;0;0;0
07188;Quintenas;84;07;0;0;0;0;0;0;0;0;0;0;0;0;0;0;0;1;0;0;0;1;4;0;0;0;4;2;2;2;0;0;2;0;0;3;0;0;0
07189;Ribes;84;07;0;0;0;0;0;0;0;0;0;0;0;0;0;0;0;0;0;0;0;0;0;0;0;0;0;0;0;1;0;0;0;0;0;0;0;0;0
07190;Rochecolombe;84;07;0;0;0;0;0;0;0;0;0;0;0;0;0;0;0;0;0;0;0;0;0;0;0;0;1;1;0;0;2;0;0;0;0;0;0;0;0
07191;Rochemaure;84;07;0;0;0;0;0;0;0;0;0;0;0;0;0;0;0;0;0;0;1;0;2;0;0;0;5;7;7;4;3;0;3;0;0;6;0;1;2
07192;Rochepaule;84;07;0;0;0;0;0;0;0;0;0;0;0;0;0;0;0;0;0;0;0;1;0;0;0;1;1;0;0;0;0;0;0;0;0;2;0;0;0
07193;Rocher;84;07;0;0;0;0;0;0;0;0;0;0;0;0;0;0;0;0;1;0;0;1;0;0;0;0;1;0;0;0;0;0;0;0;0;0;0;0;0
07194;Rochessauve;84;07;0;0;0;0;0;0;0;0;0;0;0;0;0;0;0;0;0;0;0;0;0;0;0;0;0;0;0;2;1;0;1;0;0;1;0;0;0
07195;La Rochette;84;07;0;0;0;0;0;0;0;0;0;0;0;0;0;0;0;0;0;0;0;0;0;0;0;0;0;0;0;0;0;0;0;0;0;0;0;0;0
07196;Rocles;84;07;0;0;0;0;0;0;0;0;0;0;0;0;0;0;0;0;0;0;0;1;0;0;0;0;1;0;1;0;0;0;0;0;0;2;0;0;0
07197;Roiffieux;84;07;0;0;0;0;0;0;0;0;0;0;0;0;0;0;0;0;0;0;0;1;2;0;0;1;3;4;2;5;4;0;3;0;0;3;1;0;2
07198;Rompon;84;07;0;0;0;0;0;0;0;0;0;0;0;0;0;0;0;0;0;0;0;0;1;0;0;0;6;5;0;5;1;1;0;0;0;0;0;0;2
07199;Rosières;84;07;0;0;0;0;0;0;0;0;0;0;0;0;0;0;0;0;0;1;0;0;7;0;0;0;9;2;6;5;5;0;2;1;0;6;1;1;1
07200;Le Roux;84;07;0;0;0;0;0;0;0;0;0;0;0;0;0;0;0;0;0;0;0;0;0;0;0;0;1;0;0;0;0;0;0;0;0;0;0;0;0
07201;Ruoms;84;07;0;1;0;0;0;0;0;0;0;0;0;0;0;0;0;5;1;1;0;0;4;2;1;2;6;5;6;2;5;1;6;2;0;28;5;0;2
07202;Sablières;84;07;0;0;0;0;0;0;0;0;0;0;0;0;0;0;0;0;0;0;0;0;0;0;0;0;0;0;1;0;0;0;0;0;0;1;0;0;0
07203;Sagnes-et-Goudoulet;84;07;0;0;0;0;0;0;0;0;0;0;0;0;0;0;0;0;0;0;0;0;0;0;0;0;3;0;2;0;1;0;0;0;0;0;0;0;0
07204;Saint-Agrève;84;07;0;1;0;0;0;0;0;0;0;0;0;1;0;0;0;3;1;1;0;0;9;0;0;2;2;5;5;8;4;0;2;0;1;9;4;0;0
07205;Saint-Alban-d'Ay;84;07;0;0;0;0;0;0;0;0;0;0;0;0;0;0;0;0;0;1;0;0;1;0;0;0;2;1;3;0;2;0;1;0;0;1;0;0;0
07206;Saint-Alban-en-Montagne;84;07;0;0;0;0;0;0;0;0;0;0;0;0;0;0;0;0;0;0;0;0;0;0;0;0;0;0;0;0;0;0;0;0;0;0;0;0;0
07207;Saint-Alban-Auriolles;84;07;0;0;0;0;0;0;0;0;0;0;0;0;0;0;0;0;0;0;0;1;1;0;0;0;4;1;3;3;2;0;2;0;0;2;0;0;0
07208;Saint-Andéol-de-Berg;84;07;0;0;0;0;0;0;0;0;0;0;0;0;0;0;0;0;0;0;0;0;0;0;0;0;2;0;0;0;0;0;0;0;0;1;0;0;0
07209;Saint-Andéol-de-Fourchades;84;07;0;0;0;0;0;0;0;0;0;0;0;0;0;0;0;0;0;0;0;0;0;0;0;0;1;0;1;0;0;0;0;0;0;0;0;0;0
07210;Saint-Andéol-de-Vals;84;07;0;0;0;0;0;0;0;0;0;0;0;0;0;0;0;0;0;0;0;0;0;0;0;1;2;0;0;3;1;0;1;0;0;1;0;0;0
07211;Saint-André-de-Cruzières;84;07;0;0;0;0;0;0;0;0;0;0;0;0;0;0;0;0;0;0;0;1;0;0;0;0;3;0;0;0;1;0;0;0;0;4;0;0;0
07212;Saint-André-en-Vivarais;84;07;0;0;0;0;0;0;0;0;0;0;0;0;0;0;0;0;0;0;1;0;0;0;0;0;0;0;1;0;1;0;0;0;0;1;0;0;0
07213;Saint-André-Lachamp;84;07;0;0;0;0;0;0;0;0;0;0;0;0;0;0;0;0;0;0;0;0;0;0;0;0;0;0;1;0;1;0;0;0;0;2;0;0;0
07214;Saint-Apollinaire-de-Rias;84;07;0;0;0;0;0;0;0;0;0;0;0;0;0;0;0;0;0;0;0;0;0;0;0;0;0;1;1;0;0;0;0;0;0;1;1;0;0
07215;Saint-Barthélemy-le-Meil;84;07;0;0;0;0;0;0;0;0;0;0;0;0;0;0;0;0;0;0;0;1;0;0;0;0;2;0;0;0;0;0;0;0;0;0;0;0;0
07216;Saint-Barthélemy-Grozon;84;07;0;0;0;0;0;0;0;0;0;0;0;0;0;0;0;0;0;0;1;0;1;0;0;0;1;0;0;1;3;0;0;0;0;0;0;0;1
07217;Saint-Barthélemy-le-Plain;84;07;0;0;0;0;0;0;0;0;0;0;0;0;0;0;0;0;0;0;0;0;0;0;0;0;3;1;1;2;3;0;1;0;0;2;0;0;0
07218;Saint-Basile;84;07;0;0;0;0;0;0;0;0;0;0;0;0;0;0;0;0;0;0;0;0;2;0;0;0;3;1;0;0;1;0;0;0;0;1;0;0;0
07219;Saint-Bauzile;84;07;0;0;0;0;0;0;0;0;0;0;0;0;0;0;0;0;0;0;0;0;0;0;0;0;0;0;0;1;0;0;0;0;0;1;0;0;1
07220;Saint-Christol;84;07;0;0;0;0;0;0;0;0;0;0;0;0;0;0;0;0;0;0;0;1;1;0;0;0;0;0;1;1;1;0;0;0;0;0;0;0;0
07221;Saint-Cierge-la-Serre;84;07;0;0;0;0;0;0;0;0;0;0;0;0;0;0;0;0;0;0;0;0;0;0;0;0;4;0;1;0;1;0;0;0;0;0;0;0;0
07222;Saint-Cierge-sous-le-Cheylard;84;07;0;0;0;0;0;0;0;0;0;0;0;0;0;0;0;0;0;0;0;0;0;0;0;0;0;1;0;0;1;0;0;0;0;0;0;0;0
07223;Saint-Cirgues-de-Prades;84;07;0;0;0;0;0;0;0;0;0;0;0;0;0;0;0;0;0;0;0;0;0;0;0;0;1;0;0;0;0;0;0;0;0;0;0;0;0
07224;Saint-Cirgues-en-Montagne;84;07;0;0;0;0;0;0;0;0;0;0;0;0;0;0;0;0;0;1;0;0;1;0;0;0;1;0;1;1;0;0;2;0;0;2;0;0;0
07225;Saint-Clair;84;07;0;0;0;0;0;0;0;0;0;0;0;0;0;0;0;0;0;0;0;0;1;0;0;0;1;1;2;4;0;0;4;0;0;5;1;0;0
07226;Saint-Clément;84;07;0;0;0;0;0;0;0;0;0;0;0;0;0;0;0;0;0;0;0;0;0;0;0;0;0;0;0;0;0;0;0;0;0;0;0;0;0
07227;Saint-Cyr;84;07;0;0;0;0;0;0;0;0;0;0;0;0;0;0;0;0;0;0;0;0;3;1;0;0;1;2;2;2;0;0;2;0;0;1;0;0;2
07228;Saint-Désirat;84;07;0;0;0;0;0;0;0;0;0;0;0;0;0;0;0;0;0;0;0;1;1;0;0;0;0;4;1;2;0;0;2;0;1;1;0;0;0
07229;Saint-Didier-sous-Aubenas;84;07;0;0;0;0;0;0;0;0;0;0;0;0;0;0;0;1;0;0;0;0;2;0;0;0;5;2;3;1;3;2;2;3;0;6;1;0;0
07230;Saint-Étienne-de-Boulogne;84;07;0;0;0;0;0;0;0;0;0;0;0;0;0;0;0;0;0;0;0;0;0;0;0;0;0;1;2;2;0;0;0;0;0;2;0;0;0
07231;Saint-Étienne-de-Fontbellon;84;07;0;0;0;0;0;0;0;0;0;0;0;0;0;0;0;1;1;1;0;0;3;1;0;1;13;8;8;4;1;0;4;3;0;4;3;1;1
07232;Saint-Étienne-de-Lugdarès;84;07;0;0;0;0;0;0;0;0;0;0;0;0;0;0;0;0;0;1;0;0;0;0;0;0;2;0;0;0;1;0;0;0;0;1;0;0;0
07233;Saint-Étienne-de-Serre;84;07;0;0;0;0;0;0;0;0;0;0;0;0;0;0;0;0;0;0;0;0;1;0;0;0;1;1;3;0;0;0;0;0;0;0;0;0;0
07234;Saint-Étienne-de-Valoux;84;07;0;0;0;0;0;0;0;0;0;0;0;0;0;0;0;0;0;0;0;0;0;0;0;0;1;1;0;0;0;0;0;0;0;0;1;0;0
07235;Sainte-Eulalie;84;07;0;0;0;0;0;0;0;0;0;0;0;0;0;0;0;0;0;0;0;1;0;0;0;0;2;0;0;1;1;0;0;0;0;6;0;0;0
07236;Saint-Félicien;84;07;0;1;0;0;0;0;0;0;0;0;1;0;0;0;0;2;1;1;0;0;3;0;0;0;3;4;4;2;3;0;2;1;0;5;0;0;1
07237;Saint-Fortunat-sur-Eyrieux;84;07;0;0;0;0;0;0;0;0;0;0;0;0;0;0;0;0;0;0;0;1;1;0;0;0;1;0;2;1;1;0;1;0;0;3;0;0;1
07238;Saint-Genest-de-Beauzon;84;07;0;0;0;0;0;0;0;0;0;0;0;0;0;0;0;0;0;0;0;0;0;0;0;1;1;2;0;1;1;0;0;0;0;1;0;1;0
07239;Saint-Genest-Lachamp;84;07;0;0;0;0;0;0;0;0;0;0;0;0;0;0;0;0;0;0;0;0;0;0;0;0;1;0;0;0;1;0;0;0;0;0;0;0;0
07240;Saint-Georges-les-Bains;84;07;0;0;0;0;0;0;0;0;0;0;0;0;0;0;0;1;0;0;0;0;5;0;0;0;6;3;6;1;0;1;4;1;0;0;1;0;0
07241;Saint-Germain;84;07;0;0;0;0;0;0;0;0;0;0;0;0;0;0;0;0;0;0;0;0;1;0;0;0;3;0;1;1;0;0;0;0;0;1;0;0;0
07242;Saint-Gineis-en-Coiron;84;07;0;0;0;0;0;0;0;0;0;0;0;0;0;0;0;0;0;0;0;0;0;0;0;0;1;0;0;0;0;0;0;0;0;1;0;0;0
07243;Saint-Jacques-d'Atticieux;84;07;0;0;0;0;0;0;0;0;0;0;0;0;0;0;0;0;0;0;0;0;0;0;0;0;0;1;0;1;1;0;0;0;0;0;0;0;0
07244;Saint-Jean-Chambre;84;07;0;0;0;0;0;0;0;0;0;0;0;0;0;0;0;0;0;0;0;0;0;0;0;0;3;0;2;0;1;0;0;0;0;1;0;0;0
07245;Saint-Jean-de-Muzols;84;07;0;0;0;0;0;0;0;0;0;0;0;0;0;0;0;0;1;1;0;0;4;1;0;1;1;7;6;6;5;1;3;0;0;4;2;0;2
07247;Saint-Jean-le-Centenier;84;07;0;0;0;0;0;0;0;0;0;0;0;0;0;0;0;0;0;0;0;1;1;0;0;0;4;0;1;0;1;0;0;0;0;2;0;0;1
07248;Saint-Jean-Roure;84;07;0;0;0;0;0;0;0;0;0;0;0;0;0;0;0;0;0;0;0;0;0;0;0;0;1;0;0;0;1;0;1;0;0;0;0;0;0
07249;Saint-Jeure-d'Andaure;84;07;0;0;0;0;0;0;0;0;0;0;0;0;0;0;0;0;0;0;0;0;0;0;0;0;0;0;1;0;0;0;0;0;0;1;0;0;0
07250;Saint-Jeure-d'Ay;84;07;0;0;0;0;0;0;0;0;0;0;0;0;0;0;0;0;0;0;0;1;0;0;0;0;0;0;1;0;1;0;0;0;0;1;0;0;0
07251;Saint-Joseph-des-Bancs;84;07;0;0;0;0;0;0;0;0;0;0;0;0;0;0;0;0;0;0;1;0;0;0;0;0;0;0;0;0;0;0;0;0;0;0;0;0;0
07252;Saint-Julien-Boutières;84;07;0;0;0;0;0;0;0;0;0;0;0;0;0;0;0;0;0;0;0;1;0;0;0;0;0;0;0;0;1;0;1;0;0;0;0;0;0
07253;Saint-Julien-du-Gua;84;07;0;0;0;0;0;0;0;0;0;0;0;0;0;0;0;0;0;0;0;1;0;0;0;0;2;0;0;0;1;0;0;0;0;1;0;0;0
07254;Saint-Julien-du-Serre;84;07;0;0;0;0;0;0;0;0;0;0;0;0;0;0;0;0;0;0;0;0;1;0;0;0;4;1;2;6;1;0;0;0;0;0;0;0;0
07255;Saint-Julien-en-Saint-Alban;84;07;0;0;0;0;0;0;0;0;0;0;0;0;0;0;0;0;0;1;0;0;1;0;0;0;1;2;3;2;2;1;2;0;0;3;0;0;2
07256;Saint-Julien-Labrousse;84;07;0;0;0;0;0;0;0;0;0;0;0;0;0;0;0;0;0;0;0;0;0;0;0;0;1;0;1;1;0;0;1;0;0;2;0;0;0
07257;Saint-Julien-le-Roux;84;07;0;0;0;0;0;0;0;0;0;0;0;0;0;0;0;0;0;0;0;0;0;0;0;0;0;2;0;0;0;0;0;0;0;0;0;0;0
07258;Saint-Julien-Vocance;84;07;0;0;0;0;0;0;0;0;0;0;0;0;0;0;0;0;0;0;0;1;0;0;0;0;0;1;0;1;1;0;0;0;0;1;0;0;0
07259;Saint-Just-d'Ardèche;84;07;0;0;0;0;0;0;0;0;0;0;0;0;0;0;0;3;0;0;0;1;2;0;0;1;2;2;0;2;0;1;3;0;0;9;0;0;1
07260;Saint-Lager-Bressac;84;07;0;0;0;0;0;0;0;0;0;0;0;0;0;0;0;0;0;0;1;0;0;0;0;0;1;0;0;0;2;0;0;0;0;1;0;0;0
07261;Saint-Laurent-du-Pape;84;07;0;0;0;0;0;0;0;0;0;0;0;0;0;0;0;0;0;1;0;0;1;0;0;0;3;3;1;2;3;0;1;0;0;0;0;0;2
07262;Saint-Laurent-les-Bains;84;07;0;0;0;0;0;0;0;0;0;0;0;0;0;0;0;0;0;0;0;1;0;0;0;0;0;0;0;0;0;0;0;0;0;4;0;0;0
07263;Saint-Laurent-sous-Coiron;84;07;0;0;0;0;0;0;0;0;0;0;0;0;0;0;0;0;0;0;0;0;0;0;0;0;1;0;0;0;0;0;0;0;0;1;0;0;0
07264;Saint-Marcel-d'Ardèche;84;07;0;0;0;0;0;0;0;0;0;0;0;0;0;0;0;0;0;1;0;0;2;0;0;0;8;2;4;4;2;0;5;0;0;3;0;0;2
07265;Saint-Marcel-lès-Annonay;84;07;0;0;0;0;0;0;0;0;0;0;0;0;0;0;0;0;1;0;0;1;2;0;0;0;1;1;2;0;1;0;2;0;0;3;0;0;0
07266;Sainte-Marguerite-Lafigère;84;07;0;0;0;0;0;0;0;0;0;0;0;0;0;0;0;0;0;0;0;0;0;0;0;0;0;0;0;1;0;0;0;0;0;0;0;0;0
07267;Saint-Martial;84;07;0;0;0;0;0;0;0;0;0;0;0;0;0;0;0;0;0;0;0;1;1;0;0;0;1;0;2;1;0;0;0;0;0;4;0;0;0
07268;Saint-Martin-d'Ardèche;84;07;0;0;0;0;0;0;0;0;0;0;0;0;0;0;0;0;0;0;0;1;0;0;0;0;1;2;0;3;2;0;2;0;0;23;0;0;2
07269;Saint-Martin-de-Valamas;84;07;0;0;0;0;0;0;0;0;0;0;0;0;0;0;0;1;0;1;0;0;3;0;0;0;3;1;2;2;2;1;4;0;0;6;0;0;1
07270;Saint-Martin-sur-Lavezon;84;07;0;0;0;0;0;0;0;0;0;0;0;0;0;0;0;0;0;0;0;0;0;0;0;0;4;1;1;0;0;2;0;0;0;0;0;0;0
07272;Saint-Maurice-d'Ardèche;84;07;0;0;0;0;0;0;0;0;0;0;0;0;0;0;0;0;0;0;0;0;1;0;1;0;2;0;0;0;0;0;0;0;0;2;0;0;0
07273;Saint-Maurice-d'Ibie;84;07;0;0;0;0;0;0;0;0;0;0;0;0;0;0;0;0;0;0;0;0;0;0;0;0;5;0;0;0;0;0;0;0;0;4;0;0;0
07274;Saint-Maurice-en-Chalencon;84;07;0;0;0;0;0;0;0;0;0;0;0;0;0;0;0;0;0;0;0;0;0;0;0;0;0;1;2;0;1;0;0;0;0;0;0;0;0
07275;Saint-Mélany;84;07;0;0;0;0;0;0;0;0;0;0;0;0;0;0;0;0;0;0;0;0;0;0;0;0;0;0;0;0;0;0;0;0;0;1;0;0;0
07276;Saint-Michel-d'Aurance;84;07;0;0;0;0;0;0;0;0;0;0;0;0;0;0;0;0;0;0;0;0;3;0;1;0;1;0;1;1;0;0;1;0;0;1;0;0;0
07277;Saint-Michel-de-Boulogne;84;07;0;0;0;0;0;0;0;0;0;0;0;0;0;0;0;0;0;0;0;0;0;0;0;0;1;0;1;0;0;0;0;0;0;0;0;0;0
07278;Saint-Michel-de-Chabrillanoux;84;07;0;0;0;0;0;0;0;0;0;0;0;0;0;0;0;0;0;0;0;1;0;0;0;0;2;2;3;1;0;1;0;0;0;2;0;0;0
07279;Saint-Montan;84;07;0;0;0;0;0;0;0;0;0;0;0;0;0;0;0;0;0;0;0;1;1;0;0;0;7;2;3;1;3;1;3;0;0;8;1;0;1
07280;Saint-Paul-le-Jeune;84;07;0;1;0;0;0;0;0;0;0;0;0;0;0;0;0;1;1;1;0;0;2;0;0;0;6;3;4;4;2;0;5;1;0;9;1;0;0
07281;Saint-Péray;84;07;0;0;0;0;0;0;0;0;0;0;1;0;0;0;0;5;2;1;0;0;8;1;1;2;16;12;15;6;14;5;15;2;0;24;4;1;14
07282;Saint-Pierre-de-Colombier;84;07;0;0;0;0;0;0;0;0;0;0;0;0;0;0;0;0;0;0;0;1;0;0;0;0;6;0;1;2;1;0;1;0;0;0;0;0;0
07283;Saint-Pierre-la-Roche;84;07;0;0;0;0;0;0;0;0;0;0;0;0;0;0;0;0;0;0;0;0;0;0;0;0;0;0;0;0;0;0;0;0;0;0;0;0;0
07284;Saint-Pierre-Saint-Jean;84;07;0;0;0;0;0;0;0;0;0;0;0;0;0;0;0;0;0;0;0;0;0;0;0;0;1;0;1;1;0;1;0;0;0;1;0;0;0
07285;Saint-Pierre-sur-Doux;84;07;0;0;0;0;0;0;0;0;0;0;0;0;0;0;0;0;0;0;0;0;0;0;0;0;0;0;0;0;0;0;0;0;0;0;0;0;0
07286;Saint-Pierreville;84;07;0;1;0;0;0;0;0;0;0;0;1;0;0;0;0;0;0;1;0;0;0;0;0;0;1;0;2;2;0;0;0;0;0;1;0;0;0
07287;Saint-Pons;84;07;0;0;0;0;0;0;0;0;0;0;0;0;0;0;0;0;0;0;0;0;0;0;0;0;1;2;1;1;2;0;0;0;0;0;0;0;0
07288;Saint-Priest;84;07;0;0;0;0;0;0;0;0;0;0;0;0;0;0;0;0;0;0;0;0;1;0;0;0;3;2;0;3;3;1;1;1;0;1;0;0;0
07289;Saint-Privat;84;07;0;0;0;0;0;0;0;0;0;0;0;0;0;0;0;0;0;1;0;0;4;0;0;0;4;7;2;2;0;0;2;0;0;1;0;0;1
07290;Saint-Prix;84;07;0;0;0;0;0;0;0;0;0;0;0;0;0;0;0;0;0;0;0;1;1;0;0;0;3;0;2;0;0;0;0;0;0;1;0;0;0
07291;Saint-Remèze;84;07;0;0;0;0;0;0;0;0;0;0;0;0;0;0;0;0;0;0;0;1;1;0;0;0;3;1;1;1;2;0;1;0;0;8;2;0;1
07292;Saint-Romain-d'Ay;84;07;0;0;0;0;0;0;0;0;0;0;0;0;0;0;0;0;0;0;0;1;0;0;0;0;2;2;2;1;3;0;2;0;0;2;0;0;2
07293;Saint-Romain-de-Lerps;84;07;0;0;0;0;0;0;0;0;0;0;0;0;0;0;0;0;0;0;0;0;1;0;0;0;1;1;6;0;1;0;1;0;0;1;0;0;0
07294;Saint-Sauveur-de-Cruzières;84;07;0;0;0;0;0;0;0;0;0;0;0;0;0;0;0;0;0;0;0;0;0;0;0;0;3;0;1;0;1;0;1;0;0;5;0;0;0
07295;Saint-Sauveur-de-Montagut;84;07;0;0;0;0;0;0;0;0;0;0;0;0;0;0;0;1;0;1;0;0;3;1;0;1;3;0;4;1;2;0;2;2;0;7;1;0;1
07296;Saint-Sernin;84;07;0;0;0;0;0;0;0;0;0;0;0;0;0;0;0;0;0;0;1;0;2;0;0;0;5;4;1;5;1;0;2;0;0;5;1;0;1
07297;Saint-Sylvestre;84;07;0;0;0;0;0;0;0;0;0;0;0;0;0;0;0;0;0;0;0;0;1;0;0;0;4;3;1;0;2;0;0;0;0;2;1;0;0
07298;Saint-Symphorien-sous-Chomérac;84;07;0;0;0;0;0;0;0;0;0;0;0;0;0;0;0;0;1;0;0;0;0;0;0;0;3;1;2;1;1;0;0;0;0;0;0;0;0
07299;Saint-Symphorien-de-Mahun;84;07;0;0;0;0;0;0;0;0;0;0;0;0;0;0;0;0;0;0;0;0;0;0;0;0;0;0;3;0;0;0;0;0;0;0;0;0;0
07300;Saint-Thomé;84;07;0;0;0;0;0;0;0;0;0;0;0;0;0;0;0;0;0;0;0;0;0;0;0;0;3;1;3;0;0;0;0;0;0;0;0;0;0
07301;Saint-Victor;84;07;0;0;0;0;0;0;0;0;0;0;0;0;0;0;0;0;0;0;0;1;1;0;0;0;0;1;3;1;2;0;1;0;0;2;0;0;1
07302;Saint-Vincent-de-Barrès;84;07;0;0;0;0;0;0;0;0;0;0;0;0;0;0;0;0;0;0;0;0;0;0;0;0;2;0;2;2;0;0;1;0;0;1;0;0;1
07303;Saint-Vincent-de-Durfort;84;07;0;0;0;0;0;0;0;0;0;0;0;0;0;0;0;0;0;0;0;0;0;0;0;0;0;0;1;0;0;0;0;0;0;2;0;0;0
07304;Salavas;84;07;0;0;0;0;0;0;0;0;0;0;0;0;0;0;0;0;0;0;0;0;2;0;0;0;4;2;0;1;0;0;0;0;0;8;1;0;0
07305;Les Salelles;84;07;0;0;0;0;0;0;0;0;0;0;0;0;0;0;0;0;0;0;0;0;0;0;0;0;4;2;1;2;0;0;0;0;0;0;1;0;0
07306;Sampzon;84;07;0;0;0;0;0;0;0;0;0;0;0;0;0;0;0;0;0;0;0;0;0;0;0;0;1;0;0;0;0;0;0;0;0;1;0;0;0
07307;Sanilhac;84;07;0;0;0;0;0;0;0;0;0;0;0;0;0;0;0;0;0;0;0;0;2;0;0;0;2;0;0;0;0;0;0;0;0;3;0;1;1
07308;Sarras;84;07;0;0;0;0;0;0;0;0;0;0;0;0;0;0;0;1;0;1;0;0;4;1;0;0;2;7;6;1;0;1;3;0;0;7;2;0;2
07309;Satillieu;84;07;0;1;0;0;0;0;0;0;0;0;0;0;0;0;0;3;0;1;0;0;3;0;0;1;2;1;3;1;0;0;3;0;0;8;0;0;2
07310;Savas;84;07;0;0;0;0;0;0;0;0;0;0;0;0;0;0;0;0;0;0;0;0;1;0;0;0;0;2;0;0;1;0;0;0;0;1;0;0;0
07311;Sceautres;84;07;0;0;0;0;0;0;0;0;0;0;0;0;0;0;0;0;0;0;0;0;0;0;0;0;0;0;0;0;2;0;0;0;0;0;0;0;0
07312;Sécheras;84;07;0;0;0;0;0;0;0;0;0;0;0;0;0;0;0;0;0;0;0;0;0;0;0;0;2;0;0;1;0;1;0;0;0;0;1;0;0
07313;Serrières;84;07;0;1;0;0;0;0;0;0;0;0;1;0;0;0;0;4;1;1;0;0;2;0;0;1;4;2;2;4;1;0;6;0;0;4;2;1;2
07314;Silhac;84;07;0;0;0;0;0;0;0;0;0;0;0;0;0;0;0;0;0;0;0;0;0;0;0;0;2;0;1;0;1;0;0;0;0;0;0;0;0
07315;La Souche;84;07;0;0;0;0;0;0;0;0;0;0;0;0;0;0;0;0;0;0;0;1;0;0;0;0;1;0;0;1;3;0;0;0;0;3;0;0;0
07316;Soyons;84;07;0;0;0;0;0;0;0;0;0;0;0;0;0;0;0;0;0;0;0;1;5;0;0;0;10;3;2;3;3;1;2;0;0;6;1;0;0
07317;Talencieux;84;07;0;0;0;0;0;0;0;0;0;0;0;0;0;0;0;0;0;0;0;0;0;0;0;0;0;3;1;0;0;0;1;0;0;0;0;0;0
07318;Tauriers;84;07;0;0;0;0;0;0;0;0;0;0;0;0;0;0;0;0;0;0;0;0;0;0;0;0;2;0;2;0;0;0;0;0;0;0;0;0;0
07319;Le Teil;84;07;1;1;0;0;0;0;0;0;0;0;2;0;0;0;0;8;2;1;0;0;13;2;0;5;15;21;15;14;11;1;22;1;1;24;6;0;5
07321;Thorrenc;84;07;0;0;0;0;0;0;0;0;0;0;0;0;0;0;0;0;0;0;0;0;0;0;0;0;1;1;0;0;1;0;0;0;0;1;0;0;0
07322;Thueyts;84;07;0;1;0;0;0;0;0;0;0;0;1;0;0;0;0;1;0;1;0;0;5;0;0;0;2;2;3;1;4;0;3;0;0;8;0;0;0
07323;Toulaud;84;07;0;0;0;0;0;0;0;0;0;0;0;0;0;0;0;0;0;0;0;1;1;1;0;0;9;5;2;2;0;0;1;0;0;1;1;0;0
07324;Tournon-sur-Rhône;84;07;1;1;0;0;0;0;0;0;0;0;3;1;0;0;0;10;2;1;0;0;15;1;0;4;14;21;12;10;11;1;22;1;3;52;11;5;8
07325;Ucel;84;07;0;0;0;0;0;0;0;0;0;0;0;0;0;0;0;0;0;0;0;1;3;0;0;0;5;1;4;4;2;0;1;0;0;5;1;0;0
07326;Usclades-et-Rieutord;84;07;0;0;0;0;0;0;0;0;0;0;0;0;0;0;0;0;0;0;0;1;0;0;0;0;0;1;0;0;0;0;0;0;0;0;0;0;0
07327;Uzer;84;07;0;0;0;0;0;0;0;0;0;0;0;0;0;0;0;0;0;0;0;1;2;0;0;0;1;0;0;1;0;0;1;0;0;1;0;0;0
07328;Vagnas;84;07;0;0;0;0;0;0;0;0;0;0;0;0;0;0;0;0;0;0;1;0;0;0;0;0;6;2;0;1;0;0;1;0;0;1;2;0;0
07329;Valgorge;84;07;0;1;0;0;0;0;0;0;0;0;0;0;0;0;0;0;0;1;0;0;1;0;0;0;4;0;0;1;0;0;1;0;0;0;0;0;0
07330;Vallon-Pont-d'Arc;84;07;0;1;0;0;0;0;0;0;0;0;1;0;0;0;0;4;0;1;0;0;5;0;1;1;10;3;2;2;5;1;5;1;0;78;4;0;2
07331;Vals-les-Bains;84;07;0;0;0;0;0;0;0;0;0;0;0;0;0;0;0;3;1;1;0;0;6;0;0;2;13;4;8;6;3;3;11;0;0;25;2;1;3
07332;Valvignères;84;07;0;0;0;0;0;0;0;0;0;0;0;0;0;0;0;0;0;0;0;0;2;0;0;0;1;2;0;2;0;0;2;0;0;1;0;0;1
07333;Vanosc;84;07;0;0;0;0;0;0;0;0;0;0;0;0;0;0;0;0;0;0;0;1;0;0;0;0;1;0;4;1;1;0;0;0;0;1;0;0;0
07334;Les Vans;84;07;0;1;0;0;0;0;0;0;0;0;1;0;0;0;0;4;1;1;0;0;5;0;0;1;11;11;8;5;6;1;10;1;0;37;7;1;3
07335;Vaudevant;84;07;0;0;0;0;0;0;0;0;0;0;0;0;0;0;0;0;0;0;0;0;0;0;0;0;0;0;0;0;0;0;0;0;0;2;0;0;1
07336;Vernon;84;07;0;0;0;0;0;0;0;0;0;0;0;0;0;0;0;0;0;0;0;0;0;0;0;0;3;1;0;0;0;0;0;0;0;0;0;0;0
07337;Vernosc-lès-Annonay;84;07;0;0;0;0;0;0;0;0;0;0;0;0;0;0;0;0;0;1;0;0;1;0;0;1;6;4;5;3;3;0;2;0;0;4;0;0;1
07338;Vernoux-en-Vivarais;84;07;0;1;0;0;0;0;0;0;0;0;0;0;0;0;0;2;0;1;0;0;6;1;0;1;8;3;11;1;2;0;5;2;0;8;4;1;1
07339;Vesseaux;84;07;0;0;0;0;0;0;0;0;0;0;0;0;0;0;0;0;1;0;0;1;4;0;0;0;8;4;3;2;3;1;2;0;0;3;1;0;0
07340;Veyras;84;07;0;0;0;0;0;0;0;0;0;0;0;0;0;0;0;0;0;0;0;0;4;0;0;0;4;6;2;0;1;0;3;0;0;1;0;0;2
07341;Villeneuve-de-Berg;84;07;0;1;0;0;0;0;0;0;0;0;1;0;0;0;0;2;2;1;0;0;3;1;0;2;8;4;3;4;4;1;5;1;0;9;3;0;2
07342;Villevocance;84;07;0;0;0;0;0;0;0;0;0;0;0;0;0;0;0;0;0;0;0;1;0;0;0;0;3;0;3;1;0;0;3;0;0;2;0;0;1
07343;Vinezac;84;07;0;0;0;0;0;0;0;0;0;0;0;0;0;0;0;0;0;0;0;1;3;1;0;0;6;3;2;0;4;0;1;0;0;5;0;0;0
07344;Vinzieux;84;07;0;0;0;0;0;0;0;0;0;0;0;0;0;0;0;0;0;0;0;0;0;0;0;0;1;2;0;1;0;0;0;0;0;0;1;0;0
07345;Vion;84;07;0;0;0;0;0;0;0;0;0;0;0;0;0;0;0;0;0;0;0;1;2;0;0;0;1;4;1;3;1;0;1;0;0;1;0;0;1
07346;Viviers;84;07;0;1;0;0;0;0;0;0;0;0;0;0;0;0;0;2;1;1;0;0;5;0;0;1;12;3;5;8;3;1;6;1;0;14;1;1;7
07347;Vocance;84;07;0;0;0;0;0;0;0;0;0;0;0;0;0;0;0;0;0;0;0;1;1;0;0;0;3;1;0;0;2;0;0;0;0;1;0;0;0
07348;Vogüé;84;07;0;0;0;0;0;0;0;0;0;0;0;0;0;0;0;0;0;0;0;1;3;0;0;1;5;1;1;2;2;0;2;0;0;16;0;0;3
07349;La Voulte-sur-Rhône;84;07;0;1;0;0;0;0;0;0;0;0;0;0;1;0;0;5;2;1;0;0;7;1;0;3;9;9;7;6;4;1;10;1;0;13;3;2;5
08001;Acy-Romance;44;08;0;0;0;0;0;0;0;0;0;0;0;0;0;0;0;0;0;0;0;0;1;0;0;0;0;2;0;1;0;0;0;0;0;0;0;0;1
08003;Aiglemont;44;08;0;0;0;0;0;0;0;0;0;0;0;0;0;0;0;0;0;0;0;1;1;0;0;0;2;5;2;5;1;0;2;1;0;0;0;0;0
08004;Aire;44;08;0;0;0;0;0;0;0;0;0;0;0;0;0;0;0;0;0;0;0;0;1;0;0;0;0;0;3;1;0;0;1;0;0;1;0;0;0
08005;Alincourt;44;08;0;0;0;0;0;0;0;0;0;0;0;0;0;0;0;0;0;0;0;0;0;0;0;0;0;0;0;0;0;0;0;0;0;0;0;0;1
08006;Alland'Huy-et-Sausseuil;44;08;0;0;0;0;0;0;0;0;0;0;0;0;0;0;0;0;0;0;0;0;0;0;0;0;1;0;1;1;1;0;1;0;0;0;0;0;0
08008;Amagne;44;08;0;0;0;0;0;0;0;0;0;0;0;0;0;0;0;0;0;0;0;1;0;0;0;0;2;1;1;2;0;0;1;0;0;1;0;0;2
08010;Ambly-Fleury;44;08;0;0;0;0;0;0;0;0;0;0;0;0;0;0;0;0;0;0;0;0;0;0;0;0;0;0;0;0;0;0;0;0;0;0;0;0;0
08011;Anchamps;44;08;0;0;0;0;0;0;0;0;0;0;0;0;0;0;0;0;0;0;0;0;0;0;0;0;0;0;0;0;0;0;0;0;0;0;0;0;0
08013;Angecourt;44;08;0;0;0;0;0;0;0;0;0;0;0;0;0;0;0;0;0;0;0;0;1;0;0;0;0;1;0;0;0;0;0;0;0;1;0;0;2
08014;Annelles;44;08;0;0;0;0;0;0;0;0;0;0;0;0;0;0;0;0;0;0;0;0;0;0;0;0;0;1;1;0;0;0;0;0;0;0;0;0;0
08015;Antheny;44;08;0;0;0;0;0;0;0;0;0;0;0;0;0;0;0;0;0;0;0;0;0;0;0;0;0;0;1;0;0;1;0;0;0;0;0;0;0
08016;Aouste;44;08;0;0;0;0;0;0;0;0;0;0;0;0;0;0;0;0;0;0;0;1;0;0;0;0;0;1;0;2;0;0;0;0;0;0;0;0;0
08017;Apremont;44;08;0;0;0;0;0;0;0;0;0;0;0;0;0;0;0;0;0;0;0;0;1;0;0;0;0;0;1;0;0;0;0;0;0;0;0;0;0
08018;Ardeuil-et-Montfauxelles;44;08;0;0;0;0;0;0;0;0;0;0;0;0;0;0;0;0;0;0;0;0;0;0;0;0;1;0;0;0;0;0;0;0;0;0;0;0;0
08019;Les Grandes-Armoises;44;08;0;0;0;0;0;0;0;0;0;0;0;0;0;0;0;0;0;0;0;0;0;0;0;0;0;0;0;0;0;0;0;0;0;0;0;0;0
08020;Les Petites-Armoises;44;08;0;0;0;0;0;0;0;0;0;0;0;0;0;0;0;0;0;0;0;0;0;0;0;0;1;0;0;0;0;0;0;0;0;1;0;0;0
08021;Arnicourt;44;08;0;0;0;0;0;0;0;0;0;0;0;0;0;0;0;0;0;0;0;0;1;0;0;0;0;0;0;0;0;0;0;0;0;0;0;0;0
08022;Arreux;44;08;0;0;0;0;0;0;0;0;0;0;0;0;0;0;0;0;0;0;0;0;1;0;0;0;1;1;2;0;0;0;0;0;0;0;0;0;1
08023;Artaise-le-Vivier;44;08;0;0;0;0;0;0;0;0;0;0;0;0;0;0;0;0;0;0;0;0;0;0;0;0;0;0;0;0;0;0;0;0;0;0;0;0;0
08024;Asfeld;44;08;0;1;0;0;0;0;0;0;0;0;1;0;1;0;0;1;1;1;0;0;4;0;0;1;1;3;1;2;0;0;2;0;0;0;0;0;0
08025;Attigny;44;08;0;1;0;0;0;0;0;0;0;0;1;0;0;0;0;1;0;1;0;0;3;0;0;1;4;3;3;1;1;0;3;0;0;6;0;0;1
08026;Aubigny-les-Pothées;44;08;0;0;0;0;0;0;0;0;0;0;0;0;0;0;0;0;0;0;0;1;0;0;0;0;1;0;1;0;1;0;2;0;0;0;0;0;0
08027;Auboncourt-Vauzelles;44;08;0;0;0;0;0;0;0;0;0;0;0;0;0;0;0;0;0;0;0;0;0;0;0;0;0;0;0;1;0;0;0;0;0;0;0;0;0
08028;Aubrives;44;08;0;0;0;0;0;0;0;0;0;0;0;0;0;0;0;0;0;0;0;1;0;0;0;0;0;0;0;2;1;0;2;0;0;1;0;0;0
08029;Auflance;44;08;0;0;0;0;0;0;0;0;0;0;0;0;0;0;0;0;0;0;0;0;0;0;0;0;1;0;0;0;0;0;0;0;0;0;0;0;0
08030;Auge;44;08;0;0;0;0;0;0;0;0;0;0;0;0;0;0;0;0;0;0;0;0;0;0;0;0;0;1;0;0;0;0;0;0;0;1;0;0;0
08031;Aure;44;08;0;0;0;0;0;0;0;0;0;0;0;0;0;0;0;0;0;0;0;0;0;0;0;0;0;0;0;0;0;0;0;0;0;0;0;0;0
08032;Aussonce;44;08;0;0;0;0;0;0;0;0;0;0;0;0;0;0;0;0;0;0;0;0;1;0;0;0;1;0;0;0;0;0;0;0;0;0;0;0;0
08033;Authe;44;08;0;0;0;0;0;0;0;0;0;0;0;0;0;0;0;0;0;0;0;0;0;0;0;0;1;0;1;0;0;0;0;0;0;0;0;0;0
08034;Autrecourt-et-Pourron;44;08;0;0;0;0;0;0;0;0;0;0;0;0;0;0;0;0;0;0;0;1;0;0;0;0;0;1;0;0;1;0;0;0;0;0;0;0;0
08035;Autruche;44;08;0;0;0;0;0;0;0;0;0;0;0;0;0;0;0;0;0;0;0;0;0;0;0;0;0;0;0;1;0;0;0;0;0;0;0;0;0
08036;Autry;44;08;0;0;0;0;0;0;0;0;0;0;0;0;0;0;0;0;0;0;0;0;0;0;0;0;0;0;0;0;1;0;0;0;0;0;0;0;0
08037;Auvillers-les-Forges;44;08;0;0;0;0;0;0;0;0;0;0;0;0;0;0;0;1;1;0;0;1;4;0;0;0;2;0;2;1;0;0;1;4;0;0;0;0;0
08038;Avançon;44;08;0;0;0;0;0;0;0;0;0;0;0;0;0;0;0;0;0;0;0;0;0;0;0;0;1;1;0;1;0;0;0;0;0;1;0;0;0
08039;Avaux;44;08;0;0;0;0;0;0;0;0;0;0;0;0;0;0;0;0;0;0;0;0;1;0;0;0;1;1;1;0;1;0;0;0;0;1;0;0;1
08040;Les Ayvelles;44;08;0;0;0;0;0;0;0;0;0;0;0;0;0;0;0;0;0;0;0;0;2;0;0;1;1;1;0;2;2;0;1;1;0;2;0;0;0
08041;Baâlons;44;08;0;0;0;0;0;0;0;0;0;0;0;0;0;0;0;0;0;0;0;0;0;0;0;0;1;1;0;0;0;0;1;0;0;0;0;0;1
08042;Balaives-et-Butz;44;08;0;0;0;0;0;0;0;0;0;0;0;0;0;0;0;0;0;0;0;0;0;0;0;0;2;0;1;2;0;0;2;0;0;0;0;0;0
08043;Balan;44;08;0;0;0;0;0;0;0;0;0;0;0;0;0;0;0;0;0;0;0;1;2;0;0;0;4;4;2;1;2;1;5;0;0;1;0;0;3
08044;Balham;44;08;0;0;0;0;0;0;0;0;0;0;0;0;0;0;0;0;0;0;0;0;0;0;0;0;0;2;0;0;0;0;0;0;0;0;0;0;0
08045;Ballay;44;08;0;0;0;0;0;0;0;0;0;0;0;0;0;0;0;0;0;0;0;0;0;0;0;0;0;0;0;0;1;0;1;0;0;1;0;0;0
08046;Banogne-Recouvrance;44;08;0;0;0;0;0;0;0;0;0;0;0;0;0;0;0;0;0;0;0;0;0;0;0;0;0;1;0;0;0;0;0;0;0;0;0;0;0
08047;Barbaise;44;08;0;0;0;0;0;0;0;0;0;0;0;0;0;0;0;0;0;0;0;0;0;0;0;0;0;0;1;0;0;0;0;0;0;0;0;0;0
08048;Barby;44;08;0;0;0;0;0;0;0;0;0;0;0;0;0;0;0;0;0;0;0;0;0;0;0;0;0;1;1;0;0;0;0;0;0;0;0;0;0
08049;Bar-lès-Buzancy;44;08;0;0;0;0;0;0;0;0;0;0;0;0;0;0;0;0;0;0;0;0;1;0;0;0;0;1;0;0;0;0;0;0;0;0;0;0;0
08052;Bayonville;44;08;0;0;0;0;0;0;0;0;0;0;0;0;0;0;0;0;0;0;0;0;0;0;0;0;2;0;0;0;0;0;0;0;0;0;0;0;1
08053;Bazeilles;44;08;0;0;0;0;0;0;0;0;0;0;0;0;0;0;0;0;0;1;0;0;4;0;0;1;4;2;2;6;1;1;3;1;0;9;0;0;1
08055;Beaumont-en-Argonne;44;08;0;0;0;0;0;0;0;0;0;0;0;0;0;0;0;0;0;0;1;0;1;0;0;0;1;2;0;1;1;0;0;0;0;0;0;0;1
08056;Beffu-et-le-Morthomme;44;08;0;0;0;0;0;0;0;0;0;0;0;0;0;0;0;0;0;0;0;0;0;0;0;0;1;0;0;0;0;0;0;0;0;1;0;0;0
08057;Belleville-et-Châtillon-sur-Bar;44;08;0;0;0;0;0;0;0;0;0;0;0;0;0;0;0;0;0;0;0;0;0;0;0;0;0;0;0;1;0;0;0;0;0;0;0;0;0
08058;Belval;44;08;0;0;0;0;0;0;0;0;0;0;0;0;0;0;0;0;0;0;0;0;0;0;0;0;0;2;0;1;1;1;0;0;0;0;0;0;1
08059;Belval-Bois-des-Dames;44;08;0;0;0;0;0;0;0;0;0;0;0;0;0;0;0;0;0;0;0;0;0;0;0;0;0;0;0;0;0;0;0;0;0;0;0;0;0
08060;Bergnicourt;44;08;0;0;0;0;0;0;0;0;0;0;0;0;0;0;0;0;0;0;0;0;0;0;0;0;0;0;1;1;1;0;0;0;0;0;0;0;0
08061;La Berlière;44;08;0;0;0;0;0;0;0;0;0;0;0;0;0;0;0;0;0;0;0;0;0;0;0;0;0;0;0;0;0;0;0;0;0;0;0;0;0
08062;Bertoncourt;44;08;0;0;0;0;0;0;0;0;0;0;0;0;0;0;0;0;0;0;0;0;0;0;0;0;0;1;1;2;1;0;0;0;0;0;0;0;0
08063;La Besace;44;08;0;0;0;0;0;0;0;0;0;0;0;0;0;0;0;0;0;0;0;0;0;0;0;0;0;0;0;0;1;0;0;0;0;0;0;0;0
08064;Biermes;44;08;0;0;0;0;0;0;0;0;0;0;0;0;0;0;0;0;0;0;0;0;0;0;0;0;0;0;0;2;0;0;0;1;0;0;0;0;0
08065;Bièvres;44;08;0;0;0;0;0;0;0;0;0;0;0;0;0;0;0;0;0;0;0;0;0;0;0;0;0;0;0;0;0;0;0;0;0;0;0;0;0
08066;Bignicourt;44;08;0;0;0;0;0;0;0;0;0;0;0;0;0;0;0;0;0;0;0;0;0;0;0;0;0;0;0;0;0;0;0;0;0;0;0;0;0
08067;Blagny;44;08;0;0;0;0;0;0;0;0;0;0;0;0;0;0;0;0;0;0;1;0;2;1;0;0;4;0;2;0;1;0;2;2;0;2;0;0;1
08069;Blanchefosse-et-Bay;44;08;0;0;0;0;0;0;0;0;0;0;0;0;0;0;0;0;0;0;0;0;2;0;0;0;1;1;0;0;0;0;0;0;0;0;2;0;0
08070;Blanzy-la-Salonnaise;44;08;0;0;0;0;0;0;0;0;0;0;0;0;0;0;0;0;0;0;0;0;0;0;0;0;1;1;0;1;0;0;0;0;0;0;1;0;0
08071;Blombay;44;08;0;0;0;0;0;0;0;0;0;0;0;0;0;0;0;0;0;0;0;0;0;0;0;0;1;0;0;0;0;0;0;0;0;1;0;0;0
08072;Bosseval-et-Briancourt;44;08;0;0;0;0;0;0;0;0;0;0;0;0;0;0;0;0;0;0;0;0;0;0;0;0;0;0;1;0;1;0;0;0;0;0;1;0;1
08073;Bossus-lès-Rumigny;44;08;0;0;0;0;0;0;0;0;0;0;0;0;0;0;0;0;0;0;0;0;0;0;0;0;0;0;0;1;0;0;1;0;0;0;0;0;0
08074;Bouconville;44;08;0;0;0;0;0;0;0;0;0;0;0;0;0;0;0;0;0;0;0;0;0;0;0;0;0;0;0;2;0;0;0;0;0;0;0;0;0
08075;Boult-aux-Bois;44;08;0;0;0;0;0;0;0;0;0;0;0;0;0;0;0;0;0;0;0;0;0;0;0;0;0;0;1;0;0;0;0;0;0;2;0;0;0
08076;Boulzicourt;44;08;0;0;0;0;0;0;0;0;0;0;0;0;0;0;0;0;1;0;0;1;1;0;0;0;0;3;1;0;1;0;1;0;0;0;0;0;1
08077;Bourcq;44;08;0;0;0;0;0;0;0;0;0;0;0;0;0;0;0;0;0;0;0;0;1;0;0;0;0;0;0;0;0;0;0;0;0;0;0;0;0
08078;Bourg-Fidèle;44;08;0;0;0;0;0;0;0;0;0;0;0;0;0;0;0;0;0;0;1;0;1;0;0;0;2;1;0;3;2;0;1;0;0;1;0;0;2
08079;Boutancourt;44;08;0;0;0;0;0;0;0;0;0;0;0;0;0;0;0;0;0;0;0;0;0;0;0;0;1;0;1;1;0;0;0;0;0;0;0;0;0
08080;Bouvellemont;44;08;0;0;0;0;0;0;0;0;0;0;0;0;0;0;0;0;0;0;0;0;0;0;0;0;0;0;0;0;0;0;0;0;0;0;0;0;0
08081;Bogny-sur-Meuse;44;08;0;0;0;0;0;0;0;0;0;0;0;0;1;0;0;1;2;2;0;0;2;1;0;2;10;8;2;9;2;1;7;0;0;10;1;0;3
08082;Brécy-Brières;44;08;0;0;0;0;0;0;0;0;0;0;0;0;0;0;0;0;0;0;0;0;0;0;0;0;0;0;0;0;0;0;0;0;0;0;0;0;0
08083;Brévilly;44;08;0;0;0;0;0;0;0;0;0;0;0;0;0;0;0;0;0;0;0;0;0;0;0;0;1;0;2;0;0;0;0;0;0;0;0;0;0
08084;Brienne-sur-Aisne;44;08;0;0;0;0;0;0;0;0;0;0;0;0;0;0;0;0;0;0;0;0;0;0;0;0;0;1;1;0;0;0;0;0;0;0;0;0;0
08085;Brieulles-sur-Bar;44;08;0;0;0;0;0;0;0;0;0;0;0;0;0;0;0;0;0;0;0;0;0;0;0;0;0;0;1;0;1;0;0;0;0;1;0;0;0
08086;Briquenay;44;08;0;0;0;0;0;0;0;0;0;0;0;0;0;0;0;0;0;0;0;0;0;0;0;0;0;0;0;0;0;0;0;0;0;0;0;0;0
08087;Brognon;44;08;0;0;0;0;0;0;0;0;0;0;0;0;0;0;0;0;0;0;0;0;0;0;0;0;1;0;0;1;0;0;0;0;0;0;0;0;0
08088;Bulson;44;08;0;0;0;0;0;0;0;0;0;0;0;0;0;0;0;0;0;0;0;0;0;0;0;0;0;0;0;0;0;0;0;0;0;0;0;0;0
08089;Buzancy;44;08;0;1;0;0;0;0;0;0;0;0;1;0;0;0;0;0;0;0;1;0;1;0;0;0;0;0;0;2;0;1;1;2;0;1;0;0;0
08090;Carignan;44;08;0;1;0;0;0;0;0;0;0;0;1;0;1;0;0;2;1;1;0;0;3;1;0;2;2;2;0;1;2;0;4;1;0;9;2;0;1
08092;Cauroy;44;08;0;0;0;0;0;0;0;0;0;0;0;0;0;0;0;0;0;0;0;0;0;0;0;0;0;1;0;0;0;0;0;0;0;0;0;0;0
08094;Cernion;44;08;0;0;0;0;0;0;0;0;0;0;0;0;0;0;0;0;0;0;0;0;0;0;0;0;0;0;0;0;0;0;1;0;0;0;0;0;0
08095;Chagny;44;08;0;0;0;0;0;0;0;0;0;0;0;0;0;0;0;0;0;0;0;0;0;0;0;0;0;0;1;1;0;0;0;0;0;0;0;0;0
08096;Chalandry-Elaire;44;08;0;0;0;0;0;0;0;0;0;0;0;0;0;0;0;0;0;0;0;0;1;0;0;0;2;4;0;2;2;0;2;0;0;0;0;0;1
08097;Challerange;44;08;0;0;0;0;0;0;0;0;0;0;0;0;0;0;0;0;0;0;1;0;0;0;0;0;3;0;0;1;0;0;0;0;0;0;0;0;0
08098;Champigneulle;44;08;0;0;0;0;0;0;0;0;0;0;0;0;0;0;0;0;0;0;0;0;0;0;0;0;0;0;0;0;0;0;0;0;0;0;0;0;0
08099;Champigneul-sur-Vence;44;08;0;0;0;0;0;0;0;0;0;0;0;0;0;0;0;0;0;0;0;0;0;0;0;0;0;0;1;1;0;0;0;0;0;0;1;0;1
08100;Champlin;44;08;0;0;0;0;0;0;0;0;0;0;0;0;0;0;0;0;0;0;0;0;1;0;0;0;0;0;0;0;0;0;0;0;0;0;0;0;0
08101;La Chapelle;44;08;0;0;0;0;0;0;0;0;0;0;0;0;0;0;0;0;0;0;0;0;0;0;0;0;0;0;0;1;0;0;0;0;0;0;0;0;0
08102;Chappes;44;08;0;0;0;0;0;0;0;0;0;0;0;0;0;0;0;0;0;0;0;0;0;0;0;0;0;0;1;0;0;0;0;0;0;0;0;0;0
08103;Charbogne;44;08;0;0;0;0;0;0;0;0;0;0;0;0;0;0;0;0;0;0;0;0;0;0;0;0;1;1;0;0;0;0;0;0;0;1;0;0;2
08104;Chardeny;44;08;0;0;0;0;0;0;0;0;0;0;0;0;0;0;0;0;0;0;0;0;0;0;0;0;0;0;0;0;0;0;0;0;0;0;0;0;0
08105;Charleville-Mézières;44;08;1;1;0;1;1;1;0;1;0;0;13;2;0;1;0;34;5;6;0;0;47;7;11;17;39;48;41;67;31;14;73;9;13;196;40;8;32
08106;Charnois;44;08;0;0;0;0;0;0;0;0;0;0;0;0;0;0;0;0;0;0;0;0;0;0;0;0;0;0;1;0;0;0;0;0;0;0;0;0;1
08107;Château-Porcien;44;08;0;1;0;0;0;0;0;0;0;0;0;0;1;0;0;1;0;1;0;0;4;1;0;1;4;1;3;4;3;0;2;0;0;2;0;0;0
08109;Chatel-Chéhéry;44;08;0;0;0;0;0;0;0;0;0;0;0;0;0;0;0;0;0;0;0;0;1;0;0;0;0;0;1;1;0;0;0;0;0;0;0;0;0
08110;Le Châtelet-sur-Sormonne;44;08;0;0;0;0;0;0;0;0;0;0;0;0;0;0;0;0;0;0;0;0;0;0;0;0;0;2;0;2;0;0;0;0;0;0;0;0;0
08111;Le Châtelet-sur-Retourne;44;08;0;0;0;0;0;0;0;0;0;0;0;0;0;0;0;0;0;0;0;0;2;0;1;0;3;1;1;1;0;0;1;0;0;1;0;0;0
08113;Chaumont-Porcien;44;08;0;1;0;0;0;0;0;0;0;0;0;0;0;0;0;1;0;1;0;0;1;0;0;0;0;1;1;0;0;0;1;3;0;1;0;0;0
08115;Chémery-Chéhéry;44;08;0;0;0;0;0;0;0;0;0;0;0;0;0;0;0;0;0;0;0;1;3;0;0;0;0;1;1;1;0;0;2;5;0;1;0;0;1
08116;Bairon et ses environs;44;08;0;1;0;0;0;0;0;0;0;0;1;0;0;0;0;1;0;1;0;0;3;1;0;1;4;3;1;6;1;0;4;1;0;4;0;0;1
08117;Chesnois-Auboncourt;44;08;0;0;0;0;0;0;0;0;0;0;0;0;0;0;0;0;0;0;0;0;1;0;0;0;0;0;2;0;0;0;0;0;0;0;0;0;0
08119;Cheveuges;44;08;0;0;0;0;0;0;0;0;0;0;0;0;0;0;0;0;0;0;0;0;0;0;0;0;0;0;1;1;0;0;0;0;0;0;0;0;1
08120;Chevières;44;08;0;0;0;0;0;0;0;0;0;0;0;0;0;0;0;0;0;0;0;0;0;0;0;0;0;0;0;1;0;0;0;0;0;0;0;0;0
08121;Chilly;44;08;0;0;0;0;0;0;0;0;0;0;0;0;0;0;0;0;0;0;0;0;0;0;0;0;1;0;1;0;0;0;0;0;0;0;0;0;0
08122;Chooz;44;08;0;0;0;0;0;0;0;0;0;0;0;0;0;0;0;0;0;0;0;1;2;0;0;0;2;1;1;1;1;0;6;0;0;2;0;0;2
08123;Chuffilly-Roche;44;08;0;0;0;0;0;0;0;0;0;0;0;0;0;0;0;0;0;0;0;0;0;0;0;0;1;0;0;0;0;0;0;0;0;1;0;0;0
08124;Clavy-Warby;44;08;0;0;0;0;0;0;0;0;0;0;0;0;0;0;0;0;0;0;0;0;0;0;0;0;2;0;0;0;1;0;0;0;0;0;0;0;0
08125;Cliron;44;08;0;0;0;0;0;0;0;0;0;0;0;0;0;0;0;0;0;0;0;0;1;0;0;0;0;1;0;1;0;0;0;0;0;0;0;0;1
08126;Condé-lès-Herpy;44;08;0;0;0;0;0;0;0;0;0;0;0;0;0;0;0;0;0;0;0;0;0;0;0;0;0;0;0;2;0;0;0;0;0;0;1;0;0
08128;Condé-lès-Autry;44;08;0;0;0;0;0;0;0;0;0;0;0;0;0;0;0;0;0;0;0;0;0;0;0;0;1;0;0;0;0;0;1;0;0;0;0;0;1
08130;Contreuve;44;08;0;0;0;0;0;0;0;0;0;0;0;0;0;0;0;0;0;0;0;0;0;0;0;0;0;0;1;0;0;0;0;0;0;0;0;0;0
08131;Cornay;44;08;0;0;0;0;0;0;0;0;0;0;0;0;0;0;0;0;0;0;0;0;0;0;0;0;0;1;0;0;0;0;0;0;0;0;0;0;0
08132;Corny-Machéroménil;44;08;0;0;0;0;0;0;0;0;0;0;0;0;0;0;0;0;0;0;0;0;0;0;0;0;0;0;0;1;1;0;0;0;0;0;1;0;1
08133;Coucy;44;08;0;0;0;0;0;0;0;0;0;0;0;0;0;0;0;0;0;0;0;0;1;0;0;0;0;2;1;1;1;0;1;0;0;1;0;0;2
08134;Coulommes-et-Marqueny;44;08;0;0;0;0;0;0;0;0;0;0;0;0;0;0;0;0;0;0;0;0;1;0;0;0;0;0;0;1;0;0;0;0;0;0;0;0;0
08135;La Croix-aux-Bois;44;08;0;0;0;0;0;0;0;0;0;0;0;0;0;0;0;0;0;0;0;0;1;0;0;0;0;0;0;1;0;0;0;0;0;0;0;0;0
08136;Daigny;44;08;0;0;0;0;0;0;0;0;0;0;0;0;0;0;0;0;0;0;0;0;1;0;0;0;0;2;0;0;1;1;1;0;0;0;1;0;0
08137;Damouzy;44;08;0;0;0;0;0;0;0;0;0;0;0;0;0;0;0;0;0;0;0;0;2;0;0;0;1;0;0;2;0;0;0;0;0;0;0;0;0
08138;Les Deux-Villes;44;08;0;0;0;0;0;0;0;0;0;0;0;0;0;0;0;0;0;0;0;0;0;0;0;0;0;0;0;0;0;0;0;0;0;0;0;0;1
08139;Deville;44;08;0;0;0;0;0;0;0;0;0;0;0;0;0;0;0;0;0;0;0;1;4;0;0;0;1;0;1;2;1;0;3;0;0;1;0;0;0
08140;Dom-le-Mesnil;44;08;0;0;0;0;0;0;0;0;0;0;0;0;0;0;0;0;1;0;0;1;0;0;0;0;1;3;2;2;0;0;2;0;0;1;0;0;0
08141;Dommery;44;08;0;0;0;0;0;0;0;0;0;0;0;0;0;0;0;0;0;0;0;0;0;0;0;0;1;1;0;0;0;0;0;0;0;0;0;0;0
08142;Donchery;44;08;0;0;0;0;0;0;0;0;0;0;0;0;0;0;0;0;0;1;0;0;5;0;0;2;4;1;0;6;5;0;5;0;0;3;1;0;0
08143;Doumely-Bégny;44;08;0;0;0;0;0;0;0;0;0;0;0;0;0;0;0;0;0;0;0;0;0;0;0;0;0;0;0;0;0;0;0;0;0;0;0;0;0
08144;Doux;44;08;0;0;0;0;0;0;0;0;0;0;0;0;0;0;0;0;0;0;0;0;0;0;0;0;0;0;0;0;0;0;0;0;0;0;0;0;0
08145;Douzy;44;08;0;1;0;0;0;0;0;0;0;0;0;0;0;0;0;0;2;1;0;0;3;1;0;1;1;3;3;5;0;0;3;0;0;3;0;0;1
08146;Draize;44;08;0;0;0;0;0;0;0;0;0;0;0;0;0;0;0;0;0;0;0;0;0;0;0;0;0;0;0;1;0;0;0;0;0;0;1;0;0
08147;Dricourt;44;08;0;0;0;0;0;0;0;0;0;0;0;0;0;0;0;0;0;0;0;0;1;0;0;0;0;0;0;0;0;0;0;0;0;0;0;0;0
08148;L'Écaille;44;08;0;0;0;0;0;0;0;0;0;0;0;0;0;0;0;0;0;0;0;0;0;0;0;0;0;0;0;1;3;0;0;0;0;0;0;0;1
08149;L'Échelle;44;08;0;0;0;0;0;0;0;0;0;0;0;0;0;0;0;0;0;0;0;0;0;0;0;0;1;1;0;0;0;0;0;0;0;0;0;0;0
08150;Écly;44;08;0;0;0;0;0;0;0;0;0;0;0;0;0;0;0;0;0;0;0;0;1;0;0;0;1;0;0;0;1;0;0;0;0;0;0;0;0
08151;Écordal;44;08;0;0;0;0;0;0;0;0;0;0;0;0;0;0;0;0;0;0;0;0;1;0;0;0;1;0;0;1;0;0;0;0;0;1;0;0;0
08152;Élan;44;08;0;0;0;0;0;0;0;0;0;0;0;0;0;0;0;0;0;0;0;0;0;0;0;0;0;0;1;0;0;0;0;0;0;2;0;0;0
08153;Escombres-et-le-Chesnois;44;08;0;0;0;0;0;0;0;0;0;0;0;0;0;0;0;0;0;0;0;0;0;0;0;0;1;0;0;0;0;0;1;1;0;2;0;0;0
08154;Estrebay;44;08;0;0;0;0;0;0;0;0;0;0;0;0;0;0;0;0;0;0;0;0;0;0;0;0;0;0;0;0;0;0;0;0;0;0;0;0;0
08155;Étalle;44;08;0;0;0;0;0;0;0;0;0;0;0;0;0;0;0;0;0;0;0;0;0;0;0;0;0;0;0;0;0;0;0;0;0;0;0;0;0
08156;Éteignières;44;08;0;0;0;0;0;0;0;0;0;0;0;0;0;0;0;0;0;0;1;0;1;0;0;0;1;1;1;0;1;0;2;0;0;1;0;0;0
08158;Étrépigny;44;08;0;0;0;0;0;0;0;0;0;0;0;0;0;0;0;0;0;0;0;0;0;0;0;0;1;0;0;0;0;0;0;0;0;0;0;0;0
08159;Euilly-et-Lombut;44;08;0;0;0;0;0;0;0;0;0;0;0;0;0;0;0;0;0;0;0;0;1;0;0;0;0;0;0;0;0;0;0;0;0;0;0;0;0
08160;Évigny;44;08;0;0;0;0;0;0;0;0;0;0;0;0;0;0;0;0;0;0;0;0;0;0;0;0;1;0;1;1;0;0;0;0;0;0;0;0;0
08161;Exermont;44;08;0;0;0;0;0;0;0;0;0;0;0;0;0;0;0;0;0;0;0;0;0;0;0;0;0;0;0;0;0;0;0;0;0;0;0;0;0
08162;Fagnon;44;08;0;0;0;0;0;0;0;0;0;0;0;0;0;0;0;0;0;0;0;0;0;0;0;0;0;0;0;1;2;0;0;0;0;0;0;0;0
08163;Faissault;44;08;0;0;0;0;0;0;0;0;0;0;0;0;0;0;0;0;0;0;0;0;0;0;0;0;0;1;1;1;0;0;0;0;0;0;0;0;0
08164;Falaise;44;08;0;0;0;0;0;0;0;0;0;0;0;0;0;0;0;0;0;0;0;0;0;0;0;0;0;0;1;0;0;0;0;0;0;0;0;0;0
08165;Faux;44;08;0;0;0;0;0;0;0;0;0;0;0;0;0;0;0;0;0;0;0;0;0;0;0;0;0;0;0;0;0;0;0;0;0;0;0;0;0
08166;Fépin;44;08;0;0;0;0;0;0;0;0;0;0;0;0;0;0;0;0;0;0;0;0;0;0;0;0;0;0;0;0;0;0;0;0;0;1;0;0;0
08167;La Férée;44;08;0;0;0;0;0;0;0;0;0;0;0;0;0;0;0;0;0;0;0;0;0;0;0;0;0;1;0;0;0;0;0;0;0;0;0;0;0
08168;La Ferté-sur-Chiers;44;08;0;0;0;0;0;0;0;0;0;0;0;0;0;0;0;0;0;0;0;0;0;0;0;0;2;1;0;1;0;0;0;0;0;0;0;0;0
08169;Flaignes-Havys;44;08;0;0;0;0;0;0;0;0;0;0;0;0;0;0;0;0;0;0;0;0;0;0;0;0;0;0;0;0;0;0;0;0;0;0;0;0;0
08170;Fleigneux;44;08;0;0;0;0;0;0;0;0;0;0;0;0;0;0;0;0;0;0;0;0;0;0;0;0;0;0;0;0;1;1;0;0;0;0;0;0;0
08171;Fléville;44;08;0;0;0;0;0;0;0;0;0;0;0;0;0;0;0;0;0;0;0;0;1;0;0;0;0;0;0;1;0;0;0;0;0;0;0;0;0
08172;Fligny;44;08;0;0;0;0;0;0;0;0;0;0;0;0;0;0;0;0;0;0;0;0;2;0;0;0;1;0;0;0;0;1;0;0;0;0;0;0;0
08173;Flize;44;08;0;1;0;0;0;0;0;0;0;0;0;0;0;0;0;1;1;1;0;0;2;0;0;2;2;4;2;2;0;1;4;0;0;0;2;0;2
08174;Floing;44;08;0;0;0;0;0;0;0;0;0;0;0;0;0;0;0;0;0;0;0;1;2;0;0;1;2;2;1;5;2;0;3;0;0;4;1;0;5
08175;Foisches;44;08;0;0;0;0;0;0;0;0;0;0;0;0;0;0;0;0;0;0;0;0;0;0;0;0;0;0;0;0;0;0;1;0;0;0;0;0;0
08176;Fossé;44;08;0;0;0;0;0;0;0;0;0;0;0;0;0;0;0;0;0;0;0;0;0;0;0;0;2;0;0;0;0;0;1;0;0;0;0;0;0
08178;Fraillicourt;44;08;0;0;0;0;0;0;0;0;0;0;0;0;0;0;0;0;0;0;0;0;2;0;0;0;0;0;0;0;0;0;0;0;0;0;0;0;0
08179;Francheval;44;08;0;0;0;0;0;0;0;0;0;0;0;0;0;0;0;0;0;0;0;1;0;0;0;0;0;1;1;2;2;0;0;0;0;1;0;0;0
08180;La Francheville;44;08;0;0;0;0;0;0;0;0;0;0;0;0;0;0;0;0;0;1;0;0;0;0;0;0;3;1;5;3;3;1;3;0;0;3;1;0;2
08182;Le Fréty;44;08;0;0;0;0;0;0;0;0;0;0;0;0;0;0;0;0;0;0;0;0;0;0;0;0;0;0;0;0;0;0;0;0;0;0;0;0;0
08183;Fromelennes;44;08;0;0;0;0;0;0;0;0;0;0;0;0;0;0;0;0;0;0;0;0;1;0;0;0;3;2;0;1;2;0;3;2;0;1;0;0;0
08184;Fromy;44;08;0;0;0;0;0;0;0;0;0;0;0;0;0;0;0;0;0;0;0;0;0;0;0;0;0;0;0;0;1;0;0;0;0;1;0;0;0
08185;Fumay;44;08;0;1;0;0;0;0;0;0;0;0;2;0;1;0;0;3;1;1;0;0;3;1;0;2;1;4;4;1;6;1;6;1;1;8;3;0;1
08186;Germont;44;08;0;0;0;0;0;0;0;0;0;0;0;0;0;0;0;0;0;0;0;0;0;0;0;0;0;0;0;0;0;0;0;0;0;0;0;0;0
08187;Gernelle;44;08;0;0;0;0;0;0;0;0;0;0;0;0;0;0;0;0;0;0;0;0;1;0;0;0;0;0;1;1;1;0;1;0;0;1;0;0;1
08188;Gespunsart;44;08;0;0;0;0;0;0;0;0;0;0;0;0;0;0;0;0;1;0;1;0;0;0;0;0;1;0;1;3;0;0;1;0;0;2;0;0;0
08189;Girondelle;44;08;0;0;0;0;0;0;0;0;0;0;0;0;0;0;0;0;0;0;0;0;0;0;0;0;1;0;0;0;0;0;0;0;0;0;0;0;0
08190;Givet;44;08;0;1;0;0;0;0;0;0;0;0;1;1;0;0;0;6;0;1;0;0;12;1;0;1;8;4;5;8;5;2;13;6;2;32;5;2;6
08191;Givonne;44;08;0;0;0;0;0;0;0;0;0;0;0;0;0;0;0;0;0;1;0;0;0;0;0;0;1;2;1;0;0;0;1;0;0;1;0;0;1
08192;Givron;44;08;0;0;0;0;0;0;0;0;0;0;0;0;0;0;0;0;0;0;0;0;0;0;0;0;0;0;0;0;0;0;0;0;0;0;0;0;0
08193;Givry;44;08;0;0;0;0;0;0;0;0;0;0;0;0;0;0;0;0;0;0;0;0;0;0;0;0;0;0;0;2;0;0;0;0;0;0;0;0;0
08194;Glaire;44;08;0;0;0;0;0;0;0;0;0;0;0;0;0;0;0;0;0;0;0;0;5;0;0;0;2;3;6;0;3;1;2;0;0;0;0;0;0
08195;Gomont;44;08;0;0;0;0;0;0;0;0;0;0;0;0;0;0;0;0;0;0;0;0;0;0;0;0;0;0;0;0;0;0;0;0;0;0;0;0;0
08196;Grandchamp;44;08;0;0;0;0;0;0;0;0;0;0;0;0;0;0;0;0;0;0;0;0;1;0;0;0;0;0;0;0;0;0;0;0;0;0;0;0;0
08197;Grandham;44;08;0;0;0;0;0;0;0;0;0;0;0;0;0;0;0;0;0;0;0;0;0;0;0;0;0;0;0;0;0;0;0;0;0;0;0;0;0
08198;Grandpré;44;08;0;1;0;0;0;0;0;0;0;0;1;0;0;0;0;1;0;1;0;0;1;0;0;0;1;0;0;4;1;0;1;4;0;1;0;0;0
08199;La Grandville;44;08;0;0;0;0;0;0;0;0;0;0;0;0;0;0;0;0;0;0;0;1;0;0;0;0;0;0;2;2;1;0;1;0;0;0;0;0;0
08200;Grivy-Loisy;44;08;0;0;0;0;0;0;0;0;0;0;0;0;0;0;0;0;0;0;0;0;1;0;0;0;1;1;0;2;0;0;0;0;0;0;0;0;0
08201;Gruyères;44;08;0;0;0;0;0;0;0;0;0;0;0;0;0;0;0;0;0;0;0;0;0;0;0;0;0;0;2;0;0;0;0;0;0;0;0;0;0
08202;Gué-d'Hossus;44;08;0;0;0;0;0;0;0;0;0;0;0;0;0;0;0;0;0;0;0;0;0;0;0;0;0;0;0;2;1;0;1;0;0;0;0;0;0
08203;Guignicourt-sur-Vence;44;08;0;0;0;0;0;0;0;0;0;0;0;0;0;0;0;0;0;0;0;0;0;0;0;0;0;0;0;0;0;0;1;0;0;0;0;0;0
08204;Guincourt;44;08;0;0;0;0;0;0;0;0;0;0;0;0;0;0;0;0;0;0;0;0;0;0;0;0;0;0;0;0;0;0;0;0;0;0;0;0;0
08205;Hagnicourt;44;08;0;0;0;0;0;0;0;0;0;0;0;0;0;0;0;0;0;0;0;0;0;0;0;0;0;0;0;0;0;0;0;0;0;0;0;0;0
08206;Ham-les-Moines;44;08;0;0;0;0;0;0;0;0;0;0;0;0;0;0;0;0;0;0;0;0;1;0;0;0;0;0;1;0;1;0;0;0;0;1;0;0;0
08207;Ham-sur-Meuse;44;08;0;0;0;0;0;0;0;0;0;0;0;0;0;0;0;0;0;0;0;0;1;0;0;0;0;0;0;1;0;0;0;0;0;0;0;0;0
08208;Hannappes;44;08;0;0;0;0;0;0;0;0;0;0;0;0;0;0;0;0;0;0;0;0;1;0;0;0;1;0;0;1;0;0;0;0;0;0;0;0;0
08209;Hannogne-Saint-Martin;44;08;0;0;0;0;0;0;0;0;0;0;0;0;0;0;0;0;0;0;0;0;1;0;0;0;0;3;1;1;1;0;0;0;0;0;0;0;0
08210;Hannogne-Saint-Rémy;44;08;0;0;0;0;0;0;0;0;0;0;0;0;0;0;0;0;0;0;0;0;0;0;0;0;0;0;0;0;0;0;0;0;0;0;0;0;0
08211;Haraucourt;44;08;0;0;0;0;0;0;0;0;0;0;0;0;0;0;0;0;0;1;0;0;0;0;0;0;0;0;2;0;1;0;0;0;0;1;0;0;1
08212;Harcy;44;08;0;0;0;0;0;0;0;0;0;0;0;0;0;0;0;0;0;0;0;0;0;0;0;0;1;1;0;1;0;0;1;0;0;0;0;0;0
08214;Hargnies;44;08;0;0;0;0;0;0;0;0;0;0;0;0;0;0;0;0;0;0;0;1;0;0;0;0;2;0;0;1;0;0;0;0;0;3;0;0;0
08215;Harricourt;44;08;0;0;0;0;0;0;0;0;0;0;0;0;0;0;0;0;0;0;0;0;0;0;0;0;0;0;0;0;0;0;0;0;0;0;0;0;0
08216;Haudrecy;44;08;0;0;0;0;0;0;0;0;0;0;0;0;0;0;0;0;0;0;0;0;1;0;0;0;0;1;1;0;0;0;0;0;0;0;0;0;0
08217;Haulmé;44;08;0;0;0;0;0;0;0;0;0;0;0;0;0;0;0;0;0;0;0;0;0;0;0;0;0;0;1;0;0;0;0;0;0;0;0;0;0
08218;Les Hautes-Rivières;44;08;0;0;0;0;0;0;0;0;0;0;0;0;0;0;0;0;0;1;0;0;2;0;0;0;2;0;1;6;3;0;1;0;1;3;1;0;2
08219;Hauteville;44;08;0;0;0;0;0;0;0;0;0;0;0;0;0;0;0;0;0;0;0;0;0;0;0;0;1;0;0;0;0;0;0;0;0;0;0;0;0
08220;Hauviné;44;08;0;0;0;0;0;0;0;0;0;0;0;0;0;0;0;0;0;0;0;0;0;0;0;0;0;0;1;0;0;0;1;0;0;0;0;0;0
08222;Haybes;44;08;0;0;0;0;0;0;0;0;0;0;0;0;0;0;0;0;0;0;0;1;0;0;0;0;3;1;2;8;2;2;4;0;0;4;0;1;3
08223;Herbeuval;44;08;0;0;0;0;0;0;0;0;0;0;0;0;0;0;0;0;0;0;0;0;0;0;0;0;0;0;0;0;0;0;0;0;0;0;0;0;0
08225;Herpy-l'Arlésienne;44;08;0;0;0;0;0;0;0;0;0;0;0;0;0;0;0;0;0;0;0;0;0;0;0;0;0;0;3;0;1;0;0;0;0;0;0;0;0
08226;Hierges;44;08;0;0;0;0;0;0;0;0;0;0;0;0;0;0;0;0;0;0;0;0;0;0;0;0;2;0;0;0;0;0;0;0;0;2;0;0;0
08228;La Horgne;44;08;0;0;0;0;0;0;0;0;0;0;0;0;0;0;0;0;0;0;0;0;0;0;0;0;0;0;1;0;0;0;0;0;0;0;0;0;0
08229;Houdilcourt;44;08;0;0;0;0;0;0;0;0;0;0;0;0;0;0;0;0;0;0;0;0;0;0;0;0;0;0;0;1;0;0;0;0;0;0;0;0;0
08230;Houldizy;44;08;0;0;0;0;0;0;0;0;0;0;0;0;0;0;0;0;0;0;0;0;0;0;0;0;2;1;1;2;1;0;0;0;0;1;0;0;0
08232;Illy;44;08;0;0;0;0;0;0;0;0;0;0;0;0;0;0;0;0;0;0;0;0;0;0;0;0;0;2;1;2;0;0;1;0;0;2;0;0;0
08233;Imécourt;44;08;0;0;0;0;0;0;0;0;0;0;0;0;0;0;0;0;0;0;0;0;0;0;0;0;0;0;0;0;0;0;0;0;0;0;0;0;0
08234;Inaumont;44;08;0;0;0;0;0;0;0;0;0;0;0;0;0;0;0;0;0;0;0;0;0;0;0;0;0;0;0;1;0;0;0;0;0;0;0;0;0
08235;Issancourt-et-Rumel;44;08;0;0;0;0;0;0;0;0;0;0;0;0;0;0;0;0;0;0;0;0;0;0;0;0;0;0;2;0;0;0;0;0;0;1;1;0;0
08236;Jandun;44;08;0;0;0;0;0;0;0;0;0;0;0;0;0;0;0;0;0;0;0;0;0;0;0;0;0;0;0;2;0;0;0;0;0;0;1;0;0
08237;Joigny-sur-Meuse;44;08;0;0;0;0;0;0;0;0;0;0;0;0;0;0;0;0;0;0;1;0;1;0;0;0;1;0;1;2;1;0;0;0;0;1;0;0;1
08238;Jonval;44;08;0;0;0;0;0;0;0;0;0;0;0;0;0;0;0;0;0;0;0;0;0;0;0;0;0;0;1;1;0;0;0;0;0;1;0;0;0
08239;Juniville;44;08;0;1;0;0;0;0;0;0;0;0;1;0;1;0;0;1;0;1;0;0;1;0;0;1;1;2;1;3;2;0;2;0;0;2;3;0;1
08240;Justine-Herbigny;44;08;0;0;0;0;0;0;0;0;0;0;0;0;0;0;0;0;0;0;0;0;0;0;0;0;1;0;1;1;0;0;0;0;0;0;0;0;1
08242;Laifour;44;08;0;0;0;0;0;0;0;0;0;0;0;0;0;0;0;0;0;0;0;1;0;0;0;0;0;1;0;0;0;0;0;0;0;0;0;0;0
08243;Lalobbe;44;08;0;0;0;0;0;0;0;0;0;0;0;0;0;0;0;0;0;0;0;0;1;0;0;0;0;0;0;0;0;0;0;0;0;1;0;0;0
08244;Lametz;44;08;0;0;0;0;0;0;0;0;0;0;0;0;0;0;0;0;0;0;0;0;0;0;0;0;0;0;0;0;0;0;0;0;0;0;0;0;0
08245;Lançon;44;08;0;0;0;0;0;0;0;0;0;0;0;0;0;0;0;0;0;0;0;0;0;0;0;0;0;0;0;0;0;0;0;0;0;0;0;0;0
08246;Landres-et-Saint-Georges;44;08;0;0;0;0;0;0;0;0;0;0;0;0;0;0;0;0;0;0;0;0;0;0;0;0;0;0;0;0;0;0;0;0;0;0;0;0;0
08247;Landrichamps;44;08;0;0;0;0;0;0;0;0;0;0;0;0;0;0;0;0;0;0;0;0;0;0;0;0;0;0;0;0;0;0;0;0;0;0;0;0;1
08248;Launois-sur-Vence;44;08;0;0;0;0;0;0;0;0;0;0;0;0;0;0;0;0;0;0;0;1;0;0;0;0;0;1;0;2;1;0;1;0;0;2;0;0;0
08249;Laval-Morency;44;08;0;0;0;0;0;0;0;0;0;0;0;0;0;0;0;0;0;0;0;0;0;0;0;0;2;1;1;0;2;0;1;0;0;0;0;0;0
08250;Leffincourt;44;08;0;0;0;0;0;0;0;0;0;0;0;0;0;0;0;0;0;0;0;0;0;0;0;0;0;0;0;0;1;0;0;0;0;0;0;0;0
08251;Lépron-les-Vallées;44;08;0;0;0;0;0;0;0;0;0;0;0;0;0;0;0;0;0;0;0;0;0;0;0;0;1;0;1;0;0;0;0;0;0;0;0;0;0
08252;Létanne;44;08;0;0;0;0;0;0;0;0;0;0;0;0;0;0;0;0;0;0;0;0;0;0;0;0;0;0;0;0;0;0;0;0;0;0;0;0;0
08254;Liart;44;08;0;0;0;0;0;0;0;0;0;0;0;0;1;0;0;1;1;0;0;1;3;0;0;0;1;1;2;1;2;0;1;1;0;2;0;0;0
08255;Linay;44;08;0;0;0;0;0;0;0;0;0;0;0;0;0;0;0;0;0;0;0;0;0;0;0;0;0;0;0;0;0;0;0;0;0;0;0;0;0
08256;Liry;44;08;0;0;0;0;0;0;0;0;0;0;0;0;0;0;0;0;0;0;0;0;0;0;0;0;0;0;0;0;0;0;0;0;0;0;0;0;0
08257;Logny-Bogny;44;08;0;0;0;0;0;0;0;0;0;0;0;0;0;0;0;0;0;0;0;0;0;0;0;0;0;0;0;0;1;0;0;0;0;0;0;0;0
08259;Longwé;44;08;0;0;0;0;0;0;0;0;0;0;0;0;0;0;0;0;0;0;0;0;0;0;0;0;1;0;0;0;0;1;0;0;0;0;0;0;0
08260;Lonny;44;08;0;0;0;0;0;0;0;0;0;0;0;0;0;0;0;0;0;0;1;0;1;0;0;0;0;1;1;1;1;0;1;0;0;0;0;0;1
08262;Lucquy;44;08;0;0;0;0;0;0;0;0;0;0;0;0;0;0;0;0;0;0;0;1;2;0;0;0;1;1;1;0;1;0;0;0;0;1;0;0;1
08263;Lumes;44;08;0;0;0;0;0;0;0;0;0;0;0;0;0;0;0;0;0;1;0;0;0;0;0;0;1;0;0;2;2;0;1;0;0;1;0;0;1
08264;Machault;44;08;0;1;0;0;0;0;0;0;0;0;0;0;0;0;0;0;0;0;1;0;1;0;0;0;2;1;1;2;2;0;1;0;0;0;0;0;0
08268;Maisoncelle-et-Villers;44;08;0;0;0;0;0;0;0;0;0;0;0;0;0;0;0;0;0;0;0;0;0;0;0;0;0;0;0;0;0;0;0;0;0;0;0;0;0
08269;Malandry;44;08;0;0;0;0;0;0;0;0;0;0;0;0;0;0;0;0;0;0;0;0;0;0;0;0;0;0;0;0;0;0;0;0;0;0;0;0;0
08271;Manre;44;08;0;0;0;0;0;0;0;0;0;0;0;0;0;0;0;0;0;0;0;0;0;0;0;0;1;0;0;0;0;0;0;0;0;0;0;0;0
08272;Maranwez;44;08;0;0;0;0;0;0;0;0;0;0;0;0;0;0;0;0;0;0;0;0;0;0;0;0;0;0;0;0;0;0;0;0;0;0;0;0;0
08273;Marby;44;08;0;0;0;0;0;0;0;0;0;0;0;0;0;0;0;0;0;0;0;0;0;0;0;0;0;0;0;0;0;0;0;0;0;0;0;0;1
08274;Marcq;44;08;0;0;0;0;0;0;0;0;0;0;0;0;0;0;0;0;0;0;0;0;0;0;0;0;0;0;1;0;0;0;0;0;0;0;0;0;0
08275;Margny;44;08;0;0;0;0;0;0;0;0;0;0;0;0;0;0;0;0;0;0;0;0;0;0;0;0;0;0;0;1;0;0;0;0;0;1;0;0;0
08276;Margut;44;08;0;1;0;0;0;0;0;0;0;0;0;0;0;0;0;0;0;1;0;0;1;0;0;0;2;1;0;1;0;0;1;0;0;0;0;0;0
08277;Marlemont;44;08;0;0;0;0;0;0;0;0;0;0;0;0;0;0;0;0;0;0;0;0;1;0;0;0;0;0;0;1;0;0;0;0;0;0;0;0;0
08278;Marquigny;44;08;0;0;0;0;0;0;0;0;0;0;0;0;0;0;0;0;0;0;0;0;0;0;0;0;0;0;0;0;0;0;0;0;0;0;0;0;0
08279;Mars-sous-Bourcq;44;08;0;0;0;0;0;0;0;0;0;0;0;0;0;0;0;0;0;0;0;0;0;0;0;0;0;0;1;0;0;0;0;0;0;1;0;0;0
08280;Marvaux-Vieux;44;08;0;0;0;0;0;0;0;0;0;0;0;0;0;0;0;0;0;0;0;0;0;0;0;0;0;0;0;0;0;0;0;0;0;0;0;0;0
08281;Matton-et-Clémency;44;08;0;0;0;0;0;0;0;0;0;0;0;0;0;0;0;0;0;0;1;0;2;0;0;0;2;0;0;0;1;1;0;0;0;0;0;0;1
08282;Maubert-Fontaine;44;08;0;0;0;0;0;0;0;0;0;0;0;0;0;0;0;0;0;1;0;0;1;0;0;1;1;3;0;2;1;1;1;0;0;4;0;0;2
08283;Mazerny;44;08;0;0;0;0;0;0;0;0;0;0;0;0;0;0;0;0;0;0;0;0;0;0;0;0;0;0;0;1;0;0;0;0;0;0;0;0;0
08284;Les Mazures;44;08;0;0;0;0;0;0;0;0;0;0;0;0;0;0;0;0;0;0;0;1;0;0;0;0;2;2;0;1;1;0;2;0;0;2;0;0;1
08286;Ménil-Annelles;44;08;0;0;0;0;0;0;0;0;0;0;0;0;0;0;0;0;0;0;0;0;0;0;0;0;0;0;0;0;0;0;0;0;0;0;0;0;0
08287;Ménil-Lépinois;44;08;0;0;0;0;0;0;0;0;0;0;0;0;0;0;0;0;0;0;0;0;0;0;0;0;0;0;1;0;0;0;0;0;0;0;0;0;0
08288;Mesmont;44;08;0;0;0;0;0;0;0;0;0;0;0;0;0;0;0;0;0;0;0;0;0;0;0;0;1;0;0;1;0;0;0;0;0;0;0;0;0
08289;Messincourt;44;08;0;0;0;0;0;0;0;0;0;0;0;0;0;0;0;0;0;0;0;1;0;0;0;0;1;1;0;2;0;0;1;0;0;0;0;0;0
08291;Mogues;44;08;0;0;0;0;0;0;0;0;0;0;0;0;0;0;0;0;0;0;0;0;0;0;0;0;2;0;0;0;0;0;0;0;0;0;0;0;0
08293;Moiry;44;08;0;0;0;0;0;0;0;0;0;0;0;0;0;0;0;0;0;0;0;0;0;0;0;0;0;1;0;1;0;0;0;0;0;0;0;0;0
08294;La Moncelle;44;08;0;0;0;0;0;0;0;0;0;0;0;0;0;0;0;0;1;0;0;0;0;0;0;0;1;0;0;1;0;0;0;0;0;0;0;0;2
08295;Mondigny;44;08;0;0;0;0;0;0;0;0;0;0;0;0;0;0;0;0;0;0;0;0;0;0;0;0;0;0;0;1;0;0;0;0;0;0;0;0;0
08296;Montcheutin;44;08;0;0;0;0;0;0;0;0;0;0;0;0;0;0;0;0;0;0;0;0;0;0;0;0;1;0;0;1;0;0;0;0;0;0;0;0;0
08297;Montcornet;44;08;0;0;0;0;0;0;0;0;0;0;0;0;0;0;0;0;0;0;0;0;0;0;0;0;0;1;0;1;0;0;1;0;0;0;0;0;0
08298;Montcy-Notre-Dame;44;08;0;0;0;0;0;0;0;0;0;0;0;0;0;0;0;0;0;0;0;0;0;0;0;0;1;2;3;0;1;1;4;0;0;3;0;0;1
08300;Le Mont-Dieu;44;08;0;0;0;0;0;0;0;0;0;0;0;0;0;0;0;0;0;0;0;0;0;0;0;0;0;0;0;0;0;0;0;0;0;0;0;0;0
08301;Montgon;44;08;0;0;0;0;0;0;0;0;0;0;0;0;0;0;0;0;0;0;0;0;0;0;0;0;0;0;0;0;0;0;0;0;0;0;0;0;0
08302;Monthermé;44;08;0;1;0;0;0;0;0;0;0;0;1;0;0;0;0;1;0;1;0;0;1;1;0;1;7;3;3;6;2;0;3;3;1;9;3;0;2
08303;Monthois;44;08;0;1;0;0;0;0;0;0;0;0;0;0;0;0;0;1;0;0;0;1;2;0;0;0;1;0;0;2;0;0;1;0;0;1;0;0;0
08304;Montigny-sur-Meuse;44;08;0;0;0;0;0;0;0;0;0;0;0;0;0;0;0;0;0;0;0;0;0;0;0;0;0;0;0;0;0;0;0;0;0;0;0;0;0
08305;Montigny-sur-Vence;44;08;0;0;0;0;0;0;0;0;0;0;0;0;0;0;0;0;0;0;0;0;0;0;0;0;0;0;0;1;0;0;0;0;0;0;0;0;0
08306;Mont-Laurent;44;08;0;0;0;0;0;0;0;0;0;0;0;0;0;0;0;0;0;0;0;0;0;0;0;0;0;0;0;0;0;0;0;0;0;0;0;0;0
08307;Montmeillant;44;08;0;0;0;0;0;0;0;0;0;0;0;0;0;0;0;0;0;0;0;0;2;0;0;0;0;0;0;0;0;0;0;0;0;0;0;0;0
08308;Mont-Saint-Martin;44;08;0;0;0;0;0;0;0;0;0;0;0;0;0;0;0;0;0;0;0;0;0;0;0;0;0;0;0;0;0;0;0;0;0;0;0;0;0
08309;Mont-Saint-Remy;44;08;0;0;0;0;0;0;0;0;0;0;0;0;0;0;0;0;0;0;0;0;0;0;0;0;0;0;0;0;0;0;0;0;0;0;0;0;0
08310;Mouron;44;08;0;0;0;0;0;0;0;0;0;0;0;0;0;0;0;0;0;0;0;0;0;0;0;0;1;0;0;0;0;0;0;0;0;0;0;0;0
08311;Mouzon;44;08;0;1;0;0;0;0;0;0;0;0;0;0;0;0;0;2;0;1;0;0;4;0;0;1;1;2;3;5;1;1;4;1;2;5;0;0;1
08312;Murtin-et-Bogny;44;08;0;0;0;0;0;0;0;0;0;0;0;0;0;0;0;0;0;0;0;0;0;0;0;0;1;0;1;0;0;0;0;0;0;0;0;0;0
08313;Nanteuil-sur-Aisne;44;08;0;0;0;0;0;0;0;0;0;0;0;0;0;0;0;0;0;0;0;0;0;0;0;0;0;0;0;0;0;1;0;0;0;0;0;0;0
08314;Neuflize;44;08;0;0;0;0;0;0;0;0;0;0;0;0;0;0;0;0;0;0;0;1;1;0;0;0;1;0;1;1;1;0;1;0;0;1;0;0;0
08315;Neufmaison;44;08;0;0;0;0;0;0;0;0;0;0;0;0;0;0;0;0;0;0;0;0;0;0;0;0;0;0;0;1;0;0;0;0;0;0;0;0;0
08316;Neufmanil;44;08;0;0;0;0;0;0;0;0;0;0;0;0;0;0;0;0;0;0;0;1;1;0;0;0;1;1;1;1;1;0;1;0;0;1;0;0;0
08317;La Neuville-à-Maire;44;08;0;0;0;0;0;0;0;0;0;0;0;0;0;0;0;0;0;0;0;0;0;0;0;0;0;0;2;0;0;0;0;0;0;0;0;0;1
08318;La Neuville-aux-Joûtes;44;08;0;0;0;0;0;0;0;0;0;0;0;0;0;0;0;0;0;0;0;0;0;0;0;0;1;1;1;0;0;0;0;0;0;0;0;0;0
08319;Neuville-lez-Beaulieu;44;08;0;0;0;0;0;0;0;0;0;0;0;0;0;0;0;0;0;0;0;0;0;0;0;0;2;0;0;2;0;0;1;0;0;0;0;0;0
08320;La Neuville-en-Tourne-à-Fuy;44;08;0;0;0;0;0;0;0;0;0;0;0;0;0;0;0;0;0;0;0;0;0;0;0;0;0;0;0;0;3;0;0;0;0;1;2;0;0
08321;Neuville-Day;44;08;0;0;0;0;0;0;0;0;0;0;0;0;0;0;0;0;0;0;0;0;0;0;0;0;1;1;0;1;0;0;0;0;0;0;0;0;0
08322;Neuville-lès-This;44;08;0;0;0;0;0;0;0;0;0;0;0;0;0;0;0;0;0;0;0;0;0;0;0;0;1;1;1;2;0;0;1;0;0;0;0;0;0
08323;La Neuville-lès-Wasigny;44;08;0;0;0;0;0;0;0;0;0;0;0;0;0;0;0;0;0;0;0;0;1;0;0;0;1;0;0;0;0;0;0;0;0;0;0;0;0
08324;Neuvizy;44;08;0;0;0;0;0;0;0;0;0;0;0;0;0;0;0;0;0;0;0;0;0;0;0;0;1;0;0;0;0;0;0;0;0;0;0;0;0
08325;Noirval;44;08;0;0;0;0;0;0;0;0;0;0;0;0;0;0;0;0;0;0;0;0;0;0;0;0;1;0;0;0;0;0;0;0;0;0;0;0;0
08326;Nouart;44;08;0;0;0;0;0;0;0;0;0;0;0;0;0;0;0;0;0;0;0;0;1;0;0;0;0;0;0;0;0;0;0;0;0;1;0;0;0
08327;Nouvion-sur-Meuse;44;08;0;0;0;0;0;0;0;0;0;0;0;0;0;0;0;0;1;1;0;0;0;0;0;1;2;1;0;3;1;1;1;0;0;2;0;0;2
08328;Nouzonville;44;08;0;1;0;0;0;0;0;0;0;0;1;0;0;0;0;2;1;1;0;0;10;2;0;1;4;4;5;10;5;0;5;1;0;8;2;0;5
08329;Novion-Porcien;44;08;0;1;0;0;0;0;0;0;0;0;0;0;0;0;0;1;0;0;1;0;0;0;0;0;0;1;2;3;1;0;0;0;0;1;1;0;0
08330;Novy-Chevrières;44;08;0;0;0;0;0;0;0;0;0;0;0;0;0;0;0;0;0;0;0;0;0;0;0;0;1;3;1;3;0;0;1;0;0;1;0;0;0
08331;Noyers-Pont-Maugis;44;08;0;0;0;0;0;0;0;0;0;0;0;0;0;0;0;0;0;0;1;0;0;0;0;0;0;1;2;2;1;0;2;0;0;0;0;0;1
08332;Oches;44;08;0;0;0;0;0;0;0;0;0;0;0;0;0;0;0;0;0;0;0;0;0;0;0;0;0;0;0;0;0;0;0;0;0;0;0;0;0
08333;Olizy-Primat;44;08;0;0;0;0;0;0;0;0;0;0;0;0;0;0;0;0;0;0;0;0;0;0;0;0;0;0;0;0;2;0;0;0;0;0;0;0;0
08334;Omicourt;44;08;0;0;0;0;0;0;0;0;0;0;0;0;0;0;0;0;0;0;0;0;0;0;0;0;0;0;0;0;0;0;0;0;0;0;0;0;0
08335;Omont;44;08;0;0;0;0;0;0;0;0;0;0;0;0;0;0;0;0;0;0;0;0;0;0;0;0;0;0;0;1;0;0;0;0;0;0;0;0;0
08336;Osnes;44;08;0;0;0;0;0;0;0;0;0;0;0;0;0;0;0;0;0;0;0;0;1;0;0;0;0;0;1;1;0;0;0;0;0;0;0;0;0
08338;Pauvres;44;08;0;0;0;0;0;0;0;0;0;0;0;0;0;0;0;0;0;0;0;0;0;0;0;0;1;0;0;0;0;0;0;0;0;0;0;0;0
08339;Perthes;44;08;0;0;0;0;0;0;0;0;0;0;0;0;0;0;0;0;0;0;0;0;0;0;0;0;0;1;1;0;0;0;0;0;0;1;0;0;2
08340;Poilcourt-Sydney;44;08;0;0;0;0;0;0;0;0;0;0;0;0;0;0;0;0;0;0;0;0;1;0;0;0;0;0;1;2;0;1;0;0;0;0;0;0;0
08341;Poix-Terron;44;08;0;1;0;0;0;0;0;0;0;0;1;0;2;0;0;1;1;1;0;0;0;0;0;1;1;1;2;2;0;0;1;1;0;3;0;0;1
08342;Pouru-aux-Bois;44;08;0;0;0;0;0;0;0;0;0;0;0;0;0;0;0;0;0;0;0;0;0;0;0;0;0;1;1;0;0;0;2;0;0;0;0;0;0
08343;Pouru-Saint-Remy;44;08;0;0;0;0;0;0;0;0;0;0;0;0;0;0;0;0;0;1;0;0;1;0;0;0;1;1;1;1;0;0;2;0;0;0;0;0;1
08344;Prez;44;08;0;0;0;0;0;0;0;0;0;0;0;0;0;0;0;0;0;0;0;0;0;0;0;0;1;1;0;1;0;0;0;0;0;0;0;0;1
08346;Prix-lès-Mézières;44;08;0;0;0;0;0;0;0;0;0;0;0;0;0;0;0;0;1;0;0;0;3;0;0;0;0;4;3;4;3;1;1;0;0;1;0;0;0
08347;Puilly-et-Charbeaux;44;08;0;0;0;0;0;0;0;0;0;0;0;0;0;0;0;0;0;0;0;0;1;0;0;0;0;0;0;0;0;0;0;0;0;1;0;0;0
08348;Puiseux;44;08;0;0;0;0;0;0;0;0;0;0;0;0;0;0;0;0;0;0;0;0;0;0;0;0;0;0;0;2;0;0;0;0;0;0;0;0;0
08349;Pure;44;08;0;0;0;0;0;0;0;0;0;0;0;0;0;0;0;0;0;0;0;0;2;0;0;0;1;1;2;1;1;0;1;0;0;1;0;0;2
08350;Quatre-Champs;44;08;0;0;0;0;0;0;0;0;0;0;0;0;0;0;0;0;0;0;0;0;1;0;0;0;0;0;1;1;2;0;1;0;0;0;0;0;0
08351;Quilly;44;08;0;0;0;0;0;0;0;0;0;0;0;0;0;0;0;0;0;0;0;0;0;0;0;0;0;0;0;0;0;0;0;0;0;0;0;0;0
08352;Raillicourt;44;08;0;0;0;0;0;0;0;0;0;0;0;0;0;0;0;0;0;0;0;0;0;0;0;0;1;0;0;0;0;0;1;0;0;1;0;0;0
08353;Rancennes;44;08;0;0;0;0;0;0;0;0;0;0;0;0;0;0;0;0;0;0;0;0;0;0;0;0;2;1;1;1;0;0;0;0;0;1;0;0;1
08354;Raucourt-et-Flaba;44;08;0;1;0;0;0;0;0;0;0;0;0;0;0;0;0;1;0;1;0;0;3;0;0;1;1;0;0;1;0;0;1;0;0;1;0;0;0
08355;Regniowez;44;08;0;0;0;0;0;0;0;0;0;0;0;0;0;0;0;0;0;0;0;0;0;0;0;0;1;0;1;0;0;0;0;0;0;0;0;0;0
08356;Remaucourt;44;08;0;0;0;0;0;0;0;0;0;0;0;0;0;0;0;0;0;0;0;0;0;0;0;0;0;0;0;1;1;0;0;0;0;0;0;0;0
08357;Remilly-Aillicourt;44;08;0;0;0;0;0;0;0;0;0;0;0;0;0;0;0;0;0;0;0;1;1;0;0;0;1;0;1;2;0;0;0;0;0;0;0;0;0
08358;Remilly-les-Pothées;44;08;0;0;0;0;0;0;0;0;0;0;0;0;0;0;0;0;0;0;0;0;0;0;0;0;1;0;2;0;0;0;2;0;0;0;0;0;0
08360;Renneville;44;08;0;0;0;0;0;0;0;0;0;0;0;0;0;0;0;0;0;0;0;0;0;0;0;0;1;0;0;0;0;0;0;0;0;0;0;0;0
08361;Renwez;44;08;0;1;0;0;0;0;0;0;0;0;1;0;0;0;0;1;0;1;0;0;2;0;0;1;2;0;1;7;3;0;5;0;0;2;0;0;3
08362;Rethel;44;08;0;1;0;0;0;0;0;0;0;0;5;1;0;0;0;8;3;1;0;0;11;2;0;2;11;14;11;10;5;2;15;3;2;19;5;3;4
08363;Revin;44;08;1;1;0;0;0;0;0;0;0;0;0;1;2;0;0;5;1;1;0;0;12;2;0;2;9;8;3;10;4;3;10;2;1;13;1;0;7
08364;Rilly-sur-Aisne;44;08;0;0;0;0;0;0;0;0;0;0;0;0;0;0;0;0;0;0;0;0;0;0;0;0;0;0;0;0;2;0;0;0;0;1;0;0;0
08365;Rimogne;44;08;0;1;0;0;0;0;0;0;0;0;0;0;0;0;0;0;0;1;0;0;1;0;0;1;5;2;3;4;1;0;3;0;0;2;0;0;1
08366;Rocquigny;44;08;0;0;0;0;0;0;0;0;0;0;0;0;0;0;0;0;0;0;1;0;2;0;0;0;1;1;1;2;1;0;0;0;0;0;0;0;0
08367;Rocroi;44;08;0;1;0;0;0;0;0;0;0;0;1;0;0;0;0;2;2;1;0;0;1;0;0;1;5;1;1;2;4;0;4;4;0;7;6;0;1
08368;Roizy;44;08;0;0;0;0;0;0;0;0;0;0;0;0;0;0;0;0;0;0;0;0;0;0;0;0;0;0;1;0;0;0;0;0;0;0;0;0;0
08369;La Romagne;44;08;0;0;0;0;0;0;0;0;0;0;0;0;0;0;0;0;0;0;0;0;0;0;0;0;0;0;0;2;0;0;0;0;0;0;0;0;0
08370;Rouvroy-sur-Audry;44;08;0;0;0;0;0;0;0;0;0;0;0;0;0;0;0;0;0;0;1;0;2;0;0;0;3;1;1;2;1;0;2;0;0;2;0;1;1
08371;Rubécourt-et-Lamécourt;44;08;0;0;0;0;0;0;0;0;0;0;0;0;0;0;0;0;0;0;0;0;0;0;0;0;0;0;0;1;0;0;0;0;0;0;0;0;1
08372;Rubigny;44;08;0;0;0;0;0;0;0;0;0;0;0;0;0;0;0;0;0;0;0;0;0;0;0;0;0;0;0;0;0;0;0;0;0;0;0;0;0
08373;Rumigny;44;08;0;1;0;0;0;0;0;0;0;0;0;0;0;0;0;1;0;0;0;1;0;0;0;0;0;0;0;0;0;0;0;0;0;0;0;0;0
08374;La Sabotterie;44;08;0;0;0;0;0;0;0;0;0;0;0;0;0;0;0;0;0;0;0;0;0;0;0;0;0;0;0;0;0;0;1;0;0;0;0;0;0
08375;Sachy;44;08;0;0;0;0;0;0;0;0;0;0;0;0;0;0;0;0;0;0;0;0;0;0;0;0;1;0;0;0;0;0;0;0;0;0;0;0;0
08376;Sailly;44;08;0;0;0;0;0;0;0;0;0;0;0;0;0;0;0;0;0;0;0;0;0;0;0;0;0;0;0;1;0;0;0;0;0;1;0;0;0
08377;Saint-Aignan;44;08;0;0;0;0;0;0;0;0;0;0;0;0;0;0;0;0;0;0;0;0;0;0;0;0;0;0;0;1;0;0;0;0;0;0;0;0;0
08378;Saint-Clément-à-Arnes;44;08;0;0;0;0;0;0;0;0;0;0;0;0;0;0;0;0;0;0;0;0;0;0;0;0;0;0;0;0;0;0;0;0;0;0;1;0;0
08379;Saint-Étienne-à-Arnes;44;08;0;0;0;0;0;0;0;0;0;0;0;0;0;0;0;0;0;0;0;0;0;0;0;0;0;0;0;1;0;0;0;0;0;1;0;0;0
08380;Saint-Fergeux;44;08;0;0;0;0;0;0;0;0;0;0;0;0;0;0;0;0;0;0;0;0;0;0;0;0;1;1;1;0;0;0;0;0;0;0;0;0;0
08381;Saint-Germainmont;44;08;0;0;0;0;0;0;0;0;0;0;0;0;0;0;0;0;0;0;0;1;1;0;0;0;0;5;0;2;2;0;2;0;0;1;0;0;0
08382;Saint-Jean-aux-Bois;44;08;0;0;0;0;0;0;0;0;0;0;0;0;0;0;0;0;0;0;0;0;0;0;0;0;0;0;1;2;0;0;0;0;0;0;0;0;0
08383;Saint-Juvin;44;08;0;0;0;0;0;0;0;0;0;0;0;0;0;0;0;0;0;0;0;0;0;0;0;0;0;0;0;0;1;0;0;0;0;0;0;0;0
08384;Saint-Lambert-et-Mont-de-Jeux;44;08;0;0;0;0;0;0;0;0;0;0;0;0;0;0;0;0;0;0;0;0;0;0;0;0;1;0;0;0;0;0;0;0;0;0;0;0;0
08385;Saint-Laurent;44;08;0;0;0;0;0;0;0;0;0;0;0;0;0;0;0;0;0;0;0;0;1;0;0;0;0;2;0;2;1;0;1;0;0;5;1;0;1
08386;Saint-Loup-en-Champagne;44;08;0;0;0;0;0;0;0;0;0;0;0;0;0;0;0;0;0;0;0;0;0;0;0;0;0;1;0;0;1;0;1;0;0;0;0;0;0
08387;Saint-Loup-Terrier;44;08;0;0;0;0;0;0;0;0;0;0;0;0;0;0;0;0;0;0;0;0;1;0;0;0;3;0;0;1;1;0;0;0;0;0;0;0;0
08388;Saint-Marceau;44;08;0;0;0;0;0;0;0;0;0;0;0;0;0;0;0;0;0;0;0;0;0;0;0;0;0;0;0;0;2;0;1;0;0;0;0;0;0
08389;Saint-Marcel;44;08;0;0;0;0;0;0;0;0;0;0;0;0;0;0;0;0;0;0;0;0;1;0;0;0;3;0;1;0;1;0;0;0;0;0;0;0;0
08390;Sainte-Marie;44;08;0;0;0;0;0;0;0;0;0;0;0;0;0;0;0;0;0;0;0;0;0;0;0;0;1;0;0;1;0;0;0;0;0;0;0;0;0
08391;Saint-Menges;44;08;0;0;0;0;0;0;0;0;0;0;0;0;0;0;0;0;0;0;0;1;1;0;0;0;2;3;2;4;1;0;0;0;0;0;0;0;0
08392;Saint-Morel;44;08;0;0;0;0;0;0;0;0;0;0;0;0;0;0;0;0;0;0;0;0;0;0;0;0;2;0;0;1;2;0;0;0;0;0;0;0;0
08393;Saint-Pierre-à-Arnes;44;08;0;0;0;0;0;0;0;0;0;0;0;0;0;0;0;0;0;0;0;0;0;0;0;0;0;0;0;0;0;0;0;0;0;0;0;0;0
08394;Saint-Pierremont;44;08;0;0;0;0;0;0;0;0;0;0;0;0;0;0;0;0;0;0;0;0;0;0;0;0;0;0;0;0;0;0;0;0;0;0;0;0;0
08395;Saint-Pierre-sur-Vence;44;08;0;0;0;0;0;0;0;0;0;0;0;0;0;0;0;0;0;0;0;0;0;0;0;0;0;0;0;0;0;0;0;0;0;1;0;0;0
08396;Saint-Quentin-le-Petit;44;08;0;0;0;0;0;0;0;0;0;0;0;0;0;0;0;0;0;0;0;0;0;0;0;0;0;2;0;0;0;0;0;0;0;0;0;0;1
08397;Saint-Remy-le-Petit;44;08;0;0;0;0;0;0;0;0;0;0;0;0;0;0;0;0;0;0;0;0;0;0;0;0;0;1;0;0;1;0;0;0;0;0;0;0;0
08398;Sainte-Vaubourg;44;08;0;0;0;0;0;0;0;0;0;0;0;0;0;0;0;0;0;0;0;0;0;0;0;0;0;0;0;0;0;0;0;0;0;0;0;0;0
08399;Sapogne-sur-Marche;44;08;0;0;0;0;0;0;0;0;0;0;0;0;0;0;0;0;0;0;0;0;0;0;0;0;0;0;0;0;0;0;0;0;0;0;0;0;0
08400;Sapogne-et-Feuchères;44;08;0;0;0;0;0;0;0;0;0;0;0;0;0;0;0;0;0;0;0;0;0;0;0;0;0;0;0;0;0;0;0;0;0;0;0;0;0
08401;Saulces-Champenoises;44;08;0;0;0;0;0;0;0;0;0;0;0;0;0;0;0;0;0;0;0;0;1;0;0;0;0;0;0;0;0;0;0;0;0;0;0;0;1
08402;Saulces-Monclin;44;08;0;0;0;0;0;0;0;0;0;0;0;0;0;0;0;0;0;0;1;0;0;0;0;0;1;0;2;1;1;0;1;0;0;1;0;0;1
08403;Sault-lès-Rethel;44;08;0;0;0;0;0;0;0;0;0;0;0;0;0;0;0;0;0;0;0;1;10;1;0;1;1;6;4;2;1;1;3;0;0;1;1;0;0
08404;Sault-Saint-Remy;44;08;0;0;0;0;0;0;0;0;0;0;0;0;0;0;0;0;0;0;0;0;1;0;0;0;1;0;0;1;0;0;0;0;0;0;0;0;0
08405;Sauville;44;08;0;0;0;0;0;0;0;0;0;0;0;0;0;0;0;0;0;0;0;0;0;0;0;0;0;1;2;2;0;0;0;0;0;0;0;0;0
08406;Savigny-sur-Aisne;44;08;0;0;0;0;0;0;0;0;0;0;0;0;0;0;0;0;0;0;0;0;0;0;0;0;2;1;0;2;0;0;1;0;0;1;0;0;0
08407;Séchault;44;08;0;0;0;0;0;0;0;0;0;0;0;0;0;0;0;0;0;0;0;0;0;0;0;0;0;0;0;0;0;0;0;0;0;0;0;0;0
08408;Sécheval;44;08;0;0;0;0;0;0;0;0;0;0;0;0;0;0;0;0;0;0;0;0;0;0;0;0;2;1;2;3;0;1;0;0;0;0;0;0;0
08409;Sedan;44;08;1;1;0;0;1;0;1;0;0;0;2;1;0;1;0;11;5;2;1;0;26;5;3;8;11;16;12;15;4;4;29;2;10;83;14;3;13
08410;Semide;44;08;0;0;0;0;0;0;0;0;0;0;0;0;0;0;0;0;0;0;0;0;0;0;0;0;1;0;1;1;0;1;0;0;0;0;0;0;0
08411;Semuy;44;08;0;0;0;0;0;0;0;0;0;0;0;0;0;0;0;0;0;0;0;0;0;0;0;0;0;0;0;0;0;0;0;0;0;0;0;0;0
08412;Senuc;44;08;0;0;0;0;0;0;0;0;0;0;0;0;0;0;0;0;0;0;0;0;0;0;0;0;1;0;0;0;0;0;0;0;0;0;0;0;0
08413;Seraincourt;44;08;0;0;0;0;0;0;0;0;0;0;0;0;0;0;0;0;0;0;0;0;0;0;0;0;1;0;0;0;0;0;0;0;0;0;0;0;1
08415;Sery;44;08;0;0;0;0;0;0;0;0;0;0;0;0;0;0;0;0;0;0;0;0;0;0;0;0;0;1;0;3;1;0;1;0;0;0;0;0;0
08416;Seuil;44;08;0;0;0;0;0;0;0;0;0;0;0;0;0;0;0;0;0;0;0;0;0;0;0;0;0;0;3;0;0;0;0;0;0;2;0;0;0
08417;Sévigny-la-Forêt;44;08;0;0;0;0;0;0;0;0;0;0;0;0;0;0;0;0;0;0;0;0;0;0;0;0;0;0;1;1;0;1;0;0;0;0;0;0;0
08418;Sévigny-Waleppe;44;08;0;0;0;0;0;0;0;0;0;0;0;0;0;0;0;0;0;0;1;0;0;0;0;0;0;0;0;0;0;0;0;0;0;0;0;0;0
08419;Signy-l'Abbaye;44;08;0;1;0;0;0;0;0;0;0;0;1;0;1;0;0;1;2;1;0;0;1;1;0;1;2;3;3;2;3;0;3;1;0;2;0;0;1
08420;Signy-le-Petit;44;08;0;1;0;0;0;0;0;0;0;0;0;0;0;0;0;1;2;1;0;0;1;0;0;0;1;0;1;2;1;0;1;0;0;2;0;0;0
08421;Signy-Montlibert;44;08;0;0;0;0;0;0;0;0;0;0;0;0;0;0;0;0;0;0;0;0;0;0;0;0;0;0;0;1;0;0;0;0;0;0;0;0;0
08422;Singly;44;08;0;0;0;0;0;0;0;0;0;0;0;0;0;0;0;0;0;0;0;0;0;0;0;0;0;0;0;1;0;0;0;0;0;1;0;0;0
08424;Sommauthe;44;08;0;0;0;0;0;0;0;0;0;0;0;0;0;0;0;0;0;0;0;0;0;0;0;0;0;0;1;0;0;0;0;0;0;0;0;0;0
08425;Sommerance;44;08;0;0;0;0;0;0;0;0;0;0;0;0;0;0;0;0;0;0;0;0;0;0;0;0;0;0;1;0;0;0;0;0;0;0;0;0;0
08426;Son;44;08;0;0;0;0;0;0;0;0;0;0;0;0;0;0;0;0;0;0;0;0;0;0;0;0;0;0;0;0;0;0;0;0;0;0;0;0;0
08427;Sorbon;44;08;0;0;0;0;0;0;0;0;0;0;0;0;0;0;0;0;0;0;0;0;0;0;0;0;0;0;0;0;1;0;0;0;0;0;0;0;0
08428;Sorcy-Bauthémont;44;08;0;0;0;0;0;0;0;0;0;0;0;0;0;0;0;0;0;0;0;0;0;0;0;0;0;0;0;0;0;0;0;0;0;0;0;0;0
08429;Sormonne;44;08;0;0;0;0;0;0;0;0;0;0;0;0;0;0;0;0;0;0;0;0;1;0;0;0;2;1;0;1;2;0;3;0;0;0;0;0;0
08430;Stonne;44;08;0;0;0;0;0;0;0;0;0;0;0;0;0;0;0;0;0;0;0;0;0;0;0;0;0;0;0;0;0;0;0;0;0;0;0;0;0
08431;Sugny;44;08;0;0;0;0;0;0;0;0;0;0;0;0;0;0;0;0;0;0;0;0;0;0;0;0;0;0;0;0;0;0;0;0;0;0;0;0;0
08432;Sury;44;08;0;0;0;0;0;0;0;0;0;0;0;0;0;0;0;0;0;0;0;0;0;0;0;0;0;0;0;0;0;0;0;0;0;0;0;0;0
08433;Suzanne;44;08;0;0;0;0;0;0;0;0;0;0;0;0;0;0;0;0;0;0;0;0;0;0;0;0;0;0;0;0;0;0;0;0;0;0;0;0;0
08434;Sy;44;08;0;0;0;0;0;0;0;0;0;0;0;0;0;0;0;0;0;0;0;0;0;0;0;0;0;0;0;1;0;0;0;0;0;0;0;0;0
08435;Tagnon;44;08;0;0;0;0;0;0;0;0;0;0;0;0;0;0;0;0;0;0;0;1;1;0;0;0;3;0;3;0;0;0;2;0;0;0;0;0;0
08436;Taillette;44;08;0;0;0;0;0;0;0;0;0;0;0;0;0;0;0;0;0;0;0;0;1;0;0;0;1;0;2;1;0;0;0;1;0;0;0;0;0
08437;Tailly;44;08;0;0;0;0;0;0;0;0;0;0;0;0;0;0;0;0;0;0;0;0;0;0;0;0;0;1;0;0;0;0;0;0;0;0;0;0;0
08438;Taizy;44;08;0;0;0;0;0;0;0;0;0;0;0;0;0;0;0;0;0;0;0;0;0;0;0;0;0;0;0;1;0;0;1;0;0;0;0;0;0
08439;Tannay;44;08;0;0;0;0;0;0;0;0;0;0;0;0;0;0;0;0;0;0;0;0;0;0;0;0;0;0;0;1;0;0;1;0;0;1;0;0;0
08440;Tarzy;44;08;0;0;0;0;0;0;0;0;0;0;0;0;0;0;0;0;0;0;0;0;0;0;0;0;0;0;0;0;0;0;0;0;0;0;0;0;0
08443;Terron-sur-Aisne;44;08;0;0;0;0;0;0;0;0;0;0;0;0;0;0;0;0;0;0;0;0;0;0;0;0;0;0;0;0;0;0;0;0;0;1;0;0;2
08444;Tétaigne;44;08;0;0;0;0;0;0;0;0;0;0;0;0;0;0;0;0;0;0;0;0;0;0;0;0;0;0;0;0;0;0;0;0;0;0;0;0;0
08445;Thelonne;44;08;0;0;0;0;0;0;0;0;0;0;0;0;0;0;0;0;0;0;0;0;0;0;0;0;0;0;0;2;2;0;0;0;0;0;0;0;0
08446;Thénorgues;44;08;0;0;0;0;0;0;0;0;0;0;0;0;0;0;0;0;0;0;0;0;1;0;0;0;1;0;0;0;0;0;0;0;0;0;0;0;0
08448;Thilay;44;08;0;0;0;0;0;0;0;0;0;0;0;0;0;0;0;0;0;0;1;0;1;0;0;0;4;4;3;7;1;0;2;0;0;4;0;0;0
08449;Thin-le-Moutier;44;08;0;0;0;0;0;0;0;0;0;0;0;0;0;0;0;0;0;0;1;0;0;0;0;0;0;0;1;3;2;0;3;0;0;0;1;0;2
08450;This;44;08;0;0;0;0;0;0;0;0;0;0;0;0;0;0;0;0;0;0;0;0;0;0;0;0;0;0;1;0;1;0;0;0;0;0;0;0;0
08451;Le Thour;44;08;0;0;0;0;0;0;0;0;0;0;0;0;0;0;0;0;0;0;0;0;0;0;0;0;0;0;1;1;0;0;0;0;0;0;0;0;0
08452;Thugny-Trugny;44;08;0;0;0;0;0;0;0;0;0;0;0;0;0;0;0;0;0;0;0;0;0;0;0;0;0;0;0;0;0;0;0;0;0;0;0;0;1
08453;Toges;44;08;0;0;0;0;0;0;0;0;0;0;0;0;0;0;0;0;0;0;0;0;0;0;0;0;1;0;0;0;0;0;0;0;0;0;0;0;0
08454;Touligny;44;08;0;0;0;0;0;0;0;0;0;0;0;0;0;0;0;0;0;0;0;0;0;0;0;0;0;0;0;1;0;0;0;0;0;0;0;0;0
08455;Tourcelles-Chaumont;44;08;0;0;0;0;0;0;0;0;0;0;0;0;0;0;0;0;0;0;0;0;0;0;0;0;0;0;0;0;0;0;0;0;0;0;0;0;0
08456;Tournavaux;44;08;0;0;0;0;0;0;0;0;0;0;0;0;0;0;0;0;0;0;0;0;1;0;0;0;1;0;0;0;0;0;0;0;0;1;0;0;0
08457;Tournes;44;08;0;0;0;0;0;0;0;0;0;0;0;0;0;0;0;0;0;1;0;0;2;0;0;0;1;7;6;5;3;0;5;0;0;3;0;0;0
08458;Tourteron;44;08;0;0;0;0;0;0;0;0;0;0;0;0;0;0;0;0;0;0;0;0;1;0;0;0;0;1;0;0;2;0;0;0;0;0;0;0;1
08459;Tremblois-lès-Carignan;44;08;0;0;0;0;0;0;0;0;0;0;0;0;0;0;0;0;0;0;0;0;1;0;0;0;0;0;0;0;0;0;0;0;0;0;0;0;0
08460;Tremblois-lès-Rocroi;44;08;0;0;0;0;0;0;0;0;0;0;0;0;0;0;0;0;1;0;0;0;0;0;0;0;0;0;0;1;1;0;0;0;0;1;0;0;0
08461;Vandy;44;08;0;0;0;0;0;0;0;0;0;0;0;0;0;0;0;0;0;0;0;0;1;0;0;0;0;1;0;1;0;0;0;0;0;0;0;0;0
08462;Vaux-Champagne;44;08;0;0;0;0;0;0;0;0;0;0;0;0;0;0;0;0;0;0;0;0;0;0;0;0;0;1;1;0;0;0;0;0;0;0;1;0;0
08463;Vaux-en-Dieulet;44;08;0;0;0;0;0;0;0;0;0;0;0;0;0;0;0;0;0;0;0;0;0;0;0;0;0;0;0;1;0;0;0;0;0;0;0;0;0
08464;Vaux-lès-Mouron;44;08;0;0;0;0;0;0;0;0;0;0;0;0;0;0;0;0;0;0;0;0;0;0;0;0;0;0;0;0;0;0;0;0;0;0;0;0;0
08465;Vaux-lès-Rubigny;44;08;0;0;0;0;0;0;0;0;0;0;0;0;0;0;0;0;0;0;0;0;0;0;0;0;0;2;0;0;0;0;0;0;0;0;0;0;0
08466;Vaux-lès-Mouzon;44;08;0;0;0;0;0;0;0;0;0;0;0;0;0;0;0;0;0;0;0;0;0;0;0;0;0;0;0;0;0;0;0;0;0;0;0;0;0
08467;Vaux-Montreuil;44;08;0;0;0;0;0;0;0;0;0;0;0;0;0;0;0;0;0;0;0;0;0;0;0;0;0;0;1;0;1;0;0;0;0;0;0;0;0
08468;Vaux-Villaine;44;08;0;0;0;0;0;0;0;0;0;0;0;0;0;0;0;0;0;0;0;0;0;0;0;0;0;0;1;0;0;0;1;0;0;1;0;0;0
08469;Vendresse;44;08;0;0;0;0;0;0;0;0;0;0;0;0;0;0;0;0;0;0;0;1;1;0;0;0;1;1;1;2;0;0;1;0;0;1;0;0;0
08470;Verpel;44;08;0;0;0;0;0;0;0;0;0;0;0;0;0;0;0;0;0;0;0;0;0;0;0;0;0;0;0;0;0;0;0;0;0;0;0;0;0
08471;Verrières;44;08;0;0;0;0;0;0;0;0;0;0;0;0;0;0;0;0;0;0;0;0;0;0;0;0;0;0;0;0;0;0;0;0;0;0;0;0;0
08472;Viel-Saint-Remy;44;08;0;0;0;0;0;0;0;0;0;0;0;0;0;0;0;0;0;0;0;0;1;0;0;0;0;2;0;0;1;0;0;0;0;0;0;0;2
08473;Vieux-lès-Asfeld;44;08;0;0;0;0;0;0;0;0;0;0;0;0;0;0;0;0;0;0;0;0;1;0;0;0;0;0;1;1;0;0;0;0;0;0;0;0;0
08475;Villers-Cernay;44;08;0;0;0;0;0;0;0;0;0;0;0;0;0;0;0;0;0;0;0;0;1;0;0;0;0;0;1;1;0;0;0;0;0;0;0;0;0
08476;Villers-devant-le-Thour;44;08;0;0;0;0;0;0;0;0;0;0;0;0;0;0;0;0;0;0;0;0;0;0;0;0;1;1;2;0;1;0;0;0;0;0;0;0;1
08477;Villers-devant-Mouzon;44;08;0;0;0;0;0;0;0;0;0;0;0;0;0;0;0;0;0;0;0;0;0;0;0;0;0;1;0;0;0;0;0;0;0;0;0;0;0
08478;Villers-le-Tilleul;44;08;0;0;0;0;0;0;0;0;0;0;0;0;0;0;0;0;0;0;0;0;0;0;0;0;0;0;0;1;1;0;0;0;0;2;0;0;0
08479;Villers-le-Tourneur;44;08;0;0;0;0;0;0;0;0;0;0;0;0;0;0;0;0;0;0;0;0;0;0;0;0;0;2;1;0;1;0;0;0;0;0;0;0;0
08480;Villers-Semeuse;44;08;0;0;0;0;0;0;0;0;0;0;0;0;0;0;0;1;0;2;0;0;2;1;0;1;5;3;9;6;4;2;3;0;0;5;0;0;1
08481;Villers-sur-Bar;44;08;0;0;0;0;0;0;0;0;0;0;0;0;0;0;0;0;0;0;0;0;0;0;0;0;3;0;0;1;0;0;1;0;0;0;0;0;0
08482;Villers-sur-le-Mont;44;08;0;0;0;0;0;0;0;0;0;0;0;0;0;0;0;0;0;0;0;0;0;0;0;0;0;0;0;1;0;0;0;0;0;0;0;0;0
08483;Ville-sur-Lumes;44;08;0;0;0;0;0;0;0;0;0;0;0;0;0;0;0;0;0;0;0;0;3;0;0;0;0;0;1;1;0;0;0;0;0;0;0;0;0
08484;Ville-sur-Retourne;44;08;0;0;0;0;0;0;0;0;0;0;0;0;0;0;0;0;0;0;0;0;0;0;0;0;1;0;0;1;0;0;0;0;0;0;0;0;0
08485;Villy;44;08;0;0;0;0;0;0;0;0;0;0;0;0;0;0;0;0;0;0;0;0;2;0;0;0;0;0;0;1;1;0;0;0;0;0;0;0;0
08486;Vireux-Molhain;44;08;0;1;0;0;0;0;0;0;0;0;0;0;1;0;0;1;0;1;0;0;5;1;0;0;3;3;1;4;1;0;3;0;1;4;0;0;1
08487;Vireux-Wallerand;44;08;0;0;0;0;0;0;0;0;0;0;0;0;0;0;0;0;0;0;0;0;1;0;0;1;3;0;1;4;3;0;3;0;0;5;0;0;2
08488;Vivier-au-Court;44;08;0;0;0;0;0;0;0;0;0;0;0;0;0;0;0;2;0;1;0;0;5;0;0;1;6;2;4;4;1;0;5;0;0;2;0;0;3
08489;Voncq;44;08;0;0;0;0;0;0;0;0;0;0;0;0;0;0;0;0;0;0;0;0;0;0;0;0;0;1;0;0;0;0;0;0;0;0;0;0;0
08490;Vouziers;44;08;0;1;0;0;0;0;0;0;0;0;3;1;1;0;0;6;3;1;0;0;7;2;0;2;2;2;3;7;7;0;9;6;1;16;2;2;3
08491;Vrigne-aux-Bois;44;08;0;1;0;0;0;0;0;0;0;0;0;0;0;0;0;2;2;1;0;0;6;1;0;1;4;2;4;2;4;3;5;3;0;8;0;1;1
08492;Vrigne-Meuse;44;08;0;0;0;0;0;0;0;0;0;0;0;0;0;0;0;0;0;0;0;0;0;0;0;0;2;0;1;1;0;0;1;0;0;1;0;0;0
08493;Vrizy;44;08;0;0;0;0;0;0;0;0;0;0;0;0;0;0;0;0;0;0;0;0;0;0;0;0;0;0;0;5;0;0;0;0;0;1;0;0;1
08494;Wadelincourt;44;08;0;0;0;0;0;0;0;0;0;0;0;0;0;0;0;0;0;0;0;0;0;0;0;0;0;1;1;1;3;0;1;0;0;0;0;0;0
08496;Wagnon;44;08;0;0;0;0;0;0;0;0;0;0;0;0;0;0;0;0;0;0;0;0;0;0;0;0;1;0;0;1;0;0;0;0;0;1;0;0;0
08497;Warcq;44;08;0;0;0;0;0;0;0;0;0;0;0;0;0;0;0;0;0;1;0;0;8;0;0;0;3;1;3;2;7;0;2;1;0;3;0;0;2
08498;Warnécourt;44;08;0;0;0;0;0;0;0;0;0;0;0;0;0;0;0;0;0;0;0;0;0;0;0;0;0;0;0;0;0;0;0;0;0;0;0;0;0
08499;Wasigny;44;08;0;0;0;0;0;0;0;0;0;0;0;0;0;0;0;0;0;0;1;0;0;0;0;0;2;0;0;1;1;0;1;0;0;0;0;0;0
08500;Wignicourt;44;08;0;0;0;0;0;0;0;0;0;0;0;0;0;0;0;0;0;0;0;0;0;0;0;0;0;0;1;0;0;0;0;0;0;0;0;0;0
08501;Williers;44;08;0;0;0;0;0;0;0;0;0;0;0;0;0;0;0;0;0;0;0;0;0;0;0;1;0;0;0;0;0;0;0;0;0;0;1;0;0
08502;Yoncq;44;08;0;0;0;0;0;0;0;0;0;0;0;0;0;0;0;0;0;0;0;0;0;0;0;0;0;1;0;0;0;0;1;0;0;0;0;0;0
08503;Yvernaumont;44;08;0;0;0;0;0;0;0;0;0;0;0;0;0;0;0;0;0;0;0;0;1;0;0;0;0;1;1;1;0;0;0;0;0;0;0;0;0
09001;Aigues-Juntes;76;09;0;0;0;0;0;0;0;0;0;0;0;0;0;0;0;0;0;0;0;0;0;0;0;0;0;0;1;0;0;0;0;0;0;0;0;0;0
09002;Aigues-Vives;76;09;0;0;0;0;0;0;0;0;0;0;0;0;0;0;0;0;0;0;0;0;0;0;0;0;4;4;0;0;1;2;1;0;0;1;0;0;0
09003;L'Aiguillon;76;09;0;0;0;0;0;0;0;0;0;0;0;0;0;0;0;0;0;0;0;0;2;0;0;0;0;1;4;1;0;0;0;0;0;1;0;0;0
09004;Albiès;76;09;0;0;0;0;0;0;0;0;0;0;0;0;0;0;0;0;0;0;0;0;0;0;0;0;0;0;0;0;0;0;0;0;0;0;0;0;1
09005;Aleu;76;09;0;0;0;0;0;0;0;0;0;0;0;0;0;0;0;0;0;0;0;1;0;0;0;0;0;1;0;0;0;1;0;0;0;0;0;0;0
09006;Alliat;76;09;0;0;0;0;0;0;0;0;0;0;0;0;0;0;0;0;0;0;0;0;0;0;0;0;0;0;0;0;0;0;0;0;0;0;0;0;0
09007;Allières;76;09;0;0;0;0;0;0;0;0;0;0;0;0;0;0;0;0;0;0;0;0;1;0;0;0;0;0;0;0;0;0;0;0;0;0;0;0;0
09008;Alos;76;09;0;0;0;0;0;0;0;0;0;0;0;0;0;0;0;0;0;0;0;0;0;0;0;0;1;0;0;1;0;0;0;0;0;0;0;0;0
09009;Alzen;76;09;0;0;0;0;0;0;0;0;0;0;0;0;0;0;0;0;0;0;0;0;0;0;0;0;4;1;2;1;0;0;0;0;0;0;1;0;0
09011;Antras;76;09;0;0;0;0;0;0;0;0;0;0;0;0;0;0;0;0;0;0;0;0;0;0;0;0;1;0;0;0;0;0;0;0;0;0;0;0;0
09012;Appy;76;09;0;0;0;0;0;0;0;0;0;0;0;0;0;0;0;0;0;0;0;0;0;0;0;0;0;0;0;0;0;0;0;0;0;0;0;0;0
09013;Arabaux;76;09;0;0;0;0;0;0;0;0;0;0;0;0;0;0;0;0;0;0;0;0;0;0;0;0;0;0;0;0;0;0;0;0;0;0;0;0;0
09014;Argein;76;09;0;0;0;0;0;0;0;0;0;0;0;0;0;0;0;0;0;0;0;0;0;0;0;0;1;1;2;0;0;0;0;0;0;2;0;0;0
09015;Arignac;76;09;0;0;0;0;0;0;0;0;0;0;0;0;0;0;0;0;0;0;0;0;2;0;0;0;2;1;2;0;0;0;0;0;0;3;0;0;0
09016;Arnave;76;09;0;0;0;0;0;0;0;0;0;0;0;0;0;0;0;0;0;0;0;0;0;0;0;0;0;1;0;0;1;0;0;0;0;0;0;0;0
09017;Arrien-en-Bethmale;76;09;0;0;0;0;0;0;0;0;0;0;0;0;0;0;0;0;0;0;0;0;0;0;0;0;2;0;1;0;0;0;0;0;0;1;0;0;0
09018;Arrout;76;09;0;0;0;0;0;0;0;0;0;0;0;0;0;0;0;0;0;0;0;0;1;0;0;0;1;0;0;1;0;0;0;0;0;0;0;0;0
09019;Artigat;76;09;0;0;0;0;0;0;0;0;0;0;0;0;0;0;0;0;0;0;0;1;1;0;0;0;3;0;1;1;1;0;1;0;0;2;1;0;1
09020;Artigues;76;09;0;0;0;0;0;0;0;0;0;0;0;0;0;0;0;0;1;0;0;0;0;0;0;0;0;0;0;0;0;0;0;0;0;1;0;0;0
09021;Artix;76;09;0;0;0;0;0;0;0;0;0;0;0;0;0;0;0;0;0;0;0;0;0;0;0;0;0;0;0;0;0;0;0;0;0;0;0;0;0
09022;Arvigna;76;09;0;0;0;0;0;0;0;0;0;0;0;0;0;0;0;0;0;0;0;0;0;0;0;0;0;0;0;0;0;0;0;0;0;0;0;0;0
09023;Ascou;76;09;0;0;0;0;0;0;0;0;0;0;0;0;0;0;0;0;0;0;0;0;0;0;0;0;0;0;1;1;0;1;0;0;0;3;0;0;0
09024;Aston;76;09;0;0;0;0;0;0;0;0;0;0;0;0;0;0;0;0;0;0;0;0;0;0;0;0;1;0;0;0;0;0;0;0;0;2;0;0;0
09025;Aucazein;76;09;0;0;0;0;0;0;0;0;0;0;0;0;0;0;0;0;0;0;0;0;0;0;0;0;1;0;0;0;0;0;0;0;0;0;0;0;0
09026;Audressein;76;09;0;0;0;0;0;0;0;0;0;0;0;0;0;0;0;0;0;0;0;0;0;0;0;0;0;0;0;0;1;0;0;0;0;1;0;0;0
09027;Augirein;76;09;0;0;0;0;0;0;0;0;0;0;0;0;0;0;0;0;0;0;0;0;0;0;0;0;1;0;0;0;0;0;0;0;0;0;0;0;0
09028;Aulos;76;09;0;0;0;0;0;0;0;0;0;0;0;0;0;0;0;0;0;0;0;0;1;0;0;0;2;0;0;0;0;0;0;0;0;0;0;0;0
09029;Aulus-les-Bains;76;09;0;0;0;0;0;0;0;0;0;0;0;0;0;0;0;0;1;0;0;1;0;0;0;0;1;0;0;0;0;0;0;0;0;5;0;0;0
09030;Auzat;76;09;0;0;0;0;0;0;0;0;0;0;0;0;0;0;0;0;0;0;0;1;2;0;0;0;3;1;1;2;0;0;1;0;0;1;0;1;0
09031;Axiat;76;09;0;0;0;0;0;0;0;0;0;0;0;0;0;0;0;0;0;0;0;0;0;0;0;0;0;0;0;0;0;0;0;0;0;0;0;0;0
09032;Ax-les-Thermes;76;09;0;1;0;0;0;0;0;0;0;0;1;0;0;0;0;4;2;1;0;0;0;0;0;0;1;1;0;7;3;2;4;2;0;36;4;1;3
09033;Bagert;76;09;0;0;0;0;0;0;0;0;0;0;0;0;0;0;0;0;0;0;0;0;0;0;0;0;2;0;0;0;0;0;0;0;0;0;0;0;0
09034;Balacet;76;09;0;0;0;0;0;0;0;0;0;0;0;0;0;0;0;0;0;0;0;0;0;0;0;0;1;0;0;0;0;0;0;0;0;0;0;0;0
09035;Balaguères;76;09;0;0;0;0;0;0;0;0;0;0;0;0;0;0;0;0;1;0;0;0;0;0;0;0;1;0;0;1;0;0;0;0;0;1;0;0;0
09037;Barjac;76;09;0;0;0;0;0;0;0;0;0;0;0;0;0;0;0;0;0;0;0;0;0;0;0;0;0;0;1;0;0;0;0;0;0;0;0;0;0
09038;La Bastide-de-Besplas;76;09;0;0;0;0;0;0;0;0;0;0;0;0;0;0;0;0;0;0;0;1;0;0;0;0;1;2;0;3;3;0;0;0;0;0;0;0;0
09039;La Bastide-de-Bousignac;76;09;0;0;0;0;0;0;0;0;0;0;0;0;0;0;0;0;1;0;0;1;2;0;0;0;1;0;2;0;1;0;0;0;0;1;1;0;0
09040;La Bastide-de-Lordat;76;09;0;0;0;0;0;0;0;0;0;0;0;0;0;0;0;0;0;0;0;0;0;0;0;0;1;2;2;0;1;0;0;0;0;1;0;0;0
09041;La Bastide-du-Salat;76;09;0;0;0;0;0;0;0;0;0;0;0;0;0;0;0;0;0;0;0;1;1;0;0;0;1;2;1;0;0;2;0;0;0;1;0;0;0
09042;La Bastide-de-Sérou;76;09;0;1;0;0;0;0;0;0;0;0;1;0;0;0;0;1;3;1;0;0;3;0;0;0;4;1;4;1;3;0;3;0;0;6;2;0;0
09043;La Bastide-sur-l'Hers;76;09;0;0;0;0;0;0;0;0;0;0;0;0;0;0;0;0;0;1;0;0;1;0;0;0;4;2;0;1;1;2;1;0;0;1;1;0;1
09044;Baulou;76;09;0;0;0;0;0;0;0;0;0;0;0;0;0;0;0;0;0;0;0;0;0;0;0;0;0;0;0;1;0;1;0;0;0;1;0;0;0
09045;Bédeilhac-et-Aynat;76;09;0;0;0;0;0;0;0;0;0;0;0;0;0;0;0;0;0;0;0;1;0;0;0;0;3;0;2;0;2;1;0;0;0;0;0;0;0
09046;Bédeille;76;09;0;0;0;0;0;0;0;0;0;0;0;0;0;0;0;0;0;0;0;0;0;0;0;0;1;0;1;0;0;0;0;0;0;0;0;0;0
09047;Bélesta;76;09;0;0;0;0;0;0;0;0;0;0;0;0;0;0;0;1;0;1;0;0;0;0;0;0;3;2;1;5;0;1;2;0;0;1;1;0;0
09048;Belloc;76;09;0;0;0;0;0;0;0;0;0;0;0;0;0;0;0;0;0;0;0;0;0;0;0;0;0;0;0;0;0;0;0;0;0;0;0;0;0
09049;Bénac;76;09;0;0;0;0;0;0;0;0;0;0;0;0;0;0;0;0;0;0;0;0;0;0;0;0;0;0;1;0;0;0;0;0;0;0;0;0;0
09050;Benagues;76;09;0;0;0;0;0;0;0;0;0;0;0;0;0;0;0;0;0;0;0;0;0;0;0;0;1;0;1;0;1;0;0;0;0;1;1;0;0
09051;Bénaix;76;09;0;0;0;0;0;0;0;0;0;0;0;0;0;0;0;0;0;0;0;0;0;0;0;0;0;0;0;0;0;0;0;0;0;1;0;0;0
09052;Besset;76;09;0;0;0;0;0;0;0;0;0;0;0;0;0;0;0;0;0;0;0;0;0;0;0;0;1;0;0;1;1;1;0;0;0;0;0;0;0
09053;Bestiac;76;09;0;0;0;0;0;0;0;0;0;0;0;0;0;0;0;0;0;0;0;0;0;0;0;0;0;0;0;0;0;0;0;0;0;0;0;0;0
09054;Betchat;76;09;0;0;0;0;0;0;0;0;0;0;0;0;0;0;0;0;0;0;0;1;0;0;0;0;1;0;1;0;0;0;0;0;0;2;0;0;1
09055;Bethmale;76;09;0;0;0;0;0;0;0;0;0;0;0;0;0;0;0;0;0;0;0;0;0;0;0;0;0;0;0;0;0;0;0;0;0;0;0;0;0
09056;Bézac;76;09;0;0;0;0;0;0;0;0;0;0;0;0;0;0;0;0;0;0;0;0;0;0;0;0;1;0;0;3;1;0;0;0;0;1;0;0;0
09057;Biert;76;09;0;0;0;0;0;0;0;0;0;0;0;0;0;0;0;0;0;0;0;1;0;0;0;0;2;0;1;0;0;1;0;0;0;1;2;0;0
09058;Bompas;76;09;0;0;0;0;0;0;0;0;0;0;0;0;0;0;0;0;0;0;0;0;0;0;0;0;1;1;0;1;0;0;0;0;0;0;0;0;1
09059;Bonac-Irazein;76;09;0;0;0;0;0;0;0;0;0;0;0;0;0;0;0;0;0;0;0;0;0;0;0;0;0;0;1;2;0;0;0;0;0;0;0;0;0
09060;Bonnac;76;09;0;0;0;0;0;0;0;0;0;0;0;0;0;0;0;0;0;1;0;0;3;0;0;0;2;1;0;1;2;0;1;0;0;2;0;0;0
09061;Les Bordes-sur-Arize;76;09;0;0;0;0;0;0;0;0;0;0;0;0;0;0;0;0;0;1;0;0;4;1;0;0;1;2;1;1;0;1;2;0;0;1;0;0;0
09062;Les Bordes-sur-Lez;76;09;0;0;0;0;0;0;0;0;0;0;0;0;0;0;0;0;0;0;0;1;0;0;0;0;1;0;0;0;0;0;0;0;0;1;0;0;0
09063;Le Bosc;76;09;0;0;0;0;0;0;0;0;0;0;0;0;0;0;0;0;0;0;0;0;0;0;0;0;0;0;1;1;0;0;0;0;0;1;0;0;0
09064;Bouan;76;09;0;0;0;0;0;0;0;0;0;0;0;0;0;0;0;0;0;0;0;0;0;0;0;0;0;0;0;0;0;0;0;0;0;0;0;0;0
09065;Boussenac;76;09;0;0;0;0;0;0;0;0;0;0;0;0;0;0;0;0;0;0;0;0;0;0;0;0;0;0;0;1;0;0;0;0;0;1;0;0;0
09066;Brassac;76;09;0;0;0;0;0;0;0;0;0;0;0;0;0;0;0;0;0;0;0;0;2;0;0;0;0;3;1;2;0;0;0;0;0;1;0;0;0
09067;Brie;76;09;0;0;0;0;0;0;0;0;0;0;0;0;0;0;0;0;0;0;0;0;0;0;0;0;0;0;1;0;1;1;0;0;0;0;0;0;0
09068;Burret;76;09;0;0;0;0;0;0;0;0;0;0;0;0;0;0;0;0;0;0;0;0;0;0;0;0;0;0;0;0;0;0;0;0;0;1;0;0;0
09069;Buzan;76;09;0;0;0;0;0;0;0;0;0;0;0;0;0;0;0;0;0;0;0;0;0;0;0;0;0;0;1;0;0;0;0;0;0;0;0;0;0
09070;Les Cabannes;76;09;0;1;0;0;0;0;0;0;0;0;0;0;0;0;0;0;0;1;0;0;0;0;0;0;0;0;1;0;0;0;2;0;0;7;0;0;1
09071;Cadarcet;76;09;0;0;0;0;0;0;0;0;0;0;0;0;0;0;0;0;0;0;0;0;1;0;0;0;1;0;1;0;2;0;0;0;0;0;0;0;1
09072;Calzan;76;09;0;0;0;0;0;0;0;0;0;0;0;0;0;0;0;0;0;0;0;0;1;0;0;0;0;0;0;0;0;0;0;0;0;0;0;0;0
09073;Camarade;76;09;0;0;0;0;0;0;0;0;0;0;0;0;0;0;0;0;0;0;0;0;0;0;0;0;0;0;2;0;0;0;0;0;0;0;0;0;0
09074;Camon;76;09;0;0;0;0;0;0;0;0;0;0;0;0;0;0;0;0;0;0;0;1;0;0;0;0;0;0;0;0;0;0;0;0;0;3;0;0;0
09075;Campagne-sur-Arize;76;09;0;0;0;0;0;0;0;0;0;0;0;0;0;0;0;0;0;0;1;0;1;0;0;0;2;1;0;0;0;0;1;0;0;0;0;0;0
09076;Canté;76;09;0;0;0;0;0;0;0;0;0;0;0;0;0;0;0;0;0;0;0;0;0;0;0;0;1;2;0;1;1;0;0;0;0;0;0;0;0
09077;Capoulet-et-Junac;76;09;0;0;0;0;0;0;0;0;0;0;0;0;0;0;0;0;0;0;0;0;0;0;0;0;0;1;1;0;0;0;0;0;0;0;0;0;0
09078;Carcanières;76;09;0;0;0;0;0;0;0;0;0;0;0;0;0;0;0;0;1;0;0;0;0;0;0;0;0;0;0;0;0;0;0;0;0;0;0;0;0
09079;Carla-Bayle;76;09;0;0;0;0;0;0;0;0;0;0;0;0;0;0;0;0;0;1;0;0;3;0;0;1;4;0;3;1;3;1;0;0;0;2;2;0;0
09080;Carla-de-Roquefort;76;09;0;0;0;0;0;0;0;0;0;0;0;0;0;0;0;0;0;0;0;0;0;0;0;0;1;0;1;1;0;0;0;0;0;1;0;0;1
09081;Le Carlaret;76;09;0;0;0;0;0;0;0;0;0;0;0;0;0;0;0;0;0;0;0;0;0;0;0;0;1;0;0;0;0;0;0;0;0;0;0;0;0
09082;Castelnau-Durban;76;09;0;0;0;0;0;0;0;0;0;0;0;0;0;0;0;0;0;0;0;1;2;0;0;0;0;0;1;1;4;0;0;0;0;2;1;0;0
09083;Castéras;76;09;0;0;0;0;0;0;0;0;0;0;0;0;0;0;0;0;0;0;0;0;0;0;0;0;0;0;0;0;0;0;0;0;0;0;0;0;0
09084;Castex;76;09;0;0;0;0;0;0;0;0;0;0;0;0;0;0;0;0;0;0;0;0;0;0;0;0;0;0;0;2;1;0;0;0;0;0;0;0;0
09085;Castillon-en-Couserans;76;09;0;1;0;0;0;0;0;0;0;0;1;0;0;0;0;2;1;1;0;0;1;0;0;0;0;1;0;2;1;0;1;0;0;6;0;0;0
09086;Caumont;76;09;0;0;0;0;0;0;0;0;0;0;0;0;0;0;0;0;0;0;0;1;0;0;0;0;4;2;0;0;0;0;0;0;0;2;0;0;0
09087;Caussou;76;09;0;0;0;0;0;0;0;0;0;0;0;0;0;0;0;0;0;0;0;0;0;0;0;0;0;0;0;0;0;0;0;0;0;0;0;0;0
09088;Caychax;76;09;0;0;0;0;0;0;0;0;0;0;0;0;0;0;0;0;0;0;0;0;0;0;0;0;0;0;0;0;0;0;0;0;0;0;0;0;0
09089;Cazals-des-Baylès;76;09;0;0;0;0;0;0;0;0;0;0;0;0;0;0;0;0;0;0;0;0;0;0;0;0;0;0;0;0;0;0;0;0;0;0;0;0;0
09090;Cazaux;76;09;0;0;0;0;0;0;0;0;0;0;0;0;0;0;0;0;0;0;0;0;0;0;0;0;0;1;1;0;0;0;0;0;0;0;0;1;0
09091;Cazavet;76;09;0;0;0;0;0;0;0;0;0;0;0;0;0;0;0;0;0;0;0;0;1;0;0;0;0;1;0;0;0;0;0;0;0;0;0;0;0
09092;Cazenave-Serres-et-Allens;76;09;0;0;0;0;0;0;0;0;0;0;0;0;0;0;0;0;0;0;0;0;0;0;0;0;0;0;1;0;0;0;0;0;0;0;0;0;0
09093;Celles;76;09;0;0;0;0;0;0;0;0;0;0;0;0;0;0;0;0;0;0;0;0;0;0;0;0;0;0;0;1;1;0;0;0;0;0;0;0;0
09094;Cérizols;76;09;0;0;0;0;0;0;0;0;0;0;0;0;0;0;0;0;0;0;0;0;0;0;0;0;1;1;0;0;1;0;0;0;0;0;0;0;0
09095;Cescau;76;09;0;0;0;0;0;0;0;0;0;0;0;0;0;0;0;0;0;0;0;0;0;0;0;0;0;1;2;2;1;1;0;0;0;0;0;0;0
09096;Château-Verdun;76;09;0;0;0;0;0;0;0;0;0;0;0;0;0;0;0;0;0;0;0;0;0;0;0;0;0;0;0;0;0;0;0;0;0;0;0;0;0
09097;Clermont;76;09;0;0;0;0;0;0;0;0;0;0;0;0;0;0;0;0;0;0;0;0;0;0;0;0;0;0;0;0;0;0;0;0;0;1;0;0;1
09098;Contrazy;76;09;0;0;0;0;0;0;0;0;0;0;0;0;0;0;0;0;0;0;0;0;0;0;0;0;2;0;0;1;1;0;0;0;0;0;0;0;0
09099;Cos;76;09;0;0;0;0;0;0;0;0;0;0;0;0;0;0;0;0;0;0;0;0;0;0;0;0;0;2;0;0;1;0;1;0;0;0;2;0;0
09100;Couflens;76;09;0;0;0;0;0;0;0;0;0;0;0;0;0;0;0;0;0;0;0;0;0;0;0;0;1;0;0;0;0;0;0;0;0;0;0;0;1
09101;Coussa;76;09;0;0;0;0;0;0;0;0;0;0;0;0;0;0;0;0;0;0;0;0;0;0;0;0;2;1;0;0;0;1;0;0;0;0;0;0;0
09102;Coutens;76;09;0;0;0;0;0;0;0;0;0;0;0;0;0;0;0;0;0;0;0;0;0;0;0;0;0;1;0;0;0;0;1;0;0;1;0;0;0
09103;Crampagna;76;09;0;0;0;0;0;0;0;0;0;0;0;0;0;0;0;0;0;0;0;0;0;0;0;0;2;6;1;1;2;0;2;0;0;2;0;0;0
09104;Dalou;76;09;0;0;0;0;0;0;0;0;0;0;0;0;0;0;0;0;0;0;0;0;2;0;0;0;0;1;0;0;5;0;2;0;0;1;0;0;0
09105;Daumazan-sur-Arize;76;09;0;0;0;0;0;0;0;0;0;0;0;0;0;0;0;1;1;1;0;0;2;0;0;0;2;0;2;4;3;1;1;1;0;4;0;0;1
09106;Dreuilhe;76;09;0;0;0;0;0;0;0;0;0;0;0;0;0;0;0;0;0;0;0;0;1;0;0;0;1;0;2;1;2;0;1;0;0;0;0;0;0
09107;Dun;76;09;0;0;0;0;0;0;0;0;0;0;0;0;0;0;0;0;0;1;0;0;0;0;0;0;1;1;1;1;3;1;0;1;0;3;1;0;1
09108;Durban-sur-Arize;76;09;0;0;0;0;0;0;0;0;0;0;0;0;0;0;0;0;0;0;0;0;0;0;0;0;2;0;0;0;0;0;1;0;0;0;0;0;0
09109;Durfort;76;09;0;0;0;0;0;0;0;0;0;0;0;0;0;0;0;0;0;0;0;0;1;0;0;0;1;1;0;0;0;0;0;0;0;0;0;0;0
09110;Encourtiech;76;09;0;0;0;0;0;0;0;0;0;0;0;0;0;0;0;0;0;0;0;0;0;0;0;0;0;0;0;1;1;0;0;0;0;0;0;0;0
09111;Engomer;76;09;0;0;0;0;0;0;0;0;0;0;0;0;0;0;0;0;1;1;0;0;0;0;0;0;1;0;2;0;0;0;0;0;0;1;0;0;0
09113;Ercé;76;09;0;0;0;0;0;0;0;0;0;0;0;0;0;0;0;0;0;0;0;1;1;0;0;0;0;0;1;2;0;0;1;0;0;1;0;0;0
09114;Erp;76;09;0;0;0;0;0;0;0;0;0;0;0;0;0;0;0;0;0;0;0;0;0;0;0;0;1;0;0;0;0;0;0;0;0;0;0;0;0
09115;Esclagne;76;09;0;0;0;0;0;0;0;0;0;0;0;0;0;0;0;0;0;0;0;0;0;0;0;0;0;0;0;0;0;0;0;0;0;0;0;0;0
09116;Escosse;76;09;0;0;0;0;0;0;0;0;0;0;0;0;0;0;0;0;0;0;0;1;1;0;0;0;5;2;2;1;2;0;0;0;0;2;0;0;0
09117;Esplas;76;09;0;0;0;0;0;0;0;0;0;0;0;0;0;0;0;0;0;0;0;0;0;0;0;0;2;1;1;0;0;0;0;0;0;0;0;0;0
09118;Esplas-de-Sérou;76;09;0;0;0;0;0;0;0;0;0;0;0;0;0;0;0;0;0;0;0;0;0;0;0;0;3;0;2;0;0;0;0;0;0;0;0;0;0
09119;Eycheil;76;09;0;0;0;0;0;0;0;0;0;0;0;0;0;0;0;0;0;0;0;0;1;0;0;0;1;0;1;0;2;0;0;0;0;0;0;0;0
09120;Fabas;76;09;0;0;0;0;0;0;0;0;0;0;0;0;0;0;0;0;0;0;0;1;0;0;0;0;2;0;1;0;0;0;0;0;0;0;0;0;0
09121;Ferrières-sur-Ariège;76;09;0;0;0;0;0;0;0;0;0;0;0;0;0;0;0;0;0;0;0;0;1;0;0;0;1;1;0;1;1;1;1;0;0;0;0;0;1
09122;Foix;76;09;2;0;0;1;1;1;1;1;0;0;12;1;0;0;0;10;2;1;0;0;13;1;1;4;25;32;19;12;9;6;28;4;1;59;17;4;10
09123;Fornex;76;09;0;0;0;0;0;0;0;0;0;0;0;0;0;0;0;0;0;0;0;0;0;0;0;0;0;1;1;0;0;0;0;0;0;1;0;0;0
09124;Le Fossat;76;09;0;1;0;0;0;0;0;0;0;0;1;0;0;0;0;1;0;1;0;0;1;0;0;1;2;4;4;5;1;1;1;0;0;4;3;0;2
09125;Fougax-et-Barrineuf;76;09;0;0;0;0;0;0;0;0;0;0;0;0;0;0;0;0;0;1;0;0;0;0;0;0;0;2;0;0;1;1;1;0;0;1;0;0;0
09126;Freychenet;76;09;0;0;0;0;0;0;0;0;0;0;0;0;0;0;0;0;0;0;0;0;0;0;0;0;0;0;0;0;0;0;0;0;0;0;0;0;0
09127;Gabre;76;09;0;0;0;0;0;0;0;0;0;0;0;0;0;0;0;0;0;0;0;0;0;0;0;0;0;0;0;0;0;0;0;0;0;2;0;0;0
09128;Gajan;76;09;0;0;0;0;0;0;0;0;0;0;0;0;0;0;0;0;0;0;0;0;0;0;0;0;4;1;2;1;2;0;0;0;0;0;1;0;0
09129;Galey;76;09;0;0;0;0;0;0;0;0;0;0;0;0;0;0;0;0;0;0;0;0;0;0;0;0;2;0;1;0;1;0;0;0;0;0;0;0;0
09130;Ganac;76;09;0;0;0;0;0;0;0;0;0;0;0;0;0;0;0;0;0;0;0;1;0;0;0;0;2;2;2;0;0;2;0;0;0;0;1;0;0
09131;Garanou;76;09;0;0;0;0;0;0;0;0;0;0;0;0;0;0;0;0;0;0;0;0;0;0;0;0;0;0;0;0;0;0;0;0;0;0;0;0;0
09132;Gaudiès;76;09;0;0;0;0;0;0;0;0;0;0;0;0;0;0;0;0;0;0;0;0;0;0;0;0;1;2;1;0;0;1;0;0;0;0;0;0;0
09133;Génat;76;09;0;0;0;0;0;0;0;0;0;0;0;0;0;0;0;0;0;0;0;0;0;0;0;0;0;0;0;0;0;0;0;0;0;1;0;0;0
09134;Gestiès;76;09;0;0;0;0;0;0;0;0;0;0;0;0;0;0;0;0;0;0;0;0;0;0;0;0;0;0;0;0;0;0;0;0;0;0;0;0;0
09135;Goulier;76;09;0;0;0;0;0;0;0;0;0;0;0;0;0;0;0;0;0;0;0;0;0;0;0;0;0;0;0;1;0;0;0;0;0;2;0;0;0
09136;Gourbit;76;09;0;0;0;0;0;0;0;0;0;0;0;0;0;0;0;0;0;0;0;0;0;0;0;0;0;1;0;0;0;0;0;0;0;1;0;0;0
09137;Gudas;76;09;0;0;0;0;0;0;0;0;0;0;0;0;0;0;0;0;0;0;0;0;0;0;0;0;0;0;1;1;0;0;0;0;0;0;0;0;0
09138;L'Herm;76;09;0;0;0;0;0;0;0;0;0;0;0;0;0;0;0;0;0;0;0;0;1;0;0;0;0;1;5;0;0;0;0;0;0;0;0;0;0
09139;L'Hospitalet-près-l'Andorre;76;09;0;0;0;0;0;0;0;0;0;0;0;0;0;0;0;0;0;1;0;0;1;0;0;0;0;0;0;0;0;0;0;0;0;0;0;0;0
09140;Ignaux;76;09;0;0;0;0;0;0;0;0;0;0;0;0;0;0;0;0;0;0;0;0;0;0;0;0;0;0;0;0;0;0;1;0;0;2;0;0;0
09141;Illartein;76;09;0;0;0;0;0;0;0;0;0;0;0;0;0;0;0;0;0;0;0;0;0;0;0;0;0;0;0;0;0;0;0;0;0;0;0;0;0
09142;Ilhat;76;09;0;0;0;0;0;0;0;0;0;0;0;0;0;0;0;0;0;0;0;0;0;0;0;0;0;1;1;0;0;1;0;0;0;0;0;0;0
09143;Illier-et-Laramade;76;09;0;0;0;0;0;0;0;0;0;0;0;0;0;0;0;0;0;0;0;0;0;0;0;0;0;1;0;0;0;0;0;0;0;0;0;0;0
09145;Les Issards;76;09;0;0;0;0;0;0;0;0;0;0;0;0;0;0;0;0;0;0;0;1;0;0;0;0;1;1;0;0;2;0;0;0;0;0;0;0;0
09146;Justiniac;76;09;0;0;0;0;0;0;0;0;0;0;0;0;0;0;0;0;0;0;0;0;0;0;0;0;0;0;0;0;0;0;0;0;0;0;1;0;0
09147;Labatut;76;09;0;0;0;0;0;0;0;0;0;0;0;0;0;0;0;0;0;0;0;0;1;0;0;0;1;0;0;0;0;0;0;0;0;0;0;0;1
09148;Lacave;76;09;0;0;0;0;0;0;0;0;0;0;0;0;0;0;0;0;0;0;0;0;0;0;0;0;0;0;0;0;0;0;0;0;0;0;0;0;0
09149;Lacourt;76;09;0;0;0;0;0;0;0;0;0;0;0;0;0;0;0;0;0;1;0;0;0;0;0;0;0;0;1;0;0;0;0;0;0;0;0;0;0
09150;Lagarde;76;09;0;0;0;0;0;0;0;0;0;0;0;0;0;0;0;0;0;0;0;0;0;0;0;0;1;0;1;1;0;0;0;0;0;0;0;0;0
09151;Lanoux;76;09;0;0;0;0;0;0;0;0;0;0;0;0;0;0;0;0;0;0;0;0;0;0;0;0;0;0;0;0;1;1;0;0;0;0;0;0;0
09152;Lapège;76;09;0;0;0;0;0;0;0;0;0;0;0;0;0;0;0;0;0;0;0;0;0;0;0;0;0;0;0;0;0;0;0;0;0;0;0;0;0
09153;Lapenne;76;09;0;0;0;0;0;0;0;0;0;0;0;0;0;0;0;0;0;0;0;0;0;0;0;0;0;1;0;0;0;0;1;0;0;1;0;0;0
09154;Larbont;76;09;0;0;0;0;0;0;0;0;0;0;0;0;0;0;0;0;0;0;0;0;1;0;0;0;0;0;1;0;0;1;0;0;0;0;0;0;0
09155;Larcat;76;09;0;0;0;0;0;0;0;0;0;0;0;0;0;0;0;0;0;0;0;0;0;0;0;0;0;0;0;0;0;0;0;0;0;1;0;0;0
09156;Larnat;76;09;0;0;0;0;0;0;0;0;0;0;0;0;0;0;0;0;0;0;0;0;0;0;0;0;0;0;0;0;0;0;0;0;0;0;0;0;0
09157;Laroque-d'Olmes;76;09;0;0;0;0;0;0;0;0;0;0;0;0;0;0;0;2;0;1;0;0;10;1;0;1;10;4;2;6;4;0;5;1;0;7;0;1;2
09158;Lasserre;76;09;0;0;0;0;0;0;0;0;0;0;0;0;0;0;0;0;0;0;0;1;0;0;0;0;1;2;5;1;1;1;0;0;0;0;0;0;0
09159;Lassur;76;09;0;0;0;0;0;0;0;0;0;0;0;0;0;0;0;0;0;0;0;0;0;0;0;0;0;0;0;0;0;0;0;0;0;0;0;0;0
09160;Lavelanet;76;09;0;1;0;0;0;0;0;0;0;0;1;1;0;0;0;7;2;1;0;0;17;1;0;1;31;21;10;10;11;7;12;2;1;16;7;2;3
09161;Léran;76;09;0;0;0;0;0;0;0;0;0;0;0;0;0;0;0;0;0;1;0;0;3;0;0;0;3;0;2;1;1;0;1;0;0;5;0;0;0
09162;Lercoul;76;09;0;0;0;0;0;0;0;0;0;0;0;0;0;0;0;0;0;0;0;0;0;0;0;0;0;0;0;0;0;0;0;0;0;0;0;0;0
09163;Lescousse;76;09;0;0;0;0;0;0;0;0;0;0;0;0;0;0;0;0;0;0;0;0;0;0;0;0;0;0;0;0;0;0;0;0;0;0;0;0;0
09164;Lescure;76;09;0;0;0;0;0;0;0;0;0;0;0;0;0;0;0;0;0;0;0;0;2;0;0;0;3;0;0;5;4;0;0;0;0;1;0;0;0
09165;Lesparrou;76;09;0;0;0;0;0;0;0;0;0;0;0;0;0;0;0;0;0;0;0;1;0;0;0;0;0;0;0;0;0;1;0;0;0;0;0;0;0
09166;Leychert;76;09;0;0;0;0;0;0;0;0;0;0;0;0;0;0;0;0;0;0;0;0;0;0;0;0;0;0;0;0;0;0;0;0;0;0;0;0;0
09167;Lézat-sur-Lèze;76;09;0;1;0;0;0;0;0;0;0;0;0;0;0;0;0;3;1;1;0;0;3;1;0;0;5;6;4;7;2;0;6;3;0;8;2;1;2
09168;Lieurac;76;09;0;0;0;0;0;0;0;0;0;0;0;0;0;0;0;0;0;0;0;0;0;0;0;0;1;0;2;0;1;0;1;0;0;0;0;0;0
09169;Limbrassac;76;09;0;0;0;0;0;0;0;0;0;0;0;0;0;0;0;0;0;0;0;0;0;0;0;0;0;0;0;1;0;0;0;0;0;0;0;0;0
09170;Lissac;76;09;0;0;0;0;0;0;0;0;0;0;0;0;0;0;0;0;0;0;0;0;0;0;0;0;0;1;0;1;2;0;0;0;0;0;0;0;0
09171;Lordat;76;09;0;0;0;0;0;0;0;0;0;0;0;0;0;0;0;0;0;0;0;0;0;0;0;0;0;0;1;0;0;0;0;0;0;1;0;0;0
09172;Loubaut;76;09;0;0;0;0;0;0;0;0;0;0;0;0;0;0;0;0;0;0;0;0;0;0;0;0;0;0;0;0;0;0;0;0;0;0;0;0;0
09173;Loubens;76;09;0;0;0;0;0;0;0;0;0;0;0;0;0;0;0;0;0;0;0;0;0;0;0;0;1;0;0;5;1;0;0;0;0;0;0;0;0
09174;Loubières;76;09;0;0;0;0;0;0;0;0;0;0;0;0;0;0;0;0;0;0;0;0;0;0;0;0;1;0;0;0;1;0;0;0;0;0;0;0;0
09175;Ludiès;76;09;0;0;0;0;0;0;0;0;0;0;0;0;0;0;0;0;0;0;0;0;0;0;0;0;0;1;0;0;0;0;0;0;0;1;0;0;0
09176;Luzenac;76;09;0;0;0;0;0;0;0;0;0;0;1;0;0;0;0;0;0;0;1;0;1;0;0;0;0;1;0;0;0;0;1;0;0;0;1;0;0
09177;Madière;76;09;0;0;0;0;0;0;0;0;0;0;0;0;0;0;0;0;0;0;0;0;0;0;0;0;0;0;0;1;1;0;0;0;0;1;1;0;0
09178;Malegoude;76;09;0;0;0;0;0;0;0;0;0;0;0;0;0;0;0;0;0;0;0;0;0;0;0;0;0;0;1;0;0;0;0;0;0;0;1;0;0
09179;Malléon;76;09;0;0;0;0;0;0;0;0;0;0;0;0;0;0;0;0;0;0;0;0;0;0;0;0;0;0;1;0;0;0;0;0;0;0;0;0;0
09180;Manses;76;09;0;0;0;0;0;0;0;0;0;0;0;0;0;0;0;0;0;0;0;0;0;0;0;0;0;0;0;0;0;1;0;0;0;0;0;0;0
09181;Le Mas-d'Azil;76;09;0;1;0;0;0;0;0;0;0;0;1;0;0;0;0;0;1;1;0;0;1;0;0;0;5;4;8;2;4;0;1;0;0;8;3;0;1
09182;Massat;76;09;0;1;0;0;0;0;0;0;0;0;0;0;0;0;0;1;0;1;0;0;1;0;0;0;6;1;2;2;1;0;2;0;0;4;1;0;0
09183;Mauvezin-de-Prat;76;09;0;0;0;0;0;0;0;0;0;0;0;0;0;0;0;0;0;0;0;0;0;0;0;0;1;2;1;0;0;0;0;0;0;0;0;0;0
09184;Mauvezin-de-Sainte-Croix;76;09;0;0;0;0;0;0;0;0;0;0;0;0;0;0;0;0;0;0;0;0;0;0;0;0;1;0;0;0;0;0;0;0;0;1;0;0;0
09185;Mazères;76;09;0;0;0;0;0;0;0;0;0;0;0;0;0;0;0;3;1;1;0;0;5;1;0;1;8;9;7;4;6;6;7;1;0;14;4;1;7
09186;Méras;76;09;0;0;0;0;0;0;0;0;0;0;0;0;0;0;0;0;0;0;0;0;0;0;0;0;0;1;1;0;1;0;1;0;0;1;0;0;1
09187;Mercenac;76;09;0;0;0;0;0;0;0;0;0;0;0;0;0;0;0;0;0;0;0;1;0;0;0;0;2;1;0;1;0;0;0;0;0;0;1;0;0
09188;Mercus-Garrabet;76;09;0;0;0;0;0;0;0;0;0;0;0;0;0;0;0;0;0;1;0;0;2;0;0;0;2;3;3;5;0;1;3;0;0;2;0;0;1
09189;Mérens-les-Vals;76;09;0;0;0;0;0;0;0;0;0;0;0;0;0;0;0;0;0;0;0;1;0;0;0;0;0;0;0;0;0;0;0;0;0;2;0;0;0
09190;Mérigon;76;09;0;0;0;0;0;0;0;0;0;0;0;0;0;0;0;0;0;0;0;0;0;0;0;0;0;0;0;3;0;0;0;0;0;0;0;0;1
09192;Miglos;76;09;0;0;0;0;0;0;0;0;0;0;0;0;0;0;0;0;0;0;0;0;0;0;0;0;0;0;0;1;0;1;0;0;0;1;0;0;0
09193;Mijanès;76;09;0;0;0;0;0;0;0;0;0;0;0;0;0;0;0;0;1;0;0;0;0;0;0;0;0;0;0;0;0;0;0;0;0;1;0;0;0
09194;Mirepoix;76;09;0;1;0;0;0;0;0;0;0;0;1;0;0;0;0;3;2;1;0;0;8;1;0;2;6;5;1;7;3;4;8;3;0;25;9;0;5
09195;Monesple;76;09;0;0;0;0;0;0;0;0;0;0;0;0;0;0;0;0;0;0;0;0;0;0;0;0;0;0;0;0;1;0;0;0;0;0;0;0;0
09196;Montagagne;76;09;0;0;0;0;0;0;0;0;0;0;0;0;0;0;0;0;0;0;0;0;0;0;0;0;0;0;0;0;0;0;0;0;0;0;0;0;0
09197;Montaillou;76;09;0;0;0;0;0;0;0;0;0;0;0;0;0;0;0;0;0;0;0;0;0;0;0;0;0;0;0;0;0;0;0;0;0;0;0;0;0
09198;Montardit;76;09;0;0;0;0;0;0;0;0;0;0;0;0;0;0;0;0;0;0;0;0;0;0;0;0;1;0;0;0;0;0;0;0;0;1;0;0;0
09199;Montaut;76;09;0;0;0;0;0;0;0;0;0;0;0;0;0;0;0;0;0;0;0;1;1;0;0;0;2;2;0;0;0;1;0;0;0;0;2;0;1
09200;Montbel;76;09;0;0;0;0;0;0;0;0;0;0;0;0;0;0;0;0;0;0;0;0;0;0;0;0;0;0;0;0;1;1;0;0;0;0;0;0;0
09201;Montégut-en-Couserans;76;09;0;0;0;0;0;0;0;0;0;0;0;0;0;0;0;0;0;0;0;0;0;0;0;0;0;0;0;1;0;1;0;0;0;0;0;0;0
09202;Montégut-Plantaurel;76;09;0;0;0;0;0;0;0;0;0;0;0;0;0;0;0;0;0;0;0;0;0;0;0;0;0;0;2;1;1;0;1;0;0;0;0;0;0
09203;Montels;76;09;0;0;0;0;0;0;0;0;0;0;0;0;0;0;0;0;0;0;0;0;0;0;0;0;0;0;0;0;0;0;0;0;0;0;0;0;0
09204;Montesquieu-Avantès;76;09;0;0;0;0;0;0;0;0;0;0;0;0;0;0;0;0;0;0;0;0;0;0;0;0;1;0;0;1;0;1;0;0;0;0;0;0;0
09205;Montfa;76;09;0;0;0;0;0;0;0;0;0;0;0;0;0;0;0;0;0;0;0;0;0;0;0;0;1;0;0;0;0;0;0;0;0;0;0;0;0
09206;Montferrier;76;09;0;0;0;0;0;0;0;0;0;0;0;0;0;0;0;0;0;1;0;0;1;0;0;0;2;0;1;1;0;1;1;0;0;7;1;0;0
09207;Montgaillard;76;09;0;0;0;0;0;0;0;0;0;0;0;0;0;0;0;0;0;1;0;0;1;1;0;1;4;3;1;9;2;1;3;0;0;3;1;0;1
09208;Montgauch;76;09;0;0;0;0;0;0;0;0;0;0;0;0;0;0;0;0;0;0;0;0;1;0;0;0;0;0;1;0;0;0;0;0;0;0;0;0;0
09209;Montjoie-en-Couserans;76;09;0;0;0;0;0;0;0;0;0;0;0;0;0;0;0;0;0;0;0;0;0;0;0;0;6;2;2;8;0;0;0;8;0;2;1;0;0
09210;Montoulieu;76;09;0;0;0;0;0;0;0;0;0;0;0;0;0;0;0;0;0;0;0;0;0;0;0;0;1;1;2;0;2;0;0;0;0;0;1;0;1
09211;Montségur;76;09;0;0;0;0;0;0;0;0;0;0;0;0;0;0;0;0;0;0;0;0;0;0;0;0;0;0;1;0;0;0;0;0;0;3;0;0;0
09212;Montseron;76;09;0;0;0;0;0;0;0;0;0;0;0;0;0;0;0;0;0;0;0;0;0;0;0;0;1;0;0;0;0;0;0;0;0;0;0;0;0
09213;Moulin-Neuf;76;09;0;0;0;0;0;0;0;0;0;0;0;0;0;0;0;0;1;0;0;0;0;0;0;0;1;0;0;0;0;0;0;0;0;0;0;0;0
09214;Moulis;76;09;0;0;0;0;0;0;0;0;0;0;0;0;0;0;0;0;1;0;0;1;1;0;0;0;4;1;1;1;0;0;2;0;0;0;0;0;0
09215;Nalzen;76;09;0;0;0;0;0;0;0;0;0;0;0;0;0;0;0;0;0;0;0;1;1;0;0;0;0;0;0;0;1;0;0;0;0;0;0;0;0
09216;Nescus;76;09;0;0;0;0;0;0;0;0;0;0;0;0;0;0;0;0;0;0;0;0;0;0;0;0;0;0;0;0;0;0;0;0;0;0;0;0;0
09217;Niaux;76;09;0;0;0;0;0;0;0;0;0;0;0;0;0;0;0;0;0;0;0;1;0;0;0;0;1;0;0;0;0;0;0;0;0;1;0;0;0
09218;Orgeix;76;09;0;0;0;0;0;0;0;0;0;0;0;0;0;0;0;0;0;0;0;0;0;0;0;0;0;0;0;0;0;0;0;0;0;0;0;0;0
09219;Orgibet;76;09;0;0;0;0;0;0;0;0;0;0;0;0;0;0;0;0;0;0;0;1;0;0;0;0;0;0;1;0;0;1;0;0;0;1;0;0;0
09220;Orlu;76;09;0;0;0;0;0;0;0;0;0;0;0;0;0;0;0;0;0;0;0;0;0;0;0;0;0;0;0;0;0;1;0;0;0;1;0;0;0
09221;Ornolac-Ussat-les-Bains;76;09;0;0;0;0;0;0;0;0;0;0;0;0;0;0;0;0;0;1;0;0;0;0;0;0;3;0;0;0;0;0;0;0;0;2;0;0;0
09222;Orus;76;09;0;0;0;0;0;0;0;0;0;0;0;0;0;0;0;0;0;0;0;0;0;0;0;0;0;0;0;0;0;0;0;0;0;0;0;0;0
09223;Oust;76;09;0;1;0;0;0;0;0;0;0;0;1;0;0;0;0;0;0;1;0;0;2;0;0;0;3;1;2;2;2;0;2;0;0;3;0;0;0
09224;Pailhès;76;09;0;0;0;0;0;0;0;0;0;0;0;0;0;0;0;0;0;0;0;1;3;0;0;0;3;0;3;1;0;1;0;0;0;1;0;1;1
09225;Pamiers;76;09;1;1;0;0;0;0;0;0;0;0;2;1;0;0;0;11;5;1;0;0;43;2;2;6;32;43;19;19;25;13;30;4;13;63;20;6;15
09226;Pech;76;09;0;0;0;0;0;0;0;0;0;0;0;0;0;0;0;0;0;0;0;0;0;0;0;0;0;0;0;0;0;0;0;0;0;0;0;0;0
09227;Péreille;76;09;0;0;0;0;0;0;0;0;0;0;0;0;0;0;0;0;0;0;0;0;0;0;0;0;0;0;1;1;0;0;0;0;0;0;1;0;0
09228;Perles-et-Castelet;76;09;0;0;0;0;0;0;0;0;0;0;0;0;0;0;0;0;0;0;0;0;2;0;0;0;2;1;1;1;0;0;0;0;0;1;0;0;0
09229;Le Peyrat;76;09;0;0;0;0;0;0;0;0;0;0;0;0;0;0;0;0;0;0;0;0;0;0;0;0;2;2;1;0;2;1;1;0;0;1;0;0;0
09230;Le Pla;76;09;0;0;0;0;0;0;0;0;0;0;0;0;0;0;0;0;1;0;0;1;1;0;0;0;0;0;0;0;0;0;1;1;0;1;0;0;0
09231;Le Port;76;09;0;0;0;0;0;0;0;0;0;0;0;0;0;0;0;0;0;0;0;0;0;0;0;0;1;0;0;0;1;0;0;0;0;2;0;0;0
09232;Prades;76;09;0;0;0;0;0;0;0;0;0;0;0;0;0;0;0;0;0;0;0;1;0;0;1;0;1;0;0;0;0;0;0;0;0;2;0;0;0
09233;Pradettes;76;09;0;0;0;0;0;0;0;0;0;0;0;0;0;0;0;0;0;0;0;0;0;0;0;0;0;0;0;0;0;0;0;0;0;0;0;0;0
09234;Pradières;76;09;0;0;0;0;0;0;0;0;0;0;0;0;0;0;0;0;0;0;0;0;0;0;0;0;1;0;0;0;0;0;0;0;0;1;0;0;0
09235;Prat-Bonrepaux;76;09;0;1;0;0;0;0;0;0;0;0;0;0;0;0;0;1;0;1;0;0;1;0;0;0;5;0;1;1;0;1;2;0;0;2;0;0;0
09236;Prayols;76;09;0;0;0;0;0;0;0;0;0;0;0;0;0;0;0;0;0;0;0;0;0;0;0;0;0;0;1;0;0;0;0;0;0;0;0;0;1
09237;Le Puch;76;09;0;0;0;0;0;0;0;0;0;0;0;0;0;0;0;0;1;0;0;0;0;0;0;0;0;0;0;0;0;0;0;0;0;0;0;0;0
09238;Les Pujols;76;09;0;0;0;0;0;0;0;0;0;0;0;0;0;0;0;0;0;0;0;0;1;0;0;0;2;2;3;2;0;2;1;0;0;1;0;0;1
09239;Quérigut;76;09;0;1;0;0;0;0;0;0;0;0;0;0;0;0;0;1;1;1;0;0;0;0;0;0;0;0;1;1;0;0;0;0;0;1;0;0;0
09240;Quié;76;09;0;0;0;0;0;0;0;0;0;0;0;0;0;0;0;0;0;0;0;0;0;0;0;0;1;0;1;0;0;0;0;0;0;1;0;0;0
09241;Rabat-les-Trois-Seigneurs;76;09;0;0;0;0;0;0;0;0;0;0;0;0;0;0;0;0;0;0;0;1;1;0;0;0;7;0;1;1;2;0;0;0;0;3;1;0;0
09242;Raissac;76;09;0;0;0;0;0;0;0;0;0;0;0;0;0;0;0;0;0;0;0;0;0;0;0;0;0;0;0;0;0;0;0;0;0;1;0;0;0
09243;Régat;76;09;0;0;0;0;0;0;0;0;0;0;0;0;0;0;0;0;0;0;0;0;0;0;0;0;2;0;0;0;0;0;0;0;0;1;0;0;0
09244;Rieucros;76;09;0;0;0;0;0;0;0;0;0;0;0;0;0;0;0;0;0;0;0;1;2;0;1;0;3;1;2;0;1;0;1;0;0;2;0;0;1
09245;Rieux-de-Pelleport;76;09;0;0;0;0;0;0;0;0;0;0;0;0;0;0;0;0;0;0;0;0;2;0;0;0;3;2;3;1;3;0;1;0;0;3;1;0;0
09246;Rimont;76;09;0;0;0;0;0;0;0;0;0;0;0;0;0;0;0;0;0;0;0;1;0;0;0;0;1;0;2;2;1;0;0;0;0;3;0;0;0
09247;Rivèrenert;76;09;0;0;0;0;0;0;0;0;0;0;0;0;0;0;0;0;0;0;0;1;0;0;0;0;0;0;0;0;1;0;0;0;0;0;0;0;0
09249;Roquefixade;76;09;0;0;0;0;0;0;0;0;0;0;0;0;0;0;0;0;0;0;0;0;0;0;0;0;0;0;1;0;0;0;0;0;0;1;2;0;0
09250;Roquefort-les-Cascades;76;09;0;0;0;0;0;0;0;0;0;0;0;0;0;0;0;0;0;0;0;0;0;0;0;0;0;0;0;0;0;0;0;0;0;0;1;0;0
09251;Roumengoux;76;09;0;0;0;0;0;0;0;0;0;0;0;0;0;0;0;0;0;0;0;0;0;0;0;0;0;0;0;0;0;0;0;0;0;0;0;0;0
09252;Rouze;76;09;0;0;0;0;0;0;0;0;0;0;0;0;0;0;0;0;1;0;0;1;1;0;0;0;0;0;0;0;0;0;0;0;0;0;0;0;0
09253;Sabarat;76;09;0;0;0;0;0;0;0;0;0;0;0;0;0;0;0;0;0;0;0;0;1;0;0;0;2;1;3;0;0;1;0;0;0;0;0;0;0
09254;Saint-Amadou;76;09;0;0;0;0;0;0;0;0;0;0;0;0;0;0;0;0;0;0;0;1;0;0;0;0;0;0;0;0;0;0;0;0;0;0;0;0;0
09255;Saint-Amans;76;09;0;0;0;0;0;0;0;0;0;0;0;0;0;0;0;0;0;0;0;0;0;0;0;0;0;1;0;0;0;0;0;0;0;0;0;0;0
09256;Saint-Bauzeil;76;09;0;0;0;0;0;0;0;0;0;0;0;0;0;0;0;0;0;0;0;0;0;0;0;0;0;0;0;0;0;0;0;0;0;0;0;0;0
09257;Sainte-Croix-Volvestre;76;09;0;1;0;0;0;0;0;0;0;0;0;0;0;0;0;2;0;1;0;0;2;0;0;0;5;1;2;2;0;0;2;0;0;3;2;0;1
09258;Saint-Félix-de-Rieutord;76;09;0;0;0;0;0;0;0;0;0;0;0;0;0;0;0;0;0;0;0;0;0;0;0;0;2;0;0;1;1;0;2;0;0;1;0;0;0
09259;Saint-Félix-de-Tournegat;76;09;0;0;0;0;0;0;0;0;0;0;0;0;0;0;0;0;0;0;0;0;0;0;0;0;0;0;0;0;0;2;0;0;0;0;0;0;0
09260;Sainte-Foi;76;09;0;0;0;0;0;0;0;0;0;0;0;0;0;0;0;0;0;0;0;0;0;0;0;0;0;0;0;0;0;0;0;0;0;0;0;0;0
09261;Saint-Girons;76;09;0;1;0;0;1;0;0;0;0;0;3;1;0;0;0;10;1;1;0;1;16;2;0;5;14;13;14;9;6;2;25;2;2;40;9;3;6
09262;Saint-Jean-d'Aigues-Vives;76;09;0;0;0;0;0;0;0;0;0;0;0;0;0;0;0;1;0;0;0;0;2;0;0;0;2;0;0;0;1;0;0;0;0;1;1;0;0
09263;Saint-Jean-du-Castillonnais;76;09;0;0;0;0;0;0;0;0;0;0;0;0;0;0;0;0;0;0;0;0;0;0;0;0;0;0;0;0;0;0;0;0;0;1;0;0;0
09264;Saint-Jean-de-Verges;76;09;0;0;0;0;0;0;0;0;0;0;0;0;0;0;0;0;0;1;0;0;4;1;1;0;4;3;2;4;5;0;2;2;0;6;0;0;0
09265;Saint-Jean-du-Falga;76;09;0;0;0;0;0;0;0;0;0;0;0;0;0;0;0;2;0;1;0;0;7;2;0;1;5;4;4;4;3;0;5;0;0;5;1;0;4
09266;Saint-Julien-de-Gras-Capou;76;09;0;0;0;0;0;0;0;0;0;0;0;0;0;0;0;0;0;0;0;0;0;0;0;0;0;0;2;0;0;0;0;0;0;0;0;0;0
09267;Saint-Lary;76;09;0;0;0;0;0;0;0;0;0;0;0;0;0;0;0;0;0;0;0;0;0;0;0;0;0;0;0;0;1;0;0;0;0;0;0;0;0
09268;Saint-Lizier;76;09;0;0;0;0;0;0;0;0;0;0;0;0;0;0;0;0;0;0;0;1;5;1;0;0;4;1;1;1;0;0;2;0;0;6;0;0;1
09269;Saint-Martin-de-Caralp;76;09;0;0;0;0;0;0;0;0;0;0;0;0;0;0;0;0;0;0;0;0;0;0;0;0;1;0;2;1;0;0;0;0;0;0;0;0;0
09270;Saint-Martin-d'Oydes;76;09;0;0;0;0;0;0;0;0;0;0;0;0;0;0;0;0;0;0;0;1;0;0;0;0;3;0;0;1;0;0;0;0;0;0;0;0;0
09271;Saint-Michel;76;09;0;0;0;0;0;0;0;0;0;0;0;0;0;0;0;0;0;0;0;0;1;0;0;0;0;0;1;0;0;1;0;0;0;0;0;0;0
09272;Saint-Paul-de-Jarrat;76;09;0;0;0;0;0;0;0;0;0;0;0;0;0;0;0;0;1;1;0;0;3;0;0;0;6;1;2;2;2;1;2;0;0;2;0;0;0
09273;Saint-Pierre-de-Rivière;76;09;0;0;0;0;0;0;0;0;0;0;0;0;0;0;0;0;1;1;0;0;1;0;0;0;1;0;1;1;0;0;1;0;0;0;2;0;0
09274;Saint-Quentin-la-Tour;76;09;0;0;0;0;0;0;0;0;0;0;0;0;0;0;0;0;0;0;0;1;0;0;0;0;0;1;0;1;0;1;0;0;0;1;0;0;0
09275;Saint-Quirc;76;09;0;0;0;0;0;0;0;0;0;0;0;0;0;0;0;0;0;0;0;1;0;0;0;0;2;0;0;2;0;0;0;0;0;1;0;0;1
09276;Saint-Victor-Rouzaud;76;09;0;0;0;0;0;0;0;0;0;0;0;0;0;0;0;0;0;0;0;0;1;0;0;0;2;0;0;0;1;0;1;0;0;0;0;0;0
09277;Saint-Ybars;76;09;0;0;0;0;0;0;0;0;0;0;0;0;0;0;0;0;0;0;0;1;1;0;0;0;3;0;3;1;0;0;1;0;0;3;1;0;1
09279;Salsein;76;09;0;0;0;0;0;0;0;0;0;0;0;0;0;0;0;0;0;0;0;0;0;0;0;0;2;0;1;0;0;0;0;0;0;0;0;0;0
09280;Saurat;76;09;0;0;0;0;0;0;0;0;0;0;0;0;0;0;0;0;1;1;0;0;0;0;0;0;6;0;3;0;1;0;1;0;0;2;1;0;1
09281;Sautel;76;09;0;0;0;0;0;0;0;0;0;0;0;0;0;0;0;0;0;0;0;0;0;0;0;0;2;0;0;0;1;0;0;0;0;0;0;0;0
09282;Saverdun;76;09;0;1;0;0;0;0;0;0;0;0;1;0;0;0;0;4;2;1;0;0;6;1;0;2;9;12;6;5;4;0;12;2;0;12;3;2;6
09283;Savignac-les-Ormeaux;76;09;0;0;0;0;0;0;0;0;0;0;0;0;0;0;0;0;0;0;0;0;0;0;0;0;0;1;0;1;0;0;1;0;0;3;0;0;0
09284;Ségura;76;09;0;0;0;0;0;0;0;0;0;0;0;0;0;0;0;0;0;0;0;0;0;0;0;0;0;0;0;0;0;0;0;0;0;0;0;0;1
09285;Seix;76;09;0;0;0;0;0;0;0;0;0;0;0;0;0;0;0;0;0;1;0;0;1;0;0;0;2;1;1;1;2;2;1;0;0;5;1;1;1
09286;Sem;76;09;0;0;0;0;0;0;0;0;0;0;0;0;0;0;0;0;0;0;0;0;0;0;0;0;0;0;0;0;0;0;0;0;0;0;1;0;0
09287;Senconac;76;09;0;0;0;0;0;0;0;0;0;0;0;0;0;0;0;0;0;0;0;0;0;0;0;0;0;0;0;0;0;0;0;0;0;0;0;0;0
09289;Lorp-Sentaraille;76;09;0;0;0;0;0;0;0;0;0;0;0;0;0;0;0;0;0;0;0;1;11;0;0;0;9;6;3;3;4;1;2;0;0;4;0;1;1
09290;Sentein;76;09;0;0;0;0;0;0;0;0;0;0;0;0;0;0;0;0;1;1;0;0;0;0;0;0;0;1;1;0;0;0;0;0;0;1;0;0;0
09291;Sentenac-d'Oust;76;09;0;0;0;0;0;0;0;0;0;0;0;0;0;0;0;0;0;0;0;0;1;0;0;0;1;0;1;0;0;0;0;0;0;1;0;0;0
09292;Sentenac-de-Sérou;76;09;0;0;0;0;0;0;0;0;0;0;0;0;0;0;0;0;0;0;0;0;0;0;0;0;0;0;0;0;1;0;0;0;0;0;0;0;0
09293;Serres-sur-Arget;76;09;0;0;0;0;0;0;0;0;0;0;0;0;0;0;0;0;0;0;0;1;0;0;0;0;2;2;1;0;0;0;0;0;0;1;0;0;0
09294;Sieuras;76;09;0;0;0;0;0;0;0;0;0;0;0;0;0;0;0;0;0;0;0;0;0;0;0;0;0;0;0;0;1;0;0;0;0;1;0;0;0
09295;Siguer;76;09;0;0;0;0;0;0;0;0;0;0;0;0;0;0;0;0;0;0;0;0;0;0;0;0;0;0;0;0;0;0;0;0;0;1;0;0;0
09296;Sinsat;76;09;0;0;0;0;0;0;0;0;0;0;0;0;0;0;0;0;0;0;0;0;1;0;0;0;1;0;1;0;1;0;0;0;0;1;0;0;0
09297;Sor;76;09;0;0;0;0;0;0;0;0;0;0;0;0;0;0;0;0;0;0;0;0;0;0;0;0;0;0;0;0;0;0;0;0;0;0;0;0;0
09298;Sorgeat;76;09;0;0;0;0;0;0;0;0;0;0;0;0;0;0;0;0;0;0;0;0;0;0;0;0;0;0;0;0;0;0;0;0;0;3;0;0;1
09299;Soueix-Rogalle;76;09;0;0;0;0;0;0;0;0;0;0;0;0;0;0;0;0;0;0;0;1;2;0;0;0;2;1;2;0;0;1;0;0;0;5;0;0;0
09300;Soula;76;09;0;0;0;0;0;0;0;0;0;0;0;0;0;0;0;0;0;0;0;0;0;0;0;0;0;0;0;0;0;0;0;0;0;0;0;0;0
09301;Soulan;76;09;0;0;0;0;0;0;0;0;0;0;0;0;0;0;0;0;0;0;0;1;0;0;0;0;3;1;0;4;1;0;0;0;0;0;0;0;0
09302;Suc-et-Sentenac;76;09;0;0;0;0;0;0;0;0;0;0;0;0;0;0;0;0;0;0;0;0;0;0;0;0;0;0;0;0;0;0;0;0;0;0;0;0;0
09303;Surba;76;09;0;0;0;0;0;0;0;0;0;0;0;0;0;0;0;0;0;0;0;0;0;0;0;0;1;1;1;1;0;0;1;0;0;0;0;0;0
09304;Suzan;76;09;0;0;0;0;0;0;0;0;0;0;0;0;0;0;0;0;0;0;0;0;0;0;0;0;0;0;0;0;0;0;0;0;0;0;0;0;0
09305;Tabre;76;09;0;0;0;0;0;0;0;0;0;0;0;0;0;0;0;0;1;0;0;0;1;1;0;0;1;1;0;0;1;0;0;0;0;0;1;0;0
09306;Tarascon-sur-Ariège;76;09;0;1;0;0;0;0;0;0;0;0;1;0;0;0;0;5;1;1;0;0;8;4;0;2;4;4;4;8;4;1;11;1;0;15;9;2;3
09307;Taurignan-Castet;76;09;0;0;0;0;0;0;0;0;0;0;0;0;0;0;0;0;0;0;0;0;0;0;0;0;0;3;0;2;1;0;0;0;0;0;0;0;0
09308;Taurignan-Vieux;76;09;0;0;0;0;0;0;0;0;0;0;0;0;0;0;0;0;0;0;0;0;0;0;0;0;0;0;1;0;1;0;1;0;0;0;0;0;0
09309;Teilhet;76;09;0;0;0;0;0;0;0;0;0;0;0;0;0;0;0;0;0;0;0;0;0;0;0;0;2;0;0;0;0;0;0;0;0;0;0;0;0
09310;Thouars-sur-Arize;76;09;0;0;0;0;0;0;0;0;0;0;0;0;0;0;0;0;0;0;0;0;1;0;0;0;0;0;0;0;0;0;0;0;0;0;0;0;0
09311;Tignac;76;09;0;0;0;0;0;0;0;0;0;0;0;0;0;0;0;0;0;0;0;0;0;0;0;0;0;0;0;0;0;0;0;0;0;0;0;0;0
09312;La Tour-du-Crieu;76;09;0;0;0;0;0;0;0;0;0;0;0;0;0;0;0;0;0;1;0;0;3;0;0;2;2;4;2;8;2;2;2;0;0;4;1;1;2
09313;Tourtouse;76;09;0;0;0;0;0;0;0;0;0;0;0;0;0;0;0;0;0;0;0;0;0;0;0;0;0;0;0;0;0;0;0;0;0;1;0;0;0
09314;Tourtrol;76;09;0;0;0;0;0;0;0;0;0;0;0;0;0;0;0;0;0;0;0;0;0;0;1;0;2;0;0;1;0;1;0;0;0;0;0;0;0
09315;Trémoulet;76;09;0;0;0;0;0;0;0;0;0;0;0;0;0;0;0;0;0;0;0;0;0;0;0;0;0;1;0;0;0;0;0;0;0;0;0;0;0
09316;Troye-d'Ariège;76;09;0;0;0;0;0;0;0;0;0;0;0;0;0;0;0;0;0;0;0;0;0;0;0;0;0;0;0;0;0;0;0;0;0;0;1;0;0
09317;Uchentein;76;09;0;0;0;0;0;0;0;0;0;0;0;0;0;0;0;0;0;0;0;0;0;0;0;0;0;0;0;0;0;0;0;0;0;0;0;0;0
09318;Unac;76;09;0;0;0;0;0;0;0;0;0;0;0;0;0;0;0;0;0;0;0;0;0;0;0;0;0;0;0;1;0;0;0;0;0;0;0;0;0
09319;Unzent;76;09;0;0;0;0;0;0;0;0;0;0;0;0;0;0;0;0;0;0;0;0;0;0;0;0;1;1;0;0;0;0;0;0;0;0;1;0;0
09320;Urs;76;09;0;0;0;0;0;0;0;0;0;0;0;0;0;0;0;0;0;0;0;0;0;0;0;0;0;0;0;0;0;0;0;0;0;0;0;0;0
09321;Ussat;76;09;0;0;0;0;0;0;0;0;0;0;0;0;0;0;0;0;0;0;0;0;0;0;0;0;1;0;0;0;0;0;0;0;0;0;1;0;0
09322;Ustou;76;09;0;0;0;0;0;0;0;0;0;0;0;0;0;0;0;0;0;0;1;1;0;0;0;0;2;2;1;2;2;0;0;0;0;10;1;0;0
09323;Vals;76;09;0;0;0;0;0;0;0;0;0;0;0;0;0;0;0;0;0;0;0;0;1;0;0;0;2;0;0;0;1;0;0;0;0;0;0;0;1
09324;Varilhes;76;09;0;1;0;0;0;0;0;0;0;0;1;0;0;0;0;2;2;1;0;0;6;1;0;1;10;7;8;7;3;5;9;0;0;4;4;0;3
09325;Vaychis;76;09;0;0;0;0;0;0;0;0;0;0;0;0;0;0;0;0;0;0;0;0;0;0;0;0;0;0;0;1;0;0;0;0;0;0;0;0;0
09326;Vèbre;76;09;0;0;0;0;0;0;0;0;0;0;0;0;0;0;0;0;0;0;0;0;1;0;0;0;0;0;0;0;2;0;0;0;0;2;0;0;0
09327;Ventenac;76;09;0;0;0;0;0;0;0;0;0;0;0;0;0;0;0;0;0;0;0;0;0;0;0;0;1;1;1;0;0;0;1;0;0;0;0;0;0
09328;Verdun;76;09;0;0;0;0;0;0;0;0;0;0;0;0;0;0;0;0;0;0;0;0;0;0;0;0;0;0;0;0;0;0;0;0;0;0;0;0;0
09329;Vernajoul;76;09;0;0;0;0;0;0;0;0;0;0;0;0;0;0;0;0;0;0;0;0;0;0;0;0;2;5;0;1;0;1;0;0;0;0;0;0;0
09330;Vernaux;76;09;0;0;0;0;0;0;0;0;0;0;0;0;0;0;0;0;0;0;0;0;0;0;0;0;1;0;0;0;0;0;0;0;0;0;0;0;0
09331;Le Vernet;76;09;0;0;0;0;0;0;0;0;0;0;0;0;0;0;0;0;0;0;0;1;0;0;0;0;3;3;0;0;0;0;0;0;0;1;1;0;0
09332;Verniolle;76;09;0;0;0;0;0;0;0;0;0;0;0;0;0;0;0;0;0;1;0;0;7;0;0;0;5;2;2;7;3;1;5;0;0;3;4;0;3
09334;Vicdessos;76;09;0;0;0;0;0;0;0;0;0;0;1;0;0;0;0;0;0;1;0;0;1;0;0;0;1;1;0;1;3;0;0;0;0;4;0;1;0
09335;Villeneuve;76;09;0;0;0;0;0;0;0;0;0;0;0;0;0;0;0;0;0;0;0;0;0;0;0;0;1;0;0;1;0;1;0;0;0;0;0;0;0
09336;Villeneuve-d'Olmes;76;09;0;0;0;0;0;0;0;0;0;0;0;0;0;0;0;0;1;1;0;0;3;1;0;0;3;1;2;0;1;0;3;0;0;0;2;0;0
09338;Villeneuve-du-Latou;76;09;0;0;0;0;0;0;0;0;0;0;0;0;0;0;0;0;0;0;0;0;1;0;0;0;3;0;0;1;0;0;0;0;0;0;0;0;0
09339;Villeneuve-du-Paréage;76;09;0;0;0;0;0;0;0;0;0;0;0;0;0;0;0;0;0;0;0;0;1;0;0;0;2;0;2;2;1;0;1;0;0;0;0;0;1
09340;Vira;76;09;0;0;0;0;0;0;0;0;0;0;0;0;0;0;0;0;0;0;0;0;0;0;0;0;0;0;0;0;0;0;0;0;0;0;0;0;0
09341;Viviès;76;09;0;0;0;0;0;0;0;0;0;0;0;0;0;0;0;0;0;0;0;0;0;0;0;0;1;0;0;0;0;0;1;0;0;0;0;0;0
09342;Sainte-Suzanne;76;09;0;0;0;0;0;0;0;0;0;0;0;0;0;0;0;0;0;0;0;0;1;0;0;0;3;0;0;1;0;0;0;0;0;0;0;0;0
10002;Ailleville;44;10;0;0;0;0;0;0;0;0;0;0;0;0;0;0;0;0;0;0;0;0;1;0;0;0;0;0;0;0;0;0;0;0;0;1;0;0;0
10003;Aix-Villemaur-Pâlis;44;10;0;1;0;0;0;0;0;0;0;0;1;0;0;0;0;3;2;1;0;2;8;0;0;1;3;6;6;5;5;0;5;1;0;9;4;0;3
10004;Allibaudières;44;10;0;0;0;0;0;0;0;0;0;0;0;0;0;0;0;0;0;0;0;0;0;0;0;0;0;0;0;0;0;0;0;0;0;0;0;0;0
10005;Amance;44;10;0;0;0;0;0;0;0;0;0;0;0;0;0;0;0;0;0;0;0;0;1;0;0;0;0;0;0;0;0;0;0;0;0;2;0;0;1
10006;Arcis-sur-Aube;44;10;0;1;0;0;0;0;0;0;0;0;1;1;0;0;0;4;4;1;0;0;10;2;0;2;1;3;5;4;1;0;5;0;1;8;2;2;3
10007;Arconville;44;10;0;0;0;0;0;0;0;0;0;0;0;0;0;0;0;0;0;0;0;0;0;0;0;0;0;0;0;0;0;0;0;0;0;0;0;0;0
10008;Argançon;44;10;0;0;0;0;0;0;0;0;0;0;0;0;0;0;0;0;0;0;0;0;0;0;0;0;1;0;0;0;0;0;0;0;0;0;0;0;0
10009;Arrelles;44;10;0;0;0;0;0;0;0;0;0;0;0;0;0;0;0;0;0;0;0;0;1;0;0;0;0;0;0;0;0;0;0;0;0;0;0;0;0
10010;Arrembécourt;44;10;0;0;0;0;0;0;0;0;0;0;0;0;0;0;0;0;0;0;0;0;0;0;0;0;0;0;0;0;0;0;0;0;0;0;0;0;0
10011;Arrentières;44;10;0;0;0;0;0;0;0;0;0;0;0;0;0;0;0;0;0;0;0;0;0;0;0;0;0;0;0;0;0;0;0;0;0;0;0;0;0
10012;Arsonval;44;10;0;0;0;0;0;0;0;0;0;0;0;0;0;0;0;0;0;0;0;0;0;0;0;0;0;1;0;1;0;0;0;0;0;2;0;0;0
10013;Assenay;44;10;0;0;0;0;0;0;0;0;0;0;0;0;0;0;0;0;0;0;0;0;0;0;0;0;1;0;0;0;0;0;0;0;0;0;0;0;0
10014;Assencières;44;10;0;0;0;0;0;0;0;0;0;0;0;0;0;0;0;0;0;0;0;0;1;0;0;0;0;0;0;1;0;0;0;0;0;0;2;0;0
10015;Aubeterre;44;10;0;0;0;0;0;0;0;0;0;0;0;0;0;0;0;0;1;0;0;0;1;0;0;0;0;0;1;0;0;0;3;0;0;1;0;0;0
10017;Aulnay;44;10;0;0;0;0;0;0;0;0;0;0;0;0;0;0;0;0;0;0;0;0;1;0;0;0;0;0;1;0;0;0;0;0;0;0;0;0;0
10018;Auxon;44;10;0;0;0;0;0;0;0;0;0;0;0;0;0;0;0;0;0;0;1;0;5;0;0;1;3;2;0;1;1;0;1;1;0;2;1;0;0
10019;Val-d'Auzon;44;10;0;0;0;0;0;0;0;0;0;0;0;0;0;0;0;0;0;0;0;0;0;0;0;0;0;0;1;0;0;0;0;0;0;0;0;0;0
10020;Avant-lès-Marcilly;44;10;0;0;0;0;0;0;0;0;0;0;0;0;0;0;0;0;0;0;1;0;1;0;0;0;0;1;0;2;1;0;0;0;0;1;1;0;0
10021;Avant-lès-Ramerupt;44;10;0;0;0;0;0;0;0;0;0;0;0;0;0;0;0;0;0;0;0;0;0;0;0;0;0;0;0;0;0;0;0;0;0;0;0;0;1
10022;Avirey-Lingey;44;10;0;0;0;0;0;0;0;0;0;0;0;0;0;0;0;0;0;0;0;0;0;0;0;0;0;0;0;0;0;0;0;0;0;0;0;0;0
10023;Avon-la-Pèze;44;10;0;0;0;0;0;0;0;0;0;0;0;0;0;0;0;0;0;0;0;0;0;0;0;0;1;0;0;0;0;0;0;0;0;0;0;0;1
10024;Avreuil;44;10;0;0;0;0;0;0;0;0;0;0;0;0;0;0;0;0;0;0;0;0;0;0;0;0;0;0;0;0;1;0;0;0;0;0;0;0;0
10025;Bagneux-la-Fosse;44;10;0;0;0;0;0;0;0;0;0;0;0;0;0;0;0;0;0;0;0;0;0;0;0;0;0;0;0;0;0;0;0;0;0;0;0;0;0
10026;Bailly-le-Franc;44;10;0;0;0;0;0;0;0;0;0;0;0;0;0;0;0;0;0;0;0;0;0;0;0;0;0;0;0;0;0;0;0;0;0;0;0;0;0
10027;Balignicourt;44;10;0;0;0;0;0;0;0;0;0;0;0;0;0;0;0;0;0;0;0;0;0;0;0;0;0;0;0;0;0;0;0;0;0;0;0;0;0
10028;Balnot-la-Grange;44;10;0;0;0;0;0;0;0;0;0;0;0;0;0;0;0;0;0;0;0;0;2;0;0;0;0;0;0;0;0;0;0;0;0;0;0;0;0
10029;Balnot-sur-Laignes;44;10;0;0;0;0;0;0;0;0;0;0;0;0;0;0;0;0;0;0;0;0;1;0;0;0;0;0;0;0;0;0;0;0;0;0;0;0;0
10030;Barberey-Saint-Sulpice;44;10;0;1;0;0;0;0;0;0;0;0;0;0;0;0;0;0;0;1;0;0;9;1;0;0;3;2;1;4;4;0;2;0;0;4;2;0;1
10031;Barbuise;44;10;0;0;0;0;0;0;0;0;0;0;0;0;0;0;0;0;0;0;0;0;1;0;0;0;2;1;1;2;0;0;0;0;0;1;0;0;0
10032;Baroville;44;10;0;0;0;0;0;0;0;0;0;0;0;0;0;0;0;0;0;0;0;0;0;0;0;0;0;0;0;0;0;0;0;0;0;0;0;0;0
10033;Bar-sur-Aube;44;10;0;1;0;0;0;0;0;0;0;0;2;1;1;0;0;7;3;1;0;0;14;2;0;3;6;4;4;5;8;1;13;2;3;15;2;5;5
10034;Bar-sur-Seine;44;10;0;1;0;0;0;0;0;0;0;0;1;1;0;0;0;7;1;1;0;0;9;2;0;2;5;7;1;6;3;0;6;3;0;14;4;2;4
10035;Bayel;44;10;0;0;0;0;0;0;0;0;0;0;0;0;0;0;0;0;1;0;0;1;1;0;0;0;1;0;1;2;1;0;2;0;0;0;0;0;2
10037;Bercenay-en-Othe;44;10;0;0;0;0;0;0;0;0;0;0;0;0;0;0;0;0;0;0;1;0;0;0;0;0;1;4;0;0;0;0;0;0;0;1;0;0;0
10038;Bercenay-le-Hayer;44;10;0;0;0;0;0;0;0;0;0;0;0;0;0;0;0;0;0;0;0;0;0;0;0;0;0;0;0;0;2;0;0;0;0;0;0;0;0
10039;Bergères;44;10;0;0;0;0;0;0;0;0;0;0;0;0;0;0;0;0;0;0;0;0;0;0;0;0;0;0;0;0;0;0;0;0;0;0;0;0;0
10040;Bernon;44;10;0;0;0;0;0;0;0;0;0;0;0;0;0;0;0;0;0;0;0;0;0;0;0;0;2;0;0;0;1;0;0;0;0;0;0;0;0
10041;Bertignolles;44;10;0;0;0;0;0;0;0;0;0;0;0;0;0;0;0;0;0;0;0;0;0;0;0;0;0;0;0;0;0;0;0;0;0;0;0;0;0
10042;Bérulle;44;10;0;0;0;0;0;0;0;0;0;0;0;0;0;0;0;0;0;0;0;0;0;0;0;0;0;2;1;1;0;0;0;0;0;0;0;0;0
10043;Bessy;44;10;0;0;0;0;0;0;0;0;0;0;0;0;0;0;0;0;0;0;0;0;0;0;0;0;1;0;1;0;0;0;0;0;0;1;0;0;0
10044;Bétignicourt;44;10;0;0;0;0;0;0;0;0;0;0;0;0;0;0;0;0;0;0;0;0;0;0;0;0;0;0;1;0;0;0;0;0;0;0;0;0;0
10045;Beurey;44;10;0;0;0;0;0;0;0;0;0;0;0;0;0;0;0;0;0;0;0;0;1;0;0;0;0;0;1;3;1;0;0;0;0;1;0;0;0
10046;Blaincourt-sur-Aube;44;10;0;0;0;0;0;0;0;0;0;0;0;0;0;0;0;0;0;0;0;0;0;0;0;0;0;0;0;1;0;0;0;0;0;0;0;0;0
10047;Blignicourt;44;10;0;0;0;0;0;0;0;0;0;0;0;0;0;0;0;0;0;0;0;0;0;0;0;0;0;0;0;0;0;0;0;0;0;0;0;0;0
10048;Bligny;44;10;0;0;0;0;0;0;0;0;0;0;0;0;0;0;0;0;0;0;0;0;0;0;0;0;0;0;0;0;0;0;0;0;0;1;0;0;0
10049;Les Bordes-Aumont;44;10;0;0;0;0;0;0;0;0;0;0;0;0;0;0;0;0;0;1;0;0;0;0;0;0;2;4;2;3;0;0;0;0;0;2;0;0;0
10050;Bossancourt;44;10;0;0;0;0;0;0;0;0;0;0;0;0;0;0;0;0;0;0;0;0;0;0;0;0;1;0;0;1;1;0;1;0;0;0;0;0;1
10051;Bouilly;44;10;0;1;0;0;0;0;0;0;0;0;1;0;0;0;0;1;0;1;0;0;1;0;0;0;3;0;3;1;1;0;1;0;0;1;0;0;0
10052;Boulages;44;10;0;0;0;0;0;0;0;0;0;0;0;0;0;0;0;0;0;0;0;0;0;0;0;0;0;0;0;0;0;0;0;0;0;1;1;0;0
10053;Bouranton;44;10;0;0;0;0;0;0;0;0;0;0;0;0;0;0;0;0;0;0;0;0;0;0;0;0;0;0;1;2;0;0;1;0;0;0;0;0;0
10054;Bourdenay;44;10;0;0;0;0;0;0;0;0;0;0;0;0;0;0;0;0;0;0;0;0;0;0;0;0;0;0;1;0;1;0;0;0;0;0;0;0;0
10055;Bourguignons;44;10;0;0;0;0;0;0;0;0;0;0;0;0;0;0;0;0;0;0;0;0;0;0;0;0;0;0;0;0;0;0;0;0;0;1;0;0;0
10056;Bouy-Luxembourg;44;10;0;0;0;0;0;0;0;0;0;0;0;0;0;0;0;0;0;0;0;0;1;0;0;0;0;0;0;0;0;0;0;0;0;0;0;0;0
10057;Bouy-sur-Orvin;44;10;0;0;0;0;0;0;0;0;0;0;0;0;0;0;0;0;0;0;0;0;0;0;0;0;0;0;0;0;0;0;0;0;0;0;0;0;0
10058;Bragelogne-Beauvoir;44;10;0;0;0;0;0;0;0;0;0;0;0;0;0;0;0;0;0;0;0;0;0;0;0;0;1;0;0;1;0;0;0;0;0;1;0;0;0
10059;Braux;44;10;0;0;0;0;0;0;0;0;0;0;0;0;0;0;0;0;0;0;0;0;0;0;0;0;1;1;1;0;0;0;0;0;0;0;0;0;0
10060;Bréviandes;44;10;0;1;0;0;0;0;0;0;0;0;0;0;0;0;0;1;0;1;0;0;7;0;0;0;3;6;7;7;1;2;2;0;0;3;0;0;2
10061;Brévonnes;44;10;0;0;0;0;0;0;0;0;0;0;0;0;0;0;0;0;0;0;1;0;0;0;0;0;1;0;0;3;0;0;2;0;0;1;0;0;0
10062;Briel-sur-Barse;44;10;0;0;0;0;0;0;0;0;0;0;0;0;0;0;0;0;0;0;0;0;0;0;0;0;1;0;0;0;0;0;0;0;0;0;0;0;0
10063;Brienne-la-Vieille;44;10;0;0;0;0;0;0;0;0;0;0;0;0;0;0;0;0;0;0;0;0;0;0;0;0;1;0;0;0;0;0;0;0;0;3;0;0;0
10064;Brienne-le-Château;44;10;0;1;0;0;0;0;0;0;0;0;1;0;1;0;0;5;1;1;0;0;8;3;0;3;3;3;4;1;3;0;9;0;0;11;1;1;4
10065;Brillecourt;44;10;0;0;0;0;0;0;0;0;0;0;0;0;0;0;0;0;0;0;0;0;0;0;0;0;0;0;2;0;0;0;0;0;0;0;0;0;0
10066;Bucey-en-Othe;44;10;0;0;0;0;0;0;0;0;0;0;0;0;0;0;0;0;0;0;0;0;1;0;0;0;0;1;1;3;1;0;0;0;0;0;0;0;0
10067;Buchères;44;10;0;0;0;0;0;0;0;0;0;0;0;0;0;0;0;0;0;0;1;0;5;0;1;0;2;4;3;1;2;0;3;1;0;2;0;0;2
10068;Buxeuil;44;10;0;0;0;0;0;0;0;0;0;0;0;0;0;0;0;0;0;0;0;0;0;0;0;0;0;0;0;1;0;0;0;0;0;0;0;0;0
10069;Buxières-sur-Arce;44;10;0;0;0;0;0;0;0;0;0;0;0;0;0;0;0;0;0;0;0;0;0;0;0;0;0;0;1;0;0;0;0;0;0;0;0;0;0
10070;Celles-sur-Ource;44;10;0;0;0;0;0;0;0;0;0;0;0;0;0;0;0;0;0;0;1;0;1;0;0;0;2;0;1;1;0;0;0;0;0;0;0;0;0
10071;Chacenay;44;10;0;0;0;0;0;0;0;0;0;0;0;0;0;0;0;0;0;0;0;0;0;0;0;0;0;0;0;0;0;0;0;0;0;0;0;0;0
10072;La Chaise;44;10;0;0;0;0;0;0;0;0;0;0;0;0;0;0;0;0;0;0;0;0;0;0;0;0;0;0;0;0;0;0;0;0;0;0;0;0;0
10073;Chalette-sur-Voire;44;10;0;0;0;0;0;0;0;0;0;0;0;0;0;0;0;0;0;0;0;0;0;0;0;0;0;0;0;0;0;0;0;0;0;1;0;0;0
10074;Chamoy;44;10;0;0;0;0;0;0;0;0;0;0;0;0;0;0;0;0;0;0;1;0;2;0;0;0;0;0;1;0;2;0;2;0;0;1;0;0;0
10075;Champfleury;44;10;0;0;0;0;0;0;0;0;0;0;0;0;0;0;0;0;0;0;0;0;0;0;0;0;1;0;0;0;0;0;0;0;0;0;0;0;0
10076;Champignol-lez-Mondeville;44;10;0;0;0;0;0;0;0;0;0;0;0;0;0;0;0;0;0;0;1;0;0;0;0;0;0;0;2;0;0;0;0;0;0;0;0;0;0
10077;Champigny-sur-Aube;44;10;0;0;0;0;0;0;0;0;0;0;0;0;0;0;0;0;0;0;0;0;0;0;0;0;0;1;0;0;0;0;0;0;0;1;0;0;0
10078;Champ-sur-Barse;44;10;0;0;0;0;0;0;0;0;0;0;0;0;0;0;0;0;0;0;0;0;0;0;0;0;0;0;0;0;0;0;1;0;0;0;0;0;0
10079;Channes;44;10;0;0;0;0;0;0;0;0;0;0;0;0;0;0;0;0;0;0;0;0;1;0;0;0;2;0;0;0;0;0;0;0;0;0;0;0;0
10080;Chaource;44;10;0;1;0;0;0;0;0;0;0;0;1;1;0;0;0;1;1;1;0;0;3;0;0;1;0;3;1;2;0;0;3;3;0;2;1;0;1
10081;La Chapelle-Saint-Luc;44;10;0;0;0;0;0;0;0;0;0;0;0;0;2;0;0;5;0;1;0;1;20;3;3;5;16;17;22;27;15;7;14;1;0;23;1;0;6
10082;Chapelle-Vallon;44;10;0;0;0;0;0;0;0;0;0;0;0;0;0;0;0;0;0;0;0;0;0;0;0;0;1;0;1;0;0;0;0;0;0;1;0;0;0
10083;Chappes;44;10;0;0;0;0;0;0;0;0;0;0;0;0;0;0;0;0;0;0;0;0;0;0;0;0;0;0;0;1;0;0;0;0;0;0;1;0;0
10084;Charmont-sous-Barbuise;44;10;0;0;0;0;0;0;0;0;0;0;0;0;0;0;0;0;0;0;0;1;2;0;0;0;5;2;2;1;0;0;2;0;0;1;0;0;0
10085;Charmoy;44;10;0;0;0;0;0;0;0;0;0;0;0;0;0;0;0;0;0;0;0;0;0;0;0;0;0;0;0;0;0;0;0;0;0;0;0;0;0
10086;Charny-le-Bachot;44;10;0;0;0;0;0;0;0;0;0;0;0;0;0;0;0;0;0;0;0;0;0;0;0;0;1;0;0;0;0;0;0;0;0;0;0;0;0
10087;Chaserey;44;10;0;0;0;0;0;0;0;0;0;0;0;0;0;0;0;0;0;0;0;0;0;0;0;0;0;0;0;1;0;0;0;0;0;0;0;0;0
10089;Châtres;44;10;0;0;0;0;0;0;0;0;0;0;0;0;0;0;0;0;0;0;0;0;1;0;0;0;0;0;0;0;0;1;0;0;0;0;0;0;0
10090;Chauchigny;44;10;0;0;0;0;0;0;0;0;0;0;0;0;0;0;0;0;0;0;0;0;0;0;0;0;0;1;0;2;0;0;0;0;0;1;0;0;0
10091;Chaudrey;44;10;0;0;0;0;0;0;0;0;0;0;0;0;0;0;0;0;0;0;0;0;0;0;0;0;0;0;0;0;0;0;0;0;0;1;0;0;0
10092;Chauffour-lès-Bailly;44;10;0;0;0;0;0;0;0;0;0;0;0;0;0;0;0;0;0;0;0;0;1;0;0;0;0;0;0;1;0;0;0;0;0;0;0;0;0
10093;Chaumesnil;44;10;0;0;0;0;0;0;0;0;0;0;0;0;0;0;0;0;0;0;0;0;0;0;0;0;0;0;1;0;0;0;0;0;0;0;0;0;0
10094;Chavanges;44;10;0;1;0;0;0;0;0;0;0;0;0;0;0;0;0;0;0;0;1;0;3;0;0;0;2;2;1;3;0;0;1;4;0;2;0;0;0
10095;Le Chêne;44;10;0;0;0;0;0;0;0;0;0;0;0;0;0;0;0;0;0;0;0;0;1;0;0;0;1;0;0;2;0;0;0;0;0;1;0;0;0
10096;Chennegy;44;10;0;0;0;0;0;0;0;0;0;0;0;0;0;0;0;0;0;0;0;0;1;0;0;0;0;1;0;2;1;0;0;0;0;0;0;0;0
10097;Chervey;44;10;0;0;0;0;0;0;0;0;0;0;0;0;0;0;0;0;0;0;0;0;0;0;0;0;0;0;0;0;0;0;0;0;0;0;0;0;0
10098;Chesley;44;10;0;0;0;0;0;0;0;0;0;0;0;0;0;0;0;0;0;0;0;1;0;0;0;0;3;1;0;2;0;0;0;0;0;0;0;0;0
10099;Chessy-les-Prés;44;10;0;0;0;0;0;0;0;0;0;0;0;0;0;0;0;0;0;0;0;0;1;0;0;0;1;0;2;1;0;0;0;0;0;1;0;0;1
10100;Clérey;44;10;0;0;0;0;0;0;0;0;0;0;0;0;0;0;0;0;0;0;0;1;1;0;0;0;1;3;3;6;3;0;1;0;0;1;0;1;1
10101;Coclois;44;10;0;0;0;0;0;0;0;0;0;0;0;0;0;0;0;0;0;0;0;0;1;0;0;0;0;0;1;0;1;0;1;0;0;0;0;0;0
10102;Colombé-la-Fosse;44;10;0;0;0;0;0;0;0;0;0;0;0;0;0;0;0;0;0;0;0;0;0;0;0;0;0;0;0;0;1;0;0;0;0;0;0;0;0
10103;Colombé-le-Sec;44;10;0;0;0;0;0;0;0;0;0;0;0;0;0;0;0;0;0;0;0;0;0;0;0;0;0;0;1;0;0;0;0;0;0;0;0;0;0
10104;Cormost;44;10;0;0;0;0;0;0;0;0;0;0;0;0;0;0;0;0;0;0;0;0;0;0;0;0;1;1;1;0;1;0;0;0;0;0;0;0;0
10105;Courcelles-sur-Voire;44;10;0;0;0;0;0;0;0;0;0;0;0;0;0;0;0;0;0;0;0;0;0;0;0;0;0;0;0;0;0;0;0;0;0;0;0;0;0
10106;Courceroy;44;10;0;0;0;0;0;0;0;0;0;0;0;0;0;0;0;0;0;0;0;0;1;0;0;0;0;0;0;1;1;0;1;0;0;0;0;0;0
10107;Coursan-en-Othe;44;10;0;0;0;0;0;0;0;0;0;0;0;0;0;0;0;0;0;0;0;0;0;0;0;0;0;0;0;0;0;0;0;0;0;0;0;0;0
10108;Courtaoult;44;10;0;0;0;0;0;0;0;0;0;0;0;0;0;0;0;0;0;0;0;0;0;0;0;0;0;0;0;0;0;0;0;0;0;0;0;0;0
10109;Courtenot;44;10;0;0;0;0;0;0;0;0;0;0;0;0;0;0;0;0;0;0;0;0;0;0;0;0;0;1;0;1;0;0;1;0;0;0;0;0;0
10110;Courteranges;44;10;0;0;0;0;0;0;0;0;0;0;0;0;0;0;0;0;0;0;0;0;1;0;0;0;0;1;5;5;0;0;1;0;0;0;0;0;2
10111;Courteron;44;10;0;0;0;0;0;0;0;0;0;0;0;0;0;0;0;0;0;0;0;0;1;0;0;0;2;0;0;0;0;0;0;0;0;1;0;0;0
10112;Coussegrey;44;10;0;0;0;0;0;0;0;0;0;0;0;0;0;0;0;0;0;0;0;0;1;0;0;0;1;0;0;0;0;0;0;0;0;3;0;0;0
10113;Couvignon;44;10;0;0;0;0;0;0;0;0;0;0;0;0;0;0;0;0;0;0;0;0;0;0;1;0;1;1;0;0;0;0;1;0;0;1;0;0;1
10114;Crancey;44;10;0;0;0;0;0;0;0;0;0;0;0;0;0;0;0;0;0;0;1;0;3;0;0;0;1;0;0;1;0;0;1;0;0;1;0;0;0
10115;Creney-près-Troyes;44;10;0;0;0;0;0;0;0;0;0;0;0;0;0;0;0;0;0;0;0;1;5;1;0;0;1;5;3;7;2;2;3;0;0;4;1;0;2
10116;Crésantignes;44;10;0;0;0;0;0;0;0;0;0;0;0;0;0;0;0;0;0;0;0;0;0;0;0;0;2;0;2;0;1;0;0;0;0;1;0;0;0
10117;Crespy-le-Neuf;44;10;0;0;0;0;0;0;0;0;0;0;0;0;0;0;0;0;0;0;0;0;0;0;0;0;0;0;0;0;0;0;0;0;0;0;0;0;0
10118;Les Croûtes;44;10;0;0;0;0;0;0;0;0;0;0;0;0;0;0;0;0;0;0;0;0;0;0;0;0;1;0;1;1;0;0;0;0;0;0;0;0;0
10119;Cunfin;44;10;0;0;0;0;0;0;0;0;0;0;0;0;0;0;0;0;0;0;1;0;0;0;0;0;0;0;0;1;0;0;0;0;0;0;0;0;0
10120;Cussangy;44;10;0;0;0;0;0;0;0;0;0;0;0;0;0;0;0;0;0;0;0;0;1;0;0;0;0;0;0;1;1;0;0;0;0;0;0;0;1
10121;Dampierre;44;10;0;0;0;0;0;0;0;0;0;0;0;0;0;0;0;0;0;0;0;1;1;0;0;0;1;0;2;1;0;0;1;0;0;0;0;0;0
10122;Davrey;44;10;0;0;0;0;0;0;0;0;0;0;0;0;0;0;0;0;0;0;0;0;2;0;0;0;1;0;0;1;0;0;0;0;0;0;0;0;0
10123;Dienville;44;10;0;0;0;0;0;0;0;0;0;0;0;0;0;0;0;0;0;0;0;1;1;0;0;1;2;0;1;1;2;0;1;0;0;8;0;0;1
10124;Dierrey-Saint-Julien;44;10;0;0;0;0;0;0;0;0;0;0;0;0;0;0;0;0;0;0;0;0;0;0;0;0;0;0;0;0;1;0;0;0;0;0;0;0;0
10125;Dierrey-Saint-Pierre;44;10;0;0;0;0;0;0;0;0;0;0;0;0;0;0;0;0;0;0;0;0;0;0;0;0;1;0;0;0;1;0;0;0;0;0;0;0;0
10126;Dolancourt;44;10;0;0;0;0;0;0;0;0;0;0;0;0;0;0;0;0;0;0;0;0;1;0;0;0;0;0;1;0;0;0;0;0;0;1;0;0;0
10127;Dommartin-le-Coq;44;10;0;0;0;0;0;0;0;0;0;0;0;0;0;0;0;0;0;0;0;0;0;0;0;0;0;0;0;0;0;0;0;0;0;0;0;0;0
10128;Donnement;44;10;0;0;0;0;0;0;0;0;0;0;0;0;0;0;0;0;0;0;0;0;0;0;0;0;0;0;0;0;0;0;0;0;0;0;0;0;1
10129;Dosches;44;10;0;0;0;0;0;0;0;0;0;0;0;0;0;0;0;0;0;0;0;0;1;0;0;0;0;1;1;0;0;0;1;0;0;0;0;0;0
10130;Dosnon;44;10;0;0;0;0;0;0;0;0;0;0;0;0;0;0;0;0;0;0;0;0;0;0;0;0;0;0;0;0;0;0;0;0;0;0;0;0;0
10131;Droupt-Saint-Basle;44;10;0;0;0;0;0;0;0;0;0;0;0;0;0;0;0;0;0;0;0;0;0;0;0;0;0;2;0;0;1;0;0;0;0;1;0;0;1
10132;Droupt-Sainte-Marie;44;10;0;0;0;0;0;0;0;0;0;0;0;0;0;0;0;0;0;0;0;0;2;0;0;0;0;1;1;1;1;0;0;0;0;1;0;0;0
10133;Eaux-Puiseaux;44;10;0;0;0;0;0;0;0;0;0;0;0;0;0;0;0;0;0;0;1;0;2;0;0;0;0;0;0;0;0;0;0;0;0;1;0;0;0
10134;Échemines;44;10;0;0;0;0;0;0;0;0;0;0;0;0;0;0;0;0;0;0;0;0;0;0;0;0;0;0;0;0;0;0;0;0;0;0;0;0;0
10135;Éclance;44;10;0;0;0;0;0;0;0;0;0;0;0;0;0;0;0;0;0;0;0;0;0;0;0;0;1;0;0;0;0;0;0;0;0;0;0;0;0
10136;Éguilly-sous-Bois;44;10;0;0;0;0;0;0;0;0;0;0;0;0;0;0;0;0;0;0;0;0;0;0;0;0;0;0;0;0;0;0;0;0;0;0;0;0;0
10137;Engente;44;10;0;0;0;0;0;0;0;0;0;0;0;0;0;0;0;0;0;0;0;0;0;0;0;0;0;0;0;0;0;0;0;0;0;0;0;0;0
10138;Épagne;44;10;0;0;0;0;0;0;0;0;0;0;0;0;0;0;0;0;0;0;0;0;1;0;0;0;0;0;0;0;0;0;0;0;0;0;0;0;0
10139;Épothémont;44;10;0;0;0;0;0;0;0;0;0;0;0;0;0;0;0;0;0;0;0;0;0;0;0;0;1;0;2;0;0;0;0;0;0;0;0;0;0
10140;Ervy-le-Châtel;44;10;0;1;0;0;0;0;0;0;0;0;0;1;0;0;0;1;1;1;0;0;1;0;0;0;2;0;2;3;0;0;4;0;0;4;0;0;1
10141;Essoyes;44;10;0;1;0;0;0;0;0;0;0;0;0;1;0;0;0;1;0;1;0;0;1;0;0;2;2;1;3;1;3;0;2;0;0;5;0;0;1
10142;Estissac;44;10;0;1;0;0;0;0;0;0;0;0;1;0;1;0;0;2;1;1;0;0;5;1;0;1;4;2;3;8;4;0;2;0;0;4;0;0;2
10143;Étourvy;44;10;0;0;0;0;0;0;0;0;0;0;0;0;0;0;0;0;0;0;0;0;1;0;0;0;1;1;1;2;0;0;0;0;0;0;0;0;0
10144;Étrelles-sur-Aube;44;10;0;0;0;0;0;0;0;0;0;0;0;0;0;0;0;0;0;0;0;0;0;0;0;0;0;0;1;0;0;0;1;0;0;0;0;0;0
10145;Faux-Villecerf;44;10;0;0;0;0;0;0;0;0;0;0;0;0;0;0;0;0;0;0;0;0;0;0;0;0;1;0;0;0;0;0;0;0;0;0;0;0;0
10146;Fay-lès-Marcilly;44;10;0;0;0;0;0;0;0;0;0;0;0;0;0;0;0;0;0;0;0;0;0;0;0;0;0;0;0;0;1;0;0;0;0;0;0;0;0
10147;Fays-la-Chapelle;44;10;0;0;0;0;0;0;0;0;0;0;0;0;0;0;0;0;0;0;0;0;0;0;0;0;0;0;0;0;0;0;1;0;0;0;0;0;0
10148;Ferreux-Quincey;44;10;0;0;0;0;0;0;0;0;0;0;0;0;0;0;0;0;0;0;0;0;1;0;0;0;3;0;0;0;0;0;0;0;0;0;0;0;0
10149;Feuges;44;10;0;0;0;0;0;0;0;0;0;0;0;0;0;0;0;0;0;0;0;0;0;0;0;0;0;0;1;3;1;0;0;0;0;0;0;0;0
10150;Fontaine;44;10;0;0;0;0;0;0;0;0;0;0;0;0;0;0;0;0;0;0;0;0;0;0;0;0;0;1;0;0;0;0;0;0;0;1;0;0;0
10151;Fontaine-les-Grès;44;10;0;0;0;0;0;0;0;0;0;0;0;0;0;0;0;0;0;0;0;1;3;0;0;1;3;2;1;2;0;0;2;0;0;3;0;0;1
10153;Fontaine-Mâcon;44;10;0;0;0;0;0;0;0;0;0;0;0;0;0;0;0;0;0;0;0;0;0;0;0;0;4;0;1;0;1;1;0;0;0;1;0;0;1
10154;Fontenay-de-Bossery;44;10;0;0;0;0;0;0;0;0;0;0;0;0;0;0;0;0;0;0;0;0;0;0;0;0;0;0;0;0;0;0;0;0;0;0;0;0;0
10155;Fontette;44;10;0;0;0;0;0;0;0;0;0;0;0;0;0;0;0;0;0;0;0;0;1;0;0;0;0;0;0;1;0;0;1;0;0;0;0;0;1
10156;Fontvannes;44;10;0;0;0;0;0;0;0;0;0;0;0;0;0;0;0;0;0;0;1;0;0;0;0;0;2;4;2;1;0;0;3;0;0;1;0;0;0
10157;La Fosse-Corduan;44;10;0;0;0;0;0;0;0;0;0;0;0;0;0;0;0;0;0;0;0;0;0;0;0;0;0;0;0;0;0;0;0;0;0;0;0;0;0
10158;Fouchères;44;10;0;0;0;0;0;0;0;0;0;0;0;0;0;0;0;0;0;0;0;0;1;0;0;0;0;3;0;3;2;0;1;0;0;2;0;0;0
10159;Fralignes;44;10;0;0;0;0;0;0;0;0;0;0;0;0;0;0;0;0;0;0;0;0;0;0;0;0;0;0;0;0;0;0;0;0;0;0;0;0;0
10160;Fravaux;44;10;0;0;0;0;0;0;0;0;0;0;0;0;0;0;0;0;0;0;0;0;0;0;0;1;0;0;0;0;0;0;0;0;0;0;0;0;0
10161;Fresnay;44;10;0;0;0;0;0;0;0;0;0;0;0;0;0;0;0;0;0;0;0;0;0;0;0;0;0;0;0;0;0;0;0;0;0;0;0;0;0
10162;Fresnoy-le-Château;44;10;0;0;0;0;0;0;0;0;0;0;0;0;0;0;0;0;0;0;0;0;0;0;0;0;2;0;1;1;0;0;0;0;0;0;0;0;0
10163;Fuligny;44;10;0;0;0;0;0;0;0;0;0;0;0;0;0;0;0;0;0;0;0;0;0;0;0;0;0;0;0;0;0;0;0;0;0;0;0;0;0
10164;Gélannes;44;10;0;0;0;0;0;0;0;0;0;0;0;0;0;0;0;0;0;0;0;0;1;0;0;0;5;0;0;1;0;0;0;0;0;0;0;0;0
10165;Géraudot;44;10;0;0;0;0;0;0;0;0;0;0;0;0;0;0;0;0;0;0;1;0;0;0;0;0;0;0;0;1;0;0;0;0;0;2;1;0;0
10166;Les Grandes-Chapelles;44;10;0;0;0;0;0;0;0;0;0;0;0;0;0;0;0;0;0;0;0;0;1;0;0;0;1;0;0;4;0;1;0;0;0;0;0;0;0
10167;Grandville;44;10;0;0;0;0;0;0;0;0;0;0;0;0;0;0;0;0;0;0;0;0;0;0;0;0;0;0;0;0;0;0;0;0;0;0;0;0;0
10168;Les Granges;44;10;0;0;0;0;0;0;0;0;0;0;0;0;0;0;0;0;0;0;0;0;0;0;0;0;1;1;0;0;0;0;0;0;0;0;0;0;0
10169;Gumery;44;10;0;0;0;0;0;0;0;0;0;0;0;0;0;0;0;0;0;0;0;0;1;0;0;0;0;0;0;0;0;0;0;0;0;0;0;0;0
10170;Gyé-sur-Seine;44;10;0;0;0;0;0;0;0;0;0;0;0;0;0;0;0;0;0;0;0;1;1;0;0;0;0;2;1;0;0;0;2;0;0;2;0;0;1
10171;Hampigny;44;10;0;0;0;0;0;0;0;0;0;0;0;0;0;0;0;0;0;0;0;0;0;0;0;0;1;0;0;0;0;0;1;0;0;0;1;0;0
10172;Herbisse;44;10;0;0;0;0;0;0;0;0;0;0;0;0;0;0;0;0;0;0;0;0;0;0;0;0;0;0;1;0;0;0;0;0;0;0;0;0;0
10173;Isle-Aumont;44;10;0;0;0;0;0;0;0;0;0;0;0;0;0;0;0;0;0;0;0;0;1;0;0;0;1;2;1;1;0;1;0;0;0;0;0;0;0
10174;Isle-Aubigny;44;10;0;0;0;0;0;0;0;0;0;0;0;0;0;0;0;0;0;0;0;0;0;0;0;0;0;0;0;1;0;0;0;0;0;0;0;0;0
10175;Jasseines;44;10;0;0;0;0;0;0;0;0;0;0;0;0;0;0;0;0;0;0;0;0;1;0;0;0;0;0;1;0;0;0;0;0;0;0;0;0;0
10176;Jaucourt;44;10;0;0;0;0;0;0;0;0;0;0;0;0;0;0;0;0;0;0;0;0;0;0;0;0;1;0;1;0;0;0;0;0;0;0;0;0;0
10177;Javernant;44;10;0;0;0;0;0;0;0;0;0;0;0;0;0;0;0;0;0;0;0;0;0;0;0;0;1;0;0;1;0;0;1;0;0;0;0;0;1
10178;Jessains;44;10;0;0;0;0;0;0;0;0;0;0;0;0;0;0;0;0;0;0;0;1;0;0;0;0;0;2;0;1;0;0;0;0;0;1;0;0;0
10179;Jeugny;44;10;0;0;0;0;0;0;0;0;0;0;0;0;0;0;0;0;0;0;0;1;0;0;0;0;0;0;0;1;0;0;0;0;0;0;0;0;0
10180;Joncreuil;44;10;0;0;0;0;0;0;0;0;0;0;0;0;0;0;0;0;0;0;0;0;0;0;0;0;0;0;0;0;0;0;0;0;0;0;0;0;0
10181;Jully-sur-Sarce;44;10;0;0;0;0;0;0;0;0;0;0;0;0;0;0;0;0;0;0;0;0;0;0;0;0;0;0;0;0;0;0;0;0;0;1;0;0;0
10182;Juvancourt;44;10;0;0;0;0;0;0;0;0;0;0;0;0;0;0;0;0;0;0;0;0;1;0;0;0;0;0;0;0;0;0;0;0;0;0;0;0;0
10183;Juvanzé;44;10;0;0;0;0;0;0;0;0;0;0;0;0;0;0;0;0;0;0;0;0;0;0;0;0;0;0;0;0;0;0;0;0;0;0;0;0;0
10184;Juzanvigny;44;10;0;0;0;0;0;0;0;0;0;0;0;0;0;0;0;0;0;0;0;0;0;0;0;0;0;0;0;0;0;1;0;0;0;1;0;0;0
10185;Lagesse;44;10;0;0;0;0;0;0;0;0;0;0;0;0;0;0;0;0;0;0;0;0;1;0;0;0;0;1;1;1;1;0;0;0;0;0;0;0;0
10186;Laines-aux-Bois;44;10;0;0;0;0;0;0;0;0;0;0;0;0;0;0;0;0;0;0;0;0;1;0;0;0;0;2;3;0;0;0;0;0;0;1;0;0;0
10187;Landreville;44;10;0;0;0;0;0;0;0;0;0;0;0;0;0;0;0;0;1;0;1;0;1;0;0;0;2;0;1;2;1;0;1;0;0;0;0;1;0
10188;Lantages;44;10;0;0;0;0;0;0;0;0;0;0;0;0;0;0;0;0;0;0;0;0;1;0;0;0;0;0;1;3;0;0;0;0;0;0;0;0;0
10189;Lassicourt;44;10;0;0;0;0;0;0;0;0;0;0;0;0;0;0;0;0;0;0;0;0;0;0;0;0;0;0;0;0;0;0;0;0;0;0;0;0;0
10190;Laubressel;44;10;0;0;0;0;0;0;0;0;0;0;0;0;0;0;0;0;0;0;0;0;1;0;0;0;2;1;4;2;5;0;1;0;0;0;0;0;0
10191;Lavau;44;10;0;0;0;0;0;0;0;0;0;0;0;0;0;0;0;0;1;0;0;0;1;0;0;0;4;0;5;3;2;1;1;0;1;2;2;0;1
10192;Lentilles;44;10;0;0;0;0;0;0;0;0;0;0;0;0;0;0;0;0;0;0;0;0;0;0;0;0;2;0;0;0;0;0;1;0;0;0;0;0;0
10193;Lesmont;44;10;0;0;0;0;0;0;0;0;0;0;0;0;0;0;0;0;0;0;1;0;1;0;0;0;1;0;2;0;2;0;0;0;0;1;0;0;0
10194;Lévigny;44;10;0;0;0;0;0;0;0;0;0;0;0;0;0;0;0;0;0;0;0;0;0;0;0;0;0;0;0;1;0;0;0;0;0;0;0;0;0
10195;Lhuître;44;10;0;0;0;0;0;0;0;0;0;0;0;0;0;0;0;0;0;0;0;1;0;0;0;0;1;0;2;0;1;0;0;0;0;0;0;0;0
10196;Lignières;44;10;0;0;0;0;0;0;0;0;0;0;0;0;0;0;0;0;0;0;0;0;0;0;0;0;2;0;0;1;0;0;0;0;0;0;0;0;0
10197;Lignol-le-Château;44;10;0;0;0;0;0;0;0;0;0;0;0;0;0;0;0;0;0;0;0;0;0;0;0;0;1;0;0;0;0;0;0;0;0;0;0;0;0
10198;Lirey;44;10;0;0;0;0;0;0;0;0;0;0;0;0;0;0;0;0;0;0;0;0;1;0;0;0;0;0;0;1;0;0;0;0;0;0;0;0;0
10199;Loches-sur-Ource;44;10;0;0;0;0;0;0;0;0;0;0;0;0;0;0;0;0;0;0;0;1;1;0;0;0;1;0;2;1;0;0;0;0;0;0;0;0;0
10200;La Loge-aux-Chèvres;44;10;0;0;0;0;0;0;0;0;0;0;0;0;0;0;0;0;0;0;0;0;0;0;0;0;1;1;1;0;0;0;0;0;0;0;0;0;0
10201;La Loge-Pomblin;44;10;0;0;0;0;0;0;0;0;0;0;0;0;0;0;0;0;0;0;0;0;0;0;0;0;0;0;0;0;0;0;0;0;0;0;0;0;0
10202;Les Loges-Margueron;44;10;0;0;0;0;0;0;0;0;0;0;0;0;0;0;0;0;0;0;0;0;0;0;0;0;0;0;1;0;0;0;0;1;0;0;0;0;0
10203;Longchamp-sur-Aujon;44;10;0;0;0;0;0;0;0;0;0;0;0;0;0;0;0;0;0;0;0;0;0;0;0;0;1;2;2;1;0;0;1;0;0;0;0;0;0
10204;Longeville-sur-Mogne;44;10;0;0;0;0;0;0;0;0;0;0;0;0;0;0;0;0;0;0;0;0;0;0;0;0;0;0;0;0;0;0;0;0;0;1;0;0;0
10205;Longpré-le-Sec;44;10;0;0;0;0;0;0;0;0;0;0;0;0;0;0;0;0;0;0;0;0;0;0;0;0;0;0;1;0;1;0;0;0;0;0;0;0;0
10206;Longsols;44;10;0;0;0;0;0;0;0;0;0;0;0;0;0;0;0;0;0;0;0;0;0;0;0;0;0;0;0;0;0;0;0;0;0;1;0;0;0
10207;Longueville-sur-Aube;44;10;0;0;0;0;0;0;0;0;0;0;0;0;0;0;0;0;0;0;0;0;0;0;0;0;0;0;0;0;0;0;0;0;0;0;0;0;0
10208;La Louptière-Thénard;44;10;0;0;0;0;0;0;0;0;0;0;0;0;0;0;0;0;0;0;0;0;0;0;0;0;0;1;0;0;2;0;0;0;0;0;0;0;0
10209;Lusigny-sur-Barse;44;10;0;1;0;0;0;0;0;0;0;0;1;1;0;0;0;1;0;1;0;0;3;0;0;1;2;2;7;5;4;0;3;0;0;5;0;0;2
10210;Luyères;44;10;0;0;0;0;0;0;0;0;0;0;0;0;0;0;0;0;0;0;0;0;1;0;0;0;0;0;0;0;2;0;0;0;0;1;0;0;0
10211;Macey;44;10;0;0;0;0;0;0;0;0;0;0;0;0;0;0;0;0;0;0;0;0;0;0;0;0;1;1;1;3;1;0;1;0;0;0;1;0;1
10212;Machy;44;10;0;0;0;0;0;0;0;0;0;0;0;0;0;0;0;0;0;0;0;0;0;0;0;0;0;0;0;1;0;0;0;0;0;0;0;0;0
10213;Magnant;44;10;0;0;0;0;0;0;0;0;0;0;0;0;0;0;0;0;0;0;0;0;1;0;0;0;0;0;0;1;1;0;0;0;0;0;0;0;0
10214;Magnicourt;44;10;0;0;0;0;0;0;0;0;0;0;0;0;0;0;0;0;0;0;0;0;0;0;0;0;0;1;0;0;0;0;0;0;0;0;0;0;0
10215;Magny-Fouchard;44;10;0;0;0;0;0;0;0;0;0;0;0;0;0;0;0;0;0;0;0;0;0;0;0;0;0;0;0;1;0;0;1;0;0;1;0;0;0
10216;Mailly-le-Camp;44;10;0;1;0;0;0;0;0;0;0;0;0;0;0;0;0;0;0;1;0;0;2;0;0;0;1;1;1;3;0;0;2;0;0;4;0;1;1
10217;Maison-des-Champs;44;10;0;0;0;0;0;0;0;0;0;0;0;0;0;0;0;0;0;0;0;0;0;0;0;0;0;0;0;0;0;0;0;0;0;0;0;0;0
10218;Maisons-lès-Chaource;44;10;0;0;0;0;0;0;0;0;0;0;0;0;0;0;0;0;0;0;0;0;1;0;0;0;1;2;0;0;1;0;0;0;0;2;0;0;0
10219;Maisons-lès-Soulaines;44;10;0;0;0;0;0;0;0;0;0;0;0;0;0;0;0;0;0;0;0;0;0;0;0;0;1;0;0;0;0;0;0;0;0;0;0;0;0
10220;Maizières-la-Grande-Paroisse;44;10;0;0;0;0;0;0;0;0;0;0;0;0;0;0;0;0;1;0;1;0;7;2;0;0;4;2;3;1;1;0;4;0;0;5;0;0;1
10221;Maizières-lès-Brienne;44;10;0;0;0;0;0;0;0;0;0;0;0;0;0;0;0;0;0;0;0;0;0;0;0;0;1;0;0;0;0;0;0;0;0;0;0;0;0
10222;Maraye-en-Othe;44;10;0;0;0;0;0;0;0;0;0;0;0;0;0;0;0;0;0;0;0;0;1;0;0;0;1;0;2;1;1;0;0;0;0;0;0;0;0
10223;Marcilly-le-Hayer;44;10;0;1;0;0;0;0;0;0;0;0;0;0;0;0;0;0;0;1;0;0;0;0;0;0;0;0;0;0;0;0;2;0;0;1;0;0;1
10224;Marigny-le-Châtel;44;10;0;0;0;0;0;0;0;0;0;0;0;0;2;0;0;1;2;1;0;0;4;0;0;0;2;3;5;4;1;0;4;0;0;3;0;0;2
10225;Marnay-sur-Seine;44;10;0;0;0;0;0;0;0;0;0;0;0;0;0;0;0;0;0;0;0;0;1;0;0;0;1;1;1;0;0;0;0;0;0;0;0;0;0
10226;Marolles-lès-Bailly;44;10;0;0;0;0;0;0;0;0;0;0;0;0;0;0;0;0;0;0;0;0;0;0;0;0;0;0;1;0;0;0;0;0;0;0;0;0;0
10227;Marolles-sous-Lignières;44;10;0;0;0;0;0;0;0;0;0;0;0;0;0;0;0;0;0;0;0;0;1;0;0;0;1;0;0;5;0;0;0;0;0;0;0;0;0
10228;Mathaux;44;10;0;0;0;0;0;0;0;0;0;0;0;0;0;0;0;0;0;0;0;0;0;0;0;0;0;0;0;0;1;0;0;0;0;1;0;0;0
10229;Maupas;44;10;0;0;0;0;0;0;0;0;0;0;0;0;0;0;0;0;0;0;0;0;0;0;0;0;1;0;0;0;0;0;1;0;0;0;0;0;0
10230;Mergey;44;10;0;0;0;0;0;0;0;0;0;0;0;0;0;0;0;0;0;0;0;0;2;0;0;0;0;0;2;0;0;1;1;0;0;0;0;0;1
10231;Le Mériot;44;10;0;0;0;0;0;0;0;0;0;0;0;0;0;0;0;0;0;0;0;0;0;0;0;0;0;0;0;2;0;0;0;0;0;0;1;0;0
10232;Merrey-sur-Arce;44;10;0;0;0;0;0;0;0;0;0;0;0;0;0;0;0;0;0;0;0;0;0;0;0;0;1;1;0;1;1;0;0;0;0;1;0;0;0
10233;Méry-sur-Seine;44;10;0;1;0;0;0;0;0;0;0;0;1;0;0;0;0;1;1;1;0;0;5;1;0;1;0;1;4;3;2;0;3;0;0;3;0;0;1
10234;Mesgrigny;44;10;0;0;0;0;0;0;0;0;0;0;0;0;0;0;0;0;0;0;0;0;1;0;0;0;0;1;1;1;0;0;1;0;0;1;0;0;1
10235;Mesnil-la-Comtesse;44;10;0;0;0;0;0;0;0;0;0;0;0;0;0;0;0;0;0;0;0;0;0;0;0;0;0;0;0;0;0;0;0;0;0;0;0;0;0
10236;Mesnil-Lettre;44;10;0;0;0;0;0;0;0;0;0;0;0;0;0;0;0;0;0;0;0;0;0;0;0;0;0;0;0;0;1;0;0;0;0;0;0;0;0
10237;Mesnil-Saint-Loup;44;10;0;0;0;0;0;0;0;0;0;0;0;0;0;0;0;0;0;0;0;0;1;0;0;0;2;1;1;3;5;1;0;0;0;0;0;0;1
10238;Mesnil-Saint-Père;44;10;0;0;0;0;0;0;0;0;0;0;0;0;0;0;0;0;0;0;1;0;0;0;0;0;0;0;0;0;1;0;1;0;0;8;0;0;0
10239;Mesnil-Sellières;44;10;0;0;0;0;0;0;0;0;0;0;0;0;0;0;0;0;0;0;0;0;0;0;0;0;2;1;1;1;0;0;0;0;0;0;0;0;1
10240;Messon;44;10;0;0;0;0;0;0;0;0;0;0;0;0;0;0;0;0;0;0;0;0;0;0;0;0;2;2;0;3;0;0;0;0;0;0;1;0;1
10241;Metz-Robert;44;10;0;0;0;0;0;0;0;0;0;0;0;0;0;0;0;0;0;0;0;0;0;0;0;0;0;0;0;0;0;0;0;0;0;0;0;0;0
10242;Meurville;44;10;0;0;0;0;0;0;0;0;0;0;0;0;0;0;0;0;0;0;0;0;0;0;0;0;0;0;0;0;0;0;0;0;0;0;0;0;0
10243;Molins-sur-Aube;44;10;0;0;0;0;0;0;0;0;0;0;0;0;0;0;0;0;0;0;0;0;0;0;0;0;0;1;0;0;1;0;0;0;0;0;0;0;0
10245;Montaulin;44;10;0;0;0;0;0;0;0;0;0;0;0;0;0;0;0;0;0;0;0;1;1;0;0;0;2;1;2;0;1;1;0;0;0;0;0;0;0
10246;Montceaux-lès-Vaudes;44;10;0;0;0;0;0;0;0;0;0;0;0;0;0;0;0;0;0;0;0;0;0;0;0;0;1;0;0;0;0;0;0;0;0;1;0;0;0
10247;Montfey;44;10;0;0;0;0;0;0;0;0;0;0;0;0;0;0;0;0;0;0;0;0;0;0;0;0;1;0;1;0;0;0;0;0;0;0;0;0;0
10248;Montgueux;44;10;0;0;0;0;0;0;0;0;0;0;0;0;0;0;0;0;0;0;0;0;0;0;0;0;0;1;1;0;1;0;0;0;0;0;0;0;0
10249;Montiéramey;44;10;0;0;0;0;0;0;0;0;0;0;0;0;0;0;0;0;0;0;1;0;1;0;0;0;2;0;2;0;2;0;0;0;0;1;0;0;0
10250;Montier-en-l'Isle;44;10;0;0;0;0;0;0;0;0;0;0;0;0;0;0;0;0;0;0;0;0;0;1;0;0;0;0;0;0;0;0;0;0;0;0;0;0;0
10251;Montigny-les-Monts;44;10;0;0;0;0;0;0;0;0;0;0;0;0;0;0;0;0;0;0;0;0;0;0;0;0;1;0;0;0;0;0;0;0;0;0;0;0;0
10252;Montmartin-le-Haut;44;10;0;0;0;0;0;0;0;0;0;0;0;0;0;0;0;0;0;0;0;0;0;0;0;0;0;0;0;0;0;0;0;0;0;0;0;0;0
10253;Montmorency-Beaufort;44;10;0;0;0;0;0;0;0;0;0;0;0;0;0;0;0;0;0;0;0;0;0;0;0;0;0;0;1;0;0;0;0;0;0;0;0;0;0
10254;Montpothier;44;10;0;0;0;0;0;0;0;0;0;0;0;0;0;0;0;0;0;0;0;0;0;0;0;0;0;0;0;0;1;0;0;0;0;1;0;0;0
10255;Montreuil-sur-Barse;44;10;0;0;0;0;0;0;0;0;0;0;0;0;0;0;0;0;0;0;0;0;1;0;0;0;1;1;1;1;0;0;1;0;0;1;0;0;0
10256;Montsuzain;44;10;0;0;0;0;0;0;0;0;0;0;0;0;0;0;0;0;0;0;0;0;0;0;0;0;0;0;0;1;0;2;1;0;0;0;0;0;0
10257;Morembert;44;10;0;0;0;0;0;0;0;0;0;0;0;0;0;0;0;0;0;0;0;0;0;0;0;0;0;0;0;0;0;0;0;0;0;0;0;0;0
10258;Morvilliers;44;10;0;0;0;0;0;0;0;0;0;0;0;0;0;0;0;0;0;0;1;0;0;0;0;0;0;0;1;0;0;0;2;0;0;0;0;0;0
10259;La Motte-Tilly;44;10;0;0;0;0;0;0;0;0;0;0;0;0;0;0;0;0;0;0;0;0;0;0;0;0;0;0;0;0;0;0;1;0;0;0;0;0;0
10260;Moussey;44;10;0;0;0;0;0;0;0;0;0;0;0;0;0;0;0;0;0;0;0;0;0;0;0;0;2;2;2;2;0;0;1;0;0;2;0;0;0
10261;Mussy-sur-Seine;44;10;0;1;0;0;0;0;0;0;0;0;0;1;0;0;0;0;1;1;0;0;1;0;0;0;2;0;0;1;1;1;1;0;0;5;0;0;0
10262;Neuville-sur-Seine;44;10;0;0;0;0;0;0;0;0;0;0;0;0;0;0;0;0;0;0;0;0;0;0;0;0;0;0;0;0;0;0;1;0;0;0;0;0;1
10263;Neuville-sur-Vanne;44;10;0;0;0;0;0;0;0;0;0;0;0;0;0;0;0;0;0;0;0;0;1;0;0;0;1;0;1;0;0;0;0;0;0;0;0;0;0
10264;Noé-les-Mallets;44;10;0;0;0;0;0;0;0;0;0;0;0;0;0;0;0;0;0;0;0;0;0;0;0;0;0;0;0;0;0;0;0;0;0;0;0;0;0
10265;Les Noës-près-Troyes;44;10;0;0;0;0;0;0;0;0;0;0;0;0;0;0;0;0;0;1;0;0;1;0;0;0;3;5;1;8;1;0;2;0;0;2;0;0;0
10266;Nogent-en-Othe;44;10;0;0;0;0;0;0;0;0;0;0;0;0;0;0;0;0;0;0;0;0;0;0;0;0;0;0;0;0;0;0;0;0;0;0;0;0;0
10267;Nogent-sur-Aube;44;10;0;0;0;0;0;0;0;0;0;0;0;0;0;0;0;0;0;0;0;1;4;0;0;0;0;0;2;2;0;0;2;0;0;2;0;0;0
10268;Nogent-sur-Seine;44;10;0;1;0;0;0;0;0;0;0;0;1;1;0;0;0;6;4;1;0;0;11;2;0;2;8;8;6;7;3;5;9;1;6;18;7;2;3
10269;Nozay;44;10;0;0;0;0;0;0;0;0;0;0;0;0;0;0;0;0;0;0;0;0;1;0;0;0;0;0;1;1;0;0;0;0;0;0;0;0;0
10270;Onjon;44;10;0;0;0;0;0;0;0;0;0;0;0;0;0;0;0;0;0;0;0;0;1;0;0;0;0;1;1;0;0;0;0;0;0;1;0;0;0
10271;Origny-le-Sec;44;10;0;0;0;0;0;0;0;0;0;0;0;0;0;0;0;0;0;0;0;0;2;0;0;0;0;1;2;0;1;0;1;0;0;0;0;0;0
10272;Ormes;44;10;0;0;0;0;0;0;0;0;0;0;0;0;0;0;0;0;0;0;0;0;0;0;0;0;0;1;1;0;0;0;0;0;0;1;0;0;0
10273;Ortillon;44;10;0;0;0;0;0;0;0;0;0;0;0;0;0;0;0;0;0;0;0;0;0;0;0;0;0;0;0;0;0;0;0;0;0;0;0;0;0
10274;Orvilliers-Saint-Julien;44;10;0;0;0;0;0;0;0;0;0;0;0;0;0;0;0;0;0;0;0;0;0;0;0;0;0;0;1;0;0;0;0;0;0;0;0;0;0
10275;Ossey-les-Trois-Maisons;44;10;0;0;0;0;0;0;0;0;0;0;0;0;0;0;0;0;0;0;0;1;0;0;0;0;2;0;1;1;0;0;0;0;0;0;0;0;0
10276;Paisy-Cosdon;44;10;0;0;0;0;0;0;0;0;0;0;0;0;0;0;0;0;0;0;0;0;0;0;0;0;1;2;0;0;0;0;0;0;0;2;0;0;1
10278;Pargues;44;10;0;0;0;0;0;0;0;0;0;0;0;0;0;0;0;0;0;0;0;0;1;0;0;0;1;0;2;0;0;0;1;0;0;0;0;0;0
10279;Pars-lès-Chavanges;44;10;0;0;0;0;0;0;0;0;0;0;0;0;0;0;0;0;0;0;0;0;0;0;0;0;0;0;0;0;0;0;0;0;0;0;0;0;0
10280;Pars-lès-Romilly;44;10;0;0;0;0;0;0;0;0;0;0;0;0;0;0;0;0;0;0;0;0;1;0;0;0;1;0;0;0;2;2;2;0;0;0;0;0;1
10281;Le Pavillon-Sainte-Julie;44;10;0;0;0;0;0;0;0;0;0;0;0;0;0;0;0;0;0;0;0;0;0;0;0;0;0;0;0;1;1;0;1;0;0;0;0;0;0
10282;Payns;44;10;0;0;0;0;0;0;0;0;0;0;0;0;0;0;0;0;0;0;1;0;2;0;0;0;1;1;0;2;1;0;1;5;0;0;0;0;0
10283;Pel-et-Der;44;10;0;0;0;0;0;0;0;0;0;0;0;0;0;0;0;0;0;0;0;0;0;0;0;0;2;0;0;0;0;0;0;0;0;0;0;0;0
10284;Périgny-la-Rose;44;10;0;0;0;0;0;0;0;0;0;0;0;0;0;0;0;0;0;0;0;0;0;0;0;0;0;0;1;0;1;0;0;0;0;0;0;0;0
10285;Perthes-lès-Brienne;44;10;0;0;0;0;0;0;0;0;0;0;0;0;0;0;0;0;0;0;0;0;0;0;0;0;0;0;0;0;0;0;0;0;0;0;0;0;0
10286;Petit-Mesnil;44;10;0;0;0;0;0;0;0;0;0;0;0;0;0;0;0;0;0;0;0;0;0;0;0;0;3;0;1;0;1;0;0;0;0;0;0;0;0
10287;Piney;44;10;0;1;0;0;0;0;0;0;0;0;0;1;0;0;0;1;3;1;0;0;3;1;0;0;1;0;3;1;4;0;3;0;0;2;0;0;1
10288;Plaines-Saint-Lange;44;10;0;0;0;0;0;0;0;0;0;0;0;0;0;0;0;0;0;0;0;0;0;0;0;0;1;0;0;0;0;0;0;0;0;1;0;0;1
10289;Plancy-l'Abbaye;44;10;0;0;0;0;0;0;0;0;0;0;0;0;0;0;0;0;0;0;0;1;0;0;0;0;1;0;4;4;1;0;2;0;0;1;0;0;1
10290;Planty;44;10;0;0;0;0;0;0;0;0;0;0;0;0;0;0;0;0;0;0;0;0;1;0;0;0;0;0;0;0;0;0;0;0;0;0;0;0;0
10291;Plessis-Barbuise;44;10;0;0;0;0;0;0;0;0;0;0;0;0;0;0;0;0;0;0;0;0;0;0;0;0;0;0;1;0;0;0;0;0;0;0;0;0;0
10293;Poivres;44;10;0;0;0;0;0;0;0;0;0;0;0;0;0;0;0;0;0;0;0;0;0;0;0;0;0;0;0;0;0;0;0;0;0;0;0;0;0
10294;Poligny;44;10;0;0;0;0;0;0;0;0;0;0;0;0;0;0;0;0;0;0;0;0;0;0;0;0;0;0;0;0;0;0;0;0;0;0;0;0;0
10295;Polisot;44;10;0;0;0;0;0;0;0;0;0;0;0;0;0;0;0;0;0;0;0;0;3;0;0;0;1;1;0;2;1;0;0;0;0;0;1;0;1
10296;Polisy;44;10;0;0;0;0;0;0;0;0;0;0;0;0;0;0;0;0;0;0;0;0;0;0;0;0;2;1;0;0;2;1;0;0;0;0;0;0;0
10297;Pont-Sainte-Marie;44;10;0;0;0;0;0;0;0;0;0;0;0;0;1;0;0;4;2;1;0;0;11;0;0;0;3;4;4;5;9;3;4;0;0;21;0;1;2
10298;Pont-sur-Seine;44;10;0;0;0;0;0;0;0;0;0;0;0;0;0;0;0;0;0;0;0;1;0;0;0;0;2;1;1;2;2;0;1;0;0;2;0;0;0
10299;Pouan-les-Vallées;44;10;0;0;0;0;0;0;0;0;0;0;0;0;0;0;0;0;0;0;1;0;0;0;0;0;0;2;1;0;2;0;0;0;0;0;0;0;0
10300;Pougy;44;10;0;0;0;0;0;0;0;0;0;0;0;0;0;0;0;0;0;0;0;0;1;0;0;0;0;1;0;1;0;0;0;0;0;0;0;0;0
10301;Pouy-sur-Vannes;44;10;0;0;0;0;0;0;0;0;0;0;0;0;0;0;0;0;0;0;0;0;0;0;0;0;1;0;0;1;0;0;0;0;0;0;0;0;0
10302;Praslin;44;10;0;0;0;0;0;0;0;0;0;0;0;0;0;0;0;0;0;0;0;0;0;0;0;0;0;0;0;0;1;0;0;0;0;0;0;0;0
10303;Précy-Notre-Dame;44;10;0;0;0;0;0;0;0;0;0;0;0;0;0;0;0;0;0;0;0;0;0;0;0;0;0;0;0;0;0;0;0;0;0;0;0;0;0
10304;Précy-Saint-Martin;44;10;0;0;0;0;0;0;0;0;0;0;0;0;0;0;0;0;0;0;0;0;0;0;0;0;0;2;1;0;0;0;0;0;0;1;1;0;0
10305;Prémierfait;44;10;0;0;0;0;0;0;0;0;0;0;0;0;0;0;0;0;0;0;0;0;0;0;0;0;1;0;0;0;0;0;0;0;0;0;0;1;0
10306;Proverville;44;10;0;0;0;0;0;0;0;0;0;0;0;0;0;0;0;0;0;0;0;0;0;0;0;0;1;1;1;0;0;0;0;1;0;0;0;0;0
10307;Prugny;44;10;0;0;0;0;0;0;0;0;0;0;0;0;0;0;0;0;0;0;0;0;0;0;0;0;0;1;0;1;0;0;0;0;0;0;0;0;0
10308;Prunay-Belleville;44;10;0;0;0;0;0;0;0;0;0;0;0;0;0;0;0;0;0;0;0;0;0;0;0;0;0;0;0;0;0;1;0;0;0;0;0;0;0
10309;Prusy;44;10;0;0;0;0;0;0;0;0;0;0;0;0;0;0;0;0;0;0;0;0;0;0;0;0;0;0;0;1;0;0;0;0;0;0;0;0;0
10310;Puits-et-Nuisement;44;10;0;0;0;0;0;0;0;0;0;0;0;0;0;0;0;0;0;0;0;0;0;0;0;0;0;1;0;0;0;0;0;0;0;0;0;0;0
10312;Racines;44;10;0;0;0;0;0;0;0;0;0;0;0;0;0;0;0;0;0;0;0;0;1;0;0;0;1;1;1;0;0;0;0;0;0;0;0;0;0
10313;Radonvilliers;44;10;0;0;0;0;0;0;0;0;0;0;0;0;0;0;0;0;0;0;0;0;2;0;0;0;0;0;1;0;1;0;0;0;0;1;0;0;0
10314;Ramerupt;44;10;0;1;0;0;0;0;0;0;0;0;0;1;0;0;0;0;0;0;0;1;2;0;0;0;0;0;2;0;1;0;1;0;0;1;0;0;1
10315;Rances;44;10;0;0;0;0;0;0;0;0;0;0;0;0;0;0;0;0;0;0;0;0;0;0;0;0;0;0;0;0;0;0;0;0;0;0;0;0;0
10316;Rhèges;44;10;0;0;0;0;0;0;0;0;0;0;0;0;0;0;0;0;0;0;0;0;0;0;0;0;0;2;1;0;0;0;0;0;0;1;0;0;0
10317;Les Riceys;44;10;0;1;0;0;0;0;0;0;0;0;0;0;0;0;0;2;0;1;0;0;4;0;0;0;3;1;3;0;2;0;2;0;0;1;0;0;1
10318;Rigny-la-Nonneuse;44;10;0;0;0;0;0;0;0;0;0;0;0;0;0;0;0;0;0;0;0;0;0;0;0;0;0;0;0;0;0;1;0;0;0;0;0;0;0
10319;Rigny-le-Ferron;44;10;0;0;0;0;0;0;0;0;0;0;0;0;0;0;0;0;0;0;0;1;0;0;0;0;2;0;0;2;0;0;0;0;0;0;0;0;0
10320;Rilly-Sainte-Syre;44;10;0;0;0;0;0;0;0;0;0;0;0;0;0;0;0;0;0;0;0;0;0;0;0;0;0;0;1;4;0;0;0;0;0;1;0;0;0
10321;La Rivière-de-Corps;44;10;0;0;0;0;0;0;0;0;0;0;0;0;0;0;0;1;0;1;0;0;3;0;0;0;5;2;2;9;4;2;3;1;0;3;1;0;3
10323;Romilly-sur-Seine;44;10;1;1;0;0;0;0;0;0;0;0;2;1;1;1;0;7;3;2;0;0;9;3;0;6;21;12;17;14;12;8;23;3;2;46;7;4;11
10324;Roncenay;44;10;0;0;0;0;0;0;0;0;0;0;0;0;0;0;0;0;0;0;0;0;0;0;0;0;1;0;0;1;0;0;0;0;0;0;0;0;0
10325;Rosières-près-Troyes;44;10;0;0;0;0;0;0;0;0;0;0;0;0;0;0;0;1;1;1;0;0;13;2;0;1;3;1;6;9;1;2;6;0;0;7;0;2;2
10326;Rosnay-l'Hôpital;44;10;0;0;0;0;0;0;0;0;0;0;0;0;0;0;0;0;0;0;0;0;0;0;0;0;1;1;1;0;0;0;0;0;0;0;0;0;0
10327;La Rothière;44;10;0;0;0;0;0;0;0;0;0;0;0;0;0;0;0;0;0;0;0;0;1;0;0;0;1;0;0;0;0;0;0;0;0;1;0;0;0
10328;Rouilly-Sacey;44;10;0;0;0;0;0;0;0;0;0;0;0;0;0;0;0;0;0;0;0;0;1;0;0;0;0;1;1;0;1;0;0;0;0;0;0;0;0
10329;Rouilly-Saint-Loup;44;10;0;0;0;0;0;0;0;0;0;0;0;0;0;0;0;0;0;0;0;0;1;0;0;0;2;0;1;2;1;0;0;0;0;0;0;0;0
10330;Rouvres-les-Vignes;44;10;0;0;0;0;0;0;0;0;0;0;0;0;0;0;0;0;0;0;0;0;0;0;0;0;1;0;0;0;0;0;0;0;0;0;0;0;0
10331;Rumilly-lès-Vaudes;44;10;0;0;0;0;0;0;0;0;0;0;0;0;0;0;0;0;0;0;0;0;1;0;0;0;1;0;1;3;1;0;0;0;0;1;0;0;0
10332;Ruvigny;44;10;0;0;0;0;0;0;0;0;0;0;0;0;0;0;0;0;0;0;0;0;0;0;0;0;0;1;1;1;3;0;0;0;0;0;0;0;0
10333;Saint-André-les-Vergers;44;10;0;0;0;0;0;0;0;0;0;0;0;0;1;0;0;8;6;1;0;0;24;0;1;3;8;16;12;15;21;5;15;0;0;14;3;2;9
10334;Saint-Aubin;44;10;0;0;0;0;0;0;0;0;0;0;0;0;0;0;0;0;0;0;0;0;0;0;0;0;0;1;2;0;1;0;0;0;0;1;0;0;0
10335;Saint-Benoist-sur-Vanne;44;10;0;0;0;0;0;0;0;0;0;0;0;0;0;0;0;0;0;0;0;0;1;0;0;0;0;0;0;0;0;0;0;0;0;0;0;0;0
10336;Saint-Benoît-sur-Seine;44;10;0;0;0;0;0;0;0;0;0;0;0;0;0;0;0;0;0;0;0;0;0;0;0;0;2;1;1;0;1;0;1;0;0;0;0;0;0
10337;Saint-Christophe-Dodinicourt;44;10;0;0;0;0;0;0;0;0;0;0;0;0;0;0;0;0;0;0;0;0;0;0;0;0;0;0;1;0;0;0;0;0;0;0;0;0;0
10338;Saint-Étienne-sous-Barbuise;44;10;0;0;0;0;0;0;0;0;0;0;0;0;0;0;0;0;0;0;0;0;0;0;0;0;0;0;1;0;0;0;0;0;0;0;0;0;0
10339;Saint-Flavy;44;10;0;0;0;0;0;0;0;0;0;0;0;0;0;0;0;0;0;0;0;0;0;0;0;0;1;0;1;0;0;1;0;0;0;0;0;0;0
10340;Saint-Germain;44;10;0;0;0;0;0;0;0;0;0;0;0;0;0;0;0;0;0;0;0;1;6;0;0;1;2;1;2;6;6;2;3;3;0;4;0;0;1
10341;Saint-Hilaire-sous-Romilly;44;10;0;0;0;0;0;0;0;0;0;0;0;0;0;0;0;0;0;0;0;0;2;0;0;0;1;0;0;2;3;0;0;0;0;0;0;0;0
10342;Saint-Jean-de-Bonneval;44;10;0;0;0;0;0;0;0;0;0;0;0;0;0;0;0;0;0;0;0;0;2;0;0;0;0;0;0;0;0;0;1;0;0;0;0;0;0
10343;Saint-Julien-les-Villas;44;10;0;0;0;0;0;0;0;0;0;0;0;0;1;0;0;3;1;1;0;0;9;0;0;1;3;8;9;8;8;0;8;0;0;21;3;2;4
10344;Saint-Léger-près-Troyes;44;10;0;0;0;0;0;0;0;0;0;0;0;0;0;0;0;0;0;0;0;1;0;0;0;0;2;1;3;2;3;0;0;0;0;0;0;0;0
10345;Saint-Léger-sous-Brienne;44;10;0;0;0;0;0;0;0;0;0;0;0;0;0;0;0;0;0;0;0;0;0;0;0;0;0;0;0;0;0;2;1;0;0;3;0;0;1
10346;Saint-Léger-sous-Margerie;44;10;0;0;0;0;0;0;0;0;0;0;0;0;0;0;0;0;0;0;0;0;0;0;0;0;0;0;0;1;0;0;0;0;0;0;0;0;0
10347;Saint-Loup-de-Buffigny;44;10;0;0;0;0;0;0;0;0;0;0;0;0;0;0;0;0;0;0;0;0;1;0;0;0;1;0;1;0;0;0;0;0;0;0;0;0;0
10348;Saint-Lupien;44;10;0;0;0;0;0;0;0;0;0;0;0;0;0;0;0;0;0;0;0;0;0;0;0;0;0;0;0;0;0;0;0;0;0;1;0;0;0
10349;Saint-Lyé;44;10;0;0;0;0;0;0;0;0;0;0;0;0;0;0;0;0;1;1;0;0;6;0;0;1;2;7;6;5;4;0;4;0;0;6;0;0;3
10350;Saint-Mards-en-Othe;44;10;0;0;0;0;0;0;0;0;0;0;0;0;0;0;0;0;0;0;1;0;1;0;0;0;1;1;2;4;0;0;1;0;0;1;0;0;0
10351;Saint-Martin-de-Bossenay;44;10;0;0;0;0;0;0;0;0;0;0;0;0;0;0;0;0;0;0;0;0;1;0;0;0;1;1;1;0;0;0;0;0;0;1;0;0;0
10352;Sainte-Maure;44;10;0;0;0;0;0;0;0;0;0;0;0;0;0;0;0;0;0;0;1;0;1;0;0;1;4;3;2;3;1;0;1;0;0;2;0;0;2
10353;Saint-Mesmin;44;10;0;0;0;0;0;0;0;0;0;0;0;0;0;0;0;0;0;0;1;0;1;0;0;0;0;1;2;1;2;1;2;0;0;1;0;0;0
10354;Saint-Nabord-sur-Aube;44;10;0;0;0;0;0;0;0;0;0;0;0;0;0;0;0;0;0;0;0;0;0;0;0;0;1;1;1;0;0;0;0;0;0;0;0;0;0
10355;Saint-Nicolas-la-Chapelle;44;10;0;0;0;0;0;0;0;0;0;0;0;0;0;0;0;0;0;0;0;0;0;0;0;0;0;0;0;0;0;0;0;0;0;0;0;0;1
10356;Saint-Oulph;44;10;0;0;0;0;0;0;0;0;0;0;0;0;0;0;0;0;0;0;0;0;0;0;0;0;0;0;0;0;1;0;0;0;0;0;0;0;1
10357;Saint-Parres-aux-Tertres;44;10;0;0;0;0;0;0;0;0;0;0;0;0;0;0;0;2;0;2;0;0;6;1;0;1;2;5;4;4;2;0;10;0;0;14;2;0;2
10358;Saint-Parres-lès-Vaudes;44;10;0;0;0;0;0;0;0;0;0;0;0;0;0;0;0;1;1;1;0;0;3;0;0;2;3;0;4;2;2;0;4;3;0;3;2;0;2
10359;Saint-Phal;44;10;0;0;0;0;0;0;0;0;0;0;0;0;0;0;0;0;0;0;1;0;2;0;0;0;0;0;1;1;1;0;1;0;1;0;0;0;0
10360;Saint-Pouange;44;10;0;0;0;0;0;0;0;0;0;0;0;0;0;0;0;0;0;0;0;0;0;0;0;0;1;0;3;3;2;3;0;0;0;0;0;0;0
10361;Saint-Remy-sous-Barbuise;44;10;0;0;0;0;0;0;0;0;0;0;0;0;0;0;0;0;0;0;0;0;0;0;0;0;1;1;1;0;2;0;0;0;0;0;0;0;0
10362;Sainte-Savine;44;10;0;0;0;0;0;0;0;0;0;0;0;0;1;0;0;11;4;1;0;0;12;3;1;3;6;8;16;16;13;0;17;1;0;25;7;3;11
10363;Saint-Thibault;44;10;0;0;0;0;0;0;0;0;0;0;0;0;0;0;0;0;0;0;0;0;1;0;0;0;2;0;1;2;0;1;0;0;0;2;1;0;0
10364;Saint-Usage;44;10;0;0;0;0;0;0;0;0;0;0;0;0;0;0;0;0;0;0;0;0;0;0;0;0;0;0;0;0;0;0;0;0;0;0;0;0;0
10365;Salon;44;10;0;0;0;0;0;0;0;0;0;0;0;0;0;0;0;0;0;0;0;0;0;0;0;0;1;0;0;0;0;0;0;0;0;0;0;0;0
10366;Saulcy;44;10;0;0;0;0;0;0;0;0;0;0;0;0;0;0;0;0;0;0;0;0;0;0;0;0;1;0;1;0;0;0;0;0;0;0;0;0;0
10367;La Saulsotte;44;10;0;0;0;0;0;0;0;0;0;0;0;0;0;0;0;0;0;0;0;0;2;0;0;0;3;0;0;1;2;0;0;0;0;0;0;0;0
10368;Savières;44;10;0;0;0;0;0;0;0;0;0;0;0;0;0;0;0;0;0;0;1;0;1;0;0;0;2;0;4;1;4;0;1;0;0;2;1;0;0
10369;Semoine;44;10;0;0;0;0;0;0;0;0;0;0;0;0;0;0;0;0;0;0;0;0;0;0;0;0;0;1;0;0;0;0;0;0;0;0;0;0;0
10370;Soligny-les-Étangs;44;10;0;0;0;0;0;0;0;0;0;0;0;0;0;0;0;0;0;0;0;0;0;0;0;0;0;0;0;1;0;0;0;0;0;2;0;0;1
10371;Sommeval;44;10;0;0;0;0;0;0;0;0;0;0;0;0;0;0;0;0;0;0;0;0;0;0;0;0;0;0;1;1;0;0;0;0;0;0;0;0;0
10372;Soulaines-Dhuys;44;10;0;0;0;0;0;0;0;0;0;0;0;0;0;0;0;0;0;0;1;0;0;0;0;0;2;0;1;0;0;0;1;0;0;0;0;0;1
10373;Souligny;44;10;0;0;0;0;0;0;0;0;0;0;0;0;0;0;0;0;0;0;0;0;0;0;0;0;0;2;2;2;0;0;0;1;0;0;0;0;0
10374;Spoy;44;10;0;0;0;0;0;0;0;0;0;0;0;0;0;0;0;0;0;0;0;0;0;0;0;0;0;0;0;0;0;0;0;0;0;0;0;0;0
10375;Thennelières;44;10;0;0;0;0;0;0;0;0;0;0;0;0;0;0;0;0;0;0;0;0;0;0;0;0;1;1;1;1;1;0;1;0;0;1;0;0;0
10376;Thieffrain;44;10;0;0;0;0;0;0;0;0;0;0;0;0;0;0;0;0;0;0;0;0;0;0;0;0;0;0;0;0;0;0;0;0;0;1;0;0;0
10377;Thil;44;10;0;0;0;0;0;0;0;0;0;0;0;0;0;0;0;0;0;0;0;0;0;0;0;0;0;0;0;0;0;0;0;0;0;0;0;0;0
10378;Thors;44;10;0;0;0;0;0;0;0;0;0;0;0;0;0;0;0;0;0;0;0;0;0;0;0;0;0;0;0;0;0;0;0;0;0;0;0;0;0
10379;Torcy-le-Grand;44;10;0;0;0;0;0;0;0;0;0;0;0;0;0;0;0;0;0;0;0;0;1;0;1;0;0;1;0;1;0;0;0;0;0;0;0;0;1
10380;Torcy-le-Petit;44;10;0;0;0;0;0;0;0;0;0;0;0;0;0;0;0;0;0;0;0;0;0;0;0;0;0;0;0;0;0;0;0;0;0;0;0;0;0
10381;Torvilliers;44;10;0;0;0;0;0;0;0;0;0;0;0;0;0;0;0;0;0;0;0;0;1;0;0;1;3;4;5;4;5;0;0;0;0;0;0;0;1
10382;Traînel;44;10;0;0;0;0;0;0;0;0;0;0;0;0;0;0;0;0;0;0;0;1;3;0;0;0;2;1;3;0;2;1;1;0;0;0;0;0;1
10383;Trancault;44;10;0;0;0;0;0;0;0;0;0;0;0;0;0;0;0;0;0;0;0;0;0;0;0;0;0;0;0;0;1;0;0;0;0;0;1;0;1
10384;Trannes;44;10;0;0;0;0;0;0;0;0;0;0;0;0;0;0;0;0;0;0;0;0;1;0;0;0;1;0;0;0;0;0;0;0;0;0;0;0;1
10386;Trouans;44;10;0;0;0;0;0;0;0;0;0;0;0;0;0;0;0;0;0;0;0;0;0;0;0;0;0;0;0;0;0;0;1;0;0;1;0;0;0
10387;Troyes;44;10;2;1;0;1;1;1;1;1;0;0;17;3;3;1;0;42;6;6;0;0;59;11;7;24;28;61;42;48;40;11;122;6;26;222;41;12;46
10388;Turgy;44;10;0;0;0;0;0;0;0;0;0;0;0;0;0;0;0;0;0;0;0;0;1;0;0;0;0;0;1;0;0;0;0;0;0;0;0;0;0
10389;Unienville;44;10;0;0;0;0;0;0;0;0;0;0;0;0;0;0;0;0;0;0;0;0;0;0;0;0;0;0;0;0;0;0;0;0;0;1;0;0;0
10390;Urville;44;10;0;0;0;0;0;0;0;0;0;0;0;0;0;0;0;0;0;0;0;0;0;0;0;0;0;0;0;0;0;0;0;0;0;0;0;0;0
10391;Vailly;44;10;0;0;0;0;0;0;0;0;0;0;0;0;0;0;0;0;0;0;0;0;0;0;0;0;1;0;1;0;0;2;0;0;0;1;0;0;0
10392;Vallant-Saint-Georges;44;10;0;0;0;0;0;0;0;0;0;0;0;0;0;0;0;0;0;0;0;1;0;0;0;0;0;1;2;1;0;0;0;0;0;0;0;0;0
10393;Vallentigny;44;10;0;0;0;0;0;0;0;0;0;0;0;0;0;0;0;0;0;0;0;0;0;0;0;0;1;0;0;1;0;0;0;0;0;0;1;0;0
10394;Vallières;44;10;0;0;0;0;0;0;0;0;0;0;0;0;0;0;0;0;0;0;0;0;0;0;0;0;0;0;0;1;0;0;0;0;0;0;0;1;0
10395;Vanlay;44;10;0;0;0;0;0;0;0;0;0;0;0;0;0;0;0;0;0;0;1;0;2;0;0;0;1;0;0;1;0;0;0;0;0;0;0;0;0
10396;Vauchassis;44;10;0;0;0;0;0;0;0;0;0;0;0;0;0;0;0;0;0;0;0;0;0;0;0;0;0;0;1;1;1;0;1;0;0;1;1;0;0
10397;Vauchonvilliers;44;10;0;0;0;0;0;0;0;0;0;0;0;0;0;0;0;0;0;0;0;0;0;0;0;0;1;0;0;1;0;0;0;0;0;0;0;0;0
10398;Vaucogne;44;10;0;0;0;0;0;0;0;0;0;0;0;0;0;0;0;0;0;0;0;0;0;0;0;0;0;0;1;0;0;0;0;0;0;0;0;0;0
10399;Vaudes;44;10;0;0;0;0;0;0;0;0;0;0;0;0;0;0;0;0;0;0;0;0;1;0;0;0;0;0;3;1;0;0;1;1;0;0;0;0;0
10400;Vaupoisson;44;10;0;0;0;0;0;0;0;0;0;0;0;0;0;0;0;0;0;0;0;0;0;0;0;0;0;0;2;0;0;0;0;0;0;0;0;0;0
10401;Vendeuvre-sur-Barse;44;10;0;1;0;0;0;0;0;0;0;0;0;0;2;0;0;4;1;1;0;0;6;1;0;1;3;3;5;2;2;0;5;3;0;4;0;0;1
10402;La Vendue-Mignot;44;10;0;0;0;0;0;0;0;0;0;0;0;0;0;0;0;0;0;0;0;0;0;0;0;0;1;1;0;1;0;0;0;0;0;0;0;0;0
10403;Vernonvilliers;44;10;0;0;0;0;0;0;0;0;0;0;0;0;0;0;0;0;0;0;0;0;0;0;0;0;1;0;0;0;0;0;0;0;0;0;0;0;0
10404;Verpillières-sur-Ource;44;10;0;0;0;0;0;0;0;0;0;0;0;0;0;0;0;0;0;0;0;0;0;0;0;0;0;0;0;0;1;0;0;0;0;0;0;0;0
10405;Verricourt;44;10;0;0;0;0;0;0;0;0;0;0;0;0;0;0;0;0;0;0;0;0;0;0;0;0;0;0;0;1;0;0;0;0;0;0;0;0;0
10406;Verrières;44;10;0;0;0;0;0;0;0;0;0;0;0;0;0;0;0;0;0;0;1;0;0;0;0;0;2;4;3;4;5;0;2;1;0;4;0;0;1
10408;Viâpres-le-Petit;44;10;0;0;0;0;0;0;0;0;0;0;0;0;0;0;0;0;0;0;0;0;0;0;0;0;0;0;1;1;0;0;0;0;0;0;0;0;0
10409;Villacerf;44;10;0;0;0;0;0;0;0;0;0;0;0;0;0;0;0;0;0;0;0;1;0;0;0;0;1;1;2;0;6;0;0;0;0;3;1;0;0
10410;Villadin;44;10;0;0;0;0;0;0;0;0;0;0;0;0;0;0;0;0;0;0;0;0;0;0;0;0;0;0;0;0;1;0;0;0;0;0;0;0;0
10411;La Ville-aux-Bois;44;10;0;0;0;0;0;0;0;0;0;0;0;0;0;0;0;0;0;0;0;0;0;0;0;0;0;0;0;0;0;0;0;0;0;0;0;0;0
10412;Villechétif;44;10;0;0;0;0;0;0;0;0;0;0;0;0;0;0;0;0;0;0;0;0;0;0;0;0;0;0;3;3;2;4;1;2;0;3;1;0;1
10414;Villeloup;44;10;0;0;0;0;0;0;0;0;0;0;0;0;0;0;0;0;0;0;0;0;1;0;0;0;1;0;0;0;0;0;0;0;0;0;0;0;0
10416;Villemereuil;44;10;0;0;0;0;0;0;0;0;0;0;0;0;0;0;0;0;0;0;0;0;0;0;0;0;0;0;0;1;0;0;1;0;0;0;0;0;0
10417;Villemoiron-en-Othe;44;10;0;0;0;0;0;0;0;0;0;0;0;0;0;0;0;0;0;0;0;0;0;0;0;0;0;0;0;1;0;0;0;0;0;0;0;0;0
10418;Villemorien;44;10;0;0;0;0;0;0;0;0;0;0;0;0;0;0;0;0;0;0;0;0;0;0;0;0;0;0;0;1;0;0;0;0;0;0;0;0;0
10419;Villemoyenne;44;10;0;0;0;0;0;0;0;0;0;0;0;0;0;0;0;0;0;0;0;0;0;0;0;0;2;1;4;3;1;0;0;0;0;1;0;0;0
10420;Villenauxe-la-Grande;44;10;0;1;0;0;0;0;0;0;0;0;0;0;0;0;0;2;1;1;0;0;4;0;0;1;7;3;1;3;3;0;6;1;0;3;0;2;1
10421;La Villeneuve-au-Châtelot;44;10;0;0;0;0;0;0;0;0;0;0;0;0;0;0;0;0;0;0;0;0;0;0;0;0;1;1;0;0;0;0;0;0;0;0;0;0;0
10422;Villeneuve-au-Chemin;44;10;0;0;0;0;0;0;0;0;0;0;0;0;0;0;0;0;0;0;0;1;0;0;0;0;1;0;1;1;1;0;0;0;0;0;0;0;0
10423;La Villeneuve-au-Chêne;44;10;0;0;0;0;0;0;0;0;0;0;0;0;0;0;0;0;0;0;0;0;0;0;0;0;0;0;1;3;0;0;0;0;0;1;0;0;0
10424;Villeret;44;10;0;0;0;0;0;0;0;0;0;0;0;0;0;0;0;0;0;0;0;0;0;0;0;0;0;0;0;0;0;0;0;0;0;0;0;0;0
10425;Villery;44;10;0;0;0;0;0;0;0;0;0;0;0;0;0;0;0;0;0;0;0;0;1;0;0;0;1;2;1;0;1;0;1;0;0;0;0;0;0
10426;Ville-sous-la-Ferté;44;10;0;1;0;0;0;0;0;0;0;0;0;0;0;0;0;0;0;0;0;1;2;0;0;0;2;1;3;1;2;0;0;0;0;4;0;0;0
10427;Ville-sur-Arce;44;10;0;0;0;0;0;0;0;0;0;0;0;0;0;0;0;0;0;0;0;0;0;0;0;0;0;1;0;0;0;0;0;0;0;0;0;0;0
10428;Ville-sur-Terre;44;10;0;0;0;0;0;0;0;0;0;0;0;0;0;0;0;0;0;0;0;0;0;0;0;0;0;0;0;1;0;0;1;0;0;0;0;0;1
10429;Villette-sur-Aube;44;10;0;0;0;0;0;0;0;0;0;0;0;0;0;0;0;0;0;0;0;0;0;0;0;0;0;0;1;0;0;0;1;0;0;0;0;0;1
10430;Villiers-Herbisse;44;10;0;0;0;0;0;0;0;0;0;0;0;0;0;0;0;0;0;0;0;0;0;0;0;0;0;1;0;0;0;0;0;0;0;0;0;0;0
10431;Villiers-le-Bois;44;10;0;0;0;0;0;0;0;0;0;0;0;0;0;0;0;0;0;0;0;0;0;0;0;0;0;0;0;0;0;0;0;0;0;1;0;0;0
10432;Villiers-sous-Praslin;44;10;0;0;0;0;0;0;0;0;0;0;0;0;0;0;0;0;0;0;0;0;0;0;0;0;0;0;0;0;1;0;1;0;0;0;0;0;0
10433;Villy-en-Trodes;44;10;0;0;0;0;0;0;0;0;0;0;0;0;0;0;0;0;0;0;0;0;0;0;0;0;0;1;0;1;0;0;0;0;0;1;0;0;0
10434;Villy-le-Bois;44;10;0;0;0;0;0;0;0;0;0;0;0;0;0;0;0;0;0;0;0;0;0;0;0;0;0;0;0;0;0;0;0;0;0;0;0;0;1
10435;Villy-le-Maréchal;44;10;0;0;0;0;0;0;0;0;0;0;0;0;0;0;0;0;0;0;0;0;0;0;0;0;0;0;0;0;1;0;0;0;0;0;0;0;0
10436;Vinets;44;10;0;0;0;0;0;0;0;0;0;0;0;0;0;0;0;0;0;0;0;0;0;0;0;0;0;0;0;0;1;0;0;0;0;0;0;0;0
10437;Virey-sous-Bar;44;10;0;0;0;0;0;0;0;0;0;0;0;0;0;0;0;0;0;0;1;0;2;0;0;0;1;2;0;1;0;0;0;0;0;1;0;0;0
10438;Vitry-le-Croisé;44;10;0;0;0;0;0;0;0;0;0;0;0;0;0;0;0;0;0;0;0;1;2;0;0;0;0;0;0;0;0;0;1;0;0;0;0;0;0
10439;Viviers-sur-Artaut;44;10;0;0;0;0;0;0;0;0;0;0;0;0;0;0;0;0;0;0;0;0;1;0;0;0;0;0;0;1;0;0;0;0;0;0;0;0;0
10440;Voigny;44;10;0;0;0;0;0;0;0;0;0;0;0;0;0;0;0;0;0;0;0;0;1;0;0;0;0;0;0;0;0;0;0;0;0;0;0;0;0
10441;Vosnon;44;10;0;0;0;0;0;0;0;0;0;0;0;0;0;0;0;0;0;0;0;0;0;0;0;0;0;0;0;2;0;0;1;0;0;0;0;0;0
10442;Voué;44;10;0;0;0;0;0;0;0;0;0;0;0;0;0;0;0;0;0;0;1;0;1;0;0;0;0;3;0;8;1;0;1;0;0;3;0;0;0
10443;Vougrey;44;10;0;0;0;0;0;0;0;0;0;0;0;0;0;0;0;0;0;0;0;0;0;0;0;0;0;0;0;0;0;0;0;0;0;0;0;0;0
10444;Vulaines;44;10;0;0;0;0;0;0;0;0;0;0;0;0;0;0;0;0;0;0;0;0;1;1;0;0;1;0;0;0;0;1;0;0;0;2;0;0;0
10445;Yèvres-le-Petit;44;10;0;0;0;0;0;0;0;0;0;0;0;0;0;0;0;0;0;0;0;0;0;0;0;0;0;0;0;0;0;0;0;0;0;0;0;0;0
11001;Aigues-Vives;76;11;0;0;0;0;0;0;0;0;0;0;0;0;0;0;0;0;0;0;0;1;2;0;0;0;6;0;2;0;0;0;0;0;0;2;0;0;0
11002;Airoux;76;11;0;0;0;0;0;0;0;0;0;0;0;0;0;0;0;0;0;0;0;0;0;0;0;0;1;1;0;0;0;0;0;0;0;0;0;0;0
11003;Ajac;76;11;0;0;0;0;0;0;0;0;0;0;0;0;0;0;0;0;0;0;0;0;0;0;0;0;1;1;0;1;0;0;0;0;0;0;0;0;0
11004;Alaigne;76;11;0;0;0;0;0;0;0;0;0;0;0;0;0;0;0;0;0;0;0;1;1;0;0;0;1;1;1;0;0;0;0;0;0;0;0;0;0
11005;Alairac;76;11;0;0;0;0;0;0;0;0;0;0;0;0;0;0;0;0;0;1;0;0;2;0;0;0;1;5;0;0;0;0;2;0;0;1;1;0;0
11006;Albas;76;11;0;0;0;0;0;0;0;0;0;0;0;0;0;0;0;0;0;0;0;0;0;0;0;0;3;0;0;0;1;1;0;0;0;0;0;0;0
11007;Albières;76;11;0;0;0;0;0;0;0;0;0;0;0;0;0;0;0;0;0;0;0;0;0;0;0;0;1;1;0;0;0;0;0;0;0;0;0;0;0
11008;Alet-les-Bains;76;11;0;0;0;0;0;0;0;0;0;0;0;0;0;0;0;0;0;0;0;1;0;0;0;0;1;1;1;0;0;1;0;0;0;0;0;0;0
11009;Alzonne;76;11;0;1;0;0;0;0;0;0;0;0;0;0;0;0;0;0;0;1;0;0;2;0;0;0;4;1;2;4;2;0;2;0;0;4;2;0;4
11010;Antugnac;76;11;0;0;0;0;0;0;0;0;0;0;0;0;0;0;0;0;0;0;0;0;0;0;0;0;1;1;1;0;0;0;0;0;0;0;0;0;0
11011;Aragon;76;11;0;0;0;0;0;0;0;0;0;0;0;0;0;0;0;0;0;0;0;0;0;0;0;0;1;1;1;1;2;0;0;0;0;0;0;0;0
11012;Argeliers;76;11;0;0;0;0;0;0;0;0;0;0;0;0;0;0;0;0;0;1;0;0;3;0;0;0;11;6;8;3;3;2;2;0;0;7;1;0;2
11013;Argens-Minervois;76;11;0;0;0;0;0;0;0;0;0;0;0;0;0;0;0;0;0;0;0;0;1;0;0;0;3;2;3;0;0;0;0;0;0;2;0;0;1
11014;Armissan;76;11;0;0;0;0;0;0;0;0;0;0;0;0;0;0;0;0;0;1;0;0;0;0;0;0;1;0;1;4;3;1;1;0;0;0;4;0;1
11015;Arques;76;11;0;0;0;0;0;0;0;0;0;0;0;0;0;0;0;0;0;0;0;1;0;0;0;0;1;0;1;0;0;0;1;0;0;0;1;0;0
11016;Arquettes-en-Val;76;11;0;0;0;0;0;0;0;0;0;0;0;0;0;0;0;0;0;0;0;0;0;0;0;0;3;0;1;1;0;0;0;0;0;0;0;0;0
11017;Artigues;76;11;0;0;0;0;0;0;0;0;0;0;0;0;0;0;0;0;0;0;0;0;0;0;0;0;1;0;0;0;0;0;0;0;0;0;0;0;0
11018;Arzens;76;11;0;0;0;0;0;0;0;0;0;0;0;0;0;0;0;0;0;0;0;1;3;0;0;0;5;3;0;1;2;0;1;0;0;2;1;0;0
11019;Aunat;76;11;0;0;0;0;0;0;0;0;0;0;0;0;0;0;0;0;0;0;0;0;0;0;0;0;1;0;1;0;0;0;0;0;0;0;0;0;0
11020;Auriac;76;11;0;0;0;0;0;0;0;0;0;0;0;0;0;0;0;0;0;0;0;0;0;0;0;0;0;0;0;0;0;0;0;0;0;0;0;0;0
11021;Axat;76;11;0;1;0;0;0;0;0;0;0;0;0;0;0;0;0;0;0;1;0;0;1;1;0;0;4;2;2;1;1;0;1;0;0;2;1;0;0
11022;Azille;76;11;0;0;0;0;0;0;0;0;0;0;0;0;0;0;0;0;0;1;0;0;3;0;0;0;8;2;0;1;2;0;2;0;0;5;2;0;0
11023;Badens;76;11;0;0;0;0;0;0;0;0;0;0;0;0;0;0;0;0;0;1;0;0;1;0;0;0;1;5;0;1;1;0;1;0;0;0;1;0;0
11024;Bages;76;11;0;0;0;0;0;0;0;0;0;0;0;0;0;0;0;0;0;1;0;0;2;0;0;0;2;0;1;1;2;0;1;0;0;6;0;0;1
11025;Bagnoles;76;11;0;0;0;0;0;0;0;0;0;0;0;0;0;0;0;0;0;0;0;0;0;0;0;0;2;0;0;0;1;0;1;0;0;0;0;0;0
11026;Baraigne;76;11;0;0;0;0;0;0;0;0;0;0;0;0;0;0;0;0;0;0;0;0;0;0;0;0;1;0;0;0;0;1;0;0;0;0;0;0;0
11027;Barbaira;76;11;0;0;0;0;0;0;0;0;0;0;0;0;0;0;0;0;0;1;0;0;1;0;0;0;1;5;0;1;3;0;3;0;0;0;0;0;0
11028;Belcaire;76;11;0;1;0;0;0;0;0;0;0;0;0;0;0;0;0;0;1;1;0;0;1;0;0;0;3;2;2;1;0;0;1;4;0;1;3;0;0
11029;Belcastel-et-Buc;76;11;0;0;0;0;0;0;0;0;0;0;0;0;0;0;0;0;0;0;0;0;0;0;0;0;0;0;0;0;0;0;0;0;0;0;0;0;0
11030;Belflou;76;11;0;0;0;0;0;0;0;0;0;0;0;0;0;0;0;0;0;0;0;0;0;0;0;0;0;0;0;1;1;0;0;0;0;0;0;0;0
11031;Belfort-sur-Rebenty;76;11;0;0;0;0;0;0;0;0;0;0;0;0;0;0;0;0;0;0;0;0;0;0;0;0;0;0;0;0;0;0;0;0;0;0;0;0;0
11032;Bellegarde-du-Razès;76;11;0;0;0;0;0;0;0;0;0;0;0;0;0;0;0;0;0;0;0;1;1;0;0;0;0;0;0;0;1;0;0;0;0;0;1;0;1
11033;Belpech;76;11;0;1;0;0;0;0;0;0;0;0;0;0;0;0;0;1;0;1;0;0;2;0;0;0;4;1;2;3;2;1;4;0;0;5;0;0;0
11034;Belvèze-du-Razès;76;11;0;1;0;0;0;0;0;0;0;0;0;0;0;0;0;1;0;1;0;0;1;0;0;1;2;0;2;1;2;0;1;0;0;2;0;0;0
11035;Belvianes-et-Cavirac;76;11;0;0;0;0;0;0;0;0;0;0;0;0;0;0;0;0;0;0;0;0;1;0;0;0;4;0;0;0;0;0;0;0;0;2;0;0;0
11036;Belvis;76;11;0;0;0;0;0;0;0;0;0;0;0;0;0;0;0;0;0;0;0;1;0;0;0;0;0;0;1;0;1;0;0;0;0;1;0;0;0
11037;Berriac;76;11;0;0;0;0;0;0;0;0;0;0;0;0;0;0;0;0;0;0;0;0;0;0;0;0;2;4;1;0;0;0;2;0;0;1;1;0;0
11038;Bessède-de-Sault;76;11;0;0;0;0;0;0;0;0;0;0;0;0;0;0;0;0;0;0;0;1;0;0;0;0;0;0;0;0;0;0;0;0;0;1;0;0;0
11039;La Bezole;76;11;0;0;0;0;0;0;0;0;0;0;0;0;0;0;0;0;0;0;0;0;0;0;0;0;0;0;0;0;0;0;0;0;0;0;0;0;0
11040;Bizanet;76;11;0;0;0;0;0;0;0;0;0;0;0;0;0;0;0;0;0;1;0;0;0;0;0;0;10;4;2;3;1;0;2;0;0;3;2;0;1
11041;Bize-Minervois;76;11;0;0;0;0;0;0;0;0;0;0;0;0;0;0;0;1;1;1;0;0;3;0;0;0;2;1;1;2;2;1;2;0;0;6;2;0;1
11042;Blomac;76;11;0;0;0;0;0;0;0;0;0;0;0;0;0;0;0;0;0;0;0;0;0;0;0;0;2;0;0;0;1;0;1;0;0;0;1;0;0
11043;Bouilhonnac;76;11;0;0;0;0;0;0;0;0;0;0;0;0;0;0;0;0;0;0;0;0;0;0;0;0;1;0;1;0;2;0;0;1;0;0;0;0;0
11044;Bouisse;76;11;0;0;0;0;0;0;0;0;0;0;0;0;0;0;0;0;0;0;0;1;0;0;0;0;3;0;0;0;0;0;0;0;0;0;0;0;0
11045;Bouriège;76;11;0;0;0;0;0;0;0;0;0;0;0;0;0;0;0;0;0;0;0;1;0;0;0;0;1;0;0;0;0;0;1;0;0;0;1;0;0
11046;Bourigeole;76;11;0;0;0;0;0;0;0;0;0;0;0;0;0;0;0;0;0;0;0;0;0;0;0;0;0;0;0;0;0;0;0;0;0;0;0;0;0
11047;Le Bousquet;76;11;0;0;0;0;0;0;0;0;0;0;0;0;0;0;0;0;0;0;0;0;0;0;0;0;0;0;0;0;0;0;0;0;0;0;0;0;0
11048;Boutenac;76;11;0;0;0;0;0;0;0;0;0;0;0;0;0;0;0;0;0;0;1;0;0;0;0;0;4;0;2;0;4;0;3;0;0;0;0;0;0
11049;Bram;76;11;0;1;0;0;0;0;0;0;0;0;1;0;0;0;0;3;1;1;0;0;9;1;0;1;7;5;4;4;6;1;5;1;0;9;5;0;6
11051;Brézilhac;76;11;0;0;0;0;0;0;0;0;0;0;0;0;0;0;0;0;0;0;0;0;0;0;0;0;1;0;1;2;0;0;0;0;0;0;0;0;0
11052;Brousses-et-Villaret;76;11;0;0;0;0;0;0;0;0;0;0;0;0;0;0;0;0;0;0;0;0;0;0;0;0;3;0;1;1;1;1;1;0;0;1;1;0;0
11053;Brugairolles;76;11;0;0;0;0;0;0;0;0;0;0;0;0;0;0;0;0;0;0;0;1;1;0;0;0;3;0;2;0;0;0;0;0;0;2;0;0;0
11054;Les Brunels;76;11;0;0;0;0;0;0;0;0;0;0;0;0;0;0;0;0;0;0;0;0;0;0;0;0;2;2;0;0;0;0;0;0;0;0;0;0;0
11055;Bugarach;76;11;0;0;0;0;0;0;0;0;0;0;0;0;0;0;0;0;0;0;0;1;0;0;0;0;2;0;0;0;0;0;0;0;0;2;0;0;0
11056;Cabrespine;76;11;0;0;0;0;0;0;0;0;0;0;0;0;0;0;0;0;0;0;0;1;0;0;0;0;0;1;0;0;0;0;0;0;0;3;0;0;0
11057;Cahuzac;76;11;0;0;0;0;0;0;0;0;0;0;0;0;0;0;0;0;0;0;0;0;0;0;0;0;1;0;0;0;0;0;0;0;0;0;0;0;0
11058;Cailhau;76;11;0;0;0;0;0;0;0;0;0;0;0;0;0;0;0;0;0;0;0;1;0;0;0;0;0;0;0;0;0;0;0;0;0;1;0;0;0
11059;Cailhavel;76;11;0;0;0;0;0;0;0;0;0;0;0;0;0;0;0;0;0;0;0;0;0;0;0;0;1;0;0;0;1;0;0;0;0;1;0;0;1
11060;Cailla;76;11;0;0;0;0;0;0;0;0;0;0;0;0;0;0;0;0;0;0;0;0;0;0;0;0;0;0;0;0;0;0;0;0;0;2;0;0;0
11061;Cambieure;76;11;0;0;0;0;0;0;0;0;0;0;0;0;0;0;0;0;0;0;0;0;1;0;0;0;1;1;2;0;0;0;0;0;0;0;0;0;0
11062;Campagna-de-Sault;76;11;0;0;0;0;0;0;0;0;0;0;0;0;0;0;0;0;0;0;0;0;1;0;0;0;0;0;0;0;0;0;0;0;0;0;0;0;0
11063;Campagne-sur-Aude;76;11;0;0;0;0;0;0;0;0;0;0;0;0;0;0;0;0;0;0;0;1;2;0;0;0;6;0;3;2;0;0;1;0;0;2;1;0;0
11064;Camplong-d'Aude;76;11;0;0;0;0;0;0;0;0;0;0;0;0;0;0;0;0;0;1;0;0;1;0;0;0;1;0;0;0;0;0;0;0;0;1;0;0;0
11065;Camps-sur-l'Agly;76;11;0;0;0;0;0;0;0;0;0;0;0;0;0;0;0;0;0;0;0;0;0;0;0;0;0;0;0;0;0;0;0;0;0;0;0;0;0
11066;Camurac;76;11;0;0;0;0;0;0;0;0;0;0;0;0;0;0;0;0;0;0;0;1;0;0;0;0;1;0;0;2;1;0;0;0;0;3;0;0;0
11067;Canet;76;11;0;0;0;0;0;0;0;0;0;0;0;0;0;0;0;1;0;1;0;0;9;1;0;0;9;8;1;1;3;0;2;1;0;3;0;0;0
11068;Capendu;76;11;0;1;0;0;0;0;0;0;0;0;1;0;0;0;0;0;2;1;0;0;3;1;0;1;11;1;4;2;2;1;2;0;0;4;2;0;2
11069;Carcassonne;76;11;1;1;0;1;1;1;1;1;0;0;13;1;0;0;0;34;8;5;1;0;90;11;7;16;139;100;61;67;70;18;99;11;17;314;67;12;49
11070;Carlipa;76;11;0;0;0;0;0;0;0;0;0;0;0;0;0;0;0;0;0;0;0;0;2;0;0;0;2;0;1;0;0;0;0;0;0;0;0;0;1
11071;Cascastel-des-Corbières;76;11;0;0;0;0;0;0;0;0;0;0;0;0;0;0;0;1;0;0;0;1;0;0;0;0;2;0;0;0;1;0;0;0;0;1;0;0;0
11072;La Cassaigne;76;11;0;0;0;0;0;0;0;0;0;0;0;0;0;0;0;0;0;0;0;1;1;0;0;0;4;0;0;0;0;0;0;0;0;0;0;0;0
11073;Cassaignes;76;11;0;0;0;0;0;0;0;0;0;0;0;0;0;0;0;0;0;0;0;0;0;0;0;0;0;0;0;0;0;0;0;0;0;0;0;0;0
11074;Les Cassés;76;11;0;0;0;0;0;0;0;0;0;0;0;0;0;0;0;0;0;0;0;0;0;0;0;0;1;1;0;0;1;0;0;0;0;0;0;0;1
11075;Castans;76;11;0;0;0;0;0;0;0;0;0;0;0;0;0;0;0;0;0;0;0;0;0;0;0;0;0;0;0;0;0;0;0;0;0;0;0;0;0
11076;Castelnaudary;76;11;1;1;0;0;0;0;0;0;0;0;1;1;0;0;0;8;1;1;0;0;30;3;1;3;18;23;12;10;4;4;21;4;3;54;19;4;8
11077;Castelnau-d'Aude;76;11;0;0;0;0;0;0;0;0;0;0;0;0;0;0;0;0;0;0;0;1;0;0;0;0;2;0;1;1;1;0;1;0;0;0;0;0;0
11078;Castelreng;76;11;0;0;0;0;0;0;0;0;0;0;0;0;0;0;0;0;0;0;0;0;0;0;0;0;3;0;0;0;0;0;0;0;0;0;1;0;0
11079;Caudebronde;76;11;0;0;0;0;0;0;0;0;0;0;0;0;0;0;0;0;0;0;0;0;0;0;0;0;0;1;0;1;0;1;0;0;0;0;0;0;1
11080;Val de Lambronne;76;11;0;0;0;0;0;0;0;0;0;0;0;0;0;0;0;0;0;0;0;0;0;0;0;0;1;0;2;0;0;0;0;0;0;0;0;0;0
11081;Caunes-Minervois;76;11;0;0;0;0;0;0;0;0;0;0;0;0;0;0;0;1;1;1;0;0;3;0;0;0;4;2;3;1;1;0;4;0;0;4;0;0;2
11082;Caunette-sur-Lauquet;76;11;0;0;0;0;0;0;0;0;0;0;0;0;0;0;0;0;0;0;0;0;0;0;0;0;0;0;0;0;0;0;0;0;0;0;0;0;0
11083;Caunettes-en-Val;76;11;0;0;0;0;0;0;0;0;0;0;0;0;0;0;0;0;0;0;0;0;0;0;0;0;1;1;0;0;0;0;0;0;0;0;0;0;0
11084;Caux-et-Sauzens;76;11;0;0;0;0;0;0;0;0;0;0;0;0;0;0;0;0;0;0;0;1;0;0;0;0;1;1;3;1;0;0;2;0;0;1;2;0;2
11085;Cavanac;76;11;0;0;0;0;0;0;0;0;0;0;0;0;0;0;0;0;0;0;0;0;3;0;0;0;0;3;1;3;3;0;1;0;0;2;0;0;0
11086;Caves;76;11;0;0;0;0;0;0;0;0;0;0;0;0;0;0;0;0;0;1;0;0;2;1;0;0;7;3;0;0;0;0;0;0;0;1;1;0;2
11087;Cazalrenoux;76;11;0;0;0;0;0;0;0;0;0;0;0;0;0;0;0;0;0;0;0;0;0;0;0;0;0;0;0;1;0;0;0;0;0;0;0;0;0
11088;Cazilhac;76;11;0;0;0;0;0;0;0;0;0;0;0;0;0;0;0;0;0;1;0;0;2;0;0;0;4;1;2;2;1;0;1;0;0;1;3;0;0
11089;Cenne-Monestiés;76;11;0;0;0;0;0;0;0;0;0;0;0;0;0;0;0;0;0;0;0;1;0;0;0;0;0;1;1;1;1;0;1;0;0;0;0;0;0
11090;Cépie;76;11;0;0;0;0;0;0;0;0;0;0;0;0;0;0;0;0;0;0;0;1;2;0;0;0;3;1;2;3;2;0;3;0;0;0;1;0;1
11091;Chalabre;76;11;0;1;0;0;0;0;0;0;0;0;1;0;0;0;0;1;0;1;0;0;0;0;0;1;6;1;2;2;0;0;3;0;0;3;0;0;0
11092;Citou;76;11;0;0;0;0;0;0;0;0;0;0;0;0;0;0;0;0;0;0;0;0;0;0;0;0;0;0;0;0;1;0;0;0;0;3;0;0;0
11093;Le Clat;76;11;0;0;0;0;0;0;0;0;0;0;0;0;0;0;0;0;0;0;0;0;0;0;0;0;0;0;0;0;0;0;0;0;0;0;0;0;0
11094;Clermont-sur-Lauquet;76;11;0;0;0;0;0;0;0;0;0;0;0;0;0;0;0;0;0;0;0;0;0;0;0;0;0;0;0;0;0;0;0;0;0;0;0;0;0
11095;Comigne;76;11;0;0;0;0;0;0;0;0;0;0;0;0;0;0;0;0;0;0;0;0;1;0;0;0;4;0;0;0;0;0;1;0;0;0;0;0;0
11096;Comus;76;11;0;0;0;0;0;0;0;0;0;0;0;0;0;0;0;0;0;0;0;0;0;0;0;0;1;1;0;0;0;0;0;0;0;0;0;0;0
11097;Conilhac-de-la-Montagne;76;11;0;0;0;0;0;0;0;0;0;0;0;0;0;0;0;0;0;0;0;0;0;0;0;0;1;0;0;0;0;0;0;0;0;0;0;0;0
11098;Conilhac-Corbières;76;11;0;0;0;0;0;0;0;0;0;0;0;0;0;0;0;0;0;0;0;1;2;0;0;0;4;1;1;2;2;1;1;1;0;0;1;0;0
11099;Conques-sur-Orbiel;76;11;0;1;0;0;0;0;0;0;0;0;0;0;0;0;0;1;0;1;0;0;3;1;0;1;7;4;5;7;3;0;4;0;0;4;0;1;1
11100;Corbières;76;11;0;0;0;0;0;0;0;0;0;0;0;0;0;0;0;0;0;0;0;0;0;0;0;0;0;0;0;0;0;0;0;0;0;0;0;0;0
11101;Coudons;76;11;0;0;0;0;0;0;0;0;0;0;0;0;0;0;0;0;0;0;0;0;0;0;0;0;0;0;0;0;0;0;0;0;0;0;0;0;0
11102;Couffoulens;76;11;0;0;0;0;0;0;0;0;0;0;0;0;0;0;0;0;0;0;0;1;2;0;0;0;3;2;2;0;2;0;0;0;0;0;0;0;0
11103;Couiza;76;11;0;1;0;0;0;0;0;0;0;0;1;0;0;0;0;0;1;1;0;0;2;2;0;0;3;1;2;2;1;0;4;2;0;4;0;0;3
11104;Counozouls;76;11;0;0;0;0;0;0;0;0;0;0;0;0;0;0;0;0;0;0;0;1;0;0;0;0;1;0;0;0;0;0;0;0;0;0;0;0;0
11105;Cournanel;76;11;0;0;0;0;0;0;0;0;0;0;0;0;0;0;0;0;0;0;0;0;0;0;0;0;6;0;1;2;1;0;0;0;0;1;2;0;0
11106;Coursan;76;11;0;1;0;0;0;0;0;0;0;0;0;0;0;0;0;3;1;1;0;0;13;1;1;1;24;11;11;7;11;0;12;2;0;17;3;0;4
11107;Courtauly;76;11;0;0;0;0;0;0;0;0;0;0;0;0;0;0;0;0;0;0;0;0;0;0;0;0;0;0;0;0;0;0;0;0;0;0;0;0;0
11108;La Courtète;76;11;0;0;0;0;0;0;0;0;0;0;0;0;0;0;0;0;0;0;0;0;0;0;0;0;0;0;1;0;0;0;0;0;0;0;0;0;0
11109;Coustaussa;76;11;0;0;0;0;0;0;0;0;0;0;0;0;0;0;0;0;0;0;0;0;0;0;0;0;0;0;0;0;0;0;0;0;0;0;0;0;0
11110;Coustouge;76;11;0;0;0;0;0;0;0;0;0;0;0;0;0;0;0;0;0;0;0;0;0;0;0;0;1;1;0;0;0;0;0;0;0;0;0;0;0
11111;Cruscades;76;11;0;0;0;0;0;0;0;0;0;0;0;0;0;0;0;0;0;0;0;1;1;0;0;0;5;1;1;2;0;0;0;0;0;0;0;0;1
11112;Cubières-sur-Cinoble;76;11;0;0;0;0;0;0;0;0;0;0;0;0;0;0;0;0;0;0;0;1;0;0;0;0;1;0;0;0;0;0;0;0;0;3;0;0;0
11113;Cucugnan;76;11;0;0;0;0;0;0;0;0;0;0;0;0;0;0;0;0;0;0;0;1;0;0;0;0;0;0;0;0;0;0;0;0;0;2;0;0;0
11114;Cumiès;76;11;0;0;0;0;0;0;0;0;0;0;0;0;0;0;0;0;0;0;0;0;1;0;0;0;0;0;0;0;0;0;0;0;0;1;0;0;0
11115;Cuxac-Cabardès;76;11;0;1;0;0;0;0;0;0;0;0;1;0;0;0;0;0;0;1;0;0;1;0;0;0;5;1;2;3;0;0;4;0;0;1;2;0;1
11116;Cuxac-d'Aude;76;11;0;0;0;0;0;0;0;0;0;0;0;0;0;0;0;2;0;1;0;0;8;1;1;2;13;8;15;6;10;0;5;0;0;6;4;0;6
11117;Davejean;76;11;0;0;0;0;0;0;0;0;0;0;0;0;0;0;0;0;0;0;0;1;0;0;0;0;5;0;0;0;0;0;0;0;0;0;0;0;0
11118;Dernacueillette;76;11;0;0;0;0;0;0;0;0;0;0;0;0;0;0;0;0;0;0;0;0;0;0;0;0;0;0;1;1;0;0;0;0;0;0;2;0;0
11119;La Digne-d'Amont;76;11;0;0;0;0;0;0;0;0;0;0;0;0;0;0;0;0;0;0;0;0;0;0;0;0;1;3;0;0;0;1;0;0;0;0;0;0;0
11120;La Digne-d'Aval;76;11;0;0;0;0;0;0;0;0;0;0;0;0;0;0;0;0;1;0;0;0;1;0;0;0;1;2;0;0;1;0;0;0;0;0;1;0;0
11121;Donazac;76;11;0;0;0;0;0;0;0;0;0;0;0;0;0;0;0;0;0;0;0;0;0;0;0;0;1;2;1;0;0;1;0;0;0;0;0;0;0
11122;Douzens;76;11;0;0;0;0;0;0;0;0;0;0;0;0;0;0;0;0;0;1;0;0;2;0;0;0;1;0;1;1;2;0;0;0;0;0;0;0;0
11123;Duilhac-sous-Peyrepertuse;76;11;0;0;0;0;0;0;0;0;0;0;0;0;0;0;0;0;0;0;0;1;0;0;0;0;2;0;0;0;0;0;0;0;0;5;0;0;0
11124;Durban-Corbières;76;11;0;1;0;0;0;0;0;0;0;0;1;0;0;0;0;1;0;1;0;0;2;0;1;0;0;2;1;0;1;1;2;0;0;1;0;0;0
11125;Embres-et-Castelmaure;76;11;0;0;0;0;0;0;0;0;0;0;0;0;0;0;0;0;0;0;0;1;0;0;0;0;0;0;0;0;1;1;0;0;0;0;0;0;0
11126;Escales;76;11;0;0;0;0;0;0;0;0;0;0;0;0;0;0;0;0;0;0;0;1;0;0;0;0;1;1;1;0;0;1;0;0;0;3;0;0;2
11127;Escouloubre;76;11;0;0;0;0;0;0;0;0;0;0;0;0;0;0;0;0;0;0;0;1;0;0;0;0;0;0;1;0;0;0;0;0;0;2;0;0;0
11128;Escueillens-et-Saint-Just-de-Bélengard;76;11;0;0;0;0;0;0;0;0;0;0;0;0;0;0;0;0;0;0;0;1;0;0;0;0;1;0;1;0;1;0;1;0;0;0;1;0;0
11129;Espéraza;76;11;0;0;0;0;0;0;0;0;0;0;0;0;0;0;0;3;2;1;0;0;3;0;0;1;10;4;0;3;5;0;3;0;0;10;2;0;1
11130;Espezel;76;11;0;0;0;0;0;0;0;0;0;0;0;0;0;0;0;0;0;0;0;1;1;0;0;0;2;0;1;1;0;0;0;0;0;1;1;0;0
11131;Fa;76;11;0;0;0;0;0;0;0;0;0;0;0;0;0;0;0;0;0;0;0;0;0;0;0;0;1;0;1;0;2;0;1;0;0;2;0;0;0
11132;Fabrezan;76;11;0;0;0;0;0;0;0;0;0;0;0;0;0;0;0;0;0;1;0;0;4;0;0;0;7;1;3;3;6;0;1;0;0;7;4;0;2
11133;Fajac-en-Val;76;11;0;0;0;0;0;0;0;0;0;0;0;0;0;0;0;0;0;0;0;0;0;0;0;0;0;0;0;1;1;0;0;0;0;1;0;0;0
11134;Fajac-la-Relenque;76;11;0;0;0;0;0;0;0;0;0;0;0;0;0;0;0;0;0;0;0;0;0;0;0;0;1;0;0;0;0;0;0;0;0;0;0;0;0
11135;La Fajolle;76;11;0;0;0;0;0;0;0;0;0;0;0;0;0;0;0;0;0;0;0;0;0;0;0;0;0;0;0;0;0;0;0;0;0;0;0;0;0
11136;Fanjeaux;76;11;0;0;0;0;0;0;0;0;0;0;0;0;0;0;0;0;0;1;0;0;0;0;0;0;3;2;2;1;1;0;1;0;0;1;0;0;1
11137;Félines-Termenès;76;11;0;0;0;0;0;0;0;0;0;0;0;0;0;0;0;0;0;0;0;1;0;0;0;0;3;0;0;0;0;0;0;0;0;0;0;0;0
11138;Fendeille;76;11;0;0;0;0;0;0;0;0;0;0;0;0;0;0;0;0;0;0;0;1;0;0;0;0;0;1;2;0;0;0;1;0;0;0;1;0;1
11139;Fenouillet-du-Razès;76;11;0;0;0;0;0;0;0;0;0;0;0;0;0;0;0;0;0;0;0;0;0;0;0;0;0;0;0;0;0;0;0;0;0;0;0;0;0
11140;Ferrals-les-Corbières;76;11;0;0;0;0;0;0;0;0;0;0;0;0;0;0;0;0;0;1;0;0;2;0;0;0;5;2;2;2;1;1;3;0;0;6;1;0;0
11141;Ferran;76;11;0;0;0;0;0;0;0;0;0;0;0;0;0;0;0;0;0;0;0;0;0;0;0;0;1;0;0;0;0;1;0;0;0;0;1;0;0
11142;Festes-et-Saint-André;76;11;0;0;0;0;0;0;0;0;0;0;0;0;0;0;0;0;0;0;0;0;1;0;0;0;2;0;0;0;0;0;1;0;0;1;0;0;0
11143;Feuilla;76;11;0;0;0;0;0;0;0;0;0;0;0;0;0;0;0;0;0;0;0;0;0;0;0;1;0;0;0;0;0;0;0;0;0;0;0;0;0
11144;Fitou;76;11;0;0;0;0;0;0;0;0;0;0;0;0;0;0;0;0;0;1;0;0;2;0;0;0;6;2;2;0;2;0;2;0;0;11;1;1;0
11145;Fleury;76;11;0;0;0;0;0;0;0;0;0;0;0;0;0;0;0;0;2;2;0;0;2;0;0;0;17;8;7;7;7;2;8;0;0;57;15;2;5
11146;Floure;76;11;0;0;0;0;0;0;0;0;0;0;0;0;0;0;0;0;0;0;0;0;0;0;0;0;3;0;1;1;1;0;0;0;0;2;0;0;0
11147;Fontanès-de-Sault;76;11;0;0;0;0;0;0;0;0;0;0;0;0;0;0;0;0;0;0;0;0;0;0;0;0;0;0;0;0;0;0;0;0;0;0;0;0;0
11148;Fontcouverte;76;11;0;0;0;0;0;0;0;0;0;0;0;0;0;0;0;0;0;0;0;1;1;0;0;0;4;4;1;0;0;0;2;0;0;1;0;0;1
11149;Fonters-du-Razès;76;11;0;0;0;0;0;0;0;0;0;0;0;0;0;0;0;0;0;0;0;0;0;0;0;0;0;0;0;0;0;0;0;0;0;0;0;0;0
11150;Fontiers-Cabardès;76;11;0;0;0;0;0;0;0;0;0;0;0;0;0;0;0;0;0;0;0;1;0;0;0;0;1;0;0;1;1;0;1;0;0;0;0;0;0
11151;Fontiès-d'Aude;76;11;0;0;0;0;0;0;0;0;0;0;0;0;0;0;0;0;0;0;0;1;0;0;0;0;0;2;0;0;1;0;0;0;0;0;0;0;0
11152;Fontjoncouse;76;11;0;0;0;0;0;0;0;0;0;0;0;0;0;0;0;0;0;0;0;0;1;0;0;0;1;1;0;1;0;0;0;0;0;1;0;0;0
11153;La Force;76;11;0;0;0;0;0;0;0;0;0;0;0;0;0;0;0;0;0;0;0;0;0;0;0;0;0;0;0;1;0;0;0;1;0;0;0;0;0
11154;Fournes-Cabardès;76;11;0;0;0;0;0;0;0;0;0;0;0;0;0;0;0;0;0;0;0;0;0;0;0;0;0;0;0;0;0;0;0;0;0;0;0;0;0
11155;Fourtou;76;11;0;0;0;0;0;0;0;0;0;0;0;0;0;0;0;0;0;0;0;0;0;0;0;0;1;0;0;0;0;0;0;0;0;0;0;0;0
11156;Fraisse-Cabardès;76;11;0;0;0;0;0;0;0;0;0;0;0;0;0;0;0;0;0;0;0;0;0;0;0;0;0;0;0;0;0;0;0;0;0;0;0;0;1
11157;Fraissé-des-Corbières;76;11;0;0;0;0;0;0;0;0;0;0;0;0;0;0;0;0;0;0;0;0;0;0;0;0;0;0;0;0;0;0;0;0;0;1;1;0;0
11158;Gaja-et-Villedieu;76;11;0;0;0;0;0;0;0;0;0;0;0;0;0;0;0;0;0;0;0;0;0;0;0;0;2;3;0;1;0;0;0;0;0;0;0;0;0
11159;Gaja-la-Selve;76;11;0;0;0;0;0;0;0;0;0;0;0;0;0;0;0;0;0;0;0;1;0;0;0;0;1;0;1;0;0;0;0;0;0;2;0;0;0
11160;Galinagues;76;11;0;0;0;0;0;0;0;0;0;0;0;0;0;0;0;0;0;0;0;0;0;0;0;0;0;0;0;0;0;0;0;0;0;0;0;0;0
11161;Gardie;76;11;0;0;0;0;0;0;0;0;0;0;0;0;0;0;0;0;0;0;0;0;0;0;0;0;2;0;0;1;0;0;0;0;0;0;0;0;0
11162;Generville;76;11;0;0;0;0;0;0;0;0;0;0;0;0;0;0;0;0;0;0;0;0;0;0;0;0;0;0;0;0;0;0;0;0;0;0;0;0;0
11163;Gincla;76;11;0;0;0;0;0;0;0;0;0;0;0;0;0;0;0;0;0;0;0;0;1;0;0;0;0;1;0;0;1;0;0;0;0;0;0;0;0
11164;Ginestas;76;11;0;1;0;0;0;0;0;0;0;0;1;0;0;0;0;2;0;1;0;0;0;0;0;0;4;1;1;3;3;0;1;0;0;7;1;0;4
11165;Ginoles;76;11;0;0;0;0;0;0;0;0;0;0;0;0;0;0;0;0;0;0;0;0;0;0;0;0;4;0;0;0;1;1;0;0;0;2;0;0;0
11166;Gourvieille;76;11;0;0;0;0;0;0;0;0;0;0;0;0;0;0;0;0;0;0;0;0;0;0;0;0;0;0;0;0;0;0;0;0;0;0;0;0;0
11167;Gramazie;76;11;0;0;0;0;0;0;0;0;0;0;0;0;0;0;0;0;0;0;0;0;0;0;0;0;2;2;0;0;1;0;1;0;0;0;0;0;0
11168;Granès;76;11;0;0;0;0;0;0;0;0;0;0;0;0;0;0;0;0;0;0;0;0;0;0;0;0;0;2;1;0;0;0;0;0;0;0;0;0;1
11169;Greffeil;76;11;0;0;0;0;0;0;0;0;0;0;0;0;0;0;0;0;0;0;0;0;0;0;0;0;1;0;1;0;0;0;0;0;0;1;0;0;0
11170;Gruissan;76;11;0;1;0;0;0;0;0;0;0;0;0;0;0;0;0;1;0;1;0;0;3;0;0;5;9;7;11;16;11;1;12;2;0;145;20;3;3
11172;Homps;76;11;0;0;0;0;0;0;0;0;0;0;0;0;0;0;0;0;0;1;0;0;2;0;0;0;7;0;1;1;2;1;2;0;0;7;0;0;1
11173;Hounoux;76;11;0;0;0;0;0;0;0;0;0;0;0;0;0;0;0;0;0;0;0;0;0;0;0;0;3;0;0;0;2;0;0;0;0;0;0;0;1
11174;Les Ilhes;76;11;0;0;0;0;0;0;0;0;0;0;0;0;0;0;0;0;0;0;0;0;0;0;0;0;0;0;0;0;0;1;0;0;0;0;0;0;0
11175;Issel;76;11;0;0;0;0;0;0;0;0;0;0;0;0;0;0;0;0;0;0;0;0;0;0;0;0;1;1;1;1;2;0;1;0;0;0;1;0;0
11176;Jonquières;76;11;0;0;0;0;0;0;0;0;0;0;0;0;0;0;0;0;0;0;0;0;0;0;0;0;0;0;0;0;0;0;0;0;0;0;0;0;0
11177;Joucou;76;11;0;0;0;0;0;0;0;0;0;0;0;0;0;0;0;0;0;0;0;0;0;0;0;0;0;0;0;0;0;0;0;0;0;0;0;0;0
11178;Labastide-d'Anjou;76;11;0;0;0;0;0;0;0;0;0;0;0;0;0;0;0;0;0;1;0;0;3;0;0;0;3;0;1;4;0;1;2;0;0;0;1;0;1
11179;Labastide-en-Val;76;11;0;0;0;0;0;0;0;0;0;0;0;0;0;0;0;0;0;0;0;0;0;0;0;0;1;0;0;1;0;0;0;0;0;0;0;0;0
11180;Labastide-Esparbairenque;76;11;0;0;0;0;0;0;0;0;0;0;0;0;0;0;0;0;0;0;0;0;0;0;0;0;1;0;0;0;0;0;0;0;0;0;0;0;0
11181;Labécède-Lauragais;76;11;0;0;0;0;0;0;0;0;0;0;0;0;0;0;0;0;0;0;0;1;0;0;0;0;2;0;1;1;1;0;0;0;0;0;0;0;0
11182;Lacombe;76;11;0;0;0;0;0;0;0;0;0;0;0;0;0;0;0;0;0;0;0;0;0;0;0;0;1;0;0;0;0;0;0;0;0;1;0;0;0
11183;Ladern-sur-Lauquet;76;11;0;0;0;0;0;0;0;0;0;0;0;0;0;0;0;0;0;0;0;0;0;0;0;0;0;1;0;1;1;0;0;0;0;0;0;0;1
11184;Lafage;76;11;0;0;0;0;0;0;0;0;0;0;0;0;0;0;0;0;0;0;0;0;0;0;0;0;0;0;1;0;0;0;0;0;0;0;0;0;0
11185;Lagrasse;76;11;0;1;0;0;0;0;0;0;0;0;1;0;0;0;0;0;0;1;0;0;0;0;0;0;1;0;1;3;1;0;1;0;0;6;1;0;1
11186;Lairière;76;11;0;0;0;0;0;0;0;0;0;0;0;0;0;0;0;0;0;0;0;0;1;0;0;0;1;0;0;0;1;0;0;0;0;0;0;0;0
11187;Lanet;76;11;0;0;0;0;0;0;0;0;0;0;0;0;0;0;0;0;0;0;0;1;0;0;0;0;0;0;0;0;0;0;1;0;0;1;0;0;0
11188;La Palme;76;11;0;0;0;0;0;0;0;0;0;0;0;0;0;0;0;0;0;1;0;0;3;0;0;0;6;1;1;2;7;0;3;0;0;8;2;0;1
11189;Laprade;76;11;0;0;0;0;0;0;0;0;0;0;0;0;0;0;0;0;0;0;0;0;0;0;0;0;0;0;0;0;1;0;0;0;0;2;0;0;0
11190;La Redorte;76;11;0;0;0;0;0;0;0;0;0;0;0;0;0;0;0;1;1;1;0;0;2;0;0;0;2;0;1;1;0;0;1;0;0;3;3;0;3
11191;Laroque-de-Fa;76;11;0;0;0;0;0;0;0;0;0;0;0;0;0;0;0;0;0;0;0;1;1;0;0;0;0;0;0;0;0;0;0;0;0;0;1;0;0
11192;Lasbordes;76;11;0;0;0;0;0;0;0;0;0;0;0;0;0;0;0;0;0;0;0;1;2;0;0;0;3;0;1;1;2;0;0;0;0;2;0;0;1
11193;Lasserre-de-Prouille;76;11;0;0;0;0;0;0;0;0;0;0;0;0;0;0;0;0;0;0;0;1;0;0;0;0;1;0;0;0;0;0;0;0;0;0;0;0;0
11194;Lastours;76;11;0;0;0;0;0;0;0;0;0;0;0;0;0;0;0;0;0;1;0;0;0;0;0;0;0;0;0;0;0;0;0;0;0;2;0;0;0
11195;Laurabuc;76;11;0;0;0;0;0;0;0;0;0;0;0;0;0;0;0;0;0;0;0;1;0;0;0;0;0;1;0;2;1;1;0;0;0;0;0;0;0
11196;Laurac;76;11;0;0;0;0;0;0;0;0;0;0;0;0;0;0;0;0;0;0;0;0;0;0;0;0;0;0;2;0;0;0;0;0;0;0;1;0;0
11197;Lauraguel;76;11;0;0;0;0;0;0;0;0;0;0;0;0;0;0;0;0;0;0;0;1;2;0;0;0;2;2;1;1;0;0;0;0;0;1;1;0;0
11198;Laure-Minervois;76;11;0;0;0;0;0;0;0;0;0;0;0;0;0;0;0;0;0;1;0;0;1;0;0;0;7;2;0;2;3;0;1;0;0;0;2;0;0
11199;Lavalette;76;11;0;0;0;0;0;0;0;0;0;0;0;0;0;0;0;0;0;1;0;0;3;0;0;0;1;2;1;1;0;0;2;0;0;1;3;0;0
11200;Lespinassière;76;11;0;0;0;0;0;0;0;0;0;0;0;0;0;0;0;0;0;0;0;0;0;0;0;0;3;0;0;0;0;0;0;0;0;0;0;0;0
11201;Leuc;76;11;0;0;0;0;0;0;0;0;0;0;0;0;0;0;0;0;1;0;0;1;0;0;0;0;2;1;1;2;1;1;3;0;0;0;0;0;1
11202;Leucate;76;11;0;1;0;0;0;0;0;0;0;0;1;0;0;0;0;3;0;2;0;1;3;0;0;2;11;7;9;9;4;0;10;1;0;127;17;6;4
11203;Lézignan-Corbières;76;11;0;1;0;0;0;0;0;0;0;0;1;1;0;0;0;10;3;1;0;0;21;3;1;4;48;18;11;17;11;2;23;2;2;44;15;2;8
11204;Lignairolles;76;11;0;0;0;0;0;0;0;0;0;0;0;0;0;0;0;0;0;0;0;0;0;0;0;0;0;0;0;0;0;0;0;0;0;0;0;0;0
11205;Limousis;76;11;0;0;0;0;0;0;0;0;0;0;0;0;0;0;0;0;0;0;0;0;0;0;0;0;0;0;1;1;1;0;0;0;0;0;0;0;0
11206;Limoux;76;11;1;1;0;0;0;0;0;0;0;0;2;1;0;0;0;8;4;2;0;0;26;4;0;4;33;19;11;14;14;0;22;4;1;42;12;5;13
11207;Loupia;76;11;0;0;0;0;0;0;0;0;0;0;0;0;0;0;0;0;0;0;0;1;0;0;0;0;1;0;0;0;0;0;0;0;0;1;0;0;0
11208;La Louvière-Lauragais;76;11;0;0;0;0;0;0;0;0;0;0;0;0;0;0;0;0;0;0;0;0;0;0;0;0;1;0;0;0;0;0;0;0;0;0;0;0;0
11209;Luc-sur-Aude;76;11;0;0;0;0;0;0;0;0;0;0;0;0;0;0;0;0;1;0;0;0;0;0;0;0;2;0;1;0;0;0;0;0;0;0;0;0;0
11210;Luc-sur-Orbieu;76;11;0;0;0;0;0;0;0;0;0;0;0;0;0;0;0;0;0;1;0;0;1;0;0;0;8;4;1;1;2;1;1;0;0;1;0;0;1
11211;Magrie;76;11;0;0;0;0;0;0;0;0;0;0;0;0;0;0;0;0;0;0;0;0;1;0;0;0;0;1;2;1;1;1;0;0;0;0;0;0;0
11212;Mailhac;76;11;0;0;0;0;0;0;0;0;0;0;0;0;0;0;0;0;0;1;0;0;1;0;0;0;1;0;1;0;1;0;1;0;0;3;0;0;2
11213;Maisons;76;11;0;0;0;0;0;0;0;0;0;0;0;0;0;0;0;0;0;0;0;0;0;0;0;0;0;0;0;0;0;0;0;0;0;0;0;0;0
11214;Malras;76;11;0;0;0;0;0;0;0;0;0;0;0;0;0;0;0;0;0;0;0;0;1;0;0;0;1;1;2;0;1;0;1;0;0;0;0;0;0
11215;Malves-en-Minervois;76;11;0;0;0;0;0;0;0;0;0;0;0;0;0;0;0;0;0;0;0;1;1;0;0;0;4;4;2;1;0;0;0;0;0;1;0;0;1
11216;Malviès;76;11;0;0;0;0;0;0;0;0;0;0;0;0;0;0;0;0;0;0;0;1;1;0;0;0;0;0;0;0;2;0;0;0;0;1;1;0;1
11217;Marcorignan;76;11;0;0;0;0;0;0;0;0;0;0;0;0;0;0;0;0;1;1;0;0;1;0;0;0;5;1;2;1;0;0;1;0;0;2;2;0;0
11218;Marquein;76;11;0;0;0;0;0;0;0;0;0;0;0;0;0;0;0;0;0;0;0;0;0;0;0;0;1;0;1;0;0;0;0;0;0;0;0;0;0
11219;Marsa;76;11;0;0;0;0;0;0;0;0;0;0;0;0;0;0;0;0;0;0;0;0;0;0;0;0;0;0;0;0;0;0;0;0;0;1;0;0;0
11220;Marseillette;76;11;0;0;0;0;0;0;0;0;0;0;0;0;0;0;0;0;0;1;0;0;0;0;0;0;0;1;3;2;0;0;1;0;0;0;0;0;0
11221;Les Martys;76;11;0;0;0;0;0;0;0;0;0;0;0;0;0;0;0;0;0;0;0;1;0;0;0;0;2;0;0;0;2;0;0;0;0;1;0;0;0
11222;Mas-Cabardès;76;11;0;1;0;0;0;0;0;0;0;0;0;0;0;0;0;0;0;0;0;1;1;0;0;0;2;0;0;0;1;0;0;0;0;0;0;0;0
11223;Mas-des-Cours;76;11;0;0;0;0;0;0;0;0;0;0;0;0;0;0;0;0;0;0;0;0;0;0;0;0;0;0;2;0;0;0;0;0;0;0;0;0;0
11224;Massac;76;11;0;0;0;0;0;0;0;0;0;0;0;0;0;0;0;0;0;0;0;0;0;0;0;0;0;0;0;0;0;0;0;0;0;0;0;0;0
11225;Mas-Saintes-Puelles;76;11;0;0;0;0;0;0;0;0;0;0;0;0;0;0;0;0;0;0;0;1;0;0;0;0;6;3;2;1;2;0;0;0;0;1;0;0;0
11226;Mayreville;76;11;0;0;0;0;0;0;0;0;0;0;0;0;0;0;0;0;0;0;0;0;0;0;0;0;1;0;0;0;0;0;0;0;0;1;0;0;0
11227;Mayronnes;76;11;0;0;0;0;0;0;0;0;0;0;0;0;0;0;0;0;0;0;0;0;0;0;0;0;0;0;0;0;0;0;0;0;0;0;0;0;0
11228;Mazerolles-du-Razès;76;11;0;0;0;0;0;0;0;0;0;0;0;0;0;0;0;0;0;0;0;0;0;0;0;0;0;0;0;1;0;0;0;0;0;0;0;0;0
11229;Mazuby;76;11;0;0;0;0;0;0;0;0;0;0;0;0;0;0;0;0;0;0;0;0;0;0;0;0;0;0;0;0;0;0;0;0;0;0;0;0;0
11230;Mérial;76;11;0;0;0;0;0;0;0;0;0;0;0;0;0;0;0;0;0;0;0;0;0;0;0;0;1;0;0;0;0;0;0;0;0;0;0;0;0
11231;Mézerville;76;11;0;0;0;0;0;0;0;0;0;0;0;0;0;0;0;0;0;0;0;0;0;0;0;0;0;0;0;0;0;0;0;0;0;0;0;0;0
11232;Miraval-Cabardès;76;11;0;0;0;0;0;0;0;0;0;0;0;0;0;0;0;0;0;0;0;0;0;0;0;0;0;0;0;0;0;0;0;0;0;0;0;0;0
11233;Mirepeisset;76;11;0;0;0;0;0;0;0;0;0;0;0;0;0;0;0;0;0;1;0;0;1;0;0;0;4;1;0;0;2;0;1;0;0;2;1;0;0
11234;Mireval-Lauragais;76;11;0;0;0;0;0;0;0;0;0;0;0;0;0;0;0;0;0;0;0;0;0;0;0;0;0;0;0;0;0;0;0;0;0;1;1;0;0
11235;Missègre;76;11;0;0;0;0;0;0;0;0;0;0;0;0;0;0;0;0;0;0;0;1;1;0;0;0;1;0;0;0;0;0;0;0;0;0;0;0;0
11236;Molandier;76;11;0;0;0;0;0;0;0;0;0;0;0;0;0;0;0;0;0;0;0;0;0;0;0;0;0;1;0;0;0;0;0;0;0;0;1;0;0
11238;Molleville;76;11;0;0;0;0;0;0;0;0;0;0;0;0;0;0;0;0;0;0;0;0;0;0;0;0;0;0;0;0;0;0;0;0;0;0;0;0;0
11239;Montauriol;76;11;0;0;0;0;0;0;0;0;0;0;0;0;0;0;0;0;0;0;0;0;0;0;0;0;0;0;0;0;0;0;0;0;0;0;0;0;0
11240;Montazels;76;11;0;0;0;0;0;0;0;0;0;0;0;0;0;0;0;0;0;0;0;0;1;0;0;0;1;1;1;0;0;0;0;0;0;0;1;0;1
11241;Montbrun-des-Corbières;76;11;0;0;0;0;0;0;0;0;0;0;0;0;0;0;0;0;0;0;0;1;0;0;0;0;3;2;0;0;1;0;0;0;0;0;0;0;0
11242;Montclar;76;11;0;0;0;0;0;0;0;0;0;0;0;0;0;0;0;0;0;0;0;0;0;0;0;0;2;0;0;0;1;0;0;0;0;1;0;0;0
11243;Montferrand;76;11;0;0;0;0;0;0;0;0;0;0;0;0;0;0;0;0;0;0;0;0;3;0;0;0;1;1;0;0;0;0;0;0;0;3;0;0;0
11244;Montfort-sur-Boulzane;76;11;0;0;0;0;0;0;0;0;0;0;0;0;0;0;0;0;0;0;0;0;0;0;0;0;0;0;0;0;0;0;0;0;0;2;0;0;0
11245;Montgaillard;76;11;0;0;0;0;0;0;0;0;0;0;0;0;0;0;0;0;0;0;0;0;0;0;0;0;0;0;1;0;0;0;0;0;0;0;0;0;0
11246;Montgradail;76;11;0;0;0;0;0;0;0;0;0;0;0;0;0;0;0;0;0;0;0;0;0;0;0;0;0;0;0;0;2;0;0;0;0;0;0;0;0
11247;Monthaut;76;11;0;0;0;0;0;0;0;0;0;0;0;0;0;0;0;0;0;0;0;0;0;0;0;0;0;0;0;0;0;0;0;0;0;0;0;0;0
11248;Montirat;76;11;0;0;0;0;0;0;0;0;0;0;0;0;0;0;0;0;0;0;0;0;0;0;0;0;1;0;0;0;1;0;0;0;0;0;0;0;0
11249;Montjardin;76;11;0;0;0;0;0;0;0;0;0;0;0;0;0;0;0;0;0;0;0;0;0;0;0;0;0;0;0;0;0;0;0;0;0;0;0;0;0
11250;Montjoi;76;11;0;0;0;0;0;0;0;0;0;0;0;0;0;0;0;0;0;0;0;0;0;0;0;0;0;0;0;0;0;0;0;0;0;0;0;0;0
11251;Montlaur;76;11;0;0;0;0;0;0;0;0;0;0;0;0;0;0;0;0;0;0;0;1;2;0;0;0;1;1;0;2;1;0;3;0;0;0;1;0;0
11252;Montmaur;76;11;0;0;0;0;0;0;0;0;0;0;0;0;0;0;0;0;0;0;0;1;1;0;0;0;3;0;2;2;0;0;0;0;0;0;0;0;0
11253;Montolieu;76;11;0;0;0;0;0;0;0;0;0;0;0;0;0;0;0;0;0;1;0;0;0;0;1;0;1;3;2;1;2;0;1;0;0;3;0;0;1
11254;Montréal;76;11;0;1;0;0;0;0;0;0;0;0;0;0;0;0;0;1;0;1;0;0;2;0;0;2;6;3;2;7;2;0;1;0;0;5;2;1;2
11255;Montredon-des-Corbières;76;11;0;0;0;0;0;0;0;0;0;0;0;0;0;0;0;0;0;1;0;0;7;1;0;0;12;5;4;4;6;2;1;0;1;3;1;0;3
11256;Montséret;76;11;0;0;0;0;0;0;0;0;0;0;0;0;0;0;0;0;0;0;1;0;0;0;0;0;0;1;1;0;0;0;2;0;0;3;0;0;1
11257;Monze;76;11;0;0;0;0;0;0;0;0;0;0;0;0;0;0;0;0;0;0;0;0;1;0;0;0;0;0;0;0;0;0;0;0;0;1;0;0;0
11258;Moussan;76;11;0;0;0;0;0;0;0;0;0;0;0;0;0;0;0;0;0;1;0;0;2;0;0;0;7;2;5;3;2;1;1;0;0;2;2;0;3
11259;Moussoulens;76;11;0;0;0;0;0;0;0;0;0;0;0;0;0;0;0;0;0;1;0;0;1;0;0;0;2;2;1;2;1;0;0;0;0;1;0;0;2
11260;Mouthoumet;76;11;0;1;0;0;0;0;0;0;0;0;0;0;1;0;0;0;0;0;0;1;0;0;0;0;0;0;0;0;1;0;0;0;0;3;0;0;0
11261;Moux;76;11;0;0;0;0;0;0;0;0;0;0;0;0;0;0;0;0;0;1;0;0;2;0;0;0;1;1;2;0;2;0;0;0;0;2;0;0;0
11262;Narbonne;76;11;1;1;0;1;1;1;1;0;0;0;5;2;0;1;0;33;10;5;0;0;89;8;14;13;168;101;69;81;83;29;108;14;24;291;110;9;70
11263;Nébias;76;11;0;0;0;0;0;0;0;0;0;0;0;0;0;0;0;0;0;0;0;0;0;0;0;0;1;0;0;0;0;0;0;0;0;0;0;0;0
11264;Névian;76;11;0;0;0;0;0;0;0;0;0;0;0;0;0;0;0;0;0;1;0;0;3;0;0;0;4;3;2;1;4;0;0;0;0;0;1;0;1
11265;Niort-de-Sault;76;11;0;0;0;0;0;0;0;0;0;0;0;0;0;0;0;0;0;0;0;0;0;0;0;0;0;0;0;0;0;0;0;0;0;0;0;0;0
11266;Port-la-Nouvelle;76;11;0;1;0;0;0;0;0;0;0;0;0;0;0;0;0;5;1;1;0;0;8;1;0;1;19;6;7;4;3;1;13;2;0;37;11;0;5
11267;Ornaisons;76;11;0;0;0;0;0;0;0;0;0;0;0;0;0;0;0;0;0;1;0;0;2;0;0;0;2;2;7;5;2;0;2;0;0;1;0;0;1
11268;Orsans;76;11;0;0;0;0;0;0;0;0;0;0;0;0;0;0;0;0;0;0;0;0;0;0;0;0;0;0;2;0;0;0;0;0;0;0;0;0;0
11269;Ouveillan;76;11;0;0;0;0;0;0;0;0;0;0;0;0;0;0;0;1;0;1;0;0;2;1;0;0;8;9;8;6;4;0;2;0;0;5;0;0;1
11270;Padern;76;11;0;0;0;0;0;0;0;0;0;0;0;0;0;0;0;0;0;0;0;1;0;0;0;0;0;0;0;0;0;0;0;0;0;0;0;0;0
11271;Palairac;76;11;0;0;0;0;0;0;0;0;0;0;0;0;0;0;0;0;0;0;0;0;0;0;0;0;0;0;0;0;1;0;0;0;0;0;0;0;0
11272;Palaja;76;11;0;0;0;0;0;0;0;0;0;0;0;0;0;0;0;0;0;1;0;0;1;0;0;0;9;2;6;3;1;0;1;1;0;5;1;0;2
11273;Paraza;76;11;0;0;0;0;0;0;0;0;0;0;0;0;0;0;0;0;0;0;0;1;2;0;0;0;2;0;0;1;2;0;0;0;0;2;1;0;0
11274;Pauligne;76;11;0;0;0;0;0;0;0;0;0;0;0;0;0;0;0;0;0;0;0;0;0;0;0;0;3;0;0;0;2;0;0;0;0;1;2;0;0
11275;Payra-sur-l'Hers;76;11;0;0;0;0;0;0;0;0;0;0;0;0;0;0;0;0;0;0;0;1;0;0;0;0;3;0;0;2;1;0;0;0;0;0;0;0;0
11276;Paziols;76;11;0;0;0;0;0;0;0;0;0;0;0;0;0;0;0;0;0;1;0;0;2;0;0;1;3;0;1;1;1;0;2;0;0;0;0;0;0
11277;Pécharic-et-le-Py;76;11;0;0;0;0;0;0;0;0;0;0;0;0;0;0;0;0;0;0;0;0;0;0;0;0;0;0;0;0;0;0;0;0;0;0;0;0;0
11278;Pech-Luna;76;11;0;0;0;0;0;0;0;0;0;0;0;0;0;0;0;0;0;0;0;0;0;0;0;0;0;0;0;0;0;0;0;0;0;0;0;0;0
11279;Pennautier;76;11;0;0;0;0;0;0;0;0;0;0;0;0;0;0;0;0;0;1;0;0;2;0;0;0;7;3;2;1;2;0;2;0;0;7;3;0;2
11280;Pépieux;76;11;0;0;0;0;0;0;0;0;0;0;0;0;0;0;0;0;1;1;0;0;2;0;0;0;4;1;1;3;2;1;2;0;0;1;0;0;1
11281;Pexiora;76;11;0;0;0;0;0;0;0;0;0;0;0;0;0;0;0;0;0;0;0;1;5;0;1;0;3;1;2;2;1;0;1;0;0;3;1;0;0
11282;Peyrefitte-du-Razès;76;11;0;0;0;0;0;0;0;0;0;0;0;0;0;0;0;0;0;0;0;0;0;0;0;0;1;0;0;0;0;0;0;0;0;0;1;0;0
11283;Peyrefitte-sur-l'Hers;76;11;0;0;0;0;0;0;0;0;0;0;0;0;0;0;0;0;0;0;0;0;0;0;0;0;0;0;0;0;1;0;0;0;0;0;0;0;0
11284;Peyrens;76;11;0;0;0;0;0;0;0;0;0;0;0;0;0;0;0;0;0;0;0;0;0;0;0;0;0;0;0;0;1;0;2;0;0;2;0;0;0
11285;Peyriac-de-Mer;76;11;0;0;0;0;0;0;0;0;0;0;0;0;0;0;0;0;0;1;0;0;0;0;0;0;5;3;2;0;3;0;1;0;0;3;3;0;0
11286;Peyriac-Minervois;76;11;0;1;0;0;0;0;0;0;0;0;1;0;0;0;0;0;0;1;0;0;6;1;0;1;3;3;4;2;3;0;5;0;0;5;1;0;0
11287;Peyrolles;76;11;0;0;0;0;0;0;0;0;0;0;0;0;0;0;0;0;0;0;0;0;0;0;0;0;0;0;0;0;0;0;0;0;0;0;0;0;0
11288;Pezens;76;11;0;0;0;0;0;0;0;0;0;0;0;0;0;0;0;0;0;1;0;0;2;0;0;1;6;2;3;2;2;0;3;0;0;3;0;0;1
11289;Pieusse;76;11;0;0;0;0;0;0;0;0;0;0;0;0;0;0;0;0;0;0;0;1;0;0;0;0;3;1;3;3;3;1;0;0;0;1;0;0;0
11290;Plaigne;76;11;0;0;0;0;0;0;0;0;0;0;0;0;0;0;0;0;0;0;0;0;1;0;0;0;0;0;0;0;0;0;0;0;0;0;0;0;0
11291;Plavilla;76;11;0;0;0;0;0;0;0;0;0;0;0;0;0;0;0;0;0;0;0;0;1;0;0;0;1;0;0;0;0;0;0;0;0;0;0;0;0
11292;La Pomarède;76;11;0;0;0;0;0;0;0;0;0;0;0;0;0;0;0;0;0;0;0;1;0;0;0;0;1;1;1;0;0;0;0;0;0;0;0;0;0
11293;Pomas;76;11;0;0;0;0;0;0;0;0;0;0;0;0;0;0;0;0;0;1;0;0;3;0;0;0;1;1;1;2;2;0;1;0;0;1;0;0;2
11294;Pomy;76;11;0;0;0;0;0;0;0;0;0;0;0;0;0;0;0;0;0;0;0;0;0;0;0;0;1;0;0;0;0;0;0;0;0;0;0;0;0
11295;Portel-des-Corbières;76;11;0;0;0;0;0;0;0;0;0;0;0;0;0;0;0;0;0;1;0;0;1;0;0;0;8;2;1;0;1;0;2;0;0;5;0;0;1
11296;Pouzols-Minervois;76;11;0;0;0;0;0;0;0;0;0;0;0;0;0;0;0;1;0;1;0;0;1;0;0;0;5;0;0;0;1;0;0;0;0;0;0;0;0
11297;Pradelles-Cabardès;76;11;0;0;0;0;0;0;0;0;0;0;0;0;0;0;0;0;0;0;0;0;0;0;0;0;2;0;0;0;1;0;0;0;0;2;0;0;0
11298;Pradelles-en-Val;76;11;0;0;0;0;0;0;0;0;0;0;0;0;0;0;0;0;0;0;0;1;0;0;0;0;0;0;0;0;0;0;0;0;0;2;0;0;0
11299;Preixan;76;11;0;0;0;0;0;0;0;0;0;0;0;0;0;0;0;0;0;0;0;1;0;0;0;0;3;1;1;0;0;0;1;0;0;2;0;0;0
11300;Puginier;76;11;0;0;0;0;0;0;0;0;0;0;0;0;0;0;0;0;0;0;0;0;0;0;0;0;1;1;0;0;0;0;0;0;0;0;0;0;0
11301;Puichéric;76;11;0;0;0;0;0;0;0;0;0;0;0;0;0;0;0;0;0;1;0;0;1;0;0;0;5;2;2;1;3;0;2;0;0;2;0;0;1
11302;Puilaurens;76;11;0;0;0;0;0;0;0;0;0;0;0;0;0;0;0;0;0;0;0;1;0;0;0;0;4;0;0;1;0;0;0;0;0;1;0;0;0
11303;Puivert;76;11;0;0;0;0;0;0;0;0;0;0;0;0;0;0;0;0;0;0;0;1;1;0;0;0;3;0;0;2;1;0;1;0;0;4;1;0;0
11304;Quillan;76;11;0;1;0;0;0;0;0;0;0;0;1;0;0;0;0;4;1;1;0;0;10;1;0;1;11;5;8;9;4;4;6;1;0;21;10;1;5
11305;Quintillan;76;11;0;0;0;0;0;0;0;0;0;0;0;0;0;0;0;0;0;0;0;0;0;0;0;0;0;0;0;1;0;0;0;0;0;0;0;0;0
11306;Quirbajou;76;11;0;0;0;0;0;0;0;0;0;0;0;0;0;0;0;0;0;0;0;0;0;0;0;0;0;0;0;0;0;0;0;0;0;0;0;0;0
11307;Raissac-d'Aude;76;11;0;0;0;0;0;0;0;0;0;0;0;0;0;0;0;0;0;0;0;1;0;0;0;0;3;1;0;0;0;0;0;0;0;0;0;0;0
11308;Raissac-sur-Lampy;76;11;0;0;0;0;0;0;0;0;0;0;0;0;0;0;0;0;0;0;0;0;0;0;0;0;0;2;0;1;0;0;0;0;0;0;0;0;0
11309;Rennes-le-Château;76;11;0;0;0;0;0;0;0;0;0;0;0;0;0;0;0;0;0;0;0;0;0;0;0;0;0;0;1;0;0;0;0;0;0;4;0;0;0
11310;Rennes-les-Bains;76;11;0;0;0;0;0;0;0;0;0;0;0;0;0;0;0;0;0;0;0;1;0;0;0;0;0;1;0;0;1;0;0;0;0;2;1;0;0
11311;Ribaute;76;11;0;0;0;0;0;0;0;0;0;0;0;0;0;0;0;0;0;0;0;1;1;0;0;0;0;0;0;0;2;0;1;0;0;1;0;0;0
11312;Ribouisse;76;11;0;0;0;0;0;0;0;0;0;0;0;0;0;0;0;0;0;0;0;0;0;0;0;0;0;0;0;0;0;0;0;0;0;0;0;0;0
11313;Ricaud;76;11;0;0;0;0;0;0;0;0;0;0;0;0;0;0;0;0;0;0;0;0;1;0;0;0;0;0;0;3;0;0;1;0;0;0;0;0;0
11314;Rieux-en-Val;76;11;0;0;0;0;0;0;0;0;0;0;0;0;0;0;0;0;0;0;0;0;0;0;0;0;0;0;0;0;0;0;0;0;0;0;0;0;0
11315;Rieux-Minervois;76;11;0;0;0;0;0;0;0;0;0;0;0;0;0;0;0;3;1;1;0;0;3;0;0;1;10;6;3;6;3;0;5;1;0;4;3;0;2
11316;Rivel;76;11;0;0;0;0;0;0;0;0;0;0;0;0;0;0;0;0;0;0;0;1;0;0;0;0;0;0;0;2;0;0;0;0;0;2;0;0;0
11317;Rodome;76;11;0;0;0;0;0;0;0;0;0;0;0;0;0;0;0;0;0;0;0;1;0;0;0;0;1;0;1;1;1;1;0;0;0;0;0;0;0
11318;Roquecourbe-Minervois;76;11;0;0;0;0;0;0;0;0;0;0;0;0;0;0;0;0;0;0;0;0;0;0;0;0;0;0;0;0;0;0;0;0;0;0;0;0;0
11319;Roquefère;76;11;0;0;0;0;0;0;0;0;0;0;0;0;0;0;0;0;0;0;0;0;0;0;0;0;0;0;0;0;0;0;0;0;0;1;0;0;0
11320;Roquefeuil;76;11;0;0;0;0;0;0;0;0;0;0;0;0;0;0;0;0;0;0;0;1;2;0;0;0;0;0;0;1;1;0;0;0;0;2;0;0;0
11321;Roquefort-de-Sault;76;11;0;0;0;0;0;0;0;0;0;0;0;0;0;0;0;0;0;0;0;1;0;0;0;0;0;0;0;0;0;0;0;0;0;1;0;0;0
11322;Roquefort-des-Corbières;76;11;0;0;0;0;0;0;0;0;0;0;0;0;0;0;0;0;0;1;0;0;3;0;0;0;6;2;1;1;3;0;1;0;0;5;0;0;0
11323;Roquetaillade;76;11;0;0;0;0;0;0;0;0;0;0;0;0;0;0;0;0;0;0;0;0;0;0;0;0;1;0;0;0;0;0;0;0;0;0;1;0;0
11324;Roubia;76;11;0;0;0;0;0;0;0;0;0;0;0;0;0;0;0;0;0;0;0;1;0;0;0;0;0;0;0;2;1;0;1;0;0;1;0;0;0
11325;Rouffiac-d'Aude;76;11;0;0;0;0;0;0;0;0;0;0;0;0;0;0;0;0;0;0;0;1;0;0;0;0;1;2;3;0;0;0;0;0;0;1;0;0;0
11326;Rouffiac-des-Corbières;76;11;0;0;0;0;0;0;0;0;0;0;0;0;0;0;0;0;0;0;0;1;0;0;0;0;1;0;0;0;1;0;0;0;0;2;0;0;0
11327;Roullens;76;11;0;0;0;0;0;0;0;0;0;0;0;0;0;0;0;0;0;0;0;0;1;0;0;0;3;2;1;0;0;0;0;0;0;0;1;0;0
11328;Routier;76;11;0;0;0;0;0;0;0;0;0;0;0;0;0;0;0;0;0;0;0;1;0;0;0;0;0;1;2;1;2;0;0;0;0;0;0;0;0
11329;Rouvenac;76;11;0;0;0;0;0;0;0;0;0;0;0;0;0;0;0;0;0;0;0;0;0;0;0;0;3;2;2;1;1;0;0;0;0;2;0;0;1
11330;Rustiques;76;11;0;0;0;0;0;0;0;0;0;0;0;0;0;0;0;0;0;0;0;0;0;0;0;0;1;1;0;3;3;0;2;0;0;0;0;0;0
11331;Saint-Amans;76;11;0;0;0;0;0;0;0;0;0;0;0;0;0;0;0;0;0;0;0;0;1;0;0;0;0;0;0;0;0;0;0;0;0;0;0;0;0
11332;Saint-André-de-Roquelongue;76;11;0;0;0;0;0;0;0;0;0;0;0;0;0;0;0;0;0;1;0;0;1;0;0;0;8;3;4;2;2;1;2;0;0;2;1;0;1
11333;Saint-Benoît;76;11;0;0;0;0;0;0;0;0;0;0;0;0;0;0;0;0;0;0;0;0;0;0;0;0;1;0;0;0;1;0;0;0;0;0;0;0;0
11334;Sainte-Camelle;76;11;0;0;0;0;0;0;0;0;0;0;0;0;0;0;0;0;0;0;0;0;0;0;0;0;0;0;0;2;0;0;0;0;0;0;0;0;0
11335;Sainte-Colombe-sur-Guette;76;11;0;0;0;0;0;0;0;0;0;0;0;0;0;0;0;0;0;0;0;1;0;0;0;0;0;0;0;1;0;0;0;0;0;0;0;0;0
11336;Sainte-Colombe-sur-l'Hers;76;11;0;0;0;0;0;0;0;0;0;0;0;0;0;0;0;0;0;0;1;0;1;0;0;0;2;1;1;1;1;1;1;0;0;0;0;0;0
11337;Saint-Couat-d'Aude;76;11;0;0;0;0;0;0;0;0;0;0;0;0;0;0;0;0;0;0;0;1;0;0;0;0;4;0;1;3;0;0;1;0;0;0;0;0;0
11338;Saint-Couat-du-Razès;76;11;0;0;0;0;0;0;0;0;0;0;0;0;0;0;0;0;0;0;0;0;1;0;0;0;0;0;0;0;1;0;0;0;0;1;0;0;0
11339;Saint-Denis;76;11;0;0;0;0;0;0;0;0;0;0;0;0;0;0;0;0;1;0;0;1;0;0;0;0;2;2;2;1;1;0;0;0;0;1;0;0;0
11340;Sainte-Eulalie;76;11;0;0;0;0;0;0;0;0;0;0;0;0;0;0;0;0;0;0;0;0;0;0;0;0;4;0;0;0;1;0;0;0;0;0;0;0;1
11341;Saint-Ferriol;76;11;0;0;0;0;0;0;0;0;0;0;0;0;0;0;0;0;0;0;0;0;0;0;0;0;1;0;0;0;0;0;0;0;0;2;1;0;0
11342;Saint-Frichoux;76;11;0;0;0;0;0;0;0;0;0;0;0;0;0;0;0;0;0;0;0;0;0;0;0;0;0;1;1;0;0;0;0;0;0;0;0;0;0
11343;Saint-Gaudéric;76;11;0;0;0;0;0;0;0;0;0;0;0;0;0;0;0;0;0;0;0;0;0;0;0;0;1;0;0;0;0;0;0;0;0;0;0;0;0
11344;Saint-Hilaire;76;11;0;1;0;0;0;0;0;0;0;0;1;0;0;0;0;0;0;1;0;0;2;0;0;0;3;0;0;1;3;0;3;0;0;2;0;0;0
11345;Saint-Jean-de-Barrou;76;11;0;0;0;0;0;0;0;0;0;0;0;0;0;0;0;0;0;0;0;1;0;0;0;0;2;1;1;0;1;0;0;0;0;1;1;0;0
11346;Saint-Jean-de-Paracol;76;11;0;0;0;0;0;0;0;0;0;0;0;0;0;0;0;0;0;0;0;0;0;0;0;0;1;1;1;0;1;0;0;0;0;0;0;0;0
11347;Saint-Julia-de-Bec;76;11;0;0;0;0;0;0;0;0;0;0;0;0;0;0;0;0;0;0;0;0;0;0;0;0;0;0;0;0;0;0;0;0;0;0;0;0;0
11348;Saint-Julien-de-Briola;76;11;0;0;0;0;0;0;0;0;0;0;0;0;0;0;0;0;0;0;0;0;0;0;0;0;0;0;1;0;0;0;0;1;0;0;0;0;0
11350;Saint-Just-et-le-Bézu;76;11;0;0;0;0;0;0;0;0;0;0;0;0;0;0;0;0;0;0;0;0;0;0;0;0;0;0;0;0;0;0;0;0;0;2;0;0;0
11351;Saint-Laurent-de-la-Cabrerisse;76;11;0;0;0;0;0;0;0;0;0;0;0;0;0;0;0;1;1;1;0;0;3;0;0;0;3;2;4;3;0;0;1;0;0;3;1;0;0
11352;Saint-Louis-et-Parahou;76;11;0;0;0;0;0;0;0;0;0;0;0;0;0;0;0;0;0;0;0;0;0;0;0;0;0;0;0;0;0;0;0;0;0;0;0;0;0
11353;Saint-Marcel-sur-Aude;76;11;0;0;0;0;0;0;0;0;0;0;0;0;0;0;0;0;0;1;0;0;7;1;0;1;7;8;5;4;5;0;5;0;0;5;3;1;3
11354;Saint-Martin-des-Puits;76;11;0;0;0;0;0;0;0;0;0;0;0;0;0;0;0;0;0;0;0;0;0;0;0;0;0;1;0;0;0;0;0;0;0;0;0;0;0
11355;Saint-Martin-de-Villereglan;76;11;0;0;0;0;0;0;0;0;0;0;0;0;0;0;0;0;0;0;0;0;0;0;0;1;2;0;0;0;0;0;0;0;0;0;0;0;1
11356;Saint-Martin-Lalande;76;11;0;0;0;0;0;0;0;0;0;0;0;0;0;0;0;0;0;0;0;1;1;1;0;0;0;0;2;0;0;0;0;0;0;2;1;0;1
11357;Saint-Martin-le-Vieil;76;11;0;0;0;0;0;0;0;0;0;0;0;0;0;0;0;0;0;0;0;0;1;0;0;0;0;0;0;0;0;0;0;0;0;1;0;0;0
11358;Saint-Martin-Lys;76;11;0;0;0;0;0;0;0;0;0;0;0;0;0;0;0;0;0;0;0;0;0;0;0;0;0;0;0;0;0;0;0;0;0;0;0;0;0
11359;Saint-Michel-de-Lanès;76;11;0;0;0;0;0;0;0;0;0;0;0;0;0;0;0;0;0;0;0;1;1;0;0;0;1;0;0;0;1;0;0;0;0;1;1;0;1
11360;Saint-Nazaire-d'Aude;76;11;0;0;0;0;0;0;0;0;0;0;0;0;0;0;0;0;0;1;0;0;3;0;0;0;11;5;4;3;4;0;2;0;0;5;3;1;2
11361;Saint-Papoul;76;11;0;0;0;0;0;0;0;0;0;0;0;0;0;0;0;0;0;1;0;0;2;0;0;0;4;0;2;1;0;0;1;0;0;1;1;0;0
11362;Saint-Paulet;76;11;0;0;0;0;0;0;0;0;0;0;0;0;0;0;0;0;0;0;0;0;0;0;0;0;2;0;0;0;1;0;0;0;0;0;0;0;0
11363;Saint-Pierre-des-Champs;76;11;0;0;0;0;0;0;0;0;0;0;0;0;0;0;0;0;0;0;0;1;0;0;0;0;5;0;1;0;0;0;1;0;0;0;0;0;0
11364;Saint-Polycarpe;76;11;0;0;0;0;0;0;0;0;0;0;0;0;0;0;0;0;0;0;0;0;0;0;0;0;0;0;0;1;0;0;0;0;0;0;0;0;0
11365;Saint-Sernin;76;11;0;0;0;0;0;0;0;0;0;0;0;0;0;0;0;0;0;0;0;0;0;0;0;0;1;0;0;0;0;0;0;0;0;0;0;0;0
11366;Sainte-Valière;76;11;0;0;0;0;0;0;0;0;0;0;0;0;0;0;0;0;0;0;1;0;1;0;0;0;2;0;2;0;6;0;0;0;0;0;2;0;1
11367;Saissac;76;11;0;1;0;0;0;0;0;0;0;0;0;0;0;0;0;0;0;1;0;0;2;0;0;0;2;1;2;0;1;0;1;1;0;4;2;0;0
11368;Sallèles-Cabardès;76;11;0;0;0;0;0;0;0;0;0;0;0;0;0;0;0;0;0;0;0;0;0;0;0;0;0;0;0;0;0;0;0;0;0;0;0;0;0
11369;Sallèles-d'Aude;76;11;0;0;0;0;0;0;0;0;0;0;0;0;0;0;0;0;0;1;0;0;1;0;0;0;12;3;4;2;9;0;5;0;0;9;2;0;2
11370;Salles-d'Aude;76;11;0;0;0;0;0;0;0;0;0;0;0;0;0;0;0;0;0;1;0;0;2;0;0;0;11;4;4;4;5;0;4;0;0;9;1;0;4
11371;Salles-sur-l'Hers;76;11;0;1;0;0;0;0;0;0;0;0;1;0;0;0;0;0;1;1;0;0;1;0;0;0;0;2;0;1;1;0;1;0;0;1;1;0;1
11372;Salsigne;76;11;0;0;0;0;0;0;0;0;0;0;0;0;0;0;0;0;0;0;0;1;0;0;0;0;3;0;1;0;0;0;0;0;0;1;0;0;1
11373;Salvezines;76;11;0;0;0;0;0;0;0;0;0;0;0;0;0;0;0;0;0;0;0;0;0;0;0;0;0;0;0;1;0;0;0;0;0;1;0;0;0
11374;Salza;76;11;0;0;0;0;0;0;0;0;0;0;0;0;0;0;0;0;0;0;0;0;0;0;0;0;0;0;0;0;0;0;0;0;0;0;0;0;0
11375;Seignalens;76;11;0;0;0;0;0;0;0;0;0;0;0;0;0;0;0;0;0;0;0;0;0;0;0;0;1;0;0;0;0;0;0;0;0;1;0;0;0
11376;La Serpent;76;11;0;0;0;0;0;0;0;0;0;0;0;0;0;0;0;0;0;0;0;0;0;0;0;0;1;0;0;0;0;0;0;0;0;0;0;0;0
11377;Serres;76;11;0;0;0;0;0;0;0;0;0;0;0;0;0;0;0;0;0;0;0;0;0;0;0;0;0;0;0;0;0;0;0;0;0;0;0;0;0
11378;Serviès-en-Val;76;11;0;0;0;0;0;0;0;0;0;0;0;0;0;0;0;0;0;0;1;0;1;0;0;0;2;0;0;1;1;0;2;0;0;0;0;0;0
11379;Sigean;76;11;0;0;0;0;0;0;0;0;0;0;1;0;0;0;0;6;1;1;0;0;13;1;0;1;12;10;11;7;13;2;14;2;0;27;6;2;6
11380;Sonnac-sur-l'Hers;76;11;0;0;0;0;0;0;0;0;0;0;0;0;0;0;0;0;0;0;0;0;0;0;0;0;0;0;1;0;0;0;1;0;0;0;0;0;0
11381;Sougraigne;76;11;0;0;0;0;0;0;0;0;0;0;0;0;0;0;0;0;0;0;0;0;0;0;0;0;0;0;0;0;0;0;0;0;0;2;0;0;0
11382;Souilhanels;76;11;0;0;0;0;0;0;0;0;0;0;0;0;0;0;0;0;0;0;0;0;0;0;0;0;0;2;0;0;0;0;0;0;0;0;0;0;1
11383;Souilhe;76;11;0;0;0;0;0;0;0;0;0;0;0;0;0;0;0;0;0;0;0;0;0;0;0;0;0;3;1;2;1;0;1;0;0;0;0;0;0
11384;Soulatgé;76;11;0;0;0;0;0;0;0;0;0;0;0;0;0;0;0;0;0;0;0;1;0;0;0;0;1;0;1;0;2;0;0;0;0;2;0;0;0
11385;Soupex;76;11;0;0;0;0;0;0;0;0;0;0;0;0;0;0;0;0;0;0;0;1;1;0;0;0;3;0;0;1;0;0;0;0;0;0;0;0;0
11386;Talairan;76;11;0;0;0;0;0;0;0;0;0;0;0;0;0;0;0;0;0;0;0;1;1;0;0;0;6;0;0;0;0;0;1;0;0;2;0;0;0
11387;Taurize;76;11;0;0;0;0;0;0;0;0;0;0;0;0;0;0;0;0;0;0;0;0;0;0;0;0;0;0;1;0;0;0;0;0;0;0;0;0;0
11388;Termes;76;11;0;0;0;0;0;0;0;0;0;0;0;0;0;0;0;0;0;0;0;0;0;0;0;0;1;0;0;0;0;0;0;0;0;0;0;0;0
11389;Terroles;76;11;0;0;0;0;0;0;0;0;0;0;0;0;0;0;0;0;0;0;0;0;0;0;0;0;0;0;0;0;0;0;0;0;0;0;0;0;0
11390;Thézan-des-Corbières;76;11;0;0;0;0;0;0;0;0;0;0;0;0;0;0;0;0;0;0;1;0;1;0;0;0;3;2;0;1;1;0;1;0;0;1;1;0;0
11391;La Tourette-Cabardès;76;11;0;0;0;0;0;0;0;0;0;0;0;0;0;0;0;0;0;0;0;0;0;0;0;0;0;0;0;0;0;0;0;0;0;0;0;0;0
11392;Tournissan;76;11;0;0;0;0;0;0;0;0;0;0;0;0;0;0;0;0;0;0;0;1;0;0;0;0;3;1;1;0;0;0;1;0;0;2;0;0;0
11393;Tourouzelle;76;11;0;0;0;0;0;0;0;0;0;0;0;0;0;0;0;0;0;0;0;1;1;0;0;0;1;1;1;0;0;0;2;0;0;0;1;0;0
11394;Tourreilles;76;11;0;0;0;0;0;0;0;0;0;0;0;0;0;0;0;0;0;0;0;0;0;0;0;0;0;0;0;0;1;0;0;0;0;0;0;0;0
11395;Trassanel;76;11;0;0;0;0;0;0;0;0;0;0;0;0;0;0;0;0;0;0;0;0;0;0;0;0;0;0;0;0;0;0;0;0;0;0;0;0;0
11396;Trausse;76;11;0;0;0;0;0;0;0;0;0;0;0;0;0;0;0;0;0;0;0;1;1;0;0;0;3;0;1;2;2;1;2;0;0;2;0;0;0
11397;Trèbes;76;11;0;1;0;0;0;0;0;0;0;0;0;0;0;0;0;3;4;1;0;0;13;1;0;1;17;9;13;8;4;2;10;1;0;16;3;1;5
11398;Treilles;76;11;0;0;0;0;0;0;0;0;0;0;0;0;0;0;0;0;0;0;0;0;1;0;0;0;0;0;1;0;0;0;0;0;0;1;0;0;0
11399;Tréville;76;11;0;0;0;0;0;0;0;0;0;0;0;0;0;0;0;0;0;0;0;0;0;0;0;0;0;1;0;0;0;0;0;0;0;0;0;0;0
11400;Tréziers;76;11;0;0;0;0;0;0;0;0;0;0;0;0;0;0;0;0;0;0;0;0;1;0;0;0;0;0;0;0;0;0;0;0;0;0;0;0;0
11401;Tuchan;76;11;0;1;0;0;0;0;0;0;0;0;0;0;0;0;0;1;0;1;0;0;0;0;0;0;3;1;0;0;0;0;2;0;0;2;0;0;0
11402;Valmigère;76;11;0;0;0;0;0;0;0;0;0;0;0;0;0;0;0;0;0;0;0;0;0;0;0;0;1;0;0;0;0;0;0;0;0;0;0;0;0
11404;Ventenac-Cabardès;76;11;0;0;0;0;0;0;0;0;0;0;0;0;0;0;0;0;0;0;0;1;2;0;0;0;3;1;1;0;2;0;1;0;0;0;0;0;0
11405;Ventenac-en-Minervois;76;11;0;0;0;0;0;0;0;0;0;0;0;0;0;0;0;0;0;1;0;0;1;0;0;0;2;1;0;1;1;0;2;0;0;2;1;0;0
11406;Véraza;76;11;0;0;0;0;0;0;0;0;0;0;0;0;0;0;0;0;0;0;0;0;0;0;0;0;1;0;0;0;0;0;0;0;0;0;0;0;0
11407;Verdun-en-Lauragais;76;11;0;0;0;0;0;0;0;0;0;0;0;0;0;0;0;0;0;0;0;0;0;0;0;0;3;0;0;0;0;0;0;0;0;1;0;0;0
11408;Verzeille;76;11;0;0;0;0;0;0;0;0;0;0;0;0;0;0;0;0;0;0;0;1;0;0;0;0;1;0;0;1;0;0;0;0;0;2;0;0;1
11409;Vignevieille;76;11;0;0;0;0;0;0;0;0;0;0;0;0;0;0;0;0;0;0;0;1;0;0;0;0;1;0;0;0;0;0;0;0;0;0;1;0;0
11410;Villalier;76;11;0;0;0;0;0;0;0;0;0;0;0;0;0;0;0;0;0;1;0;0;1;0;0;0;2;1;1;1;0;0;2;0;0;2;3;0;0
11411;Villanière;76;11;0;0;0;0;0;0;0;0;0;0;0;0;0;0;0;0;0;0;0;0;0;0;0;0;1;0;0;0;0;0;0;0;0;0;0;0;0
11412;Villardebelle;76;11;0;0;0;0;0;0;0;0;0;0;0;0;0;0;0;0;0;0;0;0;0;0;0;0;0;1;1;0;0;0;0;0;0;0;0;0;0
11413;Villardonnel;76;11;0;0;0;0;0;0;0;0;0;0;0;0;0;0;0;0;0;0;0;1;0;0;0;0;0;0;1;1;0;0;0;0;0;1;2;0;0
11414;Villar-en-Val;76;11;0;0;0;0;0;0;0;0;0;0;0;0;0;0;0;0;0;0;0;0;0;0;0;0;0;0;0;0;0;0;0;0;0;0;0;0;0
11415;Villar-Saint-Anselme;76;11;0;0;0;0;0;0;0;0;0;0;0;0;0;0;0;0;0;0;0;0;0;0;0;0;0;0;0;0;0;0;0;0;0;0;0;0;0
11416;Villarzel-Cabardès;76;11;0;0;0;0;0;0;0;0;0;0;0;0;0;0;0;0;0;0;0;0;0;0;0;0;1;1;0;0;0;0;0;0;0;0;0;0;0
11417;Villarzel-du-Razès;76;11;0;0;0;0;0;0;0;0;0;0;0;0;0;0;0;0;0;0;0;0;1;0;0;0;0;0;0;0;0;1;0;0;0;1;1;0;0
11418;Villasavary;76;11;0;0;0;0;0;0;0;0;0;0;0;0;0;0;0;0;0;1;0;0;1;0;0;0;3;1;0;1;1;1;2;1;0;1;2;0;1
11419;Villautou;76;11;0;0;0;0;0;0;0;0;0;0;0;0;0;0;0;0;0;0;0;0;0;0;0;0;1;0;0;0;0;0;0;0;0;0;0;0;0
11420;Villebazy;76;11;0;0;0;0;0;0;0;0;0;0;0;0;0;0;0;0;0;0;0;0;0;0;0;0;0;0;0;2;1;0;0;0;0;0;0;0;0
11421;Villedaigne;76;11;0;0;0;0;0;0;0;0;0;0;0;0;0;0;0;0;0;1;0;0;2;0;0;0;1;1;1;0;0;0;0;0;0;3;0;0;0
11422;Villedubert;76;11;0;0;0;0;0;0;0;0;0;0;0;0;0;0;0;0;0;0;0;0;1;0;0;0;1;0;1;0;1;0;0;0;0;1;1;0;1
11423;Villefloure;76;11;0;0;0;0;0;0;0;0;0;0;0;0;0;0;0;0;0;0;0;0;1;0;0;0;0;0;0;2;1;0;0;0;0;2;0;0;0
11424;Villefort;76;11;0;0;0;0;0;0;0;0;0;0;0;0;0;0;0;0;0;0;0;0;0;0;0;0;1;0;1;0;0;0;0;0;0;0;0;0;0
11425;Villegailhenc;76;11;0;0;0;0;0;0;0;0;0;0;0;0;0;0;0;0;0;1;0;0;2;0;0;0;5;2;3;7;1;0;5;0;0;1;0;0;0
11426;Villegly;76;11;0;0;0;0;0;0;0;0;0;0;0;0;0;0;0;0;0;1;0;0;2;0;0;0;2;1;4;3;2;0;4;0;0;3;0;0;2
11427;Villelongue-d'Aude;76;11;0;0;0;0;0;0;0;0;0;0;0;0;0;0;0;0;0;0;0;1;0;0;0;0;2;0;0;0;0;0;1;0;0;0;0;0;0
11428;Villemagne;76;11;0;0;0;0;0;0;0;0;0;0;0;0;0;0;0;0;0;0;0;0;0;0;0;0;2;1;0;0;0;0;0;0;0;0;0;0;0
11429;Villemoustaussou;76;11;0;0;0;0;0;0;0;0;0;0;0;0;0;0;0;0;0;1;0;0;2;0;0;1;11;7;2;6;3;1;5;1;0;4;4;0;4
11430;Villeneuve-la-Comptal;76;11;0;0;0;0;0;0;0;0;0;0;0;0;0;0;0;0;0;0;0;1;0;0;0;0;4;1;1;3;3;0;3;0;0;0;1;0;1
11431;Villeneuve-les-Corbières;76;11;0;0;0;0;0;0;0;0;0;0;0;0;0;0;0;0;0;0;0;1;0;0;0;0;1;0;2;0;2;0;0;0;0;1;0;0;0
11432;Villeneuve-lès-Montréal;76;11;0;0;0;0;0;0;0;0;0;0;0;0;0;0;0;0;0;0;0;0;1;0;0;0;5;0;1;0;0;0;0;0;0;0;0;0;0
11433;Villeneuve-Minervois;76;11;0;0;0;0;0;0;0;0;0;0;0;0;0;0;0;0;0;0;0;1;1;0;0;0;4;3;3;0;1;0;1;0;0;4;1;0;2
11434;Villepinte;76;11;0;0;0;0;0;0;0;0;0;0;0;0;0;0;0;0;0;1;0;0;1;0;0;0;6;1;0;2;0;1;1;0;0;2;2;0;0
11435;Villerouge-Termenès;76;11;0;0;0;0;0;0;0;0;0;0;0;0;0;0;0;0;0;0;0;1;0;0;0;0;0;0;0;0;0;0;0;0;0;4;0;0;0
11436;Villesèque-des-Corbières;76;11;0;0;0;0;0;0;0;0;0;0;0;0;0;0;0;0;0;0;0;1;1;0;0;0;2;0;0;0;1;1;0;0;0;2;0;0;1
11437;Villesèquelande;76;11;0;0;0;0;0;0;0;0;0;0;0;0;0;0;0;0;0;0;0;1;1;0;0;0;3;1;2;1;1;0;0;0;0;0;0;0;0
11438;Villesiscle;76;11;0;0;0;0;0;0;0;0;0;0;0;0;0;0;0;0;0;0;0;0;0;0;0;0;0;1;0;0;1;0;0;0;0;0;0;0;0
11439;Villespy;76;11;0;0;0;0;0;0;0;0;0;0;0;0;0;0;0;0;0;0;0;1;0;0;0;0;2;0;1;2;1;0;0;0;0;0;0;0;0
11440;Villetritouls;76;11;0;0;0;0;0;0;0;0;0;0;0;0;0;0;0;0;0;0;0;0;0;0;0;0;1;0;0;0;0;0;0;0;0;0;0;0;0
11441;Vinassan;76;11;0;0;0;0;0;0;0;0;0;0;0;0;0;0;0;0;0;1;0;0;6;0;0;0;7;3;4;3;10;1;2;0;0;6;1;0;2
12001;Agen-d'Aveyron;76;12;0;0;0;0;0;0;0;0;0;0;0;0;0;0;0;0;0;0;0;1;2;0;0;0;3;2;2;4;0;0;3;0;0;2;0;0;0
12002;Aguessac;76;12;0;0;0;0;0;0;0;0;0;0;0;0;0;0;0;0;0;1;0;0;1;0;0;0;2;5;4;4;2;0;1;0;0;1;2;0;1
12003;Les Albres;76;12;0;0;0;0;0;0;0;0;0;0;0;0;0;0;0;0;0;0;0;1;0;0;0;0;1;0;0;1;0;0;0;0;0;0;1;0;0
12004;Almont-les-Junies;76;12;0;0;0;0;0;0;0;0;0;0;0;0;0;0;0;0;0;0;0;0;2;0;0;0;3;1;0;0;0;1;0;0;0;1;0;0;0
12006;Alrance;76;12;0;0;0;0;0;0;0;0;0;0;0;0;0;0;0;0;0;0;0;1;2;0;0;0;0;1;1;0;0;0;0;0;0;1;1;0;0
12007;Ambeyrac;76;12;0;0;0;0;0;0;0;0;0;0;0;0;0;0;0;0;0;0;0;0;0;0;0;0;2;0;1;1;1;0;0;0;0;0;0;0;0
12008;Anglars-Saint-Félix;76;12;0;0;0;0;0;0;0;0;0;0;0;0;0;0;0;0;0;0;0;0;0;0;0;0;1;0;1;0;1;0;0;1;0;2;0;0;1
12009;Arnac-sur-Dourdou;76;12;0;0;0;0;0;0;0;0;0;0;0;0;0;0;0;0;0;0;0;0;0;0;0;0;0;0;0;0;0;0;0;0;0;0;0;0;0
12010;Arques;76;12;0;0;0;0;0;0;0;0;0;0;0;0;0;0;0;0;0;0;0;0;0;0;0;0;0;0;1;0;0;1;0;0;0;1;0;0;0
12011;Arvieu;76;12;0;0;0;0;0;0;0;0;0;0;0;0;0;0;0;1;0;0;0;1;2;0;0;0;4;1;2;4;1;0;1;0;0;4;3;0;0
12012;Asprières;76;12;0;0;0;0;0;0;0;0;0;0;0;0;0;0;0;0;0;0;0;1;2;0;0;0;1;2;1;0;0;1;1;0;0;2;0;0;0
12013;Aubin;76;12;0;0;0;0;0;0;0;0;0;0;1;0;0;0;0;1;2;1;0;2;8;2;0;1;5;6;2;5;6;2;5;0;0;4;0;0;0
12015;Auriac-Lagast;76;12;0;0;0;0;0;0;0;0;0;0;0;0;0;0;0;0;0;0;0;1;1;0;0;0;0;0;0;0;1;0;0;0;0;0;0;0;0
12016;Auzits;76;12;0;0;0;0;0;0;0;0;0;0;0;0;0;0;0;0;0;0;0;1;1;0;0;0;3;2;2;0;0;1;0;0;0;1;0;0;1
12017;Ayssènes;76;12;0;0;0;0;0;0;0;0;0;0;0;0;0;0;0;0;0;0;0;0;0;0;0;0;1;2;1;0;0;1;0;0;0;1;0;0;0
12018;Balaguier-d'Olt;76;12;0;0;0;0;0;0;0;0;0;0;0;0;0;0;0;0;0;0;0;0;0;0;0;0;1;0;1;0;0;0;0;0;0;0;1;0;0
12019;Balaguier-sur-Rance;76;12;0;0;0;0;0;0;0;0;0;0;0;0;0;0;0;0;0;0;0;0;0;0;0;0;0;0;0;0;0;0;0;0;0;0;0;0;0
12020;Balsac;76;12;0;0;0;0;0;0;0;0;0;0;0;0;0;0;0;0;0;0;0;0;0;0;0;0;1;2;1;1;0;0;1;0;0;1;1;0;0
12021;Le Bas Ségala;76;12;0;0;0;0;0;0;0;0;0;0;0;0;0;0;0;0;0;0;0;3;3;0;0;0;5;2;6;5;4;0;3;0;0;3;0;0;0
12022;La Bastide-Pradines;76;12;0;0;0;0;0;0;0;0;0;0;0;0;0;0;0;0;0;0;0;0;0;0;0;0;0;0;0;0;1;0;0;0;0;0;0;0;0
12023;La Bastide-Solages;76;12;0;0;0;0;0;0;0;0;0;0;0;0;0;0;0;0;0;0;0;0;0;0;0;0;1;0;0;0;0;0;0;0;0;0;0;0;0
12024;Belcastel;76;12;0;0;0;0;0;0;0;0;0;0;0;0;0;0;0;0;0;0;0;0;1;0;0;0;0;0;1;0;1;0;0;0;0;2;0;0;0
12025;Belmont-sur-Rance;76;12;0;1;0;0;0;0;0;0;0;0;1;0;0;0;0;1;0;1;0;0;1;0;0;0;2;0;2;1;3;0;2;0;0;4;0;0;1
12026;Bertholène;76;12;0;0;0;0;0;0;0;0;0;0;0;0;0;0;0;0;0;0;0;1;3;0;0;1;6;1;1;1;3;3;1;0;0;2;0;0;0
12027;Bessuéjouls;76;12;0;0;0;0;0;0;0;0;0;0;0;0;0;0;0;0;0;0;0;0;2;0;0;0;0;0;0;0;0;0;0;0;0;0;0;0;0
12028;Boisse-Penchot;76;12;0;0;0;0;0;0;0;0;0;0;0;0;0;0;0;0;0;0;0;1;0;0;0;0;0;0;1;1;1;0;2;0;0;1;0;0;0
12029;Bor-et-Bar;76;12;0;0;0;0;0;0;0;0;0;0;0;0;0;0;0;0;0;0;0;1;0;0;0;0;1;0;2;1;0;0;0;0;0;0;0;0;0
12030;Bouillac;76;12;0;0;0;0;0;0;0;0;0;0;0;0;0;0;0;0;0;0;0;1;1;0;0;0;0;0;0;0;1;1;0;0;0;2;0;0;0
12031;Bournazel;76;12;0;0;0;0;0;0;0;0;0;0;0;0;0;0;0;0;0;0;1;0;1;0;0;0;1;1;0;0;0;0;0;0;0;1;0;0;0
12032;Boussac;76;12;0;0;0;0;0;0;0;0;0;0;0;0;0;0;0;0;0;0;0;0;2;0;0;0;1;0;1;1;0;0;0;0;0;0;0;0;0
12033;Bozouls;76;12;0;1;0;0;0;0;0;0;0;0;0;0;1;0;0;2;1;1;0;0;9;1;0;1;5;5;11;5;2;1;6;2;0;5;2;0;2
12034;Brandonnet;76;12;0;0;0;0;0;0;0;0;0;0;0;0;0;0;0;0;0;0;0;0;0;0;0;0;1;1;2;0;0;0;0;0;0;0;2;0;0
12035;Brasc;76;12;0;0;0;0;0;0;0;0;0;0;0;0;0;0;0;0;0;0;0;0;0;0;0;0;0;0;0;0;0;0;0;0;0;0;0;0;0
12036;Brommat;76;12;0;0;0;0;0;0;0;0;0;0;0;0;0;0;0;0;0;0;0;0;3;0;0;0;2;1;2;1;2;0;0;0;0;1;0;0;0
12037;Broquiès;76;12;0;1;0;0;0;0;0;0;0;0;0;0;0;0;0;0;0;1;0;0;1;0;0;0;2;0;0;2;0;0;1;0;0;0;1;0;0
12038;Brousse-le-Château;76;12;0;0;0;0;0;0;0;0;0;0;0;0;0;0;0;0;0;0;0;0;0;0;0;0;0;0;0;0;0;1;0;0;0;0;0;0;0
12039;Brusque;76;12;0;0;0;0;0;0;0;0;0;0;0;0;0;0;0;0;0;0;0;1;2;0;0;0;2;0;0;1;1;0;1;0;0;1;0;0;1
12041;Cabanès;76;12;0;0;0;0;0;0;0;0;0;0;0;0;0;0;0;0;0;0;0;0;0;0;0;0;0;0;1;1;0;0;0;0;0;1;0;0;0
12042;Calmels-et-le-Viala;76;12;0;0;0;0;0;0;0;0;0;0;0;0;0;0;0;0;0;0;0;0;0;0;0;0;0;1;1;0;1;0;0;0;0;0;0;0;0
12043;Calmont;76;12;0;0;0;0;0;0;0;0;0;0;0;0;0;0;0;0;0;0;0;1;5;0;0;0;3;4;3;3;2;0;1;0;0;2;0;0;0
12044;Camarès;76;12;0;1;0;0;0;0;0;0;0;0;0;0;0;0;0;1;0;1;0;0;4;1;0;0;6;1;3;2;2;0;3;0;0;2;2;0;0
12045;Camboulazet;76;12;0;0;0;0;0;0;0;0;0;0;0;0;0;0;0;0;0;0;0;0;0;0;0;0;1;0;1;1;1;0;0;0;0;1;0;0;0
12046;Camjac;76;12;0;0;0;0;0;0;0;0;0;0;0;0;0;0;0;0;0;0;0;0;0;0;0;0;0;0;2;2;1;0;0;0;0;0;1;0;1
12047;Campagnac;76;12;0;1;0;0;0;0;0;0;0;0;0;0;0;0;0;1;0;1;0;0;1;0;0;0;1;0;0;1;0;0;1;0;0;0;0;0;1
12048;Campouriez;76;12;0;0;0;0;0;0;0;0;0;0;0;0;0;0;0;0;0;0;0;1;1;0;0;0;4;3;2;1;0;0;0;0;0;0;0;0;0
12049;Campuac;76;12;0;0;0;0;0;0;0;0;0;0;0;0;0;0;0;0;0;0;0;1;2;0;0;0;1;1;0;0;2;0;1;0;0;0;0;0;0
12050;Canet-de-Salars;76;12;0;0;0;0;0;0;0;0;0;0;0;0;0;0;0;0;0;0;1;0;1;0;0;0;1;1;1;3;1;0;1;0;0;0;0;0;0
12051;Cantoin;76;12;0;0;0;0;0;0;0;0;0;0;0;0;0;0;0;0;0;0;0;1;0;0;0;0;0;2;1;3;1;0;0;0;0;1;0;0;0
12052;Capdenac-Gare;76;12;0;1;0;0;0;0;0;0;0;0;1;0;0;0;0;3;4;1;0;0;7;1;0;4;19;3;6;6;6;1;10;3;0;13;2;1;3
12053;La Capelle-Balaguier;76;12;0;0;0;0;0;0;0;0;0;0;0;0;0;0;0;0;0;0;0;0;0;0;0;0;1;0;3;1;0;1;0;0;0;0;0;0;0
12054;La Capelle-Bleys;76;12;0;0;0;0;0;0;0;0;0;0;0;0;0;0;0;0;0;0;0;1;1;0;0;0;0;1;2;1;0;0;0;0;0;1;0;0;0
12055;La Capelle-Bonance;76;12;0;0;0;0;0;0;0;0;0;0;0;0;0;0;0;0;0;0;0;0;0;0;0;0;0;0;0;0;0;0;0;0;0;0;0;0;0
12056;Baraqueville;76;12;0;1;0;0;0;0;0;0;0;0;1;0;1;0;0;3;0;1;0;0;4;1;0;2;4;5;13;6;2;3;5;2;0;6;4;1;1
12057;Cassagnes-Bégonhès;76;12;0;1;0;0;0;0;0;0;0;0;0;0;0;0;0;2;1;1;0;0;5;0;0;1;3;2;1;3;2;0;4;1;0;2;0;0;1
12058;Cassuéjouls;76;12;0;0;0;0;0;0;0;0;0;0;0;0;0;0;0;0;0;0;0;1;0;0;0;0;1;0;0;0;1;0;0;0;0;1;0;0;0
12059;Castanet;76;12;0;0;0;0;0;0;0;0;0;0;0;0;0;0;0;0;0;0;0;0;1;0;0;0;3;0;0;2;0;0;0;0;0;1;0;0;0
12060;Castelmary;76;12;0;0;0;0;0;0;0;0;0;0;0;0;0;0;0;0;0;0;0;0;0;0;0;0;0;0;0;0;0;0;0;0;0;0;0;0;0
12061;Castelnau-de-Mandailles;76;12;0;0;0;0;0;0;0;0;0;0;0;0;0;0;0;0;0;0;0;1;2;0;0;0;2;0;2;0;2;0;0;0;0;1;0;0;0
12062;Castelnau-Pégayrols;76;12;0;0;0;0;0;0;0;0;0;0;0;0;0;0;0;0;0;0;0;1;1;0;0;0;0;0;2;1;2;0;0;0;0;1;0;0;0
12063;La Cavalerie;76;12;0;1;0;0;0;0;0;0;0;0;0;0;0;0;0;1;0;1;0;0;5;0;0;1;3;2;4;0;2;1;3;0;0;5;1;1;1
12064;Le Cayrol;76;12;0;0;0;0;0;0;0;0;0;0;0;0;0;0;0;0;0;0;0;1;1;0;0;0;1;1;0;1;0;0;1;0;0;1;0;0;0
12065;Centrès;76;12;0;0;0;0;0;0;0;0;0;0;0;0;0;0;0;1;0;0;0;1;1;0;0;0;1;0;2;3;0;0;0;0;0;0;0;0;0
12066;Clairvaux-d'Aveyron;76;12;0;0;0;0;0;0;0;0;0;0;0;0;0;0;0;1;0;0;0;1;0;0;0;0;2;1;1;2;1;0;1;0;0;3;0;0;1
12067;Le Clapier;76;12;0;0;0;0;0;0;0;0;0;0;0;0;0;0;0;0;0;0;0;0;0;0;0;0;1;0;0;0;0;0;0;0;0;0;0;0;0
12068;Colombiès;76;12;0;0;0;0;0;0;0;0;0;0;0;0;0;0;0;1;0;0;0;1;3;0;0;0;3;2;2;2;1;1;1;0;0;1;0;0;0
12069;Combret;76;12;0;0;0;0;0;0;0;0;0;0;0;0;0;0;0;0;0;0;0;0;0;0;0;0;2;1;1;0;1;0;0;0;0;1;0;0;0
12070;Compeyre;76;12;0;0;0;0;0;0;0;0;0;0;0;0;0;0;0;0;0;0;0;0;1;0;0;1;2;1;1;1;0;0;0;0;0;2;0;0;0
12071;Compolibat;76;12;0;0;0;0;0;0;0;0;0;0;0;0;0;0;0;0;0;0;0;1;1;0;0;0;1;1;0;0;0;0;0;0;0;0;0;1;0
12072;Comprégnac;76;12;0;0;0;0;0;0;0;0;0;0;0;0;0;0;0;0;0;0;0;0;1;0;0;0;0;0;0;0;1;0;0;0;0;1;0;0;0
12073;Comps-la-Grand-Ville;76;12;0;0;0;0;0;0;0;0;0;0;0;0;0;0;0;1;0;0;0;1;0;0;0;0;0;3;1;1;0;0;0;0;0;0;1;0;0
12074;Condom-d'Aubrac;76;12;0;0;0;0;0;0;0;0;0;0;0;0;0;0;0;0;0;0;0;0;0;0;0;0;1;1;1;1;1;0;0;0;0;0;0;0;0
12075;Connac;76;12;0;0;0;0;0;0;0;0;0;0;0;0;0;0;0;0;0;0;0;0;0;0;0;0;1;0;0;0;0;0;0;0;0;0;0;0;0
12076;Conques-en-Rouergue;76;12;0;1;0;0;0;0;0;0;0;0;0;0;0;0;0;1;0;1;0;2;4;0;0;0;4;0;4;3;3;0;3;3;0;14;0;0;3
12077;Cornus;76;12;0;0;0;0;0;0;0;0;0;0;0;0;0;0;0;0;0;0;0;1;1;0;0;0;1;1;1;0;1;0;1;0;0;1;0;0;0
12078;Les Costes-Gozon;76;12;0;0;0;0;0;0;0;0;0;0;0;0;0;0;0;0;0;0;0;0;0;0;0;0;0;0;0;0;0;0;0;0;0;0;1;0;0
12079;Coubisou;76;12;0;0;0;0;0;0;0;0;0;0;0;0;0;0;0;0;0;0;0;0;1;0;0;0;0;0;2;1;1;0;0;0;0;1;0;0;0
12080;Coupiac;76;12;0;0;0;0;0;0;0;0;0;0;0;0;0;0;0;1;0;1;0;0;1;0;0;0;0;1;1;0;0;0;2;0;0;1;0;0;2
12082;La Couvertoirade;76;12;0;0;0;0;0;0;0;0;0;0;0;0;0;0;0;0;0;0;0;0;0;0;0;0;0;0;0;0;0;0;0;0;0;7;0;0;0
12083;Cransac;76;12;0;0;0;0;0;0;0;0;0;0;0;0;0;0;0;2;0;1;0;0;5;1;0;0;2;1;7;2;2;0;3;0;0;8;1;0;1
12084;Creissels;76;12;0;0;0;0;0;0;0;0;0;0;0;0;0;0;0;0;0;1;0;0;3;0;0;0;9;3;2;2;1;0;3;0;0;6;1;0;0
12085;Crespin;76;12;0;0;0;0;0;0;0;0;0;0;0;0;0;0;0;0;0;0;0;0;0;0;0;0;0;0;1;1;0;0;0;0;0;0;0;0;0
12086;La Cresse;76;12;0;0;0;0;0;0;0;0;0;0;0;0;0;0;0;0;0;0;0;0;0;0;0;0;0;0;1;1;0;0;0;0;0;1;0;0;0
12088;Curières;76;12;0;0;0;0;0;0;0;0;0;0;0;0;0;0;0;0;0;0;0;0;2;0;0;0;0;0;0;0;0;0;0;0;0;1;0;0;0
12089;Decazeville;76;12;1;1;0;0;0;0;0;0;0;0;2;1;0;0;0;4;3;1;0;0;8;1;0;4;12;10;5;9;5;2;15;2;1;25;11;2;6
12090;Druelle;76;12;0;0;0;0;0;0;0;0;0;0;0;0;0;0;0;0;0;0;1;0;6;0;0;0;5;1;5;7;2;1;3;0;0;3;0;0;1
12091;Drulhe;76;12;0;0;0;0;0;0;0;0;0;0;0;0;0;0;0;0;0;0;0;0;0;0;0;0;0;0;0;3;1;0;0;0;0;1;0;0;0
12092;Durenque;76;12;0;0;0;0;0;0;0;0;0;0;0;0;0;0;0;1;0;0;0;1;3;0;0;0;1;0;1;0;0;0;1;0;0;1;0;0;0
12093;Le Fel;76;12;0;0;0;0;0;0;0;0;0;0;0;0;0;0;0;0;0;0;0;0;1;0;0;0;0;0;0;0;0;1;0;0;0;0;0;0;0
12094;Entraygues-sur-Truyère;76;12;0;1;0;0;0;0;0;0;0;0;1;0;1;0;0;0;1;1;0;0;1;0;0;1;4;2;3;4;1;0;4;4;0;6;2;0;0
12095;Escandolières;76;12;0;0;0;0;0;0;0;0;0;0;0;0;0;0;0;0;0;0;0;0;0;0;0;0;1;0;1;2;1;0;1;0;0;0;0;0;1
12096;Espalion;76;12;0;1;0;0;0;0;0;0;0;0;2;0;1;0;0;6;2;1;0;0;13;2;1;3;8;15;8;11;8;1;11;3;0;22;5;2;3
12097;Espeyrac;76;12;0;0;0;0;0;0;0;0;0;0;0;0;0;0;0;0;0;0;0;1;0;0;0;0;1;0;1;1;0;0;0;0;0;0;1;0;0
12098;Estaing;76;12;0;0;0;0;0;0;0;0;0;0;1;0;0;0;0;0;0;1;0;0;0;0;0;0;6;1;4;1;1;0;1;0;0;2;0;0;0
12099;Fayet;76;12;0;0;0;0;0;0;0;0;0;0;0;0;0;0;0;0;0;0;0;1;0;0;0;0;1;1;1;2;0;0;0;0;0;0;0;0;0
12100;Firmi;76;12;0;0;0;0;0;0;0;0;0;0;0;0;0;0;0;1;0;1;0;0;4;0;1;0;2;2;3;7;1;2;3;0;0;6;0;0;1
12101;Flagnac;76;12;0;0;0;0;0;0;0;0;0;0;0;0;0;0;0;0;0;0;0;1;0;0;0;0;2;1;3;1;1;0;1;0;0;0;0;0;0
12102;Flavin;76;12;0;0;0;0;0;0;0;0;0;0;0;0;0;0;0;0;0;0;0;1;5;0;0;0;8;6;4;9;7;1;5;0;0;3;3;0;1
12103;Florentin-la-Capelle;76;12;0;0;0;0;0;0;0;0;0;0;0;0;0;0;0;0;0;0;0;1;2;0;0;1;1;0;1;2;0;0;0;0;0;2;0;0;0
12104;Foissac;76;12;0;0;0;0;0;0;0;0;0;0;0;0;0;0;0;0;0;0;0;1;4;0;0;0;3;0;1;1;1;0;1;0;0;1;0;0;0
12105;La Fouillade;76;12;0;0;0;0;0;0;0;0;0;0;0;0;0;0;0;1;0;1;0;0;3;0;0;0;4;1;2;2;1;2;3;1;0;2;0;1;0
12106;Gabriac;76;12;0;0;0;0;0;0;0;0;0;0;0;0;0;0;0;0;0;0;0;1;1;0;0;0;1;2;2;1;0;0;0;0;0;0;0;0;0
12107;Gaillac-d'Aveyron;76;12;0;0;0;0;0;0;0;0;0;0;0;0;0;0;0;0;0;0;0;0;0;0;0;0;2;1;0;0;0;1;0;0;0;2;0;0;0
12108;Galgan;76;12;0;0;0;0;0;0;0;0;0;0;0;0;0;0;0;0;0;0;0;1;0;0;0;0;1;1;0;0;0;0;0;0;0;1;0;0;0
12109;Gissac;76;12;0;0;0;0;0;0;0;0;0;0;0;0;0;0;0;0;0;0;0;0;0;0;0;0;0;0;0;0;0;0;0;0;0;1;1;0;0
12110;Golinhac;76;12;0;0;0;0;0;0;0;0;0;0;0;0;0;0;0;0;0;0;0;1;2;0;0;0;1;1;0;1;0;0;0;0;0;1;0;0;0
12111;Goutrens;76;12;0;0;0;0;0;0;0;0;0;0;0;0;0;0;0;0;0;0;1;0;2;0;0;0;0;0;3;0;0;0;0;0;0;0;0;0;0
12113;Gramond;76;12;0;0;0;0;0;0;0;0;0;0;0;0;0;0;0;0;0;0;0;1;0;0;0;1;0;0;0;1;1;0;0;0;0;0;2;0;1
12115;L'Hospitalet-du-Larzac;76;12;0;0;0;0;0;0;0;0;0;0;0;0;0;0;0;0;0;0;0;1;0;0;0;0;1;0;0;0;0;0;0;0;0;1;0;0;0
12116;Huparlac;76;12;0;0;0;0;0;0;0;0;0;0;0;0;0;0;0;0;0;0;0;1;1;0;0;0;1;0;2;0;2;0;0;0;0;1;0;0;0
12118;Lacroix-Barrez;76;12;0;0;0;0;0;0;0;0;0;0;0;0;0;0;0;0;0;0;0;1;3;0;0;0;2;2;2;4;0;0;2;0;0;2;0;0;0
12119;Laguiole;76;12;0;1;0;0;0;0;0;0;0;0;1;0;0;0;0;4;1;1;0;0;5;1;0;2;6;2;1;2;3;0;4;9;0;4;3;1;2
12120;Laissac-Sévérac l'Église;76;12;0;1;0;0;0;0;0;0;0;0;0;0;0;0;0;3;1;1;0;0;6;1;0;1;3;6;6;8;5;1;7;3;0;8;2;0;1
12121;Lanuéjouls;76;12;0;0;0;0;0;0;0;0;0;0;0;0;0;0;0;1;0;1;0;0;2;0;0;0;2;0;1;1;0;0;2;1;0;4;0;0;1
12122;Lapanouse-de-Cernon;76;12;0;0;0;0;0;0;0;0;0;0;0;0;0;0;0;0;0;0;0;0;0;0;0;0;0;0;0;1;0;1;0;0;0;0;0;0;0
12124;Lassouts;76;12;0;0;0;0;0;0;0;0;0;0;0;0;0;0;0;0;0;0;0;1;0;0;0;0;1;0;1;0;0;0;0;0;0;1;0;0;0
12125;Laval-Roquecezière;76;12;0;0;0;0;0;0;0;0;0;0;0;0;0;0;0;0;0;0;0;1;0;0;0;0;2;0;0;0;0;0;0;0;0;0;0;0;0
12127;Lédergues;76;12;0;0;0;0;0;0;0;0;0;0;0;0;0;0;0;1;0;0;0;1;2;0;0;0;1;0;0;1;1;0;1;0;0;1;2;0;0
12128;Lescure-Jaoul;76;12;0;0;0;0;0;0;0;0;0;0;0;0;0;0;0;1;0;0;0;0;0;0;0;0;0;0;1;1;1;0;0;0;0;0;1;0;1
12129;Lestrade-et-Thouels;76;12;0;0;0;0;0;0;0;0;0;0;0;0;0;0;0;0;0;0;0;0;0;0;0;0;1;0;3;0;0;0;0;0;0;1;0;0;0
12130;Livinhac-le-Haut;76;12;0;0;0;0;0;0;0;0;0;0;0;0;0;0;0;0;0;1;0;0;1;0;0;1;1;0;3;1;0;1;1;0;0;2;0;0;0
12131;La Loubière;76;12;0;0;0;0;0;0;0;0;0;0;0;0;0;0;0;0;0;0;0;0;2;0;0;0;2;1;4;6;4;0;2;0;0;3;0;0;0
12133;Luc-la-Primaube;76;12;0;0;0;0;0;0;0;0;0;0;0;0;0;0;0;3;2;1;1;0;22;1;0;3;8;14;17;15;10;2;15;2;0;10;6;2;7
12134;Lugan;76;12;0;0;0;0;0;0;0;0;0;0;0;0;0;0;0;0;0;0;0;0;1;0;0;0;0;1;1;2;0;0;0;0;0;0;0;0;0
12135;Lunac;76;12;0;0;0;0;0;0;0;0;0;0;0;0;0;0;0;0;0;0;0;1;4;0;0;0;4;2;3;2;0;0;1;0;0;1;1;0;0
12136;Maleville;76;12;0;0;0;0;0;0;0;0;0;0;0;0;0;0;0;0;0;0;0;1;2;0;0;0;2;0;3;2;4;0;1;0;0;4;1;0;2
12137;Manhac;76;12;0;0;0;0;0;0;0;0;0;0;0;0;0;0;0;0;0;0;0;0;1;0;0;2;3;2;2;1;4;0;1;0;0;0;1;0;0
12138;Marcillac-Vallon;76;12;0;1;0;0;0;0;0;0;0;0;1;0;0;0;0;2;1;1;0;0;2;1;0;2;2;5;4;5;2;1;6;1;0;5;5;1;2
12139;Marnhagues-et-Latour;76;12;0;0;0;0;0;0;0;0;0;0;0;0;0;0;0;0;0;0;0;1;0;0;0;0;0;0;1;0;0;0;0;0;0;0;0;0;0
12140;Martiel;76;12;0;0;0;0;0;0;0;0;0;0;0;0;0;0;0;0;0;0;0;1;1;0;0;0;2;4;1;2;1;0;1;0;0;2;0;0;1
12141;Martrin;76;12;0;0;0;0;0;0;0;0;0;0;0;0;0;0;0;0;0;0;1;0;0;0;0;0;0;0;2;0;0;0;0;0;0;2;0;0;0
12142;Mayran;76;12;0;0;0;0;0;0;0;0;0;0;0;0;0;0;0;0;0;0;0;0;2;0;0;0;2;0;5;3;1;0;0;0;0;1;0;0;0
12143;Mélagues;76;12;0;0;0;0;0;0;0;0;0;0;0;0;0;0;0;0;0;0;0;0;0;0;0;0;1;0;0;1;0;0;0;0;0;0;0;0;0
12144;Meljac;76;12;0;0;0;0;0;0;0;0;0;0;0;0;0;0;0;0;0;0;0;0;1;0;0;0;0;0;2;0;0;0;0;0;0;0;0;0;0
12145;Millau;76;12;1;1;0;1;1;1;0;0;0;0;4;1;0;0;0;11;8;1;0;0;28;6;4;11;25;38;33;31;18;10;52;8;7;90;10;4;15
12146;Le Monastère;76;12;0;0;0;0;0;0;0;0;0;0;0;0;0;0;0;0;0;0;0;1;3;0;0;0;1;5;2;5;4;0;4;0;0;5;2;0;0
12147;Montagnol;76;12;0;0;0;0;0;0;0;0;0;0;0;0;0;0;0;0;0;0;0;1;0;0;0;0;0;0;0;2;0;0;0;0;0;0;0;0;0
12148;Montbazens;76;12;0;1;0;0;0;0;0;0;0;0;1;0;0;0;0;3;1;1;0;0;5;1;0;1;4;2;7;4;4;1;6;3;0;4;0;0;1
12149;Montclar;76;12;0;0;0;0;0;0;0;0;0;0;0;0;0;0;0;0;0;0;0;1;0;0;0;0;1;0;0;1;0;0;0;0;0;1;0;0;0
12150;Monteils;76;12;0;0;0;0;0;0;0;0;0;0;0;0;0;0;0;0;0;1;0;0;0;0;0;0;1;3;2;0;3;0;1;0;0;1;0;0;0
12151;Montézic;76;12;0;0;0;0;0;0;0;0;0;0;0;0;0;0;0;0;0;0;0;0;0;0;0;0;1;0;1;1;0;1;1;0;0;1;0;0;0
12152;Montfranc;76;12;0;0;0;0;0;0;0;0;0;0;0;0;0;0;0;0;0;0;0;0;3;1;0;0;0;0;0;0;0;0;0;0;0;1;0;0;0
12153;Montjaux;76;12;0;0;0;0;0;0;0;0;0;0;0;0;0;0;0;0;0;0;0;1;1;0;0;0;3;2;0;0;1;0;0;0;0;2;0;0;0
12154;Montlaur;76;12;0;0;0;0;0;0;0;0;0;0;0;0;0;0;0;0;0;0;1;0;3;0;0;0;4;2;6;0;1;0;0;0;0;2;0;0;0
12155;Fondamente;76;12;0;0;0;0;0;0;0;0;0;0;0;0;0;0;0;0;0;0;0;1;0;0;0;0;2;0;2;0;0;0;1;0;0;2;0;0;0
12156;Montpeyroux;76;12;0;0;0;0;0;0;0;0;0;0;0;0;0;0;0;0;0;0;0;0;1;0;0;0;0;0;1;2;1;0;0;0;0;1;0;0;0
12157;Montrozier;76;12;0;0;0;0;0;0;0;0;0;0;0;0;0;0;0;0;1;0;0;1;1;0;0;0;4;4;4;2;1;0;1;0;0;3;1;0;0
12158;Montsalès;76;12;0;0;0;0;0;0;0;0;0;0;0;0;0;0;0;0;0;0;0;0;1;0;0;0;4;1;1;1;1;0;0;0;0;0;0;0;0
12159;Morlhon-le-Haut;76;12;0;0;0;0;0;0;0;0;0;0;0;0;0;0;0;0;0;0;0;0;2;0;0;0;2;0;3;1;2;0;1;0;0;1;0;0;0
12160;Mostuéjouls;76;12;0;0;0;0;0;0;0;0;0;0;0;0;0;0;0;0;0;0;0;0;1;0;0;0;2;1;0;1;1;0;0;0;0;7;2;0;0
12161;Mouret;76;12;0;0;0;0;0;0;0;0;0;0;0;0;0;0;0;0;0;0;0;0;0;0;0;0;1;0;0;2;2;0;0;0;0;1;0;0;0
12162;Moyrazès;76;12;0;0;0;0;0;0;0;0;0;0;0;0;0;0;0;1;0;0;1;0;2;0;0;0;0;1;2;2;3;0;1;0;0;0;0;0;0
12163;Murasson;76;12;0;0;0;0;0;0;0;0;0;0;0;0;0;0;0;0;0;0;0;0;0;0;0;0;1;0;1;0;0;0;1;0;0;0;0;0;0
12164;Mur-de-Barrez;76;12;0;1;0;0;0;0;0;0;0;0;0;0;1;0;0;4;0;1;0;0;1;0;0;0;1;0;1;1;1;0;3;1;0;3;1;0;1
12165;Muret-le-Château;76;12;0;0;0;0;0;0;0;0;0;0;0;0;0;0;0;0;0;0;0;1;0;0;0;0;0;0;1;1;1;0;1;0;0;2;0;0;0
12166;Murols;76;12;0;0;0;0;0;0;0;0;0;0;0;0;0;0;0;0;0;0;0;0;0;0;0;0;0;0;0;0;1;0;0;0;0;2;0;0;0
12167;Najac;76;12;0;1;0;0;0;0;0;0;0;0;1;0;0;0;0;1;0;1;0;0;1;0;0;0;6;0;3;1;2;1;0;0;0;9;1;0;0
12168;Nant;76;12;0;0;0;0;0;0;0;0;0;0;1;0;0;0;0;1;2;1;0;0;3;0;0;0;3;3;0;4;2;0;1;0;0;6;1;0;0
12169;Naucelle;76;12;0;1;0;0;0;0;0;0;0;0;0;0;1;0;0;3;0;1;0;0;8;1;0;1;3;4;5;4;5;2;6;3;0;1;2;0;2
12170;Naussac;76;12;0;0;0;0;0;0;0;0;0;0;0;0;0;0;0;0;0;0;0;1;1;0;0;0;1;0;1;1;2;0;0;0;0;0;0;0;1
12171;Nauviale;76;12;0;0;0;0;0;0;0;0;0;0;0;0;0;0;0;0;0;0;0;1;3;0;0;0;0;2;2;1;0;0;0;0;0;3;0;0;0
12172;Le Nayrac;76;12;0;0;0;0;0;0;0;0;0;0;0;0;0;0;0;0;0;0;0;1;1;0;0;0;2;2;2;5;1;0;3;0;0;1;0;0;0
12174;Olemps;76;12;0;0;0;0;0;0;0;0;0;0;0;0;0;0;0;1;0;1;0;0;8;1;0;1;4;12;6;4;5;1;3;0;0;3;3;0;1
12175;Ols-et-Rinhodes;76;12;0;0;0;0;0;0;0;0;0;0;0;0;0;0;0;0;0;0;0;0;0;0;0;0;0;0;0;0;0;1;0;0;0;0;0;0;0
12176;Onet-le-Château;76;12;0;0;0;0;0;0;0;0;0;0;0;0;0;0;0;5;0;1;2;0;24;4;2;1;19;31;12;12;6;2;19;4;0;19;13;3;7
12177;Palmas d'Aveyron;76;12;0;0;0;0;0;0;0;0;0;0;0;0;0;0;0;1;0;0;0;2;0;0;0;0;3;2;0;6;1;0;3;0;0;1;0;0;0
12178;Paulhe;76;12;0;0;0;0;0;0;0;0;0;0;0;0;0;0;0;0;0;0;0;0;0;0;0;0;2;1;1;0;0;0;0;0;0;0;0;0;0
12179;Peux-et-Couffouleux;76;12;0;0;0;0;0;0;0;0;0;0;0;0;0;0;0;0;0;0;0;0;0;0;0;0;1;0;0;0;0;0;0;0;0;0;0;0;0
12180;Peyreleau;76;12;0;0;0;0;0;0;0;0;0;0;0;0;0;0;0;0;0;0;0;1;0;0;0;0;0;0;0;1;0;0;0;0;0;1;0;0;0
12181;Peyrusse-le-Roc;76;12;0;0;0;0;0;0;0;0;0;0;0;0;0;0;0;0;0;0;0;1;1;0;0;0;1;0;2;0;0;0;0;0;0;1;0;0;0
12182;Pierrefiche;76;12;0;0;0;0;0;0;0;0;0;0;0;0;0;0;0;0;0;0;1;0;0;1;0;0;1;1;0;2;0;0;1;0;0;0;1;0;0
12183;Plaisance;76;12;0;0;0;0;0;0;0;0;0;0;0;0;0;0;0;0;0;0;1;0;1;0;0;0;0;1;2;0;3;0;0;0;0;1;0;0;0
12184;Pomayrols;76;12;0;0;0;0;0;0;0;0;0;0;0;0;0;0;0;0;0;0;0;0;0;0;0;0;0;0;0;0;0;0;0;0;0;0;0;0;0
12185;Pont-de-Salars;76;12;0;1;0;0;0;0;0;0;0;0;1;0;0;0;0;3;0;1;0;0;4;1;0;1;1;1;7;3;2;0;3;1;0;7;0;0;1
12186;Pousthomy;76;12;0;0;0;0;0;0;0;0;0;0;0;0;0;0;0;0;0;0;0;0;0;0;0;0;1;1;0;0;1;0;0;0;0;1;0;0;0
12187;Prades-d'Aubrac;76;12;0;0;0;0;0;0;0;0;0;0;0;0;0;0;0;0;0;0;1;0;0;0;0;0;1;1;1;3;1;0;1;0;0;4;0;0;0
12188;Prades-Salars;76;12;0;0;0;0;0;0;0;0;0;0;0;0;0;0;0;0;0;0;0;0;1;0;0;0;0;0;0;0;0;0;1;0;0;0;0;0;0
12189;Pradinas;76;12;0;0;0;0;0;0;0;0;0;0;0;0;0;0;0;0;0;0;0;0;0;0;0;0;0;0;1;0;0;1;0;0;0;1;0;0;0
12190;Prévinquières;76;12;0;0;0;0;0;0;0;0;0;0;0;0;0;0;0;0;0;0;0;0;0;0;0;0;0;0;2;1;0;0;0;0;0;1;0;0;0
12191;Privezac;76;12;0;0;0;0;0;0;0;0;0;0;0;0;0;0;0;0;0;0;1;0;0;0;0;0;1;0;0;1;1;0;1;0;0;1;0;0;0
12192;Mounes-Prohencoux;76;12;0;0;0;0;0;0;0;0;0;0;0;0;0;0;0;0;0;0;0;0;1;0;0;0;0;0;0;1;0;0;0;0;0;0;0;0;0
12193;Pruines;76;12;0;0;0;0;0;0;0;0;0;0;0;0;0;0;0;0;0;0;0;0;2;0;0;0;1;1;5;2;1;0;0;0;0;2;0;0;0
12194;Quins;76;12;0;0;0;0;0;0;0;0;0;0;0;0;0;0;0;0;0;0;0;0;2;0;0;0;6;1;4;0;0;1;2;0;0;1;0;0;1
12195;Rebourguil;76;12;0;0;0;0;0;0;0;0;0;0;0;0;0;0;0;0;0;0;0;0;1;0;0;0;3;1;0;0;1;0;0;0;0;1;1;0;0
12197;Réquista;76;12;0;1;0;0;0;0;0;0;0;0;1;0;0;0;0;3;0;1;0;0;8;2;0;2;8;3;4;6;4;0;5;3;0;5;3;1;2
12198;Rieupeyroux;76;12;0;1;0;0;0;0;0;0;0;0;1;0;0;0;0;3;0;1;0;0;6;1;0;1;6;3;7;5;5;2;5;3;0;7;1;0;1
12199;Rignac;76;12;0;1;0;0;0;0;0;0;0;0;0;0;0;0;0;2;0;1;0;0;4;1;0;1;2;5;1;4;0;0;5;3;0;4;1;0;1
12200;Rivière-sur-Tarn;76;12;0;1;0;0;0;0;0;0;0;0;0;0;0;0;0;0;0;1;0;0;2;0;0;0;4;1;3;1;0;2;1;0;0;4;1;0;0
12201;Rodelle;76;12;0;0;0;0;0;0;0;0;0;0;0;0;0;0;0;0;0;0;0;0;2;0;0;0;1;2;2;2;3;0;0;0;0;2;0;0;1
12202;Rodez;76;12;2;1;0;1;1;1;1;0;0;0;12;1;0;0;0;22;5;3;0;0;27;2;2;14;23;42;30;26;22;13;58;3;8;111;49;10;25
12203;Roquefort-sur-Soulzon;76;12;0;0;0;0;0;0;0;0;0;0;0;0;0;0;0;0;0;0;0;1;2;0;0;0;2;0;3;0;0;0;1;0;0;3;0;0;0
12204;La Roque-Sainte-Marguerite;76;12;0;0;0;0;0;0;0;0;0;0;0;0;0;0;0;0;0;0;0;0;0;0;0;0;1;0;0;0;1;0;0;0;0;3;0;0;0
12205;La Rouquette;76;12;0;0;0;0;0;0;0;0;0;0;0;0;0;0;0;0;0;0;0;0;1;0;0;0;1;3;1;2;0;0;2;0;0;0;0;0;0
12206;Roussennac;76;12;0;0;0;0;0;0;0;0;0;0;0;0;0;0;0;0;0;0;0;0;2;0;0;0;3;1;1;0;0;0;1;0;0;1;0;0;1
12207;Rullac-Saint-Cirq;76;12;0;0;0;0;0;0;0;0;0;0;0;0;0;0;0;0;0;0;0;0;0;0;0;0;0;0;0;1;2;0;0;0;0;2;0;0;0
12208;Saint-Affrique;76;12;0;1;0;0;0;0;0;0;0;0;2;1;0;0;0;10;2;1;0;0;14;2;0;6;11;13;17;9;12;4;14;5;0;22;8;5;9
12209;Saint-Amans-des-Cots;76;12;0;1;0;0;0;0;0;0;0;0;0;0;0;0;0;0;0;1;0;0;3;0;0;0;2;2;2;2;2;0;2;1;0;2;1;0;0
12210;Saint-André-de-Najac;76;12;0;0;0;0;0;0;0;0;0;0;0;0;0;0;0;0;0;0;0;1;0;0;0;0;2;2;3;3;1;0;0;0;0;2;0;0;0
12211;Saint-André-de-Vézines;76;12;0;0;0;0;0;0;0;0;0;0;0;0;0;0;0;0;0;0;0;0;0;0;1;0;1;1;0;0;0;0;0;0;1;1;0;0;0
12212;Saint-Beaulize;76;12;0;0;0;0;0;0;0;0;0;0;0;0;0;0;0;0;0;0;0;0;0;0;0;0;0;0;1;1;0;0;0;0;0;0;0;0;0
12213;Saint-Beauzély;76;12;0;1;0;0;0;0;0;0;0;0;0;0;0;0;0;0;0;0;0;1;1;0;0;0;1;1;2;2;2;0;1;0;0;2;0;0;0
12214;Saint-Chély-d'Aubrac;76;12;0;0;0;0;0;0;0;0;0;0;0;0;0;0;0;0;0;0;0;1;2;0;0;0;0;0;2;2;0;0;0;0;0;4;0;0;1
12215;Saint-Christophe-Vallon;76;12;0;0;0;0;0;0;0;0;0;0;0;0;0;0;0;1;0;0;0;1;3;0;0;0;1;6;1;2;3;0;2;0;0;4;0;0;1
12216;Saint-Côme-d'Olt;76;12;0;0;0;0;0;0;0;0;0;0;0;0;0;0;0;0;1;0;0;1;6;1;0;0;3;4;5;4;1;0;3;0;0;4;2;0;0
12217;Sainte-Croix;76;12;0;0;0;0;0;0;0;0;0;0;0;0;0;0;0;0;0;0;0;0;1;0;0;0;1;0;4;1;0;0;0;0;0;1;0;0;0
12219;Sainte-Eulalie-d'Olt;76;12;0;0;0;0;0;0;0;0;0;0;0;0;0;0;0;0;0;0;0;0;0;0;0;0;1;2;0;0;0;0;0;0;0;3;0;0;0
12220;Sainte-Eulalie-de-Cernon;76;12;0;0;0;0;0;0;0;0;0;0;0;0;0;0;0;0;0;0;0;1;0;0;0;0;1;0;1;0;2;0;0;0;0;3;0;0;0
12221;Saint-Félix-de-Lunel;76;12;0;0;0;0;0;0;0;0;0;0;0;0;0;0;0;1;0;0;0;0;0;0;0;0;1;1;3;2;2;0;0;0;0;2;0;0;0
12222;Saint-Félix-de-Sorgues;76;12;0;0;0;0;0;0;0;0;0;0;0;0;0;0;0;0;0;0;0;1;0;0;0;0;0;1;0;1;0;0;1;0;0;1;0;0;0
12223;Argences en Aubrac;76;12;0;1;0;0;0;0;0;0;0;0;1;0;0;0;0;0;0;1;1;1;5;0;0;0;2;7;6;3;4;0;3;1;0;4;0;0;0
12224;Saint Geniez d'Olt et d'Aubrac;76;12;0;1;0;0;0;0;0;0;0;0;1;0;1;0;0;2;0;1;0;0;5;1;0;0;5;5;4;7;9;0;3;2;0;10;2;1;2
12225;Saint-Georges-de-Luzençon;76;12;0;0;0;0;0;0;0;0;0;0;0;0;0;0;0;0;0;1;0;0;4;0;0;0;1;5;4;5;2;2;4;0;0;3;2;0;0
12226;Saint-Hippolyte;76;12;0;0;0;0;0;0;0;0;0;0;0;0;0;0;0;0;0;0;0;1;1;0;0;0;1;0;2;1;0;0;0;0;0;1;0;0;0
12227;Saint-Igest;76;12;0;0;0;0;0;0;0;0;0;0;0;0;0;0;0;0;0;0;0;0;0;0;0;0;0;0;0;0;1;0;0;0;0;0;0;0;0
12228;Saint-Izaire;76;12;0;0;0;0;0;0;0;0;0;0;0;0;0;0;0;0;0;0;1;0;1;0;0;0;1;0;0;1;0;1;1;2;0;2;0;0;0
12229;Saint-Jean-d'Alcapiès;76;12;0;0;0;0;0;0;0;0;0;0;0;0;0;0;0;0;0;0;0;0;0;0;0;0;0;0;0;1;1;0;0;0;0;0;0;0;0
12230;Saint-Jean-Delnous;76;12;0;0;0;0;0;0;0;0;0;0;0;0;0;0;0;0;0;0;0;0;4;0;0;0;0;1;1;0;0;0;0;0;0;0;0;0;0
12231;Saint-Jean-du-Bruel;76;12;0;1;0;0;0;0;0;0;0;0;0;0;0;0;0;1;0;1;0;0;1;0;0;0;7;3;5;4;1;0;2;0;0;4;0;0;0
12232;Saint-Jean-et-Saint-Paul;76;12;0;0;0;0;0;0;0;0;0;0;0;0;0;0;0;0;0;0;0;0;0;0;0;0;1;0;1;1;2;0;0;0;0;2;0;0;0
12233;Saint-Juéry;76;12;0;0;0;0;0;0;0;0;0;0;0;0;0;0;0;0;0;0;0;0;0;0;0;0;1;0;1;0;0;0;0;0;0;0;0;0;0
12234;Sainte-Juliette-sur-Viaur;76;12;0;0;0;0;0;0;0;0;0;0;0;0;0;0;0;0;0;0;1;0;0;0;0;0;0;0;2;1;0;0;1;0;0;1;0;0;0
12235;Saint-Just-sur-Viaur;76;12;0;0;0;0;0;0;0;0;0;0;0;0;0;0;0;0;0;0;0;0;0;0;0;0;1;0;0;0;1;0;0;0;0;1;0;0;0
12236;Saint-Laurent-de-Lévézou;76;12;0;0;0;0;0;0;0;0;0;0;0;0;0;0;0;0;0;0;0;0;0;0;0;0;0;0;1;0;0;0;0;0;0;1;0;0;0
12237;Saint-Laurent-d'Olt;76;12;0;0;0;0;0;0;0;0;0;0;0;0;0;0;0;1;0;0;0;1;2;0;0;0;1;2;1;1;1;0;1;0;0;4;1;0;0
12238;Saint-Léons;76;12;0;0;0;0;0;0;0;0;0;0;0;0;0;0;0;0;0;0;0;1;0;0;0;0;1;0;1;1;2;0;0;0;0;1;1;0;0
12239;Saint-Martin-de-Lenne;76;12;0;0;0;0;0;0;0;0;0;0;0;0;0;0;0;0;0;0;0;1;0;0;0;0;2;0;0;5;0;0;0;1;0;1;0;0;0
12240;Saint-Parthem;76;12;0;0;0;0;0;0;0;0;0;0;0;0;0;0;0;0;0;0;0;0;0;0;0;0;1;0;2;0;0;0;0;0;0;2;0;0;0
12241;Sainte-Radegonde;76;12;0;0;0;0;0;0;0;0;0;0;0;0;0;0;0;0;0;0;0;1;2;1;0;1;1;4;3;3;4;0;1;0;0;3;2;0;1
12242;Saint-Rémy;76;12;0;0;0;0;0;0;0;0;0;0;0;0;0;0;0;0;0;0;0;0;1;0;1;0;1;0;1;0;1;0;0;0;0;2;0;0;0
12243;Saint-Rome-de-Cernon;76;12;0;0;0;0;0;0;0;0;0;0;0;0;0;0;0;0;0;1;0;0;2;1;0;0;2;2;3;1;0;0;1;0;0;2;0;0;1
12244;Saint-Rome-de-Tarn;76;12;0;1;0;0;0;0;0;0;0;0;0;0;0;0;0;1;0;1;0;0;2;0;0;0;7;2;0;0;2;1;1;0;0;0;0;0;0
12246;Saint-Santin;76;12;0;0;0;0;0;0;0;0;0;0;0;0;0;0;0;0;0;0;0;1;1;0;0;0;0;1;3;0;0;0;1;1;0;2;0;0;0
12247;Saint-Saturnin-de-Lenne;76;12;0;0;0;0;0;0;0;0;0;0;0;0;0;0;0;0;0;0;0;1;2;0;0;0;1;0;0;0;2;1;0;0;0;1;0;0;0
12248;Saint-Sernin-sur-Rance;76;12;0;1;0;0;0;0;0;0;0;0;0;0;0;0;0;1;0;1;0;0;2;0;0;0;1;1;2;1;2;0;2;0;0;1;0;0;1
12249;Saint-Sever-du-Moustier;76;12;0;0;0;0;0;0;0;0;0;0;0;0;0;0;0;0;0;0;0;1;0;0;0;0;2;0;1;0;0;0;0;0;0;0;0;0;0
12250;Saint-Symphorien-de-Thénières;76;12;0;0;0;0;0;0;0;0;0;0;0;0;0;0;0;0;0;0;0;0;0;0;0;0;0;0;0;2;0;1;0;0;0;1;0;0;0
12251;Saint-Victor-et-Melvieu;76;12;0;0;0;0;0;0;0;0;0;0;0;0;0;0;0;0;0;0;1;0;0;0;0;0;3;2;0;0;0;0;0;0;0;0;0;0;0
12252;Salles-Courbatiès;76;12;0;0;0;0;0;0;0;0;0;0;0;0;0;0;0;0;0;0;0;1;0;0;0;0;0;1;4;2;0;0;0;0;0;1;0;0;0
12253;Salles-Curan;76;12;0;1;0;0;0;0;0;0;0;0;0;0;0;0;0;1;0;1;0;0;5;1;0;1;4;0;7;0;2;0;3;2;0;4;1;0;1
12254;Salles-la-Source;76;12;0;0;0;0;0;0;0;0;0;0;0;0;0;0;0;0;0;0;1;0;1;0;1;0;3;5;6;2;6;0;1;0;0;3;1;0;1
12255;Salmiech;76;12;0;0;0;0;0;0;0;0;0;0;0;0;0;0;0;1;0;0;0;1;1;0;0;0;2;1;3;2;1;0;1;0;0;2;0;0;0
12256;Salvagnac-Cajarc;76;12;0;0;0;0;0;0;0;0;0;0;0;0;0;0;0;0;0;0;0;0;1;0;0;0;2;0;2;2;0;0;3;0;0;0;0;0;0
12257;Causse-et-Diège;76;12;0;0;0;0;0;0;0;0;0;0;0;0;0;0;0;0;0;0;0;2;0;0;0;0;2;1;2;0;1;0;0;0;0;0;1;0;1
12258;La Salvetat-Peyralès;76;12;0;1;0;0;0;0;0;0;0;0;0;0;0;0;0;0;0;1;0;0;2;0;0;0;5;1;2;2;2;0;2;3;0;4;1;0;0
12259;Sanvensa;76;12;0;0;0;0;0;0;0;0;0;0;0;0;0;0;0;0;0;0;0;1;2;0;0;0;1;3;4;0;0;0;1;0;0;1;0;0;0
12260;Sauclières;76;12;0;0;0;0;0;0;0;0;0;0;0;0;0;0;0;0;0;0;0;1;0;0;0;0;1;0;1;1;0;0;0;0;0;0;0;0;0
12261;Saujac;76;12;0;0;0;0;0;0;0;0;0;0;0;0;0;0;0;0;0;0;0;0;0;0;0;0;2;0;0;0;0;0;0;0;0;0;0;0;0
12262;Sauveterre-de-Rouergue;76;12;0;0;0;0;0;0;0;0;0;0;0;0;0;0;0;1;0;1;0;0;1;0;0;0;3;1;1;2;2;1;1;0;0;3;0;0;0
12263;Savignac;76;12;0;0;0;0;0;0;0;0;0;0;0;0;0;0;0;0;0;0;0;0;2;0;0;0;5;4;3;2;0;0;0;0;0;2;0;0;0
12264;Sébazac-Concourès;76;12;0;0;0;0;0;0;0;0;0;0;0;0;0;0;0;1;0;1;0;0;2;1;0;1;8;3;5;3;6;1;3;1;0;3;4;1;5
12265;Sébrazac;76;12;0;0;0;0;0;0;0;0;0;0;0;0;0;0;0;0;0;0;0;1;1;0;0;0;1;0;3;2;0;0;0;0;0;3;0;0;0
12266;Ségur;76;12;0;0;0;0;0;0;0;0;0;0;0;0;0;0;0;1;0;0;0;1;2;0;0;0;1;2;1;1;1;0;0;0;0;1;0;0;0
12267;La Selve;76;12;0;0;0;0;0;0;0;0;0;0;0;0;0;0;0;0;0;0;0;1;1;0;0;0;0;0;1;1;1;0;0;0;0;1;0;0;0
12268;Sénergues;76;12;0;0;0;0;0;0;0;0;0;0;0;0;0;0;0;1;0;0;0;1;1;0;0;0;0;1;2;1;0;0;1;0;0;0;0;0;0
12269;La Serre;76;12;0;0;0;0;0;0;0;0;0;0;0;0;0;0;0;0;0;0;0;0;0;0;0;0;2;0;0;0;0;0;0;0;0;0;0;0;0
12270;Sévérac d'Aveyron;76;12;0;1;0;0;0;0;0;0;0;0;1;0;0;0;0;2;1;1;1;2;12;1;0;1;12;7;11;7;4;1;5;3;0;15;3;0;3
12272;Sonnac;76;12;0;0;0;0;0;0;0;0;0;0;0;0;0;0;0;0;0;0;0;1;0;0;0;0;1;0;1;3;1;0;0;0;0;0;0;0;0
12273;Soulages-Bonneval;76;12;0;0;0;0;0;0;0;0;0;0;0;0;0;0;0;0;0;0;0;0;2;0;0;0;2;0;1;1;1;0;1;0;0;0;0;0;0
12274;Sylvanès;76;12;0;0;0;0;0;0;0;0;0;0;0;0;0;0;0;0;0;0;1;0;0;0;0;0;0;0;1;1;0;0;0;0;0;1;0;0;0
12275;Tauriac-de-Camarès;76;12;0;0;0;0;0;0;0;0;0;0;0;0;0;0;0;0;0;0;0;0;0;0;0;0;0;0;0;0;0;0;0;0;0;0;0;0;0
12276;Tauriac-de-Naucelle;76;12;0;0;0;0;0;0;0;0;0;0;0;0;0;0;0;0;0;0;0;0;0;0;0;0;1;0;0;1;0;0;1;0;0;1;0;0;0
12277;Taussac;76;12;0;0;0;0;0;0;0;0;0;0;0;0;0;0;0;0;0;0;0;0;3;0;0;0;2;1;1;1;1;0;0;0;0;3;1;0;0
12278;Tayrac;76;12;0;0;0;0;0;0;0;0;0;0;0;0;0;0;0;0;0;0;0;0;1;0;0;0;1;1;2;1;1;0;0;0;0;0;0;0;0
12280;Thérondels;76;12;0;0;0;0;0;0;0;0;0;0;0;0;0;0;0;0;0;0;0;1;2;0;0;0;1;1;0;0;1;0;1;0;0;1;0;0;0
12281;Toulonjac;76;12;0;0;0;0;0;0;0;0;0;0;0;0;0;0;0;0;0;0;0;0;0;0;0;0;6;1;1;0;2;1;2;0;0;1;0;0;1
12282;Tournemire;76;12;0;0;0;0;0;0;0;0;0;0;0;0;0;0;0;0;0;0;0;1;2;0;0;0;0;0;0;1;1;0;0;0;0;2;0;0;0
12283;Trémouilles;76;12;0;0;0;0;0;0;0;0;0;0;0;0;0;0;0;1;0;0;0;1;2;0;0;0;0;2;1;1;0;0;1;0;0;0;0;0;0
12284;Le Truel;76;12;0;0;0;0;0;0;0;0;0;0;0;0;0;0;0;0;0;0;0;1;2;0;0;0;0;0;0;0;1;0;1;0;0;2;0;0;0
12286;Vabres-l'Abbaye;76;12;0;0;0;0;0;0;0;0;0;0;0;0;0;0;0;1;1;0;0;1;8;1;1;0;6;0;3;1;0;0;1;1;0;1;0;0;0
12287;Vailhourles;76;12;0;0;0;0;0;0;0;0;0;0;0;0;0;0;0;0;0;0;1;0;0;0;0;0;2;0;1;1;2;2;1;0;0;2;0;0;0
12288;Valady;76;12;0;0;0;0;0;0;0;0;0;0;0;0;0;0;0;0;1;1;0;0;2;0;0;0;2;5;1;1;1;0;1;0;0;4;1;0;0
12289;Valzergues;76;12;0;0;0;0;0;0;0;0;0;0;0;0;0;0;0;0;0;0;0;0;0;0;0;0;0;0;0;0;0;0;0;0;0;0;0;0;0
12290;Vaureilles;76;12;0;0;0;0;0;0;0;0;0;0;0;0;0;0;0;0;0;0;0;0;0;0;0;0;0;0;5;0;3;0;0;0;0;0;0;0;0
12291;Verrières;76;12;0;0;0;0;0;0;0;0;0;0;0;0;0;0;0;0;0;0;0;0;0;0;0;0;0;2;0;1;0;1;0;0;0;0;0;0;0
12292;Versols-et-Lapeyre;76;12;0;0;0;0;0;0;0;0;0;0;0;0;0;0;0;0;0;0;0;0;1;0;0;0;3;1;0;4;1;0;0;0;0;0;0;0;0
12293;Veyreau;76;12;0;0;0;0;0;0;0;0;0;0;0;0;0;0;0;0;0;0;0;0;0;0;0;0;1;0;0;1;1;0;0;0;0;0;0;0;0
12294;Vézins-de-Lévézou;76;12;0;1;0;0;0;0;0;0;0;0;0;0;0;0;0;0;0;1;0;0;1;0;0;0;1;0;0;0;1;0;2;0;0;0;0;0;1
12295;Viala-du-Pas-de-Jaux;76;12;0;0;0;0;0;0;0;0;0;0;0;0;0;0;0;0;0;0;0;0;0;0;0;0;0;0;0;0;0;0;0;0;0;0;0;0;0
12296;Viala-du-Tarn;76;12;0;0;0;0;0;0;0;0;0;0;0;0;0;0;0;0;0;0;0;1;1;0;0;0;1;1;2;0;0;0;0;0;0;1;0;0;0
12297;Le Vibal;76;12;0;0;0;0;0;0;0;0;0;0;0;0;0;0;0;1;0;0;0;0;1;0;0;0;0;1;2;1;2;0;0;0;0;0;0;0;0
12298;Villecomtal;76;12;0;0;0;0;0;0;0;0;0;0;0;0;0;0;0;0;0;1;0;0;3;0;0;0;2;2;3;0;0;0;1;0;0;3;0;0;0
12299;Villefranche-de-Panat;76;12;0;0;0;0;0;0;0;0;0;0;0;0;0;0;0;0;0;1;0;0;4;0;0;0;3;0;1;1;3;0;3;2;0;3;1;0;2
12300;Villefranche-de-Rouergue;76;12;0;1;0;0;0;0;0;0;0;0;4;1;0;0;0;14;6;1;0;0;23;5;0;5;27;18;16;22;9;1;32;15;5;40;9;5;8
12301;Villeneuve;76;12;0;1;0;0;0;0;0;0;0;0;0;0;0;0;0;1;0;1;0;0;10;0;0;2;8;5;4;4;3;0;4;4;0;6;4;0;3
12303;Vimenet;76;12;0;0;0;0;0;0;0;0;0;0;0;0;0;0;0;0;0;0;0;1;1;0;0;0;0;0;2;0;0;0;0;0;0;2;0;0;0
12305;Viviez;76;12;0;0;0;0;0;0;0;0;0;0;0;0;0;0;0;0;0;1;0;0;3;0;0;0;2;5;3;0;0;0;3;0;0;1;2;0;0
12307;Curan;76;12;0;0;0;0;0;0;0;0;0;0;0;0;0;0;0;0;0;0;0;1;0;0;0;0;1;0;1;1;0;0;0;0;0;1;1;0;0
13001;Aix-en-Provence;93;13;1;1;1;1;1;1;1;1;0;19;0;2;10;1;0;142;23;11;1;0;181;11;34;36;346;195;135;194;191;56;233;32;89;818;430;35;159
13002;Allauch;93;13;0;0;0;0;0;0;0;0;0;1;0;0;0;0;0;9;3;3;1;0;20;1;2;3;50;26;20;52;28;6;28;1;0;40;36;1;24
13003;Alleins;93;13;0;0;0;0;0;0;0;0;0;0;0;0;1;0;0;0;0;1;0;0;1;0;0;0;16;4;0;6;12;0;4;0;0;3;2;0;2
13004;Arles;93;13;1;2;0;0;0;1;0;0;0;5;0;1;6;1;0;27;5;10;2;0;82;6;10;12;198;102;56;104;95;13;88;13;14;272;53;10;53
13005;Aubagne;93;13;1;1;0;0;1;0;0;0;0;3;0;1;3;1;0;24;11;3;0;0;115;6;19;12;132;80;91;104;90;18;94;9;23;182;68;11;52
13006;Aureille;93;13;0;0;0;0;0;0;0;0;0;0;0;0;0;0;0;0;0;1;0;0;2;0;0;0;8;2;1;3;2;1;1;0;0;5;2;0;2
13007;Auriol;93;13;0;0;0;0;0;0;0;0;0;0;0;0;0;0;0;6;2;1;0;0;21;2;1;4;48;16;22;24;28;4;15;4;0;24;17;3;16
13008;Aurons;93;13;0;0;0;0;0;0;0;0;0;0;0;0;0;0;0;0;0;0;0;1;1;0;0;0;2;2;0;1;1;0;0;0;0;2;0;0;0
13009;La Barben;93;13;0;0;0;0;0;0;0;0;0;0;0;0;0;0;0;0;0;0;0;0;1;0;0;0;1;3;2;5;0;0;0;0;0;3;0;0;0
13010;Barbentane;93;13;0;0;0;0;0;0;0;0;0;0;0;0;0;0;0;3;2;1;0;0;14;0;0;1;14;9;9;8;6;1;10;1;0;10;6;0;3
13011;Les Baux-de-Provence;93;13;0;1;0;0;0;0;0;0;0;0;0;0;0;0;0;0;0;0;0;0;0;0;0;0;2;2;0;1;0;0;0;0;0;24;1;0;1
13012;Beaurecueil;93;13;0;0;0;0;0;0;0;0;0;0;0;0;0;0;0;0;0;0;0;0;1;0;0;0;1;2;0;0;1;0;0;0;0;2;3;0;0
13013;Belcodène;93;13;0;0;0;0;0;0;0;0;0;0;0;0;0;0;0;0;0;0;0;1;0;0;0;0;6;2;3;6;5;0;1;2;0;4;1;0;0
13014;Berre-l'Étang;93;13;0;1;0;0;0;0;0;0;0;1;0;0;2;0;0;6;2;1;0;0;19;2;1;4;61;36;22;15;16;4;19;3;4;39;3;1;12
13015;Bouc-Bel-Air;93;13;0;1;0;0;0;0;0;0;0;0;0;0;0;0;0;6;4;1;0;0;16;1;3;5;38;16;24;19;20;9;25;2;1;37;27;3;21
13016;La Bouilladisse;93;13;0;0;0;0;0;0;0;0;0;0;0;0;0;0;0;0;1;1;0;0;7;0;0;3;21;11;5;11;15;0;13;1;0;12;9;0;9
13017;Boulbon;93;13;0;0;0;0;0;0;0;0;0;0;0;0;2;0;0;0;2;1;0;0;4;0;0;0;8;2;6;3;4;0;3;0;0;4;1;1;1
13018;Cabannes;93;13;0;0;0;0;0;0;0;0;0;0;0;0;0;0;0;3;1;1;0;0;7;1;1;1;19;7;3;6;14;0;8;0;1;5;2;0;4
13019;Cabriès;93;13;0;0;0;0;0;0;0;0;0;0;0;0;0;0;0;4;1;1;0;1;15;2;1;2;35;9;12;19;17;10;13;4;1;61;15;1;11
13020;Cadolive;93;13;0;0;0;0;0;0;0;0;0;0;0;0;0;0;0;1;0;1;0;0;4;0;1;0;9;2;2;4;3;0;3;0;0;1;1;0;1
13021;Carry-le-Rouet;93;13;0;1;0;0;0;0;0;0;0;0;0;0;0;0;0;6;2;1;0;0;3;0;0;2;9;2;5;4;7;3;11;1;0;37;18;2;6
13022;Cassis;93;13;0;1;0;0;0;0;0;0;0;0;0;0;0;0;0;7;3;1;0;0;6;0;0;2;20;11;2;6;8;3;11;1;0;93;29;2;13
13023;Ceyreste;93;13;0;0;0;0;0;0;0;0;0;0;0;0;0;0;0;0;0;1;0;0;3;0;0;3;14;12;7;14;14;2;7;0;0;8;8;0;5
13024;Charleval;93;13;0;0;0;0;0;0;0;0;0;0;0;0;0;0;0;2;0;1;0;0;3;0;0;0;6;6;4;3;3;0;5;0;0;6;4;0;1
13025;Châteauneuf-le-Rouge;93;13;0;0;0;0;0;0;0;0;0;0;0;0;0;0;0;0;0;0;0;1;0;0;0;1;3;3;1;6;3;1;1;1;0;8;4;0;2
13026;Châteauneuf-les-Martigues;93;13;0;0;0;0;0;0;0;0;0;0;0;0;2;0;0;4;3;2;0;0;40;1;1;2;44;25;23;18;29;5;24;2;1;33;14;2;16
13027;Châteaurenard;93;13;1;1;0;0;0;0;0;0;0;1;0;1;2;0;0;14;5;1;0;0;35;3;2;4;50;37;23;32;31;3;36;3;1;45;9;3;19
13028;La Ciotat;93;13;1;0;0;0;0;0;0;0;0;2;0;1;5;0;0;20;4;2;0;0;53;3;6;10;92;86;54;71;67;10;65;9;2;218;109;8;43
13029;Cornillon-Confoux;93;13;0;0;0;0;0;0;0;0;0;0;0;0;0;0;0;0;0;0;0;1;3;0;0;0;3;1;1;1;2;1;0;0;0;2;0;0;1
13030;Cuges-les-Pins;93;13;0;0;0;0;0;0;0;0;0;0;0;0;0;0;0;1;3;1;0;0;5;0;1;1;29;3;7;7;22;2;6;1;0;13;8;1;7
13031;La Destrousse;93;13;0;0;0;0;0;0;0;0;0;0;0;0;1;0;0;6;0;1;0;0;6;1;2;1;13;8;12;7;11;2;7;1;0;14;6;1;6
13032;Éguilles;93;13;0;1;0;0;0;0;0;0;0;0;0;0;0;0;0;3;1;1;0;0;9;1;0;1;39;24;10;14;19;11;9;1;1;29;21;2;10
13033;Ensuès-la-Redonne;93;13;0;0;0;0;0;0;0;0;0;0;0;0;0;0;0;0;0;1;0;0;9;0;2;1;7;9;5;11;8;0;6;1;1;15;2;1;7
13034;Eygalières;93;13;0;0;0;0;0;0;0;0;0;0;0;0;0;0;0;0;0;1;0;0;3;1;0;0;10;9;3;2;6;0;2;0;0;12;7;0;3
13035;Eyguières;93;13;0;1;0;0;0;0;0;0;0;1;0;0;1;0;0;5;1;1;0;0;16;1;0;1;24;13;6;12;9;4;9;1;1;23;5;3;10
13036;Eyragues;93;13;0;0;0;0;0;0;0;0;0;0;0;0;0;0;0;2;1;1;0;0;7;1;0;1;18;12;6;14;7;3;8;1;1;9;5;0;6
13037;La Fare-les-Oliviers;93;13;0;0;0;0;0;0;0;0;0;0;0;0;1;0;0;4;0;1;0;0;14;1;1;2;19;18;10;14;9;1;15;1;0;15;10;1;13
13038;Fontvieille;93;13;0;0;0;0;0;0;0;0;0;0;0;0;0;0;0;3;1;1;0;0;5;0;0;2;11;14;6;2;10;1;6;0;0;23;4;0;5
13039;Fos-sur-Mer;93;13;1;0;0;0;0;0;0;0;0;0;0;0;1;0;0;9;3;2;0;0;28;2;7;3;40;28;12;24;27;5;21;1;6;56;16;3;18
13040;Fuveau;93;13;0;0;0;0;0;0;0;0;0;0;0;0;0;0;0;4;2;1;0;1;13;2;0;1;39;11;11;10;19;2;14;1;0;23;14;0;16
13041;Gardanne;93;13;0;1;0;0;0;0;0;0;0;1;0;2;2;0;0;9;9;2;0;0;35;4;1;7;71;36;29;38;43;11;30;3;2;60;25;3;30
13042;Gémenos;93;13;0;0;0;0;0;0;0;0;0;0;0;0;0;0;0;4;2;1;0;0;22;2;0;2;38;15;22;23;23;6;9;1;0;37;14;0;12
13043;Gignac-la-Nerthe;93;13;0;0;0;0;0;0;0;0;0;0;0;0;0;0;0;3;2;1;0;0;25;2;0;4;43;22;24;21;15;6;6;1;0;23;7;1;9
13044;Grans;93;13;0;0;0;0;0;0;0;0;0;0;0;0;0;0;0;2;0;1;0;0;4;0;1;0;13;3;9;12;9;1;5;1;2;10;10;1;5
13045;Graveson;93;13;0;1;0;0;0;0;0;0;0;0;0;0;0;0;0;2;0;1;0;0;11;1;0;1;21;14;14;12;11;0;9;0;0;12;4;0;7
13046;Gréasque;93;13;0;1;0;0;0;0;0;0;0;0;0;0;0;0;0;0;1;1;0;0;6;1;0;1;6;2;7;8;11;0;8;0;0;8;9;1;4
13047;Istres;93;13;1;0;0;0;0;0;0;1;0;3;0;1;4;0;0;15;2;3;0;0;48;3;4;9;52;41;33;46;35;7;64;6;2;115;47;7;48
13048;Jouques;93;13;0;0;0;0;0;0;0;0;0;0;0;0;0;0;0;1;0;1;0;0;4;0;0;3;24;7;5;6;6;3;6;3;0;8;11;0;3
13049;Lamanon;93;13;0;0;0;0;0;0;0;0;0;0;0;0;0;0;0;0;0;1;0;0;4;0;0;1;5;3;6;3;1;0;2;2;0;2;0;0;2
13050;Lambesc;93;13;0;1;0;0;0;0;0;0;0;1;0;0;2;0;0;7;2;1;0;0;12;1;0;4;29;14;19;13;22;5;17;7;0;29;20;3;11
13051;Lançon-Provence;93;13;0;1;0;0;0;0;0;0;0;0;0;0;1;0;0;2;1;1;0;1;19;0;1;2;25;15;19;51;16;5;9;1;0;16;11;1;6
13052;Maillane;93;13;0;0;0;0;0;0;0;0;0;0;0;0;0;0;0;0;0;1;0;0;6;0;1;0;6;3;5;2;9;0;4;1;0;4;4;2;4
13053;Mallemort;93;13;0;1;0;0;0;0;0;0;0;0;0;0;0;0;0;4;2;1;0;0;6;2;0;1;14;15;8;12;14;3;7;1;0;25;10;1;3
13054;Marignane;93;13;1;0;0;0;0;0;0;0;0;4;0;1;0;0;0;20;3;2;0;0;56;6;10;8;205;67;50;44;49;16;55;5;8;105;23;4;30
13055;Marseille;93;13;1;1;0;1;1;1;1;2;2;48;0;12;64;0;0;426;93;67;4;0;974;60;86;185;2261;1686;797;1120;1051;317;1122;77;149;3564;1342;170;710
13056;Martigues;93;13;1;0;0;0;1;1;0;0;0;3;0;1;4;1;0;21;5;5;0;0;76;4;7;11;108;63;36;46;56;11;90;5;36;227;53;7;49
13057;Mas-Blanc-des-Alpilles;93;13;0;0;0;0;0;0;0;0;0;0;0;0;0;0;0;0;0;0;1;0;1;0;0;1;2;1;0;3;1;0;0;0;0;1;1;0;0
13058;Maussane-les-Alpilles;93;13;0;0;0;0;0;0;0;0;0;1;0;0;0;0;0;1;0;1;0;0;3;1;0;1;7;1;3;3;5;1;9;1;0;19;14;1;4
13059;Meyrargues;93;13;0;0;0;0;0;0;0;0;0;0;0;0;0;0;0;0;1;1;0;0;3;0;0;2;13;9;4;9;10;0;4;0;0;9;6;0;1
13060;Meyreuil;93;13;0;0;0;0;0;0;0;0;0;0;0;0;0;0;0;2;1;1;0;0;15;0;0;2;29;11;12;13;20;0;4;1;2;14;10;0;6
13061;Saint-Pierre-de-Mézoargues;93;13;0;0;0;0;0;0;0;0;0;0;0;0;0;0;0;0;0;0;1;0;0;0;0;0;1;0;2;0;2;0;1;0;0;0;0;0;0
13062;Mimet;93;13;0;0;0;0;0;0;0;0;0;0;0;0;0;0;0;0;0;1;0;0;3;0;0;0;10;4;4;7;6;0;6;1;0;10;3;1;7
13063;Miramas;93;13;0;0;0;0;0;0;0;0;0;1;0;1;2;0;0;10;3;1;0;1;46;4;1;6;66;37;19;35;41;5;35;2;5;70;21;3;21
13064;Mollégès;93;13;0;0;0;0;0;0;0;0;0;0;0;0;0;0;0;0;1;1;0;0;3;0;0;1;12;3;6;5;6;1;4;0;0;7;0;1;4
13065;Mouriès;93;13;0;0;0;0;0;0;0;0;0;0;0;0;0;0;0;3;0;1;0;0;3;0;0;0;17;6;5;6;4;0;6;1;0;7;7;1;1
13066;Noves;93;13;0;0;0;0;0;0;0;0;0;0;0;0;0;0;0;2;3;1;0;1;10;0;1;1;22;15;10;10;9;1;8;1;0;13;3;1;6
13067;Orgon;93;13;0;1;0;0;0;0;0;0;0;1;0;0;0;0;0;1;2;1;0;0;5;0;0;0;11;9;7;2;1;0;3;0;0;15;6;0;2
13068;Paradou;93;13;0;0;0;0;0;0;0;0;0;0;0;0;0;0;0;0;0;0;0;1;0;0;0;0;8;3;1;5;1;0;1;0;0;3;6;0;2
13069;Pélissanne;93;13;0;0;0;0;0;0;0;0;0;0;0;0;0;0;0;3;1;1;0;0;14;1;0;4;21;16;12;13;10;5;13;3;0;16;11;2;13
13070;La Penne-sur-Huveaune;93;13;0;0;0;0;0;0;0;0;0;0;0;0;0;0;0;2;0;1;0;0;23;2;1;1;33;10;10;11;14;2;11;1;0;18;11;0;5
13071;Les Pennes-Mirabeau;93;13;0;0;0;0;0;0;0;0;0;1;0;0;1;0;0;8;5;2;1;0;46;2;1;6;55;27;33;47;40;7;31;4;0;67;28;3;42
13072;Peynier;93;13;0;0;0;0;0;0;0;0;0;0;0;0;0;0;0;0;0;1;0;0;3;0;0;0;10;3;1;7;4;1;3;1;0;11;5;0;4
13073;Peypin;93;13;0;0;0;0;0;0;0;0;0;0;0;0;0;0;0;1;1;1;0;0;9;2;0;1;19;11;12;9;17;3;5;1;0;15;5;0;6
13074;Peyrolles-en-Provence;93;13;0;1;0;0;0;0;0;0;0;1;0;0;0;0;0;3;2;1;0;0;16;1;1;1;11;4;5;11;11;2;11;1;0;4;6;1;4
13075;Plan-de-Cuques;93;13;0;0;0;0;0;0;0;0;0;0;0;0;1;0;0;7;1;1;0;0;23;2;1;4;24;9;11;26;13;5;26;1;0;30;18;2;18
13076;Plan-d'Orgon;93;13;0;0;0;0;0;0;0;0;0;0;0;0;0;0;0;2;1;1;0;0;7;1;1;2;9;10;4;9;10;1;8;1;1;7;2;1;8
13077;Port-de-Bouc;93;13;1;0;0;0;0;0;0;0;0;0;0;1;2;0;0;5;4;1;0;0;21;2;4;11;29;41;13;21;15;3;23;1;0;67;7;4;18
13078;Port-Saint-Louis-du-Rhône;93;13;1;1;0;0;0;0;0;0;0;0;0;0;0;0;0;5;2;1;0;0;4;1;0;4;5;4;4;3;7;0;14;2;8;38;1;0;7
13079;Puyloubier;93;13;0;0;0;0;0;0;0;0;0;0;0;0;0;0;0;0;0;1;0;0;1;0;0;0;4;5;1;2;3;0;3;0;0;2;1;0;1
13080;Le Puy-Sainte-Réparade;93;13;0;0;0;0;0;0;0;0;0;0;0;0;0;0;0;4;2;1;0;0;5;0;0;2;20;10;8;11;9;3;6;1;0;9;5;1;6
13081;Rognac;93;13;0;1;0;0;0;0;0;0;0;0;0;0;1;0;0;5;3;1;0;0;25;2;3;4;25;18;20;31;15;5;20;4;0;35;7;0;19
13082;Rognes;93;13;0;0;0;0;0;0;0;0;0;0;0;0;0;0;0;2;0;1;0;0;5;0;1;0;12;5;3;9;8;1;5;0;0;9;10;0;9
13083;Rognonas;93;13;0;0;0;0;0;0;0;0;0;0;0;0;1;0;0;3;2;1;0;0;9;1;0;2;6;8;7;9;6;1;6;0;0;7;4;2;7
13084;La Roque-d'Anthéron;93;13;0;1;0;0;0;0;0;0;0;0;0;0;0;0;0;2;1;1;0;0;5;0;0;1;14;8;8;4;12;1;3;1;0;11;7;1;7
13085;Roquefort-la-Bédoule;93;13;0;0;0;0;0;0;0;0;0;0;0;0;0;0;0;2;1;1;0;0;11;1;0;2;19;8;10;12;8;2;7;2;1;11;9;0;4
13086;Roquevaire;93;13;0;1;0;0;0;0;0;0;0;1;0;0;0;0;0;4;0;1;1;0;15;2;0;4;38;14;11;23;17;3;16;3;0;23;11;2;16
13087;Rousset;93;13;0;1;0;0;0;0;0;0;0;0;0;0;0;0;0;5;1;2;0;0;5;0;1;3;15;4;8;10;6;2;6;1;1;15;13;0;5
13088;Le Rove;93;13;0;0;0;0;0;0;0;0;0;0;0;0;0;0;0;1;0;1;0;0;13;0;0;1;18;8;10;9;14;1;8;1;0;16;8;0;4
13089;Saint-Andiol;93;13;0;0;0;0;0;0;0;0;0;1;0;0;0;0;0;3;0;1;0;0;13;0;1;1;10;5;12;6;9;3;4;1;0;14;2;0;5
13090;Saint-Antonin-sur-Bayon;93;13;0;0;0;0;0;0;0;0;0;0;0;0;0;0;0;0;0;0;0;0;0;0;0;0;1;0;0;0;0;0;0;0;0;0;2;0;0
13091;Saint-Cannat;93;13;0;0;0;0;0;0;0;0;0;0;0;0;0;0;0;2;2;1;0;0;21;1;1;1;35;11;11;10;19;4;9;3;0;20;11;0;6
13092;Saint-Chamas;93;13;0;0;0;0;0;0;0;0;0;0;0;0;1;0;0;5;1;1;0;0;10;0;0;1;18;16;14;12;21;1;10;2;0;18;9;2;4
13093;Saint-Estève-Janson;93;13;0;0;0;0;0;0;0;0;0;0;0;0;0;0;0;0;0;0;0;0;0;0;0;0;2;1;0;2;1;0;0;0;0;1;0;0;1
13094;Saint-Étienne-du-Grès;93;13;0;0;0;0;0;0;0;0;0;0;0;0;0;0;0;0;0;1;0;0;1;0;0;0;9;4;3;3;4;1;4;0;0;5;4;0;3
13095;Saint-Marc-Jaumegarde;93;13;0;0;0;0;0;0;0;0;0;0;0;0;0;0;0;1;0;0;0;0;0;0;0;0;1;1;1;3;1;0;0;0;0;2;4;0;1
13096;Saintes-Maries-de-la-Mer;93;13;0;1;0;0;0;0;0;0;0;0;0;0;0;0;0;4;0;1;0;0;1;0;0;0;7;5;2;3;3;0;9;1;0;116;6;2;4
13097;Saint-Martin-de-Crau;93;13;0;1;0;0;0;0;0;0;0;0;0;0;2;0;0;7;1;1;0;0;22;3;0;5;27;10;20;19;15;3;20;1;6;37;17;4;16
13098;Saint-Mitre-les-Remparts;93;13;0;0;0;0;0;0;0;0;0;0;0;0;0;0;0;1;0;1;0;0;19;2;0;2;24;10;15;10;13;1;12;0;0;14;5;2;7
13099;Saint-Paul-lès-Durance;93;13;0;0;0;0;0;0;0;0;0;0;0;0;0;0;0;0;0;2;0;0;5;0;0;0;4;4;2;1;8;0;2;0;8;8;2;0;1
13100;Saint-Rémy-de-Provence;93;13;0;1;0;0;0;0;0;0;0;1;0;0;1;0;0;11;2;1;0;0;19;2;1;3;57;44;18;20;36;5;22;2;0;75;34;6;19
13101;Saint-Savournin;93;13;0;0;0;0;0;0;0;0;0;0;0;0;0;0;0;1;1;1;0;0;2;0;0;1;3;4;4;3;9;1;5;0;0;6;1;0;3
13102;Saint-Victoret;93;13;0;0;0;0;0;0;0;0;0;0;0;0;0;0;0;4;3;1;0;0;29;1;1;1;55;28;10;17;9;6;20;1;0;34;7;1;16
13103;Salon-de-Provence;93;13;1;0;0;0;1;0;1;0;0;4;0;1;4;1;0;22;9;2;0;0;75;4;7;12;115;70;37;57;71;17;76;5;20;168;68;12;53
13104;Sausset-les-Pins;93;13;0;0;0;0;0;0;0;0;0;0;0;0;0;0;0;5;0;1;0;0;4;0;0;3;18;6;1;9;11;1;11;1;0;47;18;2;14
13105;Sénas;93;13;0;0;0;0;0;0;0;0;0;0;0;0;2;0;0;5;4;1;0;0;13;1;1;2;24;18;11;12;14;1;11;1;0;14;6;1;10
13106;Septèmes-les-Vallons;93;13;0;0;0;0;0;0;0;0;0;0;0;0;2;0;0;2;2;1;0;0;14;1;2;5;28;8;21;24;17;3;17;2;0;25;5;2;12
13107;Simiane-Collongue;93;13;0;0;0;0;0;0;0;0;0;0;0;0;0;0;0;1;1;1;0;0;5;0;0;1;14;12;8;11;3;1;7;2;0;8;7;1;8
13108;Tarascon;93;13;1;0;0;1;1;0;1;0;0;5;0;0;1;0;0;7;2;1;0;0;24;2;0;5;48;35;18;24;19;1;23;1;4;48;14;6;13
13109;Le Tholonet;93;13;0;0;0;0;0;0;0;0;0;0;0;0;0;0;0;3;0;1;0;0;3;0;0;0;3;1;4;6;6;1;1;3;0;10;7;0;6
13110;Trets;93;13;0;1;0;0;0;0;0;0;0;1;0;0;0;0;0;8;7;1;0;0;27;2;0;5;46;13;21;23;18;2;23;4;0;31;11;2;13
13111;Vauvenargues;93;13;0;0;0;0;0;0;0;0;0;0;0;0;0;0;0;0;0;1;0;0;1;0;0;0;1;2;0;3;2;0;1;1;0;3;0;0;1
13112;Velaux;93;13;0;1;0;0;0;0;0;0;0;0;0;0;0;0;0;3;0;1;0;0;15;1;0;3;29;9;19;21;22;1;12;2;1;15;13;3;7
13113;Venelles;93;13;0;1;0;0;0;0;0;0;0;0;0;0;0;0;0;7;2;1;0;0;26;2;1;4;24;18;15;21;10;8;16;7;0;29;15;5;18
13114;Ventabren;93;13;0;0;0;0;0;0;0;0;0;0;0;0;1;0;0;0;0;1;0;0;4;0;0;0;12;6;5;5;10;1;5;5;0;11;7;0;7
13115;Vernègues;93;13;0;0;0;0;0;0;0;0;0;0;0;0;0;0;0;0;0;0;0;1;3;0;0;0;7;6;5;4;4;1;2;0;0;4;0;0;1
13116;Verquières;93;13;0;0;0;0;0;0;0;0;0;0;0;0;0;0;0;0;1;0;1;0;0;0;0;0;4;3;0;2;1;3;2;0;1;4;1;0;2
13117;Vitrolles;93;13;1;0;0;0;0;0;0;0;0;1;0;1;3;0;0;12;2;3;0;0;83;5;10;14;91;59;37;47;68;18;59;6;41;172;41;8;33
13118;Coudoux;93;13;0;0;0;0;0;0;0;0;0;0;0;0;0;0;0;0;0;1;0;0;4;0;0;0;4;9;3;8;6;1;4;0;0;9;7;0;5
13119;Carnoux-en-Provence;93;13;0;1;0;0;0;0;0;0;0;0;0;0;0;0;0;5;1;1;0;0;16;2;0;1;23;13;10;13;12;0;14;2;0;21;10;2;14
14001;Ablon;28;14;0;0;0;0;0;0;0;0;0;0;0;0;0;0;0;0;0;0;1;0;1;0;0;0;1;6;4;4;2;0;1;0;0;1;0;0;1
14002;Acqueville;28;14;0;0;0;0;0;0;0;0;0;0;0;0;0;0;0;0;0;0;0;0;1;0;0;0;0;1;0;2;0;0;0;0;0;0;0;0;0
14003;Agy;28;14;0;0;0;0;0;0;0;0;0;0;0;0;0;0;0;0;0;0;0;0;0;0;0;0;0;1;0;0;0;0;0;0;0;0;1;0;0
14004;Aignerville;28;14;0;0;0;0;0;0;0;0;0;0;0;0;0;0;0;0;0;0;0;0;0;0;0;0;0;0;0;0;1;0;0;0;0;0;0;0;0
14005;Airan;28;14;0;0;0;0;0;0;0;0;0;0;0;0;0;0;0;0;0;0;0;0;1;0;0;0;1;3;0;1;1;0;0;0;0;1;1;0;0
14006;Amayé-sur-Orne;28;14;0;0;0;0;0;0;0;0;0;0;0;0;0;0;0;0;0;0;0;1;0;0;1;1;1;2;3;0;0;1;2;0;0;5;0;0;0
14007;Amayé-sur-Seulles;28;14;0;0;0;0;0;0;0;0;0;0;0;0;0;0;0;0;0;0;0;0;0;0;0;0;0;0;1;1;2;0;0;0;0;0;0;0;0
14008;Amblie;28;14;0;0;0;0;0;0;0;0;0;0;0;0;0;0;0;0;0;0;0;0;0;0;0;0;0;0;1;0;0;0;0;0;0;0;0;0;0
14009;Amfreville;28;14;0;0;0;0;0;0;0;0;0;0;0;0;0;0;0;0;0;0;0;1;1;0;0;0;0;2;4;4;1;1;2;0;0;0;1;0;2
14011;Anctoville;28;14;0;0;0;0;0;0;0;0;0;0;0;0;0;0;0;0;0;0;0;0;0;0;0;0;4;2;3;0;0;0;0;0;0;0;0;0;0
14012;Angerville;28;14;0;0;0;0;0;0;0;0;0;0;0;0;0;0;0;0;1;0;0;0;2;0;0;0;1;0;2;0;0;0;0;0;0;1;0;0;0
14013;Angoville;28;14;0;0;0;0;0;0;0;0;0;0;0;0;0;0;0;0;0;0;0;0;0;0;0;0;0;0;0;0;0;0;0;0;0;0;0;0;0
14014;Colomby-Anguerny;28;14;0;0;0;0;0;0;0;0;0;0;0;0;0;0;0;0;0;0;0;0;1;0;0;0;1;1;1;0;2;0;0;0;0;1;1;0;0
14015;Anisy;28;14;0;0;0;0;0;0;0;0;0;0;0;0;0;0;0;0;0;0;0;0;1;0;0;0;0;1;0;1;2;2;0;0;0;0;0;0;0
14016;Annebault;28;14;0;0;0;0;0;0;0;0;0;0;0;0;0;0;0;0;0;0;0;1;3;0;0;0;1;1;4;5;1;0;2;0;0;2;0;0;0
14019;Arganchy;28;14;0;0;0;0;0;0;0;0;0;0;0;0;0;0;0;0;0;0;0;0;0;0;0;0;0;1;1;1;0;0;0;0;0;0;0;0;0
14020;Argences;28;14;0;0;0;0;0;0;0;0;0;0;0;0;0;0;0;6;1;1;0;0;13;2;0;2;16;3;4;10;6;0;10;2;0;2;2;1;3
14021;Arromanches-les-Bains;28;14;0;0;0;0;0;0;0;0;0;0;0;0;0;0;0;0;0;1;0;0;1;0;0;0;0;3;0;0;2;0;1;0;0;15;2;0;0
14022;Asnelles;28;14;0;0;0;0;0;0;0;0;0;0;0;0;0;0;0;0;0;1;0;0;1;0;0;0;1;1;2;1;1;0;1;0;0;3;0;0;1
14023;Asnières-en-Bessin;28;14;0;0;0;0;0;0;0;0;0;0;0;0;0;0;0;0;0;0;0;0;0;0;0;0;0;0;0;0;0;0;0;0;0;0;0;0;0
14024;Auberville;28;14;0;0;0;0;0;0;0;0;0;0;0;0;0;0;0;0;0;0;0;0;3;0;0;0;2;0;0;0;2;0;0;0;0;3;0;0;0
14025;Aubigny;28;14;0;0;0;0;0;0;0;0;0;0;0;0;0;0;0;0;0;0;0;0;1;0;0;0;0;0;0;0;1;0;0;0;0;0;0;0;0
14026;Audrieu;28;14;0;0;0;0;0;0;0;0;0;0;0;0;0;0;0;0;0;0;0;0;1;0;0;1;0;1;3;3;1;0;1;0;0;1;0;0;1
14027;Aunay-sur-Odon;28;14;0;1;0;0;0;0;0;0;0;1;0;0;2;0;0;4;2;1;0;0;9;1;0;2;1;4;1;4;6;2;5;2;0;3;2;1;3
14030;Authie;28;14;0;0;0;0;0;0;0;0;0;0;0;0;1;0;0;0;1;0;0;0;2;0;0;0;2;1;0;2;1;0;2;0;0;0;0;0;1
14031;Les Authieux-Papion;28;14;0;0;0;0;0;0;0;0;0;0;0;0;0;0;0;0;0;0;0;0;0;0;0;0;0;0;0;1;1;0;0;0;0;0;0;0;0
14032;Les Authieux-sur-Calonne;28;14;0;0;0;0;0;0;0;0;0;0;0;0;0;0;0;0;0;0;0;0;0;0;0;0;0;1;2;1;2;0;0;0;0;0;3;0;0
14033;Auvillars;28;14;0;0;0;0;0;0;0;0;0;0;0;0;0;0;0;0;0;0;0;0;0;0;0;0;0;1;0;1;0;1;0;0;0;0;0;0;0
14034;Avenay;28;14;0;0;0;0;0;0;0;0;0;0;0;0;0;0;0;0;0;0;0;0;1;0;0;0;1;0;2;1;0;0;0;0;0;0;0;0;0
14035;Balleroy-sur-Drôme;28;14;0;1;0;0;0;0;0;0;0;0;0;0;0;0;0;0;0;0;0;1;1;0;0;0;0;2;2;1;1;0;3;1;0;3;0;0;2
14036;Banneville-la-Campagne;28;14;0;0;0;0;0;0;0;0;0;0;0;0;0;0;0;0;0;0;0;0;1;0;0;0;0;3;1;1;0;0;0;0;0;0;0;0;0
14037;Malherbe-sur-Ajon;28;14;0;0;0;0;0;0;0;0;0;0;0;0;0;0;0;0;0;0;0;0;0;0;0;0;0;2;0;2;1;0;1;0;0;0;0;0;0
14038;Banville;28;14;0;0;0;0;0;0;0;0;0;0;0;0;0;0;0;0;0;0;0;0;0;0;0;1;2;0;1;2;1;0;0;0;0;0;0;0;0
14039;Barbery;28;14;0;0;0;0;0;0;0;0;0;0;0;0;0;0;0;0;0;0;0;0;1;0;0;0;2;0;1;1;2;0;0;0;0;0;0;0;0
14040;Barbeville;28;14;0;0;0;0;0;0;0;0;0;0;0;0;0;0;0;0;0;0;0;0;0;0;0;0;1;1;1;0;1;0;0;0;0;0;0;0;0
14041;Barneville-la-Bertran;28;14;0;0;0;0;0;0;0;0;0;0;0;0;0;0;0;0;0;0;0;0;0;0;0;0;0;0;1;0;0;0;0;0;0;0;0;0;1
14042;Baron-sur-Odon;28;14;0;0;0;0;0;0;0;0;0;0;0;0;0;0;0;0;0;0;0;0;1;0;0;0;0;2;0;3;1;0;1;0;0;0;0;0;0
14043;Barou-en-Auge;28;14;0;0;0;0;0;0;0;0;0;0;0;0;0;0;0;0;0;0;0;0;0;0;0;0;0;0;0;0;0;0;0;0;0;0;0;0;0
14044;Basly;28;14;0;0;0;0;0;0;0;0;0;0;0;0;0;0;0;0;0;0;0;0;0;0;0;0;1;2;0;1;2;0;2;0;0;0;0;0;1
14045;Basseneville;28;14;0;0;0;0;0;0;0;0;0;0;0;0;0;0;0;0;0;0;0;0;0;0;0;0;0;0;1;2;0;0;0;0;0;2;0;0;0
14046;Bavent;28;14;0;0;0;0;0;0;0;0;0;0;0;0;0;0;0;0;0;1;0;0;3;0;0;1;0;5;2;4;1;1;2;0;0;0;2;0;3
14047;Bayeux;28;14;0;1;0;0;0;0;0;0;0;5;0;1;2;0;0;12;3;2;0;0;6;2;2;4;7;15;11;10;7;3;30;7;5;78;19;3;12
14049;Bazenville;28;14;0;0;0;0;0;0;0;0;0;0;0;0;0;0;0;0;0;0;0;0;0;0;0;0;0;0;3;0;0;0;0;0;0;0;0;0;0
14050;La Bazoque;28;14;0;0;0;0;0;0;0;0;0;0;0;0;0;0;0;0;0;0;0;0;0;0;0;0;0;0;0;0;0;0;0;0;0;0;0;0;0
14053;Beaumais;28;14;0;0;0;0;0;0;0;0;0;0;0;0;0;0;0;0;0;0;0;0;0;0;0;0;0;0;0;2;0;0;0;0;0;0;0;0;0
14054;Beaumesnil;28;14;0;0;0;0;0;0;0;0;0;0;0;0;0;0;0;0;0;0;0;0;0;0;0;1;1;0;0;0;0;0;0;0;0;0;0;0;0
14055;Beaumont-en-Auge;28;14;0;0;0;0;0;0;0;0;0;0;0;0;0;0;0;0;0;0;0;1;3;0;0;0;1;1;0;3;0;1;1;1;0;3;3;0;0
14056;Bauquay;28;14;0;0;0;0;0;0;0;0;0;0;0;0;0;0;0;0;0;0;0;0;0;0;0;0;0;0;0;0;0;1;0;0;0;0;0;0;1
14057;Bellengreville;28;14;0;0;0;0;0;0;0;0;0;0;0;0;2;0;0;0;0;0;0;0;4;0;0;0;0;0;4;3;2;0;1;0;0;2;0;1;1
14059;Benerville-sur-Mer;28;14;0;0;0;0;0;0;0;0;0;0;0;0;0;0;0;0;0;0;0;0;0;0;0;0;1;1;0;0;0;0;0;1;0;3;1;0;1
14060;Bénouville;28;14;0;0;0;0;0;0;0;0;0;0;0;0;0;0;0;0;0;1;0;0;4;0;0;0;4;3;2;5;3;1;2;0;0;3;2;0;2
14061;Souleuvre en Bocage;28;14;0;1;0;0;0;0;0;0;0;1;0;0;2;0;0;1;0;2;2;1;15;0;1;0;10;7;17;17;10;3;10;2;0;8;0;0;1
14062;Bény-sur-Mer;28;14;0;0;0;0;0;0;0;0;0;0;0;0;0;0;0;0;0;0;0;0;0;0;0;0;0;0;1;2;0;0;0;0;0;0;0;0;0
14063;Bernesq;28;14;0;0;0;0;0;0;0;0;0;0;0;0;0;0;0;0;0;0;0;0;1;0;0;0;0;0;0;0;0;0;0;0;0;0;0;0;0
14064;Bernières-d'Ailly;28;14;0;0;0;0;0;0;0;0;0;0;0;0;0;0;0;0;0;0;0;0;0;0;0;0;0;0;0;0;0;0;0;0;0;0;0;0;0
14066;Bernières-sur-Mer;28;14;0;0;0;0;0;0;0;0;0;0;0;0;2;0;0;0;0;1;0;0;2;0;0;0;1;1;4;6;0;0;2;0;0;9;2;0;3
14068;Biéville-Beuville;28;14;0;0;0;0;0;0;0;0;0;0;0;0;0;0;0;1;0;1;0;0;5;1;0;2;0;3;5;4;4;0;4;0;0;3;2;0;3
14069;Beuvillers;28;14;0;0;0;0;0;0;0;0;0;0;0;0;0;0;0;0;0;0;0;0;2;0;0;0;2;2;2;7;2;0;1;0;0;0;0;0;0
14070;Beuvron-en-Auge;28;14;0;0;0;0;0;0;0;0;0;0;0;0;0;0;0;0;0;0;1;0;0;0;0;0;1;0;2;0;0;0;0;0;0;3;0;0;0
14073;La Bigne;28;14;0;0;0;0;0;0;0;0;0;0;0;0;0;0;0;0;0;0;0;0;0;0;0;0;0;0;0;0;0;0;0;0;0;0;0;0;0
14074;Billy;28;14;0;0;0;0;0;0;0;0;0;0;0;0;0;0;0;0;0;0;0;0;0;0;0;0;0;0;0;2;0;0;0;0;0;0;1;0;0
14075;Bissières;28;14;0;0;0;0;0;0;0;0;0;0;0;0;0;0;0;0;0;0;0;0;0;0;0;0;0;0;0;0;0;0;0;0;0;0;0;0;0
14076;Blainville-sur-Orne;28;14;0;0;0;0;0;0;0;0;0;0;0;0;2;0;0;1;1;1;0;0;2;0;0;2;11;0;3;5;2;1;6;1;1;5;1;1;2
14077;Blangy-le-Château;28;14;0;1;0;0;0;0;0;0;0;0;0;0;0;0;0;0;1;0;0;1;2;0;0;0;1;5;2;4;1;0;1;0;0;1;1;0;2
14078;Blay;28;14;0;0;0;0;0;0;0;0;0;0;0;0;0;0;0;0;0;0;0;0;1;0;0;0;1;0;0;1;0;0;1;0;0;1;0;0;0
14079;Blonville-sur-Mer;28;14;0;0;0;0;0;0;0;0;0;0;0;0;0;0;0;0;0;1;0;0;1;0;0;1;4;4;2;3;2;2;4;0;0;7;5;1;0
14080;Le Bô;28;14;0;0;0;0;0;0;0;0;0;0;0;0;0;0;0;0;0;0;0;0;0;0;0;0;1;0;1;1;0;0;0;0;0;0;0;0;0
14081;Boissey;28;14;0;0;0;0;0;0;0;0;0;0;0;0;0;0;0;0;0;0;0;0;1;0;0;0;0;0;2;0;1;0;0;0;0;1;0;0;1
14082;La Boissière;28;14;0;0;0;0;0;0;0;0;0;0;0;0;0;0;0;0;0;0;0;0;0;0;0;0;1;0;0;0;0;0;1;0;0;1;0;0;0
14083;Bonnebosq;28;14;0;0;0;0;0;0;0;0;0;0;0;0;1;0;0;0;0;0;0;1;1;0;0;0;2;3;1;1;3;1;1;0;0;3;1;0;0
14084;Bonnemaison;28;14;0;0;0;0;0;0;0;0;0;0;0;0;0;0;0;0;0;0;0;0;0;0;0;0;0;1;0;0;1;0;0;0;0;0;0;0;0
14085;Bonneville-la-Louvet;28;14;0;0;0;0;0;0;0;0;0;0;0;0;0;0;0;0;0;0;0;1;2;0;0;0;3;2;1;2;1;1;1;0;0;4;1;0;0
14086;Bonneville-sur-Touques;28;14;0;0;0;0;0;0;0;0;0;0;0;0;0;0;0;0;0;0;0;0;0;0;0;0;1;1;1;2;1;1;0;2;0;2;1;0;0
14087;Bonnoeil;28;14;0;0;0;0;0;0;0;0;0;0;0;0;0;0;0;0;0;0;0;0;0;0;0;0;0;0;0;0;0;0;0;0;0;0;0;0;0
14088;Bons-Tassilly;28;14;0;0;0;0;0;0;0;0;0;0;0;0;0;0;0;0;0;0;0;0;0;0;0;0;1;1;0;0;0;0;0;0;0;0;0;0;1
14089;Bougy;28;14;0;0;0;0;0;0;0;0;0;0;0;0;0;0;0;0;0;0;0;0;0;0;0;0;0;1;0;0;2;0;1;0;0;1;0;0;0
14090;Boulon;28;14;0;0;0;0;0;0;0;0;0;0;0;0;0;0;0;0;0;0;0;0;0;0;0;0;0;1;1;1;1;1;0;0;0;0;0;0;0
14091;Bourgeauville;28;14;0;0;0;0;0;0;0;0;0;0;0;0;0;0;0;0;0;0;0;0;0;0;0;0;0;1;0;0;0;0;0;0;0;1;1;0;0
14092;Bourguébus;28;14;0;0;0;0;0;0;0;0;0;0;0;0;0;0;0;0;0;1;0;0;5;0;0;0;13;5;9;4;6;1;2;0;0;1;1;0;3
14093;Branville;28;14;0;0;0;0;0;0;0;0;0;0;0;0;0;0;0;0;0;0;0;0;0;0;0;0;2;1;0;1;0;0;0;0;0;1;0;0;0
14096;Brémoy;28;14;0;0;0;0;0;0;0;0;0;0;0;0;0;0;0;0;0;0;0;0;0;0;0;0;1;0;0;1;0;0;1;0;0;0;0;0;0
14097;Bretteville-le-Rabet;28;14;0;0;0;0;0;0;0;0;0;0;0;0;0;0;0;0;0;0;0;0;0;0;0;0;1;1;0;0;0;0;0;0;0;0;0;0;0
14098;Bretteville-l'Orgueilleuse;28;14;0;1;0;0;0;0;0;0;0;0;0;0;0;0;0;2;0;1;0;0;8;2;0;1;5;5;6;9;2;2;6;0;0;2;2;1;1
14099;Bretteville-sur-Dives;28;14;0;0;0;0;0;0;0;0;0;0;0;0;0;0;0;0;0;0;0;0;0;0;0;0;1;0;3;1;0;0;0;0;0;1;1;0;0
14100;Bretteville-sur-Laize;28;14;0;1;0;0;0;0;0;0;0;0;0;0;1;0;0;2;0;1;0;0;4;1;0;1;1;2;2;3;1;1;5;0;0;6;2;0;1
14101;Bretteville-sur-Odon;28;14;0;0;0;0;0;0;0;0;0;0;0;0;0;0;0;1;2;1;0;0;6;1;0;1;5;6;18;11;8;4;8;0;0;6;3;1;2
14102;Le Breuil-en-Auge;28;14;0;0;0;0;0;0;0;0;0;0;0;0;0;0;0;0;0;0;0;1;3;0;0;0;1;2;1;4;1;1;2;0;0;2;1;0;0
14103;Le Breuil-en-Bessin;28;14;0;0;0;0;0;0;0;0;0;0;0;0;0;0;0;0;0;0;0;0;0;0;0;0;0;1;1;1;0;0;0;0;0;0;0;0;0
14104;Le Brévedent;28;14;0;0;0;0;0;0;0;0;0;0;0;0;0;0;0;0;0;0;0;0;0;0;0;0;1;0;0;0;0;1;0;0;0;1;0;0;0
14106;Bréville-les-Monts;28;14;0;0;0;0;0;0;0;0;0;0;0;0;0;0;0;0;0;0;0;0;0;0;0;0;0;2;1;1;0;0;2;0;0;0;0;0;0
14107;Bricqueville;28;14;0;0;0;0;0;0;0;0;0;0;0;0;0;0;0;0;0;0;0;0;0;0;0;0;0;0;0;0;0;0;0;0;0;0;0;0;0
14109;Brouay;28;14;0;0;0;0;0;0;0;0;0;0;0;0;0;0;0;0;0;0;0;0;3;0;0;0;0;2;1;0;0;0;0;0;0;0;0;0;0
14110;Brucourt;28;14;0;0;0;0;0;0;0;0;0;0;0;0;0;0;0;0;0;0;0;0;0;0;0;0;1;0;1;0;0;0;1;1;0;0;0;0;0
14111;Bucéels;28;14;0;0;0;0;0;0;0;0;0;0;0;0;0;0;0;0;0;0;0;0;0;0;0;0;0;2;0;0;0;0;0;0;0;0;0;0;0
14116;Le Bû-sur-Rouvres;28;14;0;0;0;0;0;0;0;0;0;0;0;0;0;0;0;0;0;0;0;0;0;0;0;0;0;1;0;0;0;0;0;0;0;1;0;0;0
14117;Cabourg;28;14;0;0;0;0;0;0;0;0;0;1;0;0;0;0;0;5;1;1;0;0;4;0;0;1;4;9;8;10;4;0;9;0;0;66;18;1;3
14118;Caen;28;14;1;0;1;1;1;1;1;0;0;26;0;2;6;0;0;113;15;14;2;0;64;5;15;34;72;115;66;73;50;46;171;15;57;472;148;36;105
14119;Cagny;28;14;0;0;0;0;0;0;0;0;0;0;0;0;0;0;0;0;1;1;0;0;7;0;0;1;7;5;1;3;1;1;3;0;0;3;0;0;1
14120;Cahagnes;28;14;0;0;0;0;0;0;0;0;0;0;0;0;0;0;0;0;0;0;0;1;2;0;0;0;3;1;1;3;1;0;3;0;0;3;0;0;0
14121;Cahagnolles;28;14;0;0;0;0;0;0;0;0;0;0;0;0;0;0;0;0;0;0;0;0;0;0;0;0;0;0;0;1;0;0;0;0;0;0;0;0;0
14122;La Caine;28;14;0;0;0;0;0;0;0;0;0;0;0;0;0;0;0;0;0;0;0;0;0;0;0;0;0;1;0;0;2;0;0;0;0;0;0;0;0
14123;Cairon;28;14;0;0;0;0;0;0;0;0;0;0;0;0;0;0;0;0;0;0;0;0;1;0;0;0;1;4;2;3;1;0;2;0;0;2;1;0;0
14124;La Cambe;28;14;0;0;0;0;0;0;0;0;0;0;0;0;0;0;0;0;0;0;0;1;2;0;0;0;0;0;1;0;2;0;2;0;0;2;0;0;0
14125;Cambes-en-Plaine;28;14;0;0;0;0;0;0;0;0;0;0;0;0;0;0;0;0;0;1;0;0;0;0;0;1;1;3;1;0;1;0;1;0;0;0;0;0;0
14126;Cambremer;28;14;0;1;0;0;0;0;0;0;0;0;0;0;1;0;0;2;1;1;0;0;2;0;0;0;2;3;2;7;0;0;2;1;0;4;0;0;1
14127;Campagnolles;28;14;0;0;0;0;0;0;0;0;0;0;0;0;0;0;0;0;0;0;0;0;0;0;0;0;0;1;0;0;0;0;0;0;0;1;0;0;0
14128;Campandré-Valcongrain;28;14;0;0;0;0;0;0;0;0;0;0;0;0;0;0;0;0;0;0;0;0;0;0;0;0;1;0;1;2;1;0;0;0;0;0;0;0;0
14130;Campigny;28;14;0;0;0;0;0;0;0;0;0;0;0;0;0;0;0;0;0;0;0;0;0;0;0;0;0;0;1;0;0;0;0;0;0;0;0;0;0
14131;Canapville;28;14;0;0;0;0;0;0;0;0;0;0;0;0;0;0;0;0;0;0;0;0;0;0;0;0;0;1;0;1;0;0;0;0;0;1;0;0;0
14132;Canchy;28;14;0;0;0;0;0;0;0;0;0;0;0;0;0;0;0;0;0;0;0;0;0;0;0;0;0;1;0;0;0;0;0;0;0;0;0;0;0
14134;Canteloup;28;14;0;0;0;0;0;0;0;0;0;0;0;0;0;0;0;0;0;0;0;0;0;0;0;0;0;0;1;0;0;0;0;0;0;0;0;0;0
14135;Carcagny;28;14;0;0;0;0;0;0;0;0;0;0;0;0;0;0;0;0;0;0;0;0;1;0;0;0;1;0;1;0;0;0;0;0;0;0;0;0;0
14136;Cardonville;28;14;0;0;0;0;0;0;0;0;0;0;0;0;0;0;0;0;0;0;0;0;0;0;0;0;0;0;0;0;0;0;0;0;0;0;0;0;0
14137;Carpiquet;28;14;0;0;0;0;0;0;0;0;0;0;0;0;0;0;0;0;1;1;0;0;6;1;3;2;2;3;12;11;3;3;3;0;0;10;5;1;2
14138;Cartigny-l'Épinay;28;14;0;0;0;0;0;0;0;0;0;0;0;0;0;0;0;0;0;0;0;0;0;0;0;0;0;0;1;0;0;0;0;0;0;0;0;0;0
14140;Castillon;28;14;0;0;0;0;0;0;0;0;0;0;0;0;0;0;0;0;0;0;0;0;1;0;0;0;0;1;0;2;1;0;0;0;0;0;0;0;0
14141;Castillon-en-Auge;28;14;0;0;0;0;0;0;0;0;0;0;0;0;0;0;0;0;0;0;0;0;0;0;0;0;0;0;1;0;0;0;0;0;0;0;0;0;0
14142;Castilly;28;14;0;0;0;0;0;0;0;0;0;0;0;0;0;0;0;0;0;0;0;0;0;0;0;0;0;0;1;0;0;0;0;0;0;0;0;0;0
14143;Caumont-l'Éventé;28;14;0;1;0;0;0;0;0;0;0;0;0;0;2;0;0;2;0;1;0;0;8;0;0;1;2;2;1;2;2;0;3;1;1;6;0;0;1
14145;Cauvicourt;28;14;0;0;0;0;0;0;0;0;0;0;0;0;0;0;0;0;0;0;0;0;0;0;0;0;0;0;4;1;0;0;0;0;0;1;0;0;0
14146;Cauville;28;14;0;0;0;0;0;0;0;0;0;0;0;0;0;0;0;0;0;0;0;0;1;0;0;0;0;1;1;0;0;0;1;0;0;1;0;0;3
14147;Cernay;28;14;0;0;0;0;0;0;0;0;0;0;0;0;0;0;0;0;0;0;0;0;0;0;0;0;0;0;1;0;0;0;1;0;0;0;0;0;0
14149;Cesny-aux-Vignes;28;14;0;0;0;0;0;0;0;0;0;0;0;0;0;0;0;0;0;0;0;1;0;0;0;0;0;1;1;2;1;0;0;0;0;0;0;0;0
14150;Cesny-Bois-Halbout;28;14;0;0;0;0;0;0;0;0;0;0;0;0;0;0;0;0;1;0;0;1;1;0;0;0;2;1;4;3;0;0;1;0;0;0;0;0;0
14151;Champ-du-Boult;28;14;0;0;0;0;0;0;0;0;0;0;0;0;0;0;0;0;0;0;0;0;1;0;0;0;0;0;0;1;0;1;0;0;0;0;0;0;0
14157;Cheux;28;14;0;0;0;0;0;0;0;0;0;0;0;0;0;0;0;0;0;0;0;1;2;0;0;0;1;1;2;3;0;0;2;0;0;0;0;0;1
14158;Chicheboville;28;14;0;0;0;0;0;0;0;0;0;0;0;0;0;0;0;0;0;0;0;0;0;0;0;0;1;0;1;3;0;0;0;0;0;0;1;0;0
14159;Chouain;28;14;0;0;0;0;0;0;0;0;0;0;0;0;0;0;0;0;0;0;0;0;1;0;0;0;0;1;0;0;1;0;1;0;0;0;0;0;0
14160;Cintheaux;28;14;0;0;0;0;0;0;0;0;0;0;0;0;0;0;0;0;0;0;0;0;0;0;0;0;0;0;0;0;0;0;0;0;0;0;1;0;0
14161;Clarbec;28;14;0;0;0;0;0;0;0;0;0;0;0;0;0;0;0;0;0;0;0;0;0;0;0;0;1;0;5;1;2;1;1;1;0;0;0;0;0
14162;Clécy;28;14;0;1;0;0;0;0;0;0;0;0;0;0;0;0;0;0;0;1;0;0;2;0;0;1;3;1;0;2;2;1;2;0;0;6;1;0;0
14163;Cléville;28;14;0;0;0;0;0;0;0;0;0;0;0;0;0;0;0;0;0;0;0;0;1;0;0;0;0;1;1;2;1;0;0;0;0;0;0;0;0
14164;Clinchamps-sur-Orne;28;14;0;0;0;0;0;0;0;0;0;0;0;0;0;0;0;0;0;0;0;0;1;0;0;0;1;2;1;5;3;0;1;0;0;0;0;0;1
14165;Colleville-sur-Mer;28;14;0;0;0;0;0;0;0;0;0;0;0;0;0;0;0;0;0;0;0;0;0;0;0;0;1;0;0;0;0;0;1;0;0;2;0;1;1
14166;Colleville-Montgomery;28;14;0;0;0;0;0;0;0;0;0;0;0;0;0;0;0;0;0;0;0;1;4;0;0;0;1;2;3;5;0;0;4;0;0;5;0;1;4
14167;Colombelles;28;14;0;0;0;0;0;0;0;0;0;0;0;0;2;0;0;4;1;1;0;0;11;2;0;1;8;12;5;16;7;8;9;1;0;5;1;1;2
14168;Colombières;28;14;0;0;0;0;0;0;0;0;0;0;0;0;0;0;0;0;0;0;0;0;0;0;0;0;1;0;0;0;0;0;0;0;0;0;0;0;0
14169;Colombiers-sur-Seulles;28;14;0;0;0;0;0;0;0;0;0;0;0;0;0;0;0;0;0;0;0;0;0;0;0;0;1;0;0;1;0;0;0;0;0;0;0;0;0
14171;Combray;28;14;0;0;0;0;0;0;0;0;0;0;0;0;0;0;0;0;0;0;0;0;0;0;0;0;0;0;1;0;0;0;0;0;0;0;0;0;0
14172;Commes;28;14;0;0;0;0;0;0;0;0;0;0;0;0;0;0;0;0;0;0;0;0;1;0;0;0;0;0;2;0;0;0;1;0;0;1;1;0;0
14173;Condé-sur-Ifs;28;14;0;0;0;0;0;0;0;0;0;0;0;0;0;0;0;0;0;0;0;0;0;0;0;0;1;1;0;3;2;1;1;0;0;0;0;0;1
14174;Condé-en-Normandie;28;14;0;1;0;0;0;0;0;0;0;1;0;0;1;0;0;7;3;1;1;0;6;3;0;5;5;5;11;7;5;0;9;1;1;12;3;2;1
14175;Condé-sur-Seulles;28;14;0;0;0;0;0;0;0;0;0;0;0;0;0;0;0;0;0;0;0;0;0;0;0;0;0;0;0;2;0;0;1;0;0;1;0;0;0
14176;Conteville;28;14;0;0;0;0;0;0;0;0;0;0;0;0;0;0;0;0;0;0;0;0;1;0;0;0;0;0;1;0;0;0;0;0;0;0;0;0;0
14177;Coquainvilliers;28;14;0;0;0;0;0;0;0;0;0;0;0;0;0;0;0;0;0;0;0;0;0;0;0;0;1;0;0;0;0;0;1;0;0;1;0;0;1
14179;Cordebugle;28;14;0;0;0;0;0;0;0;0;0;0;0;0;0;0;0;0;0;0;0;0;0;0;0;0;0;0;1;1;0;0;0;0;0;0;0;0;0
14180;Cordey;28;14;0;0;0;0;0;0;0;0;0;0;0;0;0;0;0;0;0;0;0;0;0;0;0;0;0;0;0;0;0;0;0;0;0;0;0;0;0
14181;Cormelles-le-Royal;28;14;0;0;0;0;0;0;0;0;0;0;0;0;0;0;0;0;0;1;0;0;9;1;1;0;5;10;6;13;8;3;5;0;0;6;1;0;3
14182;Cormolain;28;14;0;0;0;0;0;0;0;0;0;0;0;0;0;0;0;0;0;0;0;1;0;0;0;0;1;0;1;1;0;0;0;0;0;1;0;0;0
14183;Cossesseville;28;14;0;0;0;0;0;0;0;0;0;0;0;0;0;0;0;0;0;0;0;0;0;0;0;0;0;0;0;2;0;0;0;0;0;0;0;0;0
14184;Cottun;28;14;0;0;0;0;0;0;0;0;0;0;0;0;0;0;0;0;0;0;0;0;0;0;0;0;0;0;0;0;1;0;0;0;0;0;0;0;0
14185;Coudray-Rabut;28;14;0;0;0;0;0;0;0;0;0;0;0;0;0;0;0;0;0;0;0;0;0;0;0;0;0;1;2;2;0;0;0;0;0;0;2;0;0
14186;Coulombs;28;14;0;0;0;0;0;0;0;0;0;0;0;0;0;0;0;0;0;0;0;0;0;0;0;0;1;0;2;0;1;0;0;0;0;0;0;0;0
14189;Coupesarte;28;14;0;0;0;0;0;0;0;0;0;0;0;0;0;0;0;0;0;0;0;0;0;0;0;0;1;0;0;0;0;0;0;0;0;0;0;0;0
14190;Courcy;28;14;0;0;0;0;0;0;0;0;0;0;0;0;0;0;0;0;0;0;0;0;0;0;0;0;0;0;0;0;0;0;0;0;0;0;0;0;0
14191;Courseulles-sur-Mer;28;14;0;1;0;0;0;0;0;0;0;1;0;0;1;0;0;4;1;1;0;0;9;2;0;2;4;6;11;8;4;3;9;6;0;28;9;2;2
14192;Courson;28;14;0;0;0;0;0;0;0;0;0;0;0;0;0;0;0;0;0;0;0;0;0;0;0;0;2;0;0;0;0;0;0;0;0;2;0;0;0
14193;Courtonne-la-Meurdrac;28;14;0;0;0;0;0;0;0;0;0;0;0;0;0;0;0;0;0;0;0;0;1;0;0;0;0;0;2;1;2;0;1;0;0;0;0;0;1
14194;Courtonne-les-Deux-Églises;28;14;0;0;0;0;0;0;0;0;0;0;0;0;0;0;0;0;0;0;0;0;0;0;0;0;4;0;0;0;3;0;0;0;0;0;0;0;0
14195;Courvaudon;28;14;0;0;0;0;0;0;0;0;0;0;0;0;0;0;0;0;0;0;0;0;1;0;0;0;0;0;3;0;0;0;0;0;0;0;0;0;0
14196;Crépon;28;14;0;0;0;0;0;0;0;0;0;0;0;0;0;0;0;0;0;0;0;0;0;0;0;0;0;0;0;0;0;0;0;0;0;0;0;0;0
14197;Cresserons;28;14;0;0;0;0;0;0;0;0;0;0;0;0;0;0;0;0;0;0;0;0;1;0;0;0;1;1;2;3;0;2;0;0;0;1;1;0;0
14198;Cresseveuille;28;14;0;0;0;0;0;0;0;0;0;0;0;0;0;0;0;0;0;0;0;0;0;0;0;0;0;0;2;1;0;0;0;0;0;0;0;0;0
14200;Creully;28;14;0;1;0;0;0;0;0;0;0;0;0;0;0;0;0;1;0;1;0;0;2;0;0;2;2;3;9;5;3;0;2;0;0;6;1;0;2
14201;Crèvecoeur-en-Auge;28;14;0;0;0;0;0;0;0;0;0;0;0;0;0;0;0;0;0;0;0;1;2;0;0;0;1;2;0;2;2;0;3;1;0;1;0;0;0
14202;Cricqueboeuf;28;14;0;0;0;0;0;0;0;0;0;0;0;0;0;0;0;0;0;0;0;0;0;0;0;0;1;1;1;0;0;0;0;0;0;1;1;0;0
14203;Cricqueville-en-Auge;28;14;0;0;0;0;0;0;0;0;0;0;0;0;0;0;0;0;0;0;0;0;0;0;0;0;0;0;0;2;1;0;0;0;0;0;0;0;0
14204;Cricqueville-en-Bessin;28;14;0;0;0;0;0;0;0;0;0;0;0;0;0;0;0;0;0;0;0;0;0;0;0;0;0;0;1;0;1;0;0;0;0;1;0;0;0
14205;Cristot;28;14;0;0;0;0;0;0;0;0;0;0;0;0;0;0;0;0;0;0;0;0;0;0;0;0;0;1;1;0;0;0;0;0;0;1;0;0;0
14206;Crocy;28;14;0;0;0;0;0;0;0;0;0;0;0;0;0;0;0;0;0;0;0;0;0;0;0;0;1;0;0;0;0;0;0;0;0;1;0;0;0
14207;Croisilles;28;14;0;0;0;0;0;0;0;0;0;0;0;0;0;0;0;0;0;0;0;0;1;0;0;0;2;1;1;2;1;0;1;0;0;4;0;0;0
14208;Croissanville;28;14;0;0;0;0;0;0;0;0;0;0;0;0;0;0;0;0;0;0;0;1;1;0;0;0;1;0;2;2;1;1;1;0;0;0;0;0;0
14209;Crouay;28;14;0;0;0;0;0;0;0;0;0;0;0;0;0;0;0;0;0;0;0;1;0;0;0;0;1;1;2;5;0;0;0;0;0;0;0;0;0
14211;Culey-le-Patry;28;14;0;0;0;0;0;0;0;0;0;0;0;0;0;0;0;0;0;0;0;0;0;0;0;0;0;0;0;1;0;0;0;0;0;1;0;0;0
14212;Cully;28;14;0;0;0;0;0;0;0;0;0;0;0;0;0;0;0;0;0;0;0;0;0;0;0;0;0;0;1;0;0;0;0;0;0;1;0;0;0
14214;Cussy;28;14;0;0;0;0;0;0;0;0;0;0;0;0;0;0;0;0;0;0;0;0;0;0;0;0;1;0;0;0;0;0;0;3;0;0;0;0;0
14215;Cuverville;28;14;0;0;0;0;0;0;0;0;0;0;0;0;0;0;0;0;0;0;0;0;1;0;0;0;7;2;1;1;3;1;4;0;0;2;1;1;1
14216;Damblainville;28;14;0;0;0;0;0;0;0;0;0;0;0;0;0;0;0;0;0;0;0;0;0;0;0;0;1;0;0;2;0;0;0;0;0;0;0;0;1
14217;Dampierre;28;14;0;0;0;0;0;0;0;0;0;0;0;0;0;0;0;0;0;0;0;0;1;0;0;0;0;0;0;0;0;0;0;0;0;0;0;0;0
14218;Danestal;28;14;0;0;0;0;0;0;0;0;0;0;0;0;0;0;0;0;0;0;0;0;0;0;0;0;1;1;1;2;3;0;1;0;0;0;0;0;0
14219;Danvou-la-Ferrière;28;14;0;0;0;0;0;0;0;0;0;0;0;0;0;0;0;0;0;0;0;0;1;0;0;0;0;1;0;2;0;0;0;0;0;0;0;0;0
14220;Deauville;28;14;1;1;0;0;0;0;0;0;0;0;0;0;1;0;0;13;1;1;0;0;2;0;1;5;4;10;5;6;4;6;19;5;4;73;48;3;12
14221;Démouville;28;14;0;0;0;0;0;0;0;0;0;0;0;0;0;0;0;0;0;1;0;0;5;1;0;0;2;6;1;3;5;3;3;0;0;1;1;0;3
14223;Le Détroit;28;14;0;0;0;0;0;0;0;0;0;0;0;0;0;0;0;0;0;0;0;0;0;0;0;0;0;0;0;0;0;0;0;0;0;0;0;0;0
14224;Deux-Jumeaux;28;14;0;0;0;0;0;0;0;0;0;0;0;0;0;0;0;0;0;0;0;0;0;0;0;0;0;0;0;0;0;0;1;0;0;0;0;0;0
14225;Dives-sur-Mer;28;14;1;0;0;0;0;0;0;0;0;1;0;0;2;0;0;7;3;1;0;0;10;2;0;6;6;14;8;15;9;2;11;4;1;37;7;3;4
14226;Donnay;28;14;0;0;0;0;0;0;0;0;0;0;0;0;0;0;0;0;0;0;0;0;0;0;0;0;1;1;1;1;1;0;0;0;0;1;0;0;0
14227;Douville-en-Auge;28;14;0;0;0;0;0;0;0;0;0;0;0;0;0;0;0;0;0;0;0;0;0;0;0;0;0;2;3;0;0;0;0;0;0;3;0;0;0
14228;Douvres-la-Délivrande;28;14;0;1;0;0;0;0;0;0;0;0;0;0;2;0;0;7;2;1;0;0;9;2;2;3;8;12;7;9;7;4;10;2;0;9;6;4;3
14229;Dozulé;28;14;0;1;0;0;0;0;0;0;0;0;0;0;1;0;0;1;1;1;0;0;3;0;0;2;5;0;3;9;2;1;5;3;0;5;1;2;5
14230;Drubec;28;14;0;0;0;0;0;0;0;0;0;0;0;0;0;0;0;0;0;0;0;0;0;0;0;0;0;0;0;0;0;0;0;0;0;1;0;0;0
14231;Beaufour-Druval;28;14;0;0;0;0;0;0;0;0;0;0;0;0;0;0;0;0;0;0;0;0;0;0;0;0;2;0;5;2;1;0;1;0;0;0;0;0;0
14232;Ducy-Sainte-Marguerite;28;14;0;0;0;0;0;0;0;0;0;0;0;0;0;0;0;0;0;0;0;0;0;0;0;0;0;0;1;0;1;0;0;0;0;0;0;0;0
14235;Écrammeville;28;14;0;0;0;0;0;0;0;0;0;0;0;0;0;0;0;0;0;0;0;0;1;0;0;0;0;1;0;0;0;0;0;0;0;0;0;0;0
14236;Ellon;28;14;0;0;0;0;0;0;0;0;0;0;0;0;0;0;0;0;0;0;0;0;1;0;0;0;0;1;0;0;0;0;0;0;0;0;0;0;0
14237;Émiéville;28;14;0;0;0;0;0;0;0;0;0;0;0;0;0;0;0;0;0;0;0;0;0;0;0;0;1;1;1;0;0;1;0;0;0;0;0;0;0
14238;Englesqueville-en-Auge;28;14;0;0;0;0;0;0;0;0;0;0;0;0;0;0;0;0;0;0;0;0;0;0;0;0;0;0;0;0;0;0;0;0;0;0;0;0;0
14239;Englesqueville-la-Percée;28;14;0;0;0;0;0;0;0;0;0;0;0;0;0;0;0;0;0;0;0;0;0;0;0;0;0;1;0;0;1;0;0;0;0;0;0;0;0
14240;Épaney;28;14;0;0;0;0;0;0;0;0;0;0;0;0;0;0;0;0;0;0;0;0;1;0;0;0;0;1;0;0;2;0;0;0;0;0;0;0;0
14241;Épinay-sur-Odon;28;14;0;0;0;0;0;0;0;0;0;0;0;0;0;0;0;0;0;0;0;0;0;0;0;0;3;2;2;2;0;0;0;0;0;0;1;0;0
14242;Épron;28;14;0;0;0;0;0;0;0;0;0;0;0;0;0;0;0;0;0;0;0;0;1;0;0;0;0;1;0;0;0;1;2;6;1;1;0;0;0
14243;Équemauville;28;14;0;0;0;0;0;0;0;0;0;0;0;0;0;0;0;0;0;0;0;0;1;0;0;0;1;1;2;3;0;1;2;1;0;3;1;0;0
14244;Eraines;28;14;0;0;0;0;0;0;0;0;0;0;0;0;0;0;0;0;0;0;0;0;0;0;0;0;0;0;0;2;1;0;0;0;0;0;0;0;0
14245;Ernes;28;14;0;0;0;0;0;0;0;0;0;0;0;0;0;0;0;0;0;0;0;0;1;0;0;0;0;0;0;0;1;0;0;0;0;0;0;0;0
14246;Escoville;28;14;0;0;0;0;0;0;0;0;0;0;0;0;0;0;0;0;0;0;0;0;0;0;0;0;2;0;3;1;0;0;0;0;0;1;1;0;0
14248;Espins;28;14;0;0;0;0;0;0;0;0;0;0;0;0;0;0;0;0;0;0;0;0;0;0;0;0;0;0;1;0;0;0;0;0;0;0;1;0;0
14249;Esquay-Notre-Dame;28;14;0;0;0;0;0;0;0;0;0;0;0;0;0;0;0;0;0;0;0;0;1;0;0;0;3;2;4;2;3;0;3;0;0;1;0;0;1
14250;Esquay-sur-Seulles;28;14;0;0;0;0;0;0;0;0;0;0;0;0;0;0;0;0;0;0;0;0;0;0;0;0;1;0;2;0;0;0;0;0;0;0;1;0;0
14251;Esson;28;14;0;0;0;0;0;0;0;0;0;0;0;0;0;0;0;0;1;0;0;0;0;0;0;0;2;1;0;1;1;0;1;0;0;0;0;0;0
14252;Estrées-la-Campagne;28;14;0;0;0;0;0;0;0;0;0;0;0;0;0;0;0;0;0;0;0;0;0;0;0;0;0;0;0;2;0;0;0;0;0;1;0;0;0
14254;Éterville;28;14;0;0;0;0;0;0;0;0;0;0;0;0;0;0;0;0;0;0;0;0;4;0;0;0;1;2;3;6;2;0;2;0;0;0;0;0;0
14256;Étréham;28;14;0;0;0;0;0;0;0;0;0;0;0;0;0;0;0;0;0;0;0;0;0;0;0;0;1;1;1;1;1;0;1;0;0;0;0;0;0
14257;Évrecy;28;14;0;1;0;0;0;0;0;0;0;0;0;0;1;0;0;1;0;1;0;0;5;1;0;1;3;3;6;2;0;0;5;2;0;3;1;0;2
14258;Falaise;28;14;0;1;0;0;0;0;0;0;0;2;0;1;2;0;0;10;2;1;0;0;19;3;0;5;9;4;13;18;10;5;17;4;2;28;10;3;8
14260;Fauguernon;28;14;0;0;0;0;0;0;0;0;0;0;0;0;0;0;0;0;0;0;0;0;0;0;0;0;1;1;1;0;0;0;1;1;0;0;0;0;0
14261;Le Faulq;28;14;0;0;0;0;0;0;0;0;0;0;0;0;0;0;0;0;0;0;0;0;2;0;0;0;1;1;1;0;0;0;0;0;0;0;0;0;0
14266;Feuguerolles-Bully;28;14;0;0;0;0;0;0;0;0;0;0;0;0;0;0;0;0;0;0;0;0;1;0;0;0;0;1;2;3;0;0;3;0;0;2;0;0;2
14268;Fierville-Bray;28;14;0;0;0;0;0;0;0;0;0;0;0;0;0;0;0;0;0;0;0;0;0;0;0;0;1;0;3;1;0;0;0;0;0;0;0;0;0
14269;Fierville-les-Parcs;28;14;0;0;0;0;0;0;0;0;0;0;0;0;0;0;0;0;0;0;0;0;0;0;0;0;2;0;1;1;0;0;1;0;0;0;0;0;0
14270;Firfol;28;14;0;0;0;0;0;0;0;0;0;0;0;0;0;0;0;0;0;0;0;0;0;0;0;0;0;0;2;0;1;0;0;0;0;1;0;0;1
14271;Fleury-sur-Orne;28;14;0;0;0;0;0;0;0;0;0;0;0;0;2;0;0;4;1;1;0;0;8;1;0;2;9;10;5;9;2;3;5;0;0;9;3;2;1
14272;La Folie;28;14;0;0;0;0;0;0;0;0;0;0;0;0;0;0;0;0;0;0;0;0;0;0;0;0;0;1;0;0;0;0;0;0;0;0;0;0;0
14273;La Folletière-Abenon;28;14;0;0;0;0;0;0;0;0;0;0;0;0;0;0;0;0;0;0;0;0;0;0;0;0;0;0;0;0;1;0;0;0;0;0;0;0;0
14274;Fontaine-Étoupefour;28;14;0;0;0;0;0;0;0;0;0;0;0;0;0;0;0;0;0;0;0;1;0;0;0;1;5;1;1;7;3;0;1;1;0;1;1;0;1
14275;Fontaine-Henry;28;14;0;0;0;0;0;0;0;0;0;0;0;0;0;0;0;0;0;0;0;0;0;0;0;0;1;2;2;0;0;0;0;0;0;0;0;0;0
14276;Fontaine-le-Pin;28;14;0;0;0;0;0;0;0;0;0;0;0;0;0;0;0;0;0;0;0;0;0;0;0;0;0;1;2;2;0;0;0;0;0;0;0;0;0
14277;Fontenay-le-Marmion;28;14;0;0;0;0;0;0;0;0;0;0;0;0;0;0;0;0;0;0;0;1;1;0;0;0;0;3;5;6;1;1;2;0;0;2;0;0;1
14278;Fontenay-le-Pesnel;28;14;0;0;0;0;0;0;0;0;0;0;0;0;0;0;0;0;0;0;0;0;2;0;0;0;2;2;1;2;1;0;0;0;0;0;0;0;0
14279;Fontenermont;28;14;0;0;0;0;0;0;0;0;0;0;0;0;0;0;0;0;0;0;0;0;0;0;0;0;0;0;0;0;0;0;0;0;0;1;0;0;0
14280;Formentin;28;14;0;0;0;0;0;0;0;0;0;0;0;0;0;0;0;0;0;0;0;0;0;0;0;0;0;0;0;1;0;0;0;0;0;0;1;0;0
14281;Formigny;28;14;0;0;0;0;0;0;0;0;0;0;0;0;0;0;0;0;0;0;0;0;0;0;0;0;1;0;0;0;0;0;0;0;0;1;0;0;0
14282;Foulognes;28;14;0;0;0;0;0;0;0;0;0;0;0;0;0;0;0;0;0;0;0;0;0;0;0;0;0;0;0;1;0;0;1;0;0;0;0;0;0
14283;Fourches;28;14;0;0;0;0;0;0;0;0;0;0;0;0;0;0;0;0;0;0;0;0;0;0;0;0;0;0;0;0;0;0;0;0;0;0;0;0;0
14284;Fourneaux-le-Val;28;14;0;0;0;0;0;0;0;0;0;0;0;0;0;0;0;0;0;0;0;0;0;0;0;0;0;0;1;0;0;0;0;0;0;0;0;0;0
14285;Le Fournet;28;14;0;0;0;0;0;0;0;0;0;0;0;0;0;0;0;0;0;0;0;0;0;0;0;0;0;0;1;0;0;0;0;0;0;0;0;0;0
14286;Fourneville;28;14;0;0;0;0;0;0;0;0;0;0;0;0;0;0;0;0;0;0;0;0;0;0;0;0;0;1;2;0;4;0;0;0;0;0;0;0;0
14287;Frénouville;28;14;0;0;0;0;0;0;0;0;0;0;0;0;0;0;0;0;0;0;0;0;1;0;0;0;1;1;3;2;1;0;4;0;0;1;0;0;1
14288;Le Fresne-Camilly;28;14;0;0;0;0;0;0;0;0;0;0;0;0;0;0;0;0;0;0;0;0;0;0;0;0;0;2;2;0;1;0;0;0;0;0;0;0;0
14289;Fresné-la-Mère;28;14;0;0;0;0;0;0;0;0;0;0;0;0;0;0;0;0;0;0;0;0;3;0;0;0;2;3;1;2;1;0;0;0;0;1;0;0;0
14290;Fresney-le-Puceux;28;14;0;0;0;0;0;0;0;0;0;0;0;0;0;0;0;0;0;0;0;0;0;0;0;0;0;2;2;1;1;0;0;0;0;3;0;0;0
14291;Fresney-le-Vieux;28;14;0;0;0;0;0;0;0;0;0;0;0;0;0;0;0;0;0;0;0;0;0;0;0;0;1;0;0;3;0;0;0;0;0;0;0;0;0
14293;Fumichon;28;14;0;0;0;0;0;0;0;0;0;0;0;0;0;0;0;0;0;0;0;0;2;0;0;0;1;1;0;1;0;0;1;0;0;0;0;0;0
14294;Garcelles-Secqueville;28;14;0;0;0;0;0;0;0;0;0;0;0;0;0;0;0;0;0;0;0;0;0;0;0;0;2;2;2;2;2;1;1;0;0;0;0;0;1
14296;Le Gast;28;14;0;0;0;0;0;0;0;0;0;0;0;0;0;0;0;0;0;0;0;0;0;0;0;0;0;0;1;0;0;0;0;0;0;0;0;0;0
14297;Gavrus;28;14;0;0;0;0;0;0;0;0;0;0;0;0;0;0;0;0;0;0;0;0;0;0;0;0;0;0;2;0;0;0;0;0;0;0;0;0;0
14298;Géfosse-Fontenay;28;14;0;0;0;0;0;0;0;0;0;0;0;0;0;0;0;0;0;0;0;0;0;0;0;0;0;0;0;1;0;0;0;1;0;1;0;0;0
14299;Genneville;28;14;0;0;0;0;0;0;0;0;0;0;0;0;0;0;0;0;0;0;0;0;1;0;0;0;3;1;3;4;3;0;3;0;0;1;1;0;0
14300;Gerrots;28;14;0;0;0;0;0;0;0;0;0;0;0;0;0;0;0;0;0;0;0;0;1;0;0;0;0;0;0;1;0;0;0;0;0;0;0;0;0
14301;Giberville;28;14;0;0;0;0;0;0;0;0;0;0;0;0;0;0;0;1;0;1;0;0;6;1;0;3;4;4;5;16;5;0;3;2;1;5;2;0;6
14302;Glanville;28;14;0;0;0;0;0;0;0;0;0;0;0;0;0;0;0;0;0;0;0;0;0;0;0;0;0;0;0;0;0;0;0;0;0;0;0;0;1
14303;Glos;28;14;0;0;0;0;0;0;0;0;0;0;0;0;0;0;0;0;0;0;0;0;4;1;1;0;2;3;0;3;1;0;0;0;0;0;0;0;1
14304;Gonneville-sur-Honfleur;28;14;0;0;0;0;0;0;0;0;0;0;0;0;0;0;0;0;0;0;0;1;0;0;0;0;0;0;3;1;3;0;0;0;0;2;0;0;1
14305;Gonneville-sur-Mer;28;14;0;0;0;0;0;0;0;0;0;0;0;0;0;0;0;0;0;0;0;0;0;0;0;0;0;1;2;2;4;0;0;0;0;2;0;0;0
14306;Gonneville-en-Auge;28;14;0;0;0;0;0;0;0;0;0;0;0;0;1;0;0;0;0;0;0;0;0;0;0;0;0;1;0;1;1;0;0;0;0;0;0;0;0
14307;Goupillières;28;14;0;0;0;0;0;0;0;0;0;0;0;0;0;0;0;0;0;0;0;0;0;0;0;0;1;0;0;0;1;0;0;0;0;1;0;0;0
14308;Goustranville;28;14;0;0;0;0;0;0;0;0;0;0;0;0;0;0;0;0;0;0;0;0;0;0;0;0;0;0;2;0;0;0;0;0;0;1;0;0;0
14309;Gouvix;28;14;0;0;0;0;0;0;0;0;0;0;0;0;0;0;0;0;0;0;0;0;0;0;0;0;2;0;0;2;0;0;1;0;0;0;0;0;0
14310;Grainville-Langannerie;28;14;0;0;0;0;0;0;0;0;0;0;0;0;0;0;0;0;0;0;0;1;0;0;0;0;1;2;2;3;3;0;1;0;0;0;0;0;0
14311;Grainville-sur-Odon;28;14;0;0;0;0;0;0;0;0;0;0;0;0;0;0;0;0;0;0;0;0;1;0;1;0;0;1;1;3;0;1;1;0;0;0;0;0;0
14312;Grandcamp-Maisy;28;14;0;0;0;0;0;0;0;0;0;0;0;0;1;0;0;3;0;1;0;0;3;0;0;1;2;3;1;3;0;0;2;1;0;14;3;1;0
14313;Grandchamp-le-Château;28;14;0;0;0;0;0;0;0;0;0;0;0;0;0;0;0;0;0;0;0;0;0;0;0;0;0;0;1;0;0;0;0;0;0;0;0;0;0
14316;Grangues;28;14;0;0;0;0;0;0;0;0;0;0;0;0;0;0;0;0;0;0;0;0;0;0;0;0;0;2;1;0;2;1;0;0;0;0;0;0;0
14318;Graye-sur-Mer;28;14;0;0;0;0;0;0;0;0;0;0;0;0;0;0;0;0;0;0;0;0;1;0;0;0;2;2;1;1;2;0;0;0;0;0;0;0;0
14319;Grentheville;28;14;0;0;0;0;0;0;0;0;0;0;0;0;0;0;0;0;0;0;0;0;4;0;0;0;1;0;2;1;1;0;0;0;0;0;0;0;2
14320;Grimbosq;28;14;0;0;0;0;0;0;0;0;0;0;0;0;0;0;0;0;0;0;0;0;0;0;0;0;0;0;1;0;1;0;0;0;0;0;0;0;0
14322;Guéron;28;14;0;0;0;0;0;0;0;0;0;0;0;0;0;0;0;1;0;0;0;0;0;0;0;0;0;0;0;0;0;0;1;0;0;0;0;0;0
14325;Hermanville-sur-Mer;28;14;0;0;0;0;0;0;0;0;0;0;0;0;1;0;0;0;0;1;0;0;2;0;0;0;2;6;3;3;5;3;3;0;0;3;1;0;2
14326;Hermival-les-Vaux;28;14;0;0;0;0;0;0;0;0;0;0;0;0;0;0;0;0;0;0;0;0;1;0;0;0;2;3;5;1;3;0;0;2;0;1;1;0;1
14327;Hérouville-Saint-Clair;28;14;0;0;0;0;0;0;0;1;0;1;0;1;4;1;0;8;2;1;1;1;29;4;2;6;30;25;11;12;11;4;18;4;4;38;14;3;6
14328;Hérouvillette;28;14;0;0;0;0;0;0;0;0;0;0;0;0;0;0;0;0;0;1;0;0;0;0;1;0;0;2;2;0;2;1;2;0;0;2;0;0;1
14329;Heuland;28;14;0;0;0;0;0;0;0;0;0;0;0;0;0;0;0;0;0;0;0;0;0;0;0;0;0;0;1;0;0;0;0;0;0;0;0;0;0
14331;Hiéville;28;14;0;0;0;0;0;0;0;0;0;0;0;0;0;0;0;0;0;0;0;0;1;0;0;0;1;0;0;2;0;0;0;0;0;0;0;0;1
14332;La Hoguette;28;14;0;0;0;0;0;0;0;0;0;0;0;0;0;0;0;0;0;0;0;0;2;0;0;0;0;1;0;2;0;1;2;0;0;1;2;0;0
14333;Honfleur;28;14;1;1;0;0;0;0;0;0;0;1;0;1;2;0;0;8;1;1;0;0;11;2;1;3;8;12;19;8;8;4;12;2;4;113;18;5;10
14334;L'Hôtellerie;28;14;0;0;0;0;0;0;0;0;0;0;0;0;0;0;0;0;0;0;0;0;0;0;0;0;0;0;1;0;0;0;0;0;0;1;1;0;0
14335;Hotot-en-Auge;28;14;0;0;0;0;0;0;0;0;0;0;0;0;0;0;0;0;0;0;0;0;0;0;0;0;0;1;2;0;0;0;0;0;0;0;0;0;0
14336;Hottot-les-Bagues;28;14;0;0;0;0;0;0;0;0;0;0;0;0;0;0;0;0;0;0;0;0;1;0;0;0;0;1;1;0;1;0;0;0;0;1;0;0;0
14337;La Houblonnière;28;14;0;0;0;0;0;0;0;0;0;0;0;0;0;0;0;0;0;0;0;0;1;0;0;0;2;0;1;0;0;0;0;1;0;1;0;0;0
14338;Houlgate;28;14;0;0;0;0;0;0;0;0;0;0;0;0;0;0;0;2;0;1;0;0;3;0;0;0;4;7;4;6;4;0;5;0;0;25;14;1;2
14339;Hubert-Folie;28;14;0;0;0;0;0;0;0;0;0;0;0;0;0;0;0;0;0;0;0;0;0;0;0;0;0;3;2;0;1;0;0;0;0;0;0;0;0
14341;Ifs;28;14;0;0;0;0;0;0;0;0;0;0;0;1;0;0;0;6;1;1;0;0;18;2;1;3;20;13;14;15;16;8;12;2;0;21;1;1;10
14342;Isigny-sur-Mer;28;14;0;1;0;0;0;0;0;0;0;1;0;0;2;0;0;6;2;1;0;0;3;1;0;2;2;3;2;7;1;0;6;3;0;11;3;0;1
14343;Les Isles-Bardel;28;14;0;0;0;0;0;0;0;0;0;0;0;0;0;0;0;0;0;0;0;0;0;0;0;0;0;0;0;0;0;0;0;0;0;0;0;0;0
14344;Janville;28;14;0;0;0;0;0;0;0;0;0;0;0;0;0;0;0;0;0;0;0;0;0;0;0;0;2;3;0;2;0;0;0;0;0;0;0;0;0
14345;Jort;28;14;0;0;0;0;0;0;0;0;0;0;0;0;0;0;0;0;0;0;1;0;1;0;0;0;0;1;1;1;0;0;0;0;0;0;0;0;0
14346;Juaye-Mondaye;28;14;0;0;0;0;0;0;0;0;0;0;0;0;0;0;0;0;0;0;0;0;0;0;0;0;2;0;2;1;2;1;1;0;0;1;0;0;2
14347;Jurques;28;14;0;0;0;0;0;0;0;0;0;0;0;0;0;0;0;0;0;0;0;1;1;0;0;0;1;1;4;1;1;0;0;0;0;0;0;0;0
14348;Juvigny-sur-Seulles;28;14;0;0;0;0;0;0;0;0;0;0;0;0;0;0;0;0;0;0;0;0;0;0;0;0;0;0;0;0;0;0;0;0;0;0;0;0;0
14349;Laize-la-Ville;28;14;0;0;0;0;0;0;0;0;0;0;0;0;0;0;0;0;0;0;0;0;1;0;0;0;0;2;3;3;0;0;0;0;0;2;0;0;0
14350;La Lande-sur-Drôme;28;14;0;0;0;0;0;0;0;0;0;0;0;0;0;0;0;0;0;0;0;0;0;0;0;0;0;0;0;1;0;0;0;0;0;0;0;0;0
14352;Landelles-et-Coupigny;28;14;0;0;0;0;0;0;0;0;0;0;0;0;0;0;0;0;0;1;0;0;4;0;0;0;3;1;4;0;1;0;1;1;0;1;0;0;0
14353;Landes-sur-Ajon;28;14;0;0;0;0;0;0;0;0;0;0;0;0;0;0;0;0;0;0;0;0;0;0;0;0;0;1;1;2;0;0;0;0;0;0;0;0;0
14354;Langrune-sur-Mer;28;14;0;0;0;0;0;0;0;0;0;0;0;0;0;0;0;0;0;1;0;0;2;0;0;0;2;3;3;1;5;0;2;0;0;6;2;0;1
14355;Lantheuil;28;14;0;0;0;0;0;0;0;0;0;0;0;0;0;0;0;0;0;0;0;0;0;0;0;0;1;1;2;1;2;0;0;0;0;0;0;0;1
14357;Lassy;28;14;0;0;0;0;0;0;0;0;0;0;0;0;0;0;0;0;0;0;1;0;0;0;0;0;1;0;0;1;0;0;0;0;0;0;0;0;0
14358;Léaupartie;28;14;0;0;0;0;0;0;0;0;0;0;0;0;0;0;0;0;0;0;0;0;0;0;0;0;1;0;0;0;0;0;0;0;0;0;0;0;0
14359;Lécaude;28;14;0;0;0;0;0;0;0;0;0;0;0;0;0;0;0;0;0;0;0;0;0;0;0;0;1;1;0;0;0;0;0;0;0;0;0;0;0
14360;Leffard;28;14;0;0;0;0;0;0;0;0;0;0;0;0;0;0;0;0;0;0;0;0;0;0;0;0;0;0;0;0;0;0;0;0;0;0;0;0;0
14362;Lessard-et-le-Chêne;28;14;0;0;0;0;0;0;0;0;0;0;0;0;0;0;0;0;0;0;0;0;0;0;0;0;1;1;1;0;1;0;0;0;0;0;0;0;0
14364;Lingèvres;28;14;0;0;0;0;0;0;0;0;0;0;0;0;0;0;0;0;0;0;0;0;1;0;0;0;1;0;2;2;0;0;1;1;0;1;0;0;1
14365;Lion-sur-Mer;28;14;0;0;0;0;0;0;0;0;0;0;0;0;0;0;0;0;0;1;0;0;3;0;0;1;1;5;4;2;1;1;4;1;0;11;2;0;0
14366;Lisieux;28;14;1;1;0;1;1;1;1;0;0;5;0;1;2;0;0;12;7;3;0;0;36;5;3;12;21;34;35;20;16;12;47;10;11;94;19;9;25
14367;Lison;28;14;0;0;0;0;0;0;0;0;0;0;0;0;0;0;0;0;0;0;0;0;0;0;0;0;1;1;0;0;0;0;0;0;0;0;0;0;0
14368;Lisores;28;14;0;0;0;0;0;0;0;0;0;0;0;0;0;0;0;0;0;0;0;0;0;0;0;0;1;3;1;0;0;0;1;0;0;0;0;0;0
14369;Litteau;28;14;0;0;0;0;0;0;0;0;0;0;0;0;0;0;0;0;0;0;0;0;0;0;0;0;0;0;1;1;1;0;0;0;0;0;0;0;0
14370;Le Molay-Littry;28;14;0;0;0;0;0;0;0;0;0;1;0;0;1;0;0;3;0;1;0;0;4;1;0;2;4;3;0;4;2;2;4;0;0;5;3;2;1
14371;Livarot-Pays-d'Auge;28;14;0;1;0;0;0;0;0;0;0;1;0;0;1;0;0;3;0;1;0;1;12;2;1;3;18;9;8;16;11;5;8;7;1;11;6;2;2
14372;Livry;28;14;0;0;0;0;0;0;0;0;0;0;0;0;0;0;0;0;0;0;0;0;0;0;0;0;1;0;0;1;1;0;1;0;0;0;0;0;0
14373;Le Locheur;28;14;0;0;0;0;0;0;0;0;0;0;0;0;0;0;0;0;0;0;0;0;0;0;0;0;0;1;1;0;0;0;1;0;0;1;0;0;0
14374;Les Loges;28;14;0;0;0;0;0;0;0;0;0;0;0;0;0;0;0;0;0;0;0;0;0;0;0;0;1;0;1;1;0;0;0;0;0;0;0;0;0
14375;Les Loges-Saulces;28;14;0;0;0;0;0;0;0;0;0;0;0;0;0;0;0;0;1;0;0;0;0;0;0;0;0;0;0;1;0;0;0;0;0;0;0;0;0
14376;Longraye;28;14;0;0;0;0;0;0;0;0;0;0;0;0;0;0;0;0;0;0;0;0;0;0;0;0;0;0;1;0;0;0;0;0;0;0;0;0;0
14377;Longues-sur-Mer;28;14;0;0;0;0;0;0;0;0;0;0;0;0;0;0;0;0;0;0;0;0;0;0;0;0;0;2;1;0;1;0;1;0;0;2;1;0;1
14378;Longueville;28;14;0;0;0;0;0;0;0;0;0;0;0;0;0;0;0;0;0;0;0;0;0;0;0;0;0;0;0;0;0;0;0;0;0;0;0;0;0
14379;Longvillers;28;14;0;0;0;0;0;0;0;0;0;0;0;0;0;0;0;0;0;0;0;0;0;0;0;0;0;0;3;0;0;0;0;0;0;0;0;0;0
14380;Loucelles;28;14;0;0;0;0;0;0;0;0;0;0;0;0;0;0;0;0;0;0;0;0;0;0;0;0;0;1;0;2;0;0;0;0;0;0;0;0;0
14381;Louvagny;28;14;0;0;0;0;0;0;0;0;0;0;0;0;0;0;0;0;0;0;0;0;0;0;0;0;0;1;0;0;1;0;0;0;0;0;0;0;0
14382;Louvières;28;14;0;0;0;0;0;0;0;0;0;0;0;0;0;0;0;0;0;0;0;0;0;0;0;0;0;0;0;0;0;0;0;0;0;1;0;0;0
14383;Louvigny;28;14;0;0;0;0;0;0;0;0;0;0;0;0;0;0;0;2;0;1;0;0;3;1;0;0;1;1;3;1;1;1;3;0;0;3;3;0;3
14384;Luc-sur-Mer;28;14;0;0;0;0;0;0;0;0;0;0;0;0;0;0;0;3;0;1;0;0;3;0;0;0;8;11;5;5;4;0;6;1;0;11;5;1;3
14385;Magny-en-Bessin;28;14;0;0;0;0;0;0;0;0;0;0;0;0;0;0;0;0;0;0;0;0;0;0;0;0;0;0;0;0;0;0;0;0;0;0;0;1;0
14386;Magny-la-Campagne;28;14;0;0;0;0;0;0;0;0;0;0;0;0;0;0;0;0;0;0;0;1;1;0;0;0;0;1;0;0;0;0;1;0;0;0;0;0;0
14387;Magny-le-Freule;28;14;0;0;0;0;0;0;0;0;0;0;0;0;0;0;0;0;0;0;0;0;0;0;0;0;0;0;2;0;0;0;0;0;0;0;0;0;0
14389;Maisoncelles-Pelvey;28;14;0;0;0;0;0;0;0;0;0;0;0;0;0;0;0;0;0;0;0;0;0;0;0;0;0;0;0;1;0;0;0;0;0;1;0;0;0
14390;Maisoncelles-sur-Ajon;28;14;0;0;0;0;0;0;0;0;0;0;0;0;0;0;0;0;0;0;0;0;0;0;0;0;0;0;1;0;0;0;0;0;0;1;0;0;0
14391;Maisons;28;14;0;0;0;0;0;0;0;0;0;0;0;0;0;0;0;0;0;0;0;0;0;0;0;0;2;0;0;2;0;0;0;0;0;1;1;0;0
14393;Maizet;28;14;0;0;0;0;0;0;0;0;0;0;0;0;0;0;0;0;0;0;0;0;0;0;0;0;1;1;1;1;1;0;0;0;0;0;1;0;0
14394;Maizières;28;14;0;0;0;0;0;0;0;0;0;0;0;0;0;0;0;0;0;0;0;0;1;0;0;0;2;1;0;0;0;0;0;0;0;0;0;0;0
14396;Maltot;28;14;0;0;0;0;0;0;0;0;0;0;0;0;0;0;0;0;0;0;0;1;0;0;0;0;2;2;1;0;1;0;3;0;0;2;0;0;0
14397;Mandeville-en-Bessin;28;14;0;0;0;0;0;0;0;0;0;0;0;0;0;0;0;0;0;0;0;0;0;0;0;0;1;1;0;2;2;0;0;0;0;0;0;0;1
14398;Manerbe;28;14;0;0;0;0;0;0;0;0;0;0;0;0;0;0;0;0;0;0;0;1;0;0;0;0;3;1;4;1;2;0;1;0;0;1;0;0;0
14399;Manneville-la-Pipard;28;14;0;0;0;0;0;0;0;0;0;0;0;0;0;0;0;0;0;0;0;0;1;0;0;0;1;0;4;1;0;0;0;0;0;1;0;0;0
14400;Le Manoir;28;14;0;0;0;0;0;0;0;0;0;0;0;0;0;0;0;0;0;0;0;0;0;0;0;0;0;1;1;1;0;0;0;0;0;0;0;0;0
14401;Manvieux;28;14;0;0;0;0;0;0;0;0;0;0;0;0;0;0;0;0;0;0;0;0;0;0;0;0;0;0;0;0;2;0;0;0;0;0;0;0;0
14402;Le Marais-la-Chapelle;28;14;0;0;0;0;0;0;0;0;0;0;0;0;0;0;0;0;0;0;0;0;0;0;0;0;0;0;0;2;0;0;0;0;0;0;0;0;0
14403;Marolles;28;14;0;0;0;0;0;0;0;0;0;0;0;0;0;0;0;0;0;0;0;0;1;0;0;0;1;2;4;2;1;1;0;0;0;1;1;0;0
14404;Martainville;28;14;0;0;0;0;0;0;0;0;0;0;0;0;0;0;0;0;0;0;0;0;0;0;0;0;2;0;1;0;1;0;0;0;0;0;0;0;0
14405;Martigny-sur-l'Ante;28;14;0;0;0;0;0;0;0;0;0;0;0;0;0;0;0;0;0;0;0;0;0;0;0;0;0;0;0;0;0;0;1;0;0;0;0;0;0
14406;Martragny;28;14;0;0;0;0;0;0;0;0;0;0;0;0;0;0;0;0;0;0;0;0;0;0;0;0;1;0;2;1;1;0;2;0;0;2;1;0;0
14407;Mathieu;28;14;0;0;0;0;0;0;0;0;0;0;0;0;0;0;0;0;0;1;0;0;0;0;0;0;0;6;1;4;0;1;1;0;0;0;2;1;2
14408;May-sur-Orne;28;14;0;0;0;0;0;0;0;0;0;0;0;0;1;0;0;0;0;1;0;0;1;0;0;0;3;3;5;3;1;1;4;0;0;2;0;0;1
14409;Merville-Franceville-Plage;28;14;0;0;0;0;0;0;0;0;0;0;0;0;1;0;0;0;0;1;0;0;2;0;0;1;1;3;2;4;5;2;3;3;0;17;7;0;2
14410;Méry-Corbon;28;14;0;0;0;0;0;0;0;0;0;0;0;0;0;0;0;0;0;0;0;1;3;0;0;0;3;1;4;1;1;0;1;1;0;2;0;0;1
14411;Meslay;28;14;0;0;0;0;0;0;0;0;0;0;0;0;0;0;0;0;0;0;0;0;0;0;0;0;1;0;2;2;0;0;0;0;0;1;0;0;0
14412;Le Mesnil-au-Grain;28;14;0;0;0;0;0;0;0;0;0;0;0;0;0;0;0;0;0;0;0;0;0;0;0;0;0;0;0;0;1;0;0;0;0;0;0;0;0
14413;Le Mesnil-Auzouf;28;14;0;0;0;0;0;0;0;0;0;0;0;0;0;0;0;0;0;0;0;0;1;0;0;0;0;1;3;0;1;0;0;0;0;1;0;0;0
14415;Le Mesnil-Benoist;28;14;0;0;0;0;0;0;0;0;0;0;0;0;0;0;0;0;0;0;0;0;0;0;0;0;0;0;1;0;0;0;0;0;0;0;0;0;0
14416;Le Mesnil-Caussois;28;14;0;0;0;0;0;0;0;0;0;0;0;0;0;0;0;0;0;0;0;0;0;0;0;0;0;0;0;0;0;0;0;0;0;0;0;0;0
14417;Mesnil-Clinchamps;28;14;0;0;0;0;0;0;0;0;0;0;0;0;0;0;0;0;0;0;0;0;0;0;0;0;1;0;4;0;1;0;1;0;0;1;0;0;1
14419;Le Mesnil-Eudes;28;14;0;0;0;0;0;0;0;0;0;0;0;0;0;0;0;0;0;0;0;0;0;0;0;0;0;1;2;2;0;0;1;0;0;0;0;0;0
14421;Le Mesnil-Guillaume;28;14;0;0;0;0;0;0;0;0;0;0;0;0;0;0;0;0;0;0;0;0;1;0;0;0;1;0;0;0;1;0;0;0;0;1;0;0;0
14422;Le Mesnil-Mauger;28;14;0;0;0;0;0;0;0;0;0;0;0;0;0;0;0;0;0;0;1;0;2;0;0;0;4;2;2;0;0;1;2;0;0;1;1;0;2
14423;Le Mesnil-Patry;28;14;0;0;0;0;0;0;0;0;0;0;0;0;0;0;0;0;0;0;0;0;0;0;0;0;1;1;2;1;0;0;0;0;0;1;0;0;0
14424;Le Mesnil-Robert;28;14;0;0;0;0;0;0;0;0;0;0;0;0;0;0;0;0;0;0;0;0;0;0;0;0;0;0;0;1;1;0;0;0;0;0;0;0;0
14425;Le Mesnil-Simon;28;14;0;0;0;0;0;0;0;0;0;0;0;0;0;0;0;0;0;0;0;0;1;0;0;0;0;1;0;0;0;0;1;0;0;1;0;0;0
14426;Le Mesnil-sur-Blangy;28;14;0;0;0;0;0;0;0;0;0;0;0;0;0;0;0;0;0;0;0;0;0;0;0;0;1;0;0;0;1;1;1;0;0;0;0;0;0
14427;Le Mesnil-Villement;28;14;0;0;0;0;0;0;0;0;0;0;0;0;0;0;0;0;0;0;0;0;1;0;0;0;0;0;1;0;1;0;0;0;0;1;0;0;0
14430;Meuvaines;28;14;0;0;0;0;0;0;0;0;0;0;0;0;0;0;0;0;0;0;0;0;0;0;0;0;0;0;0;0;2;0;0;0;0;0;0;0;0
14431;Mézidon-Canon;28;14;0;1;0;0;0;0;0;0;0;1;0;0;2;0;0;4;1;1;0;0;6;1;0;4;3;6;2;3;2;0;6;2;0;6;0;1;3
14433;Mittois;28;14;0;0;0;0;0;0;0;0;0;0;0;0;0;0;0;0;0;0;0;0;1;0;0;0;0;0;0;0;0;1;0;0;0;0;0;0;0
14435;Les Monceaux;28;14;0;0;0;0;0;0;0;0;0;0;0;0;0;0;0;0;0;0;0;0;0;0;0;0;0;0;0;0;1;0;0;1;0;0;0;0;0
14436;Monceaux-en-Bessin;28;14;0;0;0;0;0;0;0;0;0;0;0;0;0;0;0;0;0;0;0;0;1;0;0;0;1;2;1;1;0;0;0;0;0;0;0;0;0
14437;Mondeville;28;14;0;0;0;0;0;0;0;0;0;1;0;1;2;0;0;8;4;1;0;0;21;1;2;5;10;13;22;19;13;10;15;1;1;41;5;2;5
14438;Mondrainville;28;14;0;0;0;0;0;0;0;0;0;0;0;0;0;0;0;0;0;0;0;0;0;0;0;0;0;0;0;0;0;0;0;0;0;0;0;0;1
14439;Monfréville;28;14;0;0;0;0;0;0;0;0;0;0;0;0;0;0;0;0;0;0;0;0;0;0;0;0;1;0;0;1;0;0;0;0;0;0;0;0;0
14444;Monteille;28;14;0;0;0;0;0;0;0;0;0;0;0;0;0;0;0;0;0;0;0;0;0;0;0;0;1;0;0;0;0;0;0;0;0;0;0;0;0
14445;Montfiquet;28;14;0;0;0;0;0;0;0;0;0;0;0;0;0;0;0;0;0;0;0;0;0;0;0;0;0;0;0;0;0;0;0;0;0;1;0;0;0
14446;Montigny;28;14;0;0;0;0;0;0;0;0;0;0;0;0;0;0;0;0;0;0;0;0;0;0;0;0;1;0;0;0;0;0;0;0;0;2;0;0;0
14448;Montreuil-en-Auge;28;14;0;0;0;0;0;0;0;0;0;0;0;0;0;0;0;0;0;0;0;0;0;0;0;0;0;0;0;0;0;0;0;0;0;0;0;0;0
14449;Monts-en-Bessin;28;14;0;0;0;0;0;0;0;0;0;0;0;0;0;0;0;0;0;0;0;0;0;0;0;0;1;0;1;0;0;0;2;0;0;0;0;0;1
14450;Montviette;28;14;0;0;0;0;0;0;0;0;0;0;0;0;0;0;0;0;0;0;0;0;0;0;0;0;0;1;0;0;1;0;0;0;0;0;0;0;0
14452;Morteaux-Couliboeuf;28;14;0;0;0;0;0;0;0;0;0;0;0;0;1;0;0;0;0;0;0;1;1;0;0;0;2;2;1;3;1;0;2;0;0;0;0;0;1
14453;Mosles;28;14;0;0;0;0;0;0;0;0;0;0;0;0;0;0;0;0;0;0;0;0;0;0;0;0;4;1;0;0;1;0;0;0;0;1;0;0;0
14454;Mouen;28;14;0;0;0;0;0;0;0;0;0;0;0;0;1;0;0;0;0;0;0;0;7;0;0;0;5;7;6;6;1;1;2;0;0;0;0;0;0
14455;Moulines;28;14;0;0;0;0;0;0;0;0;0;0;0;0;0;0;0;0;0;0;0;0;0;0;0;0;0;0;2;0;0;0;0;0;0;0;0;0;0
14456;Moult;28;14;0;1;0;0;0;0;0;0;0;0;0;0;0;0;0;0;0;0;0;0;7;1;0;0;3;5;0;3;3;1;3;0;0;6;1;0;3
14457;Les Moutiers-en-Auge;28;14;0;0;0;0;0;0;0;0;0;0;0;0;0;0;0;0;0;0;0;0;0;0;0;0;0;0;0;1;0;0;0;0;0;0;0;0;0
14458;Les Moutiers-en-Cinglais;28;14;0;0;0;0;0;0;0;0;0;0;0;0;0;0;0;0;0;0;0;0;0;0;0;0;0;0;1;2;1;0;0;0;0;0;0;0;0
14460;Moyaux;28;14;0;0;0;0;0;0;0;0;0;0;0;0;1;0;0;0;0;1;0;0;5;0;0;0;3;1;4;1;2;0;2;0;0;1;1;0;2
14461;Mutrécy;28;14;0;0;0;0;0;0;0;0;0;0;0;0;0;0;0;0;0;0;0;0;0;0;0;0;0;0;1;0;0;0;0;0;0;1;0;0;1
14462;Neuilly-la-Forêt;28;14;0;0;0;0;0;0;0;0;0;0;0;0;0;0;0;0;0;0;0;1;0;0;0;0;0;1;0;1;0;0;0;0;0;0;0;0;0
14465;Nonant;28;14;0;0;0;0;0;0;0;0;0;0;0;0;0;0;0;0;0;0;0;0;1;0;0;0;0;0;2;1;0;2;0;0;1;1;0;0;0
14466;Norolles;28;14;0;0;0;0;0;0;0;0;0;0;0;0;0;0;0;0;0;0;0;0;0;0;0;0;0;1;1;0;1;0;0;0;0;0;0;0;0
14467;Noron-l'Abbaye;28;14;0;0;0;0;0;0;0;0;0;0;0;0;0;0;0;0;0;0;0;0;0;0;0;0;0;2;0;0;0;1;0;0;0;1;0;0;0
14468;Noron-la-Poterie;28;14;0;0;0;0;0;0;0;0;0;0;0;0;0;0;0;0;1;0;0;0;1;0;0;0;0;1;2;2;0;1;0;0;0;0;0;0;0
14469;Norrey-en-Auge;28;14;0;0;0;0;0;0;0;0;0;0;0;0;0;0;0;0;0;0;0;0;2;0;0;0;0;0;0;0;0;0;0;0;0;1;0;0;0
14472;L'Oudon;28;14;0;0;0;0;0;0;0;0;0;0;0;0;0;0;0;0;0;0;0;0;0;0;0;1;4;2;4;4;2;0;0;1;0;1;1;0;0
14473;Notre-Dame-de-Livaye;28;14;0;0;0;0;0;0;0;0;0;0;0;0;0;0;0;0;0;0;0;0;0;0;0;0;0;1;2;0;0;0;0;1;0;0;0;0;0
14474;Notre-Dame-d'Estrées-Corbon;28;14;0;0;0;0;0;0;0;0;0;0;0;0;0;0;0;0;0;0;0;0;0;0;0;0;0;2;1;0;0;0;0;0;0;1;0;0;0
14475;Noyers-Missy;28;14;0;0;0;0;0;0;0;0;0;0;0;0;0;0;0;0;1;0;0;1;1;0;0;0;1;2;2;3;2;0;1;0;0;1;0;0;1
14476;Olendon;28;14;0;0;0;0;0;0;0;0;0;0;0;0;0;0;0;0;0;0;0;0;0;0;0;0;1;0;0;0;0;0;0;0;0;0;0;0;0
14477;Ondefontaine;28;14;0;0;0;0;0;0;0;0;0;0;0;0;0;0;0;0;0;0;0;0;0;0;0;0;0;0;0;0;0;0;0;0;1;0;0;0;0
14478;Orbec;28;14;0;1;0;0;0;0;0;0;0;0;0;0;2;0;0;4;1;1;0;0;5;1;0;2;1;5;5;5;0;1;4;2;0;10;3;1;1
14480;Osmanville;28;14;0;0;0;0;0;0;0;0;0;0;0;0;0;0;0;0;0;0;0;0;0;0;0;0;0;0;0;0;0;0;0;1;0;0;0;0;0
14481;Les Oubeaux;28;14;0;0;0;0;0;0;0;0;0;0;0;0;0;0;0;0;0;0;0;0;0;0;0;0;2;1;0;0;0;0;0;1;0;0;0;0;0
14482;Ouézy;28;14;0;0;0;0;0;0;0;0;0;0;0;0;0;0;0;0;0;0;0;0;1;0;0;0;1;1;0;1;0;0;0;0;0;0;0;0;0
14483;Ouffières;28;14;0;0;0;0;0;0;0;0;0;0;0;0;0;0;0;0;0;0;0;0;0;0;0;0;0;1;0;0;0;0;0;0;0;0;0;0;0
14484;Ouilly-du-Houley;28;14;0;0;0;0;0;0;0;0;0;0;0;0;0;0;0;0;0;0;0;0;0;0;0;0;0;0;0;0;0;0;0;0;0;1;0;0;0
14486;Ouilly-le-Tesson;28;14;0;0;0;0;0;0;0;0;0;0;0;0;0;0;0;0;0;0;0;0;1;0;0;0;0;1;0;1;0;0;0;0;0;0;0;0;0
14487;Ouilly-le-Vicomte;28;14;0;0;0;0;0;0;0;0;0;0;0;0;0;0;0;0;0;0;0;0;2;0;0;0;0;2;1;1;2;0;1;0;0;2;0;0;1
14488;Ouistreham;28;14;0;1;0;0;0;0;0;0;0;1;0;0;2;0;0;11;2;2;0;0;8;1;0;3;1;11;8;23;8;1;20;5;0;44;13;3;6
14489;Ouville-la-Bien-Tournée;28;14;0;0;0;0;0;0;0;0;0;0;0;0;0;0;0;0;0;0;0;0;0;0;0;0;0;0;0;0;0;0;0;0;0;0;0;0;0
14491;Parfouru-sur-Odon;28;14;0;0;0;0;0;0;0;0;0;0;0;0;0;0;0;0;0;0;0;0;0;0;0;0;0;0;3;0;0;0;1;0;0;0;0;0;0
14492;Pennedepie;28;14;0;0;0;0;0;0;0;0;0;0;0;0;0;0;0;0;0;0;0;0;0;0;0;0;0;1;2;2;0;0;0;0;0;0;0;0;0
14493;Percy-en-Auge;28;14;0;0;0;0;0;0;0;0;0;0;0;0;0;0;0;0;0;0;0;0;0;0;0;0;0;0;1;0;0;0;0;0;0;0;1;0;0
14494;Périers-en-Auge;28;14;0;0;0;0;0;0;0;0;0;0;0;0;0;0;0;0;0;0;0;0;0;0;0;0;0;1;0;1;1;1;0;0;0;0;0;0;0
14495;Périers-sur-le-Dan;28;14;0;0;0;0;0;0;0;0;0;0;0;0;0;0;0;0;0;0;0;0;0;0;0;0;0;1;0;1;0;0;0;0;0;1;0;0;0
14496;Périgny;28;14;0;0;0;0;0;0;0;0;0;0;0;0;0;0;0;0;0;0;0;0;0;0;0;0;0;0;0;0;0;0;0;0;0;0;0;0;0
14497;Perrières;28;14;0;0;0;0;0;0;0;0;0;0;0;0;0;0;0;0;0;0;0;0;0;0;0;0;0;1;0;1;1;1;0;0;0;0;0;0;0
14498;Pertheville-Ners;28;14;0;0;0;0;0;0;0;0;0;0;0;0;0;0;0;0;0;0;0;0;0;0;0;0;0;0;0;1;1;0;0;0;0;0;0;0;0
14499;Petiville;28;14;0;0;0;0;0;0;0;0;0;0;0;0;0;0;0;0;0;0;0;0;0;0;0;1;0;0;0;2;1;0;0;0;0;1;0;0;0
14500;Pierrefitte-en-Auge;28;14;0;0;0;0;0;0;0;0;0;0;0;0;0;0;0;0;0;0;0;0;0;0;0;1;0;0;0;1;2;0;0;0;0;1;0;0;0
14501;Pierrefitte-en-Cinglais;28;14;0;0;0;0;0;0;0;0;0;0;0;0;0;0;0;0;0;0;0;0;1;0;0;0;0;0;1;1;0;0;0;1;0;0;0;0;0
14502;Pierrepont;28;14;0;0;0;0;0;0;0;0;0;0;0;0;0;0;0;0;0;0;0;0;0;0;0;0;0;1;0;1;1;0;0;0;0;1;0;0;0
14504;Le Pin;28;14;0;0;0;0;0;0;0;0;0;0;0;0;0;0;0;0;0;0;0;0;0;0;0;0;3;5;2;1;2;1;1;0;0;1;1;0;0
14505;Placy;28;14;0;0;0;0;0;0;0;0;0;0;0;0;0;0;0;0;0;0;0;0;0;0;0;0;0;0;0;1;0;0;0;0;0;1;0;0;0
14506;Planquery;28;14;0;0;0;0;0;0;0;0;0;0;0;0;0;0;0;0;0;0;0;0;0;0;0;0;0;0;1;0;0;0;0;0;0;0;0;0;0
14508;Le Plessis-Grimoult;28;14;0;0;0;0;0;0;0;0;0;0;0;0;0;0;0;0;0;0;0;1;0;0;0;0;0;0;1;0;0;0;1;0;0;0;0;0;0
14509;Plumetot;28;14;0;0;0;0;0;0;0;0;0;0;0;0;0;0;0;0;0;0;0;0;0;0;0;0;0;0;0;0;1;0;0;0;0;1;0;0;1
14510;La Pommeraye;28;14;0;0;0;0;0;0;0;0;0;0;0;0;0;0;0;0;0;0;0;0;1;0;0;0;0;0;0;0;0;0;0;0;0;1;0;0;0
14511;Pont-Bellanger;28;14;0;0;0;0;0;0;0;0;0;0;0;0;0;0;0;0;0;0;0;0;0;0;0;0;0;0;0;0;0;0;0;0;0;0;0;0;0
14512;Pontécoulant;28;14;0;0;0;0;0;0;0;0;0;0;0;0;0;0;0;0;0;0;0;0;0;0;0;0;0;0;0;0;0;0;1;0;0;0;0;0;0
14513;Pont-Farcy;28;14;0;0;0;0;0;0;0;0;0;0;0;0;0;0;0;0;0;0;0;1;3;0;0;0;1;1;1;1;0;0;1;0;0;2;1;0;0
14514;Pont-l'Évêque;28;14;0;1;0;0;0;0;0;0;0;4;0;0;1;0;0;6;1;1;0;0;5;3;0;2;4;11;9;12;4;3;12;3;0;29;8;2;8
14515;Port-en-Bessin-Huppain;28;14;0;1;0;0;0;0;0;0;0;0;0;0;0;0;0;2;0;1;0;0;6;0;0;1;2;2;3;1;2;0;3;0;0;21;1;1;1
14516;Potigny;28;14;0;0;0;0;0;0;0;0;0;0;0;0;1;0;0;3;2;1;0;0;4;0;0;1;0;2;3;2;3;0;3;0;0;4;1;0;1
14517;Poussy-la-Campagne;28;14;0;0;0;0;0;0;0;0;0;0;0;0;0;0;0;0;0;0;0;0;0;0;0;0;0;0;0;0;0;0;0;0;0;0;0;0;0
14519;Préaux-Bocage;28;14;0;0;0;0;0;0;0;0;0;0;0;0;0;0;0;0;0;0;0;0;1;0;0;0;1;0;0;0;1;0;0;0;0;0;0;0;0
14520;Le Pré-d'Auge;28;14;0;0;0;0;0;0;0;0;0;0;0;0;0;0;0;0;0;0;0;0;2;0;0;0;1;1;4;2;0;0;1;0;0;0;0;0;0
14522;Prêtreville;28;14;0;0;0;0;0;0;0;0;0;0;0;0;0;0;0;0;0;0;0;0;1;0;0;0;1;1;0;1;1;0;0;0;0;0;0;0;0
14524;Putot-en-Auge;28;14;0;0;0;0;0;0;0;0;0;0;0;0;0;0;0;0;0;0;0;0;2;0;0;0;0;0;1;1;0;0;0;0;0;1;1;0;0
14525;Putot-en-Bessin;28;14;0;0;0;0;0;0;0;0;0;0;0;0;0;0;0;0;0;0;0;0;0;0;0;0;0;0;0;2;1;0;0;0;0;0;1;0;0
14527;Biéville-Quétiéville;28;14;0;0;0;0;0;0;0;0;0;0;0;0;0;0;0;0;0;0;0;0;1;0;0;0;2;0;1;0;0;0;0;0;0;0;0;0;0
14528;Quetteville;28;14;0;0;0;0;0;0;0;0;0;0;0;0;0;0;0;0;0;0;0;0;0;0;0;0;0;1;2;7;1;0;0;0;0;3;0;0;2
14529;Ranchy;28;14;0;0;0;0;0;0;0;0;0;0;0;0;0;0;0;0;0;0;0;0;0;0;0;0;0;0;2;1;0;0;0;0;0;0;0;0;0
14530;Ranville;28;14;0;0;0;0;0;0;0;0;0;0;0;0;0;0;0;0;0;1;0;0;4;0;0;1;2;3;4;9;5;0;3;0;0;3;2;0;1
14531;Rapilly;28;14;0;0;0;0;0;0;0;0;0;0;0;0;0;0;0;0;0;0;0;0;0;0;0;0;0;0;0;0;0;0;0;0;0;0;0;0;0
14533;Repentigny;28;14;0;0;0;0;0;0;0;0;0;0;0;0;0;0;0;0;0;0;0;0;0;0;0;0;1;0;0;0;0;0;0;0;0;0;0;0;0
14534;Reux;28;14;0;0;0;0;0;0;0;0;0;0;0;0;0;0;0;0;1;0;0;0;0;0;0;0;1;1;3;3;0;0;1;0;0;0;0;0;0
14535;Reviers;28;14;0;0;0;0;0;0;0;0;0;0;0;0;0;0;0;0;0;0;0;0;0;0;0;0;1;1;3;2;0;0;1;0;0;2;0;0;2
14536;La Rivière-Saint-Sauveur;28;14;0;0;0;0;0;0;0;0;0;0;0;0;0;0;0;0;0;1;0;0;1;0;0;1;1;4;5;7;3;2;4;0;0;10;3;0;4
14538;Rocquancourt;28;14;0;0;0;0;0;0;0;0;0;0;0;0;0;0;0;0;0;0;0;0;2;0;0;0;3;7;3;3;1;2;0;0;0;0;1;0;1
14540;Rocques;28;14;0;0;0;0;0;0;0;0;0;0;0;0;0;0;0;0;0;0;0;0;0;0;0;0;1;1;1;0;0;0;1;0;0;0;0;0;0
14541;La Roque-Baignard;28;14;0;0;0;0;0;0;0;0;0;0;0;0;0;0;0;0;0;0;0;0;0;0;0;0;0;0;1;0;0;0;0;0;0;0;0;0;0
14542;Rosel;28;14;0;0;0;0;0;0;0;0;0;0;0;0;0;0;0;0;0;0;0;0;1;0;0;0;0;1;1;1;0;0;2;0;0;0;0;0;0
14543;Rots;28;14;0;0;0;0;0;0;0;0;0;0;0;0;0;0;0;0;2;0;0;1;6;1;1;0;5;8;2;3;4;1;6;0;0;5;4;3;2
14544;Roucamps;28;14;0;0;0;0;0;0;0;0;0;0;0;0;0;0;0;0;0;0;0;0;0;0;0;0;1;0;0;1;0;0;0;0;0;2;0;0;0
14546;Rouvres;28;14;0;0;0;0;0;0;0;0;0;0;0;0;0;0;0;0;1;0;1;0;0;0;0;0;0;0;0;1;0;0;0;0;0;0;0;0;0
14547;Rubercy;28;14;0;0;0;0;0;0;0;0;0;0;0;0;0;0;0;0;0;0;0;0;0;0;0;0;0;0;1;1;0;0;0;0;0;0;0;0;0
14548;Rucqueville;28;14;0;0;0;0;0;0;0;0;0;0;0;0;0;0;0;0;0;0;0;0;0;0;0;0;0;0;1;0;0;0;0;0;0;0;0;0;0
14550;Rumesnil;28;14;0;0;0;0;0;0;0;0;0;0;0;0;0;0;0;0;0;0;0;0;1;0;0;0;0;0;0;0;0;0;0;0;0;0;0;0;0
14551;Russy;28;14;0;0;0;0;0;0;0;0;0;0;0;0;0;0;0;0;0;0;0;0;0;0;0;0;0;0;2;0;0;0;0;0;0;0;0;0;0
14552;Ryes;28;14;0;0;0;0;0;0;0;0;0;0;0;0;0;0;0;0;0;0;0;1;1;0;0;0;1;2;0;2;0;1;0;0;0;2;0;0;0
14554;Saint-Aignan-de-Cramesnil;28;14;0;0;0;0;0;0;0;0;0;0;0;0;0;0;0;0;0;0;0;0;4;0;0;0;2;0;2;4;4;0;0;0;0;1;0;0;1
14555;Saint-André-d'Hébertot;28;14;0;0;0;0;0;0;0;0;0;0;0;0;0;0;0;0;0;0;0;0;1;0;0;0;1;3;2;3;2;0;0;0;0;0;0;0;0
14556;Saint-André-sur-Orne;28;14;0;0;0;0;0;0;0;0;0;0;0;0;0;0;0;1;1;1;0;0;5;1;0;1;8;1;6;3;6;2;2;1;0;1;1;0;2
14557;Saint-Arnoult;28;14;0;0;0;0;0;0;0;0;0;0;0;0;0;0;0;1;0;0;1;0;6;0;1;0;2;6;2;5;2;0;1;0;0;6;2;0;3
14558;Saint-Aubin-d'Arquenay;28;14;0;0;0;0;0;0;0;0;0;0;0;0;0;0;0;0;0;0;0;0;1;0;0;0;1;1;1;2;2;0;2;0;0;0;0;0;0
14559;Saint-Aubin-des-Bois;28;14;0;0;0;0;0;0;0;0;0;0;0;0;0;0;0;0;0;0;0;0;0;0;0;0;0;1;0;1;0;0;1;0;0;0;0;0;0
14562;Saint-Aubin-sur-Mer;28;14;0;0;0;0;0;0;0;0;0;0;0;0;0;0;0;0;0;1;0;0;4;0;0;1;2;2;3;5;2;2;1;1;0;12;2;0;2
14563;Saint-Benoît-d'Hébertot;28;14;0;0;0;0;0;0;0;0;0;0;0;0;0;0;0;0;0;0;0;0;1;0;0;0;0;0;5;3;1;1;1;0;0;0;1;0;0
14565;Saint-Côme-de-Fresné;28;14;0;0;0;0;0;0;0;0;0;0;0;0;0;0;0;0;0;0;0;0;0;0;0;0;1;2;0;0;1;0;0;0;0;2;0;0;0
14566;Saint-Contest;28;14;0;0;0;0;0;0;0;0;0;0;0;1;0;0;0;3;1;0;0;1;7;0;0;0;2;4;1;3;6;2;1;1;2;6;7;1;2
14568;Sainte-Croix-Grand-Tonne;28;14;0;0;0;0;0;0;0;0;0;0;0;0;0;0;0;0;0;0;0;0;0;0;0;0;2;0;0;1;0;0;0;0;0;0;0;0;0
14569;Sainte-Croix-sur-Mer;28;14;0;0;0;0;0;0;0;0;0;0;0;0;0;0;0;0;0;0;0;0;0;0;0;0;1;0;0;1;0;0;0;0;0;0;0;0;0
14570;Valorbiquet;28;14;0;0;0;0;0;0;0;0;0;0;0;0;0;0;0;0;0;0;0;1;0;0;0;0;6;3;7;6;4;0;3;0;0;3;1;0;2
14571;Saint-Denis-de-Mailloc;28;14;0;0;0;0;0;0;0;0;0;0;0;0;0;0;0;0;0;0;0;0;1;0;0;0;2;0;1;2;0;1;0;0;0;1;0;0;1
14572;Saint-Denis-de-Méré;28;14;0;0;0;0;0;0;0;0;0;0;0;0;0;0;0;0;0;0;0;0;2;0;0;0;3;0;0;0;0;0;1;0;0;0;2;0;0
14574;Saint-Désir;28;14;0;0;0;0;0;0;0;0;0;0;0;0;0;0;0;0;1;0;0;0;5;0;0;0;3;3;5;4;2;0;1;3;0;1;1;0;0
14575;Saint-Étienne-la-Thillaye;28;14;0;0;0;0;0;0;0;0;0;0;0;0;0;0;0;0;0;0;0;0;0;0;0;0;0;2;1;3;0;0;0;0;0;0;0;0;0
14576;Val-de-Vie;28;14;0;0;0;0;0;0;0;0;0;0;0;0;0;0;0;0;0;0;0;0;0;0;0;0;0;0;0;3;1;0;0;0;0;2;1;0;0
14577;Saint-Gabriel-Brécy;28;14;0;0;0;0;0;0;0;0;0;0;0;0;0;0;0;0;0;0;0;0;0;0;0;0;1;0;1;1;0;0;0;0;0;1;0;0;0
14578;Saint-Gatien-des-Bois;28;14;0;0;0;0;0;0;0;0;0;0;0;0;0;0;0;0;0;0;0;1;0;0;0;0;2;2;5;2;1;0;1;0;0;2;1;0;1
14579;Seulline;28;14;0;0;0;0;0;0;0;0;0;0;0;0;0;0;0;0;0;0;0;0;1;0;0;0;1;1;2;2;3;0;2;0;0;0;0;0;0
14580;Saint-Georges-en-Auge;28;14;0;0;0;0;0;0;0;0;0;0;0;0;0;0;0;0;0;0;0;0;0;0;0;0;1;0;0;0;0;0;0;0;0;0;0;0;0
14581;Saint-Germain-d'Ectot;28;14;0;0;0;0;0;0;0;0;0;0;0;0;0;0;0;0;0;0;0;0;0;0;0;0;0;1;0;1;0;0;0;0;0;0;1;0;0
14582;Saint-Germain-de-Livet;28;14;0;0;0;0;0;0;0;0;0;0;0;0;0;0;0;0;0;0;0;0;1;0;0;0;2;1;3;2;0;1;1;0;0;0;0;0;1
14586;Saint-Germain-du-Pert;28;14;0;0;0;0;0;0;0;0;0;0;0;0;0;0;0;0;0;0;0;0;0;0;0;0;0;0;0;0;0;0;0;0;0;0;0;0;0
14587;Saint-Germain-la-Blanche-Herbe;28;14;0;0;0;0;0;0;0;0;0;0;0;0;0;0;0;0;0;0;0;0;0;0;0;0;2;3;2;4;0;0;2;0;0;1;1;0;1
14588;Saint-Germain-Langot;28;14;0;0;0;0;0;0;0;0;0;0;0;0;0;0;0;0;0;0;0;0;1;0;0;0;0;2;0;0;1;0;0;0;0;0;0;0;0
14589;Saint-Germain-le-Vasson;28;14;0;0;0;0;0;0;0;0;0;0;0;0;0;0;0;0;0;0;0;1;1;0;0;0;3;1;4;4;1;0;3;0;0;1;0;0;0
14590;Sainte-Honorine-de-Ducy;28;14;0;0;0;0;0;0;0;0;0;0;0;0;0;0;0;0;0;0;0;0;0;0;0;0;0;1;0;0;0;0;0;0;0;0;0;0;0
14591;Sainte-Honorine-des-Pertes;28;14;0;0;0;0;0;0;0;0;0;0;0;0;0;0;0;0;0;0;0;1;1;0;0;0;0;0;0;2;0;1;0;0;0;2;2;0;0
14592;Sainte-Honorine-du-Fay;28;14;0;0;0;0;0;0;0;0;0;0;0;0;0;0;0;0;0;0;0;1;2;0;0;1;0;0;1;4;3;0;2;0;0;3;1;0;2
14593;Saint-Hymer;28;14;0;0;0;0;0;0;0;0;0;0;0;0;0;0;0;0;0;0;0;0;0;0;0;1;0;2;2;1;4;1;2;0;0;1;0;0;0
14595;Saint-Jean-de-Livet;28;14;0;0;0;0;0;0;0;0;0;0;0;0;0;0;0;0;0;0;0;0;0;0;0;0;1;0;0;0;3;0;0;0;0;0;0;0;0
14596;Saint-Jean-des-Essartiers;28;14;0;0;0;0;0;0;0;0;0;0;0;0;0;0;0;0;0;0;0;0;0;0;0;0;1;0;0;0;2;0;0;0;0;0;0;0;0
14597;Saint-Jean-le-Blanc;28;14;0;0;0;0;0;0;0;0;0;0;0;0;0;0;0;0;0;0;0;1;0;0;0;0;0;0;0;0;0;0;0;0;0;0;0;0;0
14598;Saint-Jouin;28;14;0;0;0;0;0;0;0;0;0;0;0;0;0;0;0;0;0;0;0;0;0;0;0;0;1;0;2;0;1;0;0;0;0;0;0;0;0
14600;Saint-Julien-le-Faucon;28;14;0;0;0;0;0;0;0;0;0;0;0;0;0;0;0;0;0;0;1;0;0;0;0;0;0;0;4;4;0;0;2;1;0;2;0;0;0
14601;Saint-Julien-sur-Calonne;28;14;0;0;0;0;0;0;0;0;0;0;0;0;0;0;0;0;0;0;0;0;0;0;0;0;1;0;0;0;1;0;0;0;0;1;0;0;0
14602;Saint-Lambert;28;14;0;0;0;0;0;0;0;0;0;0;0;0;0;0;0;0;0;0;0;0;0;0;0;0;0;1;0;1;0;0;0;0;0;0;0;0;0
14603;Saint-Laurent-de-Condel;28;14;0;0;0;0;0;0;0;0;0;0;0;0;0;0;0;0;0;0;1;0;1;0;0;0;0;1;3;0;1;0;2;0;0;1;0;0;0
14604;Saint-Laurent-du-Mont;28;14;0;0;0;0;0;0;0;0;0;0;0;0;0;0;0;0;0;0;0;0;0;0;0;0;0;0;0;1;0;0;0;0;0;0;0;0;0
14605;Saint-Laurent-sur-Mer;28;14;0;0;0;0;0;0;0;0;0;0;0;0;0;0;0;0;0;0;0;0;0;0;0;0;1;0;0;0;0;0;0;0;0;3;0;0;0
14606;Saint-Léger-Dubosq;28;14;0;0;0;0;0;0;0;0;0;0;0;0;0;0;0;0;0;0;0;0;0;0;0;0;0;0;0;0;0;1;0;0;0;1;0;0;0
14607;Saint-Louet-sur-Seulles;28;14;0;0;0;0;0;0;0;0;0;0;0;0;0;0;0;0;0;0;0;0;0;0;0;0;0;0;0;1;0;0;0;0;0;0;0;0;0
14608;Saint-Loup-de-Fribois;28;14;0;0;0;0;0;0;0;0;0;0;0;0;0;0;0;0;0;0;0;0;0;0;0;0;0;0;0;1;3;0;0;0;0;0;0;0;0
14609;Saint-Loup-Hors;28;14;0;0;0;0;0;0;0;0;0;0;0;0;0;0;0;0;0;0;0;0;3;0;0;0;0;1;2;2;1;0;0;0;0;0;0;0;0
14610;Saint-Manvieu-Norrey;28;14;0;0;0;0;0;0;0;0;0;0;0;0;0;0;0;0;0;0;0;0;1;0;0;0;1;4;3;3;2;1;2;1;0;6;2;0;1
14611;Saint-Manvieu-Bocage;28;14;0;0;0;0;0;0;0;0;0;0;0;0;0;0;0;0;0;0;0;0;0;0;0;0;2;0;0;2;0;0;0;0;0;2;0;0;0
14613;Saint-Marcouf;28;14;0;0;0;0;0;0;0;0;0;0;0;0;0;0;0;0;0;0;0;0;0;0;0;0;0;0;0;0;0;0;1;0;0;0;0;0;0
14614;Sainte-Marguerite-d'Elle;28;14;0;0;0;0;0;0;0;0;0;0;0;0;0;0;0;0;0;0;0;1;2;0;0;0;0;1;0;3;0;0;2;0;0;1;0;0;1
14616;Sainte-Marguerite-de-Viette;28;14;0;0;0;0;0;0;0;0;0;0;0;0;0;0;0;0;0;0;0;1;0;0;0;0;0;0;0;0;0;0;0;0;0;1;0;0;0
14619;Sainte-Marie-Outre-l'Eau;28;14;0;0;0;0;0;0;0;0;0;0;0;0;0;0;0;0;0;0;0;0;0;0;0;0;0;0;0;1;1;0;0;0;0;0;0;0;0
14620;Saint-Martin-aux-Chartrains;28;14;0;0;0;0;0;0;0;0;0;0;0;0;0;0;0;0;1;0;0;0;1;0;0;0;2;2;1;1;1;1;0;0;0;2;0;0;0
14621;Saint-Martin-de-Bienfaite-la-Cressonnière;28;14;0;0;0;0;0;0;0;0;0;0;0;0;0;0;0;0;0;0;0;1;1;0;0;0;2;0;1;2;2;0;0;0;0;2;0;0;0
14622;Saint-Martin-de-Blagny;28;14;0;0;0;0;0;0;0;0;0;0;0;0;0;0;0;0;0;0;0;0;0;0;0;0;0;0;0;0;0;0;0;0;0;0;0;0;0
14623;Saint-Martin-de-Fontenay;28;14;0;0;0;0;0;0;0;0;0;0;0;0;0;0;0;1;0;0;0;0;6;0;0;1;9;3;4;4;1;3;3;0;0;1;3;1;1
14625;Saint-Martin-de-la-Lieue;28;14;0;0;0;0;0;0;0;0;0;0;0;0;0;0;0;0;0;1;0;0;1;0;0;0;0;1;2;0;2;1;1;0;0;2;0;0;0
14626;Saint-Martin-de-Mailloc;28;14;0;0;0;0;0;0;0;0;0;0;0;0;0;0;0;0;0;0;0;0;0;0;0;0;1;4;2;3;1;0;0;0;0;0;0;0;1
14627;Saint-Martin-de-Mieux;28;14;0;0;0;0;0;0;0;0;0;0;0;0;0;0;0;0;0;0;0;0;1;0;0;0;1;2;0;1;1;0;0;1;0;0;0;0;0
14630;Saint-Martin-des-Entrées;28;14;0;0;0;0;0;0;0;0;0;0;0;0;0;0;0;0;0;0;0;0;1;0;0;0;1;1;0;1;2;1;0;0;0;2;0;0;1
14635;Saint-Omer;28;14;0;0;0;0;0;0;0;0;0;0;0;0;0;0;0;0;0;0;0;0;0;0;0;0;0;0;1;1;0;0;0;0;0;1;0;0;1
14637;Saint-Ouen-du-Mesnil-Oger;28;14;0;0;0;0;0;0;0;0;0;0;0;0;0;0;0;0;0;0;0;0;0;0;0;0;0;0;0;2;0;0;0;0;0;0;0;0;0
14639;Saint-Ouen-le-Pin;28;14;0;0;0;0;0;0;0;0;0;0;0;0;0;0;0;1;0;0;0;0;0;0;0;0;0;0;1;2;0;0;0;0;0;0;0;0;0
14640;Saint-Pair;28;14;0;0;0;0;0;0;0;0;0;0;0;0;0;0;0;0;0;0;0;0;2;0;0;0;0;1;1;0;0;0;0;0;0;0;0;0;0
14643;Saint-Paul-du-Vernay;28;14;0;0;0;0;0;0;0;0;0;0;0;0;0;0;0;0;0;0;0;1;2;0;0;0;1;0;1;1;0;0;1;0;0;0;0;0;0
14644;Saint-Philbert-des-Champs;28;14;0;0;0;0;0;0;0;0;0;0;0;0;0;0;0;0;0;0;0;0;1;0;0;0;2;2;2;1;1;0;0;0;0;0;0;0;0
14645;Saint-Pierre-Azif;28;14;0;0;0;0;0;0;0;0;0;0;0;0;0;0;0;0;0;0;0;0;0;0;0;0;0;1;2;0;0;0;0;0;0;0;3;0;0
14646;Saint-Pierre-Canivet;28;14;0;0;0;0;0;0;0;0;0;0;0;0;0;0;0;0;0;0;0;0;0;0;0;0;0;0;0;1;0;0;0;0;0;0;0;0;0
14648;Saint-Pierre-des-Ifs;28;14;0;0;0;0;0;0;0;0;0;0;0;0;0;0;0;0;0;0;0;0;2;0;0;0;1;0;3;0;2;0;0;0;0;0;2;0;0
14649;Saint-Pierre-du-Bû;28;14;0;0;0;0;0;0;0;0;0;0;0;0;0;0;0;0;0;0;0;0;1;0;0;0;0;1;1;2;0;0;2;0;0;0;1;0;0
14650;Saint-Pierre-du-Fresne;28;14;0;0;0;0;0;0;0;0;0;0;0;0;0;0;0;0;0;0;0;0;0;0;0;0;0;0;1;0;0;0;0;0;0;0;0;0;0
14651;Saint-Pierre-du-Jonquet;28;14;0;0;0;0;0;0;0;0;0;0;0;0;0;0;0;0;0;0;0;0;0;0;0;0;1;2;2;0;1;0;0;0;0;0;0;0;0
14652;Saint-Pierre-du-Mont;28;14;0;0;0;0;0;0;0;0;0;0;0;0;0;0;0;0;0;0;0;0;0;0;0;0;0;0;0;0;1;0;0;0;0;0;1;0;0
14654;Saint-Pierre-sur-Dives;28;14;0;1;0;0;0;0;0;0;0;1;0;0;2;0;0;8;2;1;0;0;6;2;0;2;4;7;8;3;2;0;9;3;0;15;2;2;2
14656;Saint-Rémy;28;14;0;0;0;0;0;0;0;0;0;0;0;0;0;0;0;0;0;0;0;1;2;0;0;0;1;0;0;0;0;0;3;0;0;1;0;0;0
14657;Saint-Samson;28;14;0;0;0;0;0;0;0;0;0;0;0;0;0;0;0;0;0;0;0;0;0;0;0;0;0;1;1;0;0;0;0;0;0;0;0;0;0
14658;Saint-Sever-Calvados;28;14;0;1;0;0;0;0;0;0;0;0;0;0;2;0;0;1;0;1;0;0;4;0;0;1;0;1;2;3;0;0;2;2;0;3;1;0;1
14659;Saint-Sylvain;28;14;0;0;0;0;0;0;0;0;0;0;0;0;0;0;0;0;0;1;0;0;2;0;0;0;2;2;4;1;1;0;1;1;0;1;0;0;2
14660;Saint-Vaast-en-Auge;28;14;0;0;0;0;0;0;0;0;0;0;0;0;0;0;0;0;0;0;0;0;0;0;0;0;0;0;0;0;0;0;0;0;0;0;0;0;0
14661;Saint-Vaast-sur-Seulles;28;14;0;0;0;0;0;0;0;0;0;0;0;0;0;0;0;0;0;0;0;0;0;0;0;0;1;0;0;0;0;0;0;0;0;0;0;0;0
14662;Saint-Vigor-des-Mézerets;28;14;0;0;0;0;0;0;0;0;0;0;0;0;0;0;0;0;0;0;0;0;1;0;0;0;0;0;0;1;0;0;0;0;0;1;0;0;1
14663;Saint-Vigor-le-Grand;28;14;0;0;0;0;0;0;0;0;0;0;0;0;0;0;0;0;1;0;0;0;17;2;0;0;1;5;5;7;1;1;1;0;1;5;3;0;1
14664;Sallen;28;14;0;0;0;0;0;0;0;0;0;0;0;0;0;0;0;0;0;0;0;0;0;0;0;0;0;0;0;2;0;0;0;0;0;1;0;0;0
14665;Sallenelles;28;14;0;0;0;0;0;0;0;0;0;0;0;0;0;0;0;0;0;0;1;0;0;0;0;0;1;0;0;0;0;0;2;0;0;1;0;0;0
14666;Sannerville;28;14;0;0;0;0;0;0;0;0;0;0;0;0;0;0;0;0;1;1;0;0;3;0;0;1;3;4;4;4;3;2;3;0;0;1;0;0;1
14667;Saon;28;14;0;0;0;0;0;0;0;0;0;0;0;0;0;0;0;0;0;0;0;0;0;0;0;0;0;0;0;1;0;0;1;1;0;0;0;0;0
14668;Saonnet;28;14;0;0;0;0;0;0;0;0;0;0;0;0;0;0;0;0;0;0;0;0;0;0;0;0;0;0;1;1;1;0;1;0;0;0;0;0;0
14669;Sassy;28;14;0;0;0;0;0;0;0;0;0;0;0;0;0;0;0;0;0;0;0;0;1;0;0;0;0;1;1;1;0;0;0;1;0;0;0;0;1
14671;Sept-Frères;28;14;0;0;0;0;0;0;0;0;0;0;0;0;0;0;0;0;0;0;0;0;0;0;0;0;0;1;0;0;0;0;0;0;0;0;0;0;0
14672;Sept-Vents;28;14;0;0;0;0;0;0;0;0;0;0;0;0;0;0;0;0;0;0;0;0;1;0;0;0;2;3;0;0;0;0;0;0;0;0;0;0;0
14674;Soignolles;28;14;0;0;0;0;0;0;0;0;0;0;0;0;0;0;0;0;0;0;0;0;1;0;0;0;0;0;1;0;0;0;0;0;0;0;0;0;1
14675;Soliers;28;14;0;0;0;0;0;0;0;0;0;0;0;0;0;0;0;0;0;1;0;0;5;1;0;1;8;1;10;4;2;2;3;0;0;1;2;0;2
14676;Sommervieu;28;14;0;0;0;0;0;0;0;0;0;0;0;0;0;0;0;0;0;0;0;0;2;0;0;0;0;1;2;4;0;1;1;0;0;1;0;0;0
14677;Soulangy;28;14;0;0;0;0;0;0;0;0;0;0;0;0;0;0;0;0;0;0;0;0;0;0;0;0;0;0;0;0;0;1;0;0;0;0;0;0;0
14678;Soumont-Saint-Quentin;28;14;0;0;0;0;0;0;0;0;0;0;0;0;0;0;0;0;0;0;0;0;5;0;0;0;0;2;0;0;0;0;0;0;0;0;0;0;0
14679;Subles;28;14;0;0;0;0;0;0;0;0;0;0;0;0;0;0;0;0;0;0;0;0;1;0;0;0;0;1;1;0;0;0;1;0;0;1;0;0;0
14680;Sully;28;14;0;0;0;0;0;0;0;0;0;0;0;0;0;0;0;0;0;0;0;0;0;0;0;0;0;0;0;0;0;0;0;0;0;0;0;0;0
14681;Surrain;28;14;0;0;0;0;0;0;0;0;0;0;0;0;0;0;0;0;0;0;0;0;1;0;0;0;0;0;0;2;0;0;0;0;0;0;0;0;0
14682;Surville;28;14;0;0;0;0;0;0;0;0;0;0;0;0;0;0;0;0;0;0;0;0;0;0;0;0;1;0;5;3;0;0;0;0;0;0;1;0;0
14684;Tessel;28;14;0;0;0;0;0;0;0;0;0;0;0;0;0;0;0;0;0;0;0;0;0;0;0;0;0;1;1;1;0;0;0;0;0;0;0;0;1
14685;Thaon;28;14;0;0;0;0;0;0;0;0;0;0;0;0;0;0;0;0;0;0;0;1;2;0;0;0;1;0;0;1;2;0;1;0;0;1;0;0;0
14687;Le Theil-en-Auge;28;14;0;0;0;0;0;0;0;0;0;0;0;0;0;0;0;0;0;0;0;0;0;0;0;0;0;0;1;1;1;0;0;0;0;2;0;0;0
14688;Thiéville;28;14;0;0;0;0;0;0;0;0;0;0;0;0;0;0;0;0;0;0;0;0;1;0;0;0;1;1;1;1;2;0;0;0;0;0;0;0;0
14689;Le Hom;28;14;0;1;0;0;0;0;0;0;0;1;0;0;2;0;0;4;2;1;0;0;9;2;0;2;4;2;4;11;3;0;3;6;0;14;5;2;6
14690;Tierceville;28;14;0;0;0;0;0;0;0;0;0;0;0;0;0;0;0;0;0;0;0;0;0;0;0;0;0;0;1;1;0;0;0;0;0;0;0;0;0
14691;Tilly-la-Campagne;28;14;0;0;0;0;0;0;0;0;0;0;0;0;0;0;0;0;0;0;0;0;0;0;0;0;0;0;0;1;0;0;0;0;0;0;0;0;0
14692;Tilly-sur-Seulles;28;14;0;1;0;0;0;0;0;0;0;1;0;0;0;0;0;1;0;1;0;0;2;1;0;0;0;3;3;2;2;0;3;1;0;0;1;0;1
14694;Le Torquesne;28;14;0;0;0;0;0;0;0;0;0;0;0;0;0;0;0;0;0;0;0;0;0;0;0;0;2;2;3;3;1;0;0;0;0;0;1;0;0
14695;Torteval-Quesnay;28;14;0;0;0;0;0;0;0;0;0;0;0;0;0;0;0;0;0;0;0;0;2;0;0;0;1;0;3;1;0;0;0;0;0;0;0;0;0
14698;Touffréville;28;14;0;0;0;0;0;0;0;0;0;0;0;0;0;0;0;0;0;0;0;0;0;0;0;0;2;1;4;1;2;0;0;0;0;1;0;0;0
14699;Touques;28;14;0;0;0;0;0;0;0;0;0;0;0;0;1;0;0;0;0;1;0;0;5;1;0;2;11;19;4;15;6;3;9;0;0;14;3;1;6
14700;Tour-en-Bessin;28;14;0;0;0;0;0;0;0;0;0;0;0;0;0;0;0;0;0;0;0;1;1;0;0;0;0;1;2;0;1;0;0;0;0;0;0;0;0
14701;Tourgéville;28;14;0;0;0;0;0;0;0;0;0;0;0;0;0;0;0;0;0;0;0;0;0;0;0;0;0;3;3;2;0;1;0;0;0;2;2;0;0
14702;Tournay-sur-Odon;28;14;0;0;0;0;0;0;0;0;0;0;0;0;0;0;0;0;0;0;0;0;0;0;1;0;1;1;1;1;0;0;0;0;0;0;0;0;0
14703;Tournebu;28;14;0;0;0;0;0;0;0;0;0;0;0;0;0;0;0;0;0;0;0;0;0;0;0;1;2;0;0;0;1;0;0;0;0;0;0;0;1
14705;Tournières;28;14;0;0;0;0;0;0;0;0;0;0;0;0;0;0;0;0;0;0;0;0;0;0;0;0;1;0;1;1;1;0;0;0;0;0;0;0;0
14706;Tourville-en-Auge;28;14;0;0;0;0;0;0;0;0;0;0;0;0;0;0;0;0;0;0;0;0;0;0;0;0;0;0;1;1;0;0;0;0;0;1;0;0;0
14707;Tourville-sur-Odon;28;14;0;0;0;0;0;0;0;0;0;0;0;0;0;0;0;0;0;0;0;0;1;0;0;0;1;1;1;0;2;0;1;0;0;0;0;0;0
14708;Tracy-Bocage;28;14;0;0;0;0;0;0;0;0;0;0;0;0;0;0;0;0;0;0;0;0;0;0;0;0;0;1;0;3;0;0;0;0;0;0;0;0;0
14709;Tracy-sur-Mer;28;14;0;0;0;0;0;0;0;0;0;0;0;0;0;0;0;0;0;0;0;0;1;0;0;0;1;2;1;0;0;0;0;0;0;0;0;0;0
14710;Tréprel;28;14;0;0;0;0;0;0;0;0;0;0;0;0;0;0;0;0;0;0;0;0;0;0;0;0;0;0;0;1;0;0;0;0;0;0;0;0;0
14711;Trévières;28;14;0;1;0;0;0;0;0;0;0;0;0;0;1;0;0;0;0;1;0;0;4;0;0;0;1;2;3;2;1;0;4;0;0;2;0;0;1
14712;Troarn;28;14;0;1;0;0;0;0;0;0;0;1;0;0;1;0;0;2;0;1;0;0;4;1;0;2;4;4;3;8;1;3;6;3;0;4;4;2;4
14713;Trois-Monts;28;14;0;0;0;0;0;0;0;0;0;0;0;0;0;0;0;0;0;0;0;0;0;0;1;0;0;1;3;1;0;0;0;0;0;0;0;0;0
14714;Le Tronquay;28;14;0;0;0;0;0;0;0;0;0;0;0;0;0;0;0;0;0;0;0;0;1;0;0;0;3;2;1;1;0;0;2;0;1;2;0;0;0
14715;Trouville-sur-Mer;28;14;0;0;0;0;0;0;0;0;0;3;0;0;0;0;0;8;3;1;0;1;7;2;1;3;8;14;7;13;6;3;11;2;0;78;15;6;4
14716;Trungy;28;14;0;0;0;0;0;0;0;0;0;0;0;0;0;0;0;0;0;0;0;0;0;0;0;0;0;0;0;0;1;0;0;0;0;0;0;0;0
14719;Urville;28;14;0;0;0;0;0;0;0;0;0;0;0;0;0;0;0;0;0;0;0;0;0;0;0;0;0;1;2;2;1;0;1;0;0;2;0;0;1
14720;Ussy;28;14;0;0;0;0;0;0;0;0;0;0;0;0;0;0;0;0;0;0;0;1;1;0;0;0;0;2;1;2;0;0;1;0;0;0;0;0;0
14721;Vacognes-Neuilly;28;14;0;0;0;0;0;0;0;0;0;0;0;0;0;0;0;0;0;0;0;0;2;0;0;0;1;1;1;2;1;0;0;0;0;1;0;0;0
14722;La Vacquerie;28;14;0;0;0;0;0;0;0;0;0;0;0;0;0;0;0;1;0;0;0;0;0;0;0;0;0;0;1;0;0;0;0;0;0;0;0;0;0
14723;Valsemé;28;14;0;0;0;0;0;0;0;0;0;0;0;0;0;0;0;0;0;0;0;0;0;0;0;0;3;0;0;2;1;0;0;0;0;1;0;0;0
14724;Varaville;28;14;0;0;0;0;0;0;0;0;0;0;0;0;0;0;0;0;0;0;0;1;0;0;0;0;1;1;1;1;0;1;0;1;0;5;2;1;0
14726;Valdallière;28;14;0;1;0;0;0;0;0;0;0;0;0;0;1;0;0;1;1;1;1;2;3;0;0;1;5;4;12;15;3;0;7;3;0;6;0;0;2
14728;Vaucelles;28;14;0;0;0;0;0;0;0;0;0;0;0;0;0;0;0;0;1;0;0;0;2;0;0;0;0;0;1;0;0;1;0;0;0;1;0;0;0
14729;Vaudeloges;28;14;0;0;0;0;0;0;0;0;0;0;0;0;0;0;0;0;0;0;0;0;0;0;0;0;0;1;0;0;0;0;0;0;0;0;0;0;0
14731;Vauville;28;14;0;0;0;0;0;0;0;0;0;0;0;0;0;0;0;0;0;0;0;0;0;0;0;0;0;3;0;0;0;0;0;0;0;0;0;0;0
14732;Vaux-sur-Aure;28;14;0;0;0;0;0;0;0;0;0;0;0;0;0;0;0;0;0;0;0;0;1;0;0;0;0;0;0;0;0;0;0;0;0;1;0;0;1
14733;Vaux-sur-Seulles;28;14;0;0;0;0;0;0;0;0;0;0;0;0;0;0;0;0;0;0;0;0;0;0;0;0;0;0;0;2;0;0;0;0;0;0;0;0;0
14734;Vendes;28;14;0;0;0;0;0;0;0;0;0;0;0;0;0;0;0;0;0;0;0;0;1;0;0;0;1;0;0;1;0;0;0;0;0;0;0;0;0
14735;Vendeuvre;28;14;0;0;0;0;0;0;0;0;0;0;0;0;0;0;0;0;0;0;0;0;1;0;0;0;2;1;3;1;0;0;0;0;0;0;1;0;1
14737;Versainville;28;14;0;0;0;0;0;0;0;0;0;0;0;0;0;0;0;0;0;0;0;0;0;0;0;0;0;1;0;1;0;0;0;0;0;0;0;0;0
14738;Verson;28;14;0;0;0;0;0;0;0;0;0;0;0;0;1;0;0;3;1;1;0;0;8;1;0;3;5;5;12;12;11;3;7;0;1;10;2;0;2
14739;Ver-sur-Mer;28;14;0;0;0;0;0;0;0;0;0;0;0;0;0;0;0;0;0;1;0;0;1;0;0;0;2;3;0;5;1;0;1;1;0;4;0;0;0
14740;La Vespière-Friardel;28;14;0;0;0;0;0;0;0;0;0;0;0;0;0;0;0;0;0;0;0;0;6;0;0;0;4;1;1;2;1;0;1;0;0;0;0;0;0
14741;Le Vey;28;14;0;0;0;0;0;0;0;0;0;0;0;0;0;0;0;0;0;0;0;0;0;0;0;0;0;0;0;0;1;0;0;0;0;0;0;0;0
14742;Vicques;28;14;0;0;0;0;0;0;0;0;0;0;0;0;0;0;0;0;0;0;0;0;0;0;0;0;0;0;0;1;0;0;0;0;0;0;0;0;0
14743;Victot-Pontfol;28;14;0;0;0;0;0;0;0;0;0;0;0;0;0;0;0;0;0;0;0;0;0;0;0;0;0;0;0;0;0;0;0;0;0;0;0;0;0
14744;Vienne-en-Bessin;28;14;0;0;0;0;0;0;0;0;0;0;0;0;0;0;0;0;0;0;0;0;0;0;0;0;1;1;1;3;3;1;0;0;0;0;0;0;0
14745;Vierville-sur-Mer;28;14;0;0;0;0;0;0;0;0;0;0;0;0;0;0;0;0;0;0;0;1;1;0;0;0;1;0;1;0;0;0;0;0;0;2;0;0;1
14747;Vieux;28;14;0;0;0;0;0;0;0;0;0;0;0;0;0;0;0;0;1;0;0;0;1;0;0;0;1;3;4;1;0;0;0;0;0;1;0;0;1
14748;Vieux-Bourg;28;14;0;0;0;0;0;0;0;0;0;0;0;0;0;0;0;0;0;0;0;0;0;0;0;0;0;0;1;0;0;0;0;0;0;0;0;0;0
14749;Vieux-Fumé;28;14;0;0;0;0;0;0;0;0;0;0;0;0;0;0;0;0;0;0;0;0;2;0;0;0;1;2;0;1;0;0;0;0;0;0;0;0;0
14750;Vieux-Pont-en-Auge;28;14;0;0;0;0;0;0;0;0;0;0;0;0;0;0;0;0;0;0;0;0;0;0;0;0;0;1;2;0;1;0;0;0;0;0;0;0;0
14751;Vignats;28;14;0;0;0;0;0;0;0;0;0;0;0;0;0;0;0;0;0;0;0;0;0;0;0;0;2;0;0;0;0;0;1;0;0;0;0;0;0
14752;Villers-Bocage;28;14;0;1;0;0;0;0;0;0;0;1;0;0;1;0;0;5;2;1;0;0;9;1;0;2;3;2;6;4;0;0;12;1;5;12;5;2;5
14753;Villers-Canivet;28;14;0;0;0;0;0;0;0;0;0;0;0;0;0;0;0;0;0;0;0;0;0;0;0;0;1;1;2;2;1;0;0;0;0;2;0;0;0
14754;Villers-sur-Mer;28;14;0;1;0;0;0;0;0;0;0;0;0;0;0;0;0;4;0;1;0;0;2;0;0;2;4;11;8;17;5;0;4;0;0;23;9;2;1
14755;Villerville;28;14;0;0;0;0;0;0;0;0;0;0;0;0;0;0;0;0;0;0;0;1;0;0;0;0;0;1;2;0;1;0;1;0;0;4;2;0;2
14756;La Villette;28;14;0;0;0;0;0;0;0;0;0;0;0;0;0;0;0;0;0;0;0;0;1;0;0;0;0;0;1;0;0;0;0;0;0;0;0;0;0
14757;Villiers-le-Sec;28;14;0;0;0;0;0;0;0;0;0;0;0;0;0;0;0;0;0;0;0;0;0;0;0;0;1;3;0;0;0;1;0;0;0;0;0;0;0
14758;Villons-les-Buissons;28;14;0;0;0;0;0;0;0;0;0;0;0;0;0;0;0;0;0;0;0;0;0;0;0;0;0;2;1;0;0;0;0;0;0;0;0;0;0
14759;Villy-lez-Falaise;28;14;0;0;0;0;0;0;0;0;0;0;0;0;0;0;0;0;0;0;0;0;0;0;0;0;0;0;0;1;0;0;0;0;0;0;0;0;0
14760;Villy-Bocage;28;14;0;0;0;0;0;0;0;0;0;0;0;0;0;0;0;0;0;0;0;0;0;0;0;0;0;0;1;0;2;0;1;0;0;0;0;0;0
14761;Vimont;28;14;0;0;0;0;0;0;0;0;0;0;0;0;0;0;0;0;0;0;0;0;6;0;0;0;0;3;2;2;2;0;0;0;0;1;1;0;0
14762;Vire Normandie;28;14;1;1;0;0;1;0;0;0;0;4;0;1;1;0;0;10;5;1;1;1;30;6;1;5;6;10;26;19;18;2;29;6;6;44;10;4;10
14763;Vouilly;28;14;0;0;0;0;0;0;0;0;0;0;0;0;0;0;0;0;0;0;0;0;1;0;0;0;0;0;0;0;0;0;0;0;0;0;0;0;0
14764;Pont-d'Ouilly;28;14;0;1;0;0;0;0;0;0;0;0;0;0;0;0;0;0;0;1;0;0;2;0;0;0;2;1;1;0;3;0;2;0;0;4;2;0;2
15001;Allanche;84;15;0;1;0;0;0;0;0;0;0;0;0;0;2;0;0;2;1;0;0;1;2;0;0;0;3;1;1;5;1;0;1;2;0;2;0;0;0
15002;Alleuze;84;15;0;0;0;0;0;0;0;0;0;0;0;0;0;0;0;0;0;0;0;0;0;0;0;0;0;1;0;0;0;0;0;0;0;2;0;0;1
15003;Ally;84;15;0;0;0;0;0;0;0;0;0;0;0;0;0;0;0;0;0;0;0;1;3;0;0;0;1;1;2;2;0;0;1;0;0;1;0;0;1
15004;Andelat;84;15;0;0;0;0;0;0;0;0;0;0;0;0;0;0;0;1;0;0;0;0;6;0;0;0;2;1;0;1;0;0;0;0;0;2;0;0;0
15005;Anglards-de-Saint-Flour;84;15;0;0;0;0;0;0;0;0;0;0;0;0;0;0;0;0;0;0;0;0;1;0;0;0;3;0;0;0;0;0;0;0;0;1;0;0;0
15006;Anglards-de-Salers;84;15;0;0;0;0;0;0;0;0;0;0;0;0;0;0;0;0;0;0;0;1;1;0;0;0;2;0;3;0;2;0;1;0;0;1;0;0;0
15007;Anterrieux;84;15;0;0;0;0;0;0;0;0;0;0;0;0;0;0;0;0;0;0;0;0;0;0;0;0;0;1;0;1;1;0;0;0;0;0;0;0;0
15008;Antignac;84;15;0;0;0;0;0;0;0;0;0;0;0;0;0;0;0;0;0;0;0;1;1;0;0;0;1;2;1;1;0;0;0;0;0;0;0;0;0
15009;Apchon;84;15;0;0;0;0;0;0;0;0;0;0;0;0;0;0;0;0;0;0;0;0;0;0;0;0;0;0;0;0;0;0;0;0;0;0;0;0;0
15010;Arches;84;15;0;0;0;0;0;0;0;0;0;0;0;0;0;0;0;0;0;0;0;1;0;0;0;0;0;0;2;0;0;0;0;0;0;0;0;0;0
15011;Arnac;84;15;0;0;0;0;0;0;0;0;0;0;0;0;0;0;0;0;0;0;0;0;1;0;0;0;0;0;0;0;0;0;0;0;0;2;0;0;0
15012;Arpajon-sur-Cère;84;15;0;0;0;0;0;0;0;0;0;0;0;0;0;0;0;4;0;1;0;0;13;2;0;1;6;17;15;7;5;0;7;1;0;9;0;1;3
15013;Auriac-l'Église;84;15;0;0;0;0;0;0;0;0;0;0;0;0;0;0;0;0;0;0;1;0;0;0;0;0;0;0;1;0;0;0;0;0;0;2;0;0;0
15014;Aurillac;84;15;1;1;0;1;1;1;1;0;0;0;13;1;0;0;0;32;11;4;0;0;46;7;5;14;15;74;25;29;22;7;61;10;4;103;19;9;22
15015;Auzers;84;15;0;0;0;0;0;0;0;0;0;0;0;0;0;0;0;0;0;0;0;0;0;0;0;0;1;0;0;0;0;0;0;0;0;0;0;0;0
15016;Ayrens;84;15;0;0;0;0;0;0;0;0;0;0;0;0;0;0;0;0;0;0;0;1;0;0;0;0;0;0;2;1;1;0;0;0;0;0;0;0;0
15017;Badailhac;84;15;0;0;0;0;0;0;0;0;0;0;0;0;0;0;0;0;0;0;0;0;0;0;0;0;0;0;0;0;0;0;0;0;0;1;0;0;0
15018;Barriac-les-Bosquets;84;15;0;0;0;0;0;0;0;0;0;0;0;0;0;0;0;0;0;0;0;0;0;0;0;0;0;0;0;0;0;0;0;0;0;0;0;0;1
15019;Bassignac;84;15;0;0;0;0;0;0;0;0;0;0;0;0;0;0;0;0;0;0;1;0;0;0;0;0;0;1;0;0;0;0;0;0;0;1;0;0;0
15020;Beaulieu;84;15;0;0;0;0;0;0;0;0;0;0;0;0;0;0;0;0;0;0;0;0;0;0;0;0;0;0;0;0;0;0;0;0;0;0;0;0;0
15021;Boisset;84;15;0;0;0;0;0;0;0;0;0;0;0;0;0;0;0;0;0;0;0;1;2;0;0;0;1;1;2;1;1;0;1;0;0;1;0;0;0
15022;Bonnac;84;15;0;0;0;0;0;0;0;0;0;0;0;0;0;0;0;0;0;0;0;0;0;0;0;0;0;0;1;0;0;0;0;0;0;0;0;0;0
15024;Brageac;84;15;0;0;0;0;0;0;0;0;0;0;0;0;0;0;0;0;0;0;0;0;0;0;0;0;0;0;0;0;0;0;0;0;0;0;0;0;0
15025;Albepierre-Bredons;84;15;0;0;0;0;0;0;0;0;0;0;0;0;0;0;0;0;0;0;0;0;2;0;0;0;1;0;0;1;0;0;0;0;0;1;0;0;0
15026;Brezons;84;15;0;0;0;0;0;0;0;0;0;0;0;0;0;0;0;0;0;0;0;0;0;0;0;0;0;0;0;0;0;0;0;0;0;2;0;0;0
15027;Calvinet;84;15;0;1;0;0;0;0;0;0;0;0;0;0;0;0;0;0;0;0;0;1;1;0;0;0;2;1;3;1;2;0;1;2;0;1;0;0;0
15028;Carlat;84;15;0;0;0;0;0;0;0;0;0;0;0;0;0;0;0;0;0;0;0;0;0;0;0;0;0;1;3;2;0;0;0;0;0;0;0;0;0
15029;Cassaniouze;84;15;0;0;0;0;0;0;0;0;0;0;0;0;0;0;0;0;0;0;0;1;1;0;0;0;1;2;2;1;1;0;0;0;0;0;0;0;0
15030;Cayrols;84;15;0;0;0;0;0;0;0;0;0;0;0;0;0;0;0;0;0;0;0;1;1;0;0;0;0;2;1;1;0;0;0;0;0;0;0;0;0
15031;Celles;84;15;0;0;0;0;0;0;0;0;0;0;0;0;0;0;0;0;0;0;0;0;0;0;0;0;0;0;1;0;0;0;0;0;0;0;0;0;0
15032;Celoux;84;15;0;0;0;0;0;0;0;0;0;0;0;0;0;0;0;0;0;0;0;0;0;0;0;0;0;0;1;0;0;0;0;0;0;0;0;0;0
15033;Cézens;84;15;0;0;0;0;0;0;0;0;0;0;0;0;0;0;0;0;0;0;1;0;0;0;0;0;1;1;0;0;0;0;0;0;0;1;0;0;0
15034;Chaliers;84;15;0;0;0;0;0;0;0;0;0;0;0;0;0;0;0;0;0;0;0;0;0;0;0;0;0;0;1;0;0;0;0;0;0;2;0;0;0
15035;Chalinargues;84;15;0;0;0;0;0;0;0;0;0;0;0;0;0;0;0;0;0;0;0;1;0;0;0;0;0;0;1;2;0;0;0;0;0;0;0;0;0
15036;Chalvignac;84;15;0;0;0;0;0;0;0;0;0;0;0;0;0;0;0;0;0;0;0;1;1;0;0;0;0;2;1;2;0;0;0;0;0;1;0;0;0
15037;Champagnac;84;15;0;0;0;0;0;0;0;0;0;0;0;0;0;0;0;0;0;0;0;1;1;0;0;0;0;3;0;3;0;0;1;0;0;1;0;0;0
15038;Champs-sur-Tarentaine-Marchal;84;15;0;1;0;0;0;0;0;0;0;0;0;0;0;0;0;2;0;1;0;0;3;0;0;0;2;1;0;3;0;0;1;0;0;5;0;0;0
15040;Chanterelle;84;15;0;0;0;0;0;0;0;0;0;0;0;0;0;0;0;0;0;0;0;0;0;0;0;0;0;0;0;0;0;0;0;0;0;0;0;0;0
15041;La Chapelle-d'Alagnon;84;15;0;0;0;0;0;0;0;0;0;0;0;0;0;0;0;0;0;0;0;0;0;0;0;0;0;0;2;1;0;0;0;0;0;1;0;0;0
15042;La Chapelle-Laurent;84;15;0;0;0;0;0;0;0;0;0;0;0;0;0;0;0;1;0;0;0;1;1;0;0;0;0;0;1;1;0;0;1;0;0;1;0;0;0
15043;Charmensac;84;15;0;0;0;0;0;0;0;0;0;0;0;0;0;0;0;0;0;0;0;0;0;0;0;0;0;1;0;0;0;0;0;0;0;0;0;0;0
15044;Chastel-sur-Murat;84;15;0;0;0;0;0;0;0;0;0;0;0;0;0;0;0;0;0;0;0;0;0;0;0;0;0;1;0;0;0;0;0;0;0;0;0;0;0
15045;Chaudes-Aigues;84;15;0;1;0;0;0;0;0;0;0;0;1;0;1;0;0;2;0;1;0;0;5;0;0;1;3;3;3;3;1;0;3;1;0;12;2;0;0
15046;Chaussenac;84;15;0;0;0;0;0;0;0;0;0;0;0;0;0;0;0;0;0;0;0;1;0;0;0;0;0;0;1;0;0;0;1;0;0;1;0;0;0
15047;Chavagnac;84;15;0;0;0;0;0;0;0;0;0;0;0;0;0;0;0;0;0;0;0;0;0;0;0;0;0;0;0;0;0;0;0;0;0;0;0;0;0
15048;Chazelles;84;15;0;0;0;0;0;0;0;0;0;0;0;0;0;0;0;0;0;0;0;0;0;0;0;0;0;0;0;0;0;0;0;0;0;0;0;0;0
15049;Cheylade;84;15;0;0;0;0;0;0;0;0;0;0;0;0;0;0;0;1;0;0;0;1;1;0;0;0;0;1;1;1;0;0;0;0;0;2;0;0;0
15050;Le Claux;84;15;0;0;0;0;0;0;0;0;0;0;0;0;0;0;0;0;0;0;0;1;1;0;0;0;1;0;1;0;0;0;0;0;0;1;0;0;0
15051;Clavières;84;15;0;0;0;0;0;0;0;0;0;0;0;0;0;0;0;0;0;0;1;0;0;0;0;0;0;1;0;0;1;0;0;0;0;2;0;0;0
15052;Collandres;84;15;0;0;0;0;0;0;0;0;0;0;0;0;0;0;0;0;0;0;0;0;0;0;0;0;1;0;0;2;0;0;1;0;0;0;0;0;0
15053;Coltines;84;15;0;0;0;0;0;0;0;0;0;0;0;0;0;0;0;0;0;0;0;1;1;0;0;0;3;1;1;0;0;0;1;0;0;0;1;0;0
15054;Condat;84;15;0;1;0;0;0;0;0;0;0;0;0;0;0;0;0;2;2;1;0;0;3;0;0;0;4;1;2;3;1;0;3;0;0;2;0;0;0
15055;Coren;84;15;0;0;0;0;0;0;0;0;0;0;0;0;0;0;0;0;0;0;0;0;2;0;0;0;2;0;1;0;0;0;0;0;0;0;0;0;0
15056;Crandelles;84;15;0;0;0;0;0;0;0;0;0;0;0;0;0;0;0;0;0;0;0;0;0;0;0;0;1;1;0;0;2;0;4;0;0;1;0;0;0
15057;Cros-de-Montvert;84;15;0;0;0;0;0;0;0;0;0;0;0;0;0;0;0;0;0;0;1;0;0;0;0;0;0;0;2;1;0;0;0;0;0;1;0;0;0
15058;Cros-de-Ronesque;84;15;0;0;0;0;0;0;0;0;0;0;0;0;0;0;0;0;0;0;0;0;0;0;0;0;0;0;0;1;0;0;0;0;0;1;0;0;0
15059;Cussac;84;15;0;0;0;0;0;0;0;0;0;0;0;0;0;0;0;0;0;0;0;0;0;0;0;0;0;0;0;0;0;0;0;0;0;1;0;0;0
15060;Deux-Verges;84;15;0;0;0;0;0;0;0;0;0;0;0;0;0;0;0;0;0;0;0;0;0;0;0;0;0;0;0;0;0;0;0;0;0;0;0;0;0
15061;Dienne;84;15;0;0;0;0;0;0;0;0;0;0;0;0;0;0;0;0;0;0;0;1;0;0;0;0;0;0;2;1;0;1;0;0;0;0;0;0;0
15063;Drugeac;84;15;0;0;0;0;0;0;0;0;0;0;0;0;0;0;0;0;0;0;0;1;0;0;0;0;1;0;1;2;1;0;0;0;0;1;0;0;0
15064;Escorailles;84;15;0;0;0;0;0;0;0;0;0;0;0;0;0;0;0;0;0;0;0;0;0;0;0;0;0;0;0;0;0;0;0;0;0;2;0;0;0
15065;Espinasse;84;15;0;0;0;0;0;0;0;0;0;0;0;0;0;0;0;0;0;0;0;0;0;0;0;0;0;0;0;0;1;0;0;0;0;0;0;0;0
15066;Le Falgoux;84;15;0;0;0;0;0;0;0;0;0;0;0;0;0;0;0;0;0;0;0;1;0;0;0;0;1;0;1;0;0;0;0;0;0;1;0;0;0
15067;Le Fau;84;15;0;0;0;0;0;0;0;0;0;0;0;0;0;0;0;0;0;0;0;0;0;0;0;0;0;0;0;0;0;0;0;0;0;1;0;0;0
15069;Ferrières-Saint-Mary;84;15;0;0;0;0;0;0;0;0;0;0;0;0;0;0;0;0;0;0;0;1;1;0;0;0;0;1;1;1;0;0;0;0;0;1;0;0;0
15070;Fontanges;84;15;0;0;0;0;0;0;0;0;0;0;0;0;0;0;0;0;0;0;0;1;0;0;0;0;0;0;1;0;1;0;0;0;0;0;0;0;0
15072;Freix-Anglards;84;15;0;0;0;0;0;0;0;0;0;0;0;0;0;0;0;0;0;0;0;0;0;0;0;0;1;0;0;0;0;0;0;0;0;0;0;0;0
15073;Fridefont;84;15;0;0;0;0;0;0;0;0;0;0;0;0;0;0;0;0;0;0;0;1;1;0;0;0;0;0;1;0;1;0;0;0;0;1;0;0;0
15074;Giou-de-Mamou;84;15;0;0;0;0;0;0;0;0;0;0;0;0;0;0;0;0;0;0;0;0;1;0;0;0;2;0;0;0;0;0;0;0;0;1;0;0;0
15075;Girgols;84;15;0;0;0;0;0;0;0;0;0;0;0;0;0;0;0;0;0;0;0;0;0;0;0;0;0;1;0;0;0;0;0;0;0;0;0;0;0
15076;Glénat;84;15;0;0;0;0;0;0;0;0;0;0;0;0;0;0;0;0;0;0;1;0;1;0;0;0;0;0;1;1;0;1;0;0;0;1;0;0;0
15077;Gourdièges;84;15;0;0;0;0;0;0;0;0;0;0;0;0;0;0;0;0;0;0;0;0;0;0;0;0;0;0;0;0;0;0;0;0;0;1;0;0;0
15078;Jabrun;84;15;0;0;0;0;0;0;0;0;0;0;0;0;0;0;0;0;0;0;0;0;0;0;0;0;0;0;0;0;0;0;0;0;0;0;0;0;0
15079;Jaleyrac;84;15;0;0;0;0;0;0;0;0;0;0;0;0;0;0;0;0;0;0;0;0;0;0;0;0;2;0;0;1;0;0;0;0;0;0;0;0;1
15080;Joursac;84;15;0;0;0;0;0;0;0;0;0;0;0;0;0;0;0;0;0;0;0;0;0;0;0;0;0;1;0;0;0;0;1;0;0;0;0;0;0
15081;Jou-sous-Monjou;84;15;0;0;0;0;0;0;0;0;0;0;0;0;0;0;0;0;0;0;0;0;1;0;0;0;0;0;0;0;0;0;0;0;0;0;0;0;0
15082;Junhac;84;15;0;0;0;0;0;0;0;0;0;0;0;0;0;0;0;0;0;0;0;1;0;0;0;0;2;0;1;1;0;0;0;0;0;1;0;0;0
15083;Jussac;84;15;0;0;0;0;0;0;0;0;0;0;0;0;0;0;0;1;1;1;0;0;3;0;0;0;4;1;2;6;0;0;4;0;0;4;0;0;0
15084;Labesserette;84;15;0;0;0;0;0;0;0;0;0;0;0;0;0;0;0;0;0;0;0;0;0;0;0;0;1;0;0;2;0;0;1;0;0;1;0;0;0
15085;Labrousse;84;15;0;0;0;0;0;0;0;0;0;0;0;0;0;0;0;0;0;0;0;1;0;0;0;0;1;1;0;2;0;0;2;0;0;0;0;0;0
15086;Lacapelle-Barrès;84;15;0;0;0;0;0;0;0;0;0;0;0;0;0;0;0;0;0;0;0;1;0;0;0;0;0;0;0;0;0;0;0;0;0;0;0;0;0
15087;Lacapelle-del-Fraisse;84;15;0;0;0;0;0;0;0;0;0;0;0;0;0;0;0;0;0;0;0;0;0;0;0;0;2;3;1;0;0;0;0;0;0;1;0;0;0
15088;Lacapelle-Viescamp;84;15;0;0;0;0;0;0;0;0;0;0;0;0;0;0;0;0;0;0;0;0;0;0;0;0;4;2;0;0;0;0;0;0;0;0;0;0;0
15089;Ladinhac;84;15;0;0;0;0;0;0;0;0;0;0;0;0;0;0;0;0;0;0;0;1;2;0;0;0;3;1;2;1;1;0;0;0;0;0;0;0;0
15090;Lafeuillade-en-Vézie;84;15;0;0;0;0;0;0;0;0;0;0;0;0;0;0;0;0;0;1;0;0;2;0;0;0;2;0;0;3;2;0;3;1;0;2;0;0;1
15091;Landeyrat;84;15;0;0;0;0;0;0;0;0;0;0;0;0;0;0;0;0;0;0;0;0;0;0;0;0;0;0;0;0;0;0;0;0;0;0;0;0;0
15092;Lanobre;84;15;0;0;0;0;0;0;0;0;0;0;0;0;0;0;0;1;0;0;0;2;6;0;0;0;1;2;2;3;3;0;3;0;0;4;0;0;0
15093;Lapeyrugue;84;15;0;0;0;0;0;0;0;0;0;0;0;0;0;0;0;0;0;0;0;0;0;0;0;0;0;0;0;0;0;0;0;0;0;0;0;0;0
15094;Laroquebrou;84;15;0;1;0;0;0;0;0;0;0;0;1;0;0;0;0;2;2;1;0;0;4;0;0;0;1;2;1;2;3;0;2;2;0;4;0;0;0
15095;Laroquevieille;84;15;0;0;0;0;0;0;0;0;0;0;0;0;0;0;0;0;0;0;0;0;0;0;0;0;0;1;1;0;0;0;1;0;0;0;1;0;0
15096;Lascelle;84;15;0;1;0;0;0;0;0;0;0;0;0;0;0;0;0;0;0;0;0;1;0;0;0;0;0;0;0;0;0;0;0;0;0;0;0;0;0
15097;Lastic;84;15;0;0;0;0;0;0;0;0;0;0;0;0;0;0;0;0;0;0;0;0;1;0;0;0;2;0;2;0;0;0;0;0;0;0;0;0;0
15098;Laurie;84;15;0;0;0;0;0;0;0;0;0;0;0;0;0;0;0;0;0;0;0;0;0;0;0;0;0;0;1;0;0;0;0;0;0;1;0;0;0
15099;Lavastrie;84;15;0;0;0;0;0;0;0;0;0;0;0;0;0;0;0;0;0;0;0;0;0;0;0;0;3;0;1;0;1;0;0;0;0;0;0;0;0
15100;Laveissenet;84;15;0;0;0;0;0;0;0;0;0;0;0;0;0;0;0;0;0;0;0;0;0;0;0;0;1;0;1;0;0;0;0;0;0;0;0;0;0
15101;Laveissière;84;15;0;0;0;0;0;0;0;0;0;0;0;0;0;0;0;0;1;0;0;2;1;0;0;0;0;1;0;1;1;2;0;1;0;14;3;0;0
15102;Lavigerie;84;15;0;0;0;0;0;0;0;0;0;0;0;0;0;0;0;0;0;0;0;0;0;0;0;0;0;0;0;0;0;0;0;0;0;2;0;0;0
15103;Leucamp;84;15;0;0;0;0;0;0;0;0;0;0;0;0;0;0;0;0;0;0;1;0;0;0;0;0;0;0;2;0;1;0;1;0;0;1;0;0;0
15104;Leynhac;84;15;0;0;0;0;0;0;0;0;0;0;0;0;0;0;0;0;0;0;0;1;0;0;0;0;2;0;1;0;0;0;0;0;0;1;0;0;0
15105;Leyvaux;84;15;0;0;0;0;0;0;0;0;0;0;0;0;0;0;0;0;0;0;0;0;0;0;0;0;0;0;0;0;0;0;0;0;0;0;0;0;0
15106;Lieutadès;84;15;0;0;0;0;0;0;0;0;0;0;0;0;0;0;0;0;0;0;0;0;1;0;0;0;0;0;1;0;0;0;0;0;0;0;0;0;0
15107;Lorcières;84;15;0;0;0;0;0;0;0;0;0;0;0;0;0;0;0;0;0;0;0;0;0;0;0;0;0;0;1;0;0;0;0;0;0;0;0;0;0
15108;Val d'Arcomie;84;15;0;0;0;0;0;0;0;0;0;0;0;0;0;0;0;0;0;0;1;2;1;0;0;0;1;2;2;0;1;0;0;0;0;5;0;0;0
15110;Lugarde;84;15;0;0;0;0;0;0;0;0;0;0;0;0;0;0;0;0;0;0;0;1;0;0;0;0;0;0;0;0;0;0;0;0;0;0;0;0;0
15111;Madic;84;15;0;0;0;0;0;0;0;0;0;0;0;0;0;0;0;0;0;0;0;1;0;0;0;0;0;0;0;1;0;0;0;0;0;2;0;0;0
15112;Malbo;84;15;0;0;0;0;0;0;0;0;0;0;0;0;0;0;0;0;0;0;0;0;0;0;0;0;0;0;0;1;0;0;0;0;0;1;0;0;0
15113;Mandailles-Saint-Julien;84;15;0;0;0;0;0;0;0;0;0;0;0;0;0;0;0;0;0;0;1;0;0;0;0;0;2;1;0;0;0;0;1;0;0;2;0;0;0
15114;Marcenat;84;15;0;0;0;0;0;0;0;0;0;0;0;0;0;0;0;0;0;1;0;0;1;0;0;0;2;0;0;1;0;0;0;0;0;0;0;0;0
15116;Marchastel;84;15;0;0;0;0;0;0;0;0;0;0;0;0;0;0;0;0;0;0;0;0;0;0;0;0;0;0;1;0;0;0;0;0;0;1;0;0;0
15117;Marcolès;84;15;0;0;0;0;0;0;0;0;0;0;0;0;0;0;0;0;1;1;0;0;3;0;0;0;1;2;3;0;1;0;2;0;0;1;0;0;1
15118;Marmanhac;84;15;0;0;0;0;0;0;0;0;0;0;0;0;0;0;0;0;0;0;1;0;1;0;0;0;1;1;2;2;1;0;0;0;0;0;0;0;0
15119;Massiac;84;15;0;1;0;0;0;0;0;0;0;0;1;0;0;0;0;3;0;1;0;0;7;2;0;1;2;2;5;4;2;0;6;2;0;14;1;0;2
15120;Mauriac;84;15;0;1;0;0;0;0;0;0;0;0;2;1;0;0;0;8;1;1;0;0;14;2;0;2;5;7;6;9;4;1;10;4;1;16;2;1;3
15121;Maurines;84;15;0;0;0;0;0;0;0;0;0;0;0;0;0;0;0;0;0;0;0;0;0;0;0;0;0;0;0;0;0;0;0;0;0;0;0;0;0
15122;Maurs;84;15;0;1;0;0;0;0;0;0;0;0;1;0;1;0;0;5;1;1;0;0;4;1;0;1;3;6;5;0;5;0;6;2;0;5;1;0;2
15123;Méallet;84;15;0;0;0;0;0;0;0;0;0;0;0;0;0;0;0;0;0;0;0;0;0;0;0;0;0;0;0;0;0;0;0;0;0;0;0;0;0
15124;Menet;84;15;0;0;0;0;0;0;0;0;0;0;0;0;0;0;0;0;0;0;0;1;0;0;1;0;1;1;1;2;2;0;1;0;0;0;0;0;0
15125;Mentières;84;15;0;0;0;0;0;0;0;0;0;0;0;0;0;0;0;0;0;0;0;0;0;0;0;0;0;0;1;0;0;0;0;0;0;0;0;0;0
15126;Molèdes;84;15;0;0;0;0;0;0;0;0;0;0;0;0;0;0;0;0;0;0;0;0;0;0;0;0;0;0;0;0;0;0;0;0;0;0;0;0;0
15127;Molompize;84;15;0;0;0;0;0;0;0;0;0;0;0;0;0;0;0;0;0;0;0;1;0;0;0;0;1;0;1;1;0;0;0;0;0;2;0;0;0
15128;La Monselie;84;15;0;0;0;0;0;0;0;0;0;0;0;0;0;0;0;0;0;0;0;0;0;0;0;0;0;0;1;0;0;0;0;0;0;0;0;0;0
15129;Montboudif;84;15;0;0;0;0;0;0;0;0;0;0;0;0;0;0;0;0;0;0;0;1;0;0;0;0;1;0;3;0;0;0;0;0;0;0;0;0;0
15130;Montchamp;84;15;0;0;0;0;0;0;0;0;0;0;0;0;0;0;0;0;0;0;0;0;0;0;0;0;0;0;0;0;1;0;1;0;0;0;0;0;0
15131;Le Monteil;84;15;0;0;0;0;0;0;0;0;0;0;0;0;0;0;0;0;0;0;0;1;0;0;0;0;0;0;2;0;1;0;0;0;0;1;0;0;0
15132;Montgreleix;84;15;0;0;0;0;0;0;0;0;0;0;0;0;0;0;0;0;0;0;0;0;0;0;0;0;0;0;0;0;0;0;0;0;0;1;0;0;0
15133;Montmurat;84;15;0;0;0;0;0;0;0;0;0;0;0;0;0;0;0;0;0;0;0;0;0;0;0;0;2;0;1;0;0;0;0;0;0;0;0;0;0
15134;Montsalvy;84;15;0;1;0;0;0;0;0;0;0;0;1;0;0;0;0;2;1;1;0;0;3;0;0;0;2;1;2;4;3;0;2;0;0;2;0;0;0
15135;Montvert;84;15;0;0;0;0;0;0;0;0;0;0;0;0;0;0;0;0;0;0;0;0;1;0;0;0;0;0;1;0;0;0;0;0;0;0;0;0;0
15136;Mourjou;84;15;0;0;0;0;0;0;0;0;0;0;0;0;0;0;0;0;0;0;1;0;0;0;0;0;1;0;0;0;0;0;0;0;0;1;0;0;0
15137;Moussages;84;15;0;0;0;0;0;0;0;0;0;0;0;0;0;0;0;0;0;0;0;1;0;0;0;0;1;1;1;1;0;0;1;0;0;1;0;0;0
15138;Murat;84;15;0;1;0;0;0;0;0;0;0;0;1;0;1;0;0;4;1;1;0;0;5;1;0;2;3;4;4;7;3;1;5;1;0;11;0;1;2
15139;Narnhac;84;15;0;0;0;0;0;0;0;0;0;0;0;0;0;0;0;0;0;0;0;0;0;0;0;0;0;0;0;0;0;0;0;0;0;0;0;0;0
15140;Naucelles;84;15;0;0;0;0;0;0;0;0;0;0;0;0;0;0;0;0;0;1;0;0;5;0;0;0;5;5;0;3;4;0;2;0;0;2;2;0;0
15141;Neussargues-Moissac;84;15;0;1;0;0;0;0;0;0;0;0;0;0;0;0;0;1;0;1;0;0;2;0;0;0;1;1;1;3;0;0;3;1;0;2;0;0;0
15142;Neuvéglise;84;15;0;1;0;0;0;0;0;0;0;0;0;0;0;0;0;0;0;1;0;0;1;0;0;0;3;0;3;4;1;0;2;0;0;2;0;0;0
15143;Nieudan;84;15;0;0;0;0;0;0;0;0;0;0;0;0;0;0;0;0;0;0;0;0;0;0;0;0;0;0;0;0;0;0;0;0;0;0;0;0;0
15144;Omps;84;15;0;0;0;0;0;0;0;0;0;0;0;0;0;0;0;0;0;0;0;0;1;0;0;0;0;0;1;0;0;0;1;0;0;0;0;0;0
15145;Oradour;84;15;0;0;0;0;0;0;0;0;0;0;0;0;0;0;0;0;0;0;0;0;0;0;0;0;0;0;0;0;1;0;0;0;0;0;0;0;0
15146;Pailherols;84;15;0;0;0;0;0;0;0;0;0;0;0;0;0;0;0;0;0;0;0;0;0;0;0;0;0;0;1;0;0;0;0;0;0;1;0;0;0
15147;Parlan;84;15;0;0;0;0;0;0;0;0;0;0;0;0;0;0;0;0;0;0;0;1;0;0;0;0;0;1;2;1;1;0;1;0;0;0;0;0;0
15148;Paulhac;84;15;0;0;0;0;0;0;0;0;0;0;0;0;0;0;0;0;0;0;1;0;1;0;0;0;2;0;2;0;0;0;0;0;0;1;0;0;0
15149;Paulhenc;84;15;0;0;0;0;0;0;0;0;0;0;0;0;0;0;0;0;0;0;0;0;0;0;0;0;1;2;0;0;0;0;0;0;0;1;0;0;0
15151;Peyrusse;84;15;0;0;0;0;0;0;0;0;0;0;0;0;0;0;0;0;0;0;0;0;0;0;0;0;0;0;0;0;0;0;0;0;0;0;0;0;0
15152;Pierrefort;84;15;0;1;0;0;0;0;0;0;0;0;0;0;1;0;0;2;0;1;0;0;4;0;0;0;3;0;3;3;1;1;2;2;0;1;0;0;0
15153;Pleaux;84;15;0;1;0;0;0;0;0;0;0;0;0;0;0;0;0;3;0;1;0;1;4;0;0;0;3;4;4;4;3;0;2;1;0;8;1;0;0
15154;Polminhac;84;15;0;0;0;0;0;0;0;0;0;0;0;0;0;0;0;0;0;0;0;1;3;0;0;0;3;0;4;2;2;0;1;3;0;1;1;0;0
15155;Pradiers;84;15;0;0;0;0;0;0;0;0;0;0;0;0;0;0;0;0;0;0;0;0;0;0;0;0;0;0;0;0;1;0;0;0;0;0;0;0;0
15156;Prunet;84;15;0;0;0;0;0;0;0;0;0;0;0;0;0;0;0;0;0;0;0;0;0;0;0;0;1;0;1;1;2;0;0;0;0;1;0;0;0
15157;Quézac;84;15;0;0;0;0;0;0;0;0;0;0;0;0;0;0;0;0;0;0;0;0;0;0;0;0;0;0;1;0;0;0;0;0;0;2;0;0;0
15158;Rageade;84;15;0;0;0;0;0;0;0;0;0;0;0;0;0;0;0;0;0;0;0;0;0;0;0;0;0;0;0;0;0;0;0;0;0;0;0;0;0
15159;Raulhac;84;15;0;0;0;0;0;0;0;0;0;0;0;0;0;0;0;0;0;0;1;0;1;0;0;0;0;1;0;1;1;0;1;0;0;1;0;0;0
15160;Reilhac;84;15;0;0;0;0;0;0;0;0;0;0;0;0;0;0;0;0;0;0;0;0;0;0;0;0;1;4;6;2;4;0;1;1;0;0;0;0;0
15161;Rézentières;84;15;0;0;0;0;0;0;0;0;0;0;0;0;0;0;0;0;1;0;0;0;0;0;0;0;0;0;0;0;0;0;0;0;0;0;0;0;0
15162;Riom-ès-Montagnes;84;15;0;1;0;0;0;0;0;0;0;0;1;0;0;0;0;5;3;1;0;0;11;1;1;1;6;2;5;4;3;0;7;2;0;8;1;1;1
15163;Roannes-Saint-Mary;84;15;0;0;0;0;0;0;0;0;0;0;0;0;0;0;0;0;0;0;0;1;1;0;0;0;0;1;2;3;0;0;1;0;0;2;0;0;0
15164;Roffiac;84;15;0;0;0;0;0;0;0;0;0;0;0;0;0;0;0;0;0;0;0;0;2;0;0;0;2;0;1;3;0;2;0;7;0;2;0;0;1
15165;Rouffiac;84;15;0;0;0;0;0;0;0;0;0;0;0;0;0;0;0;0;0;0;1;0;0;0;0;0;2;0;1;0;0;1;0;0;0;1;0;0;0
15166;Roumégoux;84;15;0;0;0;0;0;0;0;0;0;0;0;0;0;0;0;0;0;0;0;0;1;0;0;0;1;1;1;0;2;0;0;0;0;1;0;0;0
15167;Rouziers;84;15;0;0;0;0;0;0;0;0;0;0;0;0;0;0;0;0;0;0;0;0;0;0;0;0;0;1;0;0;0;0;0;0;0;0;0;0;0
15168;Ruynes-en-Margeride;84;15;0;1;0;0;0;0;0;0;0;0;0;0;0;0;0;0;0;0;0;1;2;0;0;0;1;1;2;2;0;2;2;0;0;3;0;0;1
15169;Saignes;84;15;0;0;0;0;0;0;0;0;0;0;1;0;0;0;0;2;0;1;0;0;3;0;0;2;1;2;3;1;1;0;2;0;0;1;1;0;1
15170;Saint-Amandin;84;15;0;0;0;0;0;0;0;0;0;0;0;0;0;0;0;0;0;0;0;1;0;0;0;0;1;1;1;2;0;0;0;0;0;0;0;0;0
15171;Sainte-Anastasie;84;15;0;0;0;0;0;0;0;0;0;0;0;0;0;0;0;0;0;0;0;0;0;0;0;0;0;1;0;0;0;0;0;0;0;1;0;0;0
15172;Saint-Antoine;84;15;0;0;0;0;0;0;0;0;0;0;0;0;0;0;0;0;0;0;0;0;0;0;0;0;0;0;0;0;0;0;0;0;0;0;0;0;0
15173;Saint-Bonnet-de-Condat;84;15;0;0;0;0;0;0;0;0;0;0;0;0;0;0;0;0;0;0;1;0;0;0;0;0;0;0;0;0;0;0;0;0;0;0;0;0;0
15174;Saint-Bonnet-de-Salers;84;15;0;0;0;0;0;0;0;0;0;0;0;0;0;0;0;0;0;0;0;1;0;0;0;0;0;0;0;1;0;0;0;0;0;2;0;0;0
15175;Saint-Cernin;84;15;0;1;0;0;0;0;0;0;0;0;0;0;0;0;0;2;0;1;0;0;3;0;0;0;3;0;2;3;3;0;2;0;0;1;0;0;0
15176;Saint-Chamant;84;15;0;0;0;0;0;0;0;0;0;0;0;0;0;0;0;0;0;0;1;0;1;0;0;0;0;0;0;0;0;0;0;0;0;0;0;0;0
15178;Saint-Cirgues-de-Jordanne;84;15;0;0;0;0;0;0;0;0;0;0;0;0;0;0;0;0;0;0;0;0;1;0;0;0;1;0;0;0;0;0;1;0;0;1;0;0;0
15179;Saint-Cirgues-de-Malbert;84;15;0;0;0;0;0;0;0;0;0;0;0;0;0;0;0;0;0;0;0;0;0;0;0;0;0;1;1;0;1;0;1;0;0;0;0;0;0
15180;Saint-Clément;84;15;0;0;0;0;0;0;0;0;0;0;0;0;0;0;0;0;0;0;0;0;0;0;0;0;0;0;0;0;0;0;0;0;0;0;0;0;0
15181;Saint-Constant-Fournoulès;84;15;0;0;0;0;0;0;0;0;0;0;0;0;0;0;0;0;0;0;0;1;1;0;0;0;0;0;3;0;1;1;1;0;0;1;0;0;0
15182;Saint-Étienne-Cantalès;84;15;0;0;0;0;0;0;0;0;0;0;0;0;0;0;0;0;0;0;0;0;0;0;0;0;1;0;0;0;0;0;0;0;0;1;0;0;0
15183;Saint-Étienne-de-Carlat;84;15;0;0;0;0;0;0;0;0;0;0;0;0;0;0;0;0;0;0;0;0;0;0;0;0;0;0;0;0;0;0;0;0;0;1;0;0;0
15184;Saint-Étienne-de-Maurs;84;15;0;0;0;0;0;0;0;0;0;0;0;0;0;0;0;0;0;0;0;0;1;0;0;0;1;1;3;1;1;0;0;0;0;0;0;0;0
15185;Saint-Étienne-de-Chomeil;84;15;0;0;0;0;0;0;0;0;0;0;0;0;0;0;0;0;0;0;1;0;0;0;0;0;0;0;1;1;0;0;0;0;0;1;0;0;0
15186;Sainte-Eulalie;84;15;0;0;0;0;0;0;0;0;0;0;0;0;0;0;0;0;0;0;0;0;1;0;0;0;0;0;1;0;0;0;0;0;0;1;0;0;0
15187;Saint-Flour;84;15;0;1;0;0;1;0;0;0;0;0;2;1;0;0;0;10;4;1;0;1;21;4;0;3;8;15;12;7;7;2;16;0;5;16;6;2;8
15188;Saint-Georges;84;15;0;0;0;0;0;0;0;0;0;0;0;0;0;0;0;0;1;0;0;0;5;1;0;0;0;2;0;0;1;0;3;0;0;1;1;0;0
15189;Saint-Gérons;84;15;0;0;0;0;0;0;0;0;0;0;0;0;0;0;0;0;0;0;0;0;0;0;0;0;2;0;1;1;0;1;0;0;0;3;0;0;0
15190;Saint-Hippolyte;84;15;0;0;0;0;0;0;0;0;0;0;0;0;0;0;0;0;0;0;0;0;0;0;0;0;0;0;0;1;0;0;0;0;0;1;0;0;0
15191;Saint-Illide;84;15;0;0;0;0;0;0;0;0;0;0;0;0;0;0;0;0;0;0;0;1;1;0;0;0;2;0;1;3;2;0;1;0;0;1;0;0;0
15192;Saint-Jacques-des-Blats;84;15;0;0;0;0;0;0;0;0;0;0;0;0;0;0;0;0;0;0;0;1;0;0;0;0;1;0;0;0;0;1;0;0;0;1;0;0;0
15194;Saint-Julien-de-Toursac;84;15;0;0;0;0;0;0;0;0;0;0;0;0;0;0;0;0;0;0;0;0;0;0;0;0;0;0;0;0;0;0;0;0;0;0;0;0;0
15196;Saint-Mamet-la-Salvetat;84;15;0;1;0;0;0;0;0;0;0;0;1;0;2;0;0;1;0;1;0;0;1;1;0;1;8;7;1;6;3;0;1;2;0;2;0;0;0
15198;Sainte-Marie;84;15;0;0;0;0;0;0;0;0;0;0;0;0;0;0;0;0;0;0;0;0;0;0;0;0;0;0;1;0;1;0;1;0;0;0;0;0;0
15199;Saint-Martial;84;15;0;0;0;0;0;0;0;0;0;0;0;0;0;0;0;0;0;0;0;0;0;0;0;0;0;0;0;0;0;0;0;0;0;0;0;0;0
15200;Saint-Martin-Cantalès;84;15;0;0;0;0;0;0;0;0;0;0;0;0;0;0;0;0;0;0;0;1;0;0;0;0;0;0;1;0;0;0;0;0;0;1;0;0;0
15201;Saint-Martin-sous-Vigouroux;84;15;0;0;0;0;0;0;0;0;0;0;0;0;0;0;0;0;0;0;1;0;0;0;0;0;0;0;0;1;0;0;0;0;0;1;0;0;0
15202;Saint-Martin-Valmeroux;84;15;0;1;0;0;0;0;0;0;0;0;1;0;0;0;0;1;1;1;0;0;2;0;0;0;1;3;3;1;2;0;2;4;0;2;1;0;0
15203;Saint-Mary-le-Plain;84;15;0;0;0;0;0;0;0;0;0;0;0;0;0;0;0;0;0;0;0;0;0;0;0;0;0;0;2;0;0;0;0;0;0;0;0;0;0
15204;Saint-Paul-des-Landes;84;15;0;0;0;0;0;0;0;0;0;0;0;0;0;0;0;1;0;1;0;0;3;0;0;1;1;1;2;4;0;0;3;3;0;0;0;0;0
15205;Saint-Paul-de-Salers;84;15;0;0;0;0;0;0;0;0;0;0;0;0;0;0;0;0;0;0;0;0;0;0;0;0;0;0;1;0;0;0;0;0;0;1;0;0;0
15206;Saint-Pierre;84;15;0;0;0;0;0;0;0;0;0;0;0;0;0;0;0;0;0;0;0;0;0;0;0;0;0;0;1;1;0;0;0;0;0;1;0;0;0
15207;Saint-Poncy;84;15;0;0;0;0;0;0;0;0;0;0;0;0;0;0;0;0;0;0;0;1;0;0;0;0;1;0;0;0;1;0;1;0;0;0;0;0;0
15208;Saint-Projet-de-Salers;84;15;0;0;0;0;0;0;0;0;0;0;0;0;0;0;0;0;0;0;1;0;0;0;0;0;1;0;0;0;0;0;0;0;0;0;0;0;0
15209;Saint-Rémy-de-Chaudes-Aigues;84;15;0;0;0;0;0;0;0;0;0;0;0;0;0;0;0;0;0;0;0;0;0;0;0;0;2;0;0;0;0;0;0;0;0;0;0;0;0
15211;Saint-Santin-Cantalès;84;15;0;0;0;0;0;0;0;0;0;0;0;0;0;0;0;0;0;0;1;0;0;0;0;0;2;0;1;1;0;0;0;0;0;1;0;0;0
15212;Saint-Santin-de-Maurs;84;15;0;0;0;0;0;0;0;0;0;0;0;0;0;0;0;0;0;0;0;0;0;0;0;0;0;1;2;0;1;0;0;0;0;0;0;0;0
15213;Saint-Saturnin;84;15;0;0;0;0;0;0;0;0;0;0;0;0;0;0;0;0;0;0;0;1;0;0;0;0;1;0;1;1;2;0;0;0;0;0;0;0;1
15214;Saint-Saury;84;15;0;0;0;0;0;0;0;0;0;0;0;0;0;0;0;0;0;0;0;0;0;0;0;0;0;0;0;0;0;0;0;0;0;0;0;0;0
15215;Saint-Simon;84;15;0;0;0;0;0;0;0;0;0;0;0;0;0;0;0;0;0;0;1;0;0;0;0;0;2;0;2;1;1;1;3;0;0;0;0;0;0
15216;Saint-Urcize;84;15;0;0;0;0;0;0;0;0;0;0;0;0;0;0;0;0;0;0;1;0;1;0;0;0;2;1;1;0;1;0;1;0;0;1;0;0;0
15217;Saint-Victor;84;15;0;0;0;0;0;0;0;0;0;0;0;0;0;0;0;0;0;0;0;0;0;0;0;0;0;0;0;0;0;0;0;0;0;0;0;0;0
15218;Saint-Vincent-de-Salers;84;15;0;0;0;0;0;0;0;0;0;0;0;0;0;0;0;0;0;0;0;0;0;0;0;0;0;0;0;1;0;0;0;0;0;0;0;0;0
15219;Salers;84;15;0;1;0;0;0;0;0;0;0;0;0;0;1;0;0;2;0;1;0;0;1;0;0;0;0;1;3;1;1;0;1;1;0;7;0;0;0
15220;Salins;84;15;0;0;0;0;0;0;0;0;0;0;0;0;0;0;0;0;0;0;0;0;0;0;0;0;1;0;0;1;0;0;0;0;0;0;0;0;0
15221;Sansac-de-Marmiesse;84;15;0;0;0;0;0;0;0;0;0;0;0;0;0;0;0;0;0;1;0;0;3;0;0;0;4;3;0;1;2;1;1;0;0;4;1;0;0
15222;Sansac-Veinazès;84;15;0;0;0;0;0;0;0;0;0;0;0;0;0;0;0;0;0;0;0;0;1;0;0;0;0;0;0;2;0;0;0;0;0;1;0;0;0
15223;Sauvat;84;15;0;0;0;0;0;0;0;0;0;0;0;0;0;0;0;0;0;0;0;0;0;0;0;0;0;0;2;0;0;0;0;0;0;1;0;0;0
15224;La Ségalassière;84;15;0;0;0;0;0;0;0;0;0;0;0;0;0;0;0;0;0;0;0;0;0;0;0;0;0;0;0;0;0;0;0;0;0;0;0;0;0
15225;Ségur-les-Villas;84;15;0;0;0;0;0;0;0;0;0;0;0;0;0;0;0;0;0;0;1;0;0;0;0;0;0;0;0;0;0;0;0;0;0;1;0;0;0
15226;Sénezergues;84;15;0;0;0;0;0;0;0;0;0;0;0;0;0;0;0;0;0;0;0;0;0;0;0;0;1;0;1;0;0;0;0;0;0;1;0;0;0
15227;Sériers;84;15;0;0;0;0;0;0;0;0;0;0;0;0;0;0;0;0;0;0;0;0;0;0;0;0;0;2;0;0;0;0;0;0;0;0;0;0;0
15228;Siran;84;15;0;0;0;0;0;0;0;0;0;0;0;0;0;0;0;0;0;0;1;0;2;0;0;0;0;1;1;0;1;0;1;0;0;0;0;0;0
15229;Soulages;84;15;0;0;0;0;0;0;0;0;0;0;0;0;0;0;0;0;0;0;0;0;0;0;0;0;0;0;0;0;0;0;0;0;0;0;0;0;0
15230;Sourniac;84;15;0;0;0;0;0;0;0;0;0;0;0;0;0;0;0;0;0;0;0;0;0;0;0;0;0;0;0;0;0;0;1;0;0;0;0;0;0
15231;Talizat;84;15;0;0;0;0;0;0;0;0;0;0;0;0;0;0;0;0;0;0;1;0;2;0;0;0;0;0;0;0;1;0;2;0;0;1;0;0;0
15232;Tanavelle;84;15;0;0;0;0;0;0;0;0;0;0;0;0;0;0;0;0;0;0;0;0;0;0;0;0;0;0;0;2;0;0;0;0;0;0;0;0;0
15233;Teissières-de-Cornet;84;15;0;0;0;0;0;0;0;0;0;0;0;0;0;0;0;0;0;0;0;0;0;0;0;0;0;1;1;1;0;0;0;0;0;0;1;0;0
15234;Teissières-lès-Bouliès;84;15;0;0;0;0;0;0;0;0;0;0;0;0;0;0;0;0;0;0;0;1;0;0;0;0;0;0;1;0;0;0;0;0;0;1;0;0;0
15235;Les Ternes;84;15;0;0;0;0;0;0;0;0;0;0;0;0;0;0;0;0;0;0;1;0;0;0;1;0;1;1;0;1;0;0;1;0;0;1;0;0;0
15236;Thiézac;84;15;0;0;0;0;0;0;0;0;0;0;0;0;0;0;0;0;0;0;0;1;1;0;0;0;4;2;0;3;1;0;1;0;0;2;0;0;0
15237;Tiviers;84;15;0;0;0;0;0;0;0;0;0;0;0;0;0;0;0;0;0;0;0;0;0;0;0;0;0;1;0;0;1;0;0;0;0;0;0;0;0
15238;Tournemire;84;15;0;0;0;0;0;0;0;0;0;0;0;0;0;0;0;0;0;0;0;1;0;0;0;0;0;0;0;0;1;0;0;0;0;1;0;0;0
15240;Trémouille;84;15;0;0;0;0;0;0;0;0;0;0;0;0;0;0;0;0;0;0;0;0;0;0;0;0;0;1;1;0;0;0;0;0;0;0;0;0;0
15241;La Trinitat;84;15;0;0;0;0;0;0;0;0;0;0;0;0;0;0;0;0;0;0;0;0;0;0;0;0;0;0;0;0;0;0;0;0;0;0;0;0;0
15242;Le Trioulou;84;15;0;0;0;0;0;0;0;0;0;0;0;0;0;0;0;0;0;0;0;0;0;0;0;0;0;0;0;0;0;0;0;0;0;0;0;0;1
15243;Trizac;84;15;0;0;0;0;0;0;0;0;0;0;0;0;0;0;0;0;1;0;0;1;1;0;0;0;0;1;1;2;2;0;1;2;0;1;1;0;0
15244;Ussel;84;15;0;0;0;0;0;0;0;0;0;0;0;0;0;0;0;0;0;0;0;1;1;0;0;0;1;1;1;0;0;0;0;0;0;1;0;0;0
15245;Vabres;84;15;0;0;0;0;0;0;0;0;0;0;0;0;0;0;0;0;0;0;0;0;0;0;0;0;1;0;0;0;1;0;0;0;0;0;0;0;0
15246;Valette;84;15;0;0;0;0;0;0;0;0;0;0;0;0;0;0;0;0;0;0;0;0;0;0;0;0;0;0;0;1;0;0;0;0;0;1;0;0;0
15247;Valjouze;84;15;0;0;0;0;0;0;0;0;0;0;0;0;0;0;0;0;0;0;0;0;0;0;0;0;0;0;0;0;0;0;0;0;0;0;0;0;0
15248;Valuéjols;84;15;0;0;0;0;0;0;0;0;0;0;0;0;0;0;0;0;0;0;0;1;1;0;1;0;1;0;1;0;0;0;1;0;0;0;0;0;0
15249;Le Vaulmier;84;15;0;0;0;0;0;0;0;0;0;0;0;0;0;0;0;0;0;0;0;0;0;0;0;0;0;0;0;0;0;0;0;0;0;1;0;0;0
15250;Vebret;84;15;0;0;0;0;0;0;0;0;0;0;0;0;0;0;0;0;0;0;0;1;1;0;0;0;0;3;2;2;2;0;0;0;0;0;0;0;0
15251;Védrines-Saint-Loup;84;15;0;0;0;0;0;0;0;0;0;0;0;0;0;0;0;0;0;0;1;0;0;0;0;0;0;0;0;0;0;0;0;0;0;1;0;0;0
15252;Velzic;84;15;0;0;0;0;0;0;0;0;0;0;0;0;0;0;0;0;0;0;0;1;0;0;0;0;2;0;2;2;0;0;0;0;0;1;0;0;0
15253;Vernols;84;15;0;0;0;0;0;0;0;0;0;0;0;0;0;0;0;0;0;0;0;0;0;0;0;0;0;1;0;0;0;0;0;0;0;0;0;0;0
15254;Veyrières;84;15;0;0;0;0;0;0;0;0;0;0;0;0;0;0;0;0;0;0;0;0;1;0;0;0;0;0;0;0;0;0;0;0;0;0;0;0;0
15255;Vézac;84;15;0;0;0;0;0;0;0;0;0;0;0;0;0;0;0;0;0;0;0;1;2;0;0;0;2;3;0;3;1;0;1;0;0;2;1;0;0
15256;Vèze;84;15;0;0;0;0;0;0;0;0;0;0;0;0;0;0;0;0;0;0;0;0;0;0;0;0;0;0;0;0;0;0;0;0;0;0;0;0;0
15257;Vezels-Roussy;84;15;0;0;0;0;0;0;0;0;0;0;0;0;0;0;0;0;0;0;0;0;0;0;0;0;0;0;0;0;0;0;0;0;0;0;0;0;0
15258;Vic-sur-Cère;84;15;0;1;0;0;0;0;0;0;0;0;1;0;0;0;0;3;0;1;0;0;3;0;0;1;4;0;3;3;4;2;4;1;0;3;0;0;1
15259;Vieillespesse;84;15;0;0;0;0;0;0;0;0;0;0;0;0;0;0;0;0;0;0;0;0;1;0;0;0;0;0;0;0;0;0;0;0;0;1;0;0;0
15260;Vieillevie;84;15;0;0;0;0;0;0;0;0;0;0;0;0;0;0;0;0;0;0;1;0;0;0;0;0;2;0;2;0;0;0;0;0;0;0;0;0;0
15261;Le Vigean;84;15;0;0;0;0;0;0;0;0;0;0;0;0;0;0;0;0;0;0;0;0;2;0;0;1;1;2;4;3;1;0;1;0;0;2;0;0;0
15262;Villedieu;84;15;0;0;0;0;0;0;0;0;0;0;0;0;0;0;0;0;0;0;0;0;0;0;0;0;0;1;2;1;0;0;1;0;0;0;0;0;0
15263;Virargues;84;15;0;0;0;0;0;0;0;0;0;0;0;0;0;0;0;0;0;0;0;0;1;0;0;0;0;0;0;0;0;0;0;0;0;1;0;0;0
15264;Vitrac;84;15;0;0;0;0;0;0;0;0;0;0;0;0;0;0;0;0;0;0;0;1;0;0;0;0;0;0;0;0;0;0;0;0;0;0;0;0;0
15265;Ydes;84;15;0;1;0;0;0;0;0;0;0;0;0;0;1;0;0;3;1;1;0;0;3;0;0;0;2;4;8;2;3;0;7;1;0;1;0;0;2
15266;Yolet;84;15;0;0;0;0;0;0;0;0;0;0;0;0;0;0;0;0;0;0;0;0;2;0;0;0;0;0;1;1;1;0;0;0;0;0;0;0;0
15267;Ytrac;84;15;0;0;0;0;0;0;0;0;0;0;0;0;0;0;0;0;0;1;0;0;2;0;0;0;5;6;7;10;9;0;2;0;0;4;1;0;0
15268;Le Rouget-Pers;84;15;0;0;0;0;0;0;0;0;0;0;0;0;0;0;0;3;1;1;0;0;2;0;0;0;0;6;2;2;0;0;2;0;0;3;0;0;2
15269;Besse;84;15;0;0;0;0;0;0;0;0;0;0;0;0;0;0;0;0;0;0;1;0;0;0;0;0;1;0;1;0;0;0;0;0;0;1;0;0;0
16001;Abzac;75;16;0;0;0;0;0;0;0;0;0;0;0;0;0;0;0;0;0;0;0;1;2;0;0;0;2;0;1;0;1;1;1;0;0;2;0;0;1
16002;Les Adjots;75;16;0;0;0;0;0;0;0;0;0;0;0;0;0;0;0;0;0;0;0;0;0;0;0;0;2;1;0;0;1;1;0;0;0;1;0;0;0
16003;Agris;75;16;0;0;0;0;0;0;0;0;0;0;0;0;0;0;0;0;0;0;0;1;3;0;0;0;3;3;3;2;2;0;3;0;0;1;0;0;0
16004;Aignes-et-Puypéroux;75;16;0;0;0;0;0;0;0;0;0;0;0;0;0;0;0;0;0;0;0;0;2;0;0;0;0;0;0;0;0;0;0;0;0;0;0;0;1
16005;Aigre;75;16;0;1;0;0;0;0;0;0;0;0;1;0;0;0;0;3;0;1;0;0;3;0;0;3;1;3;0;2;0;0;4;2;0;2;1;1;2
16007;Alloue;75;16;0;0;0;0;0;0;0;0;0;0;0;0;0;0;0;0;0;0;0;1;0;0;0;0;3;0;0;1;1;1;1;0;0;1;0;0;0
16008;Ambérac;75;16;0;0;0;0;0;0;0;0;0;0;0;0;0;0;0;0;0;0;0;1;0;0;0;0;0;0;1;1;1;1;0;0;0;0;0;0;0
16009;Ambernac;75;16;0;0;0;0;0;0;0;0;0;0;0;0;0;0;0;0;0;0;0;1;3;0;0;0;1;0;0;1;1;1;1;0;0;0;0;0;0
16010;Ambleville;75;16;0;0;0;0;0;0;0;0;0;0;0;0;0;0;0;0;0;0;0;0;0;0;0;0;1;1;0;0;0;0;0;0;0;0;0;0;0
16011;Anais;75;16;0;0;0;0;0;0;0;0;0;0;0;0;0;0;0;0;0;0;0;1;4;0;0;0;3;0;2;0;1;0;0;0;0;0;1;0;0
16012;Angeac-Champagne;75;16;0;0;0;0;0;0;0;0;0;0;0;0;0;0;0;0;0;0;0;1;0;0;0;0;2;1;0;0;0;0;0;0;0;0;1;0;0
16013;Angeac-Charente;75;16;0;0;0;0;0;0;0;0;0;0;0;0;0;0;0;0;0;0;0;0;0;0;0;0;2;0;0;1;0;1;0;0;0;0;0;0;0
16014;Angeduc;75;16;0;0;0;0;0;0;0;0;0;0;0;0;0;0;0;0;0;0;0;0;0;0;0;0;3;1;0;0;0;1;0;0;0;0;0;0;0
16015;Angoulême;75;16;2;1;0;1;1;1;1;1;0;0;5;1;0;1;0;42;7;9;2;0;30;3;6;18;41;85;33;39;27;21;79;6;28;182;58;16;40
16016;Ansac-sur-Vienne;75;16;0;0;0;0;0;0;0;0;0;0;0;0;0;0;0;0;0;0;1;0;0;0;0;0;1;2;0;1;0;0;1;0;0;3;0;0;0
16017;Anville;75;16;0;0;0;0;0;0;0;0;0;0;0;0;0;0;0;0;0;0;0;0;1;0;0;0;0;0;0;0;0;0;0;0;0;0;0;0;0
16018;Ars;75;16;0;0;0;0;0;0;0;0;0;0;0;0;0;0;0;0;0;0;0;1;0;0;0;0;0;1;0;2;0;2;1;0;0;0;0;0;0
16019;Asnières-sur-Nouère;75;16;0;0;0;0;0;0;0;0;0;0;0;0;0;0;0;0;0;0;0;0;2;0;0;0;7;4;5;2;2;3;1;0;0;1;0;0;1
16020;Aubeterre-sur-Dronne;75;16;0;0;0;0;0;0;0;0;0;0;0;0;0;0;0;1;0;0;0;1;2;0;0;0;1;0;0;0;1;0;1;0;0;11;2;0;1
16023;Aunac;75;16;0;0;0;0;0;0;0;0;0;0;0;0;0;0;0;0;0;0;0;1;0;0;0;0;1;0;3;1;0;1;1;0;0;1;1;1;0
16024;Aussac-Vadalle;75;16;0;0;0;0;0;0;0;0;0;0;0;0;0;0;0;0;0;0;0;0;1;0;0;0;0;1;1;0;1;0;0;0;0;2;0;0;0
16025;Baignes-Sainte-Radegonde;75;16;0;1;0;0;0;0;0;0;0;0;0;1;0;0;0;3;0;1;0;0;1;0;0;0;2;2;2;2;2;1;3;0;0;4;2;1;1
16026;Balzac;75;16;0;0;0;0;0;0;0;0;0;0;0;0;1;0;0;0;0;0;0;1;3;0;0;0;4;2;2;2;0;0;0;0;0;1;0;0;1
16027;Barbezières;75;16;0;0;0;0;0;0;0;0;0;0;0;0;0;0;0;0;0;0;0;0;0;0;0;0;0;0;0;0;0;0;0;0;0;0;0;0;0
16028;Barbezieux-Saint-Hilaire;75;16;0;1;0;0;0;0;0;0;0;0;2;1;0;0;0;9;5;1;0;0;20;2;0;3;12;8;12;3;4;2;15;2;2;23;9;2;4
16029;Bardenac;75;16;0;0;0;0;0;0;0;0;0;0;0;0;0;0;0;0;0;0;0;0;0;0;0;0;1;1;0;1;1;2;0;0;0;0;0;0;0
16030;Barret;75;16;0;0;0;0;0;0;0;0;0;0;0;0;0;0;0;0;0;0;0;0;0;0;0;0;7;3;1;0;0;0;0;0;0;0;0;0;0
16031;Barro;75;16;0;0;0;0;0;0;0;0;0;0;0;0;0;0;0;0;0;0;0;0;2;0;0;0;0;0;1;2;0;0;0;0;0;0;0;0;0
16032;Bassac;75;16;0;0;0;0;0;0;0;0;0;0;0;0;0;0;0;0;0;0;0;1;1;0;0;0;1;1;3;2;0;1;0;0;0;0;0;0;0
16033;Bayers;75;16;0;0;0;0;0;0;0;0;0;0;0;0;0;0;0;0;0;0;0;0;1;0;0;0;0;0;0;0;1;0;0;0;0;0;0;0;0
16034;Bazac;75;16;0;0;0;0;0;0;0;0;0;0;0;0;0;0;0;0;0;0;0;0;0;0;0;0;0;1;0;1;0;0;0;0;0;1;0;0;0
16035;Beaulieu-sur-Sonnette;75;16;0;0;0;0;0;0;0;0;0;0;0;0;0;0;0;0;0;0;0;1;1;0;0;0;0;1;0;1;0;1;1;0;0;0;1;0;0
16036;Bécheresse;75;16;0;0;0;0;0;0;0;0;0;0;0;0;0;0;0;0;0;0;0;0;0;0;0;0;0;0;1;0;0;0;1;0;0;0;0;0;0
16037;Bellon;75;16;0;0;0;0;0;0;0;0;0;0;0;0;0;0;0;0;0;0;0;0;0;0;0;0;1;0;0;0;1;0;0;0;0;0;1;0;0
16038;Benest;75;16;0;0;0;0;0;0;0;0;0;0;0;0;0;0;0;0;0;1;0;0;1;0;0;0;4;1;0;1;1;0;1;0;0;2;0;0;0
16039;Bernac;75;16;0;0;0;0;0;0;0;0;0;0;0;0;0;0;0;0;0;0;0;0;0;0;0;0;1;0;0;3;0;0;0;0;0;0;1;0;0
16040;Berneuil;75;16;0;0;0;0;0;0;0;0;0;0;0;0;0;0;0;0;0;0;0;0;0;0;0;0;0;0;0;1;0;0;1;0;0;0;1;0;0
16041;Bessac;75;16;0;0;0;0;0;0;0;0;0;0;0;0;0;0;0;0;0;0;0;0;0;0;0;0;1;0;0;0;0;0;0;0;0;0;0;0;0
16042;Bessé;75;16;0;0;0;0;0;0;0;0;0;0;0;0;0;0;0;0;0;0;0;0;0;0;0;0;0;0;1;0;0;0;0;0;0;0;0;0;0
16044;Bioussac;75;16;0;0;0;0;0;0;0;0;0;0;0;0;0;0;0;0;0;0;0;0;0;0;0;0;1;0;0;1;0;0;0;0;0;1;0;0;0
16045;Birac;75;16;0;0;0;0;0;0;0;0;0;0;0;0;0;0;0;0;0;0;0;0;0;0;0;0;0;0;0;0;0;0;1;0;0;0;0;0;0
16046;Blanzac-Porcheresse;75;16;0;1;0;0;0;0;0;0;0;0;0;0;0;0;0;1;0;1;0;0;4;0;0;0;0;1;3;4;0;0;3;0;0;3;2;0;2
16047;Blanzaguet-Saint-Cybard;75;16;0;0;0;0;0;0;0;0;0;0;0;0;0;0;0;0;0;0;0;0;1;0;0;0;1;1;0;1;1;1;0;0;0;0;0;0;0
16048;Boisbreteau;75;16;0;0;0;0;0;0;0;0;0;0;0;0;0;0;0;0;0;0;0;0;0;0;0;0;0;1;1;0;0;0;0;0;0;0;0;0;0
16049;Bonnes;75;16;0;0;0;0;0;0;0;0;0;0;0;0;0;0;0;0;0;0;0;1;0;0;0;0;3;1;0;0;0;0;1;0;0;3;0;0;1
16050;Bonneuil;75;16;0;0;0;0;0;0;0;0;0;0;0;0;0;0;0;0;0;0;0;0;2;0;0;0;0;0;1;0;2;0;0;0;0;0;0;0;0
16051;Bonneville;75;16;0;0;0;0;0;0;0;0;0;0;0;0;0;0;0;0;0;0;0;0;0;0;0;0;0;0;0;0;0;0;1;0;0;0;0;0;0
16052;Bors (Canton de Tude-et-Lavalette);75;16;0;0;0;0;0;0;0;0;0;0;0;0;0;0;0;0;0;0;0;0;1;0;0;0;2;3;2;0;1;0;0;0;0;1;0;0;0
16053;Bors (Canton de Charente-Sud);75;16;0;0;0;0;0;0;0;0;0;0;0;0;0;0;0;0;0;0;0;0;0;0;0;0;0;0;0;0;0;0;0;0;0;0;0;0;0
16054;Le Bouchage;75;16;0;0;0;0;0;0;0;0;0;0;0;0;0;0;0;0;0;0;0;0;0;0;0;0;0;0;0;0;0;0;0;0;0;0;0;0;0
16055;Bouëx;75;16;0;0;0;0;0;0;0;0;0;0;0;0;0;0;0;0;0;0;0;0;1;0;0;0;3;1;0;0;0;0;1;0;0;1;0;0;0
16056;Bourg-Charente;75;16;0;0;0;0;0;0;0;0;0;0;0;0;0;0;0;0;0;0;1;0;1;0;0;0;0;1;3;1;2;0;1;0;0;1;1;0;0
16057;Bouteville;75;16;0;0;0;0;0;0;0;0;0;0;0;0;0;0;0;0;0;0;0;0;1;0;0;0;2;0;0;2;2;0;0;0;0;0;0;0;0
16058;Boutiers-Saint-Trojan;75;16;0;0;0;0;0;0;0;0;0;0;0;0;0;0;0;0;0;0;0;0;1;0;0;0;3;3;0;1;0;0;3;0;0;0;0;0;0
16059;Brettes;75;16;0;0;0;0;0;0;0;0;0;0;0;0;0;0;0;0;0;0;0;0;0;0;0;0;1;0;0;0;0;0;0;0;0;1;0;0;0
16060;Bréville;75;16;0;0;0;0;0;0;0;0;0;0;0;0;0;0;0;0;0;0;0;1;0;0;0;0;3;0;0;2;0;1;0;0;0;1;0;0;0
16061;Brie;75;16;0;0;0;0;0;0;0;0;0;0;0;0;0;0;0;0;0;1;0;0;4;0;0;0;7;5;3;4;8;2;3;0;0;1;0;1;0
16062;Brie-sous-Barbezieux;75;16;0;0;0;0;0;0;0;0;0;0;0;0;0;0;0;0;0;0;0;0;0;0;0;0;0;0;0;1;0;0;0;0;0;0;0;0;0
16063;Brie-sous-Chalais;75;16;0;0;0;0;0;0;0;0;0;0;0;0;0;0;0;0;0;0;0;0;0;0;0;0;0;0;1;0;0;1;0;0;0;0;0;0;0
16064;Brigueuil;75;16;0;0;0;0;0;0;0;0;0;0;0;0;0;0;0;0;0;0;0;1;1;0;0;0;2;0;5;0;3;0;3;0;0;2;0;0;1
16065;Brillac;75;16;0;0;0;0;0;0;0;0;0;0;0;0;0;0;0;0;0;0;0;1;0;0;0;0;0;0;2;0;2;0;0;0;0;3;0;0;0
16066;Brossac;75;16;0;1;0;0;0;0;0;0;0;0;0;1;0;0;0;2;0;0;0;1;1;0;0;0;1;0;4;2;2;1;2;0;0;6;1;1;0
16067;Bunzac;75;16;0;0;0;0;0;0;0;0;0;0;0;0;0;0;0;0;0;0;0;0;0;0;0;0;2;0;0;1;0;0;1;0;0;1;0;0;0
16068;Cellefrouin;75;16;0;0;0;0;0;0;0;0;0;0;0;0;0;0;0;0;0;0;0;1;0;0;0;0;2;0;5;0;1;0;0;0;0;0;0;0;0
16069;Cellettes;75;16;0;0;0;0;0;0;0;0;0;0;0;0;0;0;0;0;0;0;0;0;1;0;0;0;1;0;1;0;2;0;0;0;0;0;0;0;1
16070;Chabanais;75;16;0;1;0;0;0;0;0;0;0;0;1;0;0;0;0;4;1;1;0;0;2;1;0;1;2;1;2;2;1;0;5;2;1;5;2;0;3
16071;Chabrac;75;16;0;0;0;0;0;0;0;0;0;0;0;0;0;0;0;0;0;0;0;0;1;0;0;0;1;1;3;0;1;0;1;0;0;0;0;0;1
16072;Chadurie;75;16;0;0;0;0;0;0;0;0;0;0;0;0;0;0;0;0;0;0;0;0;1;0;0;0;3;2;2;0;0;1;0;0;0;2;0;0;1
16073;Chalais;75;16;0;1;0;0;0;0;0;0;0;0;1;0;0;0;0;3;2;1;0;0;6;1;0;2;8;1;6;4;2;0;7;1;1;8;6;2;3
16074;Challignac;75;16;0;0;0;0;0;0;0;0;0;0;0;0;0;0;0;0;0;0;0;0;1;0;0;0;2;1;1;0;0;0;0;0;0;0;0;0;0
16075;Champagne-Vigny;75;16;0;0;0;0;0;0;0;0;0;0;0;0;0;0;0;0;0;0;0;0;2;0;0;0;1;0;1;0;0;0;0;0;0;0;0;0;0
16076;Champagne-Mouton;75;16;0;1;0;0;0;0;0;0;0;0;0;0;0;0;0;1;1;1;0;0;3;0;0;1;3;0;2;1;3;1;2;2;0;1;1;0;1
16077;Champmillon;75;16;0;0;0;0;0;0;0;0;0;0;0;0;0;0;0;0;0;0;0;0;0;0;0;0;0;0;1;2;0;0;0;0;0;2;0;0;0
16078;Champniers;75;16;0;0;0;0;0;0;0;0;0;0;0;0;0;0;0;2;1;2;0;0;22;3;0;1;11;18;11;16;6;7;11;1;0;21;4;2;2
16079;Chantillac;75;16;0;0;0;0;0;0;0;0;0;0;0;0;0;0;0;0;0;0;0;0;0;0;0;0;0;0;1;0;0;0;0;0;0;0;0;0;0
16081;La Chapelle;75;16;0;0;0;0;0;0;0;0;0;0;0;0;0;0;0;0;0;0;0;0;0;0;0;0;0;0;0;1;0;0;0;0;0;1;0;0;0
16082;Boisné-La Tude;75;16;0;0;0;0;0;0;0;0;0;0;0;0;0;0;0;0;0;0;0;1;0;0;0;1;3;1;0;0;2;0;0;0;0;2;2;0;0
16083;Charmé;75;16;0;0;0;0;0;0;0;0;0;0;0;0;0;0;0;0;0;0;0;1;0;0;0;0;0;0;0;0;1;0;1;0;0;0;0;0;1
16084;Charras;75;16;0;0;0;0;0;0;0;0;0;0;0;0;0;0;0;0;0;0;1;0;1;0;0;0;0;0;2;0;1;0;1;0;0;0;0;0;0
16085;Chasseneuil-sur-Bonnieure;75;16;0;1;0;0;0;0;0;0;0;0;1;0;0;0;0;5;2;1;0;0;11;1;0;2;5;4;8;2;2;3;5;3;0;10;4;1;3
16086;Chassenon;75;16;0;0;0;0;0;0;0;0;0;0;0;0;0;0;0;0;0;0;0;1;0;0;0;0;3;2;2;4;3;0;1;0;0;0;0;0;1
16087;Chassiecq;75;16;0;0;0;0;0;0;0;0;0;0;0;0;0;0;0;0;0;0;0;0;1;0;0;0;2;0;0;0;0;0;0;0;0;0;0;0;0
16088;Chassors;75;16;0;0;0;0;0;0;0;0;0;0;0;0;0;0;0;0;0;0;0;0;0;0;0;0;0;0;3;1;1;0;0;0;0;2;2;0;0
16089;Châteaubernard;75;16;0;0;0;0;0;0;0;0;0;0;0;0;0;0;0;2;0;1;0;0;14;3;2;1;5;7;4;5;3;2;7;0;0;8;3;3;0
16090;Châteauneuf-sur-Charente;75;16;0;1;0;0;0;0;0;0;0;0;1;0;0;0;0;4;3;1;0;0;5;1;0;2;4;2;8;6;4;3;7;1;0;10;2;1;3
16091;Châtignac;75;16;0;0;0;0;0;0;0;0;0;0;0;0;0;0;0;0;0;0;0;0;0;0;0;0;1;0;0;1;1;0;0;0;0;0;0;0;0
16093;Chazelles;75;16;0;0;0;0;0;0;0;0;0;0;0;0;0;0;0;0;0;0;0;1;4;0;0;0;1;4;7;1;2;1;2;0;0;0;1;0;0
16094;Chenommet;75;16;0;0;0;0;0;0;0;0;0;0;0;0;0;0;0;0;0;0;0;0;1;0;0;0;0;0;1;0;0;0;0;0;0;0;1;0;0
16095;Chenon;75;16;0;0;0;0;0;0;0;0;0;0;0;0;0;0;0;0;0;0;0;0;0;0;0;0;0;0;1;0;0;0;1;0;0;0;0;0;0
16096;Cherves-Châtelars;75;16;0;0;0;0;0;0;0;0;0;0;0;0;0;0;0;0;0;0;1;0;1;0;0;0;1;1;0;0;1;1;1;0;0;0;0;0;0
16097;Cherves-Richemont;75;16;0;0;0;0;0;0;0;0;0;0;0;0;0;0;0;0;0;1;0;0;2;0;0;0;2;5;2;3;2;1;1;0;0;2;0;0;0
16098;La Chèvrerie;75;16;0;0;0;0;0;0;0;0;0;0;0;0;0;0;0;0;0;0;0;0;0;0;0;0;0;0;0;0;0;0;0;0;0;0;0;0;0
16099;Chillac;75;16;0;0;0;0;0;0;0;0;0;0;0;0;0;0;0;0;0;0;0;0;1;0;0;0;0;0;0;0;1;0;0;0;0;0;0;0;0
16100;Chirac;75;16;0;0;0;0;0;0;0;0;0;0;0;0;0;0;0;0;0;0;0;0;1;0;0;0;5;0;0;1;2;0;1;0;0;0;0;0;0
16101;Claix;75;16;0;0;0;0;0;0;0;0;0;0;0;0;0;0;0;0;0;0;0;0;0;0;0;0;6;0;2;1;1;1;0;0;0;1;2;0;1
16102;Cognac;75;16;1;1;0;0;1;0;0;0;0;0;5;1;0;0;0;14;7;3;0;0;24;1;1;10;9;28;16;27;12;8;42;3;15;69;22;2;23
16103;Combiers;75;16;0;0;0;0;0;0;0;0;0;0;0;0;0;0;0;0;0;0;0;0;0;0;0;0;1;1;1;0;0;0;0;0;0;1;0;0;0
16104;Condac;75;16;0;0;0;0;0;0;0;0;0;0;0;0;0;0;0;0;0;0;0;0;0;0;0;0;1;0;0;0;0;0;1;0;0;5;0;0;0
16105;Condéon;75;16;0;0;0;0;0;0;0;0;0;0;0;0;0;0;0;0;0;0;0;1;1;0;0;0;4;0;3;2;0;0;1;0;0;0;3;0;1
16106;Confolens;75;16;0;1;0;0;0;0;0;0;0;0;2;1;0;0;0;7;2;1;0;1;3;2;0;3;7;2;6;2;4;1;5;4;1;18;2;1;3
16107;Coulgens;75;16;0;0;0;0;0;0;0;0;0;0;0;0;0;0;0;0;0;1;0;0;0;0;0;0;1;0;1;0;1;0;1;0;0;0;1;0;0
16108;Coulonges;75;16;0;0;0;0;0;0;0;0;0;0;0;0;0;0;0;0;0;0;0;0;0;0;0;0;0;1;0;0;1;0;0;0;0;0;0;0;0
16109;Courbillac;75;16;0;0;0;0;0;0;0;0;0;0;0;0;0;0;0;0;0;0;0;1;0;0;0;0;1;2;1;2;1;2;1;0;0;0;0;0;1
16110;Courcôme;75;16;0;0;0;0;0;0;0;0;0;0;0;0;0;0;0;0;0;0;0;1;1;0;0;0;2;2;4;1;0;1;0;0;0;0;0;0;0
16111;Courgeac;75;16;0;0;0;0;0;0;0;0;0;0;0;0;0;0;0;0;0;0;0;0;1;0;0;0;0;1;0;0;0;0;0;0;0;0;0;0;0
16112;Courlac;75;16;0;0;0;0;0;0;0;0;0;0;0;0;0;0;0;0;0;0;0;0;2;0;0;0;0;0;0;0;1;0;0;0;0;0;0;0;0
16113;La Couronne;75;16;0;0;0;0;0;0;0;0;0;0;1;1;0;0;0;6;1;2;0;0;16;1;0;2;8;19;14;6;8;5;13;3;0;15;2;2;4
16114;Couture;75;16;0;0;0;0;0;0;0;0;0;0;0;0;0;0;0;0;0;0;0;0;1;0;0;0;1;0;1;0;0;0;0;0;0;0;0;0;0
16115;Cressac-Saint-Genis;75;16;0;0;0;0;0;0;0;0;0;0;0;0;0;0;0;0;0;0;0;0;2;0;0;0;1;0;1;0;0;0;0;0;0;1;0;0;0
16116;Criteuil-la-Magdeleine;75;16;0;0;0;0;0;0;0;0;0;0;0;0;0;0;0;0;0;0;1;0;0;0;0;0;2;1;0;1;0;2;0;0;0;1;0;0;0
16117;Curac;75;16;0;0;0;0;0;0;0;0;0;0;0;0;0;0;0;0;0;0;0;0;0;0;0;0;0;0;0;0;0;1;0;0;0;0;0;0;0
16118;Deviat;75;16;0;0;0;0;0;0;0;0;0;0;0;0;0;0;0;0;0;0;1;0;0;0;0;0;0;0;0;0;0;0;0;0;0;0;0;0;0
16119;Dignac;75;16;0;0;0;0;0;0;0;0;0;0;0;0;0;0;0;2;0;1;0;0;4;0;0;0;4;3;5;2;1;1;2;0;0;1;1;0;0
16120;Dirac;75;16;0;0;0;0;0;0;0;0;0;0;0;0;0;0;0;0;0;0;0;0;5;0;0;0;3;2;3;1;1;3;1;0;0;2;0;0;1
16121;Douzat;75;16;0;0;0;0;0;0;0;0;0;0;0;0;0;0;0;0;0;0;0;1;0;0;0;0;1;1;2;1;0;0;0;0;0;1;0;0;0
16122;Ébréon;75;16;0;0;0;0;0;0;0;0;0;0;0;0;0;0;0;0;0;0;0;0;1;0;0;0;1;1;1;0;0;0;0;0;0;0;0;0;0
16123;Échallat;75;16;0;0;0;0;0;0;0;0;0;0;0;0;0;0;0;0;0;0;0;0;0;0;0;0;3;1;1;0;1;0;0;0;0;0;1;0;0
16124;Écuras;75;16;0;0;0;0;0;0;0;0;0;0;0;0;0;0;0;0;0;0;0;1;2;0;0;0;2;0;2;1;1;1;0;0;0;5;2;0;0
16125;Édon;75;16;0;0;0;0;0;0;0;0;0;0;0;0;0;0;0;0;0;0;0;0;2;0;0;0;1;1;2;1;0;0;0;0;0;1;0;0;0
16127;Empuré;75;16;0;0;0;0;0;0;0;0;0;0;0;0;0;0;0;0;0;0;0;0;0;0;0;0;0;0;0;0;0;1;0;0;0;0;0;0;0
16128;Épenède;75;16;0;0;0;0;0;0;0;0;0;0;0;0;0;0;0;0;0;0;0;1;0;0;0;0;1;1;0;0;1;0;1;0;0;0;0;0;1
16129;Éraville;75;16;0;0;0;0;0;0;0;0;0;0;0;0;0;0;0;0;0;0;0;0;0;0;0;0;0;0;0;0;2;0;0;0;0;0;0;0;0
16130;Les Essards;75;16;0;0;0;0;0;0;0;0;0;0;0;0;0;0;0;0;0;0;0;0;0;0;0;0;0;0;0;0;0;1;0;0;0;0;0;0;0
16131;Esse;75;16;0;0;0;0;0;0;0;0;0;0;0;0;0;0;0;0;0;0;1;0;0;0;0;0;0;1;3;0;0;0;1;0;0;1;0;0;0
16132;Étagnac;75;16;0;0;0;0;0;0;0;0;0;0;0;0;0;0;0;0;0;0;0;1;2;0;0;0;2;2;1;2;0;2;1;0;0;0;1;0;0
16133;Étriac;75;16;0;0;0;0;0;0;0;0;0;0;0;0;0;0;0;0;0;0;0;0;1;0;0;0;0;0;1;0;0;0;0;0;0;0;0;0;0
16134;Exideuil;75;16;0;0;0;0;0;0;0;0;0;0;0;0;0;0;0;0;0;0;0;1;2;0;0;0;1;2;0;1;0;0;0;0;0;2;2;0;0
16135;Eymouthiers;75;16;0;0;0;0;0;0;0;0;0;0;0;0;0;0;0;0;0;0;0;1;0;0;0;0;2;0;0;0;0;0;1;0;0;1;0;0;0
16136;La Faye;75;16;0;0;0;0;0;0;0;0;0;0;0;0;0;0;0;0;0;0;0;0;2;1;0;0;1;2;0;1;1;1;0;1;0;1;0;0;0
16137;Feuillade;75;16;0;0;0;0;0;0;0;0;0;0;0;0;0;0;0;0;0;0;0;0;2;0;0;0;1;0;0;0;1;0;1;0;0;0;0;0;0
16138;Fléac;75;16;0;0;0;0;0;0;0;0;0;0;0;0;0;0;0;0;0;1;0;0;6;0;0;1;1;6;4;2;5;5;3;1;0;3;2;1;3
16139;Fleurac;75;16;0;0;0;0;0;0;0;0;0;0;0;0;0;0;0;0;0;0;0;0;0;0;0;0;0;1;0;0;0;0;0;0;0;0;0;0;0
16140;Fontclaireau;75;16;0;0;0;0;0;0;0;0;0;0;0;0;0;0;0;0;0;0;0;0;1;1;0;0;2;0;1;0;1;0;0;0;0;0;1;0;0
16141;Fontenille;75;16;0;0;0;0;0;0;0;0;0;0;0;0;0;0;0;0;0;0;0;0;1;0;0;0;0;0;0;0;0;0;0;0;0;1;0;0;1
16142;La Forêt-de-Tessé;75;16;0;0;0;0;0;0;0;0;0;0;0;0;0;0;0;0;0;0;0;0;0;0;0;0;2;0;0;1;1;0;0;0;0;0;0;0;0
16143;Fouquebrune;75;16;0;0;0;0;0;0;0;0;0;0;0;0;0;0;0;0;0;0;0;0;0;0;0;0;4;0;1;1;2;4;0;0;0;0;0;0;0
16144;Fouqueure;75;16;0;0;0;0;0;0;0;0;0;0;0;0;0;0;0;0;0;0;0;1;1;0;0;0;3;0;2;0;0;0;1;0;0;1;0;0;0
16145;Foussignac;75;16;0;0;0;0;0;0;0;0;0;0;0;0;0;0;0;0;0;0;0;0;0;0;0;0;2;0;0;2;0;0;1;0;0;0;0;0;0
16146;Garat;75;16;0;0;0;0;0;0;0;0;0;0;0;0;0;0;0;0;0;1;0;0;2;1;0;0;4;4;2;2;6;1;1;0;0;1;1;0;0
16147;Gardes-le-Pontaroux;75;16;0;0;0;0;0;0;0;0;0;0;0;0;0;0;0;0;0;0;0;0;0;0;0;0;1;1;0;0;0;0;0;0;0;2;0;0;0
16148;Genac-Bignac;75;16;0;0;0;0;0;0;0;0;0;0;0;0;0;0;0;0;0;0;1;0;2;0;0;0;1;0;4;2;2;0;1;0;0;0;1;0;0
16149;Genouillac;75;16;0;0;0;0;0;0;0;0;0;0;0;0;0;0;0;0;0;0;0;1;2;0;0;0;3;1;0;2;0;0;1;0;0;0;0;0;0
16150;Gensac-la-Pallue;75;16;0;0;0;0;0;0;0;0;0;0;0;0;0;0;0;0;1;1;0;0;1;0;0;0;4;4;1;1;3;2;1;0;0;1;0;0;1
16151;Genté;75;16;0;0;0;0;0;0;0;0;0;0;0;0;0;0;0;0;0;0;0;0;1;0;0;0;2;3;3;1;2;0;2;0;0;2;0;0;1
16152;Gimeux;75;16;0;0;0;0;0;0;0;0;0;0;0;0;0;0;0;0;0;0;0;0;0;0;0;0;0;3;0;0;0;0;1;0;0;0;0;0;0
16153;Gondeville;75;16;0;0;0;0;0;0;0;0;0;0;0;0;0;0;0;0;1;0;0;0;3;0;0;0;1;0;1;1;0;0;0;0;0;2;1;0;0
16154;Gond-Pontouvre;75;16;0;0;0;0;0;0;0;0;0;0;1;0;0;0;0;6;0;1;0;0;22;1;0;2;14;8;8;14;5;6;8;1;0;18;3;1;7
16155;Les Gours;75;16;0;0;0;0;0;0;0;0;0;0;0;0;0;0;0;0;0;0;0;0;0;0;0;0;1;0;0;0;1;0;0;0;0;1;0;0;0
16156;Gourville;75;16;0;0;0;0;0;0;0;0;0;0;0;0;0;0;0;0;0;0;0;1;0;2;0;0;2;2;2;1;0;0;2;0;0;0;0;0;0
16157;Le Grand-Madieu;75;16;0;0;0;0;0;0;0;0;0;0;0;0;0;0;0;0;0;0;0;0;1;0;0;0;0;0;0;0;0;0;0;0;0;0;0;0;0
16158;Grassac;75;16;0;0;0;0;0;0;0;0;0;0;0;0;0;0;0;0;0;0;0;0;0;0;0;0;0;2;0;2;1;0;0;0;0;0;0;0;0
16160;Guimps;75;16;0;0;0;0;0;0;0;0;0;0;0;0;0;0;0;0;0;0;0;1;0;0;0;0;2;2;2;1;3;0;1;0;0;0;0;0;0
16161;Guizengeard;75;16;0;0;0;0;0;0;0;0;0;0;0;0;0;0;0;0;0;0;0;0;1;0;0;0;1;0;0;0;1;0;1;0;0;0;0;0;0
16162;Gurat;75;16;0;0;0;0;0;0;0;0;0;0;0;0;0;0;0;0;0;0;0;1;0;0;0;0;0;0;0;1;0;0;0;0;0;1;0;0;0
16163;Hiersac;75;16;0;1;0;0;0;0;0;0;0;0;0;0;0;0;0;2;0;0;0;1;3;0;0;0;4;0;0;2;1;1;3;1;0;1;1;0;1
16164;Hiesse;75;16;0;0;0;0;0;0;0;0;0;0;0;0;0;0;0;0;0;0;1;0;0;0;0;0;0;0;0;0;0;0;0;0;0;0;0;0;0
16165;Houlette;75;16;0;0;0;0;0;0;0;0;0;0;0;0;0;0;0;0;0;0;1;0;0;0;0;0;2;3;0;2;0;0;1;0;0;0;0;0;0
16166;L'Isle-d'Espagnac;75;16;0;0;0;0;0;0;0;0;0;0;0;0;0;0;0;2;1;1;0;0;16;2;1;1;8;14;4;6;8;1;7;3;0;13;4;1;5
16167;Jarnac;75;16;0;1;0;0;0;0;0;0;0;0;1;0;0;0;0;8;2;1;0;0;9;2;0;3;7;7;5;9;3;2;14;1;0;12;5;2;5
16168;Jauldes;75;16;0;0;0;0;0;0;0;0;0;0;0;0;0;0;0;0;0;0;0;1;0;0;0;0;3;2;1;2;1;2;3;0;0;0;0;0;2
16169;Javrezac;75;16;0;0;0;0;0;0;0;0;0;0;0;0;0;0;0;0;0;0;0;0;2;0;0;0;2;1;0;0;0;0;1;0;0;1;0;0;0
16170;Juignac;75;16;0;0;0;0;0;0;0;0;0;0;0;0;0;0;0;0;0;0;0;0;0;0;0;0;2;0;1;1;1;0;1;0;0;0;2;0;0
16171;Juillac-le-Coq;75;16;0;0;0;0;0;0;0;0;0;0;0;0;0;0;0;0;0;0;1;0;1;0;0;0;3;1;2;2;2;0;1;0;0;0;0;0;0
16173;Juillé;75;16;0;0;0;0;0;0;0;0;0;0;0;0;0;0;0;0;0;0;0;0;0;0;0;0;0;0;1;0;0;0;1;0;0;0;0;0;0
16174;Julienne;75;16;0;0;0;0;0;0;0;0;0;0;0;0;0;0;0;0;0;0;0;0;1;0;0;0;2;3;2;0;2;0;0;0;0;1;0;0;1
16175;Val des Vignes;75;16;0;0;0;0;0;0;0;0;0;0;0;0;0;0;0;0;0;0;0;1;2;0;0;0;7;2;8;0;2;3;2;0;0;0;3;0;0
16176;Lachaise;75;16;0;0;0;0;0;0;0;0;0;0;0;0;0;0;0;0;0;0;0;0;0;0;0;0;1;0;0;1;0;0;1;0;0;0;0;0;0
16177;Ladiville;75;16;0;0;0;0;0;0;0;0;0;0;0;0;0;0;0;0;0;0;0;0;0;0;0;0;0;0;0;0;0;0;0;0;0;0;0;0;0
16178;Lagarde-sur-le-Né;75;16;0;0;0;0;0;0;0;0;0;0;0;0;0;0;0;0;0;0;0;0;0;0;0;0;1;0;0;0;0;0;0;0;0;0;0;0;0
16180;Laprade;75;16;0;0;0;0;0;0;0;0;0;0;0;0;0;0;0;0;0;0;0;0;1;0;0;0;1;2;1;1;0;1;0;0;0;1;0;0;0
16181;Lessac;75;16;0;0;0;0;0;0;0;0;0;0;0;0;0;0;0;0;0;0;0;1;0;0;0;0;2;2;0;1;1;0;1;0;0;1;1;0;0
16182;Lesterps;75;16;0;0;0;0;0;0;0;0;0;0;0;0;0;0;0;0;0;0;0;1;3;0;0;0;3;1;0;1;1;0;0;0;0;1;0;1;0
16183;Lésignac-Durand;75;16;0;0;0;0;0;0;0;0;0;0;0;0;0;0;0;0;0;0;1;0;0;0;0;0;0;0;1;1;0;0;0;0;0;1;1;0;0
16184;Lichères;75;16;0;0;0;0;0;0;0;0;0;0;0;0;0;0;0;0;0;0;0;0;0;0;0;0;0;1;0;0;0;0;0;0;0;0;0;0;0
16185;Ligné;75;16;0;0;0;0;0;0;0;0;0;0;0;0;0;0;0;0;0;0;0;0;0;0;0;0;1;1;0;0;0;0;0;0;0;0;1;0;0
16186;Lignières-Sonneville;75;16;0;0;0;0;0;0;0;0;0;0;0;0;0;0;0;0;0;0;1;0;1;0;0;0;1;0;1;0;2;0;1;0;0;0;0;0;0
16187;Linars;75;16;0;0;0;0;0;0;0;0;0;0;0;0;0;0;0;0;0;0;0;0;3;0;0;0;3;2;3;2;0;2;2;0;0;1;1;0;1
16188;Le Lindois;75;16;0;0;0;0;0;0;0;0;0;0;0;0;0;0;0;0;0;0;0;1;1;0;0;0;4;0;2;0;0;0;1;0;0;1;0;0;0
16189;Londigny;75;16;0;0;0;0;0;0;0;0;0;0;0;0;0;0;0;0;0;0;0;0;1;0;0;0;0;0;3;0;0;0;1;0;0;1;0;0;0
16190;Longré;75;16;0;0;0;0;0;0;0;0;0;0;0;0;0;0;0;0;0;0;0;1;1;0;0;0;1;0;0;0;0;0;0;0;0;0;0;0;0
16191;Lonnes;75;16;0;0;0;0;0;0;0;0;0;0;0;0;0;0;0;0;0;0;0;0;0;0;0;0;0;0;0;0;0;1;0;0;0;0;0;0;0
16192;Roumazières-Loubert;75;16;0;1;0;0;0;0;0;0;0;0;0;0;0;0;0;3;0;1;0;0;3;1;0;2;4;3;1;1;5;0;6;1;1;11;3;1;2
16193;Louzac-Saint-André;75;16;0;0;0;0;0;0;0;0;0;0;0;0;0;0;0;0;0;0;0;0;0;0;0;0;1;1;2;0;0;0;1;0;0;0;0;1;0
16194;Lupsault;75;16;0;0;0;0;0;0;0;0;0;0;0;0;0;0;0;0;0;0;0;0;0;0;0;0;1;0;0;0;0;0;0;0;0;1;0;0;0
16195;Lussac;75;16;0;0;0;0;0;0;0;0;0;0;0;0;0;0;0;0;0;0;0;0;0;0;0;0;1;1;0;0;0;0;0;0;0;0;0;0;0
16196;Luxé;75;16;0;0;0;0;0;0;0;0;0;0;0;0;0;0;0;0;0;0;0;1;0;0;0;0;3;1;1;0;2;1;2;0;0;1;0;0;1
16197;La Magdeleine;75;16;0;0;0;0;0;0;0;0;0;0;0;0;0;0;0;0;0;0;0;0;1;0;0;0;0;0;0;0;0;0;0;0;0;0;0;0;0
16198;Magnac-Lavalette-Villars;75;16;0;0;0;0;0;0;0;0;0;0;0;0;0;0;0;0;0;0;0;0;0;0;0;0;0;0;1;0;0;1;0;0;0;0;1;0;0
16199;Magnac-sur-Touvre;75;16;0;0;0;0;0;0;0;0;0;0;0;0;0;0;0;1;0;1;0;0;3;0;0;1;2;6;7;3;5;1;4;1;0;1;1;0;0
16200;Maine-de-Boixe;75;16;0;0;0;0;0;0;0;0;0;0;0;0;0;0;0;0;0;0;0;0;2;0;0;0;1;2;1;1;1;0;0;0;0;1;0;0;0
16202;Mainxe;75;16;0;0;0;0;0;0;0;0;0;0;0;0;0;0;0;0;0;0;0;0;1;0;0;0;1;0;0;2;1;1;0;0;0;2;0;0;0
16203;Mainzac;75;16;0;0;0;0;0;0;0;0;0;0;0;0;0;0;0;0;0;0;0;0;0;0;0;0;0;2;0;0;1;0;0;0;0;0;0;0;0
16204;Malaville;75;16;0;0;0;0;0;0;0;0;0;0;0;0;0;0;0;0;0;0;0;0;0;0;0;0;0;1;2;0;1;0;0;0;0;0;0;0;0
16205;Manot;75;16;0;0;0;0;0;0;0;0;0;0;0;0;0;0;0;0;0;0;0;1;1;0;0;0;1;1;0;1;0;0;1;0;0;0;1;0;0
16206;Mansle;75;16;0;1;0;0;0;0;0;0;0;0;1;0;0;0;0;3;2;1;0;0;5;1;0;1;1;4;0;2;2;0;7;1;0;7;6;0;3
16207;Marcillac-Lanville;75;16;0;0;0;0;0;0;0;0;0;0;0;0;0;0;0;0;0;0;0;1;0;0;0;0;0;0;1;1;3;0;1;0;0;1;0;0;0
16208;Mareuil;75;16;0;0;0;0;0;0;0;0;0;0;0;0;0;0;0;0;0;0;0;1;0;0;0;0;0;1;0;3;2;0;0;0;0;0;0;0;0
16209;Marillac-le-Franc;75;16;0;0;0;0;0;0;0;0;0;0;0;0;0;0;0;0;0;0;0;0;3;0;0;0;1;1;1;0;0;0;0;0;0;0;0;0;0
16210;Marsac;75;16;0;0;0;0;0;0;0;0;0;0;0;0;0;0;0;0;0;0;0;0;0;0;0;0;1;2;0;1;0;0;0;0;0;2;0;0;0
16211;Marthon;75;16;0;1;0;0;0;0;0;0;0;0;0;0;0;0;0;1;1;1;0;0;2;0;0;1;3;1;1;0;1;0;2;0;0;0;0;0;1
16212;Massignac;75;16;0;0;0;0;0;0;0;0;0;0;0;0;0;0;0;0;0;0;0;1;3;0;0;0;2;2;0;1;0;0;0;0;0;1;0;0;0
16213;Mazerolles;75;16;0;0;0;0;0;0;0;0;0;0;0;0;0;0;0;0;0;0;0;0;1;0;0;0;1;0;0;1;2;1;0;0;0;0;1;0;0
16214;Mazières;75;16;0;0;0;0;0;0;0;0;0;0;0;0;0;0;0;0;0;0;0;0;0;0;0;0;0;0;0;0;0;0;2;0;0;0;0;0;0
16215;Médillac;75;16;0;0;0;0;0;0;0;0;0;0;0;0;0;0;0;0;0;0;0;0;1;0;0;0;0;0;0;0;0;0;0;0;0;0;1;0;0
16216;Mérignac;75;16;0;0;0;0;0;0;0;0;0;0;0;0;0;0;0;0;0;0;0;1;1;0;0;0;0;0;1;1;1;1;1;0;0;3;1;0;1
16217;Merpins;75;16;0;0;0;0;0;0;0;0;0;0;0;0;0;0;0;0;0;0;0;1;2;1;0;1;2;0;0;3;0;1;0;0;0;0;1;0;1
16218;Mesnac;75;16;0;0;0;0;0;0;0;0;0;0;0;0;0;0;0;0;0;0;0;0;0;0;0;0;1;1;1;2;1;1;0;0;0;0;0;0;0
16220;Les Métairies;75;16;0;0;0;0;0;0;0;0;0;0;0;0;0;0;0;0;0;0;0;0;0;0;0;0;0;0;1;1;2;0;1;0;0;0;0;0;2
16221;Mons;75;16;0;0;0;0;0;0;0;0;0;0;0;0;0;0;0;0;0;0;0;0;0;0;0;0;2;0;0;0;1;0;0;0;0;0;0;0;0
16222;Montboyer;75;16;0;0;0;0;0;0;0;0;0;0;0;0;0;0;0;0;0;0;0;1;1;0;0;0;3;1;3;0;0;0;0;0;0;1;0;0;0
16223;Montbron;75;16;0;1;0;0;0;0;0;0;0;0;1;0;0;0;0;2;3;1;0;0;7;1;0;2;2;8;3;2;4;2;3;1;0;9;3;1;2
16224;Montmérac;75;16;0;0;0;0;0;0;0;0;0;0;0;0;0;0;0;0;0;0;0;0;0;0;0;0;1;3;2;0;0;0;1;0;0;0;0;0;0
16225;Montemboeuf;75;16;0;1;0;0;0;0;0;0;0;0;0;0;0;0;0;1;0;1;0;0;1;0;0;0;3;0;0;1;0;1;0;1;0;1;0;0;0
16226;Montignac-Charente;75;16;0;1;0;0;0;0;0;0;0;0;0;0;0;0;0;1;0;1;0;0;1;0;0;1;2;0;1;1;0;0;2;0;0;1;0;0;0
16227;Montignac-le-Coq;75;16;0;0;0;0;0;0;0;0;0;0;0;0;0;0;0;0;0;0;0;0;0;0;0;0;0;0;1;1;0;1;0;0;0;0;0;0;0
16228;Montigné;75;16;0;0;0;0;0;0;0;0;0;0;0;0;0;0;0;0;0;0;0;0;0;0;0;0;0;0;1;0;0;0;0;0;0;0;0;0;0
16229;Montjean;75;16;0;0;0;0;0;0;0;0;0;0;0;0;0;0;0;0;0;0;0;1;0;0;0;0;1;1;1;0;1;0;1;0;0;1;0;0;0
16230;Montmoreau-Saint-Cybard;75;16;0;1;0;0;0;0;0;0;0;0;0;0;0;0;0;2;1;1;0;0;4;1;0;1;2;0;0;2;2;0;4;1;0;2;2;0;1
16231;Montrollet;75;16;0;0;0;0;0;0;0;0;0;0;0;0;0;0;0;0;0;0;0;1;0;0;0;0;1;1;0;1;1;0;0;0;0;1;0;0;1
16232;Mornac;75;16;0;0;0;0;0;0;0;0;0;0;0;0;0;0;0;0;0;1;0;0;5;0;0;1;7;8;1;2;4;0;1;0;0;1;0;0;0
16233;Mosnac;75;16;0;0;0;0;0;0;0;0;0;0;0;0;0;0;0;0;0;0;0;0;2;0;0;0;1;3;0;0;0;2;0;0;0;0;0;0;0
16234;Moulidars;75;16;0;0;0;0;0;0;0;0;0;0;0;0;0;0;0;1;0;0;0;1;2;0;0;0;2;1;0;3;1;0;0;0;0;0;0;0;0
16236;Mouthiers-sur-Boëme;75;16;0;0;0;0;0;0;0;0;0;0;0;0;0;0;0;1;0;1;0;0;3;0;0;0;6;5;4;4;2;0;4;0;0;2;0;0;3
16237;Mouton;75;16;0;0;0;0;0;0;0;0;0;0;0;0;0;0;0;0;0;0;0;0;0;0;0;0;1;0;0;0;0;0;0;0;0;0;1;0;0
16238;Moutonneau;75;16;0;0;0;0;0;0;0;0;0;0;0;0;0;0;0;0;0;0;0;0;0;0;0;0;0;0;0;0;0;0;0;0;0;0;0;0;0
16239;Mouzon;75;16;0;0;0;0;0;0;0;0;0;0;0;0;0;0;0;0;0;0;0;0;0;0;0;0;2;0;1;0;0;0;0;0;0;0;0;0;0
16240;Nabinaud;75;16;0;0;0;0;0;0;0;0;0;0;0;0;0;0;0;0;0;0;0;0;0;0;0;0;1;0;0;0;0;0;0;0;0;2;0;0;0
16241;Nanclars;75;16;0;0;0;0;0;0;0;0;0;0;0;0;0;0;0;0;0;0;0;0;0;0;0;0;0;0;0;0;2;0;0;0;0;0;0;0;0
16242;Nanteuil-en-Vallée;75;16;0;0;0;0;0;0;0;0;0;0;0;0;0;0;0;0;0;0;0;1;2;0;0;0;4;3;4;2;2;0;3;0;0;4;0;0;1
16243;Nercillac;75;16;0;0;0;0;0;0;0;0;0;0;0;0;0;0;0;0;0;0;1;0;2;0;0;0;4;2;1;1;0;0;3;0;0;2;1;0;1
16244;Nersac;75;16;0;0;0;0;0;0;0;0;0;0;0;0;0;0;0;0;0;1;0;0;3;2;0;3;2;4;3;5;4;1;3;0;0;5;0;0;1
16245;Nieuil;75;16;0;0;0;0;0;0;0;0;0;0;0;0;0;0;0;0;0;0;0;1;6;0;0;0;0;2;1;1;3;1;2;0;0;2;0;0;0
16246;Nonac;75;16;0;0;0;0;0;0;0;0;0;0;0;0;0;0;0;0;0;0;0;0;2;0;0;0;0;0;0;0;0;0;0;0;0;2;0;0;1
16247;Nonaville;75;16;0;0;0;0;0;0;0;0;0;0;0;0;0;0;0;0;0;0;0;0;0;0;0;0;0;1;1;0;0;0;0;0;0;1;0;0;0
16248;Oradour;75;16;0;0;0;0;0;0;0;0;0;0;0;0;0;0;0;0;0;0;0;0;0;0;0;0;0;1;0;1;0;0;0;0;0;0;0;0;0
16249;Oradour-Fanais;75;16;0;0;0;0;0;0;0;0;0;0;0;0;0;0;0;0;0;0;0;1;0;0;0;0;3;0;1;0;0;0;0;0;0;0;0;0;0
16250;Orgedeuil;75;16;0;0;0;0;0;0;0;0;0;0;0;0;0;0;0;0;0;0;0;0;0;0;0;0;0;0;0;1;0;0;0;0;0;0;0;0;0
16251;Oriolles;75;16;0;0;0;0;0;0;0;0;0;0;0;0;0;0;0;0;0;0;0;1;1;0;0;0;0;0;1;3;0;0;0;0;0;0;0;0;2
16252;Orival;75;16;0;0;0;0;0;0;0;0;0;0;0;0;0;0;0;0;0;0;0;0;2;0;0;0;0;1;0;0;0;0;0;0;0;0;0;0;0
16253;Paizay-Naudouin-Embourie;75;16;0;0;0;0;0;0;0;0;0;0;0;0;0;0;0;0;0;0;0;1;1;0;0;0;3;1;2;1;0;0;0;0;0;0;0;0;0
16254;Palluaud;75;16;0;0;0;0;0;0;0;0;0;0;0;0;0;0;0;0;0;0;0;1;2;0;0;0;2;0;0;0;0;0;0;0;0;1;0;0;0
16255;Parzac;75;16;0;0;0;0;0;0;0;0;0;0;0;0;0;0;0;0;0;0;0;0;0;0;0;0;0;0;2;0;0;0;0;0;0;0;0;0;0
16256;Passirac;75;16;0;0;0;0;0;0;0;0;0;0;0;0;0;0;0;0;0;0;0;0;0;0;0;0;2;0;0;0;0;1;0;0;0;0;0;0;0
16258;Pérignac;75;16;0;0;0;0;0;0;0;0;0;0;0;0;0;0;0;0;0;0;0;0;1;0;0;0;5;0;4;0;0;0;0;0;0;0;2;0;0
16259;La Péruse;75;16;0;0;0;0;0;0;0;0;0;0;0;0;0;0;0;0;0;0;0;0;1;0;0;0;1;0;1;0;2;0;1;0;0;1;0;0;0
16260;Pillac;75;16;0;0;0;0;0;0;0;0;0;0;0;0;0;0;0;0;0;0;0;0;0;0;0;0;1;1;1;1;0;0;1;0;0;1;1;0;0
16261;Les Pins;75;16;0;0;0;0;0;0;0;0;0;0;0;0;0;0;0;0;0;0;0;0;1;0;0;0;2;1;0;2;0;0;0;0;0;0;0;0;0
16263;Plassac-Rouffiac;75;16;0;0;0;0;0;0;0;0;0;0;0;0;0;0;0;0;0;0;0;0;0;0;0;0;0;0;1;0;0;0;0;0;0;0;0;0;1
16264;Pleuville;75;16;0;0;0;0;0;0;0;0;0;0;0;0;0;0;0;0;0;0;0;1;0;0;0;0;0;0;1;0;0;1;0;0;0;0;0;0;0
16267;Poullignac;75;16;0;0;0;0;0;0;0;0;0;0;0;0;0;0;0;0;0;0;0;0;0;0;0;0;1;0;1;0;0;0;0;0;0;0;1;0;0
16268;Poursac;75;16;0;0;0;0;0;0;0;0;0;0;0;0;0;0;0;0;0;0;0;0;0;0;0;0;0;0;1;2;0;0;0;0;0;0;1;0;0
16269;Pranzac;75;16;0;0;0;0;0;0;0;0;0;0;0;0;0;0;0;0;0;0;0;1;2;0;0;0;2;1;2;1;0;0;2;0;0;1;0;0;2
16270;Pressignac;75;16;0;0;0;0;0;0;0;0;0;0;0;0;0;0;0;0;0;0;0;1;1;0;0;0;0;0;1;0;0;0;2;0;0;2;0;0;0
16271;Puymoyen;75;16;0;0;0;0;0;0;0;0;0;0;0;0;0;0;0;0;1;1;0;0;6;0;0;0;5;7;2;2;5;2;3;0;0;3;3;0;3
16272;Puyréaux;75;16;0;0;0;0;0;0;0;0;0;0;0;0;0;0;0;0;0;0;0;0;0;0;0;0;3;1;1;1;0;0;1;0;0;1;0;1;1
16273;Raix;75;16;0;0;0;0;0;0;0;0;0;0;0;0;0;0;0;0;0;0;0;0;0;0;0;0;0;1;0;1;0;0;0;0;0;0;0;0;0
16274;Rancogne;75;16;0;0;0;0;0;0;0;0;0;0;0;0;0;0;0;0;0;0;0;0;0;0;0;0;0;1;1;1;1;0;0;0;0;0;0;0;0
16275;Ranville-Breuillaud;75;16;0;0;0;0;0;0;0;0;0;0;0;0;0;0;0;0;0;0;0;0;1;0;0;0;1;0;2;1;0;0;0;0;0;0;0;0;1
16276;Reignac;75;16;0;0;0;0;0;0;0;0;0;0;0;0;0;0;0;0;0;0;0;0;2;0;0;0;2;0;2;1;0;1;1;0;0;1;0;0;0
16277;Réparsac;75;16;0;0;0;0;0;0;0;0;0;0;0;0;0;0;0;0;0;0;0;1;2;0;0;0;1;1;1;3;3;1;1;0;0;0;0;0;1
16279;Rioux-Martin;75;16;0;0;0;0;0;0;0;0;0;0;0;0;0;0;0;0;0;0;0;0;0;0;0;0;1;0;1;0;0;0;0;0;0;0;0;0;0
16280;Rivières;75;16;0;0;0;0;0;0;0;0;0;0;0;0;0;0;0;0;0;0;0;0;2;0;1;0;5;3;5;2;0;2;3;0;0;0;1;1;1
16281;La Rochefoucauld;75;16;0;1;0;0;0;0;0;0;0;0;1;0;0;0;0;7;1;1;0;0;8;1;0;2;8;2;7;0;3;0;8;1;0;13;4;0;3
16282;La Rochette;75;16;0;0;0;0;0;0;0;0;0;0;0;0;0;0;0;0;0;0;0;1;1;0;0;0;2;0;0;0;1;0;1;0;0;1;0;0;0
16283;Ronsenac;75;16;0;0;0;0;0;0;0;0;0;0;0;0;0;0;0;0;0;0;0;1;1;0;0;0;3;0;0;0;0;0;1;0;0;0;0;1;0
16284;Rouffiac;75;16;0;0;0;0;0;0;0;0;0;0;0;0;0;0;0;0;0;0;0;0;0;0;0;0;0;2;1;0;0;0;1;0;0;0;0;0;0
16285;Rougnac;75;16;0;0;0;0;0;0;0;0;0;0;0;0;0;0;0;0;0;0;0;1;1;0;0;0;1;0;4;1;1;0;0;0;0;1;0;0;0
16286;Rouillac;75;16;0;1;0;0;0;0;0;0;0;0;1;0;0;0;0;3;2;1;0;0;8;1;0;2;4;3;8;8;2;1;6;3;0;5;3;2;1
16287;Roullet-Saint-Estèphe;75;16;0;0;0;0;0;0;0;0;0;0;0;0;0;0;0;0;1;1;0;0;9;1;0;1;7;4;8;11;8;2;6;0;0;5;0;0;4
16289;Roussines;75;16;0;0;0;0;0;0;0;0;0;0;0;0;0;0;0;0;0;0;0;1;1;0;0;0;0;1;2;1;1;0;0;0;0;0;2;0;1
16290;Rouzède;75;16;0;0;0;0;0;0;0;0;0;0;0;0;0;0;0;0;0;0;0;0;1;0;0;0;1;0;1;1;0;1;0;0;0;1;0;0;0
16291;Ruelle-sur-Touvre;75;16;0;0;0;0;0;0;0;0;0;0;1;0;0;0;0;6;1;1;0;0;7;0;0;1;7;10;7;3;7;1;10;3;0;10;4;1;6
16292;Ruffec;75;16;0;1;0;0;0;0;0;0;0;0;2;1;0;0;0;8;3;1;0;0;18;2;0;3;1;6;6;3;2;0;12;1;2;15;3;4;4
16293;Saint-Adjutory;75;16;0;0;0;0;0;0;0;0;0;0;0;0;0;0;0;0;0;0;0;0;3;0;0;0;1;0;0;0;1;0;0;0;0;1;0;0;0
16294;Saint-Amant-de-Montmoreau;75;16;0;0;0;0;0;0;0;0;0;0;0;0;0;0;0;0;0;0;0;0;1;0;0;0;2;0;1;1;0;0;0;0;0;0;0;0;0
16295;Saint-Amant-de-Boixe;75;16;0;0;0;0;0;0;0;0;0;0;0;0;0;0;0;0;0;1;0;0;3;1;0;0;2;2;3;0;0;1;1;0;0;2;1;0;2
16296;Saint-Amant-de-Bonnieure;75;16;0;0;0;0;0;0;0;0;0;0;0;0;0;0;0;0;0;0;0;0;0;0;0;0;0;0;1;0;2;0;0;0;0;0;0;0;0
16297;Graves-Saint-Amant;75;16;0;0;0;0;0;0;0;0;0;0;0;0;0;0;0;0;0;0;0;1;0;0;0;0;1;1;0;1;0;0;0;0;0;0;0;0;1
16298;Saint-Amant-de-Nouère;75;16;0;0;0;0;0;0;0;0;0;0;0;0;0;0;0;0;0;0;0;0;0;0;0;0;0;0;0;0;1;0;0;0;0;0;0;0;0
16300;Saint-Angeau;75;16;0;0;0;0;0;0;0;0;0;0;0;0;0;0;0;0;0;1;0;0;3;0;0;0;1;0;2;1;0;1;1;0;0;0;0;0;0
16301;Saint-Aulais-la-Chapelle;75;16;0;0;0;0;0;0;0;0;0;0;0;0;0;0;0;0;0;0;0;0;0;0;0;0;0;0;0;0;1;0;0;0;0;0;0;0;0
16302;Saint-Avit;75;16;0;0;0;0;0;0;0;0;0;0;0;0;0;0;0;0;0;0;0;0;1;0;0;0;0;1;2;1;1;0;0;0;0;0;0;0;0
16303;Saint-Bonnet;75;16;0;0;0;0;0;0;0;0;0;0;0;0;0;0;0;0;0;0;0;0;0;0;0;0;0;1;1;1;0;1;0;0;0;1;0;0;0
16304;Saint-Brice;75;16;0;0;0;0;0;0;0;0;0;0;0;0;0;0;0;0;0;0;0;0;1;0;0;0;1;0;0;1;0;1;1;0;0;1;0;0;2
16306;Saint-Christophe;75;16;0;0;0;0;0;0;0;0;0;0;0;0;0;0;0;0;0;0;0;1;1;0;0;0;1;1;0;1;1;1;0;0;0;1;0;0;0
16307;Saint-Ciers-sur-Bonnieure;75;16;0;0;0;0;0;0;0;0;0;0;0;0;0;0;0;0;0;0;0;0;0;0;0;0;0;0;0;0;0;0;0;0;0;0;0;0;0
16308;Saint-Claud;75;16;0;0;0;0;0;0;0;0;0;0;1;0;0;0;0;1;0;1;0;0;1;0;0;0;3;2;5;0;3;0;2;0;0;1;0;0;0
16309;Sainte-Colombe;75;16;0;0;0;0;0;0;0;0;0;0;0;0;0;0;0;0;0;0;0;0;0;0;0;0;0;0;0;0;0;0;0;0;0;0;1;0;0
16310;Saint-Coutant;75;16;0;0;0;0;0;0;0;0;0;0;0;0;0;0;0;0;0;0;0;0;0;0;0;0;2;0;2;1;0;0;0;0;0;0;0;0;0
16312;Saint-Cybardeaux;75;16;0;0;0;0;0;0;0;0;0;0;0;0;0;0;0;0;1;0;0;1;3;0;0;0;1;3;3;0;1;0;1;0;0;0;1;0;1
16314;Saint-Eutrope;75;16;0;0;0;0;0;0;0;0;0;0;0;0;0;0;0;0;0;0;0;0;0;0;0;0;2;1;1;0;1;0;0;0;0;0;0;0;0
16315;Saint-Félix;75;16;0;0;0;0;0;0;0;0;0;0;0;0;0;0;0;0;0;0;0;0;0;0;0;0;0;0;0;0;1;0;0;0;0;0;0;0;0
16316;Saint-Fort-sur-le-Né;75;16;0;0;0;0;0;0;0;0;0;0;0;0;0;0;0;0;0;0;1;0;0;0;0;0;1;1;0;0;1;0;0;0;0;1;0;0;0
16317;Saint-Fraigne;75;16;0;0;0;0;0;0;0;0;0;0;0;0;0;0;0;0;0;0;0;1;0;0;0;0;1;0;0;0;1;0;0;0;0;0;0;0;0
16318;Saint-Front;75;16;0;0;0;0;0;0;0;0;0;0;0;0;0;0;0;0;0;0;0;0;1;0;0;0;2;1;1;1;0;0;0;0;0;0;0;0;0
16320;Saint-Genis-d'Hiersac;75;16;0;0;0;0;0;0;0;0;0;0;0;0;0;0;0;0;1;1;0;0;4;0;0;0;0;0;2;1;2;1;2;0;0;0;1;0;0
16321;Saint-Georges;75;16;0;0;0;0;0;0;0;0;0;0;0;0;0;0;0;0;0;0;0;0;0;0;0;0;0;0;0;0;0;0;0;0;0;0;0;0;0
16323;Saint-Germain-de-Montbron;75;16;0;0;0;0;0;0;0;0;0;0;0;0;0;0;0;0;0;0;0;0;2;0;0;0;2;1;2;1;3;0;1;0;0;0;0;0;0
16325;Saint-Gourson;75;16;0;0;0;0;0;0;0;0;0;0;0;0;0;0;0;0;0;0;0;0;0;0;0;0;0;0;2;0;0;0;0;0;0;0;0;0;0
16326;Saint-Groux;75;16;0;0;0;0;0;0;0;0;0;0;0;0;0;0;0;0;0;0;0;0;0;0;0;0;0;0;0;0;0;0;0;0;0;0;0;0;0
16328;Saint-Laurent-de-Belzagot;75;16;0;0;0;0;0;0;0;0;0;0;0;0;0;0;0;0;0;0;0;0;1;0;0;0;2;1;1;1;1;0;0;0;0;0;0;0;0
16329;Saint-Laurent-de-Céris;75;16;0;0;0;0;0;0;0;0;0;0;0;0;0;0;0;0;0;0;0;1;4;0;0;0;5;2;0;1;0;1;2;0;0;2;0;0;0
16330;Saint-Laurent-de-Cognac;75;16;0;0;0;0;0;0;0;0;0;0;0;0;0;0;0;0;0;0;0;0;1;0;0;0;0;1;1;0;2;1;0;0;0;0;0;0;0
16331;Saint-Laurent-des-Combes;75;16;0;0;0;0;0;0;0;0;0;0;0;0;0;0;0;0;0;0;0;0;0;0;0;0;1;0;0;0;1;1;0;0;0;0;0;0;0
16332;Saint-Léger;75;16;0;0;0;0;0;0;0;0;0;0;0;0;0;0;0;0;0;0;0;0;0;0;0;0;0;1;2;0;1;0;0;0;0;0;0;0;0
16334;Saint-Martial;75;16;0;0;0;0;0;0;0;0;0;0;0;0;0;0;0;0;0;0;0;0;0;0;0;0;1;0;0;0;0;0;0;0;0;2;0;0;0
16335;Saint-Martin-du-Clocher;75;16;0;0;0;0;0;0;0;0;0;0;0;0;0;0;0;0;0;0;0;0;0;0;0;0;0;0;1;1;0;0;0;0;0;0;0;0;0
16336;Saint-Mary;75;16;0;0;0;0;0;0;0;0;0;0;0;0;0;0;0;0;0;0;0;0;0;0;0;0;3;0;1;1;0;0;1;0;0;0;0;0;0
16337;Saint-Maurice-des-Lions;75;16;0;0;0;0;0;0;0;0;0;0;0;0;0;0;0;0;0;0;0;1;2;0;0;0;5;4;3;2;3;0;2;0;0;0;0;0;0
16338;Saint-Médard;75;16;0;0;0;0;0;0;0;0;0;0;0;0;0;0;0;0;0;0;0;0;0;0;0;0;2;2;2;0;0;0;0;0;0;0;0;0;0
16339;Auge-Saint-Médard;75;16;0;0;0;0;0;0;0;0;0;0;0;0;0;0;0;0;0;0;0;0;0;0;0;0;1;1;1;0;0;0;0;0;0;1;0;0;0
16340;Saint-Même-les-Carrières;75;16;0;0;0;0;0;0;0;0;0;0;0;0;0;0;0;0;0;1;0;0;3;0;0;0;5;0;5;4;1;1;3;0;0;3;1;0;2
16341;Saint-Michel;75;16;0;0;0;0;0;0;0;0;0;0;1;0;0;0;0;3;0;1;0;0;1;0;0;2;4;3;2;3;2;2;2;0;0;3;3;0;2
16342;Saint-Palais-du-Né;75;16;0;0;0;0;0;0;0;0;0;0;0;0;0;0;0;0;0;0;0;0;0;0;0;0;2;0;1;0;0;0;1;0;0;1;0;0;0
16343;Saint-Preuil;75;16;0;0;0;0;0;0;0;0;0;0;0;0;0;0;0;0;0;0;0;0;0;0;0;0;0;2;1;1;0;0;0;0;0;0;0;0;0
16344;Saint-Projet-Saint-Constant;75;16;0;0;0;0;0;0;0;0;0;0;0;0;0;0;0;0;0;0;0;0;1;0;0;0;2;2;1;2;1;0;3;0;0;0;0;1;0
16345;Saint-Quentin-sur-Charente;75;16;0;0;0;0;0;0;0;0;0;0;0;0;0;0;0;0;0;0;0;1;0;0;0;0;0;0;0;1;0;0;0;0;0;1;0;0;0
16346;Saint-Quentin-de-Chalais;75;16;0;0;0;0;0;0;0;0;0;0;0;0;0;0;0;0;0;0;0;0;0;0;0;0;1;0;2;0;1;1;0;0;0;0;0;0;0
16347;Saint-Romain;75;16;0;0;0;0;0;0;0;0;0;0;0;0;0;0;0;0;0;0;0;0;1;0;0;0;5;0;2;1;1;0;0;0;0;1;1;0;0
16348;Saint-Saturnin;75;16;0;0;0;0;0;0;0;0;0;0;0;0;0;0;0;0;0;0;0;1;0;0;0;0;3;5;1;6;1;1;2;0;0;1;1;0;1
16349;Sainte-Sévère;75;16;0;0;0;0;0;0;0;0;0;0;0;0;0;0;0;0;0;0;0;1;0;0;0;0;1;1;0;0;0;0;0;0;0;0;0;0;1
16350;Saint-Séverin;75;16;0;0;0;0;0;0;0;0;0;0;0;0;0;0;0;2;0;1;0;0;1;0;0;0;0;2;2;0;1;1;2;0;0;2;1;0;0
16351;Saint-Simeux;75;16;0;0;0;0;0;0;0;0;0;0;0;0;0;0;0;0;0;0;0;0;1;0;0;0;3;0;0;3;1;0;0;0;0;1;1;0;0
16352;Saint-Simon;75;16;0;0;0;0;0;0;0;0;0;0;0;0;0;0;0;0;0;0;1;0;0;0;0;0;0;0;1;0;0;0;0;0;0;1;0;0;0
16353;Saint-Sornin;75;16;0;0;0;0;0;0;0;0;0;0;0;0;0;0;0;0;0;0;0;1;5;0;0;0;2;2;0;3;4;0;1;0;0;1;0;0;1
16354;Sainte-Souline;75;16;0;0;0;0;0;0;0;0;0;0;0;0;0;0;0;0;0;0;0;0;0;0;0;0;0;0;0;0;0;0;0;0;0;0;0;0;0
16355;Saint-Sulpice-de-Cognac;75;16;0;0;0;0;0;0;0;0;0;0;0;0;0;0;0;0;0;0;0;0;3;0;0;0;1;0;1;1;2;0;1;0;0;0;1;0;1
16356;Saint-Sulpice-de-Ruffec;75;16;0;0;0;0;0;0;0;0;0;0;0;0;0;0;0;0;0;0;0;0;0;0;0;0;0;0;0;0;0;0;0;0;0;0;0;0;0
16357;Saint-Vallier;75;16;0;0;0;0;0;0;0;0;0;0;0;0;0;0;0;0;0;0;0;0;0;0;0;0;1;0;0;0;0;0;0;0;0;0;0;0;0
16358;Saint-Yrieix-sur-Charente;75;16;0;0;0;0;0;0;0;0;0;0;0;0;0;0;0;0;3;1;0;0;14;1;0;1;10;20;11;8;5;4;7;1;0;6;4;0;4
16359;Salles-d'Angles;75;16;0;0;0;0;0;0;0;0;0;0;0;0;0;0;0;0;0;0;0;1;1;0;0;1;2;1;0;1;1;1;1;0;0;0;2;0;0
16360;Salles-de-Barbezieux;75;16;0;0;0;0;0;0;0;0;0;0;0;0;0;0;0;0;0;0;0;0;1;0;0;0;0;1;0;0;1;0;0;0;0;0;0;0;0
16361;Salles-de-Villefagnan;75;16;0;0;0;0;0;0;0;0;0;0;0;0;0;0;0;0;0;0;0;0;0;0;0;0;0;1;0;0;1;0;0;0;0;0;0;0;0
16362;Salles-Lavalette;75;16;0;0;0;0;0;0;0;0;0;0;0;0;0;0;0;0;0;0;0;1;0;0;0;0;1;0;0;0;0;1;0;0;0;1;0;0;0
16363;Saulgond;75;16;0;0;0;0;0;0;0;0;0;0;0;0;0;0;0;0;0;0;0;1;0;0;0;0;1;1;2;2;1;0;0;0;0;1;0;0;0
16364;Sauvagnac;75;16;0;0;0;0;0;0;0;0;0;0;0;0;0;0;0;0;0;0;0;0;0;0;0;0;0;0;0;0;0;0;0;0;0;0;0;0;0
16365;Sauvignac;75;16;0;0;0;0;0;0;0;0;0;0;0;0;0;0;0;0;0;0;0;0;0;0;0;0;0;1;1;0;0;0;1;0;0;0;0;0;0
16366;Segonzac;75;16;0;1;0;0;0;0;0;0;0;0;0;0;0;0;0;3;1;1;0;0;5;0;0;1;6;2;4;0;2;0;5;0;0;2;1;0;2
16368;Sers;75;16;0;0;0;0;0;0;0;0;0;0;0;0;0;0;0;0;0;0;0;1;1;0;1;0;0;1;2;2;0;0;2;0;0;3;0;0;1
16369;Sigogne;75;16;0;0;0;0;0;0;0;0;0;0;0;0;0;0;0;0;0;0;0;1;1;0;0;0;1;1;4;3;1;0;4;0;0;0;2;0;2
16370;Sireuil;75;16;0;0;0;0;0;0;0;0;0;0;0;0;0;0;0;0;0;0;0;1;1;0;0;0;2;1;2;3;2;0;2;0;0;1;0;0;0
16372;Souffrignac;75;16;0;0;0;0;0;0;0;0;0;0;0;0;0;0;0;0;0;0;0;0;0;0;0;0;1;0;0;0;0;0;0;0;0;0;0;0;0
16373;Souvigné;75;16;0;0;0;0;0;0;0;0;0;0;0;0;0;0;0;0;0;0;0;0;1;0;0;0;0;1;0;0;0;0;2;0;0;0;0;0;0
16374;Soyaux;75;16;0;0;0;0;0;0;0;0;0;0;10;0;0;0;0;8;3;2;0;0;19;1;0;2;18;18;6;6;8;5;11;6;1;19;4;3;10
16375;Suaux;75;16;0;0;0;0;0;0;0;0;0;0;0;0;0;0;0;0;0;0;0;1;0;0;0;0;0;0;1;1;1;0;0;0;0;0;2;0;0
16376;Suris;75;16;0;0;0;0;0;0;0;0;0;0;0;0;0;0;0;0;0;0;0;1;0;0;0;0;0;0;0;1;1;0;1;0;0;0;0;0;0
16377;La Tâche;75;16;0;0;0;0;0;0;0;0;0;0;0;0;0;0;0;0;0;0;0;0;0;0;0;0;1;0;0;0;0;0;0;0;0;0;0;0;0
16378;Taizé-Aizie;75;16;0;0;0;0;0;0;0;0;0;0;0;0;0;0;0;0;0;0;0;0;3;0;0;0;3;1;2;0;0;0;1;0;0;0;0;0;0
16379;Taponnat-Fleurignac;75;16;0;0;0;0;0;0;0;0;0;0;0;0;0;0;0;0;0;0;0;0;3;0;0;0;4;3;2;3;1;0;1;0;0;1;0;0;0
16380;Le Tâtre;75;16;0;0;0;0;0;0;0;0;0;0;0;0;0;0;0;0;0;0;0;0;0;0;0;0;2;2;2;0;1;0;0;0;0;0;0;0;1
16381;Theil-Rabier;75;16;0;0;0;0;0;0;0;0;0;0;0;0;0;0;0;0;0;0;0;1;0;0;0;0;2;0;0;1;1;0;0;0;0;0;0;0;0
16382;Torsac;75;16;0;0;0;0;0;0;0;0;0;0;0;0;0;0;0;0;0;0;0;1;0;0;0;0;1;1;1;0;2;0;0;0;0;1;0;0;0
16383;Tourriers;75;16;0;0;0;0;0;0;0;0;0;0;0;0;0;0;0;0;0;0;0;1;5;0;0;0;1;5;2;4;2;0;2;0;0;0;1;0;1
16384;Touvérac;75;16;0;0;0;0;0;0;0;0;0;0;0;0;0;0;0;0;0;0;0;0;4;1;0;0;2;3;2;1;0;1;0;1;0;3;1;0;1
16385;Touvre;75;16;0;0;0;0;0;0;0;0;0;0;0;0;0;0;0;0;0;0;0;0;1;0;0;0;3;0;1;1;2;1;3;0;0;3;1;0;0
16386;Touzac;75;16;0;0;0;0;0;0;0;0;0;0;0;0;0;0;0;0;1;0;1;0;1;0;0;0;1;0;0;0;0;0;1;0;0;1;0;0;0
16387;Triac-Lautrait;75;16;0;0;0;0;0;0;0;0;0;0;0;0;0;0;0;0;0;0;0;0;0;0;0;0;1;0;1;1;1;0;1;0;0;0;0;1;0
16388;Trois-Palis;75;16;0;0;0;0;0;0;0;0;0;0;0;0;0;0;0;0;0;0;0;0;0;0;0;0;3;0;1;1;2;0;0;0;0;0;1;0;0
16389;Turgon;75;16;0;0;0;0;0;0;0;0;0;0;0;0;0;0;0;0;0;0;0;0;0;0;0;0;1;0;0;0;0;0;0;0;0;0;0;0;0
16390;Tusson;75;16;0;0;0;0;0;0;0;0;0;0;0;0;0;0;0;0;0;0;0;1;1;0;0;0;0;0;1;1;1;0;0;0;0;1;0;0;0
16391;Tuzie;75;16;0;0;0;0;0;0;0;0;0;0;0;0;0;0;0;0;0;0;0;0;0;0;0;0;1;1;1;0;0;0;0;0;0;0;0;0;0
16392;Valence;75;16;0;0;0;0;0;0;0;0;0;0;0;0;0;0;0;0;0;0;1;0;1;0;0;0;1;0;1;0;0;0;0;0;0;1;0;0;0
16393;Vars;75;16;0;0;0;0;0;0;0;0;0;0;0;0;0;0;0;0;0;1;0;0;4;0;0;0;4;2;3;2;4;0;4;1;0;3;2;0;4
16394;Vaux-Lavalette;75;16;0;0;0;0;0;0;0;0;0;0;0;0;0;0;0;0;0;0;0;0;0;0;0;0;1;0;0;0;0;0;0;0;0;0;0;0;0
16395;Vaux-Rouillac;75;16;0;0;0;0;0;0;0;0;0;0;0;0;0;0;0;0;0;0;0;0;0;0;0;0;0;0;0;0;0;0;0;0;0;0;0;0;0
16396;Ventouse;75;16;0;0;0;0;0;0;0;0;0;0;0;0;0;0;0;0;0;0;0;0;0;0;0;0;1;0;0;1;0;0;0;0;0;0;0;0;0
16397;Verdille;75;16;0;0;0;0;0;0;0;0;0;0;0;0;0;0;0;0;0;0;0;1;0;0;0;0;1;0;0;1;0;0;1;0;0;1;0;0;0
16398;Verneuil;75;16;0;0;0;0;0;0;0;0;0;0;0;0;0;0;0;0;0;0;0;0;1;0;0;0;1;1;0;1;2;2;0;0;0;1;0;0;0
16399;Verrières;75;16;0;0;0;0;0;0;0;0;0;0;0;0;0;0;0;0;0;0;0;1;1;0;0;0;0;1;1;2;0;0;1;0;0;0;1;0;0
16400;Verteuil-sur-Charente;75;16;0;0;0;0;0;0;0;0;0;0;0;0;0;0;0;0;0;0;0;1;2;0;0;0;5;0;2;1;1;0;2;0;0;4;3;0;0
16401;Vervant;75;16;0;0;0;0;0;0;0;0;0;0;0;0;0;0;0;0;0;0;0;0;0;0;0;0;0;0;0;0;0;0;0;0;0;1;0;0;0
16402;Vibrac;75;16;0;0;0;0;0;0;0;0;0;0;0;0;0;0;0;0;1;0;0;0;0;0;0;0;1;0;0;0;0;0;0;0;0;0;1;0;0
16403;Le Vieux-Cérier;75;16;0;0;0;0;0;0;0;0;0;0;0;0;0;0;0;0;0;0;0;0;0;0;0;0;0;0;0;1;0;0;0;0;0;0;0;0;0
16404;Vieux-Ruffec;75;16;0;0;0;0;0;0;0;0;0;0;0;0;0;0;0;0;0;0;0;0;0;0;0;0;1;0;1;1;1;0;0;0;0;0;1;0;0
16405;Vignolles;75;16;0;0;0;0;0;0;0;0;0;0;0;0;0;0;0;0;0;0;0;0;0;0;0;0;0;0;0;1;0;0;0;0;0;1;0;0;0
16406;Vilhonneur;75;16;0;0;0;0;0;0;0;0;0;0;0;0;0;0;0;0;0;0;0;0;0;0;0;0;1;1;1;1;0;0;0;0;0;1;0;0;0
16408;Villebois-Lavalette;75;16;0;1;0;0;0;0;0;0;0;0;1;0;0;0;0;3;0;1;0;0;1;1;0;0;1;1;3;2;1;0;4;4;0;3;2;0;2
16409;Villefagnan;75;16;0;1;0;0;0;0;0;0;0;0;0;0;0;0;0;1;0;1;0;0;1;0;0;1;0;2;1;1;2;3;3;0;0;2;1;0;1
16410;Villegats;75;16;0;0;0;0;0;0;0;0;0;0;0;0;0;0;0;0;0;0;0;0;3;0;0;0;1;0;0;0;0;0;0;0;0;0;0;0;0
16411;Villejésus;75;16;0;0;0;0;0;0;0;0;0;0;0;0;0;0;0;0;1;0;0;0;4;3;0;0;0;1;2;1;1;0;0;0;0;2;0;0;0
16412;Villejoubert;75;16;0;0;0;0;0;0;0;0;0;0;0;0;0;0;0;0;0;0;0;0;1;0;0;0;1;2;0;1;2;0;0;0;0;0;0;0;0
16413;Villiers-le-Roux;75;16;0;0;0;0;0;0;0;0;0;0;0;0;0;0;0;0;0;0;0;0;1;0;0;0;0;0;0;0;1;0;0;0;0;0;1;0;0
16414;Villognon;75;16;0;0;0;0;0;0;0;0;0;0;0;0;0;0;0;0;0;0;0;0;0;0;0;0;0;0;1;0;0;0;1;0;0;0;0;0;0
16415;Vindelle;75;16;0;0;0;0;0;0;0;0;0;0;0;0;0;0;0;0;0;0;1;0;2;0;0;0;1;5;3;2;1;1;1;0;0;0;0;0;0
16416;Vitrac-Saint-Vincent;75;16;0;0;0;0;0;0;0;0;0;0;0;0;0;0;0;0;0;0;0;1;0;0;0;0;0;1;1;2;3;0;0;0;0;1;0;0;0
16417;Viville;75;16;0;0;0;0;0;0;0;0;0;0;0;0;0;0;0;0;0;0;0;0;0;0;0;0;2;0;0;0;1;0;0;0;0;0;0;0;0
16418;Voeuil-et-Giget;75;16;0;0;0;0;0;0;0;0;0;0;0;0;0;0;0;0;0;0;0;0;2;0;0;0;1;0;1;5;1;1;2;0;0;2;0;0;1
16419;Vouharte;75;16;0;0;0;0;0;0;0;0;0;0;0;0;0;0;0;0;0;0;1;0;0;0;0;0;1;0;0;0;1;1;0;0;0;0;0;0;0
16420;Voulgézac;75;16;0;0;0;0;0;0;0;0;0;0;0;0;0;0;0;0;0;0;0;0;0;0;0;0;0;1;0;0;0;0;0;0;0;0;0;0;0
16421;Vouthon;75;16;0;0;0;0;0;0;0;0;0;0;0;0;0;0;0;0;0;0;0;0;0;0;0;0;1;0;0;1;1;0;1;0;0;1;1;0;0
16422;Vouzan;75;16;0;0;0;0;0;0;0;0;0;0;0;0;0;0;0;0;0;0;0;0;0;0;0;0;2;0;1;0;2;0;1;0;0;1;0;0;0
16423;Xambes;75;16;0;0;0;0;0;0;0;0;0;0;0;0;0;0;0;0;0;0;0;1;2;0;0;0;1;1;0;0;1;0;0;0;0;1;0;0;0
16424;Yviers;75;16;0;0;0;0;0;0;0;0;0;0;0;0;0;0;0;0;0;0;0;0;0;0;0;0;2;2;2;0;1;1;1;0;0;1;1;0;0
16425;Yvrac-et-Malleyrand;75;16;0;0;0;0;0;0;0;0;0;0;0;0;0;0;0;0;0;0;0;0;1;0;0;0;2;0;1;0;0;1;0;0;0;0;0;0;0
17002;Agudelle;75;17;0;0;0;0;0;0;0;0;0;0;0;0;0;0;0;0;0;0;0;0;0;0;0;0;0;1;0;0;0;0;0;0;0;0;0;0;0
17003;Aigrefeuille-d'Aunis;75;17;0;1;0;0;0;0;0;0;0;0;0;0;0;0;0;2;1;1;0;0;5;1;0;1;7;9;9;8;7;2;6;1;1;7;5;1;2
17004;Île-d'Aix;75;17;0;0;0;0;0;0;0;0;0;0;0;0;0;0;0;0;0;0;0;1;0;0;0;0;2;1;0;2;1;0;0;0;0;8;0;0;0
17005;Allas-Bocage;75;17;0;0;0;0;0;0;0;0;0;0;0;0;0;0;0;0;0;0;0;0;0;0;0;0;2;0;2;0;1;0;0;0;0;0;0;0;0
17006;Allas-Champagne;75;17;0;0;0;0;0;0;0;0;0;0;0;0;0;0;0;0;0;0;0;0;0;0;0;0;0;0;1;1;0;0;0;0;0;0;0;0;0
17007;Anais;75;17;0;0;0;0;0;0;0;0;0;0;0;0;0;0;0;0;0;0;0;0;1;0;0;0;2;1;4;0;3;0;1;0;0;0;1;0;0
17008;Andilly;75;17;0;0;0;0;0;0;0;0;0;0;0;0;0;0;0;0;0;1;0;0;4;0;0;0;6;2;9;4;3;0;3;0;0;6;4;0;0
17009;Angliers;75;17;0;0;0;0;0;0;0;0;0;0;0;0;0;0;0;0;0;0;0;0;1;0;0;1;0;3;0;1;2;0;1;0;0;1;1;0;0
17010;Angoulins;75;17;0;0;0;0;0;0;0;0;0;0;0;0;0;0;0;3;1;1;1;0;7;1;0;1;8;4;7;6;7;2;6;1;0;13;8;1;4
17011;Annepont;75;17;0;0;0;0;0;0;0;0;0;0;0;0;0;0;0;0;0;0;0;0;0;0;0;0;1;2;1;0;0;0;1;0;0;0;0;0;0
17012;Annezay;75;17;0;0;0;0;0;0;0;0;0;0;0;0;0;0;0;0;0;0;0;0;0;0;0;0;1;0;0;0;0;0;0;0;0;0;0;0;0
17013;Antezant-la-Chapelle;75;17;0;0;0;0;0;0;0;0;0;0;0;0;0;0;0;0;0;0;0;0;2;0;0;0;0;0;1;2;0;0;0;0;0;1;0;0;0
17015;Arces;75;17;0;0;0;0;0;0;0;0;0;0;0;0;0;0;0;0;0;0;0;0;1;0;0;0;6;0;0;1;2;0;2;0;0;2;0;0;0
17016;Archiac;75;17;0;1;0;0;0;0;0;0;0;0;0;0;0;0;0;3;0;1;0;0;2;0;0;1;3;1;1;1;3;1;2;0;0;1;0;0;1
17017;Archingeay;75;17;0;0;0;0;0;0;0;0;0;0;0;0;0;0;0;0;0;0;0;1;3;0;0;0;1;2;5;0;0;0;0;0;0;3;0;0;0
17018;Ardillières;75;17;0;0;0;0;0;0;0;0;0;0;0;0;0;0;0;0;0;0;1;0;0;0;0;0;5;2;2;0;0;0;1;0;0;1;1;0;0
17019;Ars-en-Ré;75;17;0;0;0;0;0;0;0;0;0;0;0;0;0;0;0;3;0;1;0;0;4;0;0;0;8;8;9;5;1;1;3;0;0;24;4;1;4
17020;Arthenac;75;17;0;0;0;0;0;0;0;0;0;0;0;0;0;0;0;0;0;0;0;0;2;0;0;0;0;0;0;2;0;0;0;0;0;0;0;0;0
17021;Arvert;75;17;0;0;0;0;0;0;0;0;0;0;0;0;0;0;0;0;1;1;0;0;8;1;1;1;12;6;10;4;7;1;6;1;1;13;4;1;3
17022;Asnières-la-Giraud;75;17;0;0;0;0;0;0;0;0;0;0;0;0;0;0;0;0;0;0;0;1;5;0;0;0;4;2;2;0;2;1;1;0;0;0;0;0;1
17023;Aujac;75;17;0;0;0;0;0;0;0;0;0;0;0;0;0;0;0;0;0;0;0;0;0;0;0;0;2;0;0;2;0;0;1;0;0;0;1;0;0
17024;Aulnay;75;17;0;1;0;0;0;0;0;0;0;0;0;0;0;0;0;3;1;1;0;0;5;1;1;1;5;1;4;2;3;1;4;1;0;5;2;0;1
17025;Aumagne;75;17;0;0;0;0;0;0;0;0;0;0;0;0;0;0;0;0;0;0;0;1;1;0;0;0;3;1;3;2;1;0;0;0;0;3;2;0;0
17026;Authon-Ébéon;75;17;0;0;0;0;0;0;0;0;0;0;0;0;0;0;0;0;0;0;0;1;0;0;0;0;2;1;0;0;2;0;0;0;0;1;0;0;1
17027;Avy;75;17;0;0;0;0;0;0;0;0;0;0;0;0;0;0;0;0;0;0;0;0;0;0;0;0;0;0;0;1;0;0;1;0;0;0;2;0;0
17028;Aytré;75;17;0;0;0;0;0;0;0;0;0;0;0;1;0;0;0;9;2;1;0;0;46;4;2;2;21;24;15;29;20;15;13;1;1;34;11;3;8
17029;Bagnizeau;75;17;0;0;0;0;0;0;0;0;0;0;0;0;0;0;0;0;0;0;0;0;0;0;0;0;1;0;0;1;0;0;0;0;0;0;0;0;0
17030;Balanzac;75;17;0;0;0;0;0;0;0;0;0;0;0;0;0;0;0;0;0;0;0;0;2;0;0;0;2;2;2;0;0;0;1;0;0;1;1;0;0
17031;Ballans;75;17;0;0;0;0;0;0;0;0;0;0;0;0;0;0;0;0;0;0;1;0;0;0;0;0;0;0;0;3;0;0;0;0;0;1;0;0;0
17032;Ballon;75;17;0;0;0;0;0;0;0;0;0;0;0;0;0;0;0;0;0;0;0;0;3;0;0;0;2;1;1;2;1;1;0;0;0;1;0;0;1
17033;La Barde;75;17;0;0;0;0;0;0;0;0;0;0;0;0;0;0;0;0;0;0;0;0;0;0;0;0;2;0;0;0;0;0;0;0;0;0;0;0;0
17034;Barzan;75;17;0;0;0;0;0;0;0;0;0;0;0;0;0;0;0;0;0;0;0;0;1;0;0;0;2;1;0;1;1;2;0;0;0;1;0;0;0
17035;Bazauges;75;17;0;0;0;0;0;0;0;0;0;0;0;0;0;0;0;0;0;0;0;0;0;0;0;0;0;1;0;0;0;0;0;0;0;0;0;0;0
17036;Beaugeay;75;17;0;0;0;0;0;0;0;0;0;0;0;0;0;0;0;0;0;0;0;0;0;0;0;0;3;0;2;1;1;1;0;0;0;0;0;0;0
17037;Beauvais-sur-Matha;75;17;0;0;0;0;0;0;0;0;0;0;0;0;0;0;0;0;0;1;0;0;2;0;0;0;2;1;0;0;3;0;1;0;0;0;0;0;0
17038;Bedenac;75;17;0;0;0;0;0;0;0;0;0;0;0;0;0;0;0;0;0;0;0;1;3;0;0;0;4;1;2;2;3;0;1;0;0;2;0;0;0
17039;Belluire;75;17;0;0;0;0;0;0;0;0;0;0;0;0;0;0;0;0;0;0;0;0;1;0;0;0;2;1;0;0;1;0;0;0;0;1;0;0;0
17041;Benon;75;17;0;0;0;0;0;0;0;0;0;0;0;0;0;0;0;0;0;0;0;1;1;0;0;0;2;5;5;3;2;1;1;0;0;2;0;0;1
17042;Bercloux;75;17;0;0;0;0;0;0;0;0;0;0;0;0;0;0;0;0;0;0;0;0;0;0;0;0;1;0;2;0;1;0;0;0;0;0;0;0;0
17043;Bernay-Saint-Martin;75;17;0;0;0;0;0;0;0;0;0;0;0;0;0;0;0;0;0;0;0;1;1;0;0;0;5;3;2;0;2;0;1;0;0;0;0;0;0
17044;Berneuil;75;17;0;0;0;0;0;0;0;0;0;0;0;0;0;0;0;0;0;0;0;0;0;0;0;0;3;4;3;4;1;0;1;0;0;0;0;0;0
17045;Beurlay;75;17;0;0;0;0;0;0;0;0;0;0;0;0;0;0;0;0;0;0;0;1;1;0;0;0;3;3;3;5;6;1;2;0;0;2;0;0;1
17046;Bignay;75;17;0;0;0;0;0;0;0;0;0;0;0;0;0;0;0;0;0;0;0;0;2;0;0;0;3;1;3;0;1;1;0;0;0;1;2;0;0
17047;Biron;75;17;0;0;0;0;0;0;0;0;0;0;0;0;0;0;0;0;0;0;0;0;0;0;0;0;1;0;0;0;1;1;2;0;0;0;1;0;0
17048;Blanzac-lès-Matha;75;17;0;0;0;0;0;0;0;0;0;0;0;0;0;0;0;0;1;0;0;0;0;0;0;0;2;0;0;0;0;0;2;0;0;1;0;0;0
17049;Blanzay-sur-Boutonne;75;17;0;0;0;0;0;0;0;0;0;0;0;0;0;0;0;0;0;0;0;0;0;0;0;0;0;0;0;0;0;0;0;0;0;0;0;0;0
17050;Bois;75;17;0;0;0;0;0;0;0;0;0;0;0;0;0;0;0;0;0;0;0;0;0;0;0;0;4;1;2;0;1;0;0;0;0;0;0;0;0
17051;Le Bois-Plage-en-Ré;75;17;0;0;0;0;0;0;0;0;0;0;0;0;0;0;0;1;1;1;0;0;7;0;0;0;18;14;13;10;9;7;5;0;0;17;7;1;3
17052;Boisredon;75;17;0;0;0;0;0;0;0;0;0;0;0;0;0;0;0;0;0;0;0;1;1;0;0;0;3;0;2;0;0;0;1;0;0;0;0;0;1
17053;Bords;75;17;0;0;0;0;0;0;0;0;0;0;0;0;0;0;0;0;2;1;0;0;3;0;0;0;5;8;6;3;4;2;1;0;0;0;2;0;0
17054;Boresse-et-Martron;75;17;0;0;0;0;0;0;0;0;0;0;0;0;0;0;0;0;0;0;0;0;0;0;0;0;1;0;1;1;0;0;0;0;0;0;0;0;0
17055;Boscamnant;75;17;0;0;0;0;0;0;0;0;0;0;0;0;0;0;0;0;0;0;0;0;0;0;0;0;2;0;0;2;0;0;0;0;0;0;0;0;0
17056;Bougneau;75;17;0;0;0;0;0;0;0;0;0;0;0;0;0;0;0;0;0;0;0;0;2;0;0;0;2;1;0;1;2;0;0;0;0;0;0;0;1
17057;Bouhet;75;17;0;0;0;0;0;0;0;0;0;0;0;0;0;0;0;0;0;0;0;1;0;0;0;0;2;1;2;0;0;0;0;0;0;0;0;0;0
17058;Bourcefranc-le-Chapus;75;17;0;0;0;0;0;0;0;0;0;0;0;0;0;0;0;1;1;1;0;0;12;2;0;0;5;7;4;6;2;1;5;0;0;14;0;0;1
17059;Bourgneuf;75;17;0;0;0;0;0;0;0;0;0;0;0;0;0;0;0;0;0;0;0;1;1;0;0;0;2;2;3;3;3;1;3;0;0;0;0;0;0
17060;Boutenac-Touvent;75;17;0;0;0;0;0;0;0;0;0;0;0;0;0;0;0;0;0;0;0;0;0;0;0;0;2;1;1;0;0;0;0;0;0;1;1;0;0
17061;Bran;75;17;0;0;0;0;0;0;0;0;0;0;0;0;0;0;0;0;0;0;0;0;1;0;0;0;0;0;0;0;0;0;0;0;0;0;0;0;0
17062;Bresdon;75;17;0;0;0;0;0;0;0;0;0;0;0;0;0;0;0;0;0;0;0;0;0;0;0;0;1;1;0;0;0;0;1;0;0;0;0;0;0
17063;Breuil-la-Réorte;75;17;0;0;0;0;0;0;0;0;0;0;0;0;0;0;0;0;0;0;0;0;0;0;0;0;1;0;2;0;1;0;0;0;0;0;0;0;0
17064;Breuillet;75;17;0;0;0;0;0;0;0;0;0;0;0;0;0;0;0;1;0;1;0;0;4;0;0;0;11;6;5;6;7;3;5;1;0;11;8;0;5
17065;Breuil-Magné;75;17;0;0;0;0;0;0;0;0;0;0;0;0;0;0;0;0;0;0;0;1;1;0;0;0;3;3;2;3;3;1;5;0;0;2;1;0;3
17066;Brie-sous-Archiac;75;17;0;0;0;0;0;0;0;0;0;0;0;0;0;0;0;0;0;0;0;0;2;0;0;0;0;1;1;0;1;0;0;0;0;1;0;0;0
17067;Brie-sous-Matha;75;17;0;0;0;0;0;0;0;0;0;0;0;0;0;0;0;0;0;0;0;0;0;0;0;0;0;0;1;0;0;0;0;0;0;0;0;0;0
17068;Brie-sous-Mortagne;75;17;0;0;0;0;0;0;0;0;0;0;0;0;0;0;0;0;0;0;0;1;2;0;0;0;0;0;2;2;1;1;1;1;0;2;1;0;0
17069;Brives-sur-Charente;75;17;0;0;0;0;0;0;0;0;0;0;0;0;0;0;0;0;0;0;0;1;0;0;0;0;0;0;0;0;0;1;0;0;0;0;0;0;0
17070;Brizambourg;75;17;0;0;0;0;0;0;0;0;0;0;0;0;0;0;0;0;0;0;0;1;3;1;0;0;2;2;5;4;1;0;3;0;0;1;2;0;0
17071;La Brousse;75;17;0;0;0;0;0;0;0;0;0;0;0;0;0;0;0;0;0;0;0;0;1;0;0;0;0;1;0;0;1;0;0;0;0;0;0;0;0
17072;Burie;75;17;0;1;0;0;0;0;0;0;0;0;0;0;0;0;0;1;0;1;0;0;3;0;0;1;1;1;5;4;4;0;4;0;0;1;0;1;4
17073;Bussac-sur-Charente;75;17;0;0;0;0;0;0;0;0;0;0;0;0;0;0;0;0;0;0;0;0;2;0;0;0;3;2;3;5;2;1;2;0;0;0;0;0;0
17074;Bussac-Forêt;75;17;0;0;0;0;0;0;0;0;0;0;0;0;0;0;0;0;0;0;0;1;0;0;0;0;2;2;5;1;2;1;2;0;0;2;0;0;0
17075;Cabariot;75;17;0;0;0;0;0;0;0;0;0;0;0;0;0;0;0;0;1;0;0;1;3;0;0;0;1;4;2;2;0;0;2;0;0;1;1;0;0
17076;Celles;75;17;0;0;0;0;0;0;0;0;0;0;0;0;0;0;0;0;0;0;0;0;1;0;0;1;1;1;0;0;0;0;0;0;0;0;0;0;0
17077;Cercoux;75;17;0;0;0;0;0;0;0;0;0;0;0;0;0;0;0;0;0;0;0;1;3;0;0;0;2;3;2;5;0;0;3;0;0;0;0;0;1
17078;Chadenac;75;17;0;0;0;0;0;0;0;0;0;0;0;0;0;0;0;0;0;0;0;0;0;0;0;0;0;1;1;2;2;0;0;0;0;1;0;0;0
17079;Chaillevette;75;17;0;0;0;0;0;0;0;0;0;0;0;0;0;0;0;0;0;0;0;1;3;0;0;0;3;6;3;0;3;2;1;0;0;1;2;0;1
17080;Chambon;75;17;0;0;0;0;0;0;0;0;0;0;0;0;0;0;0;0;0;0;0;1;1;0;0;0;1;2;2;2;1;1;0;0;0;1;0;0;0
17081;Chamouillac;75;17;0;0;0;0;0;0;0;0;0;0;0;0;0;0;0;0;0;0;0;0;0;0;0;0;2;0;0;0;0;0;0;0;0;0;0;0;0
17082;Champagnac;75;17;0;0;0;0;0;0;0;0;0;0;0;0;0;0;0;0;0;0;0;0;0;0;0;0;0;1;1;2;0;1;1;0;0;0;1;0;0
17083;Champagne;75;17;0;0;0;0;0;0;0;0;0;0;0;0;0;0;0;0;0;0;0;0;1;0;0;0;2;4;0;1;0;0;1;0;0;2;0;0;0
17084;Champagnolles;75;17;0;0;0;0;0;0;0;0;0;0;0;0;0;0;0;0;0;0;1;0;1;0;0;0;1;1;1;1;1;1;0;0;0;0;0;0;2
17085;Champdolent;75;17;0;0;0;0;0;0;0;0;0;0;0;0;0;0;0;0;0;0;0;0;0;0;0;0;2;2;0;0;0;0;0;0;0;0;0;0;0
17086;Chaniers;75;17;0;0;0;0;0;0;0;0;0;0;0;0;0;0;0;2;0;1;0;0;8;1;0;0;5;8;4;9;4;1;4;0;0;5;4;0;3
17087;Chantemerle-sur-la-Soie;75;17;0;0;0;0;0;0;0;0;0;0;0;0;0;0;0;0;0;0;0;0;0;0;0;0;0;1;0;1;0;0;0;0;0;0;0;0;1
17089;La Chapelle-des-Pots;75;17;0;0;0;0;0;0;0;0;0;0;0;0;0;0;0;0;0;0;0;0;2;0;0;0;2;2;2;2;3;1;2;0;0;0;0;0;0
17091;Charron;75;17;0;0;0;0;0;0;0;0;0;0;0;0;0;0;0;1;0;0;0;1;2;0;0;0;5;8;5;5;1;2;2;0;0;5;3;0;2
17092;Chartuzac;75;17;0;0;0;0;0;0;0;0;0;0;0;0;0;0;0;0;0;0;0;0;0;0;0;0;0;0;1;0;1;0;0;0;0;0;0;0;0
17093;Le Château-d'Oléron;75;17;0;1;0;0;0;0;0;0;0;0;0;0;0;0;0;5;0;1;0;0;8;2;0;1;11;13;10;5;3;2;5;2;0;24;4;1;3
17094;Châtelaillon-Plage;75;17;0;1;0;0;0;0;0;0;0;0;0;0;0;0;0;9;0;1;1;0;2;0;0;1;9;9;8;10;5;3;12;1;0;33;20;3;4
17095;Chatenet;75;17;0;0;0;0;0;0;0;0;0;0;0;0;0;0;0;0;0;0;0;0;0;0;0;0;0;0;0;1;0;0;0;0;0;0;0;0;1
17096;Chaunac;75;17;0;0;0;0;0;0;0;0;0;0;0;0;0;0;0;0;0;0;0;0;0;0;0;0;2;1;0;1;0;0;0;0;0;0;0;0;0
17097;Le Chay;75;17;0;0;0;0;0;0;0;0;0;0;0;0;0;0;0;0;0;0;0;0;0;0;0;0;2;2;2;0;1;1;2;0;0;1;2;0;0
17098;Chenac-Saint-Seurin-d'Uzet;75;17;0;0;0;0;0;0;0;0;0;0;0;0;0;0;0;0;0;0;0;1;1;0;0;0;4;1;1;2;2;0;0;0;0;1;4;0;0
17099;Chepniers;75;17;0;0;0;0;0;0;0;0;0;0;0;0;0;0;0;0;0;0;0;1;2;0;0;0;2;0;4;1;2;0;1;0;0;1;0;0;0
17100;Chérac;75;17;0;0;0;0;0;0;0;0;0;0;0;0;0;0;0;0;0;0;0;1;2;0;0;0;3;1;4;2;1;0;2;0;0;6;1;0;1
17101;Cherbonnières;75;17;0;0;0;0;0;0;0;0;0;0;0;0;0;0;0;0;1;0;0;1;0;0;0;0;1;0;0;0;0;0;0;0;0;0;0;0;0
17102;Chermignac;75;17;0;0;0;0;0;0;0;0;0;0;0;0;0;0;0;0;0;0;0;0;0;0;0;0;4;5;2;3;2;1;1;0;0;2;0;0;0
17103;Chervettes;75;17;0;0;0;0;0;0;0;0;0;0;0;0;0;0;0;0;0;0;0;0;0;0;0;0;1;0;0;0;0;0;0;0;0;0;0;0;0
17104;Chevanceaux;75;17;0;0;0;0;0;0;0;0;0;0;0;0;0;0;0;1;1;1;0;0;4;0;0;0;3;4;2;2;2;1;3;0;0;1;0;0;3
17105;Chives;75;17;0;0;0;0;0;0;0;0;0;0;0;0;0;0;0;0;0;0;1;0;0;0;0;0;0;0;0;1;2;0;0;0;0;0;2;0;0
17106;Cierzac;75;17;0;0;0;0;0;0;0;0;0;0;0;0;0;0;0;0;0;0;0;0;0;0;0;0;1;1;0;0;1;0;1;0;0;2;0;0;2
17107;Ciré-d'Aunis;75;17;0;0;0;0;0;0;0;0;0;0;0;0;0;0;0;0;0;1;0;0;1;0;0;0;2;3;4;1;2;0;3;1;0;3;0;0;1
17108;Clam;75;17;0;0;0;0;0;0;0;0;0;0;0;0;0;0;0;0;0;0;0;0;1;0;0;0;3;0;0;0;1;0;1;0;0;0;0;0;0
17109;Clavette;75;17;0;0;0;0;0;0;0;0;0;0;0;0;0;0;0;0;0;0;0;0;0;0;0;0;3;2;1;2;0;1;2;0;0;3;1;0;1
17110;Clérac;75;17;0;0;0;0;0;0;0;0;0;0;0;0;0;0;0;0;0;0;0;1;1;0;0;0;3;1;2;1;1;1;4;0;0;2;1;0;0
17111;Clion;75;17;0;0;0;0;0;0;0;0;0;0;0;0;0;0;0;0;0;0;1;0;0;0;0;0;3;0;3;0;0;1;0;0;0;3;2;0;1
17112;La Clisse;75;17;0;0;0;0;0;0;0;0;0;0;0;0;0;0;0;0;0;0;0;0;2;0;0;0;1;0;0;1;2;0;1;0;0;0;2;0;0
17113;La Clotte;75;17;0;0;0;0;0;0;0;0;0;0;0;0;0;0;0;0;0;0;0;1;2;0;0;0;5;2;1;2;0;0;1;0;0;2;0;0;2
17114;Coivert;75;17;0;0;0;0;0;0;0;0;0;0;0;0;0;0;0;0;0;0;0;0;0;0;0;0;1;0;1;0;1;0;0;0;0;0;0;0;0
17115;Colombiers;75;17;0;0;0;0;0;0;0;0;0;0;0;0;0;0;0;0;0;0;0;0;0;0;1;0;0;1;0;0;0;0;0;0;0;0;0;0;0
17116;Consac;75;17;0;0;0;0;0;0;0;0;0;0;0;0;0;0;0;0;1;0;0;0;1;0;0;0;0;1;0;1;0;0;0;0;0;0;1;0;0
17117;Contré;75;17;0;0;0;0;0;0;0;0;0;0;0;0;0;0;0;0;0;0;0;0;0;0;0;0;1;0;1;0;0;0;0;0;0;2;0;0;0
17118;Corignac;75;17;0;0;0;0;0;0;0;0;0;0;0;0;0;0;0;0;0;0;0;0;0;0;0;0;0;0;0;1;1;0;0;0;0;0;0;0;0
17119;Corme-Écluse;75;17;0;0;0;0;0;0;0;0;0;0;0;0;0;0;0;0;0;0;0;0;1;0;0;0;2;3;5;1;5;0;1;0;0;1;0;0;1
17120;Corme-Royal;75;17;0;1;0;0;0;0;0;0;0;0;0;0;0;0;0;1;0;1;0;0;6;0;0;0;4;2;2;3;2;3;3;0;0;2;0;0;3
17121;La Couarde-sur-Mer;75;17;0;0;0;0;0;0;0;0;0;0;0;0;0;0;0;2;0;1;0;0;2;0;0;2;10;6;8;4;2;0;2;0;0;27;11;0;1
17122;Coulonges;75;17;0;0;0;0;0;0;0;0;0;0;0;0;0;0;0;0;0;0;0;0;0;0;0;0;0;0;2;0;0;0;1;0;0;0;0;0;0
17124;Courant;75;17;0;0;0;0;0;0;0;0;0;0;0;0;0;0;0;0;0;0;0;0;0;0;0;0;1;1;3;1;0;0;1;0;0;0;1;0;0
17125;Courcelles;75;17;0;0;0;0;0;0;0;0;0;0;0;0;0;0;0;0;0;0;0;0;1;0;0;0;0;0;0;0;0;0;0;0;0;0;0;0;0
17126;Courcerac;75;17;0;0;0;0;0;0;0;0;0;0;0;0;0;0;0;0;0;0;0;0;0;0;0;0;1;1;0;0;0;0;0;0;0;0;1;0;0
17127;Courçon;75;17;0;1;0;0;0;0;0;0;0;0;1;0;0;0;0;3;1;1;0;0;6;0;0;1;0;3;3;1;2;0;3;1;0;5;2;0;1
17128;Courcoury;75;17;0;0;0;0;0;0;0;0;0;0;0;0;0;0;0;0;0;0;0;0;1;0;0;0;0;2;0;2;1;0;1;0;0;1;1;0;1
17129;Courpignac;75;17;0;0;0;0;0;0;0;0;0;0;0;0;0;0;0;0;0;0;0;0;0;0;0;0;1;2;1;0;2;0;0;0;0;0;0;0;0
17130;Coux;75;17;0;0;0;0;0;0;0;0;0;0;0;0;0;0;0;0;0;0;0;0;1;0;0;0;1;0;1;0;0;1;0;1;0;0;0;0;0
17131;Cozes;75;17;0;1;0;0;0;0;0;0;0;0;1;0;0;0;0;4;2;1;0;0;9;1;0;1;5;4;6;2;4;1;4;4;0;3;4;1;2
17132;Cramchaban;75;17;0;0;0;0;0;0;0;0;0;0;0;0;0;0;0;0;0;0;0;0;1;0;0;0;2;2;2;0;2;0;0;0;0;0;1;0;1
17133;Cravans;75;17;0;0;0;0;0;0;0;0;0;0;0;0;0;0;0;0;0;0;0;0;2;0;0;0;5;2;3;3;1;0;0;0;0;1;2;0;0
17134;Crazannes;75;17;0;0;0;0;0;0;0;0;0;0;0;0;0;0;0;0;0;0;0;1;0;0;0;0;1;1;0;2;2;0;0;0;0;0;1;0;0
17135;Cressé;75;17;0;0;0;0;0;0;0;0;0;0;0;0;0;0;0;0;0;0;1;0;0;0;0;0;1;1;0;0;1;0;0;0;0;0;0;0;0
17136;Croix-Chapeau;75;17;0;0;0;0;0;0;0;0;0;0;0;0;0;0;0;0;0;0;0;0;0;0;0;0;4;4;2;4;0;1;1;1;0;3;2;0;1
17137;La Croix-Comtesse;75;17;0;0;0;0;0;0;0;0;0;0;0;0;0;0;0;0;0;0;0;0;1;0;0;0;1;0;0;0;0;0;0;0;0;0;0;0;0
17138;Dampierre-sur-Boutonne;75;17;0;0;0;0;0;0;0;0;0;0;0;0;0;0;0;0;0;0;1;0;0;0;0;0;1;0;1;1;0;0;1;0;0;0;0;0;1
17139;Doeuil-sur-le-Mignon;75;17;0;0;0;0;0;0;0;0;0;0;0;0;0;0;0;0;0;0;0;1;0;0;0;0;1;2;3;1;1;1;0;0;0;1;0;0;0
17140;Dolus-d'Oléron;75;17;0;0;0;0;0;0;0;0;0;0;0;0;0;0;0;1;2;1;0;0;4;0;1;1;15;12;4;5;10;3;8;1;0;14;7;1;2
17141;Dompierre-sur-Charente;75;17;0;0;0;0;0;0;0;0;0;0;0;0;0;0;0;0;0;0;0;0;0;0;0;0;0;0;2;0;1;0;0;0;0;3;0;0;0
17142;Dompierre-sur-Mer;75;17;0;0;0;0;0;0;0;0;0;0;0;0;0;0;0;1;0;1;0;0;8;0;0;1;12;12;4;10;10;1;9;3;0;7;2;1;4
17143;Le Douhet;75;17;0;0;0;0;0;0;0;0;0;0;0;0;0;0;0;0;0;0;0;0;1;0;0;0;2;2;1;2;1;0;0;0;0;1;1;0;1
17145;Échebrune;75;17;0;0;0;0;0;0;0;0;0;0;0;0;0;0;0;0;0;0;0;0;0;0;0;0;1;1;3;1;1;1;0;0;0;0;0;0;0
17146;Échillais;75;17;0;0;0;0;0;0;0;0;0;0;0;0;0;0;0;0;1;1;0;0;4;1;0;0;2;8;6;3;4;1;2;0;0;2;1;1;4
17147;Écoyeux;75;17;0;0;0;0;0;0;0;0;0;0;0;0;0;0;0;0;0;0;0;1;4;0;0;0;4;2;6;2;2;0;3;0;0;1;0;0;1
17148;Écurat;75;17;0;0;0;0;0;0;0;0;0;0;0;0;0;0;0;0;0;0;0;0;2;0;0;0;1;0;3;0;1;0;1;0;0;0;0;0;0
17149;Les Éduts;75;17;0;0;0;0;0;0;0;0;0;0;0;0;0;0;0;0;0;0;0;0;0;0;0;0;0;0;0;0;0;0;0;0;0;0;0;0;0
17150;Les Églises-d'Argenteuil;75;17;0;0;0;0;0;0;0;0;0;0;0;0;0;0;0;0;0;0;0;1;1;0;0;0;0;0;1;1;0;0;1;0;0;0;0;0;0
17151;L'Éguille;75;17;0;0;0;0;0;0;0;0;0;0;0;0;0;0;0;0;0;0;1;0;1;0;1;0;1;4;2;1;0;0;2;0;0;3;1;0;2
17152;Épargnes;75;17;0;0;0;0;0;0;0;0;0;0;0;0;0;0;0;0;0;0;0;1;1;0;0;0;5;0;3;3;1;0;0;0;0;1;0;0;0
17153;Esnandes;75;17;0;0;0;0;0;0;0;0;0;0;0;0;0;0;0;0;0;1;0;0;1;0;0;1;6;1;3;2;1;0;2;0;0;3;2;0;0
17154;Les Essards;75;17;0;0;0;0;0;0;0;0;0;0;0;0;0;0;0;0;0;0;0;1;0;0;0;0;1;2;0;1;3;0;2;0;0;0;0;0;0
17155;Étaules;75;17;0;0;0;0;0;0;0;0;0;0;0;0;0;0;0;1;0;1;0;0;3;0;0;1;4;7;1;7;9;2;4;0;0;3;2;0;3
17156;Expiremont;75;17;0;0;0;0;0;0;0;0;0;0;0;0;0;0;0;0;0;0;0;0;0;0;0;0;0;0;0;0;0;0;0;0;0;0;0;0;0
17157;Fenioux;75;17;0;0;0;0;0;0;0;0;0;0;0;0;0;0;0;0;0;0;0;0;0;0;0;0;1;0;0;0;1;0;0;0;0;0;1;0;0
17158;Ferrières;75;17;0;0;0;0;0;0;0;0;0;0;0;0;0;0;0;0;0;0;0;0;2;1;0;1;3;3;3;2;3;1;2;1;0;2;0;1;2
17159;Fléac-sur-Seugne;75;17;0;0;0;0;0;0;0;0;0;0;0;0;0;0;0;0;0;0;0;1;0;0;0;0;0;1;1;1;0;0;1;0;0;0;0;0;1
17160;Floirac;75;17;0;0;0;0;0;0;0;0;0;0;0;0;0;0;0;0;0;0;0;0;0;0;0;0;1;2;3;1;1;0;0;0;0;0;0;0;0
17161;La Flotte;75;17;0;0;0;0;0;0;0;0;0;0;0;0;0;0;0;3;0;1;0;0;4;1;0;2;8;11;10;6;5;2;7;2;0;33;15;1;5
17162;Fontaine-Chalendray;75;17;0;0;0;0;0;0;0;0;0;0;0;0;0;0;0;0;0;0;0;1;0;0;0;0;2;1;2;1;1;0;1;0;0;0;1;0;0
17163;Fontaines-d'Ozillac;75;17;0;0;0;0;0;0;0;0;0;0;0;0;0;0;0;0;0;0;0;0;0;0;0;0;0;3;1;0;0;1;2;0;0;1;0;0;0
17164;Fontcouverte;75;17;0;0;0;0;0;0;0;0;0;0;0;0;0;0;0;0;0;0;0;0;1;0;0;0;0;4;5;2;4;1;1;0;0;3;2;0;0
17165;Fontenet;75;17;0;0;0;0;0;0;0;0;0;0;0;0;0;0;0;0;0;0;0;0;1;0;0;0;0;2;0;3;1;0;0;0;0;0;1;0;0
17166;Forges;75;17;0;0;0;0;0;0;0;0;0;0;0;0;0;0;0;0;0;0;0;1;5;0;0;0;6;5;2;1;4;0;0;0;0;2;0;0;1
17167;Le Fouilloux;75;17;0;0;0;0;0;0;0;0;0;0;0;0;0;0;0;0;0;0;0;1;2;0;0;0;4;0;1;2;0;2;1;0;0;3;0;0;0
17168;Fouras;75;17;0;1;0;0;0;0;0;0;0;0;0;0;0;0;0;5;1;1;0;0;3;0;0;3;4;9;5;3;5;4;7;1;0;31;8;1;2
17169;La Frédière;75;17;0;0;0;0;0;0;0;0;0;0;0;0;0;0;0;0;0;0;0;0;0;0;0;0;0;0;0;0;0;0;0;0;0;0;0;0;0
17171;Geay;75;17;0;0;0;0;0;0;0;0;0;0;0;0;0;0;0;0;0;0;0;1;1;0;0;0;3;0;1;2;2;0;0;0;0;0;0;0;0
17172;Gémozac;75;17;0;1;0;0;0;0;0;0;0;0;1;0;0;0;0;4;1;1;0;0;9;1;0;2;8;9;10;5;2;2;8;1;0;8;7;2;3
17173;La Genétouze;75;17;0;0;0;0;0;0;0;0;0;0;0;0;0;0;0;0;0;0;0;0;0;0;0;0;0;1;0;0;0;0;0;0;0;4;0;0;0
17174;Genouillé;75;17;0;0;0;0;0;0;0;0;0;0;0;0;0;0;0;0;0;0;0;1;0;0;0;0;2;0;2;0;1;1;1;0;0;1;0;0;0
17175;Germignac;75;17;0;0;0;0;0;0;0;0;0;0;0;0;0;0;0;0;0;0;0;1;1;0;0;0;3;1;0;0;0;0;1;0;0;0;1;0;0
17176;Gibourne;75;17;0;0;0;0;0;0;0;0;0;0;0;0;0;0;0;0;0;0;0;0;0;0;0;0;0;0;0;0;0;0;0;0;0;1;0;0;0
17177;Le Gicq;75;17;0;0;0;0;0;0;0;0;0;0;0;0;0;0;0;0;0;0;0;0;1;0;0;0;0;0;1;0;2;0;0;0;0;0;0;0;0
17178;Givrezac;75;17;0;0;0;0;0;0;0;0;0;0;0;0;0;0;0;0;0;0;0;0;2;0;0;0;0;1;0;0;1;0;0;0;0;0;0;0;0
17179;Les Gonds;75;17;0;0;0;0;0;0;0;0;0;0;0;0;0;0;0;0;0;0;0;1;3;0;0;0;0;4;4;1;2;0;2;0;0;2;1;0;2
17180;Gourvillette;75;17;0;0;0;0;0;0;0;0;0;0;0;0;0;0;0;0;0;0;0;0;0;0;0;0;1;0;0;0;0;0;0;0;0;0;0;0;0
17181;Grandjean;75;17;0;0;0;0;0;0;0;0;0;0;0;0;0;0;0;0;0;0;0;0;0;0;0;0;1;0;0;0;0;0;0;0;0;0;0;0;0
17182;La Grève-sur-Mignon;75;17;0;0;0;0;0;0;0;0;0;0;0;0;0;0;0;0;0;0;1;0;0;0;0;0;2;1;0;0;1;0;1;0;0;2;0;0;1
17183;Grézac;75;17;0;0;0;0;0;0;0;0;0;0;0;0;0;0;0;0;1;0;0;0;1;0;0;0;1;5;6;2;1;0;1;0;0;1;0;0;0
17184;La Gripperie-Saint-Symphorien;75;17;0;0;0;0;0;0;0;0;0;0;0;0;0;0;0;0;0;0;0;0;0;0;0;0;3;1;1;0;1;0;0;0;0;0;0;0;0
17185;Le Gua;75;17;0;0;0;0;0;0;0;0;0;0;0;0;0;0;0;0;1;1;0;0;7;0;0;1;5;5;5;3;2;0;2;1;0;1;3;0;1
17186;Le Gué-d'Alleré;75;17;0;0;0;0;0;0;0;0;0;0;0;0;0;0;0;0;0;0;0;1;1;0;0;0;5;0;6;3;0;2;1;0;0;1;0;0;0
17187;Guitinières;75;17;0;0;0;0;0;0;0;0;0;0;0;0;0;0;0;0;0;0;0;0;0;0;0;0;1;1;0;2;0;0;0;0;0;1;0;0;0
17188;Haimps;75;17;0;0;0;0;0;0;0;0;0;0;0;0;0;0;0;0;0;0;0;0;1;0;0;0;1;1;0;0;0;0;1;0;0;0;0;0;0
17189;Hiers-Brouage;75;17;0;0;0;0;0;0;0;0;0;0;0;0;0;0;0;0;0;0;0;1;0;0;0;0;2;3;2;1;2;0;0;0;0;9;1;0;0
17190;L'Houmeau;75;17;0;0;0;0;0;0;0;0;0;0;0;0;0;0;0;0;0;0;0;1;2;0;0;2;2;6;10;4;3;1;3;0;0;8;1;0;3
17191;La Jard;75;17;0;0;0;0;0;0;0;0;0;0;0;0;0;0;0;0;0;0;0;1;0;0;0;0;0;3;0;0;0;0;0;0;0;1;0;0;0
17192;Jarnac-Champagne;75;17;0;0;0;0;0;0;0;0;0;0;0;0;0;0;0;1;0;0;1;0;2;0;0;0;1;2;3;1;0;0;1;0;0;2;1;0;3
17193;La Jarne;75;17;0;0;0;0;0;0;0;0;0;0;0;0;0;0;0;0;0;1;0;0;1;0;0;2;3;6;4;5;0;3;4;1;0;3;0;0;2
17194;La Jarrie;75;17;0;1;0;0;0;0;0;0;0;0;1;0;0;0;0;1;1;1;0;0;2;0;0;1;3;5;7;3;4;2;4;0;0;5;1;1;2
17195;La Jarrie-Audouin;75;17;0;0;0;0;0;0;0;0;0;0;0;0;0;0;0;0;0;0;0;0;0;0;0;0;1;0;0;2;0;0;0;0;0;0;0;0;0
17196;Jazennes;75;17;0;0;0;0;0;0;0;0;0;0;0;0;0;0;0;1;0;0;0;0;0;0;0;0;1;1;2;2;0;0;2;0;0;1;0;0;0
17197;Jonzac;75;17;0;1;0;0;1;0;0;0;0;0;4;1;0;0;0;8;4;1;0;0;11;0;0;3;2;3;3;5;2;4;12;3;1;25;8;4;4
17198;Juicq;75;17;0;0;0;0;0;0;0;0;0;0;0;0;0;0;0;0;0;0;0;0;0;0;0;0;1;0;3;1;0;0;0;0;0;0;1;0;0
17199;Jussas;75;17;0;0;0;0;0;0;0;0;0;0;0;0;0;0;0;0;0;0;0;0;0;0;0;0;0;0;0;1;0;0;0;0;0;0;0;0;0
17200;Lagord;75;17;0;0;0;0;0;0;0;1;0;0;0;1;0;0;0;2;0;1;0;0;9;0;1;1;5;6;9;8;7;2;8;2;2;8;9;1;8
17201;La Laigne;75;17;0;0;0;0;0;0;0;0;0;0;0;0;0;0;0;0;0;0;0;0;1;0;0;0;0;1;2;2;0;0;0;0;0;3;0;0;0
17202;Landes;75;17;0;0;0;0;0;0;0;0;0;0;0;0;0;0;0;0;0;0;0;1;1;0;0;0;3;1;1;1;1;0;1;0;0;0;0;0;1
17203;Landrais;75;17;0;0;0;0;0;0;0;0;0;0;0;0;0;0;0;0;0;0;0;1;3;0;0;0;2;0;0;1;0;0;0;0;0;2;0;0;1
17204;Léoville;75;17;0;0;0;0;0;0;0;0;0;0;0;0;0;0;0;0;0;0;0;1;0;0;0;0;1;1;1;0;2;1;0;0;0;0;0;0;0
17205;Loire-les-Marais;75;17;0;0;0;0;0;0;0;0;0;0;0;0;0;0;0;0;0;0;0;0;0;0;0;0;0;1;2;0;0;0;0;0;0;1;0;0;1
17206;Loiré-sur-Nie;75;17;0;0;0;0;0;0;0;0;0;0;0;0;0;0;0;0;0;0;1;0;0;0;0;0;2;1;0;0;1;0;0;0;0;0;0;0;0
17207;Loix;75;17;0;0;0;0;0;0;0;0;0;0;0;0;0;0;0;0;0;1;0;0;0;0;0;0;1;2;4;2;4;1;2;0;0;3;1;1;1
17208;Longèves;75;17;0;0;0;0;0;0;0;0;0;0;0;0;0;0;0;0;0;0;0;0;0;0;0;0;1;1;2;1;0;0;0;0;0;1;0;0;3
17209;Lonzac;75;17;0;0;0;0;0;0;0;0;0;0;0;0;0;0;0;0;0;0;0;1;2;0;0;0;0;0;0;1;0;0;0;0;0;1;0;0;0
17210;Lorignac;75;17;0;0;0;0;0;0;0;0;0;0;0;0;0;0;0;0;0;0;1;0;0;0;0;0;2;0;0;0;2;0;1;0;0;3;0;0;0
17211;Loulay;75;17;0;1;0;0;0;0;0;0;0;0;0;0;0;0;0;1;1;1;0;0;1;0;0;0;0;2;2;1;0;1;2;0;0;2;0;0;0
17212;Louzignac;75;17;0;0;0;0;0;0;0;0;0;0;0;0;0;0;0;0;0;0;0;0;0;1;0;0;0;0;2;1;0;0;0;0;0;1;1;0;0
17213;Lozay;75;17;0;0;0;0;0;0;0;0;0;0;0;0;0;0;0;0;0;0;0;0;0;0;0;0;0;0;0;0;0;0;0;0;0;0;0;0;0
17214;Luchat;75;17;0;0;0;0;0;0;0;0;0;0;0;0;0;0;0;0;0;0;0;0;0;0;0;0;1;1;0;0;0;0;0;0;0;0;0;0;0
17215;Lussac;75;17;0;0;0;0;0;0;0;0;0;0;0;0;0;0;0;0;0;0;0;0;0;0;0;0;0;0;0;0;0;0;0;0;0;0;0;0;0
17216;Lussant;75;17;0;0;0;0;0;0;0;0;0;0;0;0;0;0;0;0;0;0;0;1;6;0;0;0;5;2;3;2;1;0;1;0;0;1;1;0;0
17217;Macqueville;75;17;0;0;0;0;0;0;0;0;0;0;0;0;0;0;0;0;0;0;1;0;0;0;0;0;1;1;0;0;1;0;2;0;0;0;0;0;0
17218;Marans;75;17;0;1;0;0;0;0;0;0;0;0;1;0;0;0;0;4;1;1;0;0;7;1;0;5;8;9;10;8;6;0;6;1;1;19;3;2;5
17219;Marennes;75;17;0;1;0;0;0;0;0;0;0;0;4;0;2;0;0;6;3;1;0;0;9;1;0;4;15;7;7;5;10;8;8;1;0;18;7;3;6
17220;Marignac;75;17;0;0;0;0;0;0;0;0;0;0;0;0;0;0;0;0;0;0;0;1;1;0;0;0;1;1;0;0;3;1;0;0;0;0;0;0;0
17221;Marsais;75;17;0;0;0;0;0;0;0;0;0;0;0;0;0;0;0;0;0;0;0;1;1;0;0;0;5;4;5;2;2;1;0;0;0;0;1;0;0
17222;Marsilly;75;17;0;0;0;0;0;0;0;0;0;0;0;0;0;0;0;0;0;0;0;1;3;0;1;0;3;7;7;4;5;1;5;0;0;9;1;0;1
17223;Massac;75;17;0;0;0;0;0;0;0;0;0;0;0;0;0;0;0;0;0;0;0;0;1;0;0;0;1;0;1;0;1;0;0;0;0;0;0;0;0
17224;Matha;75;17;0;1;0;0;0;0;0;0;0;0;1;0;0;0;0;5;1;1;0;0;11;1;0;2;1;5;4;4;1;2;6;2;0;6;2;1;3
17225;Les Mathes;75;17;0;0;0;0;0;0;0;0;0;0;0;0;0;0;0;2;0;1;1;0;2;0;1;0;4;6;1;2;5;1;4;0;0;52;5;0;1
17226;Mazeray;75;17;0;0;0;0;0;0;0;0;0;0;0;0;0;0;0;0;0;0;0;0;1;0;0;0;2;3;2;0;2;0;1;0;0;1;0;0;0
17227;Mazerolles;75;17;0;0;0;0;0;0;0;0;0;0;0;0;0;0;0;0;0;0;0;0;2;0;0;0;1;2;0;0;0;0;0;0;0;0;0;0;0
17228;Médis;75;17;0;0;0;0;0;0;0;0;0;0;0;0;0;0;0;0;1;1;0;0;5;0;0;1;4;9;6;12;3;1;1;0;0;6;5;0;1
17229;Mérignac;75;17;0;0;0;0;0;0;0;0;0;0;0;0;0;0;0;0;0;0;0;0;0;0;0;0;4;1;0;0;0;0;0;0;0;1;0;0;0
17230;Meschers-sur-Gironde;75;17;0;0;0;0;0;0;0;0;0;0;0;0;0;0;0;1;0;1;0;0;4;0;0;1;9;5;3;8;7;4;5;1;0;30;10;1;6
17231;Messac;75;17;0;0;0;0;0;0;0;0;0;0;0;0;0;0;0;0;0;0;0;0;0;0;0;0;0;0;0;0;2;0;0;0;0;0;0;0;0
17232;Meursac;75;17;0;0;0;0;0;0;0;0;0;0;0;0;0;0;0;0;0;0;0;1;2;0;0;0;6;11;6;7;3;0;2;0;0;2;4;0;2
17233;Meux;75;17;0;0;0;0;0;0;0;0;0;0;0;0;0;0;0;0;0;0;0;0;1;0;0;0;1;0;0;0;0;0;0;0;0;1;0;0;0
17234;Migré;75;17;0;0;0;0;0;0;0;0;0;0;0;0;0;0;0;0;0;0;0;1;0;0;0;0;2;0;1;0;0;0;1;0;0;1;0;0;0
17235;Migron;75;17;0;0;0;0;0;0;0;0;0;0;0;0;0;0;0;0;0;0;0;1;1;0;0;0;1;1;2;0;1;0;1;0;0;1;0;0;0
17236;Mirambeau;75;17;0;1;0;0;0;0;0;0;0;0;1;0;0;0;0;3;2;1;0;0;4;0;0;1;4;2;2;6;3;1;8;1;0;5;2;1;1
17237;Moëze;75;17;0;0;0;0;0;0;0;0;0;0;0;0;0;0;0;0;0;0;0;1;1;0;0;0;2;0;0;2;1;1;0;0;0;0;0;0;0
17239;Mons;75;17;0;0;0;0;0;0;0;0;0;0;0;0;0;0;0;0;0;0;0;0;0;0;0;0;1;0;0;1;0;1;1;0;0;0;0;0;0
17240;Montendre;75;17;0;1;0;0;0;0;0;0;0;0;0;0;0;0;0;5;2;1;0;0;11;1;0;4;7;5;4;9;4;1;9;1;1;19;5;2;7
17241;Montguyon;75;17;0;1;0;0;0;0;0;0;0;0;0;1;0;0;0;4;0;1;0;0;6;1;0;1;6;1;4;6;3;0;7;0;0;2;3;1;1
17242;Montils;75;17;0;0;0;0;0;0;0;0;0;0;0;0;0;0;0;0;0;0;0;1;2;0;0;0;4;1;0;1;1;1;1;0;0;0;0;1;0
17243;Montlieu-la-Garde;75;17;0;0;0;0;0;0;0;0;0;0;1;0;0;0;0;0;0;1;0;0;2;0;0;1;4;2;3;1;5;0;7;0;0;2;0;0;0
17244;Montpellier-de-Médillan;75;17;0;0;0;0;0;0;0;0;0;0;0;0;0;0;0;0;0;0;0;0;1;0;0;0;4;6;1;3;1;0;1;0;0;0;0;0;0
17245;Montroy;75;17;0;0;0;0;0;0;0;0;0;0;0;0;0;0;0;0;0;0;0;0;0;0;0;0;0;1;4;3;2;0;0;0;0;1;1;0;0
17246;Moragne;75;17;0;0;0;0;0;0;0;0;0;0;0;0;0;0;0;0;0;0;0;0;0;0;0;0;1;0;3;3;3;0;2;0;0;0;0;0;0
17247;Mornac-sur-Seudre;75;17;0;0;0;0;0;0;0;0;0;0;0;0;0;0;0;0;0;0;0;1;0;0;0;0;3;2;5;0;0;0;1;0;0;11;0;0;1
17248;Mortagne-sur-Gironde;75;17;0;0;0;0;0;0;0;0;0;0;0;0;0;0;0;1;0;1;0;0;1;1;0;0;1;1;2;0;0;0;2;0;0;8;3;0;0
17249;Mortiers;75;17;0;0;0;0;0;0;0;0;0;0;0;0;0;0;0;0;0;0;0;0;0;0;0;0;1;0;0;0;0;0;0;0;0;0;0;0;0
17250;Mosnac;75;17;0;0;0;0;0;0;0;0;0;0;0;0;0;0;0;0;0;0;0;1;2;0;0;0;3;3;0;1;0;0;0;0;0;1;0;0;0
17252;Le Mung;75;17;0;0;0;0;0;0;0;0;0;0;0;0;0;0;0;0;0;0;0;0;0;0;0;0;0;1;0;1;0;0;0;0;0;1;0;0;0
17253;Muron;75;17;0;0;0;0;0;0;0;0;0;0;0;0;0;0;0;0;0;0;0;1;4;0;0;0;2;2;4;3;4;0;3;0;0;2;0;0;0
17254;Nachamps;75;17;0;0;0;0;0;0;0;0;0;0;0;0;0;0;0;0;0;0;0;0;0;0;0;0;0;0;0;0;0;0;0;0;0;0;0;0;0
17255;Nancras;75;17;0;0;0;0;0;0;0;0;0;0;0;0;0;0;0;0;0;0;1;0;1;0;0;0;3;2;3;1;1;0;1;0;0;1;0;0;1
17256;Nantillé;75;17;0;0;0;0;0;0;0;0;0;0;0;0;0;0;0;0;0;0;0;0;0;0;0;0;2;1;0;0;2;0;0;0;0;0;0;0;0
17257;Néré;75;17;0;0;0;0;0;0;0;0;0;0;0;0;0;0;0;1;0;1;0;0;2;0;0;0;3;2;3;1;3;0;2;0;0;1;1;0;1
17258;Neuillac;75;17;0;0;0;0;0;0;0;0;0;0;0;0;0;0;0;0;0;0;0;0;0;0;0;0;1;0;0;1;0;0;0;0;0;0;1;0;0
17259;Neulles;75;17;0;0;0;0;0;0;0;0;0;0;0;0;0;0;0;0;0;0;0;0;0;0;0;0;0;0;0;0;0;0;0;0;0;0;0;0;0
17260;Neuvicq;75;17;0;0;0;0;0;0;0;0;0;0;0;0;0;0;0;0;0;0;0;0;0;0;0;0;2;0;0;1;3;0;0;0;0;0;0;0;0
17261;Neuvicq-le-Château;75;17;0;0;0;0;0;0;0;0;0;0;0;0;0;0;0;0;0;0;0;1;0;0;0;0;1;0;0;0;0;0;0;0;0;0;0;0;0
17262;Nieul-lès-Saintes;75;17;0;0;0;0;0;0;0;0;0;0;0;0;0;0;0;0;0;0;0;0;0;0;0;0;4;4;3;2;2;1;3;0;0;0;1;0;0
17263;Nieul-le-Virouil;75;17;0;0;0;0;0;0;0;0;0;0;0;0;0;0;0;0;1;0;0;1;1;0;0;0;0;1;1;1;1;1;1;0;0;2;1;0;0
17264;Nieul-sur-Mer;75;17;0;1;0;0;0;0;0;0;0;0;0;0;0;0;0;2;1;1;0;0;4;1;0;2;12;15;12;7;7;1;11;1;0;12;10;2;5
17265;Nieulle-sur-Seudre;75;17;0;0;0;0;0;0;0;0;0;0;0;0;0;0;0;0;0;0;0;1;1;0;0;0;7;1;3;0;2;1;1;0;0;0;2;0;1
17266;Les Nouillers;75;17;0;0;0;0;0;0;0;0;0;0;0;0;0;0;0;0;0;0;0;1;3;0;0;0;3;1;2;2;3;0;0;0;0;0;0;0;2
17267;Nuaillé-d'Aunis;75;17;0;1;0;0;0;0;0;0;0;0;0;0;0;0;0;0;0;0;0;1;2;0;0;0;4;3;2;2;3;0;4;0;0;1;1;0;2
17268;Nuaillé-sur-Boutonne;75;17;0;0;0;0;0;0;0;0;0;0;0;0;0;0;0;0;0;0;0;0;0;0;0;0;0;0;1;1;0;1;0;0;0;0;0;0;0
17269;Orignolles;75;17;0;0;0;0;0;0;0;0;0;0;0;0;0;0;0;0;0;0;0;0;1;0;0;0;1;2;3;1;1;0;3;0;0;2;0;0;1
17270;Ozillac;75;17;0;0;0;0;0;0;0;0;0;0;0;0;0;0;0;0;0;0;0;1;2;0;0;0;2;1;0;2;1;0;1;0;0;1;0;0;0
17271;Paillé;75;17;0;0;0;0;0;0;0;0;0;0;0;0;0;0;0;0;0;0;0;0;0;0;0;0;1;1;2;2;0;0;0;0;0;1;0;0;0
17272;Péré;75;17;0;0;0;0;0;0;0;0;0;0;0;0;0;0;0;0;0;0;0;0;0;0;0;0;1;0;1;0;1;0;1;0;0;0;0;0;0
17273;Pérignac;75;17;0;0;0;0;0;0;0;0;0;0;0;0;0;0;0;0;0;0;0;1;4;0;0;0;0;0;2;1;1;0;1;0;0;3;1;0;1
17274;Périgny;75;17;0;0;0;0;0;0;0;0;0;0;1;0;0;0;0;4;0;1;0;0;11;2;1;1;12;13;25;17;16;8;7;1;1;13;9;0;4
17275;Pessines;75;17;0;0;0;0;0;0;0;0;0;0;0;0;0;0;0;0;0;0;0;0;0;0;0;0;2;4;1;0;2;1;0;0;0;0;1;0;0
17276;Le Pin;75;17;0;0;0;0;0;0;0;0;0;0;0;0;0;0;0;0;0;0;0;0;0;0;0;0;1;0;0;0;0;0;0;0;0;0;0;0;0
17277;Essouvert;75;17;0;0;0;0;0;0;0;0;0;0;0;0;0;0;0;0;0;0;1;0;5;0;0;3;5;1;2;1;0;0;3;0;0;1;0;0;0
17278;Pisany;75;17;0;0;0;0;0;0;0;0;0;0;0;0;0;0;0;0;0;0;0;1;3;0;0;0;0;0;3;1;1;1;2;0;0;0;1;0;0
17279;Plassac;75;17;0;0;0;0;0;0;0;0;0;0;0;0;0;0;0;0;0;0;0;0;3;1;0;0;0;0;2;2;0;2;1;1;0;2;0;0;1
17280;Plassay;75;17;0;0;0;0;0;0;0;0;0;0;0;0;0;0;0;0;0;0;0;1;0;0;0;0;2;2;3;2;1;0;1;0;0;1;0;0;0
17281;Polignac;75;17;0;0;0;0;0;0;0;0;0;0;0;0;0;0;0;0;0;0;0;0;0;0;0;0;0;0;1;0;1;0;0;0;0;1;0;0;0
17282;Pommiers-Moulons;75;17;0;0;0;0;0;0;0;0;0;0;0;0;0;0;0;0;0;0;0;0;0;0;0;0;0;1;1;0;0;1;0;0;0;1;1;0;0
17283;Pons;75;17;0;1;0;0;0;0;0;0;0;0;1;1;0;0;0;5;2;1;0;0;17;3;0;4;3;11;3;5;6;1;10;2;0;16;11;1;6
17284;Pont-l'Abbé-d'Arnoult;75;17;0;0;0;0;0;0;0;0;0;0;0;0;0;0;0;2;0;1;0;0;7;1;0;1;5;5;8;5;4;2;6;3;0;7;3;1;1
17285;Port-d'Envaux;75;17;0;0;0;0;0;0;0;0;0;0;0;0;0;0;0;0;0;0;0;1;0;0;0;0;3;2;7;4;2;1;1;0;0;3;1;0;0
17286;Les Portes-en-Ré;75;17;0;0;0;0;0;0;0;0;0;0;0;0;0;0;0;0;0;1;0;0;0;0;0;0;4;0;3;3;2;0;1;0;0;11;4;1;2
17287;Pouillac;75;17;0;0;0;0;0;0;0;0;0;0;0;0;0;0;0;0;0;0;0;0;2;0;0;0;3;2;1;0;0;1;0;0;0;0;0;0;0
17288;Poursay-Garnaud;75;17;0;0;0;0;0;0;0;0;0;0;0;0;0;0;0;0;0;0;0;0;0;0;0;0;2;0;2;1;0;0;0;0;0;0;0;0;0
17289;Préguillac;75;17;0;0;0;0;0;0;0;0;0;0;0;0;0;0;0;0;0;0;0;0;0;0;0;0;2;1;2;0;0;0;0;0;0;0;0;0;0
17290;Prignac;75;17;0;0;0;0;0;0;0;0;0;0;0;0;0;0;0;0;0;0;1;0;0;0;0;0;1;1;1;0;1;1;0;0;0;0;0;0;0
17291;Puilboreau;75;17;0;0;0;0;0;0;0;0;0;0;0;0;0;0;0;3;0;1;1;0;9;3;1;0;9;4;13;10;13;4;10;1;0;23;7;2;5
17292;Puy-du-Lac;75;17;0;0;0;0;0;0;0;0;0;0;0;0;0;0;0;0;1;0;0;0;0;0;0;0;2;0;2;0;0;1;1;0;0;1;0;0;0
17293;Puyravault;75;17;0;0;0;0;0;0;0;0;0;0;0;0;0;0;0;0;0;0;0;1;0;0;0;0;3;1;3;3;1;0;0;0;0;0;0;0;1
17294;Puyrolland;75;17;0;0;0;0;0;0;0;0;0;0;0;0;0;0;0;0;0;0;0;1;0;0;0;0;1;1;2;0;0;0;0;0;0;0;0;0;0
17295;Réaux sur Trèfle;75;17;0;0;0;0;0;0;0;0;0;0;0;0;0;0;0;0;0;0;1;0;1;0;0;0;1;1;1;2;1;1;2;0;0;0;1;0;2
17296;Rétaud;75;17;0;0;0;0;0;0;0;0;0;0;0;0;0;0;0;0;0;0;0;1;1;0;0;0;1;4;2;2;4;0;0;0;0;0;0;0;1
17297;Rivedoux-Plage;75;17;0;0;0;0;0;0;0;0;0;0;0;0;0;0;0;0;2;1;0;0;0;1;0;0;13;15;4;6;7;2;5;0;0;17;15;1;2
17298;Rioux;75;17;0;0;0;0;0;0;0;0;0;0;0;0;0;0;0;0;0;0;0;1;1;0;0;0;3;4;1;1;1;0;2;0;0;3;2;0;0
17299;Rochefort;75;17;1;1;0;0;1;1;0;0;0;0;4;1;0;0;0;17;10;2;0;0;30;5;1;10;32;42;26;30;29;14;46;8;11;113;40;6;17
17300;La Rochelle;75;17;4;0;0;1;1;1;1;0;0;0;17;3;0;1;0;68;8;10;1;0;64;6;19;31;67;129;75;73;61;31;115;6;29;437;174;21;73
17301;Romazières;75;17;0;0;0;0;0;0;0;0;0;0;0;0;0;0;0;0;0;0;0;0;0;0;0;0;0;0;0;0;0;0;0;0;0;1;0;0;0
17302;Romegoux;75;17;0;0;0;0;0;0;0;0;0;0;0;0;0;0;0;0;0;0;0;0;2;0;0;0;2;2;1;1;0;0;0;0;0;1;0;0;0
17303;La Ronde;75;17;0;0;0;0;0;0;0;0;0;0;0;0;0;0;0;0;0;0;0;1;4;0;0;0;4;2;3;3;3;2;2;0;0;2;1;0;0
17304;Rouffiac;75;17;0;0;0;0;0;0;0;0;0;0;0;0;0;0;0;0;0;0;0;0;2;0;0;0;2;2;1;1;1;0;1;0;0;1;0;0;0
17305;Rouffignac;75;17;0;0;0;0;0;0;0;0;0;0;0;0;0;0;0;0;0;0;0;0;0;0;0;0;0;1;0;0;1;0;1;0;0;0;0;0;0
17306;Royan;75;17;1;1;0;0;0;0;0;0;0;0;4;1;0;0;0;17;7;2;0;1;42;3;3;7;25;27;28;27;17;20;48;5;5;130;79;10;23
17307;Sablonceaux;75;17;0;0;0;0;0;0;0;0;0;0;0;0;0;0;0;0;0;0;0;0;2;0;0;0;6;5;3;4;1;3;1;0;0;2;1;0;1
17308;Saint-Agnant;75;17;0;1;0;0;0;0;0;0;0;0;0;0;0;0;0;1;1;1;0;0;5;0;0;1;5;3;4;3;4;2;5;0;0;2;2;0;3
17309;Saint-Aigulin;75;17;0;1;0;0;0;0;0;0;0;0;1;0;0;0;0;2;3;1;0;0;0;0;0;1;3;4;3;0;4;1;2;3;0;4;0;0;2
17310;Saint-André-de-Lidon;75;17;0;0;0;0;0;0;0;0;0;0;0;0;0;0;0;0;0;0;0;1;2;0;0;0;2;2;2;0;0;0;1;0;0;1;1;0;0
17311;Saint-Augustin;75;17;0;0;0;0;0;0;0;0;0;0;0;0;0;0;0;0;0;0;0;1;1;0;0;0;5;5;3;2;3;0;1;0;0;3;0;0;0
17312;Saint-Bonnet-sur-Gironde;75;17;0;0;0;0;0;0;0;0;0;0;0;0;0;0;0;0;0;0;0;1;2;0;0;0;3;2;2;0;0;0;1;0;0;0;0;0;0
17313;Saint-Bris-des-Bois;75;17;0;0;0;0;0;0;0;0;0;0;0;0;0;0;0;0;0;0;0;0;0;0;0;0;0;0;1;2;2;0;0;0;0;0;0;0;0
17314;Saint-Césaire;75;17;0;0;0;0;0;0;0;0;0;0;0;0;0;0;0;0;1;0;0;1;0;0;0;0;2;4;0;1;3;0;4;0;0;1;1;0;1
17315;Saint-Christophe;75;17;0;0;0;0;0;0;0;0;0;0;0;0;0;0;0;0;0;0;1;0;2;1;0;0;6;4;4;2;3;3;1;0;0;4;0;1;4
17316;Saint-Ciers-Champagne;75;17;0;0;0;0;0;0;0;0;0;0;0;0;0;0;0;0;0;0;0;1;2;0;0;0;0;0;3;0;0;0;0;0;0;0;0;0;0
17317;Saint-Ciers-du-Taillon;75;17;0;1;0;0;0;0;0;0;0;0;0;0;0;0;0;0;0;0;1;0;1;0;0;0;1;0;2;0;2;0;2;0;0;1;0;0;0
17318;Saint-Clément-des-Baleines;75;17;0;0;0;0;0;0;0;0;0;0;0;0;0;0;0;0;0;0;0;1;1;0;0;0;2;0;1;1;3;0;1;0;0;11;2;0;0
17319;Sainte-Colombe;75;17;0;0;0;0;0;0;0;0;0;0;0;0;0;0;0;0;0;0;0;0;0;0;0;0;0;0;0;0;0;0;0;0;0;0;0;0;0
17320;Saint-Coutant-le-Grand;75;17;0;0;0;0;0;0;0;0;0;0;0;0;0;0;0;0;0;0;0;0;0;0;0;0;1;0;1;0;1;0;0;0;0;0;0;0;0
17321;Saint-Crépin;75;17;0;0;0;0;0;0;0;0;0;0;0;0;0;0;0;1;0;0;0;0;0;0;0;0;0;1;1;0;1;1;0;0;0;1;1;0;0
17322;Saint-Cyr-du-Doret;75;17;0;0;0;0;0;0;0;0;0;0;0;0;0;0;0;0;0;0;0;0;0;0;1;0;0;0;3;1;1;0;0;0;0;1;0;0;1
17323;Saint-Denis-d'Oléron;75;17;0;0;0;0;0;0;0;0;0;0;0;0;0;0;0;0;0;1;0;0;1;0;0;0;7;5;3;5;2;1;3;0;0;26;3;0;2
17324;Saint-Dizant-du-Bois;75;17;0;0;0;0;0;0;0;0;0;0;0;0;0;0;0;0;0;0;0;0;0;0;0;0;1;1;0;0;0;0;0;0;0;0;0;0;0
17325;Saint-Dizant-du-Gua;75;17;0;0;0;0;0;0;0;0;0;0;0;0;0;0;0;0;0;0;1;0;1;0;0;0;1;2;1;2;0;0;1;0;0;1;0;0;0
17326;Saint-Eugène;75;17;0;0;0;0;0;0;0;0;0;0;0;0;0;0;0;0;0;0;0;0;1;0;0;0;1;0;0;0;0;0;0;0;0;1;0;0;0
17327;Saint-Félix;75;17;0;0;0;0;0;0;0;0;0;0;0;0;0;0;0;0;0;0;1;0;0;0;0;0;1;1;2;0;0;0;0;0;0;2;0;0;0
17328;Saint-Fort-sur-Gironde;75;17;0;0;0;0;0;0;0;0;0;0;0;0;0;0;0;1;0;1;0;0;3;0;0;0;2;3;4;3;0;1;3;0;0;5;1;0;0
17329;Saint-Froult;75;17;0;0;0;0;0;0;0;0;0;0;0;0;0;0;0;0;0;0;0;0;0;0;0;0;1;1;0;0;0;0;0;0;0;0;1;0;0
17330;Sainte-Gemme;75;17;0;0;0;0;0;0;0;0;0;0;0;0;0;0;0;0;0;0;0;0;3;0;0;0;6;2;3;3;2;0;1;0;0;0;3;0;2
17331;Saint-Genis-de-Saintonge;75;17;0;1;0;0;0;0;0;0;0;0;1;0;0;0;0;1;0;1;0;0;2;0;0;1;3;3;3;2;3;0;2;0;0;6;2;1;1
17332;Saint-Georges-Antignac;75;17;0;0;0;0;0;0;0;0;0;0;0;0;0;0;0;0;0;0;0;0;2;0;0;0;1;1;1;1;0;0;0;0;0;0;0;0;0
17333;Saint-Georges-de-Didonne;75;17;0;0;0;0;0;0;0;0;0;0;0;0;0;0;0;3;3;1;0;0;6;1;0;2;10;14;3;8;6;1;8;1;0;51;18;3;1
17334;Saint-Georges-de-Longuepierre;75;17;0;0;0;0;0;0;0;0;0;0;0;0;0;0;0;0;0;0;0;0;0;0;0;0;1;3;0;0;0;0;0;0;0;0;0;0;0
17335;Saint-Georges-des-Agoûts;75;17;0;0;0;0;0;0;0;0;0;0;0;0;0;0;0;0;0;0;0;0;1;0;0;0;2;1;1;0;0;0;0;0;0;0;0;0;0
17336;Saint-Georges-des-Coteaux;75;17;0;0;0;0;0;0;0;0;0;0;0;0;0;0;0;0;0;1;0;0;4;1;0;1;4;5;11;3;2;2;3;0;1;2;3;0;4
17337;Saint-Georges-d'Oléron;75;17;0;0;0;0;0;0;0;0;0;0;0;0;0;0;0;0;0;1;1;0;8;0;0;0;16;9;7;9;10;2;4;0;0;50;1;0;6
17338;Saint-Georges-du-Bois;75;17;0;0;0;0;0;0;0;0;0;0;0;0;0;0;0;0;0;0;1;0;5;0;0;0;3;5;2;5;3;0;2;0;0;1;0;0;0
17339;Saint-Germain-de-Lusignan;75;17;0;0;0;0;0;0;0;0;0;0;0;0;0;0;0;0;0;0;0;0;3;1;0;0;4;2;2;2;0;0;2;0;1;2;0;0;1
17340;Saint-Germain-de-Marencennes;75;17;0;0;0;0;0;0;0;0;0;0;0;0;0;0;0;1;0;0;0;1;1;0;0;0;3;3;2;1;0;0;1;0;0;3;1;0;2
17341;Saint-Germain-de-Vibrac;75;17;0;0;0;0;0;0;0;0;0;0;0;0;0;0;0;0;0;0;0;0;0;0;0;0;1;0;0;0;1;0;0;0;0;0;0;0;0
17342;Saint-Germain-du-Seudre;75;17;0;0;0;0;0;0;0;0;0;0;0;0;0;0;0;0;0;0;0;0;0;0;0;0;0;1;0;2;1;0;0;0;0;1;0;0;1
17343;Saint-Grégoire-d'Ardennes;75;17;0;0;0;0;0;0;0;0;0;0;0;0;0;0;0;0;0;0;0;0;0;0;0;0;0;0;0;0;0;0;0;0;0;0;0;0;0
17344;Saint-Hilaire-de-Villefranche;75;17;0;0;0;0;0;0;0;0;0;0;0;0;0;0;0;1;1;1;0;0;5;0;0;1;6;3;6;4;0;0;2;0;0;7;0;0;0
17345;Saint-Hilaire-du-Bois;75;17;0;0;0;0;0;0;0;0;0;0;0;0;0;0;0;0;0;0;0;0;0;0;0;0;0;1;1;0;0;0;0;0;0;0;0;0;0
17346;Saint-Hippolyte;75;17;0;0;0;0;0;0;0;0;0;0;0;0;0;0;0;0;0;0;0;1;2;0;0;0;4;5;4;0;2;1;2;0;0;3;0;0;2
17347;Saint-Jean-d'Angély;75;17;0;1;0;0;0;0;0;0;0;0;3;1;0;0;0;8;4;1;0;0;20;3;0;5;10;18;8;11;12;1;12;1;3;33;13;5;8
17348;Saint-Jean-d'Angle;75;17;0;0;0;0;0;0;0;0;0;0;0;0;0;0;0;0;0;0;0;1;0;0;0;0;5;1;3;0;0;0;0;0;0;1;0;0;1
17349;Saint-Jean-de-Liversay;75;17;0;0;0;0;0;0;0;0;0;0;0;0;0;0;0;0;0;1;0;0;1;0;0;2;4;5;4;4;3;2;1;1;0;4;2;0;0
17350;Saint-Julien-de-l'Escap;75;17;0;0;0;0;0;0;0;0;0;0;0;0;0;0;0;0;0;0;0;0;3;0;0;0;0;1;2;1;0;0;3;0;0;1;0;0;1
17351;Saint-Just-Luzac;75;17;0;0;0;0;0;0;0;0;0;0;0;0;0;0;0;0;0;0;1;0;6;0;0;0;4;8;5;1;2;3;4;0;0;2;1;0;1
17352;Saint-Laurent-de-la-Barrière;75;17;0;0;0;0;0;0;0;0;0;0;0;0;0;0;0;0;0;0;0;0;0;0;0;0;0;1;0;0;0;0;0;2;0;0;0;0;0
17353;Saint-Laurent-de-la-Prée;75;17;0;0;0;0;0;0;0;0;0;0;0;0;0;0;0;0;0;0;1;0;4;0;0;0;2;6;4;5;6;3;2;0;0;3;4;0;2
17354;Saint-Léger;75;17;0;0;0;0;0;0;0;0;0;0;0;0;0;0;0;0;0;0;0;0;0;0;0;0;2;2;1;0;0;0;0;0;0;2;2;0;1
17355;Sainte-Lheurine;75;17;0;0;0;0;0;0;0;0;0;0;0;0;0;0;0;0;0;0;0;0;0;0;0;0;2;0;3;0;2;0;0;0;0;0;0;0;1
17356;Saint-Loup;75;17;0;0;0;0;0;0;0;0;0;0;0;0;0;0;0;0;0;0;0;0;0;0;0;0;1;0;1;1;1;0;0;0;0;2;0;0;0
17357;Saint-Maigrin;75;17;0;0;0;0;0;0;0;0;0;0;0;0;0;0;0;0;0;0;0;1;1;0;0;0;2;0;4;1;0;0;1;0;0;0;0;0;0
17358;Saint-Mandé-sur-Brédoire;75;17;0;0;0;0;0;0;0;0;0;0;0;0;0;0;0;0;0;0;0;0;1;0;0;0;1;0;0;0;1;0;0;0;0;0;0;0;0
17359;Saint-Mard;75;17;0;0;0;0;0;0;0;0;0;0;0;0;0;0;0;0;0;0;0;1;3;1;0;0;1;6;3;4;2;1;2;0;0;1;0;0;0
17360;Sainte-Marie-de-Ré;75;17;0;0;0;0;0;0;0;0;0;0;0;1;0;0;0;0;1;1;0;0;2;0;0;0;14;10;7;7;9;0;6;0;0;9;12;1;3
17361;Saint-Martial;75;17;0;0;0;0;0;0;0;0;0;0;0;0;0;0;0;0;0;0;0;0;0;0;0;0;0;0;0;1;0;1;0;0;0;0;0;0;1
17362;Saint-Martial-de-Mirambeau;75;17;0;0;0;0;0;0;0;0;0;0;0;0;0;0;0;0;0;0;0;0;0;0;0;0;0;0;1;0;0;0;1;0;0;1;0;0;0
17363;Saint-Martial-de-Vitaterne;75;17;0;0;0;0;0;0;0;0;0;0;0;0;0;0;0;0;0;0;0;0;2;1;0;0;0;1;0;1;0;0;0;0;0;1;0;0;0
17364;Saint-Martial-sur-Né;75;17;0;0;0;0;0;0;0;0;0;0;0;0;0;0;0;0;0;0;0;0;0;0;0;0;2;0;0;2;0;0;0;0;0;0;0;0;0
17365;Saint-Martin-d'Ary;75;17;0;0;0;0;0;0;0;0;0;0;0;0;0;0;0;0;1;0;0;0;1;0;0;1;0;1;1;1;1;0;1;1;0;1;0;0;0
17366;Saint-Martin-de-Coux;75;17;0;0;0;0;0;0;0;0;0;0;0;0;0;0;0;0;0;0;0;1;0;0;0;0;0;2;1;0;0;1;0;0;0;0;0;0;0
17367;Saint-Martin-de-Juillers;75;17;0;0;0;0;0;0;0;0;0;0;0;0;0;0;0;0;0;0;0;0;0;0;0;0;0;0;0;1;0;0;0;0;0;0;0;0;0
17369;Saint-Martin-de-Ré;75;17;0;1;0;0;0;0;0;0;0;0;1;0;0;0;0;6;0;1;1;0;1;1;0;1;5;5;2;3;2;1;8;1;2;45;15;2;7
17372;Saint-Médard;75;17;0;0;0;0;0;0;0;0;0;0;0;0;0;0;0;0;0;0;0;0;0;0;0;0;0;0;0;0;0;0;0;0;0;0;0;0;0
17373;Saint-Médard-d'Aunis;75;17;0;0;0;0;0;0;0;0;0;0;0;0;0;0;0;0;0;0;1;0;5;0;0;0;22;2;19;9;11;0;1;0;0;1;2;0;1
17374;Sainte-Même;75;17;0;0;0;0;0;0;0;0;0;0;0;0;0;0;0;0;0;0;0;1;0;0;0;0;1;1;0;1;0;1;0;0;0;1;0;0;0
17375;Saint-Nazaire-sur-Charente;75;17;0;0;0;0;0;0;0;0;0;0;0;0;0;0;0;0;0;0;0;1;2;0;0;0;6;3;3;2;2;0;0;0;0;2;1;0;1
17376;Saint-Ouen-d'Aunis;75;17;0;0;0;0;0;0;0;0;0;0;0;0;0;0;0;0;1;0;0;0;1;0;0;0;1;1;7;3;1;0;1;0;0;1;0;0;1
17377;Saint-Ouen-la-Thène;75;17;0;0;0;0;0;0;0;0;0;0;0;0;0;0;0;0;0;0;0;0;0;0;0;0;0;0;0;0;0;0;0;0;0;0;0;0;0
17378;Saint-Palais-de-Négrignac;75;17;0;0;0;0;0;0;0;0;0;0;0;0;0;0;0;0;0;0;0;0;0;0;0;0;3;0;2;0;1;0;0;1;0;1;0;0;1
17379;Saint-Palais-de-Phiolin;75;17;0;0;0;0;0;0;0;0;0;0;0;0;0;0;0;0;0;0;0;0;0;0;0;0;2;0;1;0;0;0;0;0;0;0;0;0;0
17380;Saint-Palais-sur-Mer;75;17;0;0;0;0;0;0;0;0;0;0;0;0;0;0;0;4;0;1;1;0;5;0;0;0;8;8;6;8;5;2;7;0;0;41;17;1;2
17381;Saint-Pardoult;75;17;0;0;0;0;0;0;0;0;0;0;0;0;0;0;0;0;0;0;0;0;0;0;0;0;1;0;2;0;0;0;0;0;0;0;0;0;0
17382;Saint-Pierre-d'Amilly;75;17;0;0;0;0;0;0;0;0;0;0;0;0;0;0;0;0;0;0;0;0;1;0;0;0;1;0;1;2;3;0;0;0;0;2;0;0;0
17383;Saint-Pierre-de-Juillers;75;17;0;0;0;0;0;0;0;0;0;0;0;0;0;0;0;0;0;0;0;0;0;0;0;0;1;1;0;1;0;0;0;0;0;1;0;0;0
17384;Saint-Pierre-de-l'Isle;75;17;0;0;0;0;0;0;0;0;0;0;0;0;0;0;0;0;0;0;0;0;0;0;0;0;1;0;0;0;0;0;0;0;0;0;0;0;0
17385;Saint-Pierre-d'Oléron;75;17;0;1;0;0;0;0;0;0;0;0;1;1;1;0;0;9;2;1;1;0;13;1;0;2;27;19;23;10;10;11;14;2;0;63;17;6;8
17386;Saint-Pierre-du-Palais;75;17;0;0;0;0;0;0;0;0;0;0;0;0;0;0;0;0;0;0;0;0;1;0;0;0;1;3;1;0;0;0;0;0;0;0;0;0;0
17387;Saint-Porchaire;75;17;0;1;0;0;0;0;0;0;0;0;1;0;0;0;0;2;1;1;0;0;3;0;0;0;1;2;3;2;3;1;2;1;0;4;2;0;1
17388;Saint-Quantin-de-Rançanne;75;17;0;0;0;0;0;0;0;0;0;0;0;0;0;0;0;0;0;0;0;0;0;0;0;0;1;0;0;1;1;0;0;0;0;0;0;1;0
17389;Sainte-Radegonde;75;17;0;0;0;0;0;0;0;0;0;0;0;0;0;0;0;0;0;0;0;0;0;0;0;1;1;2;0;2;0;0;0;0;0;2;2;0;0
17390;Sainte-Ramée;75;17;0;0;0;0;0;0;0;0;0;0;0;0;0;0;0;0;0;0;0;0;0;0;0;0;0;0;1;1;0;0;0;0;0;0;0;0;0
17391;Saint-Rogatien;75;17;0;0;0;0;0;0;0;0;0;0;0;0;0;0;0;0;0;0;0;1;1;0;0;0;6;7;1;2;2;1;3;0;0;2;0;0;1
17392;Saint-Romain-sur-Gironde;75;17;0;0;0;0;0;0;0;0;0;0;0;0;0;0;0;0;0;0;0;0;0;0;0;0;0;0;0;0;0;0;0;0;0;0;0;0;0
17393;Saint-Romain-de-Benet;75;17;0;0;0;0;0;0;0;0;0;0;0;0;0;0;0;0;2;0;1;0;3;0;0;0;6;3;7;5;4;1;2;0;0;3;0;0;0
17394;Saint-Saturnin-du-Bois;75;17;0;0;0;0;0;0;0;0;0;0;0;0;0;0;0;0;0;0;0;1;1;0;0;0;1;4;2;0;2;0;0;0;0;1;0;0;0
17395;Saint-Sauvant;75;17;0;0;0;0;0;0;0;0;0;0;0;0;0;0;0;0;0;0;1;0;2;0;0;0;1;0;2;1;0;1;1;0;0;0;0;0;0
17396;Saint-Sauveur-d'Aunis;75;17;0;0;0;0;0;0;0;0;0;0;0;0;0;0;0;1;0;1;0;0;3;1;0;2;4;10;5;4;2;1;5;0;0;2;1;0;1
17397;Saint-Savinien;75;17;0;1;0;0;0;0;0;0;0;0;1;0;0;0;0;4;1;1;0;0;5;1;0;2;6;2;6;5;3;0;4;2;0;2;3;0;1
17398;Saint-Seurin-de-Palenne;75;17;0;0;0;0;0;0;0;0;0;0;0;0;0;0;0;0;0;0;0;0;0;0;0;0;1;0;0;1;1;0;0;0;0;0;0;0;0
17400;Saint-Sever-de-Saintonge;75;17;0;0;0;0;0;0;0;0;0;0;0;0;0;0;0;0;0;0;0;1;2;0;0;0;2;1;0;1;1;1;0;0;0;0;0;0;0
17401;Saint-Séverin-sur-Boutonne;75;17;0;0;0;0;0;0;0;0;0;0;0;0;0;0;0;0;0;0;0;0;0;0;0;0;0;1;0;0;0;0;0;0;0;0;1;0;0
17402;Saint-Sigismond-de-Clermont;75;17;0;0;0;0;0;0;0;0;0;0;0;0;0;0;0;0;0;0;0;0;0;0;0;0;1;0;0;0;0;0;0;0;0;0;0;0;0
17403;Saint-Simon-de-Bordes;75;17;0;0;0;0;0;0;0;0;0;0;0;0;0;0;0;0;0;0;0;0;0;0;0;0;1;0;0;1;3;1;1;0;0;2;0;0;1
17404;Saint-Simon-de-Pellouaille;75;17;0;0;0;0;0;0;0;0;0;0;0;0;0;0;0;0;0;0;0;0;1;0;0;0;1;1;1;1;0;1;0;0;0;0;0;0;0
17405;Saint-Sorlin-de-Conac;75;17;0;0;0;0;0;0;0;0;0;0;0;0;0;0;0;0;0;0;0;0;0;0;0;0;0;0;1;0;1;1;0;0;0;1;0;0;1
17406;Saint-Sornin;75;17;0;0;0;0;0;0;0;0;0;0;0;0;0;0;0;0;0;0;0;0;0;0;0;0;1;0;3;0;1;1;0;0;0;1;0;0;1
17407;Sainte-Soulle;75;17;0;0;0;0;0;0;0;0;0;0;0;0;0;0;0;0;0;1;0;0;4;0;0;1;11;9;8;4;6;5;3;0;0;2;3;0;2
17408;Saint-Sulpice-d'Arnoult;75;17;0;0;0;0;0;0;0;0;0;0;0;0;0;0;0;0;0;0;0;0;1;0;0;0;2;1;1;1;2;0;1;0;0;1;0;0;1
17409;Saint-Sulpice-de-Royan;75;17;0;0;0;0;0;0;0;0;0;0;0;0;0;0;0;0;0;1;0;0;12;1;0;0;18;12;14;12;6;0;5;0;0;8;2;1;0
17410;Saint-Thomas-de-Conac;75;17;0;0;0;0;0;0;0;0;0;0;0;0;0;0;0;0;0;0;0;1;2;0;0;0;3;1;0;1;1;1;2;0;0;1;0;0;0
17411;Saint-Trojan-les-Bains;75;17;0;0;0;0;0;0;0;0;0;0;0;0;0;0;0;2;0;1;0;0;2;0;0;0;2;3;2;4;1;2;3;0;0;30;1;1;0
17412;Saint-Vaize;75;17;0;0;0;0;0;0;0;0;0;0;0;0;0;0;0;0;0;0;0;0;0;0;0;0;0;1;1;3;1;0;0;0;0;1;1;0;0
17413;Saint-Vivien;75;17;0;0;0;0;0;0;0;0;0;0;0;0;0;0;0;0;0;0;0;0;4;0;0;0;4;5;5;5;1;0;1;0;0;3;4;0;3
17414;Saint-Xandre;75;17;0;0;0;0;0;0;0;0;0;0;0;0;0;0;0;1;0;1;0;0;6;0;0;2;6;10;9;8;10;1;3;1;0;6;7;0;5
17415;Saintes;75;17;1;1;0;1;1;1;1;0;0;0;8;1;0;0;0;24;5;3;1;0;42;7;4;9;26;26;27;29;20;20;62;7;17;114;52;6;26
17416;Saleignes;75;17;0;0;0;0;0;0;0;0;0;0;0;0;0;0;0;0;0;0;0;0;0;0;0;0;0;0;0;0;0;0;0;0;0;0;0;0;0
17417;Salignac-de-Mirambeau;75;17;0;0;0;0;0;0;0;0;0;0;0;0;0;0;0;0;0;0;0;0;0;0;0;0;0;0;0;0;0;0;1;0;0;0;0;0;0
17418;Salignac-sur-Charente;75;17;0;0;0;0;0;0;0;0;0;0;0;0;0;0;0;0;0;0;1;0;0;0;0;0;1;1;2;1;2;0;0;0;0;0;1;0;1
17420;Salles-sur-Mer;75;17;0;0;0;0;0;0;0;0;0;0;0;0;0;0;0;0;0;0;0;1;3;0;0;1;3;2;3;4;5;3;3;0;0;3;1;0;0
17421;Saujon;75;17;0;1;0;0;0;0;0;0;0;0;1;0;0;0;0;7;4;1;0;0;15;1;0;3;16;17;12;13;16;4;16;3;0;24;15;2;8
17422;Seigné;75;17;0;0;0;0;0;0;0;0;0;0;0;0;0;0;0;0;0;0;0;0;0;0;0;0;0;0;0;0;0;0;0;0;0;0;0;0;0
17423;Semillac;75;17;0;0;0;0;0;0;0;0;0;0;0;0;0;0;0;0;0;0;0;0;0;0;0;0;1;0;0;0;0;0;0;0;0;0;0;0;0
17424;Semoussac;75;17;0;0;0;0;0;0;0;0;0;0;0;0;0;0;0;0;0;0;0;0;1;0;0;0;0;0;0;0;0;0;0;1;0;1;0;0;0
17425;Semussac;75;17;0;0;0;0;0;0;0;0;0;0;0;0;0;0;0;0;0;0;0;1;9;0;0;0;5;12;2;2;3;2;5;0;0;2;2;0;2
17426;Le Seure;75;17;0;0;0;0;0;0;0;0;0;0;0;0;0;0;0;0;0;0;0;0;1;0;0;0;1;0;0;3;0;0;0;0;0;0;0;0;0
17427;Siecq;75;17;0;0;0;0;0;0;0;0;0;0;0;0;0;0;0;0;0;0;0;1;1;0;0;1;2;0;0;1;1;0;0;0;0;1;0;0;0
17428;Sonnac;75;17;0;0;0;0;0;0;0;0;0;0;0;0;0;0;0;0;0;0;0;1;1;0;0;0;1;0;4;1;2;0;1;0;0;0;0;0;0
17429;Soubise;75;17;0;0;0;0;0;0;0;0;0;0;0;0;0;0;0;0;0;1;0;0;3;0;0;1;6;2;3;0;4;0;2;0;0;3;3;0;4
17430;Soubran;75;17;0;0;0;0;0;0;0;0;0;0;0;0;0;0;0;0;0;0;0;1;2;0;0;0;2;0;0;0;1;0;0;0;0;2;0;0;0
17431;Soulignonne;75;17;0;0;0;0;0;0;0;0;0;0;0;0;0;0;0;0;0;0;0;0;1;0;0;0;2;2;3;2;0;0;0;0;0;1;0;0;0
17432;Souméras;75;17;0;0;0;0;0;0;0;0;0;0;0;0;0;0;0;0;0;0;0;0;2;0;0;0;0;1;0;2;1;0;0;0;0;0;0;0;0
17433;Sousmoulins;75;17;0;0;0;0;0;0;0;0;0;0;0;0;0;0;0;0;0;0;0;0;0;0;0;0;1;0;0;0;0;0;0;0;0;2;0;0;0
17434;Surgères;75;17;0;1;0;0;0;0;0;0;0;0;1;2;0;0;0;8;3;1;0;0;21;2;0;4;10;9;7;6;7;12;13;4;0;18;11;2;6
17435;Taillant;75;17;0;0;0;0;0;0;0;0;0;0;0;0;0;0;0;0;0;0;0;0;0;0;0;0;0;0;0;0;0;0;0;0;0;0;0;0;0
17436;Taillebourg;75;17;0;0;0;0;0;0;0;0;0;0;0;0;0;0;0;0;0;0;0;1;2;0;0;0;1;1;1;1;1;1;1;0;0;3;1;0;0
17437;Talmont-sur-Gironde;75;17;0;0;0;0;0;0;0;0;0;0;0;0;0;0;0;0;0;0;0;0;0;0;0;0;1;0;0;0;1;0;0;0;0;6;1;0;0
17438;Tanzac;75;17;0;0;0;0;0;0;0;0;0;0;0;0;0;0;0;0;0;0;0;0;1;0;0;0;0;0;1;0;1;0;0;0;0;0;0;0;0
17439;Taugon;75;17;0;0;0;0;0;0;0;0;0;0;0;0;0;0;0;0;0;0;0;1;0;0;0;0;1;2;3;0;4;0;1;0;0;2;1;0;0
17440;Ternant;75;17;0;0;0;0;0;0;0;0;0;0;0;0;0;0;0;0;0;0;0;0;0;0;0;0;1;0;0;0;0;2;1;0;0;0;0;0;1
17441;Tesson;75;17;0;0;0;0;0;0;0;0;0;0;0;0;0;0;0;0;0;0;0;1;0;0;0;2;3;0;1;1;1;0;1;0;0;2;0;0;0
17442;Thaims;75;17;0;0;0;0;0;0;0;0;0;0;0;0;0;0;0;0;0;0;0;0;1;0;0;0;1;0;1;0;1;0;0;0;0;1;0;0;0
17443;Thairé;75;17;0;0;0;0;0;0;0;0;0;0;0;0;0;0;0;0;0;0;0;1;1;0;0;0;3;5;1;7;4;1;1;0;0;1;1;0;1
17444;Thénac;75;17;0;0;0;0;0;0;0;0;0;0;0;0;0;0;0;0;0;1;0;0;0;0;0;2;4;5;4;3;2;1;2;0;0;4;1;0;1
17445;Thézac;75;17;0;0;0;0;0;0;0;0;0;0;0;0;0;0;0;0;0;0;0;0;0;0;0;0;2;0;3;1;0;0;0;0;0;1;0;0;1
17446;Thors;75;17;0;0;0;0;0;0;0;0;0;0;0;0;0;0;0;0;0;0;0;1;0;0;0;0;1;1;1;0;2;0;1;0;0;1;0;0;1
17447;Le Thou;75;17;0;0;0;0;0;0;0;0;0;0;0;0;0;0;0;0;0;0;0;1;9;0;0;1;4;10;5;3;6;0;3;0;0;2;0;1;2
17448;Tonnay-Boutonne;75;17;0;1;0;0;0;0;0;0;0;0;0;0;0;0;0;1;0;1;0;0;5;0;0;1;1;2;3;1;0;0;2;2;0;1;1;0;1
17449;Tonnay-Charente;75;17;0;0;0;0;0;0;0;0;0;0;1;0;0;0;0;4;3;1;0;0;17;3;0;2;19;23;11;7;8;2;13;3;0;20;3;2;7
17450;Torxé;75;17;0;0;0;0;0;0;0;0;0;0;0;0;0;0;0;0;0;0;0;0;0;0;0;0;0;0;1;0;0;0;0;0;0;0;0;0;0
17451;Les Touches-de-Périgny;75;17;0;0;0;0;0;0;0;0;0;0;0;0;0;0;0;0;0;0;0;1;0;0;0;0;1;0;0;0;0;1;0;0;0;0;0;0;0
17452;La Tremblade;75;17;0;1;0;0;0;0;0;0;0;0;0;0;0;0;0;6;1;1;1;0;12;0;0;2;23;3;9;9;10;5;12;2;0;50;11;0;8
17453;Trizay;75;17;0;0;0;0;0;0;0;0;0;0;0;0;0;0;0;0;0;0;0;1;1;0;0;0;1;1;4;3;1;1;2;0;0;5;1;0;2
17454;Tugéras-Saint-Maurice;75;17;0;0;0;0;0;0;0;0;0;0;0;0;0;0;0;0;0;0;0;1;0;0;0;0;1;0;0;1;0;0;2;0;0;0;2;0;0
17455;La Vallée;75;17;0;0;0;0;0;0;0;0;0;0;0;0;0;0;0;0;0;0;0;0;2;0;0;0;3;1;0;3;1;0;0;0;0;0;0;0;0
17457;Vandré;75;17;0;0;0;0;0;0;0;0;0;0;0;0;0;0;0;0;0;0;1;0;0;0;0;0;2;1;3;1;1;0;0;0;0;1;0;0;0
17458;Vanzac;75;17;0;0;0;0;0;0;0;0;0;0;0;0;0;0;0;0;0;0;0;0;0;0;0;0;0;0;2;0;0;0;0;0;0;1;0;0;0
17459;Varaize;75;17;0;0;0;0;0;0;0;0;0;0;0;0;0;0;0;0;0;0;0;1;2;0;0;0;1;1;0;1;1;0;0;0;0;0;0;0;0
17460;Varzay;75;17;0;0;0;0;0;0;0;0;0;0;0;0;0;0;0;0;0;0;0;0;1;0;0;0;3;5;2;1;1;0;0;0;0;0;2;0;0
17461;Vaux-sur-Mer;75;17;0;0;0;0;0;0;0;0;0;0;0;0;0;0;0;4;0;1;0;0;10;1;0;1;14;14;4;12;5;7;10;2;0;21;14;3;9
17462;Vénérand;75;17;0;0;0;0;0;0;0;0;0;0;0;0;0;0;0;0;0;0;0;0;0;0;0;0;3;0;0;0;1;0;1;0;0;4;0;0;0
17463;Vergeroux;75;17;0;0;0;0;0;0;0;0;0;0;0;0;0;0;0;0;0;0;0;0;2;0;0;0;0;3;0;2;3;0;0;0;0;0;1;0;0
17464;Vergné;75;17;0;0;0;0;0;0;0;0;0;0;0;0;0;0;0;0;0;0;0;0;1;0;0;0;0;0;0;0;0;0;0;0;0;1;0;0;0
17465;La Vergne;75;17;0;0;0;0;0;0;0;0;0;0;0;0;0;0;0;0;0;0;0;0;0;0;0;0;1;0;3;1;1;0;0;0;0;3;0;0;0
17466;Vérines;75;17;0;0;0;0;0;0;0;0;0;0;0;0;0;0;0;0;0;0;1;0;2;0;0;0;4;2;8;6;8;1;4;0;0;4;1;0;2
17467;Vervant;75;17;0;0;0;0;0;0;0;0;0;0;0;0;0;0;0;0;0;0;0;0;1;0;0;0;0;1;0;0;0;1;0;0;0;1;0;0;0
17468;Vibrac;75;17;0;0;0;0;0;0;0;0;0;0;0;0;0;0;0;0;0;0;0;0;1;0;0;0;0;0;0;0;0;0;0;0;0;0;0;0;0
17469;Villars-en-Pons;75;17;0;0;0;0;0;0;0;0;0;0;0;0;0;0;0;0;0;0;0;0;0;0;0;0;5;4;0;0;1;0;0;0;0;0;0;0;0
17470;Villars-les-Bois;75;17;0;0;0;0;0;0;0;0;0;0;0;0;0;0;0;0;0;0;0;0;0;0;0;0;0;2;1;2;0;1;0;0;0;0;0;0;0
17471;La Villedieu;75;17;0;0;0;0;0;0;0;0;0;0;0;0;0;0;0;0;0;0;0;0;0;0;0;0;0;0;1;0;0;0;0;0;0;1;0;0;0
17472;Villedoux;75;17;0;0;0;0;0;0;0;0;0;0;0;0;0;0;0;0;0;0;0;0;3;0;0;0;0;2;10;4;5;2;3;0;0;3;0;0;2
17473;Villemorin;75;17;0;0;0;0;0;0;0;0;0;0;0;0;0;0;0;0;0;0;0;0;0;0;0;0;0;0;0;0;0;0;0;0;0;0;0;0;0
17474;Villeneuve-la-Comtesse;75;17;0;0;0;0;0;0;0;0;0;0;0;0;0;0;0;0;0;0;0;1;1;0;0;0;0;0;2;2;1;2;1;0;0;1;0;0;0
17476;Villexavier;75;17;0;0;0;0;0;0;0;0;0;0;0;0;0;0;0;0;0;0;0;0;0;0;0;0;2;1;1;1;1;0;1;0;0;0;2;0;0
17477;Villiers-Couture;75;17;0;0;0;0;0;0;0;0;0;0;0;0;0;0;0;0;0;0;0;0;0;0;0;0;0;0;2;0;0;0;0;0;0;0;0;0;0
17478;Vinax;75;17;0;0;0;0;0;0;0;0;0;0;0;0;0;0;0;0;0;0;0;0;0;0;0;0;0;0;0;0;0;0;0;0;0;0;0;0;0
17479;Virollet;75;17;0;0;0;0;0;0;0;0;0;0;0;0;0;0;0;0;0;0;0;0;0;0;0;0;0;0;0;1;0;0;0;0;0;0;0;0;0
17480;Virson;75;17;0;0;0;0;0;0;0;0;0;0;0;0;0;0;0;0;0;0;0;0;0;0;1;0;0;2;1;2;5;0;1;0;0;0;0;0;0
17481;Voissay;75;17;0;0;0;0;0;0;0;0;0;0;0;0;0;0;0;0;0;0;0;0;0;0;0;0;1;0;1;1;0;0;0;0;0;0;0;0;0
17482;Vouhé;75;17;0;0;0;0;0;0;0;0;0;0;0;0;0;0;0;0;0;0;0;1;1;0;0;0;2;0;3;1;1;0;1;0;0;1;0;0;0
17483;Yves;75;17;0;0;0;0;0;0;0;0;0;0;0;0;0;0;0;0;0;0;0;0;2;0;0;0;6;6;7;5;1;3;2;0;0;1;2;0;2
17484;Port-des-Barques;75;17;0;0;0;0;0;0;0;0;0;0;0;0;0;0;0;1;0;1;0;0;2;0;0;0;4;2;1;2;1;0;3;0;0;6;2;0;1
17485;Le Grand-Village-Plage;75;17;0;0;0;0;0;0;0;0;0;0;0;0;0;0;0;0;0;0;0;1;2;0;0;0;1;1;2;1;1;0;3;0;0;7;1;0;1
17486;La Brée-les-Bains;75;17;0;0;0;0;0;0;0;0;0;0;0;0;0;0;0;0;0;0;0;1;1;0;0;1;1;3;0;3;2;0;1;0;0;11;2;0;0
18001;Achères;24;18;0;0;0;0;0;0;0;0;0;0;0;0;0;0;0;0;0;0;0;0;1;0;0;0;0;0;2;1;0;0;1;0;0;0;1;0;0
18002;Ainay-le-Vieil;24;18;0;0;0;0;0;0;0;0;0;0;0;0;0;0;0;0;0;0;0;1;0;0;0;0;0;0;0;0;0;0;0;0;0;0;0;0;0
18003;Les Aix-d'Angillon;24;18;0;1;0;0;0;0;0;0;0;0;1;0;1;0;0;4;0;1;0;0;5;0;0;1;4;3;3;0;4;0;3;0;0;2;1;0;1
18004;Allogny;24;18;0;0;0;0;0;0;0;0;0;0;0;0;0;0;0;0;0;0;0;1;3;0;0;0;1;3;0;3;0;4;2;1;0;3;3;0;1
18005;Allouis;24;18;0;0;0;0;0;0;0;0;0;0;0;0;0;0;0;0;0;0;0;0;0;0;0;0;0;5;4;2;2;0;0;1;0;0;1;0;0
18006;Annoix;24;18;0;0;0;0;0;0;0;0;0;0;0;0;0;0;0;0;0;0;0;0;0;0;0;0;1;0;0;1;1;0;0;0;0;0;1;0;0
18007;Apremont-sur-Allier;24;18;0;0;0;0;0;0;0;0;0;0;0;0;0;0;0;0;0;0;0;0;0;0;0;0;0;0;0;0;0;0;0;0;0;2;0;0;0
18008;Arçay;24;18;0;0;0;0;0;0;0;0;0;0;0;0;0;0;0;0;0;0;0;0;1;0;0;0;0;2;0;1;3;0;0;0;0;2;0;0;0
18009;Arcomps;24;18;0;0;0;0;0;0;0;0;0;0;0;0;0;0;0;0;0;0;0;1;1;0;0;0;1;2;0;0;0;0;0;0;0;1;0;0;0
18010;Ardenais;24;18;0;0;0;0;0;0;0;0;0;0;0;0;0;0;0;0;0;0;0;0;0;0;0;0;2;0;0;0;0;0;0;0;0;0;1;0;0
18011;Argent-sur-Sauldre;24;18;0;1;0;0;0;0;0;0;0;0;0;0;0;0;0;3;1;1;0;0;4;0;0;1;4;2;2;2;2;0;4;0;0;7;4;0;1
18012;Argenvières;24;18;0;0;0;0;0;0;0;0;0;0;0;0;0;0;0;0;0;0;0;0;1;0;0;0;3;0;0;0;0;0;1;0;0;0;0;0;0
18013;Arpheuilles;24;18;0;0;0;0;0;0;0;0;0;0;0;0;0;0;0;0;0;0;0;0;0;0;0;0;0;0;1;3;0;0;0;0;0;1;0;0;0
18014;Assigny;24;18;0;0;0;0;0;0;0;0;0;0;0;0;0;0;0;0;0;0;0;0;0;0;0;0;1;0;0;1;0;0;0;0;0;1;0;0;0
18015;Aubigny-sur-Nère;24;18;0;1;0;0;0;0;0;0;0;0;1;1;0;0;0;7;4;1;0;0;12;2;0;2;2;9;12;9;3;0;12;3;3;11;9;2;5
18016;Aubinges;24;18;0;0;0;0;0;0;0;0;0;0;0;0;0;0;0;0;0;0;0;0;2;0;0;0;3;1;1;0;2;0;1;0;0;0;0;0;0
18017;Augy-sur-Aubois;24;18;0;0;0;0;0;0;0;0;0;0;0;0;0;0;0;0;0;0;0;1;1;0;0;0;0;0;1;0;0;0;0;0;0;1;0;0;0
18018;Avord;24;18;0;0;0;0;0;0;0;0;0;0;0;0;0;0;0;2;0;1;0;0;4;1;0;2;1;2;3;2;1;0;5;0;0;2;2;0;3
18019;Azy;24;18;0;0;0;0;0;0;0;0;0;0;0;0;0;0;0;0;0;0;0;1;1;0;0;0;1;1;1;3;1;0;0;0;0;1;0;0;0
18020;Bannay;24;18;0;0;0;0;0;0;0;0;0;0;0;0;0;0;0;0;0;0;0;1;0;0;0;0;1;2;1;1;1;0;1;0;0;1;1;0;1
18021;Bannegon;24;18;0;0;0;0;0;0;0;0;0;0;0;0;0;0;0;0;0;0;0;1;1;0;0;0;0;0;1;0;0;0;0;0;0;1;0;0;0
18022;Barlieu;24;18;0;0;0;0;0;0;0;0;0;0;0;0;0;0;0;0;0;0;0;1;2;0;0;0;1;0;0;1;1;0;0;0;0;0;0;0;1
18023;Baugy;24;18;0;1;0;0;0;0;0;0;0;0;1;0;0;0;0;2;1;1;0;0;3;0;0;1;3;1;1;5;4;1;3;1;0;3;2;1;1
18024;Beddes;24;18;0;0;0;0;0;0;0;0;0;0;0;0;0;0;0;0;0;0;0;0;0;0;0;0;1;0;0;0;0;0;0;0;0;0;0;0;0
18025;Beffes;24;18;0;0;0;0;0;0;0;0;0;0;0;0;0;0;0;0;0;1;0;0;0;0;0;0;1;0;0;1;1;1;1;0;0;2;0;0;1
18026;Belleville-sur-Loire;24;18;0;0;0;0;0;0;0;0;0;0;0;0;0;0;0;0;1;0;0;1;3;0;0;0;1;1;1;2;0;0;3;0;0;4;0;0;1
18027;Bengy-sur-Craon;24;18;0;0;0;0;0;0;0;0;0;0;0;0;0;0;0;0;0;1;0;0;1;0;0;0;1;0;1;3;0;0;1;0;0;1;0;0;0
18028;Berry-Bouy;24;18;0;0;0;0;0;0;0;0;0;0;0;0;0;0;0;0;0;0;0;0;1;0;0;0;1;1;4;1;1;0;3;0;0;1;2;0;2
18029;Bessais-le-Fromental;24;18;0;0;0;0;0;0;0;0;0;0;0;0;0;0;0;0;0;0;0;1;1;0;0;0;1;0;1;0;0;0;0;0;0;4;1;0;0
18030;Blancafort;24;18;0;0;0;0;0;0;0;0;0;0;0;0;0;0;0;0;0;0;0;1;2;0;0;0;3;1;1;1;3;0;1;0;0;3;0;0;1
18031;Blet;24;18;0;0;0;0;0;0;0;0;0;0;0;0;0;0;0;0;0;1;0;0;1;0;0;0;3;2;0;1;2;0;1;0;0;0;1;0;1
18032;Boulleret;24;18;0;0;0;0;0;0;0;0;0;0;0;0;1;0;0;0;1;0;0;1;3;1;0;0;5;5;0;2;0;0;1;0;0;4;1;0;2
18033;Bourges;24;18;1;0;1;1;1;1;1;1;0;0;15;2;0;0;0;56;5;7;0;0;57;9;6;24;60;92;55;63;36;23;106;10;24;220;80;21;44
18034;Bouzais;24;18;0;0;0;0;0;0;0;0;0;0;0;0;0;0;0;0;0;0;0;0;1;0;0;0;2;1;1;2;0;0;0;0;0;0;0;0;0
18035;Brécy;24;18;0;0;0;0;0;0;0;0;0;0;0;0;0;0;0;0;0;0;1;0;0;0;0;0;0;2;0;2;1;0;0;0;0;1;1;0;0
18036;Brinay;24;18;0;0;0;0;0;0;0;0;0;0;0;0;0;0;0;0;0;0;0;0;0;0;0;0;0;0;0;1;1;0;0;0;0;1;0;1;2
18037;Brinon-sur-Sauldre;24;18;0;0;0;0;0;0;0;0;0;0;0;0;0;0;0;1;0;0;0;1;1;0;0;0;3;6;1;5;2;0;2;0;0;1;2;0;0
18038;Bruère-Allichamps;24;18;0;0;0;0;0;0;0;0;0;0;0;0;0;0;0;0;0;0;0;1;1;0;0;0;0;1;2;2;1;0;1;0;0;3;1;0;0
18039;Bué;24;18;0;0;0;0;0;0;0;0;0;0;0;0;0;0;0;0;0;0;0;1;1;0;0;0;0;0;0;0;0;0;1;0;0;2;0;0;0
18040;Bussy;24;18;0;0;0;0;0;0;0;0;0;0;0;0;0;0;0;0;0;0;0;0;0;0;0;0;0;0;0;0;0;0;0;0;0;2;0;0;0
18041;La Celette;24;18;0;0;0;0;0;0;0;0;0;0;0;0;0;0;0;0;0;0;0;0;0;0;0;0;2;0;0;1;0;0;1;0;0;1;0;0;0
18042;La Celle;24;18;0;0;0;0;0;0;0;0;0;0;0;0;0;0;0;0;0;0;0;0;1;0;0;0;1;1;0;0;0;0;0;0;0;0;0;0;0
18043;La Celle-Condé;24;18;0;0;0;0;0;0;0;0;0;0;0;0;0;0;0;0;0;0;0;0;0;0;0;0;0;0;0;0;0;0;0;0;0;0;0;0;0
18044;Cerbois;24;18;0;0;0;0;0;0;0;0;0;0;0;0;0;0;0;0;0;0;0;0;1;0;0;0;3;1;1;1;0;0;2;0;0;0;0;0;0
18045;Chalivoy-Milon;24;18;0;0;0;0;0;0;0;0;0;0;0;0;0;0;0;0;0;0;0;1;2;0;0;0;1;1;2;0;0;0;0;0;0;1;0;0;0
18046;Chambon;24;18;0;0;0;0;0;0;0;0;0;0;0;0;0;0;0;0;0;0;0;0;1;0;0;0;0;0;0;0;0;0;0;0;0;0;0;0;0
18047;La Chapelle-d'Angillon;24;18;0;0;0;0;0;0;0;0;0;0;0;0;0;0;0;0;0;0;0;1;1;0;0;0;0;1;2;2;0;0;2;0;0;1;0;0;0
18048;La Chapelle-Hugon;24;18;0;0;0;0;0;0;0;0;0;0;0;0;0;0;0;0;0;0;0;1;0;0;0;0;1;2;1;1;2;0;0;0;0;2;2;0;0
18049;La Chapelle-Montlinard;24;18;0;0;0;0;0;0;0;0;0;0;0;0;0;0;0;0;0;0;0;0;0;0;0;0;0;0;0;0;1;0;0;0;0;5;1;0;0
18050;La Chapelle-Saint-Ursin;24;18;0;0;0;0;0;0;0;0;0;0;0;0;0;0;0;1;0;1;0;0;7;0;0;1;3;2;3;7;2;0;6;0;0;4;0;0;1
18051;La Chapelotte;24;18;0;0;0;0;0;0;0;0;0;0;0;0;0;0;0;0;0;0;0;0;0;0;0;0;0;1;0;0;0;0;0;0;0;1;0;0;0
18052;Charenton-du-Cher;24;18;0;1;0;0;0;0;0;0;0;0;0;0;0;0;0;0;1;1;0;0;2;0;0;0;2;4;2;2;3;0;1;0;0;2;4;0;1
18053;Charentonnay;24;18;0;0;0;0;0;0;0;0;0;0;0;0;0;0;0;0;0;0;0;0;0;0;0;0;1;1;0;1;0;0;1;0;0;0;0;0;0
18054;Charly;24;18;0;0;0;0;0;0;0;0;0;0;0;0;0;0;0;0;0;0;0;0;0;0;0;0;1;1;1;0;0;0;0;0;0;1;0;0;0
18055;Chârost;24;18;0;0;0;0;0;0;0;0;0;0;0;0;0;0;0;1;0;0;0;1;2;0;0;0;1;5;2;2;0;1;1;0;0;1;2;0;0
18056;Chassy;24;18;0;0;0;0;0;0;0;0;0;0;0;0;0;0;0;0;0;0;0;1;0;0;0;0;0;2;0;0;1;0;0;0;0;0;0;0;0
18057;Châteaumeillant;24;18;0;1;0;0;0;0;0;0;0;0;1;0;1;0;0;2;3;1;0;0;4;1;0;0;1;2;3;6;2;0;5;2;0;5;5;0;0
18058;Châteauneuf-sur-Cher;24;18;0;1;0;0;0;0;0;0;0;0;1;0;0;0;0;2;0;1;0;0;1;1;0;0;2;1;2;3;1;2;4;0;0;0;1;0;0
18059;Le Châtelet;24;18;0;1;0;0;0;0;0;0;0;0;0;0;0;0;0;1;0;1;0;0;1;0;0;1;2;1;1;2;1;0;2;0;0;0;2;0;0
18060;Chaumont;24;18;0;0;0;0;0;0;0;0;0;0;0;0;0;0;0;0;0;0;0;0;0;0;0;0;0;0;1;0;0;0;0;0;0;0;0;0;0
18061;Chaumoux-Marcilly;24;18;0;0;0;0;0;0;0;0;0;0;0;0;0;0;0;0;0;0;0;0;0;0;0;0;0;0;0;0;0;0;0;0;0;0;0;0;0
18062;Le Chautay;24;18;0;0;0;0;0;0;0;0;0;0;0;0;0;0;0;0;0;0;0;0;0;0;0;0;1;0;1;1;2;0;1;0;0;0;0;0;0
18063;Chavannes;24;18;0;0;0;0;0;0;0;0;0;0;0;0;0;0;0;0;0;0;0;0;1;0;0;0;0;0;0;0;0;0;0;0;0;1;0;0;0
18064;Chéry;24;18;0;0;0;0;0;0;0;0;0;0;0;0;0;0;0;0;0;0;0;0;0;0;0;0;0;0;0;0;0;0;1;0;0;0;0;0;0
18065;Chezal-Benoît;24;18;0;0;0;0;0;0;0;0;0;0;0;0;0;0;0;0;0;1;0;0;2;0;0;0;0;0;2;2;0;0;3;0;0;1;0;0;0
18066;Civray;24;18;0;0;0;0;0;0;0;0;0;0;0;0;0;0;0;0;0;0;0;1;2;0;0;0;3;3;2;1;1;0;0;0;0;0;1;0;0
18067;Clémont;24;18;0;0;0;0;0;0;0;0;0;0;0;0;0;0;0;0;0;0;0;1;0;0;0;0;3;0;3;1;1;0;1;0;0;3;1;0;2
18068;Cogny;24;18;0;0;0;0;0;0;0;0;0;0;0;0;0;0;0;0;0;0;0;0;0;0;0;0;0;0;0;0;0;0;0;0;0;0;0;0;0
18069;Colombiers;24;18;0;0;0;0;0;0;0;0;0;0;0;0;0;0;0;0;0;0;0;0;0;0;0;0;2;2;1;0;0;0;0;0;0;0;0;0;0
18070;Concressault;24;18;0;0;0;0;0;0;0;0;0;0;0;0;0;0;0;0;0;0;0;1;2;0;0;0;0;0;0;0;0;1;0;0;0;0;0;0;0
18071;Contres;24;18;0;0;0;0;0;0;0;0;0;0;0;0;0;0;0;0;0;0;0;0;0;0;0;0;0;0;0;0;0;0;0;0;0;0;0;0;0
18072;Cornusse;24;18;0;0;0;0;0;0;0;0;0;0;0;0;0;0;0;0;0;0;0;0;0;0;0;0;1;2;0;1;0;0;0;0;0;0;0;0;0
18073;Corquoy;24;18;0;0;0;0;0;0;0;0;0;0;0;0;0;0;0;0;0;0;0;0;0;0;0;0;0;0;1;1;0;0;0;0;0;0;0;0;0
18074;Couargues;24;18;0;0;0;0;0;0;0;0;0;0;0;0;0;0;0;0;0;0;0;0;0;0;0;0;0;1;0;1;0;0;0;0;0;0;0;0;0
18075;Cours-les-Barres;24;18;0;0;0;0;0;0;0;0;0;0;0;0;0;0;0;0;0;0;0;1;1;0;0;1;2;1;0;2;2;0;2;0;0;3;0;0;0
18076;Coust;24;18;0;0;0;0;0;0;0;0;0;0;0;0;0;0;0;0;0;0;0;0;0;0;0;0;1;1;1;1;0;0;0;0;0;0;0;0;0
18077;Couy;24;18;0;0;0;0;0;0;0;0;0;0;0;0;0;0;0;0;0;0;0;1;1;0;0;0;0;0;0;0;0;0;0;0;0;0;0;0;0
18078;Crézançay-sur-Cher;24;18;0;0;0;0;0;0;0;0;0;0;0;0;0;0;0;0;0;0;0;0;0;0;0;0;0;0;0;0;0;0;0;0;0;0;0;0;0
18079;Crézancy-en-Sancerre;24;18;0;0;0;0;0;0;0;0;0;0;0;0;0;0;0;0;0;0;0;1;1;0;0;0;2;1;0;0;1;0;1;0;0;1;0;0;0
18080;Croisy;24;18;0;0;0;0;0;0;0;0;0;0;0;0;0;0;0;0;0;0;0;0;0;0;0;0;0;0;1;0;1;0;0;0;0;0;0;0;0
18081;Crosses;24;18;0;0;0;0;0;0;0;0;0;0;0;0;0;0;0;0;0;0;0;0;0;0;0;0;0;1;2;1;0;0;0;0;0;0;0;0;0
18082;Cuffy;24;18;0;0;0;0;0;0;0;0;0;0;0;0;0;0;0;0;0;1;0;0;4;0;0;0;1;1;1;1;0;0;1;0;0;4;1;0;1
18083;Culan;24;18;0;0;0;0;0;0;0;0;0;0;0;0;0;0;0;1;1;1;0;0;4;0;0;0;2;2;0;3;0;0;3;0;0;1;2;0;0
18084;Dampierre-en-Crot;24;18;0;0;0;0;0;0;0;0;0;0;0;0;0;0;0;0;0;0;0;0;0;0;0;0;0;0;0;0;0;0;0;0;0;0;0;0;0
18085;Dampierre-en-Graçay;24;18;0;0;0;0;0;0;0;0;0;0;0;0;0;0;0;0;0;0;0;0;0;0;0;0;0;0;0;0;0;0;0;0;0;0;0;0;0
18086;Drevant;24;18;0;0;0;0;0;0;0;0;0;0;0;0;0;0;0;0;0;0;0;0;0;0;0;0;0;3;1;1;2;0;1;0;0;2;0;0;0
18087;Dun-sur-Auron;24;18;0;1;0;0;0;0;0;0;0;0;1;0;0;0;0;3;1;1;0;0;5;1;0;1;4;10;9;12;4;0;6;2;0;7;2;0;5
18088;Ennordres;24;18;0;0;0;0;0;0;0;0;0;0;0;0;0;0;0;0;0;0;0;1;1;0;0;0;0;0;2;0;0;0;0;0;0;2;1;0;0
18089;Épineuil-le-Fleuriel;24;18;0;0;0;0;0;0;0;0;0;0;0;0;0;0;0;0;0;0;0;1;0;0;0;0;1;1;2;2;1;0;0;0;0;0;2;0;0
18090;Étréchy;24;18;0;0;0;0;0;0;0;0;0;0;0;0;0;0;0;0;0;1;0;0;0;0;0;0;0;0;0;2;0;0;0;0;0;0;0;0;0
18091;Farges-Allichamps;24;18;0;0;0;0;0;0;0;0;0;0;0;0;0;0;0;0;0;0;0;0;0;0;0;0;0;0;0;0;0;0;0;0;0;1;0;0;0
18092;Farges-en-Septaine;24;18;0;0;0;0;0;0;0;0;0;0;0;0;0;0;0;0;0;0;0;1;1;0;0;0;1;1;0;3;0;0;1;0;0;4;0;0;1
18093;Faverdines;24;18;0;0;0;0;0;0;0;0;0;0;0;0;0;0;0;0;0;0;0;0;0;0;0;0;0;0;0;0;0;1;0;0;0;1;0;0;0
18094;Feux;24;18;0;0;0;0;0;0;0;0;0;0;0;0;0;0;0;0;0;0;0;1;1;0;0;0;0;0;0;0;1;2;0;0;0;0;0;0;0
18095;Flavigny;24;18;0;0;0;0;0;0;0;0;0;0;0;0;0;0;0;0;0;0;0;0;0;0;0;0;0;2;0;0;1;0;0;0;0;0;0;0;0
18096;Foëcy;24;18;0;0;0;0;0;0;0;0;0;0;0;0;0;0;0;0;0;1;0;0;2;1;0;0;9;2;4;3;4;0;5;0;0;0;1;0;1
18097;Fussy;24;18;0;0;0;0;0;0;0;0;0;0;0;0;0;0;0;4;0;1;0;0;2;0;0;0;1;4;2;5;1;0;3;0;0;2;2;0;2
18098;Gardefort;24;18;0;0;0;0;0;0;0;0;0;0;0;0;0;0;0;0;0;0;0;0;0;0;0;0;0;0;1;0;1;0;0;0;0;0;0;0;0
18099;Garigny;24;18;0;0;0;0;0;0;0;0;0;0;0;0;0;0;0;0;0;0;0;0;0;0;0;0;0;1;0;0;0;0;0;0;0;0;0;0;0
18100;Genouilly;24;18;0;0;0;0;0;0;0;0;0;0;0;0;0;0;0;0;0;0;0;1;2;0;0;0;0;1;0;1;0;0;1;0;0;3;0;0;0
18101;Germigny-l'Exempt;24;18;0;0;0;0;0;0;0;0;0;0;0;0;0;0;0;0;0;0;0;1;0;0;0;0;2;0;1;0;0;0;0;0;0;0;1;0;0
18102;Givardon;24;18;0;0;0;0;0;0;0;0;0;0;0;0;0;0;0;0;0;0;0;0;0;0;0;0;2;1;0;0;1;0;0;0;0;0;1;0;0
18103;Graçay;24;18;0;1;0;0;0;0;0;0;0;0;1;0;0;0;0;2;1;1;0;0;2;0;0;0;2;0;0;6;1;1;2;1;0;3;3;0;1
18104;Groises;24;18;0;0;0;0;0;0;0;0;0;0;0;0;0;0;0;0;0;0;0;0;0;0;0;0;0;0;0;1;1;1;0;0;0;0;0;0;0
18105;Gron;24;18;0;0;0;0;0;0;0;0;0;0;0;0;0;0;0;0;1;0;0;0;0;0;0;0;1;2;0;1;0;0;0;0;0;0;0;0;0
18106;Grossouvre;24;18;0;0;0;0;0;0;0;0;0;0;0;0;0;0;0;0;0;0;1;0;0;0;0;0;0;0;0;0;1;0;0;0;0;2;0;0;0
18107;La Groutte;24;18;0;0;0;0;0;0;0;0;0;0;0;0;0;0;0;0;0;0;0;0;0;0;0;0;0;0;0;0;0;0;0;0;0;0;0;0;0
18108;La Guerche-sur-l'Aubois;24;18;0;1;0;0;0;0;0;0;0;0;1;0;1;0;0;3;1;1;0;0;2;1;0;3;4;3;1;4;5;0;3;1;0;5;7;1;1
18109;Henrichemont;24;18;0;1;0;0;0;0;0;0;0;0;0;0;0;0;0;1;1;1;0;0;2;1;0;1;3;9;4;9;2;0;2;1;0;7;2;0;1
18110;Herry;24;18;0;0;0;0;0;0;0;0;0;0;0;0;0;0;0;1;0;1;0;0;1;0;0;0;3;1;3;1;5;1;2;0;0;1;1;0;0
18111;Humbligny;24;18;0;0;0;0;0;0;0;0;0;0;0;0;0;0;0;0;0;0;0;0;1;0;0;0;0;0;0;0;0;0;0;0;0;0;0;0;0
18112;Ids-Saint-Roch;24;18;0;0;0;0;0;0;0;0;0;0;0;0;0;0;0;0;0;0;0;1;1;0;0;0;0;0;1;0;1;0;0;0;0;1;0;0;0
18113;Ignol;24;18;0;0;0;0;0;0;0;0;0;0;0;0;0;0;0;0;0;0;0;0;0;0;0;0;0;0;1;1;1;0;0;0;0;0;0;0;0
18114;Ineuil;24;18;0;0;0;0;0;0;0;0;0;0;0;0;0;0;0;0;0;0;0;0;0;0;0;0;0;3;0;0;1;0;0;0;0;0;1;0;0
18115;Ivoy-le-Pré;24;18;0;0;0;0;0;0;0;0;0;0;0;0;0;0;0;0;0;0;0;1;1;0;0;0;3;2;1;2;1;2;1;0;0;1;0;0;1
18116;Jalognes;24;18;0;0;0;0;0;0;0;0;0;0;0;0;0;0;0;0;0;0;0;1;1;0;0;0;0;0;1;1;0;0;0;0;0;0;1;0;1
18117;Jars;24;18;0;0;0;0;0;0;0;0;0;0;0;0;0;0;0;0;0;0;0;1;0;0;0;0;2;0;1;3;0;1;1;0;0;1;0;0;1
18118;Jouet-sur-l'Aubois;24;18;0;1;0;0;0;0;0;0;0;0;0;0;0;0;0;1;0;1;0;0;4;1;0;0;1;1;4;4;2;0;2;0;0;2;1;0;1
18119;Jussy-Champagne;24;18;0;0;0;0;0;0;0;0;0;0;0;0;0;0;0;0;0;0;0;0;0;0;0;0;0;2;0;0;0;0;0;0;0;0;0;0;0
18120;Jussy-le-Chaudrier;24;18;0;0;0;0;0;0;0;0;0;0;0;0;0;0;0;0;0;0;0;1;0;0;0;0;1;1;0;1;0;1;2;0;0;2;0;0;0
18121;Lantan;24;18;0;0;0;0;0;0;0;0;0;0;0;0;0;0;0;0;0;0;0;0;0;0;0;0;0;0;0;1;1;0;0;0;0;0;0;0;0
18122;Lapan;24;18;0;0;0;0;0;0;0;0;0;0;0;0;0;0;0;0;0;0;0;0;1;0;0;0;0;0;0;1;0;0;0;0;0;1;0;0;0
18123;Laverdines;24;18;0;0;0;0;0;0;0;0;0;0;0;0;0;0;0;0;0;0;0;0;0;0;0;0;0;0;0;0;0;0;0;0;0;0;0;0;0
18124;Lazenay;24;18;0;0;0;0;0;0;0;0;0;0;0;0;0;0;0;0;0;0;0;0;0;0;0;0;0;1;1;2;0;0;0;0;0;0;0;0;0
18125;Léré;24;18;0;0;0;0;0;0;0;0;0;0;0;0;0;0;0;3;0;1;0;0;3;0;0;0;2;2;3;2;1;0;1;0;0;3;1;0;0
18126;Levet;24;18;0;1;0;0;0;0;0;0;0;0;0;0;0;0;0;2;0;1;0;0;4;0;0;0;0;2;1;2;1;0;2;0;0;0;3;0;0
18127;Lignières;24;18;0;1;0;0;0;0;0;0;0;0;1;0;1;0;0;2;1;1;0;0;4;0;0;1;1;2;4;2;0;0;3;2;0;7;3;0;0
18128;Limeux;24;18;0;0;0;0;0;0;0;0;0;0;0;0;0;0;0;0;0;0;0;0;0;0;0;0;0;2;1;0;0;0;0;0;0;0;0;0;0
18129;Lissay-Lochy;24;18;0;0;0;0;0;0;0;0;0;0;0;0;0;0;0;0;0;0;0;0;0;0;0;0;0;0;2;0;0;0;0;0;0;3;1;0;0
18130;Loye-sur-Arnon;24;18;0;0;0;0;0;0;0;0;0;0;0;0;0;0;0;0;0;0;0;0;1;0;0;0;0;0;1;0;1;0;0;0;0;1;0;0;0
18131;Lugny-Bourbonnais;24;18;0;0;0;0;0;0;0;0;0;0;0;0;0;0;0;0;0;0;0;0;0;0;0;0;0;0;0;0;0;0;0;0;0;0;0;0;0
18132;Lugny-Champagne;24;18;0;0;0;0;0;0;0;0;0;0;0;0;0;0;0;0;0;0;0;0;1;0;0;0;1;0;1;0;0;0;0;0;0;0;0;0;1
18133;Lunery;24;18;0;0;0;0;0;0;0;0;0;0;0;0;0;0;0;0;0;0;0;2;2;0;0;0;3;3;0;1;1;1;0;0;0;2;0;0;0
18134;Lury-sur-Arnon;24;18;0;1;0;0;0;0;0;0;0;0;0;0;0;0;0;1;0;1;0;0;1;0;0;0;2;1;1;1;1;0;2;0;0;1;0;0;0
18135;Maisonnais;24;18;0;0;0;0;0;0;0;0;0;0;0;0;0;0;0;0;0;0;0;0;0;0;0;0;0;0;0;3;0;0;0;1;0;1;0;0;1
18136;Marçais;24;18;0;0;0;0;0;0;0;0;0;0;0;0;0;0;0;0;0;0;0;1;0;0;0;0;1;0;0;2;2;0;1;0;0;1;1;0;0
18137;Mareuil-sur-Arnon;24;18;0;0;0;0;0;0;0;0;0;0;0;0;0;0;0;0;0;0;0;1;1;0;0;0;0;2;0;1;0;0;1;0;0;2;0;0;0
18138;Marmagne;24;18;0;0;0;0;0;0;0;0;0;0;0;0;0;0;0;1;0;1;0;0;2;0;0;0;5;1;2;2;2;0;1;0;0;2;2;0;3
18139;Marseilles-lès-Aubigny;24;18;0;0;0;0;0;0;0;0;0;0;0;0;0;0;0;0;0;1;0;0;2;0;0;0;0;1;0;2;2;0;1;0;0;0;0;0;0
18140;Massay;24;18;0;0;0;0;0;0;0;0;0;0;0;0;0;0;0;0;0;1;0;0;1;0;0;0;1;1;1;3;0;1;3;0;0;0;0;0;0
18141;Mehun-sur-Yèvre;24;18;0;1;0;0;0;0;0;0;0;0;1;0;0;0;0;6;2;1;0;0;8;1;0;4;15;9;12;8;6;3;12;2;0;16;5;3;5
18142;Meillant;24;18;0;0;0;0;0;0;0;0;0;0;0;0;0;0;0;0;0;0;0;1;2;0;0;0;1;2;0;1;0;0;2;0;0;1;0;0;1
18143;Menetou-Couture;24;18;0;0;0;0;0;0;0;0;0;0;0;0;0;0;0;0;0;0;0;1;0;0;0;0;2;1;0;2;0;0;1;0;0;0;0;0;0
18144;Menetou-Râtel;24;18;0;0;0;0;0;0;0;0;0;0;0;0;0;0;0;0;0;0;0;1;0;0;0;0;0;1;0;1;0;0;1;0;0;2;0;0;0
18145;Menetou-Salon;24;18;0;0;0;0;0;0;0;0;0;0;0;0;0;0;0;1;0;1;0;0;1;0;0;0;4;9;4;5;1;0;2;0;0;2;0;0;3
18146;Ménétréol-sous-Sancerre;24;18;0;0;0;0;0;0;0;0;0;0;0;0;0;0;0;0;0;0;0;1;0;0;0;0;0;0;0;1;0;0;0;0;0;2;1;0;0
18147;Ménétréol-sur-Sauldre;24;18;0;0;0;0;0;0;0;0;0;0;0;0;0;0;0;0;0;0;0;0;1;0;0;0;0;0;0;0;0;0;0;0;0;0;0;0;0
18148;Méreau;24;18;0;0;0;0;0;0;0;0;0;0;0;0;0;0;0;0;1;0;0;1;5;0;0;0;4;3;2;4;4;2;3;0;0;0;3;1;4
18149;Méry-ès-Bois;24;18;0;0;0;0;0;0;0;0;0;0;0;0;0;0;0;0;0;0;0;1;2;0;0;0;1;1;0;1;1;0;1;0;0;2;1;0;0
18150;Méry-sur-Cher;24;18;0;0;0;0;0;0;0;0;0;0;0;0;0;0;0;0;0;0;0;0;0;0;0;0;2;2;2;2;1;0;2;0;0;0;0;0;1
18151;Montigny;24;18;0;0;0;0;0;0;0;0;0;0;0;0;0;0;0;0;0;0;0;1;0;0;0;0;0;1;0;0;2;0;0;0;0;1;0;0;0
18152;Montlouis;24;18;0;0;0;0;0;0;0;0;0;0;0;0;0;0;0;0;0;0;0;0;0;0;0;0;0;0;0;0;0;0;0;0;0;0;0;0;0
18153;Morlac;24;18;0;0;0;0;0;0;0;0;0;0;0;0;0;0;0;0;0;0;0;1;0;0;0;0;0;0;1;0;0;0;2;0;0;0;0;0;0
18154;Mornay-Berry;24;18;0;0;0;0;0;0;0;0;0;0;0;0;0;0;0;0;0;0;0;0;0;0;0;0;3;0;0;0;0;0;0;0;0;0;1;0;0
18155;Mornay-sur-Allier;24;18;0;0;0;0;0;0;0;0;0;0;0;0;0;0;0;0;0;0;0;1;0;0;0;0;2;0;0;1;0;0;0;0;0;1;0;0;0
18156;Morogues;24;18;0;0;0;0;0;0;0;0;0;0;0;0;0;0;0;0;0;0;0;1;1;0;0;0;0;0;0;1;0;0;0;0;0;4;0;0;0
18157;Morthomiers;24;18;0;0;0;0;0;0;0;0;0;0;0;0;0;0;0;0;0;0;0;0;1;0;0;0;0;1;0;0;1;0;1;0;0;1;0;0;1
18158;Moulins-sur-Yèvre;24;18;0;0;0;0;0;0;0;0;0;0;0;0;0;0;0;0;0;0;0;0;0;0;0;0;1;0;0;0;1;0;1;0;0;1;0;1;1
18159;Nançay;24;18;0;0;0;0;0;0;0;0;0;0;0;0;0;0;0;0;0;1;0;0;2;0;0;0;0;3;2;1;3;1;1;0;0;5;3;0;3
18160;Nérondes;24;18;0;0;0;0;0;0;0;0;0;0;0;0;0;0;0;2;2;1;0;0;3;0;0;1;2;2;2;2;1;0;2;2;0;1;2;0;2
18161;Neuilly-en-Dun;24;18;0;0;0;0;0;0;0;0;0;0;0;0;0;0;0;0;0;0;0;0;1;0;0;0;3;0;0;0;0;0;0;0;0;0;0;0;0
18162;Neuilly-en-Sancerre;24;18;0;0;0;0;0;0;0;0;0;0;0;0;0;0;0;0;0;0;0;1;0;0;0;0;0;1;0;0;1;0;0;0;0;0;0;0;0
18163;Neuvy-Deux-Clochers;24;18;0;0;0;0;0;0;0;0;0;0;0;0;0;0;0;0;0;0;0;1;0;0;0;0;0;0;0;2;0;0;0;0;0;0;0;0;0
18164;Neuvy-le-Barrois;24;18;0;0;0;0;0;0;0;0;0;0;0;0;0;0;0;0;0;0;0;0;0;0;0;0;0;0;0;0;0;0;0;0;0;0;0;0;0
18165;Neuvy-sur-Barangeon;24;18;0;1;0;0;0;0;0;0;0;0;0;0;0;0;0;1;1;1;0;0;2;0;0;0;3;1;4;1;3;0;2;0;0;2;2;0;1
18166;Nohant-en-Goût;24;18;0;0;0;0;0;0;0;0;0;0;0;0;0;0;0;0;0;0;0;0;0;0;0;0;0;0;0;1;0;0;1;0;0;1;0;0;0
18167;Nohant-en-Graçay;24;18;0;0;0;0;0;0;0;0;0;0;0;0;0;0;0;0;0;0;0;0;1;0;0;0;0;0;1;0;0;0;0;0;0;0;0;1;0
18168;Le Noyer;24;18;0;0;0;0;0;0;0;0;0;0;0;0;0;0;0;0;0;0;0;0;1;0;0;0;0;1;0;1;1;0;0;0;0;1;1;0;0
18169;Nozières;24;18;0;0;0;0;0;0;0;0;0;0;0;0;0;0;0;0;0;0;0;0;0;0;0;0;2;1;0;0;1;0;0;0;0;0;0;0;0
18170;Oizon;24;18;0;0;0;0;0;0;0;0;0;0;0;0;0;0;0;0;0;0;0;1;2;0;0;0;0;1;3;2;1;0;1;0;0;3;0;0;0
18171;Orcenais;24;18;0;0;0;0;0;0;0;0;0;0;0;0;0;0;0;0;0;0;0;0;0;0;0;0;0;0;0;0;0;0;2;0;0;1;0;0;0
18172;Orval;24;18;0;0;0;0;0;0;0;0;0;0;0;0;0;0;0;1;1;1;0;0;8;1;1;0;0;3;2;3;0;0;2;0;0;2;1;0;2
18173;Osmery;24;18;0;0;0;0;0;0;0;0;0;0;0;0;0;0;0;0;0;0;0;0;2;0;0;0;1;1;0;0;0;0;0;0;0;0;0;0;0
18174;Osmoy;24;18;0;0;0;0;0;0;0;0;0;0;0;0;0;0;0;0;0;0;0;0;0;0;0;0;0;0;1;0;0;0;1;0;0;0;0;0;1
18175;Ourouer-les-Bourdelins;24;18;0;0;0;0;0;0;0;0;0;0;0;0;0;0;0;0;0;1;0;0;1;0;0;0;0;1;0;2;0;2;2;0;0;2;0;0;0
18176;Parassy;24;18;0;0;0;0;0;0;0;0;0;0;0;0;0;0;0;0;0;0;0;0;0;0;0;0;0;1;1;1;1;0;0;0;0;0;0;0;0
18177;Parnay;24;18;0;0;0;0;0;0;0;0;0;0;0;0;0;0;0;0;0;0;0;0;0;0;0;0;0;0;0;0;0;0;0;0;0;0;0;0;0
18178;La Perche;24;18;0;0;0;0;0;0;0;0;0;0;0;0;0;0;0;0;0;0;0;0;0;0;0;0;1;2;0;0;0;0;0;0;0;1;1;0;0
18179;Pigny;24;18;0;0;0;0;0;0;0;0;0;0;0;0;0;0;0;0;0;0;0;0;2;0;0;0;1;2;0;4;0;1;0;0;0;1;0;0;0
18180;Plaimpied-Givaudins;24;18;0;0;0;0;0;0;0;0;0;0;0;0;0;0;0;0;1;1;0;0;3;0;0;0;2;2;3;1;0;0;2;0;0;3;1;0;2
18181;Plou;24;18;0;0;0;0;0;0;0;0;0;0;0;0;0;0;0;0;0;0;0;0;0;0;0;0;1;1;1;0;0;0;0;0;0;0;0;0;0
18182;Poisieux;24;18;0;0;0;0;0;0;0;0;0;0;0;0;0;0;0;0;0;0;0;0;0;0;0;0;0;0;0;0;0;0;0;0;0;0;0;0;0
18183;Le Pondy;24;18;0;0;0;0;0;0;0;0;0;0;0;0;0;0;0;0;0;0;0;0;0;0;0;0;0;0;0;0;0;0;0;0;0;1;0;0;0
18184;Précy;24;18;0;0;0;0;0;0;0;0;0;0;0;0;0;0;0;0;0;0;0;0;0;0;0;0;0;1;1;0;1;0;0;0;0;0;0;0;0
18185;Presly;24;18;0;0;0;0;0;0;0;0;0;0;0;0;0;0;0;0;0;0;0;1;0;0;0;0;0;1;0;0;0;1;0;0;0;1;0;0;0
18186;Preuilly;24;18;0;0;0;0;0;0;0;0;0;0;0;0;0;0;0;0;0;0;0;1;1;0;0;0;1;1;2;1;2;0;0;0;0;1;0;0;1
18187;Préveranges;24;18;0;0;0;0;0;0;0;0;0;0;0;0;0;0;0;1;1;0;0;1;1;0;0;0;1;1;2;1;0;0;0;1;0;0;2;0;0
18188;Primelles;24;18;0;0;0;0;0;0;0;0;0;0;0;0;0;0;0;0;0;0;0;0;0;0;0;0;0;0;1;0;0;0;0;0;0;0;0;0;0
18189;Quantilly;24;18;0;0;0;0;0;0;0;0;0;0;0;0;0;0;0;0;0;0;0;0;0;0;0;0;2;3;0;0;0;0;0;0;0;0;0;0;0
18190;Quincy;24;18;0;0;0;0;0;0;0;0;0;0;0;0;0;0;0;0;0;0;0;1;0;0;0;0;0;4;0;1;1;0;0;0;0;0;0;0;0
18191;Raymond;24;18;0;0;0;0;0;0;0;0;0;0;0;0;0;0;0;0;0;0;0;0;0;0;0;0;0;0;0;0;0;0;0;0;0;1;0;0;0
18192;Reigny;24;18;0;0;0;0;0;0;0;0;0;0;0;0;0;0;0;0;0;0;0;0;1;0;0;0;0;1;0;0;0;0;0;0;0;1;1;0;0
18193;Rezay;24;18;0;0;0;0;0;0;0;0;0;0;0;0;0;0;0;0;0;0;0;0;0;0;0;0;1;0;0;0;0;0;1;0;0;4;0;0;0
18194;Rians;24;18;0;0;0;0;0;0;0;0;0;0;0;0;0;0;0;0;1;0;1;0;0;0;0;0;1;1;1;0;4;0;1;0;0;1;0;0;0
18195;Sagonne;24;18;0;0;0;0;0;0;0;0;0;0;0;0;0;0;0;0;0;0;0;0;1;0;0;0;1;0;0;0;0;0;0;0;0;0;0;0;0
18196;Saint-Aignan-des-Noyers;24;18;0;0;0;0;0;0;0;0;0;0;0;0;0;0;0;0;0;0;0;0;0;0;0;0;0;0;0;0;0;0;0;0;0;1;0;0;0
18197;Saint-Amand-Montrond;24;18;0;1;0;0;1;0;0;0;0;0;3;1;0;0;0;11;4;2;0;0;12;2;0;4;7;10;7;19;9;1;23;3;3;24;11;3;4
18198;Saint-Ambroix;24;18;0;0;0;0;0;0;0;0;0;0;0;0;0;0;0;0;0;0;0;1;0;0;0;0;1;1;2;0;1;0;0;0;0;0;0;0;0
18199;Saint-Baudel;24;18;0;0;0;0;0;0;0;0;0;0;0;0;0;0;0;0;0;0;0;1;0;0;0;0;0;0;1;1;1;0;0;0;0;0;0;0;0
18200;Saint-Bouize;24;18;0;0;0;0;0;0;0;0;0;0;0;0;0;0;0;0;0;0;0;0;0;0;0;0;1;0;0;0;0;0;1;0;0;1;0;0;0
18201;Saint-Caprais;24;18;0;0;0;0;0;0;0;0;0;0;0;0;0;0;0;0;0;0;0;0;1;0;0;0;2;0;2;0;0;0;0;0;0;0;2;0;0
18202;Saint-Céols;24;18;0;0;0;0;0;0;0;0;0;0;0;0;0;0;0;0;0;0;0;0;0;0;0;0;0;0;0;0;0;0;0;0;0;0;0;0;0
18203;Saint-Christophe-le-Chaudry;24;18;0;0;0;0;0;0;0;0;0;0;0;0;0;0;0;0;0;0;0;0;0;0;0;0;0;0;0;0;0;0;0;0;0;0;0;0;0
18204;Saint-Denis-de-Palin;24;18;0;0;0;0;0;0;0;0;0;0;0;0;0;0;0;0;0;0;0;0;0;0;0;0;0;1;0;0;0;0;0;0;0;1;0;0;0
18205;Saint-Doulchard;24;18;0;0;0;0;0;0;0;0;0;0;0;0;0;0;0;12;2;1;0;0;28;3;0;1;15;16;18;11;12;11;17;1;1;17;10;2;5
18206;Saint-Éloy-de-Gy;24;18;0;0;0;0;0;0;0;0;0;0;0;0;0;0;0;0;0;0;0;1;7;0;0;0;1;3;5;4;2;1;1;0;0;3;0;0;1
18207;Saint-Florent-sur-Cher;24;18;0;1;0;0;0;0;0;0;0;0;1;0;0;0;0;9;1;1;0;0;9;2;0;3;4;8;5;12;7;1;11;2;1;14;2;0;5
18208;Sainte-Gemme-en-Sancerrois;24;18;0;0;0;0;0;0;0;0;0;0;0;0;0;0;0;0;1;0;0;0;0;0;0;0;3;1;0;1;1;0;1;0;0;1;0;0;0
18209;Saint-Georges-de-Poisieux;24;18;0;0;0;0;0;0;0;0;0;0;0;0;0;0;0;0;0;0;0;0;1;0;0;0;1;1;0;1;0;0;0;0;0;0;0;0;0
18210;Saint-Georges-sur-la-Prée;24;18;0;0;0;0;0;0;0;0;0;0;0;0;0;0;0;0;0;0;0;0;0;0;0;0;1;1;0;1;0;0;0;0;0;0;0;0;0
18211;Saint-Georges-sur-Moulon;24;18;0;0;0;0;0;0;0;0;0;0;0;0;0;0;0;0;0;0;0;0;3;1;0;0;1;1;1;2;0;0;0;0;0;1;0;0;0
18212;Saint-Germain-des-Bois;24;18;0;0;0;0;0;0;0;0;0;0;0;0;0;0;0;0;0;0;0;1;0;0;0;0;2;0;2;2;0;0;0;0;0;1;2;0;0
18213;Saint-Germain-du-Puy;24;18;0;0;0;0;0;0;0;0;0;0;0;0;0;0;0;2;1;1;0;0;13;1;0;1;3;7;9;5;4;0;7;0;0;11;4;0;6
18214;Saint-Hilaire-de-Court;24;18;0;0;0;0;0;0;0;0;0;0;0;0;0;0;0;0;0;0;0;0;0;0;0;0;0;1;0;0;0;0;1;0;0;1;0;0;0
18215;Saint-Hilaire-de-Gondilly;24;18;0;0;0;0;0;0;0;0;0;0;0;0;0;0;0;0;0;0;0;0;0;0;0;0;1;0;0;1;0;0;0;0;0;0;0;0;0
18216;Saint-Hilaire-en-Lignières;24;18;0;0;0;0;0;0;0;0;0;0;0;0;0;0;0;0;0;0;0;1;1;0;0;0;0;1;0;0;0;0;0;0;0;1;0;0;0
18217;Saint-Jeanvrin;24;18;0;0;0;0;0;0;0;0;0;0;0;0;0;0;0;0;0;0;0;0;0;0;0;0;0;0;0;0;0;0;0;0;0;0;0;0;0
18218;Saint-Just;24;18;0;0;0;0;0;0;0;0;0;0;0;0;0;0;0;0;0;0;0;1;1;0;0;0;0;0;1;3;0;0;1;0;0;1;0;0;1
18219;Saint-Laurent;24;18;0;0;0;0;0;0;0;0;0;0;0;0;0;0;0;0;0;0;0;0;0;0;0;0;0;0;1;0;0;0;0;0;0;0;0;0;0
18220;Saint-Léger-le-Petit;24;18;0;0;0;0;0;0;0;0;0;0;0;0;0;0;0;0;0;0;0;1;0;0;0;0;0;0;1;0;0;0;0;0;0;0;0;0;1
18221;Saint-Loup-des-Chaumes;24;18;0;0;0;0;0;0;0;0;0;0;0;0;0;0;0;0;1;0;0;0;0;0;0;0;0;0;1;0;1;0;0;0;0;0;0;0;0
18222;Sainte-Lunaise;24;18;0;0;0;0;0;0;0;0;0;0;0;0;0;0;0;0;0;0;0;0;0;0;0;0;0;0;0;1;0;0;0;0;0;0;0;0;0
18223;Saint-Martin-d'Auxigny;24;18;0;1;0;0;0;0;0;0;0;0;0;0;0;0;0;3;0;1;0;0;4;1;0;1;4;5;6;2;2;0;5;1;0;2;2;1;3
18224;Saint-Martin-des-Champs;24;18;0;0;0;0;0;0;0;0;0;0;0;0;0;0;0;0;0;0;0;0;0;0;0;0;0;0;1;2;0;0;0;0;0;1;0;0;0
18225;Saint-Maur;24;18;0;0;0;0;0;0;0;0;0;0;0;0;0;0;0;0;0;0;0;0;1;0;0;0;2;0;0;0;0;0;0;0;0;0;0;0;0
18226;Saint-Michel-de-Volangis;24;18;0;0;0;0;0;0;0;0;0;0;0;0;0;0;0;0;0;0;0;0;0;0;0;0;1;0;0;0;0;0;0;0;0;0;0;0;0
18227;Sainte-Montaine;24;18;0;0;0;0;0;0;0;0;0;0;0;0;0;0;0;0;0;0;0;0;0;0;0;0;0;0;1;1;0;0;0;0;0;0;1;0;0
18228;Saint-Outrille;24;18;0;0;0;0;0;0;0;0;0;0;0;0;0;0;0;0;0;0;0;0;1;0;0;0;0;1;1;0;0;0;0;0;0;1;0;0;0
18229;Saint-Palais;24;18;0;0;0;0;0;0;0;0;0;0;0;0;0;0;0;0;0;0;0;0;1;0;0;0;0;5;0;3;2;0;0;0;0;1;1;0;0
18230;Saint-Pierre-les-Bois;24;18;0;0;0;0;0;0;0;0;0;0;0;0;0;0;0;0;0;0;0;0;0;0;0;0;0;0;0;0;0;0;0;0;0;3;0;0;0
18231;Saint-Pierre-les-Étieux;24;18;0;0;0;0;0;0;0;0;0;0;0;0;0;0;0;0;0;0;0;0;1;0;0;0;3;0;1;0;3;0;0;0;0;1;0;0;0
18232;Saint-Priest-la-Marche;24;18;0;0;0;0;0;0;0;0;0;0;0;0;0;0;0;0;0;0;0;0;0;0;0;0;0;0;1;2;0;0;1;0;0;0;0;0;0
18233;Saint-Satur;24;18;0;0;0;0;0;0;0;0;0;0;0;0;0;0;0;3;1;1;0;0;1;1;1;1;2;4;1;7;3;1;5;3;0;9;2;1;1
18234;Saint-Saturnin;24;18;0;0;0;0;0;0;0;0;0;0;0;0;0;0;0;0;0;0;1;0;0;0;0;0;2;1;0;0;0;1;0;0;0;2;2;0;0
18235;Sainte-Solange;24;18;0;0;0;0;0;0;0;0;0;0;0;0;0;0;0;0;0;0;0;1;1;0;0;0;0;1;1;3;1;0;0;0;0;1;0;0;1
18236;Saint-Symphorien;24;18;0;0;0;0;0;0;0;0;0;0;0;0;0;0;0;0;0;0;0;0;0;0;0;0;0;0;0;0;0;0;0;0;0;0;0;0;1
18237;Sainte-Thorette;24;18;0;0;0;0;0;0;0;0;0;0;0;0;0;0;0;0;0;0;0;0;2;0;0;0;2;1;1;1;0;0;0;0;0;1;1;0;0
18238;Saint-Vitte;24;18;0;0;0;0;0;0;0;0;0;0;0;0;0;0;0;0;0;0;0;0;0;0;0;0;0;1;1;1;0;0;0;0;0;1;0;0;0
18239;Saligny-le-Vif;24;18;0;0;0;0;0;0;0;0;0;0;0;0;0;0;0;0;0;0;0;0;0;0;0;0;0;0;0;0;1;0;0;0;0;1;0;0;0
18240;Sancergues;24;18;0;1;0;0;0;0;0;0;0;0;1;0;1;0;0;2;2;1;0;0;3;0;0;0;0;3;2;0;0;0;1;0;0;1;2;0;1
18241;Sancerre;24;18;0;1;0;0;0;0;0;0;0;0;4;0;0;0;0;3;0;1;0;0;6;0;0;1;2;3;1;3;3;0;3;0;0;13;8;0;0
18242;Sancoins;24;18;0;1;0;0;0;0;0;0;0;0;1;0;1;0;0;3;1;1;0;0;6;1;0;1;3;3;1;5;7;0;7;2;0;11;6;1;3
18243;Santranges;24;18;0;0;0;0;0;0;0;0;0;0;0;0;0;0;0;0;0;0;0;1;2;0;0;0;1;0;0;2;0;0;0;0;0;0;0;0;0
18244;Saugy;24;18;0;0;0;0;0;0;0;0;0;0;0;0;0;0;0;0;0;0;0;0;0;0;0;0;0;0;0;0;0;0;0;0;0;0;0;0;0
18245;Saulzais-le-Potier;24;18;0;1;0;0;0;0;0;0;0;0;0;0;0;0;0;0;0;1;0;0;1;0;0;0;1;1;3;0;1;0;1;0;0;0;0;0;0
18246;Savigny-en-Sancerre;24;18;0;0;0;0;0;0;0;0;0;0;0;0;0;0;0;0;0;0;0;1;2;0;0;0;7;1;2;4;0;0;1;0;0;2;0;0;0
18247;Savigny-en-Septaine;24;18;0;0;0;0;0;0;0;0;0;0;0;0;0;0;0;0;0;0;0;1;1;0;0;0;0;1;0;0;0;0;0;0;0;2;0;0;0
18248;Senneçay;24;18;0;0;0;0;0;0;0;0;0;0;0;0;0;0;0;0;0;0;0;0;0;0;0;0;0;3;0;2;1;0;0;0;0;0;1;0;1
18249;Sens-Beaujeu;24;18;0;0;0;0;0;0;0;0;0;0;0;0;0;0;0;0;0;0;0;1;0;0;0;0;1;1;0;0;1;0;0;0;0;0;0;0;1
18250;Serruelles;24;18;0;0;0;0;0;0;0;0;0;0;0;0;0;0;0;0;0;0;0;0;0;0;0;0;0;0;0;0;0;0;0;0;0;0;0;0;0
18251;Sévry;24;18;0;0;0;0;0;0;0;0;0;0;0;0;0;0;0;0;0;0;0;0;0;0;0;0;0;0;0;0;0;0;0;0;0;0;0;0;0
18252;Sidiailles;24;18;0;0;0;0;0;0;0;0;0;0;0;0;0;0;0;0;0;0;0;0;0;0;0;0;1;1;0;0;1;0;0;0;0;0;0;0;0
18253;Soulangis;24;18;0;0;0;0;0;0;0;0;0;0;0;0;0;0;0;0;0;0;0;0;1;0;0;0;0;1;0;3;0;0;1;0;0;1;1;0;0
18254;Soye-en-Septaine;24;18;0;0;0;0;0;0;0;0;0;0;0;0;0;0;0;0;0;0;0;0;1;0;0;0;1;0;1;1;0;0;0;0;0;1;0;0;0
18255;Le Subdray;24;18;0;0;0;0;0;0;0;0;0;0;0;0;0;0;0;0;0;0;0;0;0;1;0;0;0;0;2;1;0;0;0;0;0;1;0;0;1
18256;Subligny;24;18;0;0;0;0;0;0;0;0;0;0;0;0;0;0;0;0;0;0;0;0;0;0;0;0;0;2;1;0;2;2;0;0;0;1;0;0;0
18257;Sury-près-Léré;24;18;0;0;0;0;0;0;0;0;0;0;0;0;0;0;0;0;0;0;0;0;2;0;0;0;1;0;1;2;0;0;1;0;0;1;0;0;0
18258;Sury-en-Vaux;24;18;0;0;0;0;0;0;0;0;0;0;0;0;0;0;0;0;0;0;1;0;0;0;0;0;1;0;1;0;2;0;1;0;0;1;0;0;0
18259;Sury-ès-Bois;24;18;0;0;0;0;0;0;0;0;0;0;0;0;0;0;0;0;0;0;0;1;0;0;0;0;0;1;1;0;1;0;0;0;0;1;0;0;0
18260;Tendron;24;18;0;0;0;0;0;0;0;0;0;0;0;0;0;0;0;0;0;0;0;0;0;0;0;0;2;0;0;0;0;0;0;0;0;0;0;0;0
18261;Thaumiers;24;18;0;0;0;0;0;0;0;0;0;0;0;0;0;0;0;0;0;0;0;1;0;0;0;0;1;2;2;0;0;0;0;0;0;0;0;0;0
18262;Thauvenay;24;18;0;0;0;0;0;0;0;0;0;0;0;0;0;0;0;0;0;0;0;0;0;0;0;0;0;2;0;0;0;0;0;0;0;1;0;0;0
18263;Thénioux;24;18;0;0;0;0;0;0;0;0;0;0;0;0;0;0;0;0;0;0;1;0;1;0;0;0;2;2;2;3;1;1;0;0;0;3;0;0;0
18264;Thou;24;18;0;0;0;0;0;0;0;0;0;0;0;0;0;0;0;0;0;0;0;0;0;0;0;0;0;0;1;0;0;0;0;0;0;0;0;0;0
18265;Torteron;24;18;0;0;0;0;0;0;0;0;0;0;0;0;0;0;0;0;2;1;0;0;1;0;0;0;4;4;0;4;1;0;2;0;0;1;0;0;0
18266;Touchay;24;18;0;0;0;0;0;0;0;0;0;0;0;0;0;0;0;0;0;0;0;0;1;0;0;0;0;1;0;1;0;0;0;0;0;0;1;0;0
18267;Trouy;24;18;0;0;0;0;0;0;0;0;0;0;0;0;0;0;0;0;1;1;0;0;6;0;0;0;2;5;2;3;3;0;3;0;0;1;2;0;3
18268;Uzay-le-Venon;24;18;0;0;0;0;0;0;0;0;0;0;0;0;0;0;0;0;0;0;0;1;1;0;0;0;1;0;0;0;1;0;0;0;0;0;1;0;0
18269;Vailly-sur-Sauldre;24;18;0;1;0;0;0;0;0;0;0;0;0;0;0;0;0;2;0;1;0;0;3;0;0;0;1;0;1;1;3;0;3;1;0;1;1;0;1
18270;Vallenay;24;18;0;0;0;0;0;0;0;0;0;0;0;0;0;0;0;0;0;0;0;1;1;0;0;0;1;0;0;0;1;0;1;0;0;0;0;0;0
18271;Vasselay;24;18;0;0;0;0;0;0;0;0;0;0;0;0;0;0;0;0;0;0;0;1;1;0;0;0;2;1;1;4;4;0;1;0;0;1;2;0;0
18272;Veaugues;24;18;0;0;0;0;0;0;0;0;0;0;0;0;0;0;0;0;0;0;0;1;1;0;0;0;3;0;1;3;1;0;1;0;0;2;0;0;0
18273;Venesmes;24;18;0;0;0;0;0;0;0;0;0;0;0;0;0;0;0;0;0;0;0;0;1;0;0;0;3;2;1;2;1;0;0;0;0;1;0;0;1
18274;Verdigny;24;18;0;0;0;0;0;0;0;0;0;0;0;0;0;0;0;0;0;0;0;0;0;0;0;0;0;0;1;0;0;0;0;0;0;1;0;0;0
18275;Vereaux;24;18;0;0;0;0;0;0;0;0;0;0;0;0;0;0;0;0;0;0;0;0;0;0;0;0;1;0;0;0;1;0;0;0;0;2;0;0;0
18276;Vernais;24;18;0;0;0;0;0;0;0;0;0;0;0;0;0;0;0;0;0;0;0;0;0;0;0;0;1;0;0;0;0;0;0;0;0;0;0;0;0
18277;Verneuil;24;18;0;0;0;0;0;0;0;0;0;0;0;0;0;0;0;0;0;0;0;0;0;0;0;0;2;0;0;0;0;0;0;0;0;0;0;0;0
18278;Vesdun;24;18;0;0;0;0;0;0;0;0;0;0;0;0;0;0;0;0;0;0;0;1;1;0;0;0;2;1;0;1;0;0;0;0;0;3;1;0;0
18279;Vierzon;24;18;1;0;0;0;0;0;0;0;0;0;2;1;0;1;0;15;3;4;0;0;39;5;2;6;41;36;16;35;19;11;46;6;5;78;27;11;12
18280;Vignoux-sous-les-Aix;24;18;0;0;0;0;0;0;0;0;0;0;0;0;0;0;0;0;0;0;0;0;1;0;0;0;1;3;1;1;1;0;0;0;0;2;0;0;0
18281;Vignoux-sur-Barangeon;24;18;0;0;0;0;0;0;0;0;0;0;0;0;0;0;0;0;0;1;0;0;2;0;0;0;6;10;5;4;2;0;1;0;0;3;0;0;1
18282;Villabon;24;18;0;0;0;0;0;0;0;0;0;0;0;0;0;0;0;0;0;0;0;1;1;0;0;0;0;1;1;1;0;0;0;0;0;0;0;0;0
18283;Villecelin;24;18;0;0;0;0;0;0;0;0;0;0;0;0;0;0;0;0;0;0;0;0;0;0;0;0;0;0;0;1;0;0;0;0;0;0;0;0;0
18284;Villegenon;24;18;0;0;0;0;0;0;0;0;0;0;0;0;0;0;0;0;0;0;0;0;0;0;0;0;0;0;1;0;0;0;1;0;0;1;0;0;0
18285;Villeneuve-sur-Cher;24;18;0;0;0;0;0;0;0;0;0;0;0;0;0;0;0;0;0;0;0;0;1;0;0;0;3;0;0;0;0;0;0;0;0;1;0;0;0
18286;Villequiers;24;18;0;0;0;0;0;0;0;0;0;0;0;0;0;0;0;0;0;0;0;1;1;0;0;0;0;0;1;3;1;1;0;0;0;1;0;0;0
18287;Vinon;24;18;0;0;0;0;0;0;0;0;0;0;0;0;0;0;0;0;0;0;0;1;0;0;0;0;0;0;1;2;0;0;0;0;0;0;0;0;0
18288;Vorly;24;18;0;0;0;0;0;0;0;0;0;0;0;0;0;0;0;0;0;0;0;0;0;0;0;0;0;0;0;0;1;0;2;0;0;0;0;0;0
18289;Vornay;24;18;0;0;0;0;0;0;0;0;0;0;0;0;0;0;0;0;0;0;0;1;1;0;0;0;1;1;0;3;1;0;0;0;0;0;0;0;1
18290;Vouzeron;24;18;0;0;0;0;0;0;0;0;0;0;0;0;0;0;0;0;0;0;0;1;0;0;0;0;1;0;1;1;0;0;1;0;0;1;1;0;0
19001;Affieux;75;19;0;0;0;0;0;0;0;0;0;0;0;0;0;0;0;0;1;0;0;0;0;0;0;0;1;2;1;1;1;0;0;0;0;0;0;0;0
19002;Aix;75;19;0;0;0;0;0;0;0;0;0;0;0;0;0;0;0;0;0;0;0;0;0;0;0;0;1;1;1;2;1;0;0;0;0;0;0;0;0
19003;Albignac;75;19;0;0;0;0;0;0;0;0;0;0;0;0;0;0;0;0;0;0;0;0;1;0;0;0;0;1;1;2;2;0;0;0;0;0;0;0;0
19004;Albussac;75;19;0;0;0;0;0;0;0;0;0;0;0;0;0;0;0;0;0;0;0;1;3;0;0;0;2;0;2;2;0;1;1;0;0;3;0;0;0
19005;Allassac;75;19;0;1;0;0;0;0;0;0;0;0;1;0;0;0;0;2;2;1;0;0;12;1;0;1;5;13;7;12;3;0;4;0;0;7;2;1;2
19006;Alleyrat;75;19;0;0;0;0;0;0;0;0;0;0;0;0;0;0;0;0;0;0;0;0;0;0;0;0;1;0;0;0;0;0;0;0;0;0;0;0;0
19007;Altillac;75;19;0;0;0;0;0;0;0;0;0;0;0;0;0;0;0;0;0;0;0;0;3;0;0;0;3;0;4;1;0;0;1;0;0;1;2;0;0
19008;Ambrugeat;75;19;0;0;0;0;0;0;0;0;0;0;0;0;0;0;0;0;0;0;0;0;0;0;0;0;0;0;0;1;0;0;0;0;0;1;0;0;0
19009;Les Angles-sur-Corrèze;75;19;0;0;0;0;0;0;0;0;0;0;0;0;0;0;0;0;0;0;0;0;0;0;0;0;0;0;0;1;0;0;0;0;0;0;0;0;0
19010;Argentat;75;19;0;1;0;0;0;0;0;0;0;0;1;0;0;0;0;6;0;1;0;0;7;2;0;1;3;6;4;7;4;1;5;3;0;11;4;0;4
19011;Arnac-Pompadour;75;19;0;0;0;0;0;0;0;0;0;0;0;0;0;0;0;4;1;1;0;0;5;1;0;1;1;2;2;1;3;1;3;7;0;4;1;0;0
19012;Astaillac;75;19;0;0;0;0;0;0;0;0;0;0;0;0;0;0;0;0;0;0;0;0;1;0;0;0;1;1;0;0;0;0;0;0;0;0;0;0;0
19013;Aubazines;75;19;0;0;0;0;0;0;0;0;0;0;0;0;0;0;0;0;0;1;0;0;2;0;0;0;1;4;3;1;1;0;2;0;0;3;1;0;0
19014;Auriac;75;19;0;0;0;0;0;0;0;0;0;0;0;0;0;0;0;0;0;0;0;1;0;0;0;0;0;2;0;0;0;0;0;0;0;1;0;0;0
19015;Ayen;75;19;0;0;0;0;0;0;0;0;0;0;0;0;0;0;0;0;0;0;0;1;3;0;0;0;0;0;3;1;1;0;1;0;0;3;1;0;1
19016;Bar;75;19;0;0;0;0;0;0;0;0;0;0;0;0;0;0;0;0;1;0;0;1;0;0;0;0;0;0;2;2;2;0;0;0;0;0;0;0;0
19017;Bassignac-le-Bas;75;19;0;0;0;0;0;0;0;0;0;0;0;0;0;0;0;0;0;0;0;0;0;0;0;0;1;0;2;0;0;0;0;0;0;1;0;0;0
19018;Bassignac-le-Haut;75;19;0;0;0;0;0;0;0;0;0;0;0;0;0;0;0;0;0;0;0;1;0;0;0;0;1;1;1;0;0;0;0;0;0;1;0;0;0
19019;Beaulieu-sur-Dordogne;75;19;0;1;0;0;0;0;0;0;0;0;1;0;0;0;0;4;0;1;0;0;1;0;0;3;3;2;2;2;2;1;4;1;0;11;6;0;3
19020;Beaumont;75;19;0;0;0;0;0;0;0;0;0;0;0;0;0;0;0;0;0;0;0;0;0;0;0;0;0;0;0;0;0;0;0;0;0;0;0;0;0
19021;Bellechassagne;75;19;0;0;0;0;0;0;0;0;0;0;0;0;0;0;0;0;0;0;0;0;1;0;0;0;0;0;0;0;0;0;0;0;0;0;0;0;0
19022;Benayes;75;19;0;0;0;0;0;0;0;0;0;0;0;0;0;0;0;0;1;0;0;1;1;0;0;0;3;0;1;1;0;0;0;0;0;0;0;0;0
19023;Beynat;75;19;0;1;0;0;0;0;0;0;0;0;1;0;0;0;0;2;0;1;0;0;1;0;0;0;6;0;3;3;2;0;2;0;0;8;0;1;2
19024;Beyssac;75;19;0;0;0;0;0;0;0;0;0;0;0;0;0;0;0;0;0;0;0;0;0;0;0;0;2;1;1;1;1;1;1;0;0;1;0;0;0
19025;Beyssenac;75;19;0;0;0;0;0;0;0;0;0;0;0;0;0;0;0;0;0;0;0;1;0;0;0;0;1;0;0;1;0;0;1;0;0;0;0;0;0
19026;Bilhac;75;19;0;0;0;0;0;0;0;0;0;0;0;0;0;0;0;0;0;0;0;0;0;0;0;0;0;0;1;1;0;0;0;0;0;0;0;0;0
19027;Bonnefond;75;19;0;0;0;0;0;0;0;0;0;0;0;0;0;0;0;0;0;0;0;0;0;0;0;0;0;0;2;0;0;0;0;0;0;0;0;0;0
19028;Bort-les-Orgues;75;19;0;1;0;0;0;0;0;0;0;0;1;0;0;0;0;7;1;1;0;0;9;2;0;2;5;5;9;7;3;1;9;2;1;15;2;1;2
19029;Branceilles;75;19;0;0;0;0;0;0;0;0;0;0;0;0;0;0;0;0;0;0;0;0;1;0;0;0;0;0;1;1;1;0;1;0;0;0;0;0;1
19030;Brignac-la-Plaine;75;19;0;0;0;0;0;0;0;0;0;0;0;0;0;0;0;0;0;0;0;1;0;0;0;0;2;3;2;2;2;0;2;0;0;0;0;0;0
19031;Brive-la-Gaillarde;75;19;1;1;0;1;1;1;1;0;0;0;6;1;0;1;0;43;11;6;0;1;70;9;12;13;59;95;60;53;52;20;105;12;19;198;68;17;50
19032;Brivezac;75;19;0;0;0;0;0;0;0;0;0;0;0;0;0;0;0;0;0;0;0;1;0;0;0;0;0;0;0;1;1;0;0;0;0;0;0;0;0
19033;Bugeat;75;19;0;1;0;0;0;0;0;0;0;0;1;0;0;0;0;2;0;1;0;0;2;0;0;0;1;1;3;1;1;0;2;1;0;1;1;0;0
19034;Camps-Saint-Mathurin-Léobazel;75;19;0;0;0;0;0;0;0;0;0;0;0;0;0;0;0;0;0;0;0;0;0;0;0;0;0;0;0;1;0;1;0;0;0;0;0;0;0
19035;Chabrignac;75;19;0;0;0;0;0;0;0;0;0;0;0;0;0;0;0;0;0;0;0;0;0;0;0;0;4;0;1;1;0;0;2;0;0;1;0;0;1
19036;Chamberet;75;19;0;0;0;0;0;0;0;0;0;0;0;0;0;0;0;1;1;1;0;0;4;1;0;0;3;3;3;3;0;1;4;1;0;1;0;0;1
19037;Chamboulive;75;19;0;0;0;0;0;0;0;0;0;0;0;0;0;0;0;2;1;1;0;0;2;0;0;0;3;3;3;0;1;0;1;0;0;0;0;0;0
19038;Chameyrat;75;19;0;0;0;0;0;0;0;0;0;0;0;0;0;0;0;0;1;0;0;1;2;0;0;0;3;3;1;2;2;0;2;0;0;0;0;0;0
19039;Champagnac-la-Noaille;75;19;0;0;0;0;0;0;0;0;0;0;0;0;0;0;0;0;0;0;0;0;0;0;0;0;0;1;0;0;0;0;0;0;0;0;0;0;0
19040;Champagnac-la-Prune;75;19;0;0;0;0;0;0;0;0;0;0;0;0;0;0;0;0;0;0;0;1;0;0;0;0;0;1;1;0;0;0;0;0;0;1;0;0;0
19041;Chanac-les-Mines;75;19;0;0;0;0;0;0;0;0;0;0;0;0;0;0;0;0;0;0;0;0;0;0;0;0;1;2;1;0;0;0;0;0;0;0;0;0;0
19042;Chanteix;75;19;0;0;0;0;0;0;0;0;0;0;0;0;0;0;0;0;0;0;0;1;1;0;0;0;0;1;2;0;1;1;0;1;0;0;0;0;0
19043;La Chapelle-aux-Brocs;75;19;0;0;0;0;0;0;0;0;0;0;0;0;0;0;0;0;0;0;0;0;1;0;0;0;1;0;0;0;1;0;0;0;0;1;1;0;0
19044;La Chapelle-aux-Saints;75;19;0;0;0;0;0;0;0;0;0;0;0;0;0;0;0;0;0;0;0;0;0;0;0;0;1;0;3;1;0;0;0;0;0;0;0;0;0
19045;La Chapelle-Saint-Géraud;75;19;0;0;0;0;0;0;0;0;0;0;0;0;0;0;0;0;0;0;0;0;1;0;0;0;1;0;2;1;0;0;0;0;0;1;0;0;0
19046;Chapelle-Spinasse;75;19;0;0;0;0;0;0;0;0;0;0;0;0;0;0;0;0;0;0;0;0;0;0;0;0;0;0;1;0;0;0;1;0;0;0;0;0;0
19047;Chartrier-Ferrière;75;19;0;0;0;0;0;0;0;0;0;0;0;0;0;0;0;0;0;0;0;0;1;0;0;0;1;0;0;0;2;0;1;0;0;1;0;0;0
19048;Le Chastang;75;19;0;0;0;0;0;0;0;0;0;0;0;0;0;0;0;0;0;0;1;0;1;0;0;0;1;2;1;3;0;0;0;0;0;0;0;0;0
19049;Chasteaux;75;19;0;0;0;0;0;0;0;0;0;0;0;0;0;0;0;0;0;0;0;0;0;0;0;0;2;0;0;0;0;0;0;0;0;1;0;0;0
19050;Chauffour-sur-Vell;75;19;0;0;0;0;0;0;0;0;0;0;0;0;0;0;0;0;0;0;0;0;2;0;0;0;1;0;1;0;1;0;1;0;0;0;1;0;0
19051;Chaumeil;75;19;0;0;0;0;0;0;0;0;0;0;0;0;0;0;0;0;1;0;1;0;0;0;0;0;0;0;0;0;0;0;1;0;0;1;0;0;0
19052;Chavanac;75;19;0;0;0;0;0;0;0;0;0;0;0;0;0;0;0;0;0;0;0;0;0;0;0;0;0;0;0;0;0;0;0;0;0;0;0;0;0
19053;Chaveroche;75;19;0;0;0;0;0;0;0;0;0;0;0;0;0;0;0;0;0;0;0;0;0;0;0;0;0;0;0;0;1;0;0;0;0;0;0;0;0
19054;Chenailler-Mascheix;75;19;0;0;0;0;0;0;0;0;0;0;0;0;0;0;0;0;0;0;0;0;0;0;0;0;1;0;0;1;1;0;0;0;0;0;0;0;0
19055;Chirac-Bellevue;75;19;0;0;0;0;0;0;0;0;0;0;0;0;0;0;0;0;0;0;1;0;0;0;0;0;1;1;0;1;0;0;0;0;0;0;0;0;0
19056;Clergoux;75;19;0;0;0;0;0;0;0;0;0;0;0;0;0;0;0;0;0;0;0;1;1;0;0;0;1;1;1;3;1;0;1;0;0;0;0;0;1
19057;Collonges-la-Rouge;75;19;0;0;0;0;0;0;0;0;0;0;0;0;0;0;0;0;0;0;0;0;0;0;0;0;0;1;0;2;2;0;0;0;0;8;1;0;0
19058;Combressol;75;19;0;0;0;0;0;0;0;0;0;0;0;0;0;0;0;0;0;0;0;1;0;0;0;0;0;0;0;2;0;0;0;0;0;1;0;0;0
19059;Concèze;75;19;0;0;0;0;0;0;0;0;0;0;0;0;0;0;0;0;0;0;0;1;1;0;0;0;0;1;1;3;0;0;0;0;0;1;0;0;0
19060;Condat-sur-Ganaveix;75;19;0;0;0;0;0;0;0;0;0;0;0;0;0;0;0;0;1;0;1;0;0;0;0;0;0;1;1;2;0;0;2;0;0;0;0;0;0
19061;Cornil;75;19;0;0;0;0;0;0;0;0;0;0;0;0;0;0;0;0;0;1;0;0;2;0;0;0;0;1;0;1;0;1;1;0;0;1;1;0;1
19062;Corrèze;75;19;0;1;0;0;0;0;0;0;0;0;1;0;0;0;0;3;3;1;0;0;0;0;0;0;3;1;5;3;4;0;3;0;0;2;1;0;2
19063;Cosnac;75;19;0;0;0;0;0;0;0;0;0;0;0;0;0;0;0;0;0;1;0;0;1;0;0;0;10;14;6;4;3;0;4;0;0;1;3;0;2
19064;Couffy-sur-Sarsonne;75;19;0;0;0;0;0;0;0;0;0;0;0;0;0;0;0;0;0;0;0;0;0;0;0;0;0;0;0;0;0;0;0;0;0;0;0;0;0
19065;Courteix;75;19;0;0;0;0;0;0;0;0;0;0;0;0;0;0;0;0;0;0;0;0;0;0;0;0;0;0;0;0;0;0;0;0;0;0;0;0;0
19066;Cublac;75;19;0;0;0;0;0;0;0;0;0;0;0;0;0;0;0;0;1;1;0;0;2;0;0;0;1;5;0;8;4;0;3;0;0;2;0;0;0
19067;Curemonte;75;19;0;0;0;0;0;0;0;0;0;0;0;0;0;0;0;0;0;0;0;1;0;0;0;0;1;0;1;1;0;0;0;0;0;3;0;0;0
19068;Dampniat;75;19;0;0;0;0;0;0;0;0;0;0;0;0;0;0;0;0;0;0;0;1;0;0;0;0;0;4;2;1;1;0;1;0;0;2;2;0;0
19069;Darazac;75;19;0;0;0;0;0;0;0;0;0;0;0;0;0;0;0;0;0;0;0;0;0;0;0;0;1;0;0;0;0;0;0;0;0;0;0;0;0
19070;Darnets;75;19;0;0;0;0;0;0;0;0;0;0;0;0;0;0;0;0;0;0;0;0;1;0;0;0;1;0;0;0;0;0;0;0;0;0;0;0;0
19071;Davignac;75;19;0;0;0;0;0;0;0;0;0;0;0;0;0;0;0;0;0;0;0;1;0;0;0;0;1;0;0;1;1;0;0;0;0;0;0;0;0
19072;Donzenac;75;19;0;1;0;0;0;0;0;0;0;0;0;0;0;0;0;1;2;1;0;0;6;0;0;0;2;4;8;7;3;1;4;1;0;4;3;0;1
19073;Égletons;75;19;0;1;0;0;0;0;0;0;0;0;1;0;0;0;0;6;1;1;0;0;11;1;0;3;2;4;4;6;2;2;7;4;3;13;4;1;3
19074;L'Église-aux-Bois;75;19;0;0;0;0;0;0;0;0;0;0;0;0;0;0;0;0;0;0;0;0;0;0;0;0;0;0;0;0;0;0;0;0;0;0;0;0;0
19075;Espagnac;75;19;0;0;0;0;0;0;0;0;0;0;0;0;0;0;0;0;0;0;0;1;0;0;0;0;2;2;1;0;1;0;0;0;0;1;0;0;0
19076;Espartignac;75;19;0;0;0;0;0;0;0;0;0;0;0;0;0;0;0;0;0;0;0;0;0;0;0;0;0;0;1;2;0;0;1;0;0;2;0;0;0
19077;Estivals;75;19;0;0;0;0;0;0;0;0;0;0;0;0;0;0;0;0;0;0;0;0;0;0;0;0;0;0;0;1;0;0;1;0;0;0;0;0;0
19078;Estivaux;75;19;0;0;0;0;0;0;0;0;0;0;0;0;0;0;0;0;1;0;0;1;0;0;0;0;0;1;1;0;0;0;0;0;0;0;0;0;0
19079;Eyburie;75;19;0;0;0;0;0;0;0;0;0;0;0;0;0;0;0;0;1;0;0;1;0;0;0;0;0;1;2;4;2;0;1;0;0;1;0;0;0
19080;Eygurande;75;19;0;1;0;0;0;0;0;0;0;0;0;0;0;0;0;2;0;1;0;0;1;0;0;0;0;0;0;1;0;0;1;1;0;0;0;0;0
19081;Eyrein;75;19;0;0;0;0;0;0;0;0;0;0;0;0;0;0;0;0;0;0;0;1;3;0;0;0;1;0;2;6;0;0;0;0;1;0;0;1;0
19082;Favars;75;19;0;0;0;0;0;0;0;0;0;0;0;0;0;0;0;0;1;0;0;1;5;0;0;0;2;1;2;4;3;0;1;0;0;1;0;0;2
19083;Feyt;75;19;0;0;0;0;0;0;0;0;0;0;0;0;0;0;0;0;0;0;0;0;0;0;0;0;0;1;1;0;0;0;0;0;0;0;0;0;0
19084;Forgès;75;19;0;0;0;0;0;0;0;0;0;0;0;0;0;0;0;0;0;0;0;1;0;0;0;0;0;0;3;0;1;0;1;0;0;1;1;0;0
19085;Gimel-les-Cascades;75;19;0;0;0;0;0;0;0;0;0;0;0;0;0;0;0;0;0;0;0;1;1;0;0;0;1;2;3;3;1;0;0;0;0;2;0;0;0
19086;Goulles;75;19;0;0;0;0;0;0;0;0;0;0;0;0;0;0;0;0;0;0;0;1;2;0;0;0;0;0;1;0;1;0;1;1;0;1;0;0;0
19087;Gourdon-Murat;75;19;0;0;0;0;0;0;0;0;0;0;0;0;0;0;0;0;0;0;0;0;1;0;0;0;0;0;0;0;1;1;1;0;0;0;0;0;0
19088;Grandsaigne;75;19;0;0;0;0;0;0;0;0;0;0;0;0;0;0;0;0;0;0;0;0;0;0;0;0;0;0;1;0;0;0;0;0;0;0;0;0;0
19089;Gros-Chastang;75;19;0;0;0;0;0;0;0;0;0;0;0;0;0;0;0;0;0;0;0;1;0;0;0;0;0;0;0;0;0;0;0;0;0;0;0;0;0
19090;Gumond;75;19;0;0;0;0;0;0;0;0;0;0;0;0;0;0;0;0;0;0;0;0;0;0;0;0;0;1;0;0;2;0;1;0;0;0;0;0;0
19091;Hautefage;75;19;0;0;0;0;0;0;0;0;0;0;0;0;0;0;0;0;1;0;0;0;1;0;0;0;1;1;0;0;0;0;0;0;0;1;0;0;0
19092;Le Jardin;75;19;0;0;0;0;0;0;0;0;0;0;0;0;0;0;0;0;0;0;0;0;0;0;0;0;0;0;0;0;0;0;0;0;0;0;0;0;0
19093;Jugeals-Nazareth;75;19;0;0;0;0;0;0;0;0;0;0;0;0;0;0;0;0;0;0;0;0;2;0;0;0;2;0;3;3;4;0;0;0;0;0;0;0;1
19094;Juillac;75;19;0;1;0;0;0;0;0;0;0;0;1;0;0;0;0;2;0;1;0;0;2;0;0;0;1;2;4;3;4;0;2;0;0;0;0;0;0
19095;Lacelle;75;19;0;0;0;0;0;0;0;0;0;0;0;0;0;0;0;0;0;0;0;1;0;0;0;0;0;0;0;0;0;0;0;0;0;2;0;0;0
19096;Ladignac-sur-Rondelles;75;19;0;0;0;0;0;0;0;0;0;0;0;0;0;0;0;0;0;0;0;0;3;0;0;0;2;2;3;1;1;0;0;0;0;1;0;0;0
19097;Lafage-sur-Sombre;75;19;0;0;0;0;0;0;0;0;0;0;0;0;0;0;0;0;0;0;0;0;0;0;0;0;0;0;0;0;0;0;0;0;0;1;1;0;0
19098;Lagarde-Enval;75;19;0;0;0;0;0;0;0;0;0;0;0;0;0;0;0;0;0;1;0;0;1;0;0;0;0;2;4;1;2;0;2;0;0;0;0;0;0
19099;Lagleygeolle;75;19;0;0;0;0;0;0;0;0;0;0;0;0;0;0;0;0;0;0;0;0;1;0;0;0;1;2;0;0;0;0;0;0;0;1;0;0;0
19100;Lagraulière;75;19;0;0;0;0;0;0;0;0;0;0;0;0;0;0;0;0;1;1;0;0;4;0;0;0;0;1;0;2;2;1;2;0;0;2;0;0;0
19101;Laguenne;75;19;0;0;0;0;0;0;0;0;0;0;0;0;0;0;0;1;1;1;0;0;6;0;0;0;0;2;0;2;1;0;1;0;0;0;0;0;0
19102;Lamazière-Basse;75;19;0;0;0;0;0;0;0;0;0;0;0;0;0;0;0;0;0;0;0;1;0;0;0;0;0;0;0;0;0;0;0;0;0;1;0;0;0
19103;Lamazière-Haute;75;19;0;0;0;0;0;0;0;0;0;0;0;0;0;0;0;0;0;0;0;0;0;0;0;0;0;0;0;0;0;0;0;0;0;0;0;0;0
19104;Lamongerie;75;19;0;0;0;0;0;0;0;0;0;0;0;0;0;0;0;0;1;0;0;0;0;0;0;0;1;0;0;0;0;0;0;0;0;1;0;0;0
19105;Lanteuil;75;19;0;0;0;0;0;0;0;0;0;0;0;0;0;0;0;0;0;0;0;1;1;0;0;0;1;1;1;0;1;0;0;0;0;3;0;0;0
19106;Lapleau;75;19;0;1;0;0;0;0;0;0;0;0;1;0;0;0;0;1;1;1;0;0;1;0;0;0;1;1;1;0;0;0;1;0;0;0;0;0;0
19107;Larche;75;19;0;1;0;0;0;0;0;0;0;0;1;0;0;0;0;3;1;1;0;0;5;0;0;0;1;2;1;7;1;0;5;0;0;3;2;0;2
19108;Laroche-près-Feyt;75;19;0;0;0;0;0;0;0;0;0;0;0;0;0;0;0;0;0;0;0;0;0;0;0;0;0;0;0;0;1;0;0;0;0;0;0;0;0
19109;Lascaux;75;19;0;0;0;0;0;0;0;0;0;0;0;0;0;0;0;0;0;0;0;0;0;0;0;0;0;0;0;1;0;0;0;0;0;0;0;0;0
19110;Latronche;75;19;0;0;0;0;0;0;0;0;0;0;0;0;0;0;0;0;0;0;0;0;0;0;0;0;1;0;2;0;0;0;0;0;0;1;0;0;0
19111;Laval-sur-Luzège;75;19;0;0;0;0;0;0;0;0;0;0;0;0;0;0;0;0;0;0;0;0;0;0;0;0;0;0;0;0;0;0;0;0;0;0;0;0;0
19112;Lestards;75;19;0;0;0;0;0;0;0;0;0;0;0;0;0;0;0;0;0;0;0;0;0;0;0;0;0;0;0;0;0;0;0;0;0;1;0;0;0
19113;Liginiac;75;19;0;0;0;0;0;0;0;0;0;0;0;0;0;0;0;0;0;0;0;1;1;0;0;0;1;0;0;1;2;0;1;0;0;1;0;0;0
19114;Lignareix;75;19;0;0;0;0;0;0;0;0;0;0;0;0;0;0;0;0;0;0;0;0;0;0;0;0;1;1;1;0;1;0;0;0;0;0;0;0;0
19115;Ligneyrac;75;19;0;0;0;0;0;0;0;0;0;0;0;0;0;0;0;0;0;0;0;0;0;0;0;0;1;1;1;4;0;0;0;0;0;0;1;0;0
19116;Liourdres;75;19;0;0;0;0;0;0;0;0;0;0;0;0;0;0;0;0;0;0;0;0;0;0;0;0;1;0;0;0;0;1;1;0;0;0;0;0;0
19117;Lissac-sur-Couze;75;19;0;0;0;0;0;0;0;0;0;0;0;0;0;0;0;0;0;0;0;1;2;0;0;0;0;1;1;0;0;1;0;0;0;2;3;1;1
19118;Le Lonzac;75;19;0;0;0;0;0;0;0;0;0;0;0;0;0;0;0;0;1;1;0;0;1;0;0;0;0;3;1;4;1;0;1;2;0;1;0;0;0
19119;Lostanges;75;19;0;0;0;0;0;0;0;0;0;0;0;0;0;0;0;0;0;0;0;0;0;0;0;0;1;0;0;0;0;0;0;0;0;0;0;0;0
19120;Louignac;75;19;0;0;0;0;0;0;0;0;0;0;0;0;0;0;0;0;0;0;0;0;1;0;0;0;0;1;0;2;0;0;1;0;0;0;0;0;0
19121;Lubersac;75;19;0;1;0;0;0;0;0;0;0;0;1;0;0;0;0;3;0;1;0;0;9;1;1;1;4;4;5;12;1;0;6;1;1;6;2;3;0
19122;Madranges;75;19;0;0;0;0;0;0;0;0;0;0;0;0;0;0;0;0;0;0;0;0;0;0;0;0;0;1;1;0;1;0;0;0;0;0;0;0;0
19123;Malemort;75;19;0;0;0;0;0;0;0;0;0;0;1;0;0;0;0;7;0;1;0;0;25;5;1;2;14;19;19;19;11;3;14;2;0;15;4;1;7
19124;Mansac;75;19;0;0;0;0;0;0;0;0;0;0;0;0;0;0;0;0;0;1;0;0;2;0;0;1;3;2;3;1;3;0;6;0;0;2;0;0;1
19125;Marcillac-la-Croisille;75;19;0;1;0;0;0;0;0;0;0;0;0;0;0;0;0;1;0;1;0;0;5;0;0;0;2;2;0;3;0;0;1;0;0;3;0;0;1
19126;Marcillac-la-Croze;75;19;0;0;0;0;0;0;0;0;0;0;0;0;0;0;0;0;0;0;0;0;0;0;0;0;0;0;1;1;1;0;0;0;0;0;0;0;1
19127;Marc-la-Tour;75;19;0;0;0;0;0;0;0;0;0;0;0;0;0;0;0;0;0;0;0;0;1;0;0;0;0;1;0;0;1;0;0;0;0;0;0;0;0
19128;Margerides;75;19;0;0;0;0;0;0;0;0;0;0;0;0;0;0;0;0;0;0;0;0;1;0;0;0;1;1;1;2;0;0;0;0;0;1;0;0;0
19129;Masseret;75;19;0;0;0;0;0;0;0;0;0;0;0;0;0;0;0;2;1;1;0;0;4;0;0;0;2;2;0;2;1;1;2;0;0;1;0;0;0
19130;Maussac;75;19;0;0;0;0;0;0;0;0;0;0;0;0;0;0;0;0;0;1;0;0;0;0;0;0;1;0;2;1;0;0;0;0;0;0;0;0;0
19131;Meilhards;75;19;0;0;0;0;0;0;0;0;0;0;0;0;0;0;0;0;0;1;0;0;3;0;0;0;1;0;1;2;0;0;1;0;0;1;0;0;0
19132;Ménoire;75;19;0;0;0;0;0;0;0;0;0;0;0;0;0;0;0;0;0;0;0;1;0;0;0;0;0;1;1;1;0;0;0;0;0;0;0;0;0
19133;Mercoeur;75;19;0;0;0;0;0;0;0;0;0;0;0;0;0;0;0;0;0;1;0;0;1;0;0;0;0;0;1;0;0;0;0;0;0;1;0;0;0
19134;Merlines;75;19;0;0;0;0;0;0;0;0;0;0;0;0;0;0;0;0;0;1;0;0;1;0;0;0;0;0;1;2;1;1;2;0;0;1;0;0;0
19135;Mestes;75;19;0;0;0;0;0;0;0;0;0;0;0;0;0;0;0;0;0;0;0;0;0;0;0;0;1;0;1;1;0;0;0;0;0;2;0;0;0
19136;Meymac;75;19;0;1;0;0;0;0;0;0;0;0;1;0;0;0;0;3;2;1;0;0;3;1;0;1;5;5;3;3;2;0;3;1;0;6;1;0;1
19137;Meyrignac-l'Église;75;19;0;0;0;0;0;0;0;0;0;0;0;0;0;0;0;0;0;0;0;0;0;0;0;0;0;0;0;0;0;0;0;0;0;2;0;0;1
19138;Meyssac;75;19;0;1;0;0;0;0;0;0;0;0;1;0;0;0;0;3;1;1;0;0;3;1;0;1;2;3;1;3;2;0;3;1;0;4;5;1;1
19139;Millevaches;75;19;0;0;0;0;0;0;0;0;0;0;0;0;0;0;0;0;0;0;0;0;0;0;0;0;0;0;0;0;0;1;0;0;0;1;0;0;0
19140;Monceaux-sur-Dordogne;75;19;0;0;0;0;0;0;0;0;0;0;0;0;0;0;0;0;0;1;0;0;0;0;0;0;2;3;3;2;0;0;0;0;0;3;0;0;0
19141;Monestier-Merlines;75;19;0;0;0;0;0;0;0;0;0;0;0;0;0;0;0;0;0;0;0;0;0;0;0;0;1;0;0;0;0;0;0;0;0;0;0;0;0
19142;Monestier-Port-Dieu;75;19;0;0;0;0;0;0;0;0;0;0;0;0;0;0;0;0;0;0;0;1;0;0;0;0;0;0;0;1;2;0;0;0;0;0;0;0;0
19143;Montaignac-Saint-Hippolyte;75;19;0;0;0;0;0;0;0;0;0;0;0;0;0;0;0;0;0;0;0;1;1;1;0;0;1;1;0;1;0;0;2;0;0;1;0;0;1
19144;Montgibaud;75;19;0;0;0;0;0;0;0;0;0;0;0;0;0;0;0;0;0;0;0;0;0;0;0;0;1;0;1;0;0;0;0;0;0;1;0;0;0
19145;Moustier-Ventadour;75;19;0;0;0;0;0;0;0;0;0;0;0;0;0;0;0;0;0;0;0;0;0;0;0;0;3;1;1;0;1;0;0;0;0;0;1;0;0
19146;Naves;75;19;0;0;0;0;0;0;0;0;0;0;0;0;0;0;0;4;0;1;0;0;10;0;1;1;2;4;6;3;1;0;3;0;0;1;0;0;1
19147;Nespouls;75;19;0;0;0;0;0;0;0;0;0;0;0;0;0;0;0;0;1;0;0;1;1;0;3;0;3;1;2;2;2;0;1;0;0;1;0;0;1
19148;Neuvic;75;19;0;1;0;0;0;0;0;0;0;0;1;0;0;0;0;2;0;1;0;0;6;0;0;1;5;1;3;2;2;1;2;1;0;12;3;1;2
19149;Neuville;75;19;0;0;0;0;0;0;0;0;0;0;0;0;0;0;0;0;0;0;0;0;1;0;0;0;0;0;1;0;0;0;0;0;0;1;0;0;0
19150;Noailhac;75;19;0;0;0;0;0;0;0;0;0;0;0;0;0;0;0;0;0;0;0;0;1;0;0;0;2;1;3;2;1;0;1;0;0;0;0;0;0
19151;Noailles;75;19;0;0;0;0;0;0;0;0;0;0;0;0;0;0;0;0;0;0;0;1;4;1;0;0;2;0;4;3;2;0;2;0;0;2;0;0;0
19152;Nonards;75;19;0;0;0;0;0;0;0;0;0;0;0;0;0;0;0;0;0;1;0;0;3;0;0;0;3;1;3;2;0;0;0;0;0;0;0;0;0
19153;Objat;75;19;0;1;0;0;0;0;0;0;0;0;1;0;0;0;0;7;2;1;0;0;7;2;0;2;1;9;5;8;8;1;9;3;0;14;6;3;7
19154;Orgnac-sur-Vézère;75;19;0;0;0;0;0;0;0;0;0;0;0;0;0;0;0;0;1;0;0;0;0;0;0;0;0;0;1;1;2;0;0;0;0;0;0;0;0
19155;Orliac-de-Bar;75;19;0;0;0;0;0;0;0;0;0;0;0;0;0;0;0;0;0;0;0;0;0;0;0;0;1;1;2;0;0;0;0;0;0;1;0;0;0
19156;Palazinges;75;19;0;0;0;0;0;0;0;0;0;0;0;0;0;0;0;0;0;0;0;0;0;0;0;0;0;0;0;0;0;0;0;0;0;0;0;0;0
19157;Palisse;75;19;0;0;0;0;0;0;0;0;0;0;0;0;0;0;0;0;0;0;0;1;1;0;0;0;0;1;0;1;0;0;1;0;0;0;0;0;0
19158;Pandrignes;75;19;0;0;0;0;0;0;0;0;0;0;0;0;0;0;0;0;0;0;0;0;0;0;0;0;0;0;0;0;1;0;0;0;0;0;0;0;0
19159;Péret-Bel-Air;75;19;0;0;0;0;0;0;0;0;0;0;0;0;0;0;0;0;0;0;0;0;0;0;0;0;0;0;0;0;0;0;0;0;0;0;0;0;0
19160;Pérols-sur-Vézère;75;19;0;0;0;0;0;0;0;0;0;0;0;0;0;0;0;0;0;0;0;0;0;0;0;0;0;0;0;3;0;0;0;0;0;1;0;0;1
19161;Perpezac-le-Blanc;75;19;0;0;0;0;0;0;0;0;0;0;0;0;0;0;0;0;0;1;0;0;2;0;0;0;2;1;0;1;0;0;1;0;0;1;2;0;1
19162;Perpezac-le-Noir;75;19;0;0;0;0;0;0;0;0;0;0;0;0;0;0;0;1;0;1;0;0;0;0;0;0;0;3;1;2;1;0;3;1;0;1;1;0;0
19163;Le Pescher;75;19;0;0;0;0;0;0;0;0;0;0;0;0;0;0;0;0;0;0;0;1;1;0;0;0;1;2;1;0;0;0;0;0;0;1;0;0;0
19164;Peyrelevade;75;19;0;0;0;0;0;0;0;0;0;0;0;0;0;0;0;2;0;1;0;0;2;0;0;0;2;3;1;2;1;0;1;0;0;2;0;0;0
19165;Peyrissac;75;19;0;0;0;0;0;0;0;0;0;0;0;0;0;0;0;0;0;0;1;0;0;0;0;0;0;0;0;0;0;0;0;0;0;0;0;0;0
19166;Pierrefitte;75;19;0;0;0;0;0;0;0;0;0;0;0;0;0;0;0;0;0;0;0;0;0;0;0;0;0;0;0;1;0;0;0;0;0;0;0;0;0
19167;Confolent-Port-Dieu;75;19;0;0;0;0;0;0;0;0;0;0;0;0;0;0;0;0;0;0;0;0;0;0;0;0;0;0;0;0;0;0;0;0;0;0;0;0;0
19168;Pradines;75;19;0;0;0;0;0;0;0;0;0;0;0;0;0;0;0;0;0;0;0;0;0;0;0;0;0;0;0;0;0;0;0;0;0;0;0;0;0
19169;Puy-d'Arnac;75;19;0;0;0;0;0;0;0;0;0;0;0;0;0;0;0;0;0;0;0;0;1;0;0;0;1;1;2;0;0;0;0;0;0;0;0;0;0
19170;Queyssac-les-Vignes;75;19;0;0;0;0;0;0;0;0;0;0;0;0;0;0;0;0;0;0;0;0;0;0;0;0;1;0;0;1;2;0;0;0;0;0;0;1;0
19171;Reygade;75;19;0;0;0;0;0;0;0;0;0;0;0;0;0;0;0;0;0;0;0;0;1;0;0;0;1;0;1;1;1;0;0;0;0;0;0;0;0
19172;Rilhac-Treignac;75;19;0;0;0;0;0;0;0;0;0;0;0;0;0;0;0;0;0;0;0;1;0;0;0;0;2;0;0;0;0;0;0;0;0;1;1;0;0
19173;Rilhac-Xaintrie;75;19;0;0;0;0;0;0;0;0;0;0;0;0;0;0;0;0;0;0;0;1;0;0;0;0;0;0;1;1;0;0;0;0;0;0;0;0;0
19174;La Roche-Canillac;75;19;0;0;0;0;0;0;0;0;0;0;0;0;0;0;0;0;1;0;0;1;0;0;0;0;0;1;0;0;0;0;1;0;0;0;0;0;0
19175;Roche-le-Peyroux;75;19;0;0;0;0;0;0;0;0;0;0;0;0;0;0;0;0;0;0;0;0;0;0;0;0;0;0;0;0;0;0;0;0;0;0;0;0;0
19176;Rosiers-d'Égletons;75;19;0;0;0;0;0;0;0;0;0;0;0;0;0;0;0;0;0;0;0;1;1;0;0;0;2;1;5;2;3;0;1;0;0;0;1;0;0
19177;Rosiers-de-Juillac;75;19;0;0;0;0;0;0;0;0;0;0;0;0;0;0;0;0;0;0;0;1;0;0;0;0;0;0;0;3;1;0;0;0;0;0;0;0;0
19178;Sadroc;75;19;0;0;0;0;0;0;0;0;0;0;0;0;0;0;0;0;0;0;0;1;2;1;0;0;3;2;0;1;0;0;1;0;0;1;0;0;0
19179;Saillac;75;19;0;0;0;0;0;0;0;0;0;0;0;0;0;0;0;0;0;0;0;0;0;0;0;0;2;0;0;1;0;0;0;0;0;0;0;0;0
19180;Saint-Angel;75;19;0;0;0;0;0;0;0;0;0;0;0;0;0;0;0;0;0;1;0;0;2;0;0;0;1;2;1;1;1;0;1;0;0;1;0;0;0
19181;Saint-Augustin;75;19;0;0;0;0;0;0;0;0;0;0;0;0;0;0;0;0;0;0;0;1;0;0;0;0;1;2;2;1;0;0;0;0;0;1;1;0;0
19182;Saint-Aulaire;75;19;0;0;0;0;0;0;0;0;0;0;0;0;0;0;0;0;0;1;0;0;4;0;0;0;2;0;3;5;1;0;2;0;0;3;0;0;0
19183;Saint-Bazile-de-la-Roche;75;19;0;0;0;0;0;0;0;0;0;0;0;0;0;0;0;0;0;0;0;1;0;0;0;0;1;0;0;0;0;0;0;0;0;1;0;0;0
19184;Saint-Bazile-de-Meyssac;75;19;0;0;0;0;0;0;0;0;0;0;0;0;0;0;0;0;0;0;0;0;0;0;0;0;0;0;0;0;1;0;0;0;0;0;0;0;0
19185;Saint-Bonnet-Avalouze;75;19;0;0;0;0;0;0;0;0;0;0;0;0;0;0;0;0;0;0;0;0;0;0;0;0;0;0;2;0;1;0;0;0;0;1;0;0;0
19186;Saint-Bonnet-Elvert;75;19;0;0;0;0;0;0;0;0;0;0;0;0;0;0;0;0;0;0;0;0;0;0;0;0;0;0;2;0;1;0;0;0;0;0;0;0;0
19187;Saint-Bonnet-la-Rivière;75;19;0;0;0;0;0;0;0;0;0;0;0;0;0;0;0;0;0;0;0;0;0;0;0;0;0;1;2;1;0;1;0;0;0;1;0;0;0
19188;Saint-Bonnet-l'Enfantier;75;19;0;0;0;0;0;0;0;0;0;0;0;0;0;0;0;0;0;0;0;1;0;0;0;0;1;0;1;0;1;0;0;0;0;0;0;0;1
19189;Saint-Bonnet-les-Tours-de-Merle;75;19;0;0;0;0;0;0;0;0;0;0;0;0;0;0;0;0;0;0;0;0;0;0;0;0;0;0;0;0;0;0;0;0;0;0;0;0;0
19190;Saint-Bonnet-près-Bort;75;19;0;0;0;0;0;0;0;0;0;0;0;0;0;0;0;0;0;0;0;0;0;0;0;0;0;0;1;0;0;0;0;0;0;0;0;0;0
19191;Saint-Cernin-de-Larche;75;19;0;0;0;0;0;0;0;0;0;0;0;0;0;0;0;0;0;0;0;0;1;0;0;0;3;1;2;4;1;0;0;0;0;0;0;0;0
19192;Saint-Chamant;75;19;0;0;0;0;0;0;0;0;0;0;0;0;0;0;0;0;0;1;0;0;1;0;0;0;2;1;0;2;1;0;1;0;0;1;0;0;0
19193;Saint-Cirgues-la-Loutre;75;19;0;0;0;0;0;0;0;0;0;0;0;0;0;0;0;0;0;0;0;1;0;0;0;0;0;0;0;0;0;0;0;0;0;2;0;0;0
19194;Saint-Clément;75;19;0;0;0;0;0;0;0;0;0;0;0;0;0;0;0;1;1;0;0;1;3;0;0;0;2;2;4;2;0;0;3;0;0;0;0;0;0
19195;Saint-Cyprien;75;19;0;0;0;0;0;0;0;0;0;0;0;0;0;0;0;0;0;0;0;0;0;0;0;0;2;1;0;1;0;0;0;0;0;0;1;0;0
19196;Saint-Cyr-la-Roche;75;19;0;0;0;0;0;0;0;0;0;0;0;0;0;0;0;0;0;0;0;0;0;0;0;0;1;2;1;0;0;0;0;0;0;0;0;0;0
19198;Saint-Éloy-les-Tuileries;75;19;0;0;0;0;0;0;0;0;0;0;0;0;0;0;0;0;0;0;0;0;1;0;0;0;0;0;0;1;0;0;0;0;0;0;0;0;0
19199;Saint-Étienne-aux-Clos;75;19;0;0;0;0;0;0;0;0;0;0;0;0;0;0;0;0;0;0;0;0;0;0;0;0;0;0;2;3;0;0;0;0;0;1;0;0;0
19200;Saint-Étienne-la-Geneste;75;19;0;0;0;0;0;0;0;0;0;0;0;0;0;0;0;0;0;0;0;0;0;0;0;0;0;0;0;0;0;0;0;0;0;2;0;0;0
19201;Saint-Exupéry-les-Roches;75;19;0;0;0;0;0;0;0;0;0;0;0;0;0;0;0;0;0;0;1;0;0;0;0;0;0;0;1;0;1;0;1;0;0;2;0;0;1
19202;Sainte-Féréole;75;19;0;0;0;0;0;0;0;0;0;0;0;0;0;0;0;0;0;1;0;0;3;0;0;0;2;3;7;4;0;0;5;0;0;4;0;0;1
19203;Sainte-Fortunade;75;19;0;0;0;0;0;0;0;0;0;0;0;0;0;0;0;0;0;1;0;0;5;0;0;0;1;4;1;1;3;0;2;0;0;5;0;0;0
19204;Saint-Fréjoux;75;19;0;0;0;0;0;0;0;0;0;0;0;0;0;0;0;0;1;0;0;0;0;0;0;0;0;0;1;0;1;0;0;0;0;0;0;0;0
19205;Saint-Geniez-ô-Merle;75;19;0;0;0;0;0;0;0;0;0;0;0;0;0;0;0;0;0;0;0;0;1;0;0;0;1;0;0;0;0;0;0;0;0;0;0;0;0
19206;Saint-Germain-Lavolps;75;19;0;0;0;0;0;0;0;0;0;0;0;0;0;0;0;0;0;0;0;0;0;0;0;0;0;0;0;0;0;0;0;0;0;0;0;0;0
19207;Saint-Germain-les-Vergnes;75;19;0;0;0;0;0;0;0;0;0;0;0;0;0;0;0;0;0;1;0;0;2;0;0;0;0;4;2;3;3;0;2;0;0;0;0;0;0
19208;Saint-Hilaire-Foissac;75;19;0;0;0;0;0;0;0;0;0;0;0;0;0;0;0;0;1;0;0;0;0;0;0;0;0;0;0;0;0;0;0;0;0;0;0;0;0
19209;Saint-Hilaire-les-Courbes;75;19;0;0;0;0;0;0;0;0;0;0;0;0;0;0;0;0;0;0;0;0;1;0;0;0;0;1;1;0;0;0;0;0;0;1;0;0;0
19210;Saint-Hilaire-Luc;75;19;0;0;0;0;0;0;0;0;0;0;0;0;0;0;0;0;0;0;0;0;0;0;0;0;0;0;0;0;0;0;0;0;0;1;0;0;0
19211;Saint-Hilaire-Peyroux;75;19;0;0;0;0;0;0;0;0;0;0;0;0;0;0;0;0;0;0;0;1;2;0;0;0;4;1;2;1;2;1;0;0;0;1;0;0;1
19212;Saint-Hilaire-Taurieux;75;19;0;0;0;0;0;0;0;0;0;0;0;0;0;0;0;0;0;0;0;0;1;0;0;0;1;1;0;0;0;0;0;0;0;0;0;0;0
19213;Saint-Jal;75;19;0;0;0;0;0;0;0;0;0;0;0;0;0;0;0;0;0;0;0;1;2;0;0;0;2;2;2;1;2;1;0;0;0;1;0;0;0
19214;Saint-Julien-aux-Bois;75;19;0;0;0;0;0;0;0;0;0;0;0;0;0;0;0;0;0;0;0;1;1;0;0;0;0;0;0;1;2;0;0;0;0;0;0;0;2
19215;Saint-Julien-le-Pèlerin;75;19;0;0;0;0;0;0;0;0;0;0;0;0;0;0;0;0;0;0;0;0;1;0;0;0;0;1;1;0;0;0;0;0;0;0;0;0;0
19216;Saint-Julien-le-Vendômois;75;19;0;0;0;0;0;0;0;0;0;0;0;0;0;0;0;0;0;0;0;1;0;0;0;0;2;2;1;0;0;0;0;0;0;0;0;0;0
19217;Saint-Julien-Maumont;75;19;0;0;0;0;0;0;0;0;0;0;0;0;0;0;0;0;0;0;0;0;0;0;0;0;0;0;0;1;0;0;0;0;0;0;0;0;0
19218;Saint-Julien-près-Bort;75;19;0;0;0;0;0;0;0;0;0;0;0;0;0;0;0;0;0;0;0;0;1;0;0;0;1;0;0;0;0;0;0;0;0;0;0;0;0
19219;Sainte-Marie-Lapanouze;75;19;0;0;0;0;0;0;0;0;0;0;0;0;0;0;0;0;0;0;0;0;0;0;0;0;0;0;0;0;0;0;0;0;0;1;0;0;0
19220;Saint-Martial-de-Gimel;75;19;0;0;0;0;0;0;0;0;0;0;0;0;0;0;0;0;0;0;0;1;2;0;0;0;1;2;0;1;0;0;0;0;0;2;0;0;0
19221;Saint-Martial-Entraygues;75;19;0;0;0;0;0;0;0;0;0;0;0;0;0;0;0;0;0;0;0;0;0;0;0;0;1;0;1;0;1;0;0;0;0;0;0;0;0
19222;Saint-Martin-la-Méanne;75;19;0;0;0;0;0;0;0;0;0;0;0;0;0;0;0;0;0;1;0;0;0;0;0;0;2;0;2;3;1;0;0;0;0;1;0;0;0
19223;Saint-Martin-Sepert;75;19;0;0;0;0;0;0;0;0;0;0;0;0;0;0;0;0;0;0;0;1;0;0;0;0;0;1;0;1;0;0;0;0;0;0;0;0;0
19225;Saint-Merd-de-Lapleau;75;19;0;0;0;0;0;0;0;0;0;0;0;0;0;0;0;0;0;0;0;0;1;0;0;0;1;0;0;1;1;0;0;0;0;0;0;0;0
19226;Saint-Merd-les-Oussines;75;19;0;0;0;0;0;0;0;0;0;0;0;0;0;0;0;0;0;0;0;0;0;0;0;0;0;0;0;0;0;0;0;0;0;0;0;0;0
19227;Saint-Mexant;75;19;0;0;0;0;0;0;0;0;0;0;0;0;0;0;0;0;0;0;0;1;4;1;0;0;2;0;2;1;2;0;3;0;0;1;0;0;0
19228;Saint-Pantaléon-de-Lapleau;75;19;0;0;0;0;0;0;0;0;0;0;0;0;0;0;0;0;0;0;0;0;0;0;0;0;0;0;1;0;0;0;0;0;0;1;0;0;0
19229;Saint-Pantaléon-de-Larche;75;19;0;0;0;0;0;0;0;0;0;0;0;0;0;0;0;0;0;1;0;0;10;0;0;1;12;13;7;11;8;2;4;2;0;6;2;0;3
19230;Saint-Pardoux-Corbier;75;19;0;0;0;0;0;0;0;0;0;0;0;0;0;0;0;0;0;0;0;0;0;0;0;0;0;0;2;0;0;0;0;0;0;1;0;0;0
19231;Saint-Pardoux-la-Croisille;75;19;0;0;0;0;0;0;0;0;0;0;0;0;0;0;0;0;0;0;0;1;0;0;0;0;2;0;1;0;0;1;0;0;0;0;0;0;0
19232;Saint-Pardoux-le-Neuf;75;19;0;0;0;0;0;0;0;0;0;0;0;0;0;0;0;0;0;0;0;0;0;0;0;0;0;0;0;0;0;0;1;0;0;0;0;0;0
19233;Saint-Pardoux-le-Vieux;75;19;0;0;0;0;0;0;0;0;0;0;0;0;0;0;0;0;0;0;0;1;1;0;0;0;0;1;1;1;1;0;0;0;0;0;0;0;1
19234;Saint-Pardoux-l'Ortigier;75;19;0;0;0;0;0;0;0;0;0;0;0;0;0;0;0;0;0;0;1;0;2;0;0;0;0;2;0;1;0;0;0;0;0;0;1;0;1
19235;Saint-Paul;75;19;0;0;0;0;0;0;0;0;0;0;0;0;0;0;0;1;0;0;0;1;0;0;0;0;0;0;0;1;0;0;1;0;0;0;0;0;0
19236;Saint-Priest-de-Gimel;75;19;0;0;0;0;0;0;0;0;0;0;0;0;0;0;0;0;0;0;0;1;3;1;0;0;0;1;0;2;0;1;0;1;0;2;0;0;0
19237;Saint-Privat;75;19;0;1;0;0;0;0;0;0;0;0;1;0;0;0;0;2;2;1;0;0;2;0;0;0;3;1;3;4;2;0;2;0;0;2;0;0;1
19238;Saint-Rémy;75;19;0;0;0;0;0;0;0;0;0;0;0;0;0;0;0;0;0;0;0;1;0;0;0;0;0;0;0;0;0;0;1;0;0;0;0;0;0
19239;Saint-Robert;75;19;0;0;0;0;0;0;0;0;0;0;0;0;0;0;0;0;0;0;0;1;0;0;0;0;1;2;1;1;1;0;1;0;0;1;0;0;0
19240;Saint-Salvadour;75;19;0;0;0;0;0;0;0;0;0;0;0;0;0;0;0;0;1;0;0;1;0;0;0;0;0;0;0;1;2;0;0;0;0;1;0;0;0
19241;Saint-Setiers;75;19;0;0;0;0;0;0;0;0;0;0;0;0;0;0;0;0;0;0;0;1;1;0;0;0;0;0;2;0;1;0;0;0;0;0;1;0;0
19242;Saint-Solve;75;19;0;0;0;0;0;0;0;0;0;0;0;0;0;0;0;0;0;0;0;0;1;0;0;0;0;1;0;1;0;0;1;0;0;1;0;0;0
19243;Saint-Sornin-Lavolps;75;19;0;0;0;0;0;0;0;0;0;0;0;0;0;0;0;0;0;0;0;0;1;1;0;0;5;2;2;2;0;0;5;0;0;4;1;0;2
19244;Saint-Sulpice-les-Bois;75;19;0;0;0;0;0;0;0;0;0;0;0;0;0;0;0;0;0;0;0;0;0;0;0;0;0;0;0;0;1;0;0;0;0;0;0;0;0
19245;Saint-Sylvain;75;19;0;0;0;0;0;0;0;0;0;0;0;0;0;0;0;0;0;0;0;1;0;0;0;0;0;1;1;0;0;0;0;0;0;0;0;0;0
19246;Saint-Viance;75;19;0;0;0;0;0;0;0;0;0;0;0;0;0;0;0;0;0;0;0;1;6;0;1;0;2;3;5;2;2;0;1;0;0;0;2;0;3
19247;Saint-Victour;75;19;0;0;0;0;0;0;0;0;0;0;0;0;0;0;0;0;0;0;0;0;0;0;0;0;0;0;1;1;0;0;0;0;0;0;0;0;0
19248;Saint-Ybard;75;19;0;0;0;0;0;0;0;0;0;0;0;0;0;0;0;0;1;0;0;1;0;0;0;0;4;0;0;0;1;0;2;0;0;0;0;0;0
19249;Saint-Yrieix-le-Déjalat;75;19;0;0;0;0;0;0;0;0;0;0;0;0;0;0;0;0;1;0;0;1;1;0;0;1;1;0;0;0;0;0;0;0;0;1;0;0;0
19250;Salon-la-Tour;75;19;0;0;0;0;0;0;0;0;0;0;0;0;0;0;0;0;1;0;0;1;1;0;0;0;2;0;0;2;0;1;1;0;0;1;1;0;0
19251;Sarran;75;19;0;0;0;0;0;0;0;0;0;0;0;0;0;0;0;0;0;0;0;1;0;0;0;0;0;2;2;0;0;0;0;0;0;1;0;0;0
19252;Sarroux;75;19;0;0;0;0;0;0;0;0;0;0;0;0;0;0;0;0;0;0;0;0;2;0;0;0;0;0;1;1;0;0;0;0;0;3;0;0;0
19253;Segonzac;75;19;0;0;0;0;0;0;0;0;0;0;0;0;0;0;0;0;0;0;0;1;1;0;0;0;1;0;0;0;0;0;0;0;0;0;1;0;0
19254;Ségur-le-Château;75;19;0;0;0;0;0;0;0;0;0;0;0;0;0;0;0;0;0;0;0;1;0;0;0;0;1;1;1;1;1;0;1;0;0;4;0;0;0
19255;Seilhac;75;19;0;1;0;0;0;0;0;0;0;0;1;0;0;0;0;3;0;1;0;0;5;1;0;2;1;3;2;6;1;0;4;1;0;2;1;1;1
19256;Sérandon;75;19;0;0;0;0;0;0;0;0;0;0;0;0;0;0;0;0;0;0;0;1;0;0;0;0;0;1;2;2;1;0;0;0;0;1;0;0;0
19257;Sérilhac;75;19;0;0;0;0;0;0;0;0;0;0;0;0;0;0;0;0;0;0;0;0;0;0;0;0;1;0;1;0;1;0;0;0;0;0;0;0;0
19258;Servières-le-Château;75;19;0;0;0;0;0;0;0;0;0;0;0;0;0;0;0;0;0;1;0;0;1;0;0;0;0;1;2;2;1;1;1;0;0;3;0;0;0
19259;Sexcles;75;19;0;0;0;0;0;0;0;0;0;0;0;0;0;0;0;0;0;0;0;1;0;0;0;0;1;0;1;0;0;0;0;2;0;0;0;0;0
19260;Sioniac;75;19;0;0;0;0;0;0;0;0;0;0;0;0;0;0;0;0;0;0;0;0;0;0;0;0;1;0;2;0;0;1;1;0;0;0;0;0;0
19261;Sornac;75;19;0;1;0;0;0;0;0;0;0;0;0;0;0;0;0;2;1;0;0;1;1;0;0;0;1;1;2;0;2;0;1;0;0;2;0;0;0
19262;Soudaine-Lavinadière;75;19;0;0;0;0;0;0;0;0;0;0;0;0;0;0;0;0;0;0;0;0;1;0;0;0;1;0;0;0;0;0;0;0;0;0;1;0;0
19263;Soudeilles;75;19;0;0;0;0;0;0;0;0;0;0;0;0;0;0;0;0;0;0;0;0;0;0;0;0;1;0;0;0;0;0;0;0;0;0;0;0;0
19264;Soursac;75;19;0;0;0;0;0;0;0;0;0;0;0;0;0;0;0;0;0;0;0;1;2;0;0;0;1;0;1;0;0;1;2;0;0;0;0;0;0
19265;Tarnac;75;19;0;0;0;0;0;0;0;0;0;0;0;0;0;0;0;0;0;0;0;1;0;0;0;0;4;0;0;1;0;0;0;0;0;0;0;0;0
19266;Thalamy;75;19;0;0;0;0;0;0;0;0;0;0;0;0;0;0;0;0;0;0;0;0;0;0;0;0;0;0;1;0;0;0;0;0;0;2;0;0;0
19268;Toy-Viam;75;19;0;0;0;0;0;0;0;0;0;0;0;0;0;0;0;0;0;0;0;0;0;0;0;0;0;0;0;0;0;0;0;0;0;0;0;0;0
19269;Treignac;75;19;0;1;0;0;0;0;0;0;0;0;1;0;0;0;0;2;1;1;0;0;5;0;0;0;1;3;8;7;1;1;2;1;0;4;2;1;2
19270;Troche;75;19;0;0;0;0;0;0;0;0;0;0;0;0;0;0;0;0;0;0;0;1;0;0;0;0;2;1;1;1;0;0;1;0;0;2;0;0;0
19271;Tudeils;75;19;0;0;0;0;0;0;0;0;0;0;0;0;0;0;0;0;0;0;0;0;0;0;0;0;1;2;3;0;0;0;0;0;0;0;0;0;0
19272;Tulle;75;19;2;1;0;1;1;1;0;0;0;0;13;1;0;0;0;20;5;2;0;0;26;4;0;9;14;29;17;13;11;3;32;4;8;55;17;6;9
19273;Turenne;75;19;0;0;0;0;0;0;0;0;0;0;0;0;0;0;0;0;0;0;0;1;0;0;0;1;3;2;1;0;1;0;2;0;0;5;0;0;1
19274;Ussac;75;19;0;0;0;0;0;0;0;0;0;0;0;0;0;0;0;0;0;1;0;0;10;0;0;0;5;8;9;11;12;2;1;1;0;6;3;2;5
19275;Ussel;75;19;1;1;0;0;0;0;0;0;0;0;3;1;0;0;0;12;5;2;0;0;18;4;0;6;17;19;12;8;8;3;18;4;3;35;7;3;9
19276;Uzerche;75;19;0;1;0;0;0;0;0;0;0;0;1;0;0;0;0;5;3;1;0;0;9;2;0;1;3;6;3;2;4;1;6;5;0;10;5;1;2
19277;Valiergues;75;19;0;0;0;0;0;0;0;0;0;0;0;0;0;0;0;0;0;0;0;0;0;0;0;0;0;0;0;0;0;0;0;0;0;0;0;0;0
19278;Varetz;75;19;0;0;0;0;0;0;0;0;0;0;0;0;0;0;0;0;0;1;0;0;8;1;0;0;5;9;4;10;3;1;5;1;0;4;2;1;4
19279;Vars-sur-Roseix;75;19;0;0;0;0;0;0;0;0;0;0;0;0;0;0;0;0;0;0;0;0;0;0;0;0;1;1;0;2;0;0;0;0;0;1;0;0;0
19280;Végennes;75;19;0;0;0;0;0;0;0;0;0;0;0;0;0;0;0;0;0;0;0;0;0;0;0;0;1;0;0;0;0;0;0;0;0;0;0;0;0
19281;Veix;75;19;0;0;0;0;0;0;0;0;0;0;0;0;0;0;0;0;0;0;0;0;0;0;0;0;0;0;0;0;0;0;0;0;0;0;0;0;0
19283;Veyrières;75;19;0;0;0;0;0;0;0;0;0;0;0;0;0;0;0;0;0;0;0;0;0;0;0;0;0;0;0;0;0;0;0;0;0;0;0;0;0
19284;Viam;75;19;0;0;0;0;0;0;0;0;0;0;0;0;0;0;0;0;0;0;0;0;0;0;0;0;0;0;0;0;0;0;0;0;0;1;0;0;0
19285;Vigeois;75;19;0;1;0;0;0;0;0;0;0;0;1;0;0;0;0;1;1;1;0;0;1;0;0;0;0;6;1;1;1;0;2;0;0;2;0;0;2
19286;Vignols;75;19;0;0;0;0;0;0;0;0;0;0;0;0;0;0;0;0;0;1;0;0;2;0;0;0;1;1;1;1;0;0;0;0;0;0;0;0;0
19287;Vitrac-sur-Montane;75;19;0;0;0;0;0;0;0;0;0;0;0;0;0;0;0;1;0;0;0;0;0;0;0;0;0;1;1;2;1;0;0;0;0;2;0;0;0
19288;Voutezac;75;19;0;0;0;0;0;0;0;0;0;0;0;0;0;0;0;0;1;0;0;1;1;0;0;0;2;2;2;1;0;0;1;0;0;2;1;0;0
19289;Yssandon;75;19;0;0;0;0;0;0;0;0;0;0;0;0;0;0;0;0;0;0;0;1;0;0;0;0;2;0;1;0;2;0;0;0;0;0;0;0;0
21001;Agencourt;27;21;0;0;0;0;0;0;0;0;0;0;0;0;0;0;0;0;0;0;0;0;0;0;0;0;1;1;0;1;0;0;1;0;0;1;0;0;0
21002;Agey;27;21;0;0;0;0;0;0;0;0;0;0;0;0;0;0;0;0;0;0;0;0;0;0;0;0;0;0;1;0;0;1;0;0;0;0;0;0;1
21003;Ahuy;27;21;0;0;0;0;0;0;0;0;0;0;0;0;0;0;0;0;0;0;0;0;2;1;0;0;2;4;0;4;1;3;1;0;0;8;0;0;1
21004;Aignay-le-Duc;27;21;0;1;0;0;0;0;0;0;0;0;0;0;0;0;0;2;0;1;0;0;2;0;0;0;0;0;0;0;0;0;1;3;0;1;1;0;0
21005;Aiserey;27;21;0;0;0;0;0;0;0;0;0;0;0;0;0;0;0;0;0;1;0;0;5;1;0;0;5;3;2;2;2;0;2;0;0;3;1;0;0
21006;Aisey-sur-Seine;27;21;0;0;0;0;0;0;0;0;0;0;0;0;0;0;0;0;0;0;0;1;0;0;0;0;0;0;0;1;0;0;0;0;0;1;0;0;0
21007;Aisy-sous-Thil;27;21;0;0;0;0;0;0;0;0;0;0;0;0;0;0;0;0;0;0;0;0;0;0;0;0;0;0;0;0;0;0;0;0;0;0;0;0;0
21008;Alise-Sainte-Reine;27;21;0;0;0;0;0;0;0;0;0;0;0;0;0;0;0;0;0;0;0;0;0;0;0;0;0;1;1;0;1;0;0;0;0;1;0;0;1
21009;Allerey;27;21;0;0;0;0;0;0;0;0;0;0;0;0;0;0;0;0;0;0;0;0;0;0;0;0;1;1;2;0;0;0;1;0;0;0;0;0;0
21010;Aloxe-Corton;27;21;0;0;0;0;0;0;0;0;0;0;0;0;0;0;0;0;0;0;0;1;0;0;0;0;0;0;0;0;0;0;0;0;0;0;0;0;0
21011;Ampilly-les-Bordes;27;21;0;0;0;0;0;0;0;0;0;0;0;0;0;0;0;0;0;0;0;0;0;0;0;0;2;0;0;0;1;0;0;0;0;0;0;0;0
21012;Ampilly-le-Sec;27;21;0;0;0;0;0;0;0;0;0;0;0;0;0;0;0;0;1;0;0;0;2;0;0;0;0;0;0;2;0;0;1;0;0;0;0;0;0
21013;Ancey;27;21;0;0;0;0;0;0;0;0;0;0;0;0;0;0;0;0;0;0;0;0;0;0;0;0;1;2;0;1;1;0;0;0;0;0;0;0;0
21014;Antheuil;27;21;0;0;0;0;0;0;0;0;0;0;0;0;0;0;0;0;0;0;0;0;1;0;0;0;0;0;0;0;0;0;0;0;0;0;0;0;0
21015;Antigny-la-Ville;27;21;0;0;0;0;0;0;0;0;0;0;0;0;0;0;0;0;0;0;0;0;0;0;0;0;1;0;0;0;0;0;0;0;0;0;0;0;0
21016;Arceau;27;21;0;0;0;0;0;0;0;0;0;0;0;0;0;0;0;0;0;0;0;0;1;0;0;0;3;2;0;2;2;1;0;0;0;1;2;0;0
21017;Arcenant;27;21;0;0;0;0;0;0;0;0;0;0;0;0;0;0;0;0;0;0;0;0;1;0;0;0;2;1;0;2;2;0;0;0;0;1;0;0;0
21018;Arcey;27;21;0;0;0;0;0;0;0;0;0;0;0;0;0;0;0;0;0;0;0;0;0;0;0;0;2;0;0;0;0;0;0;0;0;0;0;0;0
21020;Arconcey;27;21;0;0;0;0;0;0;0;0;0;0;0;0;0;0;0;0;0;0;0;0;2;0;0;0;0;1;0;0;0;0;0;0;0;0;0;0;0
21021;Arc-sur-Tille;27;21;0;1;0;0;0;0;0;0;0;0;0;0;0;0;0;0;0;1;0;0;5;1;1;1;3;8;6;4;5;2;5;1;0;4;2;1;1
21022;Argilly;27;21;0;0;0;0;0;0;0;0;0;0;0;0;0;0;0;0;0;0;0;0;3;0;0;0;0;0;0;1;0;0;0;0;0;1;0;0;1
21023;Arnay-le-Duc;27;21;0;1;0;0;0;0;0;0;0;0;0;0;1;0;0;5;1;1;0;0;3;0;0;1;4;2;2;3;1;0;6;5;1;4;2;1;1
21024;Arnay-sous-Vitteaux;27;21;0;0;0;0;0;0;0;0;0;0;0;0;0;0;0;0;0;0;0;0;0;0;0;0;2;0;0;0;0;0;0;0;0;0;0;0;0
21025;Arrans;27;21;0;0;0;0;0;0;0;0;0;0;0;0;0;0;0;0;0;0;0;0;0;0;0;0;0;0;0;0;1;0;0;0;0;0;0;0;0
21026;Asnières-en-Montagne;27;21;0;0;0;0;0;0;0;0;0;0;0;0;0;0;0;0;0;0;0;0;0;0;0;0;1;0;2;0;0;0;0;0;0;0;0;0;0
21027;Asnières-lès-Dijon;27;21;0;0;0;0;0;0;0;0;0;0;0;0;0;0;0;0;0;0;0;0;0;0;0;0;1;1;2;0;0;0;1;0;0;1;0;1;0
21028;Athée;27;21;0;0;0;0;0;0;0;0;0;0;0;0;0;0;0;0;0;0;0;0;1;1;0;0;0;1;2;1;3;0;0;0;0;0;0;0;0
21029;Athie;27;21;0;0;0;0;0;0;0;0;0;0;0;0;0;0;0;0;0;0;0;0;0;0;0;0;0;0;0;0;0;0;0;0;0;0;0;0;0
21030;Aubaine;27;21;0;0;0;0;0;0;0;0;0;0;0;0;0;0;0;0;0;0;0;0;0;0;0;0;0;0;1;0;0;0;0;0;0;0;0;0;0
21031;Aubigny-en-Plaine;27;21;0;0;0;0;0;0;0;0;0;0;0;0;0;0;0;0;0;0;0;0;0;0;0;0;0;1;3;0;0;0;1;0;0;0;0;0;0
21032;Aubigny-la-Ronce;27;21;0;0;0;0;0;0;0;0;0;0;0;0;0;0;0;0;0;0;0;0;3;0;0;0;0;1;1;1;0;0;0;0;0;0;0;0;0
21033;Aubigny-lès-Sombernon;27;21;0;0;0;0;0;0;0;0;0;0;0;0;0;0;0;0;0;0;0;0;1;0;0;0;1;0;0;1;0;0;0;0;0;0;0;0;0
21034;Autricourt;27;21;0;0;0;0;0;0;0;0;0;0;0;0;0;0;0;0;0;0;0;0;0;0;0;0;0;0;0;0;0;0;0;0;0;0;0;0;0
21035;Auvillars-sur-Saône;27;21;0;0;0;0;0;0;0;0;0;0;0;0;0;0;0;0;0;0;0;0;0;0;0;0;0;0;0;0;0;0;0;0;0;1;0;0;0
21036;Auxant;27;21;0;0;0;0;0;0;0;0;0;0;0;0;0;0;0;0;0;0;0;0;0;0;0;0;1;0;1;1;0;0;0;0;0;1;0;0;0
21037;Auxey-Duresses;27;21;0;0;0;0;0;0;0;0;0;0;0;0;0;0;0;1;0;0;0;0;1;0;0;0;0;0;1;0;2;0;0;0;0;1;0;0;0
21038;Auxonne;27;21;0;1;0;0;0;0;0;0;0;1;0;0;2;0;0;7;3;1;0;0;12;1;0;3;9;12;7;7;5;1;15;3;2;20;5;2;10
21039;Avelanges;27;21;0;0;0;0;0;0;0;0;0;0;0;0;0;0;0;0;0;0;0;0;0;0;0;0;0;0;0;0;0;0;0;0;0;0;0;0;0
21040;Avosnes;27;21;0;0;0;0;0;0;0;0;0;0;0;0;0;0;0;0;0;0;0;0;0;0;0;0;0;0;0;2;0;0;0;0;0;0;0;0;0
21041;Avot;27;21;0;0;0;0;0;0;0;0;0;0;0;0;0;0;0;0;0;0;0;1;0;0;0;0;1;2;0;0;0;1;0;0;0;1;0;0;0
21042;Bagnot;27;21;0;0;0;0;0;0;0;0;0;0;0;0;0;0;0;0;0;0;0;0;0;0;0;0;1;0;0;0;1;0;0;0;0;0;0;0;0
21043;Baigneux-les-Juifs;27;21;0;1;0;0;0;0;0;0;0;0;0;0;0;0;0;1;0;0;0;1;1;0;0;0;1;0;1;0;1;0;1;0;0;2;0;0;1
21044;Balot;27;21;0;0;0;0;0;0;0;0;0;0;0;0;0;0;0;0;0;0;0;0;0;0;0;0;0;0;0;0;1;0;0;0;0;0;0;0;0
21045;Barbirey-sur-Ouche;27;21;0;0;0;0;0;0;0;0;0;0;0;0;0;0;0;0;0;0;0;0;0;0;0;0;0;0;0;0;1;0;0;0;0;1;0;1;0
21046;Bard-le-Régulier;27;21;0;0;0;0;0;0;0;0;0;0;0;0;0;0;0;0;0;0;0;0;0;0;0;0;2;0;0;0;0;0;0;0;0;0;0;0;0
21047;Bard-lès-Époisses;27;21;0;0;0;0;0;0;0;0;0;0;0;0;0;0;0;0;0;0;0;0;0;0;0;0;1;0;0;0;0;0;0;0;0;0;0;0;0
21048;Barges;27;21;0;0;0;0;0;0;0;0;0;0;0;0;0;0;0;0;0;0;0;0;1;0;0;0;3;1;0;0;0;0;1;0;0;2;0;0;0
21049;Barjon;27;21;0;0;0;0;0;0;0;0;0;0;0;0;0;0;0;0;0;0;0;0;0;0;0;0;0;0;0;0;0;0;0;0;0;0;0;0;0
21050;Baubigny;27;21;0;0;0;0;0;0;0;0;0;0;0;0;0;0;0;0;0;0;0;0;0;0;0;0;0;0;1;0;0;0;0;0;0;0;0;0;0
21051;Baulme-la-Roche;27;21;0;0;0;0;0;0;0;0;0;0;0;0;0;0;0;0;0;0;0;0;0;0;0;0;0;0;0;0;0;0;0;0;0;1;0;0;0
21052;Beaulieu;27;21;0;0;0;0;0;0;0;0;0;0;0;0;0;0;0;0;0;0;0;0;0;0;0;0;0;0;0;0;0;0;0;0;0;0;0;0;0
21053;Beaumont-sur-Vingeanne;27;21;0;0;0;0;0;0;0;0;0;0;0;0;0;0;0;0;0;0;0;0;0;0;0;0;0;0;0;0;0;0;0;0;0;0;0;0;0
21054;Beaune;27;21;1;1;0;0;1;0;0;0;0;5;0;1;0;0;0;22;4;2;0;0;30;5;10;9;19;21;11;19;17;3;46;6;9;126;44;7;21
21055;Beaunotte;27;21;0;0;0;0;0;0;0;0;0;0;0;0;0;0;0;0;0;0;0;0;0;0;0;0;0;0;0;0;0;0;0;0;0;1;0;0;0
21056;Beire-le-Châtel;27;21;0;0;0;0;0;0;0;0;0;0;0;0;0;0;0;0;0;0;1;0;0;0;0;0;0;3;2;0;0;0;1;0;0;1;0;0;2
21057;Beire-le-Fort;27;21;0;0;0;0;0;0;0;0;0;0;0;0;0;0;0;0;0;0;0;0;0;0;0;0;0;0;0;0;0;0;1;0;0;0;0;0;2
21058;Belan-sur-Ource;27;21;0;0;0;0;0;0;0;0;0;0;0;0;0;0;0;0;0;0;0;1;0;0;0;0;1;1;0;0;0;0;0;0;0;1;0;0;0
21059;Bellefond;27;21;0;0;0;0;0;0;0;0;0;0;0;0;0;0;0;0;0;0;0;0;0;0;0;0;3;1;0;0;2;0;2;0;0;0;0;0;1
21060;Belleneuve;27;21;0;0;0;0;0;0;0;0;0;0;0;0;0;0;0;0;0;0;1;0;2;0;0;0;1;1;3;7;1;0;4;0;0;2;0;0;1
21061;Bellenod-sur-Seine;27;21;0;0;0;0;0;0;0;0;0;0;0;0;0;0;0;0;0;0;0;0;0;0;0;0;0;0;0;0;0;0;0;0;0;0;0;0;0
21062;Bellenot-sous-Pouilly;27;21;0;0;0;0;0;0;0;0;0;0;0;0;0;0;0;0;0;0;0;0;1;0;0;0;0;2;0;1;0;0;0;0;0;0;0;0;0
21063;Beneuvre;27;21;0;0;0;0;0;0;0;0;0;0;0;0;0;0;0;0;0;0;0;0;0;0;0;0;1;0;0;0;0;0;0;0;0;0;1;0;0
21064;Benoisey;27;21;0;0;0;0;0;0;0;0;0;0;0;0;0;0;0;0;0;0;0;0;0;0;0;0;0;0;1;1;0;0;0;0;0;0;0;0;0
21065;Bessey-en-Chaume;27;21;0;0;0;0;0;0;0;0;0;0;0;0;0;0;0;0;0;0;0;0;0;0;0;0;0;0;0;0;0;0;0;0;0;0;0;0;0
21066;Bessey-la-Cour;27;21;0;0;0;0;0;0;0;0;0;0;0;0;0;0;0;0;0;0;0;0;0;0;0;0;0;0;0;0;0;0;0;0;0;0;0;0;0
21067;Bessey-lès-Cîteaux;27;21;0;0;0;0;0;0;0;0;0;0;0;0;0;0;0;0;0;0;0;0;1;0;0;0;1;0;0;3;0;0;1;0;0;0;0;0;1
21068;Beurey-Bauguay;27;21;0;0;0;0;0;0;0;0;0;0;0;0;0;0;0;0;0;0;0;0;0;0;0;0;1;1;0;0;0;0;1;0;0;0;0;0;0
21069;Beurizot;27;21;0;0;0;0;0;0;0;0;0;0;0;0;0;0;0;0;0;0;0;0;0;0;0;0;0;0;0;0;0;0;0;0;0;0;2;0;0
21070;Bévy;27;21;0;0;0;0;0;0;0;0;0;0;0;0;0;0;0;0;0;0;0;0;0;0;0;0;0;0;0;0;0;0;0;0;0;0;0;0;0
21071;Bèze;27;21;0;0;0;0;0;0;0;0;0;0;0;0;0;0;0;0;0;0;0;1;1;0;0;0;1;0;0;2;3;0;1;0;0;2;0;0;1
21072;Bézouotte;27;21;0;0;0;0;0;0;0;0;0;0;0;0;0;0;0;0;0;0;0;0;0;0;0;0;0;0;0;0;2;0;0;0;0;2;0;0;0
21073;Bierre-lès-Semur;27;21;0;0;0;0;0;0;0;0;0;0;0;0;0;0;0;0;0;0;0;0;0;0;0;0;0;0;0;0;0;0;0;0;0;1;0;0;0
21074;Billey;27;21;0;0;0;0;0;0;0;0;0;0;0;0;0;0;0;0;0;0;0;0;0;0;0;0;0;0;0;0;2;0;0;0;0;1;0;0;0
21075;Billy-lès-Chanceaux;27;21;0;0;0;0;0;0;0;0;0;0;0;0;0;0;0;0;0;0;0;0;0;0;0;0;0;0;0;0;0;0;0;0;0;0;0;0;0
21076;Binges;27;21;0;0;0;0;0;0;0;0;0;0;0;0;0;0;0;0;0;0;0;0;0;0;0;0;2;2;2;5;2;0;1;0;0;2;1;0;1
21077;Bissey-la-Côte;27;21;0;0;0;0;0;0;0;0;0;0;0;0;0;0;0;0;0;0;0;0;1;0;0;0;0;0;0;0;0;0;1;0;0;1;0;0;0
21078;Bissey-la-Pierre;27;21;0;0;0;0;0;0;0;0;0;0;0;0;0;0;0;0;0;0;0;0;0;0;0;0;1;0;0;0;0;0;0;0;0;0;0;0;0
21079;Blagny-sur-Vingeanne;27;21;0;0;0;0;0;0;0;0;0;0;0;0;0;0;0;0;0;0;0;0;0;0;0;0;0;0;0;0;0;0;2;0;0;0;0;0;0
21080;Blaisy-Bas;27;21;0;0;0;0;0;0;0;0;0;0;0;0;0;0;0;0;0;1;0;0;1;0;0;0;1;1;2;2;3;0;0;0;0;1;0;0;0
21081;Blaisy-Haut;27;21;0;0;0;0;0;0;0;0;0;0;0;0;0;0;0;0;0;0;0;0;1;0;0;0;0;1;0;0;2;0;0;0;0;0;0;0;0
21082;Blancey;27;21;0;0;0;0;0;0;0;0;0;0;0;0;0;0;0;0;0;0;0;0;0;0;0;0;0;0;0;0;0;0;0;0;0;0;0;0;0
21083;Blanot;27;21;0;0;0;0;0;0;0;0;0;0;0;0;0;0;0;0;0;0;0;0;0;0;0;0;0;0;0;0;0;0;0;0;0;0;0;0;0
21084;Source-Seine;27;21;0;0;0;0;0;0;0;0;0;0;0;0;0;0;0;0;0;0;0;0;0;0;0;0;1;0;0;0;0;0;0;0;0;0;0;0;0
21085;Bligny-le-Sec;27;21;0;0;0;0;0;0;0;0;0;0;0;0;0;0;0;0;0;0;0;0;0;0;0;0;1;0;0;2;0;0;0;0;0;0;0;0;0
21086;Bligny-lès-Beaune;27;21;0;0;0;0;0;0;0;0;0;0;0;0;0;0;0;0;0;0;1;0;3;0;0;0;2;2;1;2;1;0;3;0;0;0;1;0;2
21087;Bligny-sur-Ouche;27;21;0;1;0;0;0;0;0;0;0;0;0;0;0;0;0;1;0;1;0;0;3;0;0;0;2;1;2;2;1;0;4;1;0;1;1;0;1
21088;Boncourt-le-Bois;27;21;0;0;0;0;0;0;0;0;0;0;0;0;0;0;0;0;0;0;0;0;0;0;0;0;0;0;1;1;0;0;0;0;0;0;0;0;0
21089;Bonnencontre;27;21;0;0;0;0;0;0;0;0;0;0;0;0;0;0;0;0;0;0;0;0;0;0;0;0;0;0;0;1;2;0;2;0;0;0;2;0;0
21090;Boudreville;27;21;0;0;0;0;0;0;0;0;0;0;0;0;0;0;0;0;0;0;0;0;0;0;0;0;0;0;0;0;1;0;0;0;0;0;0;0;0
21091;Bouhey;27;21;0;0;0;0;0;0;0;0;0;0;0;0;0;0;0;0;0;0;0;0;0;0;0;0;0;0;0;0;0;0;0;0;0;0;0;0;0
21092;Bouilland;27;21;0;0;0;0;0;0;0;0;0;0;0;0;0;0;0;0;0;0;0;0;0;0;0;0;0;1;2;1;0;0;0;0;0;3;0;0;0
21093;Bouix;27;21;0;0;0;0;0;0;0;0;0;0;0;0;0;0;0;0;0;0;0;0;1;0;0;0;1;0;2;1;1;0;0;0;0;0;0;0;0
21094;Bourberain;27;21;0;0;0;0;0;0;0;0;0;0;0;0;0;0;0;0;0;0;0;0;0;0;0;0;1;1;1;0;0;0;0;0;0;0;2;0;0
21095;Bousselange;27;21;0;0;0;0;0;0;0;0;0;0;0;0;0;0;0;0;0;0;0;0;0;0;0;0;0;0;0;0;0;0;0;0;0;0;0;0;0
21096;Boussenois;27;21;0;0;0;0;0;0;0;0;0;0;0;0;0;0;0;0;0;0;0;0;0;0;0;0;0;0;0;0;0;0;0;0;0;0;0;0;0
21097;Boussey;27;21;0;0;0;0;0;0;0;0;0;0;0;0;0;0;0;0;0;0;0;0;0;0;0;0;1;0;0;0;0;0;0;0;0;0;0;0;0
21098;Boux-sous-Salmaise;27;21;0;0;0;0;0;0;0;0;0;0;0;0;0;0;0;0;0;0;0;0;0;0;0;0;0;0;0;0;0;0;0;0;0;0;0;0;0
21099;Bouze-lès-Beaune;27;21;0;0;0;0;0;0;0;0;0;0;0;0;0;0;0;0;0;0;0;0;0;0;0;0;4;3;0;1;0;0;0;0;0;2;1;0;0
21100;Brain;27;21;0;0;0;0;0;0;0;0;0;0;0;0;0;0;0;0;0;0;0;0;0;0;0;0;0;0;0;0;0;1;0;0;0;0;0;0;0
21101;Braux;27;21;0;0;0;0;0;0;0;0;0;0;0;0;0;0;0;0;0;0;0;0;0;0;0;0;0;0;1;1;0;0;0;0;0;0;0;0;0
21102;Brazey-en-Morvan;27;21;0;0;0;0;0;0;0;0;0;0;0;0;0;0;0;0;0;0;0;0;0;0;0;0;0;1;0;0;0;1;0;0;0;0;0;0;0
21103;Brazey-en-Plaine;27;21;0;0;0;0;0;0;0;0;0;0;0;0;0;0;0;3;1;1;0;0;2;1;0;1;2;6;3;2;0;0;2;0;0;11;1;0;2
21104;Brémur-et-Vaurois;27;21;0;0;0;0;0;0;0;0;0;0;0;0;0;0;0;0;0;0;0;0;0;0;0;0;0;1;0;2;0;0;0;0;0;0;0;0;0
21105;Bressey-sur-Tille;27;21;0;0;0;0;0;0;0;0;0;0;0;0;0;0;0;0;0;0;0;0;0;0;0;0;2;2;0;2;1;0;0;0;0;1;0;0;0
21106;Bretenière;27;21;0;0;0;0;0;0;0;0;0;0;0;0;0;0;0;0;0;0;0;0;2;1;0;0;2;1;5;2;1;0;1;0;0;1;0;0;2
21107;Bretigny;27;21;0;0;0;0;0;0;0;0;0;0;0;0;0;0;0;0;0;0;0;0;0;0;0;0;1;1;1;0;0;1;0;0;0;0;0;0;1
21108;Brianny;27;21;0;0;0;0;0;0;0;0;0;0;0;0;0;0;0;0;0;0;0;0;0;0;0;0;1;0;0;0;0;0;0;0;0;0;0;0;0
21109;Brion-sur-Ource;27;21;0;0;0;0;0;0;0;0;0;0;0;0;0;0;0;0;0;0;0;1;0;0;0;0;0;0;1;1;0;0;0;0;0;0;0;0;0
21110;Brochon;27;21;0;0;0;0;0;0;0;0;0;0;0;0;0;0;0;0;0;0;0;0;2;0;0;1;1;1;1;0;0;0;1;0;0;2;0;1;2
21111;Brognon;27;21;0;0;0;0;0;0;0;0;0;0;0;0;0;0;0;0;0;0;0;0;0;0;0;0;0;0;0;0;0;0;0;0;0;0;1;0;0
21112;Broin;27;21;0;0;0;0;0;0;0;0;0;0;0;0;0;0;0;0;0;0;0;0;0;0;0;0;1;0;1;0;2;0;0;0;0;0;0;0;0
21113;Broindon;27;21;0;0;0;0;0;0;0;0;0;0;0;0;0;0;0;0;0;0;0;0;0;0;0;0;0;0;0;1;0;0;0;0;0;0;0;0;0
21114;Buffon;27;21;0;0;0;0;0;0;0;0;0;0;0;0;0;0;0;0;0;0;0;0;0;0;0;0;0;0;1;0;0;0;0;0;0;0;0;0;0
21115;Buncey;27;21;0;0;0;0;0;0;0;0;0;0;0;0;0;0;0;0;0;0;0;0;3;0;0;0;1;1;0;2;1;0;1;0;0;1;0;0;0
21116;Bure-les-Templiers;27;21;0;0;0;0;0;0;0;0;0;0;0;0;0;0;0;0;0;0;0;0;0;0;0;0;0;1;1;1;0;0;0;0;0;1;0;0;1
21117;Busseaut;27;21;0;0;0;0;0;0;0;0;0;0;0;0;0;0;0;0;0;0;0;0;0;0;0;0;0;0;0;0;0;0;0;0;0;0;0;0;0
21118;Busserotte-et-Montenaille;27;21;0;0;0;0;0;0;0;0;0;0;0;0;0;0;0;0;0;0;0;0;0;0;0;0;0;0;0;0;0;0;0;0;0;0;0;0;0
21119;Bussières;27;21;0;0;0;0;0;0;0;0;0;0;0;0;0;0;0;0;0;0;0;0;0;0;0;0;0;0;0;0;0;0;0;0;0;0;0;0;0
21120;La Bussière-sur-Ouche;27;21;0;0;0;0;0;0;0;0;0;0;0;0;0;0;0;0;0;0;1;0;0;0;0;0;0;1;1;0;0;0;0;0;0;1;0;0;0
21121;Bussy-la-Pesle;27;21;0;0;0;0;0;0;0;0;0;0;0;0;0;0;0;0;0;0;0;0;0;0;0;0;0;0;0;0;1;1;0;0;0;0;0;0;0
21122;Bussy-le-Grand;27;21;0;0;0;0;0;0;0;0;0;0;0;0;0;0;0;0;0;0;0;0;1;0;0;0;2;1;1;0;0;0;0;0;0;2;0;0;0
21123;Buxerolles;27;21;0;0;0;0;0;0;0;0;0;0;0;0;0;0;0;0;0;0;0;0;0;0;0;0;0;0;0;0;0;0;0;0;0;0;0;0;0
21124;Censerey;27;21;0;0;0;0;0;0;0;0;0;0;0;0;0;0;0;0;0;0;1;0;1;0;0;0;0;0;1;1;0;0;1;0;0;0;0;0;0
21125;Cérilly;27;21;0;0;0;0;0;0;0;0;0;0;0;0;0;0;0;0;0;0;0;0;0;0;0;0;0;1;1;1;0;0;0;0;0;0;0;0;0
21126;Cessey-sur-Tille;27;21;0;0;0;0;0;0;0;0;0;0;0;0;0;0;0;0;0;0;0;0;0;0;0;0;1;1;0;0;1;0;0;0;0;2;0;0;0
21127;Chaignay;27;21;0;0;0;0;0;0;0;0;0;0;0;0;0;0;0;0;0;0;0;0;0;0;0;0;0;0;0;2;1;0;0;0;0;0;0;0;0
21128;Chailly-sur-Armançon;27;21;0;0;0;0;0;0;0;0;0;0;0;0;0;0;0;0;0;0;0;0;1;0;0;0;0;2;1;1;0;0;0;0;0;0;0;0;0
21129;Chambain;27;21;0;0;0;0;0;0;0;0;0;0;0;0;0;0;0;0;0;0;0;0;0;0;0;0;0;0;0;0;0;0;0;0;0;0;0;0;0
21130;Chambeire;27;21;0;0;0;0;0;0;0;0;0;0;0;0;0;0;0;0;0;0;0;0;0;0;0;0;1;0;0;0;2;0;1;0;0;0;0;0;0
21131;Chamblanc;27;21;0;0;0;0;0;0;0;0;0;0;0;0;0;0;0;0;0;0;0;0;1;0;0;0;0;0;1;2;0;0;0;0;0;0;0;0;1
21132;Chamboeuf;27;21;0;0;0;0;0;0;0;0;0;0;0;0;0;0;0;0;0;0;0;0;0;0;0;0;0;0;0;2;0;0;0;0;0;0;0;0;0
21133;Chambolle-Musigny;27;21;0;0;0;0;0;0;0;0;0;0;0;0;0;0;0;0;0;0;0;1;1;0;0;0;0;0;0;2;1;0;0;0;0;2;0;0;0
21134;Chamesson;27;21;0;0;0;0;0;0;0;0;0;0;0;0;0;0;0;0;0;0;0;1;2;0;0;0;0;0;0;0;0;0;0;0;0;0;0;0;0
21135;Champagne-sur-Vingeanne;27;21;0;0;0;0;0;0;0;0;0;0;0;0;0;0;0;0;0;0;1;0;0;0;0;0;0;2;0;1;0;0;0;0;0;1;0;0;0
21136;Champagny;27;21;0;0;0;0;0;0;0;0;0;0;0;0;0;0;0;0;0;0;0;0;0;0;0;0;0;0;0;0;0;0;0;1;0;0;0;0;0
21137;Champ-d'Oiseau;27;21;0;0;0;0;0;0;0;0;0;0;0;0;0;0;0;0;0;0;0;0;0;0;0;0;1;0;0;0;0;0;0;0;0;0;0;0;0
21138;Champdôtre;27;21;0;0;0;0;0;0;0;0;0;0;0;0;0;0;0;0;1;0;0;1;1;0;0;0;1;1;5;4;1;0;0;0;0;1;0;0;1
21139;Champeau-en-Morvan;27;21;0;0;0;0;0;0;0;0;0;0;0;0;0;0;0;0;0;0;0;0;0;0;0;0;2;0;1;0;0;0;0;0;0;1;0;0;0
21140;Champignolles;27;21;0;0;0;0;0;0;0;0;0;0;0;0;0;0;0;0;0;0;0;0;0;0;0;0;0;0;0;0;0;0;0;0;0;0;0;0;0
21141;Champrenault;27;21;0;0;0;0;0;0;0;0;0;0;0;0;0;0;0;0;0;0;0;0;0;0;0;0;0;0;0;0;0;0;0;0;0;0;0;0;0
21142;Chanceaux;27;21;0;0;0;0;0;0;0;0;0;0;0;0;0;0;0;0;0;0;1;0;0;0;0;0;1;1;1;0;1;0;0;0;0;0;0;0;0
21143;Channay;27;21;0;0;0;0;0;0;0;0;0;0;0;0;0;0;0;0;0;0;0;0;0;0;0;0;0;0;0;0;0;0;0;0;0;0;0;0;0
21144;Charencey;27;21;0;0;0;0;0;0;0;0;0;0;0;0;0;0;0;0;0;0;0;0;0;0;0;0;0;0;0;0;0;0;0;0;0;0;0;0;0
21145;Charigny;27;21;0;0;0;0;0;0;0;0;0;0;0;0;0;0;0;0;0;0;0;0;0;0;0;0;0;0;0;0;0;0;0;0;0;0;0;0;0
21146;Charmes;27;21;0;0;0;0;0;0;0;0;0;0;0;0;0;0;0;0;0;0;0;0;0;0;0;0;1;0;0;0;1;0;0;0;0;0;0;0;0
21147;Charny;27;21;0;0;0;0;0;0;0;0;0;0;0;0;0;0;0;0;0;0;0;0;0;0;0;0;0;0;0;0;0;0;0;0;0;0;0;0;0
21148;Charrey-sur-Saône;27;21;0;0;0;0;0;0;0;0;0;0;0;0;0;0;0;0;0;0;0;0;1;0;0;0;0;0;0;1;0;0;0;0;0;0;0;0;0
21149;Charrey-sur-Seine;27;21;0;0;0;0;0;0;0;0;0;0;0;0;0;0;0;0;0;0;0;0;0;0;0;0;1;0;0;0;0;0;0;0;0;0;0;0;0
21150;Chassagne-Montrachet;27;21;0;0;0;0;0;0;0;0;0;0;0;0;0;0;0;0;0;0;0;1;0;0;0;0;1;0;0;0;0;0;0;0;0;1;0;0;1
21151;Chassey;27;21;0;0;0;0;0;0;0;0;0;0;0;0;0;0;0;0;0;0;0;0;0;0;0;0;0;0;0;0;0;0;0;0;0;0;0;0;0
21152;Châteauneuf;27;21;0;0;0;0;0;0;0;0;0;0;0;0;0;0;0;0;0;0;0;0;0;0;0;0;1;0;2;0;0;0;0;0;0;4;0;0;0
21153;Châtellenot;27;21;0;0;0;0;0;0;0;0;0;0;0;0;0;0;0;0;0;0;0;0;0;0;0;0;1;0;0;0;0;1;0;0;0;0;0;0;0
21154;Châtillon-sur-Seine;27;21;0;1;0;0;0;0;0;0;0;2;0;1;1;0;0;8;3;1;0;0;9;1;0;2;9;12;6;11;4;4;12;5;2;24;5;2;6
21155;Chaudenay-la-Ville;27;21;0;0;0;0;0;0;0;0;0;0;0;0;0;0;0;0;0;0;0;0;0;0;0;0;0;0;0;0;0;0;0;0;0;0;0;0;0
21156;Chaudenay-le-Château;27;21;0;0;0;0;0;0;0;0;0;0;0;0;0;0;0;0;0;0;0;0;0;0;0;0;0;0;0;0;0;0;0;0;0;0;0;0;0
21157;Chaugey;27;21;0;0;0;0;0;0;0;0;0;0;0;0;0;0;0;0;0;0;0;0;0;0;0;0;0;0;0;0;0;0;0;0;0;0;0;0;0
21158;Chaume-et-Courchamp;27;21;0;0;0;0;0;0;0;0;0;0;0;0;0;0;0;0;0;0;0;0;0;0;0;0;1;1;1;1;1;0;0;0;0;0;0;0;0
21159;La Chaume;27;21;0;0;0;0;0;0;0;0;0;0;0;0;0;0;0;0;0;0;0;0;0;0;0;0;0;0;0;0;0;0;1;0;0;1;0;0;0
21160;Chaume-lès-Baigneux;27;21;0;0;0;0;0;0;0;0;0;0;0;0;0;0;0;0;0;0;0;0;0;0;0;0;0;1;0;0;0;0;0;0;0;0;0;0;0
21161;Chaumont-le-Bois;27;21;0;0;0;0;0;0;0;0;0;0;0;0;0;0;0;0;0;0;0;0;0;0;0;0;0;0;0;0;1;0;0;0;0;0;0;0;0
21162;Chaux;27;21;0;0;0;0;0;0;0;0;0;0;0;0;0;0;0;0;0;0;0;0;1;0;0;0;3;0;0;2;4;0;0;0;0;0;1;0;0
21163;Chazeuil;27;21;0;0;0;0;0;0;0;0;0;0;0;0;0;0;0;0;0;0;0;0;0;0;0;0;3;0;0;1;0;0;1;0;0;1;0;0;0
21164;Chazilly;27;21;0;0;0;0;0;0;0;0;0;0;0;0;0;0;0;0;0;0;0;0;0;0;0;0;0;1;0;0;0;0;0;0;0;0;0;0;0
21165;Chemin-d'Aisey;27;21;0;0;0;0;0;0;0;0;0;0;0;0;0;0;0;0;0;0;0;0;0;0;0;0;0;0;0;0;0;0;0;0;0;0;0;0;0
21166;Chenôve;27;21;0;0;0;0;0;0;0;0;0;1;0;1;2;1;0;10;1;2;0;0;33;4;1;3;19;35;19;28;17;3;18;2;8;36;10;2;11
21167;Cheuge;27;21;0;0;0;0;0;0;0;0;0;0;0;0;0;0;0;0;0;0;0;0;0;0;0;0;0;0;1;0;0;0;0;0;0;0;0;0;0
21168;Chevannay;27;21;0;0;0;0;0;0;0;0;0;0;0;0;0;0;0;0;0;0;0;0;0;0;0;0;0;1;1;0;0;0;0;0;0;0;0;0;0
21169;Chevannes;27;21;0;0;0;0;0;0;0;0;0;0;0;0;0;0;0;0;0;0;0;0;1;0;0;0;0;0;0;1;0;0;0;0;0;0;0;0;0
21170;Chevigny-en-Valière;27;21;0;0;0;0;0;0;0;0;0;0;0;0;0;0;0;0;1;0;0;0;0;0;0;0;0;0;1;0;2;0;0;0;0;0;1;0;0
21171;Chevigny-Saint-Sauveur;27;21;0;0;0;0;0;0;0;0;0;0;0;0;0;0;0;7;0;1;0;0;12;2;1;3;5;9;12;9;0;5;9;2;0;17;5;1;10
21172;Chivres;27;21;0;0;0;0;0;0;0;0;0;0;0;0;0;0;0;0;0;0;0;0;1;0;0;0;0;0;0;0;0;0;0;0;0;0;0;0;1
21173;Chorey-les-Beaune;27;21;0;0;0;0;0;0;0;0;0;0;0;0;0;0;0;0;0;0;0;0;1;0;0;0;1;1;2;1;0;0;0;0;0;0;0;0;0
21175;Cirey-lès-Pontailler;27;21;0;0;0;0;0;0;0;0;0;0;0;0;0;0;0;0;0;0;0;0;0;0;0;0;0;0;1;0;0;0;0;0;0;0;0;0;0
21176;Civry-en-Montagne;27;21;0;0;0;0;0;0;0;0;0;0;0;0;0;0;0;0;0;0;0;0;0;0;0;0;0;1;0;0;1;0;1;0;0;0;0;0;0
21177;Clamerey;27;21;0;0;0;0;0;0;0;0;0;0;0;0;0;0;0;0;0;0;0;1;1;0;0;0;3;1;0;0;1;0;0;0;0;1;0;0;0
21178;Clémencey;27;21;0;0;0;0;0;0;0;0;0;0;0;0;0;0;0;0;0;0;0;0;0;0;0;0;0;0;0;0;0;0;0;0;0;0;0;0;0
21179;Clénay;27;21;0;0;0;0;0;0;0;0;0;0;0;0;0;0;0;0;0;0;0;0;1;0;0;0;1;2;1;0;1;0;0;0;0;0;2;0;0
21180;Cléry;27;21;0;0;0;0;0;0;0;0;0;0;0;0;0;0;0;0;0;0;0;0;0;0;0;0;1;0;0;0;0;0;0;0;0;0;0;0;0
21181;Clomot;27;21;0;0;0;0;0;0;0;0;0;0;0;0;0;0;0;0;0;0;0;0;0;0;0;0;1;2;0;0;0;1;0;0;0;1;0;0;0
21182;Collonges-lès-Bévy;27;21;0;0;0;0;0;0;0;0;0;0;0;0;0;0;0;0;0;0;0;0;2;0;0;0;0;0;1;0;0;0;0;0;0;3;0;0;0
21183;Collonges-lès-Premières;27;21;0;0;0;0;0;0;0;0;0;0;0;0;0;0;0;0;0;0;0;0;0;0;0;0;0;0;3;2;1;0;0;0;0;0;0;0;0
21184;Colombier;27;21;0;0;0;0;0;0;0;0;0;0;0;0;0;0;0;0;0;0;0;0;0;0;0;0;0;0;0;0;0;0;0;0;0;0;0;0;0
21185;Combertault;27;21;0;0;0;0;0;0;0;0;0;0;0;0;0;0;0;0;0;0;0;0;0;0;0;0;2;2;0;0;0;0;1;0;0;1;2;0;1
21186;Comblanchien;27;21;0;0;0;0;0;0;0;0;0;0;0;0;0;0;0;0;0;0;0;1;1;0;0;1;2;0;0;0;0;0;2;0;0;4;0;0;1
21187;Commarin;27;21;0;0;0;0;0;0;0;0;0;0;0;0;0;0;0;0;0;0;1;0;0;0;0;0;0;0;0;0;0;0;0;0;0;2;0;0;0
21189;Corberon;27;21;0;0;0;0;0;0;0;0;0;0;0;0;0;0;0;0;0;0;0;1;0;0;0;0;1;1;1;0;1;0;1;0;0;1;0;0;0
21190;Corcelles-les-Arts;27;21;0;0;0;0;0;0;0;0;0;0;0;0;0;0;0;0;0;0;0;0;3;0;0;0;1;0;1;2;4;0;0;0;0;0;0;0;0
21191;Corcelles-lès-Cîteaux;27;21;0;0;0;0;0;0;0;0;0;0;0;0;0;0;0;0;0;0;0;0;0;0;0;0;1;1;1;0;1;0;1;0;0;1;0;0;0
21192;Corcelles-les-Monts;27;21;0;0;0;0;0;0;0;0;0;0;0;0;0;0;0;0;0;0;0;0;2;0;0;0;1;1;0;1;0;0;0;0;0;0;1;0;0
21193;Corgengoux;27;21;0;0;0;0;0;0;0;0;0;0;0;0;0;0;0;0;0;0;0;0;2;0;0;0;0;0;1;1;1;0;0;0;0;0;0;0;0
21194;Corgoloin;27;21;0;0;0;0;0;0;0;0;0;0;0;0;0;0;0;1;0;0;0;1;1;0;0;1;2;3;3;6;1;1;1;0;0;0;0;0;2
21195;Cormot-le-Grand;27;21;0;0;0;0;0;0;0;0;0;0;0;0;0;0;0;0;0;0;0;0;0;0;0;0;0;1;0;0;0;0;0;0;0;0;0;0;0
21196;Corpeau;27;21;0;0;0;0;0;0;0;0;0;0;0;0;0;0;0;0;0;0;0;1;2;1;0;0;3;2;2;1;2;0;1;0;0;2;0;0;0
21197;Corpoyer-la-Chapelle;27;21;0;0;0;0;0;0;0;0;0;0;0;0;0;0;0;0;0;0;0;0;0;0;0;0;0;0;0;0;0;0;0;0;0;0;0;0;0
21198;Corrombles;27;21;0;0;0;0;0;0;0;0;0;0;0;0;0;0;0;0;0;0;0;0;1;0;0;0;0;0;0;1;0;0;0;0;0;0;0;0;0
21199;Corsaint;27;21;0;0;0;0;0;0;0;0;0;0;0;0;0;0;0;0;0;0;0;0;0;0;0;0;1;0;0;0;1;0;0;0;0;0;0;0;0
21200;Couchey;27;21;0;0;0;0;0;0;0;0;0;0;0;0;0;0;0;0;0;0;0;1;1;0;0;0;2;1;6;4;0;0;1;0;0;0;1;0;0
21201;Coulmier-le-Sec;27;21;0;0;0;0;0;0;0;0;0;0;0;0;0;0;0;0;0;0;0;1;0;0;0;0;1;0;2;0;1;0;0;0;0;1;0;0;0
21202;Courban;27;21;0;0;0;0;0;0;0;0;0;0;0;0;0;0;0;0;0;0;0;0;0;0;0;0;0;0;1;1;0;0;0;0;0;0;0;0;0
21203;Courcelles-Frémoy;27;21;0;0;0;0;0;0;0;0;0;0;0;0;0;0;0;0;0;0;0;0;0;0;0;0;1;0;0;0;0;0;0;0;0;0;0;0;0
21204;Courcelles-lès-Montbard;27;21;0;0;0;0;0;0;0;0;0;0;0;0;0;0;0;0;0;0;0;0;0;0;0;0;0;0;0;1;0;0;0;0;0;0;0;0;0
21205;Courcelles-lès-Semur;27;21;0;0;0;0;0;0;0;0;0;0;0;0;0;0;0;0;0;0;0;0;0;0;0;0;1;0;1;0;0;0;0;0;0;1;0;0;0
21207;Courlon;27;21;0;0;0;0;0;0;0;0;0;0;0;0;0;0;0;0;0;0;0;0;0;0;0;0;0;0;0;0;0;0;0;0;0;0;0;0;0
21208;Courtivron;27;21;0;0;0;0;0;0;0;0;0;0;0;0;0;0;0;0;0;0;0;1;0;0;0;0;0;1;0;0;1;0;0;0;0;1;0;0;0
21209;Couternon;27;21;0;0;0;0;0;0;0;0;0;0;0;0;0;0;0;0;0;0;0;0;1;0;1;0;4;3;5;7;3;0;4;0;0;0;0;0;1
21210;Créancey;27;21;0;0;0;0;0;0;0;0;0;0;0;0;0;0;0;0;0;0;0;0;5;1;0;0;2;0;1;1;2;0;2;0;0;4;1;0;0
21211;Crécey-sur-Tille;27;21;0;0;0;0;0;0;0;0;0;0;0;0;0;0;0;0;0;0;0;0;0;0;0;0;1;0;0;0;0;0;0;0;0;0;0;0;0
21212;Crépand;27;21;0;0;0;0;0;0;0;0;0;0;0;0;0;0;0;0;0;0;0;0;5;1;0;0;0;1;1;2;0;0;1;0;0;0;1;0;0
21213;Crimolois;27;21;0;0;0;0;0;0;0;0;0;0;0;0;0;0;0;0;0;0;0;0;1;0;0;0;0;1;2;3;2;0;0;0;0;1;0;0;0
21214;Crugey;27;21;0;0;0;0;0;0;0;0;0;0;0;0;0;0;0;0;0;0;0;0;0;0;0;0;0;0;1;0;1;0;0;0;0;1;0;0;0
21215;Cuiserey;27;21;0;0;0;0;0;0;0;0;0;0;0;0;0;0;0;0;0;0;0;0;0;0;0;0;0;1;0;0;1;0;0;0;0;0;0;0;0
21216;Culètre;27;21;0;0;0;0;0;0;0;0;0;0;0;0;0;0;0;0;0;0;0;0;0;0;0;0;0;0;0;0;0;0;0;0;0;0;1;0;0
21217;Curley;27;21;0;0;0;0;0;0;0;0;0;0;0;0;0;0;0;0;0;0;0;0;0;0;0;0;0;0;0;0;0;0;0;0;0;0;0;0;0
21218;Curtil-Saint-Seine;27;21;0;0;0;0;0;0;0;0;0;0;0;0;0;0;0;0;0;0;0;0;0;0;0;0;0;0;0;0;0;0;0;0;0;0;0;0;0
21219;Curtil-Vergy;27;21;0;0;0;0;0;0;0;0;0;0;0;0;0;0;0;0;0;0;0;0;0;0;0;0;0;0;0;0;0;0;0;0;0;1;0;0;1
21220;Cussey-les-Forges;27;21;0;0;0;0;0;0;0;0;0;0;0;0;0;0;0;0;0;0;0;0;0;0;0;0;0;0;0;0;0;0;0;0;0;0;0;0;1
21221;Cussy-la-Colonne;27;21;0;0;0;0;0;0;0;0;0;0;0;0;0;0;0;0;0;0;0;0;0;0;0;0;0;0;0;0;0;0;0;0;0;0;0;0;0
21222;Cussy-le-Châtel;27;21;0;0;0;0;0;0;0;0;0;0;0;0;0;0;0;0;0;0;0;0;0;0;0;0;1;0;0;1;1;0;0;0;0;0;1;0;0
21223;Daix;27;21;0;0;0;0;0;0;0;0;0;0;0;0;0;0;0;0;0;0;0;0;0;0;0;0;1;2;2;2;1;0;1;0;0;2;2;0;0
21224;Dampierre-en-Montagne;27;21;0;0;0;0;0;0;0;0;0;0;0;0;0;0;0;0;0;0;0;0;0;0;0;0;0;0;0;0;0;0;0;0;0;0;0;0;0
21225;Dampierre-et-Flée;27;21;0;0;0;0;0;0;0;0;0;0;0;0;0;0;0;0;0;0;0;0;0;0;0;0;0;0;0;1;0;0;0;0;0;0;0;0;0
21226;Darcey;27;21;0;0;0;0;0;0;0;0;0;0;0;0;0;0;0;0;0;0;0;1;0;0;0;0;0;2;1;1;1;0;0;0;0;1;0;0;0
21227;Darois;27;21;0;0;0;0;0;0;0;0;0;0;0;0;0;0;0;0;0;0;0;0;2;0;0;0;0;2;0;0;1;1;0;0;0;1;0;0;0
21228;Détain-et-Bruant;27;21;0;0;0;0;0;0;0;0;0;0;0;0;0;0;0;0;0;0;0;0;0;0;0;0;1;0;0;0;0;0;0;0;0;0;0;0;0
21229;Diancey;27;21;0;0;0;0;0;0;0;0;0;0;0;0;0;0;0;0;0;0;0;0;0;0;0;0;0;0;0;0;0;0;0;0;0;0;0;0;0
21230;Diénay;27;21;0;0;0;0;0;0;0;0;0;0;0;0;0;0;0;0;0;0;0;0;0;0;0;0;1;0;0;0;0;0;0;0;0;0;0;0;0
21231;Dijon;27;21;1;0;1;1;1;1;1;1;1;25;0;3;2;0;0;123;14;11;1;0;96;13;16;48;77;206;83;129;125;32;240;19;57;573;198;20;110
21232;Dompierre-en-Morvan;27;21;0;0;0;0;0;0;0;0;0;0;0;0;0;0;0;0;0;0;0;0;1;0;0;0;1;1;1;2;0;0;0;0;0;0;0;0;0
21233;Drambon;27;21;0;0;0;0;0;0;0;0;0;0;0;0;0;0;0;0;0;0;0;0;1;0;0;0;0;0;0;0;0;0;0;0;0;0;0;0;0
21234;Drée;27;21;0;0;0;0;0;0;0;0;0;0;0;0;0;0;0;0;0;0;0;0;0;0;0;0;1;0;0;0;0;0;0;0;0;0;0;0;0
21235;Duesme;27;21;0;0;0;0;0;0;0;0;0;0;0;0;0;0;0;0;0;0;0;0;0;0;0;0;2;0;0;0;0;0;0;0;0;0;0;0;0
21236;Ébaty;27;21;0;0;0;0;0;0;0;0;0;0;0;0;0;0;0;0;0;0;0;0;1;0;0;0;0;0;0;0;0;0;0;0;0;0;0;0;0
21237;Échalot;27;21;0;0;0;0;0;0;0;0;0;0;0;0;0;0;0;0;0;0;0;0;0;0;0;0;0;0;0;0;0;0;1;0;0;0;0;0;0
21238;Échannay;27;21;0;0;0;0;0;0;0;0;0;0;0;0;0;0;0;0;0;0;0;0;0;0;0;0;0;0;0;0;0;0;0;0;0;0;0;0;0
21239;Échenon;27;21;0;0;0;0;0;0;0;0;0;0;0;0;0;0;0;0;0;0;0;0;0;0;0;0;2;1;0;0;0;0;0;0;0;0;1;0;0
21240;Échevannes;27;21;0;0;0;0;0;0;0;0;0;0;0;0;0;0;0;0;0;0;0;0;0;0;0;0;0;2;0;0;1;0;0;0;0;0;0;0;0
21241;Échevronne;27;21;0;0;0;0;0;0;0;0;0;0;0;0;0;0;0;0;0;0;0;0;0;0;0;0;1;1;0;0;0;0;0;0;0;1;0;0;0
21242;Échigey;27;21;0;0;0;0;0;0;0;0;0;0;0;0;0;0;0;0;0;0;0;0;0;0;0;0;2;0;1;0;0;0;0;0;0;0;0;0;0
21243;Écutigny;27;21;0;0;0;0;0;0;0;0;0;0;0;0;0;0;0;0;0;0;0;0;0;0;0;0;0;0;0;0;1;0;0;0;0;1;0;0;0
21244;Éguilly;27;21;0;0;0;0;0;0;0;0;0;0;0;0;0;0;0;0;0;0;0;0;0;0;0;0;1;0;0;1;1;0;0;0;0;0;0;0;0
21245;Épagny;27;21;0;0;0;0;0;0;0;0;0;0;0;0;0;0;0;0;0;0;0;0;0;0;0;0;1;2;1;2;0;0;0;0;0;1;1;0;0
21246;Épernay-sous-Gevrey;27;21;0;0;0;0;0;0;0;0;0;0;0;0;0;0;0;0;0;0;0;0;0;0;0;0;1;0;0;0;0;0;0;0;0;0;0;0;0
21247;Époisses;27;21;0;0;0;0;0;0;0;0;0;0;0;0;0;0;0;3;0;1;0;0;3;0;0;0;6;2;2;2;3;0;1;0;0;2;0;0;0
21248;Éringes;27;21;0;0;0;0;0;0;0;0;0;0;0;0;0;0;0;0;0;0;0;0;0;0;0;0;0;0;0;0;1;0;0;0;0;0;0;0;0
21249;Esbarres;27;21;0;0;0;0;0;0;0;0;0;0;0;0;0;0;0;0;0;0;0;0;1;0;0;0;2;1;1;0;2;0;1;0;0;0;0;0;0
21250;Essarois;27;21;0;0;0;0;0;0;0;0;0;0;0;0;0;0;0;0;0;0;0;0;0;0;0;0;0;0;1;0;0;0;0;0;0;0;1;0;0
21251;Essey;27;21;0;0;0;0;0;0;0;0;0;0;0;0;0;0;0;0;0;0;0;1;0;0;0;0;1;3;0;0;0;1;0;0;0;0;0;0;0
21252;Étais;27;21;0;0;0;0;0;0;0;0;0;0;0;0;0;0;0;0;0;0;0;0;0;0;0;0;1;0;0;0;0;0;0;0;0;0;0;0;0
21253;Étalante;27;21;0;0;0;0;0;0;0;0;0;0;0;0;0;0;0;0;0;0;0;0;0;0;0;0;2;0;1;0;0;0;0;0;0;0;0;0;0
21254;L'Étang-Vergy;27;21;0;0;0;0;0;0;0;0;0;0;0;0;0;0;0;0;0;0;1;0;0;0;0;0;0;0;0;0;0;0;0;0;0;0;0;0;0
21255;Étaules;27;21;0;0;0;0;0;0;0;0;0;0;0;0;0;0;0;0;0;0;0;0;0;0;0;0;0;1;0;0;0;0;0;0;0;0;0;0;0
21256;Étevaux;27;21;0;0;0;0;0;0;0;0;0;0;0;0;0;0;0;0;0;0;0;0;1;0;0;0;0;0;0;0;0;0;0;0;0;0;0;0;1
21257;Étormay;27;21;0;0;0;0;0;0;0;0;0;0;0;0;0;0;0;0;0;0;0;0;0;0;0;0;0;0;0;0;0;0;0;0;0;0;0;0;0
21258;Étrochey;27;21;0;0;0;0;0;0;0;0;0;0;0;0;0;0;0;0;0;0;0;0;1;0;0;0;0;0;0;0;0;0;0;0;0;0;0;0;0
21259;Fain-lès-Montbard;27;21;0;0;0;0;0;0;0;0;0;0;0;0;0;0;0;0;0;0;0;0;4;1;0;0;3;1;2;2;0;0;0;0;0;0;0;0;0
21260;Fain-lès-Moutiers;27;21;0;0;0;0;0;0;0;0;0;0;0;0;0;0;0;0;0;0;0;0;0;0;0;0;0;1;0;0;1;0;0;0;0;0;0;0;0
21261;Fauverney;27;21;0;0;0;0;0;0;0;0;0;0;0;0;0;0;0;0;0;0;0;1;1;0;0;0;0;2;1;2;1;0;1;0;0;1;0;0;0
21262;Faverolles-lès-Lucey;27;21;0;0;0;0;0;0;0;0;0;0;0;0;0;0;0;0;0;0;0;0;0;0;0;0;0;0;0;0;0;0;0;0;0;0;0;0;0
21263;Fénay;27;21;0;0;0;0;0;0;0;0;0;0;0;0;0;0;0;0;0;0;0;0;4;0;0;0;3;7;5;7;2;0;0;0;0;2;0;1;1
21264;Le Fête;27;21;0;0;0;0;0;0;0;0;0;0;0;0;0;0;0;0;0;0;0;0;0;0;0;0;0;0;0;0;0;0;0;0;0;0;0;0;0
21265;Fixin;27;21;0;0;0;0;0;0;0;0;0;0;0;0;0;0;0;0;0;0;0;1;5;0;0;0;2;3;0;2;0;0;1;0;0;3;0;0;0
21266;Flacey;27;21;0;0;0;0;0;0;0;0;0;0;0;0;0;0;0;0;0;0;0;0;0;0;0;0;0;1;0;0;0;0;0;0;0;0;1;1;0
21267;Flagey-Echézeaux;27;21;0;0;0;0;0;0;0;0;0;0;0;0;0;0;0;0;0;0;0;0;0;0;0;0;0;0;0;1;1;0;0;0;0;1;0;0;1
21268;Flagey-lès-Auxonne;27;21;0;0;0;0;0;0;0;0;0;0;0;0;0;0;0;0;0;0;0;0;0;0;0;0;1;1;2;1;0;0;0;0;0;0;0;0;0
21269;Flammerans;27;21;0;0;0;0;0;0;0;0;0;0;0;0;0;0;0;0;0;0;0;0;1;0;0;0;3;0;2;0;0;0;1;0;0;1;1;0;0
21270;Flavignerot;27;21;0;0;0;0;0;0;0;0;0;0;0;0;0;0;0;0;0;0;0;0;0;0;0;0;0;0;0;0;0;0;0;0;0;0;0;0;0
21271;Flavigny-sur-Ozerain;27;21;0;0;0;0;0;0;0;0;0;0;0;0;0;0;0;0;0;0;0;1;1;0;0;0;0;0;1;0;0;0;0;0;0;4;0;0;0
21272;Flée;27;21;0;0;0;0;0;0;0;0;0;0;0;0;0;0;0;0;0;0;0;0;0;0;0;0;1;0;1;0;0;0;0;0;0;1;0;0;0
21273;Fleurey-sur-Ouche;27;21;0;0;0;0;0;0;0;0;0;0;0;0;0;0;0;1;0;1;0;0;2;1;0;0;1;1;3;3;3;0;2;0;1;3;1;0;1
21274;Foissy;27;21;0;0;0;0;0;0;0;0;0;0;0;0;0;0;0;0;0;0;0;0;0;0;0;0;1;0;1;0;0;0;0;0;0;1;0;0;0
21275;Foncegrive;27;21;0;0;0;0;0;0;0;0;0;0;0;0;0;0;0;0;0;0;0;0;0;0;0;0;0;0;1;1;0;0;0;0;0;0;0;0;0
21276;Fontaines-en-Duesmois;27;21;0;0;0;0;0;0;0;0;0;0;0;0;0;0;0;0;0;0;0;0;0;0;0;0;1;0;0;0;0;0;0;0;0;0;0;0;0
21277;Fontaine-Française;27;21;0;1;0;0;0;0;0;0;0;1;0;0;1;0;0;2;0;1;0;0;1;0;0;1;4;0;0;2;1;0;4;0;0;2;0;0;1
21278;Fontaine-lès-Dijon;27;21;0;0;0;0;0;0;0;0;0;0;0;0;0;0;0;4;0;1;0;0;12;2;0;1;11;9;5;15;8;1;8;4;0;9;10;4;8
21279;Fontaines-les-Sèches;27;21;0;0;0;0;0;0;0;0;0;0;0;0;0;0;0;0;0;0;0;0;0;0;0;0;1;0;0;0;0;0;0;0;0;0;0;0;0
21280;Fontangy;27;21;0;0;0;0;0;0;0;0;0;0;0;0;0;0;0;0;0;0;0;0;0;0;0;0;1;1;0;0;1;0;0;0;0;0;0;0;0
21281;Fontenelle;27;21;0;0;0;0;0;0;0;0;0;0;0;0;0;0;0;0;0;0;0;0;1;0;0;0;0;1;1;0;0;0;0;0;0;0;0;0;0
21282;Forléans;27;21;0;0;0;0;0;0;0;0;0;0;0;0;0;0;0;0;0;0;0;0;0;0;0;0;0;3;0;1;0;0;0;0;0;0;0;0;0
21283;Fraignot-et-Vesvrotte;27;21;0;0;0;0;0;0;0;0;0;0;0;0;0;0;0;0;0;0;0;0;0;0;0;0;1;0;1;0;0;0;0;0;0;0;0;0;0
21284;Francheville;27;21;0;0;0;0;0;0;0;0;0;0;0;0;0;0;0;0;0;0;0;0;0;0;0;0;0;0;0;1;0;0;0;0;0;1;0;0;0
21285;Franxault;27;21;0;0;0;0;0;0;0;0;0;0;0;0;0;0;0;0;0;0;0;0;0;0;0;0;1;0;1;0;0;0;0;0;0;0;0;0;0
21286;Frénois;27;21;0;0;0;0;0;0;0;0;0;0;0;0;0;0;0;0;0;0;0;0;0;0;0;0;0;1;0;0;0;0;0;0;0;0;0;0;0
21287;Fresnes;27;21;0;0;0;0;0;0;0;0;0;0;0;0;0;0;0;0;0;0;0;0;0;0;0;0;0;0;0;0;0;0;0;0;0;0;1;0;0
21288;Frôlois;27;21;0;0;0;0;0;0;0;0;0;0;0;0;0;0;0;0;0;0;0;0;0;0;0;0;0;0;2;0;0;0;0;0;0;0;0;0;1
21289;Fussey;27;21;0;0;0;0;0;0;0;0;0;0;0;0;0;0;0;0;0;0;0;0;0;0;0;0;0;0;0;0;0;0;0;0;0;0;0;0;0
21290;Gemeaux;27;21;0;0;0;0;0;0;0;0;0;0;0;0;0;0;0;0;0;0;0;1;0;0;0;0;1;2;3;3;3;2;1;0;0;0;0;0;0
21291;Genay;27;21;0;0;0;0;0;0;0;0;0;0;0;0;0;0;0;0;0;0;0;0;0;0;0;0;3;1;2;0;2;0;0;0;0;1;0;0;0
21292;Genlis;27;21;0;1;0;0;0;0;0;0;0;1;0;0;2;0;0;5;2;1;0;0;10;2;0;3;6;7;9;13;3;0;8;2;1;9;2;1;5
21293;Gergueil;27;21;0;0;0;0;0;0;0;0;0;0;0;0;0;0;0;0;0;0;0;0;0;0;0;0;0;0;1;0;0;0;0;0;0;0;0;0;0
21294;Gerland;27;21;0;0;0;0;0;0;0;0;0;0;0;0;0;0;0;0;0;0;0;0;0;0;0;0;0;0;0;1;0;0;0;0;0;0;0;0;0
21295;Gevrey-Chambertin;27;21;0;1;0;0;0;0;0;0;0;1;0;0;1;0;0;5;0;1;0;0;7;1;1;2;5;5;5;7;3;0;4;1;0;15;2;0;2
21296;Gevrolles;27;21;0;0;0;0;0;0;0;0;0;0;0;0;0;0;0;0;0;0;0;0;0;0;0;0;0;0;0;0;0;0;0;0;0;0;0;0;0
21297;Gilly-lès-Cîteaux;27;21;0;0;0;0;0;0;0;0;0;0;0;0;0;0;0;0;0;0;0;0;0;0;0;0;0;0;1;2;1;0;2;0;0;0;1;0;2
21298;Gissey-le-Vieil;27;21;0;0;0;0;0;0;0;0;0;0;0;0;0;0;0;0;0;0;0;0;1;0;0;0;1;0;0;0;1;0;0;0;0;1;0;0;0
21299;Gissey-sous-Flavigny;27;21;0;0;0;0;0;0;0;0;0;0;0;0;0;0;0;0;0;0;0;0;0;0;0;0;0;0;0;0;0;0;0;0;0;1;0;0;0
21300;Gissey-sur-Ouche;27;21;0;0;0;0;0;0;0;0;0;0;0;0;0;0;0;0;0;0;0;0;2;0;0;0;0;1;0;0;0;0;1;0;0;1;0;0;0
21301;Glanon;27;21;0;0;0;0;0;0;0;0;0;0;0;0;0;0;0;0;0;0;0;0;0;0;0;0;1;0;1;2;0;0;0;0;0;1;0;0;0
21302;Gomméville;27;21;0;0;0;0;0;0;0;0;0;0;0;0;0;0;0;0;0;0;0;0;0;0;0;0;0;0;0;0;0;0;0;0;0;0;0;0;0
21303;Les Goulles;27;21;0;0;0;0;0;0;0;0;0;0;0;0;0;0;0;0;0;0;0;0;0;0;0;0;0;0;0;0;0;0;0;0;0;0;0;0;0
21304;Grancey-le-Château-Neuvelle;27;21;0;1;0;0;0;0;0;0;0;0;0;0;1;0;0;0;0;1;0;0;0;0;0;0;0;0;0;0;1;0;1;0;0;1;0;0;0
21305;Grancey-sur-Ource;27;21;0;0;0;0;0;0;0;0;0;0;0;0;0;0;0;0;0;0;0;1;0;0;0;0;0;0;0;0;0;0;0;0;0;0;0;0;0
21306;Grenant-lès-Sombernon;27;21;0;0;0;0;0;0;0;0;0;0;0;0;0;0;0;0;0;0;0;0;1;0;0;0;0;0;1;1;1;0;0;0;0;0;0;0;0
21307;Grésigny-Sainte-Reine;27;21;0;0;0;0;0;0;0;0;0;0;0;0;0;0;0;0;0;0;0;0;0;0;0;0;1;0;0;0;0;0;0;0;0;0;0;0;0
21308;Grignon;27;21;0;0;0;0;0;0;0;0;0;0;0;0;0;0;0;0;0;0;0;0;0;0;0;0;0;0;0;0;1;1;0;0;0;0;0;0;0
21309;Griselles;27;21;0;0;0;0;0;0;0;0;0;0;0;0;0;0;0;0;0;0;0;0;0;0;0;0;0;0;0;0;1;0;0;0;0;0;0;0;0
21310;Grosbois-en-Montagne;27;21;0;0;0;0;0;0;0;0;0;0;0;0;0;0;0;0;0;0;0;0;0;0;0;0;0;1;0;0;1;0;0;0;0;2;0;0;0
21311;Grosbois-lès-Tichey;27;21;0;0;0;0;0;0;0;0;0;0;0;0;0;0;0;0;0;0;0;0;0;0;0;0;0;0;0;0;0;0;0;0;0;0;0;0;0
21312;Gurgy-la-Ville;27;21;0;0;0;0;0;0;0;0;0;0;0;0;0;0;0;0;0;0;0;0;0;0;0;0;0;0;0;0;0;0;0;0;0;0;0;0;0
21313;Gurgy-le-Château;27;21;0;0;0;0;0;0;0;0;0;0;0;0;0;0;0;0;0;0;0;0;0;0;0;0;0;0;0;0;0;0;0;0;0;0;0;0;0
21314;Hauteroche;27;21;0;0;0;0;0;0;0;0;0;0;0;0;0;0;0;0;0;0;0;0;0;0;0;0;1;0;0;0;0;0;0;0;0;0;0;0;0
21315;Hauteville-lès-Dijon;27;21;0;0;0;0;0;0;0;0;0;0;0;0;0;0;0;0;0;0;0;0;1;0;0;0;0;1;1;2;4;1;1;0;0;0;1;0;1
21316;Heuilley-sur-Saône;27;21;0;0;0;0;0;0;0;0;0;0;0;0;0;0;0;0;0;0;0;1;0;0;0;0;2;0;0;0;1;0;0;0;0;1;0;0;0
21317;Is-sur-Tille;27;21;0;1;0;0;0;0;0;0;0;1;0;0;1;0;0;6;1;1;0;0;7;2;0;2;5;7;7;6;1;0;10;1;2;13;3;2;4
21319;Izeure;27;21;0;0;0;0;0;0;0;0;0;0;0;0;0;0;0;0;0;0;0;0;0;0;0;1;0;0;1;1;3;0;0;0;0;0;0;0;1
21320;Izier;27;21;0;0;0;0;0;0;0;0;0;0;0;0;0;0;0;0;0;0;0;0;1;0;0;0;1;2;2;1;2;1;3;0;0;3;1;0;0
21321;Jailly-les-Moulins;27;21;0;0;0;0;0;0;0;0;0;0;0;0;0;0;0;0;0;0;0;0;0;0;0;0;0;0;0;0;0;0;0;0;0;0;0;0;1
21322;Jallanges;27;21;0;0;0;0;0;0;0;0;0;0;0;0;0;0;0;0;0;0;0;0;1;0;0;0;0;0;1;1;0;0;0;0;0;0;0;0;0
21323;Jancigny;27;21;0;0;0;0;0;0;0;0;0;0;0;0;0;0;0;0;0;0;0;0;0;0;0;0;0;0;0;0;0;1;0;0;0;0;2;0;0
21324;Jeux-lès-Bard;27;21;0;0;0;0;0;0;0;0;0;0;0;0;0;0;0;0;0;0;0;0;0;0;0;0;0;0;0;0;1;0;0;0;0;0;0;0;0
21325;Jouey;27;21;0;0;0;0;0;0;0;0;0;0;0;0;0;0;0;0;0;0;0;0;0;0;0;0;2;0;0;0;0;0;0;0;0;0;0;0;0
21326;Jours-lès-Baigneux;27;21;0;0;0;0;0;0;0;0;0;0;0;0;0;0;0;0;0;0;0;0;0;0;0;0;0;0;0;0;0;0;0;0;0;0;0;0;0
21327;Val-Mont;27;21;0;0;0;0;0;0;0;0;0;0;0;0;0;0;0;0;0;0;0;1;1;0;0;0;1;2;1;0;0;0;0;0;0;0;0;0;0
21328;Juillenay;27;21;0;0;0;0;0;0;0;0;0;0;0;0;0;0;0;0;0;0;0;0;0;0;0;0;0;0;1;0;0;0;0;0;0;0;0;0;0
21329;Juilly;27;21;0;0;0;0;0;0;0;0;0;0;0;0;0;0;0;0;0;0;0;0;0;0;0;0;0;0;0;1;0;0;0;0;0;0;0;0;0
21330;Labergement-Foigney;27;21;0;0;0;0;0;0;0;0;0;0;0;0;0;0;0;0;0;0;0;0;2;0;0;0;0;0;0;0;1;0;0;0;0;1;0;0;0
21331;Labergement-lès-Auxonne;27;21;0;0;0;0;0;0;0;0;0;0;0;0;0;0;0;0;0;0;0;0;1;0;0;0;1;0;0;0;0;0;0;0;0;0;0;0;0
21332;Labergement-lès-Seurre;27;21;0;0;0;0;0;0;0;0;0;0;0;0;0;0;0;0;0;0;0;1;2;0;0;0;2;1;3;2;2;0;0;0;0;1;0;0;0
21333;Labruyère;27;21;0;0;0;0;0;0;0;0;0;0;0;0;0;0;0;0;0;0;0;0;2;0;0;0;0;1;0;0;0;0;0;0;0;0;0;0;0
21334;Lacanche;27;21;0;0;0;0;0;0;0;0;0;0;0;0;0;0;0;1;0;1;0;0;0;0;0;0;0;1;0;3;1;0;1;0;0;1;0;0;0
21335;Lacour-d'Arcenay;27;21;0;0;0;0;0;0;0;0;0;0;0;0;0;0;0;0;0;0;0;0;0;0;0;0;1;2;0;1;0;0;0;0;0;0;0;0;0
21336;Laignes;27;21;0;1;0;0;0;0;0;0;0;0;0;0;0;0;0;2;0;0;0;1;2;0;0;0;1;1;1;0;0;1;3;1;0;1;0;0;2
21337;Lamarche-sur-Saône;27;21;0;0;0;0;0;0;0;0;0;0;0;0;0;0;0;0;1;0;0;1;4;0;0;0;1;1;4;3;2;0;1;0;0;1;1;0;0
21338;Lamargelle;27;21;0;0;0;0;0;0;0;0;0;0;0;0;0;0;0;0;0;0;0;1;1;0;0;0;1;0;1;0;0;0;0;0;0;0;0;0;0
21339;Lantenay;27;21;0;0;0;0;0;0;0;0;0;0;0;0;0;0;0;0;0;0;0;1;1;0;0;0;0;3;3;1;0;0;1;0;0;0;0;0;0
21340;Lanthes;27;21;0;0;0;0;0;0;0;0;0;0;0;0;0;0;0;0;0;0;0;0;0;0;0;0;0;1;0;0;0;0;0;0;0;0;0;0;0
21341;Lantilly;27;21;0;0;0;0;0;0;0;0;0;0;0;0;0;0;0;0;0;0;0;0;0;0;0;0;0;0;0;1;0;0;0;0;0;0;0;0;0
21342;Laperrière-sur-Saône;27;21;0;0;0;0;0;0;0;0;0;0;0;0;0;0;0;0;0;0;0;0;1;0;0;0;1;0;1;1;0;0;0;0;0;1;0;0;0
21343;Larrey;27;21;0;0;0;0;0;0;0;0;0;0;0;0;0;0;0;0;0;0;0;0;0;0;0;0;0;0;0;1;0;0;0;0;0;0;0;0;0
21344;Lechâtelet;27;21;0;0;0;0;0;0;0;0;0;0;0;0;0;0;0;0;0;0;0;0;0;0;0;0;0;0;0;1;0;0;0;0;0;0;0;0;0
21345;Léry;27;21;0;0;0;0;0;0;0;0;0;0;0;0;0;0;0;0;0;0;0;0;0;0;0;0;1;0;0;3;0;0;0;0;0;1;0;0;0
21346;Leuglay;27;21;0;0;0;0;0;0;0;0;0;0;0;0;0;0;0;0;0;0;0;1;0;0;0;0;1;0;0;0;0;0;0;0;0;0;0;0;0
21347;Levernois;27;21;0;0;0;0;0;0;0;0;0;0;0;0;0;0;0;0;0;0;0;0;1;0;0;0;1;1;1;1;3;0;0;0;0;5;0;0;0
21348;Licey-sur-Vingeanne;27;21;0;0;0;0;0;0;0;0;0;0;0;0;0;0;0;0;0;0;0;0;0;0;0;0;1;0;0;1;0;0;0;0;0;0;0;0;0
21349;Liernais;27;21;0;1;0;0;0;0;0;0;0;0;0;0;0;0;0;1;0;1;0;0;1;0;0;0;0;2;1;2;0;0;2;0;0;2;0;1;0
21350;Lignerolles;27;21;0;0;0;0;0;0;0;0;0;0;0;0;0;0;0;0;0;0;0;0;0;0;0;0;1;0;1;0;0;0;0;0;0;0;0;0;0
21351;Longchamp;27;21;0;0;0;0;0;0;0;0;0;0;0;0;0;0;0;0;1;0;0;1;0;0;0;0;0;0;0;1;1;0;1;0;0;1;1;0;0
21352;Longeault;27;21;0;0;0;0;0;0;0;0;0;0;0;0;0;0;0;0;0;0;0;0;1;0;0;1;1;1;2;1;1;0;0;0;0;1;0;0;1
21353;Longecourt-en-Plaine;27;21;0;0;0;0;0;0;0;0;0;0;0;0;0;0;0;0;0;1;0;0;2;0;0;1;2;1;1;3;1;0;1;0;0;2;0;0;3
21354;Longecourt-lès-Culêtre;27;21;0;0;0;0;0;0;0;0;0;0;0;0;0;0;0;0;0;0;0;0;0;0;0;0;0;0;0;0;0;0;0;0;0;1;0;0;0
21355;Longvic;27;21;0;0;0;0;0;0;0;0;0;0;0;0;1;0;0;7;1;1;0;0;13;2;1;9;11;12;14;7;17;5;7;2;0;17;1;0;3
21356;Losne;27;21;0;0;0;0;0;0;0;0;0;0;0;0;0;0;0;0;0;0;0;0;4;0;0;0;4;9;3;4;1;0;1;0;0;2;0;0;0
21357;Louesme;27;21;0;0;0;0;0;0;0;0;0;0;0;0;0;0;0;0;0;0;0;0;1;0;0;0;0;1;0;0;0;0;0;0;0;0;0;0;0
21358;Lucenay-le-Duc;27;21;0;0;0;0;0;0;0;0;0;0;0;0;0;0;0;0;0;0;0;0;0;0;0;0;1;0;0;0;1;0;0;1;0;0;0;0;0
21359;Lucey;27;21;0;0;0;0;0;0;0;0;0;0;0;0;0;0;0;0;0;0;0;0;0;0;0;0;0;0;0;0;0;0;0;0;0;0;0;0;0
21360;Lusigny-sur-Ouche;27;21;0;0;0;0;0;0;0;0;0;0;0;0;0;0;0;0;0;0;0;0;0;0;0;0;0;0;1;0;1;0;0;0;0;1;0;0;0
21361;Lux;27;21;0;0;0;0;0;0;0;0;0;0;0;0;0;0;0;0;0;0;0;1;1;0;0;0;3;3;0;1;0;1;1;0;0;1;0;0;0
21362;Maconge;27;21;0;0;0;0;0;0;0;0;0;0;0;0;0;0;0;0;0;0;0;0;0;0;0;0;0;0;0;1;0;0;0;0;0;0;0;0;0
21363;Magnien;27;21;0;0;0;0;0;0;0;0;0;0;0;0;0;0;0;0;0;0;0;0;0;0;0;0;0;1;0;0;2;0;1;0;0;0;0;0;1
21364;Magny-Lambert;27;21;0;0;0;0;0;0;0;0;0;0;0;0;0;0;0;0;0;0;0;0;0;0;0;0;0;0;0;0;0;0;0;0;0;0;0;0;0
21365;Magny-la-Ville;27;21;0;0;0;0;0;0;0;0;0;0;0;0;0;0;0;0;0;0;0;0;0;0;0;0;1;1;0;0;0;0;0;0;0;0;0;0;0
21366;Magny-lès-Aubigny;27;21;0;0;0;0;0;0;0;0;0;0;0;0;0;0;0;0;0;0;0;0;1;0;0;0;0;1;0;0;0;0;0;0;0;0;0;0;0
21367;Magny-Montarlot;27;21;0;0;0;0;0;0;0;0;0;0;0;0;0;0;0;0;0;0;0;0;0;0;0;0;1;1;2;2;1;0;0;0;0;0;0;0;0
21368;Magny-lès-Villers;27;21;0;0;0;0;0;0;0;0;0;0;0;0;0;0;0;0;0;0;0;0;1;0;0;0;0;0;0;0;1;0;0;0;0;0;0;0;0
21369;Magny-Saint-Médard;27;21;0;0;0;0;0;0;0;0;0;0;0;0;0;0;0;0;0;0;0;0;1;0;0;0;0;0;0;0;0;0;0;0;0;0;0;0;0
21370;Magny-sur-Tille;27;21;0;0;0;0;0;0;0;0;0;0;0;0;0;0;0;0;0;0;0;0;0;0;0;0;1;2;1;2;0;0;0;0;0;0;0;0;0
21371;Les Maillys;27;21;0;0;0;0;0;0;0;0;0;0;0;0;0;0;0;0;0;0;0;1;2;0;0;0;1;0;1;0;3;0;0;0;0;1;0;0;1
21372;Maisey-le-Duc;27;21;0;0;0;0;0;0;0;0;0;0;0;0;0;0;0;0;0;0;0;0;0;0;0;0;0;1;0;0;0;0;0;0;0;1;0;0;0
21373;Mâlain;27;21;0;0;0;0;0;0;0;0;0;0;0;0;0;0;0;1;0;0;0;1;0;0;0;0;4;0;3;5;2;0;1;0;0;1;0;0;0
21374;Maligny;27;21;0;0;0;0;0;0;0;0;0;0;0;0;0;0;0;0;0;0;0;0;0;0;0;0;1;0;1;2;0;0;1;0;0;0;0;0;0
21375;Manlay;27;21;0;0;0;0;0;0;0;0;0;0;0;0;0;0;0;0;0;0;0;1;2;0;0;0;1;0;0;0;0;0;0;0;0;2;0;0;0
21376;Marandeuil;27;21;0;0;0;0;0;0;0;0;0;0;0;0;0;0;0;0;0;0;0;0;0;0;0;0;1;0;0;0;0;0;0;0;0;0;0;0;1
21377;Marcellois;27;21;0;0;0;0;0;0;0;0;0;0;0;0;0;0;0;0;0;0;0;0;0;0;0;0;0;0;0;0;0;0;0;0;0;0;0;0;0
21378;Marcenay;27;21;0;0;0;0;0;0;0;0;0;0;0;0;0;0;0;0;0;0;0;0;0;0;0;0;0;0;1;0;0;0;0;0;0;1;0;0;0
21379;Marcheseuil;27;21;0;0;0;0;0;0;0;0;0;0;0;0;0;0;0;0;0;0;0;0;0;0;0;0;0;0;1;0;0;0;0;0;0;0;0;0;0
21380;Marcigny-sous-Thil;27;21;0;0;0;0;0;0;0;0;0;0;0;0;0;0;0;0;0;0;0;0;0;0;0;0;0;0;0;0;0;0;0;0;0;0;0;0;0
21381;Marcilly-et-Dracy;27;21;0;0;0;0;0;0;0;0;0;0;0;0;0;0;0;0;0;0;0;0;0;0;0;0;0;0;0;1;1;0;0;0;0;1;0;0;0
21382;Marcilly-Ogny;27;21;0;0;0;0;0;0;0;0;0;0;0;0;0;0;0;0;0;0;0;0;0;0;0;0;1;0;0;0;0;0;0;0;0;0;0;0;0
21383;Marcilly-sur-Tille;27;21;0;0;0;0;0;0;0;0;0;0;0;0;0;0;0;0;0;0;0;0;3;0;0;0;4;4;2;5;1;0;1;1;0;1;0;0;0
21384;Marey-lès-Fussey;27;21;0;0;0;0;0;0;0;0;0;0;0;0;0;0;0;0;0;0;0;0;0;0;0;0;0;0;0;0;0;0;0;0;0;1;0;0;0
21385;Marey-sur-Tille;27;21;0;0;0;0;0;0;0;0;0;0;0;0;0;0;0;0;0;0;1;0;1;0;0;0;0;0;2;1;1;0;0;0;0;0;0;0;1
21386;Marigny-le-Cahouët;27;21;0;0;0;0;0;0;0;0;0;0;0;0;0;0;0;0;0;0;0;1;0;0;0;0;1;0;2;3;1;0;0;0;0;0;0;0;0
21387;Marigny-lès-Reullée;27;21;0;0;0;0;0;0;0;0;0;0;0;0;0;0;0;0;0;0;0;0;0;0;0;0;0;0;0;1;0;0;1;0;0;0;0;0;0
21388;Marliens;27;21;0;0;0;0;0;0;0;0;0;0;0;0;0;0;0;0;0;0;0;0;0;0;0;0;0;1;0;1;1;0;0;0;0;0;1;0;0
21389;Marmagne;27;21;0;0;0;0;0;0;0;0;0;0;0;0;0;0;0;0;0;0;0;0;0;0;0;0;0;0;2;1;0;0;1;0;0;2;0;0;0
21390;Marsannay-la-Côte;27;21;0;0;0;0;0;0;0;0;0;0;0;0;0;0;0;2;1;1;0;1;14;1;1;2;7;12;15;11;12;5;8;1;0;20;3;0;4
21391;Marsannay-le-Bois;27;21;0;0;0;0;0;0;0;0;0;0;0;0;0;0;0;0;0;0;0;0;0;0;0;0;0;3;2;3;1;0;1;0;0;0;0;0;0
21392;Martrois;27;21;0;0;0;0;0;0;0;0;0;0;0;0;0;0;0;0;0;0;0;0;0;0;0;0;1;0;0;0;0;0;0;0;0;0;0;0;0
21393;Massingy;27;21;0;0;0;0;0;0;0;0;0;0;0;0;0;0;0;0;0;0;0;0;0;0;0;0;2;2;0;0;0;0;0;0;0;0;0;0;0
21394;Massingy-lès-Semur;27;21;0;0;0;0;0;0;0;0;0;0;0;0;0;0;0;0;0;0;0;0;1;0;0;0;1;0;1;1;0;0;0;0;0;0;0;0;0
21395;Massingy-lès-Vitteaux;27;21;0;0;0;0;0;0;0;0;0;0;0;0;0;0;0;0;0;0;0;0;0;0;0;0;1;0;0;1;0;0;1;0;0;0;0;0;0
21396;Mauvilly;27;21;0;0;0;0;0;0;0;0;0;0;0;0;0;0;0;0;0;0;0;0;0;0;0;0;1;0;0;0;0;0;0;0;0;0;0;0;0
21397;Mavilly-Mandelot;27;21;0;0;0;0;0;0;0;0;0;0;0;0;0;0;0;0;0;0;0;0;0;0;0;0;0;0;0;0;0;0;0;0;0;1;0;0;0
21398;Maxilly-sur-Saône;27;21;0;0;0;0;0;0;0;0;0;0;0;0;0;0;0;0;0;0;0;0;2;0;0;0;0;2;1;0;0;0;1;0;0;0;0;0;0
21399;Meilly-sur-Rouvres;27;21;0;0;0;0;0;0;0;0;0;0;0;0;0;0;0;0;0;0;0;0;1;0;0;0;1;0;0;0;1;0;0;0;0;0;0;0;0
21400;Le Meix;27;21;0;0;0;0;0;0;0;0;0;0;0;0;0;0;0;0;0;0;0;0;0;0;0;0;0;0;0;0;0;0;0;0;0;0;0;0;0
21401;Meloisey;27;21;0;0;0;0;0;0;0;0;0;0;0;0;0;0;0;0;0;0;0;1;0;0;0;0;0;0;0;1;0;0;0;0;0;0;0;0;0
21402;Menesble;27;21;0;0;0;0;0;0;0;0;0;0;0;0;0;0;0;0;0;0;0;0;0;0;0;0;0;0;0;0;0;0;0;0;0;0;0;0;0
21403;Ménessaire;27;21;0;0;0;0;0;0;0;0;0;0;0;0;0;0;0;0;0;0;0;0;0;0;0;0;1;0;0;0;0;0;0;0;0;0;0;0;0
21404;Ménétreux-le-Pitois;27;21;0;0;0;0;0;0;0;0;0;0;0;0;0;0;0;0;0;0;0;0;1;0;0;0;0;1;1;1;1;0;0;0;0;0;0;0;0
21405;Merceuil;27;21;0;0;0;0;0;0;0;0;0;0;0;0;0;0;0;1;0;0;0;0;1;0;0;0;1;2;1;0;1;0;1;0;0;0;1;0;0
21406;Mesmont;27;21;0;0;0;0;0;0;0;0;0;0;0;0;0;0;0;0;0;0;0;0;0;0;0;0;0;1;1;0;0;0;0;0;0;0;0;0;0
21407;Messanges;27;21;0;0;0;0;0;0;0;0;0;0;0;0;0;0;0;0;0;0;0;0;0;0;0;0;0;0;0;0;1;0;0;0;0;0;0;0;0
21408;Messigny-et-Vantoux;27;21;0;1;0;0;0;0;0;0;0;0;0;0;0;0;0;0;0;1;0;0;4;0;0;0;1;4;3;5;0;0;2;0;0;2;0;1;0
21409;Meuilley;27;21;0;0;0;0;0;0;0;0;0;0;0;0;0;0;0;0;0;0;0;1;0;0;0;0;0;0;1;1;2;0;0;0;0;1;0;0;0
21410;Meulson;27;21;0;0;0;0;0;0;0;0;0;0;0;0;0;0;0;0;0;0;0;0;0;0;0;0;0;0;0;0;0;0;0;0;0;0;0;0;0
21411;Meursanges;27;21;0;0;0;0;0;0;0;0;0;0;0;0;0;0;0;0;0;0;0;1;0;0;0;0;0;1;0;0;0;0;0;0;0;0;1;0;0
21412;Meursault;27;21;0;0;0;0;0;0;0;0;0;0;0;0;0;0;0;3;0;1;0;0;5;0;0;0;1;2;3;0;4;0;1;2;0;5;2;0;1
21413;Millery;27;21;0;0;0;0;0;0;0;0;0;0;0;0;0;0;0;0;0;0;0;0;1;0;0;0;1;0;0;1;0;0;1;0;0;0;0;0;1
21414;Mimeure;27;21;0;0;0;0;0;0;0;0;0;0;0;0;0;0;0;0;0;0;0;0;2;1;0;0;2;2;0;2;0;0;1;0;0;0;0;0;0
21415;Minot;27;21;0;0;0;0;0;0;0;0;0;0;0;0;0;0;0;0;0;0;0;1;0;0;0;0;3;0;3;1;0;0;0;0;0;0;0;0;0
21416;Mirebeau-sur-Bèze;27;21;0;1;0;0;0;0;0;0;0;1;0;0;1;0;0;6;0;1;0;0;5;1;0;1;2;2;5;4;5;0;4;1;0;3;3;1;4
21417;Missery;27;21;0;0;0;0;0;0;0;0;0;0;0;0;0;0;0;0;0;0;0;0;0;0;0;0;1;0;0;0;0;0;0;0;0;0;0;0;0
21418;Moitron;27;21;0;0;0;0;0;0;0;0;0;0;0;0;0;0;0;0;0;0;0;0;0;0;0;0;0;0;1;0;0;0;0;0;0;0;0;0;0
21419;Molesme;27;21;0;0;0;0;0;0;0;0;0;0;0;0;0;0;0;0;0;0;0;1;0;0;0;0;2;0;1;0;0;0;0;0;0;1;0;0;0
21420;Molinot;27;21;0;0;0;0;0;0;0;0;0;0;0;0;0;0;0;0;0;0;1;0;0;0;0;0;0;0;1;0;0;0;0;0;0;0;0;0;0
21421;Moloy;27;21;0;0;0;0;0;0;0;0;0;0;0;0;0;0;0;0;0;0;0;0;0;0;0;0;0;0;2;3;0;0;1;0;0;0;0;0;0
21422;Molphey;27;21;0;0;0;0;0;0;0;0;0;0;0;0;0;0;0;0;0;0;0;0;1;0;0;0;1;1;1;0;0;0;0;0;0;2;0;0;0
21423;Montagny-lès-Beaune;27;21;0;0;0;0;0;0;0;0;0;0;0;0;0;0;0;0;0;0;0;0;2;0;0;0;0;0;1;1;3;0;1;0;0;2;0;0;0
21424;Montagny-lès-Seurre;27;21;0;0;0;0;0;0;0;0;0;0;0;0;0;0;0;0;0;0;0;0;0;0;0;0;0;0;0;0;0;0;0;0;0;0;0;0;0
21425;Montbard;27;21;0;1;0;0;1;0;0;0;0;2;0;1;0;0;0;6;2;1;0;0;8;1;1;2;4;4;3;6;1;1;12;4;4;14;5;2;3
21426;Montberthault;27;21;0;0;0;0;0;0;0;0;0;0;0;0;0;0;0;0;0;0;0;0;0;0;0;0;1;0;1;0;0;0;0;0;0;0;0;0;0
21427;Montceau-et-Écharnant;27;21;0;0;0;0;0;0;0;0;0;0;0;0;0;0;0;0;0;0;0;0;0;0;0;0;1;0;0;0;0;0;0;0;0;1;0;0;0
21428;Monthelie;27;21;0;0;0;0;0;0;0;0;0;0;0;0;0;0;0;0;0;0;0;0;0;0;0;1;0;0;0;0;0;0;0;0;0;1;0;0;0
21429;Montigny-Montfort;27;21;0;0;0;0;0;0;0;0;0;0;0;0;0;0;0;0;0;0;0;0;1;0;0;0;0;2;1;0;0;0;1;0;0;0;0;0;0
21430;Montigny-Saint-Barthélemy;27;21;0;0;0;0;0;0;0;0;0;0;0;0;0;0;0;0;0;0;0;0;0;0;0;0;1;0;0;0;0;0;1;0;0;0;0;0;0
21431;Montigny-sur-Armançon;27;21;0;0;0;0;0;0;0;0;0;0;0;0;0;0;0;0;0;0;0;0;0;0;0;0;0;0;0;1;1;0;0;0;0;0;0;0;0
21432;Montigny-sur-Aube;27;21;0;1;0;0;0;0;0;0;0;0;0;0;0;0;0;0;0;0;0;1;0;0;0;0;0;0;2;1;1;0;1;0;0;0;0;0;0
21433;Montigny-Mornay-Villeneuve-sur-Vingeanne;27;21;0;0;0;0;0;0;0;0;0;0;0;0;0;0;0;0;0;0;0;1;0;0;0;0;1;2;1;1;1;1;0;0;0;3;0;0;0
21434;Montlay-en-Auxois;27;21;0;0;0;0;0;0;0;0;0;0;0;0;0;0;0;0;0;0;0;0;1;0;0;0;1;3;0;0;0;0;0;0;0;0;0;0;1
21435;Montliot-et-Courcelles;27;21;0;0;0;0;0;0;0;0;0;0;0;0;0;0;0;0;0;0;0;0;2;0;0;0;1;2;1;1;0;1;0;0;0;1;0;0;0
21436;Montmain;27;21;0;0;0;0;0;0;0;0;0;0;0;0;0;0;0;0;0;0;0;0;0;0;0;0;0;0;0;0;0;0;0;0;0;1;0;0;0
21437;Montmançon;27;21;0;0;0;0;0;0;0;0;0;0;0;0;0;0;0;0;0;0;0;0;0;0;0;0;1;1;0;1;0;0;0;0;0;0;0;0;0
21438;Montmoyen;27;21;0;0;0;0;0;0;0;0;0;0;0;0;0;0;0;0;0;0;0;0;0;0;0;0;1;0;0;0;0;1;0;0;0;0;1;0;0
21439;Montoillot;27;21;0;0;0;0;0;0;0;0;0;0;0;0;0;0;0;0;0;0;0;0;0;0;0;0;0;0;0;0;1;0;0;0;0;0;0;0;0
21440;Montot;27;21;0;0;0;0;0;0;0;0;0;0;0;0;0;0;0;0;0;0;0;0;0;0;0;0;1;0;0;1;0;0;0;0;0;0;0;0;1
21441;Mont-Saint-Jean;27;21;0;0;0;0;0;0;0;0;0;0;0;0;0;0;0;0;0;0;0;1;1;0;0;0;0;1;0;2;0;1;1;1;0;1;0;0;0
21442;Morey-Saint-Denis;27;21;0;0;0;0;0;0;0;0;0;0;0;0;0;0;0;0;0;0;0;1;2;1;0;0;0;1;4;1;1;0;0;0;0;1;0;0;0
21444;Mosson;27;21;0;0;0;0;0;0;0;0;0;0;0;0;0;0;0;0;0;0;0;0;0;0;0;0;0;0;0;0;0;0;0;0;0;0;0;0;0
21445;La Motte-Ternant;27;21;0;0;0;0;0;0;0;0;0;0;0;0;0;0;0;0;0;0;0;1;0;0;0;0;2;1;0;0;0;0;0;0;0;0;0;0;0
21446;Moutiers-Saint-Jean;27;21;0;0;0;0;0;0;0;0;0;0;0;0;0;0;0;1;0;0;0;1;0;0;0;0;2;1;0;1;0;0;0;0;0;0;0;0;0
21447;Musigny;27;21;0;0;0;0;0;0;0;0;0;0;0;0;0;0;0;0;0;0;0;0;0;0;0;0;0;0;0;0;0;0;0;0;0;0;0;0;0
21448;Mussy-la-Fosse;27;21;0;0;0;0;0;0;0;0;0;0;0;0;0;0;0;0;0;0;0;0;0;0;0;0;0;0;0;0;0;0;0;0;0;0;0;0;0
21449;Nan-sous-Thil;27;21;0;0;0;0;0;0;0;0;0;0;0;0;0;0;0;0;0;0;0;0;2;0;0;0;4;1;0;0;0;0;0;0;0;0;0;0;0
21450;Nantoux;27;21;0;0;0;0;0;0;0;0;0;0;0;0;0;0;0;0;0;0;0;0;0;0;0;0;1;1;0;0;0;0;0;0;0;0;0;0;0
21451;Nesle-et-Massoult;27;21;0;0;0;0;0;0;0;0;0;0;0;0;0;0;0;0;0;0;0;0;0;0;0;0;0;0;0;0;0;0;0;0;0;0;0;0;0
21452;Neuilly-lès-Dijon;27;21;0;0;0;0;0;0;0;0;0;0;0;0;0;0;0;0;1;1;0;0;3;0;0;0;1;1;2;2;1;0;1;0;0;1;2;0;1
21454;Nicey;27;21;0;0;0;0;0;0;0;0;0;0;0;0;0;0;0;0;0;0;0;0;0;0;0;0;0;0;0;0;0;0;0;0;0;0;0;0;0
21455;Nod-sur-Seine;27;21;0;0;0;0;0;0;0;0;0;0;0;0;0;0;0;0;0;0;0;0;1;0;0;0;2;0;0;0;0;0;0;0;0;0;0;0;0
21456;Nogent-lès-Montbard;27;21;0;0;0;0;0;0;0;0;0;0;0;0;0;0;0;0;0;0;0;0;0;0;0;0;0;0;0;0;0;0;1;0;0;0;0;0;1
21457;Noidan;27;21;0;0;0;0;0;0;0;0;0;0;0;0;0;0;0;0;0;0;0;0;0;0;0;0;0;1;1;1;0;0;0;0;0;0;0;0;0
21458;Noiron-sous-Gevrey;27;21;0;0;0;0;0;0;0;0;0;0;0;0;0;0;0;0;0;0;0;0;2;0;0;0;2;2;0;0;1;0;0;0;0;1;0;0;1
21459;Noiron-sur-Bèze;27;21;0;0;0;0;0;0;0;0;0;0;0;0;0;0;0;0;0;0;0;0;1;0;0;0;1;1;0;0;0;0;0;0;0;1;0;0;0
21460;Noiron-sur-Seine;27;21;0;0;0;0;0;0;0;0;0;0;0;0;0;0;0;0;0;0;0;0;0;0;0;0;0;0;0;0;1;0;0;0;0;0;0;0;0
21461;Nolay;27;21;0;1;0;0;0;0;0;0;0;1;0;0;0;0;0;4;0;1;0;0;3;1;0;1;1;1;2;1;1;0;3;0;0;10;1;0;0
21462;Norges-la-Ville;27;21;0;0;0;0;0;0;0;0;0;0;0;0;0;0;0;0;0;0;0;0;3;0;0;0;2;2;1;1;0;0;0;0;0;4;0;0;0
21463;Normier;27;21;0;0;0;0;0;0;0;0;0;0;0;0;0;0;0;0;0;0;0;0;0;0;0;0;1;0;0;0;0;0;0;0;0;0;0;0;0
21464;Nuits-Saint-Georges;27;21;0;1;0;0;0;0;0;0;0;1;0;0;0;0;0;10;4;1;0;0;7;1;0;3;8;8;7;10;7;2;13;2;2;19;8;0;7
21465;Obtrée;27;21;0;0;0;0;0;0;0;0;0;0;0;0;0;0;0;0;0;0;0;0;0;0;0;0;0;0;0;0;0;0;0;0;0;0;0;0;0
21466;Oigny;27;21;0;0;0;0;0;0;0;0;0;0;0;0;0;0;0;0;0;0;0;0;0;0;0;0;0;0;1;0;0;0;0;0;0;0;0;0;0
21467;Oisilly;27;21;0;0;0;0;0;0;0;0;0;0;0;0;0;0;0;0;0;0;0;0;0;0;0;0;0;0;0;0;0;0;0;0;0;1;1;0;1
21468;Orain;27;21;0;0;0;0;0;0;0;0;0;0;0;0;0;0;0;0;0;0;0;0;0;0;0;0;0;0;1;0;0;0;0;0;0;0;0;0;0
21469;Orgeux;27;21;0;0;0;0;0;0;0;0;0;0;0;0;0;0;0;0;0;0;0;0;1;0;0;0;3;1;0;1;0;0;0;0;0;0;0;0;0
21470;Origny;27;21;0;0;0;0;0;0;0;0;0;0;0;0;0;0;0;0;0;0;0;0;0;0;0;0;0;0;0;0;0;0;0;0;0;0;0;0;0
21471;Orret;27;21;0;0;0;0;0;0;0;0;0;0;0;0;0;0;0;0;0;0;0;0;0;0;0;0;0;0;0;0;0;0;0;0;0;0;0;0;0
21472;Orville;27;21;0;0;0;0;0;0;0;0;0;0;0;0;0;0;0;0;0;0;0;0;0;0;0;0;0;0;1;0;0;0;0;0;0;2;0;0;0
21473;Ouges;27;21;0;0;0;0;0;0;0;0;0;0;0;0;0;0;0;0;0;0;0;1;0;0;1;0;1;2;7;2;2;0;0;0;0;0;0;0;1
21474;Pagny-la-Ville;27;21;0;0;0;0;0;0;0;0;0;0;0;0;0;0;0;0;0;0;0;0;0;0;0;0;0;1;1;0;1;1;0;0;0;0;0;0;0
21475;Pagny-le-Château;27;21;0;0;0;0;0;0;0;0;0;0;0;0;0;0;0;0;0;0;1;0;0;0;0;0;0;1;0;1;0;0;1;0;0;0;0;0;0
21476;Painblanc;27;21;0;0;0;0;0;0;0;0;0;0;0;0;0;0;0;0;0;0;0;0;0;0;0;0;0;0;0;1;0;0;0;0;0;0;0;0;0
21477;Panges;27;21;0;0;0;0;0;0;0;0;0;0;0;0;0;0;0;0;0;0;0;0;0;0;0;0;0;0;1;0;0;1;0;0;0;0;0;0;0
21478;Pasques;27;21;0;0;0;0;0;0;0;0;0;0;0;0;0;0;0;0;0;0;0;0;0;0;0;0;0;0;0;1;1;0;0;0;0;0;0;0;0
21479;Pellerey;27;21;0;0;0;0;0;0;0;0;0;0;0;0;0;0;0;0;0;0;0;0;0;0;0;0;1;0;0;1;0;0;0;0;0;0;0;0;0
21480;Pernand-Vergelesses;27;21;0;0;0;0;0;0;0;0;0;0;0;0;0;0;0;0;0;0;0;1;2;0;0;0;0;0;0;0;1;0;0;0;0;2;1;0;0
21481;Perrigny-lès-Dijon;27;21;0;0;0;0;0;0;0;0;0;0;0;0;0;0;0;0;0;0;0;1;1;0;0;0;2;3;1;2;5;3;2;0;1;0;1;1;1
21482;Perrigny-sur-l'Ognon;27;21;0;0;0;0;0;0;0;0;0;0;0;0;0;0;0;0;0;0;0;0;1;0;0;0;0;0;2;0;0;0;1;0;0;2;0;0;1
21483;Pichanges;27;21;0;0;0;0;0;0;0;0;0;0;0;0;0;0;0;0;0;0;0;0;0;0;0;0;0;0;1;2;0;0;0;0;0;0;0;0;0
21484;Planay;27;21;0;0;0;0;0;0;0;0;0;0;0;0;0;0;0;0;0;0;0;0;0;0;0;0;0;0;0;0;0;0;0;0;0;1;0;0;0
21485;Plombières-lès-Dijon;27;21;0;0;0;0;0;0;0;0;0;0;0;0;0;0;0;1;1;1;0;0;5;0;0;0;5;3;9;5;3;0;2;1;0;6;1;0;5
21486;Pluvault;27;21;0;0;0;0;0;0;0;0;0;0;0;0;0;0;0;0;0;0;0;1;1;0;0;0;1;2;1;2;0;0;1;0;0;0;0;0;1
21487;Pluvet;27;21;0;0;0;0;0;0;0;0;0;0;0;0;0;0;0;0;0;0;0;0;0;0;0;0;1;1;0;0;0;0;0;0;0;0;0;0;0
21488;Poinçon-lès-Larrey;27;21;0;0;0;0;0;0;0;0;0;0;0;0;0;0;0;0;0;0;0;1;0;0;0;0;1;0;0;0;0;0;0;0;0;0;0;0;0
21489;Poiseul-la-Grange;27;21;0;0;0;0;0;0;0;0;0;0;0;0;0;0;0;0;0;0;0;0;0;0;0;0;0;0;0;0;0;0;0;1;0;0;0;0;0
21490;Poiseul-la-Ville-et-Laperrière;27;21;0;0;0;0;0;0;0;0;0;0;0;0;0;0;0;0;0;0;0;0;1;0;0;0;1;0;1;1;0;0;0;0;0;0;0;0;0
21491;Poiseul-lès-Saulx;27;21;0;0;0;0;0;0;0;0;0;0;0;0;0;0;0;0;0;0;0;0;0;0;0;0;0;0;0;0;0;0;0;0;0;0;0;0;0
21492;Pommard;27;21;0;0;0;0;0;0;0;0;0;0;0;0;0;0;0;1;0;0;1;0;2;0;0;0;0;0;0;0;0;0;0;0;0;4;2;0;0
21493;Poncey-lès-Athée;27;21;0;0;0;0;0;0;0;0;0;0;0;0;0;0;0;0;0;0;0;0;0;0;0;0;0;1;1;2;2;1;0;0;0;0;0;0;0
21494;Poncey-sur-l'Ignon;27;21;0;0;0;0;0;0;0;0;0;0;0;0;0;0;0;0;0;0;0;0;0;0;1;0;0;0;0;0;0;0;0;0;0;0;0;0;0
21495;Pont;27;21;0;0;0;0;0;0;0;0;0;0;0;0;0;0;0;0;0;0;0;0;0;0;0;0;0;0;0;0;0;0;0;0;0;0;0;0;0
21496;Pontailler-sur-Saône;27;21;0;1;0;0;0;0;0;0;0;1;0;0;1;0;0;4;0;1;0;0;0;1;0;1;0;0;2;1;4;0;4;2;0;7;1;0;1
21497;Pont-et-Massène;27;21;0;0;0;0;0;0;0;0;0;0;0;0;0;0;0;0;0;0;0;0;0;0;0;0;1;0;1;0;0;0;0;0;0;1;0;0;0
21498;Posanges;27;21;0;0;0;0;0;0;0;0;0;0;0;0;0;0;0;0;0;0;0;0;0;0;0;0;0;0;0;0;1;0;0;0;0;0;0;0;0
21499;Pothières;27;21;0;0;0;0;0;0;0;0;0;0;0;0;0;0;0;0;0;0;0;0;0;0;0;0;1;1;0;0;0;0;0;0;0;0;0;0;0
21500;Pouillenay;27;21;0;0;0;0;0;0;0;0;0;0;0;0;0;0;0;0;0;0;1;0;2;0;0;0;2;3;1;2;1;0;2;0;0;0;1;0;0
21501;Pouilly-en-Auxois;27;21;0;1;0;0;0;0;0;0;0;1;0;0;0;0;0;6;0;1;0;0;4;0;0;2;1;4;2;0;2;0;4;8;0;5;2;1;2
21502;Pouilly-sur-Saône;27;21;0;0;0;0;0;0;0;0;0;0;0;0;0;0;0;0;0;0;0;1;0;0;0;0;1;1;3;1;2;0;1;0;0;1;0;0;0
21503;Pouilly-sur-Vingeanne;27;21;0;0;0;0;0;0;0;0;0;0;0;0;0;0;0;0;0;0;0;0;0;0;0;0;0;1;0;0;0;0;0;0;0;0;0;0;0
21504;Prâlon;27;21;0;0;0;0;0;0;0;0;0;0;0;0;0;0;0;0;0;0;0;0;0;0;0;0;0;1;0;0;1;0;0;0;0;0;0;0;0
21505;Précy-sous-Thil;27;21;0;1;0;0;0;0;0;0;0;0;0;0;0;0;0;3;0;1;0;0;2;0;0;0;1;3;1;3;0;0;2;1;0;2;0;0;1
21506;Premeaux-Prissey;27;21;0;0;0;0;0;0;0;0;0;0;0;0;0;0;0;0;0;0;0;0;0;0;0;0;1;0;0;0;0;0;0;0;0;0;0;0;0
21507;Premières;27;21;0;0;0;0;0;0;0;0;0;0;0;0;0;0;0;0;0;0;0;0;1;0;0;0;0;0;0;0;0;0;0;0;0;0;0;0;0
21508;Prenois;27;21;0;0;0;0;0;0;0;0;0;0;0;0;0;0;0;0;0;0;0;0;0;0;0;0;0;1;1;0;0;0;0;0;0;3;1;0;0
21510;Prusly-sur-Ource;27;21;0;0;0;0;0;0;0;0;0;0;0;0;0;0;0;0;0;0;0;1;0;0;0;0;1;0;1;1;1;0;0;0;0;0;0;0;0
21511;Puits;27;21;0;0;0;0;0;0;0;0;0;0;0;0;0;0;0;0;0;0;0;0;0;0;0;0;0;0;0;0;0;0;0;0;0;0;0;0;0
21512;Puligny-Montrachet;27;21;0;0;0;0;0;0;0;0;0;0;0;0;0;0;0;0;0;0;0;1;0;0;0;0;0;2;0;1;0;0;1;0;0;2;1;0;0
21513;Quemigny-Poisot;27;21;0;0;0;0;0;0;0;0;0;0;0;0;0;0;0;0;0;0;0;0;0;0;0;0;0;0;1;1;0;0;0;0;0;0;0;0;0
21514;Quemigny-sur-Seine;27;21;0;0;0;0;0;0;0;0;0;0;0;0;0;0;0;0;0;0;0;0;0;0;0;0;0;0;0;0;0;0;0;0;0;1;0;0;0
21515;Quetigny;27;21;0;1;0;0;0;0;0;0;0;0;0;0;2;0;0;6;1;1;0;0;15;1;0;1;4;12;8;6;11;2;12;1;0;30;5;2;9
21516;Quincerot;27;21;0;0;0;0;0;0;0;0;0;0;0;0;0;0;0;0;0;0;0;0;0;0;0;0;2;0;0;0;0;0;0;0;0;0;0;0;0
21517;Quincey;27;21;0;0;0;0;0;0;0;0;0;0;0;0;0;0;0;0;0;0;0;0;0;0;0;0;1;0;1;1;0;0;0;0;0;1;0;0;0
21518;Quincy-le-Vicomte;27;21;0;0;0;0;0;0;0;0;0;0;0;0;0;0;0;0;0;0;0;0;0;0;0;0;1;1;0;0;1;0;0;0;0;0;0;0;0
21519;Recey-sur-Ource;27;21;0;1;0;0;0;0;0;0;0;1;0;0;0;0;0;0;0;1;0;0;2;0;0;0;1;1;0;0;0;0;1;0;0;0;0;0;0
21520;Remilly-en-Montagne;27;21;0;0;0;0;0;0;0;0;0;0;0;0;0;0;0;0;0;0;0;0;1;0;0;0;0;0;0;0;0;0;0;0;0;0;0;0;1
21521;Remilly-sur-Tille;27;21;0;0;0;0;0;0;0;0;0;0;0;0;0;0;0;0;0;0;0;0;0;0;0;0;1;3;0;0;1;0;1;0;0;1;0;0;1
21522;Renève;27;21;0;0;0;0;0;0;0;0;0;0;0;0;0;0;0;0;0;0;0;1;1;0;0;0;0;2;1;1;0;0;0;0;0;0;0;0;0
21523;Reulle-Vergy;27;21;0;0;0;0;0;0;0;0;0;0;0;0;0;0;0;0;0;0;0;0;0;0;0;0;0;0;0;0;0;0;0;0;0;0;0;0;0
21524;Riel-les-Eaux;27;21;0;0;0;0;0;0;0;0;0;0;0;0;0;0;0;0;0;0;0;0;0;0;0;0;3;0;1;1;0;0;0;0;0;1;0;0;0
21525;La Roche-en-Brenil;27;21;0;0;0;0;0;0;0;0;0;0;0;0;0;0;0;1;0;0;0;1;3;0;0;0;2;0;0;6;1;0;2;0;0;2;0;0;0
21526;Rochefort-sur-Brévon;27;21;0;0;0;0;0;0;0;0;0;0;0;0;0;0;0;0;0;0;0;0;0;0;0;0;0;0;0;0;0;0;0;0;0;0;0;0;0
21527;La Rochepot;27;21;0;0;0;0;0;0;0;0;0;0;0;0;0;0;0;0;0;0;0;0;0;0;0;0;0;0;0;0;1;0;0;0;0;0;0;0;0
21528;La Roche-Vanneau;27;21;0;0;0;0;0;0;0;0;0;0;0;0;0;0;0;0;0;0;0;0;0;0;0;0;0;0;0;0;0;0;0;0;0;0;0;0;0
21529;Roilly;27;21;0;0;0;0;0;0;0;0;0;0;0;0;0;0;0;0;0;0;0;0;0;0;0;0;0;0;0;0;0;0;0;0;0;0;0;0;0
21530;Rougemont;27;21;0;0;0;0;0;0;0;0;0;0;0;0;0;0;0;0;0;0;0;0;0;0;0;0;0;0;0;0;0;0;1;0;0;0;0;0;0
21531;Rouvray;27;21;0;0;0;0;0;0;0;0;0;0;0;0;0;0;0;1;0;0;0;1;2;0;0;0;1;3;0;0;0;1;1;0;0;2;0;0;0
21532;Rouvres-en-Plaine;27;21;0;0;0;0;0;0;0;0;0;0;0;0;0;0;0;0;0;0;0;0;1;0;0;0;0;2;0;3;3;0;1;0;0;1;1;0;0
21533;Rouvres-sous-Meilly;27;21;0;0;0;0;0;0;0;0;0;0;0;0;0;0;0;0;0;0;0;0;1;0;0;0;0;0;0;1;0;0;0;0;0;0;0;0;0
21534;Ruffey-lès-Beaune;27;21;0;0;0;0;0;0;0;0;0;0;0;0;0;0;0;0;0;0;1;0;1;0;0;0;0;2;1;0;1;0;2;0;0;1;0;0;1
21535;Ruffey-lès-Echirey;27;21;0;0;0;0;0;0;0;0;0;0;0;0;0;0;0;0;0;0;0;1;2;1;0;0;4;4;3;8;6;0;1;0;0;2;1;0;0
21536;Sacquenay;27;21;0;0;0;0;0;0;0;0;0;0;0;0;0;0;0;0;0;0;1;0;0;0;0;0;0;0;2;0;1;0;0;0;0;1;0;0;0
21537;Saffres;27;21;0;0;0;0;0;0;0;0;0;0;0;0;0;0;0;0;0;0;0;0;1;0;0;0;0;1;0;1;0;0;1;1;0;0;0;0;0
21538;Saint-Andeux;27;21;0;0;0;0;0;0;0;0;0;0;0;0;0;0;0;0;0;0;0;0;0;0;0;0;0;0;1;0;0;0;0;0;0;0;1;0;0
21539;Saint-Anthot;27;21;0;0;0;0;0;0;0;0;0;0;0;0;0;0;0;0;0;0;0;0;0;0;0;0;0;0;0;1;1;0;0;0;0;0;0;0;0
21540;Saint-Apollinaire;27;21;0;0;0;0;0;0;0;0;0;0;0;0;0;0;0;3;1;1;0;0;17;3;1;1;9;16;5;18;19;2;10;6;0;16;2;2;5
21541;Saint-Aubin;27;21;0;0;0;0;0;0;0;0;0;0;0;0;0;0;0;0;0;0;0;1;1;0;0;0;0;0;0;0;0;1;0;0;0;0;0;0;0
21542;Saint-Bernard;27;21;0;0;0;0;0;0;0;0;0;0;0;0;0;0;0;0;0;0;0;0;0;0;0;0;1;1;1;0;0;0;1;0;0;0;0;0;0
21543;Saint-Broing-les-Moines;27;21;0;0;0;0;0;0;0;0;0;0;0;0;0;0;0;0;0;0;0;0;0;0;0;0;2;0;0;0;1;0;0;0;0;0;0;0;0
21544;Sainte-Colombe-en-Auxois;27;21;0;0;0;0;0;0;0;0;0;0;0;0;0;0;0;0;0;0;0;0;0;0;0;0;0;0;0;1;0;0;0;0;0;0;0;0;0
21545;Sainte-Colombe-sur-Seine;27;21;0;0;0;0;0;0;0;0;0;0;0;0;0;0;0;0;0;0;0;1;2;1;0;0;1;3;1;1;2;0;0;0;0;2;0;0;0
21546;Saint-Didier;27;21;0;0;0;0;0;0;0;0;0;0;0;0;0;0;0;0;0;0;0;0;0;0;0;0;3;0;1;0;1;0;0;0;1;0;0;0;0
21547;Saint-Euphrône;27;21;0;0;0;0;0;0;0;0;0;0;0;0;0;0;0;0;0;0;0;0;1;0;0;0;0;0;0;0;0;1;0;0;0;0;0;0;0
21548;Saint-Germain-de-Modéon;27;21;0;0;0;0;0;0;0;0;0;0;0;0;0;0;0;0;0;0;0;0;0;0;0;0;0;0;0;0;0;0;0;0;0;0;0;0;0
21549;Saint-Germain-le-Rocheux;27;21;0;0;0;0;0;0;0;0;0;0;0;0;0;0;0;0;0;0;0;0;1;0;0;0;0;0;0;1;0;0;0;0;0;0;0;0;0
21550;Saint-Germain-lès-Senailly;27;21;0;0;0;0;0;0;0;0;0;0;0;0;0;0;0;0;0;0;0;0;0;0;0;0;0;0;0;0;0;0;0;0;0;0;0;0;0
21552;Saint-Hélier;27;21;0;0;0;0;0;0;0;0;0;0;0;0;0;0;0;0;0;0;0;0;0;0;0;0;0;0;0;0;0;0;0;0;0;0;0;0;0
21553;Saint-Jean-de-Boeuf;27;21;0;0;0;0;0;0;0;0;0;0;0;0;0;0;0;0;0;0;0;0;0;0;0;0;0;0;1;1;0;0;1;0;0;0;0;0;0
21554;Saint-Jean-de-Losne;27;21;0;1;0;0;0;0;0;0;0;1;0;0;0;0;0;6;1;1;0;0;1;0;0;1;2;2;1;1;1;0;5;0;0;10;3;1;1
21555;Saint-Julien;27;21;0;0;0;0;0;0;0;0;0;0;0;0;0;0;0;0;0;1;0;0;3;0;0;0;1;4;2;4;1;0;1;0;0;2;0;0;1
21556;Saint-Léger-Triey;27;21;0;0;0;0;0;0;0;0;0;0;0;0;0;0;0;0;0;0;0;0;0;0;0;0;0;0;0;0;0;0;0;0;0;0;0;0;0
21557;Saint-Marc-sur-Seine;27;21;0;0;0;0;0;0;0;0;0;0;0;0;0;0;0;0;0;0;0;1;1;0;0;0;1;0;1;0;1;0;0;0;0;1;0;0;0
21558;Sainte-Marie-la-Blanche;27;21;0;0;0;0;0;0;0;0;0;0;0;0;0;0;0;0;0;0;1;0;2;0;0;0;3;0;1;0;2;0;1;0;1;0;1;0;1
21559;Sainte-Marie-sur-Ouche;27;21;0;0;0;0;0;0;0;0;0;0;0;0;0;0;0;0;0;1;0;0;1;0;0;0;1;0;2;2;3;1;1;0;0;1;0;0;0
21560;Saint-Martin-de-la-Mer;27;21;0;0;0;0;0;0;0;0;0;0;0;0;0;0;0;0;0;0;0;0;0;0;0;0;2;0;0;0;0;1;0;0;0;0;0;0;0
21561;Saint-Martin-du-Mont;27;21;0;0;0;0;0;0;0;0;0;0;0;0;0;0;0;0;0;0;0;0;0;0;0;0;0;0;1;1;0;0;0;0;0;0;0;0;1
21562;Saint-Maurice-sur-Vingeanne;27;21;0;0;0;0;0;0;0;0;0;0;0;0;0;0;0;0;0;0;0;0;0;0;0;0;0;0;0;0;0;0;0;0;0;1;0;0;0
21563;Saint-Mesmin;27;21;0;0;0;0;0;0;0;0;0;0;0;0;0;0;0;0;0;0;0;0;0;0;0;0;0;1;0;0;0;0;0;0;0;0;0;0;0
21564;Saint-Nicolas-lès-Cîteaux;27;21;0;0;0;0;0;0;0;0;0;0;0;0;0;0;0;0;0;0;0;1;2;0;0;0;1;1;1;3;1;0;0;0;0;1;0;0;0
21565;Saint-Philibert;27;21;0;0;0;0;0;0;0;0;0;0;0;0;0;0;0;0;0;0;0;0;0;0;0;0;0;0;0;0;0;0;0;0;0;0;0;0;0
21566;Saint-Pierre-en-Vaux;27;21;0;0;0;0;0;0;0;0;0;0;0;0;0;0;0;0;0;0;0;0;1;0;0;0;0;1;0;0;0;0;0;0;0;0;0;0;0
21567;Saint-Prix-lès-Arnay;27;21;0;0;0;0;0;0;0;0;0;0;0;0;0;0;0;0;0;0;0;0;2;0;0;0;1;0;2;0;2;0;0;0;0;2;1;0;0
21568;Saint-Rémy;27;21;0;0;0;0;0;0;0;0;0;0;0;0;0;0;0;0;0;0;0;0;1;0;0;0;1;2;2;0;2;0;2;0;0;3;0;0;1
21569;Saint-Romain;27;21;0;0;0;0;0;0;0;0;0;0;0;0;0;0;0;0;0;0;0;0;0;0;0;0;1;0;0;2;0;0;0;0;0;0;0;0;0
21570;Sainte-Sabine;27;21;0;0;0;0;0;0;0;0;0;0;0;0;0;0;0;0;0;0;0;0;0;0;0;0;0;0;0;0;1;0;0;0;0;0;0;0;0
21571;Saint-Sauveur;27;21;0;0;0;0;0;0;0;0;0;0;0;0;0;0;0;0;0;0;0;0;0;0;0;0;0;1;1;1;2;0;0;0;0;0;0;0;0
21572;Saint-Seine-en-Bâche;27;21;0;0;0;0;0;0;0;0;0;0;0;0;0;0;0;0;1;0;0;0;0;0;0;0;1;0;0;0;0;0;0;0;0;2;0;0;1
21573;Saint-Seine-l'Abbaye;27;21;0;1;0;0;0;0;0;0;0;1;0;0;1;0;0;2;0;1;0;0;0;0;0;0;1;0;1;1;0;0;1;0;0;2;0;0;0
21574;Saint-Seine-sur-Vingeanne;27;21;0;0;0;0;0;0;0;0;0;0;0;0;0;0;0;0;0;0;1;0;1;0;0;0;0;0;1;1;0;0;0;0;0;1;0;0;0
21575;Saint-Symphorien-sur-Saône;27;21;0;0;0;0;0;0;0;0;0;0;0;0;0;0;0;0;0;0;0;0;0;0;0;0;0;1;0;1;0;0;1;0;0;0;0;0;0
21576;Saint-Thibault;27;21;0;0;0;0;0;0;0;0;0;0;0;0;0;0;0;0;0;0;0;0;0;0;0;0;0;1;0;0;0;0;0;0;0;0;0;0;0
21577;Saint-Usage;27;21;0;0;0;0;0;0;0;0;0;0;0;0;0;0;0;0;0;0;0;0;6;1;0;0;6;7;1;2;1;0;1;1;0;2;0;0;0
21578;Saint-Victor-sur-Ouche;27;21;0;0;0;0;0;0;0;0;0;0;0;0;0;0;0;0;0;0;0;0;0;0;0;0;0;1;2;0;0;0;0;0;0;0;0;0;0
21579;Salives;27;21;0;0;0;0;0;0;0;0;0;0;0;0;0;0;0;0;0;0;0;1;0;0;0;0;1;0;1;0;1;0;0;0;0;2;0;0;0
21580;Salmaise;27;21;0;0;0;0;0;0;0;0;0;0;0;0;0;0;0;0;0;0;0;0;0;0;0;0;0;0;0;0;0;0;0;0;0;0;0;0;0
21581;Samerey;27;21;0;0;0;0;0;0;0;0;0;0;0;0;0;0;0;0;0;0;0;0;0;0;0;0;0;0;0;0;0;0;0;0;0;0;0;0;0
21582;Santenay;27;21;0;0;0;0;0;0;0;0;0;0;0;0;0;0;0;1;0;1;0;0;1;0;0;0;0;2;2;1;1;1;1;0;0;2;1;0;0
21583;Santosse;27;21;0;0;0;0;0;0;0;0;0;0;0;0;0;0;0;0;0;0;0;0;0;0;0;0;0;0;0;0;0;0;1;0;0;0;0;0;0
21584;Saulieu;27;21;0;1;0;0;0;0;0;0;0;1;0;0;0;0;0;6;1;1;0;0;12;1;0;3;8;4;3;7;6;2;5;4;0;9;3;2;4
21585;Saulon-la-Chapelle;27;21;0;0;0;0;0;0;0;0;0;0;0;0;0;0;0;0;0;1;0;0;0;0;0;0;3;4;1;2;0;0;1;0;0;1;0;0;2
21586;Saulon-la-Rue;27;21;0;0;0;0;0;0;0;0;0;0;0;0;0;0;0;0;0;0;0;0;1;0;0;0;0;0;0;1;0;0;0;0;0;1;1;0;1
21587;Saulx-le-Duc;27;21;0;0;0;0;0;0;0;0;0;0;0;0;0;0;0;0;0;0;0;0;0;0;0;0;0;0;0;0;1;0;0;0;0;0;0;0;0
21588;Saussey;27;21;0;0;0;0;0;0;0;0;0;0;0;0;0;0;0;0;0;0;0;0;0;0;0;0;0;0;0;0;0;0;0;0;0;0;0;0;0
21589;Saussy;27;21;0;0;0;0;0;0;0;0;0;0;0;0;0;0;0;0;0;0;0;0;0;0;0;0;0;0;1;0;0;0;0;0;0;0;0;0;0
21590;Savigny-lès-Beaune;27;21;0;0;0;0;0;0;0;0;0;0;0;0;0;0;0;2;0;0;0;1;0;0;0;0;4;4;3;6;5;0;1;0;0;2;1;0;1
21591;Savigny-le-Sec;27;21;0;0;0;0;0;0;0;0;0;0;0;0;0;0;0;0;0;0;1;0;0;0;0;0;0;1;0;1;3;0;0;0;0;2;1;0;0
21592;Savigny-sous-Mâlain;27;21;0;0;0;0;0;0;0;0;0;0;0;0;0;0;0;0;0;0;0;0;0;0;0;0;0;0;0;2;1;0;0;0;0;0;0;0;0
21593;Savilly;27;21;0;0;0;0;0;0;0;0;0;0;0;0;0;0;0;0;0;0;0;0;0;0;0;0;0;0;0;0;0;0;0;0;0;0;0;0;0
21594;Savoisy;27;21;0;0;0;0;0;0;0;0;0;0;0;0;0;0;0;0;0;0;0;1;1;0;0;0;1;0;0;0;0;0;0;0;0;0;0;0;0
21595;Savolles;27;21;0;0;0;0;0;0;0;0;0;0;0;0;0;0;0;0;0;0;0;0;0;0;0;0;0;1;2;0;0;0;0;0;0;0;0;0;0
21596;Savouges;27;21;0;0;0;0;0;0;0;0;0;0;0;0;0;0;0;0;0;0;0;0;0;0;0;0;2;0;2;0;2;0;0;0;0;0;0;0;1
21597;Segrois;27;21;0;0;0;0;0;0;0;0;0;0;0;0;0;0;0;0;0;0;0;0;0;0;0;0;0;0;0;0;0;0;0;0;0;0;0;0;0
21598;Seigny;27;21;0;0;0;0;0;0;0;0;0;0;0;0;0;0;0;0;0;0;0;0;0;0;0;0;0;0;1;0;0;0;0;0;0;0;0;0;0
21599;Selongey;27;21;0;1;0;0;0;0;0;0;0;1;0;0;1;0;0;3;1;1;0;0;3;0;0;1;5;3;4;5;3;0;3;0;0;3;1;0;1
21600;Semarey;27;21;0;0;0;0;0;0;0;0;0;0;0;0;0;0;0;0;0;0;0;0;0;0;0;0;2;2;1;0;0;1;0;0;0;0;0;0;0
21601;Semezanges;27;21;0;0;0;0;0;0;0;0;0;0;0;0;0;0;0;0;0;0;0;0;0;0;0;0;0;0;0;0;0;0;2;0;0;0;0;0;0
21602;Semond;27;21;0;0;0;0;0;0;0;0;0;0;0;0;0;0;0;0;0;0;0;0;0;0;0;0;0;0;1;0;0;0;0;0;0;0;0;0;0
21603;Semur-en-Auxois;27;21;0;1;0;0;0;0;0;0;0;3;0;0;0;0;0;6;4;1;0;0;9;2;0;3;10;7;6;7;4;1;10;3;0;18;6;1;4
21604;Senailly;27;21;0;0;0;0;0;0;0;0;0;0;0;0;0;0;0;0;0;0;0;0;0;0;0;0;1;0;1;0;0;0;0;0;0;0;0;0;0
21605;Sennecey-lès-Dijon;27;21;0;0;0;0;0;0;0;0;0;0;0;0;0;0;0;0;0;0;1;0;2;0;0;0;0;3;2;4;3;0;3;0;0;1;0;0;1
21606;Ladoix-Serrigny;27;21;0;0;0;0;0;0;0;0;0;0;0;0;0;0;0;1;0;1;0;0;4;0;0;0;1;5;3;1;1;1;4;2;0;2;0;1;1
21607;Seurre;27;21;0;1;0;0;0;0;0;0;0;1;0;0;0;0;0;4;1;1;0;0;5;1;0;1;5;5;1;3;1;0;7;5;0;7;5;0;3
21608;Sincey-lès-Rouvray;27;21;0;0;0;0;0;0;0;0;0;0;0;0;0;0;0;0;0;0;0;0;1;0;0;0;2;0;0;0;0;0;0;0;0;0;0;0;1
21609;Soirans;27;21;0;0;0;0;0;0;0;0;0;0;0;0;0;0;0;0;0;0;0;0;0;0;0;0;1;4;2;0;1;0;2;0;0;2;1;0;0
21610;Soissons-sur-Nacey;27;21;0;0;0;0;0;0;0;0;0;0;0;0;0;0;0;0;0;0;0;0;1;0;0;0;1;0;1;1;1;0;0;0;0;0;0;0;0
21611;Sombernon;27;21;0;1;0;0;0;0;0;0;0;1;0;0;0;0;0;3;0;1;0;0;5;1;0;1;1;0;2;3;2;0;5;2;0;2;1;0;1
21612;Souhey;27;21;0;0;0;0;0;0;0;0;0;0;0;0;0;0;0;0;0;0;0;0;0;0;0;0;0;0;0;0;0;0;0;0;0;0;0;0;0
21613;Soussey-sur-Brionne;27;21;0;0;0;0;0;0;0;0;0;0;0;0;0;0;0;0;0;0;0;0;1;0;0;0;0;1;1;1;0;0;0;0;0;0;0;0;1
21614;Spoy;27;21;0;0;0;0;0;0;0;0;0;0;0;0;0;0;0;0;0;0;0;0;0;0;0;0;1;0;0;0;1;0;1;0;0;1;0;0;0
21615;Sussey;27;21;0;0;0;0;0;0;0;0;0;0;0;0;0;0;0;0;0;0;0;0;2;0;0;0;1;0;0;2;0;0;0;0;0;1;0;0;0
21616;Tailly;27;21;0;0;0;0;0;0;0;0;0;0;0;0;0;0;0;0;0;0;0;0;0;0;0;0;1;0;0;0;0;1;0;0;0;0;1;0;0
21617;Talant;27;21;0;0;0;0;0;0;0;0;0;0;0;0;1;0;0;4;0;2;0;0;18;1;1;2;2;17;12;9;7;0;5;6;0;14;4;1;5
21618;Talmay;27;21;0;0;0;0;0;0;0;0;0;0;0;0;0;0;0;0;1;0;1;0;1;0;0;0;1;0;1;1;1;1;0;0;0;1;1;0;0
21619;Tanay;27;21;0;0;0;0;0;0;0;0;0;0;0;0;0;0;0;0;0;0;0;0;1;0;0;0;0;1;0;0;1;0;0;0;0;0;0;0;0
21620;Tarsul;27;21;0;0;0;0;0;0;0;0;0;0;0;0;0;0;0;0;0;0;0;0;0;0;0;0;1;1;0;1;0;0;0;0;0;0;0;0;0
21621;Tart-l'Abbaye;27;21;0;0;0;0;0;0;0;0;0;0;0;0;0;0;0;0;0;0;0;0;0;0;0;0;1;1;0;0;0;1;0;0;0;0;0;0;0
21622;Tart-le-Bas;27;21;0;0;0;0;0;0;0;0;0;0;0;0;0;0;0;0;0;0;0;0;0;0;0;0;0;0;0;2;1;0;1;0;0;0;0;0;0
21623;Tart-le-Haut;27;21;0;0;0;0;0;0;0;0;0;0;0;0;0;0;0;0;0;0;0;0;0;0;0;0;0;5;2;3;2;0;2;0;0;1;0;0;1
21624;Tellecey;27;21;0;0;0;0;0;0;0;0;0;0;0;0;0;0;0;0;0;0;0;0;1;0;0;0;0;0;0;0;0;0;0;0;0;0;0;0;0
21625;Ternant;27;21;0;0;0;0;0;0;0;0;0;0;0;0;0;0;0;0;0;0;0;0;0;0;0;0;0;0;2;0;0;0;0;0;0;1;0;0;0
21626;Terrefondrée;27;21;0;0;0;0;0;0;0;0;0;0;0;0;0;0;0;0;0;0;0;0;0;0;0;0;0;0;0;0;1;0;0;0;0;0;0;0;0
21627;Thenissey;27;21;0;0;0;0;0;0;0;0;0;0;0;0;0;0;0;1;0;0;0;0;1;0;0;0;1;0;0;0;0;0;0;0;0;0;0;0;0
21628;Thoires;27;21;0;0;0;0;0;0;0;0;0;0;0;0;0;0;0;0;0;0;0;0;0;0;0;0;0;0;0;0;0;0;0;0;0;0;0;0;0
21629;Thoisy-la-Berchère;27;21;0;0;0;0;0;0;0;0;0;0;0;0;0;0;0;0;0;0;1;0;0;0;0;0;1;0;0;2;1;0;0;0;0;1;0;0;0
21630;Thoisy-le-Désert;27;21;0;0;0;0;0;0;0;0;0;0;0;0;0;0;0;0;0;0;0;0;0;0;0;0;0;0;1;2;0;1;0;0;0;0;0;0;0
21631;Thomirey;27;21;0;0;0;0;0;0;0;0;0;0;0;0;0;0;0;0;0;0;0;0;0;0;0;0;0;0;1;0;0;0;0;0;0;0;0;0;0
21632;Thorey-en-Plaine;27;21;0;0;0;0;0;0;0;0;0;0;0;0;0;0;0;0;0;0;0;0;3;0;0;0;1;3;0;2;0;0;1;0;0;0;1;0;1
21633;Thorey-sous-Charny;27;21;0;0;0;0;0;0;0;0;0;0;0;0;0;0;0;0;0;0;0;0;0;0;0;0;0;1;2;5;0;0;0;0;0;0;0;0;0
21634;Thorey-sur-Ouche;27;21;0;0;0;0;0;0;0;0;0;0;0;0;0;0;0;0;0;0;0;1;0;0;0;0;0;1;0;0;1;0;0;0;0;4;0;0;0
21635;Thoste;27;21;0;0;0;0;0;0;0;0;0;0;0;0;0;0;0;0;0;0;0;0;0;0;0;0;0;0;2;1;0;0;0;0;0;0;0;0;0
21636;Thury;27;21;0;0;0;0;0;0;0;0;0;0;0;0;0;0;0;0;0;0;0;1;2;0;0;0;1;2;0;1;0;0;0;0;0;1;0;0;0
21637;Tichey;27;21;0;0;0;0;0;0;0;0;0;0;0;0;0;0;0;0;0;0;0;0;0;0;0;0;0;1;0;0;0;0;0;0;0;0;0;0;0
21638;Til-Châtel;27;21;0;0;0;0;0;0;0;0;0;0;0;0;0;0;0;0;0;1;0;0;0;0;0;0;2;3;4;2;1;0;1;1;0;2;0;0;0
21639;Tillenay;27;21;0;0;0;0;0;0;0;0;0;0;0;0;0;0;0;0;0;0;0;0;4;0;0;0;1;2;2;1;2;0;1;0;0;1;0;0;1
21640;Torcy-et-Pouligny;27;21;0;0;0;0;0;0;0;0;0;0;0;0;0;0;0;0;0;0;0;0;0;0;0;0;0;0;0;0;1;0;0;0;0;1;0;0;0
21641;Touillon;27;21;0;0;0;0;0;0;0;0;0;0;0;0;0;0;0;0;0;0;0;1;0;0;0;0;1;0;1;2;0;0;0;0;0;1;0;0;0
21642;Toutry;27;21;0;0;0;0;0;0;0;0;0;0;0;0;0;0;0;0;0;0;0;1;2;0;0;0;1;0;0;1;0;0;1;0;0;1;0;0;0
21643;Tréclun;27;21;0;0;0;0;0;0;0;0;0;0;0;0;0;0;0;0;0;0;0;0;1;0;0;0;0;1;0;2;0;0;0;0;0;0;0;0;1
21644;Trochères;27;21;0;0;0;0;0;0;0;0;0;0;0;0;0;0;0;0;0;0;0;0;0;0;0;0;0;0;0;0;0;0;0;0;0;0;0;0;0
21645;Trouhans;27;21;0;0;0;0;0;0;0;0;0;0;0;0;0;0;0;0;0;0;0;1;1;0;0;0;1;0;2;1;2;0;0;0;0;0;0;0;0
21646;Trouhaut;27;21;0;0;0;0;0;0;0;0;0;0;0;0;0;0;0;0;0;0;0;0;0;0;0;0;0;0;0;0;0;0;0;0;0;0;0;0;0
21647;Trugny;27;21;0;0;0;0;0;0;0;0;0;0;0;0;0;0;0;0;0;0;0;0;0;0;0;0;1;0;1;0;0;0;0;0;0;0;0;0;0
21648;Turcey;27;21;0;0;0;0;0;0;0;0;0;0;0;0;0;0;0;0;0;0;0;0;0;0;0;0;0;0;0;2;0;0;0;0;0;0;0;0;0
21649;Uncey-le-Franc;27;21;0;0;0;0;0;0;0;0;0;0;0;0;0;0;0;0;0;0;0;0;0;0;0;0;0;0;0;0;0;0;0;0;0;0;0;0;0
21650;Urcy;27;21;0;0;0;0;0;0;0;0;0;0;0;0;0;0;0;0;0;0;0;0;0;0;0;0;0;1;0;0;0;0;0;0;0;0;0;0;0
21651;Val-Suzon;27;21;0;0;0;0;0;0;0;0;0;0;0;0;0;0;0;0;0;0;0;0;0;0;0;0;1;0;1;0;0;0;0;0;0;0;0;0;0
21652;Vandenesse-en-Auxois;27;21;0;0;0;0;0;0;0;0;0;0;0;0;0;0;0;0;0;0;0;0;1;0;0;0;0;1;0;0;1;0;0;0;0;2;0;0;0
21653;Vannaire;27;21;0;0;0;0;0;0;0;0;0;0;0;0;0;0;0;0;0;0;0;0;0;0;0;0;1;0;0;0;0;0;0;0;0;0;0;0;0
21655;Vanvey;27;21;0;0;0;0;0;0;0;0;0;0;0;0;0;0;0;0;0;0;0;1;0;0;0;0;1;0;1;0;0;0;0;0;0;0;0;0;0
21656;Varanges;27;21;0;0;0;0;0;0;0;0;0;0;0;0;0;0;0;0;0;0;0;0;0;0;0;0;1;2;3;2;2;0;1;0;0;0;1;0;1
21657;Varois-et-Chaignot;27;21;0;0;0;0;0;0;0;0;0;0;0;0;0;0;0;0;0;0;1;0;1;0;0;0;3;2;1;5;2;0;2;2;0;1;1;0;1
21658;Vauchignon;27;21;0;0;0;0;0;0;0;0;0;0;0;0;0;0;0;0;0;0;0;0;0;0;0;0;0;0;1;0;0;0;0;0;0;0;0;0;0
21659;Vaux-Saules;27;21;0;0;0;0;0;0;0;0;0;0;0;0;0;0;0;0;0;0;0;0;0;0;0;0;1;0;0;0;1;0;0;0;0;0;0;0;0
21660;Veilly;27;21;0;0;0;0;0;0;0;0;0;0;0;0;0;0;0;0;0;0;0;0;0;0;0;0;0;0;0;0;0;0;0;0;0;0;0;0;0
21661;Velars-sur-Ouche;27;21;0;1;0;0;0;0;0;0;0;0;0;0;0;0;0;0;0;1;0;0;3;0;0;0;1;6;2;5;4;0;1;0;0;5;0;0;0
21662;Velogny;27;21;0;0;0;0;0;0;0;0;0;0;0;0;0;0;0;0;0;0;0;0;0;0;0;0;0;0;0;1;0;0;0;0;0;0;0;0;0
21663;Venarey-les-Laumes;27;21;0;1;0;0;0;0;0;0;0;1;0;0;0;0;0;3;1;1;0;0;5;0;0;1;4;5;6;6;6;0;6;1;0;7;2;0;5
21664;Verdonnet;27;21;0;0;0;0;0;0;0;0;0;0;0;0;0;0;0;0;0;0;0;0;0;0;0;0;0;1;0;0;0;0;0;0;0;0;0;0;0
21665;Vernois-lès-Vesvres;27;21;0;0;0;0;0;0;0;0;0;0;0;0;0;0;0;0;0;0;0;0;0;0;0;0;0;0;0;0;0;0;0;0;0;1;0;0;0
21666;Vernot;27;21;0;0;0;0;0;0;0;0;0;0;0;0;0;0;0;0;0;0;0;0;0;0;0;0;0;0;1;0;0;0;0;0;0;0;0;0;0
21667;Véronnes;27;21;0;0;0;0;0;0;0;0;0;0;0;0;0;0;0;0;0;0;0;0;0;0;0;0;1;0;1;0;0;0;0;0;0;0;0;0;1
21669;Verrey-sous-Drée;27;21;0;0;0;0;0;0;0;0;0;0;0;0;0;0;0;0;0;0;0;0;0;0;0;0;0;0;0;1;0;0;0;0;0;0;0;0;0
21670;Verrey-sous-Salmaise;27;21;0;0;0;0;0;0;0;0;0;0;0;0;0;0;0;0;0;1;0;0;3;0;0;0;2;0;0;1;1;0;2;0;0;0;0;0;0
21671;Vertault;27;21;0;0;0;0;0;0;0;0;0;0;0;0;0;0;0;0;0;0;0;0;0;0;0;0;0;0;0;0;0;0;0;0;0;0;0;0;0
21672;Vesvres;27;21;0;0;0;0;0;0;0;0;0;0;0;0;0;0;0;0;0;0;0;0;1;0;0;0;0;0;0;0;0;0;0;0;0;0;0;0;0
21673;Veuvey-sur-Ouche;27;21;0;0;0;0;0;0;0;0;0;0;0;0;0;0;0;0;0;0;0;1;0;0;0;0;0;0;0;0;0;0;0;0;0;0;0;0;0
21674;Veuxhaulles-sur-Aube;27;21;0;0;0;0;0;0;0;0;0;0;0;0;0;0;0;0;0;0;0;1;1;0;0;0;1;1;0;0;1;0;1;0;0;0;0;0;1
21675;Vianges;27;21;0;0;0;0;0;0;0;0;0;0;0;0;0;0;0;0;0;0;0;0;0;0;0;0;0;0;0;0;0;0;0;0;0;0;0;0;0
21676;Vic-de-Chassenay;27;21;0;0;0;0;0;0;0;0;0;0;0;0;0;0;0;0;0;0;0;0;0;0;0;0;0;0;0;0;0;0;0;0;0;0;0;0;0
21677;Vic-des-Prés;27;21;0;0;0;0;0;0;0;0;0;0;0;0;0;0;0;0;0;0;0;0;0;0;0;0;0;0;0;0;0;0;0;0;0;0;0;0;0
21678;Vic-sous-Thil;27;21;0;0;0;0;0;0;0;0;0;0;0;0;0;0;0;0;1;0;0;0;0;0;0;0;0;1;0;0;1;0;0;0;0;0;0;0;0
21679;Vieilmoulin;27;21;0;0;0;0;0;0;0;0;0;0;0;0;0;0;0;0;0;0;0;0;0;0;0;0;0;0;1;0;2;0;1;0;0;0;0;0;0
21680;Vielverge;27;21;0;0;0;0;0;0;0;0;0;0;0;0;0;0;0;0;0;0;0;1;0;0;0;0;1;2;1;2;0;1;1;0;0;0;0;0;0
21681;Vieux-Château;27;21;0;0;0;0;0;0;0;0;0;0;0;0;0;0;0;0;0;0;0;0;0;0;0;0;0;0;0;0;0;0;0;0;0;0;0;0;0
21682;Viévigne;27;21;0;0;0;0;0;0;0;0;0;0;0;0;0;0;0;0;0;0;0;0;0;0;0;0;1;0;1;0;0;0;0;0;0;0;0;0;2
21683;Viévy;27;21;0;0;0;0;0;0;0;0;0;0;0;0;0;0;0;0;0;0;0;0;1;0;0;0;1;1;1;0;2;0;0;0;0;0;0;0;0
21684;Vignoles;27;21;0;0;0;0;0;0;0;0;0;0;0;0;0;0;0;0;0;0;0;0;4;0;0;0;1;2;4;2;3;0;1;0;0;1;0;0;2
21685;Villaines-en-Duesmois;27;21;0;0;0;0;0;0;0;0;0;0;0;0;0;0;0;0;0;0;0;1;1;0;0;0;0;1;0;0;1;0;1;0;0;1;0;0;0
21686;Villaines-les-Prévôtes;27;21;0;0;0;0;0;0;0;0;0;0;0;0;0;0;0;0;0;0;0;0;1;0;0;0;0;1;1;0;0;0;0;0;0;0;1;0;0
21687;Villargoix;27;21;0;0;0;0;0;0;0;0;0;0;0;0;0;0;0;0;0;0;0;0;0;0;0;0;1;0;0;2;0;0;0;0;0;0;0;0;0
21688;Villars-Fontaine;27;21;0;0;0;0;0;0;0;0;0;0;0;0;0;0;0;0;0;0;0;0;0;0;0;0;0;0;0;0;0;0;0;0;0;1;0;0;0
21689;Villars-et-Villenotte;27;21;0;0;0;0;0;0;0;0;0;0;0;0;0;0;0;0;0;0;0;0;0;0;0;0;0;0;0;0;0;0;0;0;0;0;0;0;0
21690;Villeberny;27;21;0;0;0;0;0;0;0;0;0;0;0;0;0;0;0;0;0;0;0;0;0;0;0;0;0;0;0;1;0;0;0;0;0;1;0;0;0
21691;Villebichot;27;21;0;0;0;0;0;0;0;0;0;0;0;0;0;0;0;0;0;0;0;0;0;0;0;0;0;1;0;0;0;0;0;0;0;0;0;0;0
21692;Villecomte;27;21;0;0;0;0;0;0;0;0;0;0;0;0;0;0;0;0;0;0;0;0;1;0;0;0;1;0;0;0;1;0;0;0;0;0;0;0;0
21693;Villedieu;27;21;0;0;0;0;0;0;0;0;0;0;0;0;0;0;0;0;0;0;0;0;0;0;0;0;0;0;0;0;0;0;0;0;0;0;0;0;0
21694;Villeferry;27;21;0;0;0;0;0;0;0;0;0;0;0;0;0;0;0;0;0;0;0;0;0;0;0;0;0;0;1;0;0;0;0;0;0;0;0;0;0
21695;La Villeneuve-les-Convers;27;21;0;0;0;0;0;0;0;0;0;0;0;0;0;0;0;0;0;0;0;0;0;0;0;0;0;0;0;0;0;0;0;0;0;0;0;0;0
21696;Villeneuve-sous-Charigny;27;21;0;0;0;0;0;0;0;0;0;0;0;0;0;0;0;0;0;0;0;0;0;0;0;0;0;0;0;2;1;0;0;0;0;0;0;0;0
21698;Villers-la-Faye;27;21;0;0;0;0;0;0;0;0;0;0;0;0;0;0;0;0;0;0;0;0;0;0;0;0;1;1;0;0;0;0;0;0;0;0;1;1;0
21699;Villers-les-Pots;27;21;0;0;0;0;0;0;0;0;0;0;0;0;0;0;0;0;0;0;0;1;1;1;1;0;1;2;1;3;1;0;2;0;0;2;1;0;2
21700;Villers-Patras;27;21;0;0;0;0;0;0;0;0;0;0;0;0;0;0;0;0;0;0;0;0;0;0;0;0;0;1;0;0;0;0;0;0;0;0;0;0;0
21701;Villers-Rotin;27;21;0;0;0;0;0;0;0;0;0;0;0;0;0;0;0;0;0;0;0;0;0;0;0;0;0;0;0;0;0;0;0;0;0;0;0;0;0
21702;Villey-sur-Tille;27;21;0;0;0;0;0;0;0;0;0;0;0;0;0;0;0;0;0;0;0;0;0;0;0;0;0;0;1;0;0;0;0;0;0;0;0;0;0
21703;Villiers-en-Morvan;27;21;0;0;0;0;0;0;0;0;0;0;0;0;0;0;0;0;0;0;0;0;0;0;0;0;0;0;1;0;0;0;0;0;0;0;0;0;0
21704;Villiers-le-Duc;27;21;0;0;0;0;0;0;0;0;0;0;0;0;0;0;0;0;0;0;0;0;0;0;0;0;0;0;0;0;0;0;0;0;0;1;0;0;0
21705;Villotte-Saint-Seine;27;21;0;0;0;0;0;0;0;0;0;0;0;0;0;0;0;0;0;0;0;0;0;0;0;0;0;0;0;0;0;0;0;0;0;0;0;0;0
21706;Villotte-sur-Ource;27;21;0;0;0;0;0;0;0;0;0;0;0;0;0;0;0;0;0;0;0;0;0;0;0;0;1;0;0;0;1;0;0;0;0;1;0;0;0
21707;Villy-en-Auxois;27;21;0;0;0;0;0;0;0;0;0;0;0;0;0;0;0;0;0;0;1;0;0;0;0;0;0;0;0;1;0;0;0;0;0;1;0;0;0
21708;Villy-le-Moutier;27;21;0;0;0;0;0;0;0;0;0;0;0;0;0;0;0;0;0;0;0;0;2;0;0;0;0;0;0;2;0;0;0;0;0;0;0;0;1
21709;Viserny;27;21;0;0;0;0;0;0;0;0;0;0;0;0;0;0;0;0;0;0;0;0;0;0;0;0;0;0;1;0;0;0;0;0;0;0;0;0;0
21710;Vitteaux;27;21;0;1;0;0;0;0;0;0;0;1;0;0;0;0;0;4;1;1;0;0;4;1;0;0;2;3;0;2;3;0;2;3;0;5;0;0;0
21711;Vix;27;21;0;0;0;0;0;0;0;0;0;0;0;0;0;0;0;0;0;0;0;0;0;0;0;0;0;0;0;0;0;0;0;0;0;0;0;0;0
21712;Volnay;27;21;0;0;0;0;0;0;0;0;0;0;0;0;0;0;0;1;0;0;0;0;0;0;0;0;0;0;0;0;0;0;0;0;0;3;0;0;0
21713;Vonges;27;21;0;0;0;0;0;0;0;0;0;0;0;0;0;0;0;0;0;0;0;0;0;0;0;0;0;0;1;1;0;0;0;0;0;1;0;0;0
21714;Vosne-Romanée;27;21;0;0;0;0;0;0;0;0;0;0;0;0;0;0;0;0;0;1;0;0;0;0;0;0;0;2;0;1;0;0;1;0;0;1;0;0;0
21715;Voudenay;27;21;0;0;0;0;0;0;0;0;0;0;0;0;0;0;0;0;0;0;0;0;0;0;0;0;3;0;0;0;0;0;1;0;0;0;0;0;0
21716;Vougeot;27;21;0;0;0;0;0;0;0;0;0;0;0;0;0;0;0;0;0;1;0;0;0;0;0;0;0;1;0;1;0;0;1;0;0;2;0;0;0
21717;Voulaines-les-Templiers;27;21;0;0;0;0;0;0;0;0;0;0;0;0;0;0;0;0;0;0;0;1;1;0;0;0;1;0;0;0;0;0;1;0;0;0;0;0;0
22001;Allineuc;53;22;0;0;0;0;0;0;0;0;0;0;0;0;0;0;0;0;0;0;0;0;0;0;0;0;0;1;0;0;1;0;0;0;0;1;0;0;0
22002;Andel;53;22;0;0;0;0;0;0;0;0;0;0;0;0;2;0;0;0;0;0;0;1;0;0;0;0;1;0;0;1;1;1;2;0;0;2;0;0;1
22003;Aucaleuc;53;22;0;0;0;0;0;0;0;0;0;0;0;0;0;0;0;0;0;0;0;0;0;0;0;0;2;0;0;0;2;0;0;0;0;2;0;0;0
22004;Bégard;53;22;0;1;0;0;0;0;0;0;0;0;1;0;0;0;0;4;6;1;0;0;8;2;0;2;5;9;3;4;4;0;9;3;0;7;5;3;3
22005;Belle-Isle-en-Terre;53;22;0;1;0;0;0;0;0;0;0;0;0;0;1;0;0;2;0;1;0;0;1;1;0;0;1;1;1;2;0;0;2;0;0;5;0;0;0
22006;Berhet;53;22;0;0;0;0;0;0;0;0;0;0;0;0;0;0;0;0;0;0;0;0;0;0;0;0;2;0;3;0;0;0;1;0;0;1;0;0;0
22007;Binic;53;22;0;0;0;0;0;0;0;0;0;0;0;0;0;0;0;4;1;1;0;0;3;0;0;1;2;5;4;5;4;1;5;0;0;24;4;1;4
22008;Bobital;53;22;0;0;0;0;0;0;0;0;0;0;0;0;0;0;0;0;0;0;0;0;0;0;0;0;1;2;4;1;1;1;1;0;0;1;1;0;1
22009;Le Bodéo;53;22;0;0;0;0;0;0;0;0;0;0;0;0;0;0;0;0;0;0;0;0;0;0;0;0;0;0;0;0;0;0;0;0;0;0;0;0;0
22011;Boqueho;53;22;0;0;0;0;0;0;0;0;0;0;0;0;0;0;0;0;0;0;0;1;1;0;0;0;2;0;2;1;2;0;1;0;0;0;0;0;1
22012;La Bouillie;53;22;0;0;0;0;0;0;0;0;0;0;0;0;0;0;0;0;0;0;0;1;1;0;0;0;0;3;5;1;1;0;1;1;0;1;0;0;0
22013;Bourbriac;53;22;0;1;0;0;0;0;0;0;0;0;0;0;0;0;0;2;2;1;0;0;4;0;0;1;6;2;4;8;2;2;2;4;0;2;1;0;1
22014;Bourseul;53;22;0;0;0;0;0;0;0;0;0;0;0;0;0;0;0;0;0;0;0;0;3;0;0;0;2;3;2;1;1;0;1;0;0;2;0;0;0
22015;Bréhand;53;22;0;0;0;0;0;0;0;0;0;0;0;0;0;0;0;0;0;0;0;1;1;0;0;0;1;2;2;3;1;1;1;1;0;0;0;0;0
22016;Île-de-Bréhat;53;22;0;0;0;0;0;0;0;0;0;0;0;0;0;0;0;0;0;1;0;0;0;0;0;0;2;0;0;3;1;1;0;0;0;19;1;0;0
22018;Brélidy;53;22;0;0;0;0;0;0;0;0;0;0;0;0;0;0;0;0;0;0;0;0;0;0;0;0;0;1;0;0;0;0;0;0;0;0;0;0;0
22019;Bringolo;53;22;0;0;0;0;0;0;0;0;0;0;0;0;0;0;0;0;0;0;0;0;0;0;0;0;1;1;1;0;1;1;0;0;0;0;0;0;0
22020;Broons;53;22;0;1;0;0;0;0;0;0;0;0;1;0;1;0;0;3;1;1;0;0;4;1;0;1;1;1;3;9;0;0;4;2;0;6;4;0;2
22021;Brusvily;53;22;0;0;0;0;0;0;0;0;0;0;0;0;0;0;0;0;0;0;0;0;1;0;0;0;0;1;1;3;1;0;2;0;0;1;1;0;0
22023;Bulat-Pestivien;53;22;0;0;0;0;0;0;0;0;0;0;0;0;0;0;0;0;0;0;0;0;1;0;0;0;0;0;2;0;1;0;1;0;0;1;0;0;0
22024;Calanhel;53;22;0;0;0;0;0;0;0;0;0;0;0;0;0;0;0;0;0;0;0;1;0;0;0;0;1;0;1;1;0;0;0;0;0;0;0;0;0
22025;Callac;53;22;0;1;0;0;0;0;0;0;0;0;1;0;0;0;0;4;3;1;0;0;9;1;0;1;2;6;8;5;4;1;6;2;0;7;1;0;2
22026;Calorguen;53;22;0;0;0;0;0;0;0;0;0;0;0;0;0;0;0;0;0;0;0;0;0;0;1;0;2;1;1;0;0;0;0;0;0;0;0;0;1
22027;Le Cambout;53;22;0;0;0;0;0;0;0;0;0;0;0;0;0;0;0;0;0;0;0;0;0;0;0;0;1;1;3;1;0;0;0;0;0;0;0;0;0
22028;Camlez;53;22;0;0;0;0;0;0;0;0;0;0;0;0;0;0;0;0;0;0;0;1;0;0;0;0;0;2;4;2;0;0;1;0;0;1;0;0;0
22029;Canihuel;53;22;0;0;0;0;0;0;0;0;0;0;0;0;0;0;0;0;0;0;0;0;1;0;0;0;0;0;0;0;0;0;0;0;0;2;0;0;0
22030;Caouënnec-Lanvézéac;53;22;0;0;0;0;0;0;0;0;0;0;0;0;0;0;0;0;0;0;0;0;0;0;0;0;1;1;1;1;0;1;1;0;0;0;0;0;1
22031;Carnoët;53;22;0;0;0;0;0;0;0;0;0;0;0;0;0;0;0;0;0;0;0;1;1;0;0;0;1;2;2;1;0;0;0;0;0;4;0;0;0
22032;Caulnes;53;22;0;1;0;0;0;0;0;0;0;0;0;0;0;0;0;2;0;1;0;0;5;1;0;1;1;4;7;5;5;0;3;1;1;2;1;0;2
22033;Caurel;53;22;0;0;0;0;0;0;0;0;0;0;0;0;0;0;0;0;0;0;0;0;0;0;0;0;0;0;0;0;0;0;0;0;0;4;0;0;0
22034;Cavan;53;22;0;0;0;0;0;0;0;0;0;0;0;0;2;0;0;1;0;1;0;0;2;0;0;0;3;4;5;2;2;0;3;0;0;2;0;0;0
22035;Les Champs-Géraux;53;22;0;0;0;0;0;0;0;0;0;0;0;0;0;0;0;0;0;0;0;0;1;0;0;0;4;2;1;3;2;0;0;0;0;1;0;0;0
22036;La Chapelle-Blanche;53;22;0;0;0;0;0;0;0;0;0;0;0;0;0;0;0;0;0;0;0;0;0;0;0;0;0;0;0;0;1;1;0;0;0;0;0;0;0
22037;La Chapelle-Neuve;53;22;0;0;0;0;0;0;0;0;0;0;0;0;0;0;0;0;0;0;0;0;1;0;0;0;1;0;1;2;0;0;0;0;0;2;0;0;0
22038;Châtelaudren;53;22;0;1;0;0;0;0;0;0;0;0;1;0;1;0;0;4;0;1;0;0;1;0;0;1;1;0;2;1;2;0;6;1;1;8;3;1;1
22039;La Chèze;53;22;0;0;0;0;0;0;0;0;0;0;0;0;0;0;0;3;0;1;0;0;1;0;0;0;0;2;0;2;0;0;1;0;0;2;0;0;1
22040;Coadout;53;22;0;0;0;0;0;0;0;0;0;0;0;0;0;0;0;0;0;0;0;0;0;0;0;0;1;1;1;1;1;0;1;0;0;0;0;0;0
22041;Coatascorn;53;22;0;0;0;0;0;0;0;0;0;0;0;0;0;0;0;0;0;0;0;0;0;0;0;0;0;0;1;1;0;0;0;0;0;0;0;0;0
22042;Coatréven;53;22;0;0;0;0;0;0;0;0;0;0;0;0;0;0;0;0;0;0;0;1;0;0;0;0;2;0;2;1;0;0;1;0;0;2;0;0;0
22043;Coëtlogon;53;22;0;0;0;0;0;0;0;0;0;0;0;0;0;0;0;0;0;0;0;0;0;0;0;0;1;0;0;0;0;0;0;0;0;0;0;0;0
22044;Coëtmieux;53;22;0;0;0;0;0;0;0;0;0;0;0;0;1;0;0;0;0;0;0;1;2;0;0;0;5;4;5;3;3;1;1;0;0;3;1;0;0
22045;Cohiniac;53;22;0;0;0;0;0;0;0;0;0;0;0;0;0;0;0;0;0;0;0;0;0;0;0;0;0;3;2;0;0;0;0;0;0;0;0;0;1
22046;Le Mené;53;22;0;1;0;0;0;0;0;0;0;0;0;0;0;0;0;4;0;1;1;3;8;0;0;2;8;4;10;10;5;2;7;5;0;7;0;0;2
22047;Corlay;53;22;0;1;0;0;0;0;0;0;0;0;1;0;0;0;0;2;1;1;0;0;2;0;0;0;0;1;1;2;1;0;2;2;0;3;1;0;1
22048;Corseul;53;22;0;0;0;0;0;0;0;0;0;0;0;0;0;0;0;0;1;1;0;0;1;0;0;0;3;3;7;1;1;4;3;0;0;4;0;0;1
22049;Créhen;53;22;0;0;0;0;0;0;0;0;0;0;0;0;0;0;0;0;0;0;0;1;2;0;0;0;1;6;5;5;2;0;2;0;0;5;0;0;1
22050;Dinan;53;22;1;1;0;0;1;1;0;0;0;0;5;1;3;0;0;11;4;1;0;0;6;0;1;7;7;12;6;9;4;1;28;4;18;110;20;3;10
22052;Duault;53;22;0;0;0;0;0;0;0;0;0;0;0;0;0;0;0;0;0;0;0;0;1;0;0;0;1;0;0;0;0;0;0;0;0;0;0;0;0
22053;Éréac;53;22;0;0;0;0;0;0;0;0;0;0;0;0;0;0;0;0;0;0;0;1;2;0;0;0;1;1;1;0;0;1;2;0;0;0;0;0;0
22054;Erquy;53;22;0;0;0;0;0;0;0;0;0;0;0;0;0;0;0;6;3;1;0;0;7;2;1;2;3;3;6;6;3;2;6;3;0;24;5;0;2
22055;Étables-sur-Mer;53;22;0;1;0;0;0;0;0;0;0;0;1;0;0;0;0;2;1;1;0;0;7;1;0;2;3;6;1;8;2;1;4;0;0;10;4;1;3
22056;Évran;53;22;0;0;0;0;0;0;0;0;0;0;0;0;0;0;0;2;1;1;0;0;4;1;1;0;4;5;4;6;1;0;3;1;0;3;2;0;0
22057;Le Faouët;53;22;0;0;0;0;0;0;0;0;0;0;0;0;0;0;0;0;0;0;0;0;0;0;0;0;0;2;0;1;0;0;0;0;0;0;0;0;0
22059;Le Foeil;53;22;0;0;0;0;0;0;0;0;0;0;0;0;0;0;0;0;0;0;0;0;1;0;0;0;1;2;3;2;3;0;1;0;0;1;0;0;0
22060;Gausson;53;22;0;0;0;0;0;0;0;0;0;0;0;0;0;0;0;0;0;0;0;1;0;0;0;0;0;1;1;1;0;1;0;0;0;1;0;0;0
22061;Glomel;53;22;0;0;0;0;0;0;0;0;0;0;0;0;0;0;0;0;0;0;0;1;1;0;0;0;1;0;1;3;2;2;1;0;0;3;0;0;1
22062;Gomené;53;22;0;0;0;0;0;0;0;0;0;0;0;0;0;0;0;0;0;0;0;0;1;0;0;0;0;0;4;0;1;1;0;0;0;3;0;0;0
22063;Gommenec'h;53;22;0;0;0;0;0;0;0;0;0;0;0;0;0;0;0;0;0;0;0;0;0;0;0;0;0;0;2;0;0;1;0;0;0;1;0;0;0
22064;Gouarec;53;22;0;1;0;0;0;0;0;0;0;0;0;0;0;0;0;2;1;1;0;0;0;0;0;0;1;1;0;0;1;0;1;1;0;1;1;0;0
22065;Goudelin;53;22;0;0;0;0;0;0;0;0;0;0;0;0;0;0;0;0;0;0;0;1;2;0;0;0;3;0;4;5;2;0;2;0;0;1;0;0;1
22067;Grâces;53;22;0;0;0;0;0;0;0;0;0;0;0;0;0;0;0;1;0;0;0;0;1;0;0;0;1;2;5;5;3;0;1;0;1;7;0;1;0
22068;Grâce-Uzel;53;22;0;0;0;0;0;0;0;0;0;0;0;0;0;0;0;0;0;0;0;0;3;0;0;0;0;1;1;0;1;0;0;0;0;1;0;0;0
22069;Guenroc;53;22;0;0;0;0;0;0;0;0;0;0;0;0;0;0;0;0;0;0;0;0;0;0;0;0;0;0;0;0;0;0;0;0;0;0;0;0;0
22070;Guingamp;53;22;1;1;0;1;1;1;0;0;0;0;5;1;3;0;0;10;1;2;0;0;9;0;0;7;2;12;7;7;1;0;22;4;6;38;10;6;4
22071;Guitté;53;22;0;0;0;0;0;0;0;0;0;0;0;0;0;0;0;0;0;0;1;0;1;0;0;0;0;1;1;1;1;0;1;0;0;1;0;0;0
22072;Gurunhuel;53;22;0;0;0;0;0;0;0;0;0;0;0;0;0;0;0;0;0;0;0;0;0;0;0;0;2;2;0;2;0;0;0;0;0;1;0;0;0
22073;La Harmoye;53;22;0;0;0;0;0;0;0;0;0;0;0;0;0;0;0;0;0;0;1;0;0;0;0;0;2;0;0;0;0;0;0;0;0;0;0;0;0
22074;Le Haut-Corlay;53;22;0;0;0;0;0;0;0;0;0;0;0;0;0;0;0;0;0;0;0;0;1;0;0;0;1;1;5;1;1;0;1;2;0;2;1;0;0
22075;Hémonstoir;53;22;0;0;0;0;0;0;0;0;0;0;0;0;0;0;0;0;0;0;0;0;2;0;0;0;0;0;1;0;1;0;0;0;0;2;0;0;0
22076;Hénanbihen;53;22;0;0;0;0;0;0;0;0;0;0;0;0;0;0;0;0;0;0;0;1;2;0;0;1;1;2;2;3;2;1;4;3;0;2;0;0;0
22077;Hénansal;53;22;0;0;0;0;0;0;0;0;0;0;0;0;0;0;0;0;0;0;0;1;4;0;0;0;1;1;4;1;1;0;2;0;0;2;0;0;1
22078;Hengoat;53;22;0;0;0;0;0;0;0;0;0;0;0;0;0;0;0;0;0;0;0;0;0;0;0;0;0;0;1;0;0;0;0;0;0;0;0;0;0
22079;Hénon;53;22;0;0;0;0;0;0;0;0;0;0;0;0;0;0;0;0;1;0;0;1;4;0;0;0;1;6;10;2;1;0;1;0;0;0;0;0;1
22081;Hillion;53;22;0;0;0;0;0;0;0;0;0;0;0;0;0;0;0;1;0;1;0;0;5;1;0;1;8;10;8;19;4;3;5;0;1;5;1;1;2
22082;Le Hinglé;53;22;0;0;0;0;0;0;0;0;0;0;0;0;0;0;0;0;0;1;0;0;0;0;0;0;3;0;2;1;1;0;1;0;0;1;0;0;1
22083;Illifaut;53;22;0;0;0;0;0;0;0;0;0;0;0;0;0;0;0;0;0;0;0;1;1;0;0;0;0;1;1;1;0;0;1;0;0;1;0;0;0
22084;Jugon-les-Lacs - Commune nouvelle;53;22;0;1;0;0;0;0;0;0;0;0;1;0;0;0;0;3;0;1;0;0;3;0;1;0;4;4;4;0;1;1;2;2;0;7;2;0;3
22085;Kerbors;53;22;0;0;0;0;0;0;0;0;0;0;0;0;0;0;0;0;0;0;0;0;0;0;0;0;0;0;1;0;0;0;1;0;0;1;0;0;0
22086;Kerfot;53;22;0;0;0;0;0;0;0;0;0;0;0;0;0;0;0;0;0;0;0;0;3;0;0;0;0;3;3;3;2;1;0;0;0;1;0;0;0
22087;Kergrist-Moëlou;53;22;0;0;0;0;0;0;0;0;0;0;0;0;0;0;0;0;0;0;0;1;2;0;0;0;3;0;1;1;0;0;0;0;0;1;0;0;0
22088;Kerien;53;22;0;0;0;0;0;0;0;0;0;0;0;0;0;0;0;0;0;0;0;1;0;0;0;0;3;2;2;0;0;0;1;0;0;0;0;0;0
22090;Kermaria-Sulard;53;22;0;0;0;0;0;0;0;0;0;0;0;0;0;0;0;0;2;0;0;1;0;0;0;0;3;4;1;1;1;0;1;0;0;1;0;0;2
22091;Kermoroc'h;53;22;0;0;0;0;0;0;0;0;0;0;0;0;0;0;0;0;0;0;1;0;0;0;0;0;1;0;0;0;0;0;0;0;0;0;0;0;0
22092;Kerpert;53;22;0;0;0;0;0;0;0;0;0;0;0;0;0;0;0;0;0;0;0;0;1;0;0;0;0;1;1;0;0;0;0;0;0;2;0;0;0
22093;Lamballe;53;22;0;1;0;0;0;0;0;0;0;0;1;1;7;0;0;11;4;1;0;0;21;4;0;2;16;22;17;26;7;6;17;3;19;41;12;4;6
22094;Lancieux;53;22;0;0;0;0;0;0;0;0;0;0;0;0;0;0;0;0;0;1;0;0;1;0;0;1;2;8;1;4;3;0;2;1;0;4;4;0;0
22095;Landebaëron;53;22;0;0;0;0;0;0;0;0;0;0;0;0;0;0;0;0;0;0;0;0;0;0;0;0;0;0;0;0;0;0;0;0;0;0;0;0;0
22096;Landébia;53;22;0;0;0;0;0;0;0;0;0;0;0;0;0;0;0;0;0;0;0;1;0;0;0;0;1;1;2;0;0;0;0;0;0;1;0;0;0
22097;La Landec;53;22;0;0;0;0;0;0;0;0;0;0;0;0;0;0;0;0;0;0;0;0;2;0;0;0;4;0;2;0;1;0;0;0;0;0;0;0;0
22098;Landéhen;53;22;0;0;0;0;0;0;0;0;0;0;0;0;1;0;0;0;0;0;0;0;0;0;0;0;2;4;3;4;1;1;1;0;0;0;0;0;1
22099;Lanfains;53;22;0;0;0;0;0;0;0;0;0;0;0;0;0;0;0;0;0;0;0;0;0;0;0;0;0;0;2;2;0;0;1;0;0;2;0;0;0
22100;Langast;53;22;0;0;0;0;0;0;0;0;0;0;0;0;0;0;0;0;0;0;1;0;2;0;0;0;3;1;0;3;1;0;1;0;0;1;0;0;0
22101;Langoat;53;22;0;0;0;0;0;0;0;0;0;0;0;0;0;0;0;0;0;0;0;0;2;0;0;0;1;1;2;6;1;0;1;0;0;1;0;0;0
22103;Langrolay-sur-Rance;53;22;0;0;0;0;0;0;0;0;0;0;0;0;0;0;0;0;0;0;0;1;0;0;0;0;1;1;1;2;1;0;0;0;0;0;1;0;1
22104;Languédias;53;22;0;0;0;0;0;0;0;0;0;0;0;0;0;0;0;0;0;0;0;0;1;0;0;0;1;2;1;0;1;0;0;0;0;0;0;0;0
22105;Languenan;53;22;0;0;0;0;0;0;0;0;0;0;0;0;0;0;0;0;0;0;0;0;4;0;0;0;4;1;4;5;1;0;1;0;0;0;0;0;0
22106;Langueux;53;22;0;0;0;0;0;0;0;0;0;0;0;0;0;0;0;5;1;1;0;0;15;0;1;2;11;9;16;6;8;8;9;3;0;20;5;2;9
22107;Laniscat;53;22;0;0;0;0;0;0;0;0;0;0;0;0;0;0;0;0;0;0;0;1;2;0;0;1;2;3;2;3;0;1;0;0;0;2;0;0;0
22108;Lanleff;53;22;0;0;0;0;0;0;0;0;0;0;0;0;0;0;0;0;0;0;0;0;0;0;0;0;0;0;0;1;0;0;1;0;0;1;0;0;0
22109;Lanloup;53;22;0;0;0;0;0;0;0;0;0;0;0;0;0;0;0;0;0;0;0;0;0;0;0;0;0;0;1;1;0;0;0;0;0;2;0;0;0
22110;Lanmérin;53;22;0;0;0;0;0;0;0;0;0;0;0;0;0;0;0;0;0;0;0;0;0;0;0;0;1;3;1;1;0;1;0;0;0;0;0;0;0
22111;Lanmodez;53;22;0;0;0;0;0;0;0;0;0;0;0;0;0;0;0;0;0;0;0;0;0;0;0;0;0;1;0;0;0;0;0;0;0;0;0;0;0
22112;Lannebert;53;22;0;0;0;0;0;0;0;0;0;0;0;0;0;0;0;0;0;0;0;0;0;0;0;0;0;0;3;1;1;1;0;0;0;1;0;0;0
22113;Lannion;53;22;1;1;0;0;0;0;0;0;0;0;5;1;4;1;0;16;6;2;0;1;30;4;3;6;22;33;25;22;15;12;35;3;7;73;14;5;12
22114;Lanrelas;53;22;0;0;0;0;0;0;0;0;0;0;0;0;0;0;0;0;0;0;0;1;1;0;0;0;2;0;2;1;0;1;2;0;0;2;2;0;0
22115;Lanrivain;53;22;0;0;0;0;0;0;0;0;0;0;0;0;0;0;0;0;0;0;0;1;0;0;0;0;0;0;3;0;1;0;0;0;0;0;0;0;0
22116;Lanrodec;53;22;0;0;0;0;0;0;0;0;0;0;0;0;0;0;0;0;0;0;0;0;3;0;1;0;3;2;0;6;0;1;0;0;0;2;1;0;0
22117;Lantic;53;22;0;0;0;0;0;0;0;0;0;0;0;0;0;0;0;0;0;0;0;1;3;0;0;0;4;2;6;3;1;0;3;0;0;4;0;0;1
22118;Lanvallay;53;22;0;0;0;0;0;0;0;0;0;0;0;0;0;0;0;2;2;1;0;0;8;1;0;1;5;2;4;4;3;1;3;1;0;8;3;0;2
22119;Lanvellec;53;22;0;0;0;0;0;0;0;0;0;0;0;0;0;0;0;0;0;0;0;1;0;0;0;0;3;1;0;2;0;0;0;0;0;2;0;0;0
22121;Lanvollon;53;22;0;1;0;0;0;0;0;0;0;0;1;0;1;0;0;2;2;1;0;0;4;0;0;2;2;1;7;5;3;2;6;2;0;5;0;1;3
22122;Laurenan;53;22;0;0;0;0;0;0;0;0;0;0;0;0;0;0;0;0;0;0;0;0;0;0;0;0;0;0;1;0;1;0;1;0;0;3;0;0;0
22123;Léhon;53;22;0;0;0;0;0;0;0;0;0;0;0;0;0;0;0;1;0;0;0;0;4;0;0;0;1;0;1;1;3;0;3;0;0;2;0;1;1
22124;Lescouët-Gouarec;53;22;0;0;0;0;0;0;0;0;0;0;0;0;0;0;0;0;0;0;0;0;0;0;0;0;1;0;0;0;0;0;0;0;0;0;0;0;0
22126;Le Leslay;53;22;0;0;0;0;0;0;0;0;0;0;0;0;0;0;0;0;0;0;0;0;0;0;0;0;1;0;1;0;0;0;0;0;0;0;0;0;0
22127;Lézardrieux;53;22;0;1;0;0;0;0;0;0;0;0;1;0;0;0;0;2;1;1;0;0;2;0;0;0;1;3;2;1;1;0;3;0;0;6;3;1;1
22128;Locarn;53;22;0;0;0;0;0;0;0;0;0;0;0;0;0;0;0;0;0;0;0;0;1;0;0;0;0;0;2;1;0;1;0;0;0;1;1;0;0
22129;Loc-Envel;53;22;0;0;0;0;0;0;0;0;0;0;0;0;0;0;0;0;0;0;0;0;0;0;0;0;1;0;0;0;0;0;0;0;0;0;0;0;0
22131;Loguivy-Plougras;53;22;0;0;0;0;0;0;0;0;0;0;0;0;0;0;0;0;0;1;0;0;0;0;0;0;1;1;3;3;2;0;1;0;0;2;0;0;0
22132;Lohuec;53;22;0;0;0;0;0;0;0;0;0;0;0;0;0;0;0;0;0;0;0;0;0;0;0;0;1;1;2;0;0;0;0;0;0;0;0;0;0
22133;Loscouët-sur-Meu;53;22;0;0;0;0;0;0;0;0;0;0;0;0;0;0;0;0;0;0;0;0;0;0;0;0;2;2;1;3;0;0;0;0;0;1;0;0;2
22134;Louannec;53;22;0;0;0;0;0;0;0;0;0;0;0;0;0;0;0;0;0;1;0;0;3;0;0;1;3;3;9;7;6;1;5;0;0;5;2;0;2
22135;Louargat;53;22;0;0;0;0;0;0;0;0;0;0;0;0;0;0;0;0;1;1;0;0;2;0;0;1;3;1;5;3;5;0;4;1;0;2;0;0;0
22136;Loudéac;53;22;0;1;0;0;0;0;0;0;0;0;5;1;7;1;0;10;2;1;0;0;24;5;1;5;12;5;11;12;5;3;14;8;14;26;7;3;5
22137;Maël-Carhaix;53;22;0;0;0;0;0;0;0;0;0;0;0;0;0;0;0;2;2;1;0;0;5;0;0;0;2;2;4;6;2;0;1;0;0;3;1;0;0
22138;Maël-Pestivien;53;22;0;0;0;0;0;0;0;0;0;0;0;0;0;0;0;0;0;1;0;0;1;0;0;0;1;1;3;0;0;0;0;0;0;1;0;0;0
22139;Magoar;53;22;0;0;0;0;0;0;0;0;0;0;0;0;0;0;0;0;0;0;0;0;0;0;0;0;0;0;0;0;0;0;0;0;0;0;0;0;0
22140;La Malhoure;53;22;0;0;0;0;0;0;0;0;0;0;0;0;0;0;0;0;0;0;0;0;1;0;0;0;4;1;1;0;1;0;0;0;0;1;0;0;0
22141;Mantallot;53;22;0;0;0;0;0;0;0;0;0;0;0;0;0;0;0;0;0;0;0;0;0;0;0;0;1;0;0;0;2;0;0;0;0;1;0;0;0
22143;Matignon;53;22;0;1;0;0;0;0;0;0;0;0;1;0;0;0;0;2;0;1;0;0;5;1;0;2;2;2;3;2;1;0;5;1;0;6;2;0;2
22144;La Méaugon;53;22;0;0;0;0;0;0;0;0;0;0;0;0;0;0;0;0;0;0;0;1;1;0;0;0;3;1;1;4;0;2;1;0;0;1;1;0;0
22145;Mégrit;53;22;0;0;0;0;0;0;0;0;0;0;0;0;0;0;0;0;0;0;0;0;0;0;0;0;3;1;1;2;1;0;0;0;0;0;0;0;0
22146;Mellionnec;53;22;0;0;0;0;0;0;0;0;0;0;0;0;0;0;0;0;0;0;0;0;0;0;0;0;1;0;1;1;0;0;0;0;0;2;0;0;0
22147;Merdrignac;53;22;0;1;0;0;0;0;0;0;0;0;1;0;1;0;0;4;1;1;0;0;7;1;0;3;6;3;2;4;2;1;4;2;1;4;2;0;1
22148;Mérillac;53;22;0;0;0;0;0;0;0;0;0;0;0;0;0;0;0;0;0;0;0;0;0;0;0;0;0;0;0;1;0;0;0;0;0;0;0;0;0
22149;Merléac;53;22;0;0;0;0;0;0;0;0;0;0;0;0;0;0;0;0;0;0;0;0;1;0;0;0;0;0;2;2;2;1;0;0;0;1;0;0;0
22150;Le Merzer;53;22;0;0;0;0;0;0;0;0;0;0;0;0;0;0;0;0;0;0;0;1;1;0;0;0;0;0;2;4;0;1;2;0;0;1;0;0;0
22152;Minihy-Tréguier;53;22;0;0;0;0;0;0;0;0;0;0;0;0;0;0;0;0;0;0;0;0;6;0;1;0;1;4;5;4;1;0;1;1;0;4;1;0;0
22153;Moncontour;53;22;0;1;0;0;0;0;0;0;0;0;1;0;0;0;0;2;0;1;0;0;0;0;0;0;0;0;0;0;0;0;2;1;0;6;0;0;1
22154;Morieux;53;22;0;0;0;0;0;0;0;0;0;0;0;0;0;0;0;0;0;0;0;0;0;0;0;0;2;1;3;4;1;0;0;0;0;1;0;0;0
22155;La Motte;53;22;0;0;0;0;0;0;0;0;0;0;0;0;0;0;0;0;0;1;0;0;3;0;0;0;3;5;6;0;3;0;2;0;0;2;0;0;1
22156;Moustéru;53;22;0;0;0;0;0;0;0;0;0;0;0;0;0;0;0;0;0;0;0;0;2;0;0;0;0;2;1;3;0;0;1;0;0;1;0;0;0
22157;Le Moustoir;53;22;0;0;0;0;0;0;0;0;0;0;0;0;0;0;0;0;0;0;0;0;2;0;0;0;0;0;0;0;0;0;1;0;0;0;0;0;0
22158;Mûr-de-Bretagne;53;22;0;1;0;0;0;0;0;0;0;0;0;0;1;0;0;2;0;1;0;0;5;1;0;1;2;2;4;4;1;0;2;2;0;5;0;0;2
22160;Noyal;53;22;0;0;0;0;0;0;0;0;0;0;0;0;0;0;0;0;0;0;0;0;1;0;0;0;0;1;1;2;1;1;1;0;0;2;0;0;0
22161;Pabu;53;22;0;0;0;0;0;0;0;0;0;0;0;0;0;0;0;0;1;0;0;0;4;0;0;0;0;3;2;2;0;2;1;1;0;4;2;0;0
22162;Paimpol;53;22;0;1;0;0;0;0;0;0;0;0;2;0;2;0;0;8;4;1;0;1;8;3;0;5;12;9;9;18;5;3;17;2;2;43;13;6;3
22163;Paule;53;22;0;0;0;0;0;0;0;0;0;0;0;0;0;0;0;0;0;0;1;0;1;0;0;0;0;0;1;1;0;0;0;0;0;1;0;0;0
22164;Pédernec;53;22;0;0;0;0;0;0;0;0;0;0;0;0;0;0;0;0;0;1;0;0;0;1;0;0;4;4;2;6;1;0;1;0;0;4;0;0;0
22165;Penguily;53;22;0;0;0;0;0;0;0;0;0;0;0;0;0;0;0;0;0;0;0;0;2;0;0;0;3;0;0;0;1;0;0;0;0;1;0;0;1
22166;Penvénan;53;22;0;0;0;0;0;0;0;0;0;0;0;0;0;0;0;2;2;1;0;0;7;0;0;0;2;4;3;4;1;0;3;0;0;6;2;0;2
22167;Perret;53;22;0;0;0;0;0;0;0;0;0;0;0;0;0;0;0;0;0;0;0;0;0;0;0;0;0;0;1;0;0;0;0;0;0;0;0;0;0
22168;Perros-Guirec;53;22;0;1;0;0;0;0;0;0;0;0;1;0;0;0;0;7;2;1;1;0;7;0;0;1;5;11;10;11;6;4;13;2;0;58;11;3;5
22169;Peumerit-Quintin;53;22;0;0;0;0;0;0;0;0;0;0;0;0;0;0;0;0;0;0;0;0;0;0;0;0;0;0;0;0;0;0;0;0;0;1;0;0;0
22170;Plaine-Haute;53;22;0;0;0;0;0;0;0;0;0;0;0;0;0;0;0;0;0;0;0;0;2;0;0;0;2;3;2;2;2;0;1;0;0;2;0;0;1
22171;Plaintel;53;22;0;0;0;0;0;0;0;0;0;0;0;0;0;0;0;2;0;1;0;0;7;1;0;1;7;8;11;4;7;2;7;3;0;11;1;1;3
22172;Plancoët;53;22;0;1;0;0;0;0;0;0;0;0;1;0;0;0;0;5;0;1;0;0;10;1;0;2;2;7;4;3;4;1;4;3;1;10;6;2;4
22173;Planguenoual;53;22;0;0;0;0;0;0;0;0;0;0;0;0;0;0;0;0;0;1;0;0;3;0;0;0;5;3;2;3;5;1;3;0;0;3;0;0;1
22174;Pléboulle;53;22;0;0;0;0;0;0;0;0;0;0;0;0;0;0;0;0;0;0;0;1;0;0;0;0;1;1;2;1;2;0;0;0;0;2;0;0;1
22175;Plédéliac;53;22;0;0;0;0;0;0;0;0;0;0;0;0;0;0;0;0;0;0;0;1;3;0;0;0;1;3;0;2;0;0;3;0;0;8;1;0;0
22176;Plédran;53;22;0;0;0;0;0;0;0;0;0;0;0;0;0;0;0;2;0;1;0;0;7;1;0;1;20;9;11;10;6;1;5;2;0;6;1;1;2
22177;Pléguien;53;22;0;0;0;0;0;0;0;0;0;0;0;0;0;0;0;0;0;0;0;1;1;1;0;0;2;2;3;5;0;0;2;0;0;2;1;0;0
22178;Pléhédel;53;22;0;0;0;0;0;0;0;0;0;0;0;0;0;0;0;0;1;0;0;1;1;0;0;0;2;2;3;3;1;0;1;0;0;2;0;0;0
22179;Fréhel;53;22;0;0;0;0;0;0;0;0;0;0;0;0;1;0;0;0;1;1;0;1;1;0;0;1;4;1;2;4;2;0;3;0;0;23;1;0;0
22180;Plélan-le-Petit;53;22;0;0;0;0;0;0;0;0;0;0;0;0;0;0;0;2;0;1;0;0;4;0;0;1;1;0;3;0;0;1;5;0;0;3;1;0;2
22181;Plélauff;53;22;0;0;0;0;0;0;0;0;0;0;0;0;0;0;0;0;0;0;0;0;0;0;0;0;0;2;0;3;0;1;0;0;0;2;0;0;0
22182;Plélo;53;22;0;0;0;0;0;0;0;0;0;0;0;0;0;0;0;0;1;1;0;0;7;1;0;1;4;8;7;8;0;1;5;0;0;4;0;0;0
22183;Les Moulins;53;22;0;1;0;0;0;0;0;0;0;0;0;0;0;0;0;2;3;1;0;0;4;0;0;1;4;1;4;6;1;0;4;0;0;4;1;0;2
22184;Plémy;53;22;0;0;0;0;0;0;0;0;0;0;0;0;0;0;0;1;0;0;0;1;3;0;0;0;2;2;2;0;2;1;1;0;0;1;0;0;1
22185;Plénée-Jugon;53;22;0;0;0;0;0;0;0;0;0;0;0;0;0;0;0;2;1;1;0;0;7;0;0;1;4;1;9;4;5;2;4;0;0;5;2;0;2
22186;Pléneuf-Val-André;53;22;0;1;0;0;0;0;0;0;0;0;1;0;0;0;0;6;2;1;0;0;3;0;0;1;4;4;6;9;3;1;6;2;0;23;8;2;2
22187;Plérin;53;22;0;0;0;0;0;0;0;0;0;0;0;0;1;0;0;15;4;3;0;0;16;1;3;4;18;20;22;23;10;8;15;3;3;42;14;2;5
22188;Plerneuf;53;22;0;0;0;0;0;0;0;0;0;0;0;0;0;0;0;0;0;0;0;0;1;0;0;0;3;1;6;2;1;1;0;0;0;0;0;0;0
22189;Plésidy;53;22;0;0;0;0;0;0;0;0;0;0;0;0;0;0;0;0;0;0;0;1;0;0;0;0;0;0;2;0;1;0;1;0;0;1;0;0;0
22190;Pleslin-Trigavou;53;22;0;0;0;0;0;0;0;0;0;0;0;0;0;0;0;0;2;1;0;0;8;0;0;1;5;11;10;6;1;1;8;0;0;2;0;1;1
22192;Plessix-Balisson;53;22;0;0;0;0;0;0;0;0;0;0;0;0;0;0;0;0;0;0;0;0;0;0;0;0;0;2;2;0;0;0;0;0;0;0;0;0;0
22193;Plestan;53;22;0;0;0;0;0;0;0;0;0;0;0;0;0;0;0;0;1;0;1;0;3;1;0;0;2;2;5;2;1;1;1;1;0;3;0;0;1
22194;Plestin-les-Grèves;53;22;0;1;0;0;0;0;0;0;0;0;1;0;1;0;0;3;1;1;0;0;3;1;0;2;4;5;7;2;7;1;8;1;0;10;6;1;3
22195;Pleubian;53;22;0;0;0;0;0;0;0;0;0;0;0;0;0;0;0;2;0;1;0;1;1;0;0;0;4;2;1;4;4;0;6;0;0;5;2;0;1
22196;Pleudaniel;53;22;0;0;0;0;0;0;0;0;0;0;0;0;0;0;0;0;0;0;0;1;3;1;0;0;2;1;3;1;0;0;0;0;0;2;0;0;0
22197;Pleudihen-sur-Rance;53;22;0;0;0;0;0;0;0;0;0;0;0;0;0;0;0;2;0;1;0;0;5;0;0;1;2;2;6;5;2;1;3;0;0;3;1;0;2
22198;Pleumeur-Bodou;53;22;0;0;0;0;0;0;0;0;0;0;0;0;0;0;0;0;2;1;1;0;3;0;0;0;5;9;4;11;4;1;3;0;0;8;2;0;0
22199;Pleumeur-Gautier;53;22;0;0;0;0;0;0;0;0;0;0;0;0;0;0;0;0;0;0;0;1;3;0;1;0;4;2;1;4;1;0;2;0;0;2;0;0;0
22200;Pléven;53;22;0;0;0;0;0;0;0;0;0;0;0;0;0;0;0;0;0;0;0;0;0;0;0;0;3;1;1;0;1;0;1;0;0;0;0;0;0
22201;Plévenon;53;22;0;0;0;0;0;0;0;0;0;0;0;0;0;0;0;0;0;0;0;0;0;0;0;0;1;1;2;1;1;0;1;0;0;3;1;0;0
22202;Plévin;53;22;0;0;0;0;0;0;0;0;0;0;0;0;0;0;0;0;0;0;1;0;1;0;0;0;0;2;0;3;0;0;1;0;0;3;0;0;1
22203;Ploeuc-L'Hermitage;53;22;0;1;0;0;0;0;0;0;0;0;1;0;0;0;0;3;0;1;0;1;7;1;0;1;5;7;6;4;4;0;6;2;0;8;2;1;2
22204;Ploëzal;53;22;0;0;0;0;0;0;0;0;0;0;0;0;0;0;0;0;0;0;0;1;1;0;0;0;2;1;1;1;2;0;0;5;0;4;0;0;0
22205;Plorec-sur-Arguenon;53;22;0;0;0;0;0;0;0;0;0;0;0;0;0;0;0;0;0;0;0;0;1;0;0;0;1;1;3;0;0;0;1;0;0;0;0;0;0
22206;Plouagat;53;22;0;0;0;0;0;0;0;0;0;0;0;0;0;0;0;0;1;1;0;0;5;0;0;0;3;9;6;1;3;1;2;1;0;2;0;0;2
22207;Plouaret;53;22;0;1;0;0;0;0;0;0;0;0;1;0;2;0;0;2;1;1;0;0;2;0;0;2;6;3;2;6;1;0;5;1;0;5;3;1;2
22208;Plouasne;53;22;0;0;0;0;0;0;0;0;0;0;0;0;1;0;0;1;0;0;0;1;4;0;0;0;3;3;5;3;5;0;3;0;0;6;0;0;0
22209;Ploubalay;53;22;0;1;0;0;0;0;0;0;0;0;1;0;1;0;0;3;1;1;0;0;3;0;0;2;4;5;12;4;2;1;7;1;0;9;6;1;3
22210;Ploubazlanec;53;22;0;0;0;0;0;0;0;0;0;0;0;0;0;0;0;0;1;1;0;1;2;0;1;1;0;3;4;4;4;0;3;0;0;9;0;0;0
22211;Ploubezre;53;22;0;0;0;0;0;0;0;0;0;0;0;0;0;0;0;0;1;1;0;0;4;0;0;1;2;8;2;11;3;1;3;0;0;4;1;0;1
22212;Plouëc-du-Trieux;53;22;0;0;0;0;0;0;0;0;0;0;0;0;0;0;0;0;0;1;0;0;1;0;0;0;1;1;1;3;3;0;2;0;0;2;0;0;0
22213;Plouër-sur-Rance;53;22;0;0;0;0;0;0;0;0;0;0;0;0;0;0;0;2;3;1;0;0;3;0;0;2;6;7;9;12;4;2;3;2;0;6;1;1;1
22214;Plouézec;53;22;0;0;0;0;0;0;0;0;0;0;0;0;0;0;0;2;1;1;0;0;1;0;0;0;3;3;6;5;5;0;3;0;0;6;3;0;1
22215;Ploufragan;53;22;0;0;0;0;0;0;0;0;0;0;0;0;4;0;0;9;2;1;0;0;8;1;1;1;14;30;14;10;6;4;9;3;1;16;4;2;3
22216;Plougonver;53;22;0;0;0;0;0;0;0;0;0;0;0;0;0;0;0;0;0;0;0;1;0;0;0;0;0;0;4;1;2;0;0;0;0;1;0;0;0
22217;Plougras;53;22;0;0;0;0;0;0;0;0;0;0;0;0;0;0;0;0;0;0;0;0;0;0;0;0;3;0;0;2;0;0;0;0;0;0;0;0;0
22218;Plougrescant;53;22;0;0;0;0;0;0;0;0;0;0;0;0;0;0;0;0;0;1;0;0;0;0;0;0;1;1;2;3;1;2;1;1;0;8;0;0;1
22219;Plouguenast;53;22;0;1;0;0;0;0;0;0;0;0;0;0;0;0;0;2;1;1;0;0;2;0;0;1;1;4;2;4;0;0;2;2;0;1;0;0;0
22220;Plouguernével;53;22;0;0;0;0;0;0;0;0;0;0;0;0;0;0;0;0;1;1;0;0;4;0;0;0;0;3;4;0;1;0;1;0;0;1;1;0;1
22221;Plouguiel;53;22;0;0;0;0;0;0;0;0;0;0;0;0;0;0;0;0;0;0;0;1;2;0;0;0;2;3;1;1;0;0;1;0;0;4;0;0;1
22222;Plouha;53;22;0;1;0;0;0;0;0;0;0;0;0;0;0;0;0;5;2;1;0;0;4;1;0;3;4;7;7;5;7;2;6;1;0;11;5;1;2
22223;Plouisy;53;22;0;0;0;0;0;0;0;0;0;0;0;0;0;0;0;0;0;0;0;0;2;0;0;0;0;0;2;4;0;0;2;0;0;5;4;0;0
22224;Ploulec'h;53;22;0;0;0;0;0;0;0;0;0;0;0;0;0;0;0;0;0;0;0;0;2;1;0;0;2;4;6;4;1;0;2;0;0;5;0;1;1
22225;Ploumagoar;53;22;0;0;0;0;0;0;0;0;0;0;0;0;0;0;0;0;2;1;0;0;6;2;0;0;4;8;5;9;3;2;6;5;1;9;2;0;3
22226;Ploumilliau;53;22;0;0;0;0;0;0;0;0;0;0;0;0;0;0;0;1;1;1;0;0;6;0;0;2;6;3;10;3;2;0;3;0;0;4;0;0;2
22227;Plounérin;53;22;0;0;0;0;0;0;0;0;0;0;0;0;0;0;0;0;0;0;0;1;0;0;0;0;1;0;4;0;0;0;0;0;0;1;0;0;0
22228;Plounévez-Moëdec;53;22;0;0;0;0;0;0;0;0;0;0;0;0;0;0;0;0;0;1;0;0;6;0;0;0;2;1;5;4;4;0;1;0;0;4;0;0;0
22229;Plounévez-Quintin;53;22;0;0;0;0;0;0;0;0;0;0;0;0;0;0;0;0;0;0;0;1;1;0;0;1;1;2;4;1;1;0;3;0;0;4;0;0;0
22231;Plourac'h;53;22;0;0;0;0;0;0;0;0;0;0;0;0;0;0;0;0;0;0;0;0;0;0;0;0;0;0;1;0;1;0;0;0;0;1;0;0;0
22232;Plourhan;53;22;0;0;0;0;0;0;0;0;0;0;0;0;0;0;0;0;0;0;1;0;1;0;0;0;3;2;5;4;0;0;1;0;0;4;1;0;1
22233;Plourivo;53;22;0;0;0;0;0;0;0;0;0;0;0;0;0;0;0;0;0;1;0;0;1;0;0;0;3;2;4;2;1;0;3;0;0;1;1;0;0
22234;Plouvara;53;22;0;0;0;0;0;0;0;0;0;0;0;0;0;0;0;0;0;0;0;1;2;0;0;0;2;2;2;1;2;0;1;0;0;0;0;0;0
22235;Plouzélambre;53;22;0;0;0;0;0;0;0;0;0;0;0;0;0;0;0;0;0;0;0;0;0;0;0;0;0;0;0;0;1;0;0;0;0;0;0;0;0
22236;Pludual;53;22;0;0;0;0;0;0;0;0;0;0;0;0;0;0;0;0;0;0;0;0;0;0;0;0;5;0;1;0;1;0;1;0;0;1;0;0;0
22237;Pluduno;53;22;0;0;0;0;0;0;0;0;0;0;0;0;0;0;0;0;1;0;0;0;3;0;0;0;2;4;6;3;3;1;2;0;0;1;1;0;1
22238;Plufur;53;22;0;0;0;0;0;0;0;0;0;0;0;0;0;0;0;0;0;0;0;1;0;0;0;0;0;0;1;2;0;1;0;0;0;0;0;0;0
22239;Plumaudan;53;22;0;0;0;0;0;0;0;0;0;0;0;0;0;0;0;0;0;0;1;0;4;0;0;0;1;1;2;2;1;0;2;0;0;0;0;0;1
22240;Plumaugat;53;22;0;0;0;0;0;0;0;0;0;0;0;0;0;0;0;0;0;0;1;0;4;0;0;0;3;3;2;0;2;0;1;0;0;0;0;0;2
22241;Plumieux;53;22;0;0;0;0;0;0;0;0;0;0;0;0;0;0;0;0;0;0;0;1;2;0;0;0;1;1;2;0;1;0;1;0;0;1;0;0;0
22242;Plurien;53;22;0;0;0;0;0;0;0;0;0;0;0;0;0;0;0;0;0;1;0;0;3;0;0;0;1;2;2;2;4;0;2;0;0;2;1;0;2
22243;Plusquellec;53;22;0;0;0;0;0;0;0;0;0;0;0;0;0;0;0;0;0;0;0;0;0;0;0;0;0;1;1;2;1;0;0;0;0;1;0;0;0
22244;Plussulien;53;22;0;0;0;0;0;0;0;0;0;0;0;0;0;0;0;0;0;0;0;0;1;0;0;0;1;0;0;2;0;0;2;0;0;1;0;0;0
22245;Pluzunet;53;22;0;0;0;0;0;0;0;0;0;0;0;0;0;0;0;0;0;1;0;0;0;0;0;0;3;2;4;7;0;0;2;0;0;1;0;0;0
22246;Pommeret;53;22;0;0;0;0;0;0;0;0;0;0;0;0;0;0;0;0;0;0;0;1;5;0;0;1;5;5;2;2;1;0;3;0;0;3;0;0;0
22247;Pommerit-Jaudy;53;22;0;0;0;0;0;0;0;0;0;0;0;0;0;0;0;0;0;0;0;0;1;0;0;0;0;0;2;0;0;1;0;1;0;4;1;0;0
22248;Pommerit-le-Vicomte;53;22;0;0;0;0;0;0;0;0;0;0;0;0;0;0;0;0;2;1;0;0;1;0;0;0;5;5;3;1;4;1;3;1;0;0;0;0;0
22249;Pont-Melvez;53;22;0;0;0;0;0;0;0;0;0;0;0;0;0;0;0;0;0;0;0;1;4;0;0;0;2;0;1;2;1;0;1;0;0;1;0;0;1
22250;Pontrieux;53;22;0;1;0;0;0;0;0;0;0;0;0;0;0;0;0;2;0;1;0;0;1;0;0;0;1;1;3;5;0;0;3;0;0;10;1;0;1
22251;Pordic;53;22;0;0;0;0;0;0;0;0;0;0;0;0;0;0;0;2;0;1;0;0;2;1;1;6;3;12;11;13;4;2;8;2;0;4;5;2;2
22253;Pouldouran;53;22;0;0;0;0;0;0;0;0;0;0;0;0;0;0;0;0;0;0;0;0;0;0;0;0;0;1;0;0;0;0;0;0;0;0;0;0;0
22254;Prat;53;22;0;0;0;0;0;0;0;0;0;0;0;0;0;0;0;0;0;1;0;0;1;0;0;0;1;2;3;1;1;0;1;0;0;0;0;0;0
22255;La Prénessaye;53;22;0;0;0;0;0;0;0;0;0;0;0;0;0;0;0;0;0;0;0;0;0;0;0;0;1;0;1;1;0;0;1;0;0;0;0;0;0
22256;Quemper-Guézennec;53;22;0;0;0;0;0;0;0;0;0;0;0;0;0;0;0;0;0;0;0;1;2;1;0;0;1;2;2;2;1;2;1;0;0;2;0;0;0
22257;Quemperven;53;22;0;0;0;0;0;0;0;0;0;0;0;0;0;0;0;0;0;0;0;0;0;0;0;0;4;0;1;2;0;0;0;0;0;0;0;0;0
22258;Quessoy;53;22;0;0;0;0;0;0;0;0;0;0;0;0;0;0;0;2;0;1;0;0;7;0;0;2;10;9;1;8;4;2;5;0;0;4;1;0;1
22259;Quévert;53;22;0;0;0;0;0;0;0;0;0;0;0;0;0;0;0;1;0;1;0;0;10;1;0;1;5;6;12;6;4;6;5;1;0;8;0;0;5
22260;Le Quillio;53;22;0;0;0;0;0;0;0;0;0;0;0;0;0;0;0;0;0;0;0;0;2;0;0;0;2;0;2;0;2;0;0;0;0;0;0;0;0
22261;Quintenic;53;22;0;0;0;0;0;0;0;0;0;0;0;0;0;0;0;0;0;0;0;0;0;0;0;0;0;1;0;1;0;0;0;0;0;0;0;0;0
22262;Quintin;53;22;0;1;0;0;0;0;0;0;0;0;1;0;0;0;0;6;2;1;0;0;1;0;0;3;1;1;2;3;1;0;5;4;0;8;1;0;2
22263;Le Quiou;53;22;0;0;0;0;0;0;0;0;0;0;0;0;0;0;0;0;0;0;0;0;0;0;0;0;0;1;0;0;0;0;1;0;0;1;0;0;0
22264;La Roche-Derrien;53;22;0;0;0;0;0;0;0;0;0;0;0;0;0;0;0;1;1;1;0;0;3;0;0;1;4;3;1;1;2;0;2;0;0;1;1;0;0
22265;Rospez;53;22;0;0;0;0;0;0;0;0;0;0;0;0;0;0;0;0;0;1;0;0;0;0;0;0;6;2;0;1;1;0;1;0;0;4;0;0;0
22266;Rostrenen;53;22;0;1;0;0;0;0;0;0;0;0;1;0;1;0;0;6;3;1;0;0;9;1;0;1;3;1;2;3;2;0;7;6;0;18;3;1;3
22267;Rouillac;53;22;0;0;0;0;0;0;0;0;0;0;0;0;0;0;0;0;0;0;0;0;1;0;0;0;4;0;2;0;2;0;0;0;0;0;0;0;0
22268;Ruca;53;22;0;0;0;0;0;0;0;0;0;0;0;0;0;0;0;0;0;0;0;0;0;0;0;0;0;1;0;0;1;0;0;0;0;0;0;0;1
22269;Runan;53;22;0;0;0;0;0;0;0;0;0;0;0;0;0;0;0;0;0;0;0;0;0;0;0;0;1;1;2;1;0;0;0;0;0;0;0;0;0
22271;Saint-Adrien;53;22;0;0;0;0;0;0;0;0;0;0;0;0;0;0;0;0;0;0;0;0;0;0;0;0;0;0;2;0;0;0;0;0;0;0;0;0;0
22272;Saint-Agathon;53;22;0;0;0;0;0;0;0;0;0;0;0;0;0;0;0;0;0;0;0;1;5;1;0;0;5;7;9;4;3;0;2;0;2;1;1;1;1
22273;Saint-Alban;53;22;0;0;0;0;0;0;0;0;0;0;0;0;0;0;0;0;0;0;0;1;2;0;0;1;4;7;6;4;3;2;3;0;0;8;3;0;2
22274;Saint-André-des-Eaux;53;22;0;0;0;0;0;0;0;0;0;0;0;0;0;0;0;0;0;0;0;0;0;0;0;0;1;0;0;0;0;0;0;0;0;2;0;0;0
22275;Saint-Barnabé;53;22;0;0;0;0;0;0;0;0;0;0;0;0;0;0;0;0;0;0;0;1;0;0;0;0;1;2;2;1;1;0;2;0;0;2;0;0;1
22276;Saint-Bihy;53;22;0;0;0;0;0;0;0;0;0;0;0;0;0;0;0;0;0;0;0;0;0;0;0;0;2;0;1;0;0;0;0;0;0;0;0;0;0
22277;Saint-Brandan;53;22;0;0;0;0;0;0;0;0;0;0;0;0;0;0;0;0;1;0;0;1;6;1;0;0;1;3;4;6;1;0;2;2;0;2;1;0;0
22278;Saint-Brieuc;53;22;1;0;0;1;1;1;1;1;0;0;16;2;6;0;0;35;8;7;0;0;39;3;6;11;42;59;33;34;34;12;62;3;27;163;41;10;15
22279;Saint-Caradec;53;22;0;0;0;0;0;0;0;0;0;0;0;0;0;0;0;0;0;0;0;1;1;0;0;0;2;0;1;1;0;0;1;0;0;2;0;0;0
22280;Saint-Carné;53;22;0;0;0;0;0;0;0;0;0;0;0;0;0;0;0;0;0;0;0;0;4;0;0;0;1;3;2;4;0;0;0;0;0;1;0;0;1
22281;Saint-Carreuc;53;22;0;0;0;0;0;0;0;0;0;0;0;0;0;0;0;0;0;0;0;1;2;0;0;0;3;1;2;1;0;0;1;0;0;1;0;0;0
22282;Saint-Cast-le-Guildo;53;22;0;0;0;0;0;0;0;0;0;0;0;0;0;0;0;3;0;1;0;1;3;0;0;1;2;6;5;6;5;1;6;0;0;42;7;1;3
22283;Saint-Clet;53;22;0;0;0;0;0;0;0;0;0;0;0;0;0;0;0;0;0;0;0;1;2;0;0;0;1;1;1;3;0;0;2;0;0;1;0;0;0
22284;Saint-Connan;53;22;0;0;0;0;0;0;0;0;0;0;0;0;0;0;0;0;0;0;0;0;0;0;0;0;0;0;0;1;0;0;0;0;0;1;0;0;0
22285;Saint-Connec;53;22;0;0;0;0;0;0;0;0;0;0;0;0;0;0;0;0;0;0;0;0;0;0;0;0;1;0;1;0;0;0;0;0;0;0;0;0;0
22286;Saint-Denoual;53;22;0;0;0;0;0;0;0;0;0;0;0;0;0;0;0;0;0;0;1;0;0;0;0;0;1;0;1;0;1;0;0;0;0;1;0;0;0
22287;Saint-Donan;53;22;0;0;0;0;0;0;0;0;0;0;0;0;0;0;0;0;0;0;0;0;2;0;0;0;1;3;6;1;2;1;1;0;0;2;0;0;0
22288;Saint-Étienne-du-Gué-de-l'Isle;53;22;0;0;0;0;0;0;0;0;0;0;0;0;0;0;0;0;0;0;0;0;1;0;0;0;0;0;0;0;0;0;0;0;0;1;0;0;0
22289;Saint-Fiacre;53;22;0;0;0;0;0;0;0;0;0;0;0;0;0;0;0;0;0;0;0;0;0;0;0;0;1;0;2;0;0;1;0;0;0;0;0;0;0
22290;Saint-Gelven;53;22;0;0;0;0;0;0;0;0;0;0;0;0;0;0;0;0;0;0;0;0;1;0;0;0;0;0;0;0;0;0;0;0;0;1;2;0;0
22291;Saint-Gildas;53;22;0;0;0;0;0;0;0;0;0;0;0;0;0;0;0;0;0;0;0;0;0;0;0;0;0;1;0;0;0;0;0;0;0;1;0;0;0
22293;Saint-Gilles-les-Bois;53;22;0;0;0;0;0;0;0;0;0;0;0;0;0;0;0;0;0;0;0;0;0;0;0;0;1;0;2;0;1;0;0;0;0;0;0;0;0
22294;Saint-Gilles-Pligeaux;53;22;0;0;0;0;0;0;0;0;0;0;0;0;0;0;0;0;0;0;1;0;0;0;0;0;0;0;0;0;1;0;0;0;0;0;0;0;0
22295;Saint-Gilles-Vieux-Marché;53;22;0;0;0;0;0;0;0;0;0;0;0;0;0;0;0;0;0;0;0;0;0;0;0;0;1;1;1;0;0;1;0;0;0;0;0;0;0
22296;Saint-Glen;53;22;0;0;0;0;0;0;0;0;0;0;0;0;0;0;0;0;0;0;0;1;0;0;0;0;1;0;3;1;0;0;0;0;0;0;0;0;0
22298;Saint-Guen;53;22;0;0;0;0;0;0;0;0;0;0;0;0;0;0;0;0;0;0;0;1;0;0;0;0;0;0;2;0;1;0;0;0;0;1;0;0;0
22299;Saint-Hélen;53;22;0;0;0;0;0;0;0;0;0;0;0;0;0;0;0;0;0;0;0;0;0;0;0;0;3;7;3;1;2;0;1;0;0;2;0;0;0
22300;Saint-Hervé;53;22;0;0;0;0;0;0;0;0;0;0;0;0;0;0;0;0;0;0;0;0;0;0;0;0;0;0;1;0;1;0;0;0;0;1;0;0;0
22302;Saint-Jacut-de-la-Mer;53;22;0;0;0;0;0;0;0;0;0;0;0;0;0;0;0;0;0;1;0;0;0;0;0;0;1;1;2;1;4;0;1;0;0;8;2;0;1
22304;Saint-Jean-Kerdaniel;53;22;0;0;0;0;0;0;0;0;0;0;0;0;0;0;0;0;0;0;0;0;0;0;0;0;0;0;2;1;0;0;0;0;0;1;0;0;0
22305;Saint-Jouan-de-l'Isle;53;22;0;0;0;0;0;0;0;0;0;0;0;0;0;0;0;0;0;0;0;0;3;0;0;0;2;2;0;0;0;0;0;1;0;2;0;0;1
22306;Saint-Judoce;53;22;0;0;0;0;0;0;0;0;0;0;0;0;0;0;0;0;0;0;0;0;0;0;0;0;0;0;0;0;1;0;1;0;0;0;0;0;0
22307;Saint-Julien;53;22;0;0;0;0;0;0;0;0;0;0;0;0;0;0;0;0;0;1;0;0;3;0;0;1;0;1;3;1;1;1;2;0;0;3;0;0;2
22308;Saint-Juvat;53;22;0;0;0;0;0;0;0;0;0;0;0;0;0;0;0;0;0;0;0;0;0;0;0;0;6;2;1;2;1;0;0;0;0;0;0;0;1
22309;Saint-Launeuc;53;22;0;0;0;0;0;0;0;0;0;0;0;0;0;0;0;0;0;0;0;0;0;0;0;0;0;0;0;1;0;0;1;0;0;0;0;0;0
22310;Saint-Laurent;53;22;0;0;0;0;0;0;0;0;0;0;0;0;0;0;0;0;0;0;0;0;0;0;0;0;1;0;2;1;0;0;1;0;0;0;0;0;0
22311;Saint-Lormel;53;22;0;0;0;0;0;0;0;0;0;0;0;0;0;0;0;0;0;0;0;0;1;0;0;0;2;2;3;3;2;1;1;0;0;1;0;0;0
22312;Saint-Maden;53;22;0;0;0;0;0;0;0;0;0;0;0;0;0;0;0;0;0;0;0;0;0;0;0;0;0;0;0;0;0;0;0;0;0;0;0;0;0
22313;Saint-Martin-des-Prés;53;22;0;0;0;0;0;0;0;0;0;0;0;0;0;0;0;0;0;0;0;0;1;0;0;0;0;0;1;3;1;1;0;0;0;1;0;0;0
22314;Saint-Maudan;53;22;0;0;0;0;0;0;0;0;0;0;0;0;0;0;0;0;0;0;0;0;1;0;0;0;0;1;1;0;0;0;0;0;0;1;0;0;0
22315;Saint-Maudez;53;22;0;0;0;0;0;0;0;0;0;0;0;0;0;0;0;0;0;0;0;0;0;0;0;0;0;1;0;0;3;0;0;0;0;1;0;0;0
22316;Saint-Mayeux;53;22;0;0;0;0;0;0;0;0;0;0;0;0;0;0;0;0;0;0;0;1;0;0;0;0;3;1;0;1;1;0;1;0;0;1;0;0;0
22317;Saint-Méloir-des-Bois;53;22;0;0;0;0;0;0;0;0;0;0;0;0;0;0;0;0;0;0;0;0;0;0;0;0;2;2;1;0;0;0;0;0;0;1;0;0;0
22318;Saint-Michel-de-Plélan;53;22;0;0;0;0;0;0;0;0;0;0;0;0;0;0;0;0;0;0;0;0;0;0;0;0;0;1;2;0;0;0;0;0;0;0;0;0;0
22319;Saint-Michel-en-Grève;53;22;0;0;0;0;0;0;0;0;0;0;0;0;0;0;0;0;0;0;0;1;0;0;0;0;1;2;0;1;1;0;1;0;0;4;1;0;0
22320;Saint-Nicodème;53;22;0;0;0;0;0;0;0;0;0;0;0;0;0;0;0;0;0;0;0;0;0;0;0;0;1;0;0;0;0;0;0;1;0;0;0;0;0
22321;Saint-Nicolas-du-Pélem;53;22;0;1;0;0;0;0;0;0;0;0;0;0;0;0;0;1;1;1;0;0;4;1;0;1;3;1;3;4;3;2;2;0;0;3;0;0;1
22322;Saint-Péver;53;22;0;0;0;0;0;0;0;0;0;0;0;0;0;0;0;0;0;0;0;0;1;0;0;0;1;1;2;3;0;0;0;0;0;1;0;0;0
22323;Saint-Pôtan;53;22;0;0;0;0;0;0;0;0;0;0;0;0;0;0;0;0;0;0;0;1;3;0;0;0;1;1;4;4;0;0;2;0;0;1;0;0;0
22324;Saint-Quay-Perros;53;22;0;0;0;0;0;0;0;0;0;0;0;0;0;0;0;0;0;0;1;0;4;1;1;0;1;1;9;5;0;3;2;1;0;0;1;1;1
22325;Saint-Quay-Portrieux;53;22;0;0;0;0;0;0;0;0;0;0;0;0;0;0;0;5;1;1;0;0;1;0;0;2;1;2;1;3;2;3;7;1;0;24;10;1;4
22326;Saint-Rieul;53;22;0;0;0;0;0;0;0;0;0;0;0;0;0;0;0;0;0;0;0;0;0;0;0;0;2;1;3;0;0;0;0;0;0;0;0;0;0
22327;Saint-Samson-sur-Rance;53;22;0;0;0;0;0;0;0;0;0;0;0;0;0;0;0;0;0;1;0;0;3;0;0;1;4;0;4;0;0;0;1;0;0;1;0;0;0
22328;Saint-Servais;53;22;0;0;0;0;0;0;0;0;0;0;0;0;0;0;0;0;0;1;0;0;0;0;0;0;1;0;1;1;0;1;0;0;0;0;0;0;0
22330;Saint-Thélo;53;22;0;0;0;0;0;0;0;0;0;0;0;0;0;0;0;0;0;0;0;0;1;0;0;0;2;0;2;2;0;0;0;0;0;0;0;0;0
22331;Sainte-Tréphine;53;22;0;0;0;0;0;0;0;0;0;0;0;0;0;0;0;0;0;0;0;0;0;0;0;0;0;0;1;0;0;0;0;0;0;0;0;0;0
22332;Saint-Trimoël;53;22;0;0;0;0;0;0;0;0;0;0;0;0;1;0;0;0;0;0;0;0;2;0;0;0;0;0;0;2;0;1;1;0;0;0;0;0;0
22333;Saint-Vran;53;22;0;0;0;0;0;0;0;0;0;0;0;0;0;0;0;0;0;0;0;0;0;0;0;0;2;0;0;0;0;0;1;0;0;1;0;0;1
22334;Saint-Igeaux;53;22;0;0;0;0;0;0;0;0;0;0;0;0;0;0;0;0;0;0;0;0;0;0;0;0;0;0;0;0;0;0;0;0;0;0;0;0;0
22335;Senven-Léhart;53;22;0;0;0;0;0;0;0;0;0;0;0;0;0;0;0;0;0;0;0;0;0;0;0;0;2;0;0;1;0;0;1;0;0;1;0;0;0
22337;Sévignac;53;22;0;0;0;0;0;0;0;0;0;0;0;0;0;0;0;0;0;0;0;1;0;0;0;0;0;1;4;2;2;1;0;0;0;2;0;0;0
22338;Squiffiec;53;22;0;0;0;0;0;0;0;0;0;0;0;0;0;0;0;0;0;0;0;1;1;0;0;0;0;0;2;5;0;1;0;0;0;0;0;0;0
22339;Taden;53;22;0;0;0;0;0;0;0;0;0;0;0;0;0;0;0;2;0;0;0;0;8;4;0;1;4;8;9;9;4;3;3;0;1;6;0;1;1
22340;Tonquédec;53;22;0;0;0;0;0;0;0;0;0;0;0;0;0;0;0;0;0;1;0;0;2;0;0;0;3;2;1;0;2;0;1;0;0;2;0;0;1
22341;Tramain;53;22;0;0;0;0;0;0;0;0;0;0;0;0;0;0;0;0;0;0;1;0;0;0;0;0;0;0;1;1;0;0;0;0;0;2;0;0;0
22342;Trébédan;53;22;0;0;0;0;0;0;0;0;0;0;0;0;0;0;0;0;0;0;0;0;0;0;0;0;1;0;2;2;2;0;0;0;0;0;0;0;0
22343;Trébeurden;53;22;0;0;0;0;0;0;0;0;0;0;0;0;0;0;0;3;2;1;1;0;8;0;0;2;3;8;0;4;5;2;4;0;0;17;4;0;1
22344;Trébrivan;53;22;0;0;0;0;0;0;0;0;0;0;0;0;0;0;0;0;0;0;0;0;1;0;0;0;2;0;0;0;0;0;0;0;0;0;0;0;0
22345;Trébry;53;22;0;0;0;0;0;0;0;0;0;0;0;0;0;0;0;0;0;0;1;0;0;0;0;0;1;0;3;1;1;1;1;0;0;3;0;0;0
22346;Trédaniel;53;22;0;0;0;0;0;0;0;0;0;0;0;0;0;0;0;0;0;0;0;0;3;1;0;0;1;1;1;1;2;1;1;0;0;3;0;0;0
22347;Trédarzec;53;22;0;0;0;0;0;0;0;0;0;0;0;0;0;0;0;0;0;0;1;0;1;0;0;0;2;3;1;0;1;0;0;0;0;1;0;0;0
22348;Trédias;53;22;0;0;0;0;0;0;0;0;0;0;0;0;0;0;0;0;0;0;0;0;0;0;0;0;1;0;0;0;1;0;0;0;0;0;0;0;0
22349;Trédrez-Locquémeau;53;22;0;0;0;0;0;0;0;0;0;0;0;0;0;0;0;0;0;1;0;0;1;0;0;0;4;1;7;3;1;1;2;0;0;3;0;0;0
22350;Tréduder;53;22;0;0;0;0;0;0;0;0;0;0;0;0;0;0;0;0;0;0;0;0;1;0;0;0;0;0;0;0;1;0;0;0;0;0;0;0;0
22351;Treffrin;53;22;0;0;0;0;0;0;0;0;0;0;0;0;0;0;0;0;0;0;0;0;0;0;0;0;0;2;0;0;0;0;1;0;0;0;0;0;0
22352;Tréfumel;53;22;0;0;0;0;0;0;0;0;0;0;0;0;0;0;0;0;0;0;0;0;0;0;0;0;0;0;0;1;1;0;1;0;0;1;0;0;0
22353;Trégastel;53;22;0;0;0;0;0;0;0;0;0;0;0;0;0;0;0;2;0;1;0;0;2;0;0;1;4;2;2;3;2;0;5;0;0;17;4;3;2
22354;Tréglamus;53;22;0;0;0;0;0;0;0;0;0;0;0;0;0;0;0;0;0;0;0;0;0;0;1;0;5;4;0;1;1;0;0;0;0;1;0;0;0
22356;Trégomeur;53;22;0;0;0;0;0;0;0;0;0;0;0;0;0;0;0;0;0;0;0;0;1;0;0;0;0;1;2;1;2;0;0;0;0;2;0;0;0
22357;Trégon;53;22;0;0;0;0;0;0;0;0;0;0;0;0;0;0;0;0;0;0;0;0;0;0;0;0;0;0;0;1;0;0;0;0;0;1;0;0;0
22358;Trégonneau;53;22;0;0;0;0;0;0;0;0;0;0;0;0;0;0;0;0;0;0;0;0;0;0;0;0;1;1;0;2;0;0;0;0;0;1;0;0;2
22359;Trégrom;53;22;0;0;0;0;0;0;0;0;0;0;0;0;0;0;0;0;0;0;0;0;1;0;0;0;0;0;2;1;0;1;0;0;0;2;0;0;0
22360;Trégueux;53;22;0;0;0;0;0;0;0;0;0;0;0;0;2;0;0;6;0;1;0;0;13;1;2;2;12;19;17;17;4;5;10;1;0;18;5;1;2
22361;Tréguidel;53;22;0;0;0;0;0;0;0;0;0;0;0;0;0;0;0;0;0;0;1;0;0;0;0;0;1;0;0;2;0;0;0;0;0;4;0;0;2
22362;Tréguier;53;22;0;1;0;0;0;0;0;0;0;0;1;0;2;0;0;5;1;1;0;0;0;1;0;1;1;0;0;2;0;0;7;2;0;16;3;1;2
22363;Trélévern;53;22;0;0;0;0;0;0;0;0;0;0;0;0;0;0;0;0;0;1;0;0;1;0;0;0;1;0;1;2;0;2;1;0;0;4;0;0;0
22364;Trélivan;53;22;0;0;0;0;0;0;0;0;0;0;0;0;0;0;0;0;0;0;0;0;4;0;0;2;0;4;3;3;2;0;3;0;0;4;0;0;1
22365;Trémargat;53;22;0;0;0;0;0;0;0;0;0;0;0;0;0;0;0;0;0;0;0;0;0;0;0;0;1;0;2;1;1;0;1;0;0;0;0;0;0
22366;Trémel;53;22;0;0;0;0;0;0;0;0;0;0;0;0;0;0;0;0;0;0;0;1;0;0;0;0;0;1;0;2;1;0;0;0;0;0;0;0;0
22368;Tréméreuc;53;22;0;0;0;0;0;0;0;0;0;0;0;0;0;0;0;0;0;0;0;0;0;0;0;0;3;1;1;1;1;1;0;0;0;2;0;0;1
22369;Trémeur;53;22;0;0;0;0;0;0;0;0;0;0;0;0;0;0;0;0;0;0;0;0;3;0;0;0;1;1;2;0;0;0;0;0;0;0;0;0;0
22370;Tréméven;53;22;0;0;0;0;0;0;0;0;0;0;0;0;0;0;0;0;0;0;0;0;0;0;0;0;0;0;1;1;0;0;1;0;0;1;0;0;0
22371;Trémorel;53;22;0;0;0;0;0;0;0;0;0;0;0;0;0;0;0;0;0;0;0;1;1;0;0;0;6;0;4;0;1;0;1;0;0;1;0;0;0
22372;Trémuson;53;22;0;0;0;0;0;0;0;0;0;0;0;0;0;0;0;0;0;1;0;0;2;0;2;1;1;3;3;9;4;3;2;1;0;2;0;0;0
22373;Tréogan;53;22;0;0;0;0;0;0;0;0;0;0;0;0;0;0;0;0;0;0;0;0;1;0;0;0;0;0;0;0;0;0;0;0;0;0;0;0;0
22375;Tressignaux;53;22;0;0;0;0;0;0;0;0;0;0;0;0;0;0;0;0;0;0;0;0;1;0;0;0;1;3;1;2;0;0;0;0;0;0;0;0;0
22376;Trévé;53;22;0;0;0;0;0;0;0;0;0;0;0;0;0;0;0;0;0;0;1;0;2;0;0;0;2;2;4;6;1;0;3;0;0;2;0;0;1
22377;Tréveneuc;53;22;0;0;0;0;0;0;0;0;0;0;0;0;0;0;0;0;0;0;0;1;1;0;0;0;1;1;3;0;1;0;1;2;0;0;0;0;0
22378;Trévérec;53;22;0;0;0;0;0;0;0;0;0;0;0;0;0;0;0;0;0;0;0;0;0;0;0;0;0;1;0;0;0;0;0;0;0;0;0;0;0
22379;Trévou-Tréguignec;53;22;0;0;0;0;0;0;0;0;0;0;0;0;0;0;0;0;0;0;0;1;1;0;0;0;1;1;2;2;2;0;0;0;0;5;0;0;0
22380;Trévron;53;22;0;0;0;0;0;0;0;0;0;0;0;0;0;0;0;0;0;0;0;0;1;0;0;0;0;0;2;1;1;0;1;0;0;0;0;0;1
22381;Trézény;53;22;0;0;0;0;0;0;0;0;0;0;0;0;0;0;0;0;0;0;0;0;0;0;0;0;0;0;0;0;1;0;1;0;0;0;0;0;0
22383;Troguéry;53;22;0;0;0;0;0;0;0;0;0;0;0;0;0;0;0;0;0;0;0;0;2;0;0;0;1;0;1;0;0;0;0;0;0;0;0;0;0
22384;Uzel;53;22;0;0;0;0;0;0;0;0;0;0;0;0;0;0;0;3;0;1;0;0;2;0;0;0;1;1;1;1;1;0;3;2;0;2;0;0;1
22385;La Vicomté-sur-Rance;53;22;0;0;0;0;0;0;0;0;0;0;0;0;0;0;0;0;0;0;0;0;1;0;0;0;0;1;3;3;0;0;0;0;0;5;2;0;0
22386;Le Vieux-Bourg;53;22;0;0;0;0;0;0;0;0;0;0;0;0;0;0;0;0;0;0;0;0;0;0;0;0;1;0;3;1;0;0;0;0;0;0;0;0;0
22387;Le Vieux-Marché;53;22;0;0;0;0;0;0;0;0;0;0;0;0;0;0;0;0;0;1;0;0;1;0;0;0;2;4;3;3;0;0;1;0;0;2;0;0;0
22388;Vildé-Guingalan;53;22;0;0;0;0;0;0;0;0;0;0;0;0;0;0;0;0;0;0;0;0;1;0;0;0;1;2;4;2;1;0;2;0;0;3;1;0;0
22389;Yffiniac;53;22;0;0;0;0;0;0;0;0;0;0;0;0;0;0;0;3;1;1;0;0;9;2;1;1;4;15;19;11;6;0;8;1;1;9;6;2;3
22390;Yvias;53;22;0;0;0;0;0;0;0;0;0;0;0;0;0;0;0;0;0;0;0;1;0;0;0;0;2;0;5;1;0;0;1;0;0;1;0;0;0
22391;Yvignac-la-Tour;53;22;0;0;0;0;0;0;0;0;0;0;0;0;0;0;0;0;0;1;0;0;3;0;0;0;1;1;4;4;2;0;1;0;0;2;0;0;0
23001;Ahun;75;23;0;1;0;0;0;0;0;0;0;0;1;0;0;0;0;2;1;1;0;0;2;0;0;1;5;3;2;4;0;0;3;3;0;4;0;0;0
23002;Ajain;75;23;0;0;0;0;0;0;0;0;0;0;0;0;0;0;0;0;0;1;0;0;3;0;0;0;4;1;4;1;0;0;1;0;0;0;1;0;0
23003;Alleyrat;75;23;0;0;0;0;0;0;0;0;0;0;0;0;0;0;0;0;0;0;0;0;0;0;0;0;2;0;1;0;0;0;0;0;0;0;0;0;0
23004;Anzême;75;23;0;0;0;0;0;0;0;0;0;0;0;0;0;0;0;0;0;0;0;1;1;0;0;0;0;0;1;2;0;0;1;0;0;0;1;0;0
23005;Arfeuille-Châtain;75;23;0;0;0;0;0;0;0;0;0;0;0;0;0;0;0;0;0;0;0;0;0;0;0;0;0;0;0;1;0;0;0;0;0;0;0;0;0
23006;Arrènes;75;23;0;0;0;0;0;0;0;0;0;0;0;0;0;0;0;0;0;0;0;0;0;0;0;0;2;1;1;1;1;0;1;0;0;0;0;0;0
23007;Ars;75;23;0;0;0;0;0;0;0;0;0;0;0;0;0;0;0;0;0;1;0;0;0;0;0;0;0;1;1;0;0;0;0;0;0;0;0;0;0
23008;Aubusson;75;23;0;1;0;0;0;0;0;0;0;0;4;1;0;0;0;6;2;1;0;0;5;2;0;4;4;6;6;3;2;2;7;2;2;13;4;1;2
23009;Auge;75;23;0;0;0;0;0;0;0;0;0;0;0;0;0;0;0;0;0;0;0;0;0;0;0;0;0;0;0;0;0;0;0;0;0;1;0;0;0
23010;Augères;75;23;0;0;0;0;0;0;0;0;0;0;0;0;0;0;0;0;0;0;0;0;0;0;0;0;0;0;1;0;0;0;0;0;0;0;0;0;0
23011;Aulon;75;23;0;0;0;0;0;0;0;0;0;0;0;0;0;0;0;0;0;0;0;0;0;0;0;0;0;0;1;0;0;0;0;0;0;0;0;0;0
23012;Auriat;75;23;0;0;0;0;0;0;0;0;0;0;0;0;0;0;0;0;0;0;0;0;1;0;0;0;0;0;0;0;1;0;0;0;0;0;0;0;0
23013;Auzances;75;23;0;1;0;0;0;0;0;0;0;0;1;0;0;0;0;4;1;1;0;0;5;1;0;1;3;2;0;1;2;0;3;6;0;3;1;0;0
23014;Azat-Châtenet;75;23;0;0;0;0;0;0;0;0;0;0;0;0;0;0;0;0;0;0;0;0;0;0;0;0;0;0;4;0;0;0;0;0;0;0;0;0;0
23015;Azerables;75;23;0;0;0;0;0;0;0;0;0;0;0;0;0;0;0;1;0;1;0;0;1;0;0;0;3;2;0;2;1;0;1;2;0;3;1;0;0
23016;Banize;75;23;0;0;0;0;0;0;0;0;0;0;0;0;0;0;0;0;0;0;0;0;0;0;0;0;0;0;0;0;0;0;1;0;0;1;0;0;0
23017;Basville;75;23;0;0;0;0;0;0;0;0;0;0;0;0;0;0;0;0;0;0;0;0;0;0;0;0;0;0;0;0;1;0;0;0;0;0;0;0;0
23018;Bazelat;75;23;0;0;0;0;0;0;0;0;0;0;0;0;0;0;0;0;0;0;0;0;0;0;0;0;0;0;0;0;0;1;0;0;0;0;1;0;0
23019;Beissat;75;23;0;0;0;0;0;0;0;0;0;0;0;0;0;0;0;0;0;0;0;0;0;0;0;0;0;0;0;0;0;0;0;0;0;0;0;0;0
23020;Bellegarde-en-Marche;75;23;0;1;0;0;0;0;0;0;0;0;0;0;0;0;0;0;0;1;0;0;0;0;0;0;1;1;1;3;0;0;1;1;0;1;0;0;0
23021;Bénévent-l'Abbaye;75;23;0;1;0;0;0;0;0;0;0;0;1;0;0;0;0;3;0;1;0;0;3;1;0;0;0;0;0;2;2;1;4;3;0;2;1;0;1
23022;Bétête;75;23;0;0;0;0;0;0;0;0;0;0;0;0;0;0;0;0;0;0;0;1;0;0;0;0;1;1;0;1;0;0;0;0;0;3;1;0;0
23023;Blaudeix;75;23;0;0;0;0;0;0;0;0;0;0;0;0;0;0;0;0;0;0;0;0;0;0;0;0;0;0;1;0;0;0;0;0;0;0;0;0;0
23024;Blessac;75;23;0;0;0;0;0;0;0;0;0;0;0;0;0;0;0;0;0;0;0;1;0;0;0;0;0;0;1;0;0;0;0;0;0;1;0;0;0
23025;Bonnat;75;23;0;1;0;0;0;0;0;0;0;0;1;0;0;0;0;3;1;1;0;0;6;0;0;1;0;2;2;4;3;0;2;3;0;0;2;1;1
23026;Bord-Saint-Georges;75;23;0;0;0;0;0;0;0;0;0;0;0;0;0;0;0;0;0;0;0;1;0;0;0;0;0;0;0;0;1;0;0;0;0;1;0;0;0
23027;Bosmoreau-les-Mines;75;23;0;0;0;0;0;0;0;0;0;0;0;0;0;0;0;0;1;0;0;1;0;0;0;0;0;0;0;0;1;0;1;0;0;0;0;0;0
23028;Bosroger;75;23;0;0;0;0;0;0;0;0;0;0;0;0;0;0;0;0;0;0;0;0;0;0;0;0;0;0;0;0;1;0;0;0;0;0;0;0;0
23029;Le Bourg-d'Hem;75;23;0;0;0;0;0;0;0;0;0;0;0;0;0;0;0;0;0;0;0;0;0;0;0;0;0;0;0;1;0;0;0;0;0;1;0;0;0
23030;Bourganeuf;75;23;0;1;0;0;0;0;0;0;0;0;1;1;0;0;0;5;1;1;0;0;11;1;0;3;3;4;4;2;4;0;8;2;0;11;5;0;1
23031;Boussac;75;23;0;1;0;0;0;0;0;0;0;0;1;1;0;0;0;4;3;1;0;0;2;1;0;2;2;2;2;3;2;1;4;2;1;4;4;1;2
23032;Boussac-Bourg;75;23;0;0;0;0;0;0;0;0;0;0;0;0;0;0;0;0;0;0;0;0;1;1;0;0;0;1;0;1;0;0;0;5;0;1;0;0;0
23033;La Brionne;75;23;0;0;0;0;0;0;0;0;0;0;0;0;0;0;0;0;0;0;0;0;1;0;0;0;2;0;0;1;0;0;0;0;0;1;0;0;1
23034;Brousse;75;23;0;0;0;0;0;0;0;0;0;0;0;0;0;0;0;0;0;0;0;0;0;0;0;0;0;0;0;0;0;0;0;0;0;0;0;0;0
23035;Budelière;75;23;0;0;0;0;0;0;0;0;0;0;0;0;0;0;0;0;0;1;0;0;1;0;0;0;3;2;0;2;1;0;1;0;0;1;0;0;0
23036;Bussière-Dunoise;75;23;0;0;0;0;0;0;0;0;0;0;0;0;0;0;0;0;0;1;0;0;0;0;0;0;0;0;1;2;3;0;1;0;0;0;0;0;0
23037;Bussière-Nouvelle;75;23;0;0;0;0;0;0;0;0;0;0;0;0;0;0;0;1;0;0;0;0;0;0;0;0;0;1;0;0;1;0;0;0;0;0;0;0;0
23038;Bussière-Saint-Georges;75;23;0;0;0;0;0;0;0;0;0;0;0;0;0;0;0;0;0;0;0;0;0;0;0;0;0;0;0;2;0;0;0;0;0;0;0;0;0
23039;La Celle-Dunoise;75;23;0;0;0;0;0;0;0;0;0;0;0;0;0;0;0;0;0;1;0;0;0;0;0;0;2;0;1;1;0;1;1;0;0;3;0;0;0
23040;La Celle-sous-Gouzon;75;23;0;0;0;0;0;0;0;0;0;0;0;0;0;0;0;0;0;0;0;0;0;0;0;0;1;0;0;0;0;0;0;0;0;0;0;0;0
23041;La Cellette;75;23;0;0;0;0;0;0;0;0;0;0;0;0;0;0;0;0;0;0;1;0;1;0;0;0;1;0;0;0;0;0;0;0;0;1;0;0;0
23042;Ceyroux;75;23;0;0;0;0;0;0;0;0;0;0;0;0;0;0;0;0;0;0;0;0;0;0;0;0;0;0;0;0;0;0;0;0;0;0;0;0;0
23043;Chamberaud;75;23;0;0;0;0;0;0;0;0;0;0;0;0;0;0;0;0;0;0;0;0;0;0;0;0;1;0;0;0;0;0;0;0;0;0;0;0;0
23044;Chambon-Sainte-Croix;75;23;0;0;0;0;0;0;0;0;0;0;0;0;0;0;0;0;0;0;0;0;0;0;0;0;0;0;0;0;0;0;0;0;0;0;0;0;0
23045;Chambon-sur-Voueize;75;23;0;1;0;0;0;0;0;0;0;0;1;0;0;0;0;2;0;1;0;0;1;0;0;1;2;1;0;1;0;0;1;1;0;2;1;0;0
23046;Chambonchard;75;23;0;0;0;0;0;0;0;0;0;0;0;0;0;0;0;0;0;0;0;0;0;0;0;0;0;0;1;0;0;0;0;0;0;0;0;0;0
23047;Chamborand;75;23;0;0;0;0;0;0;0;0;0;0;0;0;0;0;0;0;1;0;1;0;0;0;0;0;1;0;0;0;0;0;0;0;0;1;0;0;0
23048;Champagnat;75;23;0;0;0;0;0;0;0;0;0;0;0;0;0;0;0;0;0;1;0;0;0;0;0;0;2;0;1;0;2;0;0;0;0;2;0;0;0
23049;Champsanglard;75;23;0;0;0;0;0;0;0;0;0;0;0;0;0;0;0;0;0;0;0;1;0;0;0;0;0;1;0;0;0;0;0;0;0;0;0;0;0
23050;La Chapelle-Baloue;75;23;0;0;0;0;0;0;0;0;0;0;0;0;0;0;0;0;0;0;0;0;0;0;0;0;0;1;1;0;0;0;0;0;0;1;0;0;0
23051;La Chapelle-Saint-Martial;75;23;0;0;0;0;0;0;0;0;0;0;0;0;0;0;0;0;0;0;0;0;0;0;0;0;0;0;0;0;0;0;0;0;0;0;0;0;0
23052;La Chapelle-Taillefert;75;23;0;0;0;0;0;0;0;0;0;0;0;0;0;0;0;0;0;0;0;1;0;0;0;0;0;1;2;1;0;0;1;0;0;1;0;0;0
23053;Chard;75;23;0;0;0;0;0;0;0;0;0;0;0;0;0;0;0;0;0;0;0;0;0;0;0;0;1;0;0;0;0;1;0;0;0;0;0;0;0
23054;Charron;75;23;0;0;0;0;0;0;0;0;0;0;0;0;0;0;0;0;0;0;0;0;0;0;0;0;0;0;1;0;0;0;0;0;0;1;0;0;0
23055;Châtelard;75;23;0;0;0;0;0;0;0;0;0;0;0;0;0;0;0;0;0;0;0;0;0;0;0;0;0;0;0;0;0;0;1;0;0;0;0;0;0
23056;Châtelus-le-Marcheix;75;23;0;0;0;0;0;0;0;0;0;0;0;0;0;0;0;0;0;1;0;0;1;0;0;0;0;0;4;0;0;0;0;0;0;0;0;0;0
23057;Châtelus-Malvaleix;75;23;0;1;0;0;0;0;0;0;0;0;1;0;0;0;0;3;1;1;0;0;0;0;0;0;0;2;0;2;0;0;2;1;0;1;1;0;0
23058;Le Chauchet;75;23;0;0;0;0;0;0;0;0;0;0;0;0;0;0;0;0;0;0;0;0;0;0;0;0;0;0;0;0;0;0;0;0;0;0;0;0;0
23059;La Chaussade;75;23;0;0;0;0;0;0;0;0;0;0;0;0;0;0;0;0;0;0;0;0;0;0;0;0;1;0;0;0;0;0;0;0;0;0;0;0;0
23060;Chavanat;75;23;0;0;0;0;0;0;0;0;0;0;0;0;0;0;0;0;0;0;0;0;0;0;0;0;0;0;0;0;0;1;0;0;0;0;0;0;0
23061;Chénérailles;75;23;0;1;0;0;0;0;0;0;0;0;1;0;0;0;0;2;0;1;0;0;2;0;0;1;4;0;2;0;0;0;4;1;0;5;1;0;1
23062;Chéniers;75;23;0;0;0;0;0;0;0;0;0;0;0;0;0;0;0;0;0;0;0;1;2;0;0;0;4;0;0;1;0;0;0;0;0;1;0;0;0
23063;Clairavaux;75;23;0;0;0;0;0;0;0;0;0;0;0;0;0;0;0;0;0;0;0;0;0;0;0;0;0;0;1;0;0;0;0;0;0;0;0;0;0
23064;Clugnat;75;23;0;0;0;0;0;0;0;0;0;0;0;0;0;0;0;0;1;1;0;0;0;0;0;0;2;0;2;1;1;0;1;0;0;0;0;0;0
23065;Colondannes;75;23;0;0;0;0;0;0;0;0;0;0;0;0;0;0;0;0;0;0;0;0;1;0;0;0;0;0;1;1;0;0;0;0;0;1;0;0;0
23066;Le Compas;75;23;0;0;0;0;0;0;0;0;0;0;0;0;0;0;0;0;0;0;0;0;0;0;0;0;1;0;0;1;1;0;0;0;0;1;0;0;0
23067;La Courtine;75;23;0;1;0;0;0;0;0;0;0;0;0;0;0;0;0;2;0;1;0;0;2;0;0;0;0;2;3;2;1;1;2;0;0;2;0;0;0
23068;Cressat;75;23;0;0;0;0;0;0;0;0;0;0;0;0;0;0;0;1;0;1;0;0;0;0;0;0;2;1;1;0;0;0;0;0;0;0;1;0;0
23069;Crocq;75;23;0;1;0;0;0;0;0;0;0;0;1;0;0;0;0;2;1;1;0;0;2;0;0;0;2;0;0;0;1;0;1;0;0;1;1;0;0
23070;Crozant;75;23;0;0;0;0;0;0;0;0;0;0;0;0;0;0;0;0;0;1;0;0;2;0;0;0;3;2;1;2;1;1;1;0;0;2;0;0;0
23071;Croze;75;23;0;0;0;0;0;0;0;0;0;0;0;0;0;0;0;0;0;0;0;0;0;0;0;0;1;0;1;0;0;1;0;0;0;0;0;0;0
23072;Domeyrot;75;23;0;0;0;0;0;0;0;0;0;0;0;0;0;0;0;0;0;0;0;1;0;0;0;0;1;0;1;1;0;0;0;0;0;0;0;0;0
23073;Dontreix;75;23;0;0;0;0;0;0;0;0;0;0;0;0;0;0;0;0;0;0;0;1;3;0;0;0;1;1;3;0;1;0;0;0;0;1;0;0;0
23074;Le Donzeil;75;23;0;0;0;0;0;0;0;0;0;0;0;0;0;0;0;0;0;0;0;0;1;0;0;0;0;0;1;0;1;0;0;0;0;0;0;0;0
23075;Dun-le-Palestel;75;23;0;1;0;0;0;0;0;0;0;0;1;0;0;0;0;3;1;1;0;0;1;0;0;1;2;3;1;1;1;0;4;6;0;4;2;0;2
23076;Évaux-les-Bains;75;23;0;1;0;0;0;0;0;0;0;0;0;0;0;0;0;2;1;1;0;0;3;1;0;1;2;2;2;2;1;1;3;1;0;3;4;0;0
23077;Faux-la-Montagne;75;23;0;0;0;0;0;0;0;0;0;0;0;0;0;0;0;2;0;0;0;1;0;0;0;0;2;1;1;1;0;0;0;0;0;2;0;0;0
23078;Faux-Mazuras;75;23;0;0;0;0;0;0;0;0;0;0;0;0;0;0;0;0;0;0;0;0;0;0;0;0;0;0;0;0;2;0;0;0;0;0;0;0;0
23079;Felletin;75;23;0;1;0;0;0;0;0;0;0;0;1;0;0;0;0;3;0;1;0;0;1;0;0;0;2;3;3;2;1;1;4;1;0;5;4;1;1
23080;Féniers;75;23;0;0;0;0;0;0;0;0;0;0;0;0;0;0;0;0;0;0;1;0;0;0;0;0;0;0;1;0;0;0;0;0;0;1;0;0;0
23081;Flayat;75;23;0;0;0;0;0;0;0;0;0;0;0;0;0;0;0;0;1;1;0;0;1;0;0;0;1;1;1;1;0;0;0;0;0;1;0;0;0
23082;Fleurat;75;23;0;0;0;0;0;0;0;0;0;0;0;0;0;0;0;0;0;0;0;0;0;0;0;0;0;0;0;2;0;0;1;0;0;0;0;0;0
23083;Fontanières;75;23;0;0;0;0;0;0;0;0;0;0;0;0;0;0;0;0;0;0;0;1;3;0;0;0;1;0;0;0;0;0;0;0;0;1;0;0;0
23084;La Forêt-du-Temple;75;23;0;0;0;0;0;0;0;0;0;0;0;0;0;0;0;0;0;0;0;0;0;0;0;0;0;0;0;0;0;0;0;0;0;0;0;0;0
23086;Fransèches;75;23;0;0;0;0;0;0;0;0;0;0;0;0;0;0;0;0;0;0;0;0;0;0;0;0;0;1;1;0;1;0;0;0;0;1;0;0;0
23087;Fresselines;75;23;0;0;0;0;0;0;0;0;0;0;0;0;0;0;0;0;0;1;0;0;1;0;0;0;3;0;0;0;1;0;1;0;0;1;0;0;0
23088;Gartempe;75;23;0;0;0;0;0;0;0;0;0;0;0;0;0;0;0;0;0;0;0;0;0;0;0;0;0;1;0;0;0;0;0;0;0;0;0;0;0
23089;Genouillac;75;23;0;0;0;0;0;0;0;0;0;0;0;0;0;0;0;0;1;1;0;0;3;1;0;0;1;1;2;3;0;1;1;0;1;3;1;0;0
23090;Gentioux-Pigerolles;75;23;0;1;0;0;0;0;0;0;0;0;0;0;0;0;0;0;0;0;1;0;0;0;0;0;3;1;1;0;1;0;1;0;0;1;0;0;0
23091;Gioux;75;23;0;0;0;0;0;0;0;0;0;0;0;0;0;0;0;0;0;0;0;0;0;0;0;0;1;0;0;0;0;0;0;0;0;0;0;0;0
23092;Glénic;75;23;0;0;0;0;0;0;0;0;0;0;0;0;0;0;0;0;0;0;0;0;1;0;0;0;1;1;0;1;2;0;0;0;0;0;0;0;0
23093;Gouzon;75;23;0;1;0;0;0;0;0;0;0;0;1;0;0;0;0;3;0;1;0;0;9;1;0;0;5;5;5;2;3;0;3;5;0;1;3;0;0
23095;Le Grand-Bourg;75;23;0;1;0;0;0;0;0;0;0;0;0;0;0;0;0;2;1;1;0;0;3;1;0;1;3;2;3;3;1;1;3;2;0;3;0;0;0
23096;Guéret;75;23;1;0;0;1;1;1;1;0;0;0;11;1;0;0;0;20;6;2;0;0;27;5;2;7;17;13;10;12;10;7;23;11;7;35;12;4;11
23097;Issoudun-Létrieix;75;23;0;0;0;0;0;0;0;0;0;0;0;0;0;0;0;0;0;0;0;0;0;0;0;0;2;1;1;1;0;0;0;0;0;0;0;0;0
23098;Jalesches;75;23;0;0;0;0;0;0;0;0;0;0;0;0;0;0;0;0;0;0;0;0;0;0;0;0;0;0;0;0;0;0;0;0;0;0;0;0;0
23099;Janaillat;75;23;0;0;0;0;0;0;0;0;0;0;0;0;0;0;0;0;0;0;0;1;0;0;0;0;0;0;0;0;0;0;0;0;0;0;0;0;0
23100;Jarnages;75;23;0;0;0;0;0;0;0;0;0;0;0;0;0;0;0;2;1;1;0;0;1;0;0;1;1;1;1;1;0;0;2;1;0;2;2;0;2
23101;Jouillat;75;23;0;0;0;0;0;0;0;0;0;0;0;0;0;0;0;0;0;0;0;1;0;0;0;0;1;0;1;2;0;0;0;0;0;0;0;0;0
23102;Ladapeyre;75;23;0;0;0;0;0;0;0;0;0;0;0;0;0;0;0;0;0;0;1;0;1;0;0;0;0;1;0;1;0;0;0;0;0;0;0;0;0
23103;Lafat;75;23;0;0;0;0;0;0;0;0;0;0;0;0;0;0;0;0;0;0;0;1;2;0;0;0;2;0;0;0;0;0;0;0;0;0;0;0;0
23104;Lavaufranche;75;23;0;0;0;0;0;0;0;0;0;0;0;0;0;0;0;0;0;0;0;1;0;0;0;0;0;1;0;1;0;0;0;0;0;0;0;0;0
23105;Lavaveix-les-Mines;75;23;0;0;0;0;0;0;0;0;0;0;0;0;0;0;0;0;0;1;0;0;2;0;0;0;2;2;0;0;1;0;1;0;0;2;0;0;0
23106;Lépaud;75;23;0;0;0;0;0;0;0;0;0;0;0;0;0;0;0;0;0;0;0;1;1;0;0;0;0;0;1;2;3;0;2;0;0;1;0;0;0
23107;Lépinas;75;23;0;0;0;0;0;0;0;0;0;0;0;0;0;0;0;0;0;0;0;0;0;0;0;0;0;0;2;0;0;0;0;0;0;0;0;0;0
23108;Leyrat;75;23;0;0;0;0;0;0;0;0;0;0;0;0;0;0;0;0;0;0;0;0;1;0;0;0;0;0;1;0;0;0;0;0;0;0;0;0;0
23109;Linard;75;23;0;0;0;0;0;0;0;0;0;0;0;0;0;0;0;0;0;0;0;0;0;0;0;0;1;0;2;0;0;0;0;0;0;0;0;0;0
23110;Lioux-les-Monges;75;23;0;0;0;0;0;0;0;0;0;0;0;0;0;0;0;0;0;0;0;0;0;0;0;0;0;0;0;0;1;0;0;0;0;0;0;0;0
23111;Lizières;75;23;0;0;0;0;0;0;0;0;0;0;0;0;0;0;0;0;0;0;0;1;1;0;0;0;1;1;1;0;2;0;0;0;0;0;0;0;0
23112;Lourdoueix-Saint-Pierre;75;23;0;0;0;0;0;0;0;0;0;0;0;0;0;0;0;0;0;1;0;0;1;0;0;0;2;0;0;0;1;0;0;0;0;0;0;0;0
23113;Lupersat;75;23;0;0;0;0;0;0;0;0;0;0;0;0;0;0;0;0;0;1;0;0;0;0;0;0;2;1;1;0;0;0;0;0;0;1;0;0;0
23114;Lussat;75;23;0;0;0;0;0;0;0;0;0;0;0;0;0;0;0;0;0;0;0;1;0;0;0;0;0;0;1;0;0;0;1;0;0;1;0;0;0
23115;Magnat-l'Étrange;75;23;0;0;0;0;0;0;0;0;0;0;0;0;0;0;0;0;0;1;0;0;0;0;0;0;0;0;1;0;0;0;0;0;0;2;0;0;0
23116;Mainsat;75;23;0;0;0;0;0;0;0;0;0;0;0;0;0;0;0;0;0;1;0;0;2;0;0;0;1;0;2;1;1;0;1;0;0;4;0;0;0
23117;Maison-Feyne;75;23;0;0;0;0;0;0;0;0;0;0;0;0;0;0;0;0;0;0;0;0;0;0;0;0;2;0;0;2;0;0;1;0;0;0;0;0;0
23118;Maisonnisses;75;23;0;0;0;0;0;0;0;0;0;0;0;0;0;0;0;0;0;0;0;0;0;0;0;0;0;0;1;0;0;0;0;0;0;0;0;0;0
23119;Malleret;75;23;0;0;0;0;0;0;0;0;0;0;0;0;0;0;0;0;0;0;0;0;0;0;0;0;0;0;0;0;0;0;0;0;0;0;0;0;0
23120;Malleret-Boussac;75;23;0;0;0;0;0;0;0;0;0;0;0;0;0;0;0;0;0;0;0;0;0;0;0;0;1;0;1;0;0;0;1;0;0;0;1;0;0
23121;Malval;75;23;0;0;0;0;0;0;0;0;0;0;0;0;0;0;0;0;0;0;0;0;0;0;0;0;0;0;0;0;0;0;0;0;0;0;0;0;0
23122;Mansat-la-Courrière;75;23;0;0;0;0;0;0;0;0;0;0;0;0;0;0;0;0;0;0;0;0;0;0;0;0;0;0;0;0;0;0;0;0;0;1;0;0;0
23123;Les Mars;75;23;0;0;0;0;0;0;0;0;0;0;0;0;0;0;0;0;0;0;0;1;0;0;0;0;1;1;1;1;0;0;1;0;0;0;0;0;0
23124;Marsac;75;23;0;0;0;0;0;0;0;0;0;0;0;0;0;0;0;0;1;1;0;0;2;0;0;0;0;0;1;0;1;0;1;0;0;3;1;0;0
23125;Le Mas-d'Artige;75;23;0;0;0;0;0;0;0;0;0;0;0;0;0;0;0;0;0;0;0;0;1;0;0;0;0;0;0;0;0;0;0;0;0;0;0;0;0
23126;Masbaraud-Mérignat;75;23;0;0;0;0;0;0;0;0;0;0;0;0;0;0;0;0;1;0;0;0;0;0;0;0;1;1;0;0;1;0;0;0;0;1;0;0;0
23127;Mautes;75;23;0;0;0;0;0;0;0;0;0;0;0;0;0;0;0;0;0;0;1;0;0;0;0;0;0;0;0;1;1;0;1;0;0;1;0;0;0
23128;Mazeirat;75;23;0;0;0;0;0;0;0;0;0;0;0;0;0;0;0;0;0;0;0;0;0;0;0;0;0;0;0;0;0;0;0;0;0;0;0;0;0
23129;La Mazière-aux-Bons-Hommes;75;23;0;0;0;0;0;0;0;0;0;0;0;0;0;0;0;0;0;0;0;0;0;0;0;0;0;0;0;0;0;0;0;0;0;0;0;0;0
23130;Méasnes;75;23;0;0;0;0;0;0;0;0;0;0;0;0;0;0;0;0;0;0;0;1;1;0;0;0;2;2;1;0;0;0;0;0;0;1;1;0;0
23131;Mérinchal;75;23;0;0;0;0;0;0;0;0;0;0;0;0;0;0;0;0;1;1;0;0;1;0;0;0;1;0;2;1;0;0;3;0;0;2;0;0;0
23132;Montaigut-le-Blanc;75;23;0;0;0;0;0;0;0;0;0;0;0;0;0;0;0;0;0;0;0;1;0;0;0;0;2;0;0;1;1;0;0;0;0;2;0;0;0
23133;Montboucher;75;23;0;0;0;0;0;0;0;0;0;0;0;0;0;0;0;0;1;0;0;0;1;0;0;1;2;2;2;0;0;0;0;0;0;0;0;0;0
23134;Le Monteil-au-Vicomte;75;23;0;0;0;0;0;0;0;0;0;0;0;0;0;0;0;0;0;0;0;1;1;0;0;0;0;0;0;1;1;0;0;0;0;0;0;0;0
23136;Mortroux;75;23;0;0;0;0;0;0;0;0;0;0;0;0;0;0;0;0;0;0;0;1;0;0;0;0;0;0;1;0;0;0;0;0;0;0;0;0;0
23137;Mourioux-Vieilleville;75;23;0;0;0;0;0;0;0;0;0;0;0;0;0;0;0;0;0;1;0;0;1;0;0;0;2;5;0;0;0;1;1;0;0;0;1;0;0
23138;Moutier-d'Ahun;75;23;0;0;0;0;0;0;0;0;0;0;0;0;0;0;0;0;0;0;0;0;0;0;0;0;1;0;1;0;1;0;0;0;0;1;0;0;1
23139;Moutier-Malcard;75;23;0;0;0;0;0;0;0;0;0;0;0;0;0;0;0;0;0;1;0;0;0;0;0;0;3;1;1;2;0;1;1;0;0;0;0;0;0
23140;Moutier-Rozeille;75;23;0;0;0;0;0;0;0;0;0;0;0;0;0;0;0;0;0;0;0;1;3;0;0;0;0;0;1;1;2;0;1;0;0;0;0;0;0
23141;Naillat;75;23;0;0;0;0;0;0;0;0;0;0;0;0;0;0;0;0;0;0;0;1;0;0;0;0;1;0;2;1;0;0;0;0;0;0;0;0;0
23142;Néoux;75;23;0;0;0;0;0;0;0;0;0;0;0;0;0;0;0;0;0;0;0;1;1;0;0;0;1;0;1;0;0;0;0;0;0;0;0;0;1
23143;Noth;75;23;0;0;0;0;0;0;0;0;0;0;0;0;0;0;0;0;0;0;0;1;0;0;0;0;0;0;2;2;0;1;0;0;0;0;0;0;0
23144;La Nouaille;75;23;0;0;0;0;0;0;0;0;0;0;0;0;0;0;0;0;0;0;0;1;0;0;0;0;1;0;0;0;1;0;0;0;0;0;0;0;0
23145;Nouhant;75;23;0;0;0;0;0;0;0;0;0;0;0;0;0;0;0;0;0;0;0;0;1;0;0;0;0;0;0;0;1;0;0;0;0;0;0;0;0
23146;Nouzerines;75;23;0;0;0;0;0;0;0;0;0;0;0;0;0;0;0;0;0;0;1;0;1;0;0;0;0;0;1;0;1;0;0;0;0;0;0;0;0
23147;Nouzerolles;75;23;0;0;0;0;0;0;0;0;0;0;0;0;0;0;0;0;0;0;0;0;0;0;0;0;1;2;0;0;1;0;0;0;0;0;0;0;0
23148;Nouziers;75;23;0;0;0;0;0;0;0;0;0;0;0;0;0;0;0;0;0;0;0;1;0;0;0;0;0;1;0;0;0;0;0;0;0;0;0;0;0
23149;Parsac-Rimondeix;75;23;0;0;0;0;0;0;0;0;0;0;0;0;0;0;0;0;0;0;0;1;1;0;0;0;0;0;2;0;3;0;1;0;0;0;0;0;0
23150;Peyrabout;75;23;0;0;0;0;0;0;0;0;0;0;0;0;0;0;0;0;0;0;0;0;0;0;0;0;0;0;0;0;1;0;0;0;0;1;0;0;0
23151;Peyrat-la-Nonière;75;23;0;0;0;0;0;0;0;0;0;0;0;0;0;0;0;0;0;0;1;0;0;0;0;0;0;1;0;1;1;0;1;1;0;1;0;0;0
23152;Pierrefitte;75;23;0;0;0;0;0;0;0;0;0;0;0;0;0;0;0;0;0;0;0;0;0;0;0;0;0;0;0;0;0;0;0;0;0;0;0;0;0
23154;Pionnat;75;23;0;0;0;0;0;0;0;0;0;0;0;0;0;0;0;0;0;0;0;1;0;0;0;0;2;2;0;0;0;1;0;0;0;1;0;0;0
23155;Pontarion;75;23;0;1;0;0;0;0;0;0;0;0;0;0;0;0;0;2;1;1;0;0;1;0;0;0;3;0;0;4;0;0;3;0;0;1;0;0;0
23156;Pontcharraud;75;23;0;0;0;0;0;0;0;0;0;0;0;0;0;0;0;0;0;0;0;0;0;0;0;0;0;0;0;0;0;0;0;0;0;0;0;0;0
23157;La Pouge;75;23;0;0;0;0;0;0;0;0;0;0;0;0;0;0;0;0;0;0;0;0;0;0;0;0;0;0;0;0;0;0;0;0;0;0;0;0;0
23158;Poussanges;75;23;0;0;0;0;0;0;0;0;0;0;0;0;0;0;0;0;0;0;0;0;0;0;0;0;0;0;0;0;0;0;0;0;0;0;0;0;0
23159;Puy-Malsignat;75;23;0;0;0;0;0;0;0;0;0;0;0;0;0;0;0;0;0;0;0;0;1;0;0;0;1;0;0;0;0;0;1;0;0;0;0;0;0
23160;Reterre;75;23;0;0;0;0;0;0;0;0;0;0;0;0;0;0;0;0;0;0;0;0;0;0;0;0;0;0;1;0;2;0;0;0;0;0;0;0;0
23162;Roches;75;23;0;0;0;0;0;0;0;0;0;0;0;0;0;0;0;0;0;0;0;0;1;0;0;0;0;1;1;1;1;0;0;0;0;0;0;0;0
23164;Rougnat;75;23;0;0;0;0;0;0;0;0;0;0;0;0;0;0;0;0;0;0;0;1;0;0;0;0;1;5;2;1;1;0;0;0;0;1;2;0;0
23165;Royère-de-Vassivière;75;23;0;1;0;0;0;0;0;0;0;0;1;0;0;0;0;0;0;1;0;0;1;0;0;0;4;1;1;3;0;0;2;0;0;5;1;0;0
23166;Sagnat;75;23;0;0;0;0;0;0;0;0;0;0;0;0;0;0;0;0;0;0;0;0;0;0;0;0;0;0;0;0;0;0;0;0;0;0;0;0;0
23167;Sannat;75;23;0;0;0;0;0;0;0;0;0;0;0;0;0;0;0;0;0;0;0;1;0;0;0;0;0;1;0;2;2;1;0;0;0;0;1;0;0
23168;Sardent;75;23;0;0;0;0;0;0;0;0;0;0;0;0;0;0;0;0;0;1;0;0;1;0;0;0;2;1;3;2;2;0;1;0;0;3;0;0;0
23169;La Saunière;75;23;0;0;0;0;0;0;0;0;0;0;0;0;0;0;0;0;0;0;0;0;0;0;0;0;2;0;2;4;0;0;2;0;0;0;0;0;0
23170;Savennes;75;23;0;0;0;0;0;0;0;0;0;0;0;0;0;0;0;0;0;0;0;0;0;0;0;0;0;0;1;0;0;0;0;0;0;0;0;0;0
23171;Sermur;75;23;0;0;0;0;0;0;0;0;0;0;0;0;0;0;0;0;0;0;0;0;0;0;0;0;1;0;0;0;0;0;0;0;0;0;0;0;0
23172;La Serre-Bussière-Vieille;75;23;0;0;0;0;0;0;0;0;0;0;0;0;0;0;0;0;0;0;0;0;0;0;0;0;0;1;1;0;0;0;0;0;0;0;0;0;0
23173;Soubrebost;75;23;0;0;0;0;0;0;0;0;0;0;0;0;0;0;0;0;0;0;0;0;0;0;0;0;0;1;0;0;0;0;0;0;0;0;0;0;0
23174;Soumans;75;23;0;0;0;0;0;0;0;0;0;0;0;0;0;0;0;0;0;0;0;1;1;0;0;0;2;0;1;1;1;0;1;0;0;0;0;0;0
23175;Sous-Parsat;75;23;0;0;0;0;0;0;0;0;0;0;0;0;0;0;0;0;0;0;0;0;0;0;0;0;0;0;0;0;0;0;0;1;0;2;0;0;0
23176;La Souterraine;75;23;0;1;0;0;0;0;0;0;0;0;1;1;0;0;0;8;3;1;0;0;14;2;0;4;3;10;3;7;6;1;10;5;2;16;5;3;3
23177;Saint-Agnant-de-Versillat;75;23;0;0;0;0;0;0;0;0;0;0;0;0;0;0;0;0;0;0;0;1;2;0;0;0;3;2;4;2;2;1;2;0;0;1;0;0;0
23178;Saint-Agnant-près-Crocq;75;23;0;0;0;0;0;0;0;0;0;0;0;0;0;0;0;0;0;0;1;0;0;0;0;0;0;0;0;0;0;0;0;0;0;0;0;0;0
23179;Saint-Alpinien;75;23;0;0;0;0;0;0;0;0;0;0;0;0;0;0;0;0;0;0;0;0;1;0;0;0;2;1;1;0;0;0;0;0;0;0;0;0;0
23180;Saint-Amand;75;23;0;0;0;0;0;0;0;0;0;0;0;0;0;0;0;0;1;0;0;0;1;0;0;0;0;1;2;2;1;0;0;0;0;0;0;0;0
23181;Saint-Amand-Jartoudeix;75;23;0;0;0;0;0;0;0;0;0;0;0;0;0;0;0;0;0;0;0;0;0;0;0;0;1;0;0;1;0;0;0;0;0;2;0;0;0
23182;Saint-Avit-de-Tardes;75;23;0;0;0;0;0;0;0;0;0;0;0;0;0;0;0;0;1;0;0;0;0;0;0;0;0;0;0;0;0;0;0;0;0;0;0;0;0
23183;Saint-Avit-le-Pauvre;75;23;0;0;0;0;0;0;0;0;0;0;0;0;0;0;0;0;0;0;0;0;0;0;0;0;0;0;0;0;0;0;0;0;0;0;0;0;0
23184;Saint-Bard;75;23;0;0;0;0;0;0;0;0;0;0;0;0;0;0;0;0;0;0;0;0;0;0;0;0;0;0;1;0;0;0;0;0;0;0;0;0;0
23185;Saint-Chabrais;75;23;0;0;0;0;0;0;0;0;0;0;0;0;0;0;0;0;0;0;0;0;0;0;0;0;1;0;0;0;1;0;0;0;0;1;0;0;0
23186;Saint-Christophe;75;23;0;0;0;0;0;0;0;0;0;0;0;0;0;0;0;0;0;0;0;0;0;0;0;0;0;0;0;1;1;0;0;0;0;0;0;0;0
23187;Saint-Dizier-la-Tour;75;23;0;0;0;0;0;0;0;0;0;0;0;0;0;0;0;0;0;0;0;0;0;0;0;0;0;0;1;1;1;0;0;0;0;0;0;0;0
23188;Saint-Dizier-les-Domaines;75;23;0;0;0;0;0;0;0;0;0;0;0;0;0;0;0;0;0;0;0;0;0;0;0;0;0;0;0;0;1;0;0;0;0;0;0;0;0
23189;Saint-Dizier-Leyrenne;75;23;0;0;0;0;0;0;0;0;0;0;0;0;0;0;0;0;0;1;0;0;2;0;0;0;6;1;2;0;2;0;2;0;0;1;1;0;1
23190;Saint-Domet;75;23;0;0;0;0;0;0;0;0;0;0;0;0;0;0;0;0;0;0;0;0;0;0;0;0;0;0;0;1;0;1;0;0;0;1;1;0;0
23191;Saint-Éloi;75;23;0;0;0;0;0;0;0;0;0;0;0;0;0;0;0;0;0;0;0;0;0;0;0;0;2;0;1;2;0;0;0;0;0;0;0;0;0
23192;Saint-Étienne-de-Fursac;75;23;0;0;0;0;0;0;0;0;0;0;0;0;0;0;0;1;1;1;0;0;1;0;0;0;2;1;0;3;0;1;1;0;0;4;0;0;0
23193;Sainte-Feyre;75;23;0;1;0;0;0;0;0;0;0;0;0;0;0;0;0;0;0;1;0;0;3;0;0;1;5;7;2;4;2;0;3;0;0;2;0;0;3
23194;Sainte-Feyre-la-Montagne;75;23;0;0;0;0;0;0;0;0;0;0;0;0;0;0;0;0;0;0;0;0;0;0;0;0;1;0;0;0;0;1;0;0;0;0;0;0;0
23195;Saint-Fiel;75;23;0;0;0;0;0;0;0;0;0;0;0;0;0;0;0;0;0;0;1;0;1;0;0;0;1;3;1;2;0;2;2;0;0;2;0;0;0
23196;Saint-Frion;75;23;0;0;0;0;0;0;0;0;0;0;0;0;0;0;0;0;0;0;0;0;0;0;0;0;1;0;0;3;0;0;0;0;0;0;0;0;0
23197;Saint-Georges-la-Pouge;75;23;0;0;0;0;0;0;0;0;0;0;0;0;0;0;0;0;0;0;0;1;0;0;0;0;0;0;0;2;2;0;0;0;0;0;1;0;0
23198;Saint-Georges-Nigremont;75;23;0;0;0;0;0;0;0;0;0;0;0;0;0;0;0;0;0;0;0;0;0;0;0;0;1;0;0;0;0;0;0;0;0;1;0;0;0
23199;Saint-Germain-Beaupré;75;23;0;0;0;0;0;0;0;0;0;0;0;0;0;0;0;0;0;0;0;1;0;0;0;0;2;0;1;1;0;0;0;0;0;1;0;0;1
23200;Saint-Goussaud;75;23;0;0;0;0;0;0;0;0;0;0;0;0;0;0;0;0;0;0;0;0;1;0;0;0;0;0;0;0;0;0;0;0;0;0;0;0;0
23201;Saint-Hilaire-la-Plaine;75;23;0;0;0;0;0;0;0;0;0;0;0;0;0;0;0;0;0;0;0;0;0;0;0;0;0;0;0;1;0;0;0;0;0;0;0;0;0
23202;Saint-Hilaire-le-Château;75;23;0;0;0;0;0;0;0;0;0;0;0;0;0;0;0;0;1;0;1;0;0;0;0;0;1;1;1;0;0;0;0;0;0;0;0;0;0
23203;Saint-Julien-la-Genête;75;23;0;0;0;0;0;0;0;0;0;0;0;0;0;0;0;0;0;0;0;0;0;0;0;0;0;0;1;0;1;0;0;0;0;0;0;0;0
23204;Saint-Julien-le-Châtel;75;23;0;0;0;0;0;0;0;0;0;0;0;0;0;0;0;0;0;0;0;0;0;0;0;0;1;0;1;1;0;0;0;0;0;2;0;0;0
23205;Saint-Junien-la-Bregère;75;23;0;0;0;0;0;0;0;0;0;0;0;0;0;0;0;0;0;0;0;0;0;0;0;0;0;0;0;0;0;0;0;0;0;0;0;0;0
23206;Saint-Laurent;75;23;0;0;0;0;0;0;0;0;0;0;0;0;0;0;0;0;0;0;1;0;0;0;0;0;1;1;2;2;0;0;0;0;0;1;1;0;0
23207;Saint-Léger-Bridereix;75;23;0;0;0;0;0;0;0;0;0;0;0;0;0;0;0;0;0;0;0;0;0;0;0;0;0;0;1;0;0;0;0;0;0;1;0;0;0
23208;Saint-Léger-le-Guérétois;75;23;0;0;0;0;0;0;0;0;0;0;0;0;0;0;0;0;0;0;0;0;0;0;0;0;0;1;0;1;0;1;0;0;0;0;0;0;0
23209;Saint-Loup;75;23;0;0;0;0;0;0;0;0;0;0;0;0;0;0;0;0;0;0;0;0;0;0;0;0;1;1;1;1;0;0;0;0;0;1;0;0;0
23210;Saint-Maixant;75;23;0;0;0;0;0;0;0;0;0;0;0;0;0;0;0;0;0;0;0;0;0;0;0;0;1;0;0;0;0;0;0;0;0;1;1;0;0
23211;Saint-Marc-à-Frongier;75;23;0;0;0;0;0;0;0;0;0;0;0;0;0;0;0;0;0;0;0;0;0;0;0;0;2;0;0;0;1;2;0;0;0;0;0;0;0
23212;Saint-Marc-à-Loubaud;75;23;0;0;0;0;0;0;0;0;0;0;0;0;0;0;0;0;0;0;0;0;0;0;0;0;1;0;0;1;0;0;0;0;0;1;0;0;0
23213;Saint-Marien;75;23;0;0;0;0;0;0;0;0;0;0;0;0;0;0;0;0;0;0;0;1;1;0;0;0;0;1;1;1;0;0;0;0;0;0;1;0;0
23214;Saint-Martial-le-Mont;75;23;0;0;0;0;0;0;0;0;0;0;0;0;0;0;0;0;0;0;0;0;0;0;0;0;0;1;0;1;0;0;0;0;0;0;0;0;0
23215;Saint-Martial-le-Vieux;75;23;0;0;0;0;0;0;0;0;0;0;0;0;0;0;0;0;0;0;0;0;1;0;0;0;0;0;0;1;1;0;0;0;0;0;0;0;0
23216;Saint-Martin-Château;75;23;0;0;0;0;0;0;0;0;0;0;0;0;0;0;0;0;0;0;0;1;0;0;0;0;1;0;1;0;1;0;0;0;0;1;0;0;0
23217;Saint-Martin-Sainte-Catherine;75;23;0;0;0;0;0;0;0;0;0;0;0;0;0;0;0;0;1;0;0;1;0;0;0;0;1;1;1;0;2;0;0;0;0;1;0;0;0
23218;Saint-Maurice-près-Crocq;75;23;0;0;0;0;0;0;0;0;0;0;0;0;0;0;0;0;0;0;0;0;0;0;0;0;0;1;0;1;0;0;0;0;0;3;0;0;0
23219;Saint-Maurice-la-Souterraine;75;23;0;0;0;0;0;0;0;0;0;0;0;0;0;0;0;0;1;1;0;0;3;0;0;0;2;2;1;0;1;0;1;0;0;2;0;0;2
23220;Saint-Médard-la-Rochette;75;23;0;0;0;0;0;0;0;0;0;0;0;0;0;0;0;0;0;0;0;1;1;0;0;0;3;1;2;3;1;0;0;0;0;1;0;0;0
23221;Saint-Merd-la-Breuille;75;23;0;0;0;0;0;0;0;0;0;0;0;0;0;0;0;0;0;0;0;1;0;0;0;0;1;1;1;0;0;0;0;0;0;1;0;0;0
23222;Saint-Michel-de-Veisse;75;23;0;0;0;0;0;0;0;0;0;0;0;0;0;0;0;0;0;0;0;0;1;0;0;0;2;0;0;0;0;0;1;0;0;1;0;0;0
23223;Saint-Moreil;75;23;0;0;0;0;0;0;0;0;0;0;0;0;0;0;0;0;1;0;0;1;1;0;0;0;1;1;0;0;0;0;1;0;0;0;0;0;0
23224;Saint-Oradoux-de-Chirouze;75;23;0;0;0;0;0;0;0;0;0;0;0;0;0;0;0;0;0;0;0;0;0;0;0;0;0;0;0;1;0;0;0;0;0;1;0;0;0
23225;Saint-Oradoux-près-Crocq;75;23;0;0;0;0;0;0;0;0;0;0;0;0;0;0;0;0;0;0;0;0;0;0;0;0;0;2;1;0;0;0;0;0;0;0;0;0;0
23226;Saint-Pardoux-d'Arnet;75;23;0;0;0;0;0;0;0;0;0;0;0;0;0;0;0;0;0;0;0;0;0;0;0;0;0;0;2;0;0;0;0;4;0;0;0;0;0
23227;Saint-Pardoux-Morterolles;75;23;0;0;0;0;0;0;0;0;0;0;0;0;0;0;0;0;0;0;0;0;0;0;0;0;3;0;0;1;0;0;0;0;0;0;0;0;0
23228;Saint-Pardoux-le-Neuf;75;23;0;0;0;0;0;0;0;0;0;0;0;0;0;0;0;0;0;0;0;0;0;0;1;0;1;1;0;0;0;0;0;0;0;0;0;0;0
23229;Saint-Pardoux-les-Cards;75;23;0;0;0;0;0;0;0;0;0;0;0;0;0;0;0;0;0;0;0;0;1;0;0;0;1;0;1;1;0;1;0;0;0;0;0;0;0
23230;Saint-Pierre-Chérignat;75;23;0;0;0;0;0;0;0;0;0;0;0;0;0;0;0;0;1;0;0;0;0;0;0;0;0;0;1;1;1;0;0;0;0;1;1;0;0
23231;Saint-Pierre-de-Fursac;75;23;0;0;0;0;0;0;0;0;0;0;0;0;0;0;0;1;1;0;0;0;1;0;0;0;0;1;5;1;1;1;2;0;0;0;0;0;1
23232;Saint-Pierre-Bellevue;75;23;0;0;0;0;0;0;0;0;0;0;0;0;0;0;0;0;0;0;0;0;0;0;0;0;1;0;0;1;1;0;0;0;0;1;0;0;0
23233;Saint-Pierre-le-Bost;75;23;0;0;0;0;0;0;0;0;0;0;0;0;0;0;0;0;0;0;0;0;0;0;0;0;0;0;0;0;0;0;0;1;0;0;0;0;0
23234;Saint-Priest;75;23;0;0;0;0;0;0;0;0;0;0;0;0;0;0;0;0;0;0;0;0;0;0;0;0;0;1;0;0;0;0;0;0;0;0;0;0;0
23235;Saint-Priest-la-Feuille;75;23;0;0;0;0;0;0;0;0;0;0;0;0;0;0;0;0;0;0;0;1;0;0;0;0;2;0;1;0;2;0;1;0;0;1;1;0;0
23236;Saint-Priest-la-Plaine;75;23;0;0;0;0;0;0;0;0;0;0;0;0;0;0;0;0;0;0;0;1;0;0;0;0;0;1;1;0;0;0;0;0;0;0;0;0;0
23237;Saint-Priest-Palus;75;23;0;0;0;0;0;0;0;0;0;0;0;0;0;0;0;0;0;0;0;0;0;0;0;0;0;1;2;0;0;0;0;0;0;0;0;0;0
23238;Saint-Quentin-la-Chabanne;75;23;0;0;0;0;0;0;0;0;0;0;0;0;0;0;0;0;0;0;0;0;0;0;0;0;3;0;1;2;1;0;0;0;0;0;0;0;0
23239;Saint-Sébastien;75;23;0;0;0;0;0;0;0;0;0;0;0;0;0;0;0;1;0;1;0;0;1;0;0;0;1;0;1;0;1;0;2;0;0;3;0;0;0
23240;Saint-Silvain-Bas-le-Roc;75;23;0;0;0;0;0;0;0;0;0;0;0;0;0;0;0;0;0;0;0;0;0;0;0;0;3;0;0;1;1;0;0;0;0;0;0;0;0
23241;Saint-Silvain-Bellegarde;75;23;0;0;0;0;0;0;0;0;0;0;0;0;0;0;0;0;0;0;0;0;0;0;0;0;0;0;0;0;0;0;0;0;0;1;0;0;0
23242;Saint-Silvain-Montaigut;75;23;0;0;0;0;0;0;0;0;0;0;0;0;0;0;0;0;0;0;0;0;2;0;0;0;0;0;0;1;1;0;0;0;0;0;0;0;0
23243;Saint-Silvain-sous-Toulx;75;23;0;0;0;0;0;0;0;0;0;0;0;0;0;0;0;0;0;0;0;0;0;0;0;0;0;0;1;0;0;0;0;1;0;1;0;0;0
23244;Saint-Sulpice-le-Dunois;75;23;0;0;0;0;0;0;0;0;0;0;0;0;0;0;0;0;0;1;0;0;2;0;0;0;1;3;0;2;1;1;1;0;0;1;0;0;0
23245;Saint-Sulpice-le-Guérétois;75;23;0;0;0;0;0;0;0;0;0;0;0;0;0;0;0;0;0;1;0;0;2;0;0;0;5;4;3;1;3;1;2;0;0;2;0;0;1
23246;Saint-Sulpice-les-Champs;75;23;0;1;0;0;0;0;0;0;0;0;0;0;0;0;0;2;0;1;0;0;2;0;0;0;1;0;1;0;0;0;1;0;0;2;0;0;1
23247;Saint-Vaury;75;23;0;1;0;0;0;0;0;0;0;0;1;0;0;0;0;3;0;1;0;0;2;0;0;0;2;1;5;4;2;1;2;3;0;3;1;0;0
23248;Saint-Victor-en-Marche;75;23;0;0;0;0;0;0;0;0;0;0;0;0;0;0;0;0;0;0;0;0;0;0;0;0;0;0;0;0;0;0;0;0;0;0;0;0;0
23249;Saint-Yrieix-la-Montagne;75;23;0;0;0;0;0;0;0;0;0;0;0;0;0;0;0;0;0;0;0;1;0;0;0;0;1;0;0;0;1;0;1;0;0;0;0;0;0
23250;Saint-Yrieix-les-Bois;75;23;0;0;0;0;0;0;0;0;0;0;0;0;0;0;0;0;0;0;0;1;0;0;0;0;1;0;0;0;0;0;0;0;0;1;1;0;0
23251;Tardes;75;23;0;0;0;0;0;0;0;0;0;0;0;0;0;0;0;0;0;0;0;0;0;0;0;0;0;0;0;0;0;0;0;0;0;0;1;0;0
23252;Tercillat;75;23;0;0;0;0;0;0;0;0;0;0;0;0;0;0;0;0;0;0;0;1;0;0;0;0;1;0;0;0;0;0;0;0;0;0;0;0;0
23253;Thauron;75;23;0;0;0;0;0;0;0;0;0;0;0;0;0;0;0;0;0;0;0;0;0;0;0;0;0;1;0;1;1;0;0;0;0;0;0;0;0
23254;Toulx-Sainte-Croix;75;23;0;0;0;0;0;0;0;0;0;0;0;0;0;0;0;0;0;0;0;0;0;0;0;0;3;0;0;0;1;0;0;0;0;1;0;0;0
23255;Trois-Fonds;75;23;0;0;0;0;0;0;0;0;0;0;0;0;0;0;0;0;0;0;0;0;1;0;0;0;0;1;0;0;0;0;0;0;0;0;0;0;0
23257;Vallière;75;23;0;0;0;0;0;0;0;0;0;0;0;0;0;0;0;1;1;1;0;0;2;0;0;0;1;1;4;4;0;1;1;0;0;2;0;0;0
23258;Vareilles;75;23;0;0;0;0;0;0;0;0;0;0;0;0;0;0;0;0;0;0;0;0;0;0;0;0;0;1;0;0;0;0;0;0;0;1;0;0;0
23259;Verneiges;75;23;0;0;0;0;0;0;0;0;0;0;0;0;0;0;0;0;0;0;0;0;2;0;0;0;0;0;0;1;0;0;1;0;0;0;0;0;0
23260;Vidaillat;75;23;0;0;0;0;0;0;0;0;0;0;0;0;0;0;0;0;1;0;0;1;0;0;0;0;1;1;0;0;0;0;0;0;0;0;0;0;0
23261;Viersat;75;23;0;0;0;0;0;0;0;0;0;0;0;0;0;0;0;0;0;0;0;0;0;0;0;0;0;1;0;0;0;0;0;0;0;0;0;0;0
23262;Vigeville;75;23;0;0;0;0;0;0;0;0;0;0;0;0;0;0;0;0;0;0;0;0;0;0;1;0;0;0;0;0;0;0;1;0;0;0;0;0;0
23263;Villard;75;23;0;0;0;0;0;0;0;0;0;0;0;0;0;0;0;0;0;0;0;0;1;0;0;0;0;0;0;2;0;0;0;0;0;0;1;0;0
23264;La Villedieu;75;23;0;0;0;0;0;0;0;0;0;0;0;0;0;0;0;0;0;0;0;1;0;0;0;0;0;0;0;0;0;0;0;0;0;1;0;0;0
23265;La Villeneuve;75;23;0;0;0;0;0;0;0;0;0;0;0;0;0;0;0;0;0;0;0;0;0;0;0;0;0;1;0;0;0;0;0;0;0;0;0;0;0
23266;La Villetelle;75;23;0;0;0;0;0;0;0;0;0;0;0;0;0;0;0;0;0;0;1;0;0;0;0;0;0;2;0;0;1;0;1;0;0;0;0;0;0
24001;Abjat-sur-Bandiat;75;24;0;0;0;0;0;0;0;0;0;0;0;0;0;0;0;0;0;0;0;1;3;0;0;0;5;1;3;0;1;0;1;0;0;3;0;0;0
24002;Agonac;75;24;0;0;0;0;0;0;0;0;0;0;0;0;0;0;0;0;0;1;0;0;2;0;0;0;3;4;2;2;2;0;4;0;0;4;1;0;1
24004;Ajat;75;24;0;0;0;0;0;0;0;0;0;0;0;0;0;0;0;0;0;0;0;0;0;0;0;0;1;0;1;0;0;0;1;0;0;1;0;0;0
24005;Alles-sur-Dordogne;75;24;0;0;0;0;0;0;0;0;0;0;0;0;0;0;0;0;0;0;0;0;0;0;0;0;0;1;1;1;1;0;0;0;0;1;1;0;0
24006;Allas-les-Mines;75;24;0;0;0;0;0;0;0;0;0;0;0;0;0;0;0;0;0;0;0;0;0;0;0;0;1;0;1;2;1;0;0;0;0;1;0;0;0
24007;Allemans;75;24;0;0;0;0;0;0;0;0;0;0;0;0;0;0;0;0;0;0;0;0;2;0;0;0;2;1;2;1;0;0;0;0;0;1;0;0;0
24008;Angoisse;75;24;0;0;0;0;0;0;0;0;0;0;0;0;0;0;0;0;0;0;0;1;1;0;0;0;5;0;3;1;0;1;0;0;0;1;0;0;0
24009;Anlhiac;75;24;0;0;0;0;0;0;0;0;0;0;0;0;0;0;0;0;0;0;0;0;0;0;0;0;3;0;1;0;2;1;0;0;0;1;0;0;0
24010;Annesse-et-Beaulieu;75;24;0;0;0;0;0;0;0;0;0;0;0;0;0;0;0;0;0;0;0;0;0;0;0;0;1;3;2;4;5;1;1;0;0;4;0;0;0
24011;Antonne-et-Trigonant;75;24;0;0;0;0;0;0;0;0;0;0;0;0;0;0;0;0;0;0;1;0;5;0;0;0;4;3;2;2;0;0;1;1;0;3;0;0;0
24012;Archignac;75;24;0;0;0;0;0;0;0;0;0;0;0;0;0;0;0;0;0;0;0;0;0;0;0;0;2;2;2;1;0;0;0;0;0;1;0;0;0
24014;Aubas;75;24;0;0;0;0;0;0;0;0;0;0;0;0;0;0;0;0;0;0;0;0;1;0;0;0;3;9;1;2;0;1;1;0;0;1;0;0;0
24015;Audrix;75;24;0;0;0;0;0;0;0;0;0;0;0;0;0;0;0;0;0;0;0;0;0;0;0;0;0;1;1;0;1;1;0;0;0;1;1;0;0
24016;Augignac;75;24;0;0;0;0;0;0;0;0;0;0;0;0;0;0;0;0;0;0;0;1;2;1;0;0;5;2;0;1;2;0;2;0;0;3;0;0;0
24018;Auriac-du-Périgord;75;24;0;0;0;0;0;0;0;0;0;0;0;0;0;0;0;0;0;0;0;1;0;0;0;0;2;1;0;1;2;1;0;0;0;0;0;0;0
24019;Azerat;75;24;0;0;0;0;0;0;0;0;0;0;0;0;0;0;0;0;0;0;1;0;2;0;0;0;3;2;2;0;1;0;0;0;0;2;0;0;0
24020;La Bachellerie;75;24;0;0;0;0;0;0;0;0;0;0;0;0;0;0;0;0;0;0;0;1;1;0;0;0;1;1;0;2;1;0;2;0;0;2;0;0;2
24021;Badefols-d'Ans;75;24;0;0;0;0;0;0;0;0;0;0;0;0;0;0;0;0;0;0;0;1;1;0;0;0;1;1;3;2;1;0;0;0;0;2;0;0;0
24022;Badefols-sur-Dordogne;75;24;0;0;0;0;0;0;0;0;0;0;0;0;0;0;0;0;0;0;0;0;0;0;0;0;2;0;0;1;0;0;0;0;0;0;0;0;1
24023;Baneuil;75;24;0;0;0;0;0;0;0;0;0;0;0;0;0;0;0;0;0;0;0;0;0;0;0;0;0;0;1;0;0;0;0;0;0;0;1;0;0
24024;Bardou;75;24;0;0;0;0;0;0;0;0;0;0;0;0;0;0;0;0;0;0;0;0;0;0;0;0;0;0;0;0;0;0;0;0;0;0;0;0;0
24025;Bars;75;24;0;0;0;0;0;0;0;0;0;0;0;0;0;0;0;0;0;0;0;0;0;0;0;0;0;1;1;0;0;0;0;0;0;0;1;0;0
24026;Bassillac;75;24;0;0;0;0;0;0;0;0;0;0;0;0;0;0;0;0;0;1;0;0;0;0;0;0;2;4;2;2;1;1;1;0;0;2;1;0;1
24027;Bayac;75;24;0;0;0;0;0;0;0;0;0;0;0;0;0;0;0;0;0;0;0;0;0;0;0;0;0;0;0;2;0;0;0;0;0;1;0;0;0
24028;Beaumontois en Périgord;75;24;0;1;0;0;0;0;0;0;0;0;0;0;0;0;0;1;1;1;0;1;9;1;0;1;11;3;7;6;2;0;4;1;0;12;3;0;1
24029;Beaupouyet;75;24;0;0;0;0;0;0;0;0;0;0;0;0;0;0;0;0;0;0;0;1;1;0;0;0;4;0;1;1;2;0;0;0;0;1;0;0;1
24030;Beauregard-de-Terrasson;75;24;0;0;0;0;0;0;0;0;0;0;0;0;0;0;0;0;0;0;0;1;0;0;0;0;1;0;1;0;0;0;1;0;0;1;0;0;1
24031;Beauregard-et-Bassac;75;24;0;0;0;0;0;0;0;0;0;0;0;0;0;0;0;0;0;0;0;0;1;0;0;0;0;0;1;0;0;0;0;0;0;0;0;0;1
24032;Beauronne;75;24;0;0;0;0;0;0;0;0;0;0;0;0;0;0;0;0;0;0;0;0;0;0;0;0;2;1;2;0;1;0;0;0;0;1;1;0;0
24033;Beaussac;75;24;0;0;0;0;0;0;0;0;0;0;0;0;0;0;0;0;0;0;0;0;0;0;0;0;1;1;1;0;0;0;0;0;0;0;0;0;0
24034;Beleymas;75;24;0;0;0;0;0;0;0;0;0;0;0;0;0;0;0;0;0;0;0;0;0;0;0;0;1;1;2;1;0;0;0;0;0;0;0;0;0
24035;Pays de Belvès;75;24;0;1;0;0;0;0;0;0;0;0;1;0;1;0;0;1;2;1;0;0;4;0;0;0;4;5;3;7;3;1;4;1;0;10;4;2;2
24036;Berbiguières;75;24;0;0;0;0;0;0;0;0;0;0;0;0;0;0;0;0;0;0;0;0;1;0;0;0;0;1;0;1;0;0;0;0;0;0;0;0;0
24037;Bergerac;75;24;1;1;0;1;1;1;1;0;0;0;5;1;0;1;0;23;8;3;1;1;37;5;8;9;48;65;32;42;29;21;62;6;11;127;47;12;28
24038;Bertric-Burée;75;24;0;0;0;0;0;0;0;0;0;0;0;0;0;0;0;0;0;0;0;0;1;1;0;0;1;2;1;0;1;1;0;0;0;2;0;0;0
24039;Besse;75;24;0;0;0;0;0;0;0;0;0;0;0;0;0;0;0;0;0;0;0;0;1;0;0;0;2;0;2;0;0;0;0;0;0;1;0;0;0
24040;Beynac-et-Cazenac;75;24;0;0;0;0;0;0;0;0;0;0;0;0;0;0;0;0;0;1;0;0;1;0;0;0;2;0;0;0;1;0;1;0;0;5;1;0;1
24041;Bézenac;75;24;0;0;0;0;0;0;0;0;0;0;0;0;0;0;0;0;0;0;0;0;1;0;0;0;0;0;2;2;0;0;0;0;0;1;1;0;0
24042;Biras;75;24;0;0;0;0;0;0;0;0;0;0;0;0;0;0;0;0;0;0;0;1;2;0;0;0;2;2;2;7;0;1;0;0;0;1;0;0;0
24043;Biron;75;24;0;0;0;0;0;0;0;0;0;0;0;0;0;0;0;0;0;0;0;0;0;0;0;0;2;1;0;0;1;0;0;0;0;1;1;0;0
24044;Blis-et-Born;75;24;0;0;0;0;0;0;0;0;0;0;0;0;0;0;0;0;0;0;0;0;0;0;0;0;2;0;0;3;2;0;1;0;0;2;0;0;1
24045;Boisse;75;24;0;0;0;0;0;0;0;0;0;0;0;0;0;0;0;0;0;0;0;0;0;0;0;0;2;0;1;0;0;1;0;0;0;0;0;0;0
24046;Boisseuilh;75;24;0;0;0;0;0;0;0;0;0;0;0;0;0;0;0;0;0;0;0;0;0;0;0;0;1;0;1;0;0;0;0;0;0;1;0;0;0
24047;La Boissière-d'Ans;75;24;0;0;0;0;0;0;0;0;0;0;0;0;0;0;0;0;0;0;0;0;3;0;0;0;1;0;0;1;1;0;0;0;0;0;0;0;0
24048;Bonneville-et-Saint-Avit-de-Fumadières;75;24;0;0;0;0;0;0;0;0;0;0;0;0;0;0;0;0;0;0;0;0;0;0;0;0;1;0;0;0;1;0;0;0;0;0;0;0;0
24050;Borrèze;75;24;0;0;0;0;0;0;0;0;0;0;0;0;0;0;0;0;0;0;0;0;1;0;0;0;1;0;0;2;0;0;0;0;0;2;0;0;0
24051;Bosset;75;24;0;0;0;0;0;0;0;0;0;0;0;0;0;0;0;0;0;0;0;0;0;0;0;0;2;0;0;0;0;0;0;0;0;1;1;0;0
24052;Bouillac;75;24;0;0;0;0;0;0;0;0;0;0;0;0;0;0;0;0;0;0;0;0;1;0;0;0;0;0;0;0;0;0;0;0;0;0;1;0;1
24053;Boulazac Isle Manoire;75;24;0;0;0;0;0;0;0;1;0;0;0;0;0;0;0;2;0;1;0;1;23;2;2;3;18;26;19;21;14;6;11;2;1;23;7;0;3
24054;Bouniagues;75;24;0;0;0;0;0;0;0;0;0;0;0;0;0;0;0;0;0;1;0;0;2;0;0;0;4;3;1;1;0;0;1;0;0;3;3;0;1
24055;Bourdeilles;75;24;0;0;0;0;0;0;0;0;0;0;0;0;0;0;0;0;0;0;0;1;1;0;0;0;1;0;1;0;1;0;1;0;0;4;0;0;0
24056;Le Bourdeix;75;24;0;0;0;0;0;0;0;0;0;0;0;0;0;0;0;0;0;0;0;0;0;0;0;0;1;0;0;0;0;0;0;0;0;0;0;0;0
24057;Bourg-des-Maisons;75;24;0;0;0;0;0;0;0;0;0;0;0;0;0;0;0;0;0;0;0;0;0;0;0;0;1;0;0;0;0;0;1;0;0;0;0;0;0
24058;Bourg-du-Bost;75;24;0;0;0;0;0;0;0;0;0;0;0;0;0;0;0;0;0;0;0;0;0;0;0;0;1;1;1;1;0;0;0;0;0;2;0;0;0
24059;Bourgnac;75;24;0;0;0;0;0;0;0;0;0;0;0;0;0;0;0;0;0;0;0;0;0;0;0;0;3;2;0;1;0;0;0;0;0;0;0;0;2
24060;Bourniquel;75;24;0;0;0;0;0;0;0;0;0;0;0;0;0;0;0;0;0;0;0;0;0;0;0;0;0;0;0;0;0;0;0;0;0;0;0;0;0
24061;Bourrou;75;24;0;0;0;0;0;0;0;0;0;0;0;0;0;0;0;0;0;0;0;0;0;0;0;0;0;0;0;1;2;0;0;0;0;1;0;0;0
24062;Bouteilles-Saint-Sébastien;75;24;0;0;0;0;0;0;0;0;0;0;0;0;0;0;0;0;0;0;0;0;0;0;0;0;2;1;0;0;0;0;0;0;0;1;0;0;0
24063;Bouzic;75;24;0;0;0;0;0;0;0;0;0;0;0;0;0;0;0;0;0;0;0;0;0;0;0;0;1;0;0;0;0;1;0;0;0;0;0;0;0
24064;Brantôme en Périgord;75;24;0;1;0;0;0;0;0;0;0;0;1;0;0;0;0;2;2;1;0;0;7;1;0;2;7;4;7;6;2;2;7;1;0;26;4;1;5
24065;Breuilh;75;24;0;0;0;0;0;0;0;0;0;0;0;0;0;0;0;0;0;0;0;0;0;0;0;0;4;1;1;2;1;0;0;0;0;1;0;0;0
24066;Brouchaud;75;24;0;0;0;0;0;0;0;0;0;0;0;0;0;0;0;0;0;0;0;1;0;0;0;0;1;0;1;2;1;0;0;0;0;1;1;0;0
24067;Le Bugue;75;24;0;1;0;0;0;0;0;0;0;0;1;0;0;0;0;3;1;1;0;0;7;1;0;3;14;8;6;4;2;2;8;1;0;10;7;2;5
24068;Le Buisson-de-Cadouin;75;24;0;0;0;0;0;0;0;0;0;0;0;0;0;0;0;1;1;1;0;1;5;0;0;1;10;4;5;8;3;2;4;3;0;15;2;0;1
24069;Bussac;75;24;0;0;0;0;0;0;0;0;0;0;0;0;0;0;0;0;0;0;0;0;1;0;0;0;0;0;2;0;1;1;2;0;0;0;0;0;0
24070;Busserolles;75;24;0;0;0;0;0;0;0;0;0;0;0;0;0;0;0;0;0;0;0;1;0;0;0;0;7;1;2;2;1;1;2;0;0;1;0;0;0
24071;Bussière-Badil;75;24;0;0;0;0;0;0;0;0;0;0;0;0;0;0;0;0;0;0;0;1;4;0;0;0;2;0;1;1;0;1;0;0;0;3;0;0;0
24073;Calès;75;24;0;0;0;0;0;0;0;0;0;0;0;0;0;0;0;0;0;0;0;0;0;0;0;0;1;0;3;1;3;0;1;0;0;0;0;0;0
24074;Calviac-en-Périgord;75;24;0;0;0;0;0;0;0;0;0;0;0;0;0;0;0;0;0;0;0;1;3;0;0;0;3;2;0;1;3;0;0;0;0;1;1;1;0
24075;Campagnac-lès-Quercy;75;24;0;0;0;0;0;0;0;0;0;0;0;0;0;0;0;0;0;0;0;0;3;0;0;0;1;2;3;0;0;0;2;0;0;2;0;0;0
24076;Campagne;75;24;0;0;0;0;0;0;0;0;0;0;0;0;0;0;0;0;0;0;0;0;0;0;0;0;4;0;0;0;0;1;0;0;0;2;0;0;0
24077;Campsegret;75;24;0;0;0;0;0;0;0;0;0;0;0;0;0;0;0;0;0;0;1;0;0;0;0;0;2;0;2;0;0;0;1;0;0;5;0;0;0
24079;Cantillac;75;24;0;0;0;0;0;0;0;0;0;0;0;0;0;0;0;0;0;0;0;0;1;0;0;0;0;0;1;0;0;0;0;0;0;0;0;0;0
24080;Capdrot;75;24;0;0;0;0;0;0;0;0;0;0;0;0;0;0;0;0;0;0;0;0;0;0;0;0;1;0;3;1;1;0;0;0;0;1;0;0;0
24081;Carlux;75;24;0;1;0;0;0;0;0;0;0;0;0;0;0;0;0;0;0;0;0;1;1;0;0;0;4;1;4;0;1;0;1;0;0;4;1;0;0
24082;Carsac-Aillac;75;24;0;0;0;0;0;0;0;0;0;0;0;0;0;0;0;0;0;1;0;0;4;0;0;0;1;5;3;3;2;0;1;0;0;4;2;0;1
24083;Carsac-de-Gurson;75;24;0;0;0;0;0;0;0;0;0;0;0;0;0;0;0;0;0;0;0;0;0;0;0;0;1;0;2;1;0;0;0;0;0;2;0;0;0
24084;Carves;75;24;0;0;0;0;0;0;0;0;0;0;0;0;0;0;0;0;0;0;0;0;0;0;0;0;0;0;0;0;0;0;0;0;0;0;0;0;0
24085;La Cassagne;75;24;0;0;0;0;0;0;0;0;0;0;0;0;0;0;0;0;0;0;0;0;0;0;0;0;1;0;0;1;0;1;0;0;0;0;0;0;0
24086;Castelnaud-la-Chapelle;75;24;0;0;0;0;0;0;0;0;0;0;0;0;0;0;0;0;0;1;0;0;0;0;0;0;1;1;3;2;2;0;1;0;0;10;1;0;0
24087;Castels;75;24;0;0;0;0;0;0;0;0;0;0;0;0;0;0;0;0;0;0;0;0;4;0;0;0;0;1;3;2;0;3;0;0;0;3;0;0;1
24088;Cause-de-Clérans;75;24;0;0;0;0;0;0;0;0;0;0;0;0;0;0;0;0;0;0;0;0;3;0;0;0;0;2;0;0;0;0;0;0;0;0;0;0;0
24089;Cazoulès;75;24;0;0;0;0;0;0;0;0;0;0;0;0;0;0;0;0;0;0;0;1;1;0;0;0;3;0;3;3;0;0;1;0;0;2;0;0;0
24090;Celles;75;24;0;0;0;0;0;0;0;0;0;0;0;0;0;0;0;0;0;0;0;1;1;0;0;0;1;1;2;1;0;0;0;1;0;1;0;0;0
24091;Cénac-et-Saint-Julien;75;24;0;0;0;0;0;0;0;0;0;0;0;0;0;0;0;0;0;1;0;0;3;0;0;0;2;1;3;1;1;2;2;0;0;7;7;1;0
24092;Cendrieux;75;24;0;0;0;0;0;0;0;0;0;0;0;0;0;0;0;0;0;0;0;1;1;0;0;0;3;1;1;0;0;0;0;0;0;0;0;0;0
24093;Cercles;75;24;0;0;0;0;0;0;0;0;0;0;0;0;0;0;0;0;0;0;0;0;0;0;0;0;1;0;2;1;0;0;0;0;0;0;0;0;0
24094;Chalagnac;75;24;0;0;0;0;0;0;0;0;0;0;0;0;0;0;0;0;0;0;0;0;1;0;0;0;2;0;3;0;0;0;1;0;0;1;0;0;0
24095;Chalais;75;24;0;0;0;0;0;0;0;0;0;0;0;0;0;0;0;0;0;0;0;0;2;0;0;0;0;0;0;2;2;1;0;0;0;2;0;0;0
24096;Champagnac-de-Belair;75;24;0;0;0;0;0;0;0;0;0;0;0;0;0;0;0;0;0;1;0;0;3;0;0;1;1;2;2;1;0;0;2;0;0;2;0;0;0
24097;Champagne-et-Fontaine;75;24;0;0;0;0;0;0;0;0;0;0;0;0;0;0;0;0;0;0;0;1;1;0;0;0;5;2;2;0;0;1;2;0;0;0;0;0;0
24098;Champcevinel;75;24;0;0;0;0;0;0;0;0;0;0;0;0;0;0;0;2;1;1;0;0;5;1;0;0;3;3;3;2;3;2;1;0;0;7;2;2;0
24099;Champeaux-et-la-Chapelle-Pommier;75;24;0;0;0;0;0;0;0;0;0;0;0;0;0;0;0;0;0;0;0;0;0;0;0;0;0;0;0;0;0;0;0;0;0;0;0;0;0
24100;Champniers-et-Reilhac;75;24;0;0;0;0;0;0;0;0;0;0;0;0;0;0;0;0;0;0;0;1;0;0;0;0;2;2;4;1;0;2;1;0;0;3;0;0;0
24101;Champs-Romain;75;24;0;0;0;0;0;0;0;0;0;0;0;0;0;0;0;0;0;0;0;1;0;0;0;0;1;0;2;2;0;2;0;0;0;0;0;0;0
24102;Chancelade;75;24;0;0;0;0;0;0;0;0;0;0;0;0;0;0;0;2;0;1;0;0;6;0;0;0;6;8;2;5;6;3;5;0;0;9;2;0;2
24103;Le Change;75;24;0;0;0;0;0;0;0;0;0;0;0;0;0;0;0;0;0;0;0;1;0;0;0;0;0;1;0;1;1;0;0;0;0;1;0;0;1
24104;Chantérac;75;24;0;0;0;0;0;0;0;0;0;0;0;0;0;0;0;0;0;0;0;0;0;0;0;0;3;2;2;1;1;1;0;0;0;0;0;0;0
24105;Chapdeuil;75;24;0;0;0;0;0;0;0;0;0;0;0;0;0;0;0;0;0;0;0;0;1;0;0;0;0;0;1;1;0;0;0;0;0;0;0;0;0
24106;La Chapelle-Aubareil;75;24;0;0;0;0;0;0;0;0;0;0;0;0;0;0;0;0;0;0;0;0;1;0;0;0;2;0;4;0;1;0;1;0;0;2;0;0;0
24107;La Chapelle-Faucher;75;24;0;0;0;0;0;0;0;0;0;0;0;0;0;0;0;0;0;0;0;1;0;0;0;0;1;1;1;0;1;0;0;0;0;0;0;0;0
24108;La Chapelle-Gonaguet;75;24;0;0;0;0;0;0;0;0;0;0;0;0;0;0;0;0;0;0;0;1;0;0;0;0;0;5;2;2;1;1;2;0;0;1;0;0;0
24109;La Chapelle-Grésignac;75;24;0;0;0;0;0;0;0;0;0;0;0;0;0;0;0;0;0;0;0;0;1;0;0;0;1;0;0;0;0;0;0;0;0;1;0;0;0
24110;La Chapelle-Montabourlet;75;24;0;0;0;0;0;0;0;0;0;0;0;0;0;0;0;0;0;0;0;0;0;0;0;0;0;0;0;0;0;0;0;0;0;0;0;0;0
24111;La Chapelle-Montmoreau;75;24;0;0;0;0;0;0;0;0;0;0;0;0;0;0;0;0;0;0;0;0;0;0;0;0;1;0;0;1;0;0;0;0;0;0;0;0;0
24113;La Chapelle-Saint-Jean;75;24;0;0;0;0;0;0;0;0;0;0;0;0;0;0;0;0;0;0;0;0;0;0;0;0;0;0;1;1;0;0;0;0;0;0;0;0;0
24114;Chassaignes;75;24;0;0;0;0;0;0;0;0;0;0;0;0;0;0;0;0;0;0;0;0;0;0;0;0;0;0;0;0;0;0;0;0;0;0;0;0;0
24115;Château-l'Évêque;75;24;0;0;0;0;0;0;0;0;0;0;0;0;0;0;0;0;0;0;0;1;6;0;0;0;3;7;3;7;7;0;3;0;0;1;1;0;0
24116;Châtres;75;24;0;0;0;0;0;0;0;0;0;0;0;0;0;0;0;0;0;0;0;1;0;0;0;0;0;0;1;0;0;0;1;0;0;1;0;0;0
24117;Chavagnac;75;24;0;0;0;0;0;0;0;0;0;0;0;0;0;0;0;0;0;0;0;1;1;0;0;0;1;1;1;2;2;0;0;0;0;1;0;0;0
24119;Cherval;75;24;0;0;0;0;0;0;0;0;0;0;0;0;0;0;0;0;0;0;1;0;2;0;0;0;1;0;0;0;1;0;1;0;0;2;0;0;0
24120;Cherveix-Cubas;75;24;0;0;0;0;0;0;0;0;0;0;0;0;0;0;0;0;0;1;0;0;1;0;0;0;2;6;3;1;2;0;2;1;0;2;0;0;0
24121;Chourgnac;75;24;0;0;0;0;0;0;0;0;0;0;0;0;0;0;0;0;0;0;0;0;0;0;0;0;0;0;0;1;0;0;0;0;0;0;0;0;0
24122;Cladech;75;24;0;0;0;0;0;0;0;0;0;0;0;0;0;0;0;0;0;0;0;0;0;0;0;0;0;0;0;0;0;0;0;0;0;0;0;0;1
24123;Clermont-de-Beauregard;75;24;0;0;0;0;0;0;0;0;0;0;0;0;0;0;0;0;0;0;0;0;0;0;0;0;0;0;0;0;0;0;0;0;0;1;0;0;0
24124;Clermont-d'Excideuil;75;24;0;0;0;0;0;0;0;0;0;0;0;0;0;0;0;0;0;0;0;0;0;0;0;0;1;0;1;2;0;0;0;0;0;0;0;0;0
24126;Colombier;75;24;0;0;0;0;0;0;0;0;0;0;0;0;0;0;0;0;0;0;0;0;0;0;0;0;0;1;1;0;1;0;0;0;0;1;0;0;0
24127;Coly;75;24;0;0;0;0;0;0;0;0;0;0;0;0;0;0;0;0;0;0;0;0;0;0;0;0;2;1;0;0;0;0;0;0;0;1;0;0;0
24128;Comberanche-et-Épeluche;75;24;0;0;0;0;0;0;0;0;0;0;0;0;0;0;0;0;0;0;0;0;0;0;0;0;1;0;1;1;0;0;1;0;0;1;0;0;0
24129;Condat-sur-Trincou;75;24;0;0;0;0;0;0;0;0;0;0;0;0;0;0;0;0;0;0;0;0;3;0;0;0;2;1;0;1;2;0;0;0;0;1;1;0;0
24130;Condat-sur-Vézère;75;24;0;0;0;0;0;0;0;0;0;0;0;0;0;0;0;0;1;0;0;0;2;0;0;0;4;0;2;1;0;0;1;0;0;1;2;0;0
24131;Connezac;75;24;0;0;0;0;0;0;0;0;0;0;0;0;0;0;0;0;0;0;0;0;1;0;0;0;0;0;0;0;0;0;0;0;0;0;0;0;0
24132;Conne-de-Labarde;75;24;0;0;0;0;0;0;0;0;0;0;0;0;0;0;0;0;0;0;0;0;0;0;0;0;2;0;1;1;1;0;0;0;0;0;0;0;0
24133;La Coquille;75;24;0;1;0;0;0;0;0;0;0;0;0;0;0;0;0;1;1;1;0;0;3;1;0;1;2;2;3;1;3;1;4;1;0;5;2;0;1
24134;Corgnac-sur-l'Isle;75;24;0;0;0;0;0;0;0;0;0;0;0;0;0;0;0;0;0;0;0;1;1;0;0;0;0;0;4;0;2;0;1;0;0;3;0;0;1
24135;Cornille;75;24;0;0;0;0;0;0;0;0;0;0;0;0;0;0;0;0;0;0;0;0;2;0;0;0;2;0;0;0;0;0;0;0;0;1;0;0;0
24136;Coubjours;75;24;0;0;0;0;0;0;0;0;0;0;0;0;0;0;0;0;0;0;0;0;0;0;0;0;0;0;1;0;0;0;0;0;0;0;0;0;0
24137;Coulaures;75;24;0;0;0;0;0;0;0;0;0;0;0;0;0;0;0;0;0;0;0;1;2;0;0;0;3;4;2;2;0;0;0;0;0;1;0;0;0
24138;Coulounieix-Chamiers;75;24;0;0;0;0;0;0;0;0;0;0;0;0;0;0;0;5;1;1;1;0;9;1;0;2;10;13;11;9;6;5;14;2;2;8;3;0;5
24139;Coursac;75;24;0;0;0;0;0;0;0;0;0;0;0;0;0;0;0;0;0;0;0;1;2;0;0;0;5;3;3;3;5;0;1;0;0;4;1;0;1
24140;Cours-de-Pile;75;24;0;0;0;0;0;0;0;0;0;0;0;0;0;0;0;0;0;1;0;0;3;0;0;0;1;2;4;4;3;1;2;0;0;0;0;0;0
24141;Coutures;75;24;0;0;0;0;0;0;0;0;0;0;0;0;0;0;0;0;0;0;0;0;0;0;0;0;0;1;0;1;0;0;0;0;0;1;0;0;0
24142;Coux et Bigaroque-Mouzens;75;24;0;0;0;0;0;0;0;0;0;0;0;0;0;0;0;0;0;0;0;1;1;0;0;0;4;3;5;3;0;0;2;0;0;2;0;0;0
24143;Couze-et-Saint-Front;75;24;0;0;0;0;0;0;0;0;0;0;0;0;0;0;0;0;0;0;0;1;2;0;0;0;5;3;1;2;3;0;1;0;0;4;0;0;1
24144;Creyssac;75;24;0;0;0;0;0;0;0;0;0;0;0;0;0;0;0;0;0;0;0;0;0;0;0;0;0;0;0;0;0;0;0;0;0;0;0;0;0
24145;Creysse;75;24;0;0;0;0;0;0;0;0;0;0;0;0;0;0;0;1;1;1;0;0;9;2;0;2;7;6;3;8;5;1;6;1;0;6;2;0;1
24146;Creyssensac-et-Pissot;75;24;0;0;0;0;0;0;0;0;0;0;0;0;0;0;0;0;0;0;0;0;0;0;0;0;0;2;0;0;2;0;0;0;0;0;0;0;0
24147;Cubjac;75;24;0;0;0;0;0;0;0;0;0;0;0;0;0;0;0;0;0;1;0;0;2;0;0;0;3;4;1;0;1;1;1;0;0;2;0;0;0
24148;Cunèges;75;24;0;0;0;0;0;0;0;0;0;0;0;0;0;0;0;0;0;0;0;0;0;0;0;0;1;1;2;1;0;0;1;0;0;0;1;0;0
24150;Daglan;75;24;0;0;0;0;0;0;0;0;0;0;0;0;0;0;0;1;1;0;0;1;0;0;0;0;3;3;1;0;3;3;1;0;0;6;0;0;0
24151;Doissat;75;24;0;0;0;0;0;0;0;0;0;0;0;0;0;0;0;0;0;0;0;0;0;0;0;0;0;0;0;0;0;0;0;0;0;0;0;0;0
24152;Domme;75;24;0;1;0;0;0;0;0;0;0;0;0;0;0;0;0;0;1;0;0;1;1;0;0;1;5;1;0;1;3;1;1;0;0;18;1;0;0
24153;La Dornac;75;24;0;0;0;0;0;0;0;0;0;0;0;0;0;0;0;0;0;0;0;0;0;0;0;0;0;1;1;0;0;0;1;0;0;2;0;0;0
24154;Douchapt;75;24;0;0;0;0;0;0;0;0;0;0;0;0;0;0;0;0;0;0;0;0;0;0;0;0;0;0;0;0;1;0;0;0;0;1;0;0;0
24155;Douville;75;24;0;0;0;0;0;0;0;0;0;0;0;0;0;0;0;0;0;0;0;1;3;0;0;0;3;0;0;0;2;0;1;0;0;0;0;0;0
24156;La Douze;75;24;0;0;0;0;0;0;0;0;0;0;0;0;0;0;0;0;0;0;0;1;2;0;0;0;7;1;2;2;3;0;1;0;0;4;0;0;0
24157;Douzillac;75;24;0;0;0;0;0;0;0;0;0;0;0;0;0;0;0;0;0;1;0;0;0;0;0;0;0;1;1;0;0;0;0;0;0;1;0;0;1
24158;Dussac;75;24;0;0;0;0;0;0;0;0;0;0;0;0;0;0;0;0;0;0;1;0;2;0;0;0;4;0;0;1;0;1;0;0;0;0;0;0;0
24159;Échourgnac;75;24;0;0;0;0;0;0;0;0;0;0;0;0;0;0;0;0;0;0;0;1;3;0;0;0;4;0;1;1;1;0;0;0;0;4;0;0;0
24160;Église-Neuve-de-Vergt;75;24;0;0;0;0;0;0;0;0;0;0;0;0;0;0;0;0;0;0;0;0;0;0;0;0;8;2;0;0;1;0;3;0;0;0;1;0;1
24161;Église-Neuve-d'Issac;75;24;0;0;0;0;0;0;0;0;0;0;0;0;0;0;0;0;0;0;0;0;0;0;0;0;1;0;1;0;0;0;0;0;0;0;0;0;0
24162;Escoire;75;24;0;0;0;0;0;0;0;0;0;0;0;0;0;0;0;0;0;0;0;0;0;0;0;0;1;1;0;2;1;0;0;0;0;0;0;0;0
24163;Étouars;75;24;0;0;0;0;0;0;0;0;0;0;0;0;0;0;0;0;0;0;0;0;0;0;0;0;0;0;2;0;0;0;0;0;0;0;0;0;0
24164;Excideuil;75;24;0;0;0;0;0;0;0;0;0;0;1;0;0;0;0;3;1;1;0;0;6;0;0;1;5;3;2;0;5;1;6;1;0;6;1;1;1
24165;Eygurande-et-Gardedeuil;75;24;0;0;0;0;0;0;0;0;0;0;0;0;0;0;0;0;0;0;0;0;0;0;0;0;2;0;0;0;3;1;1;1;0;1;1;0;0
24166;Eyliac;75;24;0;0;0;0;0;0;0;0;0;0;0;0;0;0;0;0;0;0;0;0;1;0;0;0;3;0;2;2;0;0;1;0;0;0;1;0;0
24167;Eymet;75;24;0;1;0;0;0;0;0;0;0;0;0;0;0;0;0;3;2;1;0;0;10;1;0;1;11;6;6;4;6;1;13;3;0;19;10;2;4
24168;Plaisance;75;24;0;0;0;0;0;0;0;0;0;0;0;0;0;0;0;0;0;0;0;0;1;0;0;0;2;1;4;0;0;1;0;0;0;0;0;0;1
24170;Eyvirat;75;24;0;0;0;0;0;0;0;0;0;0;0;0;0;0;0;0;0;0;0;0;1;0;0;0;1;1;0;0;0;0;1;0;0;1;0;0;0
24171;Eyzerac;75;24;0;0;0;0;0;0;0;0;0;0;0;0;0;0;0;0;1;0;0;0;5;1;0;0;0;0;3;1;1;0;0;0;0;0;0;0;0
24172;Les Eyzies-de-Tayac-Sireuil;75;24;0;0;0;0;0;0;0;0;0;0;0;0;0;0;0;1;0;1;0;0;2;0;0;0;5;2;2;2;1;0;2;0;0;19;2;0;3
24174;Fanlac;75;24;0;0;0;0;0;0;0;0;0;0;0;0;0;0;0;0;0;0;0;0;0;0;0;0;0;0;2;0;0;0;0;0;0;1;0;0;0
24175;Les Farges;75;24;0;0;0;0;0;0;0;0;0;0;0;0;0;0;0;0;0;0;0;0;0;0;0;0;0;1;0;1;0;0;0;0;0;1;0;0;0
24176;Faurilles;75;24;0;0;0;0;0;0;0;0;0;0;0;0;0;0;0;0;0;0;0;0;0;0;0;0;0;0;1;0;0;0;0;0;0;0;1;0;0
24177;Faux;75;24;0;0;0;0;0;0;0;0;0;0;0;0;0;0;0;0;0;0;0;1;1;0;0;0;2;2;1;3;2;0;0;0;0;0;0;0;0
24178;Festalemps;75;24;0;0;0;0;0;0;0;0;0;0;0;0;0;0;0;0;0;0;0;0;0;0;0;0;3;0;1;1;2;0;0;0;0;0;0;0;0
24179;La Feuillade;75;24;0;0;0;0;0;0;0;0;0;0;0;0;0;0;0;0;0;0;0;0;3;0;0;0;2;1;2;1;0;0;0;0;0;3;0;0;1
24180;Firbeix;75;24;0;0;0;0;0;0;0;0;0;0;0;0;0;0;0;0;0;0;0;1;0;0;0;0;1;0;0;1;0;0;0;0;0;1;0;0;0
24181;Flaugeac;75;24;0;0;0;0;0;0;0;0;0;0;0;0;0;0;0;0;0;0;0;0;1;0;0;0;0;0;0;0;0;0;0;0;0;1;0;0;0
24182;Le Fleix;75;24;0;0;0;0;0;0;0;0;0;0;0;0;0;0;0;0;0;1;0;0;3;0;0;0;1;1;0;4;2;0;3;0;0;2;2;0;1
24183;Fleurac;75;24;0;0;0;0;0;0;0;0;0;0;0;0;0;0;0;0;0;0;0;0;0;0;0;0;1;0;2;1;1;1;0;0;0;1;0;0;0
24184;Florimont-Gaumier;75;24;0;0;0;0;0;0;0;0;0;0;0;0;0;0;0;0;0;0;0;0;0;0;0;0;1;0;0;0;0;0;0;0;0;3;0;0;0
24186;Fonroque;75;24;0;0;0;0;0;0;0;0;0;0;0;0;0;0;0;0;0;0;0;0;2;0;0;0;1;0;1;0;0;0;1;0;0;1;0;0;0
24188;Fossemagne;75;24;0;0;0;0;0;0;0;0;0;0;0;0;0;0;0;0;1;0;0;1;0;0;0;0;2;0;2;3;0;0;0;0;0;1;0;0;0
24189;Fougueyrolles;75;24;0;0;0;0;0;0;0;0;0;0;0;0;0;0;0;0;0;0;0;0;0;0;0;1;2;1;1;0;2;1;0;0;0;0;0;0;0
24190;Fouleix;75;24;0;0;0;0;0;0;0;0;0;0;0;0;0;0;0;0;0;0;0;0;1;0;0;0;0;0;1;0;2;1;0;0;0;1;0;0;0
24191;Fraisse;75;24;0;0;0;0;0;0;0;0;0;0;0;0;0;0;0;0;0;0;0;0;0;0;0;0;0;0;1;0;0;0;0;0;0;0;0;0;0
24192;Gabillou;75;24;0;0;0;0;0;0;0;0;0;0;0;0;0;0;0;0;0;0;0;0;0;0;0;0;0;1;0;0;0;0;0;0;0;0;0;0;0
24193;Gageac-et-Rouillac;75;24;0;0;0;0;0;0;0;0;0;0;0;0;0;0;0;0;0;0;0;0;0;0;0;0;2;1;3;0;0;0;0;0;0;0;0;0;1
24194;Gardonne;75;24;0;0;0;0;0;0;0;0;0;0;0;0;0;0;0;1;0;1;0;0;5;0;0;0;5;4;4;4;1;2;4;0;0;5;1;1;1
24195;Gaugeac;75;24;0;0;0;0;0;0;0;0;0;0;0;0;0;0;0;0;0;0;0;0;0;0;0;0;0;0;0;0;1;0;0;0;0;0;1;0;0
24196;Génis;75;24;0;0;0;0;0;0;0;0;0;0;0;0;0;0;0;0;0;0;0;1;0;0;0;0;2;1;0;0;0;0;0;0;0;1;0;0;0
24197;Ginestet;75;24;0;0;0;0;0;0;0;0;0;0;0;0;0;0;0;0;0;0;0;1;1;0;0;1;3;2;1;3;2;0;2;0;0;1;1;0;2
24198;La Gonterie-Boulouneix;75;24;0;0;0;0;0;0;0;0;0;0;0;0;0;0;0;0;0;0;0;0;0;0;0;0;1;0;0;0;1;0;0;0;0;0;0;0;0
24199;Gout-Rossignol;75;24;0;0;0;0;0;0;0;0;0;0;0;0;0;0;0;0;0;0;0;1;0;0;0;0;1;0;0;0;0;2;0;0;0;1;1;0;0
24200;Grand-Brassac;75;24;0;0;0;0;0;0;0;0;0;0;0;0;0;0;0;0;0;0;0;1;0;0;0;0;1;1;2;1;1;0;0;0;0;3;1;0;0
24202;Granges-d'Ans;75;24;0;0;0;0;0;0;0;0;0;0;0;0;0;0;0;0;0;0;0;1;0;0;0;0;1;0;0;0;0;0;0;0;0;0;0;0;0
24203;Les Graulges;75;24;0;0;0;0;0;0;0;0;0;0;0;0;0;0;0;0;0;0;0;0;0;0;0;0;0;0;0;0;0;0;0;0;0;0;0;0;0
24204;Grèzes;75;24;0;0;0;0;0;0;0;0;0;0;0;0;0;0;0;0;0;0;0;0;0;0;0;0;0;0;1;0;0;0;1;0;0;0;0;0;0
24205;Grignols;75;24;0;0;0;0;0;0;0;0;0;0;0;0;0;0;0;0;0;0;0;1;0;0;0;0;3;1;0;2;0;0;1;0;0;1;0;0;0
24206;Grives;75;24;0;0;0;0;0;0;0;0;0;0;0;0;0;0;0;0;0;0;0;0;0;0;0;0;0;0;0;1;0;0;0;0;0;1;0;0;0
24207;Groléjac;75;24;0;0;0;0;0;0;0;0;0;0;0;0;0;0;0;0;0;0;0;1;1;0;0;0;2;2;3;1;1;0;2;0;0;4;0;0;0
24208;Grun-Bordas;75;24;0;0;0;0;0;0;0;0;0;0;0;0;0;0;0;0;0;0;0;0;2;0;1;0;5;0;0;0;3;0;0;0;0;1;0;0;0
24209;Hautefaye;75;24;0;0;0;0;0;0;0;0;0;0;0;0;0;0;0;0;0;0;0;0;0;0;0;0;0;0;0;0;0;0;0;0;0;0;0;0;0
24210;Hautefort;75;24;0;1;0;0;0;0;0;0;0;0;0;0;1;0;0;1;0;1;0;0;3;1;0;0;3;2;4;1;3;0;1;0;0;4;0;0;2
24211;Issac;75;24;0;0;0;0;0;0;0;0;0;0;0;0;0;0;0;0;0;0;0;1;0;0;0;0;2;1;1;0;1;0;0;0;0;0;1;0;0
24212;Issigeac;75;24;0;1;0;0;0;0;0;0;0;0;0;0;0;0;0;1;0;1;0;0;4;0;0;0;2;3;2;2;2;2;2;0;0;8;6;0;2
24213;Jaure;75;24;0;0;0;0;0;0;0;0;0;0;0;0;0;0;0;0;0;0;0;0;1;0;0;0;0;0;1;1;1;0;0;0;0;1;0;0;0
24214;Javerlhac-et-la-Chapelle-Saint-Robert;75;24;0;0;0;0;0;0;0;0;0;0;0;0;0;0;0;0;0;1;0;0;5;0;0;0;3;4;5;0;1;0;3;0;0;0;0;0;1
24215;Jayac;75;24;0;0;0;0;0;0;0;0;0;0;0;0;0;0;0;0;0;0;0;0;1;0;0;0;0;0;0;0;2;0;0;0;0;0;0;0;0
24216;La Jemaye;75;24;0;0;0;0;0;0;0;0;0;0;0;0;0;0;0;0;0;0;0;0;0;0;0;0;1;0;0;1;0;0;0;0;0;2;0;0;0
24217;Journiac;75;24;0;0;0;0;0;0;0;0;0;0;0;0;0;0;0;0;0;0;0;0;0;0;0;0;2;3;1;0;2;0;0;0;0;0;0;0;0
24218;Jumilhac-le-Grand;75;24;0;0;0;0;0;0;0;0;0;0;0;0;0;0;0;2;0;1;0;0;1;0;0;0;7;4;2;4;4;0;3;0;0;5;0;0;0
24220;Lacropte;75;24;0;0;0;0;0;0;0;0;0;0;0;0;0;0;0;0;0;0;0;1;1;0;0;0;1;1;0;2;0;0;1;0;0;0;0;0;1
24221;Rudeau-Ladosse;75;24;0;0;0;0;0;0;0;0;0;0;0;0;0;0;0;0;0;0;0;0;0;0;0;0;1;0;0;0;0;0;0;0;0;1;0;0;0
24222;La Force;75;24;0;1;0;0;0;0;0;0;0;0;1;0;0;0;0;2;0;1;0;0;2;0;0;0;4;3;4;3;0;0;4;1;0;1;1;0;4
24223;Lalinde;75;24;0;1;0;0;0;0;0;0;0;0;1;0;1;0;0;4;3;1;0;0;6;1;0;1;9;5;6;9;3;1;10;1;0;16;5;1;4
24224;Lamonzie-Montastruc;75;24;0;0;0;0;0;0;0;0;0;0;0;0;0;0;0;0;0;0;0;1;1;0;0;0;2;3;1;0;0;0;0;0;0;0;0;0;0
24225;Lamonzie-Saint-Martin;75;24;0;0;0;0;0;0;0;0;0;0;0;0;0;0;0;0;0;1;0;0;3;0;0;0;10;16;4;3;1;1;1;0;0;2;0;0;2
24226;Lamothe-Montravel;75;24;0;0;0;0;0;0;0;0;0;0;0;0;0;0;0;2;0;1;0;0;5;0;0;0;0;2;4;3;1;2;1;0;1;2;1;0;0
24227;Lanouaille;75;24;0;1;0;0;0;0;0;0;0;0;0;0;0;0;0;2;0;1;0;0;4;0;0;0;2;2;4;2;2;0;2;0;0;1;0;0;0
24228;Lanquais;75;24;0;0;0;0;0;0;0;0;0;0;0;0;0;0;0;0;0;0;0;1;0;0;0;0;2;0;3;1;1;0;0;0;0;3;1;0;1
24229;Le Lardin-Saint-Lazare;75;24;0;0;0;0;0;0;0;0;0;0;0;0;0;0;0;1;1;1;0;0;3;1;0;0;7;4;1;1;4;1;7;0;1;8;3;1;1
24230;Larzac;75;24;0;0;0;0;0;0;0;0;0;0;0;0;0;0;0;0;0;0;0;0;0;0;0;0;0;0;1;0;1;0;0;0;0;0;0;0;0
24231;Lavalade;75;24;0;0;0;0;0;0;0;0;0;0;0;0;0;0;0;0;0;0;0;0;0;0;0;0;1;1;0;0;0;0;0;0;0;0;0;1;0
24232;Lavaur;75;24;0;0;0;0;0;0;0;0;0;0;0;0;0;0;0;0;0;0;0;0;0;0;0;0;0;0;0;0;1;0;0;0;0;0;0;0;0
24233;Laveyssière;75;24;0;0;0;0;0;0;0;0;0;0;0;0;0;0;0;0;0;0;0;0;0;0;0;0;0;1;0;0;0;0;0;0;0;2;0;0;0
24234;Les Lèches;75;24;0;0;0;0;0;0;0;0;0;0;0;0;0;0;0;0;0;0;0;0;0;0;0;0;2;1;1;0;0;2;0;0;0;0;0;0;1
24235;Léguillac-de-Cercles;75;24;0;0;0;0;0;0;0;0;0;0;0;0;0;0;0;0;0;0;0;0;0;0;0;0;4;0;1;0;2;0;0;0;0;0;0;0;0
24236;Léguillac-de-l'Auche;75;24;0;0;0;0;0;0;0;0;0;0;0;0;0;0;0;0;0;0;0;0;1;0;0;0;0;1;2;1;0;1;3;0;0;1;1;0;2
24237;Lembras;75;24;0;0;0;0;0;0;0;0;0;0;0;0;0;0;0;0;0;0;1;0;2;0;0;0;2;7;3;2;5;1;1;0;0;2;0;0;1
24238;Lempzours;75;24;0;0;0;0;0;0;0;0;0;0;0;0;0;0;0;0;0;0;0;0;0;0;0;0;1;0;0;0;0;0;0;0;0;0;0;0;0
24240;Limeuil;75;24;0;0;0;0;0;0;0;0;0;0;0;0;0;0;0;0;0;0;0;1;1;0;0;0;4;1;0;0;1;0;0;0;0;4;3;0;0
24241;Limeyrat;75;24;0;0;0;0;0;0;0;0;0;0;0;0;0;0;0;0;0;0;0;1;0;0;0;0;0;1;1;3;0;0;0;0;0;0;0;0;0
24242;Liorac-sur-Louyre;75;24;0;0;0;0;0;0;0;0;0;0;0;0;0;0;0;0;0;0;1;0;0;0;0;0;0;0;1;0;0;0;0;0;0;1;1;0;0
24243;Lisle;75;24;0;0;0;0;0;0;0;0;0;0;0;0;0;0;0;2;0;1;0;0;1;0;0;0;1;2;2;1;2;0;2;0;0;3;0;0;1
24244;Lolme;75;24;0;0;0;0;0;0;0;0;0;0;0;0;0;0;0;0;0;0;0;0;0;0;0;0;1;0;0;1;2;0;1;0;0;0;0;0;0
24245;Loubejac;75;24;0;0;0;0;0;0;0;0;0;0;0;0;0;0;0;0;0;0;0;0;0;0;0;0;1;0;1;0;1;0;1;0;0;0;1;0;0
24246;Lunas;75;24;0;0;0;0;0;0;0;0;0;0;0;0;0;0;0;0;0;0;0;0;0;0;0;0;3;0;0;1;0;0;0;0;0;0;0;0;1
24247;Lusignac;75;24;0;0;0;0;0;0;0;0;0;0;0;0;0;0;0;0;0;0;0;0;1;0;0;0;1;0;0;1;0;0;0;0;0;0;0;0;0
24248;Lussas-et-Nontronneau;75;24;0;0;0;0;0;0;0;0;0;0;0;0;0;0;0;0;0;0;0;0;1;0;0;0;0;2;0;0;0;0;0;0;0;0;0;0;0
24249;Manaurie;75;24;0;0;0;0;0;0;0;0;0;0;0;0;0;0;0;0;0;0;0;0;0;0;0;0;0;0;1;0;1;0;0;0;0;1;0;0;0
24251;Manzac-sur-Vern;75;24;0;0;0;0;0;0;0;0;0;0;0;0;0;0;0;0;0;0;0;1;3;0;0;0;2;0;0;2;0;1;1;0;0;1;0;0;0
24252;Marcillac-Saint-Quentin;75;24;0;0;0;0;0;0;0;0;0;0;0;0;0;0;0;0;0;0;0;0;2;0;0;0;3;2;7;4;2;0;0;0;0;2;0;1;0
24253;Mareuil;75;24;0;1;0;0;0;0;0;0;0;0;0;0;0;0;0;2;1;1;0;0;1;1;0;0;3;4;0;2;2;0;3;0;0;5;2;0;3
24254;Marnac;75;24;0;0;0;0;0;0;0;0;0;0;0;0;0;0;0;0;0;0;0;0;0;0;0;0;1;0;1;0;2;0;0;0;0;0;0;0;0
24255;Marquay;75;24;0;0;0;0;0;0;0;0;0;0;0;0;0;0;0;0;0;0;0;1;1;0;0;0;5;1;2;0;1;0;1;0;0;4;1;0;0
24256;Marsac-sur-l'Isle;75;24;0;0;0;0;0;0;0;0;0;0;0;0;0;0;0;2;1;1;0;0;15;2;0;1;7;8;5;2;6;6;4;0;0;17;4;1;2
24257;Marsalès;75;24;0;0;0;0;0;0;0;0;0;0;0;0;0;0;0;0;0;0;0;0;3;0;0;0;2;1;1;1;0;0;0;0;0;2;0;0;0
24258;Marsaneix;75;24;0;0;0;0;0;0;0;0;0;0;0;0;0;0;0;0;0;0;0;0;0;0;0;0;4;4;2;3;2;0;0;0;0;2;0;0;1
24259;Maurens;75;24;0;0;0;0;0;0;0;0;0;0;0;0;0;0;0;0;1;0;0;1;0;0;0;0;4;6;1;2;3;0;1;1;0;1;0;0;1
24260;Mauzac-et-Grand-Castang;75;24;0;0;0;0;0;0;0;0;0;0;0;0;0;0;0;0;1;0;0;1;1;0;0;0;0;0;1;3;2;0;0;0;0;2;0;0;0
24261;Mauzens-et-Miremont;75;24;0;0;0;0;0;0;0;0;0;0;0;0;0;0;0;0;0;0;0;0;1;0;0;0;2;0;2;1;1;0;0;0;0;0;0;0;0
24262;Mayac;75;24;0;0;0;0;0;0;0;0;0;0;0;0;0;0;0;0;0;0;0;0;0;0;0;0;1;1;0;2;0;0;1;0;0;1;0;0;0
24263;Mazeyrolles;75;24;0;0;0;0;0;0;0;0;0;0;0;0;0;0;0;0;0;0;0;1;0;0;0;0;0;0;1;1;0;1;0;0;0;1;0;0;1
24264;Ménesplet;75;24;0;0;0;0;0;0;0;0;0;0;0;0;0;0;0;0;2;1;0;0;2;0;0;0;8;3;8;0;4;0;1;2;0;1;0;0;0
24266;Mensignac;75;24;0;0;0;0;0;0;0;0;0;0;0;0;0;0;0;0;0;0;0;1;2;0;0;0;4;1;1;6;2;1;2;0;0;1;1;0;0
24267;Mescoules;75;24;0;0;0;0;0;0;0;0;0;0;0;0;0;0;0;0;0;0;0;0;0;0;0;0;1;0;0;1;1;0;0;0;0;0;0;0;0
24268;Meyrals;75;24;0;0;0;0;0;0;0;0;0;0;0;0;0;0;0;0;0;0;0;1;3;0;0;0;0;1;2;2;1;0;1;0;0;3;1;0;0
24269;Mialet;75;24;0;0;0;0;0;0;0;0;0;0;0;0;0;0;0;1;0;1;0;0;1;0;0;0;7;0;2;1;0;0;3;0;0;2;0;0;0
24270;Milhac-d'Auberoche;75;24;0;0;0;0;0;0;0;0;0;0;0;0;0;0;0;0;1;0;0;0;1;0;0;0;0;4;3;2;1;1;2;0;0;1;0;0;0
24271;Milhac-de-Nontron;75;24;0;0;0;0;0;0;0;0;0;0;0;0;0;0;0;0;0;0;0;1;3;0;0;0;2;1;1;1;0;0;1;0;0;0;1;0;0
24272;Minzac;75;24;0;0;0;0;0;0;0;0;0;0;0;0;0;0;0;0;0;0;0;1;0;0;0;0;1;2;2;3;0;0;1;0;0;1;0;0;1
24273;Molières;75;24;0;0;0;0;0;0;0;0;0;0;0;0;0;0;0;0;0;0;0;0;1;0;0;0;3;0;0;0;2;0;2;0;0;2;0;0;0
24274;Monbazillac;75;24;0;0;0;0;0;0;0;0;0;0;0;0;0;0;0;0;0;0;0;1;1;0;0;0;0;0;0;0;0;2;1;0;0;4;1;0;1
24276;Monestier;75;24;0;0;0;0;0;0;0;0;0;0;0;0;0;0;0;0;0;0;0;0;0;0;0;0;1;1;0;0;1;1;0;0;0;2;0;0;0
24277;Monfaucon;75;24;0;0;0;0;0;0;0;0;0;0;0;0;0;0;0;0;0;0;0;0;0;0;0;0;2;0;0;1;2;0;0;0;0;0;0;0;0
24278;Monmadalès;75;24;0;0;0;0;0;0;0;0;0;0;0;0;0;0;0;0;0;0;0;0;0;0;0;0;1;0;0;0;1;1;0;0;0;0;0;0;0
24279;Monmarvès;75;24;0;0;0;0;0;0;0;0;0;0;0;0;0;0;0;0;0;0;0;0;0;0;0;0;0;0;0;0;0;0;0;0;0;1;0;0;0
24280;Monpazier;75;24;0;0;0;0;0;0;0;0;0;0;0;0;0;0;0;1;0;1;0;0;1;0;0;1;0;1;1;2;1;1;4;1;0;10;3;0;2
24281;Monsac;75;24;0;0;0;0;0;0;0;0;0;0;0;0;0;0;0;0;0;0;0;0;0;0;0;0;1;0;0;0;0;0;0;0;0;0;1;0;0
24282;Monsaguel;75;24;0;0;0;0;0;0;0;0;0;0;0;0;0;0;0;0;0;0;0;0;1;0;0;0;3;1;0;1;0;0;0;1;0;0;0;0;0
24283;Monsec;75;24;0;0;0;0;0;0;0;0;0;0;0;0;0;0;0;0;0;0;0;0;0;0;0;0;3;0;0;0;0;0;0;0;0;0;0;0;0
24284;Montagnac-d'Auberoche;75;24;0;0;0;0;0;0;0;0;0;0;0;0;0;0;0;0;0;0;0;0;0;0;0;0;1;0;0;0;0;0;0;0;0;1;0;0;0
24285;Montagnac-la-Crempse;75;24;0;0;0;0;0;0;0;0;0;0;0;0;0;0;0;0;0;0;0;1;0;0;0;0;0;1;0;0;2;0;1;0;0;0;0;0;0
24286;Montagrier;75;24;0;0;0;0;0;0;0;0;0;0;0;0;0;0;0;0;0;0;0;1;0;0;0;0;1;2;4;0;2;1;0;0;0;2;1;0;0
24287;Montaut;75;24;0;0;0;0;0;0;0;0;0;0;0;0;0;0;0;0;0;0;0;0;1;0;0;0;0;0;1;0;0;0;0;0;0;0;0;0;0
24288;Montazeau;75;24;0;0;0;0;0;0;0;0;0;0;0;0;0;0;0;0;0;0;0;0;0;0;0;0;1;0;1;0;2;0;0;0;0;1;0;1;0
24289;Montcaret;75;24;0;0;0;0;0;0;0;0;0;0;0;0;0;0;0;0;0;0;0;1;4;0;0;0;5;5;6;3;5;2;1;0;0;4;1;0;2
24290;Montferrand-du-Périgord;75;24;0;0;0;0;0;0;0;0;0;0;0;0;0;0;0;0;0;0;0;1;1;0;0;0;4;0;0;0;1;0;0;0;0;1;0;0;0
24291;Montignac;75;24;0;1;0;0;0;0;0;0;0;0;1;0;1;0;0;4;0;1;0;0;6;1;0;2;6;6;13;4;5;3;7;1;0;34;4;1;3
24292;Montpeyroux;75;24;0;0;0;0;0;0;0;0;0;0;0;0;0;0;0;0;0;0;0;1;0;0;0;0;2;0;2;1;1;0;1;0;0;1;1;0;0
24293;Monplaisant;75;24;0;0;0;0;0;0;0;0;0;0;0;0;0;0;0;0;0;0;0;0;2;1;0;0;2;0;2;0;0;0;0;0;0;1;0;0;0
24294;Montpon-Ménestérol;75;24;0;1;0;0;0;0;0;0;0;0;1;1;0;0;0;6;3;1;0;0;11;3;1;4;14;7;5;7;8;3;19;3;2;17;9;1;9
24295;Montrem;75;24;0;0;0;0;0;0;0;0;0;0;0;0;0;0;0;0;0;0;0;1;2;0;0;0;2;3;0;2;0;0;3;0;0;0;0;0;3
24296;Mouleydier;75;24;0;0;0;0;0;0;0;0;0;0;0;0;0;0;0;2;0;1;0;0;0;0;0;0;0;3;2;2;1;0;4;1;0;2;2;0;0
24297;Moulin-Neuf;75;24;0;0;0;0;0;0;0;0;0;0;0;0;0;0;0;0;0;0;0;1;4;0;0;0;4;3;0;0;1;0;1;0;0;1;0;0;1
24299;Mussidan;75;24;0;1;0;0;0;0;0;0;0;0;1;0;0;0;0;5;2;1;0;0;3;0;0;1;5;8;6;4;3;3;10;3;0;9;5;3;3
24300;Nabirat;75;24;0;0;0;0;0;0;0;0;0;0;0;0;0;0;0;0;0;0;0;0;1;0;0;0;2;0;1;0;2;0;0;0;0;0;0;0;0
24301;Nadaillac;75;24;0;0;0;0;0;0;0;0;0;0;0;0;0;0;0;0;0;0;0;1;0;0;0;0;0;2;0;3;1;0;0;0;0;1;0;0;0
24302;Nailhac;75;24;0;0;0;0;0;0;0;0;0;0;0;0;0;0;0;0;0;0;0;1;2;0;0;0;1;0;0;1;0;0;0;0;0;1;0;0;0
24303;Nanteuil-Auriac-de-Bourzac;75;24;0;0;0;0;0;0;0;0;0;0;0;0;0;0;0;0;0;0;0;0;0;0;0;0;1;0;0;1;0;0;0;0;0;0;0;0;0
24304;Nantheuil;75;24;0;0;0;0;0;0;0;0;0;0;0;0;0;0;0;0;0;0;0;0;1;0;0;0;3;4;1;0;1;0;0;0;0;2;0;0;0
24305;Nanthiat;75;24;0;0;0;0;0;0;0;0;0;0;0;0;0;0;0;0;0;0;0;0;0;0;0;0;3;0;1;2;1;0;0;0;0;0;1;0;0
24306;Nastringues;75;24;0;0;0;0;0;0;0;0;0;0;0;0;0;0;0;0;0;0;0;0;0;0;0;0;1;1;0;0;0;0;0;0;0;0;0;0;0
24307;Naussannes;75;24;0;0;0;0;0;0;0;0;0;0;0;0;0;0;0;0;0;0;0;0;0;0;0;0;1;0;0;0;0;0;0;0;0;0;1;0;0
24308;Négrondes;75;24;0;0;0;0;0;0;0;0;0;0;0;0;0;0;0;0;0;1;0;0;0;0;0;0;0;1;1;3;3;0;1;0;0;3;0;0;0
24309;Neuvic;75;24;0;1;0;0;0;0;0;0;0;0;0;0;0;0;0;1;1;1;0;0;4;1;0;1;6;6;5;4;5;4;5;0;0;6;1;0;3
24311;Nontron;75;24;0;1;0;0;0;0;0;0;0;0;2;1;0;0;0;9;2;1;0;0;7;1;0;3;5;7;7;6;10;2;5;1;4;11;6;3;4
24312;Notre-Dame-de-Sanilhac;75;24;0;0;0;0;0;0;0;0;0;0;0;0;0;0;0;0;2;0;1;0;8;0;0;1;9;9;5;7;8;2;5;2;3;4;2;1;3
24313;Orliac;75;24;0;0;0;0;0;0;0;0;0;0;0;0;0;0;0;0;0;0;0;0;0;0;0;0;0;0;1;0;0;0;0;0;0;0;0;0;0
24314;Orliaguet;75;24;0;0;0;0;0;0;0;0;0;0;0;0;0;0;0;0;0;0;0;0;0;0;0;0;0;0;0;0;0;0;0;0;0;1;0;0;0
24316;Parcoul-Chenaud;75;24;0;0;0;0;0;0;0;0;0;0;0;0;0;0;0;0;0;0;1;1;2;0;0;0;3;1;2;1;4;0;2;0;0;4;0;0;0
24317;Paulin;75;24;0;0;0;0;0;0;0;0;0;0;0;0;0;0;0;0;0;0;0;0;0;0;0;0;0;1;1;1;0;0;0;0;0;1;0;0;1
24318;Paunat;75;24;0;0;0;0;0;0;0;0;0;0;0;0;0;0;0;0;0;0;0;0;0;0;0;0;1;1;0;2;0;0;0;0;0;2;2;0;0
24319;Paussac-et-Saint-Vivien;75;24;0;0;0;0;0;0;0;0;0;0;0;0;0;0;0;0;0;0;1;0;0;0;0;0;1;0;1;0;1;0;1;0;0;1;1;0;0
24320;Payzac;75;24;0;0;0;0;0;0;0;0;0;0;0;0;0;0;0;3;1;1;0;0;1;0;0;0;1;2;3;1;2;0;2;0;0;1;0;0;0
24321;Pazayac;75;24;0;0;0;0;0;0;0;0;0;0;0;0;0;0;0;0;0;0;0;1;2;0;0;0;1;6;2;3;0;1;1;1;0;1;0;0;1
24322;Périgueux;75;24;2;1;0;1;1;1;1;0;0;0;13;2;0;0;0;25;4;4;0;1;33;3;5;10;23;52;28;44;25;13;75;4;15;199;64;11;40
24323;Petit-Bersac;75;24;0;0;0;0;0;0;0;0;0;0;0;0;0;0;0;0;0;0;0;1;1;0;0;0;0;0;3;0;0;0;0;0;0;1;0;0;0
24324;Peyrignac;75;24;0;0;0;0;0;0;0;0;0;0;0;0;0;0;0;0;0;0;1;0;1;0;0;0;1;1;1;0;0;0;2;0;0;2;0;0;0
24325;Peyrillac-et-Millac;75;24;0;0;0;0;0;0;0;0;0;0;0;0;0;0;0;0;0;0;0;0;0;0;0;0;2;1;0;0;0;0;0;0;0;0;0;0;0
24326;Peyzac-le-Moustier;75;24;0;0;0;0;0;0;0;0;0;0;0;0;0;0;0;0;0;0;0;0;0;0;0;0;1;0;1;2;0;1;0;0;0;2;0;0;0
24327;Pezuls;75;24;0;0;0;0;0;0;0;0;0;0;0;0;0;0;0;0;0;0;0;0;0;0;0;0;2;0;1;1;0;0;0;0;0;0;0;0;0
24328;Piégut-Pluviers;75;24;0;1;0;0;0;0;0;0;0;0;0;0;0;0;0;2;0;1;0;0;7;0;0;2;3;4;7;7;0;1;5;0;0;7;2;0;2
24329;Le Pizou;75;24;0;0;0;0;0;0;0;0;0;0;0;0;0;0;0;0;0;0;0;1;1;0;0;0;2;2;1;1;3;1;2;0;0;0;0;0;2
24330;Plazac;75;24;0;0;0;0;0;0;0;0;0;0;0;0;0;0;0;0;0;1;0;0;2;0;0;0;4;3;3;2;0;0;1;0;0;2;0;0;1
24331;Pomport;75;24;0;0;0;0;0;0;0;0;0;0;0;0;0;0;0;0;0;0;0;1;0;0;0;0;0;3;1;0;1;0;0;0;0;0;1;0;0
24333;Ponteyraud;75;24;0;0;0;0;0;0;0;0;0;0;0;0;0;0;0;0;0;0;0;0;0;0;0;0;0;0;0;0;0;0;0;0;0;0;0;0;0
24334;Pontours;75;24;0;0;0;0;0;0;0;0;0;0;0;0;0;0;0;0;0;0;0;0;0;0;0;0;1;0;2;0;0;0;0;0;0;0;0;0;0
24335;Port-Sainte-Foy-et-Ponchapt;75;24;0;0;0;0;0;0;0;0;0;0;0;0;0;0;0;1;0;0;0;1;3;3;0;0;3;3;1;4;1;0;4;1;0;9;1;0;2
24336;Prats-de-Carlux;75;24;0;0;0;0;0;0;0;0;0;0;0;0;0;0;0;0;0;0;0;0;0;0;0;0;3;2;1;1;1;0;2;0;0;0;0;0;0
24337;Prats-du-Périgord;75;24;0;0;0;0;0;0;0;0;0;0;0;0;0;0;0;0;0;0;0;1;0;0;0;0;3;0;2;2;0;0;0;0;0;0;0;0;0
24338;Pressignac-Vicq;75;24;0;0;0;0;0;0;0;0;0;0;0;0;0;0;0;0;0;0;0;0;0;0;0;0;3;0;0;1;1;0;0;0;0;0;2;0;0
24339;Preyssac-d'Excideuil;75;24;0;0;0;0;0;0;0;0;0;0;0;0;0;0;0;0;0;0;0;0;0;0;0;0;0;3;0;0;1;0;0;0;0;0;0;0;0
24340;Prigonrieux;75;24;0;0;0;0;0;0;0;0;0;0;0;0;0;0;0;1;1;1;0;0;7;1;0;1;9;8;8;12;3;0;4;1;0;5;3;0;3
24341;Proissans;75;24;0;0;0;0;0;0;0;0;0;0;0;0;0;0;0;0;0;0;0;0;3;0;0;0;2;0;1;1;1;1;1;0;0;4;1;0;2
24344;Puyrenier;75;24;0;0;0;0;0;0;0;0;0;0;0;0;0;0;0;0;0;0;0;0;0;0;0;0;0;0;1;0;0;0;0;0;0;0;0;0;0
24345;Queyssac;75;24;0;0;0;0;0;0;0;0;0;0;0;0;0;0;0;0;0;0;0;0;0;0;0;0;1;0;2;0;0;0;0;0;0;2;0;0;0
24346;Quinsac;75;24;0;0;0;0;0;0;0;0;0;0;0;0;0;0;0;0;0;0;0;0;0;0;0;0;2;0;0;0;1;0;1;0;0;0;0;0;0
24347;Rampieux;75;24;0;0;0;0;0;0;0;0;0;0;0;0;0;0;0;0;0;0;0;0;0;0;0;0;0;0;0;0;0;0;0;0;0;0;0;0;0
24348;Razac-d'Eymet;75;24;0;0;0;0;0;0;0;0;0;0;0;0;0;0;0;0;0;0;0;0;0;0;0;0;1;0;0;0;1;0;0;0;0;0;0;0;0
24349;Razac-de-Saussignac;75;24;0;0;0;0;0;0;0;0;0;0;0;0;0;0;0;0;0;0;0;0;0;0;0;0;2;0;1;0;0;0;0;0;1;0;0;0;0
24350;Razac-sur-l'Isle;75;24;0;0;0;0;0;0;0;0;0;0;0;0;0;0;0;0;0;1;0;0;4;0;0;1;2;4;4;3;5;1;4;0;0;0;0;0;1
24351;Ribagnac;75;24;0;0;0;0;0;0;0;0;0;0;0;0;0;0;0;0;0;0;0;0;1;0;0;0;1;1;1;1;0;1;1;0;0;1;0;0;0
24352;Ribérac;75;24;0;1;0;0;0;0;0;0;0;0;4;0;0;0;0;6;2;1;0;0;14;2;0;4;7;13;7;9;1;3;12;3;1;27;6;4;5
24353;La Rochebeaucourt-et-Argentine;75;24;0;0;0;0;0;0;0;0;0;0;0;0;0;0;0;0;0;0;0;1;0;0;0;0;1;0;0;0;1;0;2;0;0;2;1;0;0
24354;La Roche-Chalais;75;24;0;1;0;0;0;0;0;0;0;0;0;0;0;0;0;1;3;1;0;0;6;0;0;1;4;8;3;5;3;2;4;0;0;8;2;1;2
24355;La Roque-Gageac;75;24;0;0;0;0;0;0;0;0;0;0;0;0;0;0;0;0;0;0;0;1;0;0;0;0;0;1;1;1;1;1;1;0;0;10;2;0;0
24356;Rouffignac-Saint-Cernin-de-Reilhac;75;24;0;1;0;0;0;0;0;0;0;0;0;0;1;0;0;1;0;1;0;0;4;0;0;0;5;7;8;4;3;2;5;1;0;7;1;0;1
24357;Rouffignac-de-Sigoulès;75;24;0;0;0;0;0;0;0;0;0;0;0;0;0;0;0;0;0;0;0;0;2;0;0;0;3;3;1;0;0;0;0;0;0;1;0;0;0
24359;Sadillac;75;24;0;0;0;0;0;0;0;0;0;0;0;0;0;0;0;0;0;0;0;0;0;0;0;0;1;0;0;0;0;0;0;0;0;0;0;0;0
24360;Sagelat;75;24;0;0;0;0;0;0;0;0;0;0;0;0;0;0;0;0;0;0;0;0;0;0;0;0;0;0;3;4;0;1;0;0;0;0;0;0;0
24361;Saint-Agne;75;24;0;0;0;0;0;0;0;0;0;0;0;0;0;0;0;0;0;0;0;0;0;0;0;0;2;2;0;0;2;1;0;0;0;0;1;0;0
24362;Sainte-Alvère-Saint-Laurent Les Bâtons;75;24;0;0;0;0;0;0;0;0;0;0;0;0;0;0;0;1;0;1;0;0;2;0;0;0;5;4;5;4;1;0;1;0;0;2;1;0;0
24364;Saint-Amand-de-Coly;75;24;0;0;0;0;0;0;0;0;0;0;0;0;0;0;0;0;0;0;0;0;0;0;0;0;1;0;0;5;4;0;0;0;0;0;0;0;0
24365;Saint-Amand-de-Vergt;75;24;0;0;0;0;0;0;0;0;0;0;0;0;0;0;0;0;0;0;0;0;0;0;0;0;0;1;0;0;1;0;0;0;0;3;0;0;0
24366;Saint-André-d'Allas;75;24;0;0;0;0;0;0;0;0;0;0;0;0;0;0;0;0;0;0;0;0;0;0;0;0;0;0;0;2;0;1;1;0;0;1;0;0;0
24367;Saint-André-de-Double;75;24;0;0;0;0;0;0;0;0;0;0;0;0;0;0;0;0;0;0;0;0;0;0;0;0;1;0;1;0;0;0;0;0;0;0;0;0;0
24368;Saint-Antoine-Cumond;75;24;0;0;0;0;0;0;0;0;0;0;0;0;0;0;0;0;0;0;0;1;2;0;0;0;0;1;4;0;1;0;0;0;0;0;0;0;0
24369;Saint-Antoine-d'Auberoche;75;24;0;0;0;0;0;0;0;0;0;0;0;0;0;0;0;0;0;0;0;0;0;0;0;0;0;0;0;0;0;0;0;0;0;0;0;0;0
24370;Saint-Antoine-de-Breuilh;75;24;0;0;0;0;0;0;0;0;0;0;0;0;0;0;0;0;0;1;0;0;5;0;0;0;6;8;5;2;6;0;1;0;0;3;2;0;2
24371;Saint-Aquilin;75;24;0;0;0;0;0;0;0;0;0;0;0;0;0;0;0;0;0;0;0;0;0;0;0;0;1;2;1;1;0;1;0;0;0;1;0;0;0
24372;Saint-Astier;75;24;0;1;0;0;0;0;0;0;0;0;1;1;0;0;0;3;1;1;0;0;6;2;0;2;5;11;7;5;5;2;7;2;1;15;6;1;5
24373;Saint-Aubin-de-Cadelech;75;24;0;0;0;0;0;0;0;0;0;0;0;0;0;0;0;0;0;0;0;0;1;0;0;0;2;0;2;1;1;0;0;0;0;2;2;0;0
24374;Saint-Aubin-de-Lanquais;75;24;0;0;0;0;0;0;0;0;0;0;0;0;0;0;0;0;0;0;0;1;1;0;0;0;1;0;0;1;0;1;0;0;0;0;0;0;0
24375;Saint-Aubin-de-Nabirat;75;24;0;0;0;0;0;0;0;0;0;0;0;0;0;0;0;0;0;0;0;0;1;0;0;0;1;0;2;1;0;0;0;0;0;0;1;0;0
24376;Saint Aulaye-Puymangou;75;24;0;1;0;0;0;0;0;0;0;0;1;0;0;0;0;1;0;1;0;0;7;1;0;1;2;2;2;3;3;2;4;0;0;7;0;0;2
24377;Saint-Avit-de-Vialard;75;24;0;0;0;0;0;0;0;0;0;0;0;0;0;0;0;0;0;0;0;0;0;0;0;0;3;0;0;1;1;0;0;0;0;0;0;0;0
24378;Saint-Avit-Rivière;75;24;0;0;0;0;0;0;0;0;0;0;0;0;0;0;0;0;0;0;0;0;0;0;0;0;1;0;0;0;0;0;0;0;0;0;0;0;0
24379;Saint-Avit-Sénieur;75;24;0;0;0;0;0;0;0;0;0;0;0;0;0;0;0;0;0;0;0;1;1;0;0;0;5;0;3;0;0;0;0;0;0;2;0;0;0
24380;Saint-Barthélemy-de-Bellegarde;75;24;0;0;0;0;0;0;0;0;0;0;0;0;0;0;0;0;0;0;1;0;0;0;0;0;2;3;2;1;0;0;0;0;0;2;0;0;0
24381;Saint-Barthélemy-de-Bussière;75;24;0;0;0;0;0;0;0;0;0;0;0;0;0;0;0;0;0;0;0;1;0;0;0;0;3;0;0;2;0;0;0;0;0;1;0;0;0
24382;Saint-Capraise-de-Lalinde;75;24;0;0;0;0;0;0;0;0;0;0;0;0;0;0;0;0;0;0;0;1;5;0;0;0;1;0;1;0;2;0;2;0;0;0;0;0;0
24383;Saint-Capraise-d'Eymet;75;24;0;0;0;0;0;0;0;0;0;0;0;0;0;0;0;0;0;0;0;0;0;0;0;0;0;0;0;0;1;1;0;0;0;0;0;0;0
24384;Saint-Cassien;75;24;0;0;0;0;0;0;0;0;0;0;0;0;0;0;0;0;0;0;0;0;0;0;0;0;0;0;0;0;0;0;0;0;0;0;0;0;0
24385;Saint-Cernin-de-Labarde;75;24;0;0;0;0;0;0;0;0;0;0;0;0;0;0;0;0;0;0;0;1;0;0;0;0;1;0;1;1;0;0;0;0;0;0;0;0;0
24386;Saint-Cernin-de-l'Herm;75;24;0;0;0;0;0;0;0;0;0;0;0;0;0;0;0;0;0;0;0;0;0;0;0;0;3;2;0;1;0;0;0;0;0;1;0;0;0
24388;Saint-Chamassy;75;24;0;0;0;0;0;0;0;0;0;0;0;0;0;0;0;0;0;0;0;1;0;0;0;0;1;1;4;0;0;0;0;0;0;0;0;0;0
24389;Saint-Cirq;75;24;0;0;0;0;0;0;0;0;0;0;0;0;0;0;0;0;0;0;0;0;0;0;0;0;0;1;1;0;0;0;0;0;0;0;0;0;0
24390;Saint-Crépin-d'Auberoche;75;24;0;0;0;0;0;0;0;0;0;0;0;0;0;0;0;0;0;0;0;0;1;0;0;0;1;0;0;0;0;0;0;0;0;1;0;0;0
24391;Saint-Crépin-de-Richemont;75;24;0;0;0;0;0;0;0;0;0;0;0;0;0;0;0;0;0;0;0;0;2;0;0;0;2;1;1;1;0;1;0;0;0;2;0;0;0
24392;Saint-Crépin-et-Carlucet;75;24;0;0;0;0;0;0;0;0;0;0;0;0;0;0;0;0;0;0;0;0;1;0;0;0;2;2;2;1;2;2;1;0;0;4;0;0;0
24393;Sainte-Croix;75;24;0;0;0;0;0;0;0;0;0;0;0;0;0;0;0;0;0;0;0;0;0;0;0;0;3;0;0;0;1;0;0;0;0;0;0;0;1
24394;Sainte-Croix-de-Mareuil;75;24;0;0;0;0;0;0;0;0;0;0;0;0;0;0;0;0;0;0;0;0;0;0;0;0;2;0;0;1;0;0;0;0;0;0;0;0;1
24395;Saint-Cybranet;75;24;0;0;0;0;0;0;0;0;0;0;0;0;0;0;0;0;0;0;0;0;1;0;0;0;2;2;0;4;1;0;1;0;0;3;0;0;0
24396;Saint-Cyprien;75;24;0;1;0;0;0;0;0;0;0;0;0;0;0;0;0;3;0;1;0;0;3;1;0;2;9;2;2;3;3;0;5;1;0;12;6;0;3
24397;Saint-Cyr-les-Champagnes;75;24;0;0;0;0;0;0;0;0;0;0;0;0;0;0;0;0;0;0;0;0;0;0;0;0;0;0;2;0;1;0;0;0;0;0;0;0;0
24398;Saint-Estèphe;75;24;0;0;0;0;0;0;0;0;0;0;0;0;0;0;0;0;0;0;0;1;0;0;0;0;1;1;5;2;1;0;1;0;0;5;0;0;0
24399;Saint-Étienne-de-Puycorbier;75;24;0;0;0;0;0;0;0;0;0;0;0;0;0;0;0;0;0;0;0;0;0;0;0;0;0;0;0;0;0;0;0;0;0;0;1;0;0
24401;Sainte-Eulalie-d'Ans;75;24;0;0;0;0;0;0;0;0;0;0;0;0;0;0;0;0;0;0;0;1;0;0;0;0;0;1;0;4;3;0;0;0;0;0;0;0;0
24402;Sainte-Eulalie-d'Eymet;75;24;0;0;0;0;0;0;0;0;0;0;0;0;0;0;0;0;0;0;0;0;0;0;0;0;0;2;0;1;0;0;0;0;0;0;1;0;0
24403;Saint-Félix-de-Bourdeilles;75;24;0;0;0;0;0;0;0;0;0;0;0;0;0;0;0;0;0;0;0;0;0;0;0;0;0;0;1;1;0;0;0;0;0;0;0;0;0
24404;Saint-Félix-de-Reillac-et-Mortemart;75;24;0;0;0;0;0;0;0;0;0;0;0;0;0;0;0;0;0;0;0;0;0;0;0;0;1;0;3;1;0;0;0;0;0;3;0;0;0
24405;Saint-Félix-de-Villadeix;75;24;0;0;0;0;0;0;0;0;0;0;0;0;0;0;0;0;0;0;0;1;2;0;0;0;1;1;0;0;1;0;0;0;0;2;0;0;0
24406;Sainte-Foy-de-Belvès;75;24;0;0;0;0;0;0;0;0;0;0;0;0;0;0;0;0;0;0;0;0;0;0;0;0;0;1;0;1;0;0;0;0;0;0;0;0;0
24407;Sainte-Foy-de-Longas;75;24;0;0;0;0;0;0;0;0;0;0;0;0;0;0;0;0;0;0;0;0;0;0;0;0;1;0;0;0;0;0;0;0;0;2;0;0;0
24408;Saint-Front-d'Alemps;75;24;0;0;0;0;0;0;0;0;0;0;0;0;0;0;0;0;0;0;0;0;0;0;0;0;0;1;0;0;0;0;0;0;0;0;0;0;0
24409;Saint-Front-de-Pradoux;75;24;0;0;0;0;0;0;0;0;0;0;0;0;0;0;0;0;0;0;0;1;3;1;0;0;6;2;1;1;2;0;3;0;0;1;0;0;0
24410;Saint-Front-la-Rivière;75;24;0;0;0;0;0;0;0;0;0;0;0;0;0;0;0;0;0;0;0;1;1;0;0;0;0;2;2;1;0;0;1;0;0;0;0;0;0
24411;Saint-Front-sur-Nizonne;75;24;0;0;0;0;0;0;0;0;0;0;0;0;0;0;0;0;0;0;0;0;0;0;0;0;0;0;1;1;0;0;0;0;0;0;0;0;0
24412;Saint-Geniès;75;24;0;0;0;0;0;0;0;0;0;0;0;0;0;0;0;0;0;1;0;0;3;0;0;1;3;2;2;5;0;1;2;0;0;5;0;0;2
24413;Saint-Georges-Blancaneix;75;24;0;0;0;0;0;0;0;0;0;0;0;0;0;0;0;0;0;0;0;0;0;0;0;0;1;0;0;2;0;0;0;0;0;0;0;0;0
24414;Saint-Georges-de-Montclard;75;24;0;0;0;0;0;0;0;0;0;0;0;0;0;0;0;0;0;0;0;1;1;0;0;0;2;1;1;1;0;0;0;0;0;0;1;0;0
24415;Saint-Géraud-de-Corps;75;24;0;0;0;0;0;0;0;0;0;0;0;0;0;0;0;0;0;0;1;0;0;0;0;0;1;1;0;0;0;0;0;0;0;0;3;0;0
24416;Saint-Germain-de-Belvès;75;24;0;0;0;0;0;0;0;0;0;0;0;0;0;0;0;0;0;0;0;0;0;0;0;0;1;0;0;0;1;0;0;0;0;0;0;0;0
24417;Saint-Germain-des-Prés;75;24;0;0;0;0;0;0;0;0;0;0;0;0;0;0;0;0;0;0;1;0;2;0;0;0;5;1;0;3;2;0;0;0;0;0;0;0;0
24418;Saint-Germain-du-Salembre;75;24;0;0;0;0;0;0;0;0;0;0;0;0;0;0;0;0;0;1;0;0;2;0;0;0;5;1;1;1;0;1;1;0;0;1;0;0;0
24419;Saint-Germain-et-Mons;75;24;0;0;0;0;0;0;0;0;0;0;0;0;0;0;0;0;0;0;0;0;1;0;0;0;3;1;1;1;1;1;2;0;0;1;0;0;0
24420;Saint-Géry;75;24;0;0;0;0;0;0;0;0;0;0;0;0;0;0;0;0;0;0;0;0;0;0;0;0;1;0;0;0;0;0;0;0;0;1;0;0;0
24421;Saint-Geyrac;75;24;0;0;0;0;0;0;0;0;0;0;0;0;0;0;0;0;0;0;0;0;0;0;0;0;0;0;1;1;1;0;0;0;0;0;0;0;0
24422;Saint-Hilaire-d'Estissac;75;24;0;0;0;0;0;0;0;0;0;0;0;0;0;0;0;0;0;0;0;0;0;0;0;0;0;0;0;0;0;0;0;0;0;0;0;0;0
24423;Sainte-Innocence;75;24;0;0;0;0;0;0;0;0;0;0;0;0;0;0;0;0;0;0;0;0;0;0;0;0;1;0;1;1;0;0;0;0;0;0;0;0;0
24424;Saint-Jean-d'Ataux;75;24;0;0;0;0;0;0;0;0;0;0;0;0;0;0;0;0;0;0;0;0;0;0;0;0;1;0;0;0;0;0;0;0;0;0;0;0;0
24425;Saint-Jean-de-Côle;75;24;0;0;0;0;0;0;0;0;0;0;0;0;0;0;0;0;0;0;0;1;0;0;0;1;0;1;0;0;0;0;1;0;0;4;1;0;0
24426;Saint-Jean-d'Estissac;75;24;0;0;0;0;0;0;0;0;0;0;0;0;0;0;0;0;0;0;0;0;0;0;0;0;0;0;0;1;1;0;0;0;0;1;1;0;0
24427;Saint-Jean-d'Eyraud;75;24;0;0;0;0;0;0;0;0;0;0;0;0;0;0;0;0;0;0;0;0;0;0;0;0;0;1;0;0;1;0;0;0;0;0;0;0;0
24428;Saint-Jory-de-Chalais;75;24;0;0;0;0;0;0;0;0;0;0;0;0;0;0;0;0;0;0;1;0;2;0;0;0;1;1;2;1;1;0;0;0;0;2;1;0;0
24429;Saint-Jory-las-Bloux;75;24;0;0;0;0;0;0;0;0;0;0;0;0;0;0;0;0;0;0;0;0;0;0;0;0;3;0;0;0;0;1;0;0;0;1;0;0;0
24431;Saint-Julien-de-Crempse;75;24;0;0;0;0;0;0;0;0;0;0;0;0;0;0;0;0;0;0;0;0;0;0;0;0;2;0;2;0;0;0;0;1;0;0;0;0;0
24432;Saint-Julien-de-Lampon;75;24;0;0;0;0;0;0;0;0;0;0;0;0;0;0;0;1;0;1;0;0;0;0;0;1;2;0;3;2;2;0;1;0;0;3;2;0;0
24433;Saint-Julien-d'Eymet;75;24;0;0;0;0;0;0;0;0;0;0;0;0;0;0;0;0;0;0;0;0;0;0;0;0;1;1;0;0;0;0;0;0;0;0;0;0;0
24434;Saint-Just;75;24;0;0;0;0;0;0;0;0;0;0;0;0;0;0;0;0;0;0;0;0;0;0;0;1;1;0;1;0;1;0;0;0;0;0;0;0;0
24436;Saint-Laurent-des-Hommes;75;24;0;0;0;0;0;0;0;0;0;0;0;0;0;0;0;0;0;0;0;1;2;0;0;0;6;6;2;2;0;0;2;0;0;1;0;0;1
24437;Saint-Laurent-des-Vignes;75;24;0;0;0;0;0;0;0;0;0;0;0;0;0;0;0;0;0;0;0;0;3;0;0;0;1;3;2;3;4;0;1;0;0;5;0;0;1
24438;Saint-Laurent-la-Vallée;75;24;0;0;0;0;0;0;0;0;0;0;0;0;0;0;0;0;0;0;0;1;0;0;0;0;0;2;0;1;0;0;0;0;0;1;0;0;0
24441;Saint-Léon-d'Issigeac;75;24;0;0;0;0;0;0;0;0;0;0;0;0;0;0;0;0;0;0;0;0;0;0;0;0;1;0;0;1;0;0;0;0;0;0;0;0;0
24442;Saint-Léon-sur-l'Isle;75;24;0;0;0;0;0;0;0;0;0;0;0;0;0;0;0;1;0;1;0;0;4;0;0;0;3;2;5;5;0;1;3;0;0;4;0;1;0
24443;Saint-Léon-sur-Vézère;75;24;0;0;0;0;0;0;0;0;0;0;0;0;0;0;0;0;0;1;0;0;0;0;0;0;2;0;1;0;1;0;0;0;0;5;1;0;0
24444;Saint-Louis-en-l'Isle;75;24;0;0;0;0;0;0;0;0;0;0;0;0;0;0;0;0;0;0;0;0;1;0;0;0;1;0;0;0;0;0;0;0;0;0;0;0;0
24445;Saint-Marcel-du-Périgord;75;24;0;0;0;0;0;0;0;0;0;0;0;0;0;0;0;0;0;0;0;0;0;0;0;0;1;1;1;0;0;0;0;0;0;0;0;0;0
24446;Saint-Marcory;75;24;0;0;0;0;0;0;0;0;0;0;0;0;0;0;0;0;0;0;0;0;0;0;0;0;1;0;0;0;0;0;0;0;0;0;0;0;0
24447;Sainte-Marie-de-Chignac;75;24;0;0;0;0;0;0;0;0;0;0;0;0;0;0;0;0;0;0;0;0;0;0;0;1;2;1;0;0;1;0;0;0;0;0;0;0;0
24448;Saint-Martial-d'Albarède;75;24;0;1;0;0;0;0;0;0;0;0;0;0;0;0;0;0;0;0;0;1;0;1;0;0;2;0;0;3;0;1;0;1;0;1;1;0;0
24449;Saint-Martial-d'Artenset;75;24;0;0;0;0;0;0;0;0;0;0;0;0;0;0;0;0;1;0;0;1;2;0;0;0;5;2;3;0;1;0;2;0;0;1;1;0;2
24450;Saint-Martial-de-Nabirat;75;24;0;0;0;0;0;0;0;0;0;0;0;0;0;0;0;0;0;0;0;1;0;0;0;0;3;2;4;3;1;0;2;0;0;2;0;0;0
24451;Saint-Martial-de-Valette;75;24;0;0;0;0;0;0;0;0;0;0;0;0;0;0;0;0;0;0;0;0;6;0;0;0;6;3;0;1;4;1;0;0;0;1;0;0;0
24452;Saint-Martial-Viveyrol;75;24;0;0;0;0;0;0;0;0;0;0;0;0;0;0;0;0;0;0;0;0;0;0;0;0;1;0;1;0;1;1;0;0;0;0;0;0;0
24453;Saint-Martin-de-Fressengeas;75;24;0;0;0;0;0;0;0;0;0;0;0;0;0;0;0;0;0;0;0;0;0;0;0;0;3;1;2;1;0;0;0;0;0;0;0;0;0
24454;Saint-Martin-de-Gurson;75;24;0;0;0;0;0;0;0;0;0;0;0;0;0;0;0;0;0;0;0;1;0;0;0;0;2;3;3;2;1;2;1;0;0;1;1;0;0
24455;Saint-Martin-de-Ribérac;75;24;0;0;0;0;0;0;0;0;0;0;0;0;0;0;0;0;0;0;0;0;0;0;0;0;3;0;1;1;1;1;0;0;0;0;1;0;0
24456;Saint-Martin-des-Combes;75;24;0;0;0;0;0;0;0;0;0;0;0;0;0;0;0;0;0;0;0;0;1;0;0;0;0;0;1;0;2;0;0;0;0;0;0;0;0
24457;Saint-Martin-l'Astier;75;24;0;0;0;0;0;0;0;0;0;0;0;0;0;0;0;0;0;0;0;0;0;0;0;0;1;0;0;0;0;0;0;0;0;0;0;0;0
24458;Saint-Martin-le-Pin;75;24;0;0;0;0;0;0;0;0;0;0;0;0;0;0;0;0;0;0;0;0;1;0;0;0;1;0;1;1;0;0;0;0;0;1;1;0;0
24459;Saint-Maime-de-Péreyrol;75;24;0;0;0;0;0;0;0;0;0;0;0;0;0;0;0;0;0;0;0;0;0;0;0;0;0;0;0;0;0;0;0;0;0;2;0;0;0
24460;Saint-Méard-de-Drône;75;24;0;0;0;0;0;0;0;0;0;0;0;0;0;0;0;0;0;0;0;0;2;0;0;0;0;1;0;1;3;1;3;0;0;0;0;0;0
24461;Saint-Méard-de-Gurçon;75;24;0;0;0;0;0;0;0;0;0;0;0;0;0;0;0;0;0;0;1;0;3;0;0;0;1;2;1;2;2;1;2;0;0;2;1;0;0
24462;Saint-Médard-de-Mussidan;75;24;0;0;0;0;0;0;0;0;0;0;0;0;0;0;0;0;0;0;0;0;4;2;0;0;1;2;1;1;2;1;3;0;0;2;1;0;0
24463;Saint-Médard-d'Excideuil;75;24;0;0;0;0;0;0;0;0;0;0;0;0;0;0;0;0;0;0;0;0;3;0;0;0;0;1;2;3;1;0;0;0;0;2;0;0;0
24464;Saint-Mesmin;75;24;0;0;0;0;0;0;0;0;0;0;0;0;0;0;0;0;0;0;0;0;0;0;0;0;1;0;0;1;0;0;0;0;0;1;0;0;0
24465;Saint-Michel-de-Double;75;24;0;0;0;0;0;0;0;0;0;0;0;0;0;0;0;0;0;0;0;0;0;0;0;0;0;1;0;0;1;0;1;0;0;1;0;0;0
24466;Saint-Michel-de-Montaigne;75;24;0;0;0;0;0;0;0;0;0;0;0;0;0;0;0;0;0;0;0;0;0;0;0;0;1;0;1;0;0;0;0;0;0;0;0;0;1
24468;Saint-Michel-de-Villadeix;75;24;0;0;0;0;0;0;0;0;0;0;0;0;0;0;0;0;0;0;0;0;0;0;0;0;1;1;1;0;0;0;0;0;0;0;0;0;1
24470;Sainte-Mondane;75;24;0;0;0;0;0;0;0;0;0;0;0;0;0;0;0;0;0;0;0;0;0;0;0;0;2;0;0;0;1;0;0;0;0;1;0;0;0
24471;Sainte-Nathalène;75;24;0;0;0;0;0;0;0;0;0;0;0;0;0;0;0;0;0;0;0;0;0;0;0;0;2;0;0;1;1;1;0;0;0;0;0;0;0
24472;Saint-Nexans;75;24;0;0;0;0;0;0;0;0;0;0;0;0;0;0;0;0;1;0;1;0;1;0;0;0;2;4;1;1;1;0;0;0;0;1;0;0;0
24473;Sainte-Orse;75;24;0;0;0;0;0;0;0;0;0;0;0;0;0;0;0;0;0;0;0;1;2;0;0;0;4;1;0;3;1;0;0;0;0;0;0;0;0
24474;Saint-Pancrace;75;24;0;0;0;0;0;0;0;0;0;0;0;0;0;0;0;0;0;0;0;0;0;0;0;0;0;0;0;1;1;0;0;0;0;0;0;0;0
24475;Saint-Pantaly-d'Ans;75;24;0;0;0;0;0;0;0;0;0;0;0;0;0;0;0;0;0;0;0;0;0;0;0;0;0;0;0;1;0;0;0;0;0;0;0;0;0
24476;Saint-Pantaly-d'Excideuil;75;24;0;0;0;0;0;0;0;0;0;0;0;0;0;0;0;0;0;0;0;0;0;0;0;0;0;0;0;2;0;0;0;0;0;1;0;0;0
24477;Saint-Pardoux-de-Drône;75;24;0;0;0;0;0;0;0;0;0;0;0;0;0;0;0;0;0;0;0;0;0;0;0;0;1;0;1;2;0;0;0;0;0;0;0;0;0
24478;Saint-Pardoux-et-Vielvic;75;24;0;0;0;0;0;0;0;0;0;0;0;0;0;0;0;0;0;0;0;0;0;0;0;0;0;0;2;0;0;0;0;0;0;0;0;0;0
24479;Saint-Pardoux-la-Rivière;75;24;0;1;0;0;0;0;0;0;0;0;0;0;0;0;0;1;2;1;0;0;3;0;0;1;1;1;3;4;1;3;3;0;0;2;0;0;0
24480;Saint-Paul-de-Serre;75;24;0;0;0;0;0;0;0;0;0;0;0;0;0;0;0;0;0;0;0;0;0;0;0;0;2;0;0;0;1;0;0;0;0;1;0;0;0
24481;Saint-Paul-la-Roche;75;24;0;0;0;0;0;0;0;0;0;0;0;0;0;0;0;0;0;0;0;1;0;0;0;0;0;3;1;0;2;1;0;0;0;0;0;0;0
24482;Saint-Paul-Lizonne;75;24;0;0;0;0;0;0;0;0;0;0;0;0;0;0;0;0;0;0;0;0;1;0;0;0;3;0;0;1;0;0;0;0;0;2;0;0;0
24483;Saint-Perdoux;75;24;0;0;0;0;0;0;0;0;0;0;0;0;0;0;0;0;0;0;0;0;0;0;0;0;0;0;0;0;1;0;0;0;0;0;0;0;0
24484;Saint-Pierre-de-Chignac;75;24;0;1;0;0;0;0;0;0;0;0;0;0;0;0;0;0;0;1;0;0;3;0;0;0;1;3;1;2;3;0;2;2;0;0;0;0;0
24485;Saint-Pierre-de-Côle;75;24;0;0;0;0;0;0;0;0;0;0;0;0;0;0;0;0;0;0;0;1;3;0;0;0;1;4;2;0;2;0;0;0;0;1;1;0;0
24486;Saint-Pierre-de-Frugie;75;24;0;0;0;0;0;0;0;0;0;0;0;0;0;0;0;0;0;0;0;0;0;0;0;0;0;2;0;1;0;0;0;0;0;1;0;0;0
24487;Saint-Pierre-d'Eyraud;75;24;0;0;0;0;0;0;0;0;0;0;0;0;0;0;0;0;0;1;0;0;3;0;0;0;4;5;4;1;1;0;2;0;0;4;0;0;2
24488;Saint-Pompont;75;24;0;0;0;0;0;0;0;0;0;0;0;0;0;0;0;0;0;0;0;1;0;0;0;0;0;0;2;2;0;0;0;0;0;5;0;0;0
24489;Saint-Priest-les-Fougères;75;24;0;0;0;0;0;0;0;0;0;0;0;0;0;0;0;0;0;0;0;1;3;0;0;0;0;1;1;2;1;0;0;0;0;0;1;0;0
24490;Saint-Privat-des-Prés;75;24;0;0;0;0;0;0;0;0;0;0;0;0;0;0;0;0;0;0;0;1;1;0;0;0;1;1;2;0;0;0;1;0;0;0;1;0;0
24491;Saint-Rabier;75;24;0;0;0;0;0;0;0;0;0;0;0;0;0;0;0;0;0;0;1;0;1;0;0;0;2;0;1;1;1;1;1;0;0;3;0;0;0
24492;Sainte-Radegonde;75;24;0;0;0;0;0;0;0;0;0;0;0;0;0;0;0;0;0;0;0;0;1;0;0;0;0;0;0;0;1;0;0;0;0;0;0;0;0
24493;Saint-Raphaël;75;24;0;0;0;0;0;0;0;0;0;0;0;0;0;0;0;0;0;0;0;0;0;0;0;0;1;0;0;0;0;0;0;0;0;0;0;0;0
24494;Saint-Rémy;75;24;0;0;0;0;0;0;0;0;0;0;0;0;0;0;0;0;0;0;0;0;1;0;0;1;0;0;1;2;1;1;2;0;0;3;1;0;0
24495;Saint-Romain-de-Monpazier;75;24;0;0;0;0;0;0;0;0;0;0;0;0;0;0;0;0;0;0;0;0;1;0;0;0;0;0;0;0;0;0;0;0;0;1;0;0;0
24496;Saint-Romain-et-Saint-Clément;75;24;0;0;0;0;0;0;0;0;0;0;0;0;0;0;0;0;0;0;0;0;1;0;0;0;2;0;1;2;1;0;0;0;0;0;0;0;0
24498;Saint-Saud-Lacoussière;75;24;0;0;0;0;0;0;0;0;0;0;0;0;0;0;0;1;0;0;0;1;3;0;0;0;1;4;1;5;2;0;1;0;0;4;0;0;0
24499;Saint-Sauveur;75;24;0;0;0;0;0;0;0;0;0;0;0;0;0;0;0;0;0;0;0;0;0;0;0;0;3;1;0;2;2;0;0;0;0;0;2;0;0
24500;Saint-Sauveur-Lalande;75;24;0;0;0;0;0;0;0;0;0;0;0;0;0;0;0;0;0;0;0;0;1;0;0;0;0;0;0;2;0;0;0;0;0;0;0;0;0
24501;Saint-Seurin-de-Prats;75;24;0;0;0;0;0;0;0;0;0;0;0;0;0;0;0;0;0;0;0;0;0;0;0;0;1;1;1;0;0;0;0;0;0;1;1;0;0
24502;Saint-Séverin-d'Estissac;75;24;0;0;0;0;0;0;0;0;0;0;0;0;0;0;0;0;0;0;0;0;0;0;0;0;0;1;0;0;0;0;0;0;0;0;0;0;0
24503;Saint-Sulpice-de-Mareuil;75;24;0;0;0;0;0;0;0;0;0;0;0;0;0;0;0;0;0;0;0;0;0;0;0;0;0;0;0;0;0;1;0;0;0;0;0;0;0
24504;Saint-Sulpice-de-Roumagnac;75;24;0;0;0;0;0;0;0;0;0;0;0;0;0;0;0;0;0;0;0;0;1;0;0;0;2;1;0;2;0;0;0;0;0;2;0;0;0
24505;Saint-Sulpice-d'Excideuil;75;24;0;0;0;0;0;0;0;0;0;0;0;0;0;0;0;0;1;0;0;1;0;0;0;0;4;1;1;1;0;0;0;0;0;0;0;0;0
24507;Sainte-Trie;75;24;0;0;0;0;0;0;0;0;0;0;0;0;0;0;0;0;0;0;0;0;0;0;0;0;1;0;0;2;0;0;0;0;0;0;0;0;0
24508;Saint-Victor;75;24;0;0;0;0;0;0;0;0;0;0;0;0;0;0;0;0;0;0;0;0;0;0;0;0;0;1;0;0;0;0;0;0;0;1;0;0;0
24509;Saint-Vincent-de-Connezac;75;24;0;0;0;0;0;0;0;0;0;0;0;0;0;0;0;0;0;1;0;0;2;0;0;0;2;2;0;2;2;0;2;0;0;1;0;0;0
24510;Saint-Vincent-de-Cosse;75;24;0;0;0;0;0;0;0;0;0;0;0;0;0;0;0;0;0;0;0;0;1;0;0;1;0;0;0;2;0;0;1;0;0;3;0;0;0
24511;Saint-Vincent-Jalmoutiers;75;24;0;0;0;0;0;0;0;0;0;0;0;0;0;0;0;0;0;0;0;0;1;0;0;0;1;0;1;1;0;0;0;0;0;1;0;0;0
24512;Saint-Vincent-le-Paluel;75;24;0;0;0;0;0;0;0;0;0;0;0;0;0;0;0;0;0;0;0;0;0;0;0;0;0;0;0;0;2;0;1;0;0;0;0;0;0
24513;Saint-Vincent-sur-l'Isle;75;24;0;0;0;0;0;0;0;0;0;0;0;0;0;0;0;0;0;0;0;0;0;0;0;0;1;3;1;0;0;0;0;0;0;0;0;0;0
24514;Saint-Vivien;75;24;0;0;0;0;0;0;0;0;0;0;0;0;0;0;0;0;0;0;0;0;0;0;0;0;0;0;2;0;0;0;0;0;0;0;0;0;0
24515;Salagnac;75;24;0;0;0;0;0;0;0;0;0;0;0;0;0;0;0;1;0;1;0;0;0;0;0;0;0;0;0;0;0;0;2;0;0;2;0;0;0
24516;Salignac-Eyvigues;75;24;0;1;0;0;0;0;0;0;0;0;0;0;0;0;0;1;1;1;0;0;4;0;0;0;1;1;2;3;2;1;2;3;0;3;3;1;0
24517;Salles-de-Belvès;75;24;0;0;0;0;0;0;0;0;0;0;0;0;0;0;0;0;0;0;0;0;0;0;0;0;1;1;0;0;0;0;0;0;0;0;0;0;0
24518;Salon;75;24;0;0;0;0;0;0;0;0;0;0;0;0;0;0;0;0;0;0;0;0;0;0;0;0;0;0;0;0;0;0;1;0;0;0;0;0;0
24519;Sarlande;75;24;0;0;0;0;0;0;0;0;0;0;0;0;0;0;0;0;0;0;0;1;1;0;0;0;1;1;0;0;0;0;0;0;0;1;0;0;0
24520;Sarlat-la-Canéda;75;24;0;1;0;0;1;0;0;0;0;0;5;1;0;0;0;14;4;1;1;0;23;3;2;5;28;22;9;13;14;14;32;4;4;116;28;7;8
24521;Sarliac-sur-l'Isle;75;24;0;0;0;0;0;0;0;0;0;0;0;0;0;0;0;0;0;0;0;1;2;0;0;0;1;2;3;1;3;0;1;0;0;1;0;0;1
24522;Sarrazac;75;24;0;0;0;0;0;0;0;0;0;0;0;0;0;0;0;0;0;0;0;1;1;0;0;0;0;0;2;0;1;0;0;0;0;0;0;0;0
24523;Saussignac;75;24;0;0;0;0;0;0;0;0;0;0;1;0;0;0;0;0;0;0;0;1;0;0;0;0;1;1;2;0;2;0;0;0;0;1;0;1;0
24524;Savignac-de-Miremont;75;24;0;0;0;0;0;0;0;0;0;0;0;0;0;0;0;0;0;0;0;0;0;0;0;0;1;0;0;0;0;0;0;0;0;1;1;0;0
24525;Savignac-de-Nontron;75;24;0;0;0;0;0;0;0;0;0;0;0;0;0;0;0;0;0;0;0;0;2;0;0;0;0;0;2;0;0;0;0;0;0;0;0;0;0
24526;Savignac-Lédrier;75;24;0;0;0;0;0;0;0;0;0;0;0;0;0;0;0;0;0;0;0;1;4;0;0;0;2;2;5;3;0;0;0;0;0;2;0;0;0
24527;Savignac-les-Églises;75;24;0;1;0;0;0;0;0;0;0;0;0;0;0;0;0;0;2;1;0;0;2;0;0;0;4;0;2;2;0;1;1;0;0;1;0;1;1
24528;Sceau-Saint-Angel;75;24;0;0;0;0;0;0;0;0;0;0;0;0;0;0;0;0;0;0;0;0;0;0;0;0;1;2;1;0;1;0;0;0;0;0;0;0;0
24529;Segonzac;75;24;0;0;0;0;0;0;0;0;0;0;0;0;0;0;0;0;0;0;0;0;1;0;0;0;1;0;0;0;0;0;0;0;0;0;0;0;0
24530;Sencenac-Puy-de-Fourches;75;24;0;0;0;0;0;0;0;0;0;0;0;0;0;0;0;0;0;0;0;0;1;0;0;0;1;0;0;1;1;0;0;0;0;0;0;0;0
24531;Sergeac;75;24;0;0;0;0;0;0;0;0;0;0;0;0;0;0;0;0;0;0;0;0;1;0;0;0;0;0;3;0;1;0;1;0;0;2;0;0;0
24532;Serres-et-Montguyard;75;24;0;0;0;0;0;0;0;0;0;0;0;0;0;0;0;0;0;0;0;0;0;0;0;0;0;0;2;0;1;0;0;0;0;0;2;0;0
24533;Servanches;75;24;0;0;0;0;0;0;0;0;0;0;0;0;0;0;0;0;0;0;0;0;0;0;0;0;0;0;1;0;0;0;0;0;0;2;0;0;0
24534;Sigoulès;75;24;0;1;0;0;0;0;0;0;0;0;0;0;0;0;0;1;1;1;0;0;2;0;0;1;7;3;5;2;0;0;4;0;0;2;3;1;2
24535;Simeyrols;75;24;0;0;0;0;0;0;0;0;0;0;0;0;0;0;0;0;0;0;0;0;1;0;0;0;2;0;0;2;0;0;1;0;0;0;0;0;0
24536;Singleyrac;75;24;0;0;0;0;0;0;0;0;0;0;0;0;0;0;0;0;0;0;0;0;0;0;0;0;2;0;2;0;1;0;1;0;0;0;0;0;0
24537;Siorac-de-Ribérac;75;24;0;0;0;0;0;0;0;0;0;0;0;0;0;0;0;0;0;0;0;0;1;0;0;0;1;1;0;0;0;1;0;0;0;2;0;0;0
24538;Siorac-en-Périgord;75;24;0;0;0;0;0;0;0;0;0;0;0;0;0;0;0;0;0;0;0;1;4;0;0;1;9;4;1;3;2;0;3;0;0;4;1;1;2
24540;Sorges et Ligueux en Périgord;75;24;0;0;0;0;0;0;0;0;0;0;0;0;0;0;0;0;0;0;0;1;3;0;0;0;7;1;3;1;3;1;1;0;0;1;0;0;0
24541;Soudat;75;24;0;0;0;0;0;0;0;0;0;0;0;0;0;0;0;0;0;0;0;0;0;0;0;0;0;0;0;0;0;0;0;0;0;0;0;0;0
24542;Soulaures;75;24;0;0;0;0;0;0;0;0;0;0;0;0;0;0;0;0;0;0;0;0;0;0;0;0;0;0;0;0;1;1;0;0;0;0;0;0;0
24543;Sourzac;75;24;0;0;0;0;0;0;0;0;0;0;0;0;0;0;0;0;0;0;0;0;3;0;0;0;6;5;4;2;2;3;0;0;0;3;0;0;0
24544;Tamniès;75;24;0;0;0;0;0;0;0;0;0;0;0;0;0;0;0;0;0;0;0;0;0;0;0;0;2;0;1;0;0;1;0;0;0;2;0;0;0
24545;Teillots;75;24;0;0;0;0;0;0;0;0;0;0;0;0;0;0;0;0;0;0;0;0;0;0;0;0;0;1;0;0;0;0;0;0;0;0;0;0;0
24546;Temple-Laguyon;75;24;0;0;0;0;0;0;0;0;0;0;0;0;0;0;0;0;0;0;0;0;0;0;0;0;0;0;1;0;0;0;0;0;0;0;0;0;0
24547;Terrasson-Lavilledieu;75;24;0;1;0;0;0;0;0;0;0;0;1;1;0;0;0;8;1;1;0;0;7;3;0;3;19;6;8;11;9;4;13;2;1;22;5;1;5
24548;Teyjat;75;24;0;0;0;0;0;0;0;0;0;0;0;0;0;0;0;0;0;0;0;0;0;0;0;0;1;2;1;1;0;0;0;0;0;0;0;0;0
24549;Thénac;75;24;0;0;0;0;0;0;0;0;0;0;0;0;0;0;0;0;0;0;0;0;0;0;0;0;3;0;1;1;0;0;0;0;0;1;1;0;0
24550;Thenon;75;24;0;1;0;0;0;0;0;0;0;0;0;0;1;0;0;2;0;1;0;0;5;1;0;3;3;3;2;3;3;0;3;2;0;4;1;0;0
24551;Thiviers;75;24;0;1;0;0;0;0;0;0;0;0;1;2;0;0;0;6;2;1;0;0;13;1;0;3;6;5;2;2;3;0;9;3;0;13;4;3;3
24552;Thonac;75;24;0;0;0;0;0;0;0;0;0;0;0;0;0;0;0;0;0;0;0;0;1;0;0;0;0;2;1;1;0;0;1;0;0;2;0;0;0
24553;Tocane-Saint-Apre;75;24;0;1;0;0;0;0;0;0;0;0;0;0;0;0;0;1;0;1;0;0;7;0;0;2;5;5;3;4;3;2;4;1;0;5;1;0;1
24554;La Tour-Blanche;75;24;0;0;0;0;0;0;0;0;0;0;0;0;0;0;0;0;1;0;0;1;0;0;0;0;0;1;1;0;3;0;2;0;0;0;0;0;0
24555;Tourtoirac;75;24;0;0;0;0;0;0;0;0;0;0;0;0;0;0;0;0;0;0;0;1;2;0;0;0;0;0;3;2;0;0;1;0;0;3;0;0;0
24557;Trélissac;75;24;0;0;0;0;0;0;0;0;0;0;1;0;0;0;0;5;1;1;1;1;23;3;0;3;6;5;8;7;6;1;13;2;0;18;4;1;6
24558;Trémolat;75;24;0;0;0;0;0;0;0;0;0;0;0;0;0;0;0;0;0;0;0;1;0;0;0;0;1;2;1;2;2;0;1;0;0;4;0;0;0
24559;Tursac;75;24;0;0;0;0;0;0;0;0;0;0;0;0;0;0;0;0;0;0;0;0;2;0;0;0;3;1;1;2;2;1;1;0;0;3;0;0;0
24560;Urval;75;24;0;0;0;0;0;0;0;0;0;0;0;0;0;0;0;0;0;0;0;0;0;0;0;0;1;0;1;0;0;1;0;0;0;2;0;0;0
24561;Valeuil;75;24;0;0;0;0;0;0;0;0;0;0;0;0;0;0;0;0;0;0;0;0;0;0;0;0;0;0;0;2;0;0;1;0;0;2;0;0;0
24562;Vallereuil;75;24;0;0;0;0;0;0;0;0;0;0;0;0;0;0;0;0;0;0;0;0;0;0;0;0;0;1;0;1;1;0;0;0;0;0;0;0;0
24563;Valojoulx;75;24;0;0;0;0;0;0;0;0;0;0;0;0;0;0;0;0;0;0;0;0;1;0;0;0;1;0;1;0;3;1;0;0;0;0;0;0;0
24564;Vanxains;75;24;0;0;0;0;0;0;0;0;0;0;0;0;0;0;0;0;0;0;0;1;0;0;0;0;2;0;0;2;0;1;1;0;0;3;0;0;1
24565;Varaignes;75;24;0;0;0;0;0;0;0;0;0;0;0;0;0;0;0;0;0;0;0;1;0;0;0;0;4;0;2;0;1;0;1;0;0;2;0;0;1
24566;Varennes;75;24;0;0;0;0;0;0;0;0;0;0;0;0;0;0;0;0;0;0;0;0;0;0;0;0;0;2;0;1;1;0;2;0;0;0;0;0;0
24567;Vaunac;75;24;0;0;0;0;0;0;0;0;0;0;0;0;0;0;0;0;0;0;0;0;0;0;0;0;0;0;1;0;0;0;0;0;0;0;0;0;0
24568;Vélines;75;24;0;1;0;0;0;0;0;0;0;0;0;0;0;0;0;0;0;1;0;0;3;0;0;0;4;0;3;3;1;1;1;1;0;0;0;0;0
24569;Vendoire;75;24;0;0;0;0;0;0;0;0;0;0;0;0;0;0;0;0;0;0;0;0;2;0;0;0;0;0;0;0;0;0;0;0;0;2;0;0;0
24570;Verdon;75;24;0;0;0;0;0;0;0;0;0;0;0;0;0;0;0;0;0;0;0;0;0;0;0;0;0;0;0;0;0;0;0;0;0;0;0;0;0
24571;Vergt;75;24;0;1;0;0;0;0;0;0;0;0;0;0;0;0;0;3;1;1;0;0;8;1;0;1;7;8;4;5;3;0;5;1;0;4;2;1;4
24572;Vergt-de-Biron;75;24;0;0;0;0;0;0;0;0;0;0;0;0;0;0;0;0;0;0;0;0;0;0;0;0;0;1;0;1;0;1;0;0;0;0;0;0;0
24573;Verteillac;75;24;0;1;0;0;0;0;0;0;0;0;0;0;0;0;0;1;0;1;0;0;1;0;0;0;1;2;1;1;2;1;2;0;0;7;2;0;0
24574;Veyrignac;75;24;0;0;0;0;0;0;0;0;0;0;0;0;0;0;0;0;0;0;0;0;0;0;0;1;0;1;1;0;0;0;0;0;0;0;0;0;0
24575;Veyrines-de-Domme;75;24;0;0;0;0;0;0;0;0;0;0;0;0;0;0;0;0;1;0;0;0;1;0;0;0;3;0;0;0;0;0;0;0;0;1;0;0;0
24576;Veyrines-de-Vergt;75;24;0;0;0;0;0;0;0;0;0;0;0;0;0;0;0;0;0;0;0;0;1;0;0;0;1;0;0;0;1;0;0;0;0;0;0;0;0
24577;Vézac;75;24;0;0;0;0;0;0;0;0;0;0;0;0;0;0;0;0;0;0;0;0;1;0;0;0;3;0;1;0;3;1;0;0;0;7;0;0;0
24579;Vieux-Mareuil;75;24;0;0;0;0;0;0;0;0;0;0;0;0;0;0;0;0;0;0;0;0;1;0;0;0;3;0;2;0;0;0;0;0;0;3;0;0;1
24580;Villac;75;24;0;0;0;0;0;0;0;0;0;0;0;0;0;0;0;0;0;0;1;0;0;0;0;0;2;0;0;0;0;0;0;0;0;0;0;0;0
24581;Villamblard;75;24;0;1;0;0;0;0;0;0;0;0;0;0;0;0;0;1;0;1;0;0;2;0;0;0;6;1;3;1;1;2;5;0;0;0;0;0;1
24582;Villars;75;24;0;0;0;0;0;0;0;0;0;0;0;0;0;0;0;0;0;0;0;1;0;0;0;0;0;2;2;2;2;0;1;0;0;2;0;0;0
24584;Villefranche-de-Lonchat;75;24;0;1;0;0;0;0;0;0;0;0;0;0;0;0;0;1;0;1;0;0;3;0;0;0;3;2;4;3;1;0;1;0;0;4;1;0;0
24585;Villefranche-du-Périgord;75;24;0;1;0;0;0;0;0;0;0;0;0;0;1;0;0;1;0;1;0;0;5;0;0;0;1;0;0;0;2;0;2;1;0;2;2;0;0
24586;Villetoureix;75;24;0;0;0;0;0;0;0;0;0;0;0;0;0;0;0;0;0;0;0;0;3;0;0;1;4;3;3;2;3;1;2;0;0;3;0;0;0
24587;Vitrac;75;24;0;0;0;0;0;0;0;0;0;0;0;0;0;0;0;0;0;0;0;0;2;0;0;0;1;2;3;3;2;0;1;0;0;5;0;0;0
25001;Abbans-Dessous;27;25;0;0;0;0;0;0;0;0;0;0;0;0;0;0;0;0;0;0;0;0;0;0;0;0;0;0;0;0;1;0;0;0;0;0;0;0;0
25002;Abbans-Dessus;27;25;0;0;0;0;0;0;0;0;0;0;0;0;0;0;0;0;0;0;0;0;0;0;0;0;0;2;0;0;0;0;0;0;0;0;1;0;0
25003;Abbenans;27;25;0;0;0;0;0;0;0;0;0;0;0;0;0;0;0;0;0;0;0;0;0;0;0;0;2;0;1;1;0;0;0;0;0;0;0;0;0
25004;Abbévillers;27;25;0;0;0;0;0;0;0;0;0;0;0;0;0;0;0;0;0;0;0;1;1;0;0;0;2;1;2;0;0;0;0;0;0;3;0;1;0
25005;Accolans;27;25;0;0;0;0;0;0;0;0;0;0;0;0;0;0;0;0;0;0;0;0;0;0;0;0;0;0;0;0;0;0;0;0;0;0;1;0;0
25006;Adam-lès-Passavant;27;25;0;0;0;0;0;0;0;0;0;0;0;0;0;0;0;0;0;0;0;0;0;0;0;0;0;1;1;0;0;0;0;0;0;0;0;0;0
25007;Adam-lès-Vercel;27;25;0;0;0;0;0;0;0;0;0;0;0;0;0;0;0;0;0;0;0;0;0;0;0;0;1;0;1;0;0;0;0;0;0;0;0;0;0
25008;Aibre;27;25;0;0;0;0;0;0;0;0;0;0;0;0;0;0;0;0;0;0;0;0;1;0;0;0;0;0;1;1;0;0;0;0;0;0;0;0;0
25009;Aïssey;27;25;0;0;0;0;0;0;0;0;0;0;0;0;0;0;0;0;0;0;0;0;0;0;0;0;0;0;1;0;0;0;1;0;0;1;0;0;0
25011;Allenjoie;27;25;0;0;0;0;0;0;0;0;0;0;0;0;0;0;0;0;0;0;0;0;0;0;0;0;0;0;0;2;1;0;0;0;0;1;0;0;0
25012;Les Alliés;27;25;0;0;0;0;0;0;0;0;0;0;0;0;0;0;0;0;0;0;0;0;0;0;0;0;0;0;2;0;0;0;0;0;0;0;0;0;0
25013;Allondans;27;25;0;0;0;0;0;0;0;0;0;0;0;0;0;0;0;0;0;0;0;0;0;0;0;0;0;0;1;0;0;0;0;0;0;0;0;0;0
25014;Amagney;27;25;0;0;0;0;0;0;0;0;0;0;0;0;0;0;0;0;0;0;0;0;3;0;0;0;0;0;0;1;0;0;2;0;0;1;0;0;0
25015;Amancey;27;25;0;1;0;0;0;0;0;0;0;1;0;0;0;0;0;1;0;1;0;0;2;0;0;0;3;0;2;1;3;0;1;0;0;2;1;0;1
25016;Amathay-Vésigneux;27;25;0;0;0;0;0;0;0;0;0;0;0;0;0;0;0;0;0;0;0;0;0;0;0;0;0;0;0;0;0;0;1;0;0;0;0;0;0
25017;Amondans;27;25;0;0;0;0;0;0;0;0;0;0;0;0;0;0;0;0;0;0;0;0;0;0;0;0;0;0;0;0;0;0;0;0;0;1;0;0;0
25018;Anteuil;27;25;0;0;0;0;0;0;0;0;0;0;0;0;0;0;0;0;0;0;0;0;1;0;0;0;1;0;0;1;2;0;3;0;0;1;0;0;0
25019;Appenans;27;25;0;0;0;0;0;0;0;0;0;0;0;0;0;0;0;0;0;0;0;0;0;0;0;0;0;1;0;1;0;0;0;0;0;2;0;0;1
25020;Arbouans;27;25;0;0;0;0;0;0;0;0;0;0;0;0;0;0;0;0;0;0;0;0;2;1;0;0;1;0;2;4;1;0;1;0;0;4;0;0;0
25021;Arc-et-Senans;27;25;0;0;0;0;0;0;0;0;0;0;0;0;0;0;0;1;0;1;0;0;3;1;0;1;3;3;4;2;3;0;4;0;0;5;2;0;1
25022;Arcey;27;25;0;0;0;0;0;0;0;0;0;0;0;0;0;0;0;0;0;1;0;0;8;0;0;0;0;3;3;4;1;0;2;0;0;3;0;0;1
25024;Arçon;27;25;0;0;0;0;0;0;0;0;0;0;0;0;0;0;0;0;0;0;0;0;1;0;0;0;2;0;2;1;1;0;2;0;0;2;0;0;0
25025;Arc-sous-Cicon;27;25;0;0;0;0;0;0;0;0;0;0;0;0;0;0;0;0;0;1;0;0;1;0;0;0;1;0;1;0;0;0;0;0;0;1;0;1;1
25026;Arc-sous-Montenot;27;25;0;0;0;0;0;0;0;0;0;0;0;0;0;0;0;0;0;0;0;0;0;0;0;0;1;1;0;0;0;0;0;0;0;0;0;0;0
25027;Arguel;27;25;0;0;0;0;0;0;0;0;0;0;0;0;0;0;0;0;0;0;0;0;0;0;0;0;0;0;0;1;0;1;0;0;0;0;0;0;0
25029;Aubonne;27;25;0;0;0;0;0;0;0;0;0;0;0;0;0;0;0;0;0;0;0;0;0;0;0;0;0;0;1;0;2;0;0;0;0;0;0;0;0
25030;Audeux;27;25;0;0;0;0;0;0;0;0;0;0;0;0;0;0;0;0;0;0;0;0;0;0;0;0;0;0;0;1;1;0;0;0;0;0;1;0;0
25031;Audincourt;27;25;0;0;0;0;0;0;0;0;0;1;0;1;0;0;0;7;1;2;0;0;33;4;0;7;18;20;13;19;13;2;29;1;12;53;8;4;9
25032;Autechaux;27;25;0;0;0;0;0;0;0;0;0;0;0;0;0;0;0;0;0;0;0;0;2;0;0;0;1;0;3;1;1;0;0;0;0;1;1;0;0
25033;Autechaux-Roide;27;25;0;0;0;0;0;0;0;0;0;0;0;0;0;0;0;0;0;0;0;0;1;0;0;0;1;1;1;2;0;0;0;0;0;1;0;0;0
25035;Les Auxons;27;25;0;0;0;0;0;0;0;0;0;0;0;0;0;0;0;0;0;0;0;0;1;0;1;2;1;2;3;3;3;0;2;0;0;4;1;0;1
25036;Avanne-Aveney;27;25;0;0;0;0;0;0;0;0;0;0;0;0;0;0;0;0;3;1;0;0;6;0;0;0;5;3;3;3;3;0;6;0;0;7;1;0;1
25038;Avilley;27;25;0;0;0;0;0;0;0;0;0;0;0;0;0;0;0;0;0;0;0;0;0;0;0;0;0;0;1;1;0;0;1;0;0;1;0;0;0
25039;Avoudrey;27;25;0;0;0;0;0;0;0;0;0;0;0;0;0;0;0;0;0;1;0;0;4;0;0;0;2;2;1;0;0;0;1;0;0;1;0;0;0
25040;Badevel;27;25;0;0;0;0;0;0;0;0;0;0;0;0;0;0;0;0;0;0;0;0;0;0;0;0;0;0;1;2;0;0;2;0;0;0;0;0;0
25041;Bannans;27;25;0;0;0;0;0;0;0;0;0;0;0;0;0;0;0;0;0;0;0;0;0;0;0;0;0;1;0;1;0;0;0;0;0;0;0;0;0
25042;Le Barboux;27;25;0;0;0;0;0;0;0;0;0;0;0;0;0;0;0;0;0;0;0;0;1;0;0;0;0;0;1;2;0;0;0;0;0;0;0;0;1
25043;Bart;27;25;0;0;0;0;0;0;0;0;0;0;0;0;0;0;0;0;0;0;0;1;3;0;0;0;1;4;4;1;1;0;4;0;0;2;0;1;2
25044;Bartherans;27;25;0;0;0;0;0;0;0;0;0;0;0;0;0;0;0;0;0;0;0;0;0;0;0;0;0;0;0;1;0;0;0;0;0;1;0;0;0
25045;Battenans-les-Mines;27;25;0;0;0;0;0;0;0;0;0;0;0;0;0;0;0;0;0;0;0;0;0;0;0;0;0;0;0;0;0;0;0;0;0;0;0;0;0
25046;Battenans-Varin;27;25;0;0;0;0;0;0;0;0;0;0;0;0;0;0;0;0;0;0;0;0;0;0;0;0;0;0;0;0;0;0;0;0;0;1;0;0;0
25047;Baume-les-Dames;27;25;0;1;0;0;0;0;0;0;0;1;0;0;0;0;0;5;3;1;0;0;13;1;0;2;6;5;11;4;4;1;12;3;2;17;3;3;5
25048;Bavans;27;25;0;1;0;0;0;0;0;0;0;0;0;0;0;0;0;1;0;1;0;0;2;0;0;2;1;8;1;7;5;0;3;1;0;4;2;0;4
25049;Belfays;27;25;0;0;0;0;0;0;0;0;0;0;0;0;0;0;0;0;0;0;0;0;0;0;0;0;0;0;0;0;0;0;0;0;0;0;0;0;0
25050;Le Bélieu;27;25;0;0;0;0;0;0;0;0;0;0;0;0;0;0;0;0;0;0;0;0;3;0;2;0;2;0;3;2;1;0;0;0;0;0;0;0;0
25051;Belleherbe;27;25;0;1;0;0;0;0;0;0;0;0;0;0;0;0;0;0;0;0;0;1;1;0;0;0;6;3;3;2;1;0;1;0;0;1;0;0;0
25052;Belmont;27;25;0;0;0;0;0;0;0;0;0;0;0;0;0;0;0;0;0;0;0;0;0;0;0;0;0;0;0;0;0;0;0;0;0;0;0;0;0
25053;Belvoir;27;25;0;0;0;0;0;0;0;0;0;0;0;0;0;0;0;0;0;0;0;0;0;0;0;0;0;0;0;0;0;0;0;0;0;0;0;0;0
25054;Berche;27;25;0;0;0;0;0;0;0;0;0;0;0;0;0;0;0;0;0;0;0;0;1;0;0;0;0;0;0;0;0;0;0;0;0;0;0;1;0
25055;Berthelange;27;25;0;0;0;0;0;0;0;0;0;0;0;0;0;0;0;0;0;0;0;0;0;0;0;0;0;1;1;1;0;0;1;0;0;0;0;0;0
25056;Besançon;27;25;1;1;1;1;1;1;1;1;0;23;0;3;0;0;0;91;6;9;0;1;89;10;12;39;88;130;66;86;64;36;170;6;39;400;137;19;75
25057;Bethoncourt;27;25;0;1;0;0;0;0;0;0;0;0;0;0;0;0;0;2;1;1;1;0;8;1;2;0;3;7;3;7;5;1;3;0;0;4;0;0;1
25058;Beure;27;25;0;0;0;0;0;0;0;0;0;0;0;0;0;0;0;0;0;1;0;0;3;0;0;1;1;2;4;4;3;0;2;0;0;3;0;0;1
25059;Beutal;27;25;0;0;0;0;0;0;0;0;0;0;0;0;0;0;0;0;0;0;0;0;0;0;0;0;0;0;1;0;2;0;0;0;0;0;0;0;0
25060;Bians-les-Usiers;27;25;0;0;0;0;0;0;0;0;0;0;0;0;0;0;0;0;0;0;0;0;3;0;0;0;0;0;0;0;0;1;1;0;0;0;1;0;0
25061;Bief;27;25;0;0;0;0;0;0;0;0;0;0;0;0;0;0;0;0;0;0;0;0;0;0;0;0;1;0;0;0;0;0;0;0;0;1;0;0;0
25062;Le Bizot;27;25;0;0;0;0;0;0;0;0;0;0;0;0;0;0;0;0;0;0;0;0;1;0;0;0;0;0;1;0;0;1;0;1;0;0;1;0;0
25063;Blamont;27;25;0;1;0;0;0;0;0;0;0;0;0;0;0;0;0;0;0;0;0;1;2;0;0;0;0;2;0;1;0;0;1;0;0;4;0;0;0
25065;Blarians;27;25;0;0;0;0;0;0;0;0;0;0;0;0;0;0;0;0;0;0;0;0;0;0;0;0;0;0;0;0;0;0;0;0;0;0;0;0;0
25066;Blussangeaux;27;25;0;0;0;0;0;0;0;0;0;0;0;0;0;0;0;0;0;0;0;0;0;0;0;0;0;0;0;0;1;0;0;0;0;0;0;0;0
25067;Blussans;27;25;0;0;0;0;0;0;0;0;0;0;0;0;0;0;0;0;0;0;0;0;0;0;0;0;0;0;0;0;0;1;0;0;0;0;1;0;0
25070;Bolandoz;27;25;0;0;0;0;0;0;0;0;0;0;0;0;0;0;0;0;0;0;0;0;0;0;0;0;0;0;1;0;0;0;0;0;0;0;0;0;0
25071;Bondeval;27;25;0;0;0;0;0;0;0;0;0;0;0;0;0;0;0;0;0;0;0;0;0;0;0;0;1;0;0;0;1;0;0;0;0;1;0;1;0
25072;Bonnal;27;25;0;0;0;0;0;0;0;0;0;0;0;0;0;0;0;0;0;0;0;0;0;0;0;0;0;0;0;0;0;0;0;0;0;0;0;0;0
25073;Bonnay;27;25;0;0;0;0;0;0;0;0;0;0;0;0;0;0;0;0;0;0;0;0;0;0;0;0;0;0;1;2;0;0;0;0;0;0;0;0;0
25074;Bonnétage;27;25;0;0;0;0;0;0;0;0;0;0;0;0;0;0;0;0;0;0;1;0;2;0;0;0;0;0;2;1;1;0;0;0;0;0;1;0;2
25075;Bonnevaux;27;25;0;0;0;0;0;0;0;0;0;0;0;0;0;0;0;0;0;0;0;0;0;0;0;0;0;0;0;0;0;0;0;0;0;3;0;0;0
25077;La Bosse;27;25;0;0;0;0;0;0;0;0;0;0;0;0;0;0;0;0;0;0;0;0;0;0;0;0;0;0;0;0;0;0;0;0;0;0;0;0;0
25078;Bouclans;27;25;0;1;0;0;0;0;0;0;0;0;0;0;0;0;0;1;1;1;0;0;1;0;0;0;1;0;2;2;1;0;2;0;0;1;0;0;0
25079;Boujailles;27;25;0;0;0;0;0;0;0;0;0;0;0;0;0;0;0;0;0;0;0;1;0;0;0;0;0;1;3;1;1;0;0;0;0;0;0;0;0
25082;Bourguignon;27;25;0;0;0;0;0;0;0;0;0;0;0;0;0;0;0;0;0;0;0;1;2;0;0;0;1;2;1;2;0;0;2;0;0;1;0;0;0
25083;Bournois;27;25;0;0;0;0;0;0;0;0;0;0;0;0;0;0;0;0;0;0;0;0;0;0;0;0;0;0;2;0;0;0;0;0;0;0;0;0;0
25084;Boussières;27;25;0;0;0;0;0;0;0;0;0;0;0;0;0;0;0;0;0;1;0;0;1;1;0;0;1;0;1;2;0;0;1;0;0;2;0;0;0
25085;Bouverans;27;25;0;0;0;0;0;0;0;0;0;0;0;0;0;0;0;0;0;0;0;0;0;0;0;0;1;0;1;0;1;0;1;0;0;0;0;0;1
25086;Braillans;27;25;0;0;0;0;0;0;0;0;0;0;0;0;0;0;0;0;0;0;0;0;0;0;0;0;0;2;0;1;0;0;0;0;0;1;0;0;0
25087;Branne;27;25;0;0;0;0;0;0;0;0;0;0;0;0;0;0;0;0;0;0;0;0;0;0;0;0;0;0;1;0;0;0;0;0;0;0;0;0;0
25088;Breconchaux;27;25;0;0;0;0;0;0;0;0;0;0;0;0;0;0;0;0;0;0;0;0;0;0;0;0;0;1;0;0;0;0;1;0;0;0;0;0;0
25089;Bremondans;27;25;0;0;0;0;0;0;0;0;0;0;0;0;0;0;0;0;0;0;0;0;0;0;0;0;0;0;1;0;0;0;0;0;0;0;0;0;0
25090;Brères;27;25;0;0;0;0;0;0;0;0;0;0;0;0;0;0;0;0;0;0;0;0;0;0;1;0;0;0;0;0;0;0;0;0;0;0;0;0;0
25091;Les Bréseux;27;25;0;0;0;0;0;0;0;0;0;0;0;0;0;0;0;0;0;0;0;0;0;0;0;0;0;1;0;1;0;0;0;0;0;0;0;0;0
25092;La Bretenière;27;25;0;0;0;0;0;0;0;0;0;0;0;0;0;0;0;0;0;0;0;0;0;0;0;0;0;0;0;0;0;0;0;0;0;0;0;0;0
25093;Bretigney;27;25;0;0;0;0;0;0;0;0;0;0;0;0;0;0;0;0;0;0;0;0;0;0;0;0;0;0;0;2;0;0;0;0;0;0;0;0;0
25094;Bretigney-Notre-Dame;27;25;0;0;0;0;0;0;0;0;0;0;0;0;0;0;0;0;0;0;0;0;0;0;0;0;0;0;0;0;0;0;1;0;0;0;0;0;0
25095;Bretonvillers;27;25;0;0;0;0;0;0;0;0;0;0;0;0;0;0;0;0;0;0;0;0;0;0;0;0;0;0;1;0;1;0;0;0;0;0;0;0;1
25096;Brey-et-Maison-du-Bois;27;25;0;0;0;0;0;0;0;0;0;0;0;0;0;0;0;0;0;0;0;0;1;0;0;0;0;0;0;0;0;0;0;0;0;0;0;0;0
25097;Brognard;27;25;0;0;0;0;0;0;0;0;0;0;0;0;0;0;0;0;0;0;0;0;1;0;0;0;0;2;1;0;0;2;1;0;0;1;0;0;0
25098;Buffard;27;25;0;0;0;0;0;0;0;0;0;0;0;0;0;0;0;0;0;0;0;0;0;0;0;0;1;0;0;0;2;0;0;0;0;1;0;0;0
25099;Bugny;27;25;0;0;0;0;0;0;0;0;0;0;0;0;0;0;0;0;0;0;0;0;0;0;0;0;0;0;2;0;0;0;0;0;0;2;0;0;1
25100;Bulle;27;25;0;0;0;0;0;0;0;0;0;0;0;0;0;0;0;0;0;0;0;0;2;0;0;0;1;1;1;0;0;0;0;0;0;1;0;0;0
25101;Burgille;27;25;0;0;0;0;0;0;0;0;0;0;0;0;0;0;0;1;0;0;0;0;0;0;0;0;0;0;0;1;0;0;1;0;0;0;1;0;0
25102;Burnevillers;27;25;0;0;0;0;0;0;0;0;0;0;0;0;0;0;0;0;0;0;0;0;0;0;0;0;0;0;0;0;0;0;0;0;0;0;0;0;0
25103;Busy;27;25;0;0;0;0;0;0;0;0;0;0;0;0;0;0;0;0;0;0;0;0;0;0;0;0;0;1;1;0;1;0;0;0;0;0;0;0;0
25104;By;27;25;0;0;0;0;0;0;0;0;0;0;0;0;0;0;0;0;0;0;0;0;0;0;0;0;0;0;0;0;0;0;0;0;0;0;0;0;0
25105;Byans-sur-Doubs;27;25;0;0;0;0;0;0;0;0;0;0;0;0;0;0;0;0;0;0;0;1;0;0;0;0;0;0;1;0;0;0;0;0;0;1;0;0;0
25106;Cademène;27;25;0;0;0;0;0;0;0;0;0;0;0;0;0;0;0;0;0;0;0;0;0;0;0;0;0;0;0;0;0;0;0;0;0;0;0;0;0
25107;Cendrey;27;25;0;0;0;0;0;0;0;0;0;0;0;0;0;0;0;0;0;0;0;1;0;0;0;0;0;0;0;0;0;0;0;0;0;1;0;0;0
25108;Cernay-l'Église;27;25;0;0;0;0;0;0;0;0;0;0;0;0;0;0;0;0;0;0;0;0;0;0;0;0;0;2;0;0;1;0;0;0;0;0;0;0;0
25109;Cessey;27;25;0;0;0;0;0;0;0;0;0;0;0;0;0;0;0;0;0;0;0;0;3;0;0;0;0;1;0;0;0;0;1;0;0;0;1;0;1
25110;Chaffois;27;25;0;0;0;0;0;0;0;0;0;0;0;0;0;0;0;0;1;0;0;0;0;0;0;0;0;2;2;3;2;1;1;0;0;1;0;0;1
25111;Chalèze;27;25;0;0;0;0;0;0;0;0;0;0;0;0;0;0;0;0;0;0;0;0;0;0;0;0;2;0;1;0;0;0;0;0;0;2;1;0;0
25112;Chalezeule;27;25;0;0;0;0;0;0;0;0;0;0;0;0;0;0;0;0;0;0;0;0;8;2;0;2;4;1;5;2;0;1;0;0;0;5;1;1;1
25113;Chamesey;27;25;0;0;0;0;0;0;0;0;0;0;0;0;0;0;0;0;0;0;0;0;1;0;0;0;0;0;0;0;0;0;0;0;0;1;0;0;0
25114;Chamesol;27;25;0;0;0;0;0;0;0;0;0;0;0;0;0;0;0;0;0;0;0;1;1;0;0;0;1;3;1;0;1;0;0;0;0;1;1;0;0
25115;Champagney;27;25;0;0;0;0;0;0;0;0;0;0;0;0;0;0;0;0;0;0;0;0;0;0;0;0;1;1;1;1;0;0;0;0;0;0;0;0;0
25116;Champlive;27;25;0;0;0;0;0;0;0;0;0;0;0;0;0;0;0;0;0;0;0;0;1;0;0;0;0;0;1;0;0;0;0;0;0;0;0;0;0
25117;Champoux;27;25;0;0;0;0;0;0;0;0;0;0;0;0;0;0;0;0;0;0;0;0;0;0;0;0;0;1;0;0;0;0;0;0;0;0;0;0;1
25119;Champvans-les-Moulins;27;25;0;0;0;0;0;0;0;0;0;0;0;0;0;0;0;0;0;0;0;0;0;0;0;0;2;2;0;0;1;0;1;0;0;1;0;0;0
25120;Chantrans;27;25;0;0;0;0;0;0;0;0;0;0;0;0;0;0;0;0;0;0;1;0;0;0;0;0;0;0;2;1;2;0;3;0;0;0;0;0;0
25121;Chapelle-des-Bois;27;25;0;0;0;0;0;0;0;0;0;0;0;0;0;0;0;0;0;0;0;1;0;0;0;0;0;0;0;0;0;1;0;0;0;3;0;0;0
25122;Chapelle-d'Huin;27;25;0;0;0;0;0;0;0;0;0;0;0;0;0;0;0;0;0;0;0;0;0;0;0;0;0;0;1;0;1;1;1;0;0;1;0;0;0
25123;Charbonnières-les-Sapins;27;25;0;0;0;0;0;0;0;0;0;0;0;0;0;0;0;0;2;0;0;0;0;0;0;0;1;0;2;1;0;0;0;0;0;0;0;0;0
25124;Charmauvillers;27;25;0;0;0;0;0;0;0;0;0;0;0;0;0;0;0;0;0;0;0;0;0;0;0;0;0;0;3;0;0;0;0;0;0;0;0;0;0
25125;Charmoille;27;25;0;0;0;0;0;0;0;0;0;0;0;0;0;0;0;0;0;0;0;0;0;0;0;0;0;1;2;1;0;0;0;0;0;0;0;0;0
25126;Charnay;27;25;0;0;0;0;0;0;0;0;0;0;0;0;0;0;0;0;0;0;0;0;1;0;0;0;1;1;0;2;0;0;0;0;0;0;0;0;0
25127;Charquemont;27;25;0;0;0;0;0;0;0;0;0;0;0;0;0;0;0;1;1;1;0;0;5;0;0;0;2;4;6;1;1;0;2;0;0;5;3;0;3
25129;Chassagne-Saint-Denis;27;25;0;0;0;0;0;0;0;0;0;0;0;0;0;0;0;0;0;0;0;0;1;0;0;0;0;0;0;0;0;0;0;0;0;0;0;0;0
25130;Châteauvieux-les-Fossés;27;25;0;0;0;0;0;0;0;0;0;0;0;0;0;0;0;0;0;0;0;0;0;0;0;0;0;0;0;0;0;0;0;0;0;0;0;0;0
25131;Châtelblanc;27;25;0;0;0;0;0;0;0;0;0;0;0;0;0;0;0;0;0;0;0;0;0;0;0;0;0;0;0;1;1;0;0;0;0;0;0;0;0
25132;Châtillon-Guyotte;27;25;0;0;0;0;0;0;0;0;0;0;0;0;0;0;0;0;0;0;0;0;0;0;0;0;1;2;0;1;0;0;0;0;0;0;1;0;0
25133;Châtillon-le-Duc;27;25;0;0;0;0;0;0;0;0;0;0;0;0;0;0;0;1;0;0;0;0;3;1;0;0;3;8;4;5;3;2;2;0;0;6;2;0;1
25134;Châtillon-sur-Lison;27;25;0;0;0;0;0;0;0;0;0;0;0;0;0;0;0;0;0;0;0;0;0;0;0;0;0;0;0;0;0;0;0;0;0;0;0;0;0
25136;Chaucenne;27;25;0;0;0;0;0;0;0;0;0;0;0;0;0;0;0;0;0;0;0;0;0;0;1;0;2;1;1;0;2;0;0;0;0;0;0;0;1
25137;Chaudefontaine;27;25;0;0;0;0;0;0;0;0;0;0;0;0;0;0;0;0;0;0;0;0;1;0;0;0;0;0;0;0;0;0;1;0;0;1;0;0;0
25138;Les Terres-de-Chaux;27;25;0;0;0;0;0;0;0;0;0;0;0;0;0;0;0;0;0;0;0;0;0;0;0;0;0;1;0;1;0;0;0;0;0;0;0;0;0
25139;La Chaux;27;25;0;0;0;0;0;0;0;0;0;0;0;0;0;0;0;0;0;0;0;0;0;0;0;0;0;0;1;0;0;0;0;0;0;1;0;0;0
25140;Chaux-lès-Clerval;27;25;0;0;0;0;0;0;0;0;0;0;0;0;0;0;0;0;0;0;0;0;1;0;0;0;1;0;1;0;0;0;0;0;0;0;0;0;0
25141;Chaux-lès-Passavant;27;25;0;0;0;0;0;0;0;0;0;0;0;0;0;0;0;0;0;0;0;0;0;0;0;0;0;0;1;0;0;0;0;0;0;1;0;0;0
25142;Chaux-Neuve;27;25;0;0;0;0;0;0;0;0;0;0;0;0;0;0;0;0;0;0;1;0;1;0;0;0;0;0;2;1;0;0;0;0;0;2;0;0;0
25143;Chay;27;25;0;0;0;0;0;0;0;0;0;0;0;0;0;0;0;0;0;0;0;0;0;0;0;0;0;0;0;0;1;0;0;0;0;1;0;0;0
25145;Chazot;27;25;0;0;0;0;0;0;0;0;0;0;0;0;0;0;0;0;0;0;0;0;1;0;0;0;1;0;0;0;0;0;0;0;0;0;0;0;0
25147;Chemaudin;27;25;0;0;0;0;0;0;0;0;0;0;0;0;0;0;0;0;0;0;0;0;1;0;0;2;2;1;2;2;1;1;2;0;0;3;2;0;1
25148;La Chenalotte;27;25;0;0;0;0;0;0;0;0;0;0;0;0;0;0;0;0;1;0;0;0;0;0;0;0;0;1;1;0;0;0;0;0;0;0;0;0;0
25149;Chenecey-Buillon;27;25;0;0;0;0;0;0;0;0;0;0;0;0;0;0;0;0;0;0;0;1;1;0;0;0;1;3;0;2;2;1;1;0;0;2;1;0;0
25150;Chevigney-sur-l'Ognon;27;25;0;0;0;0;0;0;0;0;0;0;0;0;0;0;0;0;0;0;0;0;0;0;0;0;1;0;0;0;1;0;0;0;0;0;1;0;0
25151;Chevigney-lès-Vercel;27;25;0;0;0;0;0;0;0;0;0;0;0;0;0;0;0;0;0;0;0;0;0;0;0;0;0;0;0;0;0;0;0;0;0;0;0;0;0
25152;La Chevillotte;27;25;0;0;0;0;0;0;0;0;0;0;0;0;0;0;0;0;0;0;0;0;0;0;0;0;0;0;2;0;0;0;1;0;0;1;0;0;0
25153;Chevroz;27;25;0;0;0;0;0;0;0;0;0;0;0;0;0;0;0;0;0;0;0;0;0;0;0;0;0;0;0;0;0;0;1;0;0;0;0;0;0
25154;Chouzelot;27;25;0;0;0;0;0;0;0;0;0;0;0;0;0;0;0;0;0;0;0;0;1;0;0;0;1;2;1;1;3;0;0;0;0;0;0;0;0
25155;Cléron;27;25;0;0;0;0;0;0;0;0;0;0;0;0;0;0;0;0;0;0;0;0;1;0;0;0;0;1;1;4;0;0;0;0;0;2;0;0;0
25156;Clerval;27;25;0;1;0;0;0;0;0;0;0;0;0;0;0;0;0;1;0;1;0;0;1;0;0;0;2;3;3;2;2;0;3;0;1;3;0;0;0
25157;La Cluse-et-Mijoux;27;25;0;0;0;0;0;0;0;0;0;0;0;0;0;0;0;0;0;0;0;1;4;0;0;0;3;0;6;0;0;0;2;0;0;4;2;0;2
25159;Colombier-Fontaine;27;25;0;0;0;0;0;0;0;0;0;0;0;0;0;0;0;1;0;1;0;0;3;0;0;0;1;0;1;4;1;0;2;0;0;3;0;1;1
25160;Les Combes;27;25;0;0;0;0;0;0;0;0;0;0;0;0;0;0;0;0;2;0;0;0;2;0;0;0;1;1;1;0;1;0;1;0;0;1;0;0;0
25161;Consolation-Maisonnettes;27;25;0;0;0;0;0;0;0;0;0;0;0;0;0;0;0;0;0;0;0;0;0;0;0;0;0;0;1;0;0;0;0;0;0;0;0;0;0
25162;Corcelles-Ferrières;27;25;0;0;0;0;0;0;0;0;0;0;0;0;0;0;0;0;0;0;0;0;1;0;0;0;0;0;1;0;0;0;0;0;0;1;0;0;0
25163;Corcelle-Mieslot;27;25;0;0;0;0;0;0;0;0;0;0;0;0;0;0;0;0;0;0;0;0;0;0;0;0;0;0;0;0;0;0;0;0;0;0;0;0;0
25164;Corcondray;27;25;0;0;0;0;0;0;0;0;0;0;0;0;0;0;0;0;0;0;0;0;1;0;0;0;0;0;0;1;0;0;0;0;0;0;0;0;0
25166;Côtebrune;27;25;0;0;0;0;0;0;0;0;0;0;0;0;0;0;0;0;0;0;0;0;0;0;0;0;0;0;0;0;0;0;0;0;0;0;0;0;0
25170;Courcelles-lès-Montbéliard;27;25;0;0;0;0;0;0;0;0;0;0;0;0;0;0;0;0;0;0;0;0;2;0;0;0;2;0;1;2;1;0;4;0;0;1;0;0;1
25171;Courcelles;27;25;0;0;0;0;0;0;0;0;0;0;0;0;0;0;0;0;0;0;0;0;0;0;0;0;0;0;0;0;0;0;0;0;0;0;0;0;0
25172;Courchapon;27;25;0;0;0;0;0;0;0;0;0;0;0;0;0;0;0;0;0;0;0;0;0;0;0;0;0;0;1;1;0;0;0;0;0;0;0;0;0
25173;Cour-Saint-Maurice;27;25;0;0;0;0;0;0;0;0;0;0;0;0;0;0;0;0;0;0;0;0;0;0;0;0;0;0;0;0;0;0;0;0;0;2;0;0;0
25174;Courtefontaine;27;25;0;0;0;0;0;0;0;0;0;0;0;0;0;0;0;0;0;0;0;0;1;0;0;0;0;0;2;0;0;1;0;0;0;1;0;0;0
25175;Courtetain-et-Salans;27;25;0;0;0;0;0;0;0;0;0;0;0;0;0;0;0;0;0;0;0;0;0;0;0;0;0;0;0;0;0;0;0;0;0;0;0;0;0
25176;Courvières;27;25;0;0;0;0;0;0;0;0;0;0;0;0;0;0;0;0;0;0;0;0;0;0;0;0;0;0;2;0;0;0;0;0;0;0;0;0;0
25177;Crosey-le-Grand;27;25;0;0;0;0;0;0;0;0;0;0;0;0;0;0;0;0;0;0;0;0;0;0;0;0;0;0;0;0;0;0;0;0;0;0;0;0;0
25178;Crosey-le-Petit;27;25;0;0;0;0;0;0;0;0;0;0;0;0;0;0;0;0;0;0;0;0;0;0;0;0;0;0;0;0;0;0;0;0;0;0;0;0;0
25179;Le Crouzet;27;25;0;0;0;0;0;0;0;0;0;0;0;0;0;0;0;0;0;0;0;0;0;0;0;0;0;0;0;0;0;0;0;0;0;1;0;0;0
25180;Crouzet-Migette;27;25;0;0;0;0;0;0;0;0;0;0;0;0;0;0;0;0;0;0;0;0;0;0;0;0;0;0;0;0;0;0;0;0;0;1;0;0;0
25181;Cubrial;27;25;0;0;0;0;0;0;0;0;0;0;0;0;0;0;0;0;0;0;0;0;0;0;0;0;0;0;1;0;0;0;0;0;0;0;0;0;0
25182;Cubry;27;25;0;0;0;0;0;0;0;0;0;0;0;0;0;0;0;0;0;0;0;0;1;0;0;0;0;0;0;0;0;0;0;0;0;1;0;0;0
25183;Cusance;27;25;0;0;0;0;0;0;0;0;0;0;0;0;0;0;0;0;0;0;0;0;0;0;0;0;0;0;0;0;0;0;0;0;0;2;0;0;0
25184;Cuse-et-Adrisans;27;25;0;0;0;0;0;0;0;0;0;0;0;0;0;0;0;0;0;0;0;0;2;1;0;0;0;1;1;0;1;0;0;0;0;0;0;0;0
25185;Cussey-sur-Lison;27;25;0;0;0;0;0;0;0;0;0;0;0;0;0;0;0;0;0;0;0;0;0;0;0;0;0;0;0;0;0;0;0;0;0;0;0;0;0
25186;Cussey-sur-l'Ognon;27;25;0;0;0;0;0;0;0;0;0;0;0;0;0;0;0;1;0;0;1;0;0;0;0;0;0;0;0;0;0;0;2;0;0;1;2;0;0
25187;Dambelin;27;25;0;0;0;0;0;0;0;0;0;0;0;0;0;0;0;0;0;0;0;1;2;0;0;0;1;0;3;0;0;0;1;0;0;1;0;0;0
25188;Dambenois;27;25;0;0;0;0;0;0;0;0;0;0;0;0;0;0;0;0;0;0;0;0;0;0;0;0;2;2;0;0;0;0;0;0;0;1;0;0;1
25189;Dammartin-les-Templiers;27;25;0;0;0;0;0;0;0;0;0;0;0;0;0;0;0;0;0;0;0;0;0;0;0;0;1;1;0;1;0;0;0;0;0;1;0;0;0
25190;Dampierre-les-Bois;27;25;0;0;0;0;0;0;0;0;0;0;0;0;0;0;0;0;0;1;0;0;5;1;0;0;1;3;3;1;2;0;6;0;0;2;0;0;2
25191;Dampierre-sur-le-Doubs;27;25;0;0;0;0;0;0;0;0;0;0;0;0;0;0;0;0;0;0;0;0;2;0;0;0;0;0;2;0;0;0;0;0;0;0;0;0;0
25192;Dampjoux;27;25;0;0;0;0;0;0;0;0;0;0;0;0;0;0;0;0;0;0;0;0;1;0;0;0;1;0;0;0;0;0;0;0;0;2;0;0;0
25193;Damprichard;27;25;0;0;0;0;0;0;0;0;0;0;0;0;0;0;0;0;0;1;0;0;4;0;0;0;3;1;4;1;2;0;3;0;0;5;0;1;2
25194;Dannemarie;27;25;0;0;0;0;0;0;0;0;0;0;0;0;0;0;0;0;0;0;0;0;0;0;0;0;0;0;0;0;0;0;0;0;0;0;0;0;0
25195;Dannemarie-sur-Crète;27;25;0;0;0;0;0;0;0;0;0;0;0;0;0;0;0;0;0;0;0;0;6;0;1;1;2;0;3;5;1;0;1;0;0;2;0;0;1
25196;Dasle;27;25;0;0;0;0;0;0;0;0;0;0;0;0;0;0;0;0;0;1;0;0;1;0;0;0;1;0;0;1;1;1;1;0;0;3;0;0;1
25197;Deluz;27;25;0;0;0;0;0;0;0;0;0;0;0;0;0;0;0;0;0;0;1;0;0;0;0;0;0;0;0;0;0;0;1;0;0;0;0;0;0
25198;Désandans;27;25;0;0;0;0;0;0;0;0;0;0;0;0;0;0;0;0;0;0;0;0;2;0;0;0;1;0;1;1;0;0;0;0;0;2;0;0;0
25199;Déservillers;27;25;0;0;0;0;0;0;0;0;0;0;0;0;0;0;0;0;0;0;0;0;0;0;0;0;0;0;2;0;2;0;1;0;0;0;0;0;0
25200;Devecey;27;25;0;0;0;0;0;0;0;0;0;0;0;0;0;0;0;1;0;1;0;0;3;0;0;1;0;1;3;2;0;0;1;0;0;5;1;1;1
25201;Dommartin;27;25;0;0;0;0;0;0;0;0;0;0;0;0;0;0;0;0;0;0;0;0;0;0;0;0;0;1;1;1;5;0;1;0;0;1;0;0;0
25202;Dompierre-les-Tilleuls;27;25;0;0;0;0;0;0;0;0;0;0;0;0;0;0;0;0;1;0;0;0;1;0;0;0;0;0;1;0;0;0;0;0;0;0;0;0;0
25203;Domprel;27;25;0;0;0;0;0;0;0;0;0;0;0;0;0;0;0;0;0;0;0;0;0;0;0;0;0;1;0;0;1;0;0;0;0;1;0;0;0
25204;Doubs;27;25;0;0;0;0;0;0;0;0;0;0;0;0;0;0;0;3;0;1;0;0;4;0;0;0;3;2;4;3;2;0;4;0;0;4;5;1;4
25207;Dung;27;25;0;0;0;0;0;0;0;0;0;0;0;0;0;0;0;0;0;0;0;0;3;0;0;0;0;0;0;0;1;0;0;0;0;0;0;0;1
25208;Durnes;27;25;0;0;0;0;0;0;0;0;0;0;0;0;0;0;0;0;0;0;0;0;0;0;0;0;1;0;0;0;0;0;0;0;0;0;0;0;0
25209;Échay;27;25;0;0;0;0;0;0;0;0;0;0;0;0;0;0;0;0;0;0;0;0;0;0;0;0;1;0;0;0;0;0;0;0;0;0;0;0;0
25210;Échenans;27;25;0;0;0;0;0;0;0;0;0;0;0;0;0;0;0;0;0;0;0;0;0;0;0;0;0;0;0;1;0;0;0;0;0;1;0;0;0
25211;Échevannes;27;25;0;0;0;0;0;0;0;0;0;0;0;0;0;0;0;0;0;0;0;0;0;0;0;0;0;0;0;0;0;0;0;0;0;0;0;0;0
25212;École-Valentin;27;25;0;1;0;0;0;0;0;0;0;0;0;0;0;0;0;4;1;1;0;0;5;1;0;0;7;4;6;6;5;8;4;2;2;10;5;1;1
25213;Les Écorces;27;25;0;0;0;0;0;0;0;0;0;0;0;0;0;0;0;0;0;0;0;0;0;0;0;0;0;1;2;0;1;0;0;0;0;1;0;0;1
25214;Écot;27;25;0;0;0;0;0;0;0;0;0;0;0;0;0;0;0;0;0;0;0;0;0;0;0;0;2;0;2;3;0;0;0;0;0;0;0;0;0
25215;L'Écouvotte;27;25;0;0;0;0;0;0;0;0;0;0;0;0;0;0;0;0;0;0;0;0;0;0;0;0;0;0;0;1;0;0;0;0;0;0;0;0;0
25216;Écurcey;27;25;0;0;0;0;0;0;0;0;0;0;0;0;0;0;0;0;0;0;0;0;0;0;0;0;0;0;0;0;0;0;0;0;0;0;0;0;0
25217;Émagny;27;25;0;0;0;0;0;0;0;0;0;0;0;0;0;0;0;0;0;0;0;0;3;0;0;0;1;0;0;1;1;0;1;0;0;3;1;0;0
25218;Épenouse;27;25;0;0;0;0;0;0;0;0;0;0;0;0;0;0;0;0;0;0;0;0;0;0;0;0;0;0;1;0;1;0;0;0;0;1;0;0;0
25219;Épenoy;27;25;0;0;0;0;0;0;0;0;0;0;0;0;0;0;0;0;0;0;0;0;0;0;0;0;2;1;2;2;1;0;1;0;0;0;0;0;0
25220;Épeugney;27;25;0;0;0;0;0;0;0;0;0;0;0;0;0;0;0;0;0;0;0;1;2;0;0;0;1;0;2;2;0;0;1;0;0;3;0;0;1
25221;Esnans;27;25;0;0;0;0;0;0;0;0;0;0;0;0;0;0;0;0;0;0;0;0;0;0;0;0;0;0;0;0;0;0;0;0;0;0;0;0;0
25222;Étalans;27;25;0;0;0;0;0;0;0;0;0;0;0;0;0;0;0;0;0;0;1;0;5;1;1;0;0;0;3;3;2;0;2;0;0;2;0;0;0
25223;Éternoz;27;25;0;0;0;0;0;0;0;0;0;0;0;0;0;0;0;0;0;0;0;0;0;0;0;0;0;0;1;0;0;0;0;0;0;0;0;0;0
25224;Étouvans;27;25;0;0;0;0;0;0;0;0;0;0;0;0;0;0;0;0;0;0;0;0;2;0;0;0;0;0;0;0;1;0;0;0;0;0;0;0;0
25225;Étrabonne;27;25;0;0;0;0;0;0;0;0;0;0;0;0;0;0;0;0;0;0;0;0;1;0;0;0;2;1;0;2;0;0;0;0;0;0;0;0;0
25226;Étrappe;27;25;0;0;0;0;0;0;0;0;0;0;0;0;0;0;0;0;0;0;0;0;0;0;0;0;1;1;2;1;0;0;0;0;0;0;0;0;0
25227;Étray;27;25;0;0;0;0;0;0;0;0;0;0;0;0;0;0;0;0;0;0;0;0;0;0;0;0;0;0;0;0;0;1;0;0;0;0;0;0;0
25228;Étupes;27;25;0;1;0;0;0;0;0;0;0;0;0;0;0;0;0;1;0;1;0;0;6;1;0;1;3;9;6;5;6;2;4;0;1;8;2;0;1
25229;Évillers;27;25;0;0;0;0;0;0;0;0;0;0;0;0;0;0;0;0;0;0;0;0;2;0;0;0;1;0;1;0;0;0;1;0;0;0;0;0;0
25230;Exincourt;27;25;0;0;0;0;0;0;0;0;0;0;0;0;0;0;0;0;2;1;0;0;7;0;0;0;4;5;5;3;5;1;7;0;0;11;1;0;2
25231;Eysson;27;25;0;0;0;0;0;0;0;0;0;0;0;0;0;0;0;0;0;0;0;0;1;0;0;0;0;0;0;0;1;0;0;0;0;0;0;0;0
25232;Faimbe;27;25;0;0;0;0;0;0;0;0;0;0;0;0;0;0;0;0;0;0;0;0;1;0;0;0;0;1;1;1;0;0;0;0;0;0;0;0;0
25233;Fallerans;27;25;0;0;0;0;0;0;0;0;0;0;0;0;0;0;0;0;0;0;0;0;0;0;0;0;0;0;1;0;0;0;0;0;0;0;0;0;0
25234;Ferrières-le-Lac;27;25;0;0;0;0;0;0;0;0;0;0;0;0;0;0;0;0;0;0;0;0;0;0;0;0;0;0;1;0;1;0;0;0;0;0;0;0;0
25235;Ferrières-les-Bois;27;25;0;0;0;0;0;0;0;0;0;0;0;0;0;0;0;0;0;0;0;0;0;0;0;0;1;1;0;0;1;0;0;0;0;0;0;0;0
25236;Fertans;27;25;0;0;0;0;0;0;0;0;0;0;0;0;0;0;0;0;0;0;0;0;0;0;0;0;1;1;1;0;0;2;0;1;0;0;0;0;2
25237;Fesches-le-Châtel;27;25;0;0;0;0;0;0;0;0;0;0;0;0;0;0;0;1;0;1;0;0;4;0;0;1;3;1;4;0;2;0;1;0;0;4;1;0;4
25238;Fessevillers;27;25;0;0;0;0;0;0;0;0;0;0;0;0;0;0;0;0;0;0;0;0;0;0;0;0;0;0;0;0;0;0;0;0;0;0;0;0;0
25239;Feule;27;25;0;0;0;0;0;0;0;0;0;0;0;0;0;0;0;0;0;0;0;0;0;0;0;0;0;0;1;0;0;0;1;0;0;0;0;0;0
25240;Les Fins;27;25;0;0;0;0;0;0;0;0;0;0;0;0;0;0;0;0;0;0;1;0;5;1;0;0;2;1;7;3;0;1;4;2;0;6;0;0;3
25241;Flagey;27;25;0;0;0;0;0;0;0;0;0;0;0;0;0;0;0;0;0;0;0;0;0;0;0;0;0;0;0;0;0;0;0;0;0;0;0;0;0
25242;Flagey-Rigney;27;25;0;0;0;0;0;0;0;0;0;0;0;0;0;0;0;0;0;0;0;0;0;0;0;0;0;0;0;0;0;0;0;0;0;0;0;0;0
25243;Flangebouche;27;25;0;0;0;0;0;0;0;0;0;0;0;0;0;0;0;0;0;0;0;0;2;0;0;0;0;1;0;0;0;0;0;0;0;0;0;0;1
25244;Fleurey;27;25;0;0;0;0;0;0;0;0;0;0;0;0;0;0;0;0;0;0;0;0;0;0;0;0;0;0;0;0;0;1;0;0;0;0;0;0;0
25245;Fontain;27;25;0;0;0;0;0;0;0;0;0;0;0;0;0;0;0;0;0;0;0;0;2;0;0;0;1;1;3;0;2;0;0;0;0;2;0;0;0
25246;Fontaine-lès-Clerval;27;25;0;0;0;0;0;0;0;0;0;0;0;0;0;0;0;0;0;0;0;0;1;0;0;0;0;0;1;0;1;0;0;0;0;0;0;0;0
25247;Fontenelle-Montby;27;25;0;0;0;0;0;0;0;0;0;0;0;0;0;0;0;0;0;0;0;0;0;0;0;0;0;0;0;0;0;0;0;0;0;0;0;0;0
25248;Les Fontenelles;27;25;0;0;0;0;0;0;0;0;0;0;0;0;0;0;0;0;0;0;0;0;2;0;0;0;1;1;2;1;1;0;0;0;0;1;2;0;0
25249;Fontenotte;27;25;0;0;0;0;0;0;0;0;0;0;0;0;0;0;0;0;0;0;0;0;0;0;0;0;0;0;1;0;0;0;0;0;0;0;0;0;0
25250;Foucherans;27;25;0;0;0;0;0;0;0;0;0;0;0;0;0;0;0;0;0;0;0;0;1;0;0;0;1;0;0;0;1;0;1;0;0;2;0;0;0
25251;Fourbanne;27;25;0;0;0;0;0;0;0;0;0;0;0;0;0;0;0;0;0;0;0;0;0;0;0;0;0;0;0;0;0;0;0;0;0;2;0;0;0
25252;Fourcatier-et-Maison-Neuve;27;25;0;0;0;0;0;0;0;0;0;0;0;0;0;0;0;0;0;0;0;0;0;0;0;0;0;0;0;0;0;0;0;0;0;0;0;0;0
25253;Fourg;27;25;0;0;0;0;0;0;0;0;0;0;0;0;0;0;0;0;0;0;0;0;0;0;0;0;1;0;0;0;0;0;1;0;0;0;0;0;0
25254;Les Fourgs;27;25;0;0;0;0;0;0;0;0;0;0;0;0;0;0;0;0;0;1;0;0;4;0;0;0;2;0;5;1;2;0;1;0;0;4;0;0;0
25255;Fournet-Blancheroche;27;25;0;0;0;0;0;0;0;0;0;0;0;0;0;0;0;0;0;0;0;0;0;0;0;0;0;0;0;0;1;0;0;0;0;0;0;0;0
25256;Frambouhans;27;25;0;0;0;0;0;0;0;0;0;0;0;0;0;0;0;0;0;0;1;0;4;0;0;0;1;1;1;1;0;1;1;0;0;2;0;0;0
25257;Franey;27;25;0;0;0;0;0;0;0;0;0;0;0;0;0;0;0;0;0;0;0;0;0;0;0;0;1;1;0;1;0;0;0;0;0;1;0;0;0
25258;Franois;27;25;0;0;0;0;0;0;0;0;0;0;0;0;0;0;0;0;0;1;0;0;3;0;1;0;5;1;5;1;2;1;4;0;0;1;1;0;0
25259;Frasne;27;25;0;1;0;0;0;0;0;0;0;0;0;0;0;0;0;1;1;1;0;0;5;0;0;2;2;4;5;3;2;0;3;3;1;3;2;0;2
25261;Froidevaux;27;25;0;0;0;0;0;0;0;0;0;0;0;0;0;0;0;0;0;0;0;0;0;0;0;0;0;0;0;0;0;0;0;0;0;0;0;0;0
25262;Fuans;27;25;0;0;0;0;0;0;0;0;0;0;0;0;0;0;0;0;0;0;0;0;1;0;0;0;2;0;2;1;1;1;0;0;0;1;0;0;0
25263;Gellin;27;25;0;0;0;0;0;0;0;0;0;0;0;0;0;0;0;0;0;0;0;0;0;0;0;0;0;0;3;0;0;0;0;0;0;0;0;0;0
25264;Gémonval;27;25;0;0;0;0;0;0;0;0;0;0;0;0;0;0;0;0;0;0;0;0;1;0;0;0;0;0;0;0;0;0;0;0;0;0;0;0;0
25265;Geneuille;27;25;0;0;0;0;0;0;0;0;0;0;0;0;0;0;0;0;0;0;0;1;1;0;0;0;4;0;1;3;2;0;2;0;0;1;1;0;0
25266;Geney;27;25;0;0;0;0;0;0;0;0;0;0;0;0;0;0;0;0;0;0;0;0;0;0;0;0;1;0;0;1;0;0;0;1;0;0;0;0;0
25267;Gennes;27;25;0;0;0;0;0;0;0;0;0;0;0;0;0;0;0;0;0;0;0;0;2;0;0;0;6;2;0;1;1;0;0;0;0;0;0;0;0
25268;Germéfontaine;27;25;0;0;0;0;0;0;0;0;0;0;0;0;0;0;0;0;0;0;0;0;0;0;0;0;0;0;0;0;0;0;1;0;0;0;0;0;0
25269;Germondans;27;25;0;0;0;0;0;0;0;0;0;0;0;0;0;0;0;0;0;0;0;0;0;0;0;0;0;0;0;0;0;0;0;0;0;0;0;0;0
25270;Gevresin;27;25;0;0;0;0;0;0;0;0;0;0;0;0;0;0;0;0;0;0;0;0;1;0;0;0;0;0;1;0;0;0;0;0;0;0;0;0;0
25271;Gilley;27;25;0;0;0;0;0;0;0;0;0;0;0;0;0;0;0;1;1;1;0;0;2;0;0;0;2;2;6;2;3;0;2;0;0;2;2;0;0
25273;Glamondans;27;25;0;0;0;0;0;0;0;0;0;0;0;0;0;0;0;0;0;0;0;0;0;0;0;0;0;0;0;0;0;0;0;0;0;0;0;0;0
25274;Glay;27;25;0;0;0;0;0;0;0;0;0;0;0;0;0;0;0;0;0;0;0;0;0;0;0;0;0;1;0;0;0;0;0;0;0;2;0;0;0
25275;Glère;27;25;0;0;0;0;0;0;0;0;0;0;0;0;0;0;0;0;0;0;1;0;0;0;0;0;1;0;0;0;0;1;0;0;0;1;0;0;0
25276;Gondenans-Montby;27;25;0;0;0;0;0;0;0;0;0;0;0;0;0;0;0;0;0;0;0;0;0;0;0;0;0;0;0;0;0;0;0;1;0;0;0;0;0
25277;Gondenans-les-Moulins;27;25;0;0;0;0;0;0;0;0;0;0;0;0;0;0;0;0;0;0;0;0;0;0;0;0;0;0;0;1;0;0;0;0;0;0;0;0;0
25278;Gonsans;27;25;0;0;0;0;0;0;0;0;0;0;0;0;0;0;0;0;0;0;0;0;2;0;0;0;0;1;1;0;0;1;1;0;0;1;1;0;0
25279;Gouhelans;27;25;0;0;0;0;0;0;0;0;0;0;0;0;0;0;0;0;0;0;0;0;0;0;0;0;0;0;0;0;1;0;0;0;0;0;0;0;0
25280;Goumois;27;25;0;0;0;0;0;0;0;0;0;0;0;0;0;0;0;0;0;0;1;0;0;0;0;0;0;0;0;0;0;0;0;0;0;1;0;0;0
25281;Goux-lès-Dambelin;27;25;0;0;0;0;0;0;0;0;0;0;0;0;0;0;0;0;0;0;0;0;0;0;0;0;0;0;0;0;0;0;0;0;0;0;0;0;0
25282;Goux-les-Usiers;27;25;0;0;0;0;0;0;0;0;0;0;0;0;0;0;0;0;0;0;0;1;0;0;0;0;2;2;3;1;2;0;0;0;0;2;0;0;2
25283;Goux-sous-Landet;27;25;0;0;0;0;0;0;0;0;0;0;0;0;0;0;0;0;0;0;0;0;0;0;0;0;0;1;1;0;0;0;0;0;0;0;0;0;0
25284;Grand-Charmont;27;25;0;0;0;0;0;0;0;0;0;0;0;0;0;0;0;3;0;1;1;0;4;0;0;0;3;7;2;6;2;0;3;0;0;4;0;0;0
25285;Grand'Combe-Châteleu;27;25;0;0;0;0;0;0;0;0;0;0;0;0;0;0;0;0;0;0;1;0;3;0;0;0;2;2;2;5;0;0;1;0;0;4;0;0;2
25286;Grand'Combe-des-Bois;27;25;0;0;0;0;0;0;0;0;0;0;0;0;0;0;0;0;0;0;0;0;0;0;0;0;0;0;1;0;0;0;0;0;0;0;0;0;0
25287;Grandfontaine;27;25;0;0;0;0;0;0;0;0;0;0;0;0;0;0;0;0;0;0;0;0;2;0;0;0;0;2;4;2;1;2;1;0;0;1;0;0;1
25288;Fournets-Luisans;27;25;0;0;0;0;0;0;0;0;0;0;0;0;0;0;0;0;1;0;0;0;1;0;0;0;0;0;1;1;0;1;1;0;0;0;0;0;0
25289;Grandfontaine-sur-Creuse;27;25;0;0;0;0;0;0;0;0;0;0;0;0;0;0;0;0;0;0;0;0;0;0;0;0;0;1;0;0;0;0;0;0;0;0;0;0;1
25290;La Grange;27;25;0;0;0;0;0;0;0;0;0;0;0;0;0;0;0;0;0;0;0;0;1;0;0;0;0;0;0;0;0;0;0;0;0;0;0;0;0
25293;Granges-Narboz;27;25;0;0;0;0;0;0;0;0;0;0;0;0;0;0;0;0;1;0;0;0;2;0;0;1;1;2;4;2;0;1;0;0;0;0;2;0;0
25295;Les Grangettes;27;25;0;0;0;0;0;0;0;0;0;0;0;0;0;0;0;0;0;0;0;0;0;0;0;0;1;0;0;0;0;0;0;0;0;1;0;0;1
25296;Les Gras;27;25;0;0;0;0;0;0;0;0;0;0;0;0;0;0;0;0;0;0;0;1;0;0;0;0;0;0;1;0;0;0;0;0;0;0;0;0;1
25297;Le Gratteris;27;25;0;0;0;0;0;0;0;0;0;0;0;0;0;0;0;0;0;0;0;0;0;0;0;0;0;0;1;0;0;0;0;0;0;0;0;0;0
25298;Grosbois;27;25;0;0;0;0;0;0;0;0;0;0;0;0;0;0;0;0;0;0;0;0;0;0;0;0;0;0;0;0;0;0;0;0;0;1;0;0;0
25299;Guillon-les-Bains;27;25;0;0;0;0;0;0;0;0;0;0;0;0;0;0;0;0;0;0;0;0;0;0;0;0;1;1;1;1;0;0;0;0;0;0;0;0;0
25300;Guyans-Durnes;27;25;0;0;0;0;0;0;0;0;0;0;0;0;0;0;0;0;0;0;0;0;0;0;0;0;0;1;2;0;0;0;0;0;0;0;0;0;0
25301;Guyans-Vennes;27;25;0;0;0;0;0;0;0;0;0;0;0;0;0;0;0;0;0;0;0;0;1;0;0;0;0;1;2;1;2;0;2;0;0;1;0;0;0
25303;Hauterive-la-Fresse;27;25;0;0;0;0;0;0;0;0;0;0;0;0;0;0;0;0;0;0;0;0;0;0;0;0;0;0;0;0;0;0;0;0;0;0;1;0;0
25304;Hérimoncourt;27;25;0;1;0;0;0;0;0;0;0;1;0;0;0;0;0;2;0;1;0;0;3;0;0;1;4;1;5;2;2;1;3;1;0;4;0;0;1
25305;L'Hôpital-du-Grosbois;27;25;0;0;0;0;0;0;0;0;0;0;0;0;0;0;0;0;0;0;0;0;3;0;0;0;0;2;6;2;1;0;1;0;0;0;0;0;0
25306;L'Hôpital-Saint-Lieffroy;27;25;0;0;0;0;0;0;0;0;0;0;0;0;0;0;0;0;0;0;0;0;0;0;0;0;0;0;1;0;0;0;0;0;0;0;0;0;0
25307;Les Hôpitaux-Neufs;27;25;0;1;0;0;0;0;0;0;0;0;0;0;0;0;0;3;0;1;0;0;2;0;0;0;0;1;2;0;1;1;2;0;0;4;4;0;1
25308;Les Hôpitaux-Vieux;27;25;0;0;0;0;0;0;0;0;0;0;0;0;0;0;0;0;0;0;0;0;0;0;0;0;0;0;0;2;0;0;0;0;0;0;1;0;0
25309;Houtaud;27;25;0;0;0;0;0;0;0;0;0;0;0;0;0;0;0;0;0;0;1;0;5;1;0;0;1;1;4;1;3;0;2;4;0;4;0;0;2
25310;Huanne-Montmartin;27;25;0;0;0;0;0;0;0;0;0;0;0;0;0;0;0;0;0;0;0;0;0;0;0;0;0;0;0;0;1;0;0;0;0;0;0;0;0
25311;Hyémondans;27;25;0;0;0;0;0;0;0;0;0;0;0;0;0;0;0;0;0;0;0;0;1;0;0;0;1;0;0;0;0;0;0;0;0;1;0;0;0
25312;Hyèvre-Magny;27;25;0;0;0;0;0;0;0;0;0;0;0;0;0;0;0;0;0;0;0;0;0;0;0;0;0;0;1;0;0;0;0;0;0;0;0;0;0
25313;Hyèvre-Paroisse;27;25;0;0;0;0;0;0;0;0;0;0;0;0;0;0;0;0;0;0;0;0;0;0;0;0;0;0;0;0;0;0;0;0;0;1;0;0;0
25314;Indevillers;27;25;0;0;0;0;0;0;0;0;0;0;0;0;0;0;0;0;0;0;0;1;1;0;0;0;0;0;0;0;0;0;0;0;0;1;0;0;0
25315;L'Isle-sur-le-Doubs;27;25;0;1;0;0;0;0;0;0;0;1;0;0;0;0;0;4;1;1;0;0;9;1;0;1;4;1;1;5;2;0;7;2;2;13;5;1;1
25316;Issans;27;25;0;0;0;0;0;0;0;0;0;0;0;0;0;0;0;0;0;0;0;0;0;0;0;0;0;0;0;0;0;1;0;0;0;1;0;0;0
25317;Jallerange;27;25;0;0;0;0;0;0;0;0;0;0;0;0;0;0;0;0;0;0;0;0;0;0;0;0;0;0;0;1;0;0;0;0;0;0;0;0;0
25318;Jougne;27;25;0;0;0;0;0;0;0;0;0;0;0;0;0;0;0;0;0;1;0;0;4;0;0;0;1;2;2;1;1;0;2;0;0;10;0;0;1
25319;Labergement-du-Navois;27;25;0;0;0;0;0;0;0;0;0;0;0;0;0;0;0;0;0;0;0;0;0;0;0;0;0;0;0;0;0;0;0;0;0;0;0;0;0
25320;Labergement-Sainte-Marie;27;25;0;0;0;0;0;0;0;0;0;0;0;0;0;0;0;0;1;1;0;0;3;1;0;1;3;4;1;5;1;2;4;4;0;1;0;0;1
25321;Villers-le-Lac;27;25;0;0;0;0;0;0;0;0;0;0;0;0;0;0;0;5;0;1;0;0;7;0;0;0;0;5;5;4;0;0;6;2;0;12;0;0;3
25322;Laire;27;25;0;0;0;0;0;0;0;0;0;0;0;0;0;0;0;0;0;0;0;0;0;0;0;0;0;0;0;1;0;0;0;0;0;0;0;0;0
25323;Laissey;27;25;0;0;0;0;0;0;0;0;0;0;0;0;0;0;0;0;0;0;1;0;0;0;0;0;0;0;0;1;0;0;0;0;0;2;0;0;0
25324;Lanans;27;25;0;0;0;0;0;0;0;0;0;0;0;0;0;0;0;0;0;0;0;0;0;0;0;0;1;0;1;2;0;1;0;1;0;1;0;0;0
25325;Landresse;27;25;0;0;0;0;0;0;0;0;0;0;0;0;0;0;0;0;0;0;0;1;0;0;0;0;1;1;0;0;0;0;0;0;0;0;0;0;0
25326;Lantenne-Vertière;27;25;0;0;0;0;0;0;0;0;0;0;0;0;0;0;0;0;0;0;0;1;0;0;0;0;2;1;0;2;2;0;1;0;0;0;1;0;0
25327;Lanthenans;27;25;0;0;0;0;0;0;0;0;0;0;0;0;0;0;0;0;0;0;0;0;0;0;0;0;0;0;0;0;0;0;0;0;0;0;0;0;0
25328;Larnod;27;25;0;0;0;0;0;0;0;0;0;0;0;0;0;0;0;0;0;0;0;0;0;0;0;0;2;0;3;2;1;0;0;0;0;1;1;0;0
25329;Laval-le-Prieuré;27;25;0;0;0;0;0;0;0;0;0;0;0;0;0;0;0;0;0;0;0;0;0;0;0;0;0;0;0;0;0;0;0;0;0;0;0;0;0
25330;Lavans-Quingey;27;25;0;0;0;0;0;0;0;0;0;0;0;0;0;0;0;0;0;0;0;0;1;1;0;0;0;0;0;0;0;0;0;0;0;1;0;0;0
25331;Lavans-Vuillafans;27;25;0;0;0;0;0;0;0;0;0;0;0;0;0;0;0;0;0;0;0;0;0;0;0;0;0;1;1;0;0;0;0;0;0;2;0;0;0
25332;Lavernay;27;25;0;0;0;0;0;0;0;0;0;0;0;0;0;0;0;0;0;0;0;0;1;0;0;0;1;2;0;2;0;0;0;0;0;0;0;0;0
25333;Laviron;27;25;0;0;0;0;0;0;0;0;0;0;0;0;0;0;0;0;0;0;0;0;0;0;0;0;0;0;2;0;1;0;0;0;0;1;0;0;0
25334;Levier;27;25;0;1;0;0;0;0;0;0;0;1;0;0;0;0;0;1;1;1;0;0;3;1;0;1;5;3;5;4;2;1;4;1;0;3;0;0;3
25335;Liebvillers;27;25;0;0;0;0;0;0;0;0;0;0;0;0;0;0;0;0;0;0;0;0;0;0;0;0;0;0;0;0;0;0;0;0;0;0;0;0;0
25336;Liesle;27;25;0;0;0;0;0;0;0;0;0;0;0;0;0;0;0;0;0;0;1;0;1;0;0;0;2;0;1;1;1;0;1;0;0;1;0;0;0
25338;Lizine;27;25;0;0;0;0;0;0;0;0;0;0;0;0;0;0;0;0;0;0;0;0;0;0;0;0;0;0;0;0;0;0;0;0;0;1;0;0;0
25339;Lods;27;25;0;0;0;0;0;0;0;0;0;0;0;0;0;0;0;0;0;0;0;1;0;0;0;0;1;0;0;0;0;0;0;0;0;0;0;0;0
25340;Lombard;27;25;0;0;0;0;0;0;0;0;0;0;0;0;0;0;0;0;0;0;0;0;0;0;0;0;0;2;0;1;0;0;0;0;0;1;0;0;0
25341;Lomont-sur-Crête;27;25;0;0;0;0;0;0;0;0;0;0;0;0;0;0;0;0;0;0;0;0;2;0;0;0;0;0;1;0;1;0;0;0;0;0;0;0;0
25342;Longechaux;27;25;0;0;0;0;0;0;0;0;0;0;0;0;0;0;0;0;0;0;0;0;0;0;0;0;0;0;0;0;0;0;0;0;0;0;0;0;0
25343;Longemaison;27;25;0;0;0;0;0;0;0;0;0;0;0;0;0;0;0;0;0;0;0;0;0;0;0;0;0;0;0;0;0;0;0;0;0;0;0;0;0
25344;Longevelle-lès-Russey;27;25;0;0;0;0;0;0;0;0;0;0;0;0;0;0;0;0;0;0;0;0;0;0;0;0;1;0;0;0;0;0;0;0;0;0;0;0;0
25345;Longevelle-sur-Doubs;27;25;0;0;0;0;0;0;0;0;0;0;0;0;0;0;0;0;0;0;0;0;0;0;0;0;1;0;2;2;1;1;0;0;0;1;1;0;1
25346;Longeville;27;25;0;0;0;0;0;0;0;0;0;0;0;0;0;0;0;0;0;0;0;0;0;0;0;0;0;0;0;0;0;0;0;0;0;0;0;0;0
25347;La Longeville;27;25;0;0;0;0;0;0;0;0;0;0;0;0;0;0;0;0;0;0;0;0;2;0;0;0;0;1;0;1;0;0;0;0;0;1;1;0;1
25348;Longevilles-Mont-d'Or;27;25;0;0;0;0;0;0;0;0;0;0;0;0;0;0;0;0;0;0;1;0;4;0;0;0;0;0;0;0;2;0;0;0;0;2;0;0;0
25349;Loray;27;25;0;0;0;0;0;0;0;0;0;0;0;0;0;0;0;0;0;0;0;0;3;0;0;0;0;1;4;0;1;0;0;0;0;1;0;0;1
25350;Lougres;27;25;0;0;0;0;0;0;0;0;0;0;0;0;0;0;0;0;0;0;0;0;2;0;1;0;0;0;0;0;0;0;0;0;0;2;0;1;1
25351;Le Luhier;27;25;0;0;0;0;0;0;0;0;0;0;0;0;0;0;0;0;0;0;0;0;1;0;0;0;0;0;1;0;0;0;0;0;0;0;0;0;0
25354;Luxiol;27;25;0;0;0;0;0;0;0;0;0;0;0;0;0;0;0;0;0;0;0;0;0;0;0;0;0;0;0;1;0;0;0;0;0;0;1;0;0
25355;Magny-Châtelard;27;25;0;0;0;0;0;0;0;0;0;0;0;0;0;0;0;0;0;0;0;0;0;0;0;0;0;0;0;0;0;0;0;0;0;0;0;0;0
25356;Maîche;27;25;0;1;0;0;0;0;0;0;0;1;0;1;0;0;0;6;1;1;0;0;8;1;0;3;4;2;4;6;3;1;8;4;3;17;7;2;6
25357;Maisons-du-Bois-Lièvremont;27;25;0;0;0;0;0;0;0;0;0;0;0;0;0;0;0;0;0;0;0;0;0;0;0;0;1;0;0;0;0;0;1;0;0;0;0;0;0
25359;Malans;27;25;0;0;0;0;0;0;0;0;0;0;0;0;0;0;0;0;0;0;0;0;0;0;0;0;0;1;0;0;0;1;0;0;0;0;0;0;0
25360;Malbrans;27;25;0;0;0;0;0;0;0;0;0;0;0;0;0;0;0;0;0;0;0;0;0;0;0;0;1;0;0;0;0;0;0;0;0;0;0;0;0
25361;Malbuisson;27;25;0;0;0;0;0;0;0;0;0;0;0;0;0;0;0;0;0;1;0;0;1;0;0;0;0;1;3;0;0;0;1;0;0;4;0;0;0
25362;Malpas;27;25;0;0;0;0;0;0;0;0;0;0;0;0;0;0;0;0;0;0;0;0;0;0;0;0;0;0;1;3;0;0;0;0;0;1;0;0;0
25364;Mamirolle;27;25;0;0;0;0;0;0;0;0;0;0;0;0;0;0;0;0;0;1;0;0;5;0;0;1;5;0;4;2;3;1;3;0;0;2;1;0;0
25365;Mancenans;27;25;0;0;0;0;0;0;0;0;0;0;0;0;0;0;0;0;0;0;0;0;0;0;0;0;1;0;0;0;0;0;0;0;0;0;0;0;0
25366;Mancenans-Lizerne;27;25;0;0;0;0;0;0;0;0;0;0;0;0;0;0;0;0;0;0;0;0;0;0;0;0;0;0;0;0;0;0;0;0;0;1;0;0;0
25367;Mandeure;27;25;0;0;0;0;0;0;0;0;0;0;0;0;0;0;0;4;0;1;0;0;8;0;0;1;6;3;2;3;5;0;9;0;0;6;3;1;2
25368;Marchaux;27;25;0;1;0;0;0;0;0;0;0;1;0;0;0;0;0;0;0;0;0;1;2;0;0;0;0;1;1;1;1;1;4;0;0;1;1;0;0
25369;Marvelise;27;25;0;0;0;0;0;0;0;0;0;0;0;0;0;0;0;0;0;0;0;0;0;0;0;0;1;0;0;1;0;0;0;0;0;0;0;0;0
25370;Mathay;27;25;0;0;0;0;0;0;0;0;0;0;0;0;0;0;0;0;0;0;0;1;6;0;0;0;1;3;2;7;1;0;3;1;0;6;0;0;2
25371;Mazerolles-le-Salin;27;25;0;0;0;0;0;0;0;0;0;0;0;0;0;0;0;0;0;0;0;0;1;0;0;0;2;0;0;0;1;0;0;0;0;0;0;0;0
25372;Médière;27;25;0;0;0;0;0;0;0;0;0;0;0;0;0;0;0;0;0;0;0;0;0;0;0;0;1;0;1;1;0;0;0;0;0;2;0;0;0
25373;Le Mémont;27;25;0;0;0;0;0;0;0;0;0;0;0;0;0;0;0;0;0;0;0;0;0;0;0;0;0;0;0;0;0;0;0;0;0;0;0;0;0
25374;Mercey-le-Grand;27;25;0;0;0;0;0;0;0;0;0;0;0;0;0;0;0;0;0;0;0;0;1;0;0;0;0;0;1;2;0;0;2;0;0;1;0;0;0
25375;Mérey-sous-Montrond;27;25;0;0;0;0;0;0;0;0;0;0;0;0;0;0;0;0;0;0;0;0;0;0;0;0;0;0;0;2;0;0;0;0;0;1;0;0;0
25376;Mérey-Vieilley;27;25;0;0;0;0;0;0;0;0;0;0;0;0;0;0;0;0;0;0;0;0;0;0;0;0;0;0;0;0;0;0;1;0;0;0;0;0;0
25377;Mésandans;27;25;0;0;0;0;0;0;0;0;0;0;0;0;0;0;0;0;0;0;0;0;0;0;0;0;0;0;0;0;0;0;0;0;0;2;0;0;1
25378;Meslières;27;25;0;0;0;0;0;0;0;0;0;0;0;0;0;0;0;0;0;0;1;0;0;0;0;0;0;0;0;0;0;0;0;0;0;1;0;0;0
25379;Mesmay;27;25;0;0;0;0;0;0;0;0;0;0;0;0;0;0;0;0;0;0;0;0;0;0;0;0;0;0;1;0;0;0;0;0;0;0;0;0;0
25380;Métabief;27;25;0;0;0;0;0;0;0;0;0;0;0;0;0;0;0;0;0;0;0;1;1;0;0;0;2;0;1;2;3;0;3;0;0;13;8;0;2
25381;Miserey-Salines;27;25;0;0;0;0;0;0;0;0;0;0;0;0;0;0;0;0;0;1;0;0;3;1;0;2;1;2;5;3;3;2;2;0;1;9;9;0;5
25382;Moncey;27;25;0;0;0;0;0;0;0;0;0;0;0;0;0;0;0;0;0;0;0;1;1;0;0;0;1;1;1;0;0;0;0;0;0;1;1;0;0
25383;Moncley;27;25;0;0;0;0;0;0;0;0;0;0;0;0;0;0;0;0;0;0;0;0;0;0;0;0;0;1;1;1;1;0;0;0;0;0;0;0;0
25384;Mondon;27;25;0;0;0;0;0;0;0;0;0;0;0;0;0;0;0;0;0;0;0;0;0;0;0;0;0;0;0;0;0;0;0;0;0;0;0;0;0
25385;Montagney-Servigney;27;25;0;0;0;0;0;0;0;0;0;0;0;0;0;0;0;0;0;0;0;0;0;0;0;0;0;0;1;0;0;0;0;0;0;0;1;0;0
25386;Montancy;27;25;0;0;0;0;0;0;0;0;0;0;0;0;0;0;0;0;0;0;0;0;0;0;0;0;0;0;0;0;0;0;0;0;0;1;0;0;0
25387;Montandon;27;25;0;0;0;0;0;0;0;0;0;0;0;0;0;0;0;0;0;0;0;0;3;0;0;0;0;0;0;0;0;0;0;0;0;0;1;0;1
25388;Montbéliard;27;25;1;0;0;1;1;1;0;0;0;5;0;2;0;0;0;18;5;3;0;0;18;4;7;9;9;19;14;9;15;2;43;4;11;102;23;5;28
25389;Montbéliardot;27;25;0;0;0;0;0;0;0;0;0;0;0;0;0;0;0;0;0;0;0;0;0;0;0;0;1;0;0;0;0;0;0;0;0;0;0;0;0
25390;Montbenoît;27;25;0;0;0;0;0;0;0;0;0;0;0;0;0;0;0;1;1;1;0;0;1;0;0;0;0;0;3;0;0;0;1;0;0;0;1;0;1
25391;Mont-de-Laval;27;25;0;0;0;0;0;0;0;0;0;0;0;0;0;0;0;0;0;0;0;0;0;0;0;0;0;0;0;0;0;0;0;0;0;0;0;0;0
25392;Mont-de-Vougney;27;25;0;0;0;0;0;0;0;0;0;0;0;0;0;0;0;0;0;0;0;0;0;0;0;0;0;0;1;0;0;0;0;0;0;0;0;0;0
25393;Montécheroux;27;25;0;0;0;0;0;0;0;0;0;0;0;0;0;0;0;0;0;0;0;1;1;0;0;0;0;1;1;0;0;0;0;0;0;1;0;0;0
25394;Montenois;27;25;0;0;0;0;0;0;0;0;0;0;0;0;0;0;0;0;0;0;0;1;2;0;0;0;0;0;2;1;0;0;1;0;0;3;0;1;0
25395;Montfaucon;27;25;0;0;0;0;0;0;0;0;0;0;0;0;0;0;0;0;0;0;0;0;0;0;0;0;0;1;1;3;1;1;1;0;0;3;0;0;1
25397;Montferrand-le-Château;27;25;0;0;0;0;0;0;0;0;0;0;0;0;0;0;0;0;1;1;0;0;3;0;0;0;5;5;2;6;1;1;3;0;0;3;0;0;1
25398;Montflovin;27;25;0;0;0;0;0;0;0;0;0;0;0;0;0;0;0;0;0;0;0;0;0;0;0;0;0;0;0;0;0;0;0;0;0;0;0;0;0
25399;Montfort;27;25;0;0;0;0;0;0;0;0;0;0;0;0;0;0;0;0;0;0;0;0;0;0;0;0;0;0;0;0;0;0;0;0;0;1;0;0;0
25400;Montgesoye;27;25;0;0;0;0;0;0;0;0;0;0;0;0;0;0;0;0;0;0;0;0;1;0;0;0;2;0;2;3;0;0;1;0;0;0;0;0;0
25401;Montivernage;27;25;0;0;0;0;0;0;0;0;0;0;0;0;0;0;0;0;0;0;0;0;0;0;0;0;0;0;0;1;0;0;0;0;0;0;0;0;0
25402;Montjoie-le-Château;27;25;0;0;0;0;0;0;0;0;0;0;0;0;0;0;0;0;0;0;0;0;0;0;0;0;0;0;0;0;0;0;0;0;0;0;0;0;0
25403;Montlebon;27;25;0;0;0;0;0;0;0;0;0;0;0;0;0;0;0;0;0;0;0;0;3;0;0;0;2;1;5;1;3;0;3;0;0;4;1;0;0
25404;Montmahoux;27;25;0;0;0;0;0;0;0;0;0;0;0;0;0;0;0;0;0;0;0;0;0;0;0;0;0;1;0;0;1;0;0;0;0;0;0;0;0
25405;Montperreux;27;25;0;0;0;0;0;0;0;0;0;0;0;0;0;0;0;0;0;0;0;0;0;0;0;0;0;0;0;0;0;0;0;0;0;3;1;0;0
25406;Montrond-le-Château;27;25;0;0;0;0;0;0;0;0;0;0;0;0;0;0;0;0;0;0;0;0;0;0;0;0;0;0;1;1;0;0;0;0;0;1;0;0;0
25408;Montussaint;27;25;0;0;0;0;0;0;0;0;0;0;0;0;0;0;0;0;0;0;0;0;0;0;0;0;0;0;0;0;0;0;0;0;0;0;0;0;0
25410;Morre;27;25;0;0;0;0;0;0;0;0;0;0;0;0;0;0;0;0;0;0;0;0;3;0;0;0;3;2;2;1;1;0;1;0;0;1;2;0;2
25411;Morteau;27;25;0;1;0;0;0;0;0;0;0;2;0;1;0;0;0;8;2;1;0;0;11;2;0;5;0;5;5;5;2;2;13;2;3;25;13;2;6
25413;Mouthe;27;25;0;1;0;0;0;0;0;0;0;1;0;0;0;0;0;2;2;1;0;0;3;0;0;0;1;2;1;1;0;0;2;0;0;5;0;0;1
25414;Le Moutherot;27;25;0;0;0;0;0;0;0;0;0;0;0;0;0;0;0;0;0;0;0;0;0;0;0;0;0;0;0;1;0;0;0;0;0;0;0;0;0
25415;Mouthier-Haute-Pierre;27;25;0;0;0;0;0;0;0;0;0;0;0;0;0;0;0;0;0;0;1;0;0;0;0;0;2;0;0;1;0;0;0;0;0;3;0;0;0
25416;Myon;27;25;0;0;0;0;0;0;0;0;0;0;0;0;0;0;0;0;0;0;0;1;0;0;0;0;0;0;1;1;1;0;1;0;0;1;0;0;0
25417;Naisey-les-Granges;27;25;0;0;0;0;0;0;0;0;0;0;0;0;0;0;0;0;0;0;0;1;3;0;0;0;1;2;2;1;1;0;1;0;0;2;1;0;0
25418;Nancray;27;25;0;0;0;0;0;0;0;0;0;0;0;0;0;0;0;0;1;0;1;0;2;0;0;1;0;4;5;0;0;0;1;0;0;1;2;0;0
25419;Nans;27;25;0;0;0;0;0;0;0;0;0;0;0;0;0;0;0;0;0;0;0;0;0;0;0;0;1;0;0;2;0;0;0;0;0;0;0;0;1
25420;Nans-sous-Sainte-Anne;27;25;0;0;0;0;0;0;0;0;0;0;0;0;0;0;0;0;0;0;0;0;0;0;0;0;0;2;0;0;1;0;0;1;0;1;0;0;0
25421;Narbief;27;25;0;0;0;0;0;0;0;0;0;0;0;0;0;0;0;0;0;0;0;0;0;0;0;0;0;0;0;0;0;0;0;0;0;0;0;0;0
25422;Neuchâtel-Urtière;27;25;0;0;0;0;0;0;0;0;0;0;0;0;0;0;0;0;0;0;0;0;0;0;0;0;0;0;2;0;0;0;0;0;0;0;0;0;0
25424;Les Premiers Sapins;27;25;0;0;0;0;0;0;0;0;0;0;0;0;0;0;0;0;0;0;1;0;1;0;0;0;3;4;5;3;2;0;1;0;0;4;0;0;1
25425;Noël-Cerneux;27;25;0;0;0;0;0;0;0;0;0;0;0;0;0;0;0;0;0;0;0;0;1;0;0;0;2;0;1;1;0;0;0;0;0;0;0;0;0
25426;Noirefontaine;27;25;0;0;0;0;0;0;0;0;0;0;0;0;0;0;0;0;0;0;0;0;0;0;0;0;0;1;0;1;0;0;1;0;0;0;0;0;0
25427;Noironte;27;25;0;0;0;0;0;0;0;0;0;0;0;0;0;0;0;0;0;0;0;0;1;0;0;0;0;0;0;0;3;0;0;0;0;1;0;0;0
25428;Nommay;27;25;0;0;0;0;0;0;0;0;0;0;0;0;0;0;0;0;0;0;0;0;2;0;0;0;2;3;1;2;3;1;2;0;0;2;1;1;1
25429;Novillars;27;25;0;0;0;0;0;0;0;0;0;0;0;0;0;0;0;0;0;0;0;0;0;0;0;0;1;0;3;1;1;1;2;0;0;3;0;0;0
25430;Ollans;27;25;0;0;0;0;0;0;0;0;0;0;0;0;0;0;0;0;0;0;0;0;0;0;0;0;0;0;0;0;0;0;0;0;0;0;0;0;0
25431;Onans;27;25;0;0;0;0;0;0;0;0;0;0;0;0;0;0;0;0;0;0;0;0;1;0;0;0;0;0;0;1;0;0;1;0;0;0;0;0;0
25432;Orchamps-Vennes;27;25;0;1;0;0;0;0;0;0;0;0;0;0;0;0;0;3;0;1;0;0;5;0;0;0;1;3;4;2;1;2;4;1;0;4;1;0;1
25433;Orgeans-Blanchefontaine;27;25;0;0;0;0;0;0;0;0;0;0;0;0;0;0;0;0;0;0;0;0;0;0;0;0;0;0;0;0;0;0;0;0;0;0;0;0;0
25434;Ornans;27;25;0;1;0;0;0;0;0;0;0;1;0;0;0;0;0;4;2;1;0;0;6;1;0;1;5;8;9;5;3;0;6;1;2;16;5;0;5
25435;Orsans;27;25;0;0;0;0;0;0;0;0;0;0;0;0;0;0;0;0;0;0;0;0;0;0;0;0;3;0;3;0;0;0;0;0;0;0;0;0;0
25436;Orve;27;25;0;0;0;0;0;0;0;0;0;0;0;0;0;0;0;0;0;0;0;0;0;0;0;0;0;0;0;0;0;0;0;0;0;0;0;0;0
25437;Osse;27;25;0;0;0;0;0;0;0;0;0;0;0;0;0;0;0;0;0;0;0;0;0;0;0;0;0;0;0;0;0;0;0;0;0;0;0;0;0
25438;Osselle-Routelle;27;25;0;0;0;0;0;0;0;0;0;0;0;0;0;0;0;0;0;0;0;0;0;0;0;0;1;0;1;3;1;1;0;0;0;1;0;0;0
25439;Ougney-Douvot;27;25;0;0;0;0;0;0;0;0;0;0;0;0;0;0;0;0;0;0;0;0;0;0;0;0;0;0;1;0;0;0;0;0;0;1;0;0;0
25440;Ouhans;27;25;0;0;0;0;0;0;0;0;0;0;0;0;0;0;0;0;0;0;0;1;2;0;0;0;0;0;2;2;0;0;0;0;0;1;0;0;0
25441;Ouvans;27;25;0;0;0;0;0;0;0;0;0;0;0;0;0;0;0;0;0;0;0;0;0;0;0;0;0;0;1;0;0;0;0;0;0;0;0;0;0
25442;Oye-et-Pallet;27;25;0;0;0;0;0;0;0;0;0;0;0;0;0;0;0;0;0;0;1;0;1;0;0;0;3;1;1;1;0;0;2;0;0;0;0;0;1
25443;Palantine;27;25;0;0;0;0;0;0;0;0;0;0;0;0;0;0;0;0;0;0;0;0;0;0;0;0;0;0;0;0;0;0;0;0;0;0;0;0;0
25444;Palise;27;25;0;0;0;0;0;0;0;0;0;0;0;0;0;0;0;0;0;0;0;0;0;0;0;0;0;1;0;0;0;0;0;0;0;0;0;0;0
25445;Paroy;27;25;0;0;0;0;0;0;0;0;0;0;0;0;0;0;0;0;0;0;0;0;0;0;0;0;0;0;0;0;0;0;0;0;0;0;1;0;0
25446;Passavant;27;25;0;0;0;0;0;0;0;0;0;0;0;0;0;0;0;0;0;0;0;0;1;0;0;0;1;0;1;0;1;0;0;0;0;1;0;0;0
25447;Passonfontaine;27;25;0;0;0;0;0;0;0;0;0;0;0;0;0;0;0;0;0;0;0;0;2;0;0;0;0;0;2;2;0;0;0;0;0;0;0;0;0
25448;Pelousey;27;25;0;0;0;0;0;0;0;0;0;0;0;0;0;0;0;0;0;0;0;0;0;0;0;0;1;2;1;3;6;0;2;0;0;0;0;0;1
25449;Péseux;27;25;0;0;0;0;0;0;0;0;0;0;0;0;0;0;0;0;0;0;0;0;1;0;0;0;0;0;1;0;0;0;0;0;0;0;0;0;0
25450;Pessans;27;25;0;0;0;0;0;0;0;0;0;0;0;0;0;0;0;0;0;0;0;0;1;0;0;0;0;0;0;0;0;0;0;0;0;0;0;0;0
25451;Petite-Chaux;27;25;0;0;0;0;0;0;0;0;0;0;0;0;0;0;0;0;0;0;0;0;0;0;0;0;0;0;0;0;0;0;0;0;0;0;0;0;0
25452;Pierrefontaine-lès-Blamont;27;25;0;0;0;0;0;0;0;0;0;0;0;0;0;0;0;0;0;0;0;0;1;0;0;0;0;0;0;0;1;0;0;0;0;3;1;0;0
25453;Pierrefontaine-les-Varans;27;25;0;1;0;0;0;0;0;0;0;0;0;0;0;0;0;1;0;1;0;0;4;0;0;1;1;0;4;4;2;0;3;0;0;2;0;0;1
25454;Pirey;27;25;0;0;0;0;0;0;0;0;0;0;0;0;0;0;0;0;0;0;1;0;6;0;0;0;4;5;5;0;2;1;2;1;0;2;2;0;1
25455;Placey;27;25;0;0;0;0;0;0;0;0;0;0;0;0;0;0;0;0;0;0;0;0;0;0;0;0;0;0;0;0;0;0;0;0;0;0;1;0;0
25456;Plaimbois-du-Miroir;27;25;0;0;0;0;0;0;0;0;0;0;0;0;0;0;0;0;0;0;0;0;0;0;0;0;0;0;0;0;1;0;0;0;0;0;0;0;0
25457;Plaimbois-Vennes;27;25;0;0;0;0;0;0;0;0;0;0;0;0;0;0;0;0;0;0;0;0;0;0;0;0;0;0;0;0;0;0;0;0;0;0;0;0;0
25458;Les Plains-et-Grands-Essarts;27;25;0;0;0;0;0;0;0;0;0;0;0;0;0;0;0;0;0;0;0;0;1;0;0;0;0;0;0;0;0;0;0;0;0;0;0;0;0
25459;La Planée;27;25;0;0;0;0;0;0;0;0;0;0;0;0;0;0;0;0;0;0;0;0;0;0;0;0;0;0;1;0;0;0;0;0;0;0;0;0;0
25460;Pointvillers;27;25;0;0;0;0;0;0;0;0;0;0;0;0;0;0;0;0;0;0;0;0;0;0;0;0;0;0;0;0;1;0;0;0;0;0;0;0;0
25461;Pompierre-sur-Doubs;27;25;0;0;0;0;0;0;0;0;0;0;0;0;0;0;0;0;0;0;0;0;1;0;0;0;0;0;0;1;0;0;0;0;0;1;0;0;1
25462;Pontarlier;27;25;1;1;0;0;1;0;0;0;0;4;0;1;0;0;0;12;4;1;1;0;28;3;2;8;13;23;14;23;10;9;35;4;7;68;40;4;9
25463;Pont-de-Roide-Vermondans;27;25;0;1;0;0;0;0;0;0;0;1;0;0;0;0;0;4;0;1;0;0;9;1;0;3;4;5;7;1;5;0;9;2;2;13;4;1;4
25464;Les Pontets;27;25;0;0;0;0;0;0;0;0;0;0;0;0;0;0;0;0;0;0;0;0;0;0;0;0;1;0;0;0;0;0;0;0;0;0;0;0;0
25465;Pont-les-Moulins;27;25;0;0;0;0;0;0;0;0;0;0;0;0;0;0;0;0;0;0;0;0;1;0;0;0;1;0;0;2;0;1;0;0;0;0;0;0;0
25466;Pouilley-Français;27;25;0;0;0;0;0;0;0;0;0;0;0;0;0;0;0;0;0;0;0;0;1;0;0;0;0;0;0;0;0;0;0;0;0;2;0;0;0
25467;Pouilley-les-Vignes;27;25;0;0;0;0;0;0;0;0;0;1;0;0;0;0;0;1;0;1;0;0;3;1;0;0;0;2;5;1;2;0;3;0;0;3;0;2;1
25468;Pouligney-Lusans;27;25;0;0;0;0;0;0;0;0;0;0;0;0;0;0;0;0;0;0;0;0;0;0;0;0;0;0;1;1;1;0;0;0;0;1;1;0;0
25469;Présentevillers;27;25;0;0;0;0;0;0;0;0;0;0;0;0;0;0;0;0;0;0;0;0;1;0;0;0;0;0;1;2;0;0;0;0;0;1;0;0;0
25470;La Prétière;27;25;0;0;0;0;0;0;0;0;0;0;0;0;0;0;0;0;0;0;0;0;0;0;0;0;0;0;1;1;0;0;0;0;0;0;0;0;1
25471;Provenchère;27;25;0;0;0;0;0;0;0;0;0;0;0;0;0;0;0;0;0;0;0;0;0;0;0;0;0;1;0;0;0;0;0;0;0;0;0;0;0
25472;Puessans;27;25;0;0;0;0;0;0;0;0;0;0;0;0;0;0;0;0;0;0;0;0;0;0;0;0;0;0;0;0;0;0;0;0;0;0;0;0;0
25473;Pugey;27;25;0;0;0;0;0;0;0;0;0;0;0;0;0;0;0;0;0;0;0;0;1;0;0;0;0;1;2;2;1;0;2;0;0;1;0;0;0
25474;Le Puy;27;25;0;0;0;0;0;0;0;0;0;0;0;0;0;0;0;0;0;0;0;0;0;0;0;1;0;0;0;0;2;0;0;0;0;0;0;0;0
25475;Quingey;27;25;0;1;0;0;0;0;0;0;0;1;0;0;0;0;0;2;3;1;0;0;4;0;0;1;4;3;3;2;1;0;2;1;0;4;0;1;1
25476;Rahon;27;25;0;0;0;0;0;0;0;0;0;0;0;0;0;0;0;0;0;0;0;0;0;0;0;0;0;0;0;1;0;0;1;0;0;0;0;0;0
25477;Rancenay;27;25;0;0;0;0;0;0;0;0;0;0;0;0;0;0;0;0;0;0;0;0;0;0;0;0;2;2;2;1;0;0;1;0;0;0;0;0;0
25478;Randevillers;27;25;0;0;0;0;0;0;0;0;0;0;0;0;0;0;0;0;0;0;0;0;0;0;0;0;1;0;1;1;0;0;0;0;0;0;0;0;0
25479;Rang;27;25;0;0;0;0;0;0;0;0;0;0;0;0;0;0;0;0;0;0;0;0;0;0;0;0;1;0;2;1;0;0;0;0;0;0;0;0;0
25481;Raynans;27;25;0;0;0;0;0;0;0;0;0;0;0;0;0;0;0;0;0;0;0;0;0;0;0;0;0;0;1;0;0;0;0;0;0;0;0;0;0
25482;Recologne;27;25;0;1;0;0;0;0;0;0;0;0;0;0;0;0;0;1;0;1;0;0;2;0;0;0;1;1;3;1;0;0;2;0;0;1;0;0;0
25483;Reculfoz;27;25;0;0;0;0;0;0;0;0;0;0;0;0;0;0;0;0;0;0;0;0;0;0;0;0;0;0;0;0;0;0;0;0;0;0;0;0;0
25485;Rémondans-Vaivre;27;25;0;0;0;0;0;0;0;0;0;0;0;0;0;0;0;0;0;0;0;0;0;0;0;0;0;0;1;0;1;0;0;0;0;0;1;0;0
25486;Remoray-Boujeons;27;25;0;0;0;0;0;0;0;0;0;0;0;0;0;0;0;0;1;0;0;0;0;0;0;0;0;1;2;0;0;0;0;0;0;3;0;0;0
25487;Renédale;27;25;0;0;0;0;0;0;0;0;0;0;0;0;0;0;0;0;0;0;0;0;0;0;0;0;0;0;0;0;0;0;0;0;0;0;0;0;0
25488;Rennes-sur-Loue;27;25;0;0;0;0;0;0;0;0;0;0;0;0;0;0;0;0;0;0;0;0;0;0;0;0;0;0;1;0;0;0;0;0;0;0;0;0;0
25489;Reugney;27;25;0;0;0;0;0;0;0;0;0;0;0;0;0;0;0;0;0;0;0;0;1;0;0;0;0;1;0;0;0;0;1;0;0;0;0;0;0
25490;Rigney;27;25;0;0;0;0;0;0;0;0;0;0;0;0;0;0;0;0;0;0;0;1;1;0;0;0;0;0;2;1;0;0;1;0;0;1;0;0;2
25491;Rignosot;27;25;0;0;0;0;0;0;0;0;0;0;0;0;0;0;0;0;0;0;0;0;0;0;0;0;0;0;1;1;0;0;0;0;0;1;0;0;0
25492;Rillans;27;25;0;0;0;0;0;0;0;0;0;0;0;0;0;0;0;0;0;0;0;0;0;0;0;0;0;0;0;0;0;0;1;0;0;0;0;0;0
25493;La Rivière-Drugeon;27;25;0;0;0;0;0;0;0;0;0;0;0;0;0;0;0;0;0;0;0;1;0;0;0;0;1;0;1;1;0;0;1;0;0;1;0;0;1
25494;Rochejean;27;25;0;0;0;0;0;0;0;0;0;0;0;0;0;0;0;0;0;0;0;0;0;0;0;0;1;1;0;0;0;1;0;0;0;1;0;0;3
25495;Roche-lez-Beaupré;27;25;0;0;0;0;0;0;0;0;0;0;0;0;0;0;0;2;2;1;0;0;4;1;0;1;3;4;7;6;4;0;4;1;0;3;2;0;2
25496;Roche-lès-Clerval;27;25;0;0;0;0;0;0;0;0;0;0;0;0;0;0;0;0;0;0;0;0;0;0;0;0;0;0;1;0;0;0;0;0;0;1;1;0;0
25497;Roches-lès-Blamont;27;25;0;0;0;0;0;0;0;0;0;0;0;0;0;0;0;0;0;0;0;1;0;0;0;0;1;0;0;1;2;0;2;0;0;0;0;0;0
25498;Rognon;27;25;0;0;0;0;0;0;0;0;0;0;0;0;0;0;0;0;0;0;0;0;0;0;0;0;0;0;0;0;0;0;0;0;0;0;0;0;0
25499;Romain;27;25;0;0;0;0;0;0;0;0;0;0;0;0;0;0;0;0;0;0;0;0;0;0;0;0;0;1;0;0;0;0;1;0;0;0;0;0;0
25500;Ronchaux;27;25;0;0;0;0;0;0;0;0;0;0;0;0;0;0;0;0;0;0;0;0;0;0;0;0;0;0;1;0;1;0;0;0;0;0;0;0;0
25501;Rondefontaine;27;25;0;0;0;0;0;0;0;0;0;0;0;0;0;0;0;0;0;0;0;0;0;0;0;0;0;0;0;0;0;0;0;0;0;0;0;0;0
25502;Roset-Fluans;27;25;0;0;0;0;0;0;0;0;0;0;0;0;0;0;0;0;0;0;0;0;0;0;0;0;0;0;0;1;0;0;0;0;0;1;0;0;0
25503;Rosières-sur-Barbèche;27;25;0;0;0;0;0;0;0;0;0;0;0;0;0;0;0;0;0;0;0;0;0;0;0;0;0;0;0;0;0;0;0;0;0;0;0;0;0
25504;Rosureux;27;25;0;0;0;0;0;0;0;0;0;0;0;0;0;0;0;0;0;0;0;0;0;0;0;0;0;0;0;0;0;0;0;0;0;1;0;0;0
25505;Rougemont;27;25;0;1;0;0;0;0;0;0;0;0;0;0;0;0;0;3;0;1;0;0;3;0;0;0;2;1;3;4;1;1;3;0;0;4;1;0;1
25506;Rougemontot;27;25;0;0;0;0;0;0;0;0;0;0;0;0;0;0;0;0;0;0;0;0;0;0;0;0;0;0;0;0;0;1;0;0;0;0;0;0;0
25507;Rouhe;27;25;0;0;0;0;0;0;0;0;0;0;0;0;0;0;0;0;0;0;0;0;0;0;0;0;0;0;0;0;0;0;0;0;0;0;0;0;0
25508;Roulans;27;25;0;1;0;0;0;0;0;0;0;0;0;0;0;0;0;0;0;0;1;0;2;0;0;0;0;1;1;5;0;0;2;0;0;2;1;0;0
25510;Ruffey-le-Château;27;25;0;0;0;0;0;0;0;0;0;0;0;0;0;0;0;0;0;0;0;0;1;0;0;0;0;1;0;1;2;1;0;0;0;1;0;0;0
25511;Rurey;27;25;0;0;0;0;0;0;0;0;0;0;0;0;0;0;0;0;0;0;0;0;0;0;0;0;2;1;1;0;0;0;1;0;0;1;0;0;0
25512;Le Russey;27;25;0;1;0;0;0;0;0;0;0;1;0;0;0;0;0;2;0;1;0;0;6;2;0;1;2;0;7;1;0;0;5;0;0;7;0;0;2
25513;Sainte-Anne;27;25;0;0;0;0;0;0;0;0;0;0;0;0;0;0;0;0;0;0;0;0;0;0;0;0;0;0;0;0;0;0;0;0;0;0;0;0;0
25514;Saint-Antoine;27;25;0;0;0;0;0;0;0;0;0;0;0;0;0;0;0;0;0;0;0;0;0;0;0;0;0;0;2;0;0;0;0;0;0;0;0;0;0
25515;Sainte-Colombe;27;25;0;0;0;0;0;0;0;0;0;0;0;0;0;0;0;0;1;0;0;0;0;0;0;0;0;0;2;0;1;0;1;0;0;0;0;0;1
25516;Saint-Georges-Armont;27;25;0;0;0;0;0;0;0;0;0;0;0;0;0;0;0;0;0;0;0;0;0;0;0;0;0;0;0;0;0;0;0;0;0;0;0;0;0
25517;Saint-Gorgon-Main;27;25;0;0;0;0;0;0;0;0;0;0;0;0;0;0;0;0;0;0;0;1;0;0;0;0;0;0;4;0;0;0;0;0;0;0;0;0;0
25518;Saint-Hilaire;27;25;0;0;0;0;0;0;0;0;0;0;0;0;0;0;0;0;0;0;0;0;0;0;0;0;0;1;0;1;0;0;0;0;0;0;0;0;0
25519;Saint-Hippolyte;27;25;0;1;0;0;0;0;0;0;0;1;0;0;0;0;0;2;0;1;0;0;1;0;0;0;0;0;1;0;0;1;2;0;0;5;1;0;0
25520;Saint-Juan;27;25;0;0;0;0;0;0;0;0;0;0;0;0;0;0;0;0;0;0;0;0;1;0;0;0;0;0;0;1;0;0;0;0;0;0;0;0;0
25521;Saint-Julien-lès-Montbéliard;27;25;0;0;0;0;0;0;0;0;0;0;0;0;0;0;0;0;0;0;0;0;0;0;0;0;1;0;1;0;0;0;0;0;0;0;0;0;0
25522;Saint-Julien-lès-Russey;27;25;0;0;0;0;0;0;0;0;0;0;0;0;0;0;0;0;0;0;0;0;0;0;0;0;1;0;1;1;0;0;0;0;0;0;0;0;0
25523;Sainte-Marie;27;25;0;0;0;0;0;0;0;0;0;0;0;0;0;0;0;0;0;0;1;0;3;0;0;0;0;2;1;2;0;0;1;0;0;2;0;0;1
25524;Saint-Maurice-Colombier;27;25;0;0;0;0;0;0;0;0;0;0;0;0;0;0;0;0;0;0;0;0;1;0;0;0;1;1;1;0;0;0;0;0;0;0;2;0;0
25525;Saint-Point-Lac;27;25;0;0;0;0;0;0;0;0;0;0;0;0;0;0;0;0;0;0;0;0;1;0;0;0;1;1;0;0;0;0;2;0;0;0;0;0;0
25526;Sainte-Suzanne;27;25;0;0;0;0;0;0;0;0;0;1;0;0;0;0;0;0;0;1;0;0;2;0;0;0;1;0;0;2;2;0;4;0;0;4;0;0;0
25527;Saint-Vit;27;25;0;1;0;0;0;0;0;0;0;1;0;0;0;0;0;5;1;1;0;0;19;3;0;6;18;5;7;6;5;3;9;4;4;17;5;0;4
25528;Samson;27;25;0;0;0;0;0;0;0;0;0;0;0;0;0;0;0;0;0;0;0;0;1;0;0;0;0;0;0;0;0;0;0;0;0;0;0;0;0
25529;Sancey;27;25;0;1;0;0;0;0;0;0;0;0;0;0;0;0;0;1;1;1;0;0;5;1;0;0;1;1;6;0;2;1;3;3;0;3;0;0;3
25531;Santoche;27;25;0;0;0;0;0;0;0;0;0;0;0;0;0;0;0;0;0;0;0;0;0;0;0;0;0;0;0;1;0;0;0;0;0;0;0;0;0
25532;Saône;27;25;0;0;0;0;0;0;0;0;0;0;0;0;0;0;0;4;1;1;0;0;9;1;0;1;2;7;3;8;6;3;5;1;0;6;5;0;3
25533;Saraz;27;25;0;0;0;0;0;0;0;0;0;0;0;0;0;0;0;0;0;0;0;0;0;0;0;0;0;0;0;0;0;0;0;0;0;0;0;0;0
25534;Sarrageois;27;25;0;0;0;0;0;0;0;0;0;0;0;0;0;0;0;0;0;0;0;0;0;0;0;0;0;1;1;0;0;0;0;0;0;0;0;0;0
25535;Saules;27;25;0;0;0;0;0;0;0;0;0;0;0;0;0;0;0;0;0;0;0;0;0;0;0;0;0;0;0;0;0;0;0;0;0;1;0;0;1
25536;Sauvagney;27;25;0;0;0;0;0;0;0;0;0;0;0;0;0;0;0;0;0;0;0;0;0;0;0;0;0;0;0;0;0;0;0;0;0;0;0;0;0
25537;Scey-Maisières;27;25;0;0;0;0;0;0;0;0;0;0;0;0;0;0;0;0;0;0;0;0;1;0;0;0;0;0;0;1;1;0;0;0;0;0;0;0;0
25538;Séchin;27;25;0;0;0;0;0;0;0;0;0;0;0;0;0;0;0;0;0;0;0;0;3;0;0;0;0;0;1;0;0;0;0;0;0;0;0;0;0
25539;Seloncourt;27;25;0;0;0;0;0;0;0;0;0;0;0;0;0;0;0;5;1;1;0;0;8;0;0;1;4;5;6;3;2;1;9;0;0;6;3;1;6
25540;Semondans;27;25;0;0;0;0;0;0;0;0;0;0;0;0;0;0;0;0;0;0;0;0;2;0;0;0;1;1;1;0;1;0;0;0;0;2;0;0;0
25541;Septfontaines;27;25;0;0;0;0;0;0;0;0;0;0;0;0;0;0;0;0;0;0;0;0;0;0;0;0;0;1;2;1;1;0;0;0;0;1;0;0;0
25542;Serre-les-Sapins;27;25;0;0;0;0;0;0;0;0;0;0;0;0;0;0;0;0;0;0;0;0;4;0;0;1;8;5;2;1;2;1;1;1;0;1;1;0;0
25544;Servin;27;25;0;0;0;0;0;0;0;0;0;0;0;0;0;0;0;0;0;0;0;0;1;0;0;0;3;0;0;0;0;0;0;0;0;0;0;0;0
25545;Silley-Amancey;27;25;0;0;0;0;0;0;0;0;0;0;0;0;0;0;0;0;0;0;0;0;1;0;0;0;0;0;0;0;1;0;0;0;0;0;0;0;0
25546;Silley-Bléfond;27;25;0;0;0;0;0;0;0;0;0;0;0;0;0;0;0;0;0;0;0;0;0;0;0;0;0;0;0;0;0;0;1;0;0;0;0;0;0
25547;Sochaux;27;25;0;0;0;0;0;0;0;0;0;1;0;0;0;0;0;7;0;1;0;0;3;0;1;1;2;7;4;2;1;1;7;2;0;16;1;2;2
25548;Solemont;27;25;0;0;0;0;0;0;0;0;0;0;0;0;0;0;0;0;0;0;0;0;0;0;0;0;0;0;0;0;0;0;0;0;0;0;0;0;0
25549;Sombacour;27;25;0;0;0;0;0;0;0;0;0;0;0;0;0;0;0;0;0;0;0;1;1;0;0;0;0;2;4;0;0;0;2;0;0;2;0;0;1
25550;La Sommette;27;25;0;0;0;0;0;0;0;0;0;0;0;0;0;0;0;0;0;0;0;0;1;0;0;0;1;0;1;0;0;0;0;0;0;0;0;0;0
25551;Soulce-Cernay;27;25;0;0;0;0;0;0;0;0;0;0;0;0;0;0;0;0;0;0;0;0;0;0;0;0;0;0;0;0;0;0;0;0;0;1;0;0;0
25552;Sourans;27;25;0;0;0;0;0;0;0;0;0;0;0;0;0;0;0;0;0;0;0;0;0;0;0;0;0;0;0;0;0;0;0;0;0;0;0;0;0
25553;Soye;27;25;0;0;0;0;0;0;0;0;0;0;0;0;0;0;0;0;0;0;0;0;0;0;0;0;2;2;2;0;1;0;0;0;0;0;0;0;0
25554;Surmont;27;25;0;0;0;0;0;0;0;0;0;0;0;0;0;0;0;0;0;0;0;0;1;0;0;0;0;0;0;0;0;1;0;0;0;0;0;0;0
25555;Taillecourt;27;25;0;0;0;0;0;0;0;0;0;0;0;0;0;0;0;0;0;0;0;0;1;0;0;1;1;1;3;1;0;0;1;5;0;3;1;0;0
25556;Tallans;27;25;0;0;0;0;0;0;0;0;0;0;0;0;0;0;0;0;0;0;0;0;0;0;0;0;0;0;0;0;0;1;0;0;0;0;0;0;0
25557;Tallenay;27;25;0;0;0;0;0;0;0;0;0;0;0;0;0;0;0;0;0;0;0;0;0;0;0;0;0;0;0;0;0;0;0;0;0;0;0;0;0
25558;Tarcenay;27;25;0;0;0;0;0;0;0;0;0;0;0;0;0;0;0;0;0;0;0;1;3;0;0;0;1;0;3;1;0;0;1;0;0;1;0;0;0
25559;Thiébouhans;27;25;0;0;0;0;0;0;0;0;0;0;0;0;0;0;0;0;0;0;0;0;0;0;0;0;3;0;0;0;1;0;0;0;0;0;0;0;0
25560;Thise;27;25;0;0;0;0;0;0;0;0;0;0;0;0;0;0;0;1;0;0;0;1;11;1;0;3;6;4;0;13;7;1;2;0;0;6;2;0;5
25561;Thoraise;27;25;0;0;0;0;0;0;0;0;0;0;0;0;0;0;0;0;0;0;0;0;0;0;0;0;0;0;2;0;0;0;2;0;0;1;0;0;0
25562;Thulay;27;25;0;0;0;0;0;0;0;0;0;0;0;0;0;0;0;0;0;0;0;0;0;0;0;0;0;0;0;0;1;0;0;0;0;0;0;0;0
25563;Thurey-le-Mont;27;25;0;0;0;0;0;0;0;0;0;0;0;0;0;0;0;0;0;0;0;0;0;0;0;0;0;0;0;1;0;0;0;0;0;0;0;0;0
25564;Torpes;27;25;0;0;0;0;0;0;0;0;0;0;0;0;0;0;0;0;0;0;0;0;2;0;0;0;4;0;0;3;1;1;1;0;0;1;0;0;1
25565;Touillon-et-Loutelet;27;25;0;0;0;0;0;0;0;0;0;0;0;0;0;0;0;0;0;0;0;0;0;0;0;0;0;1;0;1;0;0;0;0;0;0;0;0;0
25566;La Tour-de-Sçay;27;25;0;0;0;0;0;0;0;0;0;0;0;0;0;0;0;0;0;0;0;0;2;0;0;0;0;0;1;1;2;0;0;0;0;0;0;0;0
25567;Tournans;27;25;0;0;0;0;0;0;0;0;0;0;0;0;0;0;0;0;0;0;0;0;0;0;0;0;0;0;0;1;0;0;0;0;0;0;0;0;0
25569;Trépot;27;25;0;0;0;0;0;0;0;0;0;0;0;0;0;0;0;0;0;0;0;1;0;0;0;0;2;0;0;1;0;0;1;0;0;1;0;0;0
25570;Tressandans;27;25;0;0;0;0;0;0;0;0;0;0;0;0;0;0;0;0;0;0;0;0;0;0;0;0;0;0;0;0;0;0;0;0;0;0;0;0;0
25571;Trévillers;27;25;0;0;0;0;0;0;0;0;0;0;0;0;0;0;0;0;0;0;1;0;3;0;0;0;0;1;2;1;1;0;0;0;0;1;0;0;0
25572;Trouvans;27;25;0;0;0;0;0;0;0;0;0;0;0;0;0;0;0;0;0;0;0;0;0;0;0;0;0;0;0;0;0;0;0;0;0;0;0;0;0
25573;Urtière;27;25;0;0;0;0;0;0;0;0;0;0;0;0;0;0;0;0;0;0;0;0;0;0;0;0;0;0;0;0;0;0;0;0;0;0;0;0;0
25574;Uzelle;27;25;0;0;0;0;0;0;0;0;0;0;0;0;0;0;0;0;0;0;1;0;0;0;0;0;1;0;0;0;1;0;0;0;0;1;0;0;0
25575;Vaire-Arcier;27;25;0;0;0;0;0;0;0;0;0;0;0;0;0;0;0;0;0;0;0;0;0;0;0;0;0;0;1;0;2;0;0;0;0;1;1;0;0
25576;Vaire-le-Petit;27;25;0;0;0;0;0;0;0;0;0;0;0;0;0;0;0;0;0;0;0;0;2;0;0;0;0;0;0;0;0;0;0;0;0;1;0;0;0
25578;Valdahon;27;25;0;1;0;0;0;0;0;0;0;1;0;0;0;0;0;5;1;1;0;0;11;3;0;4;3;10;5;4;6;7;8;1;5;23;7;2;4
25579;Val-de-Roulans;27;25;0;0;0;0;0;0;0;0;0;0;0;0;0;0;0;0;0;0;0;0;0;0;0;0;0;1;0;0;1;0;0;0;0;0;0;0;0
25580;Valentigney;27;25;0;0;0;0;0;0;0;0;0;0;0;0;0;0;0;7;3;2;0;0;11;2;0;2;13;15;15;5;5;2;13;1;1;19;0;2;5
25582;Valleroy;27;25;0;0;0;0;0;0;0;0;0;0;0;0;0;0;0;0;0;0;0;0;0;0;0;0;0;0;2;1;0;0;0;0;0;0;0;0;0
25583;Valonne;27;25;0;0;0;0;0;0;0;0;0;0;0;0;0;0;0;0;0;0;0;0;0;0;0;0;0;0;0;0;0;0;0;0;0;0;0;0;0
25584;Valoreille;27;25;0;0;0;0;0;0;0;0;0;0;0;0;0;0;0;0;0;0;0;0;0;0;0;0;0;0;0;0;0;0;0;0;0;0;0;0;0
25586;Vandoncourt;27;25;0;0;0;0;0;0;0;0;0;0;0;0;0;0;0;0;0;0;0;0;1;0;0;0;0;0;1;1;3;0;1;0;0;2;0;0;0
25587;Vauchamps;27;25;0;0;0;0;0;0;0;0;0;0;0;0;0;0;0;0;0;0;0;0;0;0;0;0;0;0;1;1;0;0;0;0;0;0;0;0;0
25588;Vaucluse;27;25;0;0;0;0;0;0;0;0;0;0;0;0;0;0;0;0;0;0;0;0;0;0;0;0;0;0;0;0;0;0;0;0;0;1;0;0;0
25589;Vauclusotte;27;25;0;0;0;0;0;0;0;0;0;0;0;0;0;0;0;0;0;0;0;0;0;0;0;0;0;0;0;0;0;0;0;0;0;0;0;0;0
25590;Vaudrivillers;27;25;0;0;0;0;0;0;0;0;0;0;0;0;0;0;0;0;0;0;0;0;0;0;0;0;0;0;0;0;1;0;0;0;0;0;0;0;0
25591;Vaufrey;27;25;0;0;0;0;0;0;0;0;0;0;0;0;0;0;0;0;0;0;0;1;0;0;0;0;0;0;1;0;0;0;0;0;0;0;0;0;0
25592;Vaux-et-Chantegrue;27;25;0;0;0;0;0;0;0;0;0;0;0;0;0;0;0;0;0;0;0;1;0;0;0;0;0;1;2;1;0;1;1;0;0;1;0;0;0
25593;Vaux-les-Prés;27;25;0;0;0;0;0;0;0;0;0;0;0;0;0;0;0;0;0;0;0;0;0;0;1;0;0;0;1;1;1;0;0;0;0;0;0;0;0
25594;Velesmes-Essarts;27;25;0;0;0;0;0;0;0;0;0;0;0;0;0;0;0;0;0;0;0;0;1;1;0;0;1;1;1;0;1;0;0;0;0;1;0;0;0
25595;Vellerot-lès-Belvoir;27;25;0;0;0;0;0;0;0;0;0;0;0;0;0;0;0;0;0;0;0;0;0;0;0;0;0;1;1;0;1;1;0;0;0;0;0;0;0
25596;Vellerot-lès-Vercel;27;25;0;0;0;0;0;0;0;0;0;0;0;0;0;0;0;0;0;0;0;0;0;0;0;0;0;0;1;0;0;0;0;0;0;0;0;0;0
25597;Vellevans;27;25;0;0;0;0;0;0;0;0;0;0;0;0;0;0;0;0;0;0;0;1;1;0;0;0;0;0;1;0;0;0;0;0;0;0;0;0;0
25598;Venise;27;25;0;0;0;0;0;0;0;0;0;0;0;0;0;0;0;0;0;0;0;0;0;0;0;0;2;0;2;1;0;0;0;0;0;0;0;1;0
25599;Vennans;27;25;0;0;0;0;0;0;0;0;0;0;0;0;0;0;0;0;0;0;0;0;0;0;0;0;2;0;0;0;1;0;0;0;0;1;0;0;0
25600;Vennes;27;25;0;0;0;0;0;0;0;0;0;0;0;0;0;0;0;0;0;0;0;0;1;0;0;0;0;0;0;0;0;0;0;0;0;0;0;0;0
25601;Vercel-Villedieu-le-Camp;27;25;0;0;0;0;0;0;0;0;0;0;0;0;0;0;0;1;0;1;0;0;3;0;0;0;2;2;6;2;1;0;2;1;0;1;2;0;0
25602;Vergranne;27;25;0;0;0;0;0;0;0;0;0;0;0;0;0;0;0;0;0;0;0;0;0;0;0;0;0;0;0;0;0;0;0;0;0;0;0;0;0
25604;Verne;27;25;0;0;0;0;0;0;0;0;0;0;0;0;0;0;0;0;0;0;0;0;0;0;0;0;0;1;0;0;0;0;0;0;0;0;0;0;0
25605;Vernierfontaine;27;25;0;0;0;0;0;0;0;0;0;0;0;0;0;0;0;0;0;0;0;0;1;0;0;0;0;0;0;0;0;1;0;0;0;3;0;0;0
25607;Vernois-lès-Belvoir;27;25;0;0;0;0;0;0;0;0;0;0;0;0;0;0;0;0;0;0;0;0;0;0;0;0;0;0;0;0;0;0;0;0;0;0;0;0;0
25608;Le Vernoy;27;25;0;0;0;0;0;0;0;0;0;0;0;0;0;0;0;0;0;0;0;0;0;0;0;0;0;0;0;0;0;0;0;0;0;0;0;0;0
25609;Verrières-de-Joux;27;25;0;0;0;0;0;0;0;0;0;0;0;0;0;0;0;0;0;0;0;1;0;0;0;0;0;0;1;1;0;0;0;0;0;1;0;0;0
25610;Verrières-du-Grosbois;27;25;0;0;0;0;0;0;0;0;0;0;0;0;0;0;0;0;0;0;0;0;0;0;0;0;0;0;0;0;0;0;0;0;0;0;0;0;0
25611;La Vèze;27;25;0;0;0;0;0;0;0;0;0;0;0;0;0;0;0;0;0;0;0;0;1;0;0;0;0;0;2;1;2;0;0;0;0;2;1;0;0
25612;Vieilley;27;25;0;0;0;0;0;0;0;0;0;0;0;0;0;0;0;0;0;0;0;0;0;0;0;0;2;0;5;0;0;0;0;0;0;3;0;0;0
25613;Viéthorey;27;25;0;0;0;0;0;0;0;0;0;0;0;0;0;0;0;0;1;0;0;0;1;0;0;0;0;0;0;0;0;0;1;0;0;0;0;0;0
25614;Vieux-Charmont;27;25;0;0;0;0;0;0;0;0;0;0;0;0;0;0;0;0;0;0;0;0;6;0;0;0;0;6;4;2;1;0;5;0;0;4;2;0;3
25615;Villars-lès-Blamont;27;25;0;0;0;0;0;0;0;0;0;0;0;0;0;0;0;0;0;0;0;0;1;0;0;0;1;0;0;0;0;0;0;0;0;0;0;0;0
25616;Villars-Saint-Georges;27;25;0;0;0;0;0;0;0;0;0;0;0;0;0;0;0;0;0;0;0;0;0;0;0;0;0;0;0;0;0;0;0;0;0;0;0;0;0
25617;Villars-sous-Dampjoux;27;25;0;0;0;0;0;0;0;0;0;0;0;0;0;0;0;0;0;0;0;1;0;0;0;0;0;0;2;0;0;0;1;0;0;4;0;0;0
25618;Villars-sous-Écot;27;25;0;0;0;0;0;0;0;0;0;0;0;0;0;0;0;0;0;0;0;0;1;0;0;0;1;1;0;0;0;0;0;0;0;0;0;0;0
25619;Les Villedieu;27;25;0;0;0;0;0;0;0;0;0;0;0;0;0;0;0;0;0;0;0;0;0;0;0;0;0;0;0;1;1;0;0;0;0;1;0;0;0
25620;Ville-du-Pont;27;25;0;0;0;0;0;0;0;0;0;0;0;0;0;0;0;0;0;0;0;0;0;0;0;0;0;1;1;0;0;0;0;0;0;1;0;0;0
25621;Villeneuve-d'Amont;27;25;0;0;0;0;0;0;0;0;0;0;0;0;0;0;0;0;0;0;0;0;0;0;0;0;0;0;1;0;0;0;0;0;0;1;0;0;0
25622;Villers-Buzon;27;25;0;0;0;0;0;0;0;0;0;0;0;0;0;0;0;0;0;0;0;0;0;0;0;0;0;0;0;1;0;0;0;0;0;0;0;0;0
25623;Villers-Chief;27;25;0;0;0;0;0;0;0;0;0;0;0;0;0;0;0;0;0;0;0;0;0;0;0;0;0;0;0;0;0;0;0;0;0;0;0;0;0
25624;Villers-Grélot;27;25;0;0;0;0;0;0;0;0;0;0;0;0;0;0;0;0;0;0;0;0;0;0;0;0;0;0;0;0;0;0;0;0;0;0;0;0;0
25625;Villers-la-Combe;27;25;0;0;0;0;0;0;0;0;0;0;0;0;0;0;0;0;0;0;0;0;0;0;0;0;0;0;0;0;0;0;0;0;0;0;0;0;0
25626;Villers-Saint-Martin;27;25;0;0;0;0;0;0;0;0;0;0;0;0;0;0;0;0;0;0;0;0;0;0;0;0;0;0;0;1;0;0;0;0;0;0;0;0;1
25627;Villers-sous-Chalamont;27;25;0;0;0;0;0;0;0;0;0;0;0;0;0;0;0;0;0;0;0;0;1;0;0;0;0;0;0;0;1;0;1;0;0;0;0;0;0
25628;Villers-sous-Montrond;27;25;0;0;0;0;0;0;0;0;0;0;0;0;0;0;0;0;0;0;0;0;0;0;0;0;0;0;0;0;1;0;0;0;0;0;0;0;0
25629;Voillans;27;25;0;0;0;0;0;0;0;0;0;0;0;0;0;0;0;0;0;0;0;0;1;0;0;0;1;1;3;1;1;0;0;0;0;1;0;0;0
25630;Voires;27;25;0;0;0;0;0;0;0;0;0;0;0;0;0;0;0;0;0;0;0;0;0;0;0;0;0;0;0;1;0;0;0;0;0;0;0;0;0
25631;Vorges-les-Pins;27;25;0;0;0;0;0;0;0;0;0;0;0;0;0;0;0;0;0;0;0;0;0;0;0;1;1;2;3;1;0;0;0;0;0;1;0;0;0
25632;Voujeaucourt;27;25;0;0;0;0;0;0;0;0;0;0;0;0;0;0;0;0;0;1;0;0;13;1;0;1;4;0;4;5;0;0;4;1;0;10;2;0;2
25633;Vuillafans;27;25;0;0;0;0;0;0;0;0;0;0;0;0;0;0;0;0;0;0;0;1;0;0;0;0;0;1;2;0;1;1;1;0;0;2;0;0;0
25634;Vuillecin;27;25;0;0;0;0;0;0;0;0;0;0;0;0;0;0;0;0;1;0;0;0;2;0;0;0;0;0;4;0;1;1;0;1;0;0;3;0;1
25635;Vyt-lès-Belvoir;27;25;0;0;0;0;0;0;0;0;0;0;0;0;0;0;0;0;0;0;0;0;0;0;0;0;0;0;0;0;0;0;0;0;0;0;0;0;0
26001;Solaure en Diois;84;26;0;0;0;0;0;0;0;0;0;0;0;0;0;0;0;0;0;0;0;0;1;0;0;0;2;3;4;2;1;0;1;0;0;4;2;0;1
26002;Albon;84;26;0;0;0;0;0;0;0;0;0;0;0;0;0;0;0;0;0;0;0;1;4;0;0;0;6;4;1;5;0;0;2;0;0;2;2;0;1
26003;Aleyrac;84;26;0;0;0;0;0;0;0;0;0;0;0;0;0;0;0;0;0;0;0;0;0;0;0;0;0;0;0;0;0;0;0;0;0;0;0;0;0
26004;Alixan;84;26;0;0;0;0;0;0;0;0;0;0;0;0;0;0;0;3;0;1;0;0;8;0;6;2;14;11;6;4;5;3;2;0;0;7;11;0;1
26005;Allan;84;26;0;0;0;0;0;0;0;0;0;0;0;0;0;0;0;0;0;1;0;0;1;0;0;1;2;4;4;2;5;1;2;0;0;2;1;0;2
26006;Allex;84;26;0;0;0;0;0;0;0;0;0;0;0;0;0;0;0;0;0;1;0;0;5;0;0;0;9;7;11;4;3;2;4;0;0;3;1;0;1
26007;Ambonil;84;26;0;0;0;0;0;0;0;0;0;0;0;0;0;0;0;0;0;0;0;0;0;0;0;0;1;0;0;0;0;0;0;0;0;0;0;0;0
26008;Ancône;84;26;0;0;0;0;0;0;0;0;0;0;0;0;0;0;0;0;0;0;0;1;1;0;0;0;4;4;1;1;0;0;2;0;0;3;0;0;0
26009;Andancette;84;26;0;0;0;0;0;0;0;0;0;0;0;0;0;0;0;0;0;0;0;1;8;0;0;0;7;2;5;3;3;2;5;0;0;4;1;0;0
26010;Anneyron;84;26;0;0;0;0;0;0;0;0;0;0;0;0;0;0;0;6;1;1;0;0;6;1;0;1;8;5;5;4;4;1;6;2;0;6;5;1;4
26011;Aouste-sur-Sye;84;26;0;0;0;0;0;0;0;0;0;0;0;0;0;0;0;0;0;1;0;0;8;1;0;0;8;5;2;1;2;0;8;1;0;8;1;1;2
26012;Arnayon;84;26;0;0;0;0;0;0;0;0;0;0;0;0;0;0;0;0;0;0;0;0;0;0;0;0;0;0;0;0;0;0;0;0;0;0;0;0;0
26013;Arpavon;84;26;0;0;0;0;0;0;0;0;0;0;0;0;0;0;0;0;0;0;0;0;0;0;0;0;1;0;0;0;0;0;0;0;0;0;0;0;0
26014;Arthémonay;84;26;0;0;0;0;0;0;0;0;0;0;0;0;0;0;0;0;0;0;0;0;0;0;0;0;0;1;1;0;1;0;1;0;0;0;1;0;0
26015;Aubenasson;84;26;0;0;0;0;0;0;0;0;0;0;0;0;0;0;0;0;0;0;0;0;0;0;0;0;1;0;0;0;0;0;0;0;0;0;0;0;0
26016;Aubres;84;26;0;0;0;0;0;0;0;0;0;0;0;0;0;0;0;0;0;0;0;0;0;0;0;0;3;1;1;1;1;0;0;0;0;1;0;0;0
26017;Aucelon;84;26;0;0;0;0;0;0;0;0;0;0;0;0;0;0;0;0;0;0;0;0;0;0;0;0;0;0;0;0;0;0;0;0;0;0;0;0;0
26018;Aulan;84;26;0;0;0;0;0;0;0;0;0;0;0;0;0;0;0;0;0;0;0;0;0;0;0;0;0;1;0;0;0;0;0;0;0;0;0;0;0
26019;Aurel;84;26;0;0;0;0;0;0;0;0;0;0;0;0;0;0;0;0;0;0;0;0;1;0;0;0;3;0;0;0;0;2;0;0;0;1;0;0;0
26020;La Répara-Auriples;84;26;0;0;0;0;0;0;0;0;0;0;0;0;0;0;0;0;0;0;0;0;0;0;0;0;0;1;0;1;2;0;0;0;0;0;0;0;0
26021;Autichamp;84;26;0;0;0;0;0;0;0;0;0;0;0;0;0;0;0;0;0;0;0;0;1;0;0;0;0;0;0;0;0;0;0;0;0;0;0;0;0
26022;Ballons;84;26;0;0;0;0;0;0;0;0;0;0;0;0;0;0;0;0;0;0;0;0;0;0;0;0;1;1;3;0;0;0;0;0;0;1;0;0;0
26023;Barbières;84;26;0;0;0;0;0;0;0;0;0;0;0;0;0;0;0;0;0;0;1;0;0;0;0;0;5;1;3;0;0;1;2;1;0;1;0;0;0
26024;Barcelonne;84;26;0;0;0;0;0;0;0;0;0;0;0;0;0;0;0;0;0;0;0;0;0;0;0;0;2;2;1;1;1;0;1;0;0;0;0;0;0
26025;Barnave;84;26;0;0;0;0;0;0;0;0;0;0;0;0;0;0;0;0;0;0;0;0;0;0;0;0;1;1;0;0;0;0;0;0;0;1;0;0;0
26026;Barret-de-Lioure;84;26;0;0;0;0;0;0;0;0;0;0;0;0;0;0;0;0;0;0;0;0;0;0;0;0;0;0;0;0;0;0;0;0;0;2;0;0;0
26027;Barsac;84;26;0;0;0;0;0;0;0;0;0;0;0;0;0;0;0;0;0;0;0;0;0;0;0;0;0;0;0;1;0;0;0;0;0;1;0;0;0
26028;Bathernay;84;26;0;0;0;0;0;0;0;0;0;0;0;0;0;0;0;0;0;0;0;0;1;0;0;0;1;0;0;3;1;0;1;0;0;0;0;0;0
26030;La Bâtie-des-Fonds;84;26;0;0;0;0;0;0;0;0;0;0;0;0;0;0;0;0;0;0;0;0;0;0;0;0;1;0;0;0;0;0;0;0;0;0;0;0;0
26031;La Bâtie-Rolland;84;26;0;0;0;0;0;0;0;0;0;0;0;0;0;0;0;0;0;1;0;0;2;1;0;1;1;2;0;2;2;0;1;0;0;1;1;0;0
26032;La Baume-Cornillane;84;26;0;0;0;0;0;0;0;0;0;0;0;0;0;0;0;0;0;0;0;0;1;0;0;0;0;0;1;0;2;0;0;1;0;1;0;0;1
26033;La Baume-de-Transit;84;26;0;0;0;0;0;0;0;0;0;0;0;0;0;0;0;0;0;0;1;0;1;0;0;0;2;2;2;1;0;1;1;0;0;2;0;0;2
26034;La Baume-d'Hostun;84;26;0;0;0;0;0;0;0;0;0;0;0;0;0;0;0;0;0;0;0;0;0;0;0;0;1;1;2;2;1;0;0;0;0;1;0;0;2
26035;Beaufort-sur-Gervanne;84;26;0;0;0;0;0;0;0;0;0;0;0;0;0;0;0;0;0;0;0;1;1;0;1;0;2;0;0;1;0;0;0;0;0;3;0;0;0
26036;Beaumont-en-Diois;84;26;0;0;0;0;0;0;0;0;0;0;0;0;0;0;0;0;0;0;0;0;0;0;0;0;0;0;0;0;1;0;0;0;0;0;0;0;0
26037;Beaumont-lès-Valence;84;26;0;0;0;0;0;0;0;0;0;0;0;0;0;0;0;1;0;1;0;0;9;1;0;1;19;6;11;16;4;2;7;2;2;9;3;1;3
26038;Beaumont-Monteux;84;26;0;0;0;0;0;0;0;0;0;0;0;0;0;0;0;0;1;0;1;0;3;0;0;0;2;4;3;1;2;1;3;0;0;2;2;0;1
26039;Beauregard-Baret;84;26;0;0;0;0;0;0;0;0;0;0;0;0;0;0;0;0;0;0;0;0;1;0;0;0;3;3;4;1;1;0;0;0;0;1;0;0;0
26040;Beaurières;84;26;0;0;0;0;0;0;0;0;0;0;0;0;0;0;0;0;0;0;0;0;0;0;0;0;1;0;1;0;0;0;0;0;0;0;0;0;0
26041;Beausemblant;84;26;0;0;0;0;0;0;0;0;0;0;0;0;0;0;0;0;0;0;1;0;3;0;0;0;4;0;3;3;2;1;2;0;0;2;0;0;0
26042;Beauvallon;84;26;0;0;0;0;0;0;0;0;0;0;0;0;0;0;0;0;0;0;1;0;0;0;0;0;2;1;0;0;2;0;2;0;0;3;0;0;0
26043;Beauvoisin;84;26;0;0;0;0;0;0;0;0;0;0;0;0;0;0;0;0;0;0;0;0;0;0;0;0;2;0;0;0;0;0;0;0;0;0;0;0;0
26045;La Bégude-de-Mazenc;84;26;0;1;0;0;0;0;0;0;0;0;0;0;0;0;0;0;0;1;0;0;2;0;0;0;10;3;8;1;7;2;3;3;0;5;2;0;1
26046;Bellecombe-Tarendol;84;26;0;0;0;0;0;0;0;0;0;0;0;0;0;0;0;0;0;0;0;0;0;0;0;0;2;0;0;0;0;0;1;0;0;1;0;0;0
26047;Bellegarde-en-Diois;84;26;0;0;0;0;0;0;0;0;0;0;0;0;0;0;0;0;0;0;0;0;0;0;0;0;1;0;0;0;1;0;0;0;0;0;0;0;0
26048;Bénivay-Ollon;84;26;0;0;0;0;0;0;0;0;0;0;0;0;0;0;0;0;0;0;0;0;0;0;0;0;0;1;0;0;0;0;0;0;0;0;0;0;0
26049;Bésayes;84;26;0;0;0;0;0;0;0;0;0;0;0;0;0;0;0;0;1;0;0;1;1;0;0;0;1;4;2;1;1;0;3;0;0;2;1;0;1
26050;Bésignan;84;26;0;0;0;0;0;0;0;0;0;0;0;0;0;0;0;0;0;0;0;0;0;0;0;0;0;0;0;0;0;0;0;0;0;0;0;0;0
26051;Bézaudun-sur-Bîne;84;26;0;0;0;0;0;0;0;0;0;0;0;0;0;0;0;0;0;0;0;0;0;0;0;0;1;0;0;0;1;0;1;0;0;0;0;0;0
26052;Bonlieu-sur-Roubion;84;26;0;0;0;0;0;0;0;0;0;0;0;0;0;0;0;0;0;0;0;0;1;0;0;0;1;0;1;1;0;0;0;0;0;1;0;0;0
26054;Bouchet;84;26;0;0;0;0;0;0;0;0;0;0;0;0;0;0;0;0;0;0;0;1;0;0;0;0;4;6;4;3;5;0;3;0;0;3;4;1;1
26055;Boulc;84;26;0;0;0;0;0;0;0;0;0;0;0;0;0;0;0;0;0;0;0;0;0;0;0;0;1;0;2;0;0;0;0;0;0;1;0;0;0
26056;Bourdeaux;84;26;0;1;0;0;0;0;0;0;0;0;0;0;0;0;0;1;0;1;0;0;3;0;0;0;3;1;2;2;3;0;3;0;0;7;0;0;0
26057;Bourg-de-Péage;84;26;0;1;0;0;0;0;0;0;0;0;0;0;0;0;0;7;3;1;0;0;23;3;0;3;30;30;19;17;9;12;23;3;1;24;8;3;12
26058;Bourg-lès-Valence;84;26;0;0;0;0;0;0;0;0;0;0;0;0;0;0;0;10;2;1;0;0;29;2;2;4;24;50;19;30;18;17;25;5;0;45;13;4;21
26059;Bouvante;84;26;0;0;0;0;0;0;0;0;0;0;0;0;0;0;0;0;0;0;0;0;1;0;0;0;1;2;0;1;0;0;0;0;0;2;0;0;0
26060;Bouvières;84;26;0;0;0;0;0;0;0;0;0;0;0;0;0;0;0;0;0;0;0;0;0;0;0;0;0;1;0;0;0;0;0;0;0;1;0;0;0
26061;Bren;84;26;0;0;0;0;0;0;0;0;0;0;0;0;0;0;0;0;0;0;0;0;1;0;0;0;0;0;1;0;0;0;0;0;0;0;0;0;1
26062;Brette;84;26;0;0;0;0;0;0;0;0;0;0;0;0;0;0;0;0;0;0;0;0;0;0;0;0;0;0;0;0;0;1;0;0;0;0;0;0;0
26063;Buis-les-Baronnies;84;26;0;1;0;0;0;0;0;0;0;0;1;0;0;0;0;3;1;1;0;0;7;1;0;0;7;11;3;4;5;0;4;1;0;19;6;0;3
26064;Chabeuil;84;26;0;1;0;0;0;0;0;0;0;0;1;0;0;0;0;7;2;1;0;0;13;2;0;3;18;19;22;14;12;2;12;4;0;18;7;1;6
26065;Chabrillan;84;26;0;0;0;0;0;0;0;0;0;0;0;0;0;0;0;0;0;0;0;0;1;0;0;0;1;1;0;0;1;0;0;0;0;1;1;0;0
26066;Le Chaffal;84;26;0;0;0;0;0;0;0;0;0;0;0;0;0;0;0;0;0;0;0;0;0;0;0;0;0;0;0;0;0;0;0;0;0;0;0;0;0
26067;Chalancon;84;26;0;0;0;0;0;0;0;0;0;0;0;0;0;0;0;0;0;0;0;0;0;0;0;0;0;0;0;0;0;0;0;0;0;0;0;0;0
26068;Le Chalon;84;26;0;0;0;0;0;0;0;0;0;0;0;0;0;0;0;0;0;0;0;0;0;0;0;0;1;0;0;0;0;0;0;0;0;0;0;0;0
26069;Chamaloc;84;26;0;0;0;0;0;0;0;0;0;0;0;0;0;0;0;0;0;0;0;0;0;0;0;0;1;0;1;0;0;0;0;0;0;1;0;0;0
26070;Chamaret;84;26;0;0;0;0;0;0;0;0;0;0;0;0;0;0;0;0;0;0;0;1;1;0;0;0;4;0;0;1;1;0;1;0;0;2;1;0;0
26071;Chanos-Curson;84;26;0;0;0;0;0;0;0;0;0;0;0;0;0;0;0;0;0;0;1;0;3;0;0;0;3;3;2;1;5;0;0;0;0;2;0;0;2
26072;Chantemerle-les-Blés;84;26;0;0;0;0;0;0;0;0;0;0;0;0;0;0;0;0;0;0;0;1;0;0;0;0;2;3;4;4;1;0;1;0;0;0;1;0;1
26073;Chantemerle-lès-Grignan;84;26;0;0;0;0;0;0;0;0;0;0;0;0;0;0;0;0;0;0;0;0;0;0;0;0;1;0;0;0;0;0;0;0;0;1;3;0;1
26074;La Chapelle-en-Vercors;84;26;0;1;0;0;0;0;0;0;0;0;1;0;1;0;0;1;0;1;0;0;3;0;0;0;0;2;3;4;3;0;2;3;0;5;1;0;1
26075;La Charce;84;26;0;0;0;0;0;0;0;0;0;0;0;0;0;0;0;0;0;0;0;0;1;0;0;0;0;0;0;0;0;0;0;0;0;0;0;0;1
26076;Charens;84;26;0;0;0;0;0;0;0;0;0;0;0;0;0;0;0;0;0;0;0;0;0;0;0;0;0;0;0;0;0;0;0;0;0;0;0;0;0
26077;Charmes-sur-l'Herbasse;84;26;0;0;0;0;0;0;0;0;0;0;0;0;0;0;0;0;0;0;0;1;0;0;0;0;2;0;5;2;4;0;0;0;0;1;0;0;0
26078;Charols;84;26;0;0;0;0;0;0;0;0;0;0;0;0;0;0;0;0;0;0;0;0;1;0;0;0;2;0;2;3;2;0;1;0;0;1;0;0;1
26079;Charpey;84;26;0;0;0;0;0;0;0;0;0;0;0;0;0;0;0;0;0;1;0;0;2;0;0;1;4;3;1;1;4;0;3;0;0;1;1;0;1
26080;Chastel-Arnaud;84;26;0;0;0;0;0;0;0;0;0;0;0;0;0;0;0;0;0;0;0;0;0;0;0;0;1;0;0;0;0;0;0;0;0;0;0;0;0
26081;Châteaudouble;84;26;0;0;0;0;0;0;0;0;0;0;0;0;0;0;0;0;0;0;0;0;3;0;0;0;3;4;1;0;1;0;0;0;0;0;0;0;0
26082;Châteauneuf-de-Bordette;84;26;0;0;0;0;0;0;0;0;0;0;0;0;0;0;0;0;0;0;0;0;0;0;0;0;0;0;0;0;0;0;0;0;0;0;0;0;0
26083;Châteauneuf-de-Galaure;84;26;0;0;0;0;0;0;0;0;0;0;0;0;0;0;0;3;0;1;0;0;2;1;0;2;1;1;2;3;1;1;2;0;0;5;2;0;3
26084;Châteauneuf-sur-Isère;84;26;0;0;0;0;0;0;0;0;0;0;0;0;0;0;0;1;0;1;0;0;15;0;0;1;11;12;17;7;10;4;6;2;0;13;4;0;4
26085;Châteauneuf-du-Rhône;84;26;0;0;0;0;0;0;0;0;0;0;0;0;0;0;0;0;0;1;0;0;8;0;0;2;7;7;4;4;1;2;2;0;0;7;2;0;1
26086;Châtillon-en-Diois;84;26;0;1;0;0;0;0;0;0;0;0;1;0;0;0;0;0;0;1;0;0;2;0;0;0;3;0;0;1;2;0;1;0;0;8;0;0;0
26087;Châtillon-Saint-Jean;84;26;0;0;0;0;0;0;0;0;0;0;0;0;0;0;0;0;0;1;0;0;4;0;0;0;3;3;7;0;1;1;0;0;0;3;0;0;0
26088;Chatuzange-le-Goubet;84;26;0;0;0;0;0;0;0;0;0;0;0;0;0;0;0;0;1;1;0;0;16;1;1;0;11;11;12;12;9;2;3;0;0;11;2;0;2
26089;Chaudebonne;84;26;0;0;0;0;0;0;0;0;0;0;0;0;0;0;0;0;0;0;0;0;0;0;0;0;0;0;0;0;0;0;0;0;0;0;0;0;0
26090;La Chaudière;84;26;0;0;0;0;0;0;0;0;0;0;0;0;0;0;0;0;0;0;0;0;0;0;0;0;0;0;0;0;0;0;0;0;0;2;0;0;0
26091;Chauvac-Laux-Montaux;84;26;0;0;0;0;0;0;0;0;0;0;0;0;0;0;0;0;0;0;0;0;0;0;0;0;0;0;0;0;0;0;0;0;0;0;0;0;0
26092;Chavannes;84;26;0;0;0;0;0;0;0;0;0;0;0;0;0;0;0;0;0;0;0;1;1;0;0;0;1;1;0;0;1;0;2;0;0;1;0;0;1
26093;Clansayes;84;26;0;0;0;0;0;0;0;0;0;0;0;0;0;0;0;0;0;0;0;0;1;0;0;0;2;0;1;0;0;0;0;0;0;0;0;0;1
26094;Claveyson;84;26;0;0;0;0;0;0;0;0;0;0;0;0;0;0;0;0;0;0;0;1;3;0;0;0;3;1;4;1;2;0;2;1;0;4;0;0;0
26095;Cléon-d'Andran;84;26;0;0;0;0;0;0;0;0;0;0;0;0;0;0;0;2;0;1;0;0;4;2;0;1;5;2;0;3;2;1;2;0;0;9;3;0;5
26096;Clérieux;84;26;0;0;0;0;0;0;0;0;0;0;0;0;0;0;0;0;0;0;1;0;3;0;0;0;5;3;4;5;5;0;4;0;1;4;0;0;1
26097;Cliousclat;84;26;0;0;0;0;0;0;0;0;0;0;0;0;0;0;0;0;0;0;0;1;3;0;0;0;4;0;1;1;0;1;1;0;0;3;1;0;0
26098;Cobonne;84;26;0;0;0;0;0;0;0;0;0;0;0;0;0;0;0;0;0;0;0;0;0;0;0;0;0;0;2;0;0;0;0;0;0;0;0;0;0
26099;Colonzelle;84;26;0;0;0;0;0;0;0;0;0;0;0;0;0;0;0;0;0;0;0;0;0;0;0;0;4;3;0;0;1;1;0;0;0;0;0;0;0
26100;Combovin;84;26;0;0;0;0;0;0;0;0;0;0;0;0;0;0;0;0;0;0;0;0;1;0;0;0;2;0;1;1;2;1;0;0;0;1;1;0;0
26101;Comps;84;26;0;0;0;0;0;0;0;0;0;0;0;0;0;0;0;0;0;0;0;0;0;0;0;0;0;0;0;0;0;0;0;0;0;0;1;0;0
26102;Condillac;84;26;0;0;0;0;0;0;0;0;0;0;0;0;0;0;0;0;0;0;0;0;0;0;0;0;0;0;1;0;0;1;1;0;0;1;0;0;0
26103;Condorcet;84;26;0;0;0;0;0;0;0;0;0;0;0;0;0;0;0;0;0;0;0;1;0;0;0;0;4;2;2;0;0;1;0;0;0;3;0;0;0
26104;Cornillac;84;26;0;0;0;0;0;0;0;0;0;0;0;0;0;0;0;0;0;0;0;0;1;0;0;0;0;0;0;0;0;0;0;0;0;0;0;0;0
26105;Cornillon-sur-l'Oule;84;26;0;0;0;0;0;0;0;0;0;0;0;0;0;0;0;0;0;0;0;0;0;0;0;0;1;0;0;0;0;0;0;0;0;3;0;0;0
26106;La Coucourde;84;26;0;0;0;0;0;0;0;0;0;0;0;0;0;0;0;0;0;0;0;1;1;0;0;1;1;2;2;2;6;1;3;0;0;3;0;0;1
26107;Crépol;84;26;0;0;0;0;0;0;0;0;0;0;0;0;0;0;0;0;0;0;1;0;2;0;0;0;0;0;0;1;2;0;1;0;0;2;0;1;0
26108;Crest;84;26;0;1;0;0;0;0;0;0;0;0;1;1;0;0;0;8;4;1;0;0;22;3;0;4;11;20;9;8;11;5;13;1;0;39;15;1;13
26110;Crozes-Hermitage;84;26;0;0;0;0;0;0;0;0;0;0;0;0;0;0;0;0;0;0;0;0;0;0;0;0;3;1;0;1;1;0;0;0;0;2;0;0;0
26111;Crupies;84;26;0;0;0;0;0;0;0;0;0;0;0;0;0;0;0;0;0;0;0;0;0;0;0;0;1;0;0;1;0;0;0;0;0;0;0;0;0
26112;Curnier;84;26;0;0;0;0;0;0;0;0;0;0;0;0;0;0;0;0;0;0;0;0;0;0;0;0;1;0;0;2;0;0;0;0;0;2;0;0;0
26113;Die;84;26;0;1;0;0;0;0;0;0;0;0;2;0;1;0;0;4;1;1;0;0;6;1;0;3;16;9;17;6;6;3;8;3;0;33;4;0;3
26114;Dieulefit;84;26;0;1;0;0;0;0;0;0;0;0;1;0;0;0;0;3;1;1;0;0;6;2;0;2;16;11;7;4;7;1;7;0;0;15;11;0;3
26115;Divajeu;84;26;0;0;0;0;0;0;0;0;0;0;0;0;0;0;0;0;0;0;0;0;1;0;0;0;2;4;2;0;1;0;0;0;0;2;0;0;1
26116;Donzère;84;26;0;1;0;0;0;0;0;0;0;0;0;0;1;0;0;2;1;1;0;0;6;2;0;1;12;4;6;6;6;1;8;1;0;11;1;1;6
26117;Échevis;84;26;0;0;0;0;0;0;0;0;0;0;0;0;0;0;0;0;0;0;0;0;0;0;0;0;1;0;0;0;0;0;0;0;0;1;0;0;0
26118;Épinouze;84;26;0;0;0;0;0;0;0;0;0;0;0;0;0;0;0;0;0;1;0;0;1;0;0;0;3;2;5;4;2;0;3;0;0;0;0;0;0
26119;Érôme;84;26;0;0;0;0;0;0;0;0;0;0;0;0;0;0;0;0;0;1;0;0;1;0;0;0;2;4;1;1;3;1;2;0;0;0;0;0;0
26121;Espeluche;84;26;0;0;0;0;0;0;0;0;0;0;0;0;0;0;0;0;0;0;0;1;1;0;0;0;3;1;1;3;2;0;2;0;0;1;1;0;1
26122;Espenel;84;26;0;0;0;0;0;0;0;0;0;0;0;0;0;0;0;0;0;0;0;0;0;0;0;0;0;0;0;0;1;0;0;0;0;0;0;0;0
26123;Establet;84;26;0;0;0;0;0;0;0;0;0;0;0;0;0;0;0;0;0;0;0;0;0;0;0;0;0;0;0;0;0;0;0;0;0;0;0;0;0
26124;Étoile-sur-Rhône;84;26;0;0;0;0;0;0;0;0;0;0;0;0;0;0;0;2;0;1;0;0;14;1;0;3;14;7;14;9;6;4;8;1;0;9;7;1;6
26125;Eurre;84;26;0;0;0;0;0;0;0;0;0;0;0;0;0;0;0;1;0;0;1;0;1;0;0;0;4;1;3;8;7;2;0;1;0;4;2;0;0
26126;Eygalayes;84;26;0;0;0;0;0;0;0;0;0;0;0;0;0;0;0;0;0;0;0;0;0;0;0;0;0;1;1;0;0;0;0;0;0;0;1;0;0
26127;Eygaliers;84;26;0;0;0;0;0;0;0;0;0;0;0;0;0;0;0;0;0;0;0;0;0;0;0;0;0;1;1;0;1;0;0;0;0;0;0;0;1
26128;Eygluy-Escoulin;84;26;0;0;0;0;0;0;0;0;0;0;0;0;0;0;0;0;0;0;0;0;0;0;0;0;0;0;1;0;0;0;0;0;0;0;0;0;0
26129;Eymeux;84;26;0;0;0;0;0;0;0;0;0;0;0;0;0;0;0;0;0;0;0;0;3;0;0;0;2;4;2;1;1;0;0;0;0;1;1;0;1
26130;Eyroles;84;26;0;0;0;0;0;0;0;0;0;0;0;0;0;0;0;0;0;0;0;0;0;0;0;0;0;0;0;0;0;0;0;0;0;0;0;0;0
26131;Eyzahut;84;26;0;0;0;0;0;0;0;0;0;0;0;0;0;0;0;0;0;0;0;0;0;0;0;0;3;0;0;0;0;1;0;0;0;0;0;0;0
26133;Fay-le-Clos;84;26;0;0;0;0;0;0;0;0;0;0;0;0;0;0;0;0;0;0;0;0;1;0;0;0;1;0;1;0;0;1;0;0;0;0;0;0;0
26134;Félines-sur-Rimandoule;84;26;0;0;0;0;0;0;0;0;0;0;0;0;0;0;0;0;0;0;0;0;0;0;0;0;1;0;0;0;0;0;0;0;0;0;1;0;0
26135;Ferrassières;84;26;0;0;0;0;0;0;0;0;0;0;0;0;0;0;0;0;0;0;0;0;0;0;0;0;0;0;0;0;0;0;0;0;0;0;0;0;0
26136;Val-Maravel;84;26;0;0;0;0;0;0;0;0;0;0;0;0;0;0;0;0;0;0;0;0;0;0;0;0;0;0;0;0;0;0;0;0;0;0;0;0;0
26137;Francillon-sur-Roubion;84;26;0;0;0;0;0;0;0;0;0;0;0;0;0;0;0;0;0;0;0;0;0;0;0;0;4;0;1;0;0;0;0;0;0;1;0;0;1
26138;La Garde-Adhémar;84;26;0;0;0;0;0;0;0;0;0;0;0;0;0;0;0;0;0;0;1;0;1;0;0;1;3;4;0;0;1;0;2;1;0;5;0;0;1
26139;Génissieux;84;26;0;0;0;0;0;0;0;0;0;0;0;0;0;0;0;0;0;1;0;0;3;0;0;1;2;5;2;3;3;0;3;0;0;3;0;0;2
26140;Geyssans;84;26;0;0;0;0;0;0;0;0;0;0;0;0;0;0;0;0;0;0;0;0;1;0;0;0;2;0;1;2;2;0;0;0;0;0;0;0;1
26141;Gigors-et-Lozeron;84;26;0;0;0;0;0;0;0;0;0;0;0;0;0;0;0;0;0;0;0;0;0;0;0;0;1;1;2;0;0;0;0;0;0;0;0;0;0
26142;Glandage;84;26;0;0;0;0;0;0;0;0;0;0;0;0;0;0;0;0;0;0;0;0;0;0;0;0;0;0;0;0;1;0;0;0;0;1;0;0;0
26143;Le Grand-Serre;84;26;0;1;0;0;0;0;0;0;0;0;0;0;0;0;0;0;0;0;0;1;1;0;0;0;0;2;2;3;2;1;3;0;0;3;1;0;1
26144;Grane;84;26;0;0;0;0;0;0;0;0;0;0;0;0;0;0;0;0;0;1;0;0;6;0;0;0;4;4;3;1;4;0;4;0;0;3;3;0;3
26145;Les Granges-Gontardes;84;26;0;0;0;0;0;0;0;0;0;0;0;0;0;0;0;0;0;0;0;1;0;0;0;0;0;1;1;2;0;0;1;0;0;0;0;0;0
26146;Grignan;84;26;0;1;0;0;0;0;0;0;0;0;1;0;0;0;0;2;0;1;0;0;5;2;0;0;12;3;4;4;4;0;5;0;0;20;5;0;2
26147;Gumiane;84;26;0;0;0;0;0;0;0;0;0;0;0;0;0;0;0;0;0;0;0;0;0;0;0;0;0;0;0;0;0;0;0;0;0;0;0;0;0
26148;Hauterives;84;26;0;0;0;0;0;0;0;0;0;0;1;0;0;0;0;1;2;1;0;0;2;0;0;1;5;2;2;2;1;0;4;4;0;9;1;1;2
26149;Hostun;84;26;0;0;0;0;0;0;0;0;0;0;0;0;0;0;0;0;1;1;0;0;3;1;0;0;3;1;1;2;2;0;2;0;0;3;1;0;0
26150;Izon-la-Bruisse;84;26;0;0;0;0;0;0;0;0;0;0;0;0;0;0;0;0;0;0;0;0;0;0;0;0;0;0;0;0;0;0;0;0;0;0;0;0;0
26152;Jonchères;84;26;0;0;0;0;0;0;0;0;0;0;0;0;0;0;0;0;0;0;0;0;0;0;0;0;0;1;0;0;0;0;0;0;0;1;0;0;0
26153;Laborel;84;26;0;0;0;0;0;0;0;0;0;0;0;0;0;0;0;0;0;0;0;1;0;0;0;0;1;0;0;0;0;0;0;0;0;0;0;0;0
26154;Lachau;84;26;0;0;0;0;0;0;0;0;0;0;0;0;0;0;0;0;0;0;0;1;0;0;0;0;0;0;0;0;0;0;1;0;0;0;0;0;0
26155;Lapeyrouse-Mornay;84;26;0;0;0;0;0;0;0;0;0;0;0;0;0;0;0;0;0;1;0;0;3;0;0;0;1;3;0;2;2;0;2;0;0;1;0;1;1
26156;Larnage;84;26;0;0;0;0;0;0;0;0;0;0;0;0;0;0;0;0;0;0;1;0;0;0;0;0;3;1;2;3;3;0;0;0;0;2;0;0;0
26157;La Laupie;84;26;0;0;0;0;0;0;0;0;0;0;0;0;0;0;0;0;0;0;0;0;1;0;0;0;2;2;1;1;0;0;1;0;0;1;0;0;1
26159;Laval-d'Aix;84;26;0;0;0;0;0;0;0;0;0;0;0;0;0;0;0;0;0;0;0;0;1;0;0;0;2;0;1;0;0;0;0;0;0;0;0;0;0
26160;Laveyron;84;26;0;0;0;0;0;0;0;0;0;0;0;0;0;0;0;0;1;0;0;0;5;0;1;0;3;6;1;4;0;0;0;0;1;1;1;0;0
26161;Lemps;84;26;0;0;0;0;0;0;0;0;0;0;0;0;0;0;0;0;0;0;0;0;0;0;0;0;0;0;0;0;0;0;0;0;0;0;0;0;0
26162;Lens-Lestang;84;26;0;0;0;0;0;0;0;0;0;0;0;0;0;0;0;0;0;0;0;1;2;0;0;0;2;0;0;1;2;0;1;0;0;0;1;0;0
26163;Léoncel;84;26;0;0;0;0;0;0;0;0;0;0;0;0;0;0;0;0;0;0;0;0;0;0;0;0;0;0;0;0;0;0;0;0;0;3;0;0;0
26164;Lesches-en-Diois;84;26;0;0;0;0;0;0;0;0;0;0;0;0;0;0;0;0;0;0;0;0;0;0;0;0;0;0;0;0;0;0;0;0;0;0;0;0;0
26165;Livron-sur-Drôme;84;26;0;1;0;0;0;0;0;0;0;0;0;0;0;0;0;4;3;1;0;0;23;1;0;4;34;27;11;11;17;2;15;2;1;17;9;2;5
26166;Loriol-sur-Drôme;84;26;0;1;0;0;0;0;0;0;0;0;1;0;0;0;0;6;3;1;0;0;14;1;0;4;18;16;11;7;8;4;9;1;0;17;2;1;5
26167;Luc-en-Diois;84;26;0;1;0;0;0;0;0;0;0;0;0;0;0;0;0;1;1;1;0;0;3;0;0;0;3;1;0;3;2;1;0;0;0;6;0;0;0
26168;Lus-la-Croix-Haute;84;26;0;1;0;0;0;0;0;0;0;0;0;0;0;0;0;1;0;0;0;1;1;0;0;0;4;1;1;1;0;0;1;1;0;8;0;0;1
26169;Malataverne;84;26;0;0;0;0;0;0;0;0;0;0;0;0;0;0;0;0;1;0;0;1;13;0;0;2;6;6;2;3;2;2;3;0;0;6;4;0;2
26170;Malissard;84;26;0;0;0;0;0;0;0;0;0;0;0;0;0;0;0;0;1;1;0;0;9;1;0;1;5;9;3;9;3;3;5;1;0;4;2;0;2
26171;Manas;84;26;0;0;0;0;0;0;0;0;0;0;0;0;0;0;0;0;0;0;0;0;0;0;0;0;0;1;0;1;0;0;0;0;0;1;1;0;0
26172;Manthes;84;26;0;0;0;0;0;0;0;0;0;0;0;0;0;0;0;0;0;0;0;1;2;0;0;0;1;0;1;0;0;1;0;0;0;2;0;0;0
26173;Marches;84;26;0;0;0;0;0;0;0;0;0;0;0;0;0;0;0;0;0;0;0;0;0;0;0;0;6;1;2;2;0;0;0;0;0;1;0;0;0
26174;Margès;84;26;0;0;0;0;0;0;0;0;0;0;0;0;0;0;0;0;0;0;0;1;1;0;0;0;3;2;2;2;3;0;0;0;0;1;0;0;1
26175;Marignac-en-Diois;84;26;0;0;0;0;0;0;0;0;0;0;0;0;0;0;0;0;0;0;0;0;0;0;0;0;2;0;1;1;0;0;0;0;0;0;0;0;0
26176;Marsanne;84;26;0;1;0;0;0;0;0;0;0;0;0;0;0;0;0;0;0;0;0;1;1;0;0;0;2;6;1;1;0;0;1;0;0;5;0;0;2
26177;Marsaz;84;26;0;0;0;0;0;0;0;0;0;0;0;0;0;0;0;0;0;0;0;1;0;0;0;0;0;1;2;0;1;0;0;0;0;2;0;0;0
26178;Menglon;84;26;0;0;0;0;0;0;0;0;0;0;0;0;0;0;0;0;0;0;0;0;0;0;0;0;2;1;2;0;0;0;1;0;0;2;0;0;0
26179;Mercurol-Veaunes;84;26;0;0;0;0;0;0;0;0;0;0;0;0;0;0;0;0;1;1;0;0;7;1;0;1;6;6;4;1;4;0;4;0;0;2;3;0;3
26180;Mérindol-les-Oliviers;84;26;0;0;0;0;0;0;0;0;0;0;0;0;0;0;0;0;0;0;0;0;0;0;0;0;2;0;0;1;0;0;2;0;0;0;0;0;0
26181;Mévouillon;84;26;0;0;0;0;0;0;0;0;0;0;0;0;0;0;0;0;0;0;0;0;2;0;0;0;1;0;2;1;1;0;0;0;0;1;0;0;0
26182;Mirabel-aux-Baronnies;84;26;0;0;0;0;0;0;0;0;0;0;0;0;0;0;0;0;0;1;0;0;3;0;0;1;7;3;1;0;2;0;4;1;0;6;5;0;2
26183;Mirabel-et-Blacons;84;26;0;0;0;0;0;0;0;0;0;0;0;0;0;0;0;0;0;0;1;0;0;0;0;0;3;0;2;2;2;0;2;0;0;4;1;0;0
26184;Miribel;84;26;0;0;0;0;0;0;0;0;0;0;0;0;0;0;0;0;0;0;0;0;0;0;0;0;1;0;1;2;1;0;0;0;0;1;1;0;0
26185;Mirmande;84;26;0;0;0;0;0;0;0;0;0;0;0;0;0;0;0;0;0;0;0;1;1;0;0;0;4;3;2;0;1;0;0;0;0;3;2;0;0
26186;Miscon;84;26;0;0;0;0;0;0;0;0;0;0;0;0;0;0;0;0;0;0;0;0;0;0;0;0;0;0;0;0;0;0;0;0;0;0;0;0;0
26188;Mollans-sur-Ouvèze;84;26;0;0;0;0;0;0;0;0;0;0;0;0;0;0;0;0;0;0;0;1;1;0;0;0;11;2;2;5;1;2;2;0;0;8;1;0;1
26189;Montauban-sur-l'Ouvèze;84;26;0;0;0;0;0;0;0;0;0;0;0;0;0;0;0;0;0;0;0;0;0;0;0;0;1;0;0;1;0;0;0;0;0;1;0;0;0
26190;Montaulieu;84;26;0;0;0;0;0;0;0;0;0;0;0;0;0;0;0;0;0;0;0;0;0;0;0;0;0;0;0;0;0;0;0;0;0;0;0;0;0
26191;Montboucher-sur-Jabron;84;26;0;0;0;0;0;0;0;0;0;0;0;0;0;0;0;0;0;1;0;0;7;1;0;0;8;6;6;6;7;1;3;0;0;7;3;1;3
26192;Montbrison-sur-Lez;84;26;0;0;0;0;0;0;0;0;0;0;0;0;0;0;0;0;0;0;0;0;1;0;0;0;2;1;0;1;0;0;0;0;0;1;1;0;0
26193;Montbrun-les-Bains;84;26;0;1;0;0;0;0;0;0;0;0;0;0;0;0;0;1;0;1;0;0;1;0;0;0;5;0;1;0;2;0;2;1;0;8;1;1;2
26194;Montchenu;84;26;0;0;0;0;0;0;0;0;0;0;0;0;0;0;0;0;0;0;0;0;2;0;0;0;1;0;1;0;1;0;0;0;0;1;0;0;0
26195;Montclar-sur-Gervanne;84;26;0;0;0;0;0;0;0;0;0;0;0;0;0;0;0;0;0;0;0;0;0;0;0;0;0;0;0;1;1;0;1;0;0;0;0;0;0
26196;Montéléger;84;26;0;0;0;0;0;0;0;0;0;0;0;0;0;0;0;0;0;1;0;0;0;0;0;0;2;0;2;0;0;0;2;0;0;2;0;0;2
26197;Montélier;84;26;0;0;0;0;0;0;0;0;0;0;0;0;0;0;0;0;0;1;0;0;8;0;1;1;11;6;8;5;6;4;2;0;0;6;3;1;6
26198;Montélimar;84;26;1;1;0;0;1;1;0;0;0;0;3;1;0;0;0;30;6;3;0;0;60;9;13;16;118;107;43;56;52;36;74;9;19;208;82;11;46
26199;Montferrand-la-Fare;84;26;0;0;0;0;0;0;0;0;0;0;0;0;0;0;0;0;0;0;0;0;0;0;0;0;0;1;0;0;0;0;0;0;0;0;0;0;0
26200;Montfroc;84;26;0;0;0;0;0;0;0;0;0;0;0;0;0;0;0;0;0;0;0;0;0;0;0;0;1;0;1;0;0;0;0;1;0;0;0;0;0
26201;Montguers;84;26;0;0;0;0;0;0;0;0;0;0;0;0;0;0;0;0;0;0;0;0;0;0;0;0;1;0;0;0;0;0;0;0;0;0;0;0;0
26202;Montjoux;84;26;0;0;0;0;0;0;0;0;0;0;0;0;0;0;0;0;0;0;0;0;0;0;0;0;3;1;0;1;0;0;0;0;0;2;0;0;0
26203;Montjoyer;84;26;0;0;0;0;0;0;0;0;0;0;0;0;0;0;0;0;0;0;0;0;0;0;0;0;2;0;1;0;0;0;0;0;0;0;0;0;0
26204;Montlaur-en-Diois;84;26;0;0;0;0;0;0;0;0;0;0;0;0;0;0;0;0;0;0;0;0;0;0;0;0;1;1;2;0;1;0;1;0;0;1;0;0;0
26205;Montmaur-en-Diois;84;26;0;0;0;0;0;0;0;0;0;0;0;0;0;0;0;0;0;0;0;0;0;0;0;0;1;0;1;1;1;0;0;0;0;0;0;0;0
26206;Montmeyran;84;26;0;0;0;0;0;0;0;0;0;0;1;0;0;0;0;2;1;1;0;0;7;0;0;1;6;12;7;10;7;0;4;0;0;8;3;1;1
26207;Montmiral;84;26;0;0;0;0;0;0;0;0;0;0;0;0;0;0;0;0;0;0;0;1;0;0;0;0;1;0;1;1;1;0;0;0;0;3;0;0;0
26208;Montoison;84;26;0;0;0;0;0;0;0;0;0;0;0;0;0;0;0;0;0;0;1;0;1;0;0;1;7;5;3;5;2;3;4;0;0;5;0;0;1
26209;Montréal-les-Sources;84;26;0;0;0;0;0;0;0;0;0;0;0;0;0;0;0;0;0;0;0;0;0;0;0;0;0;0;0;0;0;0;0;0;0;0;0;0;0
26210;Montrigaud;84;26;0;0;0;0;0;0;0;0;0;0;0;0;0;0;0;0;0;0;0;1;1;0;0;0;4;3;1;1;1;0;0;0;0;3;0;0;0
26211;Montségur-sur-Lauzon;84;26;0;0;0;0;0;0;0;0;0;0;0;0;0;0;0;0;0;0;1;0;3;0;1;0;6;1;3;2;1;1;3;0;0;1;1;0;4
26212;Montvendre;84;26;0;0;0;0;0;0;0;0;0;0;0;0;0;0;0;0;0;0;0;1;2;0;0;0;1;2;2;1;5;0;2;0;0;2;1;0;0
26213;Moras-en-Valloire;84;26;0;1;0;0;0;0;0;0;0;0;0;0;0;0;0;0;0;0;0;1;1;0;0;0;0;0;2;1;0;0;1;0;0;2;0;0;1
26214;Mornans;84;26;0;0;0;0;0;0;0;0;0;0;0;0;0;0;0;0;0;0;0;0;0;0;0;0;0;0;0;0;0;0;0;0;0;0;0;0;0
26215;La Motte-Chalancon;84;26;0;1;0;0;0;0;0;0;0;0;0;0;0;0;0;0;0;1;0;0;1;0;0;0;4;0;0;1;0;0;0;0;0;4;0;0;0
26216;La Motte-de-Galaure;84;26;0;0;0;0;0;0;0;0;0;0;0;0;0;0;0;0;0;0;0;1;1;0;0;0;0;2;0;1;3;0;2;0;0;2;1;0;1
26217;La Motte-Fanjas;84;26;0;0;0;0;0;0;0;0;0;0;0;0;0;0;0;0;0;0;0;0;0;0;0;0;1;0;1;0;0;0;0;0;0;0;0;0;0
26218;Mours-Saint-Eusèbe;84;26;0;0;0;0;0;0;0;0;0;0;0;0;0;0;0;1;0;1;0;0;9;1;0;1;11;7;6;6;6;4;3;2;0;6;4;2;1
26219;Mureils;84;26;0;0;0;0;0;0;0;0;0;0;0;0;0;0;0;0;0;0;0;0;0;0;0;0;0;0;1;1;2;0;0;0;0;1;0;0;1
26220;Nyons;84;26;0;1;0;0;0;0;0;0;0;0;2;1;0;0;0;8;1;1;0;0;21;4;0;3;27;10;8;13;9;0;12;3;0;50;11;1;6
26221;Omblèze;84;26;0;0;0;0;0;0;0;0;0;0;0;0;0;0;0;0;0;0;0;0;0;0;0;0;0;0;0;0;0;0;0;0;0;0;0;0;0
26222;Orcinas;84;26;0;0;0;0;0;0;0;0;0;0;0;0;0;0;0;0;0;0;0;0;0;0;0;0;0;0;0;1;0;0;0;0;0;0;0;0;0
26223;Oriol-en-Royans;84;26;0;0;0;0;0;0;0;0;0;0;0;0;0;0;0;0;0;0;0;0;0;0;0;0;3;1;2;1;0;0;2;0;0;3;0;0;0
26224;Ourches;84;26;0;0;0;0;0;0;0;0;0;0;0;0;0;0;0;0;0;0;0;0;0;0;0;0;0;2;1;1;2;0;0;0;0;0;0;0;0
26225;Parnans;84;26;0;0;0;0;0;0;0;0;0;0;0;0;0;0;0;0;0;0;0;0;0;0;0;0;0;2;0;2;1;1;0;0;0;0;0;0;0
26226;Le Pègue;84;26;0;0;0;0;0;0;0;0;0;0;0;0;0;0;0;0;0;0;0;0;0;0;0;0;3;1;1;0;0;0;1;0;0;1;0;0;0
26227;Pelonne;84;26;0;0;0;0;0;0;0;0;0;0;0;0;0;0;0;0;0;0;0;0;0;0;0;0;0;0;0;0;0;0;0;0;0;0;0;0;0
26228;Pennes-le-Sec;84;26;0;0;0;0;0;0;0;0;0;0;0;0;0;0;0;0;0;0;0;0;0;0;0;0;1;0;0;0;0;0;0;0;0;1;0;0;0
26229;La Penne-sur-l'Ouvèze;84;26;0;0;0;0;0;0;0;0;0;0;0;0;0;0;0;0;0;0;0;0;0;0;1;0;1;0;0;0;1;0;0;0;0;0;0;0;0
26231;Peyrins;84;26;0;0;0;0;0;0;0;0;0;0;0;0;0;0;0;0;0;1;0;0;7;0;0;1;7;5;9;3;3;2;4;1;0;3;1;0;3
26232;Peyrus;84;26;0;0;0;0;0;0;0;0;0;0;0;0;0;0;0;0;0;0;0;1;0;0;0;0;0;2;1;0;0;0;1;0;0;2;1;0;0
26233;Piégon;84;26;0;0;0;0;0;0;0;0;0;0;0;0;0;0;0;0;0;0;0;0;0;0;0;0;0;1;1;2;0;0;1;0;0;1;1;0;1
26234;Piégros-la-Clastre;84;26;0;0;0;0;0;0;0;0;0;0;0;0;0;0;0;0;0;0;0;1;0;0;0;0;5;3;2;1;1;1;1;0;0;1;0;0;3
26235;Pierrelatte;84;26;1;1;0;0;0;0;0;0;0;0;1;1;0;0;0;10;1;1;0;0;34;4;1;5;31;31;13;18;20;3;27;2;9;62;13;2;13
26236;Pierrelongue;84;26;0;0;0;0;0;0;0;0;0;0;0;0;0;0;0;0;0;0;0;0;0;0;0;0;3;2;1;1;0;0;0;0;0;1;0;0;0
26238;Les Pilles;84;26;0;0;0;0;0;0;0;0;0;0;0;0;0;0;0;0;0;0;0;0;0;0;0;0;3;1;1;1;1;0;0;0;0;0;0;0;0
26239;Plaisians;84;26;0;0;0;0;0;0;0;0;0;0;0;0;0;0;0;0;0;0;0;0;1;0;0;0;2;0;0;0;0;0;0;0;0;1;0;0;0
26240;Plan-de-Baix;84;26;0;0;0;0;0;0;0;0;0;0;0;0;0;0;0;0;0;0;0;0;0;0;0;0;2;0;2;0;1;0;0;0;0;2;0;0;0
26241;Le Poët-Célard;84;26;0;0;0;0;0;0;0;0;0;0;0;0;0;0;0;0;0;0;0;0;0;0;0;0;0;0;1;1;0;0;0;0;0;0;0;0;0
26242;Le Poët-en-Percip;84;26;0;0;0;0;0;0;0;0;0;0;0;0;0;0;0;0;0;0;0;0;0;0;0;0;0;0;0;0;0;0;0;0;0;0;0;0;0
26243;Le Poët-Laval;84;26;0;0;0;0;0;0;0;0;0;0;0;0;0;0;0;0;0;0;0;1;1;0;0;0;7;3;1;0;2;0;0;0;0;2;0;0;1
26244;Le Poët-Sigillat;84;26;0;0;0;0;0;0;0;0;0;0;0;0;0;0;0;0;0;0;0;0;0;0;0;0;0;0;0;0;1;0;0;0;0;1;0;0;0
26245;Pommerol;84;26;0;0;0;0;0;0;0;0;0;0;0;0;0;0;0;0;0;0;0;0;0;0;0;0;0;0;0;0;0;0;0;0;0;0;0;0;0
26246;Ponet-et-Saint-Auban;84;26;0;0;0;0;0;0;0;0;0;0;0;0;0;0;0;0;0;0;0;0;1;0;0;0;0;0;1;0;0;0;0;0;0;0;0;0;0
26247;Ponsas;84;26;0;0;0;0;0;0;0;0;0;0;0;0;0;0;0;0;0;0;0;0;1;0;0;0;1;2;0;1;0;0;1;0;0;0;1;0;0
26248;Pontaix;84;26;0;0;0;0;0;0;0;0;0;0;0;0;0;0;0;0;0;0;0;0;0;0;0;0;0;0;0;1;0;0;0;0;0;2;0;0;0
26249;Pont-de-Barret;84;26;0;0;0;0;0;0;0;0;0;0;0;0;0;0;0;0;0;0;0;1;2;0;0;0;5;1;2;2;3;2;0;0;0;3;0;0;0
26250;Pont-de-l'Isère;84;26;0;0;0;0;0;0;0;0;0;0;0;0;0;0;0;0;0;1;0;0;8;1;0;3;10;3;7;8;1;0;5;0;0;8;1;0;5
26251;Portes-en-Valdaine;84;26;0;0;0;0;0;0;0;0;0;0;0;0;0;0;0;0;0;0;0;0;3;0;0;0;3;2;0;3;2;0;1;0;0;1;0;0;0
26252;Portes-lès-Valence;84;26;0;0;0;0;0;0;0;0;0;0;0;0;0;0;0;8;1;1;0;0;29;2;3;2;23;15;13;16;12;3;14;2;0;34;8;2;9
26253;Poyols;84;26;0;0;0;0;0;0;0;0;0;0;0;0;0;0;0;0;0;0;0;0;0;0;0;0;0;0;1;0;0;0;0;0;0;0;0;0;0
26254;Pradelle;84;26;0;0;0;0;0;0;0;0;0;0;0;0;0;0;0;0;0;0;0;0;0;0;0;0;0;0;0;0;0;0;0;0;0;0;0;0;0
26255;Les Prés;84;26;0;0;0;0;0;0;0;0;0;0;0;0;0;0;0;0;0;0;0;0;0;0;0;0;0;0;0;0;0;0;0;0;0;0;0;0;0
26256;Propiac;84;26;0;0;0;0;0;0;0;0;0;0;0;0;0;0;0;0;0;0;0;0;0;0;0;0;1;0;0;0;0;0;0;0;0;0;0;0;1
26257;Puygiron;84;26;0;0;0;0;0;0;0;0;0;0;0;0;0;0;0;0;0;0;0;0;0;0;0;0;2;0;1;1;1;0;0;0;0;0;0;0;0
26258;Puy-Saint-Martin;84;26;0;1;0;0;0;0;0;0;0;0;0;0;0;0;0;0;0;0;0;1;1;0;0;0;6;0;3;3;0;1;1;0;0;2;1;0;1
26259;Ratières;84;26;0;0;0;0;0;0;0;0;0;0;0;0;0;0;0;0;0;0;0;0;0;0;0;0;0;1;0;0;0;0;1;0;0;0;0;0;0
26261;Réauville;84;26;0;0;0;0;0;0;0;0;0;0;0;0;0;0;0;0;0;0;0;0;0;0;0;0;2;0;3;2;1;0;0;0;0;2;0;0;1
26262;Recoubeau-Jansac;84;26;0;0;0;0;0;0;0;0;0;0;0;0;0;0;0;0;0;0;0;1;1;0;0;0;1;2;2;0;0;1;0;0;0;1;0;0;0
26263;Reilhanette;84;26;0;0;0;0;0;0;0;0;0;0;0;0;0;0;0;0;0;0;0;0;1;0;0;0;0;0;0;3;2;0;0;0;0;1;0;0;0
26264;Rémuzat;84;26;0;1;0;0;0;0;0;0;0;0;1;0;0;0;0;0;0;0;0;1;0;0;0;0;4;1;0;0;0;0;0;0;0;1;0;0;0
26266;Rimon-et-Savel;84;26;0;0;0;0;0;0;0;0;0;0;0;0;0;0;0;0;0;0;0;0;0;0;0;0;1;0;0;0;0;0;0;0;0;0;1;0;0
26267;Rioms;84;26;0;0;0;0;0;0;0;0;0;0;0;0;0;0;0;0;0;0;0;0;0;0;0;0;1;0;0;0;0;0;0;0;0;0;0;0;0
26268;Rochebaudin;84;26;0;0;0;0;0;0;0;0;0;0;0;0;0;0;0;0;0;0;0;0;1;0;0;0;0;0;0;0;0;0;0;0;0;1;0;0;0
26269;Rochebrune;84;26;0;0;0;0;0;0;0;0;0;0;0;0;0;0;0;0;0;0;0;0;0;0;0;0;1;0;0;0;0;0;0;0;0;0;0;0;0
26270;Rochechinard;84;26;0;0;0;0;0;0;0;0;0;0;0;0;0;0;0;0;0;0;0;0;0;0;0;0;0;2;0;0;0;0;0;0;0;0;0;0;1
26271;La Roche-de-Glun;84;26;0;0;0;0;0;0;0;0;0;0;0;0;0;0;0;3;0;1;0;0;8;0;1;2;4;9;5;6;5;0;6;0;0;6;1;0;4
26272;Rochefort-en-Valdaine;84;26;0;0;0;0;0;0;0;0;0;0;0;0;0;0;0;0;0;0;0;0;1;0;0;0;3;0;0;0;0;0;0;0;0;0;0;0;1
26273;Rochefort-Samson;84;26;0;0;0;0;0;0;0;0;0;0;0;0;0;0;0;0;0;0;0;0;2;0;0;0;2;1;3;1;1;0;0;0;0;1;0;0;0
26274;Rochefourchat;84;26;0;0;0;0;0;0;0;0;0;0;0;0;0;0;0;0;0;0;0;0;0;0;0;0;0;0;0;0;0;0;0;0;0;0;0;0;0
26275;Rochegude;84;26;0;0;0;0;0;0;0;0;0;0;0;0;0;0;0;0;0;0;0;1;1;0;0;0;9;3;5;5;2;0;3;0;0;6;1;0;3
26276;Roche-Saint-Secret-Béconne;84;26;0;0;0;0;0;0;0;0;0;0;0;0;0;0;0;0;0;0;0;0;0;0;0;0;3;1;0;2;1;0;0;0;0;2;0;0;0
26277;La Roche-sur-Grane;84;26;0;0;0;0;0;0;0;0;0;0;0;0;0;0;0;0;0;0;0;0;0;0;0;0;1;0;0;0;0;0;0;0;0;1;0;0;0
26278;La Roche-sur-le-Buis;84;26;0;0;0;0;0;0;0;0;0;0;0;0;0;0;0;0;0;0;0;0;0;0;0;0;7;1;1;0;1;0;0;0;0;2;0;0;0
26279;La Rochette-du-Buis;84;26;0;0;0;0;0;0;0;0;0;0;0;0;0;0;0;0;0;0;0;0;0;0;0;0;0;0;0;0;1;0;0;0;0;0;0;0;0
26281;Romans-sur-Isère;84;26;1;1;0;0;1;0;1;0;0;0;3;1;0;1;0;16;6;3;0;0;44;5;4;13;74;70;39;38;43;10;60;5;6;127;36;6;28
26282;Romeyer;84;26;0;0;0;0;0;0;0;0;0;0;0;0;0;0;0;0;0;0;0;0;0;0;0;0;1;1;2;0;1;0;0;0;0;1;0;0;0
26283;Rottier;84;26;0;0;0;0;0;0;0;0;0;0;0;0;0;0;0;0;0;0;0;0;1;0;0;0;0;0;0;0;0;0;0;0;0;0;0;0;0
26284;Roussas;84;26;0;0;0;0;0;0;0;0;0;0;0;0;0;0;0;0;0;0;0;0;0;0;0;0;3;0;0;0;0;1;0;0;0;1;0;0;0
26285;Rousset-les-Vignes;84;26;0;0;0;0;0;0;0;0;0;0;0;0;0;0;0;0;0;0;0;0;0;0;0;0;0;2;0;1;1;0;0;0;0;1;0;0;0
26286;Roussieux;84;26;0;0;0;0;0;0;0;0;0;0;0;0;0;0;0;0;0;0;0;0;0;0;0;0;0;0;0;0;0;0;0;0;0;0;0;0;0
26287;Roynac;84;26;0;0;0;0;0;0;0;0;0;0;0;0;0;0;0;0;0;0;0;0;3;0;0;0;2;1;1;1;1;0;0;0;0;2;1;0;0
26288;Sahune;84;26;0;0;0;0;0;0;0;0;0;0;0;0;0;0;0;0;0;0;0;1;1;0;0;0;1;0;1;1;0;0;1;0;0;0;0;0;0
26289;Saillans;84;26;0;1;0;0;0;0;0;0;0;0;0;0;0;0;0;0;0;1;0;0;3;0;0;0;6;0;1;4;4;0;1;0;0;14;2;1;1
26290;Saint-Agnan-en-Vercors;84;26;0;0;0;0;0;0;0;0;0;0;0;0;0;0;0;0;0;0;0;1;0;0;0;0;0;0;0;0;2;0;0;0;0;5;0;0;0
26291;Saint-Andéol;84;26;0;0;0;0;0;0;0;0;0;0;0;0;0;0;0;0;0;0;0;0;0;0;0;0;1;0;0;0;1;0;0;0;0;0;0;0;0
26292;Saint-Auban-sur-l'Ouvèze;84;26;0;0;0;0;0;0;0;0;0;0;0;0;0;0;0;0;0;0;0;1;0;0;0;0;0;0;1;0;0;0;0;0;0;2;0;0;0
26293;Saint-Avit;84;26;0;0;0;0;0;0;0;0;0;0;0;0;0;0;0;0;0;0;0;0;0;0;0;0;1;2;1;0;0;0;1;0;0;1;0;0;0
26294;Saint-Bardoux;84;26;0;0;0;0;0;0;0;0;0;0;0;0;0;0;0;0;0;0;0;0;0;0;0;0;5;5;0;0;0;0;2;0;0;0;1;0;0
26295;Saint-Barthélemy-de-Vals;84;26;0;0;0;0;0;0;0;0;0;0;0;0;0;0;0;0;0;0;1;0;2;0;0;0;5;5;2;2;1;2;1;1;0;5;1;0;0
26296;Saint-Benoit-en-Diois;84;26;0;0;0;0;0;0;0;0;0;0;0;0;0;0;0;0;0;0;0;0;0;0;0;0;0;0;0;0;0;0;0;0;0;0;0;0;0
26297;Saint-Bonnet-de-Valclérieux;84;26;0;0;0;0;0;0;0;0;0;0;0;0;0;0;0;0;0;0;0;0;0;0;0;0;1;0;1;0;0;0;0;0;0;1;0;0;0
26298;Saint-Christophe-et-le-Laris;84;26;0;0;0;0;0;0;0;0;0;0;0;0;0;0;0;0;0;0;1;0;1;0;0;0;1;0;2;0;0;0;0;0;0;0;1;0;0
26299;Sainte-Croix;84;26;0;0;0;0;0;0;0;0;0;0;0;0;0;0;0;0;0;0;0;0;0;0;0;0;0;0;1;0;0;0;0;0;0;0;0;0;0
26300;Saint-Dizier-en-Diois;84;26;0;0;0;0;0;0;0;0;0;0;0;0;0;0;0;0;0;0;0;0;0;0;0;0;0;0;0;0;0;0;0;0;0;0;0;0;0
26301;Saint-Donat-sur-l'Herbasse;84;26;0;1;0;0;0;0;0;0;0;0;1;0;0;0;0;4;1;1;0;0;9;2;0;1;11;7;10;6;4;3;6;1;0;14;3;1;4
26302;Sainte-Eulalie-en-Royans;84;26;0;0;0;0;0;0;0;0;0;0;0;0;0;0;0;0;0;0;0;0;0;0;0;0;2;1;0;1;1;0;0;0;0;0;0;0;0
26303;Sainte-Euphémie-sur-Ouvèze;84;26;0;0;0;0;0;0;0;0;0;0;0;0;0;0;0;0;0;0;0;0;0;0;0;0;1;0;0;0;0;0;1;0;0;1;0;0;0
26304;Saint-Ferréol-Trente-Pas;84;26;0;0;0;0;0;0;0;0;0;0;0;0;0;0;0;0;0;0;0;0;0;0;0;0;0;0;0;0;0;1;0;0;0;0;0;0;0
26305;Saint-Gervais-sur-Roubion;84;26;0;0;0;0;0;0;0;0;0;0;0;0;0;0;0;0;0;0;0;1;2;0;0;0;4;4;4;0;1;1;1;0;0;2;0;0;1
26306;Sainte-Jalle;84;26;0;0;0;0;0;0;0;0;0;0;0;0;0;0;0;0;0;1;0;0;1;0;0;0;0;1;0;0;1;0;0;0;0;1;0;0;0
26307;Saint-Jean-en-Royans;84;26;0;1;0;0;0;0;0;0;0;0;1;0;0;0;0;5;2;1;0;0;5;1;0;2;9;5;7;6;6;0;5;3;0;9;5;1;4
26308;Saint-Julien-en-Quint;84;26;0;0;0;0;0;0;0;0;0;0;0;0;0;0;0;0;0;0;0;0;0;0;0;0;0;0;0;1;0;0;0;0;0;0;0;0;0
26309;Saint-Julien-en-Vercors;84;26;0;0;0;0;0;0;0;0;0;0;0;0;0;0;0;0;0;0;0;1;0;0;0;0;1;0;0;0;0;0;1;0;0;1;0;0;0
26310;Saint-Laurent-d'Onay;84;26;0;0;0;0;0;0;0;0;0;0;0;0;0;0;0;0;0;0;0;0;1;0;0;0;1;0;1;0;0;0;0;0;0;0;0;0;0
26311;Saint-Laurent-en-Royans;84;26;0;0;0;0;0;0;0;0;0;0;0;0;0;0;0;0;0;1;0;0;3;0;0;0;3;0;4;4;0;0;1;0;0;2;3;1;0
26312;Saint-Marcel-lès-Sauzet;84;26;0;0;0;0;0;0;0;0;0;0;0;0;0;0;0;0;0;0;0;0;1;0;0;1;6;5;2;0;1;1;3;0;0;2;1;0;1
26313;Saint-Marcel-lès-Valence;84;26;0;0;0;0;0;0;0;0;0;0;0;0;0;0;0;3;1;1;0;0;9;3;5;1;28;9;15;11;13;6;6;2;2;26;3;0;5
26314;Saint-Martin-d'Août;84;26;0;0;0;0;0;0;0;0;0;0;0;0;0;0;0;0;0;0;0;0;0;0;0;0;0;1;1;1;0;0;0;0;0;0;1;0;0
26315;Saint-Martin-en-Vercors;84;26;0;0;0;0;0;0;0;0;0;0;0;0;0;0;0;0;0;1;0;0;1;0;0;0;0;1;2;0;0;0;1;0;0;3;0;0;0
26316;Saint-Martin-le-Colonel;84;26;0;0;0;0;0;0;0;0;0;0;0;0;0;0;0;0;0;0;0;0;1;0;0;0;0;0;1;1;1;0;0;0;0;1;0;0;0
26317;Saint-Maurice-sur-Eygues;84;26;0;0;0;0;0;0;0;0;0;0;0;0;0;0;0;0;1;1;0;0;1;0;0;0;6;4;2;2;1;1;1;0;0;2;0;0;0
26318;Saint-May;84;26;0;0;0;0;0;0;0;0;0;0;0;0;0;0;0;0;0;0;0;0;0;0;0;0;0;0;0;0;0;0;0;0;0;0;0;0;0
26319;Saint-Michel-sur-Savasse;84;26;0;0;0;0;0;0;0;0;0;0;0;0;0;0;0;0;0;0;0;0;0;0;0;0;0;1;1;0;1;0;1;0;0;0;1;0;0
26320;Saint-Nazaire-en-Royans;84;26;0;0;0;0;0;0;0;0;0;0;0;0;0;0;0;0;0;1;0;0;0;0;0;0;3;2;0;2;1;0;1;0;0;5;0;0;0
26321;Saint-Nazaire-le-Désert;84;26;0;0;0;0;0;0;0;0;0;0;0;0;0;0;0;0;0;0;0;1;0;0;0;0;2;1;0;0;1;0;0;0;0;2;0;0;0
26322;Saint-Pantaléon-les-Vignes;84;26;0;0;0;0;0;0;0;0;0;0;0;0;0;0;0;0;0;0;0;1;0;0;0;0;1;1;0;1;2;0;2;0;0;1;0;0;0
26323;Saint-Paul-lès-Romans;84;26;0;0;0;0;0;0;0;0;0;0;0;0;0;0;0;0;0;0;0;1;8;1;0;0;2;3;9;3;4;0;5;1;0;12;1;1;3
26324;Saint-Paul-Trois-Châteaux;84;26;0;1;0;0;0;0;0;0;0;0;1;0;0;0;0;8;3;1;0;0;9;1;0;3;23;18;5;3;8;2;21;1;1;24;11;0;13
26325;Saint-Rambert-d'Albon;84;26;0;1;0;0;0;0;0;0;0;0;1;0;0;0;0;4;3;1;0;0;15;1;1;2;29;20;11;12;8;3;9;1;0;20;6;1;8
26326;Saint-Restitut;84;26;0;0;0;0;0;0;0;0;0;0;0;0;0;0;0;0;0;0;0;1;2;1;0;1;11;4;2;1;1;1;2;0;0;4;2;0;3
26327;Saint-Roman;84;26;0;0;0;0;0;0;0;0;0;0;0;0;0;0;0;0;0;0;0;0;0;0;0;0;0;1;0;0;0;2;0;0;0;2;0;0;0
26328;Saint-Sauveur-en-Diois;84;26;0;0;0;0;0;0;0;0;0;0;0;0;0;0;0;0;0;0;0;0;0;0;0;0;0;0;1;0;0;0;0;0;0;0;0;0;0
26329;Saint-Sauveur-Gouvernet;84;26;0;0;0;0;0;0;0;0;0;0;0;0;0;0;0;0;0;0;0;0;0;0;0;0;0;0;0;0;0;0;0;0;0;1;0;0;0
26330;Saint-Sorlin-en-Valloire;84;26;0;0;0;0;0;0;0;0;0;0;0;0;0;0;0;0;2;1;0;0;5;1;1;1;4;3;6;4;4;0;4;0;0;5;2;0;1
26331;Saint-Thomas-en-Royans;84;26;0;0;0;0;0;0;0;0;0;0;0;0;0;0;0;0;0;0;0;0;0;0;0;0;3;0;1;0;0;0;0;0;0;1;1;0;0
26332;Saint-Uze;84;26;0;0;0;0;0;0;0;0;0;0;0;0;0;0;0;0;0;1;0;0;2;0;0;1;5;8;1;3;3;1;2;0;0;2;1;0;2
26333;Saint-Vallier;84;26;0;1;0;0;0;0;0;0;0;0;1;0;0;0;0;9;2;1;0;0;8;1;0;3;5;13;1;5;7;1;7;1;5;20;7;0;5
26334;Salettes;84;26;0;0;0;0;0;0;0;0;0;0;0;0;0;0;0;0;0;0;0;0;0;0;0;0;1;0;1;0;0;0;0;0;0;0;1;0;0
26335;Salles-sous-Bois;84;26;0;0;0;0;0;0;0;0;0;0;0;0;0;0;0;0;0;0;0;0;0;0;0;0;0;0;0;0;1;0;0;0;0;2;0;0;0
26336;Saou;84;26;0;0;0;0;0;0;0;0;0;0;0;0;0;0;0;0;0;1;0;0;2;0;0;0;6;0;1;0;2;0;5;0;0;6;0;0;0
26337;Saulce-sur-Rhône;84;26;0;0;0;0;0;0;0;0;0;0;0;0;0;0;0;0;0;1;0;0;5;2;0;0;8;4;4;3;2;1;4;1;1;6;1;0;1
26338;Sauzet;84;26;0;0;0;0;0;0;0;0;0;0;1;0;0;0;0;1;0;1;0;0;4;0;0;1;12;5;7;3;5;0;1;0;0;3;2;0;2
26339;Savasse;84;26;0;0;0;0;0;0;0;0;0;0;0;0;0;0;0;0;0;0;0;1;6;0;0;0;6;3;1;2;3;1;0;1;0;3;1;0;0
26340;Séderon;84;26;0;0;0;0;0;0;0;0;0;0;0;0;0;0;0;2;0;1;0;0;1;0;0;0;4;0;1;0;0;0;1;1;0;3;0;0;0
26341;Serves-sur-Rhône;84;26;0;0;0;0;0;0;0;0;0;0;0;0;0;0;0;0;0;0;0;1;3;0;0;0;1;2;1;1;1;0;0;0;0;1;0;0;2
26342;Solérieux;84;26;0;0;0;0;0;0;0;0;0;0;0;0;0;0;0;0;0;0;0;0;0;0;0;0;4;0;0;0;1;0;0;0;0;0;1;0;1
26343;Souspierre;84;26;0;0;0;0;0;0;0;0;0;0;0;0;0;0;0;0;0;0;0;0;0;0;0;0;1;0;0;0;0;0;0;0;0;0;0;0;0
26344;Soyans;84;26;0;0;0;0;0;0;0;0;0;0;0;0;0;0;0;0;0;0;0;0;0;0;0;0;1;0;0;0;0;0;0;0;0;1;1;0;0
26345;Suze-la-Rousse;84;26;0;1;0;0;0;0;0;0;0;0;0;0;0;0;0;2;0;1;0;0;4;0;0;1;4;3;3;2;4;0;5;0;0;5;4;0;1
26346;Suze;84;26;0;0;0;0;0;0;0;0;0;0;0;0;0;0;0;1;0;0;0;0;0;0;0;0;0;0;0;0;3;0;0;0;0;0;0;0;0
26347;Tain-l'Hermitage;84;26;0;1;0;0;0;0;0;0;0;0;1;0;0;0;0;9;2;1;0;0;11;1;0;3;8;6;2;6;6;0;13;2;2;25;5;1;14
26348;Taulignan;84;26;0;0;0;0;0;0;0;0;0;0;0;0;0;0;0;2;0;1;0;0;3;0;0;1;4;1;1;2;1;0;2;0;0;5;2;0;1
26349;Tersanne;84;26;0;0;0;0;0;0;0;0;0;0;0;0;0;0;0;0;0;0;0;0;0;0;0;0;1;0;0;1;1;0;1;0;0;0;0;0;0
26350;Teyssières;84;26;0;0;0;0;0;0;0;0;0;0;0;0;0;0;0;0;0;0;0;0;0;0;0;0;0;0;0;1;0;0;0;0;0;1;0;0;0
26351;Les Tonils;84;26;0;0;0;0;0;0;0;0;0;0;0;0;0;0;0;0;0;0;0;0;0;0;0;0;0;0;0;0;0;0;0;0;0;0;0;0;1
26352;La Touche;84;26;0;0;0;0;0;0;0;0;0;0;0;0;0;0;0;0;0;0;0;0;0;0;0;0;2;0;0;0;0;1;0;0;0;0;0;0;0
26353;Les Tourrettes;84;26;0;0;0;0;0;0;0;0;0;0;0;0;0;0;0;0;0;0;0;0;1;1;0;0;3;4;2;2;0;0;0;0;0;4;0;0;0
26354;Treschenu-Creyers;84;26;0;0;0;0;0;0;0;0;0;0;0;0;0;0;0;0;0;0;0;0;0;0;0;0;2;0;0;0;2;0;0;0;0;2;0;0;0
26355;Triors;84;26;0;0;0;0;0;0;0;0;0;0;0;0;0;0;0;0;0;0;0;0;0;0;0;0;0;0;2;0;1;0;1;0;0;0;1;0;0
26356;Truinas;84;26;0;0;0;0;0;0;0;0;0;0;0;0;0;0;0;0;0;0;0;0;0;0;0;0;1;0;0;1;0;0;0;0;0;0;0;0;0
26357;Tulette;84;26;0;0;0;0;0;0;0;0;0;0;0;0;0;0;0;1;2;1;0;0;4;0;0;1;5;4;1;4;8;1;9;0;2;13;1;1;3
26358;Upie;84;26;0;0;0;0;0;0;0;0;0;0;0;0;0;0;0;0;0;0;1;0;3;0;0;0;5;3;4;6;5;0;3;0;0;2;0;0;1
26359;Vachères-en-Quint;84;26;0;0;0;0;0;0;0;0;0;0;0;0;0;0;0;0;0;0;0;0;0;0;0;0;0;0;0;0;0;0;0;0;0;1;0;0;0
26360;Valaurie;84;26;0;0;0;0;0;0;0;0;0;0;0;0;0;0;0;0;0;0;0;1;1;0;0;1;0;1;4;3;1;0;2;0;0;7;1;0;1
26361;Valdrôme;84;26;0;0;0;0;0;0;0;0;0;0;0;0;0;0;0;0;0;0;0;0;0;0;0;0;1;0;0;0;0;0;1;0;0;0;1;0;0
26362;Valence;84;26;1;0;0;1;1;1;0;1;0;0;20;3;1;0;0;56;11;8;0;0;76;7;11;26;137;148;75;78;54;45;113;8;32;284;80;13;67
26363;Valouse;84;26;0;0;0;0;0;0;0;0;0;0;0;0;0;0;0;0;0;0;0;0;0;0;0;0;0;0;0;0;0;0;0;0;0;0;0;0;0
26364;Vassieux-en-Vercors;84;26;0;0;0;0;0;0;0;0;0;0;0;0;0;0;0;0;0;0;0;1;1;0;0;0;0;0;1;0;0;1;0;0;0;4;0;0;0
26365;Vaunaveys-la-Rochette;84;26;0;0;0;0;0;0;0;0;0;0;0;0;0;0;0;0;0;0;0;0;1;0;0;0;3;0;0;0;1;0;0;0;0;1;0;1;0
26367;Venterol;84;26;0;0;0;0;0;0;0;0;0;0;0;0;0;0;0;0;0;0;0;1;3;0;0;0;3;2;2;2;2;0;0;0;0;3;0;0;1
26368;Vercheny;84;26;0;0;0;0;0;0;0;0;0;0;0;0;0;0;0;0;0;0;0;1;0;0;0;1;1;0;0;1;0;0;0;0;0;2;0;0;0
26369;Verclause;84;26;0;0;0;0;0;0;0;0;0;0;0;0;0;0;0;0;0;0;1;0;0;0;0;0;0;0;1;0;1;0;0;0;0;1;0;0;0
26370;Vercoiran;84;26;0;0;0;0;0;0;0;0;0;0;0;0;0;0;0;0;0;0;0;0;0;0;0;0;1;0;1;1;0;0;0;0;0;2;0;0;0
26371;Véronne;84;26;0;0;0;0;0;0;0;0;0;0;0;0;0;0;0;0;0;0;0;0;0;0;0;0;0;1;0;0;0;0;0;0;0;0;0;0;0
26372;Vers-sur-Méouge;84;26;0;0;0;0;0;0;0;0;0;0;0;0;0;0;0;0;0;0;0;0;1;0;0;0;0;0;0;0;0;0;0;0;0;0;0;0;0
26373;Vesc;84;26;0;0;0;0;0;0;0;0;0;0;0;0;0;0;0;0;0;0;0;0;1;0;0;0;2;0;0;0;1;0;0;0;0;2;0;0;0
26374;Villebois-les-Pins;84;26;0;0;0;0;0;0;0;0;0;0;0;0;0;0;0;0;0;0;0;0;0;0;0;0;0;0;0;0;0;0;0;0;0;0;0;0;0
26375;Villefranche-le-Château;84;26;0;0;0;0;0;0;0;0;0;0;0;0;0;0;0;0;0;0;0;0;0;0;0;0;0;0;0;0;0;0;0;0;0;0;0;0;0
26376;Villeperdrix;84;26;0;0;0;0;0;0;0;0;0;0;0;0;0;0;0;0;0;0;0;0;0;0;0;0;3;0;0;0;0;0;0;0;0;0;0;0;0
26377;Vinsobres;84;26;0;0;0;0;0;0;0;0;0;0;0;0;0;0;0;0;1;0;1;0;4;0;0;0;5;1;0;1;1;0;4;0;0;9;0;0;2
26378;Volvent;84;26;0;0;0;0;0;0;0;0;0;0;0;0;0;0;0;0;0;0;0;0;0;0;0;0;0;0;0;0;0;0;0;0;0;0;0;0;0
26379;Granges-les-Beaumont;84;26;0;0;0;0;0;0;0;0;0;0;0;0;0;0;0;0;0;0;0;0;2;0;0;0;2;0;0;0;1;0;1;0;0;2;0;0;2
26380;Gervans;84;26;0;0;0;0;0;0;0;0;0;0;0;0;0;0;0;0;0;0;0;0;4;0;0;0;4;2;0;0;0;0;0;0;0;3;0;0;0
26381;Jaillans;84;26;0;0;0;0;0;0;0;0;0;0;0;0;0;0;0;0;0;0;0;0;1;0;0;0;4;1;0;2;1;0;0;0;0;2;0;0;1
26382;Saint-Vincent-la-Commanderie;84;26;0;0;0;0;0;0;0;0;0;0;0;0;0;0;0;0;0;0;0;0;1;0;0;0;2;0;2;1;0;0;0;0;0;3;0;0;0
27001;Aclou;28;27;0;0;0;0;0;0;0;0;0;0;0;0;0;0;0;0;0;0;0;0;1;0;0;0;1;0;1;1;0;0;3;0;0;1;0;0;1
27002;Acon;28;27;0;0;0;0;0;0;0;0;0;0;0;0;0;0;0;0;0;0;0;0;2;0;0;0;1;1;0;0;0;0;0;0;0;1;0;0;0
27003;Acquigny;28;27;0;0;0;0;0;0;0;0;0;0;0;0;0;0;0;0;0;1;0;0;6;0;0;1;5;2;2;1;1;2;3;0;0;6;2;0;1
27004;Aigleville;28;27;0;0;0;0;0;0;0;0;0;0;0;0;0;0;0;0;0;0;0;0;1;0;0;0;1;0;0;0;0;1;0;0;0;0;0;0;1
27005;Ailly;28;27;0;0;0;0;0;0;0;0;0;0;0;0;0;0;0;0;2;0;0;0;0;0;0;0;3;1;8;4;2;1;1;0;0;0;0;0;0
27006;Aizier;28;27;0;0;0;0;0;0;0;0;0;0;0;0;0;0;0;0;0;0;0;0;0;0;0;0;0;0;0;1;0;0;0;0;0;0;0;0;0
27008;Alizay;28;27;0;0;0;0;0;0;0;0;0;0;0;0;0;0;0;0;0;1;0;0;4;0;0;2;1;1;1;5;1;1;3;0;0;0;0;0;1
27009;Ambenay;28;27;0;0;0;0;0;0;0;0;0;0;0;0;0;0;0;0;0;0;0;0;1;0;0;0;2;4;2;0;0;0;0;0;0;2;0;0;0
27010;Amécourt;28;27;0;0;0;0;0;0;0;0;0;0;0;0;0;0;0;0;0;0;0;0;0;0;0;0;0;0;1;0;0;1;0;0;0;0;0;0;0
27011;Amfreville-Saint-Amand;28;27;0;1;0;0;0;0;0;0;0;0;0;0;0;0;0;0;0;1;0;0;2;1;0;1;2;1;2;1;4;0;1;0;0;2;1;0;2
27012;Amfreville-les-Champs;28;27;0;0;0;0;0;0;0;0;0;0;0;0;0;0;0;0;0;0;0;0;0;0;0;0;0;0;0;1;0;0;0;0;0;0;0;0;0
27013;Amfreville-sous-les-Monts;28;27;0;0;0;0;0;0;0;0;0;0;0;0;0;0;0;0;0;0;0;0;1;0;0;0;0;1;0;1;0;1;0;1;0;1;0;0;1
27014;Amfreville-sur-Iton;28;27;0;0;0;0;0;0;0;0;0;0;0;0;0;0;0;0;0;0;0;0;2;0;0;0;0;0;0;1;1;0;0;0;0;0;0;0;1
27015;Andé;28;27;0;0;0;0;0;0;0;0;0;0;0;0;0;0;0;0;0;0;0;0;4;0;1;0;2;0;3;1;2;1;0;0;0;1;0;0;0
27016;Les Andelys;28;27;1;1;0;0;1;0;0;0;0;0;4;0;0;0;0;9;2;1;0;0;17;2;0;5;5;5;10;14;8;3;12;2;1;25;4;2;2
27017;Angerville-la-Campagne;28;27;0;0;0;0;0;0;0;0;0;0;0;0;0;0;0;0;1;0;0;0;13;1;0;0;1;0;4;3;1;0;2;0;0;0;0;0;0
27018;Appeville-Annebault;28;27;0;0;0;0;0;0;0;0;0;0;0;0;0;0;0;0;0;0;0;0;1;0;0;0;2;1;0;2;0;0;1;0;0;1;2;0;1
27019;Armentières-sur-Avre;28;27;0;0;0;0;0;0;0;0;0;0;0;0;0;0;0;0;0;0;0;0;1;0;0;0;0;1;1;0;1;0;0;0;0;2;0;0;0
27020;Arnières-sur-Iton;28;27;0;0;0;0;0;0;0;0;0;0;0;0;0;0;0;0;0;0;1;0;1;0;0;0;2;2;1;2;1;1;1;0;0;0;0;0;0
27021;Asnières;28;27;0;0;0;0;0;0;0;0;0;0;0;0;0;0;0;0;0;0;0;0;0;0;0;0;0;1;1;0;1;0;1;0;0;0;0;0;0
27022;Le Val d'Hazey;28;27;0;0;0;0;0;0;0;0;0;0;0;0;0;0;0;0;0;1;0;0;6;1;0;1;7;3;11;8;4;4;7;0;0;7;0;1;2
27023;Aulnay-sur-Iton;28;27;0;0;0;0;0;0;0;0;0;0;0;0;0;0;0;0;0;0;0;0;0;0;0;0;0;2;1;0;0;1;2;0;0;0;0;0;1
27025;Autheuil-Authouillet;28;27;0;0;0;0;0;0;0;0;0;0;0;0;0;0;0;0;0;0;1;0;2;0;0;0;2;2;2;2;0;1;1;0;0;1;2;0;0
27026;Authevernes;28;27;0;0;0;0;0;0;0;0;0;0;0;0;0;0;0;0;0;0;0;0;2;0;0;0;2;0;1;0;0;0;0;0;0;0;1;0;0
27027;Les Authieux;28;27;0;0;0;0;0;0;0;0;0;0;0;0;0;0;0;0;0;0;0;0;0;0;0;0;0;0;2;0;1;0;0;0;0;1;0;0;0
27028;Authou;28;27;0;0;0;0;0;0;0;0;0;0;0;0;0;0;0;0;0;0;0;0;0;0;0;0;0;0;4;0;0;0;1;0;0;0;0;0;0
27031;Aviron;28;27;0;0;0;0;0;0;0;0;0;0;0;0;0;0;0;0;0;0;0;0;0;0;0;0;3;1;1;2;1;0;1;0;0;0;0;0;0
27032;Chambois;28;27;0;0;0;0;0;0;0;0;0;0;0;0;0;0;0;0;0;0;0;0;2;0;0;0;2;2;4;2;3;0;0;0;0;1;0;0;1
27033;Bacquepuis;28;27;0;0;0;0;0;0;0;0;0;0;0;0;0;0;0;0;0;0;0;0;1;0;0;0;0;0;1;0;0;0;0;0;0;0;0;0;0
27034;Bacqueville;28;27;0;0;0;0;0;0;0;0;0;0;0;0;0;0;0;0;0;0;0;0;1;0;0;0;1;3;2;0;0;1;1;0;0;0;1;0;0
27035;Bailleul-la-Vallée;28;27;0;0;0;0;0;0;0;0;0;0;0;0;0;0;0;0;0;0;0;0;0;0;0;0;0;0;1;0;0;0;0;0;0;0;0;0;0
27036;Bâlines;28;27;0;0;0;0;0;0;0;0;0;0;0;0;0;0;0;0;0;0;0;0;0;0;0;0;2;3;1;0;0;2;0;0;0;1;0;0;0
27037;Barc;28;27;0;0;0;0;0;0;0;0;0;0;0;0;0;0;0;0;0;0;0;0;0;0;0;1;2;4;1;9;1;1;0;0;0;1;0;0;0
27038;Les Barils;28;27;0;0;0;0;0;0;0;0;0;0;0;0;0;0;0;0;0;0;0;0;0;0;0;0;0;0;0;0;0;0;0;0;0;2;0;0;0
27039;Barneville-sur-Seine;28;27;0;0;0;0;0;0;0;0;0;0;0;0;0;0;0;0;0;0;0;0;1;0;0;1;1;1;0;1;0;1;0;0;0;0;0;0;0
27040;Barquet;28;27;0;0;0;0;0;0;0;0;0;0;0;0;0;0;0;0;0;0;0;0;1;0;0;0;2;0;1;0;0;0;0;0;0;0;0;0;0
27042;Barville;28;27;0;0;0;0;0;0;0;0;0;0;0;0;0;0;0;0;0;0;0;0;0;0;0;0;1;0;1;0;0;0;0;0;0;0;0;0;0
27043;Les Baux-de-Breteuil;28;27;0;0;0;0;0;0;0;0;0;0;0;0;0;0;0;0;0;0;0;0;1;0;0;0;4;0;0;2;1;0;1;0;0;0;0;0;0
27044;Les Baux-Sainte-Croix;28;27;0;0;0;0;0;0;0;0;0;0;0;0;0;0;0;0;0;0;0;0;2;0;0;0;1;0;0;3;1;0;1;0;0;0;1;0;0
27045;Bazincourt-sur-Epte;28;27;0;0;0;0;0;0;0;0;0;0;0;0;0;0;0;0;0;0;0;0;0;0;0;0;2;0;1;1;2;1;1;0;0;1;0;0;0
27046;Bazoques;28;27;0;0;0;0;0;0;0;0;0;0;0;0;0;0;0;0;0;0;0;0;0;0;0;0;0;0;0;0;0;0;0;0;0;1;0;0;0
27047;Beaubray;28;27;0;0;0;0;0;0;0;0;0;0;0;0;0;0;0;0;0;0;0;0;0;0;0;0;1;0;0;2;1;1;0;0;0;0;0;0;0
27048;Beauficel-en-Lyons;28;27;0;0;0;0;0;0;0;0;0;0;0;0;0;0;0;0;0;0;0;0;0;0;0;0;1;0;1;1;0;1;0;0;0;0;0;0;0
27049;Mesnil-en-Ouche;28;27;0;1;0;0;0;0;0;0;0;0;0;0;0;0;0;3;1;2;0;0;12;0;0;1;23;3;16;12;5;2;6;1;0;6;3;0;2
27050;Beaumontel;28;27;0;0;0;0;0;0;0;0;0;0;0;0;0;0;0;0;0;0;0;0;1;0;0;0;0;0;0;1;1;0;0;0;0;1;0;0;0
27051;Beaumont-le-Roger;28;27;0;1;0;0;0;0;0;0;0;0;1;0;0;0;0;4;2;1;0;0;5;1;0;3;2;4;2;5;2;1;7;3;0;15;1;0;2
27052;Le Bec-Hellouin;28;27;0;0;0;0;0;0;0;0;0;0;0;0;0;0;0;0;0;0;1;0;0;0;0;0;0;0;1;1;0;0;0;0;0;6;0;0;0
27053;Le Bec-Thomas;28;27;0;0;0;0;0;0;0;0;0;0;0;0;0;0;0;0;0;0;0;0;1;0;0;0;0;1;1;2;0;0;0;0;0;0;0;0;0
27054;Bémécourt;28;27;0;0;0;0;0;0;0;0;0;0;0;0;0;0;0;0;0;0;0;0;1;0;0;0;2;0;5;1;1;0;0;0;0;0;0;0;0
27055;Bérengeville-la-Campagne;28;27;0;0;0;0;0;0;0;0;0;0;0;0;0;0;0;0;0;0;0;0;0;0;0;0;0;0;0;1;0;0;0;0;0;0;1;0;1
27056;Bernay;28;27;1;1;0;0;1;1;1;0;0;0;4;1;0;0;0;12;4;1;0;0;22;4;1;9;14;18;17;16;7;7;21;2;9;43;8;4;11
27057;Bernienville;28;27;0;0;0;0;0;0;0;0;0;0;0;0;0;0;0;0;0;0;0;0;0;0;0;0;1;0;0;0;0;0;1;0;0;2;0;0;0
27058;Bernières-sur-Seine;28;27;0;0;0;0;0;0;0;0;0;0;0;0;0;0;0;0;0;0;0;0;0;0;0;0;1;1;0;0;0;0;1;0;0;0;0;0;0
27059;Bernouville;28;27;0;0;0;0;0;0;0;0;0;0;0;0;0;0;0;0;0;0;0;0;0;0;0;0;0;0;0;2;3;0;0;0;0;0;0;0;0
27061;Berthouville;28;27;0;0;0;0;0;0;0;0;0;0;0;0;0;0;0;0;0;0;0;0;0;0;0;0;0;0;1;0;0;1;0;0;0;1;0;0;0
27062;Berville-en-Roumois;28;27;0;0;0;0;0;0;0;0;0;0;0;0;0;0;0;0;0;0;0;0;0;0;0;0;0;0;0;3;0;0;2;0;0;0;2;0;0
27063;Berville-la-Campagne;28;27;0;0;0;0;0;0;0;0;0;0;0;0;0;0;0;0;0;0;0;0;1;0;0;0;0;0;0;0;0;0;0;0;0;0;0;0;0
27064;Berville-sur-Mer;28;27;0;0;0;0;0;0;0;0;0;0;0;0;0;0;0;0;0;0;0;0;0;0;0;0;0;3;2;1;1;2;0;1;0;1;0;0;1
27065;Beuzeville;28;27;0;1;0;0;0;0;0;0;0;0;1;0;0;0;0;5;1;1;0;0;8;2;0;5;8;8;9;9;8;4;7;5;1;13;10;0;7
27066;Bézu-la-Forêt;28;27;0;0;0;0;0;0;0;0;0;0;0;0;0;0;0;0;0;0;0;0;0;0;0;0;0;0;0;2;0;0;1;0;0;1;0;0;1
27067;Bézu-Saint-Éloi;28;27;0;0;0;0;0;0;0;0;0;0;0;0;0;0;0;0;0;1;0;0;1;0;0;0;7;5;4;2;2;1;2;0;0;2;0;0;1
27068;Bois-Anzeray;28;27;0;0;0;0;0;0;0;0;0;0;0;0;0;0;0;0;0;0;0;0;0;0;0;0;0;0;0;0;0;0;0;0;0;0;0;0;0
27069;Bois-Arnault;28;27;0;0;0;0;0;0;0;0;0;0;0;0;0;0;0;0;0;0;0;0;1;0;0;0;1;2;1;3;0;0;1;0;0;0;0;0;1
27070;Boisemont;28;27;0;0;0;0;0;0;0;0;0;0;0;0;0;0;0;0;0;0;0;1;1;0;0;0;0;0;0;0;1;0;0;0;0;0;0;0;0
27071;Le Bois-Hellain;28;27;0;0;0;0;0;0;0;0;0;0;0;0;0;0;0;0;0;0;0;0;0;0;0;0;0;0;0;0;0;0;0;0;0;0;0;0;1
27072;Bois-Jérôme-Saint-Ouen;28;27;0;0;0;0;0;0;0;0;0;0;0;0;0;0;0;0;1;0;0;0;0;0;0;0;1;1;1;4;1;1;1;0;0;0;0;0;0
27073;Bois-le-Roi;28;27;0;0;0;0;0;0;0;0;0;0;0;0;0;0;0;0;1;1;0;0;2;0;0;1;4;0;4;1;1;0;1;0;0;0;0;0;2
27074;Boisney;28;27;0;0;0;0;0;0;0;0;0;0;0;0;0;0;0;0;0;0;0;0;3;0;0;0;1;0;0;0;2;0;0;0;0;0;0;0;0
27075;Bois-Normand-près-Lyre;28;27;0;0;0;0;0;0;0;0;0;0;0;0;0;0;0;0;0;0;0;0;0;0;0;0;3;1;4;1;0;0;2;0;0;0;0;0;0
27076;Boisset-les-Prévanches;28;27;0;0;0;0;0;0;0;0;0;0;0;0;0;0;0;0;0;0;1;0;0;0;0;0;0;1;2;1;1;0;1;0;0;1;0;0;1
27077;Boissey-le-Châtel;28;27;0;0;0;0;0;0;0;0;0;0;0;0;0;0;0;0;0;1;0;0;4;0;0;0;0;0;3;1;2;0;1;0;0;0;0;0;0
27078;La Boissière;28;27;0;0;0;0;0;0;0;0;0;0;0;0;0;0;0;0;0;0;0;0;1;0;0;0;0;1;0;0;0;0;0;0;0;0;0;0;0
27079;Boissy-Lamberville;28;27;0;0;0;0;0;0;0;0;0;0;0;0;0;0;0;0;0;0;0;0;0;0;0;0;0;0;0;2;0;0;0;0;0;1;0;0;0
27081;Boncourt;28;27;0;0;0;0;0;0;0;0;0;0;0;0;0;0;0;0;0;0;0;0;0;0;0;0;0;0;0;1;0;0;0;0;0;0;0;0;0
27082;La Bonneville-sur-Iton;28;27;0;0;0;0;0;0;0;0;0;0;0;0;0;0;0;0;1;1;0;0;3;0;0;0;1;3;4;5;0;1;3;0;0;4;0;0;2
27083;Bonneville-Aptot;28;27;0;0;0;0;0;0;0;0;0;0;0;0;0;0;0;0;0;0;0;0;0;0;0;0;1;1;1;0;0;0;0;0;0;0;0;0;0
27085;Flancourt-Crescy-en-Roumois;28;27;0;0;0;0;0;0;0;0;0;0;0;0;0;0;0;0;0;0;0;0;0;0;0;0;1;1;4;2;3;0;2;0;0;1;1;0;0
27089;Bosc-Renoult-en-Roumois;28;27;0;0;0;0;0;0;0;0;0;0;0;0;0;0;0;0;0;0;0;0;0;0;0;0;0;0;1;1;1;0;0;0;0;0;0;0;0
27090;Le Bosc-Roger-en-Roumois;28;27;0;0;0;0;0;0;0;0;0;0;0;0;0;0;0;1;0;1;0;0;11;1;0;0;5;1;3;7;6;0;5;2;0;6;0;1;2
27091;Bosgouet;28;27;0;0;0;0;0;0;0;0;0;0;0;0;0;0;0;0;0;0;0;0;0;0;0;1;1;0;2;1;0;2;1;0;0;1;0;0;0
27092;Bosguérard-de-Marcouville;28;27;0;0;0;0;0;0;0;0;0;0;0;0;0;0;0;0;0;0;0;0;1;0;0;0;0;0;3;2;1;1;0;0;0;0;0;0;1
27093;Bosnormand;28;27;0;0;0;0;0;0;0;0;0;0;0;0;0;0;0;0;0;0;0;0;0;0;0;0;0;0;0;0;1;0;0;0;0;0;0;0;0
27094;Bosquentin;28;27;0;0;0;0;0;0;0;0;0;0;0;0;0;0;0;0;0;0;0;0;0;0;0;0;1;0;0;0;0;0;0;0;0;0;0;0;0
27095;Bosrobert;28;27;0;0;0;0;0;0;0;0;0;0;0;0;0;0;0;0;0;0;0;0;1;0;0;0;2;2;2;0;2;0;0;0;0;2;0;0;0
27096;Les Bottereaux;28;27;0;0;0;0;0;0;0;0;0;0;0;0;0;0;0;0;0;0;0;0;0;0;0;0;1;0;2;1;0;0;0;0;0;0;0;0;0
27097;Bouafles;28;27;0;0;0;0;0;0;0;0;0;0;0;0;0;0;0;0;0;0;0;0;0;0;0;0;2;0;0;2;1;0;1;0;0;0;0;0;0
27098;Bouchevilliers;28;27;0;0;0;0;0;0;0;0;0;0;0;0;0;0;0;0;0;0;0;0;1;0;0;0;0;0;0;1;0;0;0;0;0;0;0;0;0
27099;Le Boulay-Morin;28;27;0;0;0;0;0;0;0;0;0;0;0;0;0;0;0;0;0;0;0;0;1;0;0;0;0;0;0;1;1;0;1;0;0;0;0;0;1
27100;Boulleville;28;27;0;0;0;0;0;0;0;0;0;0;0;0;0;0;0;0;0;0;1;0;3;0;0;0;1;4;6;1;1;1;0;0;0;2;0;0;0
27101;Bouquelon;28;27;0;0;0;0;0;0;0;0;0;0;0;0;0;0;0;0;0;0;0;0;1;0;0;0;1;0;0;0;0;0;1;0;0;1;0;0;0
27102;Bouquetot;28;27;0;0;0;0;0;0;0;0;0;0;0;0;0;0;0;0;0;0;0;0;0;0;0;1;0;2;3;1;1;0;0;0;0;0;0;0;1
27103;Bourg-Achard;28;27;0;0;0;0;0;0;0;0;0;0;1;0;0;0;0;5;2;1;0;0;6;4;0;1;6;4;5;6;7;10;5;4;0;11;4;3;5
27104;Bourg-Beaudouin;28;27;0;0;0;0;0;0;0;0;0;0;0;0;0;0;0;0;0;0;0;0;1;0;0;0;0;1;0;1;3;0;0;0;0;1;0;0;2
27105;Grand Bourgtheroulde;28;27;0;1;0;0;0;0;0;0;0;0;0;0;0;0;0;4;2;1;0;0;9;1;0;1;1;4;3;6;3;1;8;1;0;3;4;0;6
27106;Bournainville-Faverolles;28;27;0;0;0;0;0;0;0;0;0;0;0;0;0;0;0;0;0;0;0;0;0;0;0;0;1;1;1;0;0;1;0;0;0;0;0;0;0
27107;Bourneville-Sainte-Croix;28;27;0;0;0;0;0;0;0;0;0;0;0;0;0;0;0;0;0;1;0;0;2;0;0;0;5;0;2;4;0;0;2;0;0;4;1;0;0
27108;Bourth;28;27;0;0;0;0;0;0;0;0;0;0;0;0;0;0;0;0;0;1;0;0;7;0;0;0;4;2;3;1;0;2;2;0;0;4;1;0;0
27109;Bray;28;27;0;0;0;0;0;0;0;0;0;0;0;0;0;0;0;0;0;0;0;0;0;0;0;0;0;0;0;2;0;0;0;0;0;0;0;0;0
27110;Brestot;28;27;0;0;0;0;0;0;0;0;0;0;0;0;0;0;0;0;0;0;0;0;0;0;0;0;3;0;0;1;1;0;0;0;0;0;0;0;0
27111;Bretagnolles;28;27;0;0;0;0;0;0;0;0;0;0;0;0;0;0;0;0;0;0;0;0;0;0;0;0;0;1;0;0;0;1;0;0;0;0;0;0;0
27112;Breteuil;28;27;0;1;0;0;0;0;0;0;0;0;1;0;0;0;0;3;3;1;0;0;9;1;0;2;9;10;8;10;1;1;8;2;0;9;3;0;4
27113;Brétigny;28;27;0;0;0;0;0;0;0;0;0;0;0;0;0;0;0;0;0;0;0;0;0;0;0;0;0;0;0;1;0;0;0;0;0;1;0;0;0
27114;Breuilpont;28;27;0;0;0;0;0;0;0;0;0;0;0;0;0;0;0;0;0;0;0;1;3;0;0;0;2;1;1;3;3;3;1;0;0;3;0;0;1
27115;Breux-sur-Avre;28;27;0;0;0;0;0;0;0;0;0;0;0;0;0;0;0;0;0;0;0;0;1;0;0;0;1;1;1;0;1;0;0;0;0;1;0;0;0
27116;Brionne;28;27;0;1;0;0;0;0;0;0;0;0;1;0;0;0;0;6;1;1;0;0;9;2;0;3;4;12;2;4;1;0;9;2;0;12;4;2;3
27117;Broglie;28;27;0;1;0;0;0;0;0;0;0;0;0;0;0;0;0;2;0;1;0;0;4;0;0;1;1;3;1;1;0;1;3;1;0;4;1;1;1
27118;Brosville;28;27;0;0;0;0;0;0;0;0;0;0;0;0;0;0;0;0;0;0;0;1;1;0;0;0;1;0;2;2;0;0;0;0;0;0;0;0;1
27119;Bueil;28;27;0;0;0;0;0;0;0;0;0;0;0;0;0;0;0;0;0;1;0;0;2;0;0;0;2;2;2;3;1;2;2;0;0;2;1;0;1
27120;Burey;28;27;0;0;0;0;0;0;0;0;0;0;0;0;0;0;0;0;0;0;0;0;0;0;0;0;4;0;1;1;0;0;0;0;0;0;0;0;0
27123;Caillouet-Orgeville;28;27;0;0;0;0;0;0;0;0;0;0;0;0;0;0;0;0;0;0;0;0;3;0;0;0;1;0;2;0;0;0;0;0;0;2;0;0;0
27124;Cailly-sur-Eure;28;27;0;0;0;0;0;0;0;0;0;0;0;0;0;0;0;0;0;0;0;0;0;0;0;0;0;0;0;0;0;0;2;0;0;0;0;0;0
27125;Calleville;28;27;0;0;0;0;0;0;0;0;0;0;0;0;0;0;0;0;0;0;0;0;2;0;0;0;0;1;1;1;2;2;0;0;0;0;0;0;1
27126;Campigny;28;27;0;0;0;0;0;0;0;0;0;0;0;0;0;0;0;0;0;0;0;0;1;0;0;0;1;2;1;1;0;0;0;0;0;1;0;0;1
27127;Canappeville;28;27;0;0;0;0;0;0;0;0;0;0;0;0;0;0;0;0;0;0;0;0;0;0;0;0;0;0;0;0;0;0;0;0;0;0;0;0;0
27129;Caorches-Saint-Nicolas;28;27;0;0;0;0;0;0;0;0;0;0;0;0;0;0;0;0;0;0;0;0;2;0;0;0;2;0;0;1;0;1;0;0;0;0;0;0;0
27130;Capelle-les-Grands;28;27;0;0;0;0;0;0;0;0;0;0;0;0;0;0;0;0;0;0;0;0;0;0;0;0;1;0;0;0;1;0;1;0;0;0;0;0;0
27131;Carsix;28;27;0;0;0;0;0;0;0;0;0;0;0;0;0;0;0;0;0;0;0;0;1;0;0;0;1;0;1;4;0;0;0;0;0;1;0;0;0
27132;Caugé;28;27;0;0;0;0;0;0;0;0;0;0;0;0;0;0;0;0;0;0;0;0;1;0;0;0;1;0;1;0;2;1;0;0;0;2;0;0;0
27133;Caumont;28;27;0;0;0;0;0;0;0;0;0;0;0;0;0;0;0;0;0;0;0;0;2;0;0;1;1;1;3;1;0;1;3;0;0;3;2;0;1
27134;Cauverville-en-Roumois;28;27;0;0;0;0;0;0;0;0;0;0;0;0;0;0;0;0;0;0;0;0;2;0;0;0;1;0;1;1;0;0;0;0;0;1;0;0;0
27135;Cesseville;28;27;0;0;0;0;0;0;0;0;0;0;0;0;0;0;0;0;0;0;0;0;1;0;0;0;0;1;1;1;1;0;1;0;0;0;0;0;0
27136;Chaignes;28;27;0;0;0;0;0;0;0;0;0;0;0;0;0;0;0;0;0;0;0;0;5;0;0;0;0;0;2;0;2;2;0;0;0;3;1;0;0
27137;Chaise-Dieu-du-Theil;28;27;0;0;0;0;0;0;0;0;0;0;0;0;0;0;0;0;0;0;0;0;0;0;0;0;1;1;1;0;0;0;0;0;0;0;0;0;0
27138;Chamblac;28;27;0;0;0;0;0;0;0;0;0;0;0;0;0;0;0;0;0;0;0;0;0;0;0;0;3;0;1;0;1;1;0;0;0;0;0;0;1
27139;Chambord;28;27;0;0;0;0;0;0;0;0;0;0;0;0;0;0;0;0;0;0;0;0;1;0;0;0;0;0;2;0;0;0;0;0;0;0;0;0;0
27140;Chambray;28;27;0;0;0;0;0;0;0;0;0;0;0;0;0;0;0;0;0;1;0;0;0;0;0;0;1;3;0;1;2;0;0;0;0;2;0;0;0
27141;Champ-Dolent;28;27;0;0;0;0;0;0;0;0;0;0;0;0;0;0;0;0;0;0;0;0;0;0;0;0;0;0;0;0;0;0;0;1;0;0;0;0;0
27142;Champenard;28;27;0;0;0;0;0;0;0;0;0;0;0;0;0;0;0;0;0;0;0;0;0;0;0;0;1;0;0;0;0;0;0;0;0;0;0;0;0
27143;Champignolles;28;27;0;0;0;0;0;0;0;0;0;0;0;0;0;0;0;0;0;0;0;0;0;0;0;0;0;0;0;0;0;0;0;0;0;0;0;0;0
27144;Champigny-la-Futelaye;28;27;0;0;0;0;0;0;0;0;0;0;0;0;0;0;0;0;0;0;0;0;0;0;0;0;1;3;0;0;0;0;1;0;0;0;0;0;0
27146;La Chapelle-Bayvel;28;27;0;0;0;0;0;0;0;0;0;0;0;0;0;0;0;0;0;0;0;0;1;0;0;0;3;0;2;1;0;0;0;0;0;0;0;0;0
27147;La Chapelle-du-Bois-des-Faulx;28;27;0;0;0;0;0;0;0;0;0;0;0;0;0;0;0;0;0;0;0;0;1;0;0;0;2;1;2;0;1;0;2;1;0;0;1;0;0
27148;La Chapelle-Gauthier;28;27;0;0;0;0;0;0;0;0;0;0;0;0;0;0;0;0;0;0;0;0;1;0;0;0;2;0;3;0;1;0;0;0;0;1;0;0;0
27149;La Chapelle-Hareng;28;27;0;0;0;0;0;0;0;0;0;0;0;0;0;0;0;0;0;0;0;0;0;0;0;0;0;0;0;0;0;0;0;0;0;0;0;0;0
27150;La Chapelle-Réanville;28;27;0;0;0;0;0;0;0;0;0;0;0;0;0;0;0;0;0;0;0;0;2;0;0;0;1;2;4;5;2;1;3;0;0;1;1;0;0
27151;Charleval;28;27;0;0;0;0;0;0;0;0;0;0;1;0;0;0;0;1;1;1;0;0;2;0;0;1;5;1;2;2;1;2;5;0;0;7;1;0;1
27152;Château-sur-Epte;28;27;0;0;0;0;0;0;0;0;0;0;0;0;0;0;0;0;0;0;0;0;0;0;0;0;2;2;1;1;2;1;0;0;0;0;1;0;0
27153;Chauvincourt-Provemont;28;27;0;0;0;0;0;0;0;0;0;0;0;0;0;0;0;0;0;0;0;0;0;0;0;0;2;0;0;0;0;0;0;0;0;0;0;0;0
27154;Chavigny-Bailleul;28;27;0;0;0;0;0;0;0;0;0;0;0;0;0;0;0;0;1;0;0;0;0;0;0;0;3;1;2;1;0;0;1;0;0;0;0;0;1
27155;Chennebrun;28;27;0;0;0;0;0;0;0;0;0;0;0;0;0;0;0;0;0;0;0;1;0;0;0;0;0;2;1;0;0;0;1;0;0;1;0;0;0
27156;Chéronvilliers;28;27;0;0;0;0;0;0;0;0;0;0;0;0;0;0;0;0;0;0;0;0;1;0;0;0;2;0;1;1;1;1;0;0;0;0;0;0;0
27157;Marbois;28;27;0;0;0;0;0;0;0;0;0;0;0;0;0;0;0;0;0;0;0;0;3;0;0;0;3;1;1;0;3;0;0;0;0;0;0;0;1
27158;Cierrey;28;27;0;0;0;0;0;0;0;0;0;0;0;0;0;0;0;0;0;0;0;0;1;0;0;1;2;0;0;1;3;0;0;0;0;1;2;0;0
27161;Claville;28;27;0;0;0;0;0;0;0;0;0;0;0;0;0;0;0;0;0;0;0;1;3;0;0;0;3;1;4;1;1;0;1;0;0;1;0;0;2
27162;Collandres-Quincarnon;28;27;0;0;0;0;0;0;0;0;0;0;0;0;0;0;0;0;0;0;0;0;0;0;0;0;1;0;0;1;1;0;0;0;0;0;0;0;0
27163;Colletot;28;27;0;0;0;0;0;0;0;0;0;0;0;0;0;0;0;0;0;0;0;0;0;0;0;0;0;0;0;0;0;0;0;0;0;0;0;0;0
27164;Combon;28;27;0;0;0;0;0;0;0;0;0;0;0;0;0;0;0;0;0;0;0;0;2;0;0;0;3;0;0;2;1;0;0;0;0;1;3;0;0
27165;Conches-en-Ouche;28;27;0;1;0;0;0;0;0;0;0;0;1;0;0;0;0;6;2;1;0;0;11;2;0;3;10;8;5;11;4;2;12;2;0;16;6;2;7
27167;Condé-sur-Risle;28;27;0;0;0;0;0;0;0;0;0;0;0;0;0;0;0;0;0;0;0;0;1;0;0;0;0;0;0;0;0;0;0;0;0;0;0;0;1
27168;Connelles;28;27;0;0;0;0;0;0;0;0;0;0;0;0;0;0;0;0;0;0;0;0;0;0;0;0;0;0;0;0;0;0;0;0;0;0;0;0;0
27169;Conteville;28;27;0;0;0;0;0;0;0;0;0;0;0;0;0;0;0;0;0;1;0;0;0;0;0;0;2;0;2;2;1;1;1;0;0;1;0;0;0
27170;Cormeilles;28;27;0;1;0;0;0;0;0;0;0;0;0;0;0;0;0;3;1;1;0;0;6;1;0;1;1;3;5;3;1;0;2;1;0;11;2;0;2
27171;Le Cormier;28;27;0;0;0;0;0;0;0;0;0;0;0;0;0;0;0;0;0;0;0;0;1;0;0;0;1;0;1;1;0;0;0;0;0;1;0;0;0
27173;Corneville-la-Fouquetière;28;27;0;0;0;0;0;0;0;0;0;0;0;0;0;0;0;0;0;0;0;0;0;0;0;0;0;0;0;0;0;0;0;0;0;0;0;0;0
27174;Corneville-sur-Risle;28;27;0;0;0;0;0;0;0;0;0;0;0;0;0;0;0;0;0;0;1;0;0;0;0;0;1;3;2;1;2;1;3;0;0;1;0;0;0
27175;Corny;28;27;0;0;0;0;0;0;0;0;0;0;0;0;0;0;0;0;0;0;0;0;1;0;0;0;1;1;0;0;1;0;0;0;0;0;0;0;0
27176;Coudray;28;27;0;0;0;0;0;0;0;0;0;0;0;0;0;0;0;0;0;0;0;0;1;0;0;0;0;0;1;1;0;1;0;0;0;0;0;0;0
27177;Coudres;28;27;0;0;0;0;0;0;0;0;0;0;0;0;0;0;0;0;0;0;1;0;0;0;0;0;1;0;2;0;0;0;1;0;0;0;0;0;0
27179;Courbépine;28;27;0;0;0;0;0;0;0;0;0;0;0;0;0;0;0;0;0;0;0;0;0;0;0;0;2;1;3;2;2;0;0;0;0;1;0;0;0
27180;Courcelles-sur-Seine;28;27;0;0;0;0;0;0;0;0;0;0;0;0;0;0;0;0;0;0;1;0;3;1;0;0;3;2;3;2;2;1;1;0;0;2;0;0;1
27181;Courdemanche;28;27;0;0;0;0;0;0;0;0;0;0;0;0;0;0;0;0;0;0;0;0;0;0;0;0;0;0;2;2;0;0;1;0;0;0;0;0;1
27182;Courteilles;28;27;0;0;0;0;0;0;0;0;0;0;0;0;0;0;0;0;0;0;0;0;0;0;0;0;0;0;0;0;0;0;0;0;0;0;0;0;0
27183;La Couture-Boussey;28;27;0;0;0;0;0;0;0;0;0;0;0;0;0;0;0;0;0;1;0;0;2;1;0;0;5;4;0;4;4;1;3;0;0;3;1;0;5
27184;Crasville;28;27;0;0;0;0;0;0;0;0;0;0;0;0;0;0;0;0;0;0;0;0;0;0;0;0;0;0;0;0;0;0;0;0;0;0;0;0;0
27185;Crestot;28;27;0;0;0;0;0;0;0;0;0;0;0;0;0;0;0;0;0;0;0;0;0;0;0;0;0;1;0;2;1;0;0;0;0;0;0;0;0
27187;Criquebeuf-la-Campagne;28;27;0;0;0;0;0;0;0;0;0;0;0;0;0;0;0;0;0;0;0;0;1;0;0;0;1;0;2;2;1;0;0;0;0;0;0;0;0
27188;Criquebeuf-sur-Seine;28;27;0;0;0;0;0;0;0;0;0;0;0;0;0;0;0;0;0;0;0;1;2;0;0;0;2;1;1;3;3;0;2;0;0;3;1;0;2
27189;La Croisille;28;27;0;0;0;0;0;0;0;0;0;0;0;0;0;0;0;0;0;0;0;0;1;0;0;0;0;1;0;0;0;0;1;0;0;1;0;0;1
27190;Croisy-sur-Eure;28;27;0;0;0;0;0;0;0;0;0;0;0;0;0;0;0;0;0;0;0;0;0;0;0;0;0;0;1;1;2;0;0;0;0;0;0;0;0
27191;Clef Vallée d'Eure;28;27;0;0;0;0;0;0;0;0;0;0;0;0;0;0;0;0;0;1;0;0;5;0;1;0;1;3;3;6;4;2;1;0;0;1;5;0;4
27192;Crosville-la-Vieille;28;27;0;0;0;0;0;0;0;0;0;0;0;0;0;0;0;0;0;0;0;0;2;0;0;0;1;2;1;3;3;1;1;0;0;0;0;0;0
27193;Croth;28;27;0;0;0;0;0;0;0;0;0;0;0;0;0;0;0;0;0;0;0;0;2;0;0;0;1;2;2;3;4;0;2;0;0;0;0;0;2
27194;Cuverville;28;27;0;0;0;0;0;0;0;0;0;0;0;0;0;0;0;0;0;0;0;0;0;0;0;0;1;0;1;0;0;0;0;0;0;0;0;0;1
27196;Les Damps;28;27;0;0;0;0;0;0;0;0;0;0;0;0;0;0;0;0;0;0;0;0;0;0;0;0;1;2;2;2;1;0;3;0;0;1;0;0;1
27198;Mesnils-sur-Iton;28;27;0;1;0;0;0;0;0;0;0;0;0;0;0;0;0;4;2;1;0;0;12;0;0;2;6;9;6;16;7;3;8;1;0;10;3;2;1
27199;Dangu;28;27;0;0;0;0;0;0;0;0;0;0;0;0;0;0;0;0;0;0;0;1;1;0;0;1;1;1;1;3;0;0;1;0;0;2;0;0;0
27200;Dardez;28;27;0;0;0;0;0;0;0;0;0;0;0;0;0;0;0;0;0;0;0;0;0;0;0;0;0;0;0;0;2;0;0;0;0;0;0;0;0
27201;Daubeuf-la-Campagne;28;27;0;0;0;0;0;0;0;0;0;0;0;0;0;0;0;0;0;0;0;0;0;0;0;0;0;0;1;1;0;0;0;0;0;1;0;0;0
27202;Daubeuf-près-Vatteville;28;27;0;0;0;0;0;0;0;0;0;0;0;0;0;0;0;0;0;0;0;0;0;0;0;1;0;0;0;1;0;0;0;0;0;0;0;0;0
27203;Douains;28;27;0;0;0;0;0;0;0;0;0;0;0;0;0;0;0;0;0;0;0;0;0;0;0;1;1;0;4;2;1;0;0;0;0;0;1;0;1
27204;Doudeauville-en-Vexin;28;27;0;0;0;0;0;0;0;0;0;0;0;0;0;0;0;0;0;0;0;0;1;0;0;0;2;0;0;1;0;0;0;0;0;0;0;0;0
27205;Douville-sur-Andelle;28;27;0;0;0;0;0;0;0;0;0;0;0;0;0;0;0;1;0;0;0;0;1;0;0;0;1;0;0;0;0;0;1;0;0;1;0;0;0
27206;Droisy;28;27;0;0;0;0;0;0;0;0;0;0;0;0;0;0;0;0;0;0;0;0;0;0;0;0;2;0;0;3;0;0;1;0;0;0;0;0;0
27207;Drucourt;28;27;0;0;0;0;0;0;0;0;0;0;0;0;0;0;0;0;0;0;0;0;0;0;0;0;3;2;5;1;1;1;1;0;0;0;0;0;1
27208;Duranville;28;27;0;0;0;0;0;0;0;0;0;0;0;0;0;0;0;0;0;0;0;0;1;0;0;0;1;0;3;0;0;0;0;0;0;2;0;0;0
27209;Écaquelon;28;27;0;0;0;0;0;0;0;0;0;0;0;0;0;0;0;0;0;0;0;0;0;0;0;0;0;0;3;0;1;1;2;0;0;1;0;0;0
27210;Écardenville-la-Campagne;28;27;0;0;0;0;0;0;0;0;0;0;0;0;0;0;0;0;0;0;0;0;3;0;0;0;0;1;0;1;2;1;0;0;0;0;0;0;1
27212;Écauville;28;27;0;0;0;0;0;0;0;0;0;0;0;0;0;0;0;0;0;0;0;0;0;0;0;0;0;0;1;0;0;0;0;0;0;0;0;0;0
27213;Vexin-sur-Epte;28;27;0;1;0;0;0;0;0;0;0;0;1;0;0;0;0;2;0;1;0;1;10;0;1;2;14;4;12;8;12;3;9;2;0;8;3;0;10
27214;Écouis;28;27;0;0;0;0;0;0;0;0;0;0;0;0;0;0;0;0;0;1;0;0;2;0;0;0;1;0;1;1;0;1;1;0;0;1;0;0;0
27215;Ecquetot;28;27;0;0;0;0;0;0;0;0;0;0;0;0;0;0;0;0;0;0;0;0;0;0;0;0;1;0;1;0;1;0;0;0;0;0;0;0;0
27216;Émalleville;28;27;0;0;0;0;0;0;0;0;0;0;0;0;0;0;0;0;0;0;0;0;1;0;0;0;0;0;1;0;1;0;1;0;0;0;0;0;0
27217;Émanville;28;27;0;0;0;0;0;0;0;0;0;0;0;0;0;0;0;0;0;0;0;1;1;0;0;0;0;0;3;2;0;0;1;0;0;0;0;0;0
27218;Épaignes;28;27;0;0;0;0;0;0;0;0;0;0;0;0;0;0;0;0;0;1;0;0;8;1;0;0;6;3;6;3;2;3;4;0;0;2;0;0;1
27219;Épégard;28;27;0;0;0;0;0;0;0;0;0;0;0;0;0;0;0;0;0;0;0;0;0;0;0;0;2;1;2;1;1;0;0;0;0;0;0;0;1
27220;Épieds;28;27;0;0;0;0;0;0;0;0;0;0;0;0;0;0;0;0;0;0;0;0;3;0;0;0;1;0;1;1;0;2;1;0;0;1;0;0;0
27222;Épreville-en-Lieuvin;28;27;0;0;0;0;0;0;0;0;0;0;0;0;0;0;0;0;0;0;0;0;0;0;0;0;0;1;2;1;0;0;0;0;0;0;0;0;0
27224;Épreville-près-le-Neubourg;28;27;0;0;0;0;0;0;0;0;0;0;0;0;0;0;0;0;0;0;0;0;0;0;0;0;2;1;3;0;0;0;1;0;0;2;0;0;0
27226;Étrépagny;28;27;0;1;0;0;0;0;0;0;0;0;0;0;1;0;0;7;0;1;0;0;9;2;0;3;5;4;5;6;4;4;7;1;0;12;1;2;5
27227;Étréville;28;27;0;0;0;0;0;0;0;0;0;0;0;0;0;0;0;0;0;0;0;0;0;0;0;0;4;3;2;2;0;0;0;0;0;1;0;0;0
27228;Éturqueraye;28;27;0;0;0;0;0;0;0;0;0;0;0;0;0;0;0;0;0;0;0;0;0;0;0;0;0;0;1;0;1;1;0;0;0;0;0;0;0
27229;Évreux;28;27;1;0;0;1;1;1;1;1;0;0;16;2;0;1;0;38;5;3;0;2;55;7;10;21;48;62;46;62;33;39;76;10;22;162;46;14;43
27230;Ézy-sur-Eure;28;27;0;0;0;0;0;0;0;0;0;0;0;0;0;0;0;2;1;1;0;0;6;0;0;1;7;7;6;7;5;3;11;0;0;12;10;2;6
27231;Fains;28;27;0;0;0;0;0;0;0;0;0;0;0;0;0;0;0;0;1;0;0;0;2;0;0;0;0;0;1;0;0;0;1;0;0;0;1;0;1
27232;Farceaux;28;27;0;0;0;0;0;0;0;0;0;0;0;0;0;0;0;0;0;0;0;0;1;0;0;0;1;0;1;1;1;1;2;0;0;0;0;0;0
27233;Fatouville-Grestain;28;27;0;0;0;0;0;0;0;0;0;0;0;0;0;0;0;0;0;0;0;0;0;0;0;0;4;1;2;1;3;0;0;0;0;3;1;0;0
27234;Fauville;28;27;0;0;0;0;0;0;0;0;0;0;0;0;0;0;0;0;0;0;0;0;4;0;1;1;3;0;2;0;1;1;0;0;1;1;0;0;0
27235;Faverolles-la-Campagne;28;27;0;0;0;0;0;0;0;0;0;0;0;0;0;0;0;0;0;0;0;0;0;0;0;0;0;1;0;0;0;0;0;0;0;0;0;0;0
27237;Le Favril;28;27;0;0;0;0;0;0;0;0;0;0;0;0;0;0;0;0;0;0;0;0;0;0;0;0;3;0;1;0;0;0;0;0;0;1;0;0;1
27238;Ferrières-Haut-Clocher;28;27;0;0;0;0;0;0;0;0;0;0;0;0;0;0;0;0;0;0;1;0;1;0;0;0;0;0;1;5;1;0;2;0;0;0;0;0;2
27239;Ferrières-Saint-Hilaire;28;27;0;0;0;0;0;0;0;0;0;0;0;0;0;0;0;0;0;0;0;0;0;0;0;0;0;1;2;0;1;0;0;0;0;0;0;0;0
27240;La Ferrière-sur-Risle;28;27;0;0;0;0;0;0;0;0;0;0;0;0;0;0;0;0;0;1;0;0;1;0;0;0;0;0;0;1;0;0;1;0;0;1;0;0;0
27241;Feuguerolles;28;27;0;0;0;0;0;0;0;0;0;0;0;0;0;0;0;0;0;0;0;0;0;0;0;0;0;0;0;1;2;0;0;0;0;0;0;0;0
27242;Le Fidelaire;28;27;0;0;0;0;0;0;0;0;0;0;0;0;0;0;0;0;0;0;0;1;1;0;0;0;1;2;2;2;2;0;1;0;0;0;0;0;1
27243;Fiquefleur-Équainville;28;27;0;0;0;0;0;0;0;0;0;0;0;0;0;0;0;0;0;0;0;0;0;0;0;0;1;1;3;5;0;0;1;0;0;0;0;0;0
27245;Fleury-la-Forêt;28;27;0;0;0;0;0;0;0;0;0;0;0;0;0;0;0;0;0;0;0;1;0;0;0;0;0;0;0;2;1;0;0;0;0;0;0;0;0
27246;Fleury-sur-Andelle;28;27;0;1;0;0;0;0;0;0;0;0;0;0;0;0;0;2;1;1;0;0;8;1;0;1;0;3;2;0;3;1;4;0;1;9;3;0;2
27247;Flipou;28;27;0;0;0;0;0;0;0;0;0;0;0;0;0;0;0;0;0;0;0;0;0;0;0;0;0;0;0;0;0;0;0;1;0;0;0;0;0
27248;Folleville;28;27;0;0;0;0;0;0;0;0;0;0;0;0;0;0;0;0;0;0;0;0;1;0;0;0;0;1;0;0;0;0;0;0;0;0;1;0;0
27249;Fontaine-Bellenger;28;27;0;0;0;0;0;0;0;0;0;0;0;0;0;0;0;0;0;0;0;0;3;0;0;0;6;0;1;2;3;1;0;0;0;1;0;0;0
27251;Fontaine-l'Abbé;28;27;0;0;0;0;0;0;0;0;0;0;0;0;0;0;0;0;0;0;0;0;0;0;0;0;2;0;1;2;0;0;0;0;0;0;0;0;0
27252;Fontaine-la-Louvet;28;27;0;0;0;0;0;0;0;0;0;0;0;0;0;0;0;0;0;0;0;0;0;0;0;0;0;4;3;2;1;0;0;0;0;0;0;0;0
27253;Fontaine-la-Soret;28;27;0;0;0;0;0;0;0;0;0;0;0;0;0;0;0;0;0;0;0;0;1;0;0;0;1;2;0;1;0;1;1;0;0;0;0;0;0
27254;Fontaine-sous-Jouy;28;27;0;0;0;0;0;0;0;0;0;0;0;0;0;0;0;0;0;0;1;0;1;0;0;0;2;1;0;3;0;1;1;0;0;0;1;0;0
27256;La Forêt-du-Parc;28;27;0;0;0;0;0;0;0;0;0;0;0;0;0;0;0;0;0;0;0;0;0;0;0;0;2;0;1;0;1;0;0;0;0;0;1;0;0
27258;Fort-Moville;28;27;0;0;0;0;0;0;0;0;0;0;0;0;0;0;0;0;0;0;0;0;2;0;0;0;1;0;5;2;0;0;0;0;0;0;0;0;0
27259;Foucrainville;28;27;0;0;0;0;0;0;0;0;0;0;0;0;0;0;0;0;0;0;0;0;0;0;0;0;0;0;0;0;0;0;0;0;0;0;0;0;0
27260;Foulbec;28;27;0;0;0;0;0;0;0;0;0;0;0;0;0;0;0;0;0;0;0;0;0;0;0;0;1;1;1;0;0;0;2;0;0;0;0;0;0
27261;Fouqueville;28;27;0;0;0;0;0;0;0;0;0;0;0;0;0;0;0;0;0;0;0;0;0;0;0;0;0;1;0;2;1;0;0;0;0;1;0;0;0
27263;Fourmetot;28;27;0;0;0;0;0;0;0;0;0;0;0;0;0;0;0;0;0;0;0;0;2;0;0;0;0;1;5;4;0;0;2;0;0;0;0;0;1
27265;Francheville;28;27;0;0;0;0;0;0;0;0;0;0;0;0;0;0;0;0;0;1;0;0;0;0;0;0;3;2;3;5;4;1;0;0;0;4;0;0;0
27266;Franqueville;28;27;0;0;0;0;0;0;0;0;0;0;0;0;0;0;0;0;0;0;0;0;0;0;0;0;1;1;0;1;0;0;0;0;0;0;0;0;2
27267;Freneuse-sur-Risle;28;27;0;0;0;0;0;0;0;0;0;0;0;0;0;0;0;0;0;0;0;0;1;0;0;0;0;0;0;0;1;0;0;0;0;0;0;0;0
27268;Le Fresne;28;27;0;0;0;0;0;0;0;0;0;0;0;0;0;0;0;0;0;0;0;0;0;0;0;0;1;0;0;1;0;0;1;0;0;0;0;0;1
27269;Fresne-Cauverville;28;27;0;0;0;0;0;0;0;0;0;0;0;0;0;0;0;0;0;0;0;0;1;0;0;0;0;0;0;0;0;1;0;0;0;0;0;0;0
27270;Fresne-l'Archevêque;28;27;0;0;0;0;0;0;0;0;0;0;0;0;0;0;0;0;0;0;0;0;0;0;0;0;2;1;0;1;0;0;1;0;0;0;0;0;0
27271;Fresney;28;27;0;0;0;0;0;0;0;0;0;0;0;0;0;0;0;0;0;0;0;0;1;0;0;0;0;0;0;1;0;0;0;0;0;1;1;0;0
27273;Gadencourt;28;27;0;0;0;0;0;0;0;0;0;0;0;0;0;0;0;0;0;0;0;0;1;0;0;0;1;1;1;1;2;1;0;0;0;0;0;0;0
27274;Gaillardbois-Cressenville;28;27;0;0;0;0;0;0;0;0;0;0;0;0;0;0;0;0;0;0;0;0;1;0;0;0;0;0;1;0;1;0;1;0;0;0;0;0;0
27275;Gaillon;28;27;0;1;0;0;0;0;0;0;0;0;1;0;0;0;0;9;2;1;0;0;14;1;1;3;11;9;14;6;6;1;14;4;4;22;11;2;3
27276;Gamaches-en-Vexin;28;27;0;0;0;0;0;0;0;0;0;0;0;0;0;0;0;0;0;0;0;0;0;0;0;0;1;1;1;1;0;0;1;0;0;0;0;0;0
27277;La Baronnie;28;27;0;0;0;0;0;0;0;0;0;0;0;0;0;0;0;0;0;0;0;0;0;0;0;0;0;3;0;0;1;1;0;0;0;0;0;0;0
27278;Garennes-sur-Eure;28;27;0;0;0;0;0;0;0;0;0;0;0;0;0;0;0;0;0;1;0;0;5;0;1;1;3;5;3;8;3;2;2;0;0;3;5;0;1
27279;Gasny;28;27;0;0;0;0;0;0;0;0;0;0;0;0;0;0;0;2;0;1;0;0;6;1;0;2;4;5;5;7;8;1;7;2;0;5;2;1;2
27280;Gauciel;28;27;0;0;0;0;0;0;0;0;0;0;0;0;0;0;0;0;0;0;0;0;0;0;0;0;1;1;0;1;1;0;0;0;0;0;0;0;0
27281;Gaudreville-la-Rivière;28;27;0;0;0;0;0;0;0;0;0;0;0;0;0;0;0;0;0;0;0;0;0;0;0;0;2;0;2;0;0;0;0;0;0;0;1;0;0
27282;Gauville-la-Campagne;28;27;0;0;0;0;0;0;0;0;0;0;0;0;0;0;0;0;0;0;0;0;0;0;0;1;1;0;0;3;0;0;0;0;0;0;0;0;0
27284;Gisors;28;27;0;1;0;0;0;0;0;0;0;0;1;1;0;0;0;13;6;1;0;0;26;4;2;8;10;20;17;27;7;7;27;4;3;53;15;5;10
27285;Giverny;28;27;0;0;0;0;0;0;0;0;0;0;0;0;0;0;0;0;0;0;0;0;0;0;0;0;0;1;0;1;0;0;0;0;0;10;1;0;0
27286;Giverville;28;27;0;0;0;0;0;0;0;0;0;0;0;0;0;0;0;0;0;0;0;0;5;0;0;0;0;0;0;1;0;0;2;0;0;0;0;0;2
27287;Glisolles;28;27;0;0;0;0;0;0;0;0;0;0;0;0;0;0;0;0;0;0;0;0;1;0;0;0;1;4;1;1;0;2;1;0;0;2;0;0;0
27288;Glos-sur-Risle;28;27;0;0;0;0;0;0;0;0;0;0;0;0;0;0;0;0;0;0;0;0;1;0;0;0;0;2;0;1;1;0;1;0;0;0;0;0;1
27289;La Goulafrière;28;27;0;0;0;0;0;0;0;0;0;0;0;0;0;0;0;0;0;0;0;0;0;0;0;0;0;0;0;0;0;0;0;0;0;1;0;0;0
27290;Goupillières;28;27;0;0;0;0;0;0;0;0;0;0;0;0;0;0;0;0;0;0;0;0;0;0;0;0;1;0;1;3;3;1;1;0;0;0;0;0;0
27291;Gournay-le-Guérin;28;27;0;0;0;0;0;0;0;0;0;0;0;0;0;0;0;0;0;0;0;0;0;0;0;0;0;0;2;0;0;0;0;0;0;0;0;0;0
27294;Grainville;28;27;0;0;0;0;0;0;0;0;0;0;0;0;0;0;0;0;0;0;0;0;1;0;0;0;1;0;1;1;0;0;0;0;0;0;0;0;0
27295;Grand-Camp;28;27;0;0;0;0;0;0;0;0;0;0;0;0;0;0;0;0;0;0;0;0;1;0;0;0;1;0;3;2;1;1;1;0;0;0;0;0;0
27297;Grandvilliers;28;27;0;0;0;0;0;0;0;0;0;0;0;0;0;0;0;0;0;0;0;0;0;0;0;0;3;0;1;0;0;1;0;0;0;0;0;0;1
27298;Graveron-Sémerville;28;27;0;0;0;0;0;0;0;0;0;0;0;0;0;0;0;0;0;0;0;0;0;0;0;0;0;0;0;1;0;0;0;0;0;0;0;0;0
27299;Gravigny;28;27;0;0;0;0;0;0;0;0;0;0;0;0;0;0;0;3;1;1;0;0;15;1;0;0;2;5;10;7;1;9;3;1;0;12;2;1;6
27300;Grosley-sur-Risle;28;27;0;0;0;0;0;0;0;0;0;0;0;0;0;0;0;0;0;0;0;0;1;0;0;0;2;1;2;0;0;0;0;0;0;0;0;0;1
27301;Grossoeuvre;28;27;0;0;0;0;0;0;0;0;0;0;0;0;0;0;0;0;0;0;0;0;3;0;0;1;1;3;2;3;2;0;2;0;0;2;0;0;2
27302;Le Bosc du Theil;28;27;0;0;0;0;0;0;0;0;0;0;0;0;0;0;0;0;0;0;0;1;3;0;0;0;0;5;5;3;2;2;1;0;0;1;1;0;1
27304;Guerny;28;27;0;0;0;0;0;0;0;0;0;0;0;0;0;0;0;0;0;0;0;0;0;0;0;0;0;0;0;0;0;0;0;0;0;0;2;0;0
27306;Guichainville;28;27;0;0;0;0;0;0;0;0;0;0;0;0;0;0;0;0;0;0;0;0;9;0;0;0;8;6;8;9;3;6;3;1;0;8;4;2;1
27307;Guiseniers;28;27;0;0;0;0;0;0;0;0;0;0;0;0;0;0;0;0;0;0;0;0;0;0;0;0;0;1;0;1;2;0;0;0;0;0;0;0;0
27309;L'Habit;28;27;0;0;0;0;0;0;0;0;0;0;0;0;0;0;0;0;0;0;0;0;0;0;0;0;0;0;0;0;0;0;0;0;0;1;1;0;1
27310;Hacqueville;28;27;0;0;0;0;0;0;0;0;0;0;0;0;0;0;0;0;0;0;0;0;1;0;0;0;1;1;0;0;2;0;0;0;0;0;0;0;1
27311;Harcourt;28;27;0;0;0;0;0;0;0;0;0;0;0;0;0;0;0;0;0;0;0;1;3;0;0;0;0;2;2;1;4;0;3;0;0;1;0;0;2
27312;Hardencourt-Cocherel;28;27;0;0;0;0;0;0;0;0;0;0;0;0;0;0;0;0;0;0;0;0;1;0;0;0;1;0;1;1;0;0;0;0;0;0;0;0;0
27313;La Harengère;28;27;0;0;0;0;0;0;0;0;0;0;0;0;0;0;0;0;0;0;0;0;1;0;0;0;0;0;0;2;0;0;1;0;0;0;0;0;2
27315;Harquency;28;27;0;0;0;0;0;0;0;0;0;0;0;0;0;0;0;0;0;0;0;0;0;0;0;0;2;0;0;1;0;0;0;0;0;0;0;0;1
27316;Hauville;28;27;0;0;0;0;0;0;0;0;0;0;0;0;0;0;0;0;0;0;0;0;1;0;0;0;1;0;2;0;1;0;1;0;0;0;0;0;0
27317;La Haye-Aubrée;28;27;0;0;0;0;0;0;0;0;0;0;0;0;0;0;0;0;0;0;0;0;1;0;0;0;1;1;0;0;0;0;0;0;0;1;0;0;0
27318;La Haye-de-Calleville;28;27;0;0;0;0;0;0;0;0;0;0;0;0;0;0;0;0;0;0;0;0;0;0;0;0;1;1;0;1;1;1;0;0;0;0;0;0;0
27319;La Haye-de-Routot;28;27;0;0;0;0;0;0;0;0;0;0;0;0;0;0;0;0;0;0;0;0;0;0;0;0;0;0;0;1;0;1;1;0;0;1;0;0;0
27320;La Haye-du-Theil;28;27;0;0;0;0;0;0;0;0;0;0;0;0;0;0;0;0;0;0;0;0;0;0;0;0;1;0;0;1;1;0;0;0;0;1;0;0;1
27321;La Haye-le-Comte;28;27;0;0;0;0;0;0;0;0;0;0;0;0;0;0;0;0;0;0;0;0;0;0;0;0;1;0;1;0;0;0;0;0;0;0;0;0;0
27322;La Haye-Malherbe;28;27;0;0;0;0;0;0;0;0;0;0;0;0;0;0;0;0;0;1;0;0;1;0;0;0;4;2;1;3;2;1;1;0;0;2;1;0;1
27323;La Haye-Saint-Sylvestre;28;27;0;0;0;0;0;0;0;0;0;0;0;0;0;0;0;0;0;0;0;0;1;0;0;0;2;1;0;1;0;0;0;0;0;0;0;0;0
27324;Hébécourt;28;27;0;0;0;0;0;0;0;0;0;0;0;0;0;0;0;0;0;0;0;0;3;0;0;0;2;1;2;2;1;0;1;0;0;0;1;0;1
27325;Hecmanville;28;27;0;0;0;0;0;0;0;0;0;0;0;0;0;0;0;0;0;0;0;0;0;0;0;0;0;1;1;0;0;0;0;0;0;0;0;0;0
27326;Hécourt;28;27;0;0;0;0;0;0;0;0;0;0;0;0;0;0;0;0;0;0;0;0;0;0;0;0;1;0;1;2;2;2;0;0;0;0;0;0;0
27327;Hectomare;28;27;0;0;0;0;0;0;0;0;0;0;0;0;0;0;0;0;0;0;0;0;0;0;0;0;1;0;0;0;0;0;0;0;0;0;0;0;0
27329;Hennezis;28;27;0;0;0;0;0;0;0;0;0;0;0;0;0;0;0;0;0;0;0;0;0;0;0;0;2;0;2;0;0;0;0;0;0;0;0;0;2
27330;Herqueville;28;27;0;0;0;0;0;0;0;0;0;0;0;0;0;0;0;0;0;0;0;0;0;0;0;0;1;1;0;0;0;0;0;0;0;0;0;0;0
27331;Heubécourt-Haricourt;28;27;0;0;0;0;0;0;0;0;0;0;0;0;0;0;0;0;0;0;0;0;0;0;0;0;0;0;1;0;2;0;1;0;0;0;0;0;2
27332;Heudebouville;28;27;0;0;0;0;0;0;0;0;0;0;0;0;0;0;0;0;0;0;0;1;4;0;0;1;2;6;4;6;2;1;1;0;1;3;0;0;2
27333;Heudicourt;28;27;0;0;0;0;0;0;0;0;0;0;0;0;0;0;0;0;0;0;0;1;1;0;0;0;0;1;0;1;0;0;0;0;0;0;0;0;0
27334;Heudreville-en-Lieuvin;28;27;0;0;0;0;0;0;0;0;0;0;0;0;0;0;0;0;0;0;0;0;0;0;0;0;0;0;0;0;0;0;0;0;0;0;0;0;0
27335;Heudreville-sur-Eure;28;27;0;0;0;0;0;0;0;0;0;0;0;0;0;0;0;0;0;0;0;0;1;0;0;0;4;3;2;1;1;2;0;0;0;0;0;0;1
27336;La Heunière;28;27;0;0;0;0;0;0;0;0;0;0;0;0;0;0;0;0;0;0;0;0;0;0;0;0;0;0;1;0;1;0;0;0;0;0;2;0;0
27337;Heuqueville;28;27;0;0;0;0;0;0;0;0;0;0;0;0;0;0;0;0;0;0;1;0;0;0;0;0;0;1;1;1;0;0;0;0;0;0;0;0;0
27338;Les Hogues;28;27;0;0;0;0;0;0;0;0;0;0;0;0;0;0;0;0;0;0;0;0;0;0;0;0;1;1;0;0;1;1;0;0;0;0;0;0;1
27339;Hondouville;28;27;0;0;0;0;0;0;0;0;0;0;0;0;0;0;0;0;0;0;1;0;1;0;0;0;5;1;3;3;0;1;0;0;1;2;1;0;0
27340;Honguemare-Guenouville;28;27;0;0;0;0;0;0;0;0;0;0;0;0;0;0;0;0;0;0;0;0;1;0;0;0;0;0;0;1;0;0;0;0;0;0;0;0;1
27341;L'Hosmes;28;27;0;0;0;0;0;0;0;0;0;0;0;0;0;0;0;0;0;0;0;0;0;0;0;0;0;0;0;0;0;1;0;0;0;0;0;0;0
27342;Houetteville;28;27;0;0;0;0;0;0;0;0;0;0;0;0;0;0;0;0;0;0;0;0;1;0;0;0;0;1;0;0;2;0;0;0;0;0;0;0;0
27343;Houlbec-Cocherel;28;27;0;0;0;0;0;0;0;0;0;0;0;0;0;0;0;0;0;0;0;1;2;0;0;0;2;1;3;1;3;2;0;1;0;3;1;0;2
27344;Houlbec-près-le-Gros-Theil;28;27;0;0;0;0;0;0;0;0;0;0;0;0;0;0;0;0;0;0;0;0;0;0;0;0;1;2;0;0;0;0;0;0;0;1;0;0;1
27345;La Houssaye;28;27;0;0;0;0;0;0;0;0;0;0;0;0;0;0;0;0;0;0;0;0;0;0;0;0;0;1;1;0;0;0;1;0;0;0;0;0;0
27346;Houville-en-Vexin;28;27;0;0;0;0;0;0;0;0;0;0;0;0;0;0;0;0;0;0;0;0;1;0;0;0;0;0;4;0;1;0;0;0;0;0;0;0;0
27347;Huest;28;27;0;0;0;0;0;0;0;0;0;0;0;0;0;0;0;0;0;0;0;0;0;0;0;0;0;1;0;1;0;0;0;0;0;0;1;0;0
27348;Igoville;28;27;0;0;0;0;0;0;0;0;0;0;0;0;0;0;0;0;0;0;0;0;7;1;0;0;2;2;5;4;0;4;1;2;0;5;0;2;3
27349;Illeville-sur-Montfort;28;27;0;0;0;0;0;0;0;0;0;0;0;0;0;0;0;0;0;0;0;0;1;0;0;0;3;1;2;4;2;2;1;0;0;1;1;0;0
27350;Illiers-l'Évêque;28;27;0;0;0;0;0;0;0;0;0;0;0;0;0;0;0;0;0;0;0;1;2;0;0;0;1;3;1;2;0;1;3;0;0;0;0;0;2
27351;Incarville;28;27;0;0;0;0;0;0;0;0;0;0;0;0;0;0;0;0;0;0;0;0;2;0;0;0;3;0;5;1;2;1;2;0;1;3;1;0;1
27353;Irreville;28;27;0;0;0;0;0;0;0;0;0;0;0;0;0;0;0;0;0;0;0;0;0;0;0;0;3;2;0;1;1;0;0;0;0;0;1;0;0
27354;Iville;28;27;0;0;0;0;0;0;0;0;0;0;0;0;0;0;0;0;0;0;0;0;1;0;0;0;3;2;1;0;1;1;0;0;0;0;0;0;0
27355;Ivry-la-Bataille;28;27;0;1;0;0;0;0;0;0;0;0;0;0;0;0;0;3;2;1;0;0;3;0;0;1;3;0;4;8;5;5;7;0;1;10;4;3;3
27358;Jouy-sur-Eure;28;27;0;0;0;0;0;0;0;0;0;0;0;0;0;0;0;0;1;0;0;0;0;0;0;0;2;0;2;2;1;0;0;0;0;1;0;0;1
27359;Juignettes;28;27;0;0;0;0;0;0;0;0;0;0;0;0;0;0;0;0;0;0;0;0;0;0;0;0;0;0;1;0;0;0;0;0;0;0;0;0;0
27360;Jumelles;28;27;0;0;0;0;0;0;0;0;0;0;0;0;0;0;0;0;0;0;0;0;0;0;0;0;0;0;1;0;0;0;2;0;0;0;0;0;0
27361;La Lande-Saint-Léger;28;27;0;0;0;0;0;0;0;0;0;0;0;0;0;0;0;0;0;0;0;0;0;0;0;0;0;1;0;1;1;0;0;0;0;0;0;0;0
27363;Le Landin;28;27;0;0;0;0;0;0;0;0;0;0;0;0;0;0;0;0;0;0;0;0;0;0;0;0;0;0;0;0;0;0;0;0;0;0;1;0;0
27364;Launay;28;27;0;0;0;0;0;0;0;0;0;0;0;0;0;0;0;0;0;0;0;0;0;0;0;0;0;0;0;1;1;0;0;0;0;0;0;0;0
27365;Léry;28;27;0;0;0;0;0;0;0;0;0;0;0;0;0;0;0;0;0;1;0;0;6;0;0;0;3;1;1;2;0;2;3;0;0;1;2;0;0
27366;Letteguives;28;27;0;0;0;0;0;0;0;0;0;0;0;0;0;0;0;0;0;0;0;0;0;0;0;0;0;0;0;1;0;0;0;0;0;0;1;0;1
27367;Lieurey;28;27;0;0;0;0;0;0;0;0;0;0;0;0;0;0;0;1;0;1;0;0;7;0;0;1;3;1;1;2;1;4;3;1;0;3;0;0;2
27368;Lignerolles;28;27;0;0;0;0;0;0;0;0;0;0;0;0;0;0;0;0;0;0;0;0;0;0;0;0;1;0;1;1;1;0;0;0;0;0;0;0;0
27369;Lilly;28;27;0;0;0;0;0;0;0;0;0;0;0;0;0;0;0;0;0;0;0;0;0;0;0;0;0;0;0;0;0;0;0;0;0;0;0;0;0
27370;Lisors;28;27;0;0;0;0;0;0;0;0;0;0;0;0;0;0;0;0;0;0;0;0;0;0;0;0;1;0;1;2;0;0;0;0;0;0;0;0;0
27371;Livet-sur-Authou;28;27;0;0;0;0;0;0;0;0;0;0;0;0;0;0;0;0;0;0;0;0;1;0;0;0;0;0;0;0;0;0;0;0;0;0;0;0;0
27372;Longchamps;28;27;0;0;0;0;0;0;0;0;0;0;0;0;0;0;0;0;0;0;0;0;2;0;0;0;0;0;2;1;2;1;1;0;0;0;0;0;0
27373;Lorleau;28;27;0;0;0;0;0;0;0;0;0;0;0;0;0;0;0;0;0;0;0;0;0;0;0;0;0;0;1;0;0;0;0;0;0;0;0;0;0
27374;Louversey;28;27;0;0;0;0;0;0;0;0;0;0;0;0;0;0;0;0;0;0;0;0;0;0;0;0;1;0;2;2;0;0;1;0;0;0;0;0;0
27375;Louviers;28;27;1;1;0;0;0;1;0;0;0;0;5;1;0;1;0;12;4;1;0;0;22;3;3;9;37;15;24;19;11;16;31;6;6;64;12;3;22
27376;Louye;28;27;0;0;0;0;0;0;0;0;0;0;0;0;0;0;0;0;0;0;0;0;0;0;0;0;1;0;1;0;0;0;0;0;0;1;0;0;0
27377;Lyons-la-Forêt;28;27;0;1;0;0;0;0;0;0;0;0;0;0;0;0;0;2;1;0;0;1;1;0;1;0;1;0;0;2;1;0;1;0;0;3;2;1;1
27378;La Madeleine-de-Nonancourt;28;27;0;0;0;0;0;0;0;0;0;0;0;0;0;0;0;0;2;0;0;0;1;0;0;0;3;2;2;10;1;0;2;0;0;1;1;0;1
27379;Mainneville;28;27;0;0;0;0;0;0;0;0;0;0;0;0;0;0;0;0;0;0;0;0;1;0;0;0;0;2;1;3;1;0;0;0;0;0;0;0;0
27380;Malleville-sur-le-Bec;28;27;0;0;0;0;0;0;0;0;0;0;0;0;0;0;0;0;0;0;0;0;1;0;0;0;1;0;1;0;0;0;1;0;0;0;0;0;0
27381;Malouy;28;27;0;0;0;0;0;0;0;0;0;0;0;0;0;0;0;0;0;0;0;0;0;0;0;0;0;1;1;2;0;0;0;0;0;0;0;0;0
27382;Mandeville;28;27;0;0;0;0;0;0;0;0;0;0;0;0;0;0;0;0;0;0;0;0;0;0;0;0;0;0;0;0;2;0;2;0;0;0;0;0;0
27383;Mandres;28;27;0;0;0;0;0;0;0;0;0;0;0;0;0;0;0;0;0;0;0;0;0;0;0;0;1;0;0;0;0;0;0;0;0;0;0;0;0
27384;Manneville-la-Raoult;28;27;0;0;0;0;0;0;0;0;0;0;0;0;0;0;0;0;0;0;0;0;1;0;0;0;1;3;2;2;0;0;0;0;0;0;0;0;0
27385;Manneville-sur-Risle;28;27;0;0;0;0;0;0;0;0;0;0;0;0;0;0;0;0;0;0;0;0;1;0;0;0;2;1;3;3;2;0;1;0;0;2;0;0;1
27386;Le Manoir;28;27;0;0;0;0;0;0;0;0;0;0;0;0;0;0;0;0;0;1;0;0;2;0;0;0;1;0;1;1;1;0;3;0;0;1;0;0;1
27388;Marais-Vernier;28;27;0;0;0;0;0;0;0;0;0;0;0;0;0;0;0;0;0;0;0;1;0;0;0;0;0;0;2;3;1;0;0;0;0;1;0;0;0
27389;Marbeuf;28;27;0;0;0;0;0;0;0;0;0;0;0;0;0;0;0;0;0;0;0;0;1;0;0;0;2;2;1;1;0;1;0;0;0;0;0;0;0
27390;Marcilly-la-Campagne;28;27;0;0;0;0;0;0;0;0;0;0;0;0;0;0;0;0;0;0;0;0;1;0;0;0;2;1;1;6;2;1;2;0;0;1;1;0;1
27391;Marcilly-sur-Eure;28;27;0;0;0;0;0;0;0;0;0;0;0;0;0;0;0;0;0;0;0;1;1;0;0;0;0;1;3;2;1;1;4;0;0;1;0;0;0
27392;Martagny;28;27;0;0;0;0;0;0;0;0;0;0;0;0;0;0;0;0;0;0;0;0;0;0;0;0;1;0;0;3;2;1;0;0;0;0;0;0;0
27393;Martainville;28;27;0;0;0;0;0;0;0;0;0;0;0;0;0;0;0;0;0;0;0;0;3;0;0;0;1;0;0;3;0;0;0;1;0;0;0;0;0
27394;Martot;28;27;0;0;0;0;0;0;0;0;0;0;0;0;0;0;0;0;0;0;0;0;0;0;0;0;2;1;0;1;0;0;0;0;0;1;0;0;0
27395;Mélicourt;28;27;0;0;0;0;0;0;0;0;0;0;0;0;0;0;0;0;0;0;0;0;0;0;0;0;0;0;0;0;0;0;0;0;0;0;0;0;0
27396;Ménesqueville;28;27;0;0;0;0;0;0;0;0;0;0;0;0;0;0;0;0;0;0;0;1;2;0;0;0;2;1;2;2;0;1;0;0;0;0;0;0;0
27397;Ménilles;28;27;0;0;0;0;0;0;0;0;0;0;0;0;0;0;0;0;0;1;0;0;0;0;0;0;4;4;0;2;1;1;1;0;0;3;2;0;6
27398;Menneval;28;27;0;0;0;0;0;0;0;0;0;0;0;0;0;0;0;0;0;0;0;0;3;0;0;0;4;0;2;2;4;3;3;0;0;4;2;0;1
27399;Mercey;28;27;0;0;0;0;0;0;0;0;0;0;0;0;0;0;0;0;0;0;0;0;0;0;0;0;0;0;0;0;0;0;0;0;0;0;0;0;0
27400;Merey;28;27;0;0;0;0;0;0;0;0;0;0;0;0;0;0;0;0;0;0;0;0;0;0;0;0;0;1;0;0;1;0;1;0;0;0;0;0;0
27401;Le Mesnil-Fuguet;28;27;0;0;0;0;0;0;0;0;0;0;0;0;0;0;0;0;0;0;0;0;0;0;0;0;0;0;0;1;0;0;0;0;0;0;0;0;1
27402;Le Mesnil-Hardray;28;27;0;0;0;0;0;0;0;0;0;0;0;0;0;0;0;0;0;0;0;0;0;0;0;0;0;0;0;0;0;0;0;0;0;0;0;0;0
27403;Le Mesnil-Jourdain;28;27;0;0;0;0;0;0;0;0;0;0;0;0;0;0;0;0;0;0;0;0;0;0;0;0;0;0;0;1;1;0;0;0;0;0;0;0;0
27404;Mesnil-Rousset;28;27;0;0;0;0;0;0;0;0;0;0;0;0;0;0;0;0;0;0;0;0;0;0;0;0;1;0;0;0;0;0;0;0;0;0;0;0;0
27405;Mesnil-sous-Vienne;28;27;0;0;0;0;0;0;0;0;0;0;0;0;0;0;0;0;0;0;0;0;0;0;0;0;0;0;0;1;0;0;0;0;0;0;0;0;0
27406;Mesnil-sur-l'Estrée;28;27;0;0;0;0;0;0;0;0;0;0;0;0;0;0;0;0;0;1;0;0;3;0;0;0;4;1;2;0;1;0;0;0;0;1;0;0;0
27407;Mesnil-Verclives;28;27;0;0;0;0;0;0;0;0;0;0;0;0;0;0;0;0;0;0;0;0;0;0;0;0;1;1;0;1;0;0;0;0;0;0;0;0;0
27408;Mézières-en-Vexin;28;27;0;0;0;0;0;0;0;0;0;0;0;0;0;0;0;0;0;0;0;0;0;0;0;0;1;1;1;0;1;0;0;0;0;0;0;0;0
27410;Miserey;28;27;0;0;0;0;0;0;0;0;0;0;0;0;0;0;0;0;0;0;0;0;1;0;0;0;3;0;3;1;2;1;0;0;0;2;1;0;0
27411;Moisville;28;27;0;0;0;0;0;0;0;0;0;0;0;0;0;0;0;0;0;0;0;0;0;0;0;0;1;1;1;0;0;0;0;0;0;0;0;0;0
27412;Montaure;28;27;0;0;0;0;0;0;0;0;0;0;0;0;0;0;0;0;0;0;1;0;0;0;0;0;0;1;1;4;3;0;1;0;0;0;1;0;1
27413;Montfort-sur-Risle;28;27;0;1;0;0;0;0;0;0;0;0;1;0;0;0;0;2;0;1;0;0;1;0;0;1;1;0;0;0;1;1;3;0;0;4;1;0;1
27414;Montreuil-l'Argillé;28;27;0;0;0;0;0;0;0;0;0;0;0;0;0;0;0;2;0;1;0;0;1;0;0;1;0;1;5;2;2;1;2;0;0;3;1;0;1
27415;Morainville-Jouveaux;28;27;0;0;0;0;0;0;0;0;0;0;0;0;0;0;0;0;0;0;0;0;1;0;0;0;1;0;2;2;0;0;0;0;0;1;0;0;0
27416;Buis-sur-Damville;28;27;0;0;0;0;0;0;0;0;0;0;0;0;0;0;0;0;0;0;0;0;2;0;2;0;4;1;2;3;2;1;0;0;0;0;0;0;0
27417;Morgny;28;27;0;0;0;0;0;0;0;0;0;0;0;0;0;0;0;0;0;0;0;1;1;0;0;0;2;1;0;2;1;0;0;0;0;1;1;0;1
27418;Morsan;28;27;0;0;0;0;0;0;0;0;0;0;0;0;0;0;0;0;0;0;0;0;0;0;0;0;1;0;0;1;0;0;0;0;0;0;0;0;0
27419;Mouettes;28;27;0;0;0;0;0;0;0;0;0;0;0;0;0;0;0;0;0;0;0;0;0;0;0;0;3;2;1;5;1;0;0;0;0;0;0;0;1
27420;Mouflaines;28;27;0;0;0;0;0;0;0;0;0;0;0;0;0;0;0;0;0;0;0;0;0;0;0;0;1;0;0;1;0;0;0;0;0;0;0;0;0
27421;Mousseaux-Neuville;28;27;0;0;0;0;0;0;0;0;0;0;0;0;0;0;0;0;0;0;0;0;1;0;0;0;3;1;1;2;2;0;1;0;0;0;0;0;0
27422;Muids;28;27;0;0;0;0;0;0;0;0;0;0;0;0;0;0;0;0;0;0;1;0;2;0;0;0;3;1;0;2;2;1;0;0;0;0;0;0;2
27423;Muzy;28;27;0;0;0;0;0;0;0;0;0;0;0;0;0;0;0;0;0;0;0;0;2;0;0;0;1;3;1;1;1;0;1;0;0;0;1;0;0
27424;Nagel-Séez-Mesnil;28;27;0;0;0;0;0;0;0;0;0;0;0;0;0;0;0;0;0;0;0;0;2;0;0;0;1;1;0;2;0;0;0;0;0;1;0;0;0
27425;Nassandres;28;27;0;0;0;0;0;0;0;0;0;0;0;0;0;0;0;0;0;1;0;0;3;1;0;2;2;1;1;2;1;1;3;0;0;3;0;0;0
27426;Neaufles-Saint-Martin;28;27;0;0;0;0;0;0;0;0;0;0;0;0;0;0;0;0;0;0;0;1;1;0;0;1;1;3;1;0;2;4;0;0;0;0;0;0;0
27427;Neaufles-Auvergny;28;27;0;0;0;0;0;0;0;0;0;0;0;0;0;0;0;0;0;0;0;0;0;0;0;0;0;0;3;0;1;0;0;0;0;0;0;0;0
27428;Le Neubourg;28;27;0;1;0;0;0;0;0;0;0;0;1;0;0;0;0;8;2;1;0;0;6;1;0;3;8;3;8;7;0;0;13;2;5;25;8;1;8
27429;Neuilly;28;27;0;0;0;0;0;0;0;0;0;0;0;0;0;0;0;0;0;0;0;0;0;0;0;0;0;0;0;1;0;0;0;0;0;0;0;0;0
27430;La Neuve-Grange;28;27;0;0;0;0;0;0;0;0;0;0;0;0;0;0;0;0;0;0;0;0;0;0;0;0;2;0;0;1;0;0;0;0;0;0;0;0;1
27431;La Neuve-Lyre;28;27;0;0;0;0;0;0;0;0;0;0;0;0;0;0;0;1;1;1;0;0;1;0;0;1;0;1;0;0;0;2;1;0;0;1;0;0;1
27432;La Neuville-du-Bosc;28;27;0;0;0;0;0;0;0;0;0;0;0;0;0;0;0;0;0;0;0;1;0;0;0;0;0;0;2;1;1;0;0;0;0;0;0;0;0
27433;Neuville-sur-Authou;28;27;0;0;0;0;0;0;0;0;0;0;0;0;0;0;0;0;0;0;0;0;0;0;0;0;0;0;1;0;0;0;0;0;0;1;0;0;0
27434;Noards;28;27;0;0;0;0;0;0;0;0;0;0;0;0;0;0;0;0;0;0;0;0;0;0;0;0;0;0;0;0;0;0;0;0;0;0;0;0;0
27435;La Noë-Poulain;28;27;0;0;0;0;0;0;0;0;0;0;0;0;0;0;0;0;0;0;0;0;2;0;0;0;0;1;0;1;1;0;0;0;0;2;0;0;1
27436;Nogent-le-Sec;28;27;0;0;0;0;0;0;0;0;0;0;0;0;0;0;0;0;0;0;0;0;0;0;0;0;1;0;2;2;0;0;0;0;0;0;0;0;0
27437;Nojeon-en-Vexin;28;27;0;0;0;0;0;0;0;0;0;0;0;0;0;0;0;0;0;0;0;0;2;0;0;0;1;0;1;3;1;0;1;0;0;0;0;0;0
27438;Nonancourt;28;27;0;1;0;0;0;0;0;0;0;0;1;0;0;0;0;5;1;1;0;0;6;1;0;0;6;1;5;7;2;0;7;1;0;10;5;1;6
27439;Normanville;28;27;0;0;0;0;0;0;0;0;0;0;0;0;0;0;0;0;0;0;0;0;4;0;0;0;1;1;4;6;2;3;1;0;0;1;0;1;0
27440;Notre-Dame-de-l'Isle;28;27;0;0;0;0;0;0;0;0;0;0;0;0;0;0;0;0;0;0;0;0;0;0;0;0;1;1;1;2;1;0;0;0;0;0;1;0;1
27441;Notre-Dame-d'Épine;28;27;0;0;0;0;0;0;0;0;0;0;0;0;0;0;0;0;0;0;0;0;0;0;0;0;0;0;1;1;0;1;0;0;0;0;0;0;0
27442;Notre-Dame-du-Hamel;28;27;0;0;0;0;0;0;0;0;0;0;0;0;0;0;0;0;0;0;0;0;0;0;0;0;0;1;0;1;0;0;0;0;0;1;0;0;0
27444;Le Noyer-en-Ouche;28;27;0;0;0;0;0;0;0;0;0;0;0;0;0;0;0;0;0;0;0;0;0;0;0;0;0;0;0;0;2;0;0;0;0;0;0;0;0
27445;Noyers;28;27;0;0;0;0;0;0;0;0;0;0;0;0;0;0;0;0;0;0;0;0;1;0;0;0;0;0;0;0;0;0;0;0;0;0;0;0;0
27446;Ormes;28;27;0;0;0;0;0;0;0;0;0;0;0;0;0;0;0;0;0;0;0;0;0;0;0;0;1;0;1;1;1;0;0;0;0;0;0;0;0
27447;Orvaux;28;27;0;0;0;0;0;0;0;0;0;0;0;0;0;0;0;0;0;0;0;0;2;0;0;0;0;1;1;0;0;0;0;0;0;0;0;0;0
27448;Pacy-sur-Eure;28;27;0;1;0;0;0;0;0;0;0;0;1;0;0;0;0;11;2;1;0;0;12;2;0;2;10;4;5;11;5;3;16;0;1;18;11;3;10
27451;Parville;28;27;0;0;0;0;0;0;0;0;0;0;0;0;0;0;0;0;0;0;0;0;2;0;0;0;1;1;0;0;0;0;2;0;0;1;0;0;0
27452;Perriers-la-Campagne;28;27;0;0;0;0;0;0;0;0;0;0;0;0;0;0;0;0;0;0;0;0;1;0;0;0;0;2;2;2;2;1;0;0;0;0;0;0;0
27453;Perriers-sur-Andelle;28;27;0;0;0;0;0;0;0;0;0;0;0;0;0;0;0;0;0;1;0;0;3;1;0;0;2;0;1;2;3;1;2;0;0;2;0;0;1
27454;Perruel;28;27;0;0;0;0;0;0;0;0;0;0;0;0;0;0;0;0;0;0;0;0;0;0;0;0;0;1;0;4;1;1;0;0;0;0;0;0;0
27455;Piencourt;28;27;0;0;0;0;0;0;0;0;0;0;0;0;0;0;0;0;0;0;0;0;0;0;0;0;1;1;0;0;0;0;0;0;0;0;0;0;0
27456;Pinterville;28;27;0;0;0;0;0;0;0;0;0;0;0;0;0;0;0;0;0;0;0;0;4;1;0;0;4;1;0;2;1;1;2;0;0;1;0;0;0
27457;Piseux;28;27;0;0;0;0;0;0;0;0;0;0;0;0;0;0;0;0;0;0;0;0;1;0;0;0;1;1;0;1;0;0;0;0;0;0;0;0;0
27458;Pîtres;28;27;0;0;0;0;0;0;0;0;0;0;0;0;0;0;0;0;1;1;0;0;0;0;0;0;4;2;3;6;3;2;3;0;0;0;1;0;2
27459;Les Places;28;27;0;0;0;0;0;0;0;0;0;0;0;0;0;0;0;0;0;0;0;0;0;0;0;0;0;0;0;1;0;0;0;0;0;0;0;0;0
27460;Plainville;28;27;0;0;0;0;0;0;0;0;0;0;0;0;0;0;0;0;0;0;0;0;0;0;0;0;0;0;0;0;0;0;0;0;0;0;0;0;0
27462;Le Planquay;28;27;0;0;0;0;0;0;0;0;0;0;0;0;0;0;0;0;1;0;0;0;0;0;0;0;0;1;0;0;0;0;0;0;0;0;0;0;0
27463;Plasnes;28;27;0;0;0;0;0;0;0;0;0;0;0;0;0;0;0;0;0;0;0;0;3;0;0;0;2;2;3;2;0;4;0;0;0;1;0;0;0
27464;Le Plessis-Grohan;28;27;0;0;0;0;0;0;0;0;0;0;0;0;0;0;0;0;0;0;0;0;0;0;0;0;2;0;0;2;5;0;1;0;0;0;1;0;2
27465;Le Plessis-Hébert;28;27;0;0;0;0;0;0;0;0;0;0;0;0;0;0;0;0;0;0;0;0;0;0;0;0;0;1;1;0;0;2;0;0;0;0;0;0;0
27466;Le Plessis-Sainte-Opportune;28;27;0;0;0;0;0;0;0;0;0;0;0;0;0;0;0;0;0;0;0;0;0;0;0;0;0;1;0;0;0;0;0;0;0;0;0;0;0
27467;Pont-Audemer;28;27;0;1;0;0;0;0;0;0;0;0;5;1;0;1;0;10;3;1;0;0;19;4;0;6;7;6;16;19;9;4;22;4;6;50;11;4;14
27468;Pont-Authou;28;27;0;0;0;0;0;0;0;0;0;0;0;0;0;0;0;0;0;0;0;1;3;0;0;0;2;0;1;3;1;0;2;0;0;2;0;0;1
27469;Pont-de-l'Arche;28;27;0;1;0;0;0;0;0;0;0;0;1;0;0;0;0;6;2;1;0;0;2;1;0;1;2;3;2;4;1;1;9;0;1;8;2;1;4
27470;Pont-Saint-Pierre;28;27;0;0;0;0;0;0;0;0;0;0;0;0;0;0;0;3;0;1;0;0;8;0;0;1;0;3;1;2;1;1;6;0;4;4;0;1;3
27471;Porte-Joie;28;27;0;0;0;0;0;0;0;0;0;0;0;0;0;0;0;0;0;0;0;0;0;0;0;0;1;0;0;0;1;0;0;0;0;0;0;0;0
27472;Portes;28;27;0;0;0;0;0;0;0;0;0;0;0;0;0;0;0;0;0;0;0;0;0;0;0;0;0;1;0;1;1;0;0;0;0;0;0;0;0
27473;Port-Mort;28;27;0;0;0;0;0;0;0;0;0;0;0;0;0;0;0;0;0;0;1;0;1;0;0;0;1;1;0;0;1;2;1;1;0;1;2;0;1
27474;Poses;28;27;0;0;0;0;0;0;0;0;0;0;0;0;0;0;0;0;0;1;0;0;2;0;0;0;2;1;2;2;1;1;1;0;0;3;0;0;1
27475;La Poterie-Mathieu;28;27;0;0;0;0;0;0;0;0;0;0;0;0;0;0;0;0;0;0;0;0;0;0;0;0;0;0;2;0;0;0;0;0;0;0;1;0;0
27476;Les Préaux;28;27;0;0;0;0;0;0;0;0;0;0;0;0;0;0;0;0;0;0;0;0;0;0;0;0;0;0;2;1;0;1;1;0;0;0;0;0;0
27477;Pressagny-l'Orgueilleux;28;27;0;0;0;0;0;0;0;0;0;0;0;0;0;0;0;0;0;0;0;0;0;0;0;0;1;0;0;1;0;1;2;0;0;1;1;0;0
27478;Prey;28;27;0;0;0;0;0;0;0;0;0;0;0;0;0;0;0;0;0;0;1;0;4;0;0;0;2;2;2;1;0;0;2;0;0;0;0;0;1
27480;Puchay;28;27;0;0;0;0;0;0;0;0;0;0;0;0;0;0;0;0;0;0;0;1;0;0;0;0;1;2;2;1;0;1;0;0;0;3;0;0;0
27481;Pullay;28;27;0;0;0;0;0;0;0;0;0;0;0;0;0;0;0;0;0;0;0;0;0;0;0;0;0;0;1;0;1;0;0;0;0;0;0;0;0
27482;La Pyle;28;27;0;0;0;0;0;0;0;0;0;0;0;0;0;0;0;0;0;0;0;0;0;0;0;0;0;1;1;1;0;0;0;0;0;0;0;0;0
27483;Quatremare;28;27;0;0;0;0;0;0;0;0;0;0;0;0;0;0;0;0;0;0;0;0;2;0;0;0;1;0;1;1;2;1;1;0;0;2;0;0;0
27485;Quillebeuf-sur-Seine;28;27;0;1;0;0;0;0;0;0;0;0;0;0;0;0;0;0;1;1;0;0;0;0;0;1;0;3;0;0;1;0;3;0;0;2;0;0;1
27486;Quittebeuf;28;27;0;0;0;0;0;0;0;0;0;0;0;0;0;0;0;0;0;0;0;1;0;0;0;0;1;1;2;0;2;0;1;0;0;0;0;0;0
27487;Radepont;28;27;0;0;0;0;0;0;0;0;0;0;0;0;0;0;0;0;0;0;0;0;0;0;0;0;2;0;4;1;0;3;0;0;0;0;0;0;0
27488;Renneville;28;27;0;0;0;0;0;0;0;0;0;0;0;0;0;0;0;0;0;0;0;0;1;0;0;0;0;0;0;0;0;0;1;0;0;0;0;0;0
27489;Reuilly;28;27;0;0;0;0;0;0;0;0;0;0;0;0;0;0;0;0;0;0;0;0;0;0;0;0;3;1;0;0;0;0;0;0;0;0;0;0;0
27490;Richeville;28;27;0;0;0;0;0;0;0;0;0;0;0;0;0;0;0;0;0;0;0;0;2;0;0;0;1;0;1;0;0;0;0;0;0;1;0;0;1
27491;Roman;28;27;0;0;0;0;0;0;0;0;0;0;0;0;0;0;0;0;0;0;0;0;3;0;0;0;1;2;1;0;0;0;0;0;0;0;0;0;0
27492;Romilly-la-Puthenaye;28;27;0;0;0;0;0;0;0;0;0;0;0;0;0;0;0;0;0;0;1;0;0;0;0;0;1;0;2;1;0;0;0;0;0;0;1;0;0
27493;Romilly-sur-Andelle;28;27;0;0;0;0;0;0;0;0;0;0;0;0;0;0;0;0;0;1;0;0;4;1;0;1;2;2;1;3;5;1;2;1;0;1;4;0;3
27495;La Roquette;28;27;0;0;0;0;0;0;0;0;0;0;0;0;0;0;0;0;0;0;0;0;0;0;0;0;0;0;0;0;0;0;1;0;0;0;0;0;0
27496;Rosay-sur-Lieure;28;27;0;0;0;0;0;0;0;0;0;0;0;0;0;0;0;0;0;0;0;1;0;0;0;0;2;1;2;1;2;0;1;1;0;1;0;0;1
27497;Rougemontiers;28;27;0;0;0;0;0;0;0;0;0;0;0;0;0;0;0;0;0;0;0;0;4;0;0;0;1;1;1;7;3;1;0;0;0;4;0;0;1
27498;Rouge-Perriers;28;27;0;0;0;0;0;0;0;0;0;0;0;0;0;0;0;0;0;0;0;0;0;0;0;0;0;2;1;0;1;0;0;0;0;0;0;0;1
27500;Routot;28;27;0;1;0;0;0;0;0;0;0;0;0;0;0;0;0;2;0;1;0;0;1;0;0;1;0;2;0;1;0;0;2;0;0;6;2;0;2
27501;Rouvray;28;27;0;0;0;0;0;0;0;0;0;0;0;0;0;0;0;0;0;0;0;0;0;0;2;0;0;0;0;1;1;0;1;0;0;0;0;0;0
27502;Rugles;28;27;0;1;0;0;0;0;0;0;0;0;1;0;0;0;0;2;0;1;0;0;4;2;0;3;3;6;1;8;3;1;4;0;0;6;2;1;1
27504;Sacquenville;28;27;0;0;0;0;0;0;0;0;0;0;0;0;0;0;0;0;0;0;0;1;1;0;0;1;1;3;4;2;0;0;2;0;0;1;0;0;2
27505;Saint-Agnan-de-Cernières;28;27;0;0;0;0;0;0;0;0;0;0;0;0;0;0;0;0;0;0;0;0;0;0;0;0;0;0;0;0;0;1;0;0;0;0;0;0;0
27507;Saint-André-de-l'Eure;28;27;0;1;0;0;0;0;0;0;0;0;1;0;0;0;0;4;1;1;0;0;9;1;0;2;2;5;5;10;5;1;9;2;1;7;2;1;10
27508;Saint-Antonin-de-Sommaire;28;27;0;0;0;0;0;0;0;0;0;0;0;0;0;0;0;0;0;0;0;0;0;0;0;0;1;2;0;1;0;0;0;0;0;1;0;0;0
27510;Saint-Aquilin-de-Pacy;28;27;0;0;0;0;0;0;0;0;0;0;0;0;0;0;0;0;0;0;0;0;4;1;0;0;1;1;0;0;3;0;2;1;0;4;0;0;0
27511;Saint-Aubin-d'Écrosville;28;27;0;0;0;0;0;0;0;0;0;0;0;0;0;0;0;0;0;0;0;1;2;0;0;0;0;1;0;1;0;0;1;0;0;0;0;0;1
27512;Saint-Aubin-de-Scellon;28;27;0;0;0;0;0;0;0;0;0;0;0;0;0;0;0;0;0;0;0;0;0;0;0;0;0;0;1;0;0;0;0;0;0;0;0;0;0
27514;Saint-Aubin-du-Thenney;28;27;0;0;0;0;0;0;0;0;0;0;0;0;0;0;0;0;0;0;0;0;0;0;0;0;0;0;0;0;1;0;0;0;0;0;0;0;0
27516;Saint-Aubin-le-Vertueux;28;27;0;0;0;0;0;0;0;0;0;0;0;0;0;0;0;0;0;0;0;0;1;0;0;0;2;0;2;0;2;0;0;1;0;1;0;0;0
27517;Saint-Aubin-sur-Gaillon;28;27;0;0;0;0;0;0;0;0;0;0;0;0;0;0;0;0;0;0;0;0;4;0;0;0;4;4;3;2;1;0;2;1;0;3;0;0;0
27518;Saint-Aubin-sur-Quillebeuf;28;27;0;0;0;0;0;0;0;0;0;0;0;0;0;0;0;0;0;0;0;0;0;0;0;0;1;0;0;0;0;0;0;0;0;1;0;0;0
27520;Saint-Benoît-des-Ombres;28;27;0;0;0;0;0;0;0;0;0;0;0;0;0;0;0;0;0;0;0;0;0;0;0;0;0;0;0;0;0;0;0;0;0;0;0;0;0
27521;Saint-Christophe-sur-Avre;28;27;0;0;0;0;0;0;0;0;0;0;0;0;0;0;0;0;0;0;0;0;0;0;0;0;1;1;1;1;0;0;0;0;0;0;0;0;0
27522;Saint-Christophe-sur-Condé;28;27;0;0;0;0;0;0;0;0;0;0;0;0;0;0;0;0;0;0;0;0;0;0;0;0;0;0;1;1;0;0;1;0;0;0;0;0;0
27523;Saint-Clair-d'Arcey;28;27;0;0;0;0;0;0;0;0;0;0;0;0;0;0;0;0;0;0;0;0;0;0;0;0;1;0;1;0;0;0;1;0;0;0;0;0;0
27524;Sainte-Colombe-la-Commanderie;28;27;0;0;0;0;0;0;0;0;0;0;0;0;0;0;0;0;0;0;1;0;1;0;0;0;2;0;0;2;2;0;0;0;0;2;0;0;0
27525;Sainte-Colombe-près-Vernon;28;27;0;0;0;0;0;0;0;0;0;0;0;0;0;0;0;0;0;0;0;0;1;0;0;0;0;0;0;1;1;0;0;0;0;1;0;0;0
27527;Saint-Cyr-de-Salerne;28;27;0;0;0;0;0;0;0;0;0;0;0;0;0;0;0;0;0;0;0;0;0;0;0;0;0;1;1;1;1;0;0;0;0;0;0;0;0
27528;Le Vaudreuil;28;27;0;0;0;0;0;0;0;0;0;0;0;0;0;0;0;1;0;1;0;0;1;0;1;2;4;5;5;1;3;2;8;0;1;5;5;1;5
27529;Saint-Cyr-la-Campagne;28;27;0;0;0;0;0;0;0;0;0;0;0;0;0;0;0;0;0;0;0;0;1;0;0;0;0;0;1;6;0;0;0;0;0;0;1;0;1
27530;Saint-Denis-d'Augerons;28;27;0;0;0;0;0;0;0;0;0;0;0;0;0;0;0;0;0;0;0;0;1;0;0;0;0;0;1;0;0;1;0;0;0;0;0;0;0
27531;Saint-Denis-des-Monts;28;27;0;0;0;0;0;0;0;0;0;0;0;0;0;0;0;0;0;0;0;0;2;0;0;0;1;0;2;0;2;0;2;0;0;0;0;0;0
27533;Saint-Denis-le-Ferment;28;27;0;0;0;0;0;0;0;0;0;0;0;0;0;0;0;0;0;0;0;0;0;0;0;0;2;1;1;0;2;2;0;0;0;0;0;0;0
27534;Saint-Didier-des-Bois;28;27;0;0;0;0;0;0;0;0;0;0;0;0;0;0;0;1;0;0;0;0;1;0;0;0;1;1;0;1;1;1;0;0;0;1;0;0;0
27535;Saint-Élier;28;27;0;0;0;0;0;0;0;0;0;0;0;0;0;0;0;0;0;0;0;0;0;0;0;0;2;1;0;1;0;0;0;0;0;0;0;0;0
27536;Saint-Éloi-de-Fourques;28;27;0;0;0;0;0;0;0;0;0;0;0;0;0;0;0;0;0;0;0;0;0;0;0;0;1;1;1;1;0;0;0;0;0;1;0;0;0
27537;Saint-Étienne-du-Vauvray;28;27;0;0;0;0;0;0;0;0;0;0;0;0;0;0;0;0;0;0;0;0;0;0;0;0;0;0;0;1;1;2;0;0;0;0;1;0;0
27538;Saint-Étienne-l'Allier;28;27;0;0;0;0;0;0;0;0;0;0;0;0;0;0;0;0;0;0;0;0;1;0;0;0;1;1;1;2;0;0;1;0;0;0;0;0;0
27539;Saint-Étienne-sous-Bailleul;28;27;0;0;0;0;0;0;0;0;0;0;0;0;0;0;0;0;0;0;0;0;0;0;0;0;1;1;0;0;1;0;0;0;0;0;0;0;0
27540;Sainte-Geneviève-lès-Gasny;28;27;0;0;0;0;0;0;0;0;0;0;0;0;0;0;0;0;0;0;0;0;1;0;0;0;2;0;1;1;1;1;0;0;0;0;1;0;0
27541;Saint-Georges-du-Mesnil;28;27;0;0;0;0;0;0;0;0;0;0;0;0;0;0;0;0;0;0;0;0;0;0;0;0;0;0;1;1;0;0;0;1;0;0;0;0;0
27542;Saint-Georges-du-Vièvre;28;27;0;1;0;0;0;0;0;0;0;0;0;0;0;0;0;2;0;0;1;0;1;0;0;0;1;2;1;2;3;0;2;0;0;2;0;0;1
27543;Saint-Georges-Motel;28;27;0;0;0;0;0;0;0;0;0;0;0;0;0;0;0;0;0;1;0;0;1;0;0;0;3;3;2;2;1;0;1;0;0;0;0;0;1
27544;Saint-Germain-de-Fresney;28;27;0;0;0;0;0;0;0;0;0;0;0;0;0;0;0;0;0;0;0;0;0;0;0;0;0;0;0;1;0;0;0;0;0;0;0;0;0
27545;Saint-Germain-de-Pasquier;28;27;0;0;0;0;0;0;0;0;0;0;0;0;0;0;0;0;0;0;0;0;0;0;0;0;0;0;0;0;0;0;0;1;0;0;0;0;0
27546;Saint-Germain-des-Angles;28;27;0;0;0;0;0;0;0;0;0;0;0;0;0;0;0;0;0;0;0;0;0;0;0;0;0;0;0;0;0;0;0;0;0;0;0;0;0
27547;Saint-Germain-la-Campagne;28;27;0;0;0;0;0;0;0;0;0;0;0;0;0;0;0;0;0;0;1;0;4;0;0;0;2;1;1;4;1;0;2;0;0;0;0;0;0
27548;Saint-Germain-sur-Avre;28;27;0;0;0;0;0;0;0;0;0;0;0;0;0;0;0;0;0;0;0;0;1;0;0;0;1;0;1;2;2;0;2;0;0;0;0;0;0
27549;Saint-Germain-Village;28;27;0;0;0;0;0;0;0;0;0;0;0;0;0;0;0;0;0;0;0;0;1;0;0;0;2;1;3;2;0;0;1;0;1;2;1;0;1
27550;Saint-Grégoire-du-Vièvre;28;27;0;0;0;0;0;0;0;0;0;0;0;0;0;0;0;0;0;0;0;0;1;0;0;0;0;0;1;0;0;0;0;1;0;0;0;0;0
27551;Saint-Jean-de-la-Léqueraye;28;27;0;0;0;0;0;0;0;0;0;0;0;0;0;0;0;0;0;0;0;0;0;0;0;0;0;0;0;0;0;0;1;0;0;0;0;0;0
27552;Saint-Jean-du-Thenney;28;27;0;0;0;0;0;0;0;0;0;0;0;0;0;0;0;0;0;0;0;0;0;0;0;0;0;0;1;1;0;0;0;0;0;0;0;0;0
27553;Saint-Julien-de-la-Liègue;28;27;0;0;0;0;0;0;0;0;0;0;0;0;0;0;0;0;1;0;0;0;0;0;0;0;1;0;0;0;0;1;0;1;0;2;0;0;0
27554;Saint-Just;28;27;0;0;0;0;0;0;0;0;0;0;0;0;0;0;0;0;0;0;0;0;1;1;0;1;6;1;2;2;0;0;0;0;0;1;0;0;1
27555;Saint-Laurent-des-Bois;28;27;0;0;0;0;0;0;0;0;0;0;0;0;0;0;0;0;0;0;0;0;0;0;0;0;0;0;0;1;0;0;0;0;0;0;0;0;0
27556;Saint-Laurent-du-Tencement;28;27;0;0;0;0;0;0;0;0;0;0;0;0;0;0;0;0;0;0;0;0;0;0;0;0;0;0;0;0;1;0;0;0;0;0;0;0;0
27557;Saint-Léger-de-Rôtes;28;27;0;0;0;0;0;0;0;0;0;0;0;0;0;0;0;0;0;0;0;0;1;0;0;0;0;0;0;0;0;0;0;0;0;0;0;0;0
27558;Saint-Léger-du-Gennetey;28;27;0;0;0;0;0;0;0;0;0;0;0;0;0;0;0;0;0;0;0;0;0;0;0;0;0;0;0;1;0;0;0;0;0;0;0;0;0
27560;Saint-Luc;28;27;0;0;0;0;0;0;0;0;0;0;0;0;0;0;0;0;0;0;0;0;0;0;0;0;2;0;0;0;0;0;0;0;0;0;0;0;0
27561;Saint-Maclou;28;27;0;0;0;0;0;0;0;0;0;0;0;0;0;0;0;0;0;0;0;0;2;0;0;1;0;0;2;0;1;0;2;0;0;2;0;0;1
27562;Saint-Marcel;28;27;0;0;0;0;0;0;0;0;0;0;0;0;0;0;0;4;0;1;0;0;25;1;2;2;8;7;9;14;3;6;8;0;0;10;1;3;7
27563;Saint-Mards-de-Blacarville;28;27;0;0;0;0;0;0;0;0;0;0;0;0;0;0;0;0;0;0;0;0;2;0;0;0;1;2;1;1;1;1;0;0;0;0;0;0;0
27564;Saint-Mards-de-Fresne;28;27;0;0;0;0;0;0;0;0;0;0;0;0;0;0;0;0;0;0;0;0;0;0;0;0;1;0;1;1;0;0;0;0;0;1;0;0;0
27565;Le Lesme;28;27;0;0;0;0;0;0;0;0;0;0;0;0;0;0;0;0;0;0;1;0;1;0;0;0;2;0;1;1;0;0;1;0;0;1;0;0;0
27567;Sainte-Marie-de-Vatimesnil;28;27;0;0;0;0;0;0;0;0;0;0;0;0;0;0;0;0;0;0;0;0;0;0;0;0;0;0;0;1;1;0;0;0;0;0;0;0;1
27568;Sainte-Marthe;28;27;0;0;0;0;0;0;0;0;0;0;0;0;0;0;0;0;0;0;0;0;0;0;0;0;1;1;2;1;0;0;0;0;0;0;0;0;0
27569;Saint-Martin-du-Tilleul;28;27;0;0;0;0;0;0;0;0;0;0;0;0;0;0;0;0;0;0;0;0;0;0;0;0;0;1;1;1;0;0;0;0;0;0;0;0;0
27570;Saint-Martin-la-Campagne;28;27;0;0;0;0;0;0;0;0;0;0;0;0;0;0;0;0;0;0;0;0;0;0;0;0;0;0;1;0;0;0;0;0;0;0;0;0;0
27571;Saint-Martin-Saint-Firmin;28;27;0;0;0;0;0;0;0;0;0;0;0;0;0;0;0;0;0;0;0;0;0;0;0;0;2;2;1;1;0;0;1;0;0;0;0;0;0
27572;Saint-Meslin-du-Bosc;28;27;0;0;0;0;0;0;0;0;0;0;0;0;0;0;0;0;0;0;0;0;1;0;0;0;0;0;1;1;0;0;0;0;0;0;0;0;0
27576;Sainte-Opportune-du-Bosc;28;27;0;0;0;0;0;0;0;0;0;0;0;0;0;0;0;0;0;0;0;0;0;0;0;0;0;2;2;4;1;1;0;0;0;0;1;0;0
27577;Sainte-Opportune-la-Mare;28;27;0;0;0;0;0;0;0;0;0;0;0;0;0;0;0;0;0;0;1;0;0;0;0;0;1;0;0;1;0;0;1;0;0;2;0;0;1
27578;Sainte-Marie-d'Attez;28;27;0;0;0;0;0;0;0;0;0;0;0;0;0;0;0;0;0;0;0;0;0;0;0;0;0;3;2;1;1;0;0;0;0;0;0;0;0
27579;Saint-Ouen-de-Pontcheuil;28;27;0;0;0;0;0;0;0;0;0;0;0;0;0;0;0;0;0;0;0;0;0;0;0;0;1;0;0;0;0;0;0;0;0;0;0;0;0
27580;Saint-Ouen-de-Thouberville;28;27;0;0;0;0;0;0;0;0;0;0;0;0;0;0;0;0;0;1;0;0;3;0;0;0;2;2;2;4;3;4;2;0;0;4;3;0;1
27581;Saint-Ouen-des-Champs;28;27;0;0;0;0;0;0;0;0;0;0;0;0;0;0;0;0;0;0;0;0;0;0;0;0;0;1;0;2;0;0;0;0;0;0;0;0;0
27582;Saint-Ouen-du-Tilleul;28;27;0;0;0;0;0;0;0;0;0;0;0;0;0;0;0;0;0;0;0;0;5;0;0;0;0;1;2;2;0;0;1;0;0;3;0;0;1
27584;Saint-Paul-de-Fourques;28;27;0;0;0;0;0;0;0;0;0;0;0;0;0;0;0;0;0;0;0;0;1;0;0;0;2;0;0;1;2;1;1;0;0;0;0;0;0
27586;Saint-Philbert-sur-Boissey;28;27;0;0;0;0;0;0;0;0;0;0;0;0;0;0;0;0;0;0;0;0;1;0;0;0;0;0;0;0;0;0;0;0;0;0;0;0;0
27587;Saint-Philbert-sur-Risle;28;27;0;0;0;0;0;0;0;0;0;0;0;0;0;0;0;0;0;0;0;0;4;0;0;1;1;1;0;2;0;1;0;1;0;0;1;0;0
27588;Saint-Pierre-d'Autils;28;27;0;0;0;0;0;0;0;0;0;0;0;0;0;0;0;0;0;0;0;1;0;0;0;0;0;1;1;3;5;1;1;1;0;1;0;0;1
27589;Saint-Pierre-de-Bailleul;28;27;0;0;0;0;0;0;0;0;0;0;0;0;0;0;0;0;0;0;1;0;1;0;0;0;0;0;2;2;1;1;0;0;0;0;0;0;2
27590;Saint-Pierre-de-Cernières;28;27;0;0;0;0;0;0;0;0;0;0;0;0;0;0;0;0;0;0;0;0;0;0;0;0;1;0;1;0;0;0;0;0;0;0;0;0;0
27591;Saint-Pierre-de-Cormeilles;28;27;0;0;0;0;0;0;0;0;0;0;0;0;0;0;0;0;1;0;0;0;1;0;0;0;1;2;1;2;0;0;0;0;0;0;0;0;0
27592;Saint-Pierre-de-Salerne;28;27;0;0;0;0;0;0;0;0;0;0;0;0;0;0;0;0;0;0;0;0;0;0;0;0;0;0;1;0;0;1;0;0;0;0;0;0;0
27593;Saint-Pierre-des-Fleurs;28;27;0;0;0;0;0;0;0;0;0;0;0;0;0;0;0;0;0;0;0;0;1;0;0;0;2;0;1;1;2;1;3;1;0;1;1;0;3
27594;Saint-Pierre-des-Ifs;28;27;0;0;0;0;0;0;0;0;0;0;0;0;0;0;0;0;0;0;0;0;0;1;0;0;1;0;0;2;0;0;0;0;0;0;0;0;0
27595;Saint-Pierre-du-Bosguérard;28;27;0;0;0;0;0;0;0;0;0;0;0;0;0;0;0;0;0;0;0;0;0;0;0;0;1;0;0;2;1;0;2;0;0;0;0;0;0
27597;Saint-Pierre-du-Val;28;27;0;0;0;0;0;0;0;0;0;0;0;0;0;0;0;0;0;0;0;0;1;0;0;0;0;1;0;2;1;0;0;1;0;0;0;0;0
27598;Saint-Pierre-du-Vauvray;28;27;0;0;0;0;0;0;0;0;0;0;0;0;0;0;0;0;0;1;0;0;2;0;0;0;2;3;1;3;0;0;1;0;0;4;1;0;1
27599;Saint-Pierre-la-Garenne;28;27;0;0;0;0;0;0;0;0;0;0;0;0;0;0;0;0;0;0;0;0;1;0;0;0;4;1;3;1;3;0;0;0;0;2;0;0;1
27600;Saint-Quentin-des-Isles;28;27;0;0;0;0;0;0;0;0;0;0;0;0;0;0;0;0;0;0;0;0;1;0;0;0;0;1;1;0;0;0;0;0;0;1;0;0;0
27601;Saint-Samson-de-la-Roque;28;27;0;0;0;0;0;0;0;0;0;0;0;0;0;0;0;0;0;0;0;0;0;0;0;0;0;0;1;0;0;0;0;0;0;1;0;0;0
27602;Saint-Sébastien-de-Morsent;28;27;0;0;0;0;0;0;0;0;0;0;0;0;0;0;0;1;1;1;0;0;2;0;0;1;3;3;3;7;3;0;4;1;0;4;2;1;3
27603;Saint-Siméon;28;27;0;0;0;0;0;0;0;0;0;0;0;0;0;0;0;0;0;0;0;0;0;0;0;0;1;0;0;0;0;0;0;0;0;1;0;0;0
27604;Saint-Sulpice-de-Grimbouville;28;27;0;0;0;0;0;0;0;0;0;0;0;0;0;0;0;0;0;0;0;0;0;0;0;0;0;0;1;0;1;0;0;0;0;1;0;0;0
27605;Saint-Sylvestre-de-Cormeilles;28;27;0;0;0;0;0;0;0;0;0;0;0;0;0;0;0;0;0;0;0;0;0;0;0;1;1;0;1;2;1;0;0;0;0;0;0;0;0
27606;Saint-Symphorien;28;27;0;0;0;0;0;0;0;0;0;0;0;0;0;0;0;0;0;0;0;0;0;0;0;0;0;0;2;1;1;0;1;0;0;0;0;0;1
27607;Saint-Thurien;28;27;0;0;0;0;0;0;0;0;0;0;0;0;0;0;0;0;0;0;0;0;0;0;0;0;0;0;0;1;0;0;0;0;0;0;0;0;1
27608;Saint-Victor-de-Chrétienville;28;27;0;0;0;0;0;0;0;0;0;0;0;0;0;0;0;0;0;0;0;0;0;0;0;0;1;0;1;1;0;1;1;0;0;0;0;0;0
27609;Saint-Victor-d'Épine;28;27;0;0;0;0;0;0;0;0;0;0;0;0;0;0;0;0;0;0;0;0;0;0;0;0;0;1;2;1;0;0;1;0;0;0;0;0;0
27610;Saint-Victor-sur-Avre;28;27;0;0;0;0;0;0;0;0;0;0;0;0;0;0;0;0;0;0;0;0;0;0;0;0;0;0;0;0;0;0;0;0;0;0;0;0;0
27611;Saint-Vigor;28;27;0;0;0;0;0;0;0;0;0;0;0;0;0;0;0;0;0;0;0;0;0;0;0;0;0;0;0;3;1;0;0;0;0;1;0;0;0
27612;Saint-Vincent-des-Bois;28;27;0;0;0;0;0;0;0;0;0;0;0;0;0;0;0;0;0;0;0;0;1;0;0;0;0;0;1;1;1;0;0;0;0;0;0;0;0
27613;Saint-Vincent-du-Boulay;28;27;0;0;0;0;0;0;0;0;0;0;0;0;0;0;0;0;0;0;0;0;2;0;0;0;0;0;2;2;0;1;2;0;0;0;0;0;0
27614;Sancourt;28;27;0;0;0;0;0;0;0;0;0;0;0;0;0;0;0;0;0;0;0;0;0;0;0;0;0;0;0;1;0;0;0;0;0;0;1;0;0
27615;Sassey;28;27;0;0;0;0;0;0;0;0;0;0;0;0;0;0;0;0;0;0;0;0;0;0;0;0;0;0;0;0;0;0;0;0;0;0;0;0;0
27616;La Saussaye;28;27;0;0;0;0;0;0;0;0;0;0;1;0;0;0;0;0;0;0;0;1;1;0;0;0;0;1;2;4;0;2;3;0;0;2;2;0;3
27617;Saussay-la-Campagne;28;27;0;0;0;0;0;0;0;0;0;0;0;0;0;0;0;0;0;0;0;0;0;0;0;0;0;0;1;3;0;0;1;0;0;0;0;0;0
27618;Sébécourt;28;27;0;0;0;0;0;0;0;0;0;0;0;0;0;0;0;0;0;0;0;0;0;0;0;0;2;1;2;0;1;0;0;0;0;0;0;0;0
27620;Selles;28;27;0;0;0;0;0;0;0;0;0;0;0;0;0;0;0;0;0;0;0;0;0;0;0;0;1;0;0;2;0;0;0;0;0;0;0;0;0
27621;Serez;28;27;0;0;0;0;0;0;0;0;0;0;0;0;0;0;0;0;0;0;0;0;0;0;0;0;0;1;0;0;0;0;0;0;0;0;0;0;0
27622;Serquigny;28;27;0;0;0;0;0;0;0;0;0;0;0;0;0;0;0;1;0;1;0;0;2;0;0;2;4;1;4;1;0;1;3;0;0;4;1;1;2
27623;Surtauville;28;27;0;0;0;0;0;0;0;0;0;0;0;0;0;0;0;0;0;0;0;0;0;0;0;0;0;1;0;0;0;0;0;0;0;0;0;0;0
27624;Surville;28;27;0;0;0;0;0;0;0;0;0;0;0;0;0;0;0;0;1;0;0;0;1;0;0;0;2;1;0;3;0;0;0;0;0;0;0;0;2
27625;Suzay;28;27;0;0;0;0;0;0;0;0;0;0;0;0;0;0;0;0;0;0;0;0;0;0;0;0;1;0;1;2;0;0;0;0;0;3;0;0;0
27626;Theillement;28;27;0;0;0;0;0;0;0;0;0;0;0;0;0;0;0;0;0;0;0;0;0;0;0;0;0;0;1;1;0;0;0;0;0;0;0;0;1
27627;Le Theil-Nolent;28;27;0;0;0;0;0;0;0;0;0;0;0;0;0;0;0;0;0;0;0;0;0;0;0;0;3;0;0;0;0;0;0;0;0;0;0;0;0
27629;Thiberville;28;27;0;1;0;0;0;0;0;0;0;0;1;0;0;0;0;3;0;1;0;0;3;1;0;1;4;3;12;5;4;3;6;0;0;5;1;3;2
27630;Thibouville;28;27;0;0;0;0;0;0;0;0;0;0;0;0;0;0;0;0;0;0;0;0;1;0;0;0;2;0;1;1;0;0;0;0;0;0;0;0;0
27631;Thierville;28;27;0;0;0;0;0;0;0;0;0;0;0;0;0;0;0;0;0;0;0;0;0;0;0;0;1;0;0;0;1;0;0;0;0;0;0;0;0
27632;Le Thil;28;27;0;0;0;0;0;0;0;0;0;0;0;0;0;0;0;0;0;0;0;0;1;0;0;0;0;0;3;1;1;0;0;0;0;0;0;0;0
27633;Les Thilliers-en-Vexin;28;27;0;0;0;0;0;0;0;0;0;0;0;0;0;0;0;0;0;0;0;1;1;0;0;0;2;2;2;0;2;0;0;0;0;0;0;0;1
27635;Le Thuit;28;27;0;0;0;0;0;0;0;0;0;0;0;0;0;0;0;0;0;0;0;0;0;0;0;0;0;0;0;0;0;0;0;0;0;0;0;0;0
27638;Le Thuit de l'Oison;28;27;0;0;0;0;0;0;0;0;0;0;0;0;0;0;0;0;0;1;0;0;3;1;0;2;4;9;8;8;2;3;2;0;0;2;6;0;1
27640;Tilleul-Dame-Agnès;28;27;0;0;0;0;0;0;0;0;0;0;0;0;0;0;0;0;0;0;0;0;1;0;0;0;0;0;0;0;0;0;1;0;0;0;0;0;0
27641;Le Tilleul-Lambert;28;27;0;0;0;0;0;0;0;0;0;0;0;0;0;0;0;0;0;0;0;0;0;0;0;0;0;0;0;1;0;0;0;0;0;0;0;0;1
27642;Le Tilleul-Othon;28;27;0;0;0;0;0;0;0;0;0;0;0;0;0;0;0;0;0;0;0;0;0;0;0;0;2;0;0;1;1;0;0;0;0;0;1;0;0
27643;Tillières-sur-Avre;28;27;0;0;0;0;0;0;0;0;0;0;0;0;0;0;0;3;0;1;0;0;2;0;0;0;2;1;0;2;1;0;4;0;0;0;1;0;0
27644;Tilly;28;27;0;0;0;0;0;0;0;0;0;0;0;0;0;0;0;0;0;0;0;0;0;0;0;0;1;1;0;1;1;0;0;0;0;0;0;0;0
27645;Tocqueville;28;27;0;0;0;0;0;0;0;0;0;0;0;0;0;0;0;0;0;0;0;0;0;0;0;0;1;0;0;0;0;0;0;0;0;0;0;0;0
27646;Le Torpt;28;27;0;0;0;0;0;0;0;0;0;0;0;0;0;0;0;0;0;0;0;0;0;0;0;0;3;0;1;1;0;2;0;0;0;1;1;0;0
27647;Tosny;28;27;0;0;0;0;0;0;0;0;0;0;0;0;0;0;0;0;0;0;0;0;1;0;0;0;1;0;3;0;0;0;0;0;0;0;1;0;1
27648;Tostes;28;27;0;0;0;0;0;0;0;0;0;0;0;0;0;0;0;0;0;0;0;0;0;0;0;0;0;0;0;0;0;0;0;0;0;0;0;0;0
27649;Touffreville;28;27;0;0;0;0;0;0;0;0;0;0;0;0;0;0;0;0;0;0;0;0;0;0;0;0;1;0;0;0;0;0;0;0;0;0;0;0;0
27650;Tournedos-Bois-Hubert;28;27;0;0;0;0;0;0;0;0;0;0;0;0;0;0;0;0;0;0;0;0;0;0;0;0;0;0;0;2;2;0;0;0;0;0;0;0;0
27651;Tournedos-sur-Seine;28;27;0;0;0;0;0;0;0;0;0;0;0;0;0;0;0;0;0;0;0;0;0;0;0;0;0;0;0;0;0;0;0;0;0;0;0;0;0
27652;Tourneville;28;27;0;0;0;0;0;0;0;0;0;0;0;0;0;0;0;0;0;0;0;0;1;0;0;0;0;0;1;0;1;0;0;0;0;0;0;0;1
27654;Tourville-la-Campagne;28;27;0;0;0;0;0;0;0;0;0;0;0;0;0;0;0;0;0;0;0;0;0;0;0;0;1;0;7;3;1;0;0;0;0;1;0;0;1
27655;Tourville-sur-Pont-Audemer;28;27;0;0;0;0;0;0;0;0;0;0;0;0;0;0;0;0;0;0;0;0;0;0;0;0;1;0;4;0;1;0;1;0;0;0;0;0;0
27656;Toutainville;28;27;0;0;0;0;0;0;0;0;0;0;0;0;0;0;0;0;0;0;0;0;3;0;0;1;1;1;1;1;5;1;1;0;0;2;0;0;0
27657;Touville;28;27;0;0;0;0;0;0;0;0;0;0;0;0;0;0;0;0;0;0;0;0;0;0;0;0;0;1;0;0;0;0;0;0;0;0;0;0;0
27658;Le Tremblay-Omonville;28;27;0;0;0;0;0;0;0;0;0;0;0;0;0;0;0;0;0;0;0;0;1;0;0;0;1;0;2;1;1;0;0;0;0;1;0;0;1
27659;La Trinité;28;27;0;0;0;0;0;0;0;0;0;0;0;0;0;0;0;0;0;0;0;0;0;0;0;0;0;1;0;0;0;0;0;0;0;0;0;0;0
27660;La Trinité-de-Réville;28;27;0;0;0;0;0;0;0;0;0;0;0;0;0;0;0;0;0;0;0;0;0;0;1;0;0;0;1;0;0;0;0;0;0;1;0;0;0
27661;La Trinité-de-Thouberville;28;27;0;0;0;0;0;0;0;0;0;0;0;0;0;0;0;0;0;0;0;0;3;0;0;0;0;1;2;2;0;0;1;0;0;0;0;0;0
27662;Triqueville;28;27;0;0;0;0;0;0;0;0;0;0;0;0;0;0;0;0;0;0;0;0;0;0;0;0;0;1;0;0;2;0;0;0;0;0;0;0;0
27663;Le Troncq;28;27;0;0;0;0;0;0;0;0;0;0;0;0;0;0;0;0;0;0;0;0;0;0;0;0;3;0;0;0;0;0;0;0;0;0;0;0;1
27664;Le Tronquay;28;27;0;0;0;0;0;0;0;0;0;0;0;0;0;0;0;0;0;0;0;0;2;0;0;0;1;1;1;0;0;1;0;0;0;0;0;0;1
27665;Trouville-la-Haule;28;27;0;0;0;0;0;0;0;0;0;0;0;0;0;0;0;0;0;0;0;0;0;0;0;0;1;0;1;4;1;0;1;0;0;0;0;0;1
27666;La Vacherie;28;27;0;0;0;0;0;0;0;0;0;0;0;0;0;0;0;0;0;0;0;0;0;0;0;0;3;1;4;2;1;0;0;0;0;0;0;0;0
27667;Valailles;28;27;0;0;0;0;0;0;0;0;0;0;0;0;0;0;0;0;0;0;0;0;0;0;0;0;0;0;0;0;1;0;1;0;0;0;0;0;1
27668;Le Val-David;28;27;0;0;0;0;0;0;0;0;0;0;0;0;0;0;0;0;0;0;0;1;0;0;0;0;0;1;1;1;1;0;2;0;0;1;0;0;0
27669;Valletot;28;27;0;0;0;0;0;0;0;0;0;0;0;0;0;0;0;0;1;0;0;0;0;0;0;0;2;0;1;2;2;0;0;0;0;0;0;0;1
27670;Vandrimare;28;27;0;0;0;0;0;0;0;0;0;0;0;0;0;0;0;0;1;0;0;0;2;0;0;0;2;0;1;3;1;0;1;0;0;1;0;0;0
27671;Vannecrocq;28;27;0;0;0;0;0;0;0;0;0;0;0;0;0;0;0;0;0;0;0;0;0;0;0;0;0;0;0;1;0;0;0;0;0;0;0;0;0
27672;Vascoeuil;28;27;0;0;0;0;0;0;0;0;0;0;0;0;0;0;0;0;0;0;0;1;2;0;0;0;0;1;1;1;0;0;1;0;0;2;0;0;0
27673;Vatteville;28;27;0;0;0;0;0;0;0;0;0;0;0;0;0;0;0;0;0;0;0;0;1;0;0;0;0;0;0;0;0;0;0;0;0;0;0;0;0
27674;Vaux-sur-Eure;28;27;0;0;0;0;0;0;0;0;0;0;0;0;0;0;0;0;0;0;0;0;0;0;0;0;1;1;0;0;1;1;0;0;0;0;0;0;0
27676;Venables;28;27;0;0;0;0;0;0;0;0;0;0;0;0;0;0;0;0;0;0;0;0;1;0;0;0;2;1;1;1;1;0;0;0;0;0;0;0;0
27677;Venon;28;27;0;0;0;0;0;0;0;0;0;0;0;0;0;0;0;0;0;0;0;0;1;0;0;0;0;1;2;1;0;0;2;0;0;0;0;0;0
27678;Les Ventes;28;27;0;0;0;0;0;0;0;0;0;0;0;0;0;0;0;0;0;0;0;1;0;0;0;0;2;1;0;2;0;0;1;0;0;0;0;0;0
27679;Verneuil-sur-Avre;28;27;0;1;0;0;0;0;0;0;0;0;2;1;0;0;0;10;4;1;0;0;15;3;1;3;6;8;14;13;6;5;12;2;7;32;11;3;7
27680;Verneusses;28;27;0;0;0;0;0;0;0;0;0;0;0;0;0;0;0;0;0;0;0;0;0;0;0;0;0;0;2;0;1;0;0;0;0;0;0;0;0
27681;Vernon;28;27;1;0;0;0;0;0;0;0;0;0;3;1;0;1;0;12;4;1;0;2;28;3;1;7;39;26;22;25;15;28;43;5;8;82;19;8;24
27682;Vesly;28;27;0;0;0;0;0;0;0;0;0;0;0;0;0;0;0;0;0;0;1;0;1;0;0;0;2;1;0;1;1;0;1;0;0;0;1;0;0
27683;Vézillon;28;27;0;0;0;0;0;0;0;0;0;0;0;0;0;0;0;0;0;0;0;0;1;0;0;0;1;0;0;1;0;0;1;0;0;0;0;0;0
27684;Le Vieil-Évreux;28;27;0;0;0;0;0;0;0;0;0;0;0;0;0;0;0;0;0;0;0;0;3;0;0;0;1;0;6;3;2;2;0;0;1;2;1;0;1
27685;La Vieille-Lyre;28;27;0;0;0;0;0;0;0;0;0;0;0;0;0;0;0;0;0;0;0;0;2;0;0;0;2;2;4;4;2;1;1;0;0;1;0;0;0
27686;Vieux-Port;28;27;0;0;0;0;0;0;0;0;0;0;0;0;0;0;0;0;0;0;0;0;0;0;0;0;0;0;0;0;0;0;0;0;0;1;0;0;0
27689;Villegats;28;27;0;0;0;0;0;0;0;0;0;0;0;0;0;0;0;0;0;0;0;0;1;0;0;0;2;0;2;0;3;0;0;0;0;0;0;0;0
27690;Villers-en-Vexin;28;27;0;0;0;0;0;0;0;0;0;0;0;0;0;0;0;0;0;0;0;0;1;0;0;0;1;0;1;0;0;0;0;0;0;0;0;0;0
27691;Villers-sur-le-Roule;28;27;0;0;0;0;0;0;0;0;0;0;0;0;0;0;0;0;0;0;0;0;2;0;0;0;2;1;1;1;0;1;0;0;0;0;0;0;0
27692;Villettes;28;27;0;0;0;0;0;0;0;0;0;0;0;0;0;0;0;0;0;0;0;0;0;0;0;0;0;0;1;0;0;0;0;0;0;1;0;0;0
27693;Sylvains-Lès-Moulins;28;27;0;0;0;0;0;0;0;0;0;0;0;0;0;0;0;0;0;0;0;1;5;1;0;0;2;3;3;3;5;0;1;0;0;1;0;0;1
27694;Villez-sous-Bailleul;28;27;0;0;0;0;0;0;0;0;0;0;0;0;0;0;0;0;0;0;0;0;1;0;0;0;0;1;0;2;0;1;2;0;0;0;0;0;0
27695;Villez-sur-le-Neubourg;28;27;0;0;0;0;0;0;0;0;0;0;0;0;0;0;0;0;0;0;0;0;0;0;0;0;0;0;1;1;2;0;0;0;0;0;0;0;0
27696;Villiers-en-Désoeuvre;28;27;0;0;0;0;0;0;0;0;0;0;0;0;0;0;0;0;0;0;0;0;3;0;0;0;1;2;1;1;2;1;1;0;0;0;0;0;0
27697;Vironvay;28;27;0;0;0;0;0;0;0;0;0;0;0;0;0;0;0;0;0;0;0;0;1;0;0;0;1;0;0;1;2;0;2;1;0;2;0;0;0
27698;Vitot;28;27;0;0;0;0;0;0;0;0;0;0;0;0;0;0;0;0;0;0;0;0;1;1;0;0;1;1;0;0;2;0;0;0;0;1;0;0;0
27699;Voiscreville;28;27;0;0;0;0;0;0;0;0;0;0;0;0;0;0;0;0;0;0;0;0;0;0;0;0;0;1;0;0;0;0;0;0;0;0;0;0;0
27700;Vraiville;28;27;0;0;0;0;0;0;0;0;0;0;0;0;0;0;0;0;0;0;0;0;0;0;0;0;2;0;0;0;1;0;2;0;0;0;0;0;0
27701;Val-de-Reuil;28;27;1;0;0;0;0;0;0;0;0;0;1;0;0;0;0;3;0;1;0;0;11;1;0;3;21;8;6;5;7;15;5;1;11;25;3;1;7
28001;Abondant;24;28;0;0;0;0;0;0;0;0;0;0;0;0;0;0;0;0;1;0;0;1;1;0;0;0;4;3;4;4;2;0;4;0;0;2;2;0;2
28002;Allaines-Mervilliers;24;28;0;0;0;0;0;0;0;0;0;0;0;0;0;0;0;0;0;0;0;0;0;0;0;0;1;1;1;1;2;0;0;0;0;0;0;0;1
28003;Allainville;24;28;0;0;0;0;0;0;0;0;0;0;0;0;0;0;0;0;0;0;0;0;1;0;0;0;0;1;0;0;0;0;0;0;0;0;0;0;0
28004;Allonnes;24;28;0;0;0;0;0;0;0;0;0;0;0;0;0;0;0;0;0;0;0;0;0;0;0;0;0;0;0;1;0;1;0;0;0;0;0;0;2
28005;Alluyes;24;28;0;0;0;0;0;0;0;0;0;0;0;0;0;0;0;0;0;0;1;0;0;0;0;0;0;1;1;2;0;2;1;0;0;0;0;0;2
28006;Amilly;24;28;0;0;0;0;0;0;0;0;0;0;0;0;0;0;0;1;0;0;0;0;2;0;0;0;4;3;3;3;2;1;4;0;0;1;2;0;2
28007;Anet;24;28;0;1;0;0;0;0;0;0;0;0;1;0;0;0;0;4;0;1;0;0;11;1;0;1;2;2;10;5;7;0;6;1;0;9;9;2;4
28008;Ardelles;24;28;0;0;0;0;0;0;0;0;0;0;0;0;0;0;0;0;0;0;0;0;0;0;0;0;1;0;1;1;1;0;0;0;0;0;0;0;0
28009;Ardelu;24;28;0;0;0;0;0;0;0;0;0;0;0;0;0;0;0;0;0;0;0;0;0;0;0;0;0;1;1;1;0;0;0;0;0;0;0;0;0
28010;Argenvilliers;24;28;0;0;0;0;0;0;0;0;0;0;0;0;0;0;0;0;0;0;0;0;0;0;0;0;1;0;1;1;1;0;0;1;0;0;0;0;1
28012;Arrou;24;28;0;0;0;0;0;0;0;0;0;0;0;0;0;0;0;3;0;1;0;0;3;0;0;0;3;4;0;5;0;0;3;0;0;2;0;0;1
28013;Aunay-sous-Auneau;24;28;0;0;0;0;0;0;0;0;0;0;0;0;0;0;0;0;0;1;0;0;5;0;0;0;1;3;2;2;0;2;2;0;0;1;0;1;0
28014;Aunay-sous-Crécy;24;28;0;0;0;0;0;0;0;0;0;0;0;0;0;0;0;0;1;0;0;1;0;0;0;0;0;0;0;0;1;1;0;0;0;0;0;0;0
28015;Auneau-Bleury-Saint-Symphorien;24;28;0;1;0;0;0;0;0;0;0;0;1;0;0;0;0;7;1;1;0;0;10;1;0;4;11;5;3;11;4;5;7;1;0;13;7;1;4
28016;Les Autels-Villevillon;24;28;0;0;0;0;0;0;0;0;0;0;0;0;0;0;0;0;0;0;0;0;1;0;0;0;0;0;0;0;0;0;0;0;0;0;0;0;0
28017;Autheuil;24;28;0;0;0;0;0;0;0;0;0;0;0;0;0;0;0;0;0;0;0;0;1;0;0;0;1;0;0;0;0;0;0;0;0;0;0;0;1
28018;Authon-du-Perche;24;28;0;1;0;0;0;0;0;0;0;0;1;0;0;0;0;3;1;1;0;0;1;0;0;0;3;2;3;2;2;0;2;0;0;2;2;0;0
28019;Baigneaux;24;28;0;0;0;0;0;0;0;0;0;0;0;0;0;0;0;0;0;0;0;0;0;0;0;0;0;2;0;0;0;0;0;0;0;0;0;0;0
28021;Bailleau-le-Pin;24;28;0;0;0;0;0;0;0;0;0;0;0;0;0;0;0;3;0;1;0;0;4;0;0;0;3;4;4;3;2;0;3;0;0;1;0;1;2
28022;Bailleau-l'Évêque;24;28;0;0;0;0;0;0;0;0;0;0;0;0;0;0;0;0;0;0;0;1;1;0;0;0;0;2;2;2;3;0;2;0;0;2;0;0;0
28023;Bailleau-Armenonville;24;28;0;0;0;0;0;0;0;0;0;0;0;0;0;0;0;0;0;0;0;0;2;0;0;0;4;4;3;4;2;0;1;0;0;1;0;0;2
28024;Barjouville;24;28;0;0;0;0;0;0;0;0;0;0;0;0;0;0;0;1;1;0;0;1;2;1;0;0;2;2;0;5;1;0;3;0;0;13;0;1;1
28025;Barmainville;24;28;0;0;0;0;0;0;0;0;0;0;0;0;0;0;0;0;0;0;0;0;0;0;0;0;0;0;0;0;1;0;0;0;0;2;0;0;0
28026;Baudreville;24;28;0;0;0;0;0;0;0;0;0;0;0;0;0;0;0;0;0;0;0;1;0;0;0;0;0;0;0;0;0;0;1;0;0;0;0;0;0
28027;La Bazoche-Gouet;24;28;0;0;0;0;0;0;0;0;0;0;0;0;0;0;0;3;0;0;0;1;4;0;0;0;4;1;2;4;1;0;2;0;0;3;1;0;0
28028;Bazoches-en-Dunois;24;28;0;0;0;0;0;0;0;0;0;0;0;0;0;0;0;0;0;0;0;0;0;0;0;0;0;0;0;1;1;0;1;0;0;0;0;0;0
28029;Bazoches-les-Hautes;24;28;0;0;0;0;0;0;0;0;0;0;0;0;0;0;0;0;0;0;0;0;1;0;0;0;2;0;1;0;1;0;0;0;0;0;1;0;0
28030;Beauche;24;28;0;0;0;0;0;0;0;0;0;0;0;0;0;0;0;0;0;0;0;0;0;0;0;0;2;0;0;0;1;0;0;0;0;0;0;0;0
28031;Beaumont-les-Autels;24;28;0;0;0;0;0;0;0;0;0;0;0;0;0;0;0;1;0;0;1;0;4;0;0;0;2;0;0;0;0;0;1;0;0;1;0;0;0
28032;Beauvilliers;24;28;0;0;0;0;0;0;0;0;0;0;0;0;0;0;0;0;0;0;0;0;0;0;0;0;1;0;0;0;2;0;0;0;0;0;0;0;0
28033;Belhomert-Guéhouville;24;28;0;0;0;0;0;0;0;0;0;0;0;0;0;0;0;0;0;0;1;0;2;0;0;0;2;0;2;1;3;0;0;0;0;0;1;0;0
28034;Berchères-Saint-Germain;24;28;0;0;0;0;0;0;0;0;0;0;0;0;0;0;0;0;0;0;0;0;1;0;0;0;0;1;1;1;0;0;1;0;0;1;0;0;0
28035;Berchères-les-Pierres;24;28;0;0;0;0;0;0;0;0;0;0;0;0;0;0;0;0;0;0;1;0;0;0;0;0;0;2;3;2;1;0;1;0;0;0;0;0;0
28036;Berchères-sur-Vesgre;24;28;0;0;0;0;0;0;0;0;0;0;0;0;0;0;0;0;0;0;0;1;1;0;0;0;3;1;0;4;1;0;0;0;0;2;1;0;0
28037;Bérou-la-Mulotière;24;28;0;0;0;0;0;0;0;0;0;0;0;0;0;0;0;0;0;0;0;0;0;0;0;0;0;0;0;1;0;0;0;0;0;0;0;0;0
28038;Béthonvilliers;24;28;0;0;0;0;0;0;0;0;0;0;0;0;0;0;0;0;0;0;0;0;0;0;0;0;0;0;0;0;0;0;0;0;0;0;0;0;0
28039;Béville-le-Comte;24;28;0;0;0;0;0;0;0;0;0;0;0;0;0;0;0;0;0;0;0;1;0;0;0;0;2;1;3;4;2;0;2;0;0;2;2;0;0
28040;Billancelles;24;28;0;0;0;0;0;0;0;0;0;0;0;0;0;0;0;0;0;0;0;0;1;0;0;0;1;0;0;2;0;0;0;0;0;0;0;0;0
28041;Blandainville;24;28;0;0;0;0;0;0;0;0;0;0;0;0;0;0;0;0;0;0;0;0;1;0;0;0;0;0;1;0;0;0;0;0;0;0;0;0;0
28044;Boisgasson;24;28;0;0;0;0;0;0;0;0;0;0;0;0;0;0;0;0;0;0;0;0;0;0;0;0;0;0;0;0;0;0;0;0;0;0;0;0;0
28045;Boissy-en-Drouais;24;28;0;0;0;0;0;0;0;0;0;0;0;0;0;0;0;0;0;0;0;0;0;0;0;0;1;0;1;1;0;0;0;0;0;0;0;0;0
28046;Boissy-lès-Perche;24;28;0;0;0;0;0;0;0;0;0;0;0;0;0;0;0;0;0;0;0;1;0;0;0;0;3;0;1;1;0;0;0;0;0;0;0;0;0
28047;Boisville-la-Saint-Père;24;28;0;0;0;0;0;0;0;0;0;0;0;0;0;0;0;2;0;0;1;0;0;0;0;0;3;2;5;1;3;0;0;0;0;1;0;0;0
28048;La Bourdinière-Saint-Loup;24;28;0;0;0;0;0;0;0;0;0;0;0;0;0;0;0;0;0;0;0;0;2;0;0;0;4;1;1;1;1;0;0;0;0;2;0;0;0
28049;Boncé;24;28;0;0;0;0;0;0;0;0;0;0;0;0;0;0;0;0;0;0;0;0;0;0;0;0;1;0;0;1;1;0;0;0;0;0;0;0;0
28050;Boncourt;24;28;0;0;0;0;0;0;0;0;0;0;0;0;0;0;0;0;0;0;0;0;1;0;0;0;1;1;1;0;1;0;1;0;0;1;1;0;1
28051;Bonneval;24;28;0;1;0;0;0;0;0;0;0;0;1;0;0;0;0;7;2;1;0;0;9;1;0;2;5;8;6;6;3;1;7;1;0;10;6;4;3
28052;Bouglainval;24;28;0;0;0;0;0;0;0;0;0;0;0;0;0;0;0;0;0;0;0;0;1;0;0;1;1;1;1;2;0;0;0;0;0;1;2;0;0
28053;Le Boullay-les-Deux-Églises;24;28;0;0;0;0;0;0;0;0;0;0;0;0;0;0;0;0;0;0;0;0;0;0;0;0;1;0;0;0;0;0;0;0;0;0;0;0;0
28054;Le Boullay-Mivoye;24;28;0;0;0;0;0;0;0;0;0;0;0;0;0;0;0;0;0;0;0;0;0;0;0;0;0;1;0;0;1;0;1;0;0;0;0;0;2
28055;Le Boullay-Thierry;24;28;0;0;0;0;0;0;0;0;0;0;0;0;0;0;0;0;0;0;0;0;0;0;0;0;1;2;1;1;1;0;0;0;0;0;0;0;1
28056;Boutigny-Prouais;24;28;0;0;0;0;0;0;0;0;0;0;0;0;0;0;0;0;0;0;0;1;5;0;0;0;3;4;1;5;3;0;1;0;0;1;4;0;0
28057;Bouville;24;28;0;0;0;0;0;0;0;0;0;0;0;0;0;0;0;0;0;0;0;0;4;0;0;0;1;1;0;2;2;0;0;0;0;1;0;0;0
28058;Bréchamps;24;28;0;0;0;0;0;0;0;0;0;0;0;0;0;0;0;0;0;0;0;0;0;0;0;0;3;1;0;1;0;0;0;0;0;0;0;0;1
28059;Brezolles;24;28;0;1;0;0;0;0;0;0;0;0;1;0;0;0;0;4;2;1;0;0;4;0;0;1;1;4;2;5;1;0;3;2;0;4;2;0;1
28060;Briconville;24;28;0;0;0;0;0;0;0;0;0;0;0;0;0;0;0;0;0;0;0;0;0;0;0;0;0;0;0;1;0;0;0;0;0;0;0;0;0
28061;Brou;24;28;0;1;0;0;0;0;0;0;0;0;1;0;0;0;0;7;2;1;0;0;2;1;0;2;4;1;4;3;6;1;8;1;0;13;5;2;4
28062;Broué;24;28;0;0;0;0;0;0;0;0;0;0;0;0;0;0;0;0;0;0;1;0;1;0;0;0;3;2;5;1;3;2;0;0;0;1;0;0;0
28063;Brunelles;24;28;0;0;0;0;0;0;0;0;0;0;0;0;0;0;0;0;0;0;0;0;1;0;0;0;0;2;0;0;1;0;1;0;0;0;0;0;0
28064;Bû;24;28;0;0;0;0;0;0;0;0;0;0;0;0;0;0;0;1;0;1;0;0;4;0;1;0;6;5;4;2;3;0;2;0;0;1;2;0;2
28065;Bullainville;24;28;0;0;0;0;0;0;0;0;0;0;0;0;0;0;0;0;0;0;0;0;0;0;0;0;0;0;1;0;0;0;0;0;0;0;0;0;0
28066;Bullou;24;28;0;0;0;0;0;0;0;0;0;0;0;0;0;0;0;0;0;0;0;0;0;0;0;0;0;1;0;2;0;0;1;0;0;0;0;0;0
28067;Cernay;24;28;0;0;0;0;0;0;0;0;0;0;0;0;0;0;0;0;0;0;0;0;0;0;0;0;0;0;1;0;1;0;0;0;0;0;0;0;0
28068;Challet;24;28;0;0;0;0;0;0;0;0;0;0;0;0;0;0;0;0;0;0;0;0;0;0;0;0;0;0;1;0;2;0;0;0;0;0;0;0;0
28070;Champhol;24;28;0;0;0;0;0;0;0;0;0;0;0;0;0;0;0;1;0;1;0;0;5;1;0;1;5;4;2;8;5;1;3;0;0;0;1;0;4
28071;Champrond-en-Gâtine;24;28;0;0;0;0;0;0;0;0;0;0;0;0;0;0;0;0;0;0;1;0;3;0;0;0;0;0;2;0;1;0;1;0;0;4;0;0;1
28072;Champrond-en-Perchet;24;28;0;0;0;0;0;0;0;0;0;0;0;0;0;0;0;0;0;0;0;0;0;0;0;0;1;0;0;0;0;0;0;0;0;1;1;0;0
28073;Champseru;24;28;0;0;0;0;0;0;0;0;0;0;0;0;0;0;0;0;0;0;0;0;0;0;0;0;0;0;2;1;0;0;0;0;0;0;0;0;0
28074;La Chapelle-d'Aunainville;24;28;0;0;0;0;0;0;0;0;0;0;0;0;0;0;0;0;0;0;0;0;1;0;1;0;0;0;1;3;0;0;0;0;0;0;0;0;0
28075;La Chapelle-du-Noyer;24;28;0;0;0;0;0;0;0;0;0;0;0;0;0;0;0;0;0;0;0;0;1;0;0;0;1;1;1;2;1;0;1;0;0;1;1;0;0
28076;La Chapelle-Forainvilliers;24;28;0;0;0;0;0;0;0;0;0;0;0;0;0;0;0;0;0;0;0;0;0;0;0;0;0;0;0;1;1;0;0;0;0;0;0;0;0
28077;La Chapelle-Fortin;24;28;0;0;0;0;0;0;0;0;0;0;0;0;0;0;0;0;0;0;0;0;0;0;0;0;0;0;0;0;0;0;0;0;0;0;0;0;0
28078;Chapelle-Guillaume;24;28;0;0;0;0;0;0;0;0;0;0;0;0;0;0;0;0;0;0;0;0;0;0;0;0;0;0;1;0;0;0;0;0;0;1;0;0;1
28079;Chapelle-Royale;24;28;0;0;0;0;0;0;0;0;0;0;0;0;0;0;0;0;0;0;0;1;1;0;0;0;0;0;1;0;0;0;0;0;0;0;0;0;0
28080;Charbonnières;24;28;0;0;0;0;0;0;0;0;0;0;0;0;0;0;0;0;0;0;0;0;0;0;0;0;1;0;1;0;0;0;1;0;0;0;0;0;0
28081;Charonville;24;28;0;0;0;0;0;0;0;0;0;0;0;0;0;0;0;0;0;0;0;0;0;0;0;0;0;0;0;0;1;0;0;0;0;0;0;0;0
28082;Charpont;24;28;0;0;0;0;0;0;0;0;0;0;0;0;0;0;0;0;0;0;0;0;0;0;0;0;1;0;1;0;1;0;0;0;0;0;0;0;0
28083;Charray;24;28;0;0;0;0;0;0;0;0;0;0;0;0;0;0;0;0;0;0;0;0;0;0;0;0;0;0;0;1;0;0;0;0;0;0;0;0;0
28084;Chartainvilliers;24;28;0;0;0;0;0;0;0;0;0;0;0;0;0;0;0;0;0;0;0;0;1;0;0;0;0;1;0;0;2;0;0;0;0;0;0;0;0
28085;Chartres;24;28;6;1;0;1;1;1;1;0;0;0;13;1;0;0;0;41;5;4;0;0;26;3;6;18;27;30;15;34;25;8;64;6;31;156;56;11;31
28086;Chassant;24;28;0;0;0;0;0;0;0;0;0;0;0;0;0;0;0;0;0;0;0;0;0;0;0;0;1;1;0;1;0;0;0;0;0;1;0;0;0
28087;Châtaincourt;24;28;0;0;0;0;0;0;0;0;0;0;0;0;0;0;0;0;0;0;0;0;0;0;0;0;0;0;1;4;1;0;0;0;0;0;0;0;0
28088;Châteaudun;24;28;0;1;0;0;0;1;0;0;0;0;4;1;0;0;0;14;3;2;0;1;17;2;1;4;23;6;12;10;9;7;24;3;4;47;8;1;3
28089;Châteauneuf-en-Thymerais;24;28;0;1;0;0;0;0;0;0;0;0;1;0;0;0;0;4;2;1;0;0;9;2;0;5;4;4;7;5;3;0;9;1;0;9;7;0;4
28090;Les Châtelets;24;28;0;0;0;0;0;0;0;0;0;0;0;0;0;0;0;0;0;0;0;0;0;0;0;0;1;1;0;0;1;0;0;0;0;0;0;0;0
28091;Les Châtelliers-Notre-Dame;24;28;0;0;0;0;0;0;0;0;0;0;0;0;0;0;0;0;0;0;0;0;1;0;0;0;0;0;0;0;1;0;0;0;0;0;0;0;0
28092;Châtenay;24;28;0;0;0;0;0;0;0;0;0;0;0;0;0;0;0;0;0;0;0;0;0;0;0;0;1;0;0;1;0;0;0;0;0;0;0;0;0
28093;Châtillon-en-Dunois;24;28;0;0;0;0;0;0;0;0;0;0;0;0;0;0;0;1;0;0;0;1;2;0;0;0;3;0;2;2;0;0;2;0;0;0;0;0;0
28094;Chaudon;24;28;0;0;0;0;0;0;0;0;0;0;0;0;0;0;0;0;0;0;0;0;5;1;0;0;6;1;5;3;2;1;2;0;0;2;0;0;1
28095;Chauffours;24;28;0;0;0;0;0;0;0;0;0;0;0;0;0;0;0;0;0;0;0;0;1;0;0;0;1;1;0;0;0;0;0;0;0;1;0;0;0
28096;La Chaussée-d'Ivry;24;28;0;0;0;0;0;0;0;0;0;0;0;0;0;0;0;0;0;0;0;0;1;0;0;0;1;1;1;2;2;1;0;1;0;1;2;0;1
28098;Cherisy;24;28;0;0;0;0;0;0;0;0;0;0;0;0;0;0;0;2;1;1;0;0;1;1;0;2;5;2;1;5;6;0;2;0;0;2;3;0;0
28099;Chuisnes;24;28;0;0;0;0;0;0;0;0;0;0;0;0;0;0;0;0;0;0;0;0;2;0;0;0;3;1;3;2;0;0;1;0;0;1;0;0;1
28100;Cintray;24;28;0;0;0;0;0;0;0;0;0;0;0;0;0;0;0;0;0;0;0;0;0;0;0;0;1;1;0;0;0;0;0;0;0;0;0;0;0
28101;Civry;24;28;0;0;0;0;0;0;0;0;0;0;0;0;0;0;0;0;0;0;0;0;0;0;0;0;0;1;0;0;0;0;0;0;0;0;0;0;0
28102;Clévilliers;24;28;0;0;0;0;0;0;0;0;0;0;0;0;0;0;0;0;0;0;0;1;1;0;0;0;0;0;3;2;0;0;0;0;0;0;1;0;1
28103;Cloyes-sur-le-Loir;24;28;0;1;0;0;0;0;0;0;0;0;1;0;0;0;0;5;1;1;0;0;5;1;0;3;5;3;4;2;3;1;5;0;0;8;4;1;4
28104;Coltainville;24;28;0;0;0;0;0;0;0;0;0;0;0;0;0;0;0;0;0;0;0;0;0;0;0;0;1;1;0;1;2;0;0;0;0;1;0;0;1
28105;Combres;24;28;0;0;0;0;0;0;0;0;0;0;0;0;0;0;0;0;0;0;0;1;0;0;0;0;3;1;0;0;3;0;0;0;0;0;0;1;0
28106;Conie-Molitard;24;28;0;0;0;0;0;0;0;0;0;0;0;0;0;0;0;0;0;0;0;0;0;0;0;0;2;0;0;0;1;0;1;0;0;0;0;0;0
28107;Corancez;24;28;0;0;0;0;0;0;0;0;0;0;0;0;0;0;0;0;0;0;0;0;0;0;0;0;1;0;1;0;0;0;0;0;0;0;0;0;0
28108;Cormainville;24;28;0;0;0;0;0;0;0;0;0;0;0;0;0;0;0;0;0;0;0;0;0;0;0;0;1;1;1;0;0;1;0;0;0;0;0;0;0
28109;Les Corvées-les-Yys;24;28;0;0;0;0;0;0;0;0;0;0;0;0;0;0;0;0;0;0;0;0;0;0;0;0;0;2;1;0;0;0;0;0;0;0;0;0;0
28110;Le Coudray;24;28;0;0;0;0;0;0;0;0;0;0;0;0;0;0;0;1;0;0;0;0;4;0;0;1;2;2;4;2;1;1;6;0;1;9;2;0;5
28111;Coudray-au-Perche;24;28;0;0;0;0;0;0;0;0;0;0;0;0;0;0;0;1;0;0;0;0;2;0;0;0;2;0;1;1;0;0;1;0;0;1;0;0;0
28112;Coudreceau;24;28;0;0;0;0;0;0;0;0;0;0;0;0;0;0;0;0;0;0;0;0;1;0;0;0;4;2;0;1;1;0;0;0;0;0;0;0;1
28113;Coulombs;24;28;0;0;0;0;0;0;0;0;0;0;0;0;0;0;0;0;0;0;0;0;3;0;0;0;1;2;4;2;4;1;2;0;0;2;0;0;1
28114;Courbehaye;24;28;0;0;0;0;0;0;0;0;0;0;0;0;0;0;0;0;0;0;0;0;0;0;0;0;0;0;0;0;0;0;0;0;0;0;0;0;0
28115;Courtalain;24;28;0;0;0;0;0;0;0;0;0;0;0;0;0;0;0;0;1;0;0;1;1;0;0;0;1;2;1;0;0;0;1;0;0;1;0;0;0
28116;Courville-sur-Eure;24;28;0;1;0;0;0;0;0;0;0;0;1;0;0;0;0;5;1;1;0;0;5;1;0;2;2;6;7;5;9;0;4;3;0;7;4;0;3
28117;Crécy-Couvé;24;28;0;0;0;0;0;0;0;0;0;0;0;0;0;0;0;0;0;0;0;0;0;0;0;0;0;0;0;0;0;0;0;0;0;0;0;0;0
28118;Croisilles;24;28;0;0;0;0;0;0;0;0;0;0;0;0;0;0;0;0;0;0;0;0;1;0;0;0;2;1;0;2;2;0;0;0;0;1;2;0;0
28119;La Croix-du-Perche;24;28;0;0;0;0;0;0;0;0;0;0;0;0;0;0;0;0;0;0;0;0;0;0;0;0;0;0;1;1;0;0;1;0;0;0;0;0;0
28120;Crucey-Villages;24;28;0;0;0;0;0;0;0;0;0;0;0;0;0;0;0;0;1;0;0;0;0;0;0;0;2;2;0;4;2;0;1;0;0;0;0;0;0
28121;Dambron;24;28;0;0;0;0;0;0;0;0;0;0;0;0;0;0;0;0;0;0;0;0;0;0;0;0;0;0;0;1;0;0;0;0;0;0;0;0;0
28122;Dammarie;24;28;0;0;0;0;0;0;0;0;0;0;0;0;0;0;0;1;0;0;0;1;0;1;0;0;1;2;2;2;5;0;1;0;0;1;0;0;1
28123;Dampierre-sous-Brou;24;28;0;0;0;0;0;0;0;0;0;0;0;0;0;0;0;0;0;0;0;0;1;0;0;0;2;1;1;0;0;0;0;0;0;0;0;0;0
28124;Dampierre-sur-Avre;24;28;0;0;0;0;0;0;0;0;0;0;0;0;0;0;0;0;0;0;0;0;0;0;0;0;3;0;2;6;1;0;0;0;0;1;0;0;1
28126;Dancy;24;28;0;0;0;0;0;0;0;0;0;0;0;0;0;0;0;0;0;0;0;0;0;0;0;0;0;0;0;0;1;0;1;0;0;0;0;0;0
28127;Dangeau;24;28;0;0;0;0;0;0;0;0;0;0;0;0;0;0;0;2;0;0;0;1;1;0;0;0;4;0;2;3;1;0;3;0;0;1;0;0;0
28128;Dangers;24;28;0;0;0;0;0;0;0;0;0;0;0;0;0;0;0;0;0;0;0;0;0;0;0;0;2;1;0;3;0;0;0;0;0;0;0;0;0
28129;Denonville;24;28;0;0;0;0;0;0;0;0;0;0;0;0;0;0;0;0;0;0;0;0;0;0;0;0;1;0;2;4;1;0;0;0;0;0;1;0;1
28130;Digny;24;28;0;0;0;0;0;0;0;0;0;0;0;0;0;0;0;0;0;0;1;0;0;0;0;0;4;1;2;3;0;0;1;0;0;1;0;0;0
28132;Donnemain-Saint-Mamès;24;28;0;0;0;0;0;0;0;0;0;0;0;0;0;0;0;0;0;0;0;0;1;0;0;0;0;2;1;0;0;0;0;0;0;1;0;0;0
28133;Douy;24;28;0;0;0;0;0;0;0;0;0;0;0;0;0;0;0;0;0;0;0;0;0;0;0;0;1;1;2;1;0;0;1;0;0;1;0;0;0
28134;Dreux;24;28;2;1;0;0;1;1;0;0;0;0;5;1;0;1;0;13;6;3;0;3;43;4;4;16;27;34;20;37;26;13;41;2;6;106;23;8;17
28135;Droue-sur-Drouette;24;28;0;0;0;0;0;0;0;0;0;0;0;0;0;0;0;0;0;0;0;0;2;0;0;0;3;1;4;0;2;1;2;0;0;0;1;0;2
28136;Écluzelles;24;28;0;0;0;0;0;0;0;0;0;0;0;0;0;0;0;0;0;0;0;0;0;0;0;0;0;0;0;0;0;0;0;0;0;1;0;0;0
28137;Écrosnes;24;28;0;0;0;0;0;0;0;0;0;0;0;0;0;0;0;1;0;0;0;0;0;0;0;0;2;1;2;2;0;2;0;0;0;0;0;0;2
28139;Épeautrolles;24;28;0;0;0;0;0;0;0;0;0;0;0;0;0;0;0;0;0;0;0;0;0;0;0;0;0;0;0;0;0;0;0;0;0;0;0;0;0
28140;Épernon;24;28;0;0;0;0;0;0;0;0;0;0;0;0;0;0;0;8;1;1;0;0;5;1;0;3;3;9;8;5;12;2;6;3;1;12;13;2;7
28141;Ermenonville-la-Grande;24;28;0;0;0;0;0;0;0;0;0;0;0;0;0;0;0;0;0;0;0;0;0;0;0;0;0;0;1;2;0;0;0;0;0;0;0;0;0
28142;Ermenonville-la-Petite;24;28;0;0;0;0;0;0;0;0;0;0;0;0;0;0;0;0;0;0;0;0;0;0;0;0;2;0;0;0;1;0;0;0;0;0;0;0;0
28143;Escorpain;24;28;0;0;0;0;0;0;0;0;0;0;0;0;0;0;0;0;0;0;0;0;0;0;0;0;3;0;1;2;0;0;1;0;0;0;0;0;0
28144;Les Étilleux;24;28;0;0;0;0;0;0;0;0;0;0;0;0;0;0;0;0;0;0;0;0;0;0;0;0;0;0;0;0;0;0;0;0;0;0;0;0;0
28146;Faverolles;24;28;0;0;0;0;0;0;0;0;0;0;0;0;0;0;0;0;0;0;0;0;0;0;0;0;2;2;4;2;2;1;3;0;0;1;0;0;0
28147;Favières;24;28;0;0;0;0;0;0;0;0;0;0;0;0;0;0;0;0;0;0;0;0;0;0;0;1;1;1;0;2;0;0;0;0;0;1;0;0;0
28148;Le Favril;24;28;0;0;0;0;0;0;0;0;0;0;0;0;0;0;0;0;0;0;0;0;0;0;0;0;2;0;2;0;0;0;0;0;0;0;0;0;0
28149;La Ferté-Vidame;24;28;0;1;0;0;0;0;0;0;0;0;0;0;0;0;0;1;0;0;0;1;0;0;0;1;2;0;1;0;0;0;1;0;0;2;1;0;0
28150;La Ferté-Villeneuil;24;28;0;0;0;0;0;0;0;0;0;0;0;0;0;0;0;0;0;0;0;0;1;0;0;0;1;2;1;1;1;0;0;0;0;0;0;0;0
28151;Fessanvilliers-Mattanvilliers;24;28;0;0;0;0;0;0;0;0;0;0;0;0;0;0;0;0;0;0;0;0;1;0;0;0;0;0;0;0;0;0;0;0;0;0;0;0;0
28153;Flacey;24;28;0;0;0;0;0;0;0;0;0;0;0;0;0;0;0;0;0;0;0;0;0;0;0;0;1;0;0;0;0;0;0;0;0;0;0;0;0
28154;Fontaine-la-Guyon;24;28;0;0;0;0;0;0;0;0;0;0;0;0;0;0;0;0;0;0;0;1;3;0;0;1;0;0;3;3;3;2;5;0;0;3;0;0;3
28155;Fontaine-les-Ribouts;24;28;0;0;0;0;0;0;0;0;0;0;0;0;0;0;0;0;0;0;0;0;0;0;0;0;1;0;1;0;0;0;0;0;0;0;0;0;0
28156;Fontaine-Simon;24;28;0;0;0;0;0;0;0;0;0;0;0;0;0;0;0;0;0;0;0;1;1;0;0;1;1;1;0;2;1;1;0;0;0;2;0;0;0
28157;Fontenay-sur-Conie;24;28;0;0;0;0;0;0;0;0;0;0;0;0;0;0;0;0;0;0;0;0;0;0;0;0;1;1;0;0;0;0;0;0;0;0;0;0;0
28158;Fontenay-sur-Eure;24;28;0;0;0;0;0;0;0;0;0;0;0;0;0;0;0;0;0;0;0;0;7;0;1;0;1;1;4;4;3;0;1;0;0;4;0;0;2
28159;La Framboisière;24;28;0;0;0;0;0;0;0;0;0;0;0;0;0;0;0;0;0;0;0;0;0;0;0;0;0;2;0;0;1;1;0;0;0;0;0;0;0
28160;Francourville;24;28;0;0;0;0;0;0;0;0;0;0;0;0;0;0;0;0;0;0;0;1;2;0;0;0;4;0;0;3;2;0;0;0;0;0;0;0;0
28161;Frazé;24;28;0;0;0;0;0;0;0;0;0;0;0;0;0;0;0;1;0;0;1;0;0;0;0;0;1;0;0;0;1;0;0;0;0;2;0;0;1
28162;Fresnay-le-Comte;24;28;0;0;0;0;0;0;0;0;0;0;0;0;0;0;0;0;0;0;0;0;1;0;0;0;0;0;0;1;0;0;0;0;0;0;0;0;0
28163;Fresnay-le-Gilmert;24;28;0;0;0;0;0;0;0;0;0;0;0;0;0;0;0;0;0;0;0;0;0;0;0;0;2;0;0;0;0;0;0;0;0;0;0;0;0
28164;Fresnay-l'Évêque;24;28;0;0;0;0;0;0;0;0;0;0;0;0;0;0;0;1;0;0;1;0;1;0;0;0;2;0;1;0;1;0;0;0;0;2;0;0;0
28165;Frétigny;24;28;0;0;0;0;0;0;0;0;0;0;0;0;0;0;0;0;0;0;0;1;0;0;0;0;2;2;0;1;0;0;0;0;0;0;0;0;1
28166;Friaize;24;28;0;0;0;0;0;0;0;0;0;0;0;0;0;0;0;0;0;0;0;0;1;0;0;0;0;1;1;1;0;0;0;0;0;1;0;0;0
28167;Fruncé;24;28;0;0;0;0;0;0;0;0;0;0;0;0;0;0;0;0;0;0;0;0;1;0;0;0;0;0;1;0;1;0;0;0;0;0;1;0;0
28168;Gallardon;24;28;0;0;0;0;0;0;0;0;0;0;0;0;0;0;0;4;1;1;0;0;6;1;0;1;5;4;9;6;5;0;5;1;0;5;4;1;1
28169;Garancières-en-Beauce;24;28;0;0;0;0;0;0;0;0;0;0;0;0;0;0;0;0;0;0;0;0;0;0;0;0;0;0;1;0;0;0;0;0;0;1;0;0;0
28170;Garancières-en-Drouais;24;28;0;0;0;0;0;0;0;0;0;0;0;0;0;0;0;0;0;0;0;0;1;0;0;0;1;2;0;2;0;0;0;0;0;0;1;0;0
28171;Garnay;24;28;0;0;0;0;0;0;0;0;0;0;0;0;0;0;0;0;0;0;0;0;2;0;0;0;2;1;3;3;0;0;0;0;0;0;0;0;1
28172;Gas;24;28;0;0;0;0;0;0;0;0;0;0;0;0;0;0;0;1;0;0;0;0;0;0;0;0;1;2;1;3;1;0;0;0;0;0;0;0;0
28173;Gasville-Oisème;24;28;0;0;0;0;0;0;0;0;0;0;0;0;0;0;0;0;0;0;0;0;2;0;0;1;2;1;2;1;2;0;0;0;0;3;0;0;0
28175;La Gaudaine;24;28;0;0;0;0;0;0;0;0;0;0;0;0;0;0;0;0;0;0;0;0;0;0;0;0;0;0;0;0;0;0;0;0;0;0;0;0;0
28176;Le Gault-Saint-Denis;24;28;0;0;0;0;0;0;0;0;0;0;0;0;0;0;0;0;0;0;1;0;0;0;0;0;0;0;1;3;1;0;0;0;0;1;0;0;0
28177;Gellainville;24;28;0;0;0;0;0;0;0;0;0;0;0;0;0;0;0;3;0;0;0;0;4;2;0;1;2;3;3;4;3;0;1;0;0;0;0;0;1
28178;Germainville;24;28;0;0;0;0;0;0;0;0;0;0;0;0;0;0;0;0;0;0;0;0;0;0;0;0;0;0;2;0;0;0;0;0;0;0;0;0;1
28180;Gilles;24;28;0;0;0;0;0;0;0;0;0;0;0;0;0;0;0;0;0;0;0;0;0;0;0;0;0;0;1;0;2;0;0;0;0;1;0;0;1
28182;Gohory;24;28;0;0;0;0;0;0;0;0;0;0;0;0;0;0;0;0;0;0;0;0;0;0;0;0;0;0;1;0;0;0;1;0;0;0;0;0;0
28183;Gommerville;24;28;0;0;0;0;0;0;0;0;0;0;0;0;0;0;0;0;0;0;0;0;1;0;0;0;2;1;2;1;4;0;0;0;0;2;0;0;2
28184;Gouillons;24;28;0;0;0;0;0;0;0;0;0;0;0;0;0;0;0;0;0;0;0;0;1;0;0;0;0;1;1;1;0;0;0;0;0;0;0;0;0
28185;Goussainville;24;28;0;0;0;0;0;0;0;0;0;0;0;0;0;0;0;0;0;0;0;0;2;0;0;0;1;1;1;3;2;3;2;0;0;1;1;0;1
28187;Guainville;24;28;0;0;0;0;0;0;0;0;0;0;0;0;0;0;0;0;0;0;0;0;1;0;0;0;0;0;2;4;2;0;0;0;0;0;0;0;3
28188;Le Gué-de-Longroi;24;28;0;0;0;0;0;0;0;0;0;0;0;0;0;0;0;0;0;0;0;1;5;0;0;0;1;2;3;1;1;0;0;0;0;2;0;0;1
28189;Guilleville;24;28;0;0;0;0;0;0;0;0;0;0;0;0;0;0;0;0;0;0;0;0;0;0;0;0;0;0;0;0;0;1;0;0;0;0;0;0;0
28190;Guillonville;24;28;0;0;0;0;0;0;0;0;0;0;0;0;0;0;0;0;0;0;0;0;0;0;0;0;1;1;0;2;1;0;0;0;0;0;0;0;0
28191;Hanches;24;28;0;1;0;0;0;0;0;0;0;0;0;0;0;0;0;1;0;0;0;0;6;1;0;0;3;1;3;4;2;1;2;0;0;3;4;1;2
28192;Happonvilliers;24;28;0;0;0;0;0;0;0;0;0;0;0;0;0;0;0;0;0;0;0;1;0;0;0;0;0;0;1;1;0;0;0;0;0;0;0;0;0
28193;Havelu;24;28;0;0;0;0;0;0;0;0;0;0;0;0;0;0;0;0;0;0;0;0;0;0;0;0;0;0;0;0;0;0;0;0;0;0;1;0;0
28194;Houville-la-Branche;24;28;0;0;0;0;0;0;0;0;0;0;0;0;0;0;0;1;0;0;0;0;2;0;0;0;2;1;2;0;0;0;0;0;0;0;0;0;0
28195;Houx;24;28;0;0;0;0;0;0;0;0;0;0;0;0;0;0;0;0;0;0;0;0;0;0;0;0;1;0;2;1;0;0;0;0;0;0;0;0;1
28196;Illiers-Combray;24;28;0;1;0;0;0;0;0;0;0;0;1;0;0;0;0;5;1;1;0;0;9;1;0;2;5;2;3;4;4;0;6;3;0;7;2;0;2
28197;Intréville;24;28;0;0;0;0;0;0;0;0;0;0;0;0;0;0;0;0;0;0;0;0;0;0;0;0;0;0;0;0;0;0;0;0;0;0;0;0;0
28198;Jallans;24;28;0;0;0;0;0;0;0;0;0;0;0;0;0;0;0;0;0;0;0;0;1;0;0;0;1;0;0;1;1;0;0;0;0;0;0;0;1
28199;Janville;24;28;0;1;0;0;0;0;0;0;0;0;1;0;0;0;0;4;1;1;0;0;3;1;0;1;2;1;2;1;0;0;5;1;0;1;2;0;1
28200;Jaudrais;24;28;0;0;0;0;0;0;0;0;0;0;0;0;0;0;0;0;0;0;0;0;0;0;0;0;0;0;2;1;0;0;0;0;0;0;1;0;1
28201;Jouy;24;28;0;0;0;0;0;0;0;0;0;0;0;0;0;0;0;2;0;0;0;1;4;0;1;0;1;3;5;5;2;1;3;0;0;4;1;1;1
28202;Lamblore;24;28;0;0;0;0;0;0;0;0;0;0;0;0;0;0;0;0;0;0;0;0;2;0;0;0;2;1;3;3;1;0;0;0;0;0;0;0;0
28203;Landelles;24;28;0;0;0;0;0;0;0;0;0;0;0;0;0;0;0;0;0;0;0;0;0;0;0;0;0;1;0;0;0;0;0;0;0;1;0;0;1
28204;Langey;24;28;0;0;0;0;0;0;0;0;0;0;0;0;0;0;0;0;0;0;0;0;0;0;0;0;0;2;1;0;0;0;0;0;0;1;0;0;0
28205;Lanneray;24;28;0;0;0;0;0;0;0;0;0;0;0;0;0;0;0;0;0;0;0;0;0;0;0;0;1;0;1;3;2;0;1;0;0;1;0;0;0
28206;Laons;24;28;0;0;0;0;0;0;0;0;0;0;0;0;0;0;0;0;0;0;0;1;1;0;0;0;3;0;5;1;1;0;0;0;0;0;0;0;0
28207;Léthuin;24;28;0;0;0;0;0;0;0;0;0;0;0;0;0;0;0;0;0;0;0;0;0;0;0;0;0;0;1;1;0;0;0;0;0;0;0;0;0
28208;Levainville;24;28;0;0;0;0;0;0;0;0;0;0;0;0;0;0;0;0;0;0;0;0;0;0;0;0;1;0;1;3;0;1;0;1;0;0;0;0;0
28209;Lèves;24;28;0;0;0;0;0;0;0;0;0;0;0;0;0;0;0;5;0;1;0;0;3;0;0;1;11;11;7;3;3;3;6;0;0;4;1;1;5
28210;Levesville-la-Chenard;24;28;0;0;0;0;0;0;0;0;0;0;0;0;0;0;0;0;0;0;0;0;0;0;0;0;1;0;0;0;0;0;0;0;0;0;0;0;0
28211;Logron;24;28;0;0;0;0;0;0;0;0;0;0;0;0;0;0;0;0;0;0;0;0;1;0;0;0;2;0;2;3;1;1;1;0;0;1;1;0;0
28212;Loigny-la-Bataille;24;28;0;0;0;0;0;0;0;0;0;0;0;0;0;0;0;0;0;0;0;0;0;0;0;0;0;0;0;2;0;0;0;0;0;0;0;0;1
28213;Lormaye;24;28;0;0;0;0;0;0;0;0;0;0;0;0;0;0;0;0;0;0;0;0;1;0;0;0;0;2;3;4;0;1;0;0;0;2;1;0;1
28214;La Loupe;24;28;0;1;0;0;0;0;0;0;0;0;1;0;0;0;0;5;1;1;0;0;8;1;0;3;6;2;4;6;1;0;6;0;0;11;2;1;2
28215;Louville-la-Chenard;24;28;0;0;0;0;0;0;0;0;0;0;0;0;0;0;0;0;0;0;0;0;1;0;0;0;0;0;1;1;0;0;0;0;0;0;0;0;0
28216;Louvilliers-en-Drouais;24;28;0;0;0;0;0;0;0;0;0;0;0;0;0;0;0;0;0;0;0;0;0;0;0;0;0;2;0;2;0;0;0;0;0;0;0;0;0
28217;Louvilliers-lès-Perche;24;28;0;0;0;0;0;0;0;0;0;0;0;0;0;0;0;0;0;0;0;0;1;0;0;0;1;2;1;0;0;0;1;0;0;0;0;0;0
28218;Lucé;24;28;1;0;0;0;0;0;0;1;0;0;1;1;0;0;0;10;0;2;0;0;21;2;0;4;9;15;11;18;8;1;16;3;2;24;6;3;10
28219;Luigny;24;28;0;0;0;0;0;0;0;0;0;0;0;0;0;0;0;1;0;0;1;0;1;0;0;0;0;0;1;3;3;0;0;0;0;1;1;0;0
28220;Luisant;24;28;0;0;0;0;0;0;0;0;0;0;0;0;0;0;0;6;2;1;0;0;18;2;2;3;9;7;10;10;5;4;5;1;0;14;1;0;5
28221;Lumeau;24;28;0;0;0;0;0;0;0;0;0;0;0;0;0;0;0;0;0;0;0;0;1;0;0;0;0;0;0;1;0;0;0;0;0;0;0;0;0
28222;Luplanté;24;28;0;0;0;0;0;0;0;0;0;0;0;0;0;0;0;0;0;0;0;0;0;0;0;0;0;2;0;1;1;0;0;0;0;1;0;0;0
28223;Luray;24;28;0;0;0;0;0;0;0;0;0;0;0;0;0;0;0;0;0;0;0;0;1;0;0;0;4;2;1;3;3;2;3;0;0;0;1;0;2
28224;Lutz-en-Dunois;24;28;0;0;0;0;0;0;0;0;0;0;0;0;0;0;0;0;0;0;0;0;0;0;0;0;0;1;1;1;0;2;0;0;0;1;0;0;0
28225;Magny;24;28;0;0;0;0;0;0;0;0;0;0;0;0;0;0;0;0;0;0;0;1;0;0;0;0;2;0;0;0;0;0;0;0;0;0;0;0;0
28226;Maillebois;24;28;0;0;0;0;0;0;0;0;0;0;0;0;0;0;0;0;0;0;0;1;1;0;0;0;1;1;4;2;2;0;1;0;0;0;0;0;1
28227;Maintenon;24;28;0;0;0;0;0;0;0;0;0;0;1;0;0;0;0;6;1;1;0;0;5;0;0;3;4;5;4;3;6;0;10;1;0;14;8;2;5
28229;Mainvilliers;24;28;1;0;0;0;0;0;0;0;0;0;0;0;0;0;0;5;4;1;0;0;5;1;1;2;6;7;7;9;6;3;8;0;0;9;2;1;2
28230;Maisons;24;28;0;0;0;0;0;0;0;0;0;0;0;0;0;0;0;0;0;0;0;0;1;0;0;0;1;0;0;1;1;0;0;0;0;0;0;0;0
28231;La Mancelière;24;28;0;0;0;0;0;0;0;0;0;0;0;0;0;0;0;0;0;0;0;0;0;0;0;0;1;1;0;1;0;0;0;0;0;0;0;0;0
28232;Manou;24;28;0;0;0;0;0;0;0;0;0;0;0;0;0;0;0;0;0;0;0;0;1;0;0;0;0;0;1;3;0;1;1;0;0;1;0;0;0
28233;Marboué;24;28;0;0;0;0;0;0;0;0;0;0;0;0;0;0;0;0;0;0;1;0;3;0;0;0;4;4;3;4;1;0;2;0;0;2;1;0;0
28234;Marchéville;24;28;0;0;0;0;0;0;0;0;0;0;0;0;0;0;0;0;0;0;0;0;1;0;0;0;3;0;1;2;0;0;0;0;0;0;0;0;0
28235;Marchezais;24;28;0;0;0;0;0;0;0;0;0;0;0;0;0;0;0;0;0;0;0;0;0;0;0;0;0;1;1;1;0;0;1;0;0;0;0;0;1
28236;Margon;24;28;0;0;0;0;0;0;0;0;0;0;0;0;0;0;0;1;0;0;0;0;3;1;2;1;0;0;0;2;2;0;2;1;0;1;1;0;1
28237;Marolles-les-Buis;24;28;0;0;0;0;0;0;0;0;0;0;0;0;0;0;0;0;0;0;0;0;0;0;0;0;1;0;2;0;1;0;1;0;0;1;1;0;0
28239;Marville-Moutiers-Brûlé;24;28;0;0;0;0;0;0;0;0;0;0;0;0;0;0;0;0;0;0;0;0;0;0;0;0;3;1;2;2;1;1;1;0;0;0;0;0;0
28240;Meaucé;24;28;0;0;0;0;0;0;0;0;0;0;0;0;0;0;0;0;0;0;0;0;3;0;1;0;2;1;0;2;1;1;1;0;0;1;1;0;1
28241;Le Mée;24;28;0;0;0;0;0;0;0;0;0;0;0;0;0;0;0;0;0;0;0;0;0;0;0;0;0;0;0;1;0;0;0;0;0;1;0;0;0
28242;Méréglise;24;28;0;0;0;0;0;0;0;0;0;0;0;0;0;0;0;0;0;0;0;0;0;0;0;0;0;0;0;1;0;0;0;0;0;0;0;0;0
28243;Mérouville;24;28;0;0;0;0;0;0;0;0;0;0;0;0;0;0;0;0;0;0;0;0;0;0;0;0;0;0;0;1;0;0;0;0;0;0;0;0;0
28245;Meslay-le-Grenet;24;28;0;0;0;0;0;0;0;0;0;0;0;0;0;0;0;0;0;0;0;0;0;0;0;0;0;0;1;0;0;0;0;0;0;0;0;0;0
28246;Meslay-le-Vidame;24;28;0;0;0;0;0;0;0;0;0;0;0;0;0;0;0;0;0;0;0;1;0;0;0;0;2;0;1;1;0;0;0;0;0;1;0;0;0
28247;Le Mesnil-Simon;24;28;0;0;0;0;0;0;0;0;0;0;0;0;0;0;0;0;0;0;0;0;2;0;0;0;3;0;5;1;0;0;1;0;0;0;1;0;1
28248;Le Mesnil-Thomas;24;28;0;0;0;0;0;0;0;0;0;0;0;0;0;0;0;0;0;0;0;0;0;0;0;0;2;0;0;2;0;0;1;0;0;0;0;0;0
28249;Mévoisins;24;28;0;0;0;0;0;0;0;0;0;0;0;0;0;0;0;0;0;0;0;0;0;0;0;0;1;1;0;0;0;0;0;1;0;1;0;0;1
28250;Mézières-au-Perche;24;28;0;0;0;0;0;0;0;0;0;0;0;0;0;0;0;0;0;0;0;0;0;0;0;0;0;0;0;0;0;0;0;0;0;0;0;0;0
28251;Mézières-en-Drouais;24;28;0;0;0;0;0;0;0;0;0;0;0;0;0;0;0;0;0;0;0;1;3;0;1;0;1;1;3;1;3;0;0;0;0;0;0;0;1
28252;Miermaigne;24;28;0;0;0;0;0;0;0;0;0;0;0;0;0;0;0;0;0;0;0;0;0;0;0;0;0;0;0;0;0;0;0;0;0;0;0;0;0
28253;Mignières;24;28;0;0;0;0;0;0;0;0;0;0;0;0;0;0;0;0;0;0;0;0;2;0;0;1;5;1;2;4;2;0;1;0;0;0;1;0;1
28254;Mittainvilliers-Vérigny;24;28;0;0;0;0;0;0;0;0;0;0;0;0;0;0;0;0;0;0;0;0;1;0;0;0;2;3;1;1;2;0;0;0;0;1;1;0;0
28255;Moinville-la-Jeulin;24;28;0;0;0;0;0;0;0;0;0;0;0;0;0;0;0;0;0;0;0;0;0;0;0;0;1;0;0;0;0;0;0;0;0;0;1;0;0
28256;Moléans;24;28;0;0;0;0;0;0;0;0;0;0;0;0;0;0;0;0;0;0;0;0;0;0;0;0;2;1;1;2;1;0;0;0;0;0;0;0;0
28257;Mondonville-Saint-Jean;24;28;0;0;0;0;0;0;0;0;0;0;0;0;0;0;0;0;0;0;0;0;0;0;0;0;0;0;1;0;0;0;1;0;0;0;0;0;0
28259;Montboissier;24;28;0;0;0;0;0;0;0;0;0;0;0;0;0;0;0;0;0;0;0;0;0;0;0;0;0;0;0;0;0;1;0;0;0;0;0;0;0
28260;Montharville;24;28;0;0;0;0;0;0;0;0;0;0;0;0;0;0;0;0;0;0;0;0;1;0;0;0;0;0;0;0;0;0;0;0;0;0;0;0;0
28261;Montigny-le-Chartif;24;28;0;0;0;0;0;0;0;0;0;0;0;0;0;0;0;0;0;0;0;0;1;0;0;0;0;0;0;0;1;0;1;0;0;0;0;0;0
28262;Montigny-le-Gannelon;24;28;0;0;0;0;0;0;0;0;0;0;0;0;0;0;0;0;0;0;0;0;0;0;0;0;0;0;1;1;2;0;1;0;0;2;0;0;0
28263;Montigny-sur-Avre;24;28;0;0;0;0;0;0;0;0;0;0;0;0;0;0;0;0;0;0;0;0;0;0;0;0;0;1;0;2;0;0;0;0;0;1;1;0;0
28264;Montireau;24;28;0;0;0;0;0;0;0;0;0;0;0;0;0;0;0;0;0;0;0;0;2;0;0;0;0;0;0;0;0;0;0;0;0;1;0;0;0
28265;Montlandon;24;28;0;0;0;0;0;0;0;0;0;0;0;0;0;0;0;0;0;0;0;0;0;0;0;0;0;1;1;0;0;0;1;0;0;0;0;0;0
28267;Montreuil;24;28;0;0;0;0;0;0;0;0;0;0;0;0;0;0;0;0;0;0;0;0;0;0;0;0;0;2;0;0;1;0;0;0;0;1;0;0;0
28268;Morainville;24;28;0;0;0;0;0;0;0;0;0;0;0;0;0;0;0;0;0;0;0;0;0;0;0;0;0;0;0;0;0;0;0;0;0;0;0;0;0
28269;Morancez;24;28;0;0;0;0;0;0;0;0;0;0;0;0;0;0;0;0;0;0;0;0;3;0;0;0;4;0;4;1;1;0;3;0;0;3;1;0;1
28270;Moriers;24;28;0;0;0;0;0;0;0;0;0;0;0;0;0;0;0;0;0;0;0;0;0;0;0;0;0;0;0;1;0;0;0;0;0;0;0;0;0
28271;Morvilliers;24;28;0;0;0;0;0;0;0;0;0;0;0;0;0;0;0;0;0;0;0;0;0;0;0;0;1;2;0;0;0;0;1;0;0;0;1;0;0
28272;Mottereau;24;28;0;0;0;0;0;0;0;0;0;0;0;0;0;0;0;0;0;0;0;0;1;0;0;0;0;0;0;0;0;0;0;1;0;0;0;0;0
28273;Moulhard;24;28;0;0;0;0;0;0;0;0;0;0;0;0;0;0;0;0;0;0;0;0;0;0;0;0;2;0;0;2;0;0;0;0;0;0;0;0;0
28274;Moutiers;24;28;0;0;0;0;0;0;0;0;0;0;0;0;0;0;0;0;0;0;0;0;0;0;0;0;0;0;0;1;0;0;0;0;0;0;0;0;0
28275;Néron;24;28;0;0;0;0;0;0;0;0;0;0;0;0;0;0;0;0;0;0;0;0;1;0;0;0;4;0;1;2;0;1;1;0;0;1;1;0;0
28276;Neuvy-en-Beauce;24;28;0;0;0;0;0;0;0;0;0;0;0;0;0;0;0;0;1;0;0;0;0;0;0;0;0;0;1;0;2;0;0;0;0;1;0;0;0
28277;Neuvy-en-Dunois;24;28;0;0;0;0;0;0;0;0;0;0;0;0;0;0;0;0;0;0;0;0;0;0;0;0;0;2;0;1;0;0;0;0;0;0;0;0;0
28278;Nogent-le-Phaye;24;28;0;0;0;0;0;0;0;0;0;0;0;0;0;0;0;0;1;0;0;0;7;1;0;0;0;1;5;1;2;7;1;1;1;6;2;0;1
28279;Nogent-le-Roi;24;28;0;1;0;0;0;0;0;0;0;0;1;0;0;0;0;8;0;1;0;0;7;1;0;4;10;7;7;8;6;1;7;1;0;12;6;2;5
28280;Nogent-le-Rotrou;24;28;0;1;0;0;0;0;0;0;0;0;4;1;0;1;0;12;4;2;0;1;6;3;1;6;9;6;9;11;12;3;18;1;5;28;10;2;5
28281;Nogent-sur-Eure;24;28;0;0;0;0;0;0;0;0;0;0;0;0;0;0;0;0;0;0;0;0;0;0;0;0;1;1;1;1;1;1;0;0;0;0;0;0;0
28282;Nonvilliers-Grandhoux;24;28;0;0;0;0;0;0;0;0;0;0;0;0;0;0;0;0;0;0;0;0;0;0;0;0;0;2;0;0;1;0;0;0;0;0;0;0;0
28283;Nottonville;24;28;0;0;0;0;0;0;0;0;0;0;0;0;0;0;0;0;0;0;0;0;1;0;0;0;0;0;1;0;0;0;0;0;0;0;0;0;0
28284;Oinville-Saint-Liphard;24;28;0;0;0;0;0;0;0;0;0;0;0;0;0;0;0;0;0;0;0;0;0;0;0;0;0;0;0;2;1;0;0;0;0;1;0;0;0
28285;Oinville-sous-Auneau;24;28;0;0;0;0;0;0;0;0;0;0;0;0;0;0;0;0;0;0;0;0;1;0;0;0;0;0;0;0;0;0;0;0;0;0;0;0;0
28286;Ollé;24;28;0;0;0;0;0;0;0;0;0;0;0;0;0;0;0;0;0;0;0;0;0;0;0;0;1;0;2;2;1;0;2;0;0;0;0;0;1
28287;Orgères-en-Beauce;24;28;0;1;0;0;0;0;0;0;0;0;0;0;0;0;0;4;0;1;0;0;2;0;0;0;1;1;0;1;3;1;1;0;0;1;0;0;2
28289;Ormoy;24;28;0;0;0;0;0;0;0;0;0;0;0;0;0;0;0;0;0;0;0;0;0;0;0;0;1;1;1;2;1;0;0;0;0;0;0;0;0
28290;Orrouer;24;28;0;0;0;0;0;0;0;0;0;0;0;0;0;0;0;0;0;0;0;0;0;0;0;0;1;3;2;1;2;0;0;0;0;0;0;0;0
28291;Ouarville;24;28;0;0;0;0;0;0;0;0;0;0;0;0;0;0;0;0;0;0;0;1;1;0;0;0;2;0;1;0;0;0;0;0;0;0;0;0;0
28292;Ouerre;24;28;0;0;0;0;0;0;0;0;0;0;0;0;0;0;0;0;0;0;0;0;0;0;0;0;0;0;0;1;1;0;0;0;0;0;0;0;0
28293;Oulins;24;28;0;0;0;0;0;0;0;0;0;0;0;0;0;0;0;0;0;0;0;0;1;0;0;0;1;1;0;2;3;0;1;0;0;2;2;0;0
28294;Oysonville;24;28;0;0;0;0;0;0;0;0;0;0;0;0;0;0;0;0;0;0;0;0;1;0;0;0;2;2;0;3;2;0;1;0;0;0;0;0;0
28295;Ozoir-le-Breuil;24;28;0;0;0;0;0;0;0;0;0;0;0;0;0;0;0;1;0;0;0;0;0;0;0;0;0;0;2;0;0;0;1;0;0;1;0;0;1
28296;Péronville;24;28;0;0;0;0;0;0;0;0;0;0;0;0;0;0;0;1;0;0;0;0;0;0;0;0;0;1;0;0;0;0;0;0;0;0;0;0;0
28298;Pierres;24;28;0;1;0;0;0;0;0;0;0;0;0;0;0;0;0;0;3;0;0;0;7;1;0;0;5;4;5;4;0;2;4;0;0;0;1;0;1
28299;Les Pinthières;24;28;0;0;0;0;0;0;0;0;0;0;0;0;0;0;0;0;0;0;0;0;0;0;0;0;0;1;0;0;0;0;0;0;0;0;0;0;0
28300;Poinville;24;28;0;0;0;0;0;0;0;0;0;0;0;0;0;0;0;0;0;0;0;0;0;0;0;0;0;1;0;2;0;1;0;0;0;0;0;0;2
28301;Poisvilliers;24;28;0;0;0;0;0;0;0;0;0;0;0;0;0;0;0;0;0;0;0;0;0;0;0;0;1;1;0;1;0;0;1;0;0;0;0;0;0
28302;Pontgouin;24;28;0;0;0;0;0;0;0;0;0;0;0;0;0;0;0;0;0;0;1;0;1;0;0;0;1;3;2;1;0;0;1;0;0;0;0;0;1
28303;Poupry;24;28;0;0;0;0;0;0;0;0;0;0;0;0;0;0;0;0;0;0;0;0;0;0;0;0;0;1;0;1;0;0;0;0;0;0;0;0;0
28304;Prasville;24;28;0;0;0;0;0;0;0;0;0;0;0;0;0;0;0;0;0;0;0;0;1;0;0;0;1;1;1;1;1;0;2;0;0;0;0;0;0
28305;Pré-Saint-Évroult;24;28;0;0;0;0;0;0;0;0;0;0;0;0;0;0;0;0;0;0;0;0;0;0;0;0;0;0;0;0;0;1;0;0;0;0;0;0;0
28306;Pré-Saint-Martin;24;28;0;0;0;0;0;0;0;0;0;0;0;0;0;0;0;0;0;0;0;0;0;0;0;0;0;0;0;0;0;0;0;0;0;0;0;0;0
28308;Prudemanche;24;28;0;0;0;0;0;0;0;0;0;0;0;0;0;0;0;0;0;0;0;0;0;0;0;0;1;0;1;0;0;0;0;0;0;0;0;0;0
28309;Prunay-le-Gillon;24;28;0;0;0;0;0;0;0;0;0;0;0;0;0;0;0;0;0;0;0;1;2;0;0;0;3;2;2;1;0;0;2;0;0;0;0;0;0
28310;La Puisaye;24;28;0;0;0;0;0;0;0;0;0;0;0;0;0;0;0;0;0;0;0;0;0;0;0;0;3;0;1;1;0;0;0;0;0;0;1;0;0
28311;Le Puiset;24;28;0;0;0;0;0;0;0;0;0;0;0;0;0;0;0;0;0;0;0;0;0;0;0;0;1;1;0;2;0;2;1;0;0;0;0;0;1
28312;Puiseux;24;28;0;0;0;0;0;0;0;0;0;0;0;0;0;0;0;0;0;0;0;0;0;0;0;0;0;0;1;0;0;0;0;0;0;0;0;0;0
28313;Réclainville;24;28;0;0;0;0;0;0;0;0;0;0;0;0;0;0;0;0;0;0;0;0;1;0;0;0;0;0;0;0;0;0;0;0;0;0;0;0;0
28314;Les Ressuintes;24;28;0;0;0;0;0;0;0;0;0;0;0;0;0;0;0;0;0;0;0;0;0;0;0;0;4;0;0;0;1;0;0;0;0;0;0;0;0
28315;Revercourt;24;28;0;0;0;0;0;0;0;0;0;0;0;0;0;0;0;0;0;0;0;0;0;0;0;0;0;0;0;0;0;0;0;0;0;0;0;0;0
28316;Rohaire;24;28;0;0;0;0;0;0;0;0;0;0;0;0;0;0;0;0;0;0;0;0;0;0;0;0;0;0;1;0;0;0;0;0;0;0;0;0;0
28317;Roinville;24;28;0;0;0;0;0;0;0;0;0;0;0;0;0;0;0;0;0;0;0;0;2;0;0;0;3;0;1;2;2;0;0;0;0;0;0;0;0
28318;Romilly-sur-Aigre;24;28;0;0;0;0;0;0;0;0;0;0;0;0;0;0;0;0;0;0;0;0;1;0;0;0;0;1;3;0;0;0;0;0;0;1;0;0;0
28319;Rouvray-Saint-Denis;24;28;0;0;0;0;0;0;0;0;0;0;0;0;0;0;0;0;0;0;0;0;2;0;0;0;1;0;0;2;1;0;0;0;0;0;0;0;0
28321;Rouvres;24;28;0;0;0;0;0;0;0;0;0;0;0;0;0;0;0;0;0;0;0;0;0;0;0;0;2;2;1;2;0;0;0;1;0;2;1;0;2
28322;Rueil-la-Gadelière;24;28;0;0;0;0;0;0;0;0;0;0;0;0;0;0;0;0;0;0;0;0;0;0;0;0;0;1;1;0;1;0;0;1;0;0;0;0;0
28323;Saint-Ange-et-Torçay;24;28;0;0;0;0;0;0;0;0;0;0;0;0;0;0;0;0;0;0;0;0;1;0;0;0;1;0;1;0;2;0;0;0;0;0;0;0;0
28324;Saint-Arnoult-des-Bois;24;28;0;0;0;0;0;0;0;0;0;0;0;0;0;0;0;0;0;0;0;0;0;0;0;0;0;3;2;5;2;0;1;0;0;1;0;0;1
28325;Saint-Aubin-des-Bois;24;28;0;0;0;0;0;0;0;0;0;0;0;0;0;0;0;0;0;0;0;0;2;0;0;0;1;2;2;0;4;0;0;0;0;3;0;0;1
28326;Saint-Avit-les-Guespières;24;28;0;0;0;0;0;0;0;0;0;0;0;0;0;0;0;0;0;0;0;0;1;0;0;0;0;0;2;2;3;0;0;0;0;0;0;0;0
28327;Saint-Bomer;24;28;0;0;0;0;0;0;0;0;0;0;0;0;0;0;0;0;0;0;0;0;0;0;0;0;0;0;0;0;0;0;0;0;0;1;1;0;0
28329;Saint-Christophe;24;28;0;0;0;0;0;0;0;0;0;0;0;0;0;0;0;0;0;0;0;0;0;0;0;0;0;0;0;1;0;0;0;0;0;0;0;0;0
28330;Saint-Cloud-en-Dunois;24;28;0;0;0;0;0;0;0;0;0;0;0;0;0;0;0;0;0;0;1;0;0;0;0;0;0;0;0;0;0;0;1;0;0;0;0;0;0
28331;Saint-Denis-d'Authou;24;28;0;0;0;0;0;0;0;0;0;0;0;0;0;0;0;0;0;0;0;0;1;0;0;1;3;1;0;0;1;0;0;0;0;0;1;0;0
28332;Sainte-Gemme-Moronval;24;28;0;0;0;0;0;0;0;0;0;0;0;0;0;0;0;0;0;0;0;0;4;0;0;1;0;2;3;0;1;0;0;0;0;3;1;0;1
28333;Saint-Denis-des-Puits;24;28;0;0;0;0;0;0;0;0;0;0;0;0;0;0;0;0;0;0;0;0;1;0;0;0;0;0;0;0;0;0;0;0;0;0;0;0;0
28334;Saint-Denis-les-Ponts;24;28;0;0;0;0;0;0;0;0;0;0;0;0;0;0;0;4;0;0;0;1;2;1;0;1;1;3;2;2;0;0;2;1;0;1;1;1;1
28335;Saint-Éliph;24;28;0;0;0;0;0;0;0;0;0;0;0;0;0;0;0;0;0;0;0;0;0;0;0;0;2;0;3;2;0;2;1;0;0;1;0;0;0
28336;Saint-Éman;24;28;0;0;0;0;0;0;0;0;0;0;0;0;0;0;0;0;0;0;0;0;0;0;0;0;0;0;0;1;0;0;0;0;0;0;0;0;0
28337;Saint-Georges-sur-Eure;24;28;0;0;0;0;0;0;0;0;0;0;0;0;0;0;0;1;0;1;0;0;1;0;0;1;3;3;4;3;3;1;3;0;0;5;1;0;2
28339;Saint-Germain-le-Gaillard;24;28;0;0;0;0;0;0;0;0;0;0;0;0;0;0;0;0;0;0;0;0;0;0;0;0;0;1;0;0;0;0;0;0;0;0;0;0;0
28340;Saint-Hilaire-sur-Yerre;24;28;0;0;0;0;0;0;0;0;0;0;0;0;0;0;0;0;0;0;0;0;1;0;0;0;0;0;1;1;0;1;0;0;0;0;0;0;0
28341;Saint-Jean-de-Rebervilliers;24;28;0;0;0;0;0;0;0;0;0;0;0;0;0;0;0;0;0;0;0;0;0;0;0;0;0;0;1;0;3;0;0;0;0;0;0;0;1
28342;Saint-Jean-Pierre-Fixte;24;28;0;0;0;0;0;0;0;0;0;0;0;0;0;0;0;0;0;0;0;0;0;0;0;1;0;1;1;2;1;0;1;0;0;0;1;0;0
28343;Saint-Laurent-la-Gâtine;24;28;0;0;0;0;0;0;0;0;0;0;0;0;0;0;0;0;0;0;0;0;0;0;0;0;0;0;2;3;0;0;0;0;0;0;0;0;0
28344;Saint-Léger-des-Aubées;24;28;0;0;0;0;0;0;0;0;0;0;0;0;0;0;0;0;0;0;0;0;0;0;0;0;1;0;0;1;0;0;0;0;0;0;0;0;0
28346;Saint-Lubin-de-Cravant;24;28;0;0;0;0;0;0;0;0;0;0;0;0;0;0;0;0;0;0;0;0;0;0;0;0;0;0;0;1;0;0;0;0;0;0;0;0;0
28347;Saint-Lubin-de-la-Haye;24;28;0;0;0;0;0;0;0;0;0;0;0;0;0;0;0;0;0;0;0;1;2;0;0;0;1;2;2;4;1;0;0;0;0;1;0;0;0
28348;Saint-Lubin-des-Joncherets;24;28;0;0;0;0;0;0;0;0;0;0;0;0;0;0;0;4;0;1;0;0;3;0;0;1;5;3;6;13;2;0;6;0;0;1;3;0;0
28349;Saint-Lucien;24;28;0;0;0;0;0;0;0;0;0;0;0;0;0;0;0;0;0;0;0;0;0;0;0;0;0;1;0;0;1;0;1;0;0;0;0;0;1
28350;Saint-Luperce;24;28;0;0;0;0;0;0;0;0;0;0;0;0;0;0;0;0;0;0;0;0;1;0;0;0;2;1;2;0;2;1;1;0;0;2;0;0;0
28351;Saint-Maixme-Hauterive;24;28;0;0;0;0;0;0;0;0;0;0;0;0;0;0;0;0;0;0;0;0;0;0;0;0;0;0;2;4;1;1;1;0;0;1;0;0;0
28352;Saint-Martin-de-Nigelles;24;28;0;0;0;0;0;0;0;0;0;0;0;0;0;0;0;0;0;0;0;0;0;0;0;0;1;2;1;1;0;1;0;0;0;0;0;0;1
28353;Saint-Maur-sur-le-Loir;24;28;0;0;0;0;0;0;0;0;0;0;0;0;0;0;0;0;0;0;0;0;0;0;0;0;0;0;0;0;1;0;0;0;0;0;0;0;0
28354;Saint-Maurice-Saint-Germain;24;28;0;0;0;0;0;0;0;0;0;0;0;0;0;0;0;0;0;0;0;0;0;0;0;0;0;1;0;0;1;0;0;0;0;0;0;0;0
28355;Saint-Ouen-Marchefroy;24;28;0;0;0;0;0;0;0;0;0;0;0;0;0;0;0;0;0;0;0;0;0;0;0;0;2;0;2;0;0;0;0;0;0;0;0;0;0
28356;Saint-Pellerin;24;28;0;0;0;0;0;0;0;0;0;0;0;0;0;0;0;0;0;0;0;0;1;0;0;0;1;1;0;0;0;0;0;0;0;0;0;0;0
28357;Saint-Piat;24;28;0;0;0;0;0;0;0;0;0;0;0;0;0;0;0;0;0;1;0;0;1;0;0;0;1;0;1;5;3;0;3;0;0;1;0;0;0
28358;Saint-Prest;24;28;0;0;0;0;0;0;0;0;0;0;0;0;0;0;0;0;0;1;0;0;2;1;0;0;3;3;5;4;1;2;3;0;0;3;0;0;2
28359;Saint-Rémy-sur-Avre;24;28;0;1;0;0;0;0;0;0;0;0;0;0;0;0;0;2;1;1;0;0;7;1;0;2;3;4;4;5;3;1;3;0;0;7;1;0;2
28360;Saint-Sauveur-Marville;24;28;0;0;0;0;0;0;0;0;0;0;0;0;0;0;0;0;0;0;0;0;0;0;0;1;3;0;2;1;1;0;0;0;0;0;1;0;0
28362;Saint-Victor-de-Buthon;24;28;0;0;0;0;0;0;0;0;0;0;0;0;0;0;0;0;0;0;1;0;1;0;0;0;2;0;1;2;0;1;1;0;0;4;0;0;0
28363;Sainville;24;28;0;0;0;0;0;0;0;0;0;0;0;0;0;0;0;1;0;1;0;0;3;0;0;0;0;1;0;1;1;0;2;0;0;0;2;0;1
28364;Sancheville;24;28;0;0;0;0;0;0;0;0;0;0;0;0;0;0;0;1;0;0;1;0;1;0;0;0;3;2;0;1;1;0;1;0;0;1;1;0;0
28365;Sandarville;24;28;0;0;0;0;0;0;0;0;0;0;0;0;0;0;0;0;0;0;0;0;0;0;0;0;2;1;0;1;0;0;0;0;0;1;0;0;0
28366;Santeuil;24;28;0;0;0;0;0;0;0;0;0;0;0;0;0;0;0;0;0;0;0;0;1;0;0;0;1;0;0;0;1;0;2;0;0;0;0;0;0
28367;Santilly;24;28;0;0;0;0;0;0;0;0;0;0;0;0;0;0;0;0;0;0;0;0;0;0;0;0;0;0;1;1;0;0;0;0;0;3;0;0;2
28368;La Saucelle;24;28;0;0;0;0;0;0;0;0;0;0;0;0;0;0;0;0;0;0;0;0;0;0;0;0;1;0;0;0;0;0;0;0;0;1;1;0;0
28369;Saulnières;24;28;0;0;0;0;0;0;0;0;0;0;0;0;0;0;0;0;0;0;0;0;2;0;0;0;0;1;1;2;0;2;0;0;0;2;0;0;1
28370;Saumeray;24;28;0;0;0;0;0;0;0;0;0;0;0;0;0;0;0;0;0;0;0;0;0;0;0;0;1;0;3;0;0;0;0;0;0;1;0;0;0
28371;Saussay;24;28;0;0;0;0;0;0;0;0;0;0;0;0;0;0;0;0;0;0;0;0;2;1;1;1;7;3;4;3;1;0;2;0;0;6;1;1;2
28372;Senantes;24;28;0;0;0;0;0;0;0;0;0;0;0;0;0;0;0;0;0;0;0;0;0;0;0;0;0;2;1;2;1;0;0;0;0;0;0;0;0
28373;Senonches;24;28;0;1;0;0;0;0;0;0;0;0;1;0;0;0;0;5;1;1;0;0;5;1;0;1;2;4;3;4;6;0;4;3;0;10;3;0;4
28374;Serazereux;24;28;0;0;0;0;0;0;0;0;0;0;0;0;0;0;0;0;0;0;0;0;1;0;0;0;1;1;1;0;2;0;0;0;0;1;0;0;1
28375;Serville;24;28;0;0;0;0;0;0;0;0;0;0;0;0;0;0;0;0;0;0;0;0;0;0;0;0;1;0;0;1;1;1;0;0;0;1;0;0;1
28376;Soizé;24;28;0;0;0;0;0;0;0;0;0;0;0;0;0;0;0;0;0;0;0;0;0;0;0;0;0;0;2;1;0;0;0;0;0;0;0;0;0
28377;Sorel-Moussel;24;28;0;0;0;0;0;0;0;0;0;0;0;0;0;0;0;0;0;1;0;0;1;0;0;0;6;4;4;2;3;0;2;0;0;1;3;0;0
28378;Souancé-au-Perche;24;28;0;0;0;0;0;0;0;0;0;0;0;0;0;0;0;0;0;0;0;0;1;0;0;0;2;0;3;0;0;1;1;0;0;2;0;0;0
28379;Soulaires;24;28;0;0;0;0;0;0;0;0;0;0;0;0;0;0;0;0;0;0;0;0;0;0;0;0;0;2;4;1;0;0;1;0;0;0;0;0;0
28380;Sours;24;28;0;0;0;0;0;0;0;0;0;0;0;0;0;0;0;1;1;1;0;0;3;0;0;0;2;0;1;4;1;0;3;0;0;2;0;0;3
28382;Terminiers;24;28;0;0;0;0;0;0;0;0;0;0;0;0;0;0;0;0;0;0;0;1;1;0;0;1;1;2;0;4;2;1;1;0;0;0;0;0;0
28383;Theuville;24;28;0;0;0;0;0;0;0;0;0;0;0;0;0;0;0;0;0;0;0;0;0;0;0;0;5;1;0;1;0;0;0;0;0;1;0;0;0
28385;Le Thieulin;24;28;0;0;0;0;0;0;0;0;0;0;0;0;0;0;0;0;0;0;0;0;1;0;0;0;1;0;3;1;0;0;1;0;0;0;0;0;0
28386;Thimert-Gâtelles;24;28;0;0;0;0;0;0;0;0;0;0;0;0;0;0;0;0;0;0;0;0;2;0;0;0;2;2;6;4;1;0;0;0;0;1;0;0;0
28387;Thiron-Gardais;24;28;0;1;0;0;0;0;0;0;0;0;0;0;1;0;0;3;0;1;0;0;2;0;0;1;2;4;1;2;2;0;2;0;0;1;1;0;0
28388;Thivars;24;28;0;1;0;0;0;0;0;0;0;0;0;0;0;0;0;3;0;0;0;1;2;0;0;0;2;2;1;2;4;0;6;0;0;4;0;0;1
28389;Thiville;24;28;0;0;0;0;0;0;0;0;0;0;0;0;0;0;0;0;0;0;0;0;0;0;0;0;0;0;1;1;0;0;0;0;0;1;0;0;0
28390;Tillay-le-Péneux;24;28;0;0;0;0;0;0;0;0;0;0;0;0;0;0;0;0;0;0;0;0;0;0;0;0;0;1;0;2;0;0;0;0;0;0;0;0;0
28391;Toury;24;28;0;0;0;0;0;0;0;0;0;0;0;0;0;0;0;3;1;1;0;0;1;0;0;1;3;4;6;4;3;1;4;0;0;6;0;2;1
28392;Trancrainville;24;28;0;0;0;0;0;0;0;0;0;0;0;0;0;0;0;0;0;0;0;0;2;0;0;0;1;0;0;0;1;0;0;0;0;0;0;0;0
28393;Tremblay-les-Villages;24;28;0;0;0;0;0;0;0;0;0;0;0;0;0;0;0;2;0;0;0;1;5;0;0;0;4;2;3;4;2;1;1;0;0;2;1;0;0
28394;Tréon;24;28;0;0;0;0;0;0;0;0;0;0;0;0;0;0;0;0;0;0;0;1;3;0;0;0;2;0;1;0;3;0;2;0;0;3;1;0;1
28395;Trizay-Coutretot-Saint-Serge;24;28;0;0;0;0;0;0;0;0;0;0;0;0;0;0;0;0;0;0;0;0;1;0;0;0;3;0;0;1;0;0;1;0;0;0;0;0;0
28396;Trizay-lès-Bonneval;24;28;0;0;0;0;0;0;0;0;0;0;0;0;0;0;0;0;0;0;0;0;0;0;0;0;0;0;0;1;1;0;0;0;0;0;0;0;0
28397;Umpeau;24;28;0;0;0;0;0;0;0;0;0;0;0;0;0;0;0;0;0;0;0;0;0;0;0;0;0;0;0;0;0;0;0;0;0;0;1;0;0
28398;Unverre;24;28;0;0;0;0;0;0;0;0;0;0;0;0;0;0;0;1;0;0;1;0;2;0;0;0;2;3;1;2;3;0;1;0;0;4;1;0;0
28400;Varize;24;28;0;0;0;0;0;0;0;0;0;0;0;0;0;0;0;2;0;0;0;0;0;0;0;0;0;0;2;0;0;0;0;0;0;1;0;0;0
28401;Vaupillon;24;28;0;0;0;0;0;0;0;0;0;0;0;0;0;0;0;0;0;0;0;0;0;0;0;0;2;0;0;1;0;0;1;0;0;0;0;0;0
28403;Ver-lès-Chartres;24;28;0;0;0;0;0;0;0;0;0;0;0;0;0;0;0;0;0;0;0;0;0;0;0;0;0;1;1;2;1;0;0;0;0;0;1;0;0
28404;Vernouillet;24;28;1;0;0;0;0;0;0;0;0;0;0;1;0;0;0;5;3;2;0;0;31;5;1;3;6;10;15;14;8;4;11;1;1;23;2;2;5
28405;Vert-en-Drouais;24;28;0;0;0;0;0;0;0;0;0;0;0;0;0;0;0;0;0;0;0;0;1;0;0;0;3;0;0;0;0;0;1;0;0;2;0;0;0
28406;Eole-en-Beauce;24;28;0;0;0;0;0;0;0;0;0;0;0;0;0;0;0;0;0;0;0;0;1;0;0;0;7;2;0;1;0;1;2;0;0;0;0;0;0
28407;Vichères;24;28;0;0;0;0;0;0;0;0;0;0;0;0;0;0;0;0;0;0;0;0;0;0;0;0;0;0;0;1;0;0;0;0;0;1;0;0;0
28408;Vierville;24;28;0;0;0;0;0;0;0;0;0;0;0;0;0;0;0;0;0;0;0;0;0;0;0;0;1;0;0;0;0;0;0;0;0;0;0;0;0
28409;Vieuvicq;24;28;0;0;0;0;0;0;0;0;0;0;0;0;0;0;0;0;0;0;0;0;1;0;0;0;0;0;2;0;0;0;1;0;0;0;1;0;0
28410;Villampuy;24;28;0;0;0;0;0;0;0;0;0;0;0;0;0;0;0;0;0;0;0;0;0;0;0;0;1;0;0;1;1;0;0;0;0;0;0;0;0
28411;Villars;24;28;0;0;0;0;0;0;0;0;0;0;0;0;0;0;0;0;0;0;0;0;0;0;0;0;1;0;1;1;0;0;0;0;0;0;0;0;0
28412;Villeau;24;28;0;0;0;0;0;0;0;0;0;0;0;0;0;0;0;0;0;0;0;0;0;0;0;0;1;0;0;0;0;0;0;0;0;0;0;0;0
28414;Villebon;24;28;0;0;0;0;0;0;0;0;0;0;0;0;0;0;0;0;0;0;0;0;0;0;0;0;0;0;0;0;0;0;0;0;0;0;0;0;0
28415;Villemeux-sur-Eure;24;28;0;0;0;0;0;0;0;0;0;0;0;0;0;0;0;1;0;0;0;1;3;0;0;0;8;3;4;5;2;0;1;0;0;2;1;0;0
28417;Villiers-le-Morhier;24;28;0;0;0;0;0;0;0;0;0;0;0;0;0;0;0;0;0;0;0;1;2;0;0;0;0;1;1;0;3;1;3;0;0;1;0;0;1
28418;Villiers-Saint-Orien;24;28;0;0;0;0;0;0;0;0;0;0;0;0;0;0;0;0;0;0;0;0;0;0;0;0;0;0;0;0;0;1;0;0;0;0;0;0;0
28419;Vitray-en-Beauce;24;28;0;0;0;0;0;0;0;0;0;0;0;0;0;0;0;0;0;0;0;0;1;0;0;0;0;1;1;0;2;0;1;0;0;0;0;0;0
28421;Voise;24;28;0;0;0;0;0;0;0;0;0;0;0;0;0;0;0;0;0;0;0;0;1;0;0;0;2;1;0;2;0;0;0;0;0;0;0;0;0
28422;Les Villages Vovéens;24;28;0;1;0;0;0;0;0;0;0;0;1;0;0;0;0;4;3;1;0;0;6;1;0;1;4;6;4;6;5;1;3;1;0;6;2;0;5
28423;Yermenonville;24;28;0;0;0;0;0;0;0;0;0;0;0;0;0;0;0;0;0;0;0;1;2;0;0;0;3;1;0;0;2;0;0;0;0;1;0;0;1
28424;Yèvres;24;28;0;0;0;0;0;0;0;0;0;0;0;0;0;0;0;0;0;0;0;0;2;1;0;0;1;1;4;7;2;0;3;1;0;2;0;0;0
28425;Ymeray;24;28;0;0;0;0;0;0;0;0;0;0;0;0;0;0;0;0;0;0;0;0;0;0;0;0;0;2;1;1;1;1;0;0;0;0;0;0;1
28426;Ymonville;24;28;0;0;0;0;0;0;0;0;0;0;0;0;0;0;0;0;0;0;1;0;3;0;1;0;2;1;1;0;0;0;3;0;0;1;0;0;0
29001;Argol;53;29;0;0;0;0;0;0;0;0;0;0;0;0;0;0;0;0;0;0;0;1;1;1;0;0;0;2;1;2;0;0;2;0;0;3;0;0;0
29002;Arzano;53;29;0;1;0;0;0;0;0;0;0;0;0;0;0;0;0;1;0;1;0;0;2;0;0;0;1;3;2;1;1;0;3;0;0;1;0;0;1
29003;Audierne;53;29;0;1;0;0;0;0;0;0;0;0;0;0;1;0;0;6;1;1;0;1;4;1;0;2;4;5;5;6;6;1;10;1;0;25;6;1;4
29004;Bannalec;53;29;0;1;0;0;0;0;0;0;0;0;0;0;0;0;0;3;1;1;0;0;5;1;0;2;3;10;15;10;5;2;6;1;0;8;4;0;1
29005;Baye;53;29;0;0;0;0;0;0;0;0;0;0;0;0;0;0;0;0;0;0;0;0;2;0;0;0;0;0;2;2;1;1;2;0;0;5;0;0;0
29006;Bénodet;53;29;0;0;0;0;0;0;0;0;0;0;0;0;0;0;0;2;0;1;0;0;1;0;0;0;5;5;11;9;2;3;4;0;0;24;9;1;4
29007;Berrien;53;29;0;0;0;0;0;0;0;0;0;0;0;0;0;0;0;0;0;0;0;0;1;0;0;0;0;1;1;1;1;0;2;0;0;2;0;0;0
29008;Beuzec-Cap-Sizun;53;29;0;0;0;0;0;0;0;0;0;0;0;0;0;0;0;0;0;0;0;1;2;0;0;0;2;0;0;2;0;0;0;0;0;0;0;0;1
29010;Bodilis;53;29;0;0;0;0;0;0;0;0;0;0;0;0;0;0;0;0;0;0;0;1;2;0;0;1;1;1;4;2;2;2;1;0;0;3;0;0;0
29011;Bohars;53;29;0;0;0;0;0;0;0;0;0;0;0;0;0;0;0;1;0;0;1;0;3;0;0;1;0;4;0;5;0;0;3;0;0;2;0;0;3
29012;Bolazec;53;29;0;0;0;0;0;0;0;0;0;0;0;0;0;0;0;0;0;0;0;0;1;0;0;0;1;0;0;0;0;0;0;0;0;2;0;0;0
29013;Botmeur;53;29;0;0;0;0;0;0;0;0;0;0;0;0;0;0;0;0;0;0;0;0;0;0;0;0;1;1;1;0;0;0;0;0;0;1;0;0;0
29014;Botsorhel;53;29;0;0;0;0;0;0;0;0;0;0;0;0;0;0;0;0;0;0;0;0;0;0;0;0;2;1;1;0;0;0;0;0;0;0;0;0;0
29015;Bourg-Blanc;53;29;0;0;0;0;0;0;0;0;0;0;0;0;0;0;0;2;0;1;0;0;7;0;0;0;4;13;4;6;2;3;3;0;0;4;0;0;1
29016;Brasparts;53;29;0;0;0;0;0;0;0;0;0;0;0;0;0;0;0;1;2;0;0;1;0;0;0;0;1;0;2;1;2;0;2;0;0;2;0;0;0
29017;Brélès;53;29;0;0;0;0;0;0;0;0;0;0;0;0;0;0;0;0;0;0;0;1;0;0;0;0;1;1;2;0;0;1;0;0;0;5;0;0;0
29018;Brennilis;53;29;0;0;0;0;0;0;0;0;0;0;0;0;0;0;0;0;1;0;0;1;1;0;0;0;0;0;0;0;0;0;2;0;0;2;0;0;1
29019;Brest;53;29;1;0;0;1;1;1;1;1;0;1;16;3;12;0;0;91;10;13;0;0;100;16;6;40;85;186;77;97;87;35;200;12;41;334;122;28;58
29020;Briec;53;29;0;1;0;0;0;0;0;0;0;0;0;0;1;0;0;4;2;1;0;0;13;2;0;2;12;11;13;10;7;1;7;4;0;10;2;1;3
29021;Brignogan-Plages;53;29;0;0;0;0;0;0;0;0;0;0;0;0;0;0;0;1;0;0;0;1;1;0;0;0;1;1;1;1;0;0;0;0;0;6;0;0;0
29022;Camaret-sur-Mer;53;29;0;0;0;0;0;0;0;0;0;0;0;0;0;0;0;2;2;1;0;0;1;0;0;0;3;0;3;5;3;1;3;0;0;23;1;1;0
29023;Carantec;53;29;0;0;0;0;0;0;0;0;0;0;0;0;0;0;0;4;3;1;0;0;4;0;0;1;1;6;6;1;3;0;5;0;0;13;4;0;2
29024;Carhaix-Plouguer;53;29;0;1;0;0;0;0;0;0;0;0;2;1;2;0;0;9;6;1;0;0;14;4;0;3;6;9;11;10;8;3;14;3;5;36;7;3;5
29025;Cast;53;29;0;0;0;0;0;0;0;0;0;0;0;0;0;0;0;0;1;0;0;1;1;0;0;0;2;1;2;3;2;0;1;0;0;1;0;0;0
29026;Châteaulin;53;29;0;1;0;0;0;0;0;0;0;0;4;0;1;0;0;8;2;1;0;0;5;2;0;5;3;5;3;3;7;2;9;4;3;14;5;2;4
29027;Châteauneuf-du-Faou;53;29;0;1;0;0;0;0;0;0;0;0;1;0;1;0;0;4;3;1;0;0;5;2;0;2;5;7;3;4;4;3;4;1;1;11;1;0;1
29028;Cléden-Cap-Sizun;53;29;0;0;0;0;0;0;0;0;0;0;0;0;0;0;0;0;0;0;0;1;1;0;0;0;4;1;2;1;2;0;1;0;0;2;0;0;0
29029;Cléden-Poher;53;29;0;0;0;0;0;0;0;0;0;0;0;0;0;0;0;0;0;0;0;1;1;0;0;1;0;1;1;1;0;0;1;0;0;3;0;0;0
29030;Cléder;53;29;0;0;0;0;0;0;0;0;0;0;0;0;1;0;0;2;2;1;0;0;3;1;0;1;1;5;5;5;1;3;6;0;0;6;1;0;1
29031;Clohars-Carnoët;53;29;0;0;0;0;0;0;0;0;0;0;0;0;0;0;0;2;0;1;0;1;4;0;0;0;4;9;6;8;6;2;5;0;0;29;5;0;2
29032;Clohars-Fouesnant;53;29;0;0;0;0;0;0;0;0;0;0;0;0;0;0;0;0;0;0;0;0;3;1;1;0;5;4;3;2;4;1;2;0;0;4;2;0;1
29033;Le Cloître-Pleyben;53;29;0;0;0;0;0;0;0;0;0;0;0;0;0;0;0;0;1;0;1;0;2;0;0;0;0;0;2;1;1;0;1;1;0;1;0;0;0
29034;Le Cloître-Saint-Thégonnec;53;29;0;0;0;0;0;0;0;0;0;0;0;0;0;0;0;0;0;0;0;1;2;0;0;0;1;0;0;2;0;0;0;0;0;0;0;0;0
29035;Coat-Méal;53;29;0;0;0;0;0;0;0;0;0;0;0;0;0;0;0;0;0;0;0;0;1;0;0;0;3;0;1;1;0;1;1;0;0;0;0;0;0
29036;Collorec;53;29;0;0;0;0;0;0;0;0;0;0;0;0;0;0;0;0;0;0;0;1;1;0;0;0;3;3;1;0;0;0;0;0;0;3;0;0;1
29037;Combrit;53;29;0;0;0;0;0;0;0;0;0;0;0;0;0;0;0;0;0;1;0;1;4;0;0;1;4;8;5;7;5;0;3;1;0;16;7;0;5
29038;Commana;53;29;0;0;0;0;0;0;0;0;0;0;0;0;0;0;0;0;0;0;0;1;0;0;0;0;3;0;3;5;1;0;1;0;0;3;0;0;0
29039;Concarneau;53;29;1;0;0;0;0;0;0;0;0;0;1;1;1;0;0;14;6;2;1;0;23;3;3;7;14;33;32;26;17;6;29;2;6;98;22;5;8
29040;Le Conquet;53;29;0;1;0;0;0;0;0;0;0;0;0;0;0;0;0;3;0;1;0;0;1;0;0;0;1;7;2;2;2;0;5;0;0;12;5;0;1
29041;Coray;53;29;0;0;0;0;0;0;0;0;0;0;0;0;0;0;0;2;2;1;0;0;4;0;0;1;3;3;7;2;2;3;4;0;0;3;1;0;0
29042;Crozon;53;29;0;1;0;0;0;0;0;0;0;0;1;1;0;0;0;7;1;1;1;1;11;2;0;3;9;12;19;19;7;2;10;3;0;31;10;2;6
29043;Daoulas;53;29;0;1;0;0;0;0;0;0;0;0;1;0;0;0;0;2;1;1;0;0;3;0;0;1;2;2;1;4;1;0;3;0;0;3;2;0;1
29044;Dinéault;53;29;0;0;0;0;0;0;0;0;0;0;0;0;0;0;0;0;0;0;0;1;1;0;0;0;1;1;4;3;0;0;3;0;0;0;0;0;1
29045;Dirinon;53;29;0;0;0;0;0;0;0;0;0;0;0;0;0;0;0;0;1;0;0;1;2;1;0;0;5;3;3;0;3;0;1;0;0;3;0;0;0
29046;Douarnenez;53;29;1;1;0;0;0;0;0;0;0;0;2;1;1;0;0;15;3;2;0;1;12;4;0;6;4;12;21;24;14;2;21;5;2;65;11;4;8
29047;Le Drennec;53;29;0;0;0;0;0;0;0;0;0;0;0;0;0;0;0;0;0;0;0;1;1;0;0;1;1;1;3;1;1;0;1;0;0;1;0;0;0
29048;Edern;53;29;0;0;0;0;0;0;0;0;0;0;0;0;0;0;0;0;1;0;0;1;6;0;0;1;4;5;10;3;1;0;3;0;0;3;0;1;0
29049;Elliant;53;29;0;0;0;0;0;0;0;0;0;0;0;0;0;0;0;2;1;1;0;0;2;0;0;1;3;4;3;7;3;0;2;0;0;2;0;0;0
29051;Ergué-Gabéric;53;29;0;0;0;0;0;0;0;0;0;0;0;0;1;0;0;4;1;1;0;1;19;1;0;2;10;13;15;19;4;2;12;2;0;10;3;2;3
29053;Le Faou;53;29;0;1;0;0;0;0;0;0;0;0;0;0;0;0;0;2;0;1;0;0;4;1;0;1;0;4;5;4;2;0;4;3;1;7;3;0;3
29054;La Feuillée;53;29;0;0;0;0;0;0;0;0;0;0;0;0;0;0;0;0;0;0;0;1;0;0;0;0;3;1;0;1;1;0;0;0;0;4;0;0;0
29055;Le Folgoët;53;29;0;0;0;0;0;0;0;0;0;0;0;0;0;0;0;2;0;0;0;1;2;0;0;1;2;1;5;4;1;3;9;0;0;4;3;1;2
29056;La Forest-Landerneau;53;29;0;0;0;0;0;0;0;0;0;0;0;0;0;0;0;0;0;0;0;0;2;0;0;0;4;2;0;2;1;0;2;0;0;1;1;0;0
29057;La Forêt-Fouesnant;53;29;0;0;0;0;0;0;0;0;0;0;0;0;0;0;0;1;0;1;0;0;2;0;0;0;4;6;7;2;4;1;6;1;0;18;3;2;0
29058;Fouesnant;53;29;0;1;0;0;0;0;0;0;0;0;1;0;1;0;0;9;3;1;1;0;11;2;0;3;7;15;18;12;12;3;14;4;0;46;16;1;7
29059;Garlan;53;29;0;0;0;0;0;0;0;0;0;0;0;0;0;0;0;0;0;0;0;1;3;0;0;0;0;2;1;3;4;1;2;0;0;0;0;0;0
29060;Gouesnach;53;29;0;0;0;0;0;0;0;0;0;0;0;0;0;0;0;0;1;0;0;0;0;0;0;0;3;6;2;4;0;0;3;0;0;2;2;1;0
29061;Gouesnou;53;29;0;0;0;0;0;0;0;0;0;0;0;0;1;0;0;4;1;1;0;0;8;1;1;3;11;14;9;13;8;2;6;1;1;10;2;0;2
29062;Gouézec;53;29;0;0;0;0;0;0;0;0;0;0;0;0;0;0;0;0;0;0;0;1;0;0;0;0;0;1;0;4;1;0;1;0;0;0;0;0;0
29063;Goulien;53;29;0;0;0;0;0;0;0;0;0;0;0;0;0;0;0;0;0;0;0;1;0;0;0;0;0;0;0;0;1;0;1;0;0;0;1;0;0
29064;Goulven;53;29;0;0;0;0;0;0;0;0;0;0;0;0;0;0;0;0;0;0;0;0;0;0;0;0;1;1;3;2;1;0;1;0;0;3;0;0;0
29065;Gourlizon;53;29;0;0;0;0;0;0;0;0;0;0;0;0;0;0;0;0;0;0;0;0;0;0;0;0;1;1;2;1;2;0;0;0;0;1;0;0;0
29066;Guengat;53;29;0;0;0;0;0;0;0;0;0;0;0;0;0;0;0;0;0;0;0;1;0;0;0;0;1;4;3;3;1;0;1;1;0;2;0;0;0
29067;Guerlesquin;53;29;0;0;0;0;0;0;0;0;0;0;0;0;0;0;0;2;0;1;0;0;3;0;0;0;1;3;4;6;1;0;3;6;0;3;1;0;0
29068;Guiclan;53;29;0;0;0;0;0;0;0;0;0;0;0;0;0;0;0;0;0;0;0;1;4;0;0;1;6;3;8;4;2;1;1;0;0;1;0;0;0
29069;Guilers;53;29;0;1;0;0;0;0;0;0;0;0;0;0;1;0;0;2;0;1;0;0;7;1;0;1;4;9;9;10;4;2;8;1;0;5;5;1;2
29070;Guiler-sur-Goyen;53;29;0;0;0;0;0;0;0;0;0;0;0;0;0;0;0;0;0;0;0;0;1;0;0;0;1;0;2;1;0;0;0;0;0;0;0;0;0
29071;Guilligomarc'h;53;29;0;0;0;0;0;0;0;0;0;0;0;0;0;0;0;0;0;0;0;0;0;0;0;0;0;1;2;3;1;1;0;0;0;1;0;0;0
29072;Guilvinec;53;29;0;1;0;0;0;0;0;0;0;0;0;0;0;0;0;6;2;1;0;0;4;0;0;1;2;5;2;5;4;2;9;1;0;17;2;2;4
29073;Guimaëc;53;29;0;0;0;0;0;0;0;0;0;0;0;0;0;0;0;0;0;0;0;1;2;0;0;0;2;2;5;1;1;0;1;0;0;1;0;0;0
29074;Guimiliau;53;29;0;0;0;0;0;0;0;0;0;0;0;0;0;0;0;0;0;0;0;1;0;0;0;0;0;2;3;1;1;0;1;0;0;1;0;0;0
29075;Guipavas;53;29;0;1;0;0;0;0;0;0;0;0;1;0;0;0;0;11;1;1;1;0;16;2;6;6;14;18;34;15;19;0;16;2;2;23;7;1;3
29076;Guipronvel;53;29;0;0;0;0;0;0;0;0;0;0;0;0;0;0;0;0;0;0;0;0;1;0;0;0;2;1;0;0;1;1;1;0;0;1;0;0;0
29077;Guissény;53;29;0;0;0;0;0;0;0;0;0;0;0;0;0;0;0;0;0;1;0;0;4;0;0;0;7;1;6;0;4;1;2;0;0;1;4;0;0
29078;Hanvec;53;29;0;0;0;0;0;0;0;0;0;0;0;0;0;0;0;0;2;0;1;0;4;1;0;0;1;7;3;6;1;1;1;0;0;2;0;0;0
29079;Henvic;53;29;0;0;0;0;0;0;0;0;0;0;0;0;0;0;0;0;0;0;1;0;3;0;0;0;1;1;3;1;3;0;2;0;0;0;0;0;0
29080;Hôpital-Camfrout;53;29;0;0;0;0;0;0;0;0;0;0;0;0;0;0;0;0;0;1;0;0;2;0;0;0;1;3;5;3;2;0;2;0;0;4;0;0;1
29081;Huelgoat;53;29;0;1;0;0;0;0;0;0;0;0;0;0;1;0;0;3;0;1;0;0;3;0;0;1;1;1;1;4;2;1;4;0;0;12;2;1;1
29082;Île-de-Batz;53;29;0;0;0;0;0;0;0;0;0;0;0;0;0;0;0;0;0;1;0;0;1;0;0;0;0;1;0;0;2;0;0;0;0;6;0;1;0
29083;Île-de-Sein;53;29;0;0;0;0;0;0;0;0;0;0;0;0;0;0;0;1;0;0;0;1;0;0;0;0;0;0;0;0;0;0;0;0;0;5;0;0;0
29084;Île-Molène;53;29;0;0;0;0;0;0;0;0;0;0;0;0;0;0;0;0;0;0;0;1;0;0;0;0;1;0;0;1;1;0;0;0;0;3;0;0;0
29085;Île-Tudy;53;29;0;0;0;0;0;0;0;0;0;0;0;0;0;0;0;0;0;0;0;1;1;0;0;0;0;1;1;0;1;0;3;0;0;9;0;0;0
29086;Irvillac;53;29;0;0;0;0;0;0;0;0;0;0;0;0;0;0;0;0;0;0;0;1;1;0;0;0;3;0;6;1;1;1;2;0;0;2;0;0;0
29087;Le Juch;53;29;0;0;0;0;0;0;0;0;0;0;0;0;0;0;0;0;0;0;0;0;1;0;0;0;3;0;1;2;0;0;1;0;0;0;0;0;0
29089;Kergloff;53;29;0;0;0;0;0;0;0;0;0;0;0;0;0;0;0;0;0;0;0;0;1;0;0;0;1;3;1;1;2;0;2;0;0;1;0;0;0
29090;Kerlaz;53;29;0;0;0;0;0;0;0;0;0;0;0;0;0;0;0;0;0;0;0;0;0;0;0;0;0;3;0;1;1;0;1;0;0;1;0;0;0
29091;Kerlouan;53;29;0;0;0;0;0;0;0;0;0;0;0;0;0;0;0;2;0;1;0;0;0;0;0;0;0;0;5;2;1;0;2;0;0;4;1;0;1
29093;Kernilis;53;29;0;0;0;0;0;0;0;0;0;0;0;0;0;0;0;0;0;0;0;1;2;0;0;0;2;1;1;7;2;0;1;0;0;0;0;0;0
29094;Kernouës;53;29;0;0;0;0;0;0;0;0;0;0;0;0;0;0;0;0;0;0;0;0;0;0;0;0;0;0;3;0;0;1;0;0;0;1;1;0;0
29095;Kersaint-Plabennec;53;29;0;0;0;0;0;0;0;0;0;0;0;0;0;0;0;0;0;0;0;0;2;0;1;0;0;2;3;0;0;0;2;1;0;1;0;0;2
29097;Lampaul-Guimiliau;53;29;0;0;0;0;0;0;0;0;0;0;0;0;0;0;0;0;0;0;0;1;3;0;0;0;2;1;3;2;1;0;2;0;0;4;0;0;1
29098;Lampaul-Plouarzel;53;29;0;0;0;0;0;0;0;0;0;0;0;0;0;0;0;1;0;1;0;0;0;0;0;0;1;0;3;3;0;0;1;0;0;5;0;0;0
29099;Lampaul-Ploudalmézeau;53;29;0;0;0;0;0;0;0;0;0;0;0;0;0;0;0;0;0;0;0;0;1;0;0;0;0;3;0;2;1;0;1;0;0;0;0;0;0
29100;Lanarvily;53;29;0;0;0;0;0;0;0;0;0;0;0;0;0;0;0;0;0;0;0;0;0;0;0;0;0;0;1;0;2;0;0;0;0;0;0;0;0
29101;Landéda;53;29;0;0;0;0;0;0;0;0;0;0;0;0;0;0;0;1;0;1;0;0;1;0;0;0;5;2;8;3;1;0;2;0;0;17;0;0;5
29102;Landeleau;53;29;0;0;0;0;0;0;0;0;0;0;0;0;0;0;0;0;0;0;0;1;1;0;0;0;1;1;2;2;1;0;3;0;0;1;0;0;0
29103;Landerneau;53;29;1;1;0;0;0;0;0;0;0;0;1;1;2;0;0;11;3;1;0;1;21;2;1;8;14;12;11;10;10;7;17;5;10;33;7;3;8
29104;Landévennec;53;29;0;0;0;0;0;0;0;0;0;0;0;0;0;0;0;0;0;0;0;0;0;0;0;0;0;0;0;0;0;0;0;0;0;1;0;0;0
29105;Landivisiau;53;29;0;1;0;0;0;0;0;0;0;0;1;0;1;0;0;8;4;1;0;0;19;4;1;3;6;11;13;10;7;2;19;6;11;18;6;5;5
29106;Landrévarzec;53;29;0;0;0;0;0;0;0;0;0;0;0;0;0;0;0;0;1;0;0;1;3;0;0;0;1;2;1;4;0;1;3;0;0;2;0;0;1
29107;Landudal;53;29;0;0;0;0;0;0;0;0;0;0;0;0;0;0;0;0;0;0;0;0;0;0;0;0;0;2;5;3;1;1;1;0;0;1;0;0;0
29108;Landudec;53;29;0;0;0;0;0;0;0;0;0;0;0;0;0;0;0;0;0;0;0;1;1;0;0;1;0;2;3;1;1;0;3;0;0;4;1;0;2
29109;Landunvez;53;29;0;0;0;0;0;0;0;0;0;0;0;0;0;0;0;0;0;0;0;1;0;0;0;2;0;3;1;0;0;0;1;0;0;2;1;0;2
29110;Langolen;53;29;0;0;0;0;0;0;0;0;0;0;0;0;0;0;0;0;0;0;0;1;0;0;0;0;1;1;2;1;1;0;0;0;0;2;0;0;0
29111;Lanhouarneau;53;29;0;0;0;0;0;0;0;0;0;0;0;0;0;0;0;0;0;0;0;1;1;0;0;0;2;2;3;2;1;0;1;0;0;1;0;0;0
29112;Lanildut;53;29;0;0;0;0;0;0;0;0;0;0;0;0;0;0;0;0;0;0;0;1;0;0;0;0;2;1;0;1;0;0;2;0;0;4;0;0;0
29113;Lanmeur;53;29;0;1;0;0;0;0;0;0;0;0;1;0;0;0;0;3;2;1;0;0;2;1;0;1;4;4;7;4;3;0;5;2;0;3;0;0;1
29114;Lannéanou;53;29;0;0;0;0;0;0;0;0;0;0;0;0;0;0;0;0;0;0;0;1;0;0;0;0;3;0;1;0;0;0;0;0;0;1;0;0;0
29115;Lannédern;53;29;0;0;0;0;0;0;0;0;0;0;0;0;0;0;0;0;1;0;0;1;1;0;0;0;0;1;0;0;0;0;0;0;0;1;0;0;0
29116;Lanneuffret;53;29;0;0;0;0;0;0;0;0;0;0;0;0;0;0;0;0;0;0;0;0;0;0;0;0;0;0;0;1;0;0;0;0;0;0;0;0;0
29117;Lannilis;53;29;0;1;0;0;0;0;0;0;0;0;1;0;0;0;0;3;2;1;0;0;9;1;0;3;5;7;11;7;6;4;8;1;0;12;6;1;2
29119;Lanrivoaré;53;29;0;0;0;0;0;0;0;0;0;0;0;0;1;0;0;0;0;0;0;0;0;0;0;0;0;0;2;1;1;0;3;0;0;1;0;0;0
29120;Lanvéoc;53;29;0;0;0;0;0;0;0;0;0;0;0;0;0;0;0;0;0;1;0;0;1;0;0;1;2;3;2;4;2;0;2;0;0;3;0;0;0
29122;Laz;53;29;0;0;0;0;0;0;0;0;0;0;0;0;0;0;0;0;0;0;0;1;0;0;0;0;1;1;1;0;0;0;1;0;0;1;0;0;0
29123;Lennon;53;29;0;0;0;0;0;0;0;0;0;0;0;0;0;0;0;0;1;0;0;1;2;0;0;0;2;2;1;0;1;0;1;0;0;0;0;0;0
29124;Lesneven;53;29;0;1;0;0;0;0;0;0;0;0;1;0;1;0;0;6;2;1;0;0;10;2;0;4;4;16;11;6;6;4;11;4;0;17;6;2;3
29125;Leuhan;53;29;0;0;0;0;0;0;0;0;0;0;0;0;0;0;0;0;0;0;0;1;3;0;0;0;0;1;2;0;0;0;0;0;0;1;0;0;0
29126;Loc-Brévalaire;53;29;0;0;0;0;0;0;0;0;0;0;0;0;0;0;0;0;0;0;0;0;0;0;0;0;0;0;0;0;0;0;0;0;0;0;0;0;0
29128;Loc-Eguiner;53;29;0;0;0;0;0;0;0;0;0;0;0;0;0;0;0;0;0;0;0;0;0;0;0;0;1;0;0;1;0;0;1;0;0;0;0;0;0
29129;Locmaria-Berrien;53;29;0;0;0;0;0;0;0;0;0;0;0;0;0;0;0;0;0;0;0;0;0;0;0;0;0;0;0;0;0;0;0;3;0;1;0;0;0
29130;Locmaria-Plouzané;53;29;0;0;0;0;0;0;0;0;0;0;0;0;0;0;0;1;0;1;0;0;5;0;0;1;5;7;7;9;2;2;4;0;0;11;1;0;2
29131;Locmélar;53;29;0;0;0;0;0;0;0;0;0;0;0;0;0;0;0;0;0;0;0;0;0;0;0;0;0;0;1;0;0;0;0;0;0;0;0;0;0
29132;Locquénolé;53;29;0;0;0;0;0;0;0;0;0;0;0;0;0;0;0;0;0;0;1;0;0;0;0;0;0;1;2;2;1;0;0;0;0;1;1;0;0
29133;Locquirec;53;29;0;0;0;0;0;0;0;0;0;0;0;0;0;0;0;0;0;1;0;0;2;0;0;0;1;1;1;4;2;1;2;0;0;13;4;0;1
29134;Locronan;53;29;0;1;0;0;0;0;0;0;0;0;0;0;0;0;0;0;1;1;0;0;1;0;0;0;2;2;0;2;0;0;1;0;0;9;0;0;0
29135;Loctudy;53;29;0;0;0;0;0;0;0;0;0;0;0;0;0;0;0;3;0;1;0;0;2;0;0;0;4;2;5;7;1;0;5;1;0;16;2;0;3
29136;Locunolé;53;29;0;0;0;0;0;0;0;0;0;0;0;0;0;0;0;0;0;0;0;1;1;0;0;0;1;0;4;4;1;0;1;0;0;1;0;0;0
29137;Logonna-Daoulas;53;29;0;0;0;0;0;0;0;0;0;0;0;0;0;0;0;0;0;0;1;0;0;0;0;0;2;1;3;3;1;0;2;1;0;2;0;0;0
29139;Lopérec;53;29;0;0;0;0;0;0;0;0;0;0;0;0;0;0;0;0;0;0;1;0;1;0;0;0;0;0;0;2;1;0;1;0;0;3;0;0;0
29140;Loperhet;53;29;0;0;0;0;0;0;0;0;0;0;0;0;0;0;0;2;0;1;0;0;4;0;0;1;5;7;6;3;7;1;4;0;0;4;3;0;1
29141;Loqueffret;53;29;0;0;0;0;0;0;0;0;0;0;0;0;0;0;0;0;1;0;0;1;1;0;0;0;1;0;2;2;0;0;0;0;0;0;0;0;0
29142;Lothey;53;29;0;0;0;0;0;0;0;0;0;0;0;0;0;0;0;0;1;0;0;0;0;0;0;0;1;0;0;0;0;0;0;0;0;0;0;0;0
29143;Mahalon;53;29;0;0;0;0;0;0;0;0;0;0;0;0;0;0;0;0;1;0;0;1;2;0;0;0;1;3;3;1;3;1;1;0;0;3;0;0;1
29144;La Martyre;53;29;0;0;0;0;0;0;0;0;0;0;0;0;0;0;0;0;0;0;0;0;1;0;0;0;3;2;1;1;1;0;0;0;0;2;0;0;0
29145;Confort-Meilars;53;29;0;0;0;0;0;0;0;0;0;0;0;0;0;0;0;0;1;0;0;1;3;0;0;0;0;2;2;0;1;0;2;0;0;4;0;0;0
29146;Melgven;53;29;0;0;0;0;0;0;0;0;0;0;0;0;0;0;0;2;0;1;0;0;7;0;0;1;4;7;3;1;5;0;6;0;0;6;1;0;2
29147;Mellac;53;29;0;0;0;0;0;0;0;0;0;0;0;0;0;0;0;1;1;1;0;0;4;1;0;1;4;5;8;3;3;3;3;0;0;10;3;1;2
29148;Mespaul;53;29;0;0;0;0;0;0;0;0;0;0;0;0;0;0;0;0;0;0;0;0;3;0;0;0;0;0;1;1;1;0;1;0;0;1;0;0;0
29149;Milizac;53;29;0;0;0;0;0;0;0;0;0;0;0;0;0;0;0;2;0;1;0;0;3;0;0;1;2;11;6;9;0;1;5;0;0;6;2;0;1
29150;Moëlan-sur-Mer;53;29;0;1;0;0;0;0;0;0;0;0;0;0;0;0;0;4;2;1;0;1;6;1;0;1;5;4;12;12;6;2;10;2;0;15;4;1;3
29151;Morlaix;53;29;1;0;0;0;1;1;0;0;0;0;6;1;6;0;0;15;1;2;0;1;17;3;4;9;9;27;12;14;12;3;28;3;8;65;13;5;9
29152;Motreff;53;29;0;0;0;0;0;0;0;0;0;0;0;0;0;0;0;0;0;0;0;0;1;0;0;0;2;0;0;0;2;0;0;0;0;2;0;0;1
29153;Névez;53;29;0;0;0;0;0;0;0;0;0;0;0;0;0;0;0;1;0;1;0;0;5;0;0;2;2;8;6;7;7;0;3;0;0;10;2;0;1
29155;Ouessant;53;29;0;0;0;0;0;0;0;0;0;0;0;0;0;0;0;3;1;1;0;0;2;0;0;0;3;1;0;0;1;0;2;1;0;9;0;0;0
29156;Pencran;53;29;0;0;0;0;0;0;0;0;0;0;0;0;0;0;0;0;0;0;0;0;1;0;0;0;0;4;3;1;1;0;3;0;0;1;1;0;0
29158;Penmarch;53;29;0;0;0;0;0;0;0;0;0;0;0;0;0;0;0;4;1;1;1;0;5;0;0;2;7;5;10;8;7;1;9;0;0;20;2;0;1
29159;Peumerit;53;29;0;0;0;0;0;0;0;0;0;0;0;0;0;0;0;0;0;0;0;0;0;0;0;0;0;1;3;2;1;0;1;0;0;1;0;0;1
29160;Plabennec;53;29;0;1;0;0;0;0;0;0;0;0;1;0;1;0;0;5;1;1;0;0;11;2;0;3;12;16;19;15;7;4;8;3;0;4;2;1;4
29161;Pleuven;53;29;0;0;0;0;0;0;0;0;0;0;0;0;0;0;0;1;2;0;0;1;2;0;0;0;7;4;6;5;4;1;2;0;0;8;1;1;1
29162;Pleyben;53;29;0;1;0;0;0;0;0;0;0;0;1;0;0;0;0;2;2;1;0;0;5;1;0;1;4;5;9;6;6;1;5;3;1;10;2;1;2
29163;Pleyber-Christ;53;29;0;1;0;0;0;0;0;0;0;0;0;0;0;0;0;2;0;1;0;0;3;0;0;1;3;3;5;6;4;0;4;3;0;3;0;0;1
29165;Plobannalec-Lesconil;53;29;0;0;0;0;0;0;0;0;0;0;0;0;0;0;0;2;0;1;1;0;2;0;0;0;3;6;7;3;4;1;4;0;0;10;1;1;2
29166;Ploéven;53;29;0;0;0;0;0;0;0;0;0;0;0;0;0;0;0;0;1;0;0;0;0;0;0;0;1;3;1;0;1;0;1;0;0;1;0;0;0
29167;Plogastel-Saint-Germain;53;29;0;1;0;0;0;0;0;0;0;0;1;0;0;0;0;1;1;1;0;0;2;0;0;1;1;2;6;10;2;0;3;0;0;1;1;0;1
29168;Plogoff;53;29;0;0;0;0;0;0;0;0;0;0;0;0;0;0;0;1;0;1;0;0;1;0;0;0;2;0;2;3;1;0;1;0;0;11;0;0;0
29169;Plogonnec;53;29;0;0;0;0;0;0;0;0;0;0;0;0;0;0;0;2;2;1;0;0;4;1;0;1;1;2;8;5;2;1;6;3;0;3;1;0;1
29170;Plomelin;53;29;0;0;0;0;0;0;0;0;0;0;0;0;0;0;0;2;0;1;0;0;4;0;0;1;4;9;6;9;7;3;5;0;0;3;2;1;2
29171;Plomeur;53;29;0;0;0;0;0;0;0;0;0;0;0;0;0;0;0;1;2;1;0;0;7;2;0;1;5;14;10;10;3;0;5;1;0;13;3;0;2
29172;Plomodiern;53;29;0;0;0;0;0;0;0;0;0;0;0;0;0;0;0;1;1;1;0;0;4;0;0;1;3;0;3;6;0;2;1;0;0;8;2;0;0
29173;Plonéis;53;29;0;0;0;0;0;0;0;0;0;0;0;0;0;0;0;0;0;0;0;1;2;0;0;1;3;4;6;2;4;0;2;0;0;2;0;0;0
29174;Plonéour-Lanvern;53;29;0;0;0;0;0;0;0;0;0;0;0;0;0;0;0;3;3;1;0;0;8;1;0;2;12;14;11;10;13;1;7;3;0;12;1;1;2
29175;Plonévez-du-Faou;53;29;0;0;0;0;0;0;0;0;0;0;0;0;0;0;0;2;0;1;0;0;4;0;0;0;3;4;4;4;2;3;3;3;0;1;1;0;0
29176;Plonévez-Porzay;53;29;0;0;0;0;0;0;0;0;0;0;0;0;0;0;0;2;1;1;0;0;2;0;0;1;4;2;1;3;1;0;5;3;0;10;1;0;2
29177;Plouarzel;53;29;0;0;0;0;0;0;0;0;0;0;0;0;0;0;0;2;1;1;0;0;3;0;0;2;2;2;10;5;1;1;3;0;0;6;2;0;4
29178;Ploudalmézeau;53;29;0;1;0;0;0;0;0;0;0;0;1;0;0;0;0;5;0;1;0;1;8;1;0;2;6;5;9;7;4;1;9;4;0;14;5;2;2
29179;Ploudaniel;53;29;0;0;0;0;0;0;0;0;0;0;0;0;0;0;0;2;0;1;0;0;9;1;0;1;7;4;17;9;5;2;6;0;0;4;1;0;3
29180;Ploudiry;53;29;0;0;0;0;0;0;0;0;0;0;0;0;0;0;0;0;0;0;0;1;1;0;0;0;2;0;1;0;0;0;1;0;0;1;0;0;0
29181;Plouédern;53;29;0;0;0;0;0;0;0;0;0;0;0;0;0;0;0;0;0;0;0;1;3;1;0;0;4;7;9;5;8;3;3;0;0;2;2;0;1
29182;Plouégat-Guérand;53;29;0;0;0;0;0;0;0;0;0;0;0;0;0;0;0;0;0;0;0;1;1;0;0;0;2;2;2;2;1;0;1;0;0;4;0;0;0
29183;Plouégat-Moysan;53;29;0;0;0;0;0;0;0;0;0;0;0;0;0;0;0;0;0;0;0;1;0;0;0;1;0;1;3;0;2;0;0;0;0;1;1;0;0
29184;Plouénan;53;29;0;0;0;0;0;0;0;0;0;0;0;0;0;0;0;2;0;1;0;0;1;0;0;0;3;1;5;0;2;0;3;0;0;4;0;0;2
29185;Plouescat;53;29;0;1;0;0;0;0;0;0;0;0;0;0;0;0;0;3;2;1;0;0;7;0;0;3;5;5;5;3;3;0;5;0;0;16;3;0;2
29186;Plouezoc'h;53;29;0;0;0;0;0;0;0;0;0;0;0;0;0;0;0;0;0;1;0;0;1;0;0;0;1;0;3;2;2;0;4;0;0;4;1;0;0
29187;Plougar;53;29;0;0;0;0;0;0;0;0;0;0;0;0;0;0;0;0;0;0;0;0;0;0;0;0;0;0;1;2;0;0;1;0;0;2;0;0;0
29188;Plougasnou;53;29;0;0;0;0;0;0;0;0;0;0;0;0;0;0;0;4;0;1;0;0;4;0;0;1;3;3;5;0;3;0;5;0;0;7;5;1;1
29189;Plougastel-Daoulas;53;29;0;1;0;0;0;0;0;0;0;0;0;0;0;0;0;7;2;1;0;0;10;2;0;2;13;12;14;11;8;1;13;4;0;20;3;2;7
29190;Plougonvelin;53;29;0;0;0;0;0;0;0;0;0;0;0;0;0;0;0;3;0;1;0;0;4;1;0;1;3;9;3;3;3;0;5;0;0;8;3;0;2
29191;Plougonven;53;29;0;0;0;0;0;0;0;0;0;0;0;0;0;0;0;0;1;1;0;0;4;0;1;1;5;4;10;4;6;0;4;0;0;6;0;0;0
29192;Plougoulm;53;29;0;0;0;0;0;0;0;0;0;0;0;0;0;0;0;0;0;0;0;1;4;0;0;0;2;4;2;7;1;0;3;0;0;3;0;0;0
29193;Plougourvest;53;29;0;0;0;0;0;0;0;0;0;0;0;0;0;0;0;0;0;0;0;1;1;0;0;0;0;1;4;1;0;1;1;0;0;0;0;0;0
29195;Plouguerneau;53;29;0;0;0;0;0;0;0;0;0;0;0;0;0;0;0;3;1;1;0;0;5;0;0;1;5;7;9;7;3;0;10;1;0;9;5;1;4
29196;Plouguin;53;29;0;0;0;0;0;0;0;0;0;0;0;0;0;0;0;1;0;0;0;1;3;0;0;0;3;2;4;4;3;0;3;0;0;1;0;0;1
29197;Plouhinec;53;29;0;0;0;0;0;0;0;0;0;0;0;0;0;0;0;1;1;1;0;1;11;1;0;2;3;2;3;6;6;1;4;3;0;6;3;0;1
29198;Plouider;53;29;0;0;0;0;0;0;0;0;0;0;0;0;0;0;0;0;1;0;0;1;0;0;0;0;0;3;7;4;3;2;2;0;0;1;0;0;3
29199;Plouigneau;53;29;0;1;0;0;0;0;0;0;0;0;0;0;0;0;0;2;1;1;0;0;9;0;0;1;4;7;12;6;4;1;6;1;0;6;0;1;1
29201;Ploumoguer;53;29;0;0;0;0;0;0;0;0;0;0;0;0;0;0;0;0;0;0;0;1;2;0;0;0;0;1;6;3;2;0;2;0;0;4;1;0;1
29202;Plounéour-Ménez;53;29;0;0;0;0;0;0;0;0;0;0;0;0;0;0;0;0;0;1;0;0;2;0;0;0;1;1;1;3;3;0;1;1;0;2;0;0;0
29203;Plounéour-Trez;53;29;0;0;0;0;0;0;0;0;0;0;0;0;0;0;0;0;0;0;1;0;2;0;0;0;0;0;4;2;0;1;2;0;0;3;0;0;0
29204;Plounéventer;53;29;0;0;0;0;0;0;0;0;0;0;0;0;0;0;0;0;0;0;0;1;0;0;0;0;4;0;3;2;1;0;2;0;0;2;0;0;3
29205;Plounévézel;53;29;0;0;0;0;0;0;0;0;0;0;0;0;0;0;0;0;0;0;0;0;1;0;0;0;2;0;3;1;0;0;5;0;0;2;0;0;1
29206;Plounévez-Lochrist;53;29;0;0;0;0;0;0;0;0;0;0;0;0;0;0;0;3;0;0;0;1;4;0;0;0;1;3;2;7;2;1;1;0;0;3;1;1;0
29207;Plourin-lès-Morlaix;53;29;0;1;0;0;0;0;0;0;0;0;0;0;0;0;0;1;1;1;0;0;4;0;0;1;3;5;8;3;4;0;3;0;0;4;0;0;0
29208;Plourin;53;29;0;0;0;0;0;0;0;0;0;0;0;0;0;0;0;0;0;0;0;1;2;0;0;0;1;2;6;4;0;0;1;0;0;1;0;0;0
29209;Plouvien;53;29;0;0;0;0;0;0;0;0;0;0;0;0;0;0;0;1;0;1;0;0;2;0;0;1;2;4;7;5;2;0;3;0;0;2;1;0;0
29210;Plouvorn;53;29;0;0;0;0;0;0;0;0;0;0;0;0;0;0;0;2;0;1;0;0;2;1;0;1;2;4;10;4;2;2;3;0;0;3;1;0;1
29211;Plouyé;53;29;0;0;0;0;0;0;0;0;0;0;0;0;0;0;0;0;0;0;0;0;0;0;0;0;1;1;1;0;0;1;0;1;0;1;0;0;0
29212;Plouzané;53;29;0;1;0;0;0;0;0;0;0;0;0;0;0;0;0;5;0;1;0;0;13;1;0;2;1;15;6;18;4;0;11;1;0;9;5;2;3
29213;Plouzévédé;53;29;0;1;0;0;0;0;0;0;0;0;0;0;0;0;0;2;0;0;0;1;5;0;0;0;3;3;2;4;2;0;5;2;0;4;0;0;0
29214;Plovan;53;29;0;0;0;0;0;0;0;0;0;0;0;0;0;0;0;0;0;0;0;0;1;0;0;0;1;0;3;1;2;0;0;0;0;1;0;0;0
29215;Plozévet;53;29;0;0;0;0;0;0;0;0;0;0;0;0;0;0;0;2;0;1;0;0;6;0;0;1;7;2;10;6;4;2;4;0;0;9;0;0;2
29216;Pluguffan;53;29;0;0;0;0;0;0;0;0;0;0;0;0;0;0;0;2;1;1;0;0;4;0;3;2;7;6;6;7;5;4;4;2;0;4;3;1;1
29217;Pont-Aven;53;29;0;1;0;0;0;0;0;0;0;0;0;0;0;0;0;3;1;1;0;0;3;0;1;0;2;7;3;6;3;1;5;1;0;24;3;0;1
29218;Pont-Croix;53;29;0;0;0;0;0;0;0;0;0;0;1;0;0;0;0;3;0;1;0;0;6;0;0;0;2;3;3;4;0;2;3;2;0;6;3;0;2
29219;Le Ponthou;53;29;0;0;0;0;0;0;0;0;0;0;0;0;0;0;0;0;0;0;0;1;0;0;0;0;0;0;0;1;2;0;0;0;0;1;0;0;0
29220;Pont-l'Abbé;53;29;0;1;0;0;0;0;0;0;0;0;1;1;1;0;0;10;2;1;0;0;7;1;0;3;8;13;14;10;10;12;16;1;0;22;16;3;7
29221;Porspoder;53;29;0;0;0;0;0;0;0;0;0;0;0;0;0;0;0;1;0;0;0;1;0;0;0;1;2;4;1;4;3;0;2;0;0;6;1;0;1
29222;Port-Launay;53;29;0;0;0;0;0;0;0;0;0;0;0;0;0;0;0;0;1;0;0;1;1;0;0;0;0;1;1;1;0;0;1;0;0;2;0;0;0
29224;Pouldergat;53;29;0;0;0;0;0;0;0;0;0;0;0;0;0;0;0;0;1;0;0;1;2;0;0;0;2;2;0;0;0;0;1;0;0;0;0;0;0
29225;Pouldreuzic;53;29;0;0;0;0;0;0;0;0;0;0;0;0;0;0;0;1;0;1;0;0;4;1;0;0;5;6;5;4;2;0;3;0;0;5;1;0;2
29226;Poullan-sur-Mer;53;29;0;0;0;0;0;0;0;0;0;0;0;0;0;0;0;0;1;0;0;1;2;0;0;0;2;4;2;8;2;1;2;0;0;2;0;0;0
29227;Poullaouen;53;29;0;0;0;0;0;0;0;0;0;0;0;0;0;0;0;0;0;1;0;0;2;0;0;1;5;1;1;4;2;0;3;0;0;2;0;0;0
29228;Primelin;53;29;0;0;0;0;0;0;0;0;0;0;0;0;0;0;0;0;0;0;0;1;0;0;0;0;0;2;0;1;0;1;2;0;0;1;0;0;0
29229;Quéménéven;53;29;0;0;0;0;0;0;0;0;0;0;0;0;0;0;0;0;0;0;0;1;3;0;0;0;0;1;5;0;1;0;1;0;0;2;1;0;0
29230;Querrien;53;29;0;0;0;0;0;0;0;0;0;0;0;0;0;0;0;0;1;1;0;0;3;0;0;0;3;3;5;1;1;0;1;0;0;2;0;0;0
29232;Quimper;53;29;1;0;0;1;1;1;1;0;0;0;18;2;5;0;0;61;8;6;0;0;68;7;8;19;84;126;73;74;49;29;100;10;31;227;85;13;43
29233;Quimperlé;53;29;0;1;0;0;0;0;0;0;0;0;2;1;2;0;0;10;4;2;0;0;26;2;1;5;14;15;15;18;9;5;20;3;10;41;11;3;11
29234;Rédené;53;29;0;0;0;0;0;0;0;0;0;0;0;0;0;0;0;0;0;0;0;1;6;0;0;1;3;4;4;8;1;0;3;0;0;6;0;0;2
29235;Le Relecq-Kerhuon;53;29;0;1;0;0;0;0;0;0;0;0;0;0;2;0;0;11;1;1;0;1;3;1;1;2;9;7;7;13;5;2;12;1;1;12;10;4;6
29236;Riec-sur-Bélon;53;29;0;0;0;0;0;0;0;0;0;0;0;0;0;0;0;2;3;1;0;0;5;1;1;1;5;6;6;11;3;2;4;0;0;9;4;1;3
29237;La Roche-Maurice;53;29;0;0;0;0;0;0;0;0;0;0;0;0;0;0;0;0;0;0;1;0;1;1;0;0;6;3;4;4;1;0;2;0;0;3;0;0;1
29238;Roscanvel;53;29;0;0;0;0;0;0;0;0;0;0;0;0;0;0;0;0;0;0;0;1;0;0;0;0;0;0;1;1;2;0;1;0;0;2;0;0;1
29239;Roscoff;53;29;0;0;0;0;0;0;0;0;0;0;0;0;0;0;0;3;0;1;0;0;1;0;1;1;0;0;4;1;0;1;5;0;0;23;2;2;4
29240;Rosnoën;53;29;0;0;0;0;0;0;0;0;0;0;0;0;0;0;0;0;0;0;0;0;0;0;0;0;2;2;1;2;1;0;0;0;0;2;0;0;0
29241;Rosporden;53;29;0;1;0;0;0;0;0;0;0;0;1;0;1;0;0;6;5;1;0;1;13;3;0;3;9;11;14;9;7;2;7;4;2;15;4;2;2
29243;Saint-Coulitz;53;29;0;0;0;0;0;0;0;0;0;0;0;0;0;0;0;0;1;0;0;0;0;0;0;0;0;0;0;1;0;0;0;0;0;0;0;0;0
29244;Saint-Derrien;53;29;0;0;0;0;0;0;0;0;0;0;0;0;0;0;0;0;0;0;0;0;2;0;0;0;0;0;0;3;0;0;0;0;0;1;0;0;0
29245;Saint-Divy;53;29;0;0;0;0;0;0;0;0;0;0;0;0;0;0;0;0;0;0;0;0;1;0;0;0;0;3;2;2;0;0;2;0;0;0;0;0;1
29246;Saint-Eloy;53;29;0;0;0;0;0;0;0;0;0;0;0;0;0;0;0;0;0;0;0;0;0;0;0;0;0;1;0;0;0;0;0;0;0;0;0;0;0
29247;Saint-Évarzec;53;29;0;0;0;0;0;0;0;0;0;0;0;0;0;0;0;0;1;1;0;0;5;1;0;1;5;4;12;11;3;2;2;0;2;7;2;0;1
29248;Saint-Frégant;53;29;0;0;0;0;0;0;0;0;0;0;0;0;0;0;0;0;0;0;0;0;0;0;0;0;1;1;0;1;1;0;0;0;0;2;0;0;0
29249;Saint-Goazec;53;29;0;0;0;0;0;0;0;0;0;0;0;0;0;0;0;0;0;0;0;1;1;0;0;0;2;0;1;2;1;0;0;0;0;0;0;0;0
29250;Saint-Hernin;53;29;0;0;0;0;0;0;0;0;0;0;0;0;0;0;0;0;0;0;0;1;0;0;0;0;2;1;2;2;2;0;1;0;0;2;0;0;0
29251;Saint-Jean-du-Doigt;53;29;0;0;0;0;0;0;0;0;0;0;0;0;0;0;0;0;0;0;0;1;0;0;0;0;0;2;1;1;0;1;1;0;0;2;1;0;1
29252;Saint-Jean-Trolimon;53;29;0;0;0;0;0;0;0;0;0;0;0;0;0;0;0;0;0;0;0;0;1;0;0;0;1;6;5;1;1;0;0;0;0;3;0;0;0
29254;Saint-Martin-des-Champs;53;29;0;0;0;0;0;0;0;0;0;0;1;0;0;0;0;5;2;1;0;0;13;3;0;0;3;6;9;2;6;1;10;4;2;13;1;2;3
29255;Saint-Méen;53;29;0;0;0;0;0;0;0;0;0;0;0;0;0;0;0;0;0;0;0;0;1;0;0;0;0;0;3;0;0;0;1;0;0;2;0;0;1
29256;Saint-Nic;53;29;0;0;0;0;0;0;0;0;0;0;0;0;0;0;0;0;0;0;0;1;1;0;0;0;1;1;1;0;0;1;1;0;0;5;1;0;0
29257;Saint-Pabu;53;29;0;0;0;0;0;0;0;0;0;0;0;0;0;0;0;0;0;0;1;0;1;0;0;0;3;3;3;1;2;0;1;0;0;3;0;0;1
29259;Saint-Pol-de-Léon;53;29;0;1;0;0;0;0;0;0;0;0;1;0;1;0;0;11;3;1;0;0;11;2;0;3;5;8;9;8;5;2;13;5;1;32;5;3;2
29260;Saint-Renan;53;29;0;1;0;0;0;0;0;0;0;0;1;0;0;0;0;7;2;1;0;0;7;1;0;2;3;10;17;9;6;0;10;9;0;13;7;2;6
29261;Saint-Rivoal;53;29;0;0;0;0;0;0;0;0;0;0;0;0;0;0;0;0;0;0;0;0;0;0;0;0;0;0;1;0;0;0;0;0;0;1;0;0;0
29262;Saint-Sauveur;53;29;0;0;0;0;0;0;0;0;0;0;0;0;0;0;0;0;0;0;1;0;1;0;0;0;0;2;1;1;1;0;0;0;0;1;0;0;0
29263;Saint-Ségal;53;29;0;0;0;0;0;0;0;0;0;0;0;0;0;0;0;0;1;0;0;0;1;0;0;0;0;2;2;2;1;0;1;0;0;1;0;0;0
29264;Saint-Servais;53;29;0;0;0;0;0;0;0;0;0;0;0;0;0;0;0;0;0;0;0;0;0;0;0;0;2;1;4;0;1;0;0;0;0;0;0;0;0
29265;Sainte-Sève;53;29;0;0;0;0;0;0;0;0;0;0;0;0;0;0;0;0;0;0;0;0;6;0;0;0;1;2;1;0;5;1;0;0;0;1;0;0;0
29266;Saint-Thégonnec Loc-Eguiner;53;29;0;0;0;0;0;0;0;0;0;0;0;0;0;0;0;2;2;1;0;1;4;0;0;0;1;2;6;4;2;2;4;0;1;2;0;0;0
29267;Saint-Thois;53;29;0;0;0;0;0;0;0;0;0;0;0;0;0;0;0;0;0;0;0;1;2;0;0;0;0;1;0;0;0;0;0;0;0;1;0;0;0
29268;Saint-Thonan;53;29;0;0;0;0;0;0;0;0;0;0;0;0;0;0;0;0;0;0;0;0;1;0;0;0;1;2;4;2;2;0;1;0;0;2;0;0;1
29269;Saint-Thurien;53;29;0;0;0;0;0;0;0;0;0;0;0;0;0;0;0;1;0;1;0;0;3;0;0;0;4;0;0;1;1;0;2;0;0;3;0;0;0
29270;Saint-Urbain;53;29;0;0;0;0;0;0;0;0;0;0;0;0;0;0;0;0;0;0;0;0;1;0;0;0;4;1;4;1;3;1;2;0;0;2;0;0;0
29271;Saint-Vougay;53;29;0;0;0;0;0;0;0;0;0;0;0;0;0;0;0;0;0;0;0;0;0;0;0;0;0;2;1;0;1;0;1;0;0;2;0;0;0
29272;Saint-Yvi;53;29;0;0;0;0;0;0;0;0;0;0;0;0;0;0;0;3;0;1;0;0;4;0;0;1;3;7;10;4;3;0;3;0;0;4;4;0;1
29273;Santec;53;29;0;0;0;0;0;0;0;0;0;0;0;0;0;0;0;0;0;0;0;1;1;0;0;0;3;4;5;3;1;0;4;0;0;5;1;0;0
29274;Scaër;53;29;0;1;0;0;0;0;0;0;0;0;0;0;0;0;0;2;1;1;0;0;12;2;0;3;6;6;9;14;4;2;6;2;0;10;3;1;1
29275;Scrignac;53;29;0;0;0;0;0;0;0;0;0;0;0;0;0;0;0;0;0;1;0;0;2;0;0;0;3;1;1;3;1;1;1;0;0;2;0;0;0
29276;Sibiril;53;29;0;0;0;0;0;0;0;0;0;0;0;0;0;0;0;0;0;0;0;1;1;0;0;0;2;1;2;1;2;0;1;0;0;1;0;0;0
29277;Sizun;53;29;0;1;0;0;0;0;0;0;0;0;0;0;0;0;0;3;0;1;0;0;3;0;0;0;1;5;9;2;2;2;3;0;0;5;3;0;0
29278;Spézet;53;29;0;0;0;0;0;0;0;0;0;0;0;0;0;0;0;0;0;1;0;0;2;0;0;0;2;1;6;4;1;1;4;0;0;7;0;0;0
29279;Taulé;53;29;0;1;0;0;0;0;0;0;0;0;0;0;0;0;0;3;2;1;0;0;6;0;0;1;3;4;7;6;2;1;5;0;0;4;0;0;1
29280;Telgruc-sur-Mer;53;29;0;0;0;0;0;0;0;0;0;0;0;0;0;0;0;1;0;1;0;0;4;0;0;0;2;2;5;2;2;0;2;1;0;4;0;0;0
29281;Tourch;53;29;0;0;0;0;0;0;0;0;0;0;0;0;0;0;0;0;0;0;0;1;3;0;0;0;1;0;0;5;0;0;1;0;0;1;0;0;0
29282;Trébabu;53;29;0;0;0;0;0;0;0;0;0;0;0;0;0;0;0;0;0;0;0;0;0;0;0;0;0;0;0;0;0;0;0;0;0;2;0;0;0
29284;Treffiagat;53;29;0;0;0;0;0;0;0;0;0;0;0;0;0;0;0;0;0;0;0;0;1;0;0;1;1;3;2;2;2;0;2;0;0;3;0;0;1
29285;Tréflaouénan;53;29;0;0;0;0;0;0;0;0;0;0;0;0;0;0;0;0;1;0;0;0;0;0;0;0;0;0;1;0;0;0;0;0;0;2;1;0;0
29286;Tréflévénez;53;29;0;0;0;0;0;0;0;0;0;0;0;0;0;0;0;0;0;0;0;0;0;0;0;0;0;1;1;1;0;0;0;0;0;1;0;0;0
29287;Tréflez;53;29;0;0;0;0;0;0;0;0;0;0;0;0;0;0;0;0;0;0;0;1;1;0;0;0;1;1;3;1;1;2;1;0;0;0;1;0;0
29288;Trégarantec;53;29;0;0;0;0;0;0;0;0;0;0;0;0;0;0;0;0;0;0;0;0;0;0;1;0;4;0;3;0;0;0;0;0;0;1;0;0;0
29289;Trégarvan;53;29;0;0;0;0;0;0;0;0;0;0;0;0;0;0;0;0;0;0;0;0;0;0;0;0;0;0;0;2;0;0;0;0;0;0;0;0;0
29290;Tréglonou;53;29;0;0;0;0;0;0;0;0;0;0;0;0;0;0;0;0;0;0;0;0;1;0;0;0;0;1;2;1;1;0;0;0;0;0;1;0;0
29291;Trégourez;53;29;0;0;0;0;0;0;0;0;0;0;0;0;0;0;0;0;1;0;0;1;1;0;0;0;0;2;4;1;1;0;3;0;0;2;1;0;0
29292;Tréguennec;53;29;0;0;0;0;0;0;0;0;0;0;0;0;0;0;0;0;0;0;0;0;0;0;0;0;0;2;3;1;0;0;0;0;0;0;0;0;0
29293;Trégunc;53;29;0;0;0;0;0;0;0;0;0;0;0;0;0;0;0;4;4;1;0;0;5;1;0;2;8;8;15;10;5;2;12;1;0;21;4;1;5
29294;Le Tréhou;53;29;0;0;0;0;0;0;0;0;0;0;0;0;0;0;0;0;0;0;0;0;1;0;0;0;1;3;2;1;0;0;0;0;0;2;0;0;0
29295;Trémaouézan;53;29;0;0;0;0;0;0;0;0;0;0;0;0;0;0;0;0;0;0;0;0;0;0;0;0;2;0;0;0;0;0;0;0;0;0;0;0;0
29296;Tréméoc;53;29;0;0;0;0;0;0;0;0;0;0;0;0;0;0;0;0;0;0;0;0;0;0;0;0;1;5;2;2;0;1;0;0;0;0;0;0;0
29297;Tréméven;53;29;0;0;0;0;0;0;0;0;0;0;0;0;0;0;0;0;0;0;0;0;3;0;0;1;3;0;4;6;3;0;2;0;0;3;0;0;1
29298;Tréogat;53;29;0;0;0;0;0;0;0;0;0;0;0;0;0;0;0;0;0;0;0;0;1;0;0;0;0;0;3;1;2;0;0;0;0;1;0;0;0
29299;Tréouergat;53;29;0;0;0;0;0;0;0;0;0;0;0;0;0;0;0;0;0;0;0;0;0;0;0;0;1;0;2;0;0;0;1;0;0;0;0;0;0
29300;Le Trévoux;53;29;0;0;0;0;0;0;0;0;0;0;0;0;0;0;0;0;0;1;0;0;1;0;0;0;1;1;3;5;1;0;1;0;0;0;0;0;1
29301;Trézilidé;53;29;0;0;0;0;0;0;0;0;0;0;0;0;0;0;0;0;0;0;0;0;2;0;0;0;0;0;0;0;0;0;0;0;0;0;0;0;0
29302;Pont-de-Buis-lès-Quimerch;53;29;0;0;0;0;0;0;0;0;0;0;0;0;0;0;0;2;2;1;1;0;4;1;0;0;7;2;1;11;3;1;4;1;1;7;1;2;1
2A001;Afa;94;2A;0;0;0;0;0;0;0;0;0;0;0;0;0;0;0;0;0;1;0;0;12;1;0;0;30;11;9;14;9;1;4;1;0;6;3;1;3
2A004;Ajaccio;94;2A;1;0;0;1;1;1;1;0;0;15;0;1;0;0;0;37;5;6;0;0;117;7;23;19;286;186;88;122;132;22;124;15;4;461;100;14;102
2A006;Alata;94;2A;0;0;0;0;0;0;0;0;0;0;0;0;0;0;0;0;0;1;0;0;9;0;0;0;27;14;11;11;10;4;6;0;0;5;4;2;3
2A008;Albitreccia;94;2A;0;0;0;0;0;0;0;0;0;0;0;0;0;0;0;0;0;1;0;0;3;0;0;0;7;5;5;2;3;1;1;1;0;7;2;0;5
2A011;Altagène;94;2A;0;0;0;0;0;0;0;0;0;0;0;0;0;0;0;0;0;0;0;0;0;0;0;0;3;0;0;0;0;0;0;0;0;1;0;0;0
2A014;Ambiegna;94;2A;0;0;0;0;0;0;0;0;0;0;0;0;0;0;0;0;0;0;0;0;0;0;0;0;0;0;0;0;0;0;0;0;0;0;0;0;0
2A017;Appietto;94;2A;0;0;0;0;0;0;0;0;0;0;0;0;0;0;0;0;0;0;0;0;2;0;0;0;14;4;3;9;5;0;1;0;0;8;2;0;2
2A018;Arbellara;94;2A;0;0;0;0;0;0;0;0;0;0;0;0;0;0;0;0;0;0;0;1;0;0;0;0;3;2;0;1;0;0;0;0;0;2;0;0;1
2A019;Arbori;94;2A;0;0;0;0;0;0;0;0;0;0;0;0;0;0;0;0;0;0;0;0;0;0;0;0;0;0;0;2;1;0;0;0;0;0;0;0;0
2A021;Argiusta-Moriccio;94;2A;0;0;0;0;0;0;0;0;0;0;0;0;0;0;0;0;0;0;0;1;0;0;0;0;0;0;0;0;0;0;0;0;0;0;0;0;0
2A022;Arro;94;2A;0;0;0;0;0;0;0;0;0;0;0;0;0;0;0;0;0;0;0;0;0;0;0;0;0;0;1;0;0;0;0;0;0;0;0;0;0
2A024;Aullène;94;2A;0;0;0;0;0;0;0;0;0;0;0;0;0;0;0;0;0;1;0;0;1;0;0;0;1;1;0;0;0;0;0;0;0;1;0;0;0
2A026;Azilone-Ampaza;94;2A;0;0;0;0;0;0;0;0;0;0;0;0;0;0;0;0;0;0;0;0;0;0;0;0;1;0;1;0;0;0;0;0;0;0;0;0;0
2A027;Azzana;94;2A;0;0;0;0;0;0;0;0;0;0;0;0;0;0;0;0;0;1;0;0;1;0;0;0;0;0;0;0;1;0;0;0;0;2;0;0;0
2A028;Balogna;94;2A;0;0;0;0;0;0;0;0;0;0;0;0;0;0;0;0;0;0;0;0;0;0;0;0;2;0;0;0;0;0;0;0;0;1;0;0;0
2A031;Bastelica;94;2A;0;0;0;0;0;0;0;0;0;0;0;0;0;0;0;0;0;1;0;0;0;0;0;0;3;0;1;0;2;0;0;0;0;11;0;0;0
2A032;Bastelicaccia;94;2A;0;0;0;0;0;0;0;0;0;0;0;0;0;0;0;0;0;1;0;0;6;0;1;1;36;18;17;10;10;2;2;0;0;13;1;1;6
2A035;Belvédère-Campomoro;94;2A;0;0;0;0;0;0;0;0;0;0;0;0;0;0;0;0;0;0;0;1;0;0;0;0;0;0;0;0;0;0;0;0;0;8;0;0;0
2A038;Bilia;94;2A;0;0;0;0;0;0;0;0;0;0;0;0;0;0;0;0;0;0;0;0;0;0;0;0;0;0;0;0;0;0;0;0;0;0;0;0;0
2A040;Bocognano;94;2A;0;1;0;0;0;0;0;0;0;0;0;0;0;0;0;0;0;1;0;0;1;0;0;0;1;4;1;0;2;0;0;0;0;4;0;0;0
2A041;Bonifacio;94;2A;0;1;0;0;0;0;0;0;0;1;0;0;0;0;0;1;0;1;0;0;6;0;1;1;31;7;4;3;9;6;3;1;0;114;10;2;7
2A048;Calcatoggio;94;2A;0;0;0;0;0;0;0;0;0;0;0;0;0;0;0;0;0;1;0;0;1;0;1;0;5;1;1;2;3;1;0;0;0;4;0;0;1
2A056;Campo;94;2A;0;0;0;0;0;0;0;0;0;0;0;0;0;0;0;0;0;0;0;1;1;0;0;0;1;0;0;1;0;0;0;0;0;2;2;0;0
2A060;Cannelle;94;2A;0;0;0;0;0;0;0;0;0;0;0;0;0;0;0;0;0;0;0;0;0;0;0;0;0;0;0;0;0;0;0;0;0;0;0;0;0
2A061;Carbini;94;2A;0;0;0;0;0;0;0;0;0;0;0;0;0;0;0;0;0;0;0;0;0;0;0;0;2;0;0;0;0;0;1;0;0;0;0;0;0
2A062;Carbuccia;94;2A;0;0;0;0;0;0;0;0;0;0;0;0;0;0;0;0;0;0;0;0;3;0;0;0;6;2;0;0;0;0;0;0;0;2;0;1;0
2A064;Cardo-Torgia;94;2A;0;0;0;0;0;0;0;0;0;0;0;0;0;0;0;0;0;0;0;0;0;0;0;0;0;0;0;0;0;0;0;0;0;0;0;0;0
2A065;Cargèse;94;2A;0;1;0;0;0;0;0;0;0;0;0;0;0;0;0;1;0;1;0;0;0;0;0;0;13;3;2;4;1;1;2;1;0;17;0;1;2
2A066;Cargiaca;94;2A;0;0;0;0;0;0;0;0;0;0;0;0;0;0;0;0;0;0;0;0;0;0;0;0;1;0;0;0;0;0;0;0;0;0;0;0;0
2A070;Casaglione;94;2A;0;0;0;0;0;0;0;0;0;0;0;0;0;0;0;0;0;0;0;0;0;0;0;0;3;0;1;0;0;0;2;0;0;8;2;0;2
2A071;Casalabriva;94;2A;0;0;0;0;0;0;0;0;0;0;0;0;0;0;0;0;0;0;0;1;1;0;0;0;4;0;0;0;1;0;1;0;0;3;0;0;0
2A085;Cauro;94;2A;0;1;0;0;0;0;0;0;0;0;0;0;0;0;0;0;0;1;0;0;1;0;0;1;12;1;9;2;7;0;1;0;0;7;2;0;1
2A089;Ciamannacce;94;2A;0;0;0;0;0;0;0;0;0;0;0;0;0;0;0;0;0;1;0;0;0;0;0;0;2;0;0;1;0;0;0;0;0;2;0;0;0
2A090;Coggia;94;2A;0;0;0;0;0;0;0;0;0;0;0;0;0;0;0;0;0;0;0;0;4;0;0;0;6;1;1;1;0;0;0;0;0;6;0;0;2
2A091;Cognocoli-Monticchi;94;2A;0;0;0;0;0;0;0;0;0;0;0;0;0;0;0;0;0;0;0;0;0;0;0;0;0;0;0;0;0;1;0;0;0;1;0;0;0
2A092;Conca;94;2A;0;0;0;0;0;0;0;0;0;0;0;0;0;0;0;0;0;1;0;0;2;0;0;0;12;1;2;5;1;1;0;0;0;14;4;0;0
2A094;Corrano;94;2A;0;0;0;0;0;0;0;0;0;0;0;0;0;0;0;0;0;0;0;1;0;0;0;0;1;0;0;1;0;0;0;0;0;0;0;0;0
2A098;Coti-Chiavari;94;2A;0;0;0;0;0;0;0;0;0;0;0;0;0;0;0;0;0;0;0;1;0;0;0;0;11;3;3;2;5;0;2;0;0;19;1;0;0
2A099;Cozzano;94;2A;0;0;0;0;0;0;0;0;0;0;0;0;0;0;0;0;0;0;0;1;0;0;0;0;3;0;0;0;0;0;0;0;0;3;0;0;0
2A100;Cristinacce;94;2A;0;0;0;0;0;0;0;0;0;0;0;0;0;0;0;0;0;0;0;0;0;0;0;0;0;0;0;0;0;0;0;0;0;1;0;0;0
2A103;Cuttoli-Corticchiato;94;2A;0;0;0;0;0;0;0;0;0;0;0;0;0;0;0;0;0;0;0;1;2;0;0;0;19;4;6;8;10;0;0;0;0;3;2;0;1
2A104;Eccica-Suarella;94;2A;0;0;0;0;0;0;0;0;0;0;0;0;0;0;0;0;0;0;0;0;2;0;0;0;10;4;3;4;2;1;2;0;0;1;1;0;2
2A108;Évisa;94;2A;0;0;0;0;0;0;0;0;0;0;0;0;0;0;0;0;0;1;0;0;0;0;0;0;4;0;1;0;0;0;0;0;0;5;0;0;0
2A114;Figari;94;2A;0;0;0;0;0;0;0;0;0;0;0;0;0;0;0;0;0;1;0;0;2;0;7;0;11;4;2;4;6;3;1;1;0;6;1;0;3
2A115;Foce;94;2A;0;0;0;0;0;0;0;0;0;0;0;0;0;0;0;0;0;0;0;0;0;0;0;0;1;0;0;0;0;1;0;0;0;0;0;0;0
2A117;Forciolo;94;2A;0;0;0;0;0;0;0;0;0;0;0;0;0;0;0;0;0;0;0;0;0;0;0;0;0;0;0;0;0;0;0;0;0;0;0;0;0
2A118;Fozzano;94;2A;0;0;0;0;0;0;0;0;0;0;0;0;0;0;0;0;0;1;0;0;0;0;0;0;2;1;0;1;0;0;0;0;0;4;1;0;1
2A119;Frasseto;94;2A;0;0;0;0;0;0;0;0;0;0;0;0;0;0;0;0;0;0;0;1;1;0;0;0;0;0;0;0;1;0;0;0;0;1;0;0;1
2A127;Giuncheto;94;2A;0;0;0;0;0;0;0;0;0;0;0;0;0;0;0;0;0;0;0;0;0;0;0;0;1;0;0;0;0;0;0;0;0;1;0;0;0
2A128;Granace;94;2A;0;0;0;0;0;0;0;0;0;0;0;0;0;0;0;0;0;0;0;0;0;0;0;0;3;1;0;0;0;0;0;0;0;0;0;0;0
2A129;Grossa;94;2A;0;0;0;0;0;0;0;0;0;0;0;0;0;0;0;0;0;0;0;1;0;0;0;0;1;0;0;1;0;0;0;0;0;0;0;0;0
2A130;Grosseto-Prugna;94;2A;0;0;0;0;0;0;0;0;0;0;0;0;0;0;0;3;0;2;0;0;3;0;2;1;22;9;9;7;19;1;7;3;0;51;8;2;10
2A131;Guagno;94;2A;0;0;0;0;0;0;0;0;0;0;0;0;0;0;0;0;0;1;0;0;0;0;0;0;1;0;0;0;0;0;0;0;0;2;0;0;0
2A132;Guargualé;94;2A;0;0;0;0;0;0;0;0;0;0;0;0;0;0;0;0;0;0;0;0;0;0;0;0;0;0;1;0;1;0;0;0;0;1;0;0;0
2A133;Guitera-les-Bains;94;2A;0;0;0;0;0;0;0;0;0;0;0;0;0;0;0;0;0;0;0;1;0;0;0;0;0;0;0;0;0;0;0;0;0;1;0;0;0
2A139;Lecci;94;2A;0;0;0;0;0;0;0;0;0;0;0;0;0;0;0;0;0;0;0;1;4;0;0;0;22;5;7;5;4;4;2;1;0;21;3;0;3
2A141;Letia;94;2A;0;0;0;0;0;0;0;0;0;0;0;0;0;0;0;0;0;0;0;0;0;0;0;0;2;0;1;1;0;0;0;0;0;2;0;0;0
2A142;Levie;94;2A;0;0;0;0;0;0;0;0;0;1;0;1;0;0;0;0;0;1;0;0;0;0;0;0;9;2;1;1;1;0;0;0;0;10;0;0;2
2A144;Lopigna;94;2A;0;0;0;0;0;0;0;0;0;0;0;0;0;0;0;0;0;0;0;1;1;0;0;0;0;1;0;0;0;0;0;0;0;0;0;0;0
2A146;Loreto-di-Tallano;94;2A;0;0;0;0;0;0;0;0;0;0;0;0;0;0;0;0;0;0;0;1;0;0;0;0;0;0;0;0;0;0;0;0;0;0;0;0;0
2A154;Marignana;94;2A;0;0;0;0;0;0;0;0;0;0;0;0;0;0;0;0;0;1;0;0;0;0;0;0;4;0;0;0;0;0;0;0;0;1;0;0;0
2A158;Mela;94;2A;0;0;0;0;0;0;0;0;0;0;0;0;0;0;0;0;0;0;0;0;0;0;0;0;0;0;0;0;0;0;0;0;0;0;0;0;0
2A160;Moca-Croce;94;2A;0;0;0;0;0;0;0;0;0;0;0;0;0;0;0;0;0;0;0;1;1;0;0;0;7;0;0;2;1;0;0;0;0;3;0;0;0
2A163;Monacia-d'Aullène;94;2A;0;0;0;0;0;0;0;0;0;0;0;0;0;0;0;0;0;1;0;0;2;0;0;0;5;1;1;1;2;0;0;0;0;3;0;0;1
2A174;Murzo;94;2A;0;0;0;0;0;0;0;0;0;0;0;0;0;0;0;0;0;0;0;0;0;0;0;0;1;0;0;0;3;0;1;0;0;3;1;0;0
2A181;Ocana;94;2A;0;0;0;0;0;0;0;0;0;0;0;0;0;0;0;0;0;0;0;1;0;0;0;0;5;0;0;2;3;1;1;0;0;3;0;0;0
2A186;Olivese;94;2A;0;0;0;0;0;0;0;0;0;0;0;0;0;0;0;0;0;0;0;1;0;0;0;0;2;0;0;1;0;0;1;0;0;2;0;0;0
2A189;Olmeto;94;2A;0;0;0;0;0;0;0;0;0;0;0;0;0;0;0;0;0;1;0;0;4;0;1;1;14;5;3;2;2;0;1;0;0;18;4;0;1
2A191;Olmiccia;94;2A;0;0;0;0;0;0;0;0;0;0;0;0;0;0;0;0;0;0;0;0;0;0;0;0;0;0;0;1;0;0;0;0;0;0;0;0;0
2A196;Orto;94;2A;0;0;0;0;0;0;0;0;0;0;0;0;0;0;0;0;0;0;0;0;0;0;0;0;2;0;0;0;0;0;0;0;0;0;0;0;0
2A197;Osani;94;2A;0;0;0;0;0;0;0;0;0;0;0;0;0;0;0;0;0;0;0;0;0;0;0;0;3;0;0;0;0;0;0;0;0;9;0;0;0
2A198;Ota;94;2A;0;0;0;0;0;0;0;0;0;0;0;0;0;0;0;0;0;1;0;1;1;0;0;0;2;2;0;1;1;0;1;0;0;32;0;1;1
2A200;Palneca;94;2A;0;0;0;0;0;0;0;0;0;0;0;0;0;0;0;0;0;0;0;0;0;0;0;0;2;1;0;0;0;0;0;0;0;1;0;0;0
2A203;Partinello;94;2A;0;0;0;0;0;0;0;0;0;0;0;0;0;0;0;0;0;1;0;0;0;0;0;0;2;0;0;0;0;0;0;0;0;5;0;0;0
2A204;Pastricciola;94;2A;0;0;0;0;0;0;0;0;0;0;0;0;0;0;0;0;0;0;0;0;0;0;0;0;0;0;0;0;0;0;0;0;0;2;0;0;0
2A209;Peri;94;2A;0;1;0;0;0;0;0;0;0;0;0;0;0;0;0;0;0;0;0;1;2;0;0;0;16;3;3;9;8;3;3;0;0;7;0;0;4
2A211;Petreto-Bicchisano;94;2A;0;1;0;0;0;0;0;0;0;0;0;1;0;0;0;0;0;1;0;0;1;0;0;0;4;3;0;3;3;0;1;0;0;3;0;0;0
2A212;Piana;94;2A;0;1;0;0;0;0;0;0;0;1;0;0;0;0;0;0;0;1;0;0;1;0;0;0;4;1;0;0;2;2;1;0;0;13;0;1;0
2A215;Pianottoli-Caldarello;94;2A;0;0;0;0;0;0;0;0;0;0;0;0;0;0;0;0;0;1;0;0;0;0;1;0;5;1;3;2;3;0;3;0;0;21;0;0;2
2A228;Pietrosella;94;2A;0;1;0;0;0;0;0;0;0;0;0;0;0;0;0;0;0;0;0;0;1;0;0;0;5;4;1;3;4;0;2;0;0;11;5;0;1
2A232;Pila-Canale;94;2A;0;1;0;0;0;0;0;0;0;0;0;0;0;0;0;0;0;1;0;0;0;0;0;0;4;0;0;1;0;0;0;0;0;1;0;0;1
2A240;Poggiolo;94;2A;0;0;0;0;0;0;0;0;0;0;0;0;0;0;0;0;0;0;0;0;0;0;0;0;3;0;0;0;0;0;0;0;0;0;0;0;0
2A247;Porto-Vecchio;94;2A;0;1;0;0;0;0;0;0;0;3;0;1;0;1;0;10;4;2;0;1;39;3;5;5;248;70;54;60;59;18;30;7;1;213;37;4;32
2A249;Propriano;94;2A;0;1;0;0;0;0;0;0;0;0;0;1;0;0;0;6;1;1;0;0;5;2;1;1;40;7;4;13;12;1;10;2;0;50;8;4;9
2A253;Quasquara;94;2A;0;0;0;0;0;0;0;0;0;0;0;0;0;0;0;0;0;0;0;0;0;0;0;0;0;0;0;0;0;0;0;0;0;0;0;0;0
2A254;Quenza;94;2A;0;0;0;0;0;0;0;0;0;0;0;0;0;0;0;0;0;1;0;0;0;0;0;0;3;1;0;0;0;0;0;0;0;7;0;0;0
2A258;Renno;94;2A;0;0;0;0;0;0;0;0;0;0;0;0;0;0;0;0;0;0;0;0;0;0;0;0;0;0;1;0;2;0;0;0;0;0;0;0;0
2A259;Rezza;94;2A;0;0;0;0;0;0;0;0;0;0;0;0;0;0;0;0;0;0;0;0;0;0;0;0;1;0;0;0;0;0;0;0;0;1;0;0;0
2A262;Rosazia;94;2A;0;0;0;0;0;0;0;0;0;0;0;0;0;0;0;0;0;0;0;0;0;0;0;0;2;1;0;3;0;0;0;0;0;0;0;0;0
2A266;Salice;94;2A;0;0;0;0;0;0;0;0;0;0;0;0;0;0;0;0;0;0;0;0;0;0;0;0;1;0;0;0;2;0;0;0;0;1;1;0;0
2A268;Sampolo;94;2A;0;0;0;0;0;0;0;0;0;0;0;0;0;0;0;0;0;0;0;0;0;0;0;0;1;0;0;0;0;0;0;0;0;1;0;0;0
2A269;Sari-Solenzara;94;2A;0;1;0;0;0;0;0;0;0;0;0;0;0;0;0;1;1;1;0;0;1;0;0;0;11;4;0;8;5;1;3;0;0;34;3;2;3
2A270;Sari-d'Orcino;94;2A;0;1;0;0;0;0;0;0;0;0;0;0;0;0;0;0;0;1;0;0;0;0;0;0;1;1;0;3;0;0;0;0;0;3;0;0;0
2A271;Sarrola-Carcopino;94;2A;0;0;0;0;0;0;0;0;0;0;0;0;0;0;0;0;0;1;0;0;22;0;2;1;38;16;20;18;13;5;5;0;0;20;1;3;5
2A272;Sartène;94;2A;0;1;0;0;0;0;0;0;0;2;0;0;0;0;0;3;1;1;0;0;9;0;0;1;40;5;3;7;9;5;8;2;0;49;3;2;3
2A276;Serra-di-Ferro;94;2A;0;0;0;0;0;0;0;0;0;0;0;0;0;0;0;0;0;0;1;1;1;0;0;0;11;1;0;0;2;1;1;0;0;11;1;1;1
2A278;Serra-di-Scopamène;94;2A;0;0;0;0;0;0;0;0;0;0;0;0;0;0;0;0;0;1;0;0;0;0;0;0;2;0;0;0;0;0;0;0;0;1;0;0;0
2A279;Serriera;94;2A;0;0;0;0;0;0;0;0;0;0;0;0;0;0;0;0;0;0;0;0;0;0;0;0;1;0;0;0;2;0;0;0;0;4;0;0;0
2A282;Soccia;94;2A;0;0;0;0;0;0;0;0;0;0;0;0;0;0;0;0;0;1;0;0;1;0;0;0;3;0;0;1;3;0;0;0;0;4;0;0;0
2A284;Sollacaro;94;2A;0;0;0;0;0;0;0;0;0;0;0;0;0;0;0;0;0;0;0;1;0;0;0;0;5;1;0;0;1;0;0;0;0;4;0;0;0
2A285;Sorbollano;94;2A;0;0;0;0;0;0;0;0;0;0;0;0;0;0;0;0;0;0;0;1;1;0;0;0;0;0;0;2;0;0;1;0;0;0;0;0;0
2A288;Sotta;94;2A;0;0;0;0;0;0;0;0;0;0;0;0;0;0;0;0;0;1;0;0;2;0;0;0;14;3;5;7;4;0;0;0;0;2;2;0;0
2A295;Sant'Andréa-d'Orcino;94;2A;0;0;0;0;0;0;0;0;0;0;0;0;0;0;0;0;0;0;0;1;0;0;0;0;1;0;0;0;1;0;0;0;0;0;0;0;0
2A300;San-Gavino-di-Carbini;94;2A;0;0;0;0;0;0;0;0;0;0;0;0;0;0;0;0;0;0;0;1;4;0;0;0;10;3;2;1;4;1;0;0;0;9;1;0;1
2A308;Sainte-Lucie-de-Tallano;94;2A;0;1;0;0;0;0;0;0;0;0;0;0;0;0;0;0;0;1;0;0;1;0;0;0;4;0;3;0;1;1;0;0;0;2;0;0;1
2A310;Santa-Maria-Figaniella;94;2A;0;0;0;0;0;0;0;0;0;0;0;0;0;0;0;0;0;0;0;0;0;0;0;0;1;0;0;0;0;0;0;0;0;0;0;0;0
2A312;Santa-Maria-Siché;94;2A;0;0;0;0;0;0;0;0;0;1;0;0;0;0;0;1;0;1;0;0;3;0;0;0;4;0;0;0;1;0;1;0;0;2;1;1;1
2A322;Tasso;94;2A;0;0;0;0;0;0;0;0;0;0;0;0;0;0;0;0;0;0;0;0;0;0;0;0;1;0;0;0;0;0;0;0;0;0;0;0;0
2A323;Tavaco;94;2A;0;0;0;0;0;0;0;0;0;0;0;0;0;0;0;0;0;0;0;0;1;0;0;0;2;1;1;2;2;0;0;0;0;1;0;0;0
2A324;Tavera;94;2A;0;0;0;0;0;0;0;0;0;0;0;0;0;0;0;0;0;0;0;1;0;0;0;0;6;3;1;0;5;1;1;0;0;1;0;0;0
2A326;Tolla;94;2A;0;0;0;0;0;0;0;0;0;0;0;0;0;0;0;0;0;0;0;1;0;0;0;0;2;0;0;0;0;0;0;0;0;4;0;0;0
2A330;Ucciani;94;2A;0;0;0;0;0;0;0;0;0;0;0;0;0;0;0;0;0;1;0;0;3;0;0;0;2;1;2;0;3;0;0;0;0;2;0;0;1
2A331;Urbalacone;94;2A;0;0;0;0;0;0;0;0;0;0;0;0;0;0;0;0;0;0;0;0;0;0;0;0;1;0;1;0;0;0;0;0;0;0;0;0;0
2A336;Valle-di-Mezzana;94;2A;0;0;0;0;0;0;0;0;0;0;0;0;0;0;0;0;0;0;0;0;2;0;0;0;3;2;5;0;0;0;1;0;0;1;0;0;0
2A345;Vero;94;2A;0;0;0;0;0;0;0;0;0;0;0;0;0;0;0;0;0;0;0;1;0;0;0;0;4;1;0;2;3;1;0;0;0;4;0;0;0
2A348;Vico;94;2A;0;1;0;0;0;0;0;0;0;1;0;0;0;0;0;2;0;2;0;0;0;1;0;0;11;3;6;4;5;2;3;1;0;22;2;0;2
2A349;Viggianello;94;2A;0;0;0;0;0;0;0;0;0;0;0;0;0;0;0;0;0;0;0;1;2;1;0;0;10;1;4;1;4;1;0;0;0;4;0;0;0
2A351;Villanova;94;2A;0;0;0;0;0;0;0;0;0;0;0;0;0;0;0;0;0;0;0;0;2;0;0;0;3;2;0;1;1;0;0;0;0;3;0;0;0
2A357;Zérubia;94;2A;0;0;0;0;0;0;0;0;0;0;0;0;0;0;0;0;0;0;0;0;0;0;0;0;0;0;0;0;0;0;0;0;0;0;0;0;0
2A358;Zévaco;94;2A;0;0;0;0;0;0;0;0;0;0;0;0;0;0;0;0;0;0;0;1;0;0;0;0;0;0;0;0;0;0;0;0;0;0;0;0;0
2A359;Zicavo;94;2A;0;1;0;0;0;0;0;0;0;0;0;0;0;0;0;0;0;1;0;0;0;0;0;0;0;1;1;0;0;0;0;0;0;3;0;0;0
2A360;Zigliara;94;2A;0;0;0;0;0;0;0;0;0;0;0;0;0;0;0;0;0;0;0;0;0;0;0;0;1;2;0;0;2;0;0;0;0;0;0;0;0
2A362;Zonza;94;2A;0;1;0;0;0;0;0;0;0;0;0;0;0;0;0;0;0;2;0;0;6;0;0;0;52;12;11;6;14;4;4;0;0;50;6;0;5
2A363;Zoza;94;2A;0;0;0;0;0;0;0;0;0;0;0;0;0;0;0;0;0;0;0;0;0;0;0;0;0;0;0;0;0;0;0;0;0;0;0;0;0
2B002;Aghione;94;2B;0;0;0;0;0;0;0;0;0;0;0;0;0;0;0;0;0;0;0;1;0;0;0;0;1;0;3;2;1;0;1;0;0;1;0;0;0
2B003;Aiti;94;2B;0;0;0;0;0;0;0;0;0;0;0;0;0;0;0;0;0;0;0;0;0;0;0;0;0;0;0;0;0;0;0;0;0;0;0;0;0
2B005;Alando;94;2B;0;0;0;0;0;0;0;0;0;0;0;0;0;0;0;0;0;0;0;0;0;0;0;0;0;0;0;0;0;0;0;0;0;0;0;0;0
2B007;Albertacce;94;2B;0;0;0;0;0;0;0;0;0;0;0;0;0;0;0;0;0;0;0;0;0;0;0;0;1;0;0;1;0;0;0;0;0;4;0;0;0
2B009;Aléria;94;2B;0;1;0;0;0;0;0;0;0;0;1;0;0;0;0;1;2;1;0;0;9;0;0;0;16;8;2;5;7;3;5;2;0;21;3;1;4
2B010;Algajola;94;2B;0;0;0;0;0;0;0;0;0;0;0;0;0;0;0;0;0;0;0;1;1;1;0;0;4;2;1;0;3;1;2;0;0;8;0;1;2
2B012;Altiani;94;2B;0;0;0;0;0;0;0;0;0;0;0;0;0;0;0;0;0;0;0;0;0;0;0;0;0;0;1;0;0;0;0;1;0;0;0;0;0
2B013;Alzi;94;2B;0;0;0;0;0;0;0;0;0;0;0;0;0;0;0;0;0;0;0;0;0;0;0;0;0;0;0;0;0;0;0;0;0;0;0;0;0
2B015;Ampriani;94;2B;0;0;0;0;0;0;0;0;0;0;0;0;0;0;0;0;0;0;0;0;0;0;0;0;0;0;0;0;0;0;0;0;0;0;0;0;0
2B016;Antisanti;94;2B;0;0;0;0;0;0;0;0;0;0;0;0;0;0;0;0;0;0;0;1;0;0;0;0;1;0;0;1;1;0;0;0;0;2;0;0;0
2B020;Aregno;94;2B;0;0;0;0;0;0;0;0;0;0;0;0;0;0;0;0;0;0;0;1;0;0;0;0;10;0;0;3;1;1;2;0;0;5;0;0;0
2B023;Asco;94;2B;0;0;0;0;0;0;0;0;0;0;0;0;0;0;0;0;0;0;0;1;0;0;0;0;0;0;0;0;0;0;0;0;0;6;0;0;0
2B025;Avapessa;94;2B;0;0;0;0;0;0;0;0;0;0;0;0;0;0;0;0;0;0;0;0;0;0;0;0;1;0;0;1;0;0;0;0;0;1;0;0;0
2B029;Barbaggio;94;2B;0;0;0;0;0;0;0;0;0;0;0;0;0;0;0;0;0;0;0;0;1;0;0;0;3;0;1;0;1;0;0;0;0;1;0;0;0
2B030;Barrettali;94;2B;0;0;0;0;0;0;0;0;0;0;0;0;0;0;0;0;0;0;0;1;0;0;0;0;1;1;0;0;0;0;0;0;0;0;0;0;0
2B033;Bastia;94;2B;1;0;1;1;1;1;1;0;0;0;12;1;0;0;0;21;8;4;0;0;46;2;5;12;180;130;42;63;63;11;78;4;4;249;86;15;56
2B034;Belgodère;94;2B;0;0;0;0;0;0;0;0;0;0;0;0;0;0;0;0;0;1;0;0;1;0;0;0;7;0;2;1;1;0;1;0;0;7;0;0;1
2B036;Bigorno;94;2B;0;0;0;0;0;0;0;0;0;0;0;0;0;0;0;0;0;0;0;0;0;0;0;0;1;0;0;1;1;0;0;0;0;0;0;0;0
2B037;Biguglia;94;2B;0;0;0;0;0;0;0;0;0;0;0;0;0;0;0;3;0;1;0;0;28;1;1;3;67;30;20;44;41;14;24;1;0;34;14;2;17
2B039;Bisinchi;94;2B;0;0;0;0;0;0;0;0;0;0;0;0;0;0;0;0;0;0;0;0;0;0;0;0;1;0;0;2;0;0;1;0;0;1;0;0;0
2B042;Borgo;94;2B;0;1;0;0;0;0;0;0;0;0;1;0;0;0;0;3;0;1;0;2;35;1;5;2;62;32;13;25;35;7;15;0;0;38;9;3;5
2B043;Brando;94;2B;0;1;0;0;0;0;0;0;0;0;0;0;0;0;0;0;0;1;0;0;1;0;0;0;11;5;1;6;4;0;1;0;0;16;4;1;2
2B045;Bustanico;94;2B;0;0;0;0;0;0;0;0;0;0;0;0;0;0;0;0;0;0;0;0;0;0;0;0;0;0;0;0;0;0;0;0;0;0;0;0;0
2B046;Cagnano;94;2B;0;0;0;0;0;0;0;0;0;0;0;0;0;0;0;0;0;0;0;0;1;0;0;0;2;0;0;0;0;0;0;0;0;1;0;0;0
2B047;Calacuccia;94;2B;0;1;0;0;0;0;0;0;0;0;0;0;0;0;0;0;0;1;0;0;0;0;0;0;6;0;0;0;5;0;1;0;0;7;0;0;0
2B049;Calenzana;94;2B;0;1;0;0;0;0;0;0;0;0;0;0;0;0;0;0;1;1;0;0;1;0;0;0;17;8;1;8;4;3;1;0;0;25;5;0;3
2B050;Calvi;94;2B;0;1;0;0;0;0;0;0;0;0;3;0;0;0;0;5;2;1;0;0;15;4;10;1;34;19;8;9;10;3;14;2;0;130;24;6;3
2B051;Cambia;94;2B;0;0;0;0;0;0;0;0;0;0;0;0;0;0;0;0;0;0;0;0;0;0;0;0;2;0;0;0;0;0;0;0;0;0;0;0;0
2B052;Campana;94;2B;0;0;0;0;0;0;0;0;0;0;0;0;0;0;0;0;0;0;0;0;0;0;0;0;0;0;0;0;0;0;0;0;0;0;0;0;0
2B053;Campi;94;2B;0;0;0;0;0;0;0;0;0;0;0;0;0;0;0;0;0;0;0;0;0;0;0;0;0;0;0;0;0;0;0;0;0;0;0;0;0
2B054;Campile;94;2B;0;0;0;0;0;0;0;0;0;0;0;0;0;0;0;0;0;1;0;0;0;0;0;0;1;0;0;1;1;0;0;0;0;1;0;0;0
2B055;Campitello;94;2B;0;0;0;0;0;0;0;0;0;0;0;0;0;0;0;0;0;1;0;0;0;0;0;0;1;0;0;0;1;1;0;0;0;0;0;0;0
2B057;Canale-di-Verde;94;2B;0;0;0;0;0;0;0;0;0;0;0;0;0;0;0;0;0;0;0;0;1;0;0;0;1;0;0;1;0;0;1;0;0;2;0;0;0
2B058;Canari;94;2B;0;0;0;0;0;0;0;0;0;0;0;0;0;0;0;0;0;1;0;0;0;0;0;0;6;1;1;2;1;0;1;0;0;2;0;0;0
2B059;Canavaggia;94;2B;0;0;0;0;0;0;0;0;0;0;0;0;0;0;0;0;0;0;0;0;0;0;0;0;1;0;1;0;1;1;0;0;0;1;0;0;0
2B063;Carcheto-Brustico;94;2B;0;0;0;0;0;0;0;0;0;0;0;0;0;0;0;0;0;0;0;0;0;0;0;0;0;0;0;0;0;0;0;0;0;1;0;0;0
2B067;Carpineto;94;2B;0;0;0;0;0;0;0;0;0;0;0;0;0;0;0;0;0;0;0;0;0;0;0;0;0;0;0;0;0;0;0;0;0;0;0;0;0
2B068;Carticasi;94;2B;0;0;0;0;0;0;0;0;0;0;0;0;0;0;0;0;0;0;0;0;0;0;0;0;0;0;0;0;0;0;0;0;0;0;0;0;0
2B069;Casabianca;94;2B;0;0;0;0;0;0;0;0;0;0;0;0;0;0;0;0;0;0;0;0;0;0;0;0;2;0;0;0;0;0;0;0;0;0;0;0;0
2B072;Casalta;94;2B;0;0;0;0;0;0;0;0;0;0;0;0;0;0;0;0;0;0;0;0;0;0;0;0;0;0;0;0;0;0;0;0;0;0;0;0;0
2B073;Casamaccioli;94;2B;0;0;0;0;0;0;0;0;0;0;0;0;0;0;0;0;0;0;0;0;0;0;0;0;0;0;0;0;1;0;0;0;0;1;0;0;0
2B074;Casanova;94;2B;0;0;0;0;0;0;0;0;0;0;0;0;0;0;0;0;0;0;0;0;2;0;0;0;3;1;1;4;1;0;0;0;0;1;0;0;0
2B075;Casevecchie;94;2B;0;0;0;0;0;0;0;0;0;0;0;0;0;0;0;0;0;0;0;0;0;0;0;0;0;0;0;0;0;0;0;0;0;0;0;0;0
2B077;Castellare-di-Casinca;94;2B;0;0;0;0;0;0;0;0;0;0;0;0;0;0;0;1;0;1;0;0;1;0;0;0;2;1;0;1;0;0;1;1;0;3;1;1;0
2B078;Castellare-di-Mercurio;94;2B;0;0;0;0;0;0;0;0;0;0;0;0;0;0;0;0;0;0;0;0;0;0;0;0;2;0;0;0;0;0;0;0;0;0;0;0;0
2B079;Castello-di-Rostino;94;2B;0;0;0;0;0;0;0;0;0;0;0;0;0;0;0;0;0;1;0;0;5;0;0;0;2;1;0;3;0;0;1;0;0;3;1;0;1
2B080;Castifao;94;2B;0;0;0;0;0;0;0;0;0;0;0;0;0;0;0;0;0;0;0;1;0;0;0;0;0;0;0;0;0;0;0;0;0;2;0;0;1
2B081;Castiglione;94;2B;0;0;0;0;0;0;0;0;0;0;0;0;0;0;0;0;0;0;0;0;0;0;0;0;1;0;0;0;0;0;0;0;0;0;0;0;0
2B082;Castineta;94;2B;0;0;0;0;0;0;0;0;0;0;0;0;0;0;0;0;0;0;0;0;0;0;0;0;1;0;0;0;1;0;0;0;0;0;1;0;0
2B083;Castirla;94;2B;0;0;0;0;0;0;0;0;0;0;0;0;0;0;0;0;0;0;0;0;0;0;0;0;1;0;0;0;0;0;0;0;0;1;0;0;0
2B084;Cateri;94;2B;0;0;0;0;0;0;0;0;0;0;0;0;0;0;0;0;0;0;0;1;0;0;0;0;1;2;0;2;2;0;0;0;0;0;2;0;0
2B086;Centuri;94;2B;0;0;0;0;0;0;0;0;0;0;0;0;0;0;0;0;0;1;0;0;0;0;0;0;4;1;0;3;0;0;0;0;0;7;0;0;0
2B087;Cervione;94;2B;0;1;0;0;0;0;0;0;0;0;1;0;0;0;0;0;0;1;0;0;10;1;0;1;16;0;4;6;6;0;3;0;0;17;3;0;0
2B088;Chiatra;94;2B;0;0;0;0;0;0;0;0;0;0;0;0;0;0;0;0;0;0;0;0;0;0;0;0;2;0;0;0;0;0;0;0;0;2;0;0;1
2B093;Corbara;94;2B;0;0;0;0;0;0;0;0;0;0;0;0;0;0;0;1;1;1;0;0;7;0;0;0;4;0;5;1;3;0;1;1;0;8;2;0;1
2B095;Corscia;94;2B;0;0;0;0;0;0;0;0;0;0;0;0;0;0;0;0;0;0;0;0;0;0;0;0;0;1;0;0;0;0;0;0;0;1;0;0;0
2B096;Corte;94;2B;1;1;0;0;0;0;0;0;0;0;3;1;0;0;0;5;2;1;0;0;8;2;2;3;31;7;5;12;15;2;12;3;0;66;6;2;6
2B097;Costa;94;2B;0;0;0;0;0;0;0;0;0;0;0;0;0;0;0;0;0;0;0;0;0;0;0;0;1;0;0;0;0;0;0;0;0;0;0;0;0
2B101;Croce;94;2B;0;0;0;0;0;0;0;0;0;0;0;0;0;0;0;0;0;0;0;0;0;0;0;0;2;0;0;0;0;0;0;0;0;0;0;0;0
2B102;Crocicchia;94;2B;0;0;0;0;0;0;0;0;0;0;0;0;0;0;0;0;0;0;0;0;0;0;0;0;1;0;0;0;0;1;0;0;0;0;0;0;0
2B105;Erbajolo;94;2B;0;0;0;0;0;0;0;0;0;0;0;0;0;0;0;0;0;1;0;0;0;0;0;0;1;0;0;1;0;0;0;0;0;1;0;0;0
2B106;Érone;94;2B;0;0;0;0;0;0;0;0;0;0;0;0;0;0;0;0;0;0;0;0;0;0;0;0;0;0;0;0;0;0;0;0;0;0;0;0;0
2B107;Ersa;94;2B;0;0;0;0;0;0;0;0;0;0;0;0;0;0;0;0;0;1;0;0;0;0;0;0;1;0;0;1;0;1;0;0;0;7;1;0;0
2B109;Farinole;94;2B;0;0;0;0;0;0;0;0;0;0;0;0;0;0;0;0;0;0;0;0;0;0;0;0;0;1;0;1;0;0;0;0;0;1;0;0;0
2B110;Favalello;94;2B;0;0;0;0;0;0;0;0;0;0;0;0;0;0;0;0;0;0;0;0;0;0;0;0;0;0;0;0;0;0;0;0;0;1;0;0;0
2B111;Felce;94;2B;0;0;0;0;0;0;0;0;0;0;0;0;0;0;0;0;0;0;0;0;0;0;0;0;0;0;0;1;0;0;0;0;0;0;0;0;0
2B112;Feliceto;94;2B;0;0;0;0;0;0;0;0;0;0;0;0;0;0;0;0;0;0;0;0;0;0;0;0;4;3;1;3;0;0;1;0;0;3;0;0;0
2B113;Ficaja;94;2B;0;0;0;0;0;0;0;0;0;0;0;0;0;0;0;0;0;0;0;0;0;0;0;0;1;0;0;0;0;0;0;0;0;1;0;0;0
2B116;Focicchia;94;2B;0;0;0;0;0;0;0;0;0;0;0;0;0;0;0;0;0;0;0;0;0;0;0;0;1;0;0;0;0;0;0;0;0;0;0;0;0
2B120;Furiani;94;2B;0;0;0;0;0;0;0;0;0;0;0;0;0;0;0;2;1;1;0;0;35;1;0;1;42;17;12;19;22;6;8;0;2;21;3;1;8
2B121;Galéria;94;2B;0;0;0;0;0;0;0;0;0;0;0;0;0;0;0;0;0;1;0;0;1;0;0;0;2;0;0;1;2;1;0;0;0;11;0;0;0
2B122;Gavignano;94;2B;0;0;0;0;0;0;0;0;0;0;0;0;0;0;0;0;0;0;0;0;0;0;0;0;0;0;0;1;0;0;0;0;0;0;0;0;0
2B123;Ghisonaccia;94;2B;0;1;0;0;0;0;0;0;0;0;1;0;0;0;0;5;1;1;0;0;14;3;0;3;25;26;7;10;8;3;9;7;0;27;8;0;12
2B124;Ghisoni;94;2B;0;0;0;0;0;0;0;0;0;0;0;0;0;0;0;0;0;1;0;0;0;0;0;0;0;0;0;0;0;0;0;0;0;5;0;0;0
2B125;Giocatojo;94;2B;0;0;0;0;0;0;0;0;0;0;0;0;0;0;0;0;0;0;0;0;0;0;0;0;0;0;0;0;1;0;0;0;0;0;0;0;0
2B126;Giuncaggio;94;2B;0;0;0;0;0;0;0;0;0;0;0;0;0;0;0;0;0;0;0;0;0;0;0;0;0;0;0;0;0;0;0;0;0;0;0;0;0
2B134;L'Île-Rousse;94;2B;0;1;0;0;0;0;0;0;0;0;1;1;0;0;0;6;0;1;0;0;7;1;0;2;39;10;3;10;8;2;13;5;1;75;9;3;6
2B135;Isolaccio-di-Fiumorbo;94;2B;0;0;0;0;0;0;0;0;0;0;0;0;0;0;0;0;0;0;0;0;0;0;0;0;0;0;0;2;0;0;0;0;0;2;0;0;0
2B136;Lama;94;2B;0;0;0;0;0;0;0;0;0;0;0;0;0;0;0;0;0;0;0;1;0;0;0;0;1;1;0;0;0;0;0;0;0;4;1;0;0
2B137;Lano;94;2B;0;0;0;0;0;0;0;0;0;0;0;0;0;0;0;0;0;0;0;0;0;0;0;0;0;0;0;0;0;0;0;0;0;0;0;0;0
2B138;Lavatoggio;94;2B;0;0;0;0;0;0;0;0;0;0;0;0;0;0;0;0;0;0;0;0;0;0;0;0;3;0;0;3;0;0;0;0;0;0;0;1;0
2B140;Lento;94;2B;0;0;0;0;0;0;0;0;0;0;0;0;0;0;0;0;0;0;0;0;0;0;0;0;0;0;0;1;0;0;0;0;0;1;0;0;0
2B143;Linguizzetta;94;2B;0;0;0;0;0;0;0;0;0;0;0;0;0;0;0;0;0;0;0;0;1;0;0;0;3;2;0;4;2;2;1;0;0;25;2;0;0
2B145;Loreto-di-Casinca;94;2B;0;0;0;0;0;0;0;0;0;0;0;0;0;0;0;0;0;1;0;0;0;0;0;0;4;0;0;1;0;0;0;0;0;3;0;0;1
2B147;Lozzi;94;2B;0;0;0;0;0;0;0;0;0;0;0;0;0;0;0;0;0;0;0;0;0;0;0;0;1;0;1;1;2;0;0;0;0;1;1;0;0
2B148;Lucciana;94;2B;0;0;0;0;0;0;0;0;0;0;0;0;0;0;0;2;1;1;0;1;12;2;8;0;29;15;12;15;7;2;8;1;0;35;4;1;10
2B149;Lugo-di-Nazza;94;2B;0;0;0;0;0;0;0;0;0;0;0;0;0;0;0;0;0;0;0;0;0;0;0;0;2;0;0;0;0;0;0;0;0;0;0;0;0
2B150;Lumio;94;2B;0;0;0;0;0;0;0;0;0;0;0;0;0;0;0;0;0;0;0;1;0;0;0;0;11;4;3;5;5;0;3;0;0;11;3;0;1
2B152;Luri;94;2B;0;1;0;0;0;0;0;0;0;0;0;0;0;0;0;0;0;1;0;0;0;0;0;1;7;1;2;2;2;0;2;0;0;12;0;1;2
2B153;Manso;94;2B;0;0;0;0;0;0;0;0;0;0;0;0;0;0;0;0;0;0;0;0;0;0;0;0;0;0;0;0;0;0;0;0;0;3;0;0;0
2B155;Matra;94;2B;0;0;0;0;0;0;0;0;0;0;0;0;0;0;0;0;0;0;0;0;0;0;0;0;0;0;0;0;0;0;0;0;0;1;0;0;0
2B156;Mausoléo;94;2B;0;0;0;0;0;0;0;0;0;0;0;0;0;0;0;0;0;0;0;0;0;0;0;0;0;0;0;0;0;0;0;0;0;0;0;0;0
2B157;Mazzola;94;2B;0;0;0;0;0;0;0;0;0;0;0;0;0;0;0;0;0;0;0;0;0;0;0;0;0;0;0;0;0;0;0;0;0;0;0;0;0
2B159;Meria;94;2B;0;0;0;0;0;0;0;0;0;0;0;0;0;0;0;0;0;1;0;0;0;0;1;0;2;0;0;0;1;0;0;0;0;1;0;0;0
2B161;Moïta;94;2B;0;0;0;0;0;0;0;0;0;0;0;0;0;0;0;0;0;1;0;0;0;0;0;0;0;0;0;0;0;0;0;0;0;0;0;0;0
2B162;Moltifao;94;2B;0;0;0;0;0;0;0;0;0;0;0;0;0;0;0;0;0;0;0;1;0;0;0;0;7;0;0;1;1;0;0;0;0;2;0;0;1
2B164;Monacia-d'Orezza;94;2B;0;0;0;0;0;0;0;0;0;0;0;0;0;0;0;0;0;0;0;0;0;0;0;0;0;0;0;0;0;0;0;0;0;0;0;0;0
2B165;Moncale;94;2B;0;0;0;0;0;0;0;0;0;0;0;0;0;0;0;0;0;0;0;0;1;0;0;0;0;0;0;2;1;0;0;0;0;0;0;0;0
2B166;Monte;94;2B;0;0;0;0;0;0;0;0;0;0;0;0;0;0;0;0;0;0;0;0;0;0;0;0;4;0;1;0;1;1;0;0;0;2;0;0;0
2B167;Montegrosso;94;2B;0;0;0;0;0;0;0;0;0;0;0;0;0;0;0;0;0;0;0;0;2;0;0;0;7;5;1;5;1;0;1;0;0;5;0;0;0
2B168;Monticello;94;2B;0;0;0;0;0;0;0;0;0;0;0;0;0;0;0;0;0;0;0;0;2;0;0;0;16;7;2;9;4;4;0;0;0;3;0;2;4
2B169;Morosaglia;94;2B;0;1;0;0;0;0;0;0;0;0;1;1;0;0;0;1;2;2;0;0;3;0;0;0;6;2;2;4;5;1;2;4;0;12;0;0;3
2B170;Morsiglia;94;2B;0;0;0;0;0;0;0;0;0;0;0;0;0;0;0;0;0;0;0;1;0;0;0;0;5;1;0;0;1;0;0;0;0;3;0;0;0
2B171;Muracciole;94;2B;0;0;0;0;0;0;0;0;0;0;0;0;0;0;0;0;0;0;0;0;0;0;0;0;0;0;0;0;0;0;0;0;0;0;0;0;0
2B172;Murato;94;2B;0;1;0;0;0;0;0;0;0;0;0;0;0;0;0;0;0;1;0;0;0;0;0;0;4;1;0;3;4;0;1;0;0;4;0;0;0
2B173;Muro;94;2B;0;0;0;0;0;0;0;0;0;0;0;0;0;0;0;0;0;1;0;0;1;0;0;0;5;1;0;0;1;0;0;0;0;0;0;0;0
2B175;Nessa;94;2B;0;0;0;0;0;0;0;0;0;0;0;0;0;0;0;0;0;0;0;0;0;0;0;0;1;0;0;0;0;0;0;0;0;0;0;0;0
2B176;Nocario;94;2B;0;0;0;0;0;0;0;0;0;0;0;0;0;0;0;0;0;0;0;0;0;0;0;0;1;0;1;0;0;0;0;0;0;0;0;0;0
2B177;Noceta;94;2B;0;0;0;0;0;0;0;0;0;0;0;0;0;0;0;0;0;0;0;0;0;0;0;0;0;0;0;1;0;0;0;0;0;0;0;0;0
2B178;Nonza;94;2B;0;0;0;0;0;0;0;0;0;0;0;0;0;0;0;0;0;1;0;0;0;0;0;0;1;0;0;0;1;0;0;0;0;6;0;0;0
2B179;Novale;94;2B;0;0;0;0;0;0;0;0;0;0;0;0;0;0;0;0;0;0;0;0;0;0;0;0;1;0;0;0;0;0;0;0;0;0;0;0;0
2B180;Novella;94;2B;0;0;0;0;0;0;0;0;0;0;0;0;0;0;0;0;0;0;0;0;0;0;0;0;1;0;0;1;1;0;0;0;0;1;0;0;0
2B182;Occhiatana;94;2B;0;0;0;0;0;0;0;0;0;0;0;0;0;0;0;0;0;0;0;0;0;0;1;1;4;0;0;0;2;0;0;0;0;2;0;0;0
2B183;Ogliastro;94;2B;0;0;0;0;0;0;0;0;0;0;0;0;0;0;0;0;0;0;0;0;0;0;0;0;0;0;0;0;0;1;0;0;0;2;0;0;0
2B184;Olcani;94;2B;0;0;0;0;0;0;0;0;0;0;0;0;0;0;0;0;0;0;0;0;0;0;0;0;0;0;1;0;0;0;0;0;0;1;0;0;0
2B185;Oletta;94;2B;0;0;0;0;0;0;0;0;0;0;0;1;0;0;0;0;0;1;0;0;1;0;0;0;8;5;2;5;3;2;2;0;0;12;2;0;2
2B187;Olmeta-di-Capocorso;94;2B;0;0;0;0;0;0;0;0;0;0;0;0;0;0;0;0;0;0;0;0;0;0;0;0;0;0;0;0;0;0;0;0;0;2;0;0;0
2B188;Olmeta-di-Tuda;94;2B;0;0;0;0;0;0;0;0;0;0;0;0;0;0;0;0;0;0;1;0;0;0;0;0;4;1;1;0;1;0;1;0;0;4;0;0;0
2B190;Olmi-Cappella;94;2B;0;0;0;0;0;0;0;0;0;0;0;0;0;0;0;0;0;1;0;0;0;0;0;0;4;0;0;0;0;0;0;0;0;3;0;0;0
2B192;Olmo;94;2B;0;0;0;0;0;0;0;0;0;0;0;0;0;0;0;0;0;0;0;0;0;0;0;0;1;0;0;0;0;0;0;0;0;1;0;0;0
2B193;Omessa;94;2B;0;0;0;0;0;0;0;0;0;0;0;0;0;0;0;0;0;1;0;0;0;0;0;0;6;0;1;2;1;0;2;0;0;6;0;0;1
2B194;Ortale;94;2B;0;0;0;0;0;0;0;0;0;0;0;0;0;0;0;0;0;0;0;0;0;0;0;0;0;0;0;0;0;0;0;0;0;3;0;0;0
2B195;Ortiporio;94;2B;0;0;0;0;0;0;0;0;0;0;0;0;0;0;0;0;0;0;0;0;0;0;0;0;3;1;0;0;0;0;0;0;0;2;0;0;0
2B199;Palasca;94;2B;0;0;0;0;0;0;0;0;0;0;0;0;0;0;0;0;0;0;0;0;0;0;0;0;2;1;0;1;1;0;0;0;0;3;0;0;0
2B201;Pancheraccia;94;2B;0;0;0;0;0;0;0;0;0;0;0;0;0;0;0;0;0;0;0;0;0;0;0;0;1;0;0;0;0;0;1;0;0;1;0;0;0
2B202;Parata;94;2B;0;0;0;0;0;0;0;0;0;0;0;0;0;0;0;0;0;0;0;0;0;0;0;0;0;0;0;0;0;0;0;0;0;0;0;0;0
2B205;Patrimonio;94;2B;0;0;0;0;0;0;0;0;0;0;0;0;0;0;0;0;0;1;0;0;1;0;0;0;9;3;2;3;2;0;1;0;0;9;0;0;0
2B206;Penta-Acquatella;94;2B;0;0;0;0;0;0;0;0;0;0;0;0;0;0;0;0;0;0;0;0;0;0;0;0;1;0;0;0;0;1;0;0;0;0;0;0;0
2B207;Penta-di-Casinca;94;2B;0;1;0;0;0;0;0;0;0;0;3;0;0;0;0;1;1;1;0;0;7;1;0;1;22;12;6;8;4;1;11;2;0;19;5;1;4
2B208;Perelli;94;2B;0;0;0;0;0;0;0;0;0;0;0;0;0;0;0;0;0;0;0;0;0;0;0;0;0;0;1;0;0;0;0;0;0;0;0;0;0
2B210;Pero-Casevecchie;94;2B;0;0;0;0;0;0;0;0;0;0;0;0;0;0;0;0;0;1;0;0;0;0;0;0;0;0;0;2;0;0;0;0;0;0;0;0;0
2B213;Pianello;94;2B;0;0;0;0;0;0;0;0;0;0;0;0;0;0;0;0;0;0;0;0;0;0;0;0;0;0;0;0;0;0;0;0;0;0;0;0;0
2B214;Piano;94;2B;0;0;0;0;0;0;0;0;0;0;0;0;0;0;0;0;0;0;0;0;0;0;0;0;0;0;0;0;0;0;0;0;0;0;0;0;0
2B216;Piazzali;94;2B;0;0;0;0;0;0;0;0;0;0;0;0;0;0;0;0;0;0;0;0;0;0;0;0;0;0;0;0;0;0;0;0;0;0;0;0;0
2B217;Piazzole;94;2B;0;0;0;0;0;0;0;0;0;0;0;0;0;0;0;0;0;0;0;0;0;0;0;0;0;0;0;0;0;0;0;0;0;0;0;0;0
2B218;Piedicorte-di-Gaggio;94;2B;0;1;0;0;0;0;0;0;0;0;0;0;0;0;0;0;0;1;0;0;0;0;0;0;2;1;0;0;0;0;0;0;0;1;0;0;0
2B219;Piedicroce;94;2B;0;1;0;0;0;0;0;0;0;0;0;0;0;0;0;0;0;1;0;0;0;0;0;0;0;0;0;1;0;1;0;0;0;0;0;0;0
2B220;Piedigriggio;94;2B;0;0;0;0;0;0;0;0;0;0;0;0;0;0;0;0;0;0;0;0;2;0;0;0;1;1;1;0;0;0;0;0;0;0;0;0;0
2B221;Piedipartino;94;2B;0;0;0;0;0;0;0;0;0;0;0;0;0;0;0;0;0;0;0;0;0;0;0;0;0;0;0;0;0;0;0;0;0;0;0;0;0
2B222;Pie-d'Orezza;94;2B;0;0;0;0;0;0;0;0;0;0;0;0;0;0;0;0;0;0;0;0;0;0;0;0;0;0;0;0;0;0;0;0;0;0;0;0;0
2B223;Pietralba;94;2B;0;0;0;0;0;0;0;0;0;0;0;0;0;0;0;0;0;0;0;1;0;0;0;0;4;0;0;2;2;1;0;0;0;1;0;0;0
2B224;Pietracorbara;94;2B;0;0;0;0;0;0;0;0;0;0;0;0;0;0;0;0;0;0;0;0;0;0;0;0;12;1;0;2;2;0;1;0;0;7;2;0;0
2B225;Pietra-di-Verde;94;2B;0;0;0;0;0;0;0;0;0;0;0;0;0;0;0;0;0;1;0;0;0;0;0;0;1;1;0;0;0;0;0;0;0;1;0;0;0
2B226;Pietraserena;94;2B;0;0;0;0;0;0;0;0;0;0;0;0;0;0;0;0;0;0;0;0;0;0;0;0;1;0;0;0;0;0;0;0;0;2;0;0;0
2B227;Pietricaggio;94;2B;0;0;0;0;0;0;0;0;0;0;0;0;0;0;0;0;0;0;0;0;0;0;0;0;1;1;0;0;0;0;0;0;0;0;0;0;0
2B229;Pietroso;94;2B;0;0;0;0;0;0;0;0;0;0;0;0;0;0;0;0;0;0;0;0;0;0;0;0;2;1;0;1;0;0;0;0;0;0;1;0;0
2B230;Piève;94;2B;0;0;0;0;0;0;0;0;0;0;0;0;0;0;0;0;0;0;0;0;0;0;0;0;1;0;0;0;0;0;0;0;0;1;0;0;0
2B231;Pigna;94;2B;0;0;0;0;0;0;0;0;0;0;0;0;0;0;0;0;0;0;0;0;0;0;0;0;2;1;0;0;1;0;0;0;0;3;0;0;0
2B233;Pino;94;2B;0;0;0;0;0;0;0;0;0;0;0;0;0;0;0;0;0;1;0;0;0;0;0;0;2;1;0;0;1;0;0;0;0;3;1;0;0
2B234;Piobetta;94;2B;0;0;0;0;0;0;0;0;0;0;0;0;0;0;0;0;0;0;0;0;0;0;0;0;0;0;0;0;0;0;0;0;0;1;0;0;0
2B235;Pioggiola;94;2B;0;0;0;0;0;0;0;0;0;0;0;0;0;0;0;0;0;0;0;0;0;0;0;0;0;0;0;0;0;0;0;0;0;1;0;0;0
2B236;Poggio-di-Nazza;94;2B;0;0;0;0;0;0;0;0;0;0;0;0;0;0;0;0;0;1;0;0;0;0;0;0;2;0;0;1;0;0;1;0;0;1;2;0;0
2B238;Poggio-di-Venaco;94;2B;0;0;0;0;0;0;0;0;0;0;0;0;0;0;0;0;0;0;0;1;0;0;0;0;2;0;0;0;0;0;0;0;0;2;0;0;0
2B239;Poggio-d'Oletta;94;2B;0;0;0;0;0;0;0;0;0;0;0;0;0;0;0;0;0;0;0;0;0;0;0;0;0;0;0;1;1;0;0;0;0;0;0;0;0
2B241;Poggio-Marinaccio;94;2B;0;0;0;0;0;0;0;0;0;0;0;0;0;0;0;0;0;0;0;0;0;0;0;0;0;0;0;1;0;0;0;0;0;0;0;0;0
2B242;Poggio-Mezzana;94;2B;0;0;0;0;0;0;0;0;0;0;0;0;0;0;0;0;0;0;0;0;2;0;0;0;9;1;0;2;2;2;2;0;0;3;0;0;2
2B243;Polveroso;94;2B;0;0;0;0;0;0;0;0;0;0;0;0;0;0;0;0;0;0;0;0;0;0;0;0;1;0;0;0;0;0;0;0;0;0;0;0;0
2B244;Popolasca;94;2B;0;0;0;0;0;0;0;0;0;0;0;0;0;0;0;0;0;0;0;0;0;0;0;0;0;0;0;1;0;0;0;0;0;1;0;0;0
2B245;Porri;94;2B;0;0;0;0;0;0;0;0;0;0;0;0;0;0;0;0;0;0;0;0;0;0;0;0;0;0;0;0;1;0;0;0;0;0;0;0;0
2B246;La Porta;94;2B;0;0;0;0;0;0;0;0;0;0;0;0;0;0;0;0;0;1;0;0;0;0;0;0;4;1;1;0;2;0;0;0;0;5;0;0;0
2B248;Prato-di-Giovellina;94;2B;0;0;0;0;0;0;0;0;0;0;0;0;0;0;0;0;0;0;0;0;0;0;0;0;0;0;0;0;1;0;0;0;0;0;0;0;0
2B250;Prunelli-di-Casacconi;94;2B;0;0;0;0;0;0;0;0;0;0;0;0;0;0;0;0;1;1;0;0;0;0;0;0;4;0;0;1;0;0;0;0;0;1;0;0;0
2B251;Prunelli-di-Fiumorbo;94;2B;0;0;0;0;0;0;0;0;0;0;0;1;0;0;0;0;3;1;0;1;8;1;0;1;32;8;8;7;2;4;5;3;0;17;3;1;6
2B252;Pruno;94;2B;0;0;0;0;0;0;0;0;0;0;0;0;0;0;0;0;0;0;0;0;0;0;0;0;2;2;1;1;0;0;0;0;0;2;0;0;0
2B255;Quercitello;94;2B;0;0;0;0;0;0;0;0;0;0;0;0;0;0;0;0;0;0;0;0;0;0;0;0;1;0;0;0;0;0;0;0;0;1;0;0;0
2B256;Rapaggio;94;2B;0;0;0;0;0;0;0;0;0;0;0;0;0;0;0;0;0;0;0;0;0;0;0;0;0;0;0;0;0;0;0;0;0;0;0;0;0
2B257;Rapale;94;2B;0;0;0;0;0;0;0;0;0;0;0;0;0;0;0;0;0;0;0;0;0;0;0;0;1;0;0;4;2;0;0;0;0;2;0;0;0
2B260;Riventosa;94;2B;0;0;0;0;0;0;0;0;0;0;0;0;0;0;0;0;0;0;0;0;0;0;0;0;0;0;0;1;2;0;0;0;0;0;0;0;0
2B261;Rogliano;94;2B;0;0;0;0;0;0;0;0;0;0;0;1;0;0;0;0;0;2;0;0;2;0;0;0;7;0;1;1;1;0;1;0;0;13;0;2;0
2B263;Rospigliani;94;2B;0;0;0;0;0;0;0;0;0;0;0;0;0;0;0;0;0;0;0;0;0;0;0;0;1;0;0;0;0;0;0;0;0;0;0;0;0
2B264;Rusio;94;2B;0;0;0;0;0;0;0;0;0;0;0;0;0;0;0;0;0;0;0;0;0;0;0;0;0;0;0;1;0;0;0;0;0;0;0;0;0
2B265;Rutali;94;2B;0;0;0;0;0;0;0;0;0;0;0;0;0;0;0;0;0;0;1;0;0;0;0;0;3;0;2;2;0;1;0;0;0;2;0;0;0
2B267;Saliceto;94;2B;0;0;0;0;0;0;0;0;0;0;0;0;0;0;0;0;0;0;0;0;0;0;0;0;0;0;0;0;0;0;0;0;0;1;0;0;0
2B273;Scata;94;2B;0;0;0;0;0;0;0;0;0;0;0;0;0;0;0;0;0;0;0;0;0;0;0;0;1;0;0;0;1;0;0;0;0;0;0;0;0
2B274;Scolca;94;2B;0;0;0;0;0;0;0;0;0;0;0;0;0;0;0;0;0;0;0;0;0;0;0;0;1;0;0;1;0;0;0;0;0;0;0;0;0
2B275;Sermano;94;2B;0;0;0;0;0;0;0;0;0;0;0;0;0;0;0;0;0;1;0;0;0;0;0;0;0;0;0;0;0;0;0;0;0;1;0;0;0
2B277;Serra-di-Fiumorbo;94;2B;0;0;0;0;0;0;0;0;0;0;0;0;0;0;0;0;0;0;0;0;3;0;0;0;0;0;1;3;3;0;0;0;0;1;0;0;2
2B280;Silvareccio;94;2B;0;0;0;0;0;0;0;0;0;0;0;0;0;0;0;0;0;0;0;0;0;0;0;0;1;2;1;0;0;0;0;0;0;0;0;0;0
2B281;Sisco;94;2B;0;0;0;0;0;0;0;0;0;0;0;1;0;0;0;0;0;1;0;0;2;0;0;1;6;6;0;3;3;0;5;0;0;5;0;0;3
2B283;Solaro;94;2B;0;0;0;0;0;0;0;0;0;0;0;0;0;0;0;0;0;0;0;1;2;0;0;0;2;0;0;3;3;2;0;0;0;9;1;0;0
2B286;Sorbo-Ocagnano;94;2B;0;0;0;0;0;0;0;0;0;0;0;0;0;0;0;0;0;0;0;0;6;0;0;0;6;2;3;4;2;1;1;0;0;5;1;0;0
2B287;Sorio;94;2B;0;0;0;0;0;0;0;0;0;0;0;0;0;0;0;0;0;0;0;0;0;0;0;0;0;0;0;0;0;0;0;0;0;0;0;0;0
2B289;Soveria;94;2B;0;0;0;0;0;0;0;0;0;0;0;0;0;0;0;0;0;0;0;0;0;0;0;0;3;0;0;0;0;0;0;0;0;1;0;0;0
2B290;Speloncato;94;2B;0;0;0;0;0;0;0;0;0;0;0;0;0;0;0;0;0;0;0;1;0;0;0;0;4;0;1;3;0;0;0;0;0;3;0;0;0
2B291;Stazzona;94;2B;0;0;0;0;0;0;0;0;0;0;0;0;0;0;0;0;0;0;0;0;0;0;0;0;0;0;0;0;1;0;0;0;0;0;0;0;0
2B292;Sant'Andréa-di-Bozio;94;2B;0;0;0;0;0;0;0;0;0;0;0;0;0;0;0;0;0;0;0;0;0;0;0;0;0;0;0;1;0;0;0;0;0;0;0;0;0
2B293;Sant'Andréa-di-Cotone;94;2B;0;0;0;0;0;0;0;0;0;0;0;0;0;0;0;0;0;0;0;1;0;0;0;0;0;0;0;0;2;0;1;0;0;0;0;0;0
2B296;Sant'Antonino;94;2B;0;0;0;0;0;0;0;0;0;0;0;0;0;0;0;0;0;0;0;0;0;0;0;0;3;1;0;0;0;0;0;0;0;7;0;0;1
2B297;San-Damiano;94;2B;0;0;0;0;0;0;0;0;0;0;0;0;0;0;0;0;0;0;0;0;0;0;0;0;0;0;0;0;0;0;0;0;0;0;0;0;0
2B298;Saint-Florent;94;2B;0;1;0;0;0;0;0;0;0;0;1;0;0;0;0;2;0;1;0;0;4;0;1;2;13;5;2;5;8;2;7;0;0;44;3;2;7
2B299;San-Gavino-d'Ampugnani;94;2B;0;0;0;0;0;0;0;0;0;0;0;0;0;0;0;0;0;0;0;0;0;0;0;0;2;1;0;0;0;0;0;0;0;0;0;0;0
2B301;San-Gavino-di-Tenda;94;2B;0;0;0;0;0;0;0;0;0;0;0;0;0;0;0;0;0;0;0;0;0;0;0;0;0;0;0;0;0;0;0;0;0;0;0;0;0
2B302;San-Giovanni-di-Moriani;94;2B;0;0;0;0;0;0;0;0;0;0;0;0;0;0;0;0;0;0;0;0;0;0;0;0;3;0;0;0;0;0;0;0;0;1;0;0;0
2B303;San-Giuliano;94;2B;0;0;0;0;0;0;0;0;0;0;0;0;0;0;0;0;0;0;0;1;1;0;0;0;9;0;1;1;0;0;2;0;0;8;0;0;1
2B304;San-Lorenzo;94;2B;0;0;0;0;0;0;0;0;0;0;0;0;0;0;0;0;0;0;0;1;0;0;0;0;0;0;1;0;0;0;0;0;0;1;0;0;0
2B305;San-Martino-di-Lota;94;2B;0;0;0;0;0;0;0;0;0;0;0;0;0;0;0;0;0;1;0;1;1;0;0;0;12;3;3;10;1;2;3;0;0;9;2;1;5
2B306;Santa-Lucia-di-Mercurio;94;2B;0;0;0;0;0;0;0;0;0;0;0;0;0;0;0;0;0;0;0;0;0;0;0;0;2;0;1;1;0;0;0;0;0;0;0;0;0
2B307;Santa-Lucia-di-Moriani;94;2B;0;0;0;0;0;0;0;0;0;0;0;0;0;0;0;0;0;0;0;0;3;0;0;0;7;3;2;2;8;2;0;0;0;12;2;1;1
2B309;Santa-Maria-di-Lota;94;2B;0;0;0;0;0;0;0;0;0;0;0;0;0;0;0;0;0;0;0;0;3;0;1;0;6;4;1;8;9;0;1;0;0;2;3;0;2
2B311;Santa-Maria-Poggio;94;2B;0;0;0;0;0;0;0;0;0;0;0;0;0;0;0;0;0;0;0;0;2;0;0;0;0;2;0;3;4;1;0;0;0;11;2;1;1
2B313;San-Nicolao;94;2B;0;0;0;0;0;0;0;0;0;0;0;0;0;0;0;2;1;1;0;0;4;0;1;2;16;5;3;5;15;2;5;1;0;27;5;0;2
2B314;Santo-Pietro-di-Tenda;94;2B;0;0;0;0;0;0;0;0;0;0;0;0;0;0;0;0;0;1;0;0;0;0;0;0;2;1;1;1;0;0;1;0;0;7;0;0;0
2B315;Santo-Pietro-di-Venaco;94;2B;0;0;0;0;0;0;0;0;0;0;0;0;0;0;0;0;0;0;0;0;1;0;0;0;2;0;2;1;1;0;0;0;0;1;0;0;0
2B316;Santa-Reparata-di-Balagna;94;2B;0;0;0;0;0;0;0;0;0;0;0;0;0;0;0;0;0;0;0;0;1;0;0;0;8;2;0;2;3;0;3;0;0;3;1;0;1
2B317;Santa-Reparata-di-Moriani;94;2B;0;0;0;0;0;0;0;0;0;0;0;0;0;0;0;0;0;0;0;0;0;0;0;0;1;0;0;2;0;0;0;0;0;0;0;0;0
2B318;Taglio-Isolaccio;94;2B;0;0;0;0;0;0;0;0;0;0;0;0;0;0;0;0;0;0;0;0;0;0;0;0;3;0;1;2;5;0;1;1;0;4;1;0;0
2B319;Talasani;94;2B;0;0;0;0;0;0;0;0;0;0;0;0;0;0;0;0;0;0;0;0;3;0;0;0;11;2;4;3;6;0;1;0;0;3;1;0;0
2B320;Tallone;94;2B;0;0;0;0;0;0;0;0;0;0;0;0;0;0;0;0;0;0;0;1;0;0;0;1;3;0;0;0;1;1;0;0;0;2;0;1;0
2B321;Tarrano;94;2B;0;0;0;0;0;0;0;0;0;0;0;0;0;0;0;0;0;0;0;0;0;0;0;0;0;0;0;0;0;0;0;0;0;0;0;0;0
2B327;Tomino;94;2B;0;0;0;0;0;0;0;0;0;0;0;0;0;0;0;0;0;0;0;0;0;0;0;0;4;0;0;1;0;0;1;0;0;0;0;0;0
2B328;Tox;94;2B;0;0;0;0;0;0;0;0;0;0;0;0;0;0;0;0;0;0;0;1;0;0;0;0;0;0;1;1;0;0;0;0;0;0;0;0;0
2B329;Tralonca;94;2B;0;0;0;0;0;0;0;0;0;0;0;0;0;0;0;0;0;0;0;0;0;0;0;0;2;0;0;0;0;0;0;0;0;0;1;0;0
2B332;Urtaca;94;2B;0;0;0;0;0;0;0;0;0;0;0;0;0;0;0;0;0;0;0;1;1;0;0;0;1;1;1;0;1;0;0;0;0;0;0;0;0
2B333;Vallecalle;94;2B;0;0;0;0;0;0;0;0;0;0;0;0;0;0;0;0;0;0;0;0;0;0;0;0;1;0;0;1;0;0;0;0;0;0;1;0;0
2B334;Valle-d'Alesani;94;2B;0;0;0;0;0;0;0;0;0;0;0;0;0;0;0;0;0;0;0;1;1;0;0;0;2;0;0;0;1;0;0;0;0;1;0;0;0
2B335;Valle-di-Campoloro;94;2B;0;0;0;0;0;0;0;0;0;0;0;0;0;0;0;0;2;0;0;0;1;0;0;0;8;1;0;1;2;0;0;0;0;2;1;2;2
2B337;Valle-di-Rostino;94;2B;0;0;0;0;0;0;0;0;0;0;0;0;0;0;0;0;0;0;0;0;0;0;0;0;2;0;0;1;1;0;0;0;0;3;0;0;0
2B338;Valle-d'Orezza;94;2B;0;0;0;0;0;0;0;0;0;0;0;0;0;0;0;0;0;0;0;0;0;0;0;0;0;0;0;0;0;0;0;0;0;0;0;0;0
2B339;Vallica;94;2B;0;0;0;0;0;0;0;0;0;0;0;0;0;0;0;0;0;0;0;0;0;0;0;0;0;0;0;0;0;0;0;0;0;0;0;0;0
2B340;Velone-Orneto;94;2B;0;0;0;0;0;0;0;0;0;0;0;0;0;0;0;0;0;0;0;0;0;0;0;0;1;0;1;0;0;0;0;0;0;1;0;0;0
2B341;Venaco;94;2B;0;1;0;0;0;0;0;0;0;0;0;0;0;0;0;0;1;1;0;0;0;0;0;0;2;2;2;2;1;1;2;0;0;3;0;0;1
2B342;Ventiseri;94;2B;0;1;0;0;0;0;0;0;0;0;0;0;0;0;0;0;0;1;0;1;1;1;0;0;13;5;2;6;4;2;4;0;0;12;0;0;2
2B343;Venzolasca;94;2B;0;0;0;0;0;0;0;0;0;0;0;0;0;0;0;0;0;0;0;1;1;0;0;1;6;2;2;2;4;0;1;0;0;10;1;0;2
2B344;Verdèse;94;2B;0;0;0;0;0;0;0;0;0;0;0;0;0;0;0;0;0;0;0;0;0;0;0;0;0;0;0;0;0;0;0;0;0;1;0;0;0
2B346;Vescovato;94;2B;0;0;0;0;0;0;0;0;0;0;0;0;0;0;0;0;0;2;0;0;5;0;0;1;14;8;4;5;11;0;4;2;0;12;0;0;2
2B347;Vezzani;94;2B;0;1;0;0;0;0;0;0;0;0;0;0;0;0;0;0;0;1;0;0;0;0;0;0;4;0;0;1;3;0;0;0;0;1;0;0;0
2B350;Vignale;94;2B;0;0;0;0;0;0;0;0;0;0;0;0;0;0;0;0;0;0;0;0;0;0;1;0;0;0;0;0;0;0;1;0;0;2;0;0;0
2B352;Ville-di-Paraso;94;2B;0;0;0;0;0;0;0;0;0;0;0;0;0;0;0;0;0;0;0;1;0;0;0;0;2;0;0;1;3;0;0;0;0;1;0;0;0
2B353;Ville-di-Pietrabugno;94;2B;0;0;0;0;0;0;0;0;0;0;1;0;0;0;0;0;0;1;0;0;5;1;0;0;14;6;4;7;9;1;3;1;0;16;3;0;4
2B354;Vivario;94;2B;0;0;0;0;0;0;0;0;0;0;0;0;0;0;0;0;0;1;0;0;0;0;0;0;4;0;1;0;0;0;0;0;0;7;0;0;1
2B355;Volpajola;94;2B;0;0;0;0;0;0;0;0;0;0;0;0;0;0;0;0;0;0;0;0;1;0;0;0;1;1;1;1;3;2;0;0;0;1;1;0;1
2B356;Zalana;94;2B;0;0;0;0;0;0;0;0;0;0;0;0;0;0;0;0;0;1;0;0;0;0;0;0;0;0;0;0;0;0;0;0;0;1;0;0;0
2B361;Zilia;94;2B;0;0;0;0;0;0;0;0;0;0;0;0;0;0;0;0;0;0;0;0;2;0;0;0;2;0;0;0;1;0;0;0;0;1;0;0;0
2B364;Zuani;94;2B;0;0;0;0;0;0;0;0;0;0;0;0;0;0;0;0;0;0;0;0;0;0;0;0;0;0;0;0;0;0;0;0;0;1;0;0;0
2B365;San-Gavino-di-Fiumorbo;94;2B;0;0;0;0;0;0;0;0;0;0;0;0;0;0;0;0;0;0;0;1;0;0;0;0;2;0;0;0;0;1;0;0;0;0;0;0;0
2B366;Chisa;94;2B;0;0;0;0;0;0;0;0;0;0;0;0;0;0;0;0;0;0;0;0;0;0;0;0;0;0;0;0;0;0;0;0;0;1;0;0;0
30001;Aigaliers;76;30;0;0;0;0;0;0;0;0;0;0;0;0;0;0;0;0;0;0;0;0;1;0;0;0;5;2;2;2;1;1;0;0;0;3;1;0;0
30002;Aigremont;76;30;0;0;0;0;0;0;0;0;0;0;0;0;0;0;0;0;0;0;0;0;0;0;0;0;3;2;1;0;2;0;0;0;0;4;1;0;0
30003;Aigues-Mortes;76;30;0;1;0;0;0;0;0;0;0;0;1;0;0;0;0;5;1;1;0;0;17;2;0;3;22;14;12;14;13;5;19;2;0;86;14;1;14
30004;Aigues-Vives;76;30;0;0;0;0;0;0;0;0;0;0;0;0;0;0;0;0;0;1;0;0;4;1;0;1;12;4;8;3;5;1;7;0;0;2;5;0;3
30005;Aiguèze;76;30;0;0;0;0;0;0;0;0;0;0;0;0;0;0;0;0;0;0;0;0;0;0;0;0;0;1;0;0;1;1;0;0;0;5;0;0;0
30006;Aimargues;76;30;0;1;0;0;0;0;0;0;0;0;0;0;0;0;0;2;0;1;0;0;6;0;0;1;19;14;8;10;16;4;8;1;1;20;7;1;7
30007;Alès;76;30;1;0;0;1;1;1;0;0;0;0;1;2;0;0;0;27;15;3;0;0;80;6;7;13;121;66;39;45;47;21;106;3;21;207;50;7;51
30008;Allègre-les-Fumades;76;30;0;0;0;0;0;0;0;0;0;0;0;0;0;0;0;0;0;0;0;0;0;0;0;0;5;1;1;0;0;0;0;0;0;7;0;0;1
30009;Alzon;76;30;0;0;0;0;0;0;0;0;0;0;0;0;0;0;0;0;0;0;0;1;0;0;0;0;2;0;2;0;1;0;0;0;0;1;0;0;0
30010;Anduze;76;30;0;1;0;0;0;0;0;0;0;0;1;0;1;0;0;4;1;1;0;0;2;1;0;2;18;10;9;5;4;3;5;1;0;44;8;1;5
30011;Les Angles;76;30;0;0;0;0;0;0;0;0;0;0;0;0;0;0;0;10;3;1;0;0;19;2;2;4;25;13;12;11;13;6;18;4;1;37;21;7;9
30012;Aramon;76;30;0;1;0;0;0;0;0;0;0;0;1;0;1;0;0;2;2;1;0;0;9;0;0;2;13;15;6;11;8;0;7;1;0;14;5;0;6
30013;Argilliers;76;30;0;0;0;0;0;0;0;0;0;0;0;0;0;0;0;0;0;0;0;0;1;0;0;0;5;1;2;2;0;1;0;0;0;4;0;0;1
30014;Arpaillargues-et-Aureillac;76;30;0;0;0;0;0;0;0;0;0;0;0;0;0;0;0;0;0;0;0;0;1;0;0;0;11;4;6;4;4;1;1;0;0;2;4;0;3
30015;Arphy;76;30;0;0;0;0;0;0;0;0;0;0;0;0;0;0;0;0;0;0;0;0;0;0;0;0;2;0;2;1;0;0;0;0;0;0;0;0;0
30016;Arre;76;30;0;0;0;0;0;0;0;0;0;0;0;0;0;0;0;0;0;0;0;1;0;0;0;0;1;1;0;2;1;0;1;0;0;2;0;0;0
30017;Arrigas;76;30;0;0;0;0;0;0;0;0;0;0;0;0;0;0;0;0;0;0;0;0;0;0;0;0;3;1;0;3;0;0;0;0;0;0;1;0;0
30018;Aspères;76;30;0;0;0;0;0;0;0;0;0;0;0;0;0;0;0;0;0;0;0;0;0;0;0;0;4;2;3;1;4;0;1;0;0;1;2;0;0
30019;Aubais;76;30;0;0;0;0;0;0;0;0;0;0;0;0;0;0;0;0;0;1;0;0;3;0;0;0;13;11;7;10;7;3;2;0;0;7;2;0;4
30020;Aubord;76;30;0;0;0;0;0;0;0;0;0;0;0;0;0;0;0;0;0;1;0;0;7;2;0;0;10;3;5;0;7;0;3;0;0;3;0;1;3
30021;Aubussargues;76;30;0;0;0;0;0;0;0;0;0;0;0;0;0;0;0;0;0;0;0;0;0;0;0;0;6;2;2;1;0;0;0;0;0;0;0;0;0
30022;Aujac;76;30;0;0;0;0;0;0;0;0;0;0;0;0;0;0;0;0;0;0;0;0;0;0;0;0;2;0;0;0;1;0;0;0;0;1;0;0;0
30023;Aujargues;76;30;0;0;0;0;0;0;0;0;0;0;0;0;0;0;0;0;0;0;0;0;0;0;0;0;3;3;3;5;5;0;1;0;0;2;1;0;1
30024;Aulas;76;30;0;0;0;0;0;0;0;0;0;0;0;0;0;0;0;0;0;0;0;1;0;0;0;0;2;1;0;1;0;0;1;0;0;1;0;1;0
30025;Aumessas;76;30;0;0;0;0;0;0;0;0;0;0;0;0;0;0;0;0;0;0;0;1;0;0;0;0;0;0;0;0;1;1;0;0;0;2;0;0;1
30026;Avèze;76;30;0;0;0;0;0;0;0;0;0;0;0;0;0;0;0;0;1;0;0;1;2;0;0;0;7;2;5;0;2;0;1;0;0;4;1;0;0
30027;Bagard;76;30;0;0;0;0;0;0;0;0;0;0;0;0;0;0;0;0;0;1;0;0;3;0;0;0;25;9;7;8;9;1;1;0;0;5;1;1;2
30028;Bagnols-sur-Cèze;76;30;1;1;0;0;0;0;0;0;0;0;3;1;0;1;0;14;4;2;0;0;29;4;2;6;41;31;20;15;18;9;39;3;10;69;21;5;26
30029;Barjac;76;30;0;1;0;0;0;0;0;0;0;0;0;0;0;0;0;2;1;1;0;0;5;1;0;1;8;2;1;3;2;0;6;1;0;16;4;1;2
30030;Baron;76;30;0;0;0;0;0;0;0;0;0;0;0;0;0;0;0;0;0;0;0;0;1;0;0;0;1;0;2;0;3;0;0;0;0;3;0;0;0
30031;La Bastide-d'Engras;76;30;0;0;0;0;0;0;0;0;0;0;0;0;0;0;0;0;0;0;0;1;0;0;0;0;1;0;0;1;0;0;0;0;0;0;0;0;0
30032;Beaucaire;76;30;1;0;0;0;0;0;0;0;0;0;1;1;0;0;0;9;6;1;0;0;30;3;0;5;58;55;21;30;32;6;26;6;1;54;9;5;23
30033;Beauvoisin;76;30;0;0;0;0;0;0;0;0;0;0;0;0;0;0;0;0;2;1;0;0;7;0;0;0;12;7;8;7;15;3;4;0;0;7;1;1;10
30034;Bellegarde;76;30;0;1;0;0;0;0;0;0;0;0;0;0;0;0;0;3;2;1;0;0;15;0;0;2;15;15;11;14;6;1;12;1;0;22;3;3;9
30035;Belvézet;76;30;0;0;0;0;0;0;0;0;0;0;0;0;0;0;0;0;0;0;0;0;0;0;0;1;1;1;0;1;1;0;0;0;0;1;3;0;0
30036;Bernis;76;30;0;1;0;0;0;0;0;0;0;0;0;0;0;0;0;0;0;1;0;0;15;2;1;1;10;7;9;8;5;1;5;2;0;6;2;1;5
30037;Bessèges;76;30;0;1;0;0;0;0;0;0;0;0;0;0;1;0;0;3;2;1;0;0;8;0;0;2;18;0;8;0;6;1;10;2;0;9;2;0;5
30038;Bez-et-Esparon;76;30;0;0;0;0;0;0;0;0;0;0;0;0;0;0;0;0;0;0;0;1;0;0;0;0;2;0;2;0;1;0;1;0;0;0;0;0;0
30039;Bezouce;76;30;0;0;0;0;0;0;0;0;0;0;0;0;0;0;0;0;0;1;0;0;2;0;0;1;7;9;2;10;0;1;2;0;0;6;0;0;2
30040;Blandas;76;30;0;0;0;0;0;0;0;0;0;0;0;0;0;0;0;0;0;0;0;0;0;0;0;0;0;0;0;0;0;0;0;0;0;1;0;0;0
30041;Blauzac;76;30;0;0;0;0;0;0;0;0;0;0;0;0;0;0;0;0;0;0;0;1;1;0;0;0;8;1;5;2;1;0;1;0;0;0;1;0;1
30042;Boisset-et-Gaujac;76;30;0;0;0;0;0;0;0;0;0;0;0;0;0;0;0;0;0;1;0;0;5;1;0;1;18;13;12;5;5;1;3;1;0;5;2;0;4
30043;Boissières;76;30;0;0;0;0;0;0;0;0;0;0;0;0;0;0;0;0;0;0;0;0;0;0;0;0;1;0;0;0;2;0;0;0;0;0;1;0;0
30044;Bonnevaux;76;30;0;0;0;0;0;0;0;0;0;0;0;0;0;0;0;0;0;0;0;0;0;0;0;0;1;0;0;0;0;0;0;0;0;0;0;0;0
30045;Bordezac;76;30;0;0;0;0;0;0;0;0;0;0;0;0;0;0;0;0;0;0;0;0;1;0;0;0;3;0;1;1;1;0;1;0;0;1;0;0;0
30046;Boucoiran-et-Nozières;76;30;0;1;0;0;0;0;0;0;0;0;0;0;0;0;0;0;0;0;0;1;2;0;0;1;3;5;1;0;3;0;2;0;0;0;0;0;0
30047;Bouillargues;76;30;0;1;0;0;0;0;0;0;0;0;0;0;0;0;0;2;3;1;0;0;13;0;0;3;24;11;6;21;13;1;9;2;0;6;5;0;8
30048;Bouquet;76;30;0;0;0;0;0;0;0;0;0;0;0;0;0;0;0;0;0;0;0;0;0;0;0;0;1;0;0;0;0;0;0;0;0;3;0;0;0
30049;Bourdic;76;30;0;0;0;0;0;0;0;0;0;0;0;0;0;0;0;0;1;0;0;1;1;0;0;0;1;1;0;1;0;0;1;0;0;2;0;0;0
30050;Bragassargues;76;30;0;0;0;0;0;0;0;0;0;0;0;0;0;0;0;0;0;0;0;0;0;0;0;0;1;0;0;0;0;0;0;0;0;1;0;0;0
30051;Branoux-les-Taillades;76;30;0;0;0;0;0;0;0;0;0;0;0;0;0;0;0;0;0;0;0;1;3;0;0;0;4;7;0;4;2;0;1;0;0;1;0;0;1
30052;Bréau-et-Salagosse;76;30;0;0;0;0;0;0;0;0;0;0;0;0;0;0;0;0;0;0;0;0;1;0;0;0;3;0;1;2;1;0;0;0;0;1;0;0;0
30053;Brignon;76;30;0;0;0;0;0;0;0;0;0;0;0;0;0;0;0;0;0;0;1;0;3;1;0;0;5;5;1;1;1;1;1;0;0;1;0;1;0
30054;Brouzet-lès-Quissac;76;30;0;0;0;0;0;0;0;0;0;0;0;0;0;0;0;0;0;0;0;0;0;0;0;0;1;0;1;1;0;1;0;0;0;1;0;0;0
30055;Brouzet-lès-Alès;76;30;0;0;0;0;0;0;0;0;0;0;0;0;0;0;0;0;0;0;0;1;0;0;0;0;3;1;0;1;3;2;0;0;0;4;1;0;0
30056;La Bruguière;76;30;0;0;0;0;0;0;0;0;0;0;0;0;0;0;0;0;0;0;0;1;0;0;0;0;2;1;2;0;0;0;0;0;0;0;1;0;0
30057;Cabrières;76;30;0;0;0;0;0;0;0;0;0;0;0;0;0;0;0;0;0;0;0;1;1;0;0;0;2;8;2;5;3;0;4;0;0;0;3;0;0
30058;La Cadière-et-Cambo;76;30;0;0;0;0;0;0;0;0;0;0;0;0;0;0;0;0;0;0;0;0;0;0;0;0;2;1;0;1;1;0;0;0;0;0;0;0;0
30059;Le Cailar;76;30;0;0;0;0;0;0;0;0;0;0;0;0;0;0;0;0;1;1;0;0;1;0;0;0;7;2;5;3;5;0;3;0;0;2;1;0;4
30060;Caissargues;76;30;0;0;0;0;0;0;0;0;0;0;0;0;0;0;0;2;1;1;0;0;12;1;0;2;17;2;9;9;9;4;7;0;0;8;6;1;4
30061;La Calmette;76;30;0;0;0;0;0;0;0;0;0;0;0;0;0;0;0;2;0;1;0;0;6;1;0;2;15;10;2;7;5;1;6;1;0;5;0;0;4
30062;Calvisson;76;30;0;1;0;0;0;0;0;0;0;0;0;0;0;0;0;2;1;1;0;0;7;1;0;4;20;7;9;7;11;5;12;2;0;16;6;1;8
30064;Campestre-et-Luc;76;30;0;0;0;0;0;0;0;0;0;0;0;0;0;0;0;0;0;0;0;0;0;0;0;0;2;0;0;1;1;1;0;0;0;0;0;0;0
30065;Canaules-et-Argentières;76;30;0;0;0;0;0;0;0;0;0;0;0;0;0;0;0;0;0;0;0;1;2;0;0;0;1;0;0;0;1;0;0;0;0;0;0;0;1
30066;Cannes-et-Clairan;76;30;0;0;0;0;0;0;0;0;0;0;0;0;0;0;0;0;0;0;0;0;0;0;0;0;2;2;0;0;2;0;0;0;0;1;1;0;0
30067;La Capelle-et-Masmolène;76;30;0;0;0;0;0;0;0;0;0;0;0;0;0;0;0;0;0;0;0;0;1;0;0;0;3;1;1;0;1;0;2;0;0;0;1;0;0
30068;Cardet;76;30;0;0;0;0;0;0;0;0;0;0;0;0;0;0;0;0;0;0;0;1;6;0;0;0;5;3;0;1;3;0;1;0;0;4;1;0;0
30069;Carnas;76;30;0;0;0;0;0;0;0;0;0;0;0;0;0;0;0;0;0;0;0;0;2;0;0;0;0;1;2;2;0;0;1;0;0;1;0;0;0
30070;Carsan;76;30;0;0;0;0;0;0;0;0;0;0;0;0;0;0;0;0;0;0;0;0;0;0;0;0;7;1;1;1;2;0;1;0;0;2;0;0;0
30071;Cassagnoles;76;30;0;0;0;0;0;0;0;0;0;0;0;0;0;0;0;0;0;0;0;0;0;0;0;0;1;2;0;0;1;0;0;0;0;0;0;0;0
30072;Castelnau-Valence;76;30;0;0;0;0;0;0;0;0;0;0;0;0;0;0;0;0;0;0;0;0;2;0;0;0;2;1;0;1;1;0;1;0;0;1;0;0;0
30073;Castillon-du-Gard;76;30;0;0;0;0;0;0;0;0;0;0;0;0;0;0;0;0;0;0;0;1;3;0;0;0;6;4;4;4;4;3;3;1;0;7;2;0;2
30074;Causse-Bégon;76;30;0;0;0;0;0;0;0;0;0;0;0;0;0;0;0;0;0;0;0;0;0;0;0;0;0;0;0;0;0;0;0;0;0;0;0;0;0
30075;Caveirac;76;30;0;0;0;0;0;0;0;0;0;0;0;0;0;0;0;3;2;1;0;0;4;1;0;1;17;13;4;7;9;2;8;0;0;4;7;1;9
30076;Cavillargues;76;30;0;0;0;0;0;0;0;0;0;0;0;0;0;0;0;0;0;1;0;0;0;0;0;0;3;1;0;1;2;0;3;0;0;1;1;0;2
30077;Cendras;76;30;0;0;0;0;0;0;0;0;0;0;0;0;0;0;0;0;0;1;0;0;3;0;0;0;9;3;5;2;1;0;2;0;0;1;1;0;1
30079;Chambon;76;30;0;0;0;0;0;0;0;0;0;0;0;0;0;0;0;0;0;0;0;0;0;0;0;0;1;0;0;1;1;0;0;0;0;1;0;0;0
30080;Chamborigaud;76;30;0;0;0;0;0;0;0;0;0;0;0;0;0;0;0;0;0;1;0;0;1;0;0;0;4;2;0;1;0;0;1;1;0;5;2;0;0
30081;Chusclan;76;30;0;0;0;0;0;0;0;0;0;0;0;0;0;0;0;0;0;0;0;1;1;0;1;0;1;3;1;0;1;0;2;0;0;6;0;0;3
30082;Clarensac;76;30;0;0;0;0;0;0;0;0;0;0;0;0;0;0;0;0;0;1;0;0;9;1;0;1;16;8;5;9;4;0;5;0;0;6;5;0;6
30083;Codognan;76;30;0;0;0;0;0;0;0;0;0;0;0;0;0;0;0;0;0;1;0;0;4;1;0;0;7;6;8;5;5;1;4;0;0;4;2;0;4
30084;Codolet;76;30;0;0;0;0;0;0;0;0;0;0;0;0;0;0;0;0;0;0;0;1;2;0;0;0;3;1;1;1;0;0;1;0;0;5;0;0;1
30085;Collias;76;30;0;0;0;0;0;0;0;0;0;0;0;0;0;0;0;0;0;0;0;1;0;0;0;0;6;1;2;1;2;1;0;0;0;6;3;0;1
30086;Collorgues;76;30;0;0;0;0;0;0;0;0;0;0;0;0;0;0;0;0;0;0;0;0;0;0;0;0;2;3;2;0;2;1;0;0;0;3;0;0;0
30087;Colognac;76;30;0;0;0;0;0;0;0;0;0;0;0;0;0;0;0;0;0;0;0;0;0;0;0;0;1;1;2;1;0;0;0;0;0;0;0;0;0
30088;Combas;76;30;0;0;0;0;0;0;0;0;0;0;0;0;0;0;0;0;0;0;0;0;0;0;0;0;1;3;2;3;2;0;0;0;0;0;0;0;0
30089;Comps;76;30;0;0;0;0;0;0;0;0;0;0;0;0;0;0;0;0;0;1;0;0;0;0;0;0;6;3;2;3;0;1;2;0;0;2;0;0;1
30090;Concoules;76;30;0;0;0;0;0;0;0;0;0;0;0;0;0;0;0;0;0;0;1;0;2;0;0;0;1;0;1;0;1;0;0;0;0;1;0;0;0
30091;Congénies;76;30;0;0;0;0;0;0;0;0;0;0;0;0;0;0;0;0;0;1;0;0;2;0;0;1;7;8;4;2;2;0;3;0;0;4;1;0;1
30092;Connaux;76;30;0;0;0;0;0;0;0;0;0;0;0;0;0;0;0;0;0;1;0;0;6;0;0;0;2;3;0;1;2;0;6;0;0;4;0;0;5
30093;Conqueyrac;76;30;0;0;0;0;0;0;0;0;0;0;0;0;0;0;0;0;0;0;0;0;0;0;0;0;2;0;0;0;0;0;0;0;0;0;0;0;0
30094;Corbès;76;30;0;0;0;0;0;0;0;0;0;0;0;0;0;0;0;0;0;0;0;0;0;0;0;0;1;0;1;1;0;1;0;0;0;1;0;0;0
30095;Corconne;76;30;0;0;0;0;0;0;0;0;0;0;0;0;0;0;0;0;0;0;0;1;1;0;0;0;1;0;1;2;2;0;1;0;0;2;1;0;0
30096;Cornillon;76;30;0;1;0;0;0;0;0;0;0;0;0;0;0;0;0;0;0;0;0;0;0;0;0;0;8;0;3;0;3;1;1;1;0;6;0;0;0
30097;Courry;76;30;0;0;0;0;0;0;0;0;0;0;0;0;0;0;0;0;0;0;0;0;1;0;0;0;1;2;0;1;1;0;0;0;0;3;1;0;0
30098;Crespian;76;30;0;0;0;0;0;0;0;0;0;0;0;0;0;0;0;0;0;0;0;0;1;0;0;0;3;2;0;3;2;0;1;0;0;3;1;0;0
30099;Cros;76;30;0;0;0;0;0;0;0;0;0;0;0;0;0;0;0;0;0;0;0;0;0;0;0;0;2;0;1;0;0;1;0;0;0;0;1;0;0
30100;Cruviers-Lascours;76;30;0;0;0;0;0;0;0;0;0;0;0;0;0;0;0;0;0;0;0;1;0;0;0;1;2;5;2;3;3;1;0;0;0;0;0;0;0
30101;Deaux;76;30;0;0;0;0;0;0;0;0;0;0;0;0;0;0;0;0;0;0;0;0;2;0;0;0;1;2;0;1;2;0;0;0;0;0;0;0;1
30102;Dions;76;30;0;0;0;0;0;0;0;0;0;0;0;0;0;0;0;0;0;0;0;0;0;0;0;0;1;0;2;2;2;0;1;1;0;2;0;0;1
30103;Domazan;76;30;0;0;0;0;0;0;0;0;0;0;0;0;0;0;0;0;0;0;0;1;5;0;0;0;6;4;3;2;6;2;1;0;0;0;1;0;0
30104;Domessargues;76;30;0;0;0;0;0;0;0;0;0;0;0;0;1;0;0;0;0;0;0;0;0;0;0;0;4;1;0;1;3;1;1;0;0;1;0;0;1
30105;Dourbies;76;30;0;0;0;0;0;0;0;0;0;0;0;0;0;0;0;0;0;0;0;1;0;0;0;0;1;0;1;1;0;2;0;0;0;0;0;0;0
30106;Durfort-et-Saint-Martin-de-Sossenac;76;30;0;0;0;0;0;0;0;0;0;0;0;0;0;0;0;0;0;0;0;1;2;0;0;0;4;1;2;2;1;1;1;0;0;3;1;0;0
30107;Estézargues;76;30;0;0;0;0;0;0;0;0;0;0;0;0;0;0;0;0;0;0;0;0;2;0;0;0;0;1;0;2;1;0;0;0;0;0;0;0;0
30108;L'Estréchure;76;30;0;0;0;0;0;0;0;0;0;0;0;0;0;0;0;0;0;0;0;1;0;0;0;0;2;1;1;0;1;0;0;0;0;1;0;0;0
30109;Euzet;76;30;0;0;0;0;0;0;0;0;0;0;0;0;0;0;0;0;0;0;0;1;1;0;0;0;7;1;1;1;0;0;0;0;0;2;0;0;1
30110;Flaux;76;30;0;0;0;0;0;0;0;0;0;0;0;0;0;0;0;0;0;0;0;0;0;0;0;0;1;1;2;1;1;0;0;0;0;1;0;0;0
30111;Foissac;76;30;0;0;0;0;0;0;0;0;0;0;0;0;0;0;0;0;0;0;0;0;1;0;0;1;2;2;1;0;1;0;0;0;0;2;1;0;1
30112;Fons;76;30;0;0;0;0;0;0;0;0;0;0;0;0;0;0;0;0;0;0;0;1;0;0;0;0;3;2;3;2;1;1;1;0;0;3;0;1;1
30113;Fons-sur-Lussan;76;30;0;0;0;0;0;0;0;0;0;0;0;0;0;0;0;0;0;0;0;0;0;0;0;0;2;1;0;0;1;0;0;0;0;2;0;0;0
30114;Fontanès;76;30;0;0;0;0;0;0;0;0;0;0;0;0;0;0;0;0;0;0;0;1;2;0;0;0;3;1;0;2;0;0;2;0;0;0;0;0;1
30115;Fontarèches;76;30;0;0;0;0;0;0;0;0;0;0;0;0;0;0;0;0;0;0;0;0;0;0;0;0;2;0;0;0;1;0;0;0;0;0;0;0;0
30116;Fournès;76;30;0;0;0;0;0;0;0;0;0;0;0;0;0;0;0;0;1;0;0;0;4;1;0;1;6;5;2;2;3;0;0;0;0;1;2;0;0
30117;Fourques;76;30;0;0;0;0;0;0;0;0;0;0;0;0;0;0;0;1;0;1;0;0;5;1;0;1;9;3;5;5;5;4;5;0;0;12;1;0;6
30119;Fressac;76;30;0;0;0;0;0;0;0;0;0;0;0;0;0;0;0;0;0;0;0;0;0;0;0;0;0;0;0;0;0;1;0;0;0;0;0;0;0
30120;Gagnières;76;30;0;0;0;0;0;0;0;0;0;0;0;0;0;0;0;0;1;1;0;0;2;0;0;0;7;4;3;3;4;2;1;0;0;6;0;0;1
30121;Gailhan;76;30;0;0;0;0;0;0;0;0;0;0;0;0;0;0;0;0;0;0;0;0;0;0;0;0;1;0;1;0;0;0;0;0;0;0;1;0;0
30122;Gajan;76;30;0;0;0;0;0;0;0;0;0;0;0;0;0;0;0;0;0;0;0;0;2;0;0;0;4;1;2;3;0;0;0;0;0;0;0;0;0
30123;Gallargues-le-Montueux;76;30;0;0;0;0;0;0;0;0;0;0;0;0;0;0;0;0;0;1;0;0;4;0;0;1;15;7;8;12;13;3;9;5;0;12;6;0;5
30124;Le Garn;76;30;0;0;0;0;0;0;0;0;0;0;0;0;0;0;0;0;0;0;0;0;0;0;0;0;2;0;1;0;0;0;0;0;0;1;0;0;0
30125;Garons;76;30;0;0;0;0;0;0;0;0;0;0;0;0;0;0;0;0;1;1;0;0;8;1;1;2;16;14;5;7;16;1;4;0;0;11;5;1;5
30126;Garrigues-Sainte-Eulalie;76;30;0;0;0;0;0;0;0;0;0;0;0;0;0;0;0;0;0;0;0;0;2;0;0;0;5;2;1;0;4;0;1;0;0;1;1;0;2
30127;Gaujac;76;30;0;0;0;0;0;0;0;0;0;0;0;0;0;0;0;0;0;0;0;0;1;0;1;0;5;0;0;2;2;0;1;0;0;3;0;0;0
30128;Générac;76;30;0;0;0;0;0;0;0;0;0;0;0;0;0;0;0;2;2;1;0;0;8;0;0;0;12;10;4;9;6;6;6;0;0;6;1;0;8
30129;Générargues;76;30;0;0;0;0;0;0;0;0;0;0;0;0;0;0;0;0;0;0;1;0;0;0;0;0;1;0;1;1;1;1;0;0;0;5;0;0;1
30130;Génolhac;76;30;0;1;0;0;0;0;0;0;0;0;1;0;0;0;0;0;3;1;0;0;3;1;0;1;4;1;2;0;1;0;2;0;0;5;1;0;1
30131;Goudargues;76;30;0;0;0;0;0;0;0;0;0;0;0;0;0;0;0;0;2;1;0;0;5;0;0;0;2;3;0;1;2;1;4;0;0;13;5;0;1
30132;La Grand-Combe;76;30;0;1;0;0;0;0;0;0;0;0;1;0;1;0;0;5;0;1;1;0;5;2;0;2;13;7;2;2;10;3;9;1;0;12;1;0;3
30133;Le Grau-du-Roi;76;30;0;1;0;0;0;0;0;0;0;0;0;0;0;0;0;10;2;3;0;0;6;1;1;10;8;20;9;21;18;6;29;1;1;230;45;8;13
30134;Issirac;76;30;0;0;0;0;0;0;0;0;0;0;0;0;0;0;0;0;0;0;0;0;0;0;0;0;0;2;0;1;0;0;0;0;0;3;0;0;1
30135;Jonquières-Saint-Vincent;76;30;0;0;0;0;0;0;0;0;0;0;0;0;0;0;0;0;0;1;0;0;8;0;0;1;18;15;8;9;8;0;4;1;0;4;2;0;4
30136;Junas;76;30;0;0;0;0;0;0;0;0;0;0;0;0;0;0;0;0;0;0;0;1;2;0;0;0;1;2;4;2;6;0;0;0;0;1;1;0;0
30137;Lamelouze;76;30;0;0;0;0;0;0;0;0;0;0;0;0;0;0;0;0;0;0;0;0;0;0;0;0;0;0;0;0;0;0;0;0;0;0;0;0;0
30138;Langlade;76;30;0;0;0;0;0;0;0;0;0;0;0;0;0;0;0;0;0;1;0;0;3;1;2;1;5;1;3;4;9;3;1;0;1;4;3;0;1
30139;Lanuéjols;76;30;0;0;0;0;0;0;0;0;0;0;0;0;0;0;0;0;0;0;0;1;2;0;0;0;2;0;0;0;1;0;0;0;0;1;0;0;0
30140;Lasalle;76;30;0;1;0;0;0;0;0;0;0;0;1;0;1;0;0;0;0;1;0;0;3;0;0;0;10;3;2;1;6;0;2;0;0;11;3;0;0
30141;Laudun-l'Ardoise;76;30;0;1;0;0;0;0;0;0;0;0;0;0;0;0;0;1;0;2;0;0;9;0;0;1;13;7;11;6;10;2;8;1;0;17;3;0;10
30142;Laval-Pradel;76;30;0;0;0;0;0;0;0;0;0;0;0;0;0;0;0;0;0;0;0;0;1;0;0;0;2;3;0;2;3;0;1;0;0;2;0;0;3
30143;Laval-Saint-Roman;76;30;0;0;0;0;0;0;0;0;0;0;0;0;0;0;0;0;0;0;0;0;0;0;0;0;3;0;0;0;0;0;0;0;0;2;0;0;0
30144;Lecques;76;30;0;0;0;0;0;0;0;0;0;0;0;0;0;0;0;0;0;0;0;0;0;0;0;0;2;1;0;0;1;0;1;0;0;2;0;0;0
30145;Lédenon;76;30;0;0;0;0;0;0;0;0;0;0;0;0;0;0;0;0;0;0;0;1;3;0;0;2;4;2;3;8;1;0;1;0;0;7;2;0;1
30146;Lédignan;76;30;0;0;0;0;0;0;0;0;0;0;1;0;1;0;0;1;0;1;0;0;2;0;0;1;7;6;1;3;3;2;5;0;0;6;1;0;0
30147;Lézan;76;30;0;0;0;0;0;0;0;0;0;0;0;0;0;0;0;0;0;1;0;0;0;0;0;0;4;3;3;2;1;0;3;0;0;6;2;0;1
30148;Liouc;76;30;0;0;0;0;0;0;0;0;0;0;0;0;0;0;0;0;0;0;0;0;0;0;0;0;3;2;1;0;1;0;0;0;0;0;0;0;0
30149;Lirac;76;30;0;0;0;0;0;0;0;0;0;0;0;0;0;0;0;0;0;0;0;1;1;0;0;0;3;1;0;1;1;1;1;0;0;0;0;0;0
30150;Logrian-Florian;76;30;0;0;0;0;0;0;0;0;0;0;0;0;0;0;0;0;0;0;0;0;0;0;0;0;0;1;1;0;1;0;0;0;0;1;1;0;0
30151;Lussan;76;30;0;1;0;0;0;0;0;0;0;0;0;0;0;0;0;0;0;0;0;1;2;0;0;0;3;2;0;1;0;0;0;0;1;4;0;0;1
30152;Les Mages;76;30;0;0;0;0;0;0;0;0;0;0;0;0;1;0;0;0;0;1;0;0;2;1;0;1;5;3;3;1;2;1;5;1;0;7;3;0;2
30153;Malons-et-Elze;76;30;0;0;0;0;0;0;0;0;0;0;0;0;0;0;0;0;0;0;0;0;0;0;0;0;0;0;1;0;1;0;0;0;0;0;0;0;0
30154;Mandagout;76;30;0;0;0;0;0;0;0;0;0;0;0;0;0;0;0;0;0;0;1;0;0;0;0;0;2;0;1;1;0;0;0;0;0;0;0;0;0
30155;Manduel;76;30;0;0;0;0;0;0;0;0;0;0;0;0;0;0;0;1;0;1;0;0;7;0;0;1;27;15;4;16;21;3;11;2;0;9;4;0;5
30156;Marguerittes;76;30;0;1;0;0;0;0;0;0;0;0;0;0;0;0;0;4;4;1;0;0;31;3;0;2;25;29;13;17;19;6;12;2;0;19;6;0;8
30157;Mars;76;30;0;0;0;0;0;0;0;0;0;0;0;0;0;0;0;0;0;0;0;0;0;0;0;0;1;0;0;0;0;0;0;0;0;0;0;0;0
30158;Martignargues;76;30;0;0;0;0;0;0;0;0;0;0;0;0;0;0;0;0;0;0;0;0;0;0;0;0;0;2;1;1;3;0;1;0;0;0;0;0;1
30159;Le Martinet;76;30;0;0;0;0;0;0;0;0;0;0;0;0;1;0;0;0;0;1;0;0;0;0;0;0;1;0;1;2;1;0;1;0;0;1;0;0;0
30160;Maruéjols-lès-Gardon;76;30;0;0;0;0;0;0;0;0;0;0;0;0;0;0;0;0;0;0;0;0;0;0;0;0;1;2;1;0;0;0;1;0;0;3;0;1;0
30161;Massanes;76;30;0;0;0;0;0;0;0;0;0;0;0;0;0;0;0;0;0;0;0;0;0;0;0;0;0;1;0;0;0;0;0;0;0;1;0;0;0
30162;Massillargues-Attuech;76;30;0;0;0;0;0;0;0;0;0;0;0;0;0;0;0;0;0;0;0;1;0;0;0;0;2;0;0;1;0;0;0;0;0;4;2;0;0
30163;Mauressargues;76;30;0;0;0;0;0;0;0;0;0;0;0;0;0;0;0;0;0;0;0;0;1;0;0;0;0;0;0;0;0;0;0;0;0;0;0;0;0
30164;Méjannes-le-Clap;76;30;0;0;0;0;0;0;0;0;0;0;0;0;0;0;0;0;0;0;0;1;0;0;0;1;7;2;0;2;2;0;1;0;0;6;0;0;0
30165;Méjannes-lès-Alès;76;30;0;0;0;0;0;0;0;0;0;0;0;0;0;0;0;0;1;0;0;1;3;0;0;0;9;5;3;0;3;3;1;0;0;4;1;0;0
30166;Meynes;76;30;0;0;0;0;0;0;0;0;0;0;0;0;0;0;0;0;0;1;0;0;4;1;0;0;5;4;4;7;3;1;3;0;0;5;1;0;1
30167;Meyrannes;76;30;0;0;0;0;0;0;0;0;0;0;0;0;0;0;0;0;1;0;0;0;0;0;0;0;2;3;1;0;4;0;0;0;0;2;0;0;0
30168;Mialet;76;30;0;0;0;0;0;0;0;0;0;0;0;0;0;0;0;0;0;0;0;1;0;0;0;0;2;1;1;0;1;1;0;0;0;2;2;0;0
30169;Milhaud;76;30;0;0;0;0;0;0;0;0;0;0;0;0;0;0;0;2;1;1;0;0;16;0;1;2;12;9;8;7;8;0;10;1;0;15;5;2;10
30170;Molières-Cavaillac;76;30;0;0;0;0;0;0;0;0;0;0;0;0;0;0;0;0;0;0;0;0;2;0;0;0;5;1;2;2;3;0;0;0;0;1;0;1;0
30171;Molières-sur-Cèze;76;30;0;0;0;0;0;0;0;0;0;0;0;0;0;0;0;0;1;1;0;0;3;0;0;0;8;7;2;0;2;1;2;0;0;6;0;0;2
30172;Monoblet;76;30;0;0;0;0;0;0;0;0;0;0;0;0;0;0;0;0;0;0;0;1;0;0;0;0;4;0;2;4;3;1;0;0;0;2;0;0;0
30173;Mons;76;30;0;0;0;0;0;0;0;0;0;0;0;0;0;0;0;0;0;0;0;0;2;0;0;0;6;5;0;4;1;1;0;0;0;0;0;0;0
30174;Montaren-et-Saint-Médiers;76;30;0;0;0;0;0;0;0;0;0;0;0;0;0;0;0;0;0;1;0;0;5;0;0;0;11;2;3;6;4;1;3;1;0;4;1;0;1
30175;Montclus;76;30;0;0;0;0;0;0;0;0;0;0;0;0;0;0;0;0;0;0;0;0;0;0;0;0;2;1;1;0;1;1;0;0;0;5;0;0;1
30176;Montdardier;76;30;0;0;0;0;0;0;0;0;0;0;0;0;0;0;0;0;0;0;0;1;0;0;0;0;1;0;0;0;0;0;0;0;0;1;0;0;0
30177;Monteils;76;30;0;0;0;0;0;0;0;0;0;0;0;0;0;0;0;0;1;0;0;0;1;0;1;1;3;1;3;5;1;1;0;0;0;0;0;0;1
30178;Montfaucon;76;30;0;0;0;0;0;0;0;0;0;0;0;0;0;0;0;0;1;0;0;1;1;0;0;0;2;4;4;2;3;0;1;0;0;3;0;0;2
30179;Montfrin;76;30;0;1;0;0;0;0;0;0;0;0;0;0;0;0;0;1;1;1;0;0;5;0;0;1;21;6;0;6;6;1;3;0;0;4;0;0;4
30180;Montignargues;76;30;0;0;0;0;0;0;0;0;0;0;0;0;0;0;0;0;0;0;0;0;0;0;0;0;1;0;2;0;1;0;0;0;0;0;0;0;0
30181;Montmirat;76;30;0;0;0;0;0;0;0;0;0;0;0;0;0;0;0;0;0;0;0;0;2;0;0;0;0;1;1;1;0;0;0;0;0;1;0;0;0
30182;Montpezat;76;30;0;0;0;0;0;0;0;0;0;0;0;0;0;0;0;0;0;0;0;0;2;0;1;0;3;4;3;2;7;1;2;0;0;1;0;0;2
30183;Moulézan;76;30;0;0;0;0;0;0;0;0;0;0;0;0;0;0;0;0;0;0;0;1;1;0;0;0;3;1;3;0;1;0;0;0;0;1;1;0;1
30184;Moussac;76;30;0;0;0;0;0;0;0;0;0;0;0;0;0;0;0;0;0;1;0;0;2;0;0;0;8;4;2;4;4;0;3;0;0;3;1;0;0
30185;Mus;76;30;0;0;0;0;0;0;0;0;0;0;0;0;0;0;0;0;0;1;0;0;4;0;0;0;5;4;3;6;4;0;2;0;0;2;2;0;3
30186;Nages-et-Solorgues;76;30;0;0;0;0;0;0;0;0;0;0;0;0;0;0;0;0;0;0;0;1;0;0;0;0;5;1;0;7;7;3;3;1;0;1;5;0;1
30187;Navacelles;76;30;0;0;0;0;0;0;0;0;0;0;0;0;0;0;0;0;0;0;0;0;0;0;0;0;1;0;0;0;0;0;0;0;0;0;1;0;1
30188;Ners;76;30;0;0;0;0;0;0;0;0;0;0;0;0;0;0;0;0;0;0;0;1;0;0;0;0;4;2;4;0;2;1;2;0;0;1;0;0;0
30189;Nîmes;76;30;1;1;1;1;1;1;1;1;0;0;21;3;1;1;0;90;25;10;1;0;175;13;24;41;433;335;141;187;211;75;236;20;33;741;194;30;129
30190;Notre-Dame-de-la-Rouvière;76;30;0;0;0;0;0;0;0;0;0;0;0;0;0;0;0;0;0;0;0;1;0;0;0;0;3;1;0;0;1;1;0;0;0;1;0;0;0
30191;Orsan;76;30;0;0;0;0;0;0;0;0;0;0;0;0;0;0;0;0;0;1;0;0;0;0;0;0;3;1;3;3;2;0;1;0;0;1;0;0;1
30192;Orthoux-Sérignac-Quilhan;76;30;0;0;0;0;0;0;0;0;0;0;0;0;0;0;0;0;0;0;0;0;1;0;0;0;4;1;2;0;0;0;0;1;0;0;1;0;0
30193;Parignargues;76;30;0;0;0;0;0;0;0;0;0;0;0;0;0;0;0;0;0;0;0;0;1;0;0;0;1;5;1;1;1;0;1;0;0;0;2;1;1
30194;Peyremale;76;30;0;0;0;0;0;0;0;0;0;0;0;0;0;0;0;0;0;0;0;0;0;0;0;0;2;0;3;1;0;0;0;0;0;3;0;0;0
30195;Peyrolles;76;30;0;0;0;0;0;0;0;0;0;0;0;0;0;0;0;0;0;0;0;0;0;0;0;0;0;0;0;0;0;0;0;0;0;0;0;0;0
30196;Le Pin;76;30;0;0;0;0;0;0;0;0;0;0;0;0;0;0;0;0;0;0;0;0;0;0;0;0;0;2;0;1;1;0;0;0;0;1;0;0;1
30197;Les Plans;76;30;0;0;0;0;0;0;0;0;0;0;0;0;0;0;0;0;0;0;0;0;1;0;0;0;3;1;0;0;0;0;0;0;0;1;0;0;2
30198;Les Plantiers;76;30;0;0;0;0;0;0;0;0;0;0;0;0;0;0;0;0;0;0;0;1;0;0;0;0;2;0;0;1;1;0;0;0;0;1;0;0;0
30199;Pommiers;76;30;0;0;0;0;0;0;0;0;0;0;0;0;0;0;0;0;0;0;0;0;0;0;0;0;0;0;0;0;0;0;0;0;0;0;0;0;0
30200;Pompignan;76;30;0;0;0;0;0;0;0;0;0;0;0;0;0;0;0;0;0;0;0;1;1;0;0;0;3;0;0;0;0;1;0;0;0;2;0;0;0
30201;Ponteils-et-Brésis;76;30;0;0;0;0;0;0;0;0;0;0;0;0;0;0;0;0;0;0;0;0;0;0;0;0;1;1;1;2;1;1;0;0;0;2;0;0;0
30202;Pont-Saint-Esprit;76;30;0;1;0;0;0;0;0;0;0;0;1;0;1;0;0;8;2;1;0;0;15;3;0;2;41;18;14;13;6;4;32;5;1;32;11;3;10
30203;Portes;76;30;0;0;0;0;0;0;0;0;0;0;0;0;0;0;0;0;0;0;0;0;0;0;0;0;5;0;2;0;0;0;0;0;0;1;0;0;1
30204;Potelières;76;30;0;0;0;0;0;0;0;0;0;0;0;0;0;0;0;0;0;0;0;0;3;0;0;0;6;0;0;0;2;1;0;0;0;1;0;0;1
30205;Pougnadoresse;76;30;0;0;0;0;0;0;0;0;0;0;0;0;0;0;0;0;0;0;0;0;1;0;0;0;1;1;1;1;1;1;0;0;0;0;1;0;1
30206;Poulx;76;30;0;0;0;0;0;0;0;0;0;0;0;0;0;0;0;0;1;0;0;1;2;0;0;2;8;13;8;7;9;1;4;0;0;8;2;0;6
30207;Pouzilhac;76;30;0;0;0;0;0;0;0;0;0;0;0;0;0;0;0;0;1;0;0;1;2;0;0;0;8;0;2;2;1;0;0;0;0;2;1;0;0
30208;Puechredon;76;30;0;0;0;0;0;0;0;0;0;0;0;0;0;0;0;0;0;0;0;0;0;0;0;0;0;0;0;0;0;0;0;0;0;0;0;0;0
30209;Pujaut;76;30;0;0;0;0;0;0;0;0;0;0;0;0;0;0;0;0;1;1;0;0;3;0;0;0;7;11;2;7;12;2;6;0;0;14;2;0;2
30210;Quissac;76;30;0;1;0;0;0;0;0;0;0;0;1;0;1;0;0;2;2;1;0;0;9;2;0;2;25;7;8;7;4;2;7;2;0;10;5;1;5
30211;Redessan;76;30;0;0;0;0;0;0;0;0;0;0;0;0;0;0;0;0;0;1;0;0;6;1;0;1;18;12;7;6;6;2;4;0;0;6;2;0;1
30212;Remoulins;76;30;0;1;0;0;0;0;0;0;0;0;1;0;1;0;0;5;1;1;0;0;11;1;0;3;13;8;5;6;3;5;6;1;0;21;7;1;3
30213;Revens;76;30;0;0;0;0;0;0;0;0;0;0;0;0;0;0;0;0;0;0;0;0;0;0;0;0;1;0;0;0;0;0;0;0;0;0;0;0;0
30214;Ribaute-les-Tavernes;76;30;0;0;0;0;0;0;0;0;0;0;0;0;0;0;0;0;0;1;0;0;5;0;0;0;11;5;1;4;6;0;4;0;0;4;0;0;2
30215;Rivières;76;30;0;0;0;0;0;0;0;0;0;0;0;0;0;0;0;0;0;0;0;0;1;0;0;0;2;1;0;2;1;0;0;0;0;1;0;0;0
30216;Robiac-Rochessadoule;76;30;0;0;0;0;0;0;0;0;0;0;0;0;0;0;0;0;0;0;1;0;1;0;0;0;4;1;0;1;1;0;0;0;0;3;0;0;0
30217;Rochefort-du-Gard;76;30;0;1;0;0;0;0;0;0;0;0;0;1;0;0;0;1;1;1;0;0;5;0;0;2;19;20;15;19;17;3;10;1;0;16;6;0;13
30218;Rochegude;76;30;0;0;0;0;0;0;0;0;0;0;0;0;0;0;0;0;0;0;0;0;0;0;0;0;2;1;0;0;0;0;0;0;0;1;0;0;0
30219;Rogues;76;30;0;0;0;0;0;0;0;0;0;0;0;0;0;0;0;0;0;0;0;0;0;0;0;0;2;0;0;0;0;0;0;0;0;1;0;0;0
30220;Roquedur;76;30;0;0;0;0;0;0;0;0;0;0;0;0;0;0;0;0;0;0;0;0;0;0;0;0;1;1;2;0;2;1;0;0;0;1;0;0;0
30221;Roquemaure;76;30;0;1;0;0;0;0;0;0;0;0;1;0;1;0;0;3;2;1;0;0;10;0;0;2;18;8;4;7;13;2;11;1;0;17;3;3;5
30222;La Roque-sur-Cèze;76;30;0;0;0;0;0;0;0;0;0;0;0;0;0;0;0;0;0;0;0;0;0;0;0;0;2;0;0;0;0;0;0;0;0;4;0;0;0
30223;Rousson;76;30;0;0;0;0;0;0;0;0;0;0;0;0;0;0;0;0;0;0;0;1;4;0;0;0;8;3;7;6;5;2;4;0;0;7;2;0;4
30224;La Rouvière;76;30;0;0;0;0;0;0;0;0;0;0;0;0;0;0;0;0;0;0;0;0;3;0;0;0;3;4;1;1;2;1;1;0;0;2;0;0;0
30225;Sabran;76;30;0;0;0;0;0;0;0;0;0;0;0;0;0;0;0;0;0;0;0;0;2;0;0;0;4;1;3;2;3;0;2;0;0;1;0;0;0
30226;Saint-Alexandre;76;30;0;0;0;0;0;0;0;0;0;0;0;0;0;0;0;0;0;0;0;0;2;0;0;0;5;3;1;1;6;1;0;1;0;3;0;0;1
30227;Saint-Ambroix;76;30;0;1;0;0;0;0;0;0;0;0;1;0;1;0;0;3;3;1;0;0;12;1;0;4;12;5;5;5;5;0;11;1;0;22;7;2;2
30228;Sainte-Anastasie;76;30;0;0;0;0;0;0;0;0;0;0;0;0;0;0;0;0;0;1;0;0;2;0;0;0;5;3;5;2;1;2;3;0;0;3;0;0;1
30229;Saint-André-de-Majencoules;76;30;0;0;0;0;0;0;0;0;0;0;0;0;0;0;0;0;0;0;0;1;1;0;0;0;3;1;1;1;0;0;0;0;0;4;0;0;1
30230;Saint-André-de-Roquepertuis;76;30;0;0;0;0;0;0;0;0;0;0;0;0;0;0;0;0;0;0;0;0;1;0;0;0;5;2;2;0;0;0;0;0;0;2;1;0;1
30231;Saint-André-de-Valborgne;76;30;0;1;0;0;0;0;0;0;0;0;0;0;1;0;0;0;0;1;0;0;0;0;0;0;2;0;2;1;2;1;1;0;0;0;0;0;0
30232;Saint-André-d'Olérargues;76;30;0;0;0;0;0;0;0;0;0;0;0;0;0;0;0;0;0;0;0;0;0;0;0;0;3;1;0;1;2;1;0;0;0;1;0;0;0
30233;Saint-Bauzély;76;30;0;0;0;0;0;0;0;0;0;0;0;0;0;0;0;0;0;0;0;0;0;0;0;0;2;0;4;2;0;0;0;0;0;0;0;0;1
30234;Saint-Bénézet;76;30;0;0;0;0;0;0;0;0;0;0;0;0;0;0;0;0;0;0;0;0;0;0;0;0;0;2;0;2;1;1;0;0;0;1;0;0;0
30235;Saint-Bonnet-du-Gard;76;30;0;0;0;0;0;0;0;0;0;0;0;0;0;0;0;0;0;0;0;0;2;0;0;0;4;4;3;0;0;1;0;0;0;1;3;0;1
30236;Saint-Bonnet-de-Salendrinque;76;30;0;0;0;0;0;0;0;0;0;0;0;0;0;0;0;0;0;0;0;0;0;0;0;0;2;1;0;0;0;0;0;0;0;1;0;0;1
30237;Saint-Brès;76;30;0;0;0;0;0;0;0;0;0;0;0;0;0;0;0;0;0;0;0;0;0;1;0;0;4;0;0;1;0;1;1;0;0;4;0;0;0
30238;Saint-Bresson;76;30;0;0;0;0;0;0;0;0;0;0;0;0;0;0;0;0;0;0;0;0;0;0;0;0;1;0;0;0;0;0;0;0;0;0;0;0;0
30239;Sainte-Cécile-d'Andorge;76;30;0;0;0;0;0;0;0;0;0;0;0;0;0;0;0;0;0;0;0;1;0;0;0;0;3;1;2;2;0;0;0;0;0;1;0;0;0
30240;Saint-Césaire-de-Gauzignan;76;30;0;0;0;0;0;0;0;0;0;0;0;0;0;0;0;0;0;0;0;0;1;0;0;0;2;0;1;1;1;0;0;0;0;0;0;0;0
30241;Saint-Chaptes;76;30;0;1;0;0;0;0;0;0;0;0;1;0;0;0;0;0;0;1;0;0;2;0;0;1;8;7;3;5;9;2;3;0;0;4;1;0;3
30242;Saint-Christol-de-Rodières;76;30;0;0;0;0;0;0;0;0;0;0;0;0;0;0;0;0;0;0;0;0;0;0;0;0;0;2;0;0;0;0;0;0;0;0;0;0;0
30243;Saint-Christol-lès-Alès;76;30;0;0;0;0;0;0;0;0;0;0;0;0;0;0;0;3;0;1;0;0;12;1;1;4;45;29;18;8;12;4;12;3;0;22;3;2;6
30244;Saint-Clément;76;30;0;0;0;0;0;0;0;0;0;0;0;0;0;0;0;0;0;0;0;0;0;0;0;0;2;1;2;2;0;0;0;0;0;1;0;0;1
30245;Saint-Côme-et-Maruéjols;76;30;0;0;0;0;0;0;0;0;0;0;0;0;0;0;0;0;0;0;0;0;2;0;0;0;5;0;1;2;1;0;0;0;0;0;0;0;0
30246;Sainte-Croix-de-Caderle;76;30;0;0;0;0;0;0;0;0;0;0;0;0;0;0;0;0;0;0;0;0;0;0;0;1;0;0;1;0;0;0;0;0;0;0;0;0;0
30247;Saint-Denis;76;30;0;0;0;0;0;0;0;0;0;0;0;0;0;0;0;0;0;0;0;0;0;0;0;0;2;1;0;1;1;0;0;1;0;3;0;0;0
30248;Saint-Dézéry;76;30;0;0;0;0;0;0;0;0;0;0;0;0;0;0;0;0;0;0;0;0;0;0;0;0;5;0;0;3;1;1;2;0;0;0;0;0;0
30249;Saint-Dionisy;76;30;0;0;0;0;0;0;0;0;0;0;0;0;0;0;0;1;1;0;0;0;5;0;0;0;3;2;3;2;1;1;4;1;0;1;1;0;2
30250;Saint-Étienne-de-l'Olm;76;30;0;0;0;0;0;0;0;0;0;0;0;0;0;0;0;0;0;0;0;0;0;0;0;0;2;2;1;1;1;0;1;0;0;0;0;0;0
30251;Saint-Étienne-des-Sorts;76;30;0;0;0;0;0;0;0;0;0;0;0;0;0;0;0;0;0;0;0;1;0;0;0;0;0;1;0;0;1;0;0;0;0;3;0;0;0
30252;Saint-Félix-de-Pallières;76;30;0;0;0;0;0;0;0;0;0;0;0;0;0;0;0;0;0;0;0;0;0;0;0;0;1;1;0;0;0;0;0;0;0;0;1;0;0
30253;Saint-Florent-sur-Auzonnet;76;30;0;0;0;0;0;0;0;0;0;0;0;0;0;0;0;0;0;1;0;0;3;0;0;0;2;0;1;0;1;1;3;0;0;2;0;0;0
30254;Saint-Geniès-de-Comolas;76;30;0;0;0;0;0;0;0;0;0;0;0;0;0;0;0;0;0;1;0;0;3;0;0;0;5;5;8;6;1;0;3;0;0;1;0;0;1
30255;Saint-Geniès-de-Malgoirès;76;30;0;0;0;0;0;0;0;0;0;0;0;0;0;0;0;1;1;1;0;0;6;0;0;1;14;8;3;7;5;2;7;0;0;6;1;0;2
30256;Saint-Gervais;76;30;0;0;0;0;0;0;0;0;0;0;0;0;0;0;0;0;0;0;1;0;1;0;0;0;0;1;1;1;2;1;0;0;0;1;0;0;0
30257;Saint-Gervasy;76;30;0;0;0;0;0;0;0;0;0;0;0;0;0;0;0;0;1;0;0;1;5;0;0;0;11;2;2;3;8;0;2;0;0;6;2;0;1
30258;Saint-Gilles;76;30;0;1;0;0;0;0;0;0;0;0;1;0;1;0;0;6;5;1;0;0;30;2;5;6;47;18;27;18;32;2;22;2;0;32;8;3;7
30259;Saint-Hilaire-de-Brethmas;76;30;0;0;0;0;0;0;0;0;0;0;0;0;0;0;0;0;0;1;0;0;19;1;0;2;29;6;11;13;10;2;5;1;0;8;3;1;7
30260;Saint-Hilaire-d'Ozilhan;76;30;0;0;0;0;0;0;0;0;0;0;0;0;0;0;0;0;0;0;0;0;2;0;0;0;6;3;0;4;2;1;2;0;0;1;0;0;2
30261;Saint-Hippolyte-de-Caton;76;30;0;0;0;0;0;0;0;0;0;0;0;0;0;0;0;0;0;0;0;0;0;0;0;0;3;0;0;1;0;0;0;0;0;0;0;0;0
30262;Saint-Hippolyte-de-Montaigu;76;30;0;0;0;0;0;0;0;0;0;0;0;0;0;0;0;0;0;0;0;0;0;0;0;0;3;0;0;1;1;0;0;0;0;0;0;0;1
30263;Saint-Hippolyte-du-Fort;76;30;0;1;0;0;0;0;0;0;0;0;1;0;1;0;0;3;1;1;0;0;12;1;0;1;28;9;12;9;9;2;9;1;0;13;10;1;7
30264;Saint-Jean-de-Ceyrargues;76;30;0;0;0;0;0;0;0;0;0;0;0;0;0;0;0;0;0;0;0;0;0;0;0;0;1;1;0;0;1;0;0;0;0;0;0;0;0
30265;Saint-Jean-de-Crieulon;76;30;0;0;0;0;0;0;0;0;0;0;0;0;0;0;0;0;0;0;0;0;0;0;0;0;2;1;1;0;0;0;0;0;0;1;0;0;1
30266;Saint-Jean-de-Maruéjols-et-Avéjan;76;30;0;0;0;0;0;0;0;0;0;0;0;0;1;0;0;0;0;1;0;0;3;0;0;0;8;1;2;1;3;0;2;0;0;5;0;0;1
30267;Saint-Jean-de-Serres;76;30;0;0;0;0;0;0;0;0;0;0;0;0;0;0;0;0;0;0;0;0;0;0;0;0;3;5;0;2;1;0;0;0;0;1;0;0;0
30268;Saint-Jean-de-Valériscle;76;30;0;0;0;0;0;0;0;0;0;0;0;0;0;0;0;0;0;0;0;0;1;0;0;0;2;0;1;1;0;0;1;0;0;1;0;0;0
30269;Saint-Jean-du-Gard;76;30;0;1;0;0;0;0;0;0;0;0;0;0;1;0;0;2;1;1;0;0;5;1;0;1;7;6;3;8;4;2;3;0;0;13;4;1;3
30270;Saint-Jean-du-Pin;76;30;0;0;0;0;0;0;0;0;0;0;0;0;0;0;0;0;0;0;0;1;2;0;0;1;5;11;2;3;3;0;2;0;0;2;0;0;0
30271;Saint-Julien-de-Cassagnas;76;30;0;0;0;0;0;0;0;0;0;0;0;0;1;0;0;0;0;0;1;0;0;0;0;0;6;1;0;0;1;1;2;0;0;1;0;0;0
30272;Saint-Julien-de-la-Nef;76;30;0;0;0;0;0;0;0;0;0;0;0;0;0;0;0;0;0;0;0;0;0;0;0;0;2;1;0;0;1;1;0;0;0;1;0;0;1
30273;Saint-Julien-de-Peyrolas;76;30;0;0;0;0;0;0;0;0;0;0;0;0;0;0;0;0;0;1;0;0;1;0;0;0;5;3;2;2;1;0;1;0;0;1;1;0;0
30274;Saint-Julien-les-Rosiers;76;30;0;0;0;0;0;0;0;0;0;0;0;0;1;0;0;0;0;1;0;0;4;0;0;0;14;15;2;7;7;1;6;0;1;4;2;0;5
30275;Saint-Just-et-Vacquières;76;30;0;0;0;0;0;0;0;0;0;0;0;0;0;0;0;0;0;0;0;0;0;0;0;0;0;3;0;1;0;0;0;0;0;1;1;0;0
30276;Saint-Laurent-d'Aigouze;76;30;0;0;0;0;0;0;0;0;0;0;0;0;0;0;0;1;2;1;0;0;5;0;0;1;8;12;9;5;9;4;8;1;0;13;4;0;7
30277;Saint-Laurent-de-Carnols;76;30;0;0;0;0;0;0;0;0;0;0;0;0;0;0;0;0;0;0;0;0;0;0;0;0;1;1;0;0;0;0;1;0;0;0;2;0;2
30278;Saint-Laurent-des-Arbres;76;30;0;0;0;0;0;0;0;0;0;0;0;0;0;0;0;1;2;1;0;0;8;1;1;1;8;4;2;6;6;1;4;0;0;10;6;0;6
30279;Saint-Laurent-la-Vernède;76;30;0;0;0;0;0;0;0;0;0;0;0;0;0;0;0;0;0;0;0;1;1;0;0;0;3;3;0;1;1;0;1;0;0;2;1;0;1
30280;Saint-Laurent-le-Minier;76;30;0;0;0;0;0;0;0;0;0;0;0;0;0;0;0;0;0;0;0;1;0;0;0;0;3;6;1;1;2;2;0;0;0;4;0;0;0
30281;Saint-Mamert-du-Gard;76;30;0;1;0;0;0;0;0;0;0;0;0;0;1;0;0;0;0;1;0;0;0;0;0;1;6;11;4;3;2;1;1;0;0;1;1;0;3
30282;Saint-Marcel-de-Careiret;76;30;0;0;0;0;0;0;0;0;0;0;0;0;0;0;0;0;0;0;0;0;2;0;0;0;1;2;1;1;0;0;2;0;0;1;0;0;0
30283;Saint-Martial;76;30;0;0;0;0;0;0;0;0;0;0;0;0;0;0;0;0;0;0;0;0;0;0;0;0;1;0;1;0;1;1;0;0;0;1;0;0;0
30284;Saint-Martin-de-Valgalgues;76;30;0;1;0;0;0;0;0;0;0;0;0;0;1;0;0;1;0;1;0;0;22;1;1;2;20;14;4;3;8;2;3;0;0;6;2;1;4
30285;Saint-Maurice-de-Cazevieille;76;30;0;0;0;0;0;0;0;0;0;0;0;0;0;0;0;0;0;0;1;0;0;0;0;0;4;3;1;1;1;0;1;0;0;2;2;0;0
30286;Saint-Maximin;76;30;0;0;0;0;0;0;0;0;0;0;0;0;0;0;0;0;0;0;0;1;0;0;0;0;7;1;1;0;1;0;0;0;0;4;1;0;0
30287;Saint-Michel-d'Euzet;76;30;0;0;0;0;0;0;0;0;0;0;0;0;0;0;0;0;0;0;0;0;0;0;0;0;1;1;0;0;2;0;0;0;0;3;0;0;0
30288;Saint-Nazaire;76;30;0;0;0;0;0;0;0;0;0;0;0;0;0;0;0;0;0;0;0;1;1;0;0;0;5;1;0;2;2;1;1;0;0;0;1;0;2
30289;Saint-Nazaire-des-Gardies;76;30;0;0;0;0;0;0;0;0;0;0;0;0;0;0;0;0;0;0;0;0;0;0;0;0;0;0;0;0;0;0;0;0;0;0;0;0;0
30290;Saint-Paulet-de-Caisson;76;30;0;0;0;0;0;0;0;0;0;0;0;0;0;0;0;0;0;1;0;0;1;0;1;0;6;3;2;5;3;0;3;0;0;2;1;0;3
30291;Saint-Paul-la-Coste;76;30;0;0;0;0;0;0;0;0;0;0;0;0;0;0;0;0;0;0;0;0;0;0;0;0;6;0;1;2;0;0;0;0;0;4;0;0;0
30292;Saint-Pons-la-Calm;76;30;0;0;0;0;0;0;0;0;0;0;0;0;0;0;0;0;1;0;0;1;0;0;0;0;2;1;0;2;0;0;1;0;0;0;1;0;0
30293;Saint-Privat-de-Champclos;76;30;0;0;0;0;0;0;0;0;0;0;0;0;0;0;0;0;0;0;0;0;1;0;1;0;2;2;1;0;1;0;0;0;0;3;0;0;1
30294;Saint-Privat-des-Vieux;76;30;0;0;0;0;0;0;0;0;0;0;4;0;0;0;0;0;0;1;0;0;12;1;0;1;14;16;8;8;8;1;4;5;0;9;3;0;8
30295;Saint-Quentin-la-Poterie;76;30;0;0;0;0;0;0;0;0;0;0;0;0;0;0;0;0;0;1;0;0;2;0;0;1;24;14;6;3;4;0;7;1;0;15;7;0;4
30296;Saint-Roman-de-Codières;76;30;0;0;0;0;0;0;0;0;0;0;0;0;0;0;0;0;0;0;0;0;0;0;0;0;2;1;1;0;1;0;0;0;0;0;1;0;0
30297;Saint-Sauveur-Camprieu;76;30;0;0;0;0;0;0;0;0;0;0;0;0;0;0;0;0;0;0;0;1;0;0;0;0;2;0;2;0;0;0;0;0;0;3;2;0;0
30298;Saint-Sébastien-d'Aigrefeuille;76;30;0;0;0;0;0;0;0;0;0;0;0;0;0;0;0;0;0;0;0;0;0;0;0;0;6;0;1;2;1;1;1;0;0;3;0;0;0
30299;Saint-Siffret;76;30;0;0;0;0;0;0;0;0;0;0;0;0;0;0;0;0;0;0;0;0;0;0;0;0;5;3;1;3;2;0;3;0;0;2;1;0;0
30300;Saint-Théodorit;76;30;0;0;0;0;0;0;0;0;0;0;0;0;0;0;0;0;0;0;0;0;0;0;0;0;2;1;1;0;2;2;0;0;0;1;0;0;0
30301;Saint-Victor-des-Oules;76;30;0;0;0;0;0;0;0;0;0;0;0;0;0;0;0;0;0;0;0;0;0;0;0;1;4;0;0;1;1;1;0;0;0;0;0;0;0
30302;Saint-Victor-la-Coste;76;30;0;0;0;0;0;0;0;0;0;0;0;0;0;0;0;0;0;1;0;0;1;0;0;0;3;5;2;2;1;2;3;0;0;2;3;0;0
30303;Saint-Victor-de-Malcap;76;30;0;0;0;0;0;0;0;0;0;0;0;0;0;0;0;0;0;0;0;0;1;0;0;0;5;2;0;1;2;1;1;0;0;1;0;0;1
30304;Salazac;76;30;0;0;0;0;0;0;0;0;0;0;0;0;0;0;0;0;0;0;0;0;0;0;0;0;1;0;1;0;0;0;0;0;0;0;0;0;0
30305;Salindres;76;30;0;1;0;0;0;0;0;0;0;0;0;0;0;0;0;2;0;1;0;0;13;1;0;1;6;2;4;8;2;0;6;0;0;7;2;0;3
30306;Salinelles;76;30;0;0;0;0;0;0;0;0;0;0;0;0;0;0;0;0;0;0;0;1;0;0;0;0;4;1;1;1;3;0;0;0;0;4;2;0;2
30307;Les Salles-du-Gardon;76;30;0;0;0;0;0;0;0;0;0;0;0;0;0;0;0;0;0;1;0;0;4;0;0;0;4;7;1;5;3;0;3;0;0;3;0;0;2
30308;Sanilhac-Sagriès;76;30;0;0;0;0;0;0;0;0;0;0;0;0;0;0;0;0;1;0;0;0;1;0;0;0;3;1;4;3;1;0;0;0;0;1;1;0;0
30309;Sardan;76;30;0;0;0;0;0;0;0;0;0;0;0;0;0;0;0;0;0;0;0;0;1;0;1;0;3;0;1;0;0;0;0;0;0;0;0;0;0
30310;Saumane;76;30;0;0;0;0;0;0;0;0;0;0;0;0;0;0;0;0;0;1;0;0;0;0;0;0;1;1;1;1;0;0;0;0;0;1;0;0;0
30311;Sauve;76;30;0;0;0;0;0;0;0;0;0;0;0;0;1;0;0;0;0;1;0;0;3;1;0;0;11;4;1;4;4;0;2;0;0;12;2;1;3
30312;Sauveterre;76;30;0;0;0;0;0;0;0;0;0;0;0;0;1;0;0;0;1;1;0;0;3;0;0;0;7;2;1;5;3;0;1;0;0;2;1;0;2
30313;Sauzet;76;30;0;0;0;0;0;0;0;0;0;0;0;0;0;0;0;0;0;0;0;0;1;0;0;0;5;3;2;3;2;1;1;3;0;0;0;0;0
30314;Savignargues;76;30;0;0;0;0;0;0;0;0;0;0;0;0;0;0;0;0;0;0;0;0;1;0;0;0;0;0;1;0;0;0;0;0;0;2;0;0;0
30315;Saze;76;30;0;0;0;0;0;0;0;0;0;0;0;0;0;0;0;0;0;0;0;1;4;0;0;0;3;1;4;3;4;2;5;1;0;4;1;0;0
30316;Sénéchas;76;30;0;0;0;0;0;0;0;0;0;0;0;0;0;0;0;0;0;0;0;0;0;0;0;0;0;1;1;0;0;0;0;0;0;0;0;0;0
30317;Sernhac;76;30;0;0;0;0;0;0;0;0;0;0;0;0;0;0;0;0;1;1;0;0;2;0;0;0;12;4;1;0;4;0;3;0;0;2;0;0;0
30318;Servas;76;30;0;0;0;0;0;0;0;0;0;0;0;0;0;0;0;0;0;0;0;0;2;0;0;0;1;0;0;0;0;0;0;0;0;1;0;0;0
30319;Serviers-et-Labaume;76;30;0;0;0;0;0;0;0;0;0;0;0;0;0;0;0;0;0;0;0;0;2;0;0;0;7;2;0;2;1;0;1;0;0;1;1;0;1
30320;Seynes;76;30;0;0;0;0;0;0;0;0;0;0;0;0;0;0;0;0;0;0;0;0;0;0;0;0;1;0;0;1;0;0;0;0;0;1;0;0;1
30321;Sommières;76;30;0;1;0;0;0;0;0;0;0;0;1;0;1;0;0;6;2;1;0;0;12;2;0;3;19;15;8;12;3;2;15;2;0;47;12;4;10
30322;Soudorgues;76;30;0;0;0;0;0;0;0;0;0;0;0;0;0;0;0;0;0;0;0;0;0;0;0;0;1;0;1;1;1;0;1;0;0;2;2;0;0
30323;Soustelle;76;30;0;0;0;0;0;0;0;0;0;0;0;0;0;0;0;0;0;0;0;0;0;0;0;0;0;0;0;0;0;0;0;0;0;0;0;0;0
30324;Souvignargues;76;30;0;0;0;0;0;0;0;0;0;0;0;0;0;0;0;0;0;0;0;0;1;0;0;0;2;1;0;0;2;0;0;0;0;2;0;0;0
30325;Sumène;76;30;0;1;0;0;0;0;0;0;0;0;0;0;0;0;0;0;0;1;0;0;2;0;0;0;9;7;2;2;2;0;2;0;0;8;1;0;2
30326;Tavel;76;30;0;0;0;0;0;0;0;0;0;0;0;0;0;0;0;0;0;1;0;0;4;0;0;0;0;5;0;6;4;1;5;0;0;6;2;0;1
30327;Tharaux;76;30;0;0;0;0;0;0;0;0;0;0;0;0;0;0;0;0;0;0;0;0;0;0;0;0;1;0;0;0;0;0;0;0;0;0;0;0;0
30328;Théziers;76;30;0;0;0;0;0;0;0;0;0;0;0;0;0;0;0;0;0;1;0;0;2;0;0;0;6;3;2;4;4;0;0;0;0;1;0;0;0
30329;Thoiras;76;30;0;0;0;0;0;0;0;0;0;0;0;0;0;0;0;0;0;0;0;0;1;0;0;0;1;0;1;1;1;0;0;0;0;1;0;0;0
30330;Tornac;76;30;0;0;0;0;0;0;0;0;0;0;0;0;0;0;0;0;0;0;0;1;4;0;0;0;3;2;2;2;2;2;1;0;0;1;0;0;1
30331;Tresques;76;30;0;0;0;0;0;0;0;0;0;0;0;0;0;0;0;0;0;1;0;0;2;0;0;0;6;2;5;3;1;1;4;1;0;6;0;0;2
30332;Trèves;76;30;0;1;0;0;0;0;0;0;0;0;0;0;0;0;0;0;0;1;0;0;0;0;0;0;0;0;1;0;1;0;0;0;0;2;0;0;0
30333;Uchaud;76;30;0;0;0;0;0;0;0;0;0;0;0;0;0;0;0;0;0;1;0;0;6;1;0;2;19;13;10;9;9;1;4;0;0;5;5;0;7
30334;Uzès;76;30;0;1;0;0;1;0;0;0;0;0;2;0;1;0;0;12;3;1;0;0;19;3;0;4;28;24;19;13;11;5;26;3;2;78;33;5;13
30335;Vabres;76;30;0;0;0;0;0;0;0;0;0;0;0;0;0;0;0;0;0;0;0;0;0;0;0;0;0;1;1;0;0;0;0;0;0;0;0;0;0
30336;Vallabrègues;76;30;0;0;0;0;0;0;0;0;0;0;0;0;0;0;0;0;0;1;0;0;1;0;0;1;5;3;1;2;7;0;3;0;0;3;0;0;1
30337;Vallabrix;76;30;0;0;0;0;0;0;0;0;0;0;0;0;0;0;0;0;0;0;0;0;1;0;0;0;3;3;2;0;0;1;1;0;0;0;2;0;2
30338;Vallérargues;76;30;0;0;0;0;0;0;0;0;0;0;0;0;0;0;0;0;0;0;0;1;0;0;0;0;3;1;1;0;0;0;1;0;0;2;0;0;0
30339;Valleraugue;76;30;0;1;0;0;0;0;0;0;0;0;0;0;0;0;0;0;0;1;0;0;1;0;0;0;7;2;7;4;2;0;3;0;0;11;2;0;0
30340;Valliguières;76;30;0;0;0;0;0;0;0;0;0;0;0;0;0;0;0;0;0;0;0;0;1;0;0;0;7;2;1;2;0;0;0;0;0;3;0;0;0
30341;Vauvert;76;30;0;1;0;0;0;0;0;0;0;0;1;1;0;1;0;5;2;1;0;1;20;2;0;4;29;19;7;6;16;1;19;2;0;36;7;2;12
30342;Vénéjan;76;30;0;0;0;0;0;0;0;0;0;0;0;0;0;0;0;0;0;0;0;1;2;0;0;0;6;3;1;5;2;1;1;0;0;0;0;0;1
30343;Verfeuil;76;30;0;0;0;0;0;0;0;0;0;0;0;0;0;0;0;0;0;0;0;0;0;0;0;0;6;0;0;1;2;0;1;0;0;2;0;0;1
30344;Vergèze;76;30;0;0;0;0;0;0;0;0;0;0;1;0;0;0;0;2;1;1;0;0;9;0;0;3;10;15;4;5;10;1;4;1;0;7;2;2;11
30345;La Vernarède;76;30;0;0;0;0;0;0;0;0;0;0;0;0;0;0;0;0;0;1;0;0;0;0;0;0;0;1;2;1;0;1;0;0;0;2;0;0;0
30346;Vers-Pont-du-Gard;76;30;0;0;0;0;0;0;0;0;0;0;0;0;0;0;0;0;0;1;0;0;5;0;0;0;8;5;2;1;4;1;2;1;0;10;3;1;2
30347;Vestric-et-Candiac;76;30;0;0;0;0;0;0;0;0;0;0;0;0;0;0;0;0;0;0;0;1;9;0;0;0;7;4;5;1;3;0;2;0;0;4;1;0;2
30348;Vézénobres;76;30;0;1;0;0;0;0;0;0;0;0;0;0;0;0;0;0;0;1;0;0;4;0;0;1;9;2;5;4;5;0;1;0;0;10;5;0;3
30349;Vic-le-Fesq;76;30;0;0;0;0;0;0;0;0;0;0;0;0;0;0;0;0;0;0;1;0;1;0;0;0;2;2;3;1;1;2;1;0;0;2;2;0;0
30350;Le Vigan;76;30;0;1;0;0;0;0;0;0;0;0;2;1;0;0;0;4;2;1;0;0;13;2;0;3;11;8;5;4;3;4;10;3;0;25;5;0;4
30351;Villeneuve-lès-Avignon;76;30;1;0;0;0;0;0;0;0;0;0;1;1;0;0;0;9;2;2;0;0;5;1;0;3;24;19;8;14;5;3;28;2;0;53;21;1;13
30352;Villevieille;76;30;0;0;0;0;0;0;0;0;0;0;0;0;0;0;0;0;0;0;0;0;1;0;0;0;3;3;7;3;3;2;2;3;0;2;1;0;2
30353;Vissec;76;30;0;0;0;0;0;0;0;0;0;0;0;0;0;0;0;0;0;0;0;0;1;0;0;0;0;0;0;1;0;0;0;0;0;0;0;0;0
30354;Montagnac;76;30;0;0;0;0;0;0;0;0;0;0;0;0;0;0;0;0;0;0;0;0;1;0;0;0;3;0;1;1;0;0;0;1;0;0;0;0;0
30355;Saint-Paul-les-Fonts;76;30;0;0;0;0;0;0;0;0;0;0;0;0;0;0;0;0;0;0;0;0;0;0;0;0;4;3;0;0;1;0;2;0;0;1;0;0;1
30356;Rodilhan;76;30;0;0;0;0;0;0;0;0;0;0;0;0;0;0;0;0;1;1;0;0;1;0;0;1;5;10;3;3;6;3;3;0;0;5;0;0;4
31001;Agassac;76;31;0;0;0;0;0;0;0;0;0;0;0;0;0;0;0;0;0;0;0;0;1;0;0;0;2;1;0;0;0;0;1;0;0;0;0;0;0
31002;Aignes;76;31;0;0;0;0;0;0;0;0;0;0;0;0;0;0;0;0;0;0;0;0;0;0;0;0;0;1;2;0;0;0;0;0;0;0;0;0;0
31003;Aigrefeuille;76;31;0;0;0;0;0;0;0;0;0;0;0;0;0;0;0;0;0;0;0;0;0;0;0;0;3;4;4;0;3;0;0;0;0;0;3;0;0
31004;Ayguesvives;76;31;0;0;0;0;0;0;0;0;0;0;0;0;0;0;0;0;0;0;0;1;3;0;0;1;4;2;8;3;3;0;2;2;0;2;3;0;1
31005;Alan;76;31;0;0;0;0;0;0;0;0;0;0;0;0;0;0;0;0;0;0;0;0;0;0;0;0;2;0;0;1;1;0;0;0;0;0;0;0;0
31006;Albiac;76;31;0;0;0;0;0;0;0;0;0;0;0;0;0;0;0;0;0;0;0;0;0;0;0;0;0;0;0;0;1;0;0;0;0;0;0;0;0
31007;Ambax;76;31;0;0;0;0;0;0;0;0;0;0;0;0;0;0;0;0;0;0;0;0;0;0;0;0;0;1;0;0;0;0;0;0;0;0;0;0;0
31008;Anan;76;31;0;0;0;0;0;0;0;0;0;0;0;0;0;0;0;0;0;0;0;0;0;0;0;0;1;0;0;0;0;0;0;0;0;0;0;0;0
31009;Antichan-de-Frontignes;76;31;0;0;0;0;0;0;0;0;0;0;0;0;0;0;0;0;0;0;0;0;0;0;0;0;1;0;0;0;0;0;0;0;0;0;0;0;0
31010;Antignac;76;31;0;0;0;0;0;0;0;0;0;0;0;0;0;0;0;0;0;0;0;0;0;0;0;0;0;1;1;0;0;0;0;0;0;0;0;0;0
31011;Arbas;76;31;0;0;0;0;0;0;0;0;0;0;0;0;0;0;0;0;0;0;0;1;0;0;0;0;0;0;0;1;2;0;0;0;0;0;0;0;0
31012;Arbon;76;31;0;0;0;0;0;0;0;0;0;0;0;0;0;0;0;0;0;0;0;0;1;0;0;0;0;1;0;0;0;0;0;0;0;0;0;0;0
31013;Ardiège;76;31;0;0;0;0;0;0;0;0;0;0;0;0;0;0;0;1;0;0;0;0;0;0;0;0;2;1;1;0;1;0;0;0;0;2;0;0;0
31014;Arguenos;76;31;0;0;0;0;0;0;0;0;0;0;0;0;0;0;0;0;0;0;0;0;0;0;0;0;1;0;0;0;0;0;0;0;0;0;0;0;0
31015;Argut-Dessous;76;31;0;0;0;0;0;0;0;0;0;0;0;0;0;0;0;0;0;0;0;0;0;0;0;0;0;0;0;0;0;0;0;0;0;0;0;0;0
31017;Arlos;76;31;0;0;0;0;0;0;0;0;0;0;0;0;0;0;0;0;0;0;0;0;0;0;0;0;1;0;1;0;0;0;0;0;0;0;0;0;0
31018;Arnaud-Guilhem;76;31;0;0;0;0;0;0;0;0;0;0;0;0;0;0;0;0;0;0;0;0;0;0;0;0;2;0;0;0;1;0;0;0;0;0;0;0;0
31019;Artigue;76;31;0;0;0;0;0;0;0;0;0;0;0;0;0;0;0;0;0;0;0;0;0;0;0;0;0;0;1;0;0;0;0;0;0;1;0;0;0
31020;Aspet;76;31;0;1;0;0;0;0;0;0;0;1;0;0;0;0;0;1;0;1;0;0;3;0;0;1;1;3;5;2;6;0;3;1;0;3;1;0;2
31021;Aspret-Sarrat;76;31;0;0;0;0;0;0;0;0;0;0;0;0;0;0;0;0;0;0;0;0;0;0;0;0;4;0;0;0;1;1;0;0;0;0;0;0;0
31022;Aucamville;76;31;0;0;0;0;0;0;0;0;0;1;0;0;1;0;0;7;2;1;0;0;25;1;0;2;16;23;20;19;23;5;16;3;3;18;16;2;16
31023;Aulon;76;31;0;0;0;0;0;0;0;0;0;0;0;0;0;0;0;0;0;0;0;1;1;0;0;0;2;0;0;1;0;0;0;0;0;0;0;0;0
31024;Auragne;76;31;0;0;0;0;0;0;0;0;0;0;0;0;0;0;0;0;0;0;0;0;0;0;0;0;2;1;1;0;1;0;0;0;0;1;0;0;0
31025;Aureville;76;31;0;0;0;0;0;0;0;0;0;0;0;0;0;0;0;0;0;0;0;0;1;0;0;0;1;2;1;0;0;1;0;0;0;1;4;0;1
31026;Auriac-sur-Vendinelle;76;31;0;0;0;0;0;0;0;0;0;0;0;0;0;0;0;0;0;0;1;0;1;0;0;0;1;2;0;2;1;1;1;0;0;1;2;0;1
31027;Auribail;76;31;0;0;0;0;0;0;0;0;0;0;0;0;0;0;0;0;0;0;0;0;1;0;0;0;3;1;2;1;1;0;0;0;0;0;0;0;1
31028;Aurignac;76;31;0;1;0;0;0;0;0;0;0;1;0;0;0;0;0;1;0;1;0;0;2;0;0;1;1;3;0;4;0;0;2;2;0;3;4;0;4
31029;Aurin;76;31;0;0;0;0;0;0;0;0;0;0;0;0;0;0;0;0;0;0;0;0;1;0;0;0;5;1;0;0;0;0;0;0;0;2;2;0;0
31030;Ausseing;76;31;0;0;0;0;0;0;0;0;0;0;0;0;0;0;0;0;0;0;0;0;0;0;0;0;0;0;1;0;0;0;0;0;0;0;0;0;0
31031;Ausson;76;31;0;0;0;0;0;0;0;0;0;0;0;0;0;0;0;0;1;0;0;0;5;0;0;0;0;4;2;3;2;0;0;0;0;0;0;0;1
31032;Aussonne;76;31;0;0;0;0;0;0;0;0;0;0;0;0;0;0;0;2;0;1;0;0;7;1;0;1;20;10;13;8;7;1;4;3;0;13;17;0;12
31033;Auterive;76;31;0;1;0;0;0;0;0;0;0;1;0;0;0;0;0;8;3;1;0;0;28;2;0;2;28;31;22;23;15;7;18;3;1;27;13;4;9
31034;Auzas;76;31;0;0;0;0;0;0;0;0;0;0;0;0;0;0;0;0;0;0;0;0;0;0;0;0;1;0;0;0;2;0;0;0;0;0;0;0;0
31035;Auzeville-Tolosane;76;31;0;0;0;0;0;0;0;0;0;0;0;0;0;0;0;0;1;1;0;0;7;1;0;0;0;5;0;5;2;0;3;1;0;8;4;0;3
31036;Auzielle;76;31;0;0;0;0;0;0;0;0;0;0;0;0;0;0;0;0;0;0;0;0;0;0;0;0;0;1;1;0;1;1;2;0;0;1;2;0;1
31037;Avignonet-Lauragais;76;31;0;0;0;0;0;0;0;0;0;0;0;0;0;0;0;0;0;1;0;0;2;0;0;0;4;4;3;5;1;0;1;1;0;5;0;0;1
31038;Azas;76;31;0;0;0;0;0;0;0;0;0;0;0;0;0;0;0;0;0;0;0;0;0;0;0;0;1;3;1;2;1;0;0;0;0;0;0;0;1
31039;Bachas;76;31;0;0;0;0;0;0;0;0;0;0;0;0;0;0;0;0;0;0;0;0;0;0;0;0;0;0;0;1;0;0;0;0;0;1;0;0;0
31040;Bachos;76;31;0;0;0;0;0;0;0;0;0;0;0;0;0;0;0;0;0;0;0;0;0;0;0;0;0;0;0;0;0;0;0;0;0;0;0;0;0
31041;Bagiry;76;31;0;0;0;0;0;0;0;0;0;0;0;0;0;0;0;0;0;0;0;0;0;0;0;0;0;0;0;0;0;0;0;0;0;0;0;0;0
31042;Bagnères-de-Luchon;76;31;0;1;0;0;0;0;0;0;0;1;0;0;0;0;0;8;0;1;0;0;0;0;0;1;3;10;2;6;7;4;10;1;1;32;10;2;4
31043;Balesta;76;31;0;0;0;0;0;0;0;0;0;0;0;0;0;0;0;0;0;0;0;0;0;0;0;0;0;1;1;0;0;0;0;0;0;0;1;0;0
31044;Balma;76;31;0;1;0;0;0;0;0;0;0;4;0;0;1;0;0;26;1;1;0;0;12;3;1;3;17;23;9;14;24;3;17;6;10;37;42;3;14
31045;Barbazan;76;31;0;1;0;0;0;0;0;0;0;0;0;0;0;0;0;0;0;1;0;0;0;0;0;0;1;0;0;0;1;0;0;0;0;0;0;0;0
31046;Baren;76;31;0;0;0;0;0;0;0;0;0;0;0;0;0;0;0;0;0;0;0;0;0;0;0;0;0;0;0;0;0;0;0;0;0;0;0;0;0
31047;Bax;76;31;0;0;0;0;0;0;0;0;0;0;0;0;0;0;0;0;0;0;0;0;0;0;0;0;0;0;1;0;0;0;0;0;0;1;0;0;0
31048;Baziège;76;31;0;0;0;0;0;0;0;0;0;1;0;0;0;0;0;1;0;1;0;0;3;0;0;2;5;7;3;2;6;0;6;1;0;4;4;0;0
31049;Bazus;76;31;0;0;0;0;0;0;0;0;0;0;0;0;0;0;0;0;0;0;0;0;0;0;0;0;1;5;0;5;2;0;0;0;0;0;4;0;0
31050;Beauchalot;76;31;0;0;0;0;0;0;0;0;0;0;0;0;0;0;0;0;0;0;0;0;0;0;0;0;0;2;1;0;1;0;1;0;0;2;0;0;0
31051;Beaufort;76;31;0;0;0;0;0;0;0;0;0;0;0;0;0;0;0;2;0;0;0;0;0;0;0;0;3;4;3;0;3;0;1;0;0;1;0;0;0
31052;Beaumont-sur-Lèze;76;31;0;0;0;0;0;0;0;0;0;0;0;0;0;0;0;0;0;1;0;0;3;0;0;0;8;5;5;3;5;1;1;0;0;1;2;0;2
31053;Beaupuy;76;31;0;0;0;0;0;0;0;0;0;0;0;0;0;0;0;0;0;0;0;0;3;0;1;0;5;3;1;1;1;2;1;0;0;2;3;0;0
31054;Beauteville;76;31;0;0;0;0;0;0;0;0;0;0;0;0;0;0;0;0;0;0;0;0;0;0;0;0;0;0;0;0;1;0;0;0;0;0;0;0;0
31055;Beauville;76;31;0;0;0;0;0;0;0;0;0;0;0;0;0;0;0;0;0;0;0;0;0;0;0;0;0;3;0;0;1;0;0;0;0;0;0;0;0
31056;Beauzelle;76;31;0;1;0;0;0;0;0;0;0;0;0;0;0;0;0;3;0;1;0;0;8;1;0;1;9;13;3;6;7;2;8;1;0;15;2;2;2
31057;Belberaud;76;31;0;0;0;0;0;0;0;0;0;0;0;0;0;0;0;0;0;0;0;0;1;1;0;0;1;5;2;0;1;0;2;0;0;2;2;0;1
31058;Belbèze-de-Lauragais;76;31;0;0;0;0;0;0;0;0;0;0;0;0;0;0;0;0;0;0;0;0;0;0;0;0;1;1;0;1;0;0;0;0;0;0;0;0;0
31059;Belbèze-en-Comminges;76;31;0;0;0;0;0;0;0;0;0;0;0;0;0;0;0;0;0;0;0;0;0;0;0;0;0;0;0;0;0;0;0;0;0;0;0;0;0
31060;Bélesta-en-Lauragais;76;31;0;0;0;0;0;0;0;0;0;0;0;0;0;0;0;0;0;0;0;0;0;0;0;0;0;2;1;0;0;0;0;0;0;0;0;0;0
31061;Bellegarde-Sainte-Marie;76;31;0;0;0;0;0;0;0;0;0;0;0;0;0;0;0;0;0;0;0;0;0;0;0;0;1;0;0;0;0;0;0;0;0;0;1;0;0
31062;Bellesserre;76;31;0;0;0;0;0;0;0;0;0;0;0;0;0;0;0;0;0;0;0;0;0;0;0;0;0;0;0;0;0;0;0;0;0;0;0;0;1
31063;Benque;76;31;0;0;0;0;0;0;0;0;0;0;0;0;0;0;0;0;0;0;0;0;0;0;0;0;0;0;0;0;1;0;1;0;0;0;0;0;0
31064;Benque-Dessous-et-Dessus;76;31;0;0;0;0;0;0;0;0;0;0;0;0;0;0;0;0;0;0;0;0;0;0;0;0;0;0;0;0;0;0;0;0;0;0;0;0;0
31065;Bérat;76;31;0;0;0;0;0;0;0;0;0;0;0;0;0;0;0;0;0;1;0;0;5;0;0;0;9;5;9;5;6;1;2;0;0;2;4;0;8
31066;Bessières;76;31;0;0;0;0;0;0;0;0;0;0;0;0;0;0;0;3;2;1;0;0;6;2;0;1;11;8;9;11;6;2;10;0;0;2;11;1;3
31067;Bezins-Garraux;76;31;0;0;0;0;0;0;0;0;0;0;0;0;0;0;0;0;0;0;0;0;0;0;0;0;0;0;0;0;0;0;0;0;0;0;0;0;0
31068;Billière;76;31;0;0;0;0;0;0;0;0;0;0;0;0;0;0;0;0;0;0;0;0;0;0;0;0;0;0;0;0;0;0;0;0;0;1;0;0;0
31069;Blagnac;76;31;1;0;0;0;0;0;0;0;0;1;0;1;0;0;0;19;2;3;0;0;23;2;13;5;24;33;21;19;24;6;32;4;12;97;32;3;28
31070;Blajan;76;31;0;0;0;0;0;0;0;0;0;0;0;0;0;0;0;0;0;0;0;1;1;0;0;0;2;1;1;0;0;0;1;0;0;0;0;0;0
31071;Bois-de-la-Pierre;76;31;0;0;0;0;0;0;0;0;0;0;0;0;0;0;0;0;0;0;0;0;0;0;0;0;0;0;1;0;0;1;1;0;0;0;0;0;0
31072;Boissède;76;31;0;0;0;0;0;0;0;0;0;0;0;0;0;0;0;0;0;0;0;0;1;0;0;0;0;0;0;0;0;0;0;0;0;0;0;0;0
31073;Bondigoux;76;31;0;0;0;0;0;0;0;0;0;0;0;0;0;0;0;0;0;0;0;0;0;0;0;0;1;1;2;0;1;1;0;0;0;0;0;0;0
31074;Bonrepos-Riquet;76;31;0;0;0;0;0;0;0;0;0;0;0;0;0;0;0;0;0;0;0;0;0;0;0;0;0;0;0;0;2;0;0;0;0;0;1;0;0
31075;Bonrepos-sur-Aussonnelle;76;31;0;0;0;0;0;0;0;0;0;0;0;0;0;0;0;1;0;0;0;0;1;0;0;0;8;4;3;4;2;1;1;0;0;2;0;0;0
31076;Bordes-de-Rivière;76;31;0;0;0;0;0;0;0;0;0;0;0;0;0;0;0;0;0;0;0;0;1;0;0;0;1;0;2;0;1;0;0;0;0;1;0;0;0
31077;Le Born;76;31;0;0;0;0;0;0;0;0;0;0;0;0;0;0;0;0;0;0;0;0;1;0;0;0;2;1;2;0;0;0;0;0;0;0;1;0;1
31078;Boudrac;76;31;0;0;0;0;0;0;0;0;0;0;0;0;0;0;0;0;0;0;0;0;0;0;0;0;0;0;1;0;2;1;0;0;0;0;0;0;0
31079;Bouloc;76;31;0;0;0;0;0;0;0;0;0;0;0;0;0;0;0;0;0;1;0;0;12;0;0;2;5;11;8;11;6;1;5;1;0;7;12;0;4
31080;Boulogne-sur-Gesse;76;31;0;1;0;0;0;0;0;0;0;1;0;0;0;0;0;4;0;1;0;0;5;1;0;1;5;0;5;1;2;0;4;2;0;9;2;0;3
31081;Bourg-d'Oueil;76;31;0;0;0;0;0;0;0;0;0;0;0;0;0;0;0;0;0;0;0;0;0;0;0;0;0;0;0;0;0;0;0;0;0;0;0;0;0
31082;Bourg-Saint-Bernard;76;31;0;0;0;0;0;0;0;0;0;0;0;0;0;0;0;0;0;0;0;1;0;0;0;0;4;5;2;4;1;0;1;0;0;2;0;0;0
31083;Boussan;76;31;0;0;0;0;0;0;0;0;0;0;0;0;0;0;0;0;0;0;0;0;0;0;0;0;1;0;0;0;0;0;1;0;0;0;1;0;0
31084;Boussens;76;31;0;0;0;0;0;0;0;0;0;0;0;0;0;0;0;0;0;0;0;1;2;1;0;0;2;1;3;0;4;0;3;0;1;4;1;0;0
31085;Boutx;76;31;0;0;0;0;0;0;0;0;0;0;0;0;0;0;0;0;0;0;0;0;0;0;0;0;0;0;0;1;0;0;0;0;0;4;0;0;0
31086;Bouzin;76;31;0;0;0;0;0;0;0;0;0;0;0;0;0;0;0;0;0;0;0;0;0;0;0;0;0;1;0;1;1;0;0;0;0;0;0;0;0
31087;Bragayrac;76;31;0;0;0;0;0;0;0;0;0;0;0;0;0;0;0;0;0;0;0;0;1;0;0;0;0;3;1;1;0;0;0;0;0;0;0;0;0
31088;Brax;76;31;0;0;0;0;0;0;0;0;0;0;0;0;0;0;0;0;0;0;0;0;3;0;0;0;3;0;3;4;4;1;3;0;0;3;3;0;1
31089;Bretx;76;31;0;0;0;0;0;0;0;0;0;0;0;0;0;0;0;0;0;0;0;0;1;0;0;0;1;1;1;2;3;1;0;0;0;0;0;0;0
31090;Brignemont;76;31;0;0;0;0;0;0;0;0;0;0;0;0;0;0;0;0;0;0;0;0;0;0;0;0;0;1;0;1;0;0;1;0;0;1;0;0;0
31091;Bruguières;76;31;0;0;0;0;0;0;0;0;0;0;0;0;0;0;0;5;0;1;0;0;14;1;0;2;14;8;8;12;2;4;12;1;0;14;16;2;7
31092;Burgalays;76;31;0;0;0;0;0;0;0;0;0;0;0;0;0;0;0;0;0;0;0;0;0;0;0;0;2;0;2;1;2;1;0;0;0;0;0;0;0
31093;Le Burgaud;76;31;0;0;0;0;0;0;0;0;0;0;0;0;0;0;0;0;0;0;0;1;0;0;0;0;4;1;4;1;4;0;2;0;0;1;0;0;1
31094;Buzet-sur-Tarn;76;31;0;0;0;0;0;0;0;0;0;0;0;0;0;0;0;0;0;0;0;1;6;1;0;0;8;2;6;4;6;2;2;0;0;4;11;0;4
31095;Cabanac-Cazaux;76;31;0;0;0;0;0;0;0;0;0;0;0;0;0;0;0;0;0;0;0;0;0;0;0;0;2;0;0;0;0;0;0;0;0;0;0;0;0
31096;Cabanac-Séguenville;76;31;0;0;0;0;0;0;0;0;0;0;0;0;0;0;0;0;1;0;0;0;0;0;0;0;0;0;0;0;0;0;0;0;0;1;0;0;0
31097;Le Cabanial;76;31;0;0;0;0;0;0;0;0;0;0;0;0;0;0;0;0;0;0;0;0;1;0;0;0;1;0;0;2;0;1;0;0;0;0;0;0;0
31098;Cadours;76;31;0;1;0;0;0;0;0;0;0;0;0;0;0;0;0;1;0;1;0;0;7;0;0;1;1;3;1;0;0;0;3;1;0;4;2;0;1
31099;Caignac;76;31;0;0;0;0;0;0;0;0;0;0;0;0;0;0;0;0;0;0;0;0;0;0;0;0;1;1;0;0;0;0;0;0;0;0;2;0;0
31100;Calmont;76;31;0;0;0;0;0;0;0;0;0;0;0;0;0;0;0;0;0;1;0;0;3;0;1;0;6;5;3;3;3;0;3;0;0;2;1;0;0
31101;Cambernard;76;31;0;0;0;0;0;0;0;0;0;0;0;0;0;0;0;0;0;0;0;0;1;0;0;0;0;2;2;1;0;1;1;0;0;1;0;0;0
31102;Cambiac;76;31;0;0;0;0;0;0;0;0;0;0;0;0;0;0;0;0;0;0;0;0;0;0;0;0;0;0;0;0;0;0;0;0;0;0;0;0;0
31103;Canens;76;31;0;0;0;0;0;0;0;0;0;0;0;0;0;0;0;0;0;0;0;0;0;0;0;0;0;0;0;0;0;0;0;0;0;0;0;0;0
31104;Capens;76;31;0;0;0;0;0;0;0;0;0;0;0;0;0;0;0;0;0;0;0;0;3;1;0;0;3;3;4;3;1;0;0;0;0;1;0;1;1
31105;Caragoudes;76;31;0;0;0;0;0;0;0;0;0;0;0;0;0;0;0;0;0;0;0;0;0;0;0;0;0;0;0;1;1;0;0;0;0;0;0;0;0
31106;Caraman;76;31;0;1;0;0;0;0;0;0;0;1;0;0;0;0;0;3;3;1;0;0;3;1;0;2;5;6;5;4;6;2;5;1;0;8;8;0;3
31107;Carbonne;76;31;0;1;0;0;0;0;0;0;0;1;0;0;0;0;0;6;3;1;0;0;18;2;1;2;13;17;14;14;16;1;10;2;1;16;17;2;8
31108;Cardeilhac;76;31;0;0;0;0;0;0;0;0;0;0;0;0;0;0;0;0;0;0;0;0;0;0;0;0;2;2;2;0;1;0;0;0;0;1;1;0;0
31109;Cassagnabère-Tournas;76;31;0;0;0;0;0;0;0;0;0;0;0;0;0;0;0;0;0;0;0;1;0;0;0;0;1;2;2;1;0;0;1;0;0;1;1;0;0
31110;Cassagne;76;31;0;0;0;0;0;0;0;0;0;0;0;0;0;0;0;0;0;0;0;1;1;0;0;0;1;2;1;3;1;0;0;0;0;0;0;0;1
31111;Castagnac;76;31;0;0;0;0;0;0;0;0;0;0;0;0;0;0;0;0;0;0;0;0;0;0;0;1;1;1;2;0;0;0;0;0;0;0;1;0;1
31112;Castagnède;76;31;0;0;0;0;0;0;0;0;0;0;0;0;0;0;0;0;0;0;0;1;1;0;0;0;1;0;0;0;0;0;0;0;0;0;0;0;0
31113;Castanet-Tolosan;76;31;0;1;0;0;0;0;0;0;0;1;0;0;0;0;0;9;0;1;0;0;14;2;0;2;14;20;11;25;15;3;16;2;0;22;17;3;12
31114;Castelbiague;76;31;0;0;0;0;0;0;0;0;0;0;0;0;0;0;0;0;0;0;0;0;0;0;0;0;0;0;0;1;0;0;0;0;0;0;0;0;0
31115;Castelgaillard;76;31;0;0;0;0;0;0;0;0;0;0;0;0;0;0;0;0;0;0;0;0;0;0;0;0;0;0;0;0;0;0;0;0;0;0;0;0;0
31116;Castelginest;76;31;0;1;0;0;0;0;0;0;0;0;0;1;0;0;0;6;1;1;0;1;6;0;0;2;14;24;16;12;7;3;12;1;0;14;12;1;9
31117;Castelmaurou;76;31;0;0;0;0;0;0;0;0;0;0;0;0;0;0;0;1;0;1;0;0;2;1;0;1;7;7;7;5;4;0;7;1;0;2;6;2;3
31118;Castelnau-d'Estrétefonds;76;31;0;0;0;0;0;0;0;0;0;0;0;0;0;0;0;1;1;1;0;0;10;3;0;1;16;13;19;15;16;1;7;2;5;15;7;1;7
31119;Castelnau-Picampeau;76;31;0;0;0;0;0;0;0;0;0;0;0;0;0;0;0;0;0;0;0;0;0;0;0;0;0;0;0;0;0;0;0;0;0;0;0;1;0
31120;Le Castéra;76;31;0;0;0;0;0;0;0;0;0;0;0;0;0;0;0;0;0;0;0;0;0;0;0;0;3;3;1;1;1;2;0;0;0;1;0;0;1
31121;Castéra-Vignoles;76;31;0;0;0;0;0;0;0;0;0;0;0;0;0;0;0;0;0;0;0;0;0;0;0;0;0;0;0;0;0;0;0;0;0;0;0;0;0
31122;Casties-Labrande;76;31;0;0;0;0;0;0;0;0;0;0;0;0;0;0;0;0;0;0;0;0;0;0;0;0;3;0;0;0;0;0;1;0;0;0;1;0;0
31123;Castillon-de-Larboust;76;31;0;0;0;0;0;0;0;0;0;0;0;0;0;0;0;0;0;0;1;0;0;0;0;0;0;0;1;0;0;0;1;0;0;0;0;0;0
31124;Castillon-de-Saint-Martory;76;31;0;0;0;0;0;0;0;0;0;0;0;0;0;0;0;0;0;0;0;0;1;0;0;0;2;2;1;0;1;0;0;0;0;0;0;0;0
31125;Cathervielle;76;31;0;0;0;0;0;0;0;0;0;0;0;0;0;0;0;0;0;0;0;0;0;0;0;0;0;0;0;0;0;0;0;0;0;1;0;0;0
31126;Caubiac;76;31;0;0;0;0;0;0;0;0;0;0;0;0;0;0;0;0;0;0;0;0;0;0;0;0;0;1;1;0;2;0;1;0;0;0;0;1;0
31127;Caubous;76;31;0;0;0;0;0;0;0;0;0;0;0;0;0;0;0;0;0;0;0;0;0;0;0;0;0;0;0;0;0;0;0;0;0;0;0;0;0
31128;Caujac;76;31;0;0;0;0;0;0;0;0;0;0;0;0;0;0;0;0;0;0;0;1;0;0;0;0;4;2;0;4;2;0;0;0;0;0;0;0;1
31129;Cazarilh-Laspènes;76;31;0;0;0;0;0;0;0;0;0;0;0;0;0;0;0;0;0;0;0;0;0;0;0;0;0;1;0;0;0;0;0;0;0;0;0;0;0
31130;Cazaril-Tambourès;76;31;0;0;0;0;0;0;0;0;0;0;0;0;0;0;0;0;0;0;0;0;0;0;0;0;0;0;1;0;1;0;0;0;0;0;0;0;0
31131;Cazaunous;76;31;0;0;0;0;0;0;0;0;0;0;0;0;0;0;0;0;0;0;0;0;0;0;0;0;1;0;0;0;0;0;0;0;0;0;1;0;0
31132;Cazaux-Layrisse;76;31;0;0;0;0;0;0;0;0;0;0;0;0;0;0;0;0;0;0;0;0;1;0;0;0;1;1;0;0;0;0;0;0;0;0;0;0;0
31133;Cazeaux-de-Larboust;76;31;0;0;0;0;0;0;0;0;0;0;0;0;0;0;0;0;0;0;0;0;0;0;0;0;1;0;0;0;0;0;0;0;0;1;0;0;0
31134;Cazeneuve-Montaut;76;31;0;0;0;0;0;0;0;0;0;0;0;0;0;0;0;0;0;0;0;0;0;0;0;0;0;0;0;1;0;0;0;0;0;0;0;0;0
31135;Cazères;76;31;0;1;0;0;0;0;0;0;0;1;0;0;0;0;0;5;3;1;0;0;8;1;0;2;21;19;4;15;7;1;15;3;1;15;8;3;8
31136;Cépet;76;31;0;0;0;0;0;0;0;0;0;0;0;0;0;0;0;0;0;0;0;0;1;0;0;0;1;4;2;0;1;1;2;0;0;4;0;1;2
31137;Cessales;76;31;0;0;0;0;0;0;0;0;0;0;0;0;0;0;0;0;0;0;0;0;1;0;0;0;0;0;0;1;0;0;1;0;0;0;0;0;0
31138;Charlas;76;31;0;0;0;0;0;0;0;0;0;0;0;0;0;0;0;0;0;0;0;0;0;0;0;0;2;2;1;0;0;0;0;0;0;1;1;0;0
31139;Chaum;76;31;0;0;0;0;0;0;0;0;0;0;0;0;0;0;0;0;0;0;0;0;0;0;0;0;1;0;2;0;0;0;0;1;0;1;0;0;0
31140;Chein-Dessus;76;31;0;0;0;0;0;0;0;0;0;0;0;0;0;0;0;0;0;0;0;0;1;0;0;0;1;2;3;0;0;0;1;0;0;0;0;0;0
31141;Ciadoux;76;31;0;0;0;0;0;0;0;0;0;0;0;0;0;0;0;0;0;0;0;1;2;0;0;0;3;1;0;0;0;0;0;0;0;0;0;0;1
31142;Cier-de-Luchon;76;31;0;0;0;0;0;0;0;0;0;0;0;0;0;0;0;0;0;0;0;0;1;0;0;0;2;1;3;2;0;0;0;0;0;1;0;0;0
31143;Cier-de-Rivière;76;31;0;0;0;0;0;0;0;0;0;0;0;0;0;0;0;2;0;0;0;0;0;0;0;0;0;2;0;0;1;0;1;0;0;0;0;0;0
31144;Cierp-Gaud;76;31;0;0;0;0;0;0;0;0;0;0;0;0;0;0;0;0;0;1;0;0;2;1;0;0;4;1;3;1;1;0;2;0;0;1;0;0;1
31145;Cintegabelle;76;31;0;1;0;0;0;0;0;0;0;0;0;0;0;0;0;3;0;1;0;0;7;0;0;0;10;7;7;4;3;1;3;2;0;9;7;0;1
31146;Cirès;76;31;0;0;0;0;0;0;0;0;0;0;0;0;0;0;0;0;0;0;0;0;0;0;0;0;0;0;0;0;0;0;0;0;0;1;0;0;0
31147;Clarac;76;31;0;0;0;0;0;0;0;0;0;0;0;0;0;0;0;0;1;0;0;0;1;0;0;0;1;1;2;0;1;1;1;0;0;5;0;0;1
31148;Clermont-le-Fort;76;31;0;0;0;0;0;0;0;0;0;0;0;0;0;0;0;0;0;0;0;0;1;0;0;0;4;1;0;0;2;2;0;0;0;1;6;0;0
31149;Colomiers;76;31;1;0;0;0;0;0;0;0;0;4;0;1;0;0;0;24;2;2;0;0;35;4;3;9;52;71;38;43;37;10;38;11;18;92;54;5;28
31150;Cornebarrieu;76;31;0;0;0;0;0;0;0;0;0;0;0;0;0;0;0;7;3;1;0;0;12;1;2;1;7;11;9;7;8;3;14;1;0;23;6;1;10
31151;Corronsac;76;31;0;0;0;0;0;0;0;0;0;0;0;0;0;0;0;0;0;0;0;0;0;0;0;0;0;2;0;1;2;1;0;0;1;0;0;0;0
31152;Coueilles;76;31;0;0;0;0;0;0;0;0;0;0;0;0;0;0;0;0;0;0;0;0;0;0;0;0;0;0;1;0;0;0;0;0;0;1;0;0;0
31153;Couladère;76;31;0;0;0;0;0;0;0;0;0;0;0;0;0;0;0;0;0;0;0;0;0;0;0;0;1;4;0;0;1;0;0;0;0;1;0;0;0
31155;Couret;76;31;0;0;0;0;0;0;0;0;0;0;0;0;0;0;0;0;0;0;0;0;0;0;0;0;0;0;0;0;0;0;0;0;0;0;0;0;0
31156;Cox;76;31;0;0;0;0;0;0;0;0;0;0;0;0;0;0;0;0;0;0;1;0;3;0;0;0;1;0;0;0;0;0;0;0;0;0;0;0;0
31157;Cugnaux;76;31;0;1;0;0;0;0;0;0;0;1;0;0;1;0;0;9;2;1;0;0;34;3;2;4;44;27;24;32;22;16;28;4;0;45;20;4;16
31158;Cuguron;76;31;0;0;0;0;0;0;0;0;0;0;0;0;0;0;0;0;0;0;0;0;0;0;0;0;0;1;0;0;0;0;0;0;0;0;0;0;0
31159;Le Cuing;76;31;0;0;0;0;0;0;0;0;0;0;0;0;0;0;0;0;0;0;0;0;1;0;0;0;0;2;1;1;0;0;0;0;0;1;1;0;0
31160;Daux;76;31;0;0;0;0;0;0;0;0;0;0;0;0;0;0;0;0;0;0;0;0;3;0;0;0;2;4;3;2;2;0;4;0;0;5;1;1;0
31161;Deyme;76;31;0;0;0;0;0;0;0;0;0;0;0;0;0;0;0;0;0;0;0;0;1;0;0;0;2;3;2;2;2;1;3;0;0;1;2;0;1
31162;Donneville;76;31;0;0;0;0;0;0;0;0;0;0;0;0;0;0;0;0;0;0;0;0;0;0;0;0;0;4;3;0;0;0;3;0;0;1;2;0;1
31163;Drémil-Lafage;76;31;0;0;0;0;0;0;0;0;0;0;0;0;0;0;0;0;0;1;0;0;3;1;0;1;5;2;3;12;2;0;3;0;0;9;9;0;4
31164;Drudas;76;31;0;0;0;0;0;0;0;0;0;0;0;0;0;0;0;0;0;0;0;0;0;0;0;0;0;0;1;0;0;0;0;0;0;1;0;0;1
31165;Eaunes;76;31;0;0;0;0;0;0;0;0;0;0;0;0;0;0;0;2;2;1;0;0;9;1;1;2;14;15;15;11;16;2;11;2;0;15;14;0;10
31166;Empeaux;76;31;0;0;0;0;0;0;0;0;0;0;0;0;0;0;0;0;0;0;0;0;0;0;0;0;1;1;0;3;0;0;0;0;0;0;0;0;0
31167;Encausse-les-Thermes;76;31;0;0;0;0;0;0;0;0;0;0;0;0;0;0;0;0;0;0;0;1;2;0;0;0;4;4;5;1;1;0;1;0;0;1;0;0;0
31168;Eoux;76;31;0;0;0;0;0;0;0;0;0;0;0;0;0;0;0;0;0;0;0;0;0;0;0;0;1;1;0;0;0;0;0;0;0;0;0;0;0
31169;Escalquens;76;31;0;0;0;0;0;0;0;0;0;0;0;0;0;0;0;2;0;1;0;0;9;0;0;1;1;5;8;10;6;2;8;1;0;14;6;1;4
31170;Escanecrabe;76;31;0;0;0;0;0;0;0;0;0;0;0;0;0;0;0;0;0;0;0;0;0;0;0;0;1;0;1;2;0;0;0;0;0;1;0;0;0
31171;Espanès;76;31;0;0;0;0;0;0;0;0;0;0;0;0;0;0;0;0;0;0;0;0;0;0;0;0;1;2;1;1;0;0;0;0;0;0;0;0;1
31172;Esparron;76;31;0;0;0;0;0;0;0;0;0;0;0;0;0;0;0;0;0;0;0;0;0;0;0;0;1;0;0;0;0;0;0;0;0;0;0;0;0
31173;Esperce;76;31;0;0;0;0;0;0;0;0;0;0;0;0;0;0;0;0;0;0;0;0;0;0;0;0;1;0;2;0;0;0;0;0;0;1;1;0;0
31174;Estadens;76;31;0;0;0;0;0;0;0;0;0;0;0;0;0;0;0;0;0;0;0;0;1;0;0;0;1;3;4;2;2;0;0;0;0;0;2;0;0
31175;Estancarbon;76;31;0;0;0;0;0;0;0;0;0;0;0;0;0;0;0;0;0;0;0;0;5;2;0;0;3;1;1;5;2;0;5;0;0;5;2;1;0
31176;Esténos;76;31;0;0;0;0;0;0;0;0;0;0;0;0;0;0;0;0;0;0;0;0;0;0;0;0;1;1;0;0;1;0;0;0;0;1;0;0;0
31177;Eup;76;31;0;0;0;0;0;0;0;0;0;0;0;0;0;0;0;0;0;0;0;0;0;0;0;0;1;0;1;0;0;0;0;0;0;1;0;0;0
31178;Fabas;76;31;0;0;0;0;0;0;0;0;0;0;0;0;0;0;0;0;0;0;0;0;0;0;0;0;0;3;0;0;0;0;1;0;0;1;0;0;0
31179;Le Faget;76;31;0;0;0;0;0;0;0;0;0;0;0;0;0;0;0;0;0;0;0;0;0;0;0;0;2;1;1;1;1;0;0;0;0;0;0;0;0
31180;Falga;76;31;0;0;0;0;0;0;0;0;0;0;0;0;0;0;0;0;0;0;0;0;0;0;0;0;0;0;0;0;0;0;0;0;0;0;0;0;0
31181;Le Fauga;76;31;0;0;0;0;0;0;0;0;0;0;0;0;0;0;0;0;0;0;0;0;1;0;0;0;15;7;5;4;3;1;4;1;0;2;2;0;2
31182;Fenouillet;76;31;0;1;0;0;0;0;0;0;0;0;0;0;0;0;0;2;1;1;0;0;24;0;4;1;11;12;11;4;15;2;11;1;0;16;7;3;5
31183;Figarol;76;31;0;0;0;0;0;0;0;0;0;0;0;0;0;0;0;0;0;0;0;0;0;0;0;0;0;0;0;1;1;0;1;0;0;0;0;0;1
31184;Flourens;76;31;0;0;0;0;0;0;0;0;0;0;0;0;0;0;0;0;0;0;0;0;1;0;1;0;4;0;4;5;7;1;2;0;0;1;2;1;1
31185;Folcarde;76;31;0;0;0;0;0;0;0;0;0;0;0;0;0;0;0;0;0;0;0;0;0;0;0;0;1;1;1;0;0;0;0;0;0;0;0;0;0
31186;Fonbeauzard;76;31;0;0;0;0;0;0;0;0;0;0;0;0;0;0;0;0;0;0;0;0;6;0;0;0;3;6;6;3;4;2;7;0;0;4;1;2;2
31187;Fonsorbes;76;31;0;0;0;0;0;0;0;0;0;0;0;0;0;0;0;7;1;1;0;0;18;1;0;3;33;24;22;20;27;4;19;2;0;23;15;2;16
31188;Fontenilles;76;31;0;0;0;0;0;0;0;0;0;0;0;0;0;0;0;0;0;0;0;1;3;1;0;0;14;12;6;10;6;1;3;5;0;5;6;0;5
31189;Forgues;76;31;0;0;0;0;0;0;0;0;0;0;0;0;0;0;0;0;0;0;0;0;0;0;0;0;0;0;0;0;1;0;0;0;0;0;0;0;0
31190;Fos;76;31;0;0;0;0;0;0;0;0;0;0;0;0;0;0;0;0;0;0;0;1;0;0;0;0;4;2;0;0;0;0;0;0;0;1;0;0;0
31191;Fougaron;76;31;0;0;0;0;0;0;0;0;0;0;0;0;0;0;0;0;0;0;0;0;0;0;0;0;0;2;0;0;0;0;0;0;0;1;0;0;0
31192;Fourquevaux;76;31;0;0;0;0;0;0;0;0;0;0;0;0;0;0;0;0;0;0;0;0;2;0;0;0;2;2;2;0;0;0;0;0;0;2;1;0;0
31193;Le Fousseret;76;31;0;1;0;0;0;0;0;0;0;0;0;0;0;0;0;1;0;1;0;0;4;0;0;1;5;4;6;4;1;0;3;1;0;4;2;0;3
31194;Francarville;76;31;0;0;0;0;0;0;0;0;0;0;0;0;0;0;0;0;0;0;0;0;0;0;0;0;3;0;1;0;0;0;0;0;0;1;1;0;0
31195;Francazal;76;31;0;0;0;0;0;0;0;0;0;0;0;0;0;0;0;0;0;0;0;0;0;0;0;0;0;0;0;0;0;0;0;0;0;0;0;0;0
31196;Francon;76;31;0;0;0;0;0;0;0;0;0;0;0;0;0;0;0;0;0;0;0;0;0;0;0;0;1;0;2;0;1;0;0;0;0;0;0;0;0
31197;Franquevielle;76;31;0;0;0;0;0;0;0;0;0;0;0;0;0;0;0;0;0;0;0;0;1;0;0;0;4;0;2;0;0;0;1;0;0;0;0;0;0
31198;Le Fréchet;76;31;0;0;0;0;0;0;0;0;0;0;0;0;0;0;0;0;0;0;0;0;0;0;0;0;1;0;0;0;1;0;0;0;0;0;0;0;0
31199;Fronsac;76;31;0;0;0;0;0;0;0;0;0;0;0;0;0;0;0;0;0;0;0;1;0;0;0;0;0;1;0;2;0;0;0;0;0;2;0;0;0
31200;Frontignan-de-Comminges;76;31;0;0;0;0;0;0;0;0;0;0;0;0;0;0;0;0;0;0;0;0;0;0;0;0;0;0;1;0;0;0;0;0;0;0;0;0;0
31201;Frontignan-Savès;76;31;0;0;0;0;0;0;0;0;0;0;0;0;0;0;0;0;0;0;0;0;0;0;0;0;0;1;0;0;1;0;0;0;0;0;0;0;0
31202;Fronton;76;31;0;1;0;0;0;0;0;0;0;1;0;0;0;0;0;7;1;1;0;0;8;1;0;4;15;16;19;13;9;3;14;2;0;10;11;1;10
31203;Frouzins;76;31;0;0;0;0;0;0;0;0;0;0;0;0;0;0;0;4;0;1;0;0;8;0;0;1;19;17;9;10;12;5;12;1;0;14;5;1;9
31204;Fustignac;76;31;0;0;0;0;0;0;0;0;0;0;0;0;0;0;0;0;0;0;0;0;0;0;0;0;0;0;0;0;0;0;0;0;0;0;1;0;1
31205;Gagnac-sur-Garonne;76;31;0;0;0;0;0;0;0;0;0;0;0;0;0;0;0;0;1;0;0;0;7;1;0;0;1;5;3;2;2;2;0;0;0;2;6;0;3
31206;Gaillac-Toulza;76;31;0;0;0;0;0;0;0;0;0;0;0;0;0;0;0;0;0;0;0;1;1;0;0;0;7;3;2;6;1;0;3;2;0;1;0;0;1
31207;Galié;76;31;0;0;0;0;0;0;0;0;0;0;0;0;0;0;0;0;0;0;0;1;0;0;0;0;0;1;0;1;0;0;0;0;0;0;0;0;0
31208;Ganties;76;31;0;0;0;0;0;0;0;0;0;0;0;0;0;0;0;0;0;0;0;0;0;0;0;0;0;1;2;0;1;0;1;0;0;0;0;0;0
31209;Garac;76;31;0;0;0;0;0;0;0;0;0;0;0;0;0;0;0;0;0;0;0;0;0;0;0;0;0;0;1;0;0;0;0;0;0;0;0;0;1
31210;Gardouch;76;31;0;0;0;0;0;0;0;0;0;0;0;0;0;0;0;0;0;0;0;1;0;0;0;0;2;7;1;0;1;0;1;0;0;5;1;0;2
31211;Gargas;76;31;0;0;0;0;0;0;0;0;0;0;0;0;0;0;0;0;0;0;0;0;1;0;0;0;0;1;1;1;2;0;1;0;0;0;0;0;1
31212;Garidech;76;31;0;0;0;0;0;0;0;0;0;0;0;0;0;0;0;0;0;0;0;0;6;1;0;0;3;2;7;7;1;3;4;0;0;5;3;0;1
31213;Garin;76;31;0;0;0;0;0;0;0;0;0;0;0;0;0;0;0;0;0;0;0;0;1;0;0;0;0;0;1;0;1;0;0;0;0;0;0;0;0
31215;Gauré;76;31;0;0;0;0;0;0;0;0;0;0;0;0;0;0;0;0;0;0;0;0;0;0;0;0;3;0;0;1;0;0;0;0;0;0;0;0;0
31216;Gémil;76;31;0;0;0;0;0;0;0;0;0;0;0;0;0;0;0;0;0;0;0;0;0;0;0;0;3;0;0;1;0;0;0;0;0;0;0;0;0
31217;Génos;76;31;0;0;0;0;0;0;0;0;0;0;0;0;0;0;0;0;0;0;0;0;0;0;0;0;0;0;0;0;0;0;0;0;0;0;0;0;0
31218;Gensac-de-Boulogne;76;31;0;0;0;0;0;0;0;0;0;0;0;0;0;0;0;0;0;0;0;0;1;0;0;0;0;0;0;0;0;0;1;0;0;0;0;0;0
31219;Gensac-sur-Garonne;76;31;0;0;0;0;0;0;0;0;0;0;0;0;0;0;0;0;0;0;0;0;0;0;0;0;3;5;2;1;0;0;0;0;0;2;0;0;0
31220;Gibel;76;31;0;0;0;0;0;0;0;0;0;0;0;0;0;0;0;0;0;0;0;0;0;0;0;0;0;0;0;0;1;0;0;0;0;0;0;0;0
31221;Gouaux-de-Larboust;76;31;0;0;0;0;0;0;0;0;0;0;0;0;0;0;0;0;0;0;0;0;0;0;0;0;0;0;0;0;0;0;0;0;0;5;0;0;0
31222;Gouaux-de-Luchon;76;31;0;0;0;0;0;0;0;0;0;0;0;0;0;0;0;0;0;0;0;0;0;0;0;0;0;0;0;0;0;0;0;0;0;0;0;0;0
31223;Goudex;76;31;0;0;0;0;0;0;0;0;0;0;0;0;0;0;0;0;0;0;0;0;0;0;0;0;0;0;1;0;0;0;0;0;0;0;0;0;0
31224;Gourdan-Polignan;76;31;0;0;0;0;0;0;0;0;0;0;0;0;0;0;0;0;0;1;0;0;0;1;0;1;4;1;1;2;3;0;5;0;0;6;1;0;1
31225;Goutevernisse;76;31;0;0;0;0;0;0;0;0;0;0;0;0;0;0;0;0;0;0;0;0;0;0;0;0;2;0;0;0;0;0;0;0;0;0;0;0;0
31226;Gouzens;76;31;0;0;0;0;0;0;0;0;0;0;0;0;0;0;0;0;0;0;0;0;0;0;0;0;0;0;0;0;0;0;0;0;0;0;0;0;0
31227;Goyrans;76;31;0;0;0;0;0;0;0;0;0;0;0;0;0;0;0;0;0;0;0;0;0;0;0;0;1;0;1;2;2;0;0;0;0;0;1;0;0
31228;Gragnague;76;31;0;0;0;0;0;0;0;0;0;0;0;0;0;0;0;0;0;1;0;0;2;0;1;0;6;2;5;2;5;0;3;0;0;2;1;0;2
31229;Gratens;76;31;0;0;0;0;0;0;0;0;0;0;0;0;0;0;0;0;0;0;0;0;2;0;0;0;0;0;1;3;0;0;0;0;0;2;0;0;0
31230;Gratentour;76;31;0;0;0;0;0;0;0;0;0;0;0;0;0;0;0;1;0;0;1;0;9;1;0;2;12;9;11;3;6;2;3;0;0;4;5;0;2
31231;Grazac;76;31;0;0;0;0;0;0;0;0;0;0;0;0;0;0;0;0;0;0;0;0;0;0;0;0;3;2;0;1;0;0;1;0;0;1;1;0;1
31232;Grenade;76;31;0;1;0;0;0;0;0;0;0;1;0;0;0;0;0;8;1;1;0;0;18;1;0;2;19;13;14;9;11;3;17;8;0;29;16;3;11
31233;Grépiac;76;31;0;0;0;0;0;0;0;0;0;0;0;0;0;0;0;0;0;0;1;0;0;0;0;0;4;5;0;3;4;0;2;0;0;0;1;0;0
31234;Le Grès;76;31;0;0;0;0;0;0;0;0;0;0;0;0;0;0;0;0;0;0;0;0;0;0;0;0;0;2;2;0;1;0;1;0;0;2;0;0;0
31235;Guran;76;31;0;0;0;0;0;0;0;0;0;0;0;0;0;0;0;0;0;0;0;0;1;0;0;0;0;0;0;0;0;0;0;0;0;0;0;0;0
31236;Herran;76;31;0;0;0;0;0;0;0;0;0;0;0;0;0;0;0;0;0;0;0;0;0;0;0;0;0;0;0;1;0;0;0;0;0;0;0;0;0
31237;His;76;31;0;0;0;0;0;0;0;0;0;0;0;0;0;0;0;0;0;0;0;0;1;0;0;0;2;0;2;0;0;0;0;0;0;1;0;0;0
31238;Huos;76;31;0;0;0;0;0;0;0;0;0;0;0;0;0;0;0;0;0;0;0;0;0;0;0;0;4;2;2;0;0;0;1;0;0;1;0;0;1
31239;L'Isle-en-Dodon;76;31;0;1;0;0;0;0;0;0;0;1;0;0;0;0;0;1;2;1;0;0;5;2;0;1;7;6;5;3;3;0;5;2;0;7;2;0;3
31240;Issus;76;31;0;0;0;0;0;0;0;0;0;0;0;0;0;0;0;0;0;0;0;0;0;0;0;0;1;1;0;1;1;0;1;2;0;0;0;0;1
31241;Izaut-de-l'Hôtel;76;31;0;0;0;0;0;0;0;0;0;0;0;0;0;0;0;0;0;0;0;1;0;0;0;0;2;2;1;1;0;0;0;0;0;0;0;0;0
31242;Jurvielle;76;31;0;0;0;0;0;0;0;0;0;0;0;0;0;0;0;0;0;0;0;0;0;0;0;0;0;0;0;0;0;0;0;0;0;0;0;0;0
31243;Juzes;76;31;0;0;0;0;0;0;0;0;0;0;0;0;0;0;0;0;0;0;0;0;0;0;0;0;0;0;1;0;0;0;0;0;0;0;0;0;0
31244;Juzet-de-Luchon;76;31;0;0;0;0;0;0;0;0;0;0;0;0;0;0;0;0;0;0;0;0;1;0;0;0;1;0;2;0;1;0;0;0;0;0;1;0;0
31245;Juzet-d'Izaut;76;31;0;0;0;0;0;0;0;0;0;0;0;0;0;0;0;0;0;0;0;1;1;0;0;0;2;0;0;2;0;1;0;0;0;2;0;0;0
31246;Labarthe-Inard;76;31;0;0;0;0;0;0;0;0;0;0;0;0;0;0;0;0;0;1;0;0;1;0;0;0;1;7;4;1;4;0;0;0;0;0;0;0;0
31247;Labarthe-Rivière;76;31;0;0;0;0;0;0;0;0;0;0;0;0;0;0;0;0;0;1;0;0;3;0;0;1;2;1;2;1;1;0;2;0;0;1;0;0;1
31248;Labarthe-sur-Lèze;76;31;0;0;0;0;0;0;0;0;0;0;0;0;0;0;0;3;0;1;0;0;14;1;0;1;15;11;13;14;7;2;6;1;0;10;7;3;8
31249;Labastide-Beauvoir;76;31;0;0;0;0;0;0;0;0;0;0;0;0;0;0;0;0;0;0;0;1;3;0;0;0;3;2;1;2;1;0;2;0;0;1;2;0;1
31250;Labastide-Clermont;76;31;0;0;0;0;0;0;0;0;0;0;0;0;0;0;0;0;0;0;0;0;1;0;0;0;4;2;5;4;4;0;0;0;0;1;1;0;1
31251;Labastide-Paumès;76;31;0;0;0;0;0;0;0;0;0;0;0;0;0;0;0;0;0;0;0;0;0;0;0;0;1;0;0;0;0;0;0;0;0;0;0;0;0
31252;Labastide-Saint-Sernin;76;31;0;0;0;0;0;0;0;0;0;0;0;0;0;0;0;0;0;0;0;0;1;0;0;0;4;6;3;2;1;0;2;0;0;0;3;0;2
31253;Labastidette;76;31;0;0;0;0;0;0;0;0;0;0;0;0;0;0;0;0;0;0;0;1;2;0;0;1;4;3;1;4;2;2;4;0;0;2;1;0;5
31254;Labège;76;31;0;0;0;0;0;0;0;1;0;0;0;1;0;0;0;11;0;1;1;0;13;1;9;1;7;10;12;10;5;6;12;2;3;54;14;2;9
31255;Labroquère;76;31;0;0;0;0;0;0;0;0;0;0;0;0;0;0;0;0;0;0;1;0;0;0;0;0;2;1;1;2;0;0;0;0;0;0;1;0;0
31256;Labruyère-Dorsa;76;31;0;0;0;0;0;0;0;0;0;0;0;0;0;0;0;0;0;0;0;0;0;0;0;0;0;1;0;0;0;0;0;0;0;1;0;0;0
31258;Lacaugne;76;31;0;0;0;0;0;0;0;0;0;0;0;0;0;0;0;0;0;0;0;0;0;0;0;0;2;0;0;0;1;0;1;0;0;0;0;0;0
31259;Lacroix-Falgarde;76;31;0;0;0;0;0;0;0;0;0;0;0;0;0;0;0;0;0;0;0;1;1;0;0;0;1;3;3;6;2;2;4;1;0;4;5;1;1
31260;Laffite-Toupière;76;31;0;0;0;0;0;0;0;0;0;0;0;0;0;0;0;0;0;0;0;0;0;0;0;0;1;1;0;1;0;0;0;0;0;1;1;0;0
31261;Lafitte-Vigordane;76;31;0;0;0;0;0;0;0;0;0;0;0;0;0;0;0;0;0;0;0;0;1;0;0;0;4;2;5;0;4;0;2;0;0;2;0;0;1
31262;Lagarde;76;31;0;0;0;0;0;0;0;0;0;0;0;0;0;0;0;0;0;0;0;0;0;0;0;0;0;2;0;0;1;0;0;0;0;0;0;0;0
31263;Lagardelle-sur-Lèze;76;31;0;0;0;0;0;0;0;0;0;0;0;0;0;0;0;0;1;1;0;0;1;0;0;0;9;11;8;5;2;0;3;0;0;3;5;1;5
31264;Lagrâce-Dieu;76;31;0;0;0;0;0;0;0;0;0;0;0;0;0;0;0;0;0;0;0;0;1;0;0;0;0;1;1;0;2;0;0;0;0;0;1;0;0
31265;Lagraulet-Saint-Nicolas;76;31;0;0;0;0;0;0;0;0;0;0;0;0;0;0;0;0;0;0;0;0;0;0;0;0;1;2;1;1;3;0;0;0;0;0;0;0;0
31266;Lahage;76;31;0;0;0;0;0;0;0;0;0;0;0;0;0;0;0;0;0;0;0;0;0;0;0;0;1;0;0;0;1;0;0;0;0;0;0;0;0
31267;Lahitère;76;31;0;0;0;0;0;0;0;0;0;0;0;0;0;0;0;0;0;0;0;0;0;0;0;0;0;0;0;0;0;0;0;0;0;0;0;0;0
31268;Lalouret-Laffiteau;76;31;0;0;0;0;0;0;0;0;0;0;0;0;0;0;0;0;0;0;0;0;0;0;0;0;0;0;0;0;0;0;0;0;0;0;0;0;0
31269;Lamasquère;76;31;0;0;0;0;0;0;0;0;0;0;0;0;0;0;0;0;0;0;0;0;2;0;0;0;3;3;3;2;3;0;0;0;0;1;1;0;2
31270;Landorthe;76;31;0;0;0;0;0;0;0;0;0;0;0;0;0;0;0;0;0;0;0;0;3;0;1;0;3;0;2;1;1;0;0;0;0;1;0;0;0
31271;Lanta;76;31;0;1;0;0;0;0;0;0;0;0;0;0;0;0;0;2;1;1;0;0;3;0;0;1;3;6;5;2;10;1;4;1;0;3;4;0;2
31272;Lapeyrère;76;31;0;0;0;0;0;0;0;0;0;0;0;0;0;0;0;0;0;0;0;0;0;0;0;0;1;0;0;0;0;0;0;0;0;0;0;0;0
31273;Lapeyrouse-Fossat;76;31;0;0;0;0;0;0;0;0;0;0;0;0;0;0;0;1;0;0;0;0;1;0;0;0;8;8;5;6;4;2;2;0;0;2;6;0;2
31274;Larcan;76;31;0;0;0;0;0;0;0;0;0;0;0;0;0;0;0;0;0;0;0;0;0;0;0;0;0;0;1;0;0;0;0;0;0;0;0;0;0
31275;Laréole;76;31;0;0;0;0;0;0;0;0;0;0;0;0;0;0;0;0;0;0;0;0;0;0;0;0;0;1;0;1;0;0;0;0;0;0;0;0;0
31276;Larroque;76;31;0;0;0;0;0;0;0;0;0;0;0;0;0;0;0;0;0;0;0;0;1;0;0;0;3;0;0;0;2;0;0;0;0;1;0;0;0
31277;Lasserre;76;31;0;0;0;0;0;0;0;0;0;0;0;0;0;0;0;0;0;0;0;0;0;0;0;0;1;2;0;3;1;1;0;0;0;0;0;0;0
31278;Latoue;76;31;0;0;0;0;0;0;0;0;0;0;0;0;0;0;0;0;0;0;0;0;0;0;0;0;0;0;0;1;1;0;1;0;0;1;1;0;0
31279;Latour;76;31;0;0;0;0;0;0;0;0;0;0;0;0;0;0;0;0;0;0;0;0;0;0;0;0;1;0;0;1;0;0;0;0;0;0;0;0;0
31280;Latrape;76;31;0;0;0;0;0;0;0;0;0;0;0;0;0;0;0;0;0;0;0;0;0;0;0;0;0;1;0;2;2;0;0;0;0;0;0;0;2
31281;Launac;76;31;0;0;0;0;0;0;0;0;0;0;0;0;0;0;0;0;0;1;0;0;2;0;0;0;3;4;4;2;5;0;2;0;0;5;0;0;2
31282;Launaguet;76;31;0;1;0;0;0;0;0;0;0;0;0;0;0;0;0;3;1;1;0;0;24;1;0;2;18;28;16;13;17;6;8;3;0;12;13;0;9
31283;Lautignac;76;31;0;0;0;0;0;0;0;0;0;0;0;0;0;0;0;0;0;0;0;0;0;0;0;0;1;5;1;1;1;0;0;0;0;0;0;0;0
31284;Lauzerville;76;31;0;0;0;0;0;0;0;0;0;0;0;0;0;0;0;0;0;0;0;0;1;0;0;0;1;1;2;2;0;1;0;0;0;1;6;0;2
31285;Lavalette;76;31;0;0;0;0;0;0;0;0;0;0;0;0;0;0;0;0;0;0;0;1;1;0;0;0;1;1;0;1;3;2;0;0;0;5;2;0;2
31286;Lavelanet-de-Comminges;76;31;0;0;0;0;0;0;0;0;0;0;0;0;0;0;0;0;1;0;0;0;4;0;1;0;2;0;4;1;1;0;1;0;0;2;0;0;0
31287;Lavernose-Lacasse;76;31;0;0;0;0;0;0;0;0;0;0;0;0;0;0;0;0;0;1;0;0;2;0;0;1;5;6;2;7;6;0;7;1;0;3;1;0;3
31288;Layrac-sur-Tarn;76;31;0;0;0;0;0;0;0;0;0;0;0;0;0;0;0;0;0;0;0;0;0;0;0;0;1;0;0;0;0;0;0;0;0;0;0;0;0
31289;Lécussan;76;31;0;0;0;0;0;0;0;0;0;0;0;0;0;0;0;0;0;0;0;0;2;0;0;0;1;0;0;0;1;0;1;0;0;0;0;0;0
31290;Lège;76;31;0;0;0;0;0;0;0;0;0;0;0;0;0;0;0;0;0;0;0;0;0;0;0;0;0;0;0;0;0;0;0;0;0;0;0;0;0
31291;Léguevin;76;31;0;1;0;0;0;0;0;0;0;0;0;0;0;0;0;5;0;1;0;0;4;1;0;2;14;14;7;7;10;2;12;2;0;10;5;2;5
31292;Lescuns;76;31;0;0;0;0;0;0;0;0;0;0;0;0;0;0;0;0;0;0;0;0;0;0;0;0;0;0;0;0;0;0;0;0;0;0;0;0;0
31293;Lespinasse;76;31;0;0;0;0;0;0;0;0;0;0;0;0;0;0;0;0;0;0;0;1;13;0;2;0;9;4;5;4;9;1;1;3;0;2;5;0;3
31294;Lespiteau;76;31;0;0;0;0;0;0;0;0;0;0;0;0;0;0;0;0;0;0;0;0;0;0;0;0;0;0;0;0;0;0;0;0;0;0;0;0;0
31295;Lespugue;76;31;0;0;0;0;0;0;0;0;0;0;0;0;0;0;0;0;0;0;0;0;0;0;0;0;0;0;2;0;0;0;0;0;0;0;0;0;0
31296;Lestelle-de-Saint-Martory;76;31;0;0;0;0;0;0;0;0;0;0;0;0;0;0;0;0;0;0;0;0;1;0;0;0;3;2;0;0;0;0;1;0;0;0;0;0;0
31297;Lévignac;76;31;0;0;0;0;0;0;0;0;0;0;0;0;0;0;0;1;0;1;0;0;2;0;0;2;3;4;3;3;2;0;6;2;0;6;6;0;4
31298;Lez;76;31;0;0;0;0;0;0;0;0;0;0;0;0;0;0;0;0;0;0;0;0;0;0;0;0;0;0;0;0;0;0;0;0;0;0;0;0;0
31299;Lherm;76;31;0;0;0;0;0;0;0;0;0;0;0;0;0;0;0;0;1;1;0;0;7;0;0;0;17;13;6;7;9;1;2;0;0;4;2;0;2
31300;Lieoux;76;31;0;0;0;0;0;0;0;0;0;0;0;0;0;0;0;0;0;0;0;0;0;0;0;0;0;0;0;0;0;0;0;0;0;0;0;0;0
31301;Lilhac;76;31;0;0;0;0;0;0;0;0;0;0;0;0;0;0;0;0;0;0;0;0;1;0;0;0;0;0;0;0;0;0;0;0;0;0;0;0;0
31302;Lodes;76;31;0;0;0;0;0;0;0;0;0;0;0;0;0;0;0;0;0;0;0;0;0;0;0;0;1;1;0;1;2;0;0;0;0;0;0;0;0
31303;Longages;76;31;0;0;0;0;0;0;0;0;0;0;0;0;0;0;0;0;0;1;0;0;3;0;0;0;14;4;9;5;6;2;2;0;0;2;3;0;3
31304;Loubens-Lauragais;76;31;0;0;0;0;0;0;0;0;0;0;0;0;0;0;0;0;0;0;0;1;0;0;0;0;1;1;3;0;0;0;0;0;0;1;3;0;1
31305;Loudet;76;31;0;0;0;0;0;0;0;0;0;0;0;0;0;0;0;0;0;0;0;0;1;0;0;0;1;0;1;0;0;0;0;0;0;0;1;0;0
31306;Lourde;76;31;0;0;0;0;0;0;0;0;0;0;0;0;0;0;0;0;0;0;0;0;0;0;0;0;0;0;0;0;1;0;0;0;0;0;0;0;0
31307;Lunax;76;31;0;0;0;0;0;0;0;0;0;0;0;0;0;0;0;0;0;0;0;0;0;0;0;0;0;0;0;0;0;0;0;0;0;0;0;0;0
31308;Luscan;76;31;0;0;0;0;0;0;0;0;0;0;0;0;0;0;0;0;0;0;0;0;0;0;0;0;0;0;0;1;0;0;0;0;0;1;0;0;0
31309;Lussan-Adeilhac;76;31;0;0;0;0;0;0;0;0;0;0;0;0;0;0;0;0;0;0;0;0;0;0;0;0;0;0;0;1;1;0;0;0;0;1;0;0;0
31310;Lux;76;31;0;0;0;0;0;0;0;0;0;0;0;0;0;0;0;0;0;0;0;0;0;0;0;0;0;2;0;0;0;0;0;0;0;0;0;0;0
31311;La Magdelaine-sur-Tarn;76;31;0;0;0;0;0;0;0;0;0;0;0;0;0;0;0;0;0;0;0;1;1;0;0;0;4;3;3;5;3;0;1;0;0;1;2;0;3
31312;Mailholas;76;31;0;0;0;0;0;0;0;0;0;0;0;0;0;0;0;0;0;0;0;0;0;0;0;0;0;0;0;0;0;0;0;0;0;0;0;0;0
31313;Malvezie;76;31;0;0;0;0;0;0;0;0;0;0;0;0;0;0;0;0;0;0;0;0;0;0;0;0;0;0;0;0;1;0;0;0;0;1;0;0;0
31314;Mancioux;76;31;0;0;0;0;0;0;0;0;0;0;0;0;0;0;0;0;0;0;0;0;0;0;0;0;0;0;0;0;1;0;0;0;0;5;0;0;1
31315;Mane;76;31;0;0;0;0;0;0;0;0;0;0;0;0;0;0;0;0;1;1;0;0;0;1;0;1;0;4;1;1;3;0;3;0;0;4;2;0;1
31316;Marignac;76;31;0;0;0;0;0;0;0;0;0;0;0;0;0;0;0;0;0;0;0;1;0;0;0;0;0;1;0;1;1;0;1;1;0;0;1;0;0
31317;Marignac-Lasclares;76;31;0;0;0;0;0;0;0;0;0;0;0;0;0;0;0;0;0;0;0;0;0;0;0;0;0;0;1;0;1;0;0;0;0;0;1;0;0
31318;Marignac-Laspeyres;76;31;0;0;0;0;0;0;0;0;0;0;0;0;0;0;0;0;0;0;0;0;1;0;0;0;0;0;1;0;0;0;0;0;0;1;0;0;0
31319;Marliac;76;31;0;0;0;0;0;0;0;0;0;0;0;0;0;0;0;0;0;0;0;0;0;0;0;0;0;0;0;0;0;0;0;0;0;0;0;0;0
31320;Marquefave;76;31;0;0;0;0;0;0;0;0;0;0;0;0;0;0;0;0;0;0;0;0;2;0;0;0;1;5;3;0;4;0;2;0;0;1;2;0;1
31321;Marsoulas;76;31;0;0;0;0;0;0;0;0;0;0;0;0;0;0;0;0;0;0;0;0;0;0;0;0;1;0;0;0;2;0;0;0;0;0;0;0;0
31322;Martisserre;76;31;0;0;0;0;0;0;0;0;0;0;0;0;0;0;0;0;0;0;0;0;0;0;0;0;0;0;0;0;0;0;0;0;0;0;0;0;0
31323;Martres-de-Rivière;76;31;0;0;0;0;0;0;0;0;0;0;0;0;0;0;0;0;0;0;0;1;0;0;0;0;1;0;0;3;1;0;1;0;0;1;1;0;0
31324;Martres-Tolosane;76;31;0;1;0;0;0;0;0;0;0;0;0;0;0;0;0;2;1;1;0;0;8;0;0;1;4;5;6;6;3;0;5;1;0;8;1;1;1
31325;Mascarville;76;31;0;0;0;0;0;0;0;0;0;0;0;0;0;0;0;0;0;0;0;0;0;0;0;0;0;0;1;0;1;0;0;0;0;0;0;0;0
31326;Massabrac;76;31;0;0;0;0;0;0;0;0;0;0;0;0;0;0;0;0;0;0;0;0;0;0;0;0;0;0;0;0;0;0;0;0;0;0;0;0;0
31327;Mauran;76;31;0;0;0;0;0;0;0;0;0;0;0;0;0;0;0;0;0;0;0;0;0;0;0;0;0;2;1;0;0;0;0;0;0;0;0;0;0
31328;Mauremont;76;31;0;0;0;0;0;0;0;0;0;0;0;0;0;0;0;0;0;0;0;0;1;0;0;0;1;1;1;0;0;0;1;0;0;0;0;0;0
31329;Maurens;76;31;0;0;0;0;0;0;0;0;0;0;0;0;0;0;0;0;0;0;0;0;0;0;0;0;0;1;1;0;1;1;1;0;0;0;0;0;0
31330;Mauressac;76;31;0;0;0;0;0;0;0;0;0;0;0;0;0;0;0;0;0;0;0;0;0;0;0;0;1;2;1;0;0;0;0;0;0;0;0;0;0
31331;Maureville;76;31;0;0;0;0;0;0;0;0;0;0;0;0;0;0;0;0;0;0;0;0;0;0;0;0;1;1;2;2;1;0;0;0;0;0;0;0;1
31332;Mauvaisin;76;31;0;0;0;0;0;0;0;0;0;0;0;0;0;0;0;0;0;0;0;0;0;0;0;0;0;0;0;1;1;0;0;0;0;1;0;0;0
31333;Mauvezin;76;31;0;0;0;0;0;0;0;0;0;0;0;0;0;0;0;0;0;0;0;0;0;0;0;0;0;0;0;0;0;0;0;0;0;0;0;0;0
31334;Mauzac;76;31;0;0;0;0;0;0;0;0;0;0;0;0;0;0;0;0;0;0;0;0;3;0;0;0;8;2;3;5;3;2;2;0;0;3;1;0;1
31335;Mayrègne;76;31;0;0;0;0;0;0;0;0;0;0;0;0;0;0;0;0;0;0;0;0;0;0;0;0;0;0;0;0;0;0;0;0;0;0;0;0;0
31336;Mazères-sur-Salat;76;31;0;0;0;0;0;0;0;0;0;0;0;0;0;0;0;0;0;0;0;1;2;0;0;0;1;0;1;1;1;0;1;0;0;1;0;0;0
31337;Melles;76;31;0;0;0;0;0;0;0;0;0;0;0;0;0;0;0;0;0;0;0;0;0;0;0;0;0;0;1;0;0;0;0;0;0;1;0;0;0
31338;Menville;76;31;0;0;0;0;0;0;0;0;0;0;0;0;0;0;0;0;0;0;0;0;0;0;0;0;3;1;3;2;1;0;0;0;0;0;2;0;0
31339;Mérenvielle;76;31;0;0;0;0;0;0;0;0;0;0;0;0;0;0;0;0;0;0;0;0;0;0;0;0;0;3;0;1;1;0;1;0;0;0;0;0;1
31340;Mervilla;76;31;0;0;0;0;0;0;0;0;0;0;0;0;0;0;0;0;0;0;0;0;1;0;0;0;2;0;0;0;0;0;0;0;0;0;0;0;0
31341;Merville;76;31;0;0;0;0;0;0;0;0;0;0;0;0;0;0;0;1;1;1;0;0;10;0;0;2;15;10;13;7;6;3;7;3;0;7;2;0;2
31342;Milhas;76;31;0;0;0;0;0;0;0;0;0;0;0;0;0;0;0;0;0;0;0;0;0;0;0;0;2;0;0;1;0;0;0;0;0;0;0;0;0
31343;Mirambeau;76;31;0;0;0;0;0;0;0;0;0;0;0;0;0;0;0;0;0;0;0;0;0;0;0;0;0;0;0;0;0;0;0;0;0;0;0;0;0
31344;Miramont-de-Comminges;76;31;0;0;0;0;0;0;0;0;0;0;0;0;0;0;0;0;0;1;0;0;1;0;0;0;0;2;2;1;2;0;1;0;0;1;1;0;1
31345;Miremont;76;31;0;0;0;0;0;0;0;0;0;0;0;0;0;0;0;0;0;1;0;0;2;0;0;0;8;7;3;6;7;1;2;0;0;3;2;0;3
31346;Mirepoix-sur-Tarn;76;31;0;0;0;0;0;0;0;0;0;0;0;0;0;0;0;0;0;0;0;1;1;0;0;0;3;4;2;5;1;0;0;0;0;2;0;0;0
31347;Molas;76;31;0;0;0;0;0;0;0;0;0;0;0;0;0;0;0;0;0;0;0;0;0;0;0;0;1;0;0;1;0;0;0;0;0;3;0;0;0
31348;Moncaup;76;31;0;0;0;0;0;0;0;0;0;0;0;0;0;0;0;0;0;0;0;0;0;0;0;0;0;0;0;0;0;0;0;0;0;0;0;0;0
31349;Mondavezan;76;31;0;0;0;0;0;0;0;0;0;0;0;0;0;0;0;0;0;0;0;1;0;0;0;0;2;3;1;2;0;0;2;0;0;3;1;0;0
31350;Mondilhan;76;31;0;0;0;0;0;0;0;0;0;0;0;0;0;0;0;0;0;0;0;0;0;0;0;0;0;0;0;1;0;0;0;0;0;0;0;0;0
31351;Mondonville;76;31;0;0;0;0;0;0;0;0;0;0;0;0;0;0;0;1;0;1;0;0;3;0;0;1;3;3;4;5;3;2;3;1;0;9;4;0;4
31352;Mondouzil;76;31;0;0;0;0;0;0;0;0;0;0;0;0;0;0;0;0;0;0;0;0;3;0;0;0;0;1;5;6;4;0;0;0;0;1;0;0;0
31353;Monès;76;31;0;0;0;0;0;0;0;0;0;0;0;0;0;0;0;0;0;0;0;0;0;0;0;0;0;1;0;0;0;0;0;0;0;0;0;0;0
31354;Monestrol;76;31;0;0;0;0;0;0;0;0;0;0;0;0;0;0;0;0;0;0;0;0;0;0;0;0;0;0;0;0;0;0;0;0;0;0;0;0;0
31355;Mons;76;31;0;0;0;0;0;0;0;0;0;0;0;0;0;0;0;0;0;0;0;0;1;0;0;0;1;2;1;2;7;0;2;0;0;2;3;0;2
31356;Montaigut-sur-Save;76;31;0;0;0;0;0;0;0;0;0;0;0;0;0;0;0;0;0;1;0;0;4;1;0;0;1;2;6;3;1;1;3;0;0;2;1;0;2
31357;Montastruc-de-Salies;76;31;0;0;0;0;0;0;0;0;0;0;0;0;0;0;0;0;0;0;0;0;0;0;0;0;1;1;0;1;0;0;0;1;0;0;0;0;0
31358;Montastruc-la-Conseillère;76;31;0;1;0;0;0;0;0;0;0;1;0;0;0;0;0;3;0;1;0;0;1;0;0;1;5;5;6;2;2;0;6;2;0;7;10;1;4
31359;Montastruc-Savès;76;31;0;0;0;0;0;0;0;0;0;0;0;0;0;0;0;0;0;0;0;0;0;0;0;0;1;0;0;2;0;0;0;0;0;0;0;0;0
31360;Montauban-de-Luchon;76;31;0;0;0;0;0;0;0;0;0;0;0;0;0;0;0;0;0;0;0;0;0;1;0;0;1;0;4;2;2;1;0;0;0;3;0;0;0
31361;Montaut;76;31;0;0;0;0;0;0;0;0;0;0;0;0;0;0;0;0;0;0;0;0;2;0;0;0;3;5;0;1;0;0;1;0;0;0;0;0;1
31362;Montberaud;76;31;0;0;0;0;0;0;0;0;0;0;0;0;0;0;0;0;0;0;0;0;1;0;0;0;1;0;0;1;1;0;0;0;0;0;1;0;0
31363;Montbernard;76;31;0;0;0;0;0;0;0;0;0;0;0;0;0;0;0;0;0;0;0;0;1;0;0;0;1;0;0;0;0;0;0;0;0;0;0;0;0
31364;Montberon;76;31;0;0;0;0;0;0;0;0;0;0;0;0;0;0;0;0;0;1;0;0;2;0;0;0;5;2;8;5;4;0;2;0;0;3;4;1;3
31365;Montbrun-Bocage;76;31;0;0;0;0;0;0;0;0;0;0;0;0;0;0;0;0;0;0;0;1;0;0;0;0;0;1;2;0;0;0;0;0;0;3;0;0;0
31366;Montbrun-Lauragais;76;31;0;0;0;0;0;0;0;0;0;0;0;0;0;0;0;0;0;0;0;0;1;0;0;0;0;0;3;1;0;0;1;0;0;0;2;0;1
31367;Montclar-de-Comminges;76;31;0;0;0;0;0;0;0;0;0;0;0;0;0;0;0;0;0;0;0;0;0;0;0;0;1;0;0;0;0;1;1;0;0;0;0;0;0
31368;Montclar-Lauragais;76;31;0;0;0;0;0;0;0;0;0;0;0;0;0;0;0;0;0;0;0;0;0;0;0;0;0;1;0;0;0;0;0;0;0;0;0;0;0
31369;Mont-de-Galié;76;31;0;0;0;0;0;0;0;0;0;0;0;0;0;0;0;0;0;0;0;0;0;0;0;0;0;0;0;0;0;0;0;0;0;0;0;0;0
31370;Montégut-Bourjac;76;31;0;0;0;0;0;0;0;0;0;0;0;0;0;0;0;0;0;0;0;0;1;0;0;0;2;2;1;0;0;0;2;0;0;0;0;0;0
31371;Montégut-Lauragais;76;31;0;0;0;0;0;0;0;0;0;0;0;0;0;0;0;0;0;0;0;0;0;0;0;0;0;3;1;1;1;0;0;0;0;1;0;0;0
31372;Montespan;76;31;0;0;0;0;0;0;0;0;0;0;0;0;0;0;0;0;0;0;0;0;0;0;0;0;2;2;1;1;1;0;0;1;0;1;0;0;0
31373;Montesquieu-Guittaut;76;31;0;0;0;0;0;0;0;0;0;0;0;0;0;0;0;0;0;0;0;0;0;0;0;0;0;0;1;0;1;0;0;0;0;0;0;0;0
31374;Montesquieu-Lauragais;76;31;0;0;0;0;0;0;0;0;0;0;0;0;0;0;0;0;0;0;0;1;2;0;0;0;2;0;1;2;2;1;1;0;0;0;0;0;0
31375;Montesquieu-Volvestre;76;31;0;1;0;0;0;0;0;0;0;0;0;0;0;0;0;4;0;1;0;0;6;0;0;2;8;7;5;6;9;0;7;1;0;6;3;0;2
31376;Montgaillard-de-Salies;76;31;0;0;0;0;0;0;0;0;0;0;0;0;0;0;0;0;0;0;0;0;0;0;0;0;0;0;0;0;0;0;0;0;0;1;0;0;0
31377;Montgaillard-Lauragais;76;31;0;0;0;0;0;0;0;0;0;0;0;0;0;0;0;0;0;0;0;0;3;0;0;0;3;2;0;2;3;1;0;0;0;1;1;0;0
31378;Montgaillard-sur-Save;76;31;0;0;0;0;0;0;0;0;0;0;0;0;0;0;0;0;0;0;0;0;0;0;0;0;0;0;0;0;0;0;0;0;0;0;0;0;0
31379;Montgazin;76;31;0;0;0;0;0;0;0;0;0;0;0;0;0;0;0;0;0;0;0;0;0;0;0;0;0;0;0;0;0;0;0;0;0;0;0;0;0
31380;Montgeard;76;31;0;0;0;0;0;0;0;0;0;0;0;0;0;0;0;0;0;0;0;0;0;0;0;0;2;3;2;3;1;0;1;0;0;4;0;0;0
31381;Montgiscard;76;31;0;1;0;0;0;0;0;0;0;0;0;0;0;0;0;1;0;1;0;0;4;1;0;0;6;3;2;5;2;0;4;0;1;4;5;0;2
31382;Montgras;76;31;0;0;0;0;0;0;0;0;0;0;0;0;0;0;0;0;0;0;0;0;0;0;0;0;0;0;0;2;0;0;0;0;0;0;0;0;0
31383;Montjoire;76;31;0;0;0;0;0;0;0;0;0;0;0;0;0;0;0;0;0;0;1;0;2;0;0;0;2;7;6;4;4;0;1;0;0;1;1;0;1
31384;Montlaur;76;31;0;0;0;0;0;0;0;0;0;0;0;0;0;0;0;0;0;0;0;0;2;0;0;0;4;1;5;3;1;0;1;0;0;1;0;0;0
31385;Montmaurin;76;31;0;0;0;0;0;0;0;0;0;0;0;0;0;0;0;0;0;0;0;0;0;0;0;0;1;0;1;0;0;0;0;0;0;0;0;0;0
31386;Montoulieu-Saint-Bernard;76;31;0;0;0;0;0;0;0;0;0;0;0;0;0;0;0;0;0;0;0;0;0;0;0;0;0;1;0;2;0;0;0;1;0;0;0;0;0
31387;Montoussin;76;31;0;0;0;0;0;0;0;0;0;0;0;0;0;0;0;0;0;0;0;0;0;0;0;0;1;0;1;1;0;0;0;0;0;0;0;0;0
31388;Montpitol;76;31;0;0;0;0;0;0;0;0;0;0;0;0;0;0;0;0;0;0;0;0;0;0;0;0;0;1;1;1;1;0;0;0;0;0;0;0;0
31389;Montrabé;76;31;0;0;0;0;0;0;0;0;0;0;0;0;0;0;0;1;0;1;0;0;6;0;0;1;8;5;10;11;7;2;4;1;0;13;7;2;4
31390;Montréjeau;76;31;0;1;0;0;0;0;0;0;0;1;0;0;0;0;0;5;1;1;0;0;6;2;0;2;5;10;2;2;2;1;9;4;0;12;3;0;3
31391;Montsaunès;76;31;0;0;0;0;0;0;0;0;0;0;0;0;0;0;0;0;0;0;0;0;0;0;0;2;1;1;1;0;0;1;0;0;0;2;0;0;1
31392;Mourvilles-Basses;76;31;0;0;0;0;0;0;0;0;0;0;0;0;0;0;0;0;0;0;0;0;0;0;0;0;0;0;1;0;0;0;0;0;0;0;0;0;0
31393;Mourvilles-Hautes;76;31;0;0;0;0;0;0;0;0;0;0;0;0;0;0;0;0;0;0;0;0;0;0;0;0;0;1;0;0;0;0;0;0;0;0;0;0;0
31394;Moustajon;76;31;0;0;0;0;0;0;0;0;0;0;0;0;0;0;0;0;1;0;0;0;0;0;0;0;1;1;0;0;0;1;0;0;0;0;1;0;0
31395;Muret;76;31;0;1;0;0;1;0;0;0;0;5;0;1;0;0;0;16;4;2;1;0;41;5;1;5;49;59;44;42;28;9;44;4;7;84;32;6;28
31396;Nailloux;76;31;0;1;0;0;0;0;0;0;0;1;0;0;0;0;0;2;1;1;0;0;5;1;1;2;11;5;5;8;7;1;5;1;0;12;7;0;5
31397;Nénigan;76;31;0;0;0;0;0;0;0;0;0;0;0;0;0;0;0;0;0;0;0;0;0;0;0;0;0;0;0;0;0;0;0;0;0;0;0;0;0
31398;Nizan-Gesse;76;31;0;0;0;0;0;0;0;0;0;0;0;0;0;0;0;0;0;0;0;0;1;0;0;0;0;0;1;2;1;0;0;0;0;0;0;0;0
31399;Noé;76;31;0;0;0;0;0;0;0;0;0;0;0;0;0;0;0;0;2;1;0;0;14;1;0;1;10;11;9;17;8;1;4;0;0;4;3;1;1
31400;Nogaret;76;31;0;0;0;0;0;0;0;0;0;0;0;0;0;0;0;0;0;0;0;0;0;0;0;0;0;2;0;0;0;0;0;0;0;0;1;0;0
31401;Noueilles;76;31;0;0;0;0;0;0;0;0;0;0;0;0;0;0;0;0;0;0;0;0;0;0;0;0;0;0;0;1;1;0;1;0;0;0;0;0;0
31402;Odars;76;31;0;0;0;0;0;0;0;0;0;0;0;0;0;0;0;0;0;0;0;0;1;0;0;0;2;1;2;2;1;0;0;0;0;0;1;1;0
31403;Ondes;76;31;0;0;0;0;0;0;0;0;0;0;0;0;0;0;0;0;0;0;0;0;0;0;0;0;0;3;2;1;2;0;1;0;0;0;2;0;0
31404;Oô;76;31;0;0;0;0;0;0;0;0;0;0;0;0;0;0;0;0;0;0;0;0;0;0;0;0;0;0;1;1;0;0;0;0;0;2;0;0;0
31405;Ore;76;31;0;0;0;0;0;0;0;0;0;0;0;0;0;0;0;0;0;0;0;1;1;0;0;0;1;1;0;0;0;1;0;0;0;1;0;0;0
31406;Palaminy;76;31;0;0;0;0;0;0;0;0;0;0;0;0;0;0;0;0;0;0;0;0;3;1;0;0;4;3;4;1;1;0;2;1;0;2;0;0;2
31407;Paulhac;76;31;0;0;0;0;0;0;0;0;0;0;0;0;0;0;0;0;0;0;0;0;1;0;0;0;1;2;2;5;2;0;4;0;0;2;0;0;2
31408;Payssous;76;31;0;0;0;0;0;0;0;0;0;0;0;0;0;0;0;0;0;0;0;0;0;0;0;0;2;1;1;0;0;0;0;0;0;0;0;0;0
31409;Péchabou;76;31;0;0;0;0;0;0;0;0;0;0;0;0;0;0;0;0;0;0;0;0;1;0;0;0;6;3;4;3;2;0;1;0;0;3;3;0;1
31410;Pechbonnieu;76;31;0;0;0;0;0;0;0;0;0;0;0;0;0;0;0;1;0;1;0;0;11;1;0;2;11;10;12;11;9;2;9;1;0;7;6;1;7
31411;Pechbusque;76;31;0;0;0;0;0;0;0;0;0;0;0;0;0;0;0;0;0;0;0;0;0;0;0;0;0;1;0;0;0;1;0;0;0;0;0;0;0
31412;Péguilhan;76;31;0;0;0;0;0;0;0;0;0;0;0;0;0;0;0;0;0;0;0;0;1;0;0;0;1;0;2;1;0;0;0;0;0;1;0;0;0
31413;Pelleport;76;31;0;0;0;0;0;0;0;0;0;0;0;0;0;0;0;0;0;0;0;0;0;0;0;0;2;2;0;2;0;0;2;0;0;0;1;0;0
31414;Peyrissas;76;31;0;0;0;0;0;0;0;0;0;0;0;0;0;0;0;0;0;0;0;0;0;0;0;0;0;0;1;0;0;0;0;0;0;0;0;0;0
31415;Peyrouzet;76;31;0;0;0;0;0;0;0;0;0;0;0;0;0;0;0;0;0;0;0;0;0;0;0;0;0;0;0;0;0;0;0;0;0;0;0;0;0
31416;Peyssies;76;31;0;0;0;0;0;0;0;0;0;0;0;0;0;0;0;0;0;0;0;0;1;0;0;0;2;0;1;3;2;0;0;0;0;0;0;0;0
31417;Pibrac;76;31;0;0;0;0;0;0;0;0;0;0;0;0;0;0;0;3;1;1;0;0;6;0;0;3;11;12;5;10;9;2;10;3;0;7;7;1;11
31418;Pin-Balma;76;31;0;0;0;0;0;0;0;0;0;0;0;0;0;0;0;0;0;0;0;0;1;0;0;0;2;0;0;1;1;1;0;0;0;0;4;0;0
31419;Le Pin-Murelet;76;31;0;0;0;0;0;0;0;0;0;0;0;0;0;0;0;0;0;0;0;0;0;0;0;0;0;0;2;0;0;0;0;0;0;0;0;0;0
31420;Pinsaguel;76;31;0;0;0;0;0;0;0;0;0;0;0;0;0;0;0;2;0;1;0;0;8;0;1;0;5;5;4;7;4;3;8;2;0;14;8;0;4
31421;Pins-Justaret;76;31;0;0;0;0;0;0;0;0;0;0;0;0;0;0;0;2;0;1;0;0;4;1;0;1;7;6;5;4;4;2;3;1;0;7;5;0;4
31422;Plagne;76;31;0;0;0;0;0;0;0;0;0;0;0;0;0;0;0;0;0;0;0;0;0;0;0;0;0;0;0;0;1;0;0;1;0;0;0;0;0
31423;Plagnole;76;31;0;0;0;0;0;0;0;0;0;0;0;0;0;0;0;0;0;0;0;0;0;0;0;0;1;1;0;0;1;0;0;0;0;0;0;0;0
31424;Plaisance-du-Touch;76;31;0;1;0;0;0;0;0;0;0;0;0;0;0;0;0;7;1;1;0;0;25;2;2;3;33;38;25;26;26;8;20;6;0;38;27;4;16
31425;Le Plan;76;31;0;0;0;0;0;0;0;0;0;0;0;0;0;0;0;0;0;1;0;0;1;0;0;0;1;1;0;0;0;0;1;0;0;4;0;0;0
31426;Pointis-de-Rivière;76;31;0;0;0;0;0;0;0;0;0;0;0;0;0;0;0;0;0;1;0;0;0;0;0;0;3;2;1;2;1;0;0;0;0;0;0;0;0
31427;Pointis-Inard;76;31;0;0;0;0;0;0;0;0;0;0;0;0;0;0;0;0;0;1;0;0;0;0;0;0;5;1;0;4;2;0;2;0;0;0;1;0;0
31428;Polastron;76;31;0;0;0;0;0;0;0;0;0;0;0;0;0;0;0;0;0;0;0;0;0;0;0;0;0;0;0;0;0;0;0;0;0;0;0;0;0
31429;Pompertuzat;76;31;0;0;0;0;0;0;0;0;0;0;0;0;0;0;0;0;0;0;0;0;0;0;0;0;2;1;1;3;0;0;3;1;0;2;1;0;1
31430;Ponlat-Taillebourg;76;31;0;0;0;0;0;0;0;0;0;0;0;0;0;0;0;0;0;0;0;0;1;0;0;0;2;0;2;2;1;0;0;0;0;2;1;0;1
31431;Portet-d'Aspet;76;31;0;0;0;0;0;0;0;0;0;0;0;0;0;0;0;0;0;0;0;0;1;0;0;0;0;0;0;0;0;0;0;0;0;1;0;0;0
31432;Portet-de-Luchon;76;31;0;0;0;0;0;0;0;0;0;0;0;0;0;0;0;0;0;0;0;0;0;0;0;0;0;0;0;0;0;0;0;0;0;0;0;0;0
31433;Portet-sur-Garonne;76;31;0;1;0;0;0;0;0;0;0;0;0;1;0;0;0;8;5;2;0;0;32;2;1;1;35;36;28;24;17;15;10;1;0;50;20;3;10
31434;Poubeau;76;31;0;0;0;0;0;0;0;0;0;0;0;0;0;0;0;0;0;0;0;0;0;0;0;0;0;0;0;1;0;0;0;0;0;0;0;0;0
31435;Poucharramet;76;31;0;0;0;0;0;0;0;0;0;0;0;0;0;0;0;0;0;0;0;0;1;0;0;0;7;1;4;2;1;1;0;0;0;2;0;0;1
31436;Pouy-de-Touges;76;31;0;0;0;0;0;0;0;0;0;0;0;0;0;0;0;0;0;0;0;0;0;0;0;0;2;1;1;1;1;0;1;0;0;0;0;0;0
31437;Pouze;76;31;0;0;0;0;0;0;0;0;0;0;0;0;0;0;0;0;0;0;0;0;0;0;0;0;0;0;0;1;1;0;0;0;0;0;0;0;0
31438;Pradère-les-Bourguets;76;31;0;0;0;0;0;0;0;0;0;0;0;0;0;0;0;0;0;0;0;0;0;0;0;0;1;0;0;2;1;0;1;0;0;1;0;0;0
31439;Préserville;76;31;0;0;0;0;0;0;0;0;0;0;0;0;0;0;0;0;0;0;0;0;0;0;0;0;1;3;2;1;1;1;0;0;0;1;1;1;0
31440;Proupiary;76;31;0;0;0;0;0;0;0;0;0;0;0;0;0;0;0;0;0;0;0;0;0;0;0;0;1;0;0;0;0;0;0;0;0;1;0;0;0
31441;Prunet;76;31;0;0;0;0;0;0;0;0;0;0;0;0;0;0;0;0;0;0;0;0;1;0;0;0;2;0;1;0;0;0;0;0;0;0;0;0;0
31442;Puydaniel;76;31;0;0;0;0;0;0;0;0;0;0;0;0;0;0;0;0;0;0;0;0;1;0;0;0;2;3;2;3;1;1;1;0;0;0;0;0;0
31443;Puymaurin;76;31;0;0;0;0;0;0;0;0;0;0;0;0;0;0;0;0;0;0;0;0;0;0;0;0;1;0;2;1;1;0;0;0;0;1;0;0;0
31444;Puysségur;76;31;0;0;0;0;0;0;0;0;0;0;0;0;0;0;0;0;0;0;0;0;0;0;0;0;0;0;0;0;0;0;0;0;0;0;0;0;0
31445;Quint-Fonsegrives;76;31;0;0;0;0;0;0;0;0;0;0;0;0;0;0;0;6;1;1;0;0;3;0;0;2;6;7;9;8;9;3;9;1;0;12;10;1;10
31446;Ramonville-Saint-Agne;76;31;0;1;0;0;0;0;0;0;0;0;0;0;0;0;0;7;0;1;0;0;10;2;2;4;6;18;7;9;9;6;16;1;0;21;14;4;7
31447;Razecueillé;76;31;0;0;0;0;0;0;0;0;0;0;0;0;0;0;0;0;0;0;0;0;0;0;0;0;0;0;0;0;0;0;0;0;0;0;0;0;0
31448;Rebigue;76;31;0;0;0;0;0;0;0;0;0;0;0;0;0;0;0;0;0;0;0;0;1;0;0;0;1;0;0;0;0;0;0;0;0;0;1;0;0
31449;Régades;76;31;0;0;0;0;0;0;0;0;0;0;0;0;0;0;0;0;0;0;0;0;1;0;0;0;0;1;1;0;0;0;0;0;0;0;1;0;0
31450;Renneville;76;31;0;0;0;0;0;0;0;0;0;0;0;0;0;0;0;0;0;0;0;0;0;0;0;1;0;1;2;2;2;0;0;0;0;0;0;0;0
31451;Revel;76;31;0;1;0;0;0;0;0;0;0;1;0;0;0;0;0;11;5;1;0;0;17;5;0;3;15;13;23;9;7;5;19;4;4;46;21;3;11
31452;Rieucazé;76;31;0;0;0;0;0;0;0;0;0;0;0;0;0;0;0;0;0;0;0;0;0;0;0;0;0;0;2;0;0;0;0;0;0;0;0;0;0
31453;Rieumajou;76;31;0;0;0;0;0;0;0;0;0;0;0;0;0;0;0;0;0;0;0;0;0;0;0;0;1;0;0;0;0;0;0;0;0;0;0;0;0
31454;Rieumes;76;31;0;1;0;0;0;0;0;0;0;1;0;0;0;0;0;4;0;1;0;0;5;1;0;2;8;12;10;8;4;2;9;2;0;10;4;1;5
31455;Rieux-Volvestre;76;31;0;1;0;0;0;0;0;0;0;0;0;0;0;0;0;0;0;1;0;0;3;0;0;0;6;7;6;6;5;0;3;0;0;8;5;0;2
31456;Riolas;76;31;0;0;0;0;0;0;0;0;0;0;0;0;0;0;0;0;0;0;0;0;0;0;0;0;0;0;0;0;0;0;0;0;0;1;0;0;0
31457;Roquefort-sur-Garonne;76;31;0;0;0;0;0;0;0;0;0;0;0;0;0;0;0;0;0;0;0;1;0;0;0;0;2;2;1;0;1;0;3;0;0;1;0;0;1
31458;Roques;76;31;0;0;0;0;0;0;0;0;0;0;0;0;0;0;0;1;0;1;0;1;5;1;1;1;16;26;5;5;5;4;9;0;0;26;3;1;1
31459;Roquesérière;76;31;0;0;0;0;0;0;0;0;0;0;0;0;0;0;0;0;0;0;0;0;0;0;0;0;1;1;2;0;2;0;0;0;0;0;2;0;1
31460;Roquettes;76;31;0;0;0;0;0;0;0;0;0;0;0;0;0;0;0;0;0;1;0;0;4;0;0;1;8;3;0;5;5;0;4;0;0;4;5;0;2
31461;Rouède;76;31;0;0;0;0;0;0;0;0;0;0;0;0;0;0;0;0;0;0;0;0;0;0;0;0;0;0;2;2;2;0;2;0;0;2;0;0;0
31462;Rouffiac-Tolosan;76;31;0;0;0;0;0;0;0;0;0;0;0;0;0;0;0;0;0;0;0;0;4;1;0;0;11;8;3;9;5;2;2;0;1;7;9;2;1
31463;Roumens;76;31;0;0;0;0;0;0;0;0;0;0;0;0;0;0;0;0;0;0;0;0;0;0;0;0;2;0;1;0;0;0;0;0;0;0;0;1;0
31464;Sabonnères;76;31;0;0;0;0;0;0;0;0;0;0;0;0;0;0;0;0;0;0;0;0;2;0;0;0;1;0;0;1;0;0;0;0;0;0;0;0;0
31465;Saccourvielle;76;31;0;0;0;0;0;0;0;0;0;0;0;0;0;0;0;0;0;0;0;0;0;0;0;0;0;0;0;0;0;0;0;0;0;0;0;0;0
31466;Saiguède;76;31;0;0;0;0;0;0;0;0;0;0;0;0;0;0;0;0;0;0;0;0;3;0;0;0;2;3;0;1;2;1;2;0;0;3;0;0;0
31467;Saint-Alban;76;31;0;0;0;0;0;0;0;0;0;0;0;0;0;0;0;4;2;1;0;0;12;2;1;1;13;14;12;12;7;0;10;1;1;30;8;1;10
31468;Saint-André;76;31;0;0;0;0;0;0;0;0;0;0;0;0;0;0;0;1;0;0;0;0;0;0;0;0;2;0;1;0;0;0;0;0;0;1;0;0;0
31469;Saint-Araille;76;31;0;0;0;0;0;0;0;0;0;0;0;0;0;0;0;0;0;0;0;0;0;0;0;0;2;0;0;0;0;0;0;0;0;0;0;0;0
31470;Saint-Aventin;76;31;0;0;0;0;0;0;0;0;0;0;0;0;0;0;0;0;0;0;0;0;0;0;0;0;0;0;0;1;0;0;1;0;0;4;0;0;0
31471;Saint-Béat;76;31;0;1;0;0;0;0;0;0;0;1;0;0;0;0;0;1;1;1;0;0;1;0;0;0;0;0;0;1;1;0;2;0;0;2;1;1;0
31472;Saint-Bertrand-de-Comminges;76;31;0;0;0;0;0;0;0;0;0;0;0;0;0;0;0;0;0;0;0;1;0;0;0;0;0;1;1;1;0;0;0;0;0;4;0;0;0
31473;Saint-Cézert;76;31;0;0;0;0;0;0;0;0;0;0;0;0;0;0;0;0;0;0;0;0;1;0;0;0;1;2;1;2;0;0;0;0;0;0;0;0;0
31474;Saint-Christaud;76;31;0;0;0;0;0;0;0;0;0;0;0;0;0;0;0;0;0;0;0;0;1;0;0;0;1;1;3;0;1;0;0;0;0;1;0;0;0
31475;Saint-Clar-de-Rivière;76;31;0;0;0;0;0;0;0;0;0;0;0;0;0;0;0;0;0;0;0;1;3;0;0;0;3;3;3;4;4;0;1;0;0;1;3;0;1
31476;Saint-Élix-le-Château;76;31;0;0;0;0;0;0;0;0;0;0;0;0;0;0;0;0;0;0;0;1;2;0;0;0;2;1;2;2;3;0;2;0;0;3;0;0;0
31477;Saint-Élix-Séglan;76;31;0;0;0;0;0;0;0;0;0;0;0;0;0;0;0;0;0;0;0;0;0;0;0;0;0;0;0;0;0;0;0;0;0;0;0;0;0
31478;Saint-Félix-Lauragais;76;31;0;0;0;0;0;0;0;0;0;0;0;0;0;0;0;0;0;1;0;0;3;1;0;0;5;4;4;6;2;1;2;0;0;2;0;0;3
31479;Saint-Ferréol-de-Comminges;76;31;0;0;0;0;0;0;0;0;0;0;0;0;0;0;0;0;0;0;0;0;0;0;0;0;0;0;0;0;0;0;0;0;0;0;0;0;0
31480;Sainte-Foy-d'Aigrefeuille;76;31;0;0;0;0;0;0;0;0;0;0;0;0;0;0;0;0;0;0;0;0;2;0;0;0;5;4;3;4;5;1;3;0;0;5;4;1;1
31481;Sainte-Foy-de-Peyrolières;76;31;0;0;0;0;0;0;0;0;0;0;0;0;0;0;0;0;0;1;0;0;6;0;0;1;3;4;7;1;5;0;4;0;0;3;2;0;3
31482;Saint-Frajou;76;31;0;0;0;0;0;0;0;0;0;0;0;0;0;0;0;0;0;0;0;0;0;0;0;0;1;1;4;0;0;0;0;0;0;0;0;0;0
31483;Saint-Gaudens;76;31;1;1;0;1;1;1;0;0;0;5;0;1;0;0;0;11;1;1;0;0;18;5;2;5;22;26;16;18;11;4;22;3;8;50;14;6;13
31484;Saint-Geniès-Bellevue;76;31;0;0;0;0;0;0;0;0;0;0;0;0;0;0;0;0;0;1;0;0;3;0;0;0;0;2;1;0;5;1;4;0;0;3;6;0;1
31485;Saint-Germier;76;31;0;0;0;0;0;0;0;0;0;0;0;0;0;0;0;0;0;0;0;0;0;0;0;0;0;1;0;1;0;0;0;0;0;0;0;0;0
31486;Saint-Hilaire;76;31;0;0;0;0;0;0;0;0;0;0;0;0;0;0;0;0;0;0;0;0;1;0;0;0;5;2;2;2;1;0;0;0;0;3;0;0;0
31487;Saint-Ignan;76;31;0;0;0;0;0;0;0;0;0;0;0;0;0;0;0;0;0;0;0;0;0;0;0;0;2;0;0;0;0;0;0;0;0;0;0;0;0
31488;Saint-Jean;76;31;0;0;0;0;0;0;0;0;0;0;0;1;0;0;0;7;2;1;0;0;9;1;0;3;6;14;15;14;8;4;12;2;3;14;25;2;8
31489;Saint-Jean-Lherm;76;31;0;0;0;0;0;0;0;0;0;0;0;0;0;0;0;0;0;0;0;0;0;0;0;0;1;2;0;1;1;0;0;0;0;0;1;1;0
31490;Saint-Jory;76;31;0;1;0;0;0;0;0;0;0;0;0;0;0;0;0;3;1;1;0;0;10;2;0;1;12;13;14;11;4;3;8;3;0;7;7;2;5
31491;Saint-Julia;76;31;0;0;0;0;0;0;0;0;0;0;0;0;0;0;0;0;0;0;0;1;0;0;0;0;0;0;1;0;0;0;0;0;0;1;0;0;0
31492;Saint-Julien-sur-Garonne;76;31;0;0;0;0;0;0;0;0;0;0;0;0;0;0;0;0;1;0;0;1;1;0;0;0;1;2;1;0;1;0;0;0;0;1;0;0;1
31493;Saint-Lary-Boujean;76;31;0;0;0;0;0;0;0;0;0;0;0;0;0;0;0;0;0;0;0;0;0;0;0;0;0;0;0;0;1;0;0;0;0;0;0;0;0
31494;Saint-Laurent;76;31;0;0;0;0;0;0;0;0;0;0;0;0;0;0;0;0;0;0;0;0;0;0;0;0;0;0;0;0;0;0;0;0;0;0;0;0;0
31495;Saint-Léon;76;31;0;0;0;0;0;0;0;0;0;0;0;0;0;0;0;0;0;0;0;1;0;0;1;0;5;5;1;3;2;0;1;0;0;3;1;0;1
31496;Sainte-Livrade;76;31;0;0;0;0;0;0;0;0;0;0;0;0;0;0;0;0;0;0;0;0;0;0;0;0;1;0;0;0;2;0;0;0;0;0;1;0;0
31497;Saint-Loup-Cammas;76;31;0;0;0;0;0;0;0;0;0;0;0;0;0;0;0;1;0;0;0;0;4;0;0;1;5;7;3;8;2;0;1;0;0;1;3;0;2
31498;Saint-Loup-en-Comminges;76;31;0;0;0;0;0;0;0;0;0;0;0;0;0;0;0;0;0;0;0;0;0;0;0;0;0;0;0;0;0;0;0;0;0;0;0;0;0
31499;Saint-Lys;76;31;0;1;0;0;0;0;0;0;0;1;0;0;0;0;0;6;3;1;0;0;9;2;0;2;18;18;15;4;22;2;12;3;0;12;9;3;11
31500;Saint-Mamet;76;31;0;0;0;0;0;0;0;0;0;0;0;0;0;0;0;0;0;0;0;0;0;0;0;0;2;0;3;4;0;0;0;2;0;2;0;0;0
31501;Saint-Marcel-Paulel;76;31;0;0;0;0;0;0;0;0;0;0;0;0;0;0;0;0;0;0;0;0;0;0;0;0;1;3;1;1;0;1;0;0;0;0;0;0;1
31502;Saint-Marcet;76;31;0;0;0;0;0;0;0;0;0;0;0;0;0;0;0;0;0;0;0;0;2;1;0;1;0;0;2;1;0;0;1;0;0;1;0;0;0
31503;Saint-Martory;76;31;0;1;0;0;0;0;0;0;0;0;0;0;0;0;0;1;0;1;0;0;1;0;0;0;0;3;4;0;2;1;2;0;0;3;1;0;1
31504;Saint-Médard;76;31;0;0;0;0;0;0;0;0;0;0;0;0;0;0;0;0;0;0;0;0;1;0;0;0;1;1;1;1;1;0;0;0;0;1;0;0;0
31505;Saint-Michel;76;31;0;0;0;0;0;0;0;0;0;0;0;0;0;0;0;0;0;0;0;0;0;0;0;0;3;1;1;0;0;0;0;0;0;0;0;0;0
31506;Saint-Orens-de-Gameville;76;31;0;1;0;0;0;0;0;0;0;0;0;0;0;0;0;9;2;1;0;1;13;2;1;4;12;11;11;14;14;7;20;2;1;34;24;3;18
31507;Saint-Paul-sur-Save;76;31;0;0;0;0;0;0;0;0;0;0;0;0;0;0;0;0;0;0;0;0;2;0;0;1;6;4;4;2;1;0;4;0;0;3;3;0;2
31508;Saint-Paul-d'Oueil;76;31;0;0;0;0;0;0;0;0;0;0;0;0;0;0;0;0;0;0;0;0;0;0;0;0;0;0;0;0;0;0;0;0;0;0;0;0;0
31509;Saint-Pé-d'Ardet;76;31;0;0;0;0;0;0;0;0;0;0;0;0;0;0;0;0;0;0;0;1;0;0;0;0;0;1;0;0;0;0;0;0;0;1;0;0;0
31510;Saint-Pé-Delbosc;76;31;0;0;0;0;0;0;0;0;0;0;0;0;0;0;0;0;0;0;0;0;0;0;0;0;2;0;0;0;0;0;0;0;0;2;0;0;0
31511;Saint-Pierre;76;31;0;0;0;0;0;0;0;0;0;0;0;0;0;0;0;0;0;0;0;0;0;0;0;0;1;0;0;1;0;0;1;0;0;0;0;0;0
31512;Saint-Pierre-de-Lages;76;31;0;0;0;0;0;0;0;0;0;0;0;0;0;0;0;0;0;0;0;0;0;0;0;0;0;1;1;0;0;0;0;0;0;0;3;0;0
31513;Saint-Plancard;76;31;0;0;0;0;0;0;0;0;0;0;0;0;0;0;0;0;0;1;0;0;2;0;0;0;2;0;1;0;1;0;1;0;0;0;0;0;1
31514;Saint-Rome;76;31;0;0;0;0;0;0;0;0;0;0;0;0;0;0;0;0;0;0;0;0;0;0;0;0;0;0;0;0;0;0;0;0;0;0;0;0;0
31515;Saint-Rustice;76;31;0;0;0;0;0;0;0;0;0;0;0;0;0;0;0;0;0;0;0;0;1;0;0;0;2;0;1;2;0;0;0;0;0;1;0;0;0
31516;Saint-Sauveur;76;31;0;0;0;0;0;0;0;0;0;0;0;0;0;0;0;0;0;0;0;0;1;0;1;0;10;9;9;4;4;5;5;0;0;1;4;0;1
31517;Saint-Sulpice-sur-Lèze;76;31;0;1;0;0;0;0;0;0;0;0;0;0;0;0;0;1;0;1;0;0;4;0;0;0;7;7;8;7;1;4;3;0;0;5;3;0;1
31518;Saint-Thomas;76;31;0;0;0;0;0;0;0;0;0;0;0;0;0;0;0;0;0;0;0;0;0;0;0;0;1;0;0;1;3;1;0;0;0;0;1;0;0
31519;Saint-Vincent;76;31;0;0;0;0;0;0;0;0;0;0;0;0;0;0;0;0;0;0;0;0;0;0;0;0;0;0;1;0;0;0;0;0;0;0;0;0;0
31520;Sajas;76;31;0;0;0;0;0;0;0;0;0;0;0;0;0;0;0;0;0;0;0;0;3;0;0;0;0;1;1;1;0;0;0;0;0;0;0;0;0
31521;Saleich;76;31;0;0;0;0;0;0;0;0;0;0;0;0;0;0;0;0;0;0;0;0;1;0;0;0;3;1;1;1;1;1;0;0;0;0;0;0;0
31522;Salerm;76;31;0;0;0;0;0;0;0;0;0;0;0;0;0;0;0;0;0;0;0;0;0;0;0;0;0;0;0;0;0;0;0;0;0;0;0;0;0
31523;Salies-du-Salat;76;31;0;1;0;0;0;0;0;0;0;1;0;0;0;0;0;3;2;1;0;0;3;0;0;2;5;4;2;3;2;0;5;1;0;7;2;0;2
31524;Salles-et-Pratviel;76;31;0;0;0;0;0;0;0;0;0;0;0;0;0;0;0;0;0;0;0;0;0;0;0;0;0;1;0;0;0;0;0;0;0;1;0;0;0
31525;Salles-sur-Garonne;76;31;0;0;0;0;0;0;0;0;0;0;0;0;0;0;0;0;0;0;0;0;2;0;0;0;3;1;1;1;0;0;0;0;0;1;0;0;0
31526;La Salvetat-Saint-Gilles;76;31;0;0;0;0;0;0;0;0;0;0;0;0;0;0;0;2;0;1;0;0;7;1;0;1;11;23;9;14;5;2;13;3;0;7;8;1;6
31527;La Salvetat-Lauragais;76;31;0;0;0;0;0;0;0;0;0;0;0;0;0;0;0;0;0;0;0;0;0;0;0;0;0;2;0;0;0;0;1;0;0;0;0;0;0
31528;Saman;76;31;0;0;0;0;0;0;0;0;0;0;0;0;0;0;0;0;0;0;0;0;0;0;0;0;0;0;0;0;0;0;0;0;0;0;0;0;0
31529;Samouillan;76;31;0;0;0;0;0;0;0;0;0;0;0;0;0;0;0;0;0;0;0;0;0;0;0;0;1;1;0;0;0;0;0;0;0;0;0;0;0
31530;Sana;76;31;0;0;0;0;0;0;0;0;0;0;0;0;0;0;0;0;0;0;0;0;0;0;0;0;0;0;0;0;1;0;0;0;0;1;0;0;0
31531;Sarrecave;76;31;0;0;0;0;0;0;0;0;0;0;0;0;0;0;0;0;0;0;0;0;0;0;0;0;2;0;0;0;0;0;0;0;0;0;0;0;0
31532;Sarremezan;76;31;0;0;0;0;0;0;0;0;0;0;0;0;0;0;0;0;0;0;0;0;1;0;0;0;0;0;0;0;0;0;0;0;0;0;0;0;0
31533;Saubens;76;31;0;0;0;0;0;0;0;0;0;0;0;0;0;0;0;0;0;0;0;0;0;0;0;0;3;2;4;2;3;0;2;0;0;6;2;0;2
31534;Saussens;76;31;0;0;0;0;0;0;0;0;0;0;0;0;0;0;0;0;0;0;0;0;1;0;0;0;0;0;2;1;0;0;0;1;0;1;1;0;0
31535;Sauveterre-de-Comminges;76;31;0;0;0;0;0;0;0;0;0;0;0;0;0;0;0;0;0;0;0;1;0;0;0;0;3;2;0;1;0;0;1;0;0;1;2;0;0
31536;Saux-et-Pomarède;76;31;0;0;0;0;0;0;0;0;0;0;0;0;0;0;0;0;0;0;0;0;0;0;0;0;1;2;0;0;0;0;0;0;0;0;0;0;0
31537;Savarthès;76;31;0;0;0;0;0;0;0;0;0;0;0;0;0;0;0;0;0;0;0;0;0;0;0;0;0;0;1;0;1;0;0;0;0;0;0;0;0
31538;Savères;76;31;0;0;0;0;0;0;0;0;0;0;0;0;0;0;0;0;0;0;0;0;1;0;0;0;0;0;0;0;0;0;0;0;0;0;0;0;0
31539;Sédeilhac;76;31;0;0;0;0;0;0;0;0;0;0;0;0;0;0;0;0;0;0;0;0;0;0;0;0;0;0;0;0;0;0;0;0;0;0;0;0;0
31540;Ségreville;76;31;0;0;0;0;0;0;0;0;0;0;0;0;0;0;0;0;0;0;0;0;0;0;0;0;2;2;0;1;0;0;1;0;0;0;0;0;0
31541;Seilh;76;31;0;0;0;0;0;0;0;0;0;0;0;0;0;0;0;1;0;0;0;0;4;1;0;0;4;5;1;5;2;2;4;0;0;9;7;1;4
31542;Seilhan;76;31;0;0;0;0;0;0;0;0;0;0;0;0;0;0;0;0;0;0;0;0;2;0;0;0;1;2;1;0;0;0;1;0;0;1;0;0;0
31543;Sénarens;76;31;0;0;0;0;0;0;0;0;0;0;0;0;0;0;0;0;0;0;0;0;0;0;0;0;0;0;1;1;1;0;1;0;0;0;0;0;0
31544;Sengouagnet;76;31;0;0;0;0;0;0;0;0;0;0;0;0;0;0;0;0;0;0;0;1;0;0;0;0;0;0;0;1;0;0;0;0;0;0;1;0;0
31545;Sepx;76;31;0;0;0;0;0;0;0;0;0;0;0;0;0;0;0;0;0;0;0;0;0;0;0;0;1;0;1;1;0;0;0;0;0;0;0;0;0
31546;Seyre;76;31;0;0;0;0;0;0;0;0;0;0;0;0;0;0;0;0;0;0;0;0;0;0;0;0;0;1;0;0;0;0;0;0;0;0;1;0;0
31547;Seysses;76;31;0;1;0;0;0;0;0;0;0;0;0;0;0;0;0;3;1;1;0;0;23;3;1;2;18;18;13;15;11;3;12;1;0;16;9;2;10
31548;Signac;76;31;0;0;0;0;0;0;0;0;0;0;0;0;0;0;0;0;0;0;0;0;0;0;0;0;0;0;0;1;0;0;0;0;0;0;0;0;0
31549;Sode;76;31;0;0;0;0;0;0;0;0;0;0;0;0;0;0;0;0;0;0;0;0;0;0;0;0;0;0;0;0;0;0;0;0;0;0;0;0;0
31550;Soueich;76;31;0;0;0;0;0;0;0;0;0;0;0;0;0;0;0;0;0;0;0;1;0;0;0;0;3;1;3;2;3;0;1;0;0;0;0;0;0
31551;Tarabel;76;31;0;0;0;0;0;0;0;0;0;0;0;0;0;0;0;0;0;0;0;0;0;0;0;0;0;0;3;0;1;0;0;0;0;0;1;0;0
31552;Terrebasse;76;31;0;0;0;0;0;0;0;0;0;0;0;0;0;0;0;0;0;0;0;0;0;0;0;0;0;0;0;1;0;0;0;0;0;0;0;0;0
31553;Thil;76;31;0;0;0;0;0;0;0;0;0;0;0;0;0;0;0;0;0;0;1;0;1;0;0;0;0;0;1;2;0;0;1;0;0;1;0;0;1
31554;Touille;76;31;0;0;0;0;0;0;0;0;0;0;0;0;0;0;0;0;0;0;0;0;0;0;0;0;1;0;0;0;3;0;0;0;0;0;0;0;0
31555;Toulouse;76;31;12;0;1;1;1;1;1;2;2;42;0;9;1;2;0;276;27;35;4;0;340;25;49;89;611;979;374;460;402;161;590;54;156;1985;1199;103;353
31556;Les Tourreilles;76;31;0;0;0;0;0;0;0;0;0;0;0;0;0;0;0;0;0;0;0;0;0;0;0;0;2;0;1;1;1;0;0;0;0;1;0;0;0
31557;Tournefeuille;76;31;1;0;0;0;0;0;0;0;0;0;0;0;1;1;0;13;1;1;0;0;20;2;0;4;25;42;26;26;20;13;35;7;0;50;38;4;23
31558;Toutens;76;31;0;0;0;0;0;0;0;0;0;0;0;0;0;0;0;0;0;0;0;0;1;0;0;0;0;0;1;0;1;0;0;0;0;0;0;0;0
31559;Trébons-de-Luchon;76;31;0;0;0;0;0;0;0;0;0;0;0;0;0;0;0;0;0;0;0;0;0;0;0;0;0;0;0;0;0;0;0;0;0;0;0;0;0
31560;Trébons-sur-la-Grasse;76;31;0;0;0;0;0;0;0;0;0;0;0;0;0;0;0;0;0;0;0;0;1;0;0;0;2;2;0;3;1;0;0;0;0;2;0;0;0
31561;L'Union;76;31;0;1;0;0;0;0;0;0;0;1;0;0;0;0;0;12;3;1;0;0;33;3;0;1;19;20;19;25;20;11;19;7;1;37;27;4;11
31562;Urau;76;31;0;0;0;0;0;0;0;0;0;0;0;0;0;0;0;0;0;0;0;0;0;0;0;0;0;0;0;0;0;0;0;0;0;0;0;0;0
31563;Vacquiers;76;31;0;0;0;0;0;0;0;0;0;0;0;0;0;0;0;0;0;1;0;0;5;0;0;0;5;3;4;8;4;0;3;0;0;1;4;0;0
31564;Valcabrère;76;31;0;0;0;0;0;0;0;0;0;0;0;0;0;0;0;0;0;0;0;0;0;0;0;0;1;0;0;0;1;0;0;0;0;1;0;0;0
31565;Valentine;76;31;0;0;0;0;0;0;0;0;0;0;0;0;0;0;0;0;0;1;0;0;3;0;0;1;3;3;0;3;1;0;2;0;0;2;0;0;0
31566;Vallègue;76;31;0;0;0;0;0;0;0;0;0;0;0;0;0;0;0;0;0;0;0;0;0;0;0;0;4;2;0;1;1;1;0;0;0;0;3;0;0
31567;Vallesvilles;76;31;0;0;0;0;0;0;0;0;0;0;0;0;0;0;0;0;0;0;0;0;1;0;0;0;0;0;2;1;1;0;0;0;0;1;0;0;1
31568;Varennes;76;31;0;0;0;0;0;0;0;0;0;0;0;0;0;0;0;0;0;0;0;0;0;0;0;0;0;0;0;0;1;0;0;0;0;1;1;0;0
31569;Vaudreuille;76;31;0;0;0;0;0;0;0;0;0;0;0;0;0;0;0;0;0;0;0;0;2;0;0;0;3;0;1;1;2;0;1;0;0;3;0;0;0
31570;Vaux;76;31;0;0;0;0;0;0;0;0;0;0;0;0;0;0;0;0;0;0;0;0;0;0;0;0;3;1;3;1;0;0;0;0;0;0;1;0;0
31571;Vendine;76;31;0;0;0;0;0;0;0;0;0;0;0;0;0;0;0;0;0;0;0;0;0;0;0;0;0;0;0;0;0;0;0;0;0;1;0;0;0
31572;Venerque;76;31;0;0;0;0;0;0;0;0;0;0;0;0;0;0;0;1;0;1;0;0;4;0;0;1;2;3;0;6;3;4;4;0;0;5;1;0;4
31573;Verfeil;76;31;0;1;0;0;0;0;0;0;0;0;0;0;0;0;0;2;0;1;0;0;7;2;0;1;7;8;6;7;4;1;8;1;0;6;8;0;3
31574;Vernet;76;31;0;0;0;0;0;0;0;0;0;0;0;0;0;0;0;1;0;1;0;0;9;1;0;1;6;3;6;4;7;3;7;1;0;4;2;1;2
31575;Vieille-Toulouse;76;31;0;0;0;0;0;0;0;0;0;0;0;0;0;0;0;0;0;0;0;0;1;0;0;0;0;3;0;1;2;1;1;0;0;1;4;0;0
31576;Vieillevigne;76;31;0;0;0;0;0;0;0;0;0;0;0;0;0;0;0;0;0;0;0;0;0;0;0;0;1;2;0;1;2;0;0;0;0;0;1;0;0
31577;Vignaux;76;31;0;0;0;0;0;0;0;0;0;0;0;0;0;0;0;0;0;0;0;0;0;0;0;0;1;0;0;0;1;0;0;0;0;0;0;0;0
31578;Vigoulet-Auzil;76;31;0;0;0;0;0;0;0;0;0;0;0;0;0;0;0;0;0;0;0;0;0;0;0;0;1;0;0;0;1;0;2;0;0;1;1;0;1
31579;Villariès;76;31;0;0;0;0;0;0;0;0;0;0;0;0;0;0;0;0;0;0;0;0;2;0;0;0;3;4;0;1;0;1;0;0;0;1;2;0;0
31580;Villate;76;31;0;0;0;0;0;0;0;0;0;0;0;0;0;0;0;0;0;0;0;0;2;0;0;0;2;2;4;1;1;0;0;0;0;2;0;0;0
31581;Villaudric;76;31;0;0;0;0;0;0;0;0;0;0;0;0;0;0;0;0;0;1;0;0;3;0;0;0;3;5;4;5;4;0;1;0;0;0;4;0;2
31582;Villefranche-de-Lauragais;76;31;0;1;0;0;0;0;0;0;0;1;0;1;0;0;0;9;3;1;0;0;13;2;0;4;10;11;6;4;5;3;15;1;0;16;10;4;8
31583;Villematier;76;31;0;0;0;0;0;0;0;0;0;0;0;0;0;0;0;0;0;0;0;0;3;0;0;0;1;3;2;3;4;1;0;0;0;1;1;0;2
31584;Villemur-sur-Tarn;76;31;0;1;0;0;0;0;0;0;0;0;0;0;0;0;0;5;5;1;0;0;12;1;0;4;13;9;9;7;6;1;9;4;0;22;7;3;6
31585;Villeneuve-de-Rivière;76;31;0;0;0;0;0;0;0;0;0;0;0;0;0;0;0;0;1;1;0;0;4;0;1;0;5;3;6;3;3;0;3;0;0;3;1;0;1
31586;Villeneuve-Lécussan;76;31;0;0;0;0;0;0;0;0;0;0;0;0;0;0;0;0;0;0;0;0;0;0;0;0;4;0;1;0;2;0;0;0;0;0;1;0;0
31587;Villeneuve-lès-Bouloc;76;31;0;0;0;0;0;0;0;0;0;0;0;0;0;0;0;0;1;0;0;0;6;0;0;0;5;2;3;5;0;1;0;0;0;3;2;0;0
31588;Villeneuve-Tolosane;76;31;0;1;0;0;0;0;0;0;0;0;0;0;0;0;0;3;1;1;0;0;11;1;0;0;12;29;9;8;8;7;12;2;0;10;8;1;8
31589;Villenouvelle;76;31;0;0;0;0;0;0;0;0;0;0;0;0;0;0;0;0;0;0;0;1;4;0;0;0;1;1;2;2;1;1;3;0;0;2;0;0;0
31590;Binos;76;31;0;0;0;0;0;0;0;0;0;0;0;0;0;0;0;0;0;0;0;0;0;0;0;0;0;0;1;0;0;0;0;0;0;0;0;0;0
31591;Escoulis;76;31;0;0;0;0;0;0;0;0;0;0;0;0;0;0;0;0;0;0;0;0;0;0;0;0;0;0;0;0;0;1;0;0;0;1;1;0;0
31592;Larra;76;31;0;0;0;0;0;0;0;0;0;0;0;0;0;0;0;0;0;0;0;0;0;0;0;0;7;5;1;3;3;1;1;0;0;0;2;0;2
31593;Cazac;76;31;0;0;0;0;0;0;0;0;0;0;0;0;0;0;0;0;0;0;0;0;0;0;0;0;0;0;0;0;0;0;0;0;0;0;0;0;0
32001;Aignan;76;32;0;1;0;0;0;0;0;0;0;0;0;0;0;0;0;2;0;1;0;0;2;0;0;0;1;0;2;1;2;0;4;0;0;4;0;0;0
32002;Ansan;76;32;0;0;0;0;0;0;0;0;0;0;0;0;0;0;0;0;0;0;0;0;0;0;0;0;0;0;0;0;0;0;0;0;0;0;0;0;0
32003;Antras;76;32;0;0;0;0;0;0;0;0;0;0;0;0;0;0;0;0;0;0;0;0;0;0;0;0;0;0;0;1;0;0;0;0;0;0;0;0;0
32004;Arblade-le-Bas;76;32;0;0;0;0;0;0;0;0;0;0;0;0;0;0;0;0;0;0;0;0;1;0;0;0;0;0;0;0;0;0;0;0;0;0;0;0;0
32005;Arblade-le-Haut;76;32;0;0;0;0;0;0;0;0;0;0;0;0;0;0;0;0;0;0;0;0;0;0;0;0;1;0;0;1;2;0;0;0;0;0;0;0;0
32007;Ardizas;76;32;0;0;0;0;0;0;0;0;0;0;0;0;0;0;0;0;0;0;0;0;1;0;0;0;2;0;0;0;2;0;0;0;0;2;0;0;0
32008;Armentieux;76;32;0;0;0;0;0;0;0;0;0;0;0;0;0;0;0;0;0;0;0;0;0;0;0;0;0;0;0;0;0;0;0;0;0;0;0;0;0
32009;Armous-et-Cau;76;32;0;0;0;0;0;0;0;0;0;0;0;0;0;0;0;0;0;0;0;0;1;0;0;0;2;0;0;0;0;1;0;0;0;0;0;0;0
32010;Arrouède;76;32;0;0;0;0;0;0;0;0;0;0;0;0;0;0;0;0;0;0;0;0;0;0;0;0;0;0;1;1;0;0;0;0;0;1;0;0;0
32012;Aubiet;76;32;0;0;0;0;0;0;0;0;0;0;0;0;0;0;0;0;0;1;0;0;4;0;0;0;2;4;5;1;4;1;1;0;0;1;0;0;0
32013;Auch;76;32;2;1;0;1;1;1;1;0;0;0;15;1;1;0;0;26;3;3;0;0;46;7;1;10;46;51;31;22;24;10;50;9;16;69;30;5;14
32014;Augnax;76;32;0;0;0;0;0;0;0;0;0;0;0;0;0;0;0;0;0;0;0;0;0;0;0;0;0;0;0;0;0;0;0;0;0;0;0;0;0
32015;Aujan-Mournède;76;32;0;0;0;0;0;0;0;0;0;0;0;0;0;0;0;0;0;0;0;0;0;0;0;0;0;0;0;0;0;0;0;0;0;0;0;0;0
32016;Auradé;76;32;0;0;0;0;0;0;0;0;0;0;0;0;0;0;0;0;0;0;0;0;0;0;0;0;3;0;1;2;4;1;0;0;0;0;0;0;0
32017;Aurensan;76;32;0;0;0;0;0;0;0;0;0;0;0;0;0;0;0;0;0;0;0;0;0;0;0;0;0;0;0;0;1;0;0;0;0;0;0;0;0
32018;Aurimont;76;32;0;0;0;0;0;0;0;0;0;0;0;0;0;0;0;0;0;0;0;0;0;0;0;0;0;1;0;0;0;0;1;0;0;0;0;0;0
32019;Auterive;76;32;0;0;0;0;0;0;0;0;0;0;0;0;0;0;0;0;0;0;0;0;0;0;0;0;2;1;0;0;2;0;1;1;0;1;0;0;0
32020;Aux-Aussat;76;32;0;0;0;0;0;0;0;0;0;0;0;0;0;0;0;0;0;0;0;0;0;0;0;0;1;1;2;0;0;0;0;0;0;0;0;0;0
32021;Avensac;76;32;0;0;0;0;0;0;0;0;0;0;0;0;0;0;0;0;0;0;0;0;0;0;0;0;0;0;0;0;0;0;0;0;0;0;0;0;0
32022;Avéron-Bergelle;76;32;0;0;0;0;0;0;0;0;0;0;0;0;0;0;0;0;0;0;0;0;0;0;0;0;0;0;1;0;0;0;0;0;0;0;0;0;0
32023;Avezan;76;32;0;0;0;0;0;0;0;0;0;0;0;0;0;0;0;0;0;0;0;0;0;0;0;0;1;1;0;0;0;0;0;0;0;0;0;0;0
32024;Ayguetinte;76;32;0;0;0;0;0;0;0;0;0;0;0;0;0;0;0;0;0;0;0;0;1;0;0;0;1;0;0;0;0;0;0;0;0;0;0;0;0
32025;Ayzieu;76;32;0;0;0;0;0;0;0;0;0;0;0;0;0;0;0;0;0;0;0;0;0;0;0;0;1;0;1;0;0;0;0;0;0;0;0;0;0
32026;Bajonnette;76;32;0;0;0;0;0;0;0;0;0;0;0;0;0;0;0;0;0;0;0;0;2;0;0;0;0;0;0;0;0;0;0;0;0;0;0;0;0
32027;Barcelonne-du-Gers;76;32;0;0;0;0;0;0;0;0;0;0;0;0;0;0;0;2;0;1;0;0;3;1;0;0;4;4;3;1;1;1;4;0;0;1;1;0;0
32028;Barcugnan;76;32;0;0;0;0;0;0;0;0;0;0;0;0;0;0;0;1;0;0;0;0;0;0;0;0;0;0;0;0;0;0;0;0;0;0;1;0;0
32029;Barran;76;32;0;0;0;0;0;0;0;0;0;0;0;0;0;0;0;0;0;0;1;0;0;0;0;0;2;4;1;1;0;0;1;0;0;0;1;0;1
32030;Bars;76;32;0;0;0;0;0;0;0;0;0;0;0;0;0;0;0;0;0;0;0;0;1;0;0;0;0;0;0;2;0;0;0;0;0;0;0;0;0
32031;Bascous;76;32;0;0;0;0;0;0;0;0;0;0;0;0;0;0;0;0;0;0;0;0;0;0;0;0;1;0;0;0;0;2;0;0;0;0;0;0;0
32032;Bassoues;76;32;0;0;0;0;0;0;0;0;0;0;0;0;0;0;0;0;0;0;0;1;0;0;0;0;1;0;5;0;0;0;1;0;0;1;1;0;0
32033;Bazian;76;32;0;0;0;0;0;0;0;0;0;0;0;0;0;0;0;0;0;0;0;0;0;0;0;0;0;0;1;0;0;0;0;0;0;0;0;0;0
32034;Bazugues;76;32;0;0;0;0;0;0;0;0;0;0;0;0;0;0;0;0;0;0;0;0;0;0;0;0;1;0;0;0;0;0;0;0;0;0;0;0;0
32035;Beaucaire;76;32;0;0;0;0;0;0;0;0;0;0;0;0;0;0;0;0;0;0;1;0;1;0;0;0;2;1;1;1;0;0;0;0;0;0;0;0;0
32036;Beaumarchés;76;32;0;0;0;0;0;0;0;0;0;0;0;0;0;0;0;0;0;0;0;1;2;0;0;0;0;1;3;2;0;0;1;0;0;1;1;0;0
32037;Beaumont;76;32;0;0;0;0;0;0;0;0;0;0;0;0;0;0;0;0;0;0;0;0;0;0;0;0;1;2;0;0;0;0;0;0;0;0;0;0;0
32038;Beaupuy;76;32;0;0;0;0;0;0;0;0;0;0;0;0;0;0;0;0;0;0;0;0;1;0;0;0;1;0;0;0;0;0;0;0;0;0;0;0;0
32039;Beccas;76;32;0;0;0;0;0;0;0;0;0;0;0;0;0;0;0;0;0;0;0;0;0;0;0;0;0;0;0;0;0;0;1;0;0;0;0;0;0
32040;Bédéchan;76;32;0;0;0;0;0;0;0;0;0;0;0;0;0;0;0;0;0;0;0;0;0;0;0;0;0;0;0;0;2;0;1;0;0;0;0;0;0
32041;Bellegarde;76;32;0;0;0;0;0;0;0;0;0;0;0;0;0;0;0;0;0;0;0;0;0;0;0;0;1;0;0;1;1;0;0;0;0;0;0;0;1
32042;Belloc-Saint-Clamens;76;32;0;0;0;0;0;0;0;0;0;0;0;0;0;0;0;0;0;0;0;0;0;0;0;0;0;0;0;0;1;0;0;0;0;0;0;0;0
32043;Belmont;76;32;0;0;0;0;0;0;0;0;0;0;0;0;0;0;0;0;0;0;0;0;0;0;0;0;0;0;0;0;0;0;0;0;0;1;0;0;0
32044;Béraut;76;32;0;0;0;0;0;0;0;0;0;0;0;0;0;0;0;0;0;0;0;0;0;0;0;0;0;0;0;1;0;1;1;0;0;0;0;0;0
32045;Berdoues;76;32;0;0;0;0;0;0;0;0;0;0;0;0;0;0;0;0;0;0;0;0;0;0;0;1;1;1;3;3;0;1;1;0;0;0;0;0;0
32046;Bernède;76;32;0;0;0;0;0;0;0;0;0;0;0;0;0;0;0;0;0;0;0;0;0;0;0;0;1;1;0;1;0;0;0;0;0;0;0;0;0
32047;Berrac;76;32;0;0;0;0;0;0;0;0;0;0;0;0;0;0;0;0;0;0;0;0;0;0;0;0;1;0;0;1;0;0;0;0;0;0;0;0;0
32048;Betcave-Aguin;76;32;0;0;0;0;0;0;0;0;0;0;0;0;0;0;0;0;0;0;0;0;0;0;0;0;0;0;0;0;0;0;0;0;0;0;0;0;0
32049;Bétous;76;32;0;0;0;0;0;0;0;0;0;0;0;0;0;0;0;0;0;0;0;0;0;0;0;0;1;0;0;0;0;0;0;0;0;0;0;0;0
32050;Betplan;76;32;0;0;0;0;0;0;0;0;0;0;0;0;0;0;0;0;0;0;0;0;0;0;0;0;0;0;0;0;1;0;0;0;0;1;0;0;0
32051;Bézéril;76;32;0;0;0;0;0;0;0;0;0;0;0;0;0;0;0;0;0;0;0;0;0;0;0;0;0;0;0;0;0;0;0;0;0;0;0;0;1
32052;Bezolles;76;32;0;0;0;0;0;0;0;0;0;0;0;0;0;0;0;0;0;0;0;0;0;0;0;0;1;0;1;0;0;0;0;0;0;0;1;0;0
32053;Bézues-Bajon;76;32;0;0;0;0;0;0;0;0;0;0;0;0;0;0;0;0;0;0;0;0;0;0;0;0;1;1;0;0;0;0;0;0;0;0;0;0;0
32054;Biran;76;32;0;0;0;0;0;0;0;0;0;0;0;0;0;0;0;0;0;0;0;0;0;0;0;0;0;1;0;1;0;0;0;1;0;0;0;0;0
32055;Bivès;76;32;0;0;0;0;0;0;0;0;0;0;0;0;0;0;0;0;0;0;0;0;0;0;0;0;1;0;1;1;0;0;0;0;0;0;0;0;0
32056;Blanquefort;76;32;0;0;0;0;0;0;0;0;0;0;0;0;0;0;0;0;0;0;0;0;0;0;0;0;0;0;1;0;0;0;0;0;0;0;0;0;0
32057;Blaziert;76;32;0;0;0;0;0;0;0;0;0;0;0;0;0;0;0;0;0;0;0;0;0;0;0;0;0;0;0;1;0;0;0;0;0;0;0;0;0
32058;Blousson-Sérian;76;32;0;0;0;0;0;0;0;0;0;0;0;0;0;0;0;0;0;0;0;0;0;0;0;0;0;0;0;0;0;0;0;0;0;0;0;0;0
32059;Bonas;76;32;0;0;0;0;0;0;0;0;0;0;0;0;0;0;0;0;0;0;0;0;0;0;0;0;1;0;0;0;0;0;0;0;0;0;1;0;0
32060;Boucagnères;76;32;0;0;0;0;0;0;0;0;0;0;0;0;0;0;0;0;0;0;0;0;0;0;0;0;0;0;0;0;1;0;1;0;0;1;0;0;0
32061;Boulaur;76;32;0;0;0;0;0;0;0;0;0;0;0;0;0;0;0;0;0;0;0;0;0;0;0;0;1;0;0;0;1;0;0;0;0;0;0;0;0
32062;Bourrouillan;76;32;0;0;0;0;0;0;0;0;0;0;0;0;0;0;0;0;0;0;0;0;0;0;0;0;0;1;0;0;0;0;0;0;0;0;0;0;0
32063;Bouzon-Gellenave;76;32;0;0;0;0;0;0;0;0;0;0;0;0;0;0;0;0;0;0;0;0;0;0;0;0;1;0;0;0;0;0;0;0;0;0;0;0;0
32064;Bretagne-d'Armagnac;76;32;0;0;0;0;0;0;0;0;0;0;0;0;0;0;0;0;0;0;0;0;2;0;0;0;1;0;0;3;2;0;1;0;0;1;1;0;0
32065;Le Brouilh-Monbert;76;32;0;0;0;0;0;0;0;0;0;0;0;0;0;0;0;0;0;0;0;0;2;0;0;0;3;0;1;0;0;0;0;0;0;0;0;0;0
32066;Brugnens;76;32;0;0;0;0;0;0;0;0;0;0;0;0;0;0;0;0;0;0;0;0;0;0;0;0;1;0;1;0;0;0;0;0;0;1;0;0;1
32067;Cabas-Loumassès;76;32;0;0;0;0;0;0;0;0;0;0;0;0;0;0;0;0;0;0;0;0;0;0;0;0;0;0;0;0;0;0;0;0;0;0;0;0;0
32068;Cadeilhan;76;32;0;0;0;0;0;0;0;0;0;0;0;0;0;0;0;0;0;0;0;0;0;0;0;0;1;0;0;0;1;0;0;0;0;0;0;0;0
32069;Cadeillan;76;32;0;0;0;0;0;0;0;0;0;0;0;0;0;0;0;0;0;0;0;0;0;0;0;0;2;0;0;1;0;0;0;0;0;0;1;0;0
32070;Cahuzac-sur-Adour;76;32;0;0;0;0;0;0;0;0;0;0;0;0;0;0;0;0;0;0;0;0;1;0;0;0;0;0;0;0;0;0;0;0;0;1;0;0;0
32071;Caillavet;76;32;0;0;0;0;0;0;0;0;0;0;0;0;0;0;0;0;0;0;0;0;1;0;0;0;1;0;1;0;0;1;0;0;0;0;0;0;0
32072;Callian;76;32;0;0;0;0;0;0;0;0;0;0;0;0;0;0;0;0;0;0;0;0;0;0;0;0;0;0;0;0;0;0;0;0;0;0;0;0;0
32073;Campagne-d'Armagnac;76;32;0;0;0;0;0;0;0;0;0;0;0;0;0;0;0;0;0;0;0;1;0;0;0;0;0;1;0;0;0;0;0;0;0;0;1;0;0
32074;Cannet;76;32;0;0;0;0;0;0;0;0;0;0;0;0;0;0;0;0;0;0;0;0;0;0;0;0;0;0;1;0;0;0;0;0;0;0;0;0;1
32075;Cassaigne;76;32;0;0;0;0;0;0;0;0;0;0;0;0;0;0;0;0;0;0;0;0;0;0;0;0;0;0;1;0;0;0;0;0;0;1;0;0;0
32076;Castelnau-Barbarens;76;32;0;0;0;0;0;0;0;0;0;0;0;0;0;0;0;0;0;1;0;0;1;0;0;0;2;1;3;1;2;0;0;0;0;1;0;0;0
32077;Castelnau-d'Anglès;76;32;0;0;0;0;0;0;0;0;0;0;0;0;0;0;0;0;0;0;0;0;0;0;0;0;1;0;0;0;1;0;0;0;0;0;0;0;0
32078;Castelnau-d'Arbieu;76;32;0;0;0;0;0;0;0;0;0;0;0;0;0;0;0;0;0;0;0;0;1;0;0;0;2;0;0;1;0;0;0;0;0;0;0;0;0
32079;Castelnau d'Auzan Labarrère;76;32;0;0;0;0;0;0;0;0;0;0;0;0;0;0;0;0;0;0;0;1;3;0;0;0;7;0;3;3;1;1;2;0;0;4;0;0;1
32080;Castelnau-sur-l'Auvignon;76;32;0;0;0;0;0;0;0;0;0;0;0;0;0;0;0;0;0;0;0;0;0;0;0;0;2;0;0;0;1;0;0;0;0;0;0;0;0
32081;Castelnavet;76;32;0;0;0;0;0;0;0;0;0;0;0;0;0;0;0;1;0;0;0;0;0;0;0;0;1;0;0;1;1;0;0;0;0;0;0;0;0
32082;Castéra-Lectourois;76;32;0;0;0;0;0;0;0;0;0;0;0;0;0;0;0;0;0;0;0;0;0;0;0;0;2;0;1;0;1;1;0;0;0;0;0;0;0
32083;Castéra-Verduzan;76;32;0;0;0;0;0;0;0;0;0;0;0;0;0;0;0;1;0;1;0;0;1;0;0;0;5;0;2;1;3;0;4;0;0;7;4;0;2
32084;Castéron;76;32;0;0;0;0;0;0;0;0;0;0;0;0;0;0;0;0;0;0;0;0;0;0;0;0;0;0;0;0;0;0;0;0;0;0;0;0;0
32085;Castet-Arrouy;76;32;0;0;0;0;0;0;0;0;0;0;0;0;0;0;0;0;0;0;0;0;2;0;0;0;0;0;2;0;0;0;1;0;0;1;0;0;1
32086;Castex;76;32;0;0;0;0;0;0;0;0;0;0;0;0;0;0;0;0;0;0;0;0;0;0;0;0;0;0;0;0;0;0;0;0;0;0;0;0;0
32087;Castex-d'Armagnac;76;32;0;0;0;0;0;0;0;0;0;0;0;0;0;0;0;0;0;0;0;0;0;0;0;0;0;0;2;1;0;0;0;0;0;0;0;0;0
32088;Castillon-Debats;76;32;0;0;0;0;0;0;0;0;0;0;0;0;0;0;0;0;0;0;0;0;1;0;0;0;2;0;1;2;0;0;0;0;0;1;0;0;0
32089;Castillon-Massas;76;32;0;0;0;0;0;0;0;0;0;0;0;0;0;0;0;0;0;0;0;0;0;0;0;0;1;0;1;0;0;0;0;0;0;0;0;0;0
32090;Castillon-Savès;76;32;0;0;0;0;0;0;0;0;0;0;0;0;0;0;0;0;0;0;0;0;0;0;0;0;0;2;2;1;1;0;0;0;0;1;0;0;0
32091;Castin;76;32;0;0;0;0;0;0;0;0;0;0;0;0;0;0;0;0;0;0;0;0;1;0;0;0;2;0;1;0;1;0;1;0;0;0;1;0;0
32092;Catonvielle;76;32;0;0;0;0;0;0;0;0;0;0;0;0;0;0;0;0;0;0;0;0;0;0;0;0;0;0;0;1;0;0;0;0;0;0;0;0;0
32093;Caumont;76;32;0;0;0;0;0;0;0;0;0;0;0;0;0;0;0;0;0;0;0;0;0;0;0;0;0;0;0;1;0;0;0;0;0;0;0;0;0
32094;Caupenne-d'Armagnac;76;32;0;0;0;0;0;0;0;0;0;0;0;0;0;0;0;1;0;0;0;0;4;0;0;0;1;1;1;0;1;0;0;0;0;1;0;0;0
32095;Caussens;76;32;0;0;0;0;0;0;0;0;0;0;0;0;0;0;0;0;0;0;1;0;0;0;0;0;4;0;2;1;0;1;0;0;0;0;1;0;1
32096;Cazaubon;76;32;0;1;0;0;0;0;0;0;0;0;1;0;0;0;0;3;0;2;0;0;4;0;0;2;2;5;4;4;1;1;7;0;0;13;2;1;4
32097;Cazaux-d'Anglès;76;32;0;0;0;0;0;0;0;0;0;0;0;0;0;0;0;0;0;0;0;0;0;0;0;0;0;0;3;0;1;0;1;0;0;0;0;0;0
32098;Cazaux-Savès;76;32;0;0;0;0;0;0;0;0;0;0;0;0;0;0;0;0;0;0;0;0;2;0;0;0;0;0;1;0;1;0;0;0;0;0;0;0;0
32099;Cazaux-Villecomtal;76;32;0;0;0;0;0;0;0;0;0;0;0;0;0;0;0;0;0;0;0;0;0;0;0;0;1;0;0;0;0;0;0;0;0;0;0;0;0
32100;Cazeneuve;76;32;0;0;0;0;0;0;0;0;0;0;0;0;0;0;0;0;0;0;0;0;0;0;0;0;0;2;0;0;0;0;0;0;0;0;0;0;0
32101;Céran;76;32;0;0;0;0;0;0;0;0;0;0;0;0;0;0;0;0;0;0;0;0;0;0;0;0;0;0;0;0;0;0;0;0;0;0;1;0;0
32102;Cézan;76;32;0;0;0;0;0;0;0;0;0;0;0;0;0;0;0;0;0;0;0;0;0;0;0;0;2;1;1;0;1;0;0;1;0;0;0;0;0
32103;Chélan;76;32;0;0;0;0;0;0;0;0;0;0;0;0;0;0;0;0;0;0;0;0;1;0;0;0;1;0;2;0;0;0;0;0;0;0;0;0;0
32104;Clermont-Pouyguillès;76;32;0;0;0;0;0;0;0;0;0;0;0;0;0;0;0;0;0;0;0;0;1;0;0;0;1;1;0;0;0;0;0;0;0;1;1;0;0
32105;Clermont-Savès;76;32;0;0;0;0;0;0;0;0;0;0;0;0;0;0;0;0;0;0;0;0;0;0;0;0;0;1;2;0;0;0;0;0;0;0;0;0;0
32106;Cologne;76;32;0;1;0;0;0;0;0;0;0;0;0;0;0;0;0;1;0;1;0;0;1;0;0;0;2;1;0;0;1;1;1;0;0;2;2;0;1
32107;Condom;76;32;0;1;0;0;1;0;0;0;0;0;4;1;0;0;0;10;2;1;0;0;18;3;0;3;21;12;22;11;11;4;15;3;7;32;15;2;5
32108;Corneillan;76;32;0;0;0;0;0;0;0;0;0;0;0;0;0;0;0;0;0;0;0;0;0;0;0;0;0;1;0;0;0;0;0;0;0;0;0;0;1
32109;Couloumé-Mondebat;76;32;0;0;0;0;0;0;0;0;0;0;0;0;0;0;0;0;0;0;0;0;0;0;0;0;0;1;0;0;1;0;0;0;0;0;1;0;0
32110;Courrensan;76;32;0;0;0;0;0;0;0;0;0;0;0;0;0;0;0;0;0;0;1;0;0;0;0;0;2;0;1;2;0;0;0;0;0;2;1;0;0
32111;Courties;76;32;0;0;0;0;0;0;0;0;0;0;0;0;0;0;0;0;0;0;0;0;0;0;0;0;2;0;0;0;0;0;0;0;0;0;0;0;0
32112;Crastes;76;32;0;0;0;0;0;0;0;0;0;0;0;0;0;0;0;0;0;0;0;0;0;0;0;0;0;2;0;0;1;0;0;0;0;0;1;0;0
32113;Cravencères;76;32;0;0;0;0;0;0;0;0;0;0;0;0;0;0;0;0;0;0;0;0;0;0;0;0;0;0;1;0;0;1;0;0;0;1;0;0;0
32114;Cuélas;76;32;0;0;0;0;0;0;0;0;0;0;0;0;0;0;0;0;0;0;0;0;0;0;0;0;0;0;0;0;0;0;0;0;0;0;0;0;0
32115;Dému;76;32;0;0;0;0;0;0;0;0;0;0;0;0;0;0;0;0;0;0;1;0;0;0;0;0;0;0;3;1;0;0;0;0;0;1;0;0;0
32116;Duffort;76;32;0;0;0;0;0;0;0;0;0;0;0;0;0;0;0;0;0;0;0;0;0;0;0;0;0;0;0;0;0;1;0;0;0;0;0;0;0
32117;Duran;76;32;0;0;0;0;0;0;0;0;0;0;0;0;0;0;0;0;0;0;0;0;0;0;0;0;5;2;1;0;1;0;0;0;0;0;0;0;1
32118;Durban;76;32;0;0;0;0;0;0;0;0;0;0;0;0;0;0;0;0;0;0;0;0;0;0;0;0;0;0;1;0;0;0;0;0;0;0;0;0;0
32119;Eauze;76;32;0;1;0;0;0;0;0;0;0;0;1;0;0;0;0;5;1;1;0;0;13;2;1;2;6;6;6;3;5;1;12;1;2;15;6;1;2
32120;Encausse;76;32;0;0;0;0;0;0;0;0;0;0;0;0;0;0;0;0;0;0;0;0;0;0;0;0;1;0;2;3;0;0;0;0;0;1;0;0;0
32121;Endoufielle;76;32;0;0;0;0;0;0;0;0;0;0;0;0;0;0;0;0;0;0;0;1;0;0;0;0;2;0;1;1;1;0;0;0;0;0;0;0;1
32122;Esclassan-Labastide;76;32;0;0;0;0;0;0;0;0;0;0;0;0;0;0;0;0;0;0;0;0;0;0;0;0;1;0;1;2;1;0;1;0;0;0;0;0;1
32123;Escorneboeuf;76;32;0;0;0;0;0;0;0;0;0;0;0;0;0;0;0;0;0;0;0;0;1;0;0;0;0;0;0;1;1;0;1;0;0;0;0;0;1
32124;Espaon;76;32;0;0;0;0;0;0;0;0;0;0;0;0;0;0;0;0;0;0;0;0;0;0;0;0;0;0;0;0;0;0;0;0;0;0;0;0;0
32125;Espas;76;32;0;0;0;0;0;0;0;0;0;0;0;0;0;0;0;0;0;0;0;0;1;0;0;0;1;0;0;0;0;0;0;0;0;0;0;0;0
32126;Estampes;76;32;0;0;0;0;0;0;0;0;0;0;0;0;0;0;0;0;0;0;0;0;0;0;0;0;1;0;0;0;0;0;0;0;0;0;0;0;0
32127;Estang;76;32;0;0;0;0;0;0;0;0;0;0;0;0;0;0;0;1;0;1;0;0;0;0;0;0;2;1;3;2;1;0;3;0;0;0;1;0;0
32128;Estipouy;76;32;0;0;0;0;0;0;0;0;0;0;0;0;0;0;0;0;0;0;0;0;0;0;0;0;1;1;0;0;1;0;1;0;0;0;0;0;0
32129;Estramiac;76;32;0;0;0;0;0;0;0;0;0;0;0;0;0;0;0;0;0;0;0;0;0;0;0;0;0;0;1;0;0;0;0;0;0;0;0;0;0
32130;Faget-Abbatial;76;32;0;0;0;0;0;0;0;0;0;0;0;0;0;0;0;0;0;0;0;0;0;0;0;0;1;1;1;0;2;0;0;0;0;0;1;0;0
32131;Flamarens;76;32;0;0;0;0;0;0;0;0;0;0;0;0;0;0;0;0;0;0;0;0;0;0;0;0;0;0;0;1;0;0;0;0;0;0;0;0;0
32132;Fleurance;76;32;0;1;0;0;0;0;0;0;0;0;1;0;1;0;0;5;1;1;0;0;15;3;0;2;8;17;19;9;10;6;17;3;4;15;9;2;4
32133;Fourcès;76;32;0;0;0;0;0;0;0;0;0;0;0;0;0;0;0;0;0;0;1;0;0;0;0;0;1;0;1;0;0;0;0;0;0;2;0;0;0
32134;Frégouville;76;32;0;0;0;0;0;0;0;0;0;0;0;0;0;0;0;0;0;0;0;0;0;0;0;0;1;1;1;0;1;0;1;0;0;1;0;0;0
32135;Fustérouau;76;32;0;0;0;0;0;0;0;0;0;0;0;0;0;0;0;0;0;0;0;0;0;0;0;0;0;1;0;1;1;0;0;0;0;0;0;0;0
32136;Galiax;76;32;0;0;0;0;0;0;0;0;0;0;0;0;0;0;0;0;0;0;0;0;2;0;0;0;0;1;0;1;0;0;0;0;0;0;0;0;0
32138;Garravet;76;32;0;0;0;0;0;0;0;0;0;0;0;0;0;0;0;0;0;0;0;0;1;0;0;0;0;0;1;0;0;0;1;0;0;0;0;0;0
32139;Gaudonville;76;32;0;0;0;0;0;0;0;0;0;0;0;0;0;0;0;0;0;0;0;0;0;0;0;0;0;0;2;0;0;0;0;0;0;0;0;0;0
32140;Gaujac;76;32;0;0;0;0;0;0;0;0;0;0;0;0;0;0;0;0;0;0;0;0;0;0;0;0;0;0;0;0;0;0;0;0;0;0;0;0;0
32141;Gaujan;76;32;0;0;0;0;0;0;0;0;0;0;0;0;0;0;0;0;0;0;0;0;1;0;0;0;1;0;2;0;0;0;0;0;0;0;0;0;0
32142;Gavarret-sur-Aulouste;76;32;0;0;0;0;0;0;0;0;0;0;0;0;0;0;0;0;0;0;0;0;1;0;0;0;0;0;1;0;1;0;0;0;0;0;0;0;0
32143;Gazaupouy;76;32;0;0;0;0;0;0;0;0;0;0;0;0;0;0;0;0;0;0;0;0;0;0;0;0;0;1;1;1;1;0;1;0;1;1;3;0;1
32144;Gazax-et-Baccarisse;76;32;0;0;0;0;0;0;0;0;0;0;0;0;0;0;0;0;0;0;0;0;0;0;0;0;0;0;1;0;0;0;0;0;0;0;0;0;0
32145;Gée-Rivière;76;32;0;0;0;0;0;0;0;0;0;0;0;0;0;0;0;0;0;0;0;0;0;0;0;0;0;0;1;1;0;0;0;0;0;0;0;0;0
32146;Gimbrède;76;32;0;0;0;0;0;0;0;0;0;0;0;0;0;0;0;0;0;0;0;0;0;0;0;0;0;1;0;1;0;0;0;0;0;0;0;0;0
32147;Gimont;76;32;0;1;0;0;0;0;0;0;0;0;1;0;0;0;0;3;1;1;0;0;8;2;0;2;8;5;4;3;6;2;10;1;2;10;4;1;4
32148;Giscaro;76;32;0;0;0;0;0;0;0;0;0;0;0;0;0;0;0;0;0;0;0;0;0;0;0;0;1;0;0;0;0;0;0;0;0;0;0;0;1
32149;Gondrin;76;32;0;0;0;0;0;0;0;0;0;0;0;0;0;0;0;1;0;0;0;1;3;0;0;0;3;8;1;1;3;0;4;0;0;1;1;0;0
32150;Goutz;76;32;0;0;0;0;0;0;0;0;0;0;0;0;0;0;0;0;0;0;0;0;1;0;0;0;1;2;0;2;0;0;0;0;0;0;0;0;0
32151;Goux;76;32;0;0;0;0;0;0;0;0;0;0;0;0;0;0;0;0;0;0;0;0;0;0;0;0;0;0;0;0;0;0;0;0;0;0;0;0;0
32152;Haget;76;32;0;0;0;0;0;0;0;0;0;0;0;0;0;0;0;0;0;0;0;0;0;0;0;0;0;0;1;0;0;0;0;0;0;0;0;0;0
32153;Haulies;76;32;0;0;0;0;0;0;0;0;0;0;0;0;0;0;0;0;0;0;0;0;0;0;0;0;0;1;1;0;2;0;0;0;0;0;0;0;0
32154;Homps;76;32;0;0;0;0;0;0;0;0;0;0;0;0;0;0;0;0;0;0;0;0;1;0;0;0;0;1;0;0;1;0;0;0;0;0;0;0;0
32155;Le Houga;76;32;0;0;0;0;0;0;0;0;0;0;0;0;0;0;0;1;0;1;0;0;2;0;0;1;3;2;5;1;2;0;2;0;0;5;0;0;1
32156;Idrac-Respaillès;76;32;0;0;0;0;0;0;0;0;0;0;0;0;0;0;0;0;0;0;0;0;2;0;0;0;0;0;1;0;0;0;1;0;0;0;0;0;0
32157;L'Isle-Arné;76;32;0;0;0;0;0;0;0;0;0;0;0;0;0;0;0;0;0;0;0;0;0;0;0;0;0;0;0;1;0;0;0;0;0;0;0;0;0
32158;L'Isle-Bouzon;76;32;0;0;0;0;0;0;0;0;0;0;0;0;0;0;0;0;0;0;0;0;0;0;0;0;1;0;0;0;1;0;0;0;0;0;0;0;0
32159;L'Isle-de-Noé;76;32;0;0;0;0;0;0;0;0;0;0;0;0;0;0;0;0;0;0;0;1;1;0;0;0;4;2;0;0;0;0;1;0;0;1;0;0;0
32160;L'Isle-Jourdain;76;32;0;1;0;0;0;0;0;0;0;0;1;1;0;0;0;8;2;1;0;0;23;2;1;2;14;19;13;14;10;7;20;4;8;25;18;3;8
32161;Izotges;76;32;0;0;0;0;0;0;0;0;0;0;0;0;0;0;0;0;0;0;0;0;0;0;0;0;1;0;0;0;0;0;0;0;0;0;0;0;0
32162;Jegun;76;32;0;1;0;0;0;0;0;0;0;0;1;0;1;0;0;1;0;1;0;0;3;0;1;0;4;3;7;2;2;0;1;0;0;2;0;0;0
32163;Jû-Belloc;76;32;0;0;0;0;0;0;0;0;0;0;0;0;0;0;0;0;0;0;0;0;1;0;0;0;1;2;3;1;1;0;0;0;0;0;1;0;0
32164;Juillac;76;32;0;0;0;0;0;0;0;0;0;0;0;0;0;0;0;0;0;0;0;0;0;0;0;0;0;3;0;1;0;0;0;0;0;0;0;0;0
32165;Juilles;76;32;0;0;0;0;0;0;0;0;0;0;0;0;0;0;0;0;0;0;0;0;2;0;0;0;0;1;1;0;0;0;0;0;0;0;0;0;0
32166;Justian;76;32;0;0;0;0;0;0;0;0;0;0;0;0;0;0;0;0;0;0;0;0;0;0;0;0;0;0;1;0;1;0;0;0;0;0;0;0;0
32167;Laas;76;32;0;0;0;0;0;0;0;0;0;0;0;0;0;0;0;0;0;0;0;0;2;0;0;0;0;1;0;0;0;0;0;0;0;0;0;0;0
32169;Labarthe;76;32;0;0;0;0;0;0;0;0;0;0;0;0;0;0;0;0;0;0;0;0;1;0;0;0;0;0;0;0;0;0;1;0;0;1;1;0;0
32170;Labarthète;76;32;0;0;0;0;0;0;0;0;0;0;0;0;0;0;0;0;0;0;0;0;0;0;0;0;1;0;1;0;0;0;0;0;0;0;0;0;0
32171;Labastide-Savès;76;32;0;0;0;0;0;0;0;0;0;0;0;0;0;0;0;0;0;0;0;0;1;0;0;0;0;0;0;0;0;0;1;0;0;1;0;0;0
32172;Labéjan;76;32;0;0;0;0;0;0;0;0;0;0;0;0;0;0;0;0;0;0;0;0;0;0;0;0;0;0;0;0;0;1;0;0;0;0;0;0;0
32173;Labrihe;76;32;0;0;0;0;0;0;0;0;0;0;0;0;0;0;0;0;0;0;0;0;0;0;0;0;1;1;1;0;0;0;0;0;0;0;0;0;0
32174;Ladevèze-Rivière;76;32;0;0;0;0;0;0;0;0;0;0;0;0;0;0;0;0;0;0;0;0;1;0;0;0;2;0;0;0;1;0;0;0;0;0;0;0;0
32175;Ladevèze-Ville;76;32;0;0;0;0;0;0;0;0;0;0;0;0;0;0;0;0;0;0;1;0;0;0;0;0;0;1;0;0;0;0;0;0;0;1;0;0;1
32176;Lagarde;76;32;0;0;0;0;0;0;0;0;0;0;0;0;0;0;0;0;0;0;0;0;0;0;0;0;0;0;0;0;0;0;0;0;0;1;0;0;0
32177;Lagarde-Hachan;76;32;0;0;0;0;0;0;0;0;0;0;0;0;0;0;0;0;0;0;0;0;0;0;0;0;0;1;1;1;1;0;0;0;0;0;1;0;0
32178;Lagardère;76;32;0;0;0;0;0;0;0;0;0;0;0;0;0;0;0;0;0;0;0;0;0;0;0;0;0;0;0;0;0;0;0;0;0;0;0;0;0
32180;Lagraulet-du-Gers;76;32;0;0;0;0;0;0;0;0;0;0;0;0;0;0;0;0;0;0;0;0;1;0;0;0;1;1;2;1;0;0;1;0;0;0;0;0;0
32181;Laguian-Mazous;76;32;0;0;0;0;0;0;0;0;0;0;0;0;0;0;0;0;0;0;0;0;0;0;0;0;4;0;1;1;1;0;0;0;0;0;0;0;0
32182;Lahas;76;32;0;0;0;0;0;0;0;0;0;0;0;0;0;0;0;0;0;0;0;0;0;0;0;0;0;1;0;2;1;0;0;0;0;1;0;0;0
32183;Lahitte;76;32;0;0;0;0;0;0;0;0;0;0;0;0;0;0;0;0;0;0;0;0;0;0;0;0;1;0;0;1;0;0;0;0;0;1;1;0;0
32184;Lalanne;76;32;0;0;0;0;0;0;0;0;0;0;0;0;0;0;0;0;0;0;0;0;0;0;0;0;0;0;0;0;0;0;0;0;0;0;0;0;0
32185;Lalanne-Arqué;76;32;0;0;0;0;0;0;0;0;0;0;0;0;0;0;0;0;0;0;0;0;0;0;0;0;1;0;1;0;0;0;0;0;0;0;0;0;0
32186;Lamaguère;76;32;0;0;0;0;0;0;0;0;0;0;0;0;0;0;0;0;0;0;0;0;0;0;0;0;0;0;0;0;0;0;0;0;0;0;0;0;0
32187;Lamazère;76;32;0;0;0;0;0;0;0;0;0;0;0;0;0;0;0;0;0;0;0;0;0;0;0;0;1;1;0;0;0;0;0;0;0;0;0;0;0
32188;Lamothe-Goas;76;32;0;0;0;0;0;0;0;0;0;0;0;0;0;0;0;0;0;0;0;0;0;0;0;0;0;0;0;0;0;0;0;0;0;0;0;0;0
32189;Lannemaignan;76;32;0;0;0;0;0;0;0;0;0;0;0;0;0;0;0;0;0;0;0;0;0;0;0;0;0;0;0;0;0;0;0;0;0;0;0;0;0
32190;Lannepax;76;32;0;0;0;0;0;0;0;0;0;0;0;0;0;0;0;1;0;0;1;0;0;0;0;0;1;0;2;0;1;0;2;0;0;1;0;0;0
32191;Lanne-Soubiran;76;32;0;0;0;0;0;0;0;0;0;0;0;0;0;0;0;0;0;0;0;0;0;0;0;0;0;0;1;0;0;0;0;0;0;0;0;0;0
32192;Lannux;76;32;0;0;0;0;0;0;0;0;0;0;0;0;0;0;0;0;0;0;0;1;2;0;0;0;0;1;0;0;1;0;0;0;0;0;1;0;0
32193;Larée;76;32;0;0;0;0;0;0;0;0;0;0;0;0;0;0;0;0;0;0;0;0;0;0;0;0;0;1;0;1;0;0;0;0;0;0;0;0;0
32194;Larressingle;76;32;0;0;0;0;0;0;0;0;0;0;0;0;0;0;0;0;0;0;0;0;0;0;0;0;0;1;0;0;0;0;0;0;0;4;0;0;0
32195;Larroque-Engalin;76;32;0;0;0;0;0;0;0;0;0;0;0;0;0;0;0;0;0;0;0;0;0;0;0;0;0;0;0;0;0;0;0;0;0;0;0;0;0
32196;Larroque-Saint-Sernin;76;32;0;0;0;0;0;0;0;0;0;0;0;0;0;0;0;0;0;0;0;0;0;0;0;0;2;0;1;0;0;0;0;0;0;0;0;0;0
32197;Larroque-sur-l'Osse;76;32;0;0;0;0;0;0;0;0;0;0;0;0;0;0;0;0;0;0;0;0;0;0;0;0;0;0;2;1;0;1;0;0;0;1;0;0;0
32198;Lartigue;76;32;0;0;0;0;0;0;0;0;0;0;0;0;0;0;0;0;0;0;0;0;1;0;0;0;1;0;0;0;0;0;0;0;0;0;0;0;0
32199;Lasserade;76;32;0;0;0;0;0;0;0;0;0;0;0;0;0;0;0;0;0;0;0;0;1;1;0;0;1;1;0;0;0;1;0;0;0;0;0;0;0
32200;Lasséran;76;32;0;0;0;0;0;0;0;0;0;0;0;0;0;0;0;0;0;0;0;0;2;0;0;0;1;0;1;0;0;0;0;0;0;0;0;0;0
32201;Lasseube-Propre;76;32;0;0;0;0;0;0;0;0;0;0;0;0;0;0;0;0;0;0;0;0;2;0;1;0;4;0;3;2;3;1;0;0;0;0;1;0;0
32202;Laujuzan;76;32;0;0;0;0;0;0;0;0;0;0;0;0;0;0;0;0;0;0;0;0;2;0;0;0;0;0;0;0;0;0;0;0;0;0;0;0;0
32203;Lauraët;76;32;0;0;0;0;0;0;0;0;0;0;0;0;0;0;0;0;0;0;0;0;2;0;0;0;0;1;0;1;0;0;0;0;0;0;0;0;1
32204;Lavardens;76;32;0;0;0;0;0;0;0;0;0;0;0;0;0;0;0;0;0;0;0;1;0;0;0;0;2;1;0;1;0;0;0;0;0;2;0;0;0
32205;Laveraët;76;32;0;0;0;0;0;0;0;0;0;0;0;0;0;0;0;0;0;0;0;0;0;0;0;0;2;0;0;0;0;0;0;0;0;0;0;0;0
32206;Laymont;76;32;0;0;0;0;0;0;0;0;0;0;0;0;0;0;0;0;0;0;0;0;0;0;0;0;0;0;0;0;1;0;1;0;0;0;0;0;0
32207;Leboulin;76;32;0;0;0;0;0;0;0;0;0;0;0;0;0;0;0;0;0;0;0;0;0;0;0;0;1;0;1;0;1;0;0;0;0;0;1;0;0
32208;Lectoure;76;32;0;1;0;0;0;0;0;0;0;0;1;0;0;0;0;3;3;1;1;0;8;1;1;1;14;9;10;8;4;0;7;1;0;21;7;2;5
32209;Lelin-Lapujolle;76;32;0;0;0;0;0;0;0;0;0;0;0;0;0;0;0;0;0;0;0;0;0;0;0;0;1;0;1;0;0;0;0;0;0;0;0;0;0
32210;Lias;76;32;0;0;0;0;0;0;0;0;0;0;0;0;0;0;0;0;0;0;0;0;1;0;0;0;2;0;1;1;2;0;0;0;0;0;1;0;0
32211;Lias-d'Armagnac;76;32;0;0;0;0;0;0;0;0;0;0;0;0;0;0;0;0;0;0;0;0;0;0;0;0;1;1;0;0;0;0;0;0;0;0;1;0;0
32212;Ligardes;76;32;0;0;0;0;0;0;0;0;0;0;0;0;0;0;0;0;0;0;0;1;1;0;0;0;0;1;0;0;1;1;0;0;0;0;0;0;0
32213;Lombez;76;32;0;1;0;0;0;0;0;0;0;0;1;0;0;0;0;0;2;1;0;0;3;1;0;1;5;0;8;2;1;1;6;0;0;6;2;2;2
32214;Loubédat;76;32;0;0;0;0;0;0;0;0;0;0;0;0;0;0;0;0;0;0;0;0;0;0;0;0;2;0;2;0;0;0;0;0;0;0;0;0;0
32215;Loubersan;76;32;0;0;0;0;0;0;0;0;0;0;0;0;0;0;0;0;0;0;0;0;0;0;0;0;0;0;1;0;0;0;0;0;0;0;0;0;0
32216;Lourties-Monbrun;76;32;0;0;0;0;0;0;0;0;0;0;0;0;0;0;0;0;0;0;0;0;0;0;0;0;0;1;0;1;0;0;0;0;0;0;0;0;0
32217;Louslitges;76;32;0;0;0;0;0;0;0;0;0;0;0;0;0;0;0;0;0;0;0;0;0;0;0;0;2;0;1;0;0;0;0;0;0;0;0;0;0
32218;Loussous-Débat;76;32;0;0;0;0;0;0;0;0;0;0;0;0;0;0;0;0;0;0;0;0;0;0;0;0;0;0;0;0;0;0;0;0;0;0;0;0;0
32219;Lupiac;76;32;0;0;0;0;0;0;0;0;0;0;0;0;0;0;0;1;0;0;0;1;1;0;0;0;1;0;0;0;0;0;0;0;0;1;1;0;0
32220;Luppé-Violles;76;32;0;0;0;0;0;0;0;0;0;0;0;0;0;0;0;0;0;0;0;0;0;0;0;0;1;1;0;0;0;0;0;0;0;0;0;0;0
32221;Lussan;76;32;0;0;0;0;0;0;0;0;0;0;0;0;0;0;0;0;0;0;0;0;0;0;0;0;2;0;2;2;0;0;0;0;0;1;1;0;0
32222;Magnan;76;32;0;0;0;0;0;0;0;0;0;0;0;0;0;0;0;0;0;0;0;0;0;0;0;0;0;1;1;2;0;2;0;0;0;0;0;0;0
32223;Magnas;76;32;0;0;0;0;0;0;0;0;0;0;0;0;0;0;0;0;0;0;0;0;0;0;0;0;0;0;0;0;1;0;0;1;0;0;0;0;0
32224;Maignaut-Tauzia;76;32;0;0;0;0;0;0;0;0;0;0;0;0;0;0;0;0;0;0;0;0;0;0;0;0;2;0;1;0;1;0;1;0;0;0;0;0;0
32225;Malabat;76;32;0;0;0;0;0;0;0;0;0;0;0;0;0;0;0;0;0;0;0;0;0;0;0;0;1;0;0;0;0;0;0;0;0;0;0;0;0
32226;Manas-Bastanous;76;32;0;0;0;0;0;0;0;0;0;0;0;0;0;0;0;0;0;0;0;0;0;0;0;0;0;0;0;0;1;0;0;0;0;0;0;0;0
32227;Manciet;76;32;0;0;0;0;0;0;0;0;0;0;0;0;0;0;0;0;0;1;0;0;7;0;1;0;4;3;0;0;0;1;2;0;0;0;0;0;0
32228;Manent-Montané;76;32;0;0;0;0;0;0;0;0;0;0;0;0;0;0;0;0;0;0;0;0;0;0;0;0;0;1;0;0;0;0;0;0;0;1;0;0;0
32229;Mansempuy;76;32;0;0;0;0;0;0;0;0;0;0;0;0;0;0;0;0;0;0;0;0;0;0;0;0;0;0;0;0;0;0;0;0;0;0;0;0;0
32230;Mansencôme;76;32;0;0;0;0;0;0;0;0;0;0;0;0;0;0;0;0;0;0;0;0;0;0;0;0;0;0;0;0;0;0;0;0;0;0;0;0;0
32231;Marambat;76;32;0;0;0;0;0;0;0;0;0;0;0;0;0;0;0;0;0;0;0;0;3;1;0;0;1;0;0;1;1;0;1;0;0;0;0;0;0
32232;Maravat;76;32;0;0;0;0;0;0;0;0;0;0;0;0;0;0;0;0;0;0;0;0;1;0;0;0;0;1;0;2;1;0;0;0;0;0;0;0;0
32233;Marciac;76;32;0;1;0;0;0;0;0;0;0;0;1;0;0;0;0;3;1;1;0;0;5;1;0;1;3;3;4;2;2;1;3;0;0;18;1;0;2
32234;Marestaing;76;32;0;0;0;0;0;0;0;0;0;0;0;0;0;0;0;0;0;0;0;0;0;0;0;0;1;0;0;0;1;0;0;0;0;0;0;0;1
32235;Margouët-Meymes;76;32;0;0;0;0;0;0;0;0;0;0;0;0;0;0;0;0;0;0;0;0;1;0;0;0;0;1;0;2;0;0;0;0;0;0;0;0;0
32236;Marguestau;76;32;0;0;0;0;0;0;0;0;0;0;0;0;0;0;0;0;0;0;0;0;0;0;0;0;1;0;0;0;0;0;0;0;0;0;0;0;0
32237;Marsan;76;32;0;0;0;0;0;0;0;0;0;0;0;0;0;0;0;0;0;0;1;0;0;0;0;0;2;1;1;0;1;0;0;0;0;2;0;0;0
32238;Marseillan;76;32;0;0;0;0;0;0;0;0;0;0;0;0;0;0;0;0;0;0;0;0;1;0;0;0;1;1;0;1;0;1;0;0;0;0;0;0;0
32239;Marsolan;76;32;0;0;0;0;0;0;0;0;0;0;0;0;0;0;0;0;0;0;1;0;0;0;0;0;3;1;5;1;0;0;0;0;0;1;1;0;1
32240;Mascaras;76;32;0;0;0;0;0;0;0;0;0;0;0;0;0;0;0;0;0;0;0;0;0;0;0;0;1;0;1;0;0;0;0;0;0;0;0;0;0
32241;Mas-d'Auvignon;76;32;0;0;0;0;0;0;0;0;0;0;0;0;0;0;0;0;0;0;0;0;0;0;0;0;2;0;1;0;0;1;0;0;0;1;0;0;0
32242;Masseube;76;32;0;1;0;0;0;0;0;0;0;0;1;0;0;0;0;2;0;1;0;0;5;1;0;1;6;3;4;1;2;1;4;1;0;5;1;0;3
32243;Mauléon-d'Armagnac;76;32;0;0;0;0;0;0;0;0;0;0;0;0;0;0;0;0;0;0;0;1;1;0;0;0;2;0;1;0;0;0;0;0;0;0;0;0;1
32244;Maulichères;76;32;0;0;0;0;0;0;0;0;0;0;0;0;0;0;0;0;1;0;0;0;0;0;0;0;0;0;0;0;0;0;0;0;0;0;0;0;0
32245;Maumusson-Laguian;76;32;0;0;0;0;0;0;0;0;0;0;0;0;0;0;0;0;0;0;0;0;0;0;0;0;2;0;2;0;0;0;0;0;0;0;0;0;0
32246;Maupas;76;32;0;0;0;0;0;0;0;0;0;0;0;0;0;0;0;0;0;0;0;0;0;0;0;0;1;0;0;0;0;0;0;0;0;0;0;0;0
32247;Maurens;76;32;0;0;0;0;0;0;0;0;0;0;0;0;0;0;0;0;0;0;0;0;2;0;0;0;0;1;2;2;0;0;0;0;0;1;0;0;0
32248;Mauroux;76;32;0;0;0;0;0;0;0;0;0;0;0;0;0;0;0;0;0;0;0;0;0;0;0;0;1;0;0;0;0;0;0;0;0;0;0;0;0
32249;Mauvezin;76;32;0;1;0;0;0;0;0;0;0;0;1;0;0;0;0;2;2;1;0;0;2;1;0;0;3;5;5;2;4;1;4;2;0;7;6;1;2
32250;Meilhan;76;32;0;0;0;0;0;0;0;0;0;0;0;0;0;0;0;0;0;0;0;0;0;0;0;0;1;0;0;2;0;0;0;0;0;0;0;0;0
32251;Mérens;76;32;0;0;0;0;0;0;0;0;0;0;0;0;0;0;0;0;0;0;0;0;0;0;0;0;0;0;0;0;1;0;0;0;0;0;0;0;0
32252;Miélan;76;32;0;1;0;0;0;0;0;0;0;0;0;0;1;0;0;1;0;1;0;0;3;0;0;0;3;2;2;2;2;0;3;1;0;3;0;0;1
32253;Miradoux;76;32;0;1;0;0;0;0;0;0;0;0;0;0;0;0;0;1;0;0;1;0;1;0;0;0;1;1;2;2;0;0;1;0;0;1;0;0;0
32254;Miramont-d'Astarac;76;32;0;0;0;0;0;0;0;0;0;0;0;0;0;0;0;0;0;0;0;0;1;0;0;0;5;1;2;1;0;0;0;0;0;1;0;0;0
32255;Miramont-Latour;76;32;0;0;0;0;0;0;0;0;0;0;0;0;0;0;0;0;0;0;0;0;0;0;0;0;1;0;0;0;1;0;0;0;0;0;0;0;0
32256;Mirande;76;32;0;1;0;0;0;0;0;0;0;0;2;0;1;0;0;6;1;1;0;0;10;3;0;2;5;7;9;1;6;2;8;5;0;15;3;0;3
32257;Mirannes;76;32;0;0;0;0;0;0;0;0;0;0;0;0;0;0;0;0;0;0;0;0;0;0;0;0;0;0;0;0;1;0;0;0;0;0;0;0;0
32258;Mirepoix;76;32;0;0;0;0;0;0;0;0;0;0;0;0;0;0;0;0;0;0;0;0;0;0;0;0;2;1;1;0;0;0;0;0;0;0;0;0;0
32260;Monbardon;76;32;0;0;0;0;0;0;0;0;0;0;0;0;0;0;0;0;0;0;0;0;0;0;0;0;0;0;0;0;0;0;0;0;0;0;0;0;0
32261;Monblanc;76;32;0;0;0;0;0;0;0;0;0;0;0;0;0;0;0;0;0;0;0;0;0;0;0;0;1;0;4;0;0;0;0;0;0;0;0;0;0
32262;Monbrun;76;32;0;0;0;0;0;0;0;0;0;0;0;0;0;0;0;0;0;0;0;0;0;0;0;0;0;0;1;0;1;0;1;0;0;0;1;0;0
32263;Moncassin;76;32;0;0;0;0;0;0;0;0;0;0;0;0;0;0;0;0;0;0;0;0;0;0;0;0;1;0;0;0;0;0;0;0;0;1;1;0;0
32264;Monclar;76;32;0;0;0;0;0;0;0;0;0;0;0;0;0;0;0;0;0;0;0;0;0;0;0;0;2;0;0;0;0;0;0;0;0;1;0;0;0
32265;Monclar-sur-Losse;76;32;0;0;0;0;0;0;0;0;0;0;0;0;0;0;0;0;0;0;0;0;0;0;0;0;0;0;0;0;0;0;0;0;0;3;0;0;0
32266;Moncorneil-Grazan;76;32;0;0;0;0;0;0;0;0;0;0;0;0;0;0;0;0;0;0;0;0;0;0;0;0;0;0;0;0;0;0;0;0;0;0;0;0;0
32267;Monferran-Plavès;76;32;0;0;0;0;0;0;0;0;0;0;0;0;0;0;0;0;0;0;0;0;0;0;0;0;1;0;0;0;0;1;0;0;0;0;0;0;0
32268;Monferran-Savès;76;32;0;0;0;0;0;0;0;0;0;0;0;0;0;0;0;0;0;0;1;0;2;0;0;0;3;0;1;0;1;0;0;1;0;3;0;0;1
32269;Monfort;76;32;0;0;0;0;0;0;0;0;0;0;0;0;0;0;0;0;0;0;0;1;1;0;0;0;2;2;0;1;2;0;2;0;0;1;0;0;0
32270;Mongausy;76;32;0;0;0;0;0;0;0;0;0;0;0;0;0;0;0;0;0;0;0;0;0;0;0;0;0;0;0;0;0;0;0;0;0;0;0;0;0
32271;Monguilhem;76;32;0;0;0;0;0;0;0;0;0;0;0;0;0;0;0;0;0;0;0;1;1;0;0;0;1;0;2;1;0;0;0;0;0;0;0;0;0
32272;Monlaur-Bernet;76;32;0;0;0;0;0;0;0;0;0;0;0;0;0;0;0;0;0;0;0;0;0;0;0;0;0;0;3;0;0;0;0;0;0;0;0;0;0
32273;Monlezun;76;32;0;0;0;0;0;0;0;0;0;0;0;0;0;0;0;0;0;0;0;0;1;0;0;0;0;2;0;0;0;0;0;0;0;0;0;0;0
32274;Monlezun-d'Armagnac;76;32;0;0;0;0;0;0;0;0;0;0;0;0;0;0;0;0;0;0;1;0;0;0;0;0;2;0;1;0;0;0;0;0;0;1;0;0;0
32275;Monpardiac;76;32;0;0;0;0;0;0;0;0;0;0;0;0;0;0;0;0;0;0;0;0;0;0;0;0;0;0;0;0;0;0;0;0;0;0;0;0;0
32276;Montadet;76;32;0;0;0;0;0;0;0;0;0;0;0;0;0;0;0;0;0;0;0;0;0;0;0;0;1;0;0;0;0;0;0;0;0;0;0;0;0
32277;Montamat;76;32;0;0;0;0;0;0;0;0;0;0;0;0;0;0;0;0;0;0;0;0;2;0;0;0;1;0;0;0;0;0;0;0;0;1;0;0;0
32278;Montaut;76;32;0;0;0;0;0;0;0;0;0;0;0;0;0;0;0;0;0;0;0;0;1;0;0;0;0;0;1;0;0;0;0;0;0;0;0;0;0
32279;Montaut-les-Créneaux;76;32;0;0;0;0;0;0;0;0;0;0;0;0;0;0;0;0;0;0;0;1;1;0;0;0;1;1;0;5;1;0;0;0;0;2;0;0;0
32280;Mont-d'Astarac;76;32;0;0;0;0;0;0;0;0;0;0;0;0;0;0;0;0;0;0;0;0;0;0;0;0;0;0;1;0;0;0;0;0;0;0;0;0;0
32281;Mont-de-Marrast;76;32;0;0;0;0;0;0;0;0;0;0;0;0;0;0;0;0;0;0;0;1;0;0;0;0;0;0;0;0;0;0;0;0;0;0;0;0;0
32282;Montégut;76;32;0;0;0;0;0;0;0;0;0;0;0;0;0;0;0;0;0;0;0;0;1;0;0;0;0;1;2;0;0;0;0;0;0;1;0;0;0
32283;Montégut-Arros;76;32;0;0;0;0;0;0;0;0;0;0;0;0;0;0;0;0;0;0;0;0;0;0;0;0;1;0;0;0;1;0;2;0;0;1;0;0;0
32284;Montégut-Savès;76;32;0;0;0;0;0;0;0;0;0;0;0;0;0;0;0;0;0;0;0;0;0;0;0;0;1;0;0;0;0;0;0;0;0;0;0;0;0
32285;Montesquiou;76;32;0;0;0;0;0;0;0;0;0;0;0;0;1;0;0;0;1;1;0;0;1;0;0;0;5;3;2;1;1;0;1;0;0;1;0;0;0
32286;Montestruc-sur-Gers;76;32;0;0;0;0;0;0;0;0;0;0;0;0;0;0;0;0;0;1;0;0;1;0;0;0;2;1;3;4;1;0;0;0;0;1;0;0;0
32287;Monties;76;32;0;0;0;0;0;0;0;0;0;0;0;0;0;0;0;0;0;0;0;0;0;0;0;0;0;0;1;2;0;0;0;0;0;0;0;0;0
32288;Montiron;76;32;0;0;0;0;0;0;0;0;0;0;0;0;0;0;0;0;0;0;0;0;0;0;0;0;0;0;0;0;1;0;0;0;0;0;0;0;0
32289;Montpézat;76;32;0;0;0;0;0;0;0;0;0;0;0;0;0;0;0;0;0;0;0;0;1;0;0;0;0;1;0;0;1;0;0;0;0;0;0;0;0
32290;Montréal;76;32;0;1;0;0;0;0;0;0;0;0;0;0;0;0;0;1;0;1;0;0;6;0;0;1;3;2;2;3;0;0;1;0;0;6;3;0;2
32291;Mormès;76;32;0;0;0;0;0;0;0;0;0;0;0;0;0;0;0;0;0;0;0;0;0;0;0;0;0;0;0;1;0;0;0;0;0;0;0;0;0
32292;Mouchan;76;32;0;0;0;0;0;0;0;0;0;0;0;0;0;0;0;0;0;0;0;1;0;0;0;0;4;0;2;0;2;0;0;0;0;1;2;0;0
32293;Mouchès;76;32;0;0;0;0;0;0;0;0;0;0;0;0;0;0;0;0;0;0;0;0;0;0;1;0;1;1;0;0;0;0;0;0;0;0;0;0;0
32294;Mourède;76;32;0;0;0;0;0;0;0;0;0;0;0;0;0;0;0;0;0;0;0;0;0;0;0;0;1;0;0;1;0;0;0;0;0;0;0;0;0
32295;Nizas;76;32;0;0;0;0;0;0;0;0;0;0;0;0;0;0;0;0;0;0;0;0;0;0;0;0;1;1;0;0;0;0;2;0;0;0;0;0;0
32296;Nogaro;76;32;0;1;0;0;0;0;0;0;0;0;1;0;0;0;0;4;1;1;0;0;10;2;2;1;3;8;8;5;4;1;4;0;1;7;2;2;2
32297;Noilhan;76;32;0;0;0;0;0;0;0;0;0;0;0;0;0;0;0;0;0;0;0;0;0;0;0;0;1;3;2;1;0;0;0;0;0;1;0;0;1
32298;Nougaroulet;76;32;0;0;0;0;0;0;0;0;0;0;0;0;0;0;0;0;0;0;0;0;1;0;0;0;6;0;0;0;0;0;0;0;0;0;0;0;0
32299;Noulens;76;32;0;0;0;0;0;0;0;0;0;0;0;0;0;0;0;0;0;0;0;0;0;0;0;0;0;0;0;0;1;0;0;0;0;0;0;0;0
32300;Orbessan;76;32;0;0;0;0;0;0;0;0;0;0;0;0;0;0;0;0;0;0;0;0;0;0;0;0;1;2;3;1;0;1;0;0;0;0;1;0;0
32301;Ordan-Larroque;76;32;0;0;0;0;0;0;0;0;0;0;0;0;0;0;0;0;0;0;0;1;1;0;0;0;3;3;1;2;1;1;0;0;0;1;0;0;1
32302;Ornézan;76;32;0;0;0;0;0;0;0;0;0;0;0;0;0;0;0;0;0;0;0;0;0;0;0;0;1;0;0;0;0;0;0;0;0;1;0;0;0
32303;Pallanne;76;32;0;0;0;0;0;0;0;0;0;0;0;0;0;0;0;0;0;0;0;0;0;0;0;0;0;0;0;0;0;0;0;0;0;0;0;0;0
32304;Panassac;76;32;0;0;0;0;0;0;0;0;0;0;0;0;0;0;0;0;0;0;0;0;0;0;0;0;0;0;0;1;0;0;0;0;0;0;0;0;0
32305;Panjas;76;32;0;0;0;0;0;0;0;0;0;0;0;0;0;0;0;2;0;0;0;1;1;0;0;0;1;0;2;1;0;1;1;0;0;0;0;0;0
32306;Pauilhac;76;32;0;0;0;0;0;0;0;0;0;0;0;0;0;0;0;0;0;0;0;0;2;0;0;0;4;2;1;1;0;0;0;0;0;1;0;0;0
32307;Pavie;76;32;0;0;0;0;0;0;0;0;0;0;0;0;0;0;0;1;0;1;0;0;14;1;1;1;5;6;6;8;6;0;2;1;0;5;2;0;2
32308;Pébées;76;32;0;0;0;0;0;0;0;0;0;0;0;0;0;0;0;0;0;0;0;0;0;0;0;0;2;0;0;1;0;0;0;0;0;0;0;0;0
32309;Pellefigue;76;32;0;0;0;0;0;0;0;0;0;0;0;0;0;0;0;0;0;0;0;0;0;0;0;0;1;0;0;0;0;0;0;0;0;0;1;0;0
32310;Perchède;76;32;0;0;0;0;0;0;0;0;0;0;0;0;0;0;0;0;0;0;0;0;0;0;0;0;1;0;0;1;0;0;0;0;0;1;0;0;0
32311;Pergain-Taillac;76;32;0;0;0;0;0;0;0;0;0;0;0;0;0;0;0;0;0;0;1;0;0;0;0;0;2;0;1;0;0;0;0;0;0;0;0;0;0
32312;Pessan;76;32;0;0;0;0;0;0;0;0;0;0;0;0;0;0;0;0;0;0;0;0;0;0;0;0;3;1;2;1;1;0;0;0;0;1;0;0;0
32313;Pessoulens;76;32;0;0;0;0;0;0;0;0;0;0;0;0;0;0;0;0;0;0;0;0;0;0;0;0;0;0;0;0;0;0;0;0;0;0;0;0;0
32314;Peyrecave;76;32;0;0;0;0;0;0;0;0;0;0;0;0;0;0;0;0;0;0;0;0;0;0;0;0;0;0;1;0;0;0;0;0;0;0;0;0;0
32315;Peyrusse-Grande;76;32;0;0;0;0;0;0;0;0;0;0;0;0;0;0;0;0;0;0;0;0;1;0;0;0;0;2;1;1;1;0;0;0;0;0;1;0;0
32316;Peyrusse-Massas;76;32;0;0;0;0;0;0;0;0;0;0;0;0;0;0;0;0;0;0;0;0;0;0;0;0;1;0;0;1;0;1;0;0;0;0;0;0;0
32317;Peyrusse-Vieille;76;32;0;0;0;0;0;0;0;0;0;0;0;0;0;0;0;0;0;0;0;0;0;0;0;0;0;0;0;0;0;0;0;0;0;0;0;0;0
32318;Pis;76;32;0;0;0;0;0;0;0;0;0;0;0;0;0;0;0;0;0;0;0;0;0;0;0;0;0;0;0;0;0;0;0;0;0;0;0;0;0
32319;Plaisance;76;32;0;1;0;0;0;0;0;0;0;0;1;0;0;0;0;2;1;1;0;0;8;0;0;1;4;5;3;4;4;0;4;1;0;4;1;0;1
32320;Plieux;76;32;0;0;0;0;0;0;0;0;0;0;0;0;0;0;0;0;0;0;0;0;0;0;0;0;0;0;1;1;0;0;1;0;0;0;0;0;0
32321;Polastron;76;32;0;0;0;0;0;0;0;0;0;0;0;0;0;0;0;0;0;0;0;0;0;0;0;0;3;1;2;0;0;0;0;0;0;0;0;0;1
32322;Pompiac;76;32;0;0;0;0;0;0;0;0;0;0;0;0;0;0;0;0;0;0;0;0;0;0;0;0;3;0;0;1;0;0;1;0;0;0;0;0;0
32323;Ponsampère;76;32;0;0;0;0;0;0;0;0;0;0;0;0;0;0;0;0;0;0;0;0;0;0;0;0;0;1;0;0;1;0;0;0;0;0;0;0;0
32324;Ponsan-Soubiran;76;32;0;0;0;0;0;0;0;0;0;0;0;0;0;0;0;0;0;0;0;0;0;0;0;0;0;0;0;0;0;0;0;0;0;0;0;0;0
32325;Pouydraguin;76;32;0;0;0;0;0;0;0;0;0;0;0;0;0;0;0;0;0;0;0;0;0;0;0;0;0;0;1;1;1;0;1;0;0;0;0;0;0
32326;Pouylebon;76;32;0;0;0;0;0;0;0;0;0;0;0;0;0;0;0;0;0;0;0;0;0;0;0;0;0;0;0;2;0;0;0;0;0;0;0;0;0
32327;Pouy-Loubrin;76;32;0;0;0;0;0;0;0;0;0;0;0;0;0;0;0;0;0;0;0;0;0;0;0;0;0;0;0;0;0;0;0;0;0;0;0;0;0
32328;Pouy-Roquelaure;76;32;0;0;0;0;0;0;0;0;0;0;0;0;0;0;0;0;0;0;0;0;0;0;0;0;0;0;0;0;0;0;0;0;0;0;0;0;0
32329;Préchac;76;32;0;0;0;0;0;0;0;0;0;0;0;0;0;0;0;0;0;0;0;0;0;0;0;0;0;1;1;0;1;0;0;0;0;0;0;0;0
32330;Préchac-sur-Adour;76;32;0;0;0;0;0;0;0;0;0;0;0;0;0;0;0;0;0;0;0;1;0;0;0;0;2;1;0;0;0;1;0;0;0;1;0;0;0
32331;Preignan;76;32;0;0;0;0;0;0;0;0;0;0;0;0;0;0;0;0;0;1;0;0;6;1;0;0;4;4;6;1;1;2;4;0;0;1;0;0;1
32332;Préneron;76;32;0;0;0;0;0;0;0;0;0;0;0;0;0;0;0;0;0;0;0;0;0;0;0;0;1;0;2;0;1;0;0;0;0;0;0;0;0
32333;Projan;76;32;0;0;0;0;0;0;0;0;0;0;0;0;0;0;0;0;0;0;0;0;0;0;0;0;0;0;0;0;0;0;0;0;0;0;0;0;0
32334;Pujaudran;76;32;0;0;0;0;0;0;0;0;0;0;0;0;0;0;0;0;0;0;1;0;2;0;0;0;2;5;2;3;3;1;2;0;0;5;4;0;1
32335;Puycasquier;76;32;0;0;0;0;0;0;0;0;0;0;0;0;0;0;0;0;0;0;0;1;3;0;0;0;2;1;1;2;2;0;1;0;0;1;1;0;0
32336;Puylausic;76;32;0;0;0;0;0;0;0;0;0;0;0;0;0;0;0;0;0;0;0;0;0;0;0;0;0;0;0;0;0;0;0;0;0;0;0;0;0
32337;Puységur;76;32;0;0;0;0;0;0;0;0;0;0;0;0;0;0;0;0;0;0;0;0;0;0;0;0;0;0;1;0;0;0;0;0;0;0;0;0;0
32338;Ramouzens;76;32;0;0;0;0;0;0;0;0;0;0;0;0;0;0;0;0;0;0;0;0;0;0;0;0;0;0;0;0;0;0;0;0;0;0;0;0;0
32339;Razengues;76;32;0;0;0;0;0;0;0;0;0;0;0;0;0;0;0;0;0;0;0;0;0;0;0;0;0;0;0;0;0;0;0;0;0;0;0;0;0
32340;Réans;76;32;0;0;0;0;0;0;0;0;0;0;0;0;0;0;0;0;0;0;0;0;1;0;0;0;0;1;0;0;0;0;0;0;0;0;0;0;0
32341;Réjaumont;76;32;0;0;0;0;0;0;0;0;0;0;0;0;0;0;0;0;0;0;0;0;1;0;0;0;0;0;1;0;0;0;0;0;0;0;0;0;0
32342;Ricourt;76;32;0;0;0;0;0;0;0;0;0;0;0;0;0;0;0;0;0;0;0;0;0;0;0;0;1;0;0;1;0;0;0;0;0;0;0;0;0
32343;Riguepeu;76;32;0;0;0;0;0;0;0;0;0;0;0;0;0;0;0;0;0;0;0;0;0;0;0;0;0;0;0;0;0;0;0;0;0;1;0;0;0
32344;Riscle;76;32;0;1;0;0;0;0;0;0;0;0;1;0;0;0;0;4;0;1;0;0;6;1;0;1;5;1;5;2;3;0;5;3;0;6;4;0;2
32345;La Romieu;76;32;0;0;0;0;0;0;0;0;0;0;0;0;0;0;0;0;0;1;0;0;1;0;0;0;3;2;1;1;2;0;1;0;0;3;0;0;0
32346;Roquebrune;76;32;0;0;0;0;0;0;0;0;0;0;0;0;0;0;0;0;0;0;0;0;0;0;0;0;0;0;2;2;1;0;0;0;0;0;0;0;0
32347;Roquefort;76;32;0;0;0;0;0;0;0;0;0;0;0;0;0;0;0;0;0;0;0;0;1;0;0;0;1;1;1;0;0;0;0;0;0;0;0;0;0
32348;Roquelaure;76;32;0;0;0;0;0;0;0;0;0;0;0;0;0;0;0;0;0;0;0;0;2;0;0;0;5;3;3;0;1;1;1;0;0;2;0;0;0
32349;Roquelaure-Saint-Aubin;76;32;0;0;0;0;0;0;0;0;0;0;0;0;0;0;0;0;0;0;0;0;0;0;0;0;0;0;0;1;0;0;0;0;0;0;0;0;0
32350;Roquepine;76;32;0;0;0;0;0;0;0;0;0;0;0;0;0;0;0;0;0;0;0;0;0;0;0;0;0;0;0;0;0;0;0;0;0;0;0;0;0
32351;Roques;76;32;0;0;0;0;0;0;0;0;0;0;0;0;0;0;0;0;0;0;0;0;0;0;0;0;0;0;1;0;0;0;0;0;0;0;0;0;0
32352;Rozès;76;32;0;0;0;0;0;0;0;0;0;0;0;0;0;0;0;0;0;0;0;0;0;0;0;0;2;2;1;1;0;0;0;0;0;0;0;0;0
32353;Sabaillan;76;32;0;0;0;0;0;0;0;0;0;0;0;0;0;0;0;0;0;0;0;0;0;0;0;0;0;1;0;0;0;0;0;0;0;1;0;0;0
32354;Sabazan;76;32;0;0;0;0;0;0;0;0;0;0;0;0;0;0;0;0;0;0;0;0;0;0;0;0;0;0;1;0;2;0;0;0;0;0;0;0;0
32355;Sadeillan;76;32;0;0;0;0;0;0;0;0;0;0;0;0;0;0;0;0;0;0;0;0;0;0;0;0;0;1;1;0;0;0;0;0;0;0;0;0;0
32356;Saint-André;76;32;0;0;0;0;0;0;0;0;0;0;0;0;0;0;0;0;0;0;0;0;1;0;0;0;1;1;0;2;0;0;0;0;0;0;0;0;0
32357;Sainte-Anne;76;32;0;0;0;0;0;0;0;0;0;0;0;0;0;0;0;0;0;0;0;0;0;0;0;0;0;0;0;0;0;0;0;0;0;0;0;0;1
32358;Saint-Antoine;76;32;0;0;0;0;0;0;0;0;0;0;0;0;0;0;0;0;0;0;1;0;0;0;0;0;0;0;0;0;0;0;0;0;0;1;0;0;1
32359;Saint-Antonin;76;32;0;0;0;0;0;0;0;0;0;0;0;0;0;0;0;0;0;0;0;0;0;0;0;0;1;0;0;0;0;0;0;0;0;0;0;0;0
32360;Saint-Arailles;76;32;0;0;0;0;0;0;0;0;0;0;0;0;0;0;0;0;0;0;0;0;1;0;0;0;0;0;0;0;2;0;1;0;0;0;0;0;0
32361;Saint-Arroman;76;32;0;0;0;0;0;0;0;0;0;0;0;0;0;0;0;0;0;0;0;0;0;0;0;0;1;0;0;0;0;0;0;0;0;0;0;0;0
32362;Saint-Aunix-Lengros;76;32;0;0;0;0;0;0;0;0;0;0;0;0;0;0;0;0;0;0;0;0;1;0;0;0;1;1;0;0;0;0;0;0;0;0;1;0;0
32363;Sainte-Aurence-Cazaux;76;32;0;0;0;0;0;0;0;0;0;0;0;0;0;0;0;0;0;0;0;0;0;0;0;0;0;1;1;0;0;0;0;0;0;0;0;0;0
32364;Saint-Avit-Frandat;76;32;0;0;0;0;0;0;0;0;0;0;0;0;0;0;0;0;0;0;0;0;0;0;0;0;1;0;0;0;1;0;0;0;0;0;0;0;0
32365;Saint-Blancard;76;32;0;0;0;0;0;0;0;0;0;0;0;0;1;0;0;0;0;0;0;1;0;0;0;0;1;0;1;1;0;0;1;0;0;0;0;1;1
32366;Saint-Brès;76;32;0;0;0;0;0;0;0;0;0;0;0;0;0;0;0;0;0;0;0;0;0;0;0;0;0;0;0;0;0;0;0;0;0;0;0;0;0
32367;Saint-Christaud;76;32;0;0;0;0;0;0;0;0;0;0;0;0;0;0;0;0;0;0;0;0;0;0;0;0;0;0;0;0;0;0;0;0;0;0;1;0;0
32368;Sainte-Christie;76;32;0;0;0;0;0;0;0;0;0;0;0;0;0;0;0;0;0;0;0;1;2;0;0;0;1;2;3;3;2;0;0;0;0;3;0;0;0
32369;Sainte-Christie-d'Armagnac;76;32;0;0;0;0;0;0;0;0;0;0;0;0;0;0;0;0;0;0;0;0;1;0;0;0;1;1;0;1;0;0;0;0;0;0;0;0;0
32370;Saint-Clar;76;32;0;1;0;0;0;0;0;0;0;0;1;0;0;0;0;1;0;1;0;0;3;0;0;1;3;3;7;1;1;0;2;0;0;4;1;0;0
32371;Saint-Créac;76;32;0;0;0;0;0;0;0;0;0;0;0;0;0;0;0;0;0;0;0;0;0;0;0;0;0;0;0;0;0;0;0;0;0;0;0;0;0
32372;Saint-Cricq;76;32;0;0;0;0;0;0;0;0;0;0;0;0;0;0;0;0;0;0;0;0;0;0;0;0;1;0;0;0;0;0;0;0;0;0;0;0;0
32373;Sainte-Dode;76;32;0;0;0;0;0;0;0;0;0;0;0;0;0;0;0;0;0;0;0;0;0;0;0;0;1;0;0;2;0;0;0;0;0;0;0;0;0
32374;Saint-Élix;76;32;0;0;0;0;0;0;0;0;0;0;0;0;0;0;0;0;0;0;0;0;1;0;0;0;1;0;0;0;0;0;1;0;0;1;0;0;0
32375;Saint-Élix-Theux;76;32;0;0;0;0;0;0;0;0;0;0;0;0;0;0;0;0;0;0;0;0;1;0;0;0;0;0;0;0;0;0;1;0;0;0;0;0;0
32376;Sainte-Gemme;76;32;0;0;0;0;0;0;0;0;0;0;0;0;0;0;0;0;0;0;0;0;0;0;0;0;0;1;2;0;0;0;1;0;0;0;0;0;0
32377;Saint-Georges;76;32;0;0;0;0;0;0;0;0;0;0;0;0;0;0;0;0;0;0;0;0;0;0;0;0;0;0;2;0;1;0;0;0;0;0;0;0;0
32378;Saint-Germé;76;32;0;0;0;0;0;0;0;0;0;0;0;0;0;0;0;0;0;0;0;1;2;0;0;0;2;2;0;0;1;0;1;0;0;0;0;0;0
32379;Saint-Germier;76;32;0;0;0;0;0;0;0;0;0;0;0;0;0;0;0;0;0;0;0;0;0;0;0;0;1;0;2;1;0;0;0;0;0;0;1;0;0
32380;Saint-Griède;76;32;0;0;0;0;0;0;0;0;0;0;0;0;0;0;0;0;0;0;0;0;0;0;0;0;1;0;3;0;0;0;0;0;0;0;0;0;0
32381;Saint-Jean-le-Comtal;76;32;0;0;0;0;0;0;0;0;0;0;0;0;0;0;0;0;0;0;0;0;2;0;0;0;1;0;0;1;1;0;1;0;0;1;0;0;0
32382;Saint-Jean-Poutge;76;32;0;0;0;0;0;0;0;0;0;0;0;0;0;0;0;0;0;0;0;1;1;0;0;0;0;2;1;0;1;0;0;0;0;0;0;0;0
32383;Saint-Justin;76;32;0;0;0;0;0;0;0;0;0;0;0;0;0;0;0;0;0;0;0;0;0;0;0;0;2;0;1;0;0;0;0;0;0;0;0;0;0
32384;Saint-Lary;76;32;0;0;0;0;0;0;0;0;0;0;0;0;0;0;0;0;0;0;0;0;0;0;0;0;1;1;0;0;0;0;0;0;0;2;0;0;0
32385;Saint-Léonard;76;32;0;0;0;0;0;0;0;0;0;0;0;0;0;0;0;0;0;0;0;0;0;0;0;0;0;1;1;0;0;0;0;0;0;0;0;0;0
32386;Saint-Lizier-du-Planté;76;32;0;0;0;0;0;0;0;0;0;0;0;0;0;0;0;0;0;0;0;0;0;0;0;0;0;2;0;0;0;0;1;0;0;0;0;0;0
32387;Saint-Loube;76;32;0;0;0;0;0;0;0;0;0;0;0;0;0;0;0;0;0;0;0;0;0;0;0;0;0;0;0;0;0;0;0;0;0;0;0;0;0
32388;Sainte-Marie;76;32;0;0;0;0;0;0;0;0;0;0;0;0;0;0;0;0;0;0;0;0;0;0;0;0;0;0;1;1;1;0;0;0;0;0;0;0;0
32389;Saint-Martin;76;32;0;0;0;0;0;0;0;0;0;0;0;0;0;0;0;0;0;0;0;0;1;0;0;0;1;1;0;2;2;0;0;0;0;4;0;0;1
32390;Saint-Martin-d'Armagnac;76;32;0;0;0;0;0;0;0;0;0;0;0;0;0;0;0;0;0;0;0;0;1;0;0;0;1;0;3;0;2;0;0;0;0;1;0;0;0
32391;Saint-Martin-de-Goyne;76;32;0;0;0;0;0;0;0;0;0;0;0;0;0;0;0;0;0;0;0;0;0;0;0;0;1;1;3;2;0;0;1;0;0;0;0;0;0
32392;Saint-Martin-Gimois;76;32;0;0;0;0;0;0;0;0;0;0;0;0;0;0;0;0;0;0;0;0;0;0;0;0;0;0;1;0;1;0;0;0;0;0;0;0;0
32393;Saint-Maur;76;32;0;0;0;0;0;0;0;0;0;0;0;0;0;0;0;0;0;0;0;0;0;0;0;0;1;2;1;0;0;0;0;0;0;0;1;0;0
32394;Saint-Médard;76;32;0;0;0;0;0;0;0;0;0;0;0;0;0;0;0;0;0;0;0;1;0;0;0;0;1;2;1;1;1;0;0;0;0;2;0;0;0
32395;Sainte-Mère;76;32;0;0;0;0;0;0;0;0;0;0;0;0;0;0;0;0;0;0;1;0;1;0;0;0;0;0;0;0;0;0;0;0;0;1;0;0;0
32396;Saint-Mézard;76;32;0;0;0;0;0;0;0;0;0;0;0;0;0;0;0;0;0;0;0;0;0;0;0;0;0;1;2;0;1;0;0;1;0;0;0;0;0
32397;Saint-Michel;76;32;0;0;0;0;0;0;0;0;0;0;0;0;0;0;0;0;0;0;0;1;0;0;0;0;1;0;1;0;0;0;1;0;0;0;0;0;0
32398;Saint-Mont;76;32;0;0;0;0;0;0;0;0;0;0;0;0;0;0;0;0;0;0;0;0;0;0;0;0;0;0;0;0;1;0;0;0;0;1;0;0;0
32399;Saint-Orens;76;32;0;0;0;0;0;0;0;0;0;0;0;0;0;0;0;0;0;0;0;0;0;0;0;0;2;0;0;0;1;0;0;0;0;0;0;0;0
32400;Saint-Orens-Pouy-Petit;76;32;0;0;0;0;0;0;0;0;0;0;0;0;0;0;0;0;0;0;0;0;0;0;0;0;0;1;0;1;0;0;0;0;0;0;0;0;0
32401;Saint-Ost;76;32;0;0;0;0;0;0;0;0;0;0;0;0;0;0;0;0;0;0;0;0;0;0;0;0;2;0;0;0;0;0;0;0;0;0;0;0;0
32402;Saint-Paul-de-Baïse;76;32;0;0;0;0;0;0;0;0;0;0;0;0;0;0;0;0;0;0;0;0;0;0;0;0;0;0;0;0;1;0;0;0;0;0;0;0;0
32403;Saint-Pierre-d'Aubézies;76;32;0;0;0;0;0;0;0;0;0;0;0;0;0;0;0;0;0;0;0;0;0;0;0;0;0;0;0;0;0;0;0;0;0;0;0;0;0
32404;Saint-Puy;76;32;0;0;0;0;0;0;0;0;0;0;0;0;0;0;0;0;0;0;1;0;1;0;1;0;1;1;2;0;1;0;0;0;0;2;2;0;0
32405;Sainte-Radegonde;76;32;0;0;0;0;0;0;0;0;0;0;0;0;0;0;0;0;0;0;0;0;0;0;0;0;0;0;1;0;0;0;0;0;0;0;0;0;1
32406;Saint-Sauvy;76;32;0;0;0;0;0;0;0;0;0;0;0;0;0;0;0;0;0;0;0;0;0;0;0;0;2;0;1;0;1;0;0;0;0;1;0;0;0
32407;Saint-Soulan;76;32;0;0;0;0;0;0;0;0;0;0;0;0;0;0;0;0;0;0;0;0;0;0;0;0;1;0;0;0;0;0;0;0;0;0;0;0;0
32408;Salles-d'Armagnac;76;32;0;0;0;0;0;0;0;0;0;0;0;0;0;0;0;0;0;0;0;0;0;0;0;0;0;0;0;0;0;0;0;0;0;0;0;0;0
32409;Samaran;76;32;0;0;0;0;0;0;0;0;0;0;0;0;0;0;0;0;0;0;0;0;0;0;0;0;0;1;0;0;0;0;0;0;0;0;1;0;0
32410;Samatan;76;32;0;1;0;0;0;0;0;0;0;0;0;0;0;0;0;3;2;1;0;0;5;1;0;1;8;8;4;8;5;0;8;3;0;9;5;1;3
32411;Sansan;76;32;0;0;0;0;0;0;0;0;0;0;0;0;0;0;0;0;1;0;0;0;0;0;0;0;0;0;1;0;0;0;0;0;0;0;0;0;0
32412;Saramon;76;32;0;1;0;0;0;0;0;0;0;0;0;0;0;0;0;1;1;1;0;0;1;1;0;0;6;1;3;2;0;0;2;2;0;4;0;0;1
32413;Sarcos;76;32;0;0;0;0;0;0;0;0;0;0;0;0;0;0;0;0;0;0;0;0;0;0;0;0;1;0;0;0;1;0;0;0;0;1;0;0;0
32414;Sarragachies;76;32;0;0;0;0;0;0;0;0;0;0;0;0;0;0;0;0;0;0;0;0;1;0;0;0;0;1;1;1;0;0;0;0;0;0;0;0;0
32415;Sarraguzan;76;32;0;0;0;0;0;0;0;0;0;0;0;0;0;0;0;0;0;0;0;0;0;0;0;0;0;0;0;0;0;0;0;0;0;0;0;0;0
32416;Sarrant;76;32;0;0;0;0;0;0;0;0;0;0;0;0;0;0;0;0;0;0;0;1;1;0;0;0;0;2;0;0;0;1;3;0;0;2;0;0;1
32417;La Sauvetat;76;32;0;0;0;0;0;0;0;0;0;0;0;0;0;0;0;0;0;0;1;0;0;0;0;0;1;0;3;1;1;0;1;0;0;1;0;0;0
32418;Sauveterre;76;32;0;0;0;0;0;0;0;0;0;0;0;0;0;0;0;0;0;0;0;0;0;0;0;0;0;1;0;0;0;0;0;0;0;0;0;0;0
32419;Sauviac;76;32;0;0;0;0;0;0;0;0;0;0;0;0;0;0;0;0;0;0;0;0;2;0;0;0;1;0;1;0;0;0;0;0;0;0;0;0;0
32420;Sauvimont;76;32;0;0;0;0;0;0;0;0;0;0;0;0;0;0;0;0;0;0;0;0;0;0;0;0;0;0;0;0;0;0;0;0;0;0;0;0;0
32421;Savignac-Mona;76;32;0;0;0;0;0;0;0;0;0;0;0;0;0;0;0;0;0;0;0;0;0;0;0;0;1;0;0;0;1;0;0;0;0;0;0;0;0
32422;Scieurac-et-Flourès;76;32;0;0;0;0;0;0;0;0;0;0;0;0;0;0;0;0;0;0;0;0;0;0;0;0;0;0;0;0;0;0;0;0;0;0;0;0;0
32423;Séailles;76;32;0;0;0;0;0;0;0;0;0;0;0;0;0;0;0;0;0;0;0;0;1;0;0;0;0;0;0;0;0;0;0;0;0;0;0;0;0
32424;Ségos;76;32;0;0;0;0;0;0;0;0;0;0;0;0;0;0;0;0;1;0;0;0;0;0;0;0;1;0;1;0;0;0;0;0;0;0;0;0;0
32425;Ségoufielle;76;32;0;0;0;0;0;0;0;0;0;0;0;0;0;0;0;0;0;0;0;0;5;0;0;0;4;3;2;4;3;0;1;0;0;3;4;0;1
32426;Seissan;76;32;0;0;0;0;0;0;0;0;0;0;0;0;0;0;0;1;1;1;0;0;4;0;0;1;2;0;3;2;0;0;4;1;0;3;1;0;1
32427;Sembouès;76;32;0;0;0;0;0;0;0;0;0;0;0;0;0;0;0;0;0;0;0;0;0;0;0;0;0;0;0;0;1;0;0;0;0;0;0;0;0
32428;Sémézies-Cachan;76;32;0;0;0;0;0;0;0;0;0;0;0;0;0;0;0;0;0;0;0;0;0;0;0;0;0;0;0;0;1;1;0;0;0;0;0;0;0
32429;Sempesserre;76;32;0;0;0;0;0;0;0;0;0;0;0;0;0;0;0;0;0;0;0;0;1;0;0;0;0;0;0;0;1;0;0;0;0;0;1;0;0
32430;Sère;76;32;0;0;0;0;0;0;0;0;0;0;0;0;0;0;0;0;0;0;0;0;0;0;0;0;1;0;0;0;0;0;0;0;0;0;0;0;0
32431;Sérempuy;76;32;0;0;0;0;0;0;0;0;0;0;0;0;0;0;0;0;0;0;0;0;0;0;0;0;0;0;0;0;0;0;0;0;0;0;0;0;0
32432;Seysses-Savès;76;32;0;0;0;0;0;0;0;0;0;0;0;0;0;0;0;0;0;0;0;0;0;0;0;0;0;1;0;1;0;0;0;0;0;0;0;0;0
32433;Simorre;76;32;0;0;0;0;0;0;0;0;0;0;0;0;0;0;0;0;0;1;0;0;1;0;0;0;2;1;1;1;0;4;2;0;0;1;1;0;0
32434;Sion;76;32;0;0;0;0;0;0;0;0;0;0;0;0;0;0;0;0;0;0;0;0;0;0;0;0;2;0;0;0;0;0;0;0;0;0;0;0;0
32435;Sirac;76;32;0;0;0;0;0;0;0;0;0;0;0;0;0;0;0;0;0;0;0;0;0;0;0;0;0;1;1;0;0;0;0;0;0;0;0;0;0
32436;Solomiac;76;32;0;0;0;0;0;0;0;0;0;0;0;0;0;0;0;0;0;0;0;1;1;0;0;0;1;2;3;0;0;0;1;0;0;5;1;0;0
32437;Sorbets;76;32;0;0;0;0;0;0;0;0;0;0;0;0;0;0;0;0;0;0;0;0;0;0;1;0;0;0;1;0;0;0;0;0;0;0;0;0;0
32438;Tachoires;76;32;0;0;0;0;0;0;0;0;0;0;0;0;0;0;0;0;0;0;0;0;1;0;0;0;0;0;0;0;1;0;0;0;0;0;0;0;0
32439;Tarsac;76;32;0;0;0;0;0;0;0;0;0;0;0;0;0;0;0;0;0;0;0;0;0;0;0;0;0;0;0;0;0;0;0;0;0;0;0;0;0
32440;Tasque;76;32;0;0;0;0;0;0;0;0;0;0;0;0;0;0;0;0;0;0;1;0;0;0;0;0;1;0;1;1;1;0;0;0;0;0;0;0;0
32441;Taybosc;76;32;0;0;0;0;0;0;0;0;0;0;0;0;0;0;0;0;0;0;0;0;0;0;0;0;0;0;0;0;0;0;0;0;0;0;0;0;0
32442;Terraube;76;32;0;0;0;0;0;0;0;0;0;0;0;0;0;0;0;0;0;0;0;1;1;0;0;0;4;0;1;1;1;0;1;0;0;1;0;0;0
32443;Termes-d'Armagnac;76;32;0;0;0;0;0;0;0;0;0;0;0;0;0;0;0;0;0;0;0;1;0;0;0;0;0;0;0;0;0;0;0;0;0;0;0;0;0
32444;Thoux;76;32;0;0;0;0;0;0;0;0;0;0;0;0;0;0;0;0;0;0;0;0;0;0;0;0;0;0;3;1;1;1;0;0;0;1;0;0;1
32445;Tieste-Uragnoux;76;32;0;0;0;0;0;0;0;0;0;0;0;0;0;0;0;0;0;0;0;0;1;0;0;0;0;0;1;0;2;0;0;0;0;0;0;0;0
32446;Tillac;76;32;0;0;0;0;0;0;0;0;0;0;0;0;0;0;0;0;0;0;1;0;0;0;0;0;0;0;0;0;1;0;0;0;0;3;0;0;0
32447;Tirent-Pontéjac;76;32;0;0;0;0;0;0;0;0;0;0;0;0;0;0;0;0;0;0;0;0;0;0;0;0;1;0;0;0;0;0;0;0;0;0;0;0;0
32448;Touget;76;32;0;0;0;0;0;0;0;0;0;0;0;0;0;0;0;0;0;1;0;0;1;0;0;0;1;0;2;1;0;0;0;0;0;0;0;0;0
32449;Toujouse;76;32;0;0;0;0;0;0;0;0;0;0;0;0;0;0;0;0;0;0;0;0;0;0;0;0;1;1;1;1;0;0;1;0;0;0;0;0;0
32450;Tourdun;76;32;0;0;0;0;0;0;0;0;0;0;0;0;0;0;0;0;0;0;0;0;1;0;0;0;1;0;1;1;1;0;0;0;0;0;0;0;0
32451;Tournan;76;32;0;0;0;0;0;0;0;0;0;0;0;0;0;0;0;0;0;0;0;0;1;0;0;0;0;0;1;0;1;0;0;0;0;0;2;0;0
32452;Tournecoupe;76;32;0;0;0;0;0;0;0;0;0;0;0;0;0;0;0;0;0;0;0;1;1;0;0;0;3;0;0;0;0;0;0;0;0;2;0;0;0
32453;Tourrenquets;76;32;0;0;0;0;0;0;0;0;0;0;0;0;0;0;0;0;0;0;0;0;0;0;0;0;1;0;0;0;0;0;0;0;0;0;0;0;0
32454;Traversères;76;32;0;0;0;0;0;0;0;0;0;0;0;0;0;0;0;0;0;0;0;0;0;0;0;0;0;0;0;0;0;0;0;0;0;0;0;0;0
32455;Troncens;76;32;0;0;0;0;0;0;0;0;0;0;0;0;0;0;0;0;0;0;0;1;0;0;0;0;0;0;2;0;0;0;0;0;0;1;0;0;2
32456;Tudelle;76;32;0;0;0;0;0;0;0;0;0;0;0;0;0;0;0;0;0;0;0;0;1;0;0;0;1;0;0;0;0;0;0;0;0;0;0;0;0
32457;Urdens;76;32;0;0;0;0;0;0;0;0;0;0;0;0;0;0;0;0;0;0;0;0;0;0;0;0;3;0;0;3;1;0;0;0;0;1;0;0;0
32458;Urgosse;76;32;0;0;0;0;0;0;0;0;0;0;0;0;0;0;0;0;0;0;0;0;2;0;0;0;1;1;2;0;0;0;0;0;0;0;0;0;0
32459;Valence-sur-Baïse;76;32;0;1;0;0;0;0;0;0;0;0;1;0;0;0;0;1;0;0;0;1;3;0;0;0;6;3;3;2;5;0;2;0;0;6;0;0;2
32460;Vergoignan;76;32;0;0;0;0;0;0;0;0;0;0;0;0;0;0;0;0;0;0;0;0;0;0;0;0;1;1;0;0;2;0;0;0;0;0;0;0;0
32461;Verlus;76;32;0;0;0;0;0;0;0;0;0;0;0;0;0;0;0;0;0;0;0;0;0;0;0;0;0;0;0;0;0;0;0;0;0;0;0;0;0
32462;Vic-Fezensac;76;32;0;1;0;0;0;0;0;0;0;0;1;0;1;0;0;4;2;1;0;0;15;2;0;2;10;6;12;5;1;2;9;2;0;15;5;1;3
32463;Viella;76;32;0;0;0;0;0;0;0;0;0;0;0;0;0;0;0;0;0;0;1;0;0;0;0;0;1;0;4;1;0;0;2;0;0;0;1;0;1
32464;Villecomtal-sur-Arros;76;32;0;0;0;0;0;0;0;0;0;0;0;0;1;0;0;0;0;1;0;0;3;0;0;1;2;3;2;0;1;0;2;0;0;3;2;0;0
32465;Villefranche;76;32;0;0;0;0;0;0;0;0;0;0;0;0;0;0;0;0;0;0;0;0;0;0;0;0;1;0;0;0;0;0;0;0;0;0;0;0;0
32466;Viozan;76;32;0;0;0;0;0;0;0;0;0;0;0;0;0;0;0;0;0;0;0;0;0;0;0;0;1;0;0;0;0;0;0;0;0;0;0;0;0
32467;Saint-Caprais;76;32;0;0;0;0;0;0;0;0;0;0;0;0;0;0;0;0;0;0;0;0;0;0;0;0;0;0;0;0;0;0;0;0;0;0;0;0;0
32468;Aussos;76;32;0;0;0;0;0;0;0;0;0;0;0;0;0;0;0;0;0;0;0;0;0;0;0;0;1;0;0;0;0;0;0;0;0;0;0;0;0
33001;Abzac;75;33;0;0;0;0;0;0;0;0;0;0;0;0;0;0;0;0;0;0;0;1;2;0;0;0;3;2;2;5;2;1;3;0;0;2;2;0;1
33002;Aillas;75;33;0;0;0;0;0;0;0;0;0;0;0;0;0;0;0;0;0;0;0;1;4;0;0;0;0;0;3;1;1;0;1;0;0;1;3;0;0
33003;Ambarès-et-Lagrave;75;33;0;1;0;0;0;0;0;0;0;0;0;0;0;0;0;7;1;1;0;0;25;2;0;4;41;46;31;28;28;5;24;4;3;26;9;2;17
33004;Ambès;75;33;0;0;0;0;0;0;0;0;0;0;0;0;0;0;0;0;0;1;0;0;5;0;0;0;9;11;6;5;3;1;5;0;0;5;0;0;5
33005;Andernos-les-Bains;75;33;0;1;0;0;0;0;0;0;0;0;0;1;0;0;0;12;1;1;0;1;22;2;1;2;19;36;32;29;23;9;24;4;0;75;37;2;18
33006;Anglade;75;33;0;0;0;0;0;0;0;0;0;0;0;0;0;0;0;0;0;0;0;1;1;0;0;0;2;4;1;0;2;0;1;0;0;3;0;0;0
33007;Arbanats;75;33;0;0;0;0;0;0;0;0;0;0;0;0;0;0;0;0;0;0;0;1;0;1;0;0;4;5;9;5;3;3;2;0;0;2;0;0;2
33008;Arbis;75;33;0;0;0;0;0;0;0;0;0;0;0;0;0;0;0;0;0;0;0;0;2;0;0;0;1;1;1;0;0;1;0;0;0;0;0;1;0
33009;Arcachon;75;33;1;0;0;0;1;0;0;0;0;3;0;0;0;0;0;11;4;2;0;4;8;1;9;9;10;26;15;14;9;5;36;3;1;139;65;8;16
33010;Arcins;75;33;0;0;0;0;0;0;0;0;0;0;0;0;0;0;0;0;0;0;0;0;2;0;0;0;2;0;2;0;1;1;0;0;0;2;0;0;0
33011;Arès;75;33;0;1;0;0;0;0;0;0;0;0;0;0;0;0;0;5;0;1;0;0;10;3;0;3;8;15;12;8;7;2;17;1;0;37;21;1;14
33012;Arsac;75;33;0;0;0;0;0;0;0;0;0;0;0;0;0;0;0;0;0;1;0;0;3;0;0;1;5;9;10;5;4;4;4;1;0;3;3;1;2
33013;Artigues-près-Bordeaux;75;33;0;0;0;0;0;0;0;0;0;0;0;0;0;0;0;2;0;1;0;0;13;0;1;4;13;21;12;14;18;13;11;3;2;17;6;2;11
33014;Les Artigues-de-Lussac;75;33;0;0;0;0;0;0;0;0;0;0;0;0;0;0;0;0;0;0;1;0;3;0;0;1;4;1;3;1;2;0;2;0;0;1;1;0;1
33015;Arveyres;75;33;0;0;0;0;0;0;0;0;0;0;0;0;0;0;0;0;0;0;0;1;7;2;1;1;2;2;5;4;3;1;3;0;0;3;5;0;0
33016;Asques;75;33;0;0;0;0;0;0;0;0;0;0;0;0;0;0;0;0;0;0;0;1;0;0;0;0;3;0;1;1;1;0;0;0;0;0;0;0;0
33017;Aubiac;75;33;0;0;0;0;0;0;0;0;0;0;0;0;0;0;0;0;0;0;0;0;2;0;0;0;1;1;1;1;0;0;0;1;0;1;2;0;0
33018;Val de Virvée;75;33;0;0;0;0;0;0;0;0;0;0;0;0;0;0;0;0;0;0;1;2;8;0;0;0;7;10;4;12;7;0;3;0;0;5;1;0;1
33019;Audenge;75;33;0;0;0;0;0;0;0;0;0;1;0;0;0;0;0;4;1;1;0;0;11;1;0;2;16;17;18;12;11;4;11;1;0;16;7;1;14
33020;Auriolles;75;33;0;0;0;0;0;0;0;0;0;0;0;0;0;0;0;0;0;0;0;0;0;0;0;0;0;0;0;0;0;1;0;0;0;0;0;0;0
33021;Auros;75;33;0;1;0;0;0;0;0;0;0;0;0;0;0;0;0;0;0;1;0;0;2;0;1;1;2;1;5;2;0;1;2;0;0;2;2;0;1
33022;Avensan;75;33;0;0;0;0;0;0;0;0;0;0;0;0;0;0;0;0;0;0;1;0;7;0;0;1;8;12;11;10;1;1;2;0;0;5;1;0;2
33023;Ayguemorte-les-Graves;75;33;0;0;0;0;0;0;0;0;0;0;0;0;0;0;0;0;1;0;0;0;2;0;0;0;2;3;1;1;1;2;1;0;0;0;2;0;2
33024;Bagas;75;33;0;0;0;0;0;0;0;0;0;0;0;0;0;0;0;0;0;0;0;0;1;0;0;0;1;3;2;1;1;0;0;0;0;0;1;0;0
33025;Baigneaux;75;33;0;0;0;0;0;0;0;0;0;0;0;0;0;0;0;0;0;0;0;0;0;0;0;0;0;0;1;1;1;1;0;0;0;1;0;1;1
33026;Balizac;75;33;0;0;0;0;0;0;0;0;0;0;0;0;0;0;0;0;0;0;0;0;1;0;0;0;1;3;0;0;0;0;0;0;0;2;0;0;1
33027;Barie;75;33;0;0;0;0;0;0;0;0;0;0;0;0;0;0;0;0;0;0;0;1;0;0;0;0;2;1;0;0;2;0;0;0;0;0;0;0;1
33028;Baron;75;33;0;0;0;0;0;0;0;0;0;0;0;0;0;0;0;0;0;0;0;0;2;0;0;0;2;1;3;1;4;2;1;0;0;2;2;0;1
33029;Le Barp;75;33;0;0;0;0;0;0;0;0;0;0;0;0;1;0;0;1;0;1;0;0;8;1;0;1;13;16;12;12;11;1;8;2;0;7;7;0;9
33030;Barsac;75;33;0;0;0;0;0;0;0;0;0;0;0;0;0;0;0;0;0;1;0;0;4;0;0;0;4;3;8;5;5;1;3;0;0;3;1;0;0
33031;Bassanne;75;33;0;0;0;0;0;0;0;0;0;0;0;0;0;0;0;0;0;0;0;0;0;0;0;0;0;1;1;0;0;1;0;0;0;1;0;0;0
33032;Bassens;75;33;0;0;0;0;0;0;0;0;0;0;0;0;0;0;0;2;2;1;0;0;11;3;1;0;15;19;11;14;6;6;11;0;0;6;2;0;4
33033;Baurech;75;33;0;0;0;0;0;0;0;0;0;0;0;0;0;0;0;0;0;0;1;0;3;0;0;0;1;3;4;1;1;0;0;0;0;2;1;0;1
33034;Bayas;75;33;0;0;0;0;0;0;0;0;0;0;0;0;0;0;0;0;0;0;0;0;1;0;0;0;0;3;1;0;0;0;0;0;0;1;2;0;1
33035;Bayon-sur-Gironde;75;33;0;0;0;0;0;0;0;0;0;0;0;0;0;0;0;0;0;0;0;0;1;0;0;0;1;1;0;0;0;0;0;0;0;1;0;0;0
33036;Bazas;75;33;0;1;0;0;0;0;0;0;0;1;0;0;0;0;0;5;2;1;0;0;13;2;0;6;9;7;10;3;5;0;10;5;2;21;6;4;8
33037;Beautiran;75;33;0;0;0;0;0;0;0;0;0;0;0;0;0;0;0;1;0;1;0;0;2;0;0;1;6;6;9;3;4;1;4;1;0;3;4;1;2
33038;Bégadan;75;33;0;0;0;0;0;0;0;0;0;0;0;0;0;0;0;0;0;0;0;1;3;0;0;0;4;3;0;5;1;0;1;2;0;2;1;0;1
33039;Bègles;75;33;1;0;0;0;0;0;0;0;0;0;0;1;0;0;0;13;8;2;0;0;38;3;2;6;58;76;46;50;29;18;42;6;2;90;19;5;23
33040;Béguey;75;33;0;0;0;0;0;0;0;0;0;0;0;0;0;0;0;0;1;0;0;0;6;1;0;1;1;3;1;1;1;1;2;1;0;1;0;1;1
33042;Belin-Béliet;75;33;0;1;0;0;0;0;0;0;0;1;0;0;0;0;0;1;0;1;1;0;8;0;0;1;12;17;10;9;7;5;5;2;0;12;5;0;4
33043;Bellebat;75;33;0;0;0;0;0;0;0;0;0;0;0;0;0;0;0;0;0;0;0;0;1;0;0;0;2;0;0;0;0;0;0;0;0;1;0;0;1
33044;Bellefond;75;33;0;0;0;0;0;0;0;0;0;0;0;0;0;0;0;0;0;0;0;0;0;0;0;0;3;0;0;0;1;0;1;0;0;0;0;0;0
33045;Belvès-de-Castillon;75;33;0;0;0;0;0;0;0;0;0;0;0;0;0;0;0;0;0;0;0;0;0;0;0;0;0;0;0;0;0;0;1;0;0;0;0;0;0
33046;Bernos-Beaulac;75;33;0;0;0;0;0;0;0;0;0;0;0;0;0;0;0;0;0;0;0;1;3;0;0;0;0;1;6;2;3;1;3;0;0;3;0;0;0
33047;Berson;75;33;0;0;0;0;0;0;0;0;0;0;0;0;0;0;0;0;0;0;0;1;2;0;0;0;8;3;2;6;0;1;2;0;0;1;0;0;2
33048;Berthez;75;33;0;0;0;0;0;0;0;0;0;0;0;0;0;0;0;0;0;0;0;0;0;0;0;0;1;0;1;0;0;0;0;0;0;0;0;0;1
33049;Beychac-et-Caillau;75;33;0;0;0;0;0;0;0;0;0;0;0;0;0;0;0;0;0;0;0;0;8;1;1;2;8;7;7;4;3;4;2;0;0;1;2;0;6
33050;Bieujac;75;33;0;0;0;0;0;0;0;0;0;0;0;0;0;0;0;0;0;0;0;0;0;0;0;0;0;2;0;1;0;0;1;0;0;3;1;0;1
33051;Biganos;75;33;0;1;0;0;0;0;0;0;0;0;0;0;1;0;0;8;1;1;0;0;29;2;5;3;25;34;31;23;17;5;25;2;0;30;13;2;17
33052;Les Billaux;75;33;0;0;0;0;0;0;0;0;0;0;0;0;0;0;0;0;0;0;0;0;3;0;0;0;1;2;1;1;4;0;0;0;0;1;0;0;1
33053;Birac;75;33;0;0;0;0;0;0;0;0;0;0;0;0;0;0;0;0;0;0;0;0;2;0;0;0;1;0;1;0;0;0;0;0;0;0;0;0;0
33054;Blaignac;75;33;0;0;0;0;0;0;0;0;0;0;0;0;0;0;0;0;0;0;0;0;0;0;0;0;0;0;1;1;0;0;0;0;0;0;0;0;0
33055;Blaignan;75;33;0;0;0;0;0;0;0;0;0;0;0;0;0;0;0;0;0;0;0;0;0;0;0;0;1;0;0;0;0;0;0;0;0;0;0;0;0
33056;Blanquefort;75;33;0;1;0;0;0;0;0;0;0;1;0;1;0;0;0;9;3;1;0;1;17;1;1;3;17;30;30;28;23;10;23;1;1;25;18;2;14
33057;Blasimon;75;33;0;0;0;0;0;0;0;0;0;0;0;0;0;0;0;0;0;0;0;1;1;0;0;0;3;0;2;3;4;0;2;0;0;3;0;0;1
33058;Blaye;75;33;0;1;0;0;0;0;0;0;0;2;0;1;0;0;0;10;1;1;0;0;6;1;0;4;6;9;4;7;4;4;14;3;0;24;10;3;5
33059;Blésignac;75;33;0;0;0;0;0;0;0;0;0;0;0;0;0;0;0;0;0;0;0;0;0;0;0;0;2;0;0;0;1;0;0;0;0;0;0;0;0
33060;Bommes;75;33;0;0;0;0;0;0;0;0;0;0;0;0;0;0;0;0;0;0;0;0;0;0;0;1;1;0;2;0;2;0;1;0;0;2;0;0;0
33061;Bonnetan;75;33;0;0;0;0;0;0;0;0;0;0;0;0;0;0;0;0;0;0;0;0;1;0;0;0;0;3;3;4;2;0;0;0;0;0;0;0;1
33062;Bonzac;75;33;0;0;0;0;0;0;0;0;0;0;0;0;0;0;0;0;0;0;0;0;1;0;0;0;1;1;1;7;1;0;0;0;0;0;0;0;0
33063;Bordeaux;75;33;9;1;1;1;1;1;1;1;2;38;0;4;0;1;0;210;21;25;5;0;174;10;42;74;411;596;244;242;185;118;420;31;115;1669;751;81;268
33064;Bossugan;75;33;0;0;0;0;0;0;0;0;0;0;0;0;0;0;0;0;0;0;0;0;0;0;0;0;0;0;0;0;0;0;0;0;0;0;0;0;0
33065;Bouliac;75;33;0;0;0;0;0;0;0;0;0;0;0;0;0;0;0;0;0;1;0;0;0;0;0;0;10;5;3;4;8;2;4;0;0;10;8;2;3
33066;Bourdelles;75;33;0;0;0;0;0;0;0;0;0;0;0;0;0;0;0;0;0;0;0;0;0;0;0;0;2;0;0;1;0;2;0;0;0;0;0;0;0
33067;Bourg;75;33;0;1;0;0;0;0;0;0;0;0;0;0;0;0;0;2;0;1;0;0;7;0;0;3;4;5;4;1;1;2;4;0;0;6;4;0;3
33068;Bourideys;75;33;0;0;0;0;0;0;0;0;0;0;0;0;0;0;0;0;0;0;0;0;0;0;0;0;0;0;0;0;0;0;0;0;0;1;0;0;0
33069;Le Bouscat;75;33;1;0;0;0;0;0;0;0;0;0;0;1;0;0;0;17;2;1;0;1;25;4;1;9;19;48;20;36;23;13;45;2;1;67;64;6;28
33070;Brach;75;33;0;0;0;0;0;0;0;0;0;0;0;0;0;0;0;0;0;0;0;0;2;0;0;0;4;1;0;0;2;0;1;0;0;1;1;0;0
33071;Branne;75;33;0;1;0;0;0;0;0;0;0;0;0;0;0;0;0;2;2;1;0;0;3;0;0;1;3;4;4;2;1;1;4;0;0;7;5;0;2
33072;Brannens;75;33;0;0;0;0;0;0;0;0;0;0;0;0;0;0;0;0;0;0;0;0;0;0;0;0;0;0;0;0;0;0;1;0;0;0;0;0;0
33073;Braud-et-Saint-Louis;75;33;0;0;0;0;0;0;0;0;0;0;0;0;0;0;0;0;0;1;0;0;3;0;0;0;5;2;2;1;3;1;3;0;3;4;2;0;2
33074;Brouqueyran;75;33;0;0;0;0;0;0;0;0;0;0;0;0;0;0;0;0;0;0;0;0;0;0;0;0;1;2;0;0;0;0;0;0;0;0;0;0;0
33075;Bruges;75;33;0;0;0;0;0;0;0;0;0;0;0;0;0;0;0;8;3;1;0;0;21;2;3;2;27;30;26;31;19;8;18;2;3;28;35;2;18
33076;Budos;75;33;0;0;0;0;0;0;0;0;0;0;0;0;0;0;0;0;0;0;0;0;1;0;0;0;1;1;5;1;0;0;1;0;0;1;0;0;1
33077;Cabanac-et-Villagrains;75;33;0;0;0;0;0;0;0;0;0;0;0;0;0;0;0;0;0;1;1;0;2;0;0;0;6;5;9;7;7;1;3;1;0;4;1;0;2
33078;Cabara;75;33;0;0;0;0;0;0;0;0;0;0;0;0;0;0;0;0;0;0;0;0;0;0;0;0;0;2;2;1;0;0;0;0;0;2;0;0;1
33079;Cadarsac;75;33;0;0;0;0;0;0;0;0;0;0;0;0;0;0;0;0;0;0;0;0;1;0;0;0;1;0;1;1;2;0;0;0;0;0;0;0;0
33080;Cadaujac;75;33;0;0;0;0;0;0;0;0;0;0;0;0;0;0;0;0;2;1;0;0;20;1;0;1;10;23;17;20;17;2;6;0;0;6;5;0;5
33081;Cadillac;75;33;0;1;0;0;0;0;0;0;0;1;0;0;0;0;0;6;0;1;0;0;6;0;0;2;1;11;8;4;2;3;7;0;0;10;5;1;3
33082;Cadillac-en-Fronsadais;75;33;0;0;0;0;0;0;0;0;0;0;0;0;0;0;0;0;0;1;0;0;1;0;0;0;1;2;3;4;0;0;3;0;0;3;1;0;1
33083;Camarsac;75;33;0;0;0;0;0;0;0;0;0;0;0;0;0;0;0;0;0;0;0;1;2;0;0;0;3;0;4;1;2;0;1;0;0;0;0;0;0
33084;Cambes;75;33;0;0;0;0;0;0;0;0;0;1;0;0;0;0;0;0;1;1;0;0;1;0;0;0;2;3;3;2;1;1;1;0;0;1;3;0;1
33085;Camblanes-et-Meynac;75;33;0;0;0;0;0;0;0;0;0;0;0;0;0;0;0;1;0;1;0;0;3;1;0;1;8;7;10;6;7;2;7;1;0;7;4;1;2
33086;Camiac-et-Saint-Denis;75;33;0;0;0;0;0;0;0;0;0;0;0;0;0;0;0;0;0;0;0;0;0;0;0;0;0;1;1;1;0;1;0;0;0;0;0;0;1
33087;Camiran;75;33;0;0;0;0;0;0;0;0;0;0;0;0;0;0;0;0;0;0;0;1;1;0;0;0;0;3;1;1;1;0;0;0;0;0;0;0;0
33088;Camps-sur-l'Isle;75;33;0;0;0;0;0;0;0;0;0;0;0;0;0;0;0;0;0;0;0;0;3;0;0;1;4;0;2;1;1;2;1;0;0;2;0;0;0
33089;Campugnan;75;33;0;0;0;0;0;0;0;0;0;0;0;0;0;0;0;0;0;0;0;0;0;0;0;0;1;1;1;0;1;0;1;1;0;0;0;0;0
33090;Canéjan;75;33;0;0;0;0;0;0;0;0;0;0;0;0;0;0;0;0;0;1;0;0;5;0;0;1;3;13;12;6;15;4;4;1;0;12;5;0;2
33091;Cantenac;75;33;0;0;0;0;0;0;0;0;0;0;0;0;0;0;0;0;0;0;0;0;3;0;0;0;3;5;3;6;3;0;0;0;0;1;0;0;2
33092;Cantois;75;33;0;0;0;0;0;0;0;0;0;0;0;0;0;0;0;0;0;0;0;0;1;0;0;0;0;2;2;0;1;0;1;0;0;1;0;0;0
33093;Capian;75;33;0;0;0;0;0;0;0;0;0;0;0;0;0;0;0;0;0;0;0;0;1;0;0;0;1;4;0;2;3;0;3;0;0;1;0;0;0
33094;Caplong;75;33;0;0;0;0;0;0;0;0;0;0;0;0;0;0;0;0;0;0;0;0;1;0;0;0;2;1;2;2;0;0;0;0;0;0;0;0;0
33095;Captieux;75;33;0;1;0;0;0;0;0;0;0;0;0;0;0;0;0;2;0;1;0;0;1;0;0;0;2;2;4;3;2;0;2;0;0;6;0;0;0
33096;Carbon-Blanc;75;33;0;1;0;0;0;0;0;1;0;0;0;0;0;0;0;5;0;1;0;0;13;0;0;2;14;18;11;10;17;5;7;1;0;12;9;1;6
33097;Carcans;75;33;0;1;0;0;0;0;0;0;0;0;0;0;0;0;0;2;1;1;1;1;7;0;0;3;5;3;3;5;2;3;5;0;0;48;4;0;1
33098;Cardan;75;33;0;0;0;0;0;0;0;0;0;0;0;0;0;0;0;0;0;0;0;0;1;0;0;0;0;1;1;1;0;0;3;0;0;1;0;0;0
33099;Carignan-de-Bordeaux;75;33;0;0;0;0;0;0;0;0;0;0;0;0;0;0;0;0;0;0;1;1;3;0;0;0;2;4;2;5;6;2;5;0;0;2;5;0;4
33100;Cars;75;33;0;0;0;0;0;0;0;0;0;0;0;0;0;0;0;0;0;0;0;1;4;0;1;0;1;5;2;0;1;0;3;0;0;2;3;0;1
33101;Cartelègue;75;33;0;0;0;0;0;0;0;0;0;0;0;0;0;0;0;0;0;0;1;0;0;0;0;0;1;4;1;3;2;0;3;0;0;0;2;0;0
33102;Casseuil;75;33;0;0;0;0;0;0;0;0;0;0;0;0;0;0;0;0;0;0;0;0;0;0;0;0;1;4;1;0;0;0;1;0;0;0;1;0;0
33103;Castelmoron-d'Albret;75;33;0;0;0;0;0;0;0;0;0;0;0;0;0;0;0;0;0;0;0;0;2;0;0;0;0;0;0;0;0;0;0;0;0;3;0;0;0
33104;Castelnau-de-Médoc;75;33;0;1;0;0;0;0;0;0;0;1;0;0;0;0;0;6;1;1;0;0;10;1;0;0;9;4;9;3;9;0;8;2;0;20;6;0;6
33105;Castelviel;75;33;0;0;0;0;0;0;0;0;0;0;0;0;0;0;0;0;0;0;0;0;0;0;0;0;1;0;0;0;1;0;0;0;0;0;0;0;0
33106;Castets-en-Dorthe;75;33;0;0;0;0;0;0;0;0;0;0;0;0;0;0;0;0;0;1;0;0;2;0;0;0;3;4;1;3;2;1;3;0;0;3;0;0;1
33107;Castillon-de-Castets;75;33;0;0;0;0;0;0;0;0;0;0;0;0;0;0;0;0;0;0;0;0;1;0;0;0;1;0;1;1;2;0;0;0;0;0;1;0;0
33108;Castillon-la-Bataille;75;33;0;1;0;0;0;0;0;0;0;1;0;0;0;0;0;7;2;1;0;0;5;1;0;3;4;7;5;3;4;2;8;2;8;17;9;4;2
33109;Castres-Gironde;75;33;0;1;0;0;0;0;0;0;0;1;0;0;0;0;0;0;0;1;0;0;2;0;0;1;1;4;5;2;4;1;3;1;0;4;2;0;2
33111;Caudrot;75;33;0;0;0;0;0;0;0;0;0;0;0;0;0;0;0;0;0;1;0;0;6;0;0;0;2;1;4;4;5;0;1;0;0;6;0;0;0
33112;Caumont;75;33;0;0;0;0;0;0;0;0;0;0;0;0;0;0;0;0;0;0;1;0;0;0;0;0;0;0;0;0;0;0;0;0;0;0;0;0;0
33113;Cauvignac;75;33;0;0;0;0;0;0;0;0;0;0;0;0;0;0;0;0;0;0;0;0;0;0;0;0;0;1;2;0;0;0;0;0;0;0;0;0;0
33114;Cavignac;75;33;0;1;0;0;0;0;0;0;0;0;0;0;0;0;0;3;2;1;0;0;9;1;0;1;3;5;3;3;3;0;5;5;0;10;3;2;2
33115;Cazalis;75;33;0;0;0;0;0;0;0;0;0;0;0;0;0;0;0;0;0;0;0;0;0;0;0;0;1;1;0;0;0;0;0;0;0;2;0;0;1
33116;Cazats;75;33;0;0;0;0;0;0;0;0;0;0;0;0;0;0;0;0;0;0;0;0;0;0;0;0;0;1;3;2;0;0;0;0;0;0;0;0;1
33117;Cazaugitat;75;33;0;0;0;0;0;0;0;0;0;0;0;0;0;0;0;0;0;0;0;1;0;0;0;0;0;0;0;0;1;0;0;0;0;0;0;0;0
33118;Cénac;75;33;0;0;0;0;0;0;0;0;0;0;0;0;0;0;0;0;0;0;1;0;6;0;0;0;7;1;5;2;7;1;1;0;0;1;2;1;1
33119;Cenon;75;33;1;0;0;0;0;0;0;0;0;7;0;1;0;0;0;11;2;2;0;0;24;3;0;4;131;101;32;45;43;26;22;1;10;57;25;2;16
33120;Cérons;75;33;0;0;0;0;0;0;0;0;0;0;0;0;0;0;0;0;0;1;1;0;1;0;0;0;4;5;3;7;2;0;3;0;0;1;0;0;2
33121;Cessac;75;33;0;0;0;0;0;0;0;0;0;0;0;0;0;0;0;0;0;0;0;0;0;0;0;0;1;0;1;0;0;0;1;0;0;0;0;0;0
33122;Cestas;75;33;0;1;0;0;0;0;0;0;0;0;0;0;0;0;0;9;1;2;0;1;30;2;1;3;14;26;34;29;28;5;25;3;2;31;20;3;16
33123;Cézac;75;33;0;0;0;0;0;0;0;0;0;0;0;0;0;0;0;0;1;0;0;1;4;0;0;0;4;6;7;3;4;1;4;0;0;1;0;0;7
33124;Chamadelle;75;33;0;0;0;0;0;0;0;0;0;0;0;0;0;0;0;0;0;0;0;0;0;0;0;0;0;3;1;2;1;2;0;0;0;1;0;0;0
33125;Cissac-Médoc;75;33;0;0;0;0;0;0;0;0;0;0;0;0;0;0;0;0;0;0;0;1;6;0;0;0;5;6;4;2;2;1;4;0;3;2;0;0;4
33126;Civrac-de-Blaye;75;33;0;0;0;0;0;0;0;0;0;0;0;0;0;0;0;0;0;0;0;0;0;0;0;0;3;4;0;1;1;0;0;0;0;2;0;0;1
33127;Civrac-sur-Dordogne;75;33;0;0;0;0;0;0;0;0;0;0;0;0;0;0;0;0;0;0;0;0;1;0;0;0;0;1;1;1;0;0;1;0;0;0;0;0;0
33128;Civrac-en-Médoc;75;33;0;0;0;0;0;0;0;0;0;0;0;0;0;0;0;0;0;0;0;1;1;0;0;0;0;2;2;3;1;1;0;0;0;1;0;0;2
33129;Cleyrac;75;33;0;0;0;0;0;0;0;0;0;0;0;0;0;0;0;0;0;0;0;0;1;0;0;0;0;1;0;0;1;0;1;0;0;0;1;0;0
33130;Coimères;75;33;0;0;0;0;0;0;0;0;0;0;0;0;0;0;0;0;0;0;0;0;0;0;0;0;2;0;2;0;1;0;1;0;0;3;3;0;0
33131;Coirac;75;33;0;0;0;0;0;0;0;0;0;0;0;0;0;0;0;0;0;0;0;1;0;0;0;0;0;0;0;0;0;1;0;0;0;1;0;0;0
33132;Comps;75;33;0;0;0;0;0;0;0;0;0;0;0;0;0;0;0;0;0;0;0;0;0;0;0;0;0;0;0;0;1;0;0;0;0;0;0;0;0
33133;Coubeyrac;75;33;0;0;0;0;0;0;0;0;0;0;0;0;0;0;0;0;0;0;0;0;0;0;0;0;0;0;0;0;0;0;0;0;0;0;0;0;0
33134;Couquèques;75;33;0;0;0;0;0;0;0;0;0;0;0;0;0;0;0;0;0;0;0;0;0;0;0;0;0;0;1;0;1;0;0;0;0;1;0;0;1
33135;Courpiac;75;33;0;0;0;0;0;0;0;0;0;0;0;0;0;0;0;0;0;0;0;0;0;0;0;0;0;1;0;0;0;0;0;0;0;0;0;0;0
33136;Cours-de-Monségur;75;33;0;0;0;0;0;0;0;0;0;0;0;0;0;0;0;0;0;0;0;0;0;0;0;0;2;1;0;0;1;0;0;0;0;0;0;0;0
33137;Cours-les-Bains;75;33;0;0;0;0;0;0;0;0;0;0;0;0;0;0;0;0;0;0;0;0;0;0;0;0;3;2;0;1;0;0;1;0;0;1;0;0;0
33138;Coutras;75;33;0;1;0;0;0;0;0;0;0;1;0;1;0;0;0;7;2;1;0;0;13;2;0;2;19;17;7;16;14;7;19;5;2;25;16;2;11
33139;Coutures;75;33;0;0;0;0;0;0;0;0;0;0;0;0;0;0;0;0;0;0;0;0;0;0;0;0;0;0;1;0;0;0;0;0;0;1;0;0;0
33140;Créon;75;33;0;1;0;0;0;0;0;0;0;1;0;0;0;0;0;7;3;1;0;0;6;1;0;4;4;8;7;7;7;3;15;0;0;25;10;3;4
33141;Croignon;75;33;0;0;0;0;0;0;0;0;0;0;0;0;0;0;0;0;0;0;0;0;0;0;0;0;2;0;2;2;1;0;0;0;0;1;0;0;0
33142;Cubnezais;75;33;0;0;0;0;0;0;0;0;0;0;0;0;0;0;0;0;0;0;0;0;0;0;0;0;3;4;3;2;5;1;3;0;0;2;2;0;0
33143;Cubzac-les-Ponts;75;33;0;0;0;0;0;0;0;0;0;0;0;0;0;0;0;0;0;0;0;1;10;0;1;1;5;5;10;5;5;4;3;0;0;1;1;0;0
33144;Cudos;75;33;0;0;0;0;0;0;0;0;0;0;0;0;0;0;0;0;0;0;0;1;2;0;0;0;0;0;1;1;0;0;1;0;0;0;1;0;0
33145;Cursan;75;33;0;0;0;0;0;0;0;0;0;0;0;0;0;0;0;0;0;0;0;0;1;0;0;0;1;1;0;3;1;0;0;0;0;0;3;0;0
33146;Cussac-Fort-Médoc;75;33;0;0;0;0;0;0;0;0;0;0;0;0;0;0;0;0;0;0;0;1;3;0;0;0;4;6;3;8;7;0;3;0;0;4;0;0;1
33147;Daignac;75;33;0;0;0;0;0;0;0;0;0;0;0;0;0;0;0;0;0;0;0;0;1;0;0;0;2;0;1;0;1;1;1;0;0;1;0;0;0
33148;Dardenac;75;33;0;0;0;0;0;0;0;0;0;0;0;0;0;0;0;0;0;0;0;0;0;0;0;0;0;0;2;0;1;0;0;0;0;0;0;0;0
33149;Daubèze;75;33;0;0;0;0;0;0;0;0;0;0;0;0;0;0;0;0;0;0;0;0;0;0;0;0;0;0;0;0;0;0;0;0;0;0;0;0;0
33150;Dieulivol;75;33;0;0;0;0;0;0;0;0;0;0;0;0;0;0;0;0;0;0;0;1;0;0;0;0;0;0;1;0;0;1;0;0;0;0;0;0;1
33151;Donnezac;75;33;0;0;0;0;0;0;0;0;0;0;0;0;0;0;0;0;0;0;0;1;4;0;0;0;0;2;4;2;0;0;1;0;0;0;1;0;0
33152;Donzac;75;33;0;0;0;0;0;0;0;0;0;0;0;0;0;0;0;0;0;0;0;0;0;0;0;0;0;0;0;0;0;0;0;0;0;0;0;0;0
33153;Doulezon;75;33;0;0;0;0;0;0;0;0;0;0;0;0;0;0;0;0;0;0;0;0;0;0;0;0;1;1;2;0;0;0;1;0;0;0;0;0;0
33154;Les Églisottes-et-Chalaures;75;33;0;0;0;0;0;0;0;0;0;0;0;0;0;0;0;1;0;1;0;0;1;0;0;0;4;9;2;2;1;0;4;0;0;1;1;0;0
33155;Escaudes;75;33;0;0;0;0;0;0;0;0;0;0;0;0;0;0;0;0;0;0;0;0;0;0;0;0;0;0;1;0;0;1;0;0;0;1;0;0;0
33156;Escoussans;75;33;0;0;0;0;0;0;0;0;0;0;0;0;0;0;0;0;0;0;0;0;0;0;0;0;1;2;2;0;1;0;1;0;0;0;0;0;1
33157;Espiet;75;33;0;0;0;0;0;0;0;0;0;0;0;0;0;0;0;0;0;0;0;1;1;0;0;0;2;1;2;4;1;0;1;0;0;4;1;0;0
33158;Les Esseintes;75;33;0;0;0;0;0;0;0;0;0;0;0;0;0;0;0;0;0;0;0;0;0;0;0;0;0;0;1;0;0;0;0;0;0;0;0;0;0
33159;Étauliers;75;33;0;0;0;0;0;0;0;0;0;1;0;0;0;0;0;0;0;1;0;0;2;0;0;1;3;4;4;5;2;3;2;0;0;4;2;0;1
33160;Eynesse;75;33;0;0;0;0;0;0;0;0;0;0;0;0;0;0;0;0;0;0;0;1;1;0;0;0;1;2;2;2;2;1;1;0;0;0;0;0;0
33161;Eyrans;75;33;0;0;0;0;0;0;0;0;0;0;0;0;0;0;0;0;0;0;0;1;2;0;0;0;1;2;1;2;0;1;2;0;0;2;0;0;1
33162;Eysines;75;33;0;0;0;0;0;0;0;0;0;0;0;0;0;0;0;9;1;3;0;0;41;2;2;6;42;59;43;55;34;15;34;10;2;46;23;5;25
33163;Faleyras;75;33;0;0;0;0;0;0;0;0;0;0;0;0;0;0;0;0;0;0;0;0;0;0;0;0;2;2;0;0;0;0;1;0;0;0;0;0;1
33164;Fargues;75;33;0;0;0;0;0;0;0;0;0;0;0;0;0;0;0;1;0;0;0;0;2;0;0;0;3;2;2;3;2;0;0;0;0;1;0;0;0
33165;Fargues-Saint-Hilaire;75;33;0;0;0;0;0;0;0;0;0;0;0;0;0;0;0;3;0;1;0;0;3;1;0;2;3;4;3;6;7;2;6;0;0;10;12;2;6
33166;Le Fieu;75;33;0;0;0;0;0;0;0;0;0;0;0;0;0;0;0;0;0;0;0;0;0;0;0;0;3;4;2;0;1;0;2;0;0;0;0;0;2
33167;Floirac;75;33;1;0;0;0;0;0;0;0;0;0;0;0;0;0;0;3;2;2;0;0;18;2;2;4;71;59;28;27;32;20;18;5;0;23;13;0;7
33168;Flaujagues;75;33;0;0;0;0;0;0;0;0;0;0;0;0;0;0;0;0;0;0;1;0;0;0;0;0;2;1;3;0;1;3;0;0;0;1;0;0;0
33169;Floudès;75;33;0;0;0;0;0;0;0;0;0;0;0;0;0;0;0;0;0;0;0;0;0;0;0;0;2;0;0;0;0;0;1;0;0;0;0;0;0
33170;Fontet;75;33;0;0;0;0;0;0;0;0;0;0;0;0;0;0;0;0;0;0;0;0;0;0;0;0;1;1;5;1;1;0;1;0;0;0;0;0;1
33171;Fossès-et-Baleyssac;75;33;0;0;0;0;0;0;0;0;0;0;0;0;0;0;0;0;0;0;0;0;0;0;0;0;0;0;1;1;0;0;0;0;0;0;0;0;0
33172;Fours;75;33;0;0;0;0;0;0;0;0;0;0;0;0;0;0;0;0;0;0;0;0;0;0;0;0;1;1;0;1;0;0;0;0;0;0;0;0;0
33173;Francs;75;33;0;0;0;0;0;0;0;0;0;0;0;0;0;0;0;0;0;0;0;1;0;0;0;0;1;0;1;1;0;0;1;0;0;0;0;0;0
33174;Fronsac;75;33;0;0;0;0;0;0;0;0;0;0;0;0;0;0;0;0;0;0;1;0;6;0;0;0;1;3;2;4;2;0;1;1;0;5;0;2;1
33175;Frontenac;75;33;0;0;0;0;0;0;0;0;0;0;0;0;0;0;0;0;0;0;0;1;2;0;0;0;2;2;2;2;2;0;1;0;0;1;1;0;0
33176;Gabarnac;75;33;0;0;0;0;0;0;0;0;0;0;0;0;0;0;0;0;0;0;0;0;0;0;0;0;0;1;1;2;1;0;0;0;0;0;0;0;0
33177;Gaillan-en-Médoc;75;33;0;0;0;0;0;0;0;0;0;0;0;0;0;0;0;0;2;1;0;0;8;0;0;1;12;7;9;1;3;1;1;3;0;9;4;0;3
33178;Gajac;75;33;0;0;0;0;0;0;0;0;0;0;0;0;0;0;0;0;0;0;0;0;1;0;0;0;0;0;1;0;0;0;0;0;0;0;0;0;0
33179;Galgon;75;33;0;0;0;0;0;0;0;0;0;0;0;0;0;0;0;2;0;1;0;0;3;0;0;3;1;4;8;2;2;1;4;0;0;7;2;0;4
33180;Gans;75;33;0;0;0;0;0;0;0;0;0;0;0;0;0;0;0;0;0;0;0;0;0;0;0;0;0;1;0;0;0;0;1;0;0;0;0;0;0
33181;Gardegan-et-Tourtirac;75;33;0;0;0;0;0;0;0;0;0;0;0;0;0;0;0;0;0;0;0;0;0;0;0;0;1;0;2;0;0;0;1;0;0;1;0;0;0
33182;Gauriac;75;33;0;0;0;0;0;0;0;0;0;0;0;0;0;0;0;0;0;1;0;0;2;0;0;0;1;1;1;0;4;0;1;0;0;2;0;1;0
33183;Gauriaguet;75;33;0;0;0;0;0;0;0;0;0;0;0;0;0;0;0;0;0;0;0;1;1;0;0;0;1;2;2;7;5;1;1;0;0;3;2;0;0
33184;Générac;75;33;0;0;0;0;0;0;0;0;0;0;0;0;0;0;0;0;0;0;0;0;0;0;0;0;1;2;0;0;1;0;0;0;0;3;0;0;0
33185;Génissac;75;33;0;0;0;0;0;0;0;0;0;0;0;0;0;0;0;0;0;0;1;0;2;0;0;0;7;2;3;1;8;2;1;0;0;1;1;0;1
33186;Gensac;75;33;0;1;0;0;0;0;0;0;0;0;0;0;0;0;0;1;0;1;0;0;2;0;0;0;2;0;2;3;1;0;2;0;0;1;1;0;0
33187;Gironde-sur-Dropt;75;33;0;0;0;0;0;0;0;0;0;0;0;0;0;0;0;0;0;1;0;0;2;0;0;0;1;2;6;5;2;0;2;0;0;3;0;0;1
33188;Giscos;75;33;0;0;0;0;0;0;0;0;0;0;0;0;0;0;0;0;0;0;0;0;1;0;0;0;0;1;0;0;0;0;0;0;0;0;0;0;0
33189;Gornac;75;33;0;0;0;0;0;0;0;0;0;0;0;0;0;0;0;1;0;0;0;1;2;0;0;0;0;1;1;1;1;0;1;0;0;3;0;0;1
33190;Goualade;75;33;0;0;0;0;0;0;0;0;0;0;0;0;0;0;0;0;0;0;0;0;0;0;0;0;1;0;0;0;0;0;0;0;0;1;0;0;0
33191;Gours;75;33;0;0;0;0;0;0;0;0;0;0;0;0;0;0;0;0;0;0;0;0;0;0;0;0;2;1;3;3;0;0;0;0;0;1;0;0;0
33192;Gradignan;75;33;1;0;0;0;0;0;0;0;0;0;0;0;0;0;0;13;6;2;0;0;11;1;1;7;14;29;21;24;16;13;26;4;5;31;27;4;23
33193;Grayan-et-l'Hôpital;75;33;0;0;0;0;0;0;0;0;0;0;0;0;0;0;0;0;0;0;1;0;1;0;0;0;7;2;3;3;2;1;3;0;0;14;1;2;2
33194;Grézillac;75;33;0;0;0;0;0;0;0;0;0;0;0;0;0;0;0;0;0;0;0;0;4;0;0;0;1;1;0;5;1;2;2;1;0;0;2;1;3
33195;Grignols;75;33;0;1;0;0;0;0;0;0;0;0;0;0;0;0;0;1;2;1;0;0;4;0;0;1;2;2;2;2;0;2;3;1;0;2;3;0;0
33196;Guillac;75;33;0;0;0;0;0;0;0;0;0;0;0;0;0;0;0;0;0;0;0;0;1;0;0;0;0;0;1;0;0;0;0;0;0;0;0;0;0
33197;Guillos;75;33;0;0;0;0;0;0;0;0;0;0;0;0;0;0;0;0;0;0;0;0;0;0;0;0;0;0;1;1;0;0;0;0;0;1;0;0;0
33198;Guîtres;75;33;0;1;0;0;0;0;0;0;0;0;0;0;0;0;0;2;0;1;0;0;4;0;0;1;8;2;4;1;3;1;4;0;0;3;6;0;3
33199;Gujan-Mestras;75;33;0;1;0;0;0;0;0;0;0;0;0;0;0;0;0;11;2;2;0;0;18;2;2;7;41;52;32;42;42;12;35;8;8;68;46;6;27
33200;Le Haillan;75;33;0;0;0;0;0;0;0;0;0;0;0;0;0;0;0;7;2;1;0;0;21;0;4;2;8;21;16;23;19;7;12;2;0;21;14;0;10
33201;Haux;75;33;0;0;0;0;0;0;0;0;0;0;0;0;0;0;0;0;0;0;0;1;1;0;0;1;3;1;1;0;1;1;0;0;0;2;0;0;0
33202;Hostens;75;33;0;0;0;0;0;0;0;0;0;0;0;0;0;0;0;0;0;1;0;0;5;0;0;3;1;5;4;3;1;2;2;0;0;7;2;0;1
33203;Hourtin;75;33;0;0;0;0;0;0;0;0;0;0;0;0;0;0;0;1;1;1;0;0;7;0;0;0;4;5;6;9;4;2;4;1;0;42;6;1;3
33204;Hure;75;33;0;0;0;0;0;0;0;0;0;0;0;0;0;0;0;0;0;0;1;0;1;0;0;0;3;1;0;1;3;0;0;0;0;0;1;0;0
33205;Illats;75;33;0;0;0;0;0;0;0;0;0;0;0;0;0;0;0;0;0;0;0;1;5;0;0;0;3;0;4;5;5;0;1;0;0;3;1;0;1
33206;Isle-Saint-Georges;75;33;0;0;0;0;0;0;0;0;0;0;0;0;0;0;0;0;0;0;0;0;0;0;0;0;1;4;1;3;0;1;0;0;0;1;1;0;1
33207;Izon;75;33;0;0;0;0;0;0;0;0;0;0;0;0;0;0;0;1;0;1;0;0;10;0;0;1;11;17;14;15;13;2;8;1;0;5;6;0;10
33208;Jau-Dignac-et-Loirac;75;33;0;0;0;0;0;0;0;0;0;0;0;0;0;0;0;0;0;0;1;0;1;0;0;0;3;0;5;2;1;0;3;0;0;3;0;0;0
33209;Jugazan;75;33;0;0;0;0;0;0;0;0;0;0;0;0;0;0;0;0;0;0;0;0;0;0;0;0;0;0;3;0;3;0;0;0;0;1;0;0;0
33210;Juillac;75;33;0;0;0;0;0;0;0;0;0;0;0;0;0;0;0;0;0;0;0;0;0;0;0;0;3;0;0;1;1;0;0;0;0;2;2;0;0
33211;Labarde;75;33;0;0;0;0;0;0;0;0;0;0;0;0;0;0;0;0;0;0;0;0;0;1;0;0;1;1;0;0;1;1;0;0;0;1;0;0;1
33212;Labescau;75;33;0;0;0;0;0;0;0;0;0;0;0;0;0;0;0;0;0;0;0;0;0;0;0;0;2;0;1;0;1;0;0;0;0;0;0;1;0
33213;La Brède;75;33;0;0;0;0;0;0;0;0;0;0;0;0;1;0;0;5;1;1;0;0;12;1;0;1;7;6;10;8;6;3;8;2;1;8;10;2;6
33214;Lacanau;75;33;0;1;0;0;0;0;0;0;0;0;0;0;0;0;0;4;2;2;0;1;7;2;0;1;13;15;13;15;15;6;9;2;0;99;19;2;5
33215;Ladaux;75;33;0;0;0;0;0;0;0;0;0;0;0;0;0;0;0;0;0;0;0;0;2;0;0;0;1;1;0;0;0;0;0;0;0;0;0;0;0
33216;Lados;75;33;0;0;0;0;0;0;0;0;0;0;0;0;0;0;0;0;0;0;0;0;0;0;0;0;0;1;1;2;0;0;0;0;0;1;1;0;0
33218;Lagorce;75;33;0;0;0;0;0;0;0;0;0;0;0;0;0;0;0;0;1;0;0;0;1;0;1;0;5;6;4;5;3;1;1;0;0;1;1;0;1
33219;La Lande-de-Fronsac;75;33;0;0;0;0;0;0;0;0;0;0;0;0;0;0;0;0;0;0;0;0;5;1;0;0;4;5;8;7;2;1;3;2;0;5;0;0;4
33220;Lamarque;75;33;0;0;0;0;0;0;0;0;0;0;0;0;0;0;0;0;0;1;0;0;3;0;0;0;4;5;2;3;2;0;2;0;0;6;0;1;0
33221;Lamothe-Landerron;75;33;0;0;0;0;0;0;0;0;0;0;0;0;0;0;0;0;0;0;0;1;5;0;0;0;4;3;3;1;2;0;1;0;0;1;1;0;3
33222;Lalande-de-Pomerol;75;33;0;0;0;0;0;0;0;0;0;0;0;0;0;0;0;0;0;0;0;0;0;0;0;0;0;1;1;2;2;0;0;0;0;2;0;0;1
33223;Landerrouat;75;33;0;0;0;0;0;0;0;0;0;0;0;0;0;0;0;0;0;0;0;0;1;0;0;0;2;0;0;1;0;1;1;0;0;1;0;0;0
33224;Landerrouet-sur-Ségur;75;33;0;0;0;0;0;0;0;0;0;0;0;0;0;0;0;0;0;0;0;0;0;0;0;0;0;0;0;0;0;0;0;0;0;0;0;0;0
33225;Landiras;75;33;0;0;0;0;0;0;0;0;0;0;0;0;0;0;0;0;0;1;0;0;5;0;0;1;6;1;9;3;4;0;2;0;0;4;0;0;1
33226;Langoiran;75;33;0;1;0;0;0;0;0;0;0;0;0;0;0;0;0;2;0;1;0;0;1;1;0;3;8;6;6;1;4;0;6;0;0;8;4;1;5
33227;Langon;75;33;0;1;0;0;0;0;0;0;0;3;0;1;0;0;0;12;8;1;0;0;24;2;1;7;6;17;16;12;8;12;24;5;11;42;22;6;21
33228;Lansac;75;33;0;0;0;0;0;0;0;0;0;0;0;0;0;0;0;0;0;0;0;1;0;0;0;0;2;1;1;0;0;0;0;0;0;1;0;0;0
33229;Lanton;75;33;0;0;0;0;0;0;0;0;0;0;0;0;0;0;0;1;0;2;0;0;11;0;0;2;7;16;13;19;14;4;10;2;0;20;9;0;8
33230;Lapouyade;75;33;0;0;0;0;0;0;0;0;0;0;0;0;0;0;0;0;0;0;0;1;2;0;0;0;3;1;2;2;1;0;1;0;0;0;0;0;0
33231;Laroque;75;33;0;0;0;0;0;0;0;0;0;0;0;0;0;0;0;0;0;0;0;0;0;0;0;0;0;0;0;0;1;0;0;0;0;1;0;0;0
33232;Lartigue;75;33;0;0;0;0;0;0;0;0;0;0;0;0;0;0;0;0;0;0;0;0;0;0;0;0;0;0;0;0;0;0;0;0;0;0;0;0;0
33233;Laruscade;75;33;0;0;0;0;0;0;0;0;0;0;0;0;0;0;0;0;2;0;0;1;6;0;0;0;1;9;7;5;5;0;4;0;0;6;0;0;3
33234;Latresne;75;33;0;1;0;0;0;0;0;0;0;0;0;0;0;0;0;4;2;1;0;0;10;1;0;2;13;8;11;4;6;3;7;1;0;9;10;1;3
33235;Lavazan;75;33;0;0;0;0;0;0;0;0;0;0;0;0;0;0;0;0;0;0;0;0;0;0;0;0;0;1;1;0;0;0;0;0;0;0;1;0;0
33236;Lège-Cap-Ferret;75;33;0;1;0;0;0;0;0;0;0;0;0;0;0;0;0;5;0;4;0;0;12;0;3;6;25;27;33;21;19;13;15;2;0;100;49;2;14
33237;Léogeats;75;33;0;0;0;0;0;0;0;0;0;0;0;0;0;0;0;0;1;0;0;0;1;0;0;0;1;1;3;2;6;1;0;0;0;1;0;0;0
33238;Léognan;75;33;0;1;0;0;0;0;0;0;0;0;0;0;0;0;0;7;2;1;0;0;13;1;1;2;16;20;15;14;15;5;17;3;0;15;11;1;12
33239;Lerm-et-Musset;75;33;0;0;0;0;0;0;0;0;0;0;0;0;0;0;0;0;0;0;1;0;2;0;0;0;0;0;1;1;2;0;2;0;0;0;1;0;0
33240;Lesparre-Médoc;75;33;0;1;0;0;0;0;0;0;0;3;0;0;0;0;0;8;3;1;0;0;20;3;1;2;20;13;11;8;9;4;10;1;1;20;6;4;4
33241;Lestiac-sur-Garonne;75;33;0;0;0;0;0;0;0;0;0;0;0;0;0;0;0;0;0;0;0;0;0;0;0;0;2;0;2;0;0;0;0;0;0;1;0;0;1
33242;Les Lèves-et-Thoumeyragues;75;33;0;0;0;0;0;0;0;0;0;0;0;0;0;0;0;0;0;0;0;1;1;0;0;0;0;1;2;1;2;0;1;0;0;1;1;0;0
33243;Libourne;75;33;1;1;0;1;1;1;1;0;0;7;0;1;0;0;0;24;5;2;0;0;31;4;4;8;21;44;23;32;26;17;57;6;17;97;53;6;23
33244;Lignan-de-Bazas;75;33;0;0;0;0;0;0;0;0;0;0;0;0;0;0;0;0;0;0;0;0;2;0;0;0;2;1;2;0;1;0;1;0;0;0;0;0;1
33245;Lignan-de-Bordeaux;75;33;0;0;0;0;0;0;0;0;0;0;0;0;0;0;0;0;0;0;0;1;0;0;0;0;2;3;3;2;1;0;1;0;0;0;0;0;1
33246;Ligueux;75;33;0;0;0;0;0;0;0;0;0;0;0;0;0;0;0;0;0;0;0;0;0;0;0;0;0;0;0;0;0;0;0;0;0;0;0;0;0
33247;Listrac-de-Durèze;75;33;0;0;0;0;0;0;0;0;0;0;0;0;0;0;0;0;0;0;0;0;0;0;0;0;0;0;2;0;1;0;0;0;0;0;0;0;0
33248;Listrac-Médoc;75;33;0;0;0;0;0;0;0;0;0;0;0;0;0;0;0;0;0;1;0;0;5;0;0;0;6;3;8;6;4;1;3;0;0;5;0;0;2
33249;Lormont;75;33;1;0;0;0;0;0;0;0;0;0;0;1;0;1;0;3;1;3;1;0;40;3;2;5;97;114;15;45;21;19;30;2;7;66;11;1;22
33250;Loubens;75;33;0;0;0;0;0;0;0;0;0;0;0;0;0;0;0;0;0;0;0;0;1;0;0;0;0;1;3;1;1;0;1;0;0;0;0;0;1
33251;Louchats;75;33;0;0;0;0;0;0;0;0;0;0;0;0;0;0;0;0;0;0;0;0;2;0;0;0;2;0;3;4;3;1;1;0;0;0;0;0;1
33252;Loupes;75;33;0;0;0;0;0;0;0;0;0;0;0;0;0;0;0;0;0;0;0;0;0;0;0;0;3;1;1;2;2;0;1;1;0;0;0;0;2
33253;Loupiac;75;33;0;0;0;0;0;0;0;0;0;0;0;0;0;0;0;0;0;0;0;0;0;0;0;1;2;4;0;2;0;1;0;0;0;1;0;0;1
33254;Loupiac-de-la-Réole;75;33;0;0;0;0;0;0;0;0;0;0;0;0;0;0;0;0;0;0;0;0;1;0;0;0;3;3;0;0;1;2;1;0;0;0;0;0;1
33255;Lucmau;75;33;0;0;0;0;0;0;0;0;0;0;0;0;0;0;0;0;0;0;0;0;1;0;0;0;0;0;0;0;0;0;0;0;0;0;0;0;0
33256;Ludon-Médoc;75;33;0;0;0;0;0;0;0;0;0;0;0;0;0;0;0;0;0;1;0;0;5;0;0;0;6;10;14;9;8;0;13;1;0;9;4;0;5
33257;Lugaignac;75;33;0;0;0;0;0;0;0;0;0;0;0;0;0;0;0;0;0;0;0;0;1;0;0;0;1;3;1;2;2;0;0;0;0;0;1;0;1
33258;Lugasson;75;33;0;0;0;0;0;0;0;0;0;0;0;0;0;0;0;0;0;0;0;0;0;0;0;0;5;1;0;1;0;1;0;0;0;0;0;0;0
33259;Lugon-et-l'Île-du-Carnay;75;33;0;0;0;0;0;0;0;0;0;0;0;0;0;0;0;1;0;0;0;1;2;0;0;0;1;3;4;2;3;0;1;0;0;5;1;0;1
33260;Lugos;75;33;0;0;0;0;0;0;0;0;0;0;0;0;0;0;0;0;0;0;0;1;1;0;0;0;1;5;7;1;0;0;1;0;0;0;0;0;1
33261;Lussac;75;33;0;1;0;0;0;0;0;0;0;0;0;0;0;0;0;2;0;1;0;0;3;0;0;0;0;7;2;0;0;0;3;0;0;2;0;0;2
33262;Macau;75;33;0;1;0;0;0;0;0;0;0;0;0;0;0;0;0;1;0;1;0;0;8;0;0;0;5;11;12;14;3;1;7;0;0;5;2;0;1
33263;Madirac;75;33;0;0;0;0;0;0;0;0;0;0;0;0;0;0;0;0;0;0;0;0;1;0;0;0;0;0;0;1;0;0;1;0;0;1;0;0;0
33264;Maransin;75;33;0;0;0;0;0;0;0;0;0;0;0;0;0;0;0;0;0;1;0;0;2;0;0;1;4;1;4;0;5;2;2;0;0;1;1;0;0
33266;Marcenais;75;33;0;0;0;0;0;0;0;0;0;0;0;0;0;0;0;0;0;0;0;1;1;0;0;0;2;1;2;2;4;0;1;0;0;2;1;0;0
33267;Marcillac;75;33;0;0;0;0;0;0;0;0;0;0;0;0;0;0;0;0;0;0;0;1;2;0;0;0;2;5;2;1;0;3;2;0;0;1;0;0;0
33268;Margaux;75;33;0;0;0;0;0;0;0;0;0;0;0;0;0;0;0;1;0;1;0;0;4;0;0;1;5;1;0;2;2;0;3;0;0;5;1;1;5
33269;Margueron;75;33;0;0;0;0;0;0;0;0;0;0;0;0;0;0;0;0;0;0;1;0;2;0;0;0;4;0;2;1;0;0;1;0;0;1;1;0;0
33270;Marimbault;75;33;0;0;0;0;0;0;0;0;0;0;0;0;0;0;0;0;0;0;0;0;0;0;0;0;1;2;0;0;1;0;0;0;0;0;0;0;0
33271;Marions;75;33;0;0;0;0;0;0;0;0;0;0;0;0;0;0;0;0;0;0;0;0;2;0;0;0;1;0;1;0;1;0;0;0;0;0;1;0;0
33272;Marsas;75;33;0;0;0;0;0;0;0;0;0;0;0;0;0;0;0;0;0;0;0;0;2;0;0;0;2;1;3;2;5;1;0;0;0;2;3;0;0
33273;Martignas-sur-Jalle;75;33;0;0;0;0;0;0;0;0;0;0;0;0;0;0;0;3;1;1;0;0;8;1;0;3;5;7;10;7;6;2;8;2;0;8;8;3;6
33274;Martillac;75;33;0;0;0;0;0;0;0;0;0;0;0;0;0;0;0;0;0;1;1;0;9;1;0;0;11;10;10;13;11;5;4;1;0;8;3;0;5
33275;Martres;75;33;0;0;0;0;0;0;0;0;0;0;0;0;0;0;0;0;0;0;0;0;0;0;0;0;1;0;1;0;0;0;1;0;0;0;0;0;0
33276;Masseilles;75;33;0;0;0;0;0;0;0;0;0;0;0;0;0;0;0;0;0;0;0;0;0;0;0;0;1;0;2;1;0;0;0;0;0;0;0;0;0
33277;Massugas;75;33;0;0;0;0;0;0;0;0;0;0;0;0;0;0;0;0;0;0;0;0;1;0;0;0;1;0;0;0;0;0;0;0;0;0;1;0;0
33278;Mauriac;75;33;0;0;0;0;0;0;0;0;0;0;0;0;0;0;0;0;0;0;0;0;2;0;0;0;0;1;0;0;0;0;0;0;0;0;0;0;0
33279;Mazères;75;33;0;0;0;0;0;0;0;0;0;0;0;0;0;0;0;0;0;0;0;0;2;0;0;0;3;1;4;3;3;0;0;0;0;4;0;0;1
33280;Mazion;75;33;0;0;0;0;0;0;0;0;0;0;0;0;0;0;0;0;0;0;0;0;1;0;0;0;2;0;0;0;1;0;1;0;0;0;0;0;0
33281;Mérignac;75;33;1;0;0;0;0;0;0;0;0;8;0;1;0;0;0;46;7;7;1;0;97;8;34;17;100;155;101;100;114;50;83;9;37;187;104;17;62
33282;Mérignas;75;33;0;0;0;0;0;0;0;0;0;0;0;0;0;0;0;0;0;0;0;0;1;0;0;0;1;0;2;1;0;0;1;0;0;0;1;0;0
33283;Mesterrieux;75;33;0;0;0;0;0;0;0;0;0;0;0;0;0;0;0;0;0;0;1;0;0;0;0;0;1;1;1;0;0;0;0;0;0;0;0;0;1
33284;Mios;75;33;0;0;0;0;0;0;0;0;0;0;0;0;0;0;0;1;2;1;0;1;11;1;1;0;23;26;42;16;15;7;15;1;0;14;10;1;8
33285;Mombrier;75;33;0;0;0;0;0;0;0;0;0;0;0;0;0;0;0;0;0;0;0;0;0;0;0;0;0;2;0;2;0;0;0;0;0;0;1;0;0
33287;Mongauzy;75;33;0;0;0;0;0;0;0;0;0;0;0;0;0;0;0;0;0;0;1;0;0;0;0;0;0;0;1;3;2;3;1;0;0;2;0;0;0
33288;Monprimblanc;75;33;0;0;0;0;0;0;0;0;0;0;0;0;0;0;0;0;0;0;0;0;1;0;0;0;1;2;1;0;1;0;0;0;0;0;0;0;0
33289;Monségur;75;33;0;1;0;0;0;0;0;0;0;0;0;0;0;0;0;3;1;1;0;0;6;0;0;1;5;3;5;1;4;0;6;1;0;8;3;0;2
33290;Montagne;75;33;0;0;0;0;0;0;0;0;0;0;0;0;0;0;0;0;0;1;0;0;4;0;0;0;2;0;3;1;3;0;1;0;0;3;0;0;1
33291;Montagoudin;75;33;0;0;0;0;0;0;0;0;0;0;0;0;0;0;0;0;0;0;0;0;1;0;0;0;0;0;1;0;1;0;0;0;0;0;0;0;0
33292;Montignac;75;33;0;0;0;0;0;0;0;0;0;0;0;0;0;0;0;0;0;0;0;0;0;0;0;0;1;0;1;1;1;0;0;0;0;0;0;0;0
33293;Montussan;75;33;0;0;0;0;0;0;0;0;0;0;0;0;0;0;0;0;2;0;0;1;7;0;0;1;12;15;6;5;5;2;3;1;0;5;2;0;5
33294;Morizès;75;33;0;0;0;0;0;0;0;0;0;0;0;0;0;0;0;0;0;0;1;0;1;0;0;0;3;2;0;1;1;0;0;0;0;1;0;0;1
33295;Mouillac;75;33;0;0;0;0;0;0;0;0;0;0;0;0;0;0;0;0;0;0;0;0;0;0;0;0;0;1;0;0;0;0;0;0;0;0;0;0;0
33296;Mouliets-et-Villemartin;75;33;0;0;0;0;0;0;0;0;0;0;0;0;0;0;0;0;0;0;0;0;3;0;0;0;4;1;8;5;0;0;2;0;0;3;0;0;2
33297;Moulis-en-Médoc;75;33;0;0;0;0;0;0;0;0;0;0;0;0;0;0;0;0;0;0;1;0;2;0;0;0;2;5;1;5;2;1;2;0;0;3;0;0;0
33298;Moulon;75;33;0;0;0;0;0;0;0;0;0;0;0;0;0;0;0;0;0;1;1;0;2;0;0;0;1;1;2;1;2;1;2;0;0;3;1;0;2
33299;Mourens;75;33;0;0;0;0;0;0;0;0;0;0;0;0;0;0;0;0;0;0;0;0;2;0;0;0;1;0;2;0;0;0;0;0;0;0;1;1;0
33300;Naujac-sur-Mer;75;33;0;0;0;0;0;0;0;0;0;0;0;0;0;0;0;0;0;0;1;1;1;0;0;0;5;1;3;1;2;2;1;0;0;8;1;0;1
33301;Naujan-et-Postiac;75;33;0;0;0;0;0;0;0;0;0;0;0;0;0;0;0;0;0;0;1;0;0;0;0;0;1;0;2;1;3;0;0;0;0;0;0;0;0
33302;Néac;75;33;0;0;0;0;0;0;0;0;0;0;0;0;0;0;0;0;0;0;0;0;0;0;0;0;0;1;2;0;0;0;0;0;0;0;0;0;1
33303;Nérigean;75;33;0;0;0;0;0;0;0;0;0;0;0;0;0;0;0;0;0;0;0;1;0;0;0;0;0;1;2;3;2;1;0;0;0;1;0;0;0
33304;Neuffons;75;33;0;0;0;0;0;0;0;0;0;0;0;0;0;0;0;0;0;0;0;0;0;0;1;0;0;0;0;1;0;0;0;0;0;0;0;0;0
33305;Le Nizan;75;33;0;0;0;0;0;0;0;0;0;0;0;0;0;0;0;0;0;0;0;0;0;0;0;0;0;0;2;0;0;0;0;0;0;0;1;0;0
33306;Noaillac;75;33;0;0;0;0;0;0;0;0;0;0;0;0;0;0;0;0;0;0;0;0;2;0;0;0;0;0;0;1;0;0;1;0;0;0;0;0;1
33307;Noaillan;75;33;0;0;0;0;0;0;0;0;0;0;0;0;0;0;0;0;0;0;0;1;0;0;0;0;5;0;5;1;4;0;2;0;0;1;1;0;0
33308;Omet;75;33;0;0;0;0;0;0;0;0;0;0;0;0;0;0;0;0;0;0;0;0;0;0;0;0;0;3;0;0;1;0;0;0;0;1;0;0;0
33309;Ordonnac;75;33;0;0;0;0;0;0;0;0;0;0;0;0;0;0;0;0;0;0;0;0;0;0;0;0;2;0;1;1;1;0;1;0;0;0;1;0;0
33310;Origne;75;33;0;0;0;0;0;0;0;0;0;0;0;0;0;0;0;0;0;0;0;0;1;0;0;0;1;0;2;1;0;0;0;0;0;1;0;0;0
33311;Paillet;75;33;0;0;0;0;0;0;0;0;0;0;0;0;0;0;0;0;0;1;0;0;1;0;0;0;0;3;2;5;5;1;2;0;0;1;0;0;1
33312;Parempuyre;75;33;0;0;0;0;0;0;0;0;0;0;0;0;0;0;0;3;1;1;0;0;13;1;0;1;20;18;22;18;11;0;14;2;0;14;2;2;8
33314;Pauillac;75;33;0;1;0;0;0;0;0;0;0;1;0;1;0;0;0;6;2;1;1;0;7;1;0;2;4;13;3;6;5;0;9;1;3;18;3;5;3
33315;Les Peintures;75;33;0;0;0;0;0;0;0;0;0;0;0;0;0;0;0;0;0;0;0;1;1;0;0;1;1;8;2;1;2;3;1;0;0;3;0;0;1
33316;Pellegrue;75;33;0;1;0;0;0;0;0;0;0;0;0;0;0;0;0;2;0;1;0;0;7;0;0;0;6;3;1;2;0;0;1;0;0;4;0;0;1
33317;Périssac;75;33;0;0;0;0;0;0;0;0;0;0;0;0;0;0;0;0;0;0;0;1;2;0;0;0;0;3;3;3;2;1;1;0;0;2;0;0;1
33318;Pessac;75;33;1;0;0;0;0;0;0;0;0;1;0;2;0;0;0;26;7;7;0;1;47;6;1;13;69;120;61;69;72;22;66;9;14;119;60;8;57
33319;Pessac-sur-Dordogne;75;33;0;0;0;0;0;0;0;0;0;0;0;0;0;0;0;0;0;0;1;0;1;0;0;0;1;2;0;0;1;0;2;0;0;1;0;0;0
33320;Petit-Palais-et-Cornemps;75;33;0;0;0;0;0;0;0;0;0;0;0;0;0;0;0;0;0;0;0;0;3;0;0;0;3;1;1;0;1;0;0;0;0;1;0;0;0
33321;Peujard;75;33;0;0;0;0;0;0;0;0;0;0;0;0;0;0;0;0;0;0;0;1;5;1;0;1;1;3;3;4;2;1;2;0;0;1;1;0;1
33322;Le Pian-Médoc;75;33;0;0;0;0;0;0;0;0;0;0;0;0;0;0;0;1;0;1;0;0;10;2;0;1;16;8;12;17;12;5;7;0;0;13;5;0;11
33323;Le Pian-sur-Garonne;75;33;0;0;0;0;0;0;0;0;0;0;0;0;0;0;0;0;0;0;0;0;2;0;1;0;2;2;4;0;0;0;1;0;0;1;0;0;1
33324;Pineuilh;75;33;0;0;0;0;0;0;0;0;0;0;0;0;0;0;0;0;2;0;0;1;9;2;0;0;9;9;3;12;6;1;8;1;0;7;1;1;1
33325;Plassac;75;33;0;0;0;0;0;0;0;0;0;0;0;0;0;0;0;0;0;0;0;1;0;0;0;0;2;1;0;1;0;1;1;0;0;0;0;0;1
33326;Pleine-Selve;75;33;0;0;0;0;0;0;0;0;0;0;0;0;0;0;0;0;0;0;0;0;2;0;0;0;1;0;0;1;0;0;0;0;0;1;0;0;0
33327;Podensac;75;33;0;1;0;0;0;0;0;0;0;1;0;0;0;0;0;2;1;1;0;0;3;1;0;3;3;9;2;7;4;0;4;1;0;11;3;1;3
33328;Pomerol;75;33;0;0;0;0;0;0;0;0;0;0;0;0;0;0;0;0;0;1;0;0;1;0;0;0;1;0;2;0;2;0;1;0;0;3;2;0;0
33329;Pompéjac;75;33;0;0;0;0;0;0;0;0;0;0;0;0;0;0;0;0;0;0;0;0;2;0;0;0;0;3;1;1;0;0;1;0;0;0;0;0;0
33330;Pompignac;75;33;0;0;0;0;0;0;0;0;0;0;0;0;0;0;0;1;1;0;0;1;2;0;0;0;5;5;3;5;2;1;2;1;0;1;5;0;5
33331;Pondaurat;75;33;0;0;0;0;0;0;0;0;0;0;0;0;0;0;0;0;1;0;0;1;0;0;0;0;3;1;0;1;2;0;1;0;0;1;1;0;0
33332;Porchères;75;33;0;0;0;0;0;0;0;0;0;0;0;0;0;0;0;0;0;0;0;0;1;0;0;0;0;8;3;2;3;0;2;0;0;1;2;0;0
33333;Le Porge;75;33;0;0;0;0;0;0;0;0;0;0;0;0;0;0;0;0;0;1;0;0;6;0;0;1;4;4;23;17;5;5;6;1;0;20;4;0;4
33334;Portets;75;33;0;0;0;0;0;0;0;0;0;0;0;0;0;0;0;0;2;1;0;0;9;1;0;0;10;4;3;5;6;1;4;0;0;5;0;0;2
33335;Le Pout;75;33;0;0;0;0;0;0;0;0;0;0;0;0;0;0;0;0;0;0;0;0;1;0;0;0;0;1;3;3;4;1;0;1;0;0;1;0;0
33336;Préchac;75;33;0;0;0;0;0;0;0;0;0;0;0;0;0;0;0;0;0;1;0;0;1;0;0;1;0;4;3;2;1;0;2;0;0;2;1;0;0
33337;Preignac;75;33;0;0;0;0;0;0;0;0;0;0;0;0;0;0;0;0;0;1;0;0;7;0;0;0;6;5;2;5;2;2;1;0;0;4;2;0;1
33338;Prignac-en-Médoc;75;33;0;0;0;0;0;0;0;0;0;0;0;0;0;0;0;0;0;0;0;0;1;0;0;0;0;0;0;0;0;0;0;0;0;0;0;0;0
33339;Prignac-et-Marcamps;75;33;0;0;0;0;0;0;0;0;0;0;0;0;0;0;0;0;0;0;0;1;1;0;0;0;3;5;7;3;2;0;3;0;0;4;0;0;1
33341;Pugnac;75;33;0;0;0;0;0;0;0;0;0;0;0;0;0;0;0;0;0;1;0;0;4;1;0;1;11;7;4;3;4;0;5;1;1;3;3;0;0
33342;Puisseguin;75;33;0;0;0;0;0;0;0;0;0;0;0;0;0;0;0;0;0;0;1;0;3;0;0;0;1;1;0;0;0;1;3;1;0;1;0;0;0
33343;Pujols-sur-Ciron;75;33;0;0;0;0;0;0;0;0;0;0;0;0;0;0;0;0;0;0;0;1;2;0;0;0;0;0;2;1;2;0;2;0;0;1;0;0;0
33344;Pujols;75;33;0;0;0;0;0;0;0;0;0;0;0;0;0;0;0;1;1;0;0;1;3;0;0;0;1;0;2;1;2;0;3;0;0;2;0;0;0
33345;Le Puy;75;33;0;0;0;0;0;0;0;0;0;0;0;0;0;0;0;0;0;0;0;0;1;0;0;0;3;0;4;0;1;0;0;0;0;1;0;0;0
33346;Puybarban;75;33;0;0;0;0;0;0;0;0;0;0;0;0;0;0;0;0;0;0;0;0;1;0;0;0;2;1;2;1;0;0;0;0;0;0;1;0;1
33347;Puynormand;75;33;0;0;0;0;0;0;0;0;0;0;0;0;0;0;0;0;0;0;0;0;2;0;0;0;0;0;1;0;1;0;0;0;0;0;0;0;0
33348;Queyrac;75;33;0;0;0;0;0;0;0;0;0;0;0;0;0;0;0;0;0;1;1;0;1;0;0;0;6;2;5;4;1;0;3;1;0;4;0;0;1
33349;Quinsac;75;33;0;0;0;0;0;0;0;0;0;0;0;0;0;0;0;0;0;0;0;1;6;0;0;0;2;3;7;3;2;2;1;0;0;4;2;0;1
33350;Rauzan;75;33;0;1;0;0;0;0;0;0;0;1;0;0;0;0;0;2;0;1;0;0;5;0;0;1;4;0;2;3;2;0;3;1;0;3;2;1;2
33351;Reignac;75;33;0;0;0;0;0;0;0;0;0;0;0;0;0;0;0;0;0;1;1;0;5;0;0;0;6;1;4;7;2;0;3;0;0;3;1;0;2
33352;La Réole;75;33;0;1;0;0;0;0;0;0;0;4;0;0;0;0;0;6;2;1;0;0;14;2;0;3;7;12;7;5;4;1;8;3;1;26;5;1;5
33353;Rimons;75;33;0;0;0;0;0;0;0;0;0;0;0;0;0;0;0;0;0;0;0;0;0;0;0;1;1;0;0;0;0;0;0;0;0;0;0;0;0
33354;Riocaud;75;33;0;0;0;0;0;0;0;0;0;0;0;0;0;0;0;0;0;0;0;0;0;0;0;0;0;0;0;2;0;0;0;1;0;1;0;0;0
33355;Rions;75;33;0;0;0;0;0;0;0;0;0;0;0;0;0;0;0;0;0;1;1;0;3;0;0;0;10;4;6;2;2;2;2;0;0;4;1;0;1
33356;La Rivière;75;33;0;0;0;0;0;0;0;0;0;0;0;0;0;0;0;0;0;0;0;0;0;0;0;0;1;1;2;0;1;0;1;0;0;2;1;0;0
33357;Roaillan;75;33;0;0;0;0;0;0;0;0;0;0;0;0;0;0;0;0;0;0;1;0;1;0;0;1;4;5;2;1;0;0;1;0;0;1;1;0;3
33358;Romagne;75;33;0;0;0;0;0;0;0;0;0;0;0;0;0;0;0;0;0;0;0;0;0;0;0;0;3;2;4;1;2;0;2;0;0;0;0;0;0
33359;Roquebrune;75;33;0;0;0;0;0;0;0;0;0;0;0;0;0;0;0;0;0;0;0;0;3;0;0;0;2;0;1;0;0;0;0;0;0;0;0;0;0
33360;La Roquille;75;33;0;0;0;0;0;0;0;0;0;0;0;0;0;0;0;0;0;0;0;0;0;0;0;0;1;1;1;0;0;0;0;0;0;2;0;0;1
33361;Ruch;75;33;0;0;0;0;0;0;0;0;0;0;0;0;0;0;0;0;0;0;1;0;1;0;0;0;0;1;2;3;1;0;1;0;0;1;0;0;1
33362;Sablons;75;33;0;0;0;0;0;0;0;0;0;0;0;0;0;0;0;0;0;0;0;0;2;0;0;0;4;4;5;1;0;3;2;0;0;3;1;0;1
33363;Sadirac;75;33;0;0;0;0;0;0;0;0;0;0;0;0;0;0;0;0;0;1;0;0;11;1;1;0;7;11;10;13;10;0;6;0;0;8;2;0;3
33364;Saillans;75;33;0;0;0;0;0;0;0;0;0;0;0;0;0;0;0;0;0;0;0;0;0;0;0;0;0;0;1;0;1;0;0;0;0;2;0;0;0
33365;Saint-Aignan;75;33;0;0;0;0;0;0;0;0;0;0;0;0;0;0;0;0;0;0;0;0;0;0;0;0;1;2;0;0;1;0;0;0;0;0;0;0;0
33366;Saint-André-de-Cubzac;75;33;0;1;0;0;0;0;0;0;0;1;0;0;0;0;0;10;3;1;0;0;28;3;0;5;12;27;10;24;15;9;27;3;1;27;21;2;19
33367;Saint-André-du-Bois;75;33;0;0;0;0;0;0;0;0;0;0;0;0;0;0;0;0;0;0;0;1;1;0;0;0;1;2;0;2;0;0;1;0;0;0;0;0;0
33369;Saint-André-et-Appelles;75;33;0;0;0;0;0;0;0;0;0;0;0;0;0;0;0;0;0;0;0;0;1;0;0;0;3;2;0;2;2;0;0;0;0;1;1;0;0
33370;Saint-Androny;75;33;0;0;0;0;0;0;0;0;0;0;0;0;0;0;0;0;0;0;0;1;2;0;0;0;0;1;1;0;2;0;0;0;0;0;0;0;0
33372;Saint-Antoine-du-Queyret;75;33;0;0;0;0;0;0;0;0;0;0;0;0;0;0;0;0;0;0;0;0;0;0;0;0;0;0;0;0;0;0;0;0;0;0;0;0;0
33373;Saint-Antoine-sur-l'Isle;75;33;0;0;0;0;0;0;0;0;0;0;0;0;0;0;0;0;0;0;0;0;0;0;0;0;1;0;4;0;0;0;1;0;0;3;1;0;0
33374;Saint-Aubin-de-Blaye;75;33;0;0;0;0;0;0;0;0;0;0;0;0;0;0;0;0;0;1;1;0;5;1;0;0;1;0;1;4;3;0;1;2;1;2;0;0;0
33375;Saint-Aubin-de-Branne;75;33;0;0;0;0;0;0;0;0;0;0;0;0;0;0;0;0;0;0;0;0;1;0;0;0;3;1;0;0;0;0;0;2;0;0;0;0;0
33376;Saint-Aubin-de-Médoc;75;33;0;0;0;0;0;0;0;0;0;0;0;0;0;0;0;1;0;1;0;0;3;1;0;1;3;6;3;13;4;3;6;3;0;7;2;0;6
33377;Saint-Avit-de-Soulège;75;33;0;0;0;0;0;0;0;0;0;0;0;0;0;0;0;0;0;0;0;0;0;0;0;0;0;1;0;0;0;0;0;0;0;0;0;0;0
33378;Saint-Avit-Saint-Nazaire;75;33;0;0;0;0;0;0;0;0;0;0;0;0;0;0;0;0;0;0;0;0;5;0;0;0;5;5;4;4;2;0;5;0;0;1;1;0;0
33379;Saint-Brice;75;33;0;0;0;0;0;0;0;0;0;0;0;0;0;0;0;0;0;0;0;0;1;0;0;0;1;0;1;2;1;0;1;0;0;1;0;0;0
33380;Saint-Caprais-de-Blaye;75;33;0;0;0;0;0;0;0;0;0;0;0;0;0;0;0;0;0;0;0;0;1;0;0;0;2;0;0;0;0;0;0;0;0;1;0;0;1
33381;Saint-Caprais-de-Bordeaux;75;33;0;0;0;0;0;0;0;0;0;0;0;0;0;0;0;0;0;1;0;0;7;0;0;0;4;6;7;6;4;0;3;0;0;5;1;0;1
33382;Saint-Christoly-de-Blaye;75;33;0;0;0;0;0;0;0;0;0;0;0;0;0;0;0;0;1;1;0;0;4;0;0;1;9;9;1;6;2;0;3;0;0;3;1;1;1
33383;Saint-Christoly-Médoc;75;33;0;0;0;0;0;0;0;0;0;0;0;0;0;0;0;0;0;0;0;1;0;0;0;0;0;1;0;0;0;0;0;0;0;1;0;0;0
33384;Saint-Christophe-des-Bardes;75;33;0;0;0;0;0;0;0;0;0;0;0;0;0;0;0;0;0;0;0;0;1;0;0;0;0;2;0;0;1;0;0;0;0;2;0;0;0
33385;Saint-Christophe-de-Double;75;33;0;0;0;0;0;0;0;0;0;0;0;0;0;0;0;0;0;0;0;0;0;0;0;0;1;3;3;0;1;0;1;0;0;4;1;0;1
33386;Saint-Cibard;75;33;0;0;0;0;0;0;0;0;0;0;0;0;0;0;0;0;0;0;0;0;1;0;0;0;0;1;1;1;0;0;0;0;0;0;0;0;0
33387;Saint-Ciers-d'Abzac;75;33;0;0;0;0;0;0;0;0;0;0;0;0;0;0;0;0;0;0;0;1;0;0;0;0;3;5;3;2;1;1;4;0;0;4;1;0;0
33388;Saint-Ciers-de-Canesse;75;33;0;0;0;0;0;0;0;0;0;0;0;0;0;0;0;0;0;0;0;1;0;0;0;0;1;1;2;1;0;0;1;0;0;0;0;0;0
33389;Saint-Ciers-sur-Gironde;75;33;0;1;0;0;0;0;0;0;0;0;0;0;0;0;0;3;2;1;0;0;5;0;0;0;6;5;2;4;3;2;5;0;0;7;1;1;2
33390;Sainte-Colombe;75;33;0;0;0;0;0;0;0;0;0;0;0;0;0;0;0;0;0;0;0;0;0;0;0;0;2;0;1;2;2;0;0;0;0;0;0;0;0
33391;Saint-Côme;75;33;0;0;0;0;0;0;0;0;0;0;0;0;0;0;0;0;0;0;0;0;0;0;0;0;0;1;1;1;0;0;0;0;0;0;0;0;0
33392;Sainte-Croix-du-Mont;75;33;0;0;0;0;0;0;0;0;0;0;0;0;0;0;0;0;0;0;0;1;3;0;0;0;3;2;0;0;0;0;0;0;0;6;0;0;1
33393;Saint-Denis-de-Pile;75;33;0;0;0;0;0;0;0;0;0;0;0;0;0;0;0;2;1;1;0;0;13;2;0;3;11;11;17;6;8;2;5;1;0;7;2;0;8
33394;Saint-Émilion;75;33;0;1;0;0;0;0;0;0;0;0;0;0;0;0;0;4;0;1;0;0;3;0;1;0;3;0;3;1;3;0;2;1;0;25;4;0;2
33395;Saint-Estèphe;75;33;0;0;0;0;0;0;0;0;0;0;0;0;0;0;0;0;0;0;0;1;6;0;0;0;3;3;0;3;2;0;1;0;0;4;0;0;1
33396;Saint-Étienne-de-Lisse;75;33;0;0;0;0;0;0;0;0;0;0;0;0;0;0;0;0;0;0;0;0;0;0;0;0;0;1;1;0;0;0;0;0;0;0;0;0;1
33397;Sainte-Eulalie;75;33;0;0;0;0;0;0;0;0;0;0;0;0;0;0;0;0;0;1;0;0;9;1;0;2;10;18;9;18;11;4;10;1;0;17;5;1;2
33398;Saint-Exupéry;75;33;0;0;0;0;0;0;0;0;0;0;0;0;0;0;0;0;0;0;0;0;0;0;0;0;0;0;0;1;0;0;0;0;0;0;0;0;0
33399;Saint-Félix-de-Foncaude;75;33;0;0;0;0;0;0;0;0;0;0;0;0;0;0;0;0;0;0;0;0;0;0;0;0;2;0;1;2;1;0;0;0;0;0;1;0;0
33400;Saint-Ferme;75;33;0;0;0;0;0;0;0;0;0;0;0;0;0;0;0;0;0;0;0;1;0;0;0;0;0;0;1;0;1;0;1;0;0;0;0;0;0
33401;Sainte-Florence;75;33;0;0;0;0;0;0;0;0;0;0;0;0;0;0;0;0;0;0;0;0;1;0;0;0;0;1;0;0;0;0;0;0;0;0;0;0;0
33402;Sainte-Foy-la-Grande;75;33;0;1;0;0;0;0;0;0;0;1;0;0;2;0;0;9;0;1;0;0;5;0;0;3;5;7;1;3;3;1;15;0;3;21;11;3;5
33403;Sainte-Foy-la-Longue;75;33;0;0;0;0;0;0;0;0;0;0;0;0;0;0;0;0;0;0;0;0;0;0;0;0;1;0;0;0;0;0;0;0;0;0;1;0;0
33404;Sainte-Gemme;75;33;0;0;0;0;0;0;0;0;0;0;0;0;0;0;0;0;0;0;0;0;0;0;0;0;0;1;1;0;0;1;0;0;0;0;0;0;0
33405;Saint-Genès-de-Blaye;75;33;0;0;0;0;0;0;0;0;0;0;0;0;0;0;0;0;0;0;0;0;0;0;0;0;0;0;0;1;0;0;0;0;0;0;0;0;1
33406;Saint-Genès-de-Castillon;75;33;0;0;0;0;0;0;0;0;0;0;0;0;0;0;0;0;0;0;0;0;1;0;0;0;0;0;3;0;1;0;1;0;0;2;1;0;1
33407;Saint-Genès-de-Fronsac;75;33;0;0;0;0;0;0;0;0;0;0;0;0;0;0;0;0;0;0;0;0;1;0;0;1;2;1;2;0;1;0;0;0;0;1;0;0;1
33408;Saint-Genès-de-Lombaud;75;33;0;0;0;0;0;0;0;0;0;0;0;0;0;0;0;0;0;0;0;0;0;0;0;0;1;0;0;1;1;1;0;0;0;0;1;0;0
33409;Saint-Genis-du-Bois;75;33;0;0;0;0;0;0;0;0;0;0;0;0;0;0;0;0;0;0;0;0;1;0;0;0;1;0;1;1;0;0;0;0;0;0;0;0;0
33411;Saint-Germain-de-Grave;75;33;0;0;0;0;0;0;0;0;0;0;0;0;0;0;0;0;0;0;0;0;2;0;0;0;0;0;0;0;0;0;0;0;0;1;0;0;0
33412;Saint-Germain-d'Esteuil;75;33;0;0;0;0;0;0;0;0;0;0;0;0;0;0;0;0;0;0;2;0;3;0;0;0;7;4;4;3;6;0;1;0;0;4;0;0;0
33413;Saint-Germain-du-Puch;75;33;0;0;0;0;0;0;0;0;0;0;0;0;0;0;0;2;1;1;0;0;1;0;0;0;7;2;8;5;3;1;2;0;0;4;2;0;1
33414;Saint-Germain-de-la-Rivière;75;33;0;0;0;0;0;0;0;0;0;0;0;0;0;0;0;0;0;0;0;0;1;0;0;0;3;2;2;0;2;0;1;0;0;1;0;0;0
33415;Saint-Gervais;75;33;0;0;0;0;0;0;0;0;0;0;0;0;0;0;0;0;0;1;0;0;3;0;1;0;1;5;3;4;3;2;2;0;0;2;1;0;3
33416;Saint-Girons-d'Aiguevives;75;33;0;0;0;0;0;0;0;0;0;0;0;0;0;0;0;0;0;0;0;1;1;0;0;0;4;3;3;0;1;2;0;0;0;0;1;0;0
33417;Sainte-Hélène;75;33;0;0;0;0;0;0;0;0;0;0;0;0;0;0;0;0;0;0;0;1;4;0;1;1;10;4;10;3;1;2;4;1;0;6;2;0;2
33418;Saint-Hilaire-de-la-Noaille;75;33;0;0;0;0;0;0;0;0;0;0;0;0;0;0;0;0;0;0;0;0;1;0;0;0;1;1;1;0;0;0;0;0;0;0;0;0;0
33419;Saint-Hilaire-du-Bois;75;33;0;0;0;0;0;0;0;0;0;0;0;0;0;0;0;0;0;0;0;0;0;0;0;0;0;0;1;0;0;0;0;0;0;0;0;0;0
33420;Saint-Hippolyte;75;33;0;0;0;0;0;0;0;0;0;0;0;0;0;0;0;0;0;0;0;0;0;0;0;0;0;0;0;0;0;0;0;0;0;0;0;0;0
33421;Saint-Jean-de-Blaignac;75;33;0;0;0;0;0;0;0;0;0;0;0;0;0;0;0;0;0;0;0;1;0;0;0;0;1;0;2;1;0;0;0;0;0;1;0;0;1
33422;Saint-Jean-d'Illac;75;33;0;1;0;0;0;0;0;0;0;0;0;0;0;0;0;5;1;1;0;0;22;1;4;1;7;20;19;20;12;10;10;1;0;19;8;4;8
33423;Saint-Julien-Beychevelle;75;33;0;0;0;0;0;0;0;0;0;0;0;0;0;0;0;0;0;0;1;1;1;0;0;0;1;1;2;1;0;0;2;0;0;4;0;0;0
33424;Saint-Laurent-Médoc;75;33;0;1;0;0;0;0;0;0;0;0;0;0;0;0;0;1;0;1;0;0;8;2;0;1;8;9;11;13;8;1;9;1;0;3;4;1;4
33425;Saint-Laurent-d'Arce;75;33;0;0;0;0;0;0;0;0;0;0;0;0;0;0;0;0;0;0;0;0;7;0;0;0;5;5;8;3;2;2;2;1;0;2;0;0;2
33426;Saint-Laurent-des-Combes;75;33;0;0;0;0;0;0;0;0;0;0;0;0;0;0;0;0;0;0;0;0;2;0;0;0;1;0;0;0;1;1;0;0;0;1;0;0;0
33427;Saint-Laurent-du-Bois;75;33;0;0;0;0;0;0;0;0;0;0;0;0;0;0;0;0;0;0;0;0;1;0;0;0;2;1;0;0;0;0;0;0;0;1;0;0;0
33428;Saint-Laurent-du-Plan;75;33;0;0;0;0;0;0;0;0;0;0;0;0;0;0;0;0;0;0;0;0;0;0;0;0;0;0;1;0;0;0;0;0;0;0;0;0;0
33429;Saint-Léger-de-Balson;75;33;0;0;0;0;0;0;0;0;0;0;0;0;0;0;0;0;0;0;0;0;1;0;0;0;2;0;1;1;1;0;0;0;0;1;0;0;0
33431;Saint-Léon;75;33;0;0;0;0;0;0;0;0;0;0;0;0;0;0;0;0;0;0;0;0;0;0;0;0;1;1;0;2;0;1;1;0;0;0;1;0;0
33432;Saint-Loubert;75;33;0;0;0;0;0;0;0;0;0;0;0;0;0;0;0;0;0;0;0;0;1;0;0;0;0;1;1;2;0;0;1;0;0;0;0;0;0
33433;Saint-Loubès;75;33;0;0;0;0;0;0;0;0;0;1;0;0;0;0;0;7;1;1;0;0;22;1;1;2;21;33;15;27;20;3;10;1;0;9;11;2;11
33434;Saint-Louis-de-Montferrand;75;33;0;0;0;0;0;0;0;0;0;0;0;0;0;0;0;0;0;1;0;0;4;0;0;0;7;9;9;2;3;1;2;0;0;6;2;0;1
33435;Saint-Macaire;75;33;0;0;0;0;0;0;0;0;0;0;0;0;0;0;0;1;0;1;0;0;4;0;0;0;1;6;5;1;2;0;2;0;0;8;2;0;1
33436;Saint-Magne;75;33;0;0;0;0;0;0;0;0;0;0;0;0;0;0;0;0;0;0;1;0;0;0;0;0;1;1;1;2;2;0;2;0;0;1;1;0;1
33437;Saint-Magne-de-Castillon;75;33;0;0;0;0;0;0;0;0;0;0;0;1;0;0;0;0;1;0;0;0;11;1;0;0;3;3;4;3;1;0;4;1;0;1;1;1;0
33438;Saint-Maixant;75;33;0;0;0;0;0;0;0;0;0;0;0;0;0;0;0;0;0;0;0;1;3;0;0;1;2;5;2;4;2;1;1;0;0;0;1;0;1
33439;Saint-Mariens;75;33;0;0;0;0;0;0;0;0;0;0;0;0;0;0;0;0;0;0;0;0;8;0;0;0;5;8;3;3;4;0;2;0;0;2;0;0;2
33440;Saint-Martial;75;33;0;0;0;0;0;0;0;0;0;0;0;0;0;0;0;0;0;0;0;0;2;0;0;0;0;0;0;0;0;0;0;0;0;0;0;0;0
33441;Saint-Martin-Lacaussade;75;33;0;0;0;0;0;0;0;0;0;0;0;0;0;0;0;0;0;0;0;0;2;2;0;0;1;1;2;1;1;0;0;0;0;5;1;0;0
33442;Saint-Martin-de-Laye;75;33;0;0;0;0;0;0;0;0;0;0;0;0;0;0;0;0;0;0;0;0;0;0;0;0;0;1;0;3;1;0;0;0;0;0;0;0;0
33443;Saint-Martin-de-Lerm;75;33;0;0;0;0;0;0;0;0;0;0;0;0;0;0;0;0;0;0;0;0;0;0;0;0;0;0;0;1;1;0;0;0;0;0;0;0;0
33444;Saint-Martin-de-Sescas;75;33;0;0;0;0;0;0;0;0;0;0;0;0;0;0;0;0;0;0;0;0;4;0;0;0;1;3;2;2;1;0;1;0;0;0;0;0;1
33445;Saint-Martin-du-Bois;75;33;0;0;0;0;0;0;0;0;0;0;0;0;0;0;0;0;0;0;0;0;0;0;0;0;1;2;7;1;2;0;0;0;0;0;0;1;1
33446;Saint-Martin-du-Puy;75;33;0;0;0;0;0;0;0;0;0;0;0;0;0;0;0;0;0;0;0;0;0;0;0;0;1;1;0;2;0;0;0;1;0;0;1;0;0
33447;Saint-Médard-de-Guizières;75;33;0;1;0;0;0;0;0;0;0;0;0;0;0;0;0;1;1;1;0;0;2;1;0;1;10;6;10;5;2;3;4;0;0;11;0;0;1
33448;Saint-Médard-d'Eyrans;75;33;0;0;0;0;0;0;0;0;0;0;0;0;0;0;0;0;0;1;0;0;6;0;0;1;8;5;5;3;9;1;3;0;0;3;2;0;3
33449;Saint-Médard-en-Jalles;75;33;0;1;0;0;0;0;0;0;0;0;0;1;0;0;0;10;2;2;0;2;25;2;0;5;25;44;34;42;24;13;40;5;1;62;29;6;31
33450;Saint-Michel-de-Castelnau;75;33;0;0;0;0;0;0;0;0;0;0;0;0;0;0;0;0;0;0;0;1;0;0;0;0;0;0;0;1;1;0;0;0;0;0;0;0;0
33451;Saint-Michel-de-Fronsac;75;33;0;0;0;0;0;0;0;0;0;0;0;0;0;0;0;0;0;0;0;1;0;0;0;0;0;1;2;1;0;1;1;0;0;3;1;0;0
33452;Saint-Michel-de-Rieufret;75;33;0;0;0;0;0;0;0;0;0;0;0;0;0;0;0;0;0;0;0;0;0;0;0;0;2;3;1;1;1;1;3;0;0;0;0;0;0
33453;Saint-Michel-de-Lapujade;75;33;0;0;0;0;0;0;0;0;0;0;0;0;0;0;0;0;0;0;0;0;0;0;0;0;1;0;1;0;0;0;0;0;0;0;0;0;0
33454;Saint-Morillon;75;33;0;0;0;0;0;0;0;0;0;0;0;0;0;0;0;0;0;1;0;0;2;0;0;0;1;0;1;2;3;3;0;0;0;2;2;0;2
33456;Saint-Palais;75;33;0;0;0;0;0;0;0;0;0;0;0;0;0;0;0;0;0;0;0;0;1;0;0;0;0;0;1;0;0;1;0;0;0;1;0;0;0
33457;Saint-Pardon-de-Conques;75;33;0;0;0;0;0;0;0;0;0;0;0;0;0;0;0;0;0;0;0;0;0;0;0;0;0;1;2;0;0;1;0;0;0;0;0;0;0
33458;Saint-Paul;75;33;0;0;0;0;0;0;0;0;0;0;0;0;0;0;0;0;0;0;1;0;3;0;0;0;1;1;0;2;2;0;1;0;0;1;0;0;3
33459;Saint-Pey-d'Armens;75;33;0;0;0;0;0;0;0;0;0;0;0;0;0;0;0;0;0;0;0;0;1;0;0;0;1;0;0;1;0;1;0;0;0;3;0;0;0
33460;Saint-Pey-de-Castets;75;33;0;0;0;0;0;0;0;0;0;0;0;0;0;0;0;0;0;0;0;0;2;0;0;0;0;3;1;4;2;0;1;0;0;1;0;0;1
33461;Saint-Philippe-d'Aiguille;75;33;0;0;0;0;0;0;0;0;0;0;0;0;0;0;0;0;0;0;0;1;2;0;0;0;1;2;1;0;0;1;0;0;0;0;0;0;0
33462;Saint-Philippe-du-Seignal;75;33;0;0;0;0;0;0;0;0;0;0;0;0;0;0;0;0;0;0;0;0;0;0;0;0;1;2;0;3;1;0;1;0;0;1;1;0;1
33463;Saint-Pierre-d'Aurillac;75;33;0;0;0;0;0;0;0;0;0;0;0;0;0;0;0;0;0;1;0;0;2;0;0;0;3;7;3;2;1;0;1;0;0;0;1;0;0
33464;Saint-Pierre-de-Bat;75;33;0;0;0;0;0;0;0;0;0;0;0;0;0;0;0;0;0;0;0;1;0;0;0;0;1;2;1;1;1;0;0;0;0;0;0;0;0
33465;Saint-Pierre-de-Mons;75;33;0;0;0;0;0;0;0;0;0;0;0;0;0;0;0;0;0;0;0;0;0;0;0;0;1;2;4;2;2;0;1;0;0;0;1;1;0
33466;Saint-Quentin-de-Baron;75;33;0;0;0;0;0;0;0;0;0;0;0;0;0;0;0;0;0;0;0;1;3;0;0;0;8;4;6;5;1;0;1;0;0;3;1;0;1
33467;Saint-Quentin-de-Caplong;75;33;0;0;0;0;0;0;0;0;0;0;0;0;0;0;0;0;0;0;0;0;1;0;0;0;2;2;0;1;2;0;0;0;0;0;0;0;0
33468;Sainte-Radegonde;75;33;0;0;0;0;0;0;0;0;0;0;0;0;0;0;0;0;0;0;0;0;2;0;0;0;1;0;0;3;0;0;0;0;0;0;0;0;0
33470;Saint-Romain-la-Virvée;75;33;0;0;0;0;0;0;0;0;0;0;0;0;0;0;0;0;0;0;1;0;3;0;0;0;2;0;3;3;4;0;0;0;0;1;1;0;1
33471;Saint-Sauveur;75;33;0;0;0;0;0;0;0;0;0;0;0;0;0;0;0;0;0;0;1;0;1;0;0;0;4;2;0;1;1;0;2;0;0;3;0;0;0
33472;Saint-Sauveur-de-Puynormand;75;33;0;0;0;0;0;0;0;0;0;0;0;0;0;0;0;0;0;0;0;0;0;0;0;0;1;0;0;0;1;0;0;0;0;0;0;0;0
33473;Saint-Savin;75;33;0;1;0;0;0;0;0;0;0;1;0;0;0;0;0;2;2;1;0;0;6;0;0;1;6;9;5;10;7;1;5;1;0;6;3;0;5
33474;Saint-Selve;75;33;0;0;0;0;0;0;0;0;0;0;0;0;0;0;0;0;0;1;0;0;2;0;0;0;5;9;9;6;4;2;2;0;0;4;3;0;2
33475;Saint-Seurin-de-Bourg;75;33;0;0;0;0;0;0;0;0;0;0;0;0;0;0;0;0;1;0;0;0;3;0;0;0;2;0;0;0;2;0;0;0;0;0;0;0;0
33476;Saint-Seurin-de-Cadourne;75;33;0;0;0;0;0;0;0;0;0;0;0;0;0;0;0;0;0;0;0;1;1;0;0;0;0;2;0;2;1;0;0;0;0;2;0;0;0
33477;Saint-Seurin-de-Cursac;75;33;0;0;0;0;0;0;0;0;0;0;0;0;0;0;0;0;0;1;0;0;2;0;0;0;0;0;3;2;0;0;4;0;0;2;0;0;3
33478;Saint-Seurin-sur-l'Isle;75;33;0;0;0;0;0;0;0;0;0;0;0;0;0;0;0;2;2;1;0;0;9;1;0;2;3;8;3;5;5;0;8;1;1;13;3;1;5
33479;Saint-Sève;75;33;0;0;0;0;0;0;0;0;0;0;0;0;0;0;0;0;0;0;0;0;0;0;0;0;1;1;0;0;1;0;0;0;0;0;0;0;0
33480;Saint-Sulpice-de-Faleyrens;75;33;0;0;0;0;0;0;0;0;0;0;0;0;0;0;0;0;0;0;1;0;4;0;0;0;2;4;1;1;4;0;1;0;0;2;0;0;0
33481;Saint-Sulpice-de-Guilleragues;75;33;0;0;0;0;0;0;0;0;0;0;0;0;0;0;0;0;0;0;0;0;0;0;0;0;0;0;0;1;1;0;0;0;0;0;0;0;0
33482;Saint-Sulpice-de-Pommiers;75;33;0;0;0;0;0;0;0;0;0;0;0;0;0;0;0;0;0;0;0;0;0;0;0;0;2;1;0;0;0;0;0;0;0;0;0;0;0
33483;Saint-Sulpice-et-Cameyrac;75;33;0;0;0;0;0;0;0;0;0;0;0;0;0;0;0;0;0;1;0;0;12;1;0;0;5;14;10;3;2;4;3;3;0;13;9;2;6
33484;Saint-Symphorien;75;33;0;1;0;0;0;0;0;0;0;0;0;0;0;0;0;1;1;1;0;0;5;1;0;0;4;7;3;5;3;2;3;1;0;4;2;0;0
33485;Sainte-Terre;75;33;0;0;0;0;0;0;0;0;0;0;0;0;0;0;0;0;0;1;0;0;4;0;0;0;3;5;3;3;2;0;3;0;0;3;3;0;1
33486;Saint-Trojan;75;33;0;0;0;0;0;0;0;0;0;0;0;0;0;0;0;0;0;0;0;1;0;0;0;0;0;1;1;0;0;0;1;0;0;0;0;0;0
33487;Saint-Vincent-de-Paul;75;33;0;0;0;0;0;0;0;0;0;0;0;0;0;0;0;0;0;0;0;1;7;0;0;0;5;4;2;2;1;1;2;0;0;0;1;0;1
33488;Saint-Vincent-de-Pertignas;75;33;0;0;0;0;0;0;0;0;0;0;0;0;0;0;0;0;0;0;0;0;0;0;0;0;0;0;1;0;1;0;0;0;0;0;0;0;0
33489;Saint-Vivien-de-Blaye;75;33;0;0;0;0;0;0;0;0;0;0;0;0;0;0;0;0;0;0;0;0;0;0;0;0;0;0;0;2;0;0;1;0;0;0;0;0;0
33490;Saint-Vivien-de-Médoc;75;33;0;1;0;0;0;0;0;0;0;0;0;0;0;0;0;1;1;1;0;0;6;2;0;1;5;8;4;5;4;3;3;0;0;9;2;0;2
33491;Saint-Vivien-de-Monségur;75;33;0;0;0;0;0;0;0;0;0;0;0;0;0;0;0;0;0;0;0;0;0;0;0;0;1;0;2;0;0;0;1;0;0;1;1;0;1
33492;Saint-Yzan-de-Soudiac;75;33;0;0;0;0;0;0;0;0;0;0;0;0;0;0;0;0;0;1;0;0;1;0;0;1;2;4;1;1;2;0;2;0;0;2;1;0;3
33493;Saint-Yzans-de-Médoc;75;33;0;0;0;0;0;0;0;0;0;0;0;0;0;0;0;0;0;0;0;1;1;0;0;0;1;2;0;1;0;0;2;0;0;0;0;0;0
33494;Salaunes;75;33;0;0;0;0;0;0;0;0;0;0;0;0;0;0;0;0;0;0;0;1;0;0;0;0;1;4;1;4;2;1;1;0;0;3;1;0;2
33496;Salleboeuf;75;33;0;0;0;0;0;0;0;0;0;0;0;0;0;0;0;0;1;1;0;0;4;0;0;0;4;12;4;2;2;2;2;1;0;5;2;0;4
33498;Salles;75;33;0;0;0;0;0;0;0;0;0;0;0;0;1;0;0;4;1;1;0;0;13;1;0;3;20;11;30;11;13;2;7;1;0;15;15;1;5
33499;Les Salles-de-Castillon;75;33;0;0;0;0;0;0;0;0;0;0;0;0;0;0;0;0;0;0;0;0;0;0;0;0;1;0;0;1;0;0;0;0;0;0;0;0;0
33500;Samonac;75;33;0;0;0;0;0;0;0;0;0;0;0;0;0;0;0;0;0;0;0;0;0;0;0;0;3;0;0;1;2;0;0;0;0;0;1;0;0
33501;Saucats;75;33;0;0;0;0;0;0;0;0;0;0;0;0;0;0;0;0;0;1;1;0;3;0;0;1;12;8;9;8;10;2;4;0;0;3;1;0;2
33502;Saugon;75;33;0;0;0;0;0;0;0;0;0;0;0;0;0;0;0;0;0;0;0;0;1;0;0;0;1;1;0;1;0;0;0;0;0;0;0;0;0
33503;Saumos;75;33;0;0;0;0;0;0;0;0;0;0;0;0;0;0;0;0;0;0;0;1;0;0;0;0;2;1;1;2;2;0;1;0;0;0;1;0;1
33504;Sauternes;75;33;0;0;0;0;0;0;0;0;0;0;0;0;0;0;0;0;0;0;0;1;0;0;0;0;3;2;3;2;1;0;1;0;0;2;1;0;0
33505;La Sauve;75;33;0;0;0;0;0;0;0;0;0;0;0;0;0;0;0;0;0;1;0;0;2;1;0;0;2;5;3;3;4;1;3;2;0;3;2;1;3
33506;Sauveterre-de-Guyenne;75;33;0;1;0;0;0;0;0;0;0;1;0;0;0;0;0;3;2;1;0;0;5;1;0;1;2;6;3;2;2;2;6;1;0;5;4;1;2
33507;Sauviac;75;33;0;0;0;0;0;0;0;0;0;0;0;0;0;0;0;0;0;0;0;0;0;0;0;0;1;2;0;1;0;0;0;0;0;0;0;0;0
33508;Savignac;75;33;0;0;0;0;0;0;0;0;0;0;0;0;0;0;0;0;0;0;0;1;1;0;0;0;1;1;3;1;0;0;0;0;0;0;0;0;0
33509;Savignac-de-l'Isle;75;33;0;0;0;0;0;0;0;0;0;0;0;0;0;0;0;0;0;0;0;0;1;0;0;0;3;1;3;1;0;0;1;0;0;2;1;0;0
33510;Semens;75;33;0;0;0;0;0;0;0;0;0;0;0;0;0;0;0;0;0;0;0;0;0;0;0;0;1;0;0;0;1;0;0;0;0;0;0;0;0
33511;Sendets;75;33;0;0;0;0;0;0;0;0;0;0;0;0;0;0;0;0;0;0;0;1;0;0;0;0;0;1;2;0;0;0;2;0;0;1;0;0;1
33512;Sigalens;75;33;0;0;0;0;0;0;0;0;0;0;0;0;0;0;0;0;0;0;0;0;1;0;0;0;2;0;0;1;1;0;0;0;0;0;1;0;0
33513;Sillas;75;33;0;0;0;0;0;0;0;0;0;0;0;0;0;0;0;0;0;0;0;0;0;0;0;0;0;0;0;0;0;1;1;0;0;0;0;0;0
33514;Soulac-sur-Mer;75;33;0;1;0;0;0;0;0;0;0;1;0;0;0;0;0;4;1;1;0;0;5;0;0;1;10;7;5;11;6;3;4;1;0;43;12;1;3
33515;Soulignac;75;33;0;0;0;0;0;0;0;0;0;0;0;0;0;0;0;0;0;0;0;0;0;0;0;0;1;0;2;1;0;0;1;0;0;0;0;0;1
33516;Soussac;75;33;0;0;0;0;0;0;0;0;0;0;0;0;0;0;0;0;0;0;0;0;1;0;0;0;0;0;1;1;0;0;0;0;0;1;0;0;0
33517;Soussans;75;33;0;0;0;0;0;0;0;0;0;0;0;0;0;0;0;0;0;0;1;0;1;0;0;0;6;4;5;4;4;2;4;0;0;0;1;1;1
33518;Tabanac;75;33;0;0;0;0;0;0;0;0;0;0;0;0;0;0;0;0;0;0;0;0;1;1;0;0;1;1;6;1;0;2;0;0;0;1;0;0;2
33519;Le Taillan-Médoc;75;33;0;0;0;0;0;0;0;0;0;0;0;0;0;0;0;6;0;1;0;0;11;0;0;1;10;13;13;23;6;5;11;2;0;9;10;0;7
33520;Taillecavat;75;33;0;0;0;0;0;0;0;0;0;0;0;0;0;0;0;0;0;0;0;0;0;0;0;0;2;0;3;0;1;0;1;0;0;0;0;0;0
33521;Talais;75;33;0;0;0;0;0;0;0;0;0;0;0;0;0;0;0;0;0;0;0;1;1;0;0;0;5;4;1;0;2;1;2;0;0;7;1;0;0
33522;Talence;75;33;1;0;0;0;0;0;0;0;0;2;0;0;0;0;0;16;3;2;1;1;22;3;1;12;18;55;20;36;31;11;33;5;0;79;47;11;39
33523;Targon;75;33;0;1;0;0;0;0;0;0;0;0;0;0;0;0;0;2;2;1;0;0;6;0;0;1;12;4;3;6;3;1;6;0;0;3;1;2;3
33524;Tarnès;75;33;0;0;0;0;0;0;0;0;0;0;0;0;0;0;0;0;0;0;0;0;0;0;0;0;0;0;1;1;1;0;0;0;0;0;0;0;0
33525;Tauriac;75;33;0;0;0;0;0;0;0;0;0;0;0;0;0;0;0;0;0;0;0;1;1;0;0;0;5;5;7;7;2;2;1;0;0;0;0;0;2
33526;Tayac;75;33;0;0;0;0;0;0;0;0;0;0;0;0;0;0;0;0;0;0;0;0;1;0;0;0;0;3;0;1;0;0;1;0;0;0;0;0;0
33527;Le Teich;75;33;0;0;0;0;0;0;0;0;0;0;0;0;0;0;0;1;0;1;0;0;6;0;0;2;10;22;13;13;16;5;13;2;0;9;2;2;5
33528;Le Temple;75;33;0;0;0;0;0;0;0;0;0;0;0;0;0;0;0;0;0;0;0;1;1;0;0;0;1;3;3;2;4;0;0;0;0;2;0;0;1
33529;La Teste-de-Buch;75;33;1;0;0;0;0;0;0;0;0;0;0;1;0;0;0;14;3;3;0;1;43;5;4;8;52;66;66;53;47;27;52;4;1;135;73;9;47
33530;Teuillac;75;33;0;0;0;0;0;0;0;0;0;0;0;0;0;0;0;0;0;0;0;1;1;0;0;0;3;3;1;2;3;0;2;0;0;1;0;0;2
33531;Tizac-de-Curton;75;33;0;0;0;0;0;0;0;0;0;0;0;0;0;0;0;0;0;0;0;0;1;0;0;0;2;3;0;1;1;1;0;0;0;0;1;0;0
33532;Tizac-de-Lapouyade;75;33;0;0;0;0;0;0;0;0;0;0;0;0;0;0;0;0;0;0;0;0;0;0;0;0;0;1;1;1;0;1;0;0;0;1;0;0;0
33533;Toulenne;75;33;0;0;0;0;0;0;0;0;0;0;0;0;0;0;0;0;5;1;0;0;5;1;0;0;3;8;2;3;3;3;7;1;0;4;1;1;2
33534;Le Tourne;75;33;0;0;0;0;0;0;0;0;0;0;0;0;0;0;0;0;0;0;0;0;1;0;0;0;3;2;2;2;2;2;2;0;0;1;0;0;1
33535;Tresses;75;33;0;1;0;0;0;0;0;0;0;0;0;0;0;0;0;1;2;1;0;0;10;1;2;0;9;11;10;9;11;4;7;1;0;7;4;0;5
33536;Le Tuzan;75;33;0;0;0;0;0;0;0;0;0;0;0;0;0;0;0;0;0;0;0;1;0;0;0;0;2;0;1;3;1;0;1;0;0;0;0;0;0
33537;Uzeste;75;33;0;0;0;0;0;0;0;0;0;0;0;0;0;0;0;0;0;0;0;1;1;0;0;0;2;3;0;0;1;0;0;1;0;1;0;0;0
33538;Valeyrac;75;33;0;0;0;0;0;0;0;0;0;0;0;0;0;0;0;0;0;0;0;1;0;0;0;0;0;1;0;1;0;0;0;0;0;2;0;0;0
33539;Vayres;75;33;0;0;0;0;0;0;0;0;0;0;0;0;0;0;0;1;0;1;0;0;5;0;0;0;1;9;9;6;9;1;4;1;0;6;3;0;7
33540;Vendays-Montalivet;75;33;0;0;0;0;0;0;0;0;0;0;0;0;0;0;0;1;0;1;2;1;4;0;0;0;4;7;10;6;7;2;7;0;0;56;8;2;2
33541;Vensac;75;33;0;0;0;0;0;0;0;0;0;0;0;0;0;0;0;0;0;0;0;1;3;0;0;0;6;3;5;1;3;0;2;0;0;7;0;0;1
33542;Vérac;75;33;0;0;0;0;0;0;0;0;0;0;0;0;0;0;0;0;0;0;0;1;0;0;0;0;3;2;2;3;0;2;0;0;0;0;1;0;0
33543;Verdelais;75;33;0;0;0;0;0;0;0;0;0;0;0;0;0;0;0;0;0;0;0;1;2;0;0;0;3;0;0;1;2;1;0;0;0;1;0;0;2
33544;Le Verdon-sur-Mer;75;33;0;0;0;0;0;0;0;0;0;0;0;0;0;0;0;1;0;1;0;0;1;0;0;1;4;1;3;6;0;0;5;0;0;23;3;2;1
33545;Vertheuil;75;33;0;0;0;0;0;0;0;0;0;0;0;0;0;0;0;0;0;0;0;1;1;0;0;0;1;3;1;1;1;1;1;0;0;1;1;1;1
33546;Vignonet;75;33;0;0;0;0;0;0;0;0;0;0;0;0;0;0;0;0;0;0;0;1;1;1;0;0;1;0;1;1;0;0;0;0;0;2;0;0;0
33547;Villandraut;75;33;0;1;0;0;0;0;0;0;0;0;0;0;0;0;0;0;0;1;0;0;2;0;0;1;0;2;3;3;3;0;2;0;0;4;1;1;4
33548;Villegouge;75;33;0;1;0;0;0;0;0;0;0;0;0;0;0;0;0;0;0;0;0;1;2;0;0;0;4;2;2;2;2;0;1;0;0;0;1;0;0
33549;Villenave-de-Rions;75;33;0;0;0;0;0;0;0;0;0;0;0;0;0;0;0;0;0;0;0;0;1;0;0;0;1;1;0;1;2;0;0;0;0;0;0;0;0
33550;Villenave-d'Ornon;75;33;1;0;0;0;0;0;0;0;0;1;0;0;0;0;0;13;2;3;0;0;42;4;0;7;60;93;46;53;39;14;45;7;4;65;36;3;23
33551;Villeneuve;75;33;0;0;0;0;0;0;0;0;0;0;0;0;0;0;0;0;0;0;0;0;2;0;0;0;1;0;3;0;0;0;0;0;0;1;0;0;0
33552;Virelade;75;33;0;0;0;0;0;0;0;0;0;0;0;0;0;0;0;0;0;0;0;0;0;0;0;0;1;0;2;6;9;0;1;0;0;2;2;0;2
33553;Virsac;75;33;0;0;0;0;0;0;0;0;0;0;0;0;0;0;0;0;0;0;0;0;1;0;0;0;7;6;3;7;1;1;0;0;0;2;0;0;2
33554;Yvrac;75;33;0;0;0;0;0;0;0;0;0;0;0;0;0;0;0;0;0;0;0;0;13;2;0;0;12;11;9;6;9;4;2;0;0;9;2;0;2
33555;Marcheprime;75;33;0;0;0;0;0;0;0;0;0;0;0;0;0;0;0;3;0;1;0;0;8;1;0;1;6;13;7;6;6;1;5;1;1;9;7;1;3
34001;Abeilhan;76;34;0;0;0;0;0;0;0;0;0;0;0;0;0;0;0;1;0;1;0;0;2;0;0;0;11;6;4;7;4;0;3;0;0;2;3;0;1
34002;Adissan;76;34;0;0;0;0;0;0;0;0;0;0;0;0;0;0;0;2;0;0;0;1;2;0;0;0;7;4;2;1;0;0;0;0;0;1;0;0;0
34003;Agde;76;34;1;1;0;0;0;0;0;0;0;1;0;1;0;1;0;18;5;4;0;0;46;4;1;11;95;76;42;50;55;21;69;9;2;494;117;20;49
34004;Agel;76;34;0;0;0;0;0;0;0;0;0;0;0;0;0;0;0;1;0;0;0;1;0;0;0;0;1;0;0;0;1;0;0;0;0;0;1;0;0
34005;Agonès;76;34;0;0;0;0;0;0;0;0;0;0;0;0;0;0;0;0;0;0;0;0;2;0;0;0;2;2;1;1;1;0;0;0;0;1;1;0;0
34006;Aigne;76;34;0;0;0;0;0;0;0;0;0;0;0;0;0;0;0;1;0;0;0;1;0;0;0;0;1;0;1;0;0;1;1;0;0;1;0;0;0
34007;Aigues-Vives;76;34;0;0;0;0;0;0;0;0;0;0;0;0;0;0;0;1;0;0;0;1;2;0;0;0;2;3;4;1;2;0;1;0;0;2;0;0;0
34008;Les Aires;76;34;0;0;0;0;0;0;0;0;0;0;0;0;0;0;0;0;0;0;0;0;0;0;0;0;4;1;1;1;0;0;2;0;0;4;1;0;1
34009;Alignan-du-Vent;76;34;0;0;0;0;0;0;0;0;0;0;0;0;0;0;0;1;0;1;0;0;2;0;0;0;7;6;4;2;1;0;1;0;0;3;2;0;2
34010;Aniane;76;34;0;1;0;0;0;0;0;0;0;0;0;0;0;0;0;1;1;1;0;0;3;0;0;1;11;12;4;7;9;0;6;0;0;15;3;0;2
34011;Arboras;76;34;0;0;0;0;0;0;0;0;0;0;0;0;0;0;0;0;0;0;0;0;0;0;0;0;0;0;0;0;0;0;0;0;0;0;0;0;0
34012;Argelliers;76;34;0;0;0;0;0;0;0;0;0;0;0;0;0;0;0;0;0;0;1;0;1;0;0;0;3;8;3;1;1;0;0;0;0;1;0;0;0
34013;Aspiran;76;34;0;0;0;0;0;0;0;0;0;0;0;0;0;0;0;0;1;0;1;0;6;0;0;0;13;7;2;5;2;1;1;0;0;4;0;0;2
34014;Assas;76;34;0;0;0;0;0;0;0;0;0;0;0;0;0;0;0;0;0;0;0;1;1;0;0;0;2;2;3;3;3;0;1;0;0;1;5;1;1
34015;Assignan;76;34;0;0;0;0;0;0;0;0;0;0;0;0;0;0;0;0;0;0;0;0;0;0;0;0;1;0;0;0;0;1;0;0;0;0;0;0;0
34016;Aumelas;76;34;0;0;0;0;0;0;0;0;0;0;0;0;0;0;0;0;0;0;0;0;0;0;0;0;2;0;3;0;3;1;0;0;0;1;0;0;1
34017;Aumes;76;34;0;0;0;0;0;0;0;0;0;0;0;0;0;0;0;0;0;0;0;1;0;0;0;0;0;2;2;0;2;0;0;0;0;0;0;0;0
34018;Autignac;76;34;0;0;0;0;0;0;0;0;0;0;0;0;0;0;0;0;0;1;0;0;0;0;0;0;5;2;4;2;3;2;0;0;0;1;3;0;0
34019;Avène;76;34;0;0;0;0;0;0;0;0;0;0;0;0;0;0;0;0;0;0;0;1;0;0;0;0;0;2;0;0;1;0;0;0;0;3;0;0;0
34020;Azillanet;76;34;0;0;0;0;0;0;0;0;0;0;0;0;0;0;0;1;0;0;0;1;0;0;0;0;1;0;0;0;0;0;0;0;0;1;0;0;0
34021;Babeau-Bouldoux;76;34;0;0;0;0;0;0;0;0;0;0;0;0;0;0;0;0;0;0;0;0;0;0;0;0;1;0;0;1;0;0;0;0;0;0;0;0;0
34022;Baillargues;76;34;0;0;0;0;0;0;0;0;0;0;0;0;0;0;0;5;1;1;0;0;23;1;4;2;19;20;11;23;16;10;13;2;0;19;13;2;16
34023;Balaruc-les-Bains;76;34;0;0;0;0;0;0;0;0;0;0;0;0;0;0;0;5;0;2;0;0;4;1;0;2;8;16;16;14;14;2;16;1;0;51;20;4;9
34024;Balaruc-le-Vieux;76;34;0;0;0;0;0;0;0;0;0;0;0;0;0;0;0;3;0;0;0;1;6;0;0;0;6;7;4;5;8;0;6;1;0;11;9;0;3
34025;Bassan;76;34;0;0;0;0;0;0;0;0;0;0;0;0;0;0;0;0;0;0;0;1;3;0;0;1;9;4;5;5;5;0;4;0;0;2;1;0;3
34026;Beaufort;76;34;0;0;0;0;0;0;0;0;0;0;0;0;0;0;0;0;0;0;0;1;0;0;0;0;1;0;0;1;0;0;0;0;0;1;0;0;0
34027;Beaulieu;76;34;0;0;0;0;0;0;0;0;0;0;0;0;0;0;0;0;0;0;0;1;2;0;1;0;2;3;5;4;5;2;1;0;0;1;1;0;2
34028;Bédarieux;76;34;0;1;0;0;0;0;0;0;0;2;0;0;1;0;0;5;2;1;0;0;11;1;0;3;21;15;13;11;10;3;13;3;0;25;4;3;4
34029;Bélarga;76;34;0;0;0;0;0;0;0;0;0;0;0;0;0;0;0;0;0;0;0;1;1;0;0;0;5;1;0;0;2;0;0;0;0;1;0;0;0
34030;Berlou;76;34;0;0;0;0;0;0;0;0;0;0;0;0;0;0;0;1;0;0;0;0;0;0;0;0;1;1;2;0;1;0;0;0;0;2;0;0;0
34031;Bessan;76;34;0;0;0;0;0;0;0;0;0;0;0;0;0;0;0;3;3;1;0;0;10;1;0;1;16;14;6;6;10;3;11;1;0;18;11;1;6
34032;Béziers;76;34;1;1;0;1;1;1;1;1;0;12;0;2;0;0;0;47;6;5;0;0;141;14;16;24;333;208;82;102;93;49;153;14;27;374;135;17;92
34033;Boisseron;76;34;0;0;0;0;0;0;0;0;0;0;0;0;0;0;0;0;0;1;0;0;2;0;0;0;5;7;0;2;6;3;1;0;0;3;3;0;4
34034;Boisset;76;34;0;0;0;0;0;0;0;0;0;0;0;0;0;0;0;0;0;0;0;0;0;0;0;0;0;0;0;0;0;0;0;0;0;0;0;0;0
34035;La Boissière;76;34;0;0;0;0;0;0;0;0;0;0;0;0;0;0;0;0;0;0;0;1;0;0;0;0;2;2;1;2;2;0;2;0;0;1;1;1;0
34036;Le Bosc;76;34;0;0;0;0;0;0;0;0;0;0;0;0;0;0;0;1;0;0;0;0;4;0;0;0;8;2;4;3;5;1;2;0;0;5;1;1;2
34037;Boujan-sur-Libron;76;34;0;0;0;0;0;0;0;0;0;0;0;0;0;0;0;0;1;1;0;0;4;0;1;0;24;6;6;2;5;4;6;1;0;7;6;0;5
34038;Le Bousquet-d'Orb;76;34;0;1;0;0;0;0;0;0;0;0;0;0;0;0;0;0;1;1;0;0;5;0;0;0;10;1;5;1;1;0;3;0;0;3;1;0;0
34039;Bouzigues;76;34;0;0;0;0;0;0;0;0;0;0;0;0;0;0;0;0;0;1;0;0;6;1;0;0;7;3;3;2;3;0;4;0;0;23;6;0;3
34040;Brenas;76;34;0;0;0;0;0;0;0;0;0;0;0;0;0;0;0;0;0;0;0;0;0;0;0;0;0;0;0;0;1;0;0;0;0;0;0;0;0
34041;Brignac;76;34;0;0;0;0;0;0;0;0;0;0;0;0;0;0;0;0;0;0;0;0;0;0;0;0;5;3;0;0;3;0;0;0;0;2;0;0;1
34042;Brissac;76;34;0;0;0;0;0;0;0;0;0;0;0;0;0;0;0;0;0;1;0;0;0;0;0;0;2;0;2;2;1;0;0;0;0;1;0;0;1
34043;Buzignargues;76;34;0;0;0;0;0;0;0;0;0;0;0;0;0;0;0;0;0;0;0;0;0;0;0;0;1;4;0;2;1;0;0;0;0;0;0;0;0
34044;Cabrerolles;76;34;0;0;0;0;0;0;0;0;0;0;0;0;0;0;0;0;0;0;0;0;0;0;0;0;3;1;3;0;0;0;0;0;0;0;0;0;0
34045;Cabrières;76;34;0;0;0;0;0;0;0;0;0;0;0;0;0;0;0;0;0;0;0;1;1;0;0;0;2;1;0;2;1;1;0;0;0;1;0;0;0
34046;Cambon-et-Salvergues;76;34;0;0;0;0;0;0;0;0;0;0;0;0;0;0;0;0;0;0;0;0;0;0;0;0;0;0;0;1;0;0;0;0;0;3;0;0;0
34047;Campagnan;76;34;0;0;0;0;0;0;0;0;0;0;0;0;0;0;0;0;0;0;0;1;1;0;0;0;4;3;0;1;0;0;0;0;0;1;1;0;0
34048;Campagne;76;34;0;0;0;0;0;0;0;0;0;0;0;0;0;0;0;0;0;0;0;0;0;0;0;0;3;0;1;2;1;0;1;0;0;0;0;0;0
34049;Camplong;76;34;0;0;0;0;0;0;0;0;0;0;0;0;0;0;0;0;1;0;0;1;0;0;0;0;2;0;0;1;0;0;0;0;0;2;0;0;0
34050;Candillargues;76;34;0;0;0;0;0;0;0;0;0;0;0;0;0;0;0;0;0;0;0;1;0;0;0;0;2;5;1;4;8;0;1;0;0;2;1;0;3
34051;Canet;76;34;0;0;0;0;0;0;0;0;0;0;0;0;0;0;0;2;0;1;0;0;6;0;0;0;14;5;11;10;4;0;6;0;0;10;2;0;4
34052;Capestang;76;34;0;1;0;0;0;0;0;0;0;1;0;0;0;0;0;3;2;1;0;0;4;1;0;2;14;6;3;7;12;3;8;4;0;14;4;2;3
34053;Carlencas-et-Levas;76;34;0;0;0;0;0;0;0;0;0;0;0;0;0;0;0;0;0;0;0;0;0;0;0;0;0;0;0;0;0;0;0;0;0;0;0;0;0
34054;Cassagnoles;76;34;0;0;0;0;0;0;0;0;0;0;0;0;0;0;0;0;0;0;0;0;0;0;0;0;2;0;0;0;0;0;0;0;0;0;0;0;0
34055;Castanet-le-Haut;76;34;0;0;0;0;0;0;0;0;0;0;0;0;0;0;0;0;0;0;0;0;0;0;0;0;1;0;0;1;0;0;0;0;0;0;0;0;0
34056;Castelnau-de-Guers;76;34;0;0;0;0;0;0;0;0;0;0;0;0;0;0;0;0;0;0;0;1;2;0;0;0;4;3;0;4;1;0;2;0;0;3;0;0;0
34057;Castelnau-le-Lez;76;34;0;1;0;0;0;0;0;0;0;0;0;1;0;0;0;16;4;1;0;0;43;3;2;7;58;39;28;39;34;14;28;4;9;64;60;6;25
34058;Castries;76;34;0;1;0;0;0;0;0;0;0;1;0;0;0;0;0;5;1;1;0;0;16;1;0;3;15;17;14;25;18;2;11;2;0;19;10;1;11
34059;La Caunette;76;34;0;0;0;0;0;0;0;0;0;0;0;0;0;0;0;1;0;0;0;1;0;0;0;0;2;3;1;0;2;0;0;0;0;1;0;0;0
34060;Causse-de-la-Selle;76;34;0;0;0;0;0;0;0;0;0;0;0;0;0;0;0;0;0;0;0;1;0;0;0;0;1;1;1;0;0;0;1;0;0;1;0;0;0
34061;Causses-et-Veyran;76;34;0;0;0;0;0;0;0;0;0;0;0;0;0;0;0;0;0;0;0;1;1;0;0;0;2;1;5;3;1;0;0;0;0;0;0;0;0
34062;Caussiniojouls;76;34;0;0;0;0;0;0;0;0;0;0;0;0;0;0;0;0;0;0;0;0;0;0;0;0;0;0;0;0;1;0;0;0;0;0;0;0;0
34063;Caux;76;34;0;0;0;0;0;0;0;0;0;0;0;0;0;0;0;1;0;1;0;0;2;0;0;0;9;8;3;4;6;1;3;0;0;6;4;0;1
34064;Le Caylar;76;34;0;1;0;0;0;0;0;0;0;0;0;0;0;0;0;0;0;1;0;0;1;0;0;0;1;0;1;0;1;1;1;0;0;5;0;0;0
34065;Cazedarnes;76;34;0;0;0;0;0;0;0;0;0;0;0;0;0;0;0;1;0;0;0;1;2;0;0;0;7;1;1;0;1;1;0;0;0;0;1;0;1
34066;Cazevieille;76;34;0;0;0;0;0;0;0;0;0;0;0;0;0;0;0;0;0;0;0;0;0;0;0;0;0;0;1;0;3;0;1;0;0;0;0;0;0
34067;Cazilhac;76;34;0;0;0;0;0;0;0;0;0;0;0;0;0;0;0;0;0;0;0;0;3;0;0;0;10;7;3;5;4;1;2;0;0;2;1;0;1
34068;Cazouls-d'Hérault;76;34;0;0;0;0;0;0;0;0;0;0;0;0;0;0;0;0;0;0;0;1;0;0;0;0;2;2;1;1;1;0;1;0;0;1;1;0;0
34069;Cazouls-lès-Béziers;76;34;0;0;0;0;0;0;0;0;0;0;0;0;0;0;0;4;1;1;0;0;13;1;1;1;17;16;8;9;9;1;8;1;0;13;7;1;2
34070;Cébazan;76;34;0;0;0;0;0;0;0;0;0;0;0;0;0;0;0;0;0;0;0;1;0;0;0;0;1;1;2;0;0;1;1;0;0;0;0;0;0
34071;Ceilhes-et-Rocozels;76;34;0;0;0;0;0;0;0;0;0;0;0;0;0;0;0;0;0;0;0;1;0;0;0;0;1;2;1;0;0;1;1;0;0;4;1;0;0
34072;Celles;76;34;0;0;0;0;0;0;0;0;0;0;0;0;0;0;0;0;0;0;0;0;0;0;0;0;0;0;2;0;0;0;0;0;0;0;0;0;0
34073;Cers;76;34;0;0;0;0;0;0;0;0;0;0;0;0;0;0;0;0;1;1;0;0;6;0;0;0;8;3;6;6;4;2;4;0;0;2;0;0;1
34074;Cessenon-sur-Orb;76;34;0;0;0;0;0;0;0;0;0;0;0;0;0;0;0;1;0;1;0;0;5;0;0;0;9;6;8;2;8;3;4;0;0;7;7;0;3
34075;Cesseras;76;34;0;0;0;0;0;0;0;0;0;0;0;0;0;0;0;0;0;0;0;1;0;0;0;0;2;2;0;0;0;0;0;0;0;2;0;0;0
34076;Ceyras;76;34;0;0;0;0;0;0;0;0;0;0;0;0;0;0;0;0;0;0;0;1;1;0;0;0;8;4;5;2;1;0;1;0;0;0;2;0;3
34077;Clapiers;76;34;0;1;0;0;0;0;0;0;0;0;0;0;0;0;0;2;2;1;0;0;7;0;0;1;6;8;3;9;8;4;6;2;0;10;3;0;4
34078;Claret;76;34;0;0;0;0;0;0;0;0;0;0;0;0;0;0;0;1;0;1;0;0;1;0;0;0;9;2;2;3;3;0;2;0;0;2;0;0;0
34079;Clermont-l'Hérault;76;34;0;1;0;0;0;0;0;0;0;1;0;1;0;0;0;10;6;1;0;0;20;3;0;4;36;19;15;9;13;4;22;1;9;42;13;2;24
34080;Colombières-sur-Orb;76;34;0;0;0;0;0;0;0;0;0;0;0;0;0;0;0;0;0;0;0;1;0;0;0;0;6;0;1;2;2;1;0;0;0;4;0;0;1
34081;Colombiers;76;34;0;0;0;0;0;0;0;0;0;0;0;0;0;0;0;2;1;1;0;0;11;1;0;0;18;9;3;4;10;0;4;1;0;14;5;0;5
34082;Combaillaux;76;34;0;0;0;0;0;0;0;0;0;0;0;0;0;0;0;0;0;0;0;0;1;0;0;0;4;2;4;4;0;0;0;0;0;3;2;0;1
34083;Combes;76;34;0;0;0;0;0;0;0;0;0;0;0;0;0;0;0;0;1;0;0;0;0;0;0;0;0;0;0;0;0;0;1;0;0;1;0;0;0
34084;Corneilhan;76;34;0;0;0;0;0;0;0;0;0;0;0;0;0;0;0;0;0;1;0;0;1;0;0;1;2;7;0;6;3;1;6;0;0;1;1;0;3
34085;Coulobres;76;34;0;0;0;0;0;0;0;0;0;0;0;0;0;0;0;0;0;0;0;0;0;0;0;0;2;0;0;0;1;0;0;0;0;0;2;0;0
34086;Courniou;76;34;0;0;0;0;0;0;0;0;0;0;0;0;0;0;0;0;1;0;0;1;2;0;0;0;3;1;0;0;0;0;1;0;0;4;0;0;0
34087;Cournonsec;76;34;0;0;0;0;0;0;0;0;0;0;0;0;0;0;0;1;0;1;0;0;8;0;0;0;5;8;7;6;11;2;4;0;0;3;4;2;3
34088;Cournonterral;76;34;0;0;0;0;0;0;0;0;0;1;0;0;0;0;0;4;0;1;0;0;9;1;0;1;26;20;10;9;14;2;7;1;0;8;3;0;8
34089;Creissan;76;34;0;0;0;0;0;0;0;0;0;0;0;0;0;0;0;0;0;0;0;1;3;0;0;0;6;4;6;3;3;0;2;0;0;3;3;1;1
34090;Le Crès;76;34;0;0;0;0;0;0;0;0;0;0;0;0;0;0;0;7;1;1;0;0;32;2;1;1;36;18;25;16;10;5;15;3;0;28;12;3;13
34091;Le Cros;76;34;0;0;0;0;0;0;0;0;0;0;0;0;0;0;0;0;0;0;0;0;0;0;0;0;0;0;0;0;1;0;0;0;0;0;0;0;0
34092;Cruzy;76;34;0;0;0;0;0;0;0;0;0;0;0;0;0;0;0;1;1;1;0;0;1;0;0;0;6;3;1;2;3;0;1;0;0;2;0;0;2
34093;Dio-et-Valquières;76;34;0;0;0;0;0;0;0;0;0;0;0;0;0;0;0;0;0;0;0;0;0;0;0;0;1;0;1;0;0;0;0;0;0;0;0;0;0
34094;Espondeilhan;76;34;0;0;0;0;0;0;0;0;0;0;0;0;0;0;0;0;0;0;0;1;4;0;0;0;5;3;0;0;3;0;1;0;0;1;0;0;0
34095;Fabrègues;76;34;0;0;0;0;0;0;0;0;0;0;0;0;0;0;0;3;2;1;0;0;19;1;0;1;19;25;24;18;15;2;14;1;0;17;11;0;5
34096;Faugères;76;34;0;0;0;0;0;0;0;0;0;0;0;0;0;0;0;0;0;0;0;1;0;0;0;0;1;1;0;1;0;1;1;0;0;3;1;0;0
34097;Félines-Minervois;76;34;0;0;0;0;0;0;0;0;0;0;0;0;0;0;0;1;0;0;0;1;3;0;0;0;0;1;0;0;0;1;0;0;0;0;1;0;0
34098;Ferrals-les-Montagnes;76;34;0;0;0;0;0;0;0;0;0;0;0;0;0;0;0;0;0;0;0;1;0;0;0;0;2;0;0;0;1;1;0;0;0;1;0;0;0
34099;Ferrières-les-Verreries;76;34;0;0;0;0;0;0;0;0;0;0;0;0;0;0;0;0;0;0;0;0;0;0;0;0;1;0;0;0;0;0;0;0;0;0;0;0;0
34100;Ferrières-Poussarou;76;34;0;0;0;0;0;0;0;0;0;0;0;0;0;0;0;0;0;0;0;0;0;0;0;0;0;0;0;0;0;0;0;1;0;0;0;0;0
34101;Florensac;76;34;0;1;0;0;0;0;0;0;0;0;0;0;0;0;0;5;2;1;0;0;8;0;0;1;19;6;6;12;11;1;10;1;0;18;7;1;6
34102;Fontanès;76;34;0;0;0;0;0;0;0;0;0;0;0;0;0;0;0;0;0;0;0;0;0;0;0;0;1;0;0;1;1;1;1;0;0;0;0;0;1
34103;Fontès;76;34;0;0;0;0;0;0;0;0;0;0;0;0;0;0;0;1;0;0;0;1;1;0;0;0;6;2;3;4;0;0;3;0;0;1;1;0;1
34104;Fos;76;34;0;0;0;0;0;0;0;0;0;0;0;0;0;0;0;0;0;0;0;0;1;0;0;0;2;1;0;1;1;0;0;0;0;0;0;0;0
34105;Fouzilhon;76;34;0;0;0;0;0;0;0;0;0;0;0;0;0;0;0;0;0;0;0;0;0;0;0;0;0;0;0;0;1;0;0;0;0;0;0;0;0
34106;Fozières;76;34;0;0;0;0;0;0;0;0;0;0;0;0;0;0;0;0;0;0;0;0;0;0;0;0;1;0;1;1;0;0;0;0;0;0;0;0;0
34107;Fraisse-sur-Agout;76;34;0;0;0;0;0;0;0;0;0;0;0;0;0;0;0;0;0;0;0;1;0;0;0;0;1;0;2;1;0;0;0;0;0;2;0;0;0
34108;Frontignan;76;34;0;0;0;0;0;0;0;0;0;1;0;0;0;0;0;13;5;3;0;0;32;2;1;7;68;56;36;45;49;8;43;4;1;96;37;3;30
34109;Gabian;76;34;0;0;0;0;0;0;0;0;0;0;0;0;0;0;0;0;0;0;0;1;1;0;0;0;4;1;3;0;0;0;1;0;0;1;1;0;2
34110;Galargues;76;34;0;0;0;0;0;0;0;0;0;0;0;0;0;0;0;0;0;0;1;0;1;0;0;0;3;1;3;2;2;0;0;0;0;0;0;0;1
34111;Ganges;76;34;0;1;0;0;0;0;0;0;0;1;0;0;0;0;0;8;1;1;0;0;14;2;0;4;25;10;10;4;6;2;10;3;0;24;9;2;3
34112;Garrigues;76;34;0;0;0;0;0;0;0;0;0;0;0;0;0;0;0;0;0;0;0;0;0;0;0;0;1;0;1;0;0;0;0;0;0;0;0;0;0
34113;Gigean;76;34;0;1;0;0;0;0;0;0;0;0;0;0;0;0;0;3;1;1;0;0;24;1;0;1;22;19;12;12;11;0;8;1;0;7;6;0;8
34114;Gignac;76;34;0;1;0;0;0;0;0;0;0;1;0;0;0;0;0;5;1;1;0;0;9;2;0;2;11;15;10;19;11;1;8;5;0;27;6;2;6
34115;Gorniès;76;34;0;0;0;0;0;0;0;0;0;0;0;0;0;0;0;0;0;0;0;0;0;0;0;0;2;0;0;0;0;0;0;0;0;0;0;0;0
34116;Grabels;76;34;0;0;0;0;0;0;0;0;0;0;0;0;0;0;0;3;0;1;0;0;7;0;0;2;29;19;10;13;20;0;8;2;0;16;8;1;9
34117;Graissessac;76;34;0;0;0;0;0;0;0;0;0;0;0;0;0;0;0;0;0;1;0;0;3;0;0;0;3;1;1;0;2;0;1;0;0;0;1;0;0
34118;Guzargues;76;34;0;0;0;0;0;0;0;0;0;0;0;0;0;0;0;0;0;0;0;0;0;0;0;0;2;0;2;0;3;0;1;0;0;0;0;0;1
34119;Hérépian;76;34;0;0;0;0;0;0;0;0;0;0;0;0;0;0;0;0;0;1;0;0;3;0;0;0;8;7;1;4;7;0;4;1;0;6;1;0;0
34120;Jacou;76;34;0;0;0;0;0;0;0;0;0;0;0;0;0;0;0;8;0;1;0;0;9;2;0;1;14;15;10;11;14;2;11;1;0;11;7;2;9
34121;Joncels;76;34;0;0;0;0;0;0;0;0;0;0;0;0;0;0;0;0;0;0;0;1;1;0;0;0;0;0;2;0;1;0;0;0;0;0;0;0;0
34122;Jonquières;76;34;0;0;0;0;0;0;0;0;0;0;0;0;0;0;0;0;0;0;0;0;1;0;0;0;2;2;0;1;1;0;0;0;0;0;1;0;0
34123;Juvignac;76;34;0;0;0;0;0;0;0;0;0;0;0;0;0;0;0;10;0;1;0;0;9;2;0;2;32;21;14;18;13;10;16;2;0;34;12;3;12
34124;Lacoste;76;34;0;0;0;0;0;0;0;0;0;0;0;0;0;0;0;0;0;0;0;0;0;0;0;0;2;1;0;0;1;0;0;0;0;1;0;0;0
34125;Lagamas;76;34;0;0;0;0;0;0;0;0;0;0;0;0;0;0;0;0;0;0;0;0;0;0;0;1;0;0;0;0;0;0;0;0;0;0;0;0;0
34126;Lamalou-les-Bains;76;34;0;0;0;0;0;0;0;0;0;1;0;0;0;0;0;4;0;1;0;0;5;0;0;1;4;3;1;7;5;0;6;1;0;14;5;3;4
34127;Lansargues;76;34;0;0;0;0;0;0;0;0;0;0;0;0;0;0;0;2;0;1;0;0;3;0;0;1;11;10;11;6;7;1;3;1;0;4;3;0;3
34128;Laroque;76;34;0;0;0;0;0;0;0;0;0;0;0;0;0;0;0;0;1;0;0;0;6;0;0;0;6;4;2;4;5;0;3;0;0;5;2;0;2
34129;Lattes;76;34;0;0;0;0;0;0;0;0;0;0;0;0;0;0;0;18;2;2;0;0;38;4;4;6;29;37;37;37;36;21;28;6;2;91;53;5;39
34130;Laurens;76;34;0;0;0;0;0;0;0;0;0;0;0;0;0;0;0;0;0;1;0;0;1;0;0;0;10;6;3;7;1;1;3;0;0;5;1;0;0
34131;Lauret;76;34;0;0;0;0;0;0;0;0;0;0;0;0;0;0;0;0;0;0;0;0;0;0;0;0;2;1;2;1;2;0;0;0;0;2;0;0;2
34132;Lauroux;76;34;0;0;0;0;0;0;0;0;0;0;0;0;0;0;0;0;0;0;0;0;0;0;0;0;3;1;0;0;0;0;1;0;0;1;0;0;0
34133;Lavalette;76;34;0;0;0;0;0;0;0;0;0;0;0;0;0;0;0;0;0;0;0;0;0;0;0;0;0;0;1;0;0;0;0;0;0;0;0;0;0
34134;Lavérune;76;34;0;0;0;0;0;0;0;0;0;0;0;0;0;0;0;3;0;1;0;0;8;1;1;1;13;14;12;15;11;3;8;0;0;9;3;0;5
34135;Lespignan;76;34;0;0;0;0;0;0;0;0;0;0;0;0;0;0;0;1;2;1;0;0;3;0;0;3;15;11;8;5;7;0;5;0;0;8;3;0;3
34136;Lézignan-la-Cèbe;76;34;0;0;0;0;0;0;0;0;0;0;0;0;0;0;0;0;1;0;0;1;4;0;0;0;7;4;1;5;3;1;2;0;0;2;2;0;2
34137;Liausson;76;34;0;0;0;0;0;0;0;0;0;0;0;0;0;0;0;0;0;0;0;0;0;0;0;0;0;0;0;1;0;0;0;0;0;0;0;0;0
34138;Lieuran-Cabrières;76;34;0;0;0;0;0;0;0;0;0;0;0;0;0;0;0;0;0;0;0;0;1;0;0;0;1;0;2;2;0;0;2;0;0;1;0;0;0
34139;Lieuran-lès-Béziers;76;34;0;0;0;0;0;0;0;0;0;0;0;0;0;0;0;0;0;0;0;1;0;0;0;0;6;4;2;3;2;0;1;0;0;2;3;0;0
34140;Lignan-sur-Orb;76;34;0;0;0;0;0;0;0;0;0;0;0;0;0;0;0;0;0;1;0;0;3;0;0;1;18;10;2;6;6;3;6;0;0;4;3;1;4
34141;La Livinière;76;34;0;0;0;0;0;0;0;0;0;0;0;0;0;0;0;1;0;0;0;1;1;0;0;0;4;0;0;1;1;1;0;0;0;1;0;0;0
34142;Lodève;76;34;0;1;0;0;0;0;0;0;0;2;0;1;1;1;0;7;2;1;0;0;14;2;0;4;27;24;15;9;16;1;18;2;0;22;10;1;10
34143;Loupian;76;34;0;0;0;0;0;0;0;0;0;0;0;0;0;0;0;0;0;1;0;0;2;0;0;1;6;13;8;4;6;1;2;0;0;9;0;0;3
34144;Lunas;76;34;0;0;0;0;0;0;0;0;0;0;0;0;0;0;0;0;0;1;0;0;0;0;0;0;4;1;0;3;2;0;1;0;0;4;0;0;1
34145;Lunel;76;34;0;1;0;0;0;0;0;0;0;2;0;1;0;1;0;17;6;2;0;0;55;4;3;9;131;110;54;63;60;15;51;4;12;103;33;10;41
34146;Lunel-Viel;76;34;0;0;0;0;0;0;0;0;0;0;0;0;0;0;0;1;0;1;0;0;15;1;0;2;21;14;21;10;10;0;4;3;1;13;1;0;9
34147;Magalas;76;34;0;0;0;0;0;0;0;0;0;0;0;0;0;0;0;2;1;1;0;0;8;1;0;1;14;8;5;5;8;1;8;3;0;8;12;0;4
34148;Maraussan;76;34;0;0;0;0;0;0;0;0;0;0;0;0;0;0;0;0;1;1;0;0;2;0;0;1;20;12;5;8;10;5;7;2;0;9;8;1;7
34149;Margon;76;34;0;0;0;0;0;0;0;0;0;0;0;0;0;0;0;0;0;0;0;0;0;0;0;0;6;4;1;2;4;0;1;0;0;0;0;0;0
34150;Marseillan;76;34;0;0;0;0;0;0;0;0;0;1;0;0;0;0;0;6;4;2;0;0;9;1;0;5;36;24;18;22;15;1;16;2;0;152;21;2;13
34151;Marsillargues;76;34;0;0;0;0;0;0;0;0;0;0;0;0;0;0;0;4;1;1;0;0;8;1;0;1;11;26;8;15;8;0;8;2;0;11;11;4;13
34152;Mas-de-Londres;76;34;0;0;0;0;0;0;0;0;0;0;0;0;0;0;0;0;0;0;0;0;1;0;0;0;2;1;1;2;1;0;0;1;0;1;0;0;1
34153;Les Matelles;76;34;0;0;0;0;0;0;0;0;0;1;0;0;0;0;0;0;0;1;0;0;0;0;0;0;3;7;2;2;6;3;1;0;0;9;4;0;1
34154;Mauguio;76;34;0;1;0;0;0;0;0;0;0;1;0;0;0;0;0;14;3;2;0;0;44;3;13;8;41;55;51;66;51;10;33;3;2;141;42;7;21
34155;Maureilhan;76;34;0;0;0;0;0;0;0;0;0;0;0;0;0;0;0;1;0;1;0;0;5;0;0;1;11;8;5;7;3;2;4;0;0;7;2;0;6
34156;Mérifons;76;34;0;0;0;0;0;0;0;0;0;0;0;0;0;0;0;0;0;0;0;0;0;0;0;0;1;0;0;0;0;0;0;0;0;0;0;0;0
34157;Mèze;76;34;0;1;0;0;0;0;0;0;0;0;0;0;0;0;0;9;2;1;0;0;18;2;1;6;39;33;15;24;15;3;22;3;0;61;15;3;17
34158;Minerve;76;34;0;0;0;0;0;0;0;0;0;0;0;0;0;0;0;0;0;0;0;1;0;0;0;0;1;0;0;0;0;0;0;0;0;7;0;0;0
34159;Mireval;76;34;0;0;0;0;0;0;0;0;0;0;0;0;0;0;0;0;1;1;0;0;5;1;0;1;16;7;9;7;7;1;8;0;0;4;4;1;1
34160;Mons;76;34;0;0;0;0;0;0;0;0;0;0;0;0;0;0;0;1;1;0;0;1;2;0;0;0;5;4;2;1;2;1;0;0;0;4;1;0;0
34161;Montady;76;34;0;0;0;0;0;0;0;0;0;0;0;0;0;0;0;0;0;1;0;0;5;0;0;1;14;5;2;8;7;1;5;0;0;7;6;0;4
34162;Montagnac;76;34;0;1;0;0;0;0;0;0;0;0;0;0;0;0;0;2;1;1;0;0;5;0;0;1;12;12;8;8;8;0;9;0;0;12;3;0;4
34163;Montarnaud;76;34;0;0;0;0;0;0;0;0;0;0;0;0;0;0;0;1;0;1;0;0;3;0;0;1;14;12;2;5;11;1;5;1;0;9;6;0;1
34164;Montaud;76;34;0;0;0;0;0;0;0;0;0;0;0;0;0;0;0;0;0;0;0;1;1;0;0;0;7;1;4;3;3;1;1;0;0;0;0;0;3
34165;Montbazin;76;34;0;0;0;0;0;0;0;0;0;0;0;0;0;0;0;0;0;1;0;0;3;0;0;0;10;23;8;14;5;1;8;0;0;5;3;1;2
34166;Montblanc;76;34;0;0;0;0;0;0;0;0;0;0;0;0;0;0;0;3;2;1;0;0;9;0;0;1;8;9;7;6;7;0;3;1;0;7;5;0;3
34167;Montels;76;34;0;0;0;0;0;0;0;0;0;0;0;0;0;0;0;0;0;0;0;0;0;0;0;0;0;1;3;1;2;0;0;0;0;0;0;0;0
34168;Montesquieu;76;34;0;0;0;0;0;0;0;0;0;0;0;0;0;0;0;0;0;0;0;0;0;0;0;0;0;0;0;0;0;0;0;0;0;0;0;0;0
34169;Montferrier-sur-Lez;76;34;0;0;0;0;0;0;0;0;0;0;0;0;0;0;0;2;1;1;0;0;5;0;1;1;9;3;3;4;6;1;4;2;0;8;9;0;6
34170;Montouliers;76;34;0;0;0;0;0;0;0;0;0;0;0;0;0;0;0;1;0;0;0;1;0;0;0;0;2;0;0;0;0;0;0;0;0;0;0;0;0
34171;Montoulieu;76;34;0;0;0;0;0;0;0;0;0;0;0;0;0;0;0;0;0;0;0;0;0;0;0;0;0;0;0;0;0;0;0;0;0;3;0;0;0
34172;Montpellier;76;34;1;1;1;1;1;1;1;0;0;29;0;2;0;1;0;193;13;20;0;0;191;15;45;63;949;718;237;322;368;152;366;48;84;1413;523;68;289
34173;Montpeyroux;76;34;0;0;0;0;0;0;0;0;0;0;0;0;0;0;0;2;0;0;0;1;2;0;0;1;4;2;6;6;6;0;3;0;0;4;0;0;2
34174;Moulès-et-Baucels;76;34;0;0;0;0;0;0;0;0;0;0;0;0;0;0;0;0;0;0;0;0;1;0;0;0;10;2;1;4;1;0;1;0;0;3;2;0;1
34175;Mourèze;76;34;0;0;0;0;0;0;0;0;0;0;0;0;0;0;0;0;0;0;0;0;0;0;0;0;0;1;3;0;0;0;0;0;0;3;1;0;0
34176;Mudaison;76;34;0;0;0;0;0;0;0;0;0;0;0;0;0;0;0;0;0;1;0;0;4;1;0;0;6;6;4;5;13;2;5;0;0;5;1;0;1
34177;Murles;76;34;0;0;0;0;0;0;0;0;0;0;0;0;0;0;0;0;0;0;0;0;0;0;0;0;0;0;1;1;1;0;0;0;0;0;1;0;0
34178;Murviel-lès-Béziers;76;34;0;1;0;0;0;0;0;0;0;1;0;0;0;0;0;2;2;1;0;0;7;0;0;1;10;12;5;4;6;2;6;0;0;4;4;0;1
34179;Murviel-lès-Montpellier;76;34;0;0;0;0;0;0;0;0;0;0;0;0;0;0;0;0;0;0;0;1;0;0;0;0;6;5;2;4;2;1;2;0;0;0;1;0;1
34180;Nébian;76;34;0;0;0;0;0;0;0;0;0;0;0;0;0;0;0;1;0;0;0;1;2;0;0;0;5;3;2;3;4;1;0;0;0;1;1;0;0
34181;Neffiès;76;34;0;0;0;0;0;0;0;0;0;0;0;0;0;0;0;0;0;0;0;1;3;0;0;0;6;2;2;3;2;0;3;0;0;2;0;0;0
34182;Nézignan-l'Évêque;76;34;0;0;0;0;0;0;0;0;0;0;0;0;0;0;0;0;0;0;0;1;4;0;0;1;3;4;6;3;4;2;4;0;0;4;7;0;1
34183;Nissan-lez-Enserune;76;34;0;0;0;0;0;0;0;0;0;0;0;0;0;0;0;2;1;1;0;0;7;0;0;1;22;11;5;10;9;0;9;0;0;6;4;0;4
34184;Nizas;76;34;0;0;0;0;0;0;0;0;0;0;0;0;0;0;0;0;0;0;0;1;0;0;0;0;1;3;1;1;1;0;0;0;0;0;1;0;0
34185;Notre-Dame-de-Londres;76;34;0;0;0;0;0;0;0;0;0;0;0;0;0;0;0;0;0;0;0;0;0;0;0;0;2;0;0;2;1;0;1;0;0;2;1;0;1
34186;Octon;76;34;0;0;0;0;0;0;0;0;0;0;0;0;0;0;0;0;0;0;0;1;0;0;0;0;1;0;0;0;2;0;0;1;0;4;0;0;0
34187;Olargues;76;34;0;1;0;0;0;0;0;0;0;0;0;0;0;0;0;1;1;1;0;0;2;0;1;0;2;2;3;1;3;0;2;0;0;3;2;0;1
34188;Olmet-et-Villecun;76;34;0;0;0;0;0;0;0;0;0;0;0;0;0;0;0;0;0;0;0;0;0;0;0;0;1;0;0;0;0;0;0;0;0;3;0;0;0
34189;Olonzac;76;34;0;1;0;0;0;0;0;0;0;0;0;0;0;0;0;3;0;1;0;0;7;1;0;1;8;6;3;3;4;0;5;3;0;15;2;1;2
34190;Oupia;76;34;0;0;0;0;0;0;0;0;0;0;0;0;0;0;0;0;0;0;0;1;0;0;0;0;1;0;0;0;0;0;0;0;0;1;0;0;0
34191;Pailhès;76;34;0;0;0;0;0;0;0;0;0;0;0;0;0;0;0;0;0;0;0;0;0;0;0;0;4;2;0;1;1;1;0;0;0;0;1;0;1
34192;Palavas-les-Flots;76;34;0;1;0;0;0;0;0;0;0;0;0;0;0;0;0;6;3;1;0;0;4;1;1;3;20;19;7;11;14;2;18;1;0;144;20;3;5
34193;Pardailhan;76;34;0;0;0;0;0;0;0;0;0;0;0;0;0;0;0;0;0;0;0;0;0;0;0;0;2;0;1;0;0;0;0;0;0;1;0;0;0
34194;Paulhan;76;34;0;1;0;0;0;0;0;0;0;0;0;0;0;0;0;2;2;1;0;0;9;2;0;3;18;20;7;8;9;1;7;1;0;20;6;0;8
34195;Pégairolles-de-Buèges;76;34;0;0;0;0;0;0;0;0;0;0;0;0;0;0;0;0;0;0;0;0;0;0;0;0;0;0;0;0;0;0;0;0;0;1;0;0;0
34196;Pégairolles-de-l'Escalette;76;34;0;0;0;0;0;0;0;0;0;0;0;0;0;0;0;0;0;0;0;0;0;0;0;0;1;0;1;0;0;0;0;0;0;0;0;0;0
34197;Péret;76;34;0;0;0;0;0;0;0;0;0;0;0;0;0;0;0;0;0;0;0;1;0;0;0;0;5;0;2;1;3;0;3;0;0;4;0;0;1
34198;Pérols;76;34;0;0;0;0;0;0;0;2;0;0;0;1;0;0;0;8;0;1;0;0;14;1;0;3;23;25;16;19;24;6;16;2;2;38;24;3;14
34199;Pézenas;76;34;1;1;0;0;0;0;0;0;0;2;0;1;0;0;0;8;4;1;0;0;28;3;0;5;26;31;21;13;15;6;23;3;3;98;27;2;9
34200;Pézènes-les-Mines;76;34;0;0;0;0;0;0;0;0;0;0;0;0;0;0;0;0;0;0;0;0;0;0;0;0;1;2;0;1;0;0;0;0;0;0;1;0;0
34201;Pierrerue;76;34;0;0;0;0;0;0;0;0;0;0;0;0;0;0;0;0;0;0;0;0;0;0;0;0;2;0;0;0;0;0;0;0;0;1;0;0;0
34202;Pignan;76;34;0;0;0;0;0;0;0;0;0;0;0;0;0;0;0;4;1;1;0;0;8;0;0;2;15;9;14;15;9;4;10;1;0;18;12;0;9
34203;Pinet;76;34;0;0;0;0;0;0;0;0;0;0;0;0;0;0;0;1;0;0;0;1;2;0;0;0;12;8;3;1;2;3;3;0;0;3;2;0;4
34204;Plaissan;76;34;0;0;0;0;0;0;0;0;0;0;0;0;0;0;0;0;0;1;0;0;1;0;0;0;3;2;1;4;2;0;2;0;0;5;2;0;1
34205;Les Plans;76;34;0;0;0;0;0;0;0;0;0;0;0;0;0;0;0;0;0;0;0;0;1;0;0;0;1;0;0;2;0;0;0;0;0;0;0;0;0
34206;Poilhes;76;34;0;0;0;0;0;0;0;0;0;0;0;0;0;0;0;0;0;0;0;1;0;0;0;0;1;0;1;0;0;0;0;0;0;2;1;0;0
34207;Pomérols;76;34;0;0;0;0;0;0;0;0;0;0;0;0;0;0;0;1;1;1;0;0;1;0;0;1;7;6;5;5;3;0;2;0;0;6;1;1;5
34208;Popian;76;34;0;0;0;0;0;0;0;0;0;0;0;0;0;0;0;0;0;0;0;0;1;0;0;0;0;0;0;2;2;0;1;0;0;0;0;0;0
34209;Portiragnes;76;34;0;0;0;0;0;0;0;0;0;0;0;0;0;0;0;0;0;2;0;0;10;2;1;0;15;10;4;7;12;1;6;1;0;49;14;1;9
34210;Le Pouget;76;34;0;0;0;0;0;0;0;0;0;0;0;0;0;0;0;3;0;1;0;0;3;0;0;0;10;5;1;5;7;2;4;0;0;4;0;0;4
34211;Le Poujol-sur-Orb;76;34;0;0;0;0;0;0;0;0;0;0;0;0;0;0;0;0;0;0;0;1;1;0;0;0;12;3;0;3;2;2;1;0;0;1;2;0;1
34212;Poujols;76;34;0;0;0;0;0;0;0;0;0;0;0;0;0;0;0;0;0;0;0;0;0;0;0;0;1;0;0;0;0;0;0;0;0;0;0;0;0
34213;Poussan;76;34;0;0;0;0;0;0;0;0;0;0;0;0;0;0;0;3;4;1;0;0;13;1;1;0;24;18;12;16;21;4;9;0;0;11;6;0;7
34214;Pouzolles;76;34;0;0;0;0;0;0;0;0;0;0;0;0;0;0;0;0;0;0;0;1;3;0;0;0;6;0;1;3;1;1;2;0;0;1;3;0;1
34215;Pouzols;76;34;0;0;0;0;0;0;0;0;0;0;0;0;0;0;0;0;0;0;0;1;1;0;0;0;4;2;4;1;0;0;2;0;0;1;1;0;0
34216;Le Pradal;76;34;0;0;0;0;0;0;0;0;0;0;0;0;0;0;0;0;0;0;0;0;0;0;0;0;1;2;0;1;0;0;0;0;0;0;0;0;2
34217;Prades-le-Lez;76;34;0;0;0;0;0;0;0;0;0;0;0;0;0;0;0;1;0;1;0;0;2;0;1;1;15;10;2;13;6;1;7;1;0;12;10;0;5
34218;Prades-sur-Vernazobre;76;34;0;0;0;0;0;0;0;0;0;0;0;0;0;0;0;0;0;0;0;1;0;0;0;0;1;0;0;1;0;0;0;0;0;0;1;0;0
34219;Prémian;76;34;0;0;0;0;0;0;0;0;0;0;0;0;0;0;0;0;0;0;0;1;1;0;0;0;5;2;0;0;1;1;0;0;0;1;1;0;2
34220;Le Puech;76;34;0;0;0;0;0;0;0;0;0;0;0;0;0;0;0;0;0;0;0;0;0;0;0;0;3;1;0;1;0;0;0;0;0;2;0;0;1
34221;Puéchabon;76;34;0;0;0;0;0;0;0;0;0;0;0;0;0;0;0;0;0;0;0;1;0;0;0;0;0;2;0;0;1;0;0;0;0;0;0;0;0
34222;Puilacher;76;34;0;0;0;0;0;0;0;0;0;0;0;0;0;0;0;0;0;0;0;0;0;0;0;0;1;0;0;2;2;0;0;0;0;0;1;0;0
34223;Puimisson;76;34;0;0;0;0;0;0;0;0;0;0;0;0;0;0;0;0;0;1;0;0;1;0;0;0;3;3;1;4;2;1;2;0;0;2;0;0;0
34224;Puissalicon;76;34;0;0;0;0;0;0;0;0;0;0;0;0;0;0;0;0;0;1;0;0;1;0;0;1;4;2;1;4;5;0;1;0;0;1;3;0;0
34225;Puisserguier;76;34;0;0;0;0;0;0;0;0;0;0;0;0;0;0;0;2;1;1;0;0;9;1;0;2;7;10;10;6;6;0;6;2;0;9;3;0;3
34226;Quarante;76;34;0;0;0;0;0;0;0;0;0;0;0;0;0;0;0;0;1;1;0;0;1;0;0;0;4;4;5;3;4;1;4;0;0;2;2;0;1
34227;Restinclières;76;34;0;0;0;0;0;0;0;0;0;0;0;0;0;0;0;0;0;0;0;1;0;0;0;0;8;5;1;5;4;1;2;0;0;3;2;0;2
34228;Rieussec;76;34;0;0;0;0;0;0;0;0;0;0;0;0;0;0;0;0;0;0;0;0;0;0;0;0;0;0;0;0;0;0;0;0;0;1;0;0;0
34229;Riols;76;34;0;0;0;0;0;0;0;0;0;0;0;0;0;0;0;0;0;0;0;1;4;0;0;0;5;0;1;4;3;2;1;0;0;2;0;0;0
34230;Les Rives;76;34;0;0;0;0;0;0;0;0;0;0;0;0;0;0;0;0;0;0;0;0;0;0;0;0;1;0;1;1;0;0;0;0;0;1;0;0;0
34231;Romiguières;76;34;0;0;0;0;0;0;0;0;0;0;0;0;0;0;0;0;0;0;0;0;0;0;0;0;0;0;0;0;0;0;0;0;0;0;0;0;0
34232;Roquebrun;76;34;0;0;0;0;0;0;0;0;0;0;0;0;0;0;0;1;0;1;0;0;0;0;0;0;7;1;0;2;0;0;1;0;0;4;2;0;0
34233;Roqueredonde;76;34;0;0;0;0;0;0;0;0;0;0;0;0;0;0;0;0;0;0;0;0;0;0;0;0;1;0;0;0;0;0;0;0;0;0;0;0;0
34234;Roquessels;76;34;0;0;0;0;0;0;0;0;0;0;0;0;0;0;0;0;0;0;0;0;1;0;0;0;1;0;0;0;0;0;0;0;0;0;0;0;0
34235;Rosis;76;34;0;0;0;0;0;0;0;0;0;0;0;0;0;0;0;0;0;0;0;0;0;0;0;0;3;0;0;0;0;0;0;0;0;1;0;0;0
34236;Rouet;76;34;0;0;0;0;0;0;0;0;0;0;0;0;0;0;0;0;0;0;0;0;0;0;0;0;0;0;0;0;0;0;0;0;0;0;1;0;0
34237;Roujan;76;34;0;1;0;0;0;0;0;0;0;0;0;0;0;0;0;3;1;1;0;0;7;1;0;0;13;6;4;4;7;1;4;1;0;7;1;2;1
34238;Saint-André-de-Buèges;76;34;0;0;0;0;0;0;0;0;0;0;0;0;0;0;0;0;0;0;0;0;0;0;0;0;0;0;0;0;0;0;0;0;0;1;0;0;0
34239;Saint-André-de-Sangonis;76;34;0;0;0;0;0;0;0;0;0;0;0;0;0;0;0;3;0;1;0;0;18;0;0;3;18;14;13;17;12;4;8;1;0;14;8;0;5
34240;Saint-Aunès;76;34;0;0;0;0;0;0;0;0;0;0;0;0;0;0;0;2;0;1;0;0;6;1;0;0;11;9;9;17;12;2;5;0;0;14;6;1;6
34241;Saint-Bauzille-de-la-Sylve;76;34;0;0;0;0;0;0;0;0;0;0;0;0;0;0;0;0;0;0;0;1;2;0;0;0;3;3;2;2;2;1;0;0;0;1;1;0;0
34242;Saint-Bauzille-de-Montmel;76;34;0;0;0;0;0;0;0;0;0;0;0;0;0;0;0;0;0;0;1;0;0;0;0;0;2;2;7;3;3;1;3;0;0;1;1;0;0
34243;Saint-Bauzille-de-Putois;76;34;0;0;0;0;0;0;0;0;0;0;0;0;0;0;0;1;1;1;0;0;5;0;0;0;5;4;4;3;8;0;2;0;0;5;1;0;0
34244;Saint-Brès;76;34;0;0;0;0;0;0;0;0;0;0;0;0;0;0;0;0;0;0;0;1;2;0;0;2;12;10;5;5;3;1;2;1;0;8;1;0;5
34245;Saint-Chinian;76;34;0;1;0;0;0;0;0;0;0;0;0;0;1;0;0;4;2;1;0;0;4;0;0;1;9;2;3;2;1;1;4;1;0;6;5;1;4
34246;Saint-Christol;76;34;0;0;0;0;0;0;0;0;0;0;0;0;0;0;0;0;0;1;0;0;2;0;0;1;4;3;3;3;2;1;3;0;0;2;1;0;1
34247;Saint-Clément-de-Rivière;76;34;0;0;0;0;0;0;0;0;0;0;0;0;0;0;0;1;0;1;0;0;2;0;0;2;7;4;2;3;4;1;6;3;2;24;22;1;3
34248;Sainte-Croix-de-Quintillargues;76;34;0;0;0;0;0;0;0;0;0;0;0;0;0;0;0;0;0;0;0;0;0;1;0;0;3;2;3;4;1;0;0;0;0;0;0;0;0
34249;Saint-Drézéry;76;34;0;0;0;0;0;0;0;0;0;0;0;0;0;0;0;1;1;1;0;0;4;0;0;1;8;4;4;2;6;1;6;0;0;8;3;0;3
34250;Saint-Étienne-d'Albagnan;76;34;0;0;0;0;0;0;0;0;0;0;0;0;0;0;0;0;0;0;0;1;0;0;0;0;4;0;1;0;3;0;0;0;0;0;1;0;0
34251;Saint-Étienne-de-Gourgas;76;34;0;0;0;0;0;0;0;0;0;0;0;0;0;0;0;0;0;0;0;0;0;0;0;0;3;1;2;1;1;0;1;0;0;0;0;0;0
34252;Saint-Étienne-Estréchoux;76;34;0;0;0;0;0;0;0;0;0;0;0;0;0;0;0;0;0;0;0;0;0;0;0;0;3;0;1;0;0;0;0;0;0;0;0;0;0
34253;Saint-Félix-de-l'Héras;76;34;0;0;0;0;0;0;0;0;0;0;0;0;0;0;0;0;0;0;0;0;0;0;0;0;0;1;0;0;0;0;0;0;0;0;1;0;0
34254;Saint-Félix-de-Lodez;76;34;0;0;0;0;0;0;0;0;0;0;0;0;0;0;0;1;0;1;0;0;1;0;0;0;11;8;4;6;0;0;2;0;0;4;1;0;1
34255;Saint-Gély-du-Fesc;76;34;0;1;0;0;0;0;0;0;0;0;0;0;0;0;0;11;2;1;0;0;12;2;1;3;22;16;5;23;24;4;19;6;1;26;11;3;15
34256;Saint-Geniès-des-Mourgues;76;34;0;0;0;0;0;0;0;0;0;0;0;0;0;0;0;1;0;1;0;0;3;0;0;0;2;6;1;2;1;0;4;2;0;3;3;0;1
34257;Saint-Geniès-de-Varensal;76;34;0;0;0;0;0;0;0;0;0;0;0;0;0;0;0;0;0;0;0;0;0;0;0;0;1;0;0;0;2;0;0;0;0;0;0;0;0
34258;Saint-Geniès-de-Fontedit;76;34;0;0;0;0;0;0;0;0;0;0;0;0;0;0;0;0;0;1;0;0;2;0;0;1;8;2;4;2;7;1;2;0;0;2;7;0;1
34259;Saint-Georges-d'Orques;76;34;0;1;0;0;0;0;0;0;0;0;0;0;0;0;0;2;1;1;0;0;11;1;0;1;18;19;16;14;11;8;3;1;0;7;6;0;5
34260;Saint-Gervais-sur-Mare;76;34;0;1;0;0;0;0;0;0;0;0;0;0;0;0;0;0;2;1;0;0;0;0;0;0;3;2;0;2;4;0;2;0;0;3;0;0;0
34261;Saint-Guilhem-le-Désert;76;34;0;0;0;0;0;0;0;0;0;0;0;0;0;0;0;0;0;0;0;1;0;0;0;0;0;0;0;0;0;0;0;0;0;20;0;0;0
34262;Saint-Guiraud;76;34;0;0;0;0;0;0;0;0;0;0;0;0;0;0;0;0;0;0;0;0;0;0;0;0;0;0;0;0;0;1;1;0;0;1;0;0;0
34263;Saint-Hilaire-de-Beauvoir;76;34;0;0;0;0;0;0;0;0;0;0;0;0;0;0;0;0;0;0;0;0;1;0;0;0;1;2;0;1;4;0;0;0;0;0;0;0;0
34264;Saint-Jean-de-Buèges;76;34;0;0;0;0;0;0;0;0;0;0;0;0;0;0;0;0;0;0;0;1;0;0;0;0;0;0;0;2;1;0;0;0;0;2;0;0;0
34265;Saint-Jean-de-Cornies;76;34;0;0;0;0;0;0;0;0;0;0;0;0;0;0;0;0;0;0;0;0;0;0;0;0;5;1;0;0;2;1;1;0;0;0;0;0;2
34266;Saint-Jean-de-Cuculles;76;34;0;0;0;0;0;0;0;0;0;0;0;0;0;0;0;0;0;0;0;0;0;0;0;0;0;1;0;1;3;0;0;0;0;0;0;0;0
34267;Saint-Jean-de-Fos;76;34;0;0;0;0;0;0;0;0;0;0;0;0;0;0;0;1;0;1;0;0;1;0;0;1;4;4;6;2;7;1;4;0;0;6;0;0;0
34268;Saint-Jean-de-la-Blaquière;76;34;0;0;0;0;0;0;0;0;0;0;0;0;0;0;0;0;0;0;0;1;0;0;0;0;2;0;1;3;1;2;0;0;0;2;0;0;0
34269;Saint-Jean-de-Minervois;76;34;0;0;0;0;0;0;0;0;0;0;0;0;0;0;0;0;0;0;0;1;0;0;0;0;0;0;0;0;0;0;0;0;0;1;0;0;0
34270;Saint-Jean-de-Védas;76;34;0;1;0;0;0;0;0;0;0;0;0;1;1;0;0;12;2;1;0;0;40;4;1;3;28;23;27;33;36;11;17;2;2;53;19;2;14
34271;Saint-Julien;76;34;0;0;0;0;0;0;0;0;0;0;0;0;0;0;0;0;0;0;0;0;0;0;0;0;3;0;2;0;1;1;0;0;0;1;0;0;0
34272;Saint-Just;76;34;0;0;0;0;0;0;0;0;0;0;0;0;0;0;0;0;1;1;0;0;3;0;0;0;7;11;4;4;2;1;5;0;0;2;5;0;2
34273;Saint-Martin-de-l'Arçon;76;34;0;0;0;0;0;0;0;0;0;0;0;0;0;0;0;0;0;0;0;0;0;0;0;0;3;2;1;0;0;0;0;0;0;0;2;0;0
34274;Saint-Martin-de-Londres;76;34;0;1;0;0;0;0;0;0;0;0;0;0;0;0;0;1;0;1;0;0;4;1;0;1;10;7;11;6;8;0;4;4;0;9;3;1;3
34276;Saint-Mathieu-de-Tréviers;76;34;0;1;0;0;0;0;0;0;0;0;0;0;0;0;0;5;0;1;0;0;8;2;0;3;11;11;8;10;10;0;10;2;0;14;7;0;6
34277;Saint-Maurice-Navacelles;76;34;0;0;0;0;0;0;0;0;0;0;0;0;0;0;0;0;0;0;0;0;0;0;0;0;1;0;0;0;0;0;0;0;0;3;0;0;0
34278;Saint-Michel;76;34;0;0;0;0;0;0;0;0;0;0;0;0;0;0;0;0;0;0;0;0;0;0;0;0;1;0;0;0;1;1;0;0;0;0;0;0;0
34279;Saint-Nazaire-de-Ladarez;76;34;0;0;0;0;0;0;0;0;0;0;0;0;0;0;0;1;0;0;0;1;0;0;0;0;1;2;0;0;2;0;0;0;0;0;0;0;0
34280;Saint-Nazaire-de-Pézan;76;34;0;0;0;0;0;0;0;0;0;0;0;0;0;0;0;0;0;0;0;0;4;0;0;0;5;1;2;2;1;0;0;0;0;1;1;0;1
34281;Saint-Pargoire;76;34;0;0;0;0;0;0;0;0;0;0;0;0;0;0;0;1;0;1;0;0;6;0;0;0;10;5;8;5;5;0;3;0;0;7;3;0;3
34282;Saint-Paul-et-Valmalle;76;34;0;0;0;0;0;0;0;0;0;0;0;0;0;0;0;0;0;0;0;1;6;0;0;0;1;5;6;2;5;0;1;0;0;5;2;0;2
34283;Saint-Pierre-de-la-Fage;76;34;0;0;0;0;0;0;0;0;0;0;0;0;0;0;0;0;0;0;0;0;0;0;0;0;1;0;0;0;0;0;0;0;0;1;0;0;1
34284;Saint-Pons-de-Thomières;76;34;0;1;0;0;0;0;0;0;0;2;0;0;0;0;0;3;4;1;0;0;4;1;0;2;12;6;4;2;4;1;4;2;0;11;4;0;3
34285;Saint-Pons-de-Mauchiens;76;34;0;0;0;0;0;0;0;0;0;0;0;0;0;0;0;0;0;0;0;1;2;0;0;0;5;1;1;2;1;0;1;0;0;4;1;0;0
34286;Saint-Privat;76;34;0;0;0;0;0;0;0;0;0;0;0;0;0;0;0;0;0;0;0;0;0;0;0;0;8;1;1;1;0;0;1;0;0;1;0;0;0
34287;Saint-Saturnin-de-Lucian;76;34;0;0;0;0;0;0;0;0;0;0;0;0;0;0;0;0;0;0;0;0;0;0;0;0;2;2;2;0;2;0;0;0;0;1;0;0;0
34288;Saint-Sériès;76;34;0;0;0;0;0;0;0;0;0;0;0;0;0;0;0;0;0;0;0;0;0;0;0;0;5;0;0;2;3;0;2;0;0;1;2;0;1
34289;Saint-Thibéry;76;34;0;0;0;0;0;0;0;0;0;0;0;0;0;0;0;1;1;1;0;0;12;1;1;1;9;13;6;5;4;0;4;0;0;10;0;1;3
34290;Saint-Vincent-de-Barbeyrargues;76;34;0;0;0;0;0;0;0;0;0;0;0;0;0;0;0;0;0;0;0;0;0;0;0;0;6;0;2;2;1;0;1;0;0;0;1;0;2
34291;Saint-Vincent-d'Olargues;76;34;0;0;0;0;0;0;0;0;0;0;0;0;0;0;0;0;0;0;0;1;1;0;0;0;6;0;0;1;0;1;0;0;0;0;0;0;0
34292;Salasc;76;34;0;0;0;0;0;0;0;0;0;0;0;0;0;0;0;0;0;0;0;0;0;0;0;0;0;0;0;0;1;0;0;0;0;2;0;0;0
34293;La Salvetat-sur-Agout;76;34;0;1;0;0;0;0;0;0;0;0;0;0;0;0;0;1;0;1;0;0;5;0;0;0;8;0;3;3;0;0;2;0;0;11;2;0;0
34294;Saturargues;76;34;0;0;0;0;0;0;0;0;0;0;0;0;0;0;0;0;0;0;0;0;0;0;1;0;4;6;3;1;1;0;1;0;0;0;3;0;1
34295;Saussan;76;34;0;0;0;0;0;0;0;0;0;0;0;0;0;0;0;0;0;0;0;1;0;0;0;0;3;1;4;6;2;1;3;0;0;3;1;0;2
34296;Saussines;76;34;0;0;0;0;0;0;0;0;0;0;0;0;0;0;0;0;0;0;0;0;0;0;0;0;2;6;6;3;5;0;2;0;0;1;1;0;0
34297;Sauteyrargues;76;34;0;0;0;0;0;0;0;0;0;0;0;0;0;0;0;0;0;0;0;0;3;0;0;0;1;2;3;2;4;0;0;0;0;1;0;0;1
34298;Sauvian;76;34;0;0;0;0;0;0;0;0;0;0;0;0;0;0;0;0;2;1;0;0;6;1;0;1;26;18;16;6;10;2;8;0;0;12;3;1;5
34299;Sérignan;76;34;0;0;0;0;0;0;0;0;0;1;0;0;0;0;0;6;2;1;0;0;4;0;0;2;25;9;6;12;8;2;10;1;0;55;10;2;14
34300;Servian;76;34;0;1;0;0;0;0;0;0;0;0;0;0;0;0;0;3;3;1;0;0;7;1;1;1;7;10;8;12;13;3;10;1;0;14;8;0;4
34301;Sète;76;34;1;0;0;0;1;1;0;0;0;3;0;1;0;0;0;22;8;4;0;0;61;4;8;12;95;91;61;55;41;14;75;4;14;322;81;9;55
34302;Siran;76;34;0;0;0;0;0;0;0;0;0;0;0;0;0;0;0;1;1;0;0;1;0;0;0;0;4;1;4;1;2;0;0;0;0;3;1;0;0
34303;Sorbs;76;34;0;0;0;0;0;0;0;0;0;0;0;0;0;0;0;0;0;0;0;0;0;0;0;0;0;0;0;0;0;0;0;0;0;0;0;0;0
34304;Soubès;76;34;0;0;0;0;0;0;0;0;0;0;0;0;0;0;0;0;0;0;0;1;4;0;0;0;8;2;4;3;3;1;1;0;0;2;0;0;1
34305;Le Soulié;76;34;0;0;0;0;0;0;0;0;0;0;0;0;0;0;0;0;0;0;0;1;0;0;0;0;0;0;0;0;1;0;0;0;0;1;0;0;0
34306;Soumont;76;34;0;0;0;0;0;0;0;0;0;0;0;0;0;0;0;0;0;0;0;0;0;0;0;0;0;0;2;0;0;0;0;0;0;0;0;0;0
34307;Sussargues;76;34;0;0;0;0;0;0;0;0;0;0;0;0;0;0;0;0;0;1;0;0;3;0;0;2;11;3;8;11;8;5;2;0;0;2;4;0;5
34308;Taussac-la-Billière;76;34;0;0;0;0;0;0;0;0;0;0;0;0;0;0;0;0;0;0;0;0;1;0;0;0;3;2;2;0;0;0;1;0;0;1;1;0;1
34309;Teyran;76;34;0;0;0;0;0;0;0;0;0;0;0;0;0;0;0;0;0;1;0;0;12;1;1;1;9;12;7;8;6;2;4;1;0;7;6;0;6
34310;Thézan-lès-Béziers;76;34;0;0;0;0;0;0;0;0;0;0;0;0;0;0;0;0;0;1;0;0;4;1;0;0;13;6;9;6;13;2;5;0;0;12;3;0;6
34311;Tourbes;76;34;0;0;0;0;0;0;0;0;0;0;0;0;0;0;0;0;0;0;0;1;0;0;0;0;7;3;2;3;2;0;3;1;0;10;2;0;0
34312;La Tour-sur-Orb;76;34;0;0;0;0;0;0;0;0;0;0;0;0;0;0;0;0;0;1;0;0;0;0;0;1;5;4;0;3;2;0;2;0;0;1;0;0;0
34313;Tressan;76;34;0;0;0;0;0;0;0;0;0;0;0;0;0;0;0;1;0;0;0;1;0;0;0;0;3;0;1;0;2;0;0;0;0;0;0;0;0
34314;Le Triadou;76;34;0;0;0;0;0;0;0;0;0;0;0;0;0;0;0;0;0;0;0;0;2;0;0;0;1;1;1;2;1;0;1;0;0;1;0;0;0
34315;Usclas-d'Hérault;76;34;0;0;0;0;0;0;0;0;0;0;0;0;0;0;0;0;0;0;0;0;0;0;0;0;2;2;1;2;1;0;1;0;0;1;0;0;1
34316;Usclas-du-Bosc;76;34;0;0;0;0;0;0;0;0;0;0;0;0;0;0;0;0;0;0;0;0;1;0;0;0;1;2;0;1;1;0;0;0;0;0;0;0;0
34317;La Vacquerie-et-Saint-Martin-de-Castries;76;34;0;0;0;0;0;0;0;0;0;0;0;0;0;0;0;0;0;0;0;1;1;0;0;0;1;0;2;1;0;0;0;0;0;3;0;0;1
34318;Vacquières;76;34;0;0;0;0;0;0;0;0;0;0;0;0;0;0;0;0;0;0;0;0;1;0;0;0;4;1;1;3;0;1;0;0;0;3;0;0;1
34319;Vailhan;76;34;0;0;0;0;0;0;0;0;0;0;0;0;0;0;0;0;0;0;0;0;0;0;0;0;0;0;0;1;0;0;0;0;0;3;1;0;0
34320;Vailhauquès;76;34;0;0;0;0;0;0;0;0;0;0;0;0;0;0;0;0;0;1;0;0;4;0;0;0;10;7;0;3;7;0;4;0;0;5;1;0;3
34321;Valergues;76;34;0;0;0;0;0;0;0;0;0;0;0;0;0;0;0;0;0;0;0;0;5;0;0;1;7;9;0;11;4;2;4;0;0;5;3;0;4
34322;Valflaunès;76;34;0;0;0;0;0;0;0;0;0;0;0;0;0;0;0;0;0;0;0;0;0;0;0;0;0;1;1;1;4;0;0;0;0;2;0;0;1
34323;Valmascle;76;34;0;0;0;0;0;0;0;0;0;0;0;0;0;0;0;0;0;0;0;0;0;0;0;0;1;0;0;0;0;1;0;0;0;0;0;0;0
34324;Valras-Plage;76;34;0;1;0;0;0;0;0;0;0;0;0;0;0;0;0;5;1;1;0;0;5;0;0;2;16;5;5;12;8;1;13;1;0;93;30;3;8
34325;Valros;76;34;0;0;0;0;0;0;0;0;0;0;0;0;0;0;0;0;0;0;0;1;0;0;1;0;6;4;0;5;1;1;1;0;0;5;3;1;1
34326;Vélieux;76;34;0;0;0;0;0;0;0;0;0;0;0;0;0;0;0;0;0;0;0;0;0;0;0;0;1;0;0;0;0;0;0;0;0;0;0;0;0
34327;Vendargues;76;34;0;0;0;0;0;0;0;0;0;0;0;0;0;0;0;2;0;1;0;0;21;1;1;3;27;26;18;21;16;4;8;1;0;21;19;2;6
34328;Vendémian;76;34;0;0;0;0;0;0;0;0;0;0;0;0;0;0;0;1;0;1;0;0;1;0;0;0;4;0;2;4;5;0;2;0;0;1;0;0;2
34329;Vendres;76;34;0;0;0;0;0;0;0;0;0;0;0;0;0;0;0;0;0;1;0;0;10;2;0;1;13;9;6;11;14;0;6;1;1;33;6;0;3
34330;Vérargues;76;34;0;0;0;0;0;0;0;0;0;0;0;0;0;0;0;0;0;0;0;0;0;0;1;0;2;3;3;3;5;0;1;0;0;2;2;0;0
34331;Verreries-de-Moussans;76;34;0;0;0;0;0;0;0;0;0;0;0;0;0;0;0;0;0;0;0;0;1;0;0;0;0;0;0;2;0;0;0;0;0;0;0;0;0
34332;Vias;76;34;0;0;0;0;0;0;0;0;0;0;0;0;0;0;0;3;1;1;0;0;4;1;2;2;38;20;10;15;5;7;15;2;0;89;12;1;10
34333;Vic-la-Gardiole;76;34;0;0;0;0;0;0;0;0;0;0;0;0;0;0;0;0;0;1;0;0;13;0;0;0;18;11;10;13;14;6;4;1;0;19;6;0;5
34334;Vieussan;76;34;0;0;0;0;0;0;0;0;0;0;0;0;0;0;0;0;0;0;0;0;1;0;0;0;2;0;1;1;1;0;0;0;0;2;0;0;0
34335;Villemagne-l'Argentière;76;34;0;0;0;0;0;0;0;0;0;0;0;0;0;0;0;0;1;0;0;1;1;1;0;0;1;0;0;1;0;0;1;0;0;3;0;0;0
34336;Villeneuve-lès-Béziers;76;34;0;0;0;0;0;0;0;0;0;0;0;0;0;0;0;4;0;1;0;0;28;1;1;1;26;14;13;8;12;8;11;3;3;26;6;2;5
34337;Villeneuve-lès-Maguelone;76;34;0;1;0;0;0;0;0;0;0;0;0;0;0;0;0;3;0;1;0;0;16;2;0;2;21;28;15;26;14;1;14;1;0;25;10;2;12
34338;Villeneuvette;76;34;0;0;0;0;0;0;0;0;0;0;0;0;0;0;0;0;0;0;0;0;0;0;0;0;0;0;0;0;0;0;0;0;0;1;0;0;0
34339;Villespassans;76;34;0;0;0;0;0;0;0;0;0;0;0;0;0;0;0;0;0;0;0;0;2;0;0;0;2;0;0;0;2;0;0;0;0;0;0;0;0
34340;Villetelle;76;34;0;0;0;0;0;0;0;0;0;0;0;0;0;0;0;0;0;0;0;0;3;0;0;1;13;8;3;2;4;0;1;0;0;9;4;0;2
34341;Villeveyrac;76;34;0;0;0;0;0;0;0;0;0;0;0;0;0;0;0;0;0;1;0;0;8;0;0;2;15;12;10;18;8;0;6;0;0;9;4;0;3
34342;Viols-en-Laval;76;34;0;0;0;0;0;0;0;0;0;0;0;0;0;0;0;0;0;0;0;0;0;0;0;0;0;0;1;0;0;1;0;0;0;2;0;0;0
34343;Viols-le-Fort;76;34;0;0;0;0;0;0;0;0;0;0;0;0;0;0;0;0;1;0;0;1;2;0;0;0;5;1;4;5;0;0;0;0;0;2;1;0;1
34344;La Grande-Motte;76;34;0;1;0;0;0;0;0;0;0;0;0;0;0;0;0;12;1;1;0;0;10;2;1;6;12;24;15;16;18;6;28;4;0;163;54;10;15
35001;Acigné;53;35;0;0;0;0;0;0;0;0;0;0;0;0;1;0;0;2;1;1;0;0;6;1;0;2;2;12;13;4;3;1;8;1;1;7;3;0;4
35002;Amanlis;53;35;0;0;0;0;0;0;0;0;0;0;0;0;0;0;0;0;0;0;0;1;3;0;0;0;2;4;0;0;0;0;1;2;0;2;1;0;0
35003;Andouillé-Neuville;53;35;0;0;0;0;0;0;0;0;0;0;0;0;0;0;0;0;0;0;0;0;1;0;0;0;1;1;1;2;0;0;1;0;0;1;0;0;0
35004;Antrain;53;35;0;1;0;0;0;0;0;0;0;1;0;0;1;0;0;3;1;1;0;0;5;1;0;0;1;2;1;1;1;1;2;1;0;3;0;0;0
35005;Arbrissel;53;35;0;0;0;0;0;0;0;0;0;0;0;0;0;0;0;0;0;0;0;0;1;0;0;0;0;0;2;0;0;1;0;0;0;1;0;0;1
35006;Argentré-du-Plessis;53;35;0;1;0;0;0;0;0;0;0;0;0;0;1;0;0;3;2;1;0;0;6;1;0;1;4;4;3;4;5;1;5;1;0;8;5;0;3
35007;Aubigné;53;35;0;0;0;0;0;0;0;0;0;0;0;0;0;0;0;0;0;0;0;0;1;0;0;0;0;0;0;0;0;0;0;0;0;0;0;0;0
35008;Availles-sur-Seiche;53;35;0;0;0;0;0;0;0;0;0;0;0;0;0;0;0;0;0;0;0;0;0;0;0;0;1;1;2;3;1;1;0;0;0;1;0;0;0
35009;Baguer-Morvan;53;35;0;0;0;0;0;0;0;0;0;0;0;0;0;0;0;0;0;0;0;0;3;0;0;0;2;5;2;1;1;0;2;0;0;1;0;0;1
35010;Baguer-Pican;53;35;0;0;0;0;0;0;0;0;0;0;0;0;0;0;0;0;0;0;0;0;0;0;0;0;2;3;3;0;3;0;0;0;0;3;0;1;1
35011;Baillé;53;35;0;0;0;0;0;0;0;0;0;0;0;0;0;0;0;0;0;0;0;0;0;0;0;0;1;0;0;0;0;0;0;0;0;0;0;0;0
35012;Bain-de-Bretagne;53;35;0;1;0;0;0;0;0;0;0;1;0;0;2;0;0;6;4;1;0;0;15;2;0;2;6;17;18;8;8;2;12;4;4;21;7;2;7
35013;Bains-sur-Oust;53;35;0;0;0;0;0;0;0;0;0;0;0;0;0;0;0;0;0;1;0;0;4;0;0;1;4;4;7;5;4;1;6;0;1;7;3;0;1
35014;Bais;53;35;0;0;0;0;0;0;0;0;0;0;0;0;0;0;0;1;0;1;0;0;5;0;0;1;2;2;2;1;1;1;4;2;0;4;0;0;2
35015;Balazé;53;35;0;0;0;0;0;0;0;0;0;0;0;0;0;0;0;0;0;0;1;0;1;0;0;0;2;4;4;3;1;0;3;1;0;2;0;0;1
35016;Baulon;53;35;0;0;0;0;0;0;0;0;0;0;0;0;0;0;0;0;0;0;1;0;1;0;0;1;3;3;10;2;6;0;2;0;0;3;0;0;1
35017;La Baussaine;53;35;0;0;0;0;0;0;0;0;0;0;0;0;0;0;0;0;0;0;0;0;0;0;0;0;2;0;3;1;2;0;0;0;0;1;0;0;1
35018;La Bazouge-du-Désert;53;35;0;0;0;0;0;0;0;0;0;0;0;0;0;0;0;0;0;0;0;1;2;0;0;0;0;1;3;4;1;0;2;0;0;1;0;0;0
35019;Bazouges-la-Pérouse;53;35;0;0;0;0;0;0;0;0;0;0;0;0;0;0;0;1;1;1;0;0;3;0;0;0;2;4;4;3;2;1;2;0;0;9;2;0;0
35021;Beaucé;53;35;0;0;0;0;0;0;0;0;0;0;0;0;0;0;0;0;0;0;0;0;2;0;0;0;0;2;3;1;2;1;1;0;0;1;1;0;0
35022;Bécherel;53;35;0;1;0;0;0;0;0;0;0;0;0;0;0;0;0;0;1;1;0;0;0;0;0;0;1;0;1;1;0;0;3;3;0;3;0;0;2
35023;Bédée;53;35;0;0;0;0;0;0;0;0;0;0;0;0;0;0;0;3;0;1;0;0;9;0;0;1;3;6;7;10;4;0;4;0;1;9;2;1;4
35024;Betton;53;35;0;1;0;0;0;0;0;0;0;0;0;0;1;0;0;6;0;1;0;0;12;2;0;2;6;14;12;9;5;4;7;4;0;16;9;1;7
35025;Billé;53;35;0;0;0;0;0;0;0;0;0;0;0;0;0;0;0;0;0;0;0;0;1;0;0;0;0;1;3;0;2;0;1;0;0;0;0;0;1
35026;Bléruais;53;35;0;0;0;0;0;0;0;0;0;0;0;0;0;0;0;0;0;0;0;0;0;0;0;0;0;0;0;0;1;0;0;0;0;0;0;0;0
35027;Boisgervilly;53;35;0;0;0;0;0;0;0;0;0;0;0;0;0;0;0;0;0;0;0;1;0;0;0;0;0;4;6;2;2;0;1;0;0;2;0;0;0
35028;Boistrudan;53;35;0;0;0;0;0;0;0;0;0;0;0;0;0;0;0;0;0;0;1;0;1;0;0;0;0;1;0;0;1;1;0;0;0;2;2;0;0
35029;Bonnemain;53;35;0;0;0;0;0;0;0;0;0;0;0;0;0;0;0;0;0;0;0;1;2;0;0;0;2;2;6;3;0;0;2;0;0;1;0;0;0
35030;La Bosse-de-Bretagne;53;35;0;0;0;0;0;0;0;0;0;0;0;0;0;0;0;0;0;0;0;0;0;0;0;0;0;0;1;2;1;0;0;0;0;1;0;0;0
35031;La Bouëxière;53;35;0;0;0;0;0;0;0;0;0;0;0;0;1;0;0;2;1;1;0;0;6;0;0;2;2;8;4;5;3;1;5;1;0;7;2;0;2
35032;Bourgbarré;53;35;0;0;0;0;0;0;0;0;0;0;0;0;0;0;0;0;0;1;0;0;2;0;0;1;8;7;6;6;3;3;3;2;0;3;1;0;4
35033;Bourg-des-Comptes;53;35;0;0;0;0;0;0;0;0;0;0;0;0;0;0;0;0;0;1;0;0;5;0;0;1;1;7;2;5;4;0;3;0;0;5;0;0;1
35034;La Boussac;53;35;0;0;0;0;0;0;0;0;0;0;0;0;0;0;0;0;1;0;0;1;5;0;0;0;2;1;1;1;2;1;1;0;0;2;0;0;0
35035;Bovel;53;35;0;0;0;0;0;0;0;0;0;0;0;0;0;0;0;0;0;0;0;0;1;0;0;0;0;1;0;0;1;0;0;0;0;0;0;0;0
35037;Bréal-sous-Montfort;53;35;0;0;0;0;0;0;0;0;0;0;0;0;1;0;0;2;1;1;0;0;9;1;0;1;3;8;11;8;5;2;8;0;0;9;3;0;4
35038;Bréal-sous-Vitré;53;35;0;0;0;0;0;0;0;0;0;0;0;0;0;0;0;0;0;0;1;0;2;0;0;0;0;0;1;0;1;0;0;0;0;1;0;0;0
35039;Brécé;53;35;0;0;0;0;0;0;0;0;0;0;0;0;0;0;0;0;0;0;0;0;4;0;0;0;5;1;2;3;2;2;1;0;0;3;0;0;1
35040;Breteil;53;35;0;0;0;0;0;0;0;0;0;0;0;0;0;0;0;0;0;0;0;1;1;0;0;1;5;3;3;9;4;1;3;0;0;2;0;2;3
35041;Brie;53;35;0;0;0;0;0;0;0;0;0;0;0;0;0;0;0;0;0;0;0;0;0;0;0;0;3;2;0;0;0;0;0;1;0;0;1;0;1
35042;Brielles;53;35;0;0;0;0;0;0;0;0;0;0;0;0;0;0;0;0;0;0;0;0;1;0;0;0;0;1;1;1;0;0;0;0;0;1;0;0;0
35044;Broualan;53;35;0;0;0;0;0;0;0;0;0;0;0;0;0;0;0;0;0;0;0;0;0;0;0;0;1;2;1;0;0;0;0;0;0;0;0;0;0
35045;Bruc-sur-Aff;53;35;0;0;0;0;0;0;0;0;0;0;0;0;0;0;0;0;0;0;0;1;0;0;0;0;0;1;1;2;1;1;0;0;0;1;0;0;0
35046;Les Brulais;53;35;0;0;0;0;0;0;0;0;0;0;0;0;0;0;0;0;0;0;0;0;0;0;0;0;0;0;1;1;0;0;1;0;0;0;0;0;0
35047;Bruz;53;35;0;1;0;0;0;0;0;0;0;0;0;0;1;0;0;12;0;1;0;0;13;2;0;5;6;16;12;19;11;5;12;6;0;34;27;4;8
35048;Campel;53;35;0;0;0;0;0;0;0;0;0;0;0;0;0;0;0;0;0;0;0;0;0;0;0;0;2;0;0;0;0;0;1;0;0;0;0;0;0
35049;Cancale;53;35;0;1;0;0;0;0;0;0;0;1;0;0;1;0;0;7;1;1;0;0;3;1;0;3;3;6;6;8;4;0;7;1;0;55;4;0;5
35050;Cardroc;53;35;0;0;0;0;0;0;0;0;0;0;0;0;0;0;0;0;0;0;0;0;0;0;0;0;2;2;0;0;0;0;0;0;0;3;0;0;0
35051;Cesson-Sévigné;53;35;0;0;0;0;0;0;0;0;0;1;0;0;1;0;0;17;1;1;0;0;37;4;8;5;26;27;22;23;25;9;13;6;5;73;25;4;12
35052;Champeaux;53;35;0;0;0;0;0;0;0;0;0;0;0;0;0;0;0;0;0;0;0;0;0;0;0;0;1;0;0;2;0;0;0;0;0;1;0;0;0
35053;Chancé;53;35;0;0;0;0;0;0;0;0;0;0;0;0;0;0;0;0;0;0;0;0;0;0;0;0;0;1;0;0;1;1;0;0;0;2;1;0;0
35054;Chanteloup;53;35;0;0;0;0;0;0;0;0;0;0;0;0;0;0;0;0;0;0;0;0;2;0;0;0;1;4;2;3;1;0;2;0;0;1;1;0;0
35055;Chantepie;53;35;0;0;0;0;0;0;0;0;0;0;0;0;1;0;0;10;2;1;0;0;15;2;1;4;12;11;5;6;9;0;8;1;2;24;10;2;7
35056;La Chapelle-aux-Filtzméens;53;35;0;0;0;0;0;0;0;0;0;0;0;0;0;0;0;0;0;0;0;0;0;0;0;0;2;1;0;0;1;0;0;0;0;2;0;0;0
35057;La Chapelle-Bouëxic;53;35;0;0;0;0;0;0;0;0;0;0;0;0;0;0;0;0;0;0;0;1;1;0;0;0;0;6;3;3;1;0;1;0;0;1;0;0;0
35058;La Chapelle-Chaussée;53;35;0;0;0;0;0;0;0;0;0;0;0;0;0;0;0;0;0;0;0;1;1;0;0;0;1;1;2;1;0;0;1;0;0;0;1;0;0
35059;La Chapelle-des-Fougeretz;53;35;0;0;0;0;0;0;0;0;0;0;0;0;0;0;0;4;0;1;0;0;3;0;0;1;4;9;13;4;2;1;3;0;1;4;1;0;3
35060;La Chapelle du Lou du Lac;53;35;0;0;0;0;0;0;0;0;0;0;0;0;0;0;0;0;0;0;0;0;1;0;0;0;1;0;0;1;3;0;3;0;0;1;0;0;0
35061;La Chapelle-Erbrée;53;35;0;0;0;0;0;0;0;0;0;0;0;0;0;0;0;0;0;0;0;1;1;0;0;0;1;0;1;2;1;0;1;0;0;1;0;0;0
35062;La Chapelle-Janson;53;35;0;0;0;0;0;0;0;0;0;0;0;0;0;0;0;0;0;0;1;0;2;0;0;0;5;2;2;3;2;0;2;0;0;1;1;0;0
35063;La Chapelle-Saint-Aubert;53;35;0;0;0;0;0;0;0;0;0;0;0;0;0;0;0;0;0;0;0;0;0;0;0;0;0;0;2;0;1;0;2;0;0;1;0;0;0
35064;La Chapelle-de-Brain;53;35;0;0;0;0;0;0;0;0;0;0;0;0;0;0;0;0;0;0;0;1;0;0;0;0;5;1;2;2;1;0;2;0;0;2;0;0;0
35065;La Chapelle-Thouarault;53;35;0;0;0;0;0;0;0;0;0;0;0;0;1;0;0;0;0;0;1;0;2;0;0;0;2;1;0;0;2;1;2;0;0;2;1;0;0
35066;Chartres-de-Bretagne;53;35;0;0;0;0;0;0;0;0;0;1;0;0;1;0;0;4;0;1;0;0;8;2;0;1;0;10;8;3;7;0;6;2;1;25;5;1;3
35067;Chasné-sur-Illet;53;35;0;0;0;0;0;0;0;0;0;0;0;0;0;0;0;0;0;0;0;0;0;0;0;0;1;2;3;2;1;1;2;0;0;0;0;0;1
35068;Châteaubourg;53;35;0;1;0;0;0;0;0;0;0;0;0;0;1;0;0;5;1;1;0;0;13;2;0;4;5;7;5;8;5;2;9;4;5;13;6;1;5
35069;Châteaugiron;53;35;0;1;0;0;0;0;0;0;0;1;0;0;1;0;0;4;3;1;0;0;7;1;0;1;6;5;7;3;6;2;10;4;0;13;11;2;6
35070;Châteauneuf-d'Ille-et-Vilaine;53;35;0;1;0;0;0;0;0;0;0;1;0;0;0;0;0;1;0;1;0;0;1;0;0;1;0;3;3;3;2;0;3;0;0;2;0;0;1
35071;Le Châtellier;53;35;0;0;0;0;0;0;0;0;0;0;0;0;0;0;0;0;0;0;0;0;1;0;0;0;1;0;2;0;1;0;0;0;0;2;0;0;0
35072;Châtillon-en-Vendelais;53;35;0;0;0;0;0;0;0;0;0;0;0;0;0;0;0;0;0;1;0;0;3;0;0;0;2;1;7;1;1;0;1;4;0;4;0;0;1
35075;Chauvigné;53;35;0;0;0;0;0;0;0;0;0;0;0;0;0;0;0;0;0;0;0;0;2;0;0;0;0;0;0;2;1;0;1;0;0;2;0;0;0
35076;Chavagne;53;35;0;0;0;0;0;0;0;0;0;0;0;0;1;0;0;2;0;1;0;0;7;0;0;4;0;5;5;8;4;2;5;0;0;4;1;0;4
35077;Chelun;53;35;0;0;0;0;0;0;0;0;0;0;0;0;0;0;0;0;0;0;0;0;0;0;0;0;1;0;1;1;1;0;0;0;0;0;0;0;0
35078;Cherrueix;53;35;0;0;0;0;0;0;0;0;0;0;0;0;0;0;0;0;0;0;0;1;1;0;0;0;3;1;3;1;0;0;1;0;0;2;0;0;1
35079;Chevaigné;53;35;0;0;0;0;0;0;0;0;0;0;0;0;0;0;0;0;0;0;0;0;2;0;0;1;1;2;2;4;1;0;2;0;0;1;0;0;2
35080;Cintré;53;35;0;0;0;0;0;0;0;0;0;0;0;0;1;0;0;0;0;0;1;0;1;0;0;0;2;0;3;3;2;0;3;0;0;4;0;0;0
35081;Clayes;53;35;0;0;0;0;0;0;0;0;0;0;0;0;0;0;0;0;0;0;0;0;1;0;0;0;0;1;0;0;0;0;0;0;0;0;0;0;0
35082;Coësmes;53;35;0;0;0;0;0;0;0;0;0;0;0;0;0;0;0;0;0;0;0;1;1;0;0;0;0;3;1;4;0;0;1;0;0;1;1;0;0
35083;Coglès;53;35;0;0;0;0;0;0;0;0;0;0;0;0;0;0;0;0;0;0;0;1;1;0;0;0;0;0;1;1;2;0;1;0;0;0;1;0;0
35084;Comblessac;53;35;0;0;0;0;0;0;0;0;0;0;0;0;0;0;0;0;0;0;1;0;3;0;0;1;0;1;1;1;2;0;1;0;0;0;0;0;0
35085;Combourg;53;35;0;1;0;0;0;0;0;0;0;0;0;1;0;0;0;5;1;1;0;0;9;3;0;3;3;5;11;10;5;2;11;6;0;14;6;2;3
35086;Combourtillé;53;35;0;0;0;0;0;0;0;0;0;0;0;0;0;0;0;0;0;0;0;0;0;0;0;0;1;2;2;1;0;0;0;0;0;1;0;0;0
35087;Cornillé;53;35;0;0;0;0;0;0;0;0;0;0;0;0;0;0;0;0;0;0;0;0;4;0;0;0;3;1;2;3;2;0;1;0;0;2;0;0;1
35088;Corps-Nuds;53;35;0;0;0;0;0;0;0;0;0;0;0;0;1;0;0;1;0;1;0;0;7;0;0;1;1;3;4;4;4;1;4;0;1;4;2;0;1
35089;La Couyère;53;35;0;0;0;0;0;0;0;0;0;0;0;0;0;0;0;0;0;0;0;0;0;0;0;0;0;2;1;1;1;0;0;0;0;1;0;0;0
35090;Crevin;53;35;0;0;0;0;0;0;0;0;0;0;0;0;0;0;0;1;0;0;1;0;2;1;0;1;4;8;4;1;5;1;2;0;1;3;0;0;2
35091;Le Crouais;53;35;0;0;0;0;0;0;0;0;0;0;0;0;0;0;0;0;0;0;0;0;1;0;0;0;0;0;2;1;0;0;0;0;0;0;0;0;0
35092;Cuguen;53;35;0;0;0;0;0;0;0;0;0;0;0;0;0;0;0;0;0;0;0;1;2;0;0;0;2;1;4;2;0;0;1;0;0;1;0;0;0
35093;Dinard;53;35;1;0;0;0;0;0;0;0;0;1;0;0;2;0;0;9;3;1;0;2;6;0;0;3;8;22;12;11;12;0;17;2;0;77;30;3;8
35094;Dingé;53;35;0;0;0;0;0;0;0;0;0;0;0;0;0;0;0;0;0;1;0;0;0;0;0;0;1;3;2;3;1;0;4;0;0;0;0;0;1
35095;Dol-de-Bretagne;53;35;0;1;0;0;0;0;0;0;0;1;0;0;1;0;0;7;2;1;0;0;11;3;0;3;7;10;7;5;5;2;17;5;1;31;10;2;4
35096;Domagné;53;35;0;0;0;0;0;0;0;0;0;0;0;0;0;0;0;0;0;0;1;0;3;0;0;0;2;1;5;4;2;0;2;0;0;1;0;0;1
35097;Domalain;53;35;0;0;0;0;0;0;0;0;0;0;0;0;0;0;0;0;0;0;0;1;4;0;0;0;2;2;4;1;0;0;1;0;0;2;0;0;0
35098;La Dominelais;53;35;0;0;0;0;0;0;0;0;0;0;0;0;0;0;0;0;0;0;0;0;0;0;0;0;1;2;2;3;1;0;1;0;0;0;0;0;0
35099;Domloup;53;35;0;0;0;0;0;0;0;0;0;0;0;0;0;0;0;0;0;0;0;0;4;0;0;2;5;4;7;7;2;0;1;0;0;3;0;0;2
35100;Dompierre-du-Chemin;53;35;0;0;0;0;0;0;0;0;0;0;0;0;0;0;0;0;0;0;0;1;1;0;0;0;3;0;1;2;0;0;0;1;0;1;0;0;0
35101;Dourdain;53;35;0;0;0;0;0;0;0;0;0;0;0;0;0;0;0;0;0;0;0;1;0;0;0;0;3;0;1;3;1;0;2;0;0;1;0;0;0
35102;Drouges;53;35;0;0;0;0;0;0;0;0;0;0;0;0;0;0;0;0;0;0;0;0;0;0;0;0;1;0;3;0;0;0;0;0;0;1;0;0;0
35103;Eancé;53;35;0;0;0;0;0;0;0;0;0;0;0;0;0;0;0;0;0;0;0;0;0;0;0;0;0;0;0;0;1;0;0;0;0;2;0;0;1
35104;Epiniac;53;35;0;0;0;0;0;0;0;0;0;0;0;0;0;0;0;0;0;0;0;1;0;0;0;0;3;2;1;4;1;0;0;0;0;1;0;0;1
35105;Erbrée;53;35;0;0;0;0;0;0;0;0;0;0;0;0;0;0;0;0;0;0;0;1;1;0;0;0;3;4;4;1;1;0;1;0;0;2;1;0;0
35106;Ercé-en-Lamée;53;35;0;0;0;0;0;0;0;0;0;0;0;0;0;0;0;0;0;0;0;1;4;0;0;0;5;2;1;6;2;1;3;0;0;1;0;0;0
35107;Ercé-près-Liffré;53;35;0;0;0;0;0;0;0;0;0;0;0;0;0;0;0;0;0;0;0;1;1;0;0;0;2;2;3;2;2;0;1;0;0;0;1;0;1
35108;Essé;53;35;0;0;0;0;0;0;0;0;0;0;0;0;0;0;0;0;0;0;0;1;0;0;0;0;2;0;5;0;2;0;0;0;0;3;0;0;0
35109;Étrelles;53;35;0;0;0;0;0;0;0;0;0;0;0;0;0;0;0;0;0;0;0;1;2;0;0;0;5;2;5;2;3;1;3;1;0;4;2;0;1
35110;Feins;53;35;0;0;0;0;0;0;0;0;0;0;0;0;0;0;0;0;0;0;1;0;1;0;0;0;1;1;1;1;1;0;0;0;0;3;0;0;2
35111;Le Ferré;53;35;0;0;0;0;0;0;0;0;0;0;0;0;0;0;0;0;0;0;1;0;2;0;0;0;0;0;1;2;0;0;0;0;0;2;0;0;0
35112;Fleurigné;53;35;0;0;0;0;0;0;0;0;0;0;0;0;0;0;0;0;0;0;0;0;2;0;0;0;0;1;2;0;1;0;2;0;0;1;0;0;1
35113;La Fontenelle;53;35;0;0;0;0;0;0;0;0;0;0;0;0;0;0;0;0;0;0;0;0;0;0;0;0;0;0;2;1;2;0;0;0;0;1;0;0;0
35114;Forges-la-Forêt;53;35;0;0;0;0;0;0;0;0;0;0;0;0;0;0;0;0;0;0;0;0;0;0;0;0;0;0;0;0;0;0;0;0;0;0;0;0;0
35115;Fougères;53;35;1;1;0;0;1;0;0;0;0;4;0;1;4;0;0;14;7;2;0;0;21;5;1;6;9;19;16;10;11;4;37;6;10;80;14;6;11
35116;La Fresnais;53;35;0;0;0;0;0;0;0;0;0;0;0;0;0;0;0;0;0;1;0;0;7;0;0;0;2;3;8;7;2;1;3;0;0;3;1;0;0
35117;Gaël;53;35;0;0;0;0;0;0;0;0;0;0;0;0;0;0;0;0;0;0;0;1;1;0;0;0;3;1;4;3;1;0;3;0;0;3;2;0;0
35118;Gahard;53;35;0;0;0;0;0;0;0;0;0;0;0;0;0;0;0;0;0;0;1;0;1;0;0;0;2;2;2;3;2;0;2;0;1;1;0;0;1
35119;Gennes-sur-Seiche;53;35;0;0;0;0;0;0;0;0;0;0;0;0;0;0;0;0;0;0;0;1;1;0;0;0;0;1;0;1;1;0;2;0;0;2;0;0;0
35120;Gévezé;53;35;0;0;0;0;0;0;0;0;0;0;0;0;0;0;0;2;1;1;0;0;3;1;0;1;6;9;12;2;2;0;5;2;0;5;9;1;3
35121;Gosné;53;35;0;0;0;0;0;0;0;0;0;0;0;0;0;0;0;0;0;1;0;0;2;0;0;0;3;1;4;1;2;0;1;0;0;1;0;0;0
35122;La Gouesnière;53;35;0;0;0;0;0;0;0;0;0;0;0;0;0;0;0;0;0;0;0;1;1;0;0;0;3;4;6;3;2;2;3;0;0;4;0;0;1
35123;Goven;53;35;0;0;0;0;0;0;0;0;0;0;0;0;0;0;0;3;0;1;0;0;4;0;0;1;3;5;5;9;6;2;4;0;0;3;4;0;2
35124;Grand-Fougeray;53;35;0;1;0;0;0;0;0;0;0;0;0;0;1;0;0;2;1;1;0;0;4;0;0;1;2;2;4;5;5;0;2;4;0;5;1;1;1
35125;La Guerche-de-Bretagne;53;35;0;1;0;0;0;0;0;0;0;1;0;0;2;0;0;5;1;1;0;0;13;2;0;3;4;5;8;6;1;1;11;3;0;10;5;0;6
35126;Guichen;53;35;0;1;0;0;0;0;0;0;0;1;0;0;2;0;0;7;1;1;0;1;9;2;0;2;7;9;11;8;3;1;10;4;0;15;8;1;4
35127;Guignen;53;35;0;0;0;0;0;0;0;0;0;0;0;0;0;0;0;1;2;1;0;0;2;0;0;1;3;8;9;4;1;1;3;0;0;5;1;0;2
35128;Guipel;53;35;0;0;0;0;0;0;0;0;0;0;0;0;0;0;0;0;1;0;0;1;2;0;0;1;2;4;6;3;0;0;2;0;0;1;0;0;0
35130;Hédé-Bazouges;53;35;0;1;0;0;0;0;0;0;0;0;0;0;0;0;0;0;0;0;1;0;1;0;0;1;4;5;6;3;1;3;3;0;0;6;0;0;2
35131;L'Hermitage;53;35;0;0;0;0;0;0;0;0;0;0;0;0;1;0;0;2;0;1;0;0;6;0;0;1;6;4;10;8;6;1;3;1;0;4;1;2;2
35132;Hirel;53;35;0;0;0;0;0;0;0;0;0;0;0;0;0;0;0;0;0;0;0;1;1;0;0;0;4;3;1;2;2;0;2;0;0;3;0;0;0
35133;Iffendic;53;35;0;0;0;0;0;0;0;0;0;0;0;0;0;0;0;0;0;1;0;0;4;0;0;1;6;3;6;10;5;1;4;0;0;5;0;0;2
35134;Les Iffs;53;35;0;0;0;0;0;0;0;0;0;0;0;0;0;0;0;0;0;0;0;0;0;0;0;0;0;0;1;1;1;0;0;0;0;1;1;0;0
35135;Irodouër;53;35;0;0;0;0;0;0;0;0;0;0;0;0;1;0;0;0;0;0;0;1;3;0;0;0;1;1;5;6;1;0;2;0;1;2;1;0;2
35136;Janzé;53;35;0;1;0;0;0;0;0;0;0;1;0;0;2;0;0;7;0;1;0;0;17;2;0;3;4;13;10;9;7;3;12;4;0;19;8;3;4
35137;Javené;53;35;0;0;0;0;0;0;0;0;0;0;0;0;0;0;0;0;0;0;0;0;3;0;0;0;3;3;4;1;1;2;1;1;0;0;0;0;0
35138;Laignelet;53;35;0;0;0;0;0;0;0;0;0;0;0;0;0;0;0;0;0;0;0;0;0;0;0;0;0;2;2;1;0;0;1;0;0;1;1;0;0
35139;Laillé;53;35;0;0;0;0;0;0;0;0;0;0;0;0;0;0;0;2;0;1;0;0;7;1;1;0;6;8;11;2;2;1;8;0;0;7;1;0;5
35140;Lalleu;53;35;0;0;0;0;0;0;0;0;0;0;0;0;0;0;0;0;0;0;0;0;1;0;0;0;0;0;1;1;1;0;0;0;0;1;1;0;0
35141;Landavran;53;35;0;0;0;0;0;0;0;0;0;0;0;0;0;0;0;0;0;0;0;0;0;0;0;0;0;2;2;1;0;0;1;0;0;1;0;0;0
35142;Landéan;53;35;0;0;0;0;0;0;0;0;0;0;0;0;0;0;0;0;0;0;0;1;1;0;0;0;1;4;2;2;1;1;2;0;0;1;0;0;0
35143;Landujan;53;35;0;0;0;0;0;0;0;0;0;0;0;0;0;0;0;0;0;0;0;0;1;0;0;0;1;1;2;1;0;0;0;0;0;0;0;0;0
35144;Langan;53;35;0;0;0;0;0;0;0;0;0;0;0;0;0;0;0;0;0;0;0;0;0;0;0;0;2;1;2;2;0;0;0;0;0;0;0;0;0
35145;Langon;53;35;0;0;0;0;0;0;0;0;0;0;0;0;0;0;0;0;0;1;0;0;3;0;0;1;2;2;1;1;0;0;0;0;0;4;1;0;0
35146;Langouet;53;35;0;0;0;0;0;0;0;0;0;0;0;0;0;0;0;0;0;0;0;0;0;0;0;0;0;1;1;2;1;0;0;0;0;2;1;0;0
35147;Lanhélin;53;35;0;0;0;0;0;0;0;0;0;0;0;0;0;0;0;0;0;0;1;0;3;0;0;0;0;1;2;2;3;0;4;0;0;1;0;0;0
35148;Lanrigan;53;35;0;0;0;0;0;0;0;0;0;0;0;0;0;0;0;0;0;0;0;0;0;0;0;0;0;1;0;0;1;0;0;0;0;0;0;0;0
35149;Lassy;53;35;0;0;0;0;0;0;0;0;0;0;0;0;0;0;0;0;0;0;0;0;0;0;0;0;1;1;1;3;0;0;2;0;0;1;3;0;1
35150;Lécousse;53;35;0;0;0;0;0;0;0;0;0;0;0;0;0;0;0;1;1;0;1;0;13;1;0;1;3;8;6;7;3;3;4;2;0;5;0;1;0
35151;Lieuron;53;35;0;0;0;0;0;0;0;0;0;0;0;0;0;0;0;0;0;0;0;0;2;0;1;0;1;0;0;0;0;0;1;0;0;0;0;0;1
35152;Liffré;53;35;0;1;0;0;0;0;0;0;0;1;0;0;1;0;0;5;1;1;0;0;9;2;0;3;8;8;10;9;6;1;8;3;2;16;5;3;3
35153;Lillemer;53;35;0;0;0;0;0;0;0;0;0;0;0;0;0;0;0;0;0;0;0;0;0;0;0;0;0;0;0;0;1;0;0;0;0;0;1;0;0
35154;Livré-sur-Changeon;53;35;0;0;0;0;0;0;0;0;0;0;0;0;0;0;0;0;0;0;0;1;2;0;0;0;0;2;4;0;1;0;1;0;0;0;0;0;0
35155;Lohéac;53;35;0;0;0;0;0;0;0;0;0;0;0;0;0;0;0;0;0;0;0;1;2;0;1;2;0;1;1;4;0;0;1;0;0;3;0;0;1
35156;Longaulnay;53;35;0;0;0;0;0;0;0;0;0;0;0;0;0;0;0;0;0;0;0;0;0;0;0;0;2;1;2;0;2;1;0;0;0;0;0;0;0
35157;Le Loroux;53;35;0;0;0;0;0;0;0;0;0;0;0;0;0;0;0;0;0;0;0;1;1;0;0;0;1;1;1;1;1;0;1;0;0;1;0;0;0
35159;Lourmais;53;35;0;0;0;0;0;0;0;0;0;0;0;0;0;0;0;0;0;0;0;0;0;0;0;0;0;1;0;0;0;1;0;0;0;1;0;0;0
35160;Loutehel;53;35;0;0;0;0;0;0;0;0;0;0;0;0;0;0;0;0;0;0;0;0;0;0;0;0;0;0;1;0;0;0;0;0;0;0;0;0;0
35161;Louvigné-de-Bais;53;35;0;0;0;0;0;0;0;0;0;0;0;0;0;0;0;1;0;0;0;1;1;1;1;0;1;3;2;2;0;1;4;2;0;1;0;0;1
35162;Louvigné-du-Désert;53;35;0;1;0;0;0;0;0;0;0;1;0;0;1;0;0;4;0;1;0;0;5;1;1;2;5;3;5;4;5;1;4;1;0;6;1;0;2
35163;Luitré;53;35;0;0;0;0;0;0;0;0;0;0;0;0;0;0;0;0;0;0;0;1;4;0;0;0;0;2;3;1;1;0;2;0;1;0;0;0;1
35164;Marcillé-Raoul;53;35;0;0;0;0;0;0;0;0;0;0;0;0;0;0;0;0;0;0;0;1;2;0;0;0;0;0;1;4;0;0;1;0;1;1;1;0;0
35165;Marcillé-Robert;53;35;0;0;0;0;0;0;0;0;0;0;0;0;0;0;0;0;0;0;0;1;0;0;0;0;1;1;2;4;0;1;3;0;0;1;0;0;1
35166;Marpiré;53;35;0;0;0;0;0;0;0;0;0;0;0;0;0;0;0;0;0;0;1;0;0;0;0;0;1;1;5;0;0;0;0;0;0;1;0;0;0
35167;Martigné-Ferchaud;53;35;0;0;0;0;0;0;0;0;0;0;0;0;0;0;0;3;0;0;0;1;3;1;0;1;2;3;9;3;5;1;4;3;1;6;2;0;0
35168;Maure-de-Bretagne;53;35;0;1;0;0;0;0;0;0;0;0;0;0;2;0;0;2;1;1;0;0;4;1;0;3;2;6;6;8;4;2;4;1;0;8;2;0;1
35169;Maxent;53;35;0;0;0;0;0;0;0;0;0;0;0;0;0;0;0;0;0;0;0;1;2;0;0;0;1;1;2;3;1;0;1;0;0;1;0;0;1
35170;Mecé;53;35;0;0;0;0;0;0;0;0;0;0;0;0;0;0;0;0;0;0;0;0;2;0;0;0;0;0;2;1;0;1;1;0;0;0;0;0;0
35171;Médréac;53;35;0;0;0;0;0;0;0;0;0;0;0;0;0;0;0;0;0;1;0;0;6;0;0;0;1;2;2;3;2;0;2;0;0;0;1;0;1
35172;Meillac;53;35;0;0;0;0;0;0;0;0;0;0;0;0;0;0;0;0;0;0;0;1;2;0;0;0;2;3;11;3;2;0;1;0;0;2;0;0;0
35173;Melesse;53;35;0;0;0;0;0;0;0;0;0;0;0;0;0;0;0;4;0;1;0;0;14;1;0;2;6;10;17;9;2;2;5;1;0;8;10;2;5
35174;Mellé;53;35;0;0;0;0;0;0;0;0;0;0;0;0;0;0;0;0;0;0;1;0;1;0;0;0;1;0;1;1;0;0;0;0;0;1;0;0;0
35175;Mernel;53;35;0;0;0;0;0;0;0;0;0;0;0;0;0;0;0;0;0;0;0;0;0;1;0;0;2;0;1;1;1;1;2;0;0;0;0;0;0
35176;Guipry-Messac;53;35;0;0;0;0;0;0;0;0;0;0;0;0;0;0;0;4;1;1;0;1;11;2;0;2;8;11;7;6;3;1;7;3;0;12;3;0;5
35177;La Mézière;53;35;0;0;0;0;0;0;0;0;0;0;0;0;0;0;0;2;1;1;0;0;5;2;0;2;10;9;16;10;12;7;4;1;0;18;3;0;3
35178;Mézières-sur-Couesnon;53;35;0;0;0;0;0;0;0;0;0;0;0;0;0;0;0;0;0;0;0;1;1;0;0;0;2;2;4;1;0;0;2;0;0;2;0;0;0
35179;Miniac-Morvan;53;35;0;0;0;0;0;0;0;0;0;0;0;0;0;0;0;2;0;1;0;0;5;2;0;1;9;5;5;4;6;0;3;0;0;10;1;0;3
35180;Miniac-sous-Bécherel;53;35;0;0;0;0;0;0;0;0;0;0;0;0;0;0;0;0;0;0;0;1;0;0;0;0;0;2;2;3;0;0;0;0;0;0;0;0;0
35181;Le Minihic-sur-Rance;53;35;0;0;0;0;0;0;0;0;0;0;0;0;0;0;0;0;1;1;0;0;0;0;0;0;3;2;3;1;5;1;1;0;0;4;0;0;1
35183;Mondevert;53;35;0;0;0;0;0;0;0;0;0;0;0;0;0;0;0;0;0;0;1;0;3;0;0;0;0;1;2;0;1;0;0;0;0;1;0;1;0
35184;Montauban-de-Bretagne;53;35;0;1;0;0;0;0;0;0;0;1;0;0;1;0;0;4;1;1;0;0;9;2;1;2;5;4;7;7;3;1;8;1;2;15;3;1;2
35185;Montautour;53;35;0;0;0;0;0;0;0;0;0;0;0;0;0;0;0;0;0;0;0;0;0;0;0;0;0;0;0;0;0;0;1;0;0;0;0;0;0
35186;Mont-Dol;53;35;0;0;0;0;0;0;0;0;0;0;0;0;0;0;0;0;0;0;0;0;1;0;0;0;2;1;1;1;2;0;2;0;0;3;0;0;0
35187;Monterfil;53;35;0;0;0;0;0;0;0;0;0;0;0;0;0;0;0;0;0;0;0;0;0;0;0;0;0;0;0;1;1;0;1;0;0;1;1;0;0
35188;Montfort-sur-Meu;53;35;0;1;0;0;0;0;0;0;0;2;0;0;1;0;0;6;1;1;0;0;4;2;1;3;3;8;7;3;3;0;8;2;1;9;7;3;5
35189;Montgermont;53;35;0;0;0;0;0;0;0;0;0;0;0;0;0;0;0;2;0;1;0;0;7;0;0;4;5;4;6;1;0;4;5;0;10;7;1;1;4
35190;Monthault;53;35;0;0;0;0;0;0;0;0;0;0;0;0;0;0;0;0;0;0;0;0;0;0;0;0;2;0;0;0;0;0;0;0;0;1;0;0;0
35191;Montours;53;35;0;0;0;0;0;0;0;0;0;0;0;0;0;0;0;0;0;0;1;0;0;0;0;0;1;1;0;3;3;0;1;0;0;2;0;0;0
35192;Montreuil-des-Landes;53;35;0;0;0;0;0;0;0;0;0;0;0;0;0;0;0;0;0;0;0;0;0;0;0;0;0;0;0;0;1;0;0;0;0;0;0;0;0
35193;Montreuil-le-Gast;53;35;0;0;0;0;0;0;0;0;0;0;0;0;1;0;0;0;0;0;1;0;2;0;0;0;1;1;3;2;3;0;1;0;0;3;1;0;1
35194;Montreuil-sous-Pérouse;53;35;0;0;0;0;0;0;0;0;0;0;0;0;0;0;0;0;0;0;0;0;0;0;0;1;1;0;4;0;0;0;1;0;0;2;0;0;1
35195;Montreuil-sur-Ille;53;35;0;0;0;0;0;0;0;0;0;0;0;0;0;0;0;1;1;1;0;0;4;0;0;0;3;4;2;3;2;0;3;0;0;2;1;0;0
35196;Mordelles;53;35;0;1;0;0;0;0;0;0;0;0;0;0;1;0;0;7;4;1;0;0;6;2;0;2;2;7;7;8;7;2;6;4;2;14;7;1;8
35197;Mouazé;53;35;0;0;0;0;0;0;0;0;0;0;0;0;0;0;0;0;0;0;0;0;2;0;0;0;2;3;3;4;0;0;0;0;0;0;1;0;0
35198;Moulins;53;35;0;0;0;0;0;0;0;0;0;0;0;0;0;0;0;0;0;0;0;0;0;0;0;0;0;1;0;0;0;0;0;0;0;2;0;0;0
35199;Moussé;53;35;0;0;0;0;0;0;0;0;0;0;0;0;0;0;0;0;0;0;0;0;0;0;0;0;0;0;0;0;0;0;0;0;0;0;0;0;0
35200;Moutiers;53;35;0;0;0;0;0;0;0;0;0;0;0;0;0;0;0;0;0;0;0;0;1;0;0;0;2;2;4;3;0;0;0;0;0;1;0;0;0
35201;Muel;53;35;0;0;0;0;0;0;0;0;0;0;0;0;0;0;0;0;0;0;0;1;0;0;0;0;1;1;1;2;1;0;1;0;0;1;0;0;0
35202;La Noë-Blanche;53;35;0;0;0;0;0;0;0;0;0;0;0;0;0;0;0;0;0;0;0;0;4;0;0;0;1;0;0;1;0;0;1;0;0;2;0;0;0
35203;La Nouaye;53;35;0;0;0;0;0;0;0;0;0;0;0;0;0;0;0;0;0;0;0;0;0;0;0;0;1;0;0;0;1;0;0;0;0;0;0;0;0
35204;Nouvoitou;53;35;0;0;0;0;0;0;0;0;0;0;0;0;0;0;0;0;1;0;1;0;2;0;0;1;4;4;10;4;4;3;4;0;0;3;2;0;2
35205;Noyal-sous-Bazouges;53;35;0;0;0;0;0;0;0;0;0;0;0;0;0;0;0;0;0;0;0;0;0;0;0;0;3;1;0;0;0;0;0;0;0;2;0;0;0
35206;Noyal-Châtillon-sur-Seiche;53;35;0;0;0;0;0;0;0;0;0;0;0;0;1;0;0;6;0;1;0;0;10;2;0;2;18;9;10;17;10;5;7;0;0;10;3;1;9
35207;Noyal-sur-Vilaine;53;35;0;0;0;0;0;0;0;0;0;0;0;0;1;0;0;3;1;1;0;0;15;3;0;2;4;4;5;7;5;1;6;3;0;12;2;1;3
35208;Orgères;53;35;0;0;0;0;0;0;0;0;0;0;0;0;0;0;0;2;0;0;1;0;2;0;0;1;1;5;4;3;5;0;5;0;0;6;1;0;1
35209;Ossé;53;35;0;0;0;0;0;0;0;0;0;0;0;0;0;0;0;0;0;0;0;0;1;0;0;0;2;2;3;1;2;0;3;0;0;2;0;0;1
35210;Pacé;53;35;0;1;0;0;0;0;0;0;0;0;0;0;1;0;0;6;0;1;0;0;9;1;1;3;6;13;13;12;13;1;12;5;1;15;17;2;6
35211;Paimpont;53;35;0;0;0;0;0;0;0;0;0;0;0;0;0;0;0;0;0;1;0;0;0;0;0;0;5;5;1;3;0;0;2;0;0;4;0;0;0
35212;Pancé;53;35;0;0;0;0;0;0;0;0;0;0;0;0;0;0;0;0;0;0;1;0;2;0;0;0;0;1;0;0;1;0;1;0;0;0;0;0;0
35214;Parcé;53;35;0;0;0;0;0;0;0;0;0;0;0;0;0;0;0;0;0;0;0;0;1;0;0;0;1;0;0;0;0;0;1;0;0;0;1;0;0
35215;Parigné;53;35;0;0;0;0;0;0;0;0;0;0;0;0;0;0;0;0;0;0;0;1;3;0;0;0;0;2;2;1;2;0;1;0;0;1;0;0;0
35216;Parthenay-de-Bretagne;53;35;0;0;0;0;0;0;0;0;0;0;0;0;0;0;0;0;0;0;0;0;3;0;0;0;2;0;3;2;2;0;2;0;0;2;0;0;0
35217;Le Pertre;53;35;0;0;0;0;0;0;0;0;0;0;0;0;0;0;0;1;2;0;1;0;3;0;0;0;3;2;2;1;1;0;2;1;0;2;0;0;0
35218;Le Petit-Fougeray;53;35;0;0;0;0;0;0;0;0;0;0;0;0;0;0;0;0;0;0;0;0;0;0;0;0;0;0;1;0;0;0;1;0;0;0;0;0;1
35219;Pipriac;53;35;0;1;0;0;0;0;0;0;0;1;0;0;2;0;0;2;0;1;0;0;5;1;0;3;6;9;5;2;2;0;7;6;0;6;2;1;2
35220;Piré-sur-Seiche;53;35;0;0;0;0;0;0;0;0;0;0;0;0;0;0;0;1;0;0;1;0;3;0;0;0;3;4;6;3;3;0;2;0;0;4;1;0;0
35221;Pléchâtel;53;35;0;0;0;0;0;0;0;0;0;0;0;0;0;0;0;0;0;0;0;1;3;0;0;0;2;4;3;3;4;3;2;1;0;3;0;0;1
35222;Pleine-Fougères;53;35;0;1;0;0;0;0;0;0;0;0;0;0;1;0;0;2;0;1;0;0;4;0;0;1;1;1;2;3;1;1;7;0;0;3;0;1;1
35223;Plélan-le-Grand;53;35;0;1;0;0;0;0;0;0;0;1;0;0;1;0;0;2;1;1;0;0;8;1;0;3;5;7;7;7;5;0;6;5;1;14;4;3;2
35224;Plerguer;53;35;0;0;0;0;0;0;0;0;0;0;0;0;0;0;0;0;0;1;0;0;1;0;0;0;5;1;5;6;3;1;3;0;0;4;1;0;2
35225;Plesder;53;35;0;0;0;0;0;0;0;0;0;0;0;0;0;0;0;0;0;0;0;0;0;0;0;0;4;0;0;1;0;0;0;0;0;0;0;0;0
35226;Pleugueneuc;53;35;0;0;0;0;0;0;0;0;0;0;0;0;0;0;0;0;0;0;0;1;2;0;0;0;6;3;2;3;3;0;3;0;0;3;0;1;0
35227;Pleumeleuc;53;35;0;0;0;0;0;0;0;0;0;0;0;0;0;0;0;0;0;0;0;1;4;1;0;0;3;8;5;0;6;1;5;2;0;3;1;0;2
35228;Pleurtuit;53;35;0;1;0;0;0;0;0;0;0;0;0;0;1;0;0;3;2;1;0;0;6;1;2;2;8;13;11;22;8;0;8;1;0;10;5;0;3
35229;Pocé-les-Bois;53;35;0;0;0;0;0;0;0;0;0;0;0;0;0;0;0;0;0;0;0;0;1;0;0;0;2;1;2;1;2;0;1;0;0;1;0;0;0
35230;Poilley;53;35;0;0;0;0;0;0;0;0;0;0;0;0;0;0;0;0;0;0;0;1;1;0;0;0;0;0;0;1;0;0;0;0;0;2;0;0;0
35231;Poligné;53;35;0;0;0;0;0;0;0;0;0;0;0;0;0;0;0;0;0;0;0;0;2;0;0;0;2;2;3;2;1;0;2;0;0;2;1;0;1
35232;Princé;53;35;0;0;0;0;0;0;0;0;0;0;0;0;0;0;0;0;0;0;0;1;1;0;0;0;1;0;2;0;1;0;0;0;0;1;0;0;0
35233;Québriac;53;35;0;0;0;0;0;0;0;0;0;0;0;0;0;0;0;0;0;0;0;0;3;0;0;0;0;3;5;4;2;0;2;0;0;2;1;0;1
35234;Quédillac;53;35;0;0;0;0;0;0;0;0;0;0;0;0;0;0;0;0;0;0;1;0;2;0;0;0;2;2;3;3;1;0;1;0;0;1;1;0;0
35235;Rannée;53;35;0;0;0;0;0;0;0;0;0;0;0;0;0;0;0;0;0;0;0;0;3;0;0;0;1;3;0;1;2;0;1;0;0;0;1;0;0
35236;Redon;53;35;1;1;0;0;1;0;0;0;0;4;0;1;2;0;0;9;3;1;0;0;17;3;2;6;29;12;9;9;6;2;14;4;8;47;15;5;9
35237;Renac;53;35;0;0;0;0;0;0;0;0;0;0;0;0;0;0;0;0;0;0;1;0;1;0;0;0;0;0;4;2;1;0;1;0;0;5;0;0;0
35238;Rennes;53;35;1;0;1;1;1;1;1;1;2;36;0;5;9;0;0;164;15;19;0;0;73;7;14;45;181;167;74;84;79;39;247;16;101;776;285;44;92
35239;Retiers;53;35;0;1;0;0;0;0;0;0;0;1;0;0;1;0;0;3;1;1;0;0;6;1;0;2;2;9;3;7;1;0;4;2;0;4;2;1;2
35240;Le Rheu;53;35;0;0;0;0;0;0;0;0;0;0;0;0;1;0;0;4;0;1;0;0;12;1;0;2;7;15;7;11;10;3;7;1;0;20;9;2;5
35241;La Richardais;53;35;0;0;0;0;0;0;0;0;0;0;0;0;1;0;0;0;1;1;0;0;7;2;0;2;4;7;2;6;2;1;7;0;0;9;3;0;2
35242;Rimou;53;35;0;0;0;0;0;0;0;0;0;0;0;0;0;0;0;0;0;0;0;0;0;0;0;0;0;0;0;0;0;0;0;0;0;0;1;0;0
35243;Romagné;53;35;0;0;0;0;0;0;0;0;0;0;0;0;0;0;0;0;0;0;0;1;1;0;0;1;4;3;5;3;2;0;2;1;0;0;0;0;1
35244;Romazy;53;35;0;0;0;0;0;0;0;0;0;0;0;0;0;0;0;0;0;0;0;0;0;0;0;0;0;1;0;0;0;0;0;0;0;0;0;0;0
35245;Romillé;53;35;0;0;0;0;0;0;0;0;0;0;0;0;0;0;0;3;0;1;0;0;5;0;0;2;4;7;6;2;3;1;7;0;0;7;4;2;1
35246;Roz-Landrieux;53;35;0;0;0;0;0;0;0;0;0;0;0;0;0;0;0;0;0;0;0;0;0;0;0;0;1;3;4;10;1;1;2;0;0;1;0;0;1
35247;Roz-sur-Couesnon;53;35;0;0;0;0;0;0;0;0;0;0;0;0;0;0;0;0;0;0;1;0;2;0;0;0;1;1;1;0;0;1;3;0;0;4;0;0;1
35248;Sains;53;35;0;0;0;0;0;0;0;0;0;0;0;0;0;0;0;0;0;0;0;0;0;0;0;0;0;0;0;1;0;0;0;0;0;1;0;0;0
35249;Sainte-Anne-sur-Vilaine;53;35;0;0;0;0;0;0;0;0;0;0;0;0;0;0;0;0;0;0;1;0;0;0;0;0;0;0;3;1;1;0;1;0;0;1;0;0;0
35250;Saint-Armel;53;35;0;0;0;0;0;0;0;0;0;0;0;0;0;0;0;0;0;0;1;0;1;0;0;0;2;2;0;3;3;0;2;0;0;2;2;2;0
35251;Saint-Aubin-d'Aubigné;53;35;0;1;0;0;0;0;0;0;0;1;0;0;2;0;0;2;2;1;0;0;3;1;0;2;4;2;5;7;3;1;4;4;0;3;1;0;2
35252;Saint-Aubin-des-Landes;53;35;0;0;0;0;0;0;0;0;0;0;0;0;0;0;0;0;0;0;0;0;0;0;0;0;0;1;3;1;1;1;0;0;0;0;2;0;0
35253;Saint-Aubin-du-Cormier;53;35;0;1;0;0;0;0;0;0;0;0;0;0;0;0;0;4;0;1;0;0;6;1;0;1;2;2;6;4;1;0;5;4;0;11;3;2;3
35254;Saint-Aubin-du-Pavail;53;35;0;0;0;0;0;0;0;0;0;0;0;0;0;0;0;0;0;0;0;0;2;0;0;0;1;4;1;0;3;0;0;0;0;1;0;0;0
35255;Saint-Benoît-des-Ondes;53;35;0;0;0;0;0;0;0;0;0;0;0;0;0;0;0;0;0;0;1;0;1;0;0;0;0;0;2;4;0;1;1;0;0;3;0;0;0
35256;Saint-Briac-sur-Mer;53;35;0;0;0;0;0;0;0;0;0;0;0;0;0;0;0;0;0;1;0;0;0;0;0;0;0;5;8;5;2;0;4;0;0;15;5;0;1
35257;Saint-Brice-en-Coglès;53;35;0;1;0;0;0;0;0;0;0;0;0;0;0;0;0;4;0;1;0;0;10;1;0;2;3;4;3;6;4;1;5;2;0;6;3;2;2
35258;Saint-Brieuc-des-Iffs;53;35;0;0;0;0;0;0;0;0;0;0;0;0;0;0;0;0;0;0;0;0;0;0;0;0;1;1;1;2;0;0;0;0;0;0;1;0;0
35259;Saint-Broladre;53;35;0;0;0;0;0;0;0;0;0;0;0;0;0;0;0;0;0;1;0;0;1;0;0;0;0;2;2;6;2;0;3;0;0;4;1;0;2
35260;Saint-Christophe-des-Bois;53;35;0;0;0;0;0;0;0;0;0;0;0;0;0;0;0;0;0;0;0;1;1;0;0;0;0;1;0;2;0;0;0;0;0;0;0;0;0
35261;Saint-Christophe-de-Valains;53;35;0;0;0;0;0;0;0;0;0;0;0;0;0;0;0;0;0;0;0;0;0;0;0;0;1;1;0;0;1;0;1;0;0;0;0;0;0
35262;Sainte-Colombe;53;35;0;0;0;0;0;0;0;0;0;0;0;0;0;0;0;0;0;0;0;0;0;0;0;0;0;1;1;0;0;0;0;0;0;0;0;0;0
35263;Saint-Coulomb;53;35;0;0;0;0;0;0;0;0;0;0;0;0;0;0;0;0;0;0;0;0;3;0;0;0;0;7;4;1;1;1;4;0;0;3;0;0;0
35264;Saint-Didier;53;35;0;0;0;0;0;0;0;0;0;0;0;0;0;0;0;0;0;0;0;0;2;0;0;0;1;3;3;1;1;1;1;0;0;0;0;0;0
35265;Saint-Domineuc;53;35;0;1;0;0;0;0;0;0;0;0;0;0;0;0;0;0;0;1;0;0;1;0;0;0;1;4;4;2;2;0;2;0;1;4;1;0;2
35266;Saint-Erblon;53;35;0;0;0;0;0;0;0;0;0;0;0;0;0;0;0;0;0;1;0;0;3;1;0;1;5;10;6;4;3;0;1;2;0;4;2;0;1
35267;Saint-Étienne-en-Coglès;53;35;0;0;0;0;0;0;0;0;0;0;0;0;1;0;0;0;0;0;1;0;2;0;0;0;1;0;2;4;1;1;3;0;0;0;1;1;1
35268;Saint-Ganton;53;35;0;0;0;0;0;0;0;0;0;0;0;0;0;0;0;0;0;0;0;0;0;0;0;0;0;0;4;1;0;0;0;0;0;2;0;0;0
35269;Saint-Georges-de-Chesné;53;35;0;0;0;0;0;0;0;0;0;0;0;0;0;0;0;0;0;0;1;0;0;0;0;0;2;1;1;0;0;0;0;0;0;0;0;0;0
35270;Saint-Georges-de-Gréhaigne;53;35;0;0;0;0;0;0;0;0;0;0;0;0;0;0;0;0;0;0;0;0;2;0;0;0;1;0;1;0;0;0;0;0;0;1;1;0;0
35271;Saint-Georges-de-Reintembault;53;35;0;0;0;0;0;0;0;0;0;0;0;0;0;0;0;2;0;0;0;1;6;0;0;0;2;2;4;3;3;0;1;1;0;0;1;0;0
35272;Saint-Germain-du-Pinel;53;35;0;0;0;0;0;0;0;0;0;0;0;0;0;0;0;0;0;0;0;0;2;0;0;0;0;2;0;0;0;0;0;0;0;1;0;0;0
35273;Saint-Germain-en-Coglès;53;35;0;0;0;0;0;0;0;0;0;0;0;0;0;0;0;0;0;1;0;0;2;0;0;0;1;1;1;7;0;0;4;0;0;2;1;0;1
35274;Saint-Germain-sur-Ille;53;35;0;0;0;0;0;0;0;0;0;0;0;0;0;0;0;0;0;0;1;0;1;0;0;0;1;1;2;0;3;0;0;0;0;0;0;0;0
35275;Saint-Gilles;53;35;0;0;0;0;0;0;0;0;0;0;0;0;1;0;0;3;0;1;0;0;9;0;0;1;6;6;6;7;6;0;4;0;0;11;1;0;2
35276;Saint-Gondran;53;35;0;0;0;0;0;0;0;0;0;0;0;0;0;0;0;0;0;0;0;0;0;0;0;0;1;2;2;0;0;1;1;0;0;1;1;1;0
35277;Saint-Gonlay;53;35;0;0;0;0;0;0;0;0;0;0;0;0;0;0;0;0;0;0;0;0;0;0;0;0;1;1;3;0;0;0;0;0;0;0;0;0;0
35278;Saint-Grégoire;53;35;0;0;0;0;0;0;0;0;0;0;0;0;1;0;0;17;1;1;0;0;9;3;5;3;8;11;12;17;10;7;11;1;5;42;30;5;4
35279;Saint-Guinoux;53;35;0;0;0;0;0;0;0;0;0;0;0;0;0;0;0;0;0;0;0;0;0;0;0;0;2;2;5;3;0;0;3;0;0;4;0;0;0
35280;Saint-Hilaire-des-Landes;53;35;0;0;0;0;0;0;0;0;0;0;0;0;0;0;0;0;0;0;0;1;1;0;0;0;0;0;0;3;0;0;1;0;0;1;0;0;0
35281;Saint-Jacques-de-la-Lande;53;35;0;0;0;0;0;0;0;0;0;0;0;0;3;0;0;11;0;1;0;0;13;1;5;3;2;10;13;13;11;7;5;2;2;27;8;0;6
35282;Saint-Jean-sur-Couesnon;53;35;0;0;0;0;0;0;0;0;0;0;0;0;0;0;0;0;0;0;0;0;2;0;0;0;0;1;3;4;1;1;1;0;0;0;0;0;1
35283;Saint-Jean-sur-Vilaine;53;35;0;0;0;0;0;0;0;0;0;0;0;0;0;0;0;0;0;0;0;0;0;0;0;0;1;4;4;0;0;0;1;0;0;1;0;0;0
35284;Saint-Jouan-des-Guérets;53;35;0;0;0;0;0;0;0;0;0;0;0;0;0;0;0;2;0;1;0;0;6;1;0;1;2;1;7;4;5;1;4;1;1;6;3;1;2
35285;Saint-Just;53;35;0;0;0;0;0;0;0;0;0;0;0;0;0;0;0;0;0;0;0;1;1;0;0;0;2;4;4;0;0;0;1;0;0;1;0;0;0
35286;Saint-Léger-des-Prés;53;35;0;0;0;0;0;0;0;0;0;0;0;0;0;0;0;0;0;0;0;0;0;0;0;0;0;1;3;0;0;0;1;0;0;2;0;0;0
35287;Saint-Lunaire;53;35;0;0;0;0;0;0;0;0;0;0;0;0;1;0;0;0;0;1;0;0;4;0;0;0;1;8;3;4;3;0;3;0;0;16;3;0;1
35288;Saint-Malo;53;35;2;0;0;1;1;1;1;0;0;10;0;1;3;0;0;39;7;5;0;0;49;6;9;10;16;67;60;51;31;12;85;8;20;277;82;11;30
35289;Saint-Malo-de-Phily;53;35;0;0;0;0;0;0;0;0;0;0;0;0;0;0;0;0;0;0;0;0;0;0;0;0;0;4;0;1;1;0;2;0;0;1;0;0;1
35290;Saint-Malon-sur-Mel;53;35;0;0;0;0;0;0;0;0;0;0;0;0;0;0;0;0;0;0;1;0;2;0;0;0;0;0;2;1;0;0;0;1;0;2;0;0;0
35291;Saint-Marcan;53;35;0;0;0;0;0;0;0;0;0;0;0;0;0;0;0;0;0;0;0;0;0;0;0;0;0;0;2;0;0;0;0;0;0;3;0;0;0
35292;Saint-Marc-le-Blanc;53;35;0;0;0;0;0;0;0;0;0;0;0;0;0;0;0;0;0;0;0;1;1;0;0;0;2;1;4;3;0;1;2;0;0;0;1;0;1
35293;Saint-Marc-sur-Couesnon;53;35;0;0;0;0;0;0;0;0;0;0;0;0;0;0;0;0;0;0;0;0;1;0;0;0;1;1;0;0;0;0;0;0;0;2;0;0;1
35294;Sainte-Marie;53;35;0;0;0;0;0;0;0;0;0;0;0;0;0;0;0;0;0;0;0;1;3;0;0;0;5;5;2;3;1;0;2;0;0;6;0;0;1
35295;Saint-Maugan;53;35;0;0;0;0;0;0;0;0;0;0;0;0;0;0;0;0;0;0;0;0;0;0;0;0;1;1;0;0;0;0;0;0;0;1;0;0;0
35296;Saint-Médard-sur-Ille;53;35;0;0;0;0;0;0;0;0;0;0;0;0;0;0;0;0;0;0;1;0;1;0;0;0;0;3;5;2;3;0;0;1;0;4;1;0;0
35297;Saint-Méen-le-Grand;53;35;0;1;0;0;0;0;0;0;0;1;0;0;2;0;0;4;1;1;0;0;9;1;0;3;6;3;4;4;2;0;7;5;8;9;5;2;5
35299;Saint-Méloir-des-Ondes;53;35;0;0;0;0;0;0;0;0;0;0;0;0;0;0;0;2;0;1;0;0;7;0;0;1;8;15;17;10;4;0;4;0;0;8;0;0;5
35300;Saint-M'Hervé;53;35;0;0;0;0;0;0;0;0;0;0;0;0;0;0;0;0;0;0;1;0;1;0;0;0;1;3;2;3;0;0;2;0;0;2;1;0;0
35301;Saint-M'Hervon;53;35;0;0;0;0;0;0;0;0;0;0;0;0;0;0;0;0;0;0;0;0;1;0;0;0;1;1;0;0;1;0;1;0;0;1;0;0;0
35302;Saint-Onen-la-Chapelle;53;35;0;0;0;0;0;0;0;0;0;0;0;0;0;0;0;0;0;0;0;0;1;0;0;0;0;0;0;0;0;0;3;0;0;1;0;0;0
35303;Saint-Ouen-la-Rouërie;53;35;0;0;0;0;0;0;0;0;0;0;0;0;0;0;0;0;0;0;1;0;1;0;0;0;2;2;0;2;0;1;1;0;0;2;2;0;0
35304;Saint-Ouen-des-Alleux;53;35;0;0;0;0;0;0;0;0;0;0;0;0;0;0;0;1;0;0;0;1;1;0;0;0;2;1;1;2;0;0;1;0;0;1;0;0;0
35305;Saint-Péran;53;35;0;0;0;0;0;0;0;0;0;0;0;0;0;0;0;0;0;0;0;0;1;0;0;0;0;0;0;0;2;0;0;0;0;2;0;0;0
35306;Saint-Père;53;35;0;0;0;0;0;0;0;0;0;0;0;0;0;0;0;0;0;0;0;0;3;0;0;0;4;1;4;9;6;1;3;0;0;2;0;0;1
35307;Saint-Pern;53;35;0;0;0;0;0;0;0;0;0;0;0;0;0;0;0;0;1;0;0;1;0;0;0;0;0;0;0;4;0;0;0;0;0;3;0;0;0
35308;Saint-Pierre-de-Plesguen;53;35;0;0;0;0;0;0;0;0;0;0;0;0;0;0;0;0;2;1;0;0;5;0;0;1;4;8;5;5;1;0;4;0;0;4;1;0;1
35309;Saint-Rémy-du-Plain;53;35;0;0;0;0;0;0;0;0;0;0;0;0;0;0;0;0;0;0;0;1;2;0;0;0;1;0;1;0;2;0;1;0;0;0;0;0;0
35310;Saint-Sauveur-des-Landes;53;35;0;0;0;0;0;0;0;0;0;0;0;0;0;0;0;0;0;0;1;0;2;1;0;0;1;3;1;0;0;1;3;0;0;1;0;0;1
35311;Saint-Séglin;53;35;0;0;0;0;0;0;0;0;0;0;0;0;0;0;0;0;0;0;0;1;0;0;0;0;1;1;2;0;2;0;0;0;0;2;0;0;0
35312;Saint-Senoux;53;35;0;0;0;0;0;0;0;0;0;0;0;0;0;0;0;0;1;0;0;0;2;0;0;0;1;0;3;2;0;0;1;0;0;4;1;0;0
35314;Saint-Suliac;53;35;0;0;0;0;0;0;0;0;0;0;0;0;0;0;0;0;0;0;0;1;0;0;0;1;0;2;1;2;1;0;1;0;0;3;0;0;0
35315;Saint-Sulpice-la-Forêt;53;35;0;0;0;0;0;0;0;0;0;0;0;0;0;0;0;0;0;0;0;0;2;0;0;0;1;0;1;3;2;0;0;0;0;1;1;0;0
35316;Saint-Sulpice-des-Landes;53;35;0;0;0;0;0;0;0;0;0;0;0;0;0;0;0;0;0;0;0;1;0;0;0;0;0;0;2;2;2;2;0;0;0;0;0;0;0
35317;Saint-Symphorien;53;35;0;0;0;0;0;0;0;0;0;0;0;0;0;0;0;0;0;0;0;0;2;0;0;0;1;0;0;0;0;0;0;0;0;1;0;0;0
35318;Saint-Thual;53;35;0;0;0;0;0;0;0;0;0;0;0;0;0;0;0;0;0;0;0;0;1;0;0;0;0;1;0;1;1;0;0;0;0;1;0;0;0
35319;Saint-Thurial;53;35;0;0;0;0;0;0;0;0;0;0;0;0;0;0;0;0;0;0;0;0;4;0;0;0;1;1;6;4;0;0;3;0;0;1;0;0;0
35320;Saint-Uniac;53;35;0;0;0;0;0;0;0;0;0;0;0;0;0;0;0;0;0;0;0;0;0;0;0;0;0;1;0;2;0;0;0;0;0;0;0;0;1
35321;Saulnières;53;35;0;0;0;0;0;0;0;0;0;0;0;0;0;0;0;0;0;0;0;0;1;0;0;0;1;1;1;4;0;1;0;0;0;1;0;0;0
35322;Le Sel-de-Bretagne;53;35;0;0;0;0;0;0;0;0;0;0;0;0;0;0;0;1;0;0;0;1;1;0;0;0;2;2;1;0;2;0;2;0;0;0;0;0;1
35323;La Selle-en-Coglès;53;35;0;0;0;0;0;0;0;0;0;0;0;0;0;0;0;0;0;0;0;0;0;0;0;0;0;0;2;2;0;0;1;0;0;0;0;0;0
35324;La Selle-en-Luitré;53;35;0;0;0;0;0;0;0;0;0;0;0;0;0;0;0;0;0;0;0;0;3;0;0;0;1;0;0;0;0;0;0;0;0;2;0;0;0
35325;La Selle-Guerchaise;53;35;0;0;0;0;0;0;0;0;0;0;0;0;0;0;0;0;0;0;0;0;0;0;0;0;1;0;0;0;0;0;1;0;0;0;0;0;0
35326;Sens-de-Bretagne;53;35;0;0;0;0;0;0;0;0;0;0;0;0;0;0;0;2;3;1;0;0;1;0;0;2;2;3;0;3;4;0;3;5;0;3;1;0;1
35327;Servon-sur-Vilaine;53;35;0;0;0;0;0;0;0;0;0;0;0;0;0;0;0;1;0;1;1;0;3;0;0;0;3;4;8;3;5;0;3;0;0;6;1;0;3
35328;Sixt-sur-Aff;53;35;0;0;0;0;0;0;0;0;0;0;0;0;0;0;0;1;1;0;0;1;3;0;0;0;3;3;8;3;2;0;3;0;0;5;1;0;0
35329;Sougéal;53;35;0;0;0;0;0;0;0;0;0;0;0;0;0;0;0;0;0;0;0;0;0;0;0;0;0;0;1;0;0;0;0;0;0;0;0;0;0
35330;Taillis;53;35;0;0;0;0;0;0;0;0;0;0;0;0;0;0;0;0;0;0;0;1;1;0;0;0;0;4;0;1;1;0;1;0;0;0;2;0;0
35331;Talensac;53;35;0;0;0;0;0;0;0;0;0;0;0;0;0;0;0;0;0;0;1;0;3;0;0;0;2;2;1;4;3;0;1;0;0;1;0;0;3
35332;Teillay;53;35;0;0;0;0;0;0;0;0;0;0;0;0;0;0;0;0;0;0;0;1;3;0;0;0;2;1;3;0;1;0;4;0;0;1;0;0;0
35333;Le Theil-de-Bretagne;53;35;0;0;0;0;0;0;0;0;0;0;0;0;0;0;0;0;0;0;1;0;4;0;0;0;0;4;1;3;2;0;1;0;0;1;0;0;1
35334;Thorigné-Fouillard;53;35;0;0;0;0;0;0;0;0;0;0;0;0;1;0;0;5;0;1;0;0;7;0;0;2;5;7;4;7;0;3;7;1;0;8;6;1;5
35335;Thourie;53;35;0;0;0;0;0;0;0;0;0;0;0;0;0;0;0;0;0;0;0;1;1;0;0;0;0;1;0;2;0;0;1;0;0;1;0;0;0
35336;Le Tiercent;53;35;0;0;0;0;0;0;0;0;0;0;0;0;0;0;0;0;0;0;0;0;0;0;0;0;0;0;0;2;0;0;0;0;0;0;0;0;0
35337;Tinténiac;53;35;0;0;0;0;0;0;0;0;0;1;0;0;0;0;0;4;0;1;0;0;5;1;0;1;4;3;7;3;3;0;6;3;1;9;3;0;2
35338;Torcé;53;35;0;0;0;0;0;0;0;0;0;0;0;0;0;0;0;0;0;0;0;1;0;0;0;0;0;7;0;2;0;0;2;0;0;2;0;0;0
35339;Trans-la-Forêt;53;35;0;0;0;0;0;0;0;0;0;0;0;0;0;0;0;0;0;0;1;0;1;0;0;0;1;1;0;1;0;1;0;0;0;1;0;0;0
35340;Treffendel;53;35;0;0;0;0;0;0;0;0;0;0;0;0;0;0;0;0;0;0;0;1;1;0;0;0;1;1;2;2;4;0;1;0;0;1;0;0;0
35341;Tremblay;53;35;0;0;0;0;0;0;0;0;0;0;0;0;0;0;0;0;0;0;0;1;0;0;0;1;3;2;3;1;1;2;1;0;0;4;1;0;0
35342;Trémeheuc;53;35;0;0;0;0;0;0;0;0;0;0;0;0;0;0;0;0;0;0;0;0;0;0;0;0;0;0;0;1;1;0;1;0;0;1;0;0;1
35343;Tresboeuf;53;35;0;0;0;0;0;0;0;0;0;0;0;0;0;0;0;0;0;0;0;1;1;0;0;0;3;1;4;2;0;1;1;0;0;3;0;0;0
35344;Tressé;53;35;0;0;0;0;0;0;0;0;0;0;0;0;0;0;0;0;0;0;0;0;0;0;0;0;1;0;0;2;1;0;0;0;0;1;0;0;0
35345;Trévérien;53;35;0;0;0;0;0;0;0;0;0;0;0;0;0;0;0;0;0;0;0;0;0;0;0;0;4;3;2;2;1;0;0;0;0;2;1;0;0
35346;Trimer;53;35;0;0;0;0;0;0;0;0;0;0;0;0;0;0;0;0;0;0;0;0;0;0;0;0;0;0;1;0;0;0;1;1;0;0;0;0;0
35347;Val-d'Izé;53;35;0;0;0;0;0;0;0;0;0;0;0;0;0;0;0;1;1;1;0;0;3;0;0;1;2;3;3;8;4;0;2;3;0;1;1;0;1
35348;Vendel;53;35;0;0;0;0;0;0;0;0;0;0;0;0;0;0;0;0;0;0;0;0;1;0;0;0;0;0;0;0;0;0;0;0;0;1;0;0;0
35350;Vergéal;53;35;0;0;0;0;0;0;0;0;0;0;0;0;0;0;0;0;0;0;0;0;0;0;0;0;2;0;1;2;0;0;0;0;0;1;1;0;0
35351;Le Verger;53;35;0;0;0;0;0;0;0;0;0;0;0;0;0;0;0;0;0;0;1;0;1;0;0;0;2;1;1;0;2;0;3;0;0;0;0;0;0
35352;Vern-sur-Seiche;53;35;0;1;0;0;0;0;0;0;0;0;0;0;2;0;0;7;1;1;0;0;21;2;1;3;10;7;15;9;15;6;10;1;3;18;4;3;4
35353;Vezin-le-Coquet;53;35;0;1;0;0;0;0;0;0;0;0;0;0;0;0;0;2;0;1;0;0;7;0;1;1;4;3;4;4;5;0;3;1;0;8;2;0;1
35354;Vieux-Viel;53;35;0;0;0;0;0;0;0;0;0;0;0;0;0;0;0;0;0;0;0;0;0;0;0;0;1;1;0;1;0;0;0;0;0;0;0;0;0
35355;Vieux-Vy-sur-Couesnon;53;35;0;0;0;0;0;0;0;0;0;0;0;0;0;0;0;0;0;0;1;0;2;1;0;0;2;1;0;5;0;0;1;0;0;2;2;0;0
35356;Vignoc;53;35;0;0;0;0;0;0;0;0;0;0;0;0;0;0;0;0;0;0;1;0;4;0;0;0;5;2;6;2;2;0;2;0;0;1;0;0;0
35357;Villamée;53;35;0;0;0;0;0;0;0;0;0;0;0;0;0;0;0;0;0;0;0;0;1;0;0;0;0;0;1;1;0;0;0;0;0;0;0;0;0
35358;La Ville-ès-Nonais;53;35;0;0;0;0;0;0;0;0;0;0;0;0;0;0;0;0;0;0;0;0;0;0;0;0;0;2;2;4;0;1;1;0;0;1;0;0;0
35359;Visseiche;53;35;0;0;0;0;0;0;0;0;0;0;0;0;0;0;0;0;0;0;0;0;0;0;0;0;2;1;0;1;2;0;0;0;0;0;0;0;0
35360;Vitré;53;35;1;1;0;0;0;0;0;0;0;3;0;1;3;0;0;15;1;1;0;0;26;4;2;5;15;22;23;19;5;2;27;13;14;68;16;4;16
35361;Le Vivier-sur-Mer;53;35;0;0;0;0;0;0;0;0;0;0;0;0;0;0;0;0;0;1;0;0;0;0;0;0;3;1;1;2;1;0;1;0;0;4;0;0;1
35362;Le Tronchet;53;35;0;0;0;0;0;0;0;0;0;0;0;0;0;0;0;0;0;0;0;1;0;0;0;0;1;0;3;0;0;0;0;0;0;0;1;0;0
35363;Pont-Péan;53;35;0;0;0;0;0;0;0;0;0;0;0;0;0;0;0;0;0;1;0;0;3;0;0;1;5;8;2;2;4;0;4;0;0;3;1;1;2
36001;Aigurande;24;36;0;1;0;0;0;0;0;0;0;0;0;0;1;0;0;5;1;1;0;0;6;0;0;1;2;6;3;3;3;0;5;3;0;4;2;0;1
36002;Aize;24;36;0;0;0;0;0;0;0;0;0;0;0;0;0;0;0;0;0;0;0;0;0;0;0;0;0;0;0;0;0;0;0;0;0;0;0;0;0
36003;Ambrault;24;36;0;0;0;0;0;0;0;0;0;0;0;0;0;0;0;0;0;0;0;1;1;0;0;0;2;0;2;3;3;0;1;0;0;2;0;0;1
36004;Anjouin;24;36;0;0;0;0;0;0;0;0;0;0;0;0;0;0;0;0;0;0;0;0;1;0;0;0;1;0;0;0;1;0;0;0;0;0;2;0;0
36005;Ardentes;24;36;0;1;0;0;0;0;0;0;0;0;0;0;0;0;0;3;0;1;0;0;6;0;0;1;3;7;4;10;1;0;8;0;0;7;2;0;2
36006;Argenton-sur-Creuse;24;36;0;1;0;0;0;0;0;0;0;0;2;1;0;0;0;7;3;1;0;0;16;2;0;2;4;4;10;10;4;0;11;2;7;15;8;1;7
36007;Argy;24;36;0;0;0;0;0;0;0;0;0;0;0;0;0;0;0;0;0;0;0;1;0;0;0;0;2;0;0;1;0;0;0;0;0;1;1;0;0
36008;Arpheuilles;24;36;0;0;0;0;0;0;0;0;0;0;0;0;0;0;0;0;0;0;0;0;0;0;0;0;0;0;0;1;0;0;0;0;0;0;0;0;0
36009;Arthon;24;36;0;0;0;0;0;0;0;0;0;0;0;0;0;0;0;0;0;0;1;0;1;0;0;0;1;0;0;0;1;0;2;0;0;0;0;0;0
36010;Azay-le-Ferron;24;36;0;0;0;0;0;0;0;0;0;0;0;0;0;0;0;1;1;0;0;1;0;0;0;0;4;1;1;1;2;0;2;0;0;0;2;0;0
36011;Bagneux;24;36;0;0;0;0;0;0;0;0;0;0;0;0;0;0;0;0;0;0;0;0;0;0;0;0;0;1;1;0;0;0;0;0;0;1;0;0;0
36012;Baraize;24;36;0;0;0;0;0;0;0;0;0;0;0;0;0;0;0;0;0;0;0;0;0;0;0;0;1;1;2;1;0;0;0;0;0;2;0;0;0
36013;Baudres;24;36;0;0;0;0;0;0;0;0;0;0;0;0;0;0;0;0;0;0;1;0;0;0;0;0;1;1;0;2;0;1;1;0;0;0;0;0;0
36014;Bazaiges;24;36;0;0;0;0;0;0;0;0;0;0;0;0;0;0;0;0;0;0;0;0;0;0;1;0;0;0;0;0;1;0;0;0;0;1;0;0;0
36015;Beaulieu;24;36;0;0;0;0;0;0;0;0;0;0;0;0;0;0;0;0;0;0;0;0;0;0;0;0;0;0;0;0;1;0;0;0;0;0;0;0;0
36016;Bélâbre;24;36;0;1;0;0;0;0;0;0;0;0;0;0;0;0;0;2;1;1;0;0;2;0;0;0;3;3;3;2;2;0;1;0;0;1;1;0;0
36017;La Berthenoux;24;36;0;0;0;0;0;0;0;0;0;0;0;0;0;0;0;0;0;0;0;1;0;0;0;0;0;1;0;0;1;0;0;0;0;1;0;0;1
36018;Le Blanc;24;36;0;1;0;0;0;0;0;0;0;0;3;0;0;0;0;6;2;1;0;0;15;2;0;2;6;6;12;8;5;3;16;4;1;18;7;1;7
36019;Bommiers;24;36;0;0;0;0;0;0;0;0;0;0;0;0;0;0;0;0;0;0;0;0;0;0;0;0;0;1;0;2;0;0;1;0;0;0;0;0;0
36020;Bonneuil;24;36;0;0;0;0;0;0;0;0;0;0;0;0;0;0;0;0;0;0;0;0;0;0;0;0;1;0;0;0;0;0;0;0;0;0;0;0;0
36021;Les Bordes;24;36;0;0;0;0;0;0;0;0;0;0;0;0;0;0;0;0;0;0;0;1;0;0;0;0;1;1;0;0;0;0;0;0;0;0;1;0;0
36022;Bouesse;24;36;0;0;0;0;0;0;0;0;0;0;0;0;0;0;0;0;0;1;0;0;1;0;0;0;2;0;0;0;0;0;0;0;0;1;0;0;0
36023;Bouges-le-Château;24;36;0;0;0;0;0;0;0;0;0;0;0;0;0;0;0;0;0;0;0;1;0;0;0;0;1;0;1;0;0;0;0;0;0;1;0;0;0
36024;Bretagne;24;36;0;0;0;0;0;0;0;0;0;0;0;0;0;0;0;0;0;0;0;0;1;0;0;0;0;0;0;0;0;0;0;0;0;0;0;0;0
36025;Briantes;24;36;0;0;0;0;0;0;0;0;0;0;0;0;0;0;0;0;0;0;0;1;0;0;0;0;0;2;0;1;1;0;0;0;0;0;0;0;0
36026;Brion;24;36;0;0;0;0;0;0;0;0;0;0;0;0;0;0;0;0;0;0;0;1;3;0;0;0;2;1;0;1;1;0;1;0;0;0;0;0;0
36027;Brives;24;36;0;0;0;0;0;0;0;0;0;0;0;0;0;0;0;0;0;0;0;0;1;0;0;0;0;0;1;0;0;0;0;0;0;1;0;0;0
36028;La Buxerette;24;36;0;0;0;0;0;0;0;0;0;0;0;0;0;0;0;0;0;0;0;0;0;0;0;0;0;1;0;0;1;0;0;0;0;1;0;0;0
36029;Buxeuil;24;36;0;0;0;0;0;0;0;0;0;0;0;0;0;0;0;0;0;0;0;0;0;0;0;0;0;1;0;0;0;0;1;0;0;1;0;0;1
36030;Buxières-d'Aillac;24;36;0;0;0;0;0;0;0;0;0;0;0;0;0;0;0;0;0;0;0;0;0;0;0;0;0;0;2;0;0;0;0;0;0;1;0;0;0
36031;Buzançais;24;36;0;1;0;0;0;0;0;0;0;0;1;0;0;0;0;3;1;1;0;0;11;2;0;3;5;5;4;4;2;1;7;1;1;12;2;2;4
36032;Ceaulmont;24;36;0;0;0;0;0;0;0;0;0;0;0;0;0;0;0;0;1;0;0;0;3;0;0;0;3;0;0;5;1;2;0;0;0;0;1;0;0
36033;Celon;24;36;0;0;0;0;0;0;0;0;0;0;0;0;0;0;0;0;0;0;0;1;0;0;0;0;0;0;2;0;0;0;0;0;0;2;0;0;0
36034;Chabris;24;36;0;1;0;0;0;0;0;0;0;0;0;0;0;0;0;3;1;1;0;0;5;2;0;1;7;5;7;7;3;2;5;1;0;7;5;0;3
36035;Chaillac;24;36;0;0;0;0;0;0;0;0;0;0;0;0;0;0;0;1;0;1;0;0;1;0;0;0;5;1;2;4;1;0;3;1;0;2;1;0;2
36036;Chalais;24;36;0;0;0;0;0;0;0;0;0;0;0;0;0;0;0;0;0;0;0;0;0;0;0;0;1;0;0;0;0;0;0;0;0;1;0;0;0
36037;La Champenoise;24;36;0;0;0;0;0;0;0;0;0;0;0;0;0;0;0;0;0;0;0;1;1;0;0;0;0;3;0;0;0;0;0;0;0;0;0;0;0
36038;Champillet;24;36;0;0;0;0;0;0;0;0;0;0;0;0;0;0;0;0;0;0;0;0;0;0;0;0;0;0;0;0;0;0;0;0;0;0;0;0;0
36040;La Chapelle-Orthemale;24;36;0;0;0;0;0;0;0;0;0;0;0;0;0;0;0;0;0;0;0;0;0;0;0;0;1;0;0;0;0;0;0;0;0;0;0;0;0
36041;La Chapelle-Saint-Laurian;24;36;0;0;0;0;0;0;0;0;0;0;0;0;0;0;0;0;0;0;0;0;0;0;0;0;2;0;0;0;0;0;1;0;0;0;0;0;0
36042;Chasseneuil;24;36;0;0;0;0;0;0;0;0;0;0;0;0;0;0;0;0;0;0;0;0;0;1;0;0;1;0;0;1;0;0;1;0;0;1;0;0;0
36043;Chassignolles;24;36;0;0;0;0;0;0;0;0;0;0;0;0;0;0;0;0;0;0;0;1;1;0;0;0;2;1;1;2;0;0;0;0;0;1;0;0;0
36044;Châteauroux;24;36;1;0;0;1;1;1;1;1;0;0;12;1;0;0;0;52;4;6;0;0;52;6;5;13;33;31;19;44;31;8;79;6;20;131;34;7;30
36045;Châtillon-sur-Indre;24;36;0;1;0;0;0;0;0;0;0;0;1;0;0;0;0;4;1;1;0;0;7;1;0;4;3;3;5;4;3;0;6;1;0;4;2;0;3
36046;La Châtre;24;36;0;1;0;0;0;0;0;0;0;0;2;0;0;0;0;6;3;1;0;0;15;2;0;3;2;8;7;3;2;1;10;1;0;17;5;3;0
36047;La Châtre-Langlin;24;36;0;0;0;0;0;0;0;0;0;0;0;0;0;0;0;0;0;0;0;0;2;0;0;0;3;0;2;2;1;0;1;0;0;1;0;0;0
36048;Chavin;24;36;0;0;0;0;0;0;0;0;0;0;0;0;0;0;0;0;0;0;0;0;1;0;0;0;0;0;0;0;0;0;0;0;0;0;0;0;0
36049;Chazelet;24;36;0;0;0;0;0;0;0;0;0;0;0;0;0;0;0;0;0;0;0;0;1;0;0;0;0;0;0;0;0;0;0;0;0;0;0;0;0
36050;Chezelles;24;36;0;0;0;0;0;0;0;0;0;0;0;0;0;0;0;0;0;0;0;0;0;0;0;0;0;3;0;1;1;0;2;0;0;1;0;0;0
36051;Chitray;24;36;0;0;0;0;0;0;0;0;0;0;0;0;0;0;0;0;0;0;0;0;0;0;0;0;1;1;0;1;0;0;0;0;0;0;0;0;0
36052;Chouday;24;36;0;0;0;0;0;0;0;0;0;0;0;0;0;0;0;0;0;0;0;0;0;0;0;0;0;0;0;1;0;0;1;0;0;0;0;0;0
36053;Ciron;24;36;0;0;0;0;0;0;0;0;0;0;0;0;0;0;0;0;0;0;0;1;0;0;0;0;1;0;2;0;0;0;0;0;0;1;1;0;0
36054;Cléré-du-Bois;24;36;0;0;0;0;0;0;0;0;0;0;0;0;0;0;0;0;0;0;0;0;0;0;0;0;0;0;0;0;1;0;0;0;0;0;0;0;0
36055;Clion;24;36;0;0;0;0;0;0;0;0;0;0;0;0;0;0;0;0;0;1;0;0;2;0;0;0;0;3;3;3;1;0;4;0;0;2;2;0;1
36056;Cluis;24;36;0;0;0;0;0;0;0;0;0;0;0;0;0;0;0;1;0;1;0;0;4;0;0;0;0;2;1;3;3;2;1;3;0;1;0;0;0
36057;Coings;24;36;0;0;0;0;0;0;0;0;0;0;0;0;0;0;0;0;0;0;0;0;0;0;0;0;0;1;0;2;0;0;1;0;0;1;0;0;0
36058;Concremiers;24;36;0;0;0;0;0;0;0;0;0;0;0;0;0;0;0;0;0;0;1;0;1;0;0;0;0;0;1;0;3;0;0;0;0;0;0;0;0
36059;Condé;24;36;0;0;0;0;0;0;0;0;0;0;0;0;0;0;0;0;0;0;0;0;0;0;0;0;0;2;0;0;1;0;1;0;0;0;0;0;0
36060;Crevant;24;36;0;0;0;0;0;0;0;0;0;0;0;0;0;0;0;0;0;0;0;1;1;0;0;0;2;2;3;1;0;1;1;0;0;3;0;0;1
36061;Crozon-sur-Vauvre;24;36;0;0;0;0;0;0;0;0;0;0;0;0;0;0;0;0;0;0;0;0;0;0;0;0;0;0;1;1;0;0;0;0;0;0;0;0;0
36062;Cuzion;24;36;0;0;0;0;0;0;0;0;0;0;0;0;0;0;0;0;0;0;0;1;0;0;0;0;0;1;2;0;2;0;1;0;0;0;1;0;0
36063;Déols;24;36;0;0;0;0;0;0;0;0;0;0;1;0;0;0;0;6;2;1;0;0;18;1;0;3;6;13;17;12;4;0;11;0;0;16;1;1;9
36064;Diors;24;36;0;0;0;0;0;0;0;0;0;0;0;0;0;0;0;0;0;0;0;0;0;0;0;0;0;0;1;0;2;0;0;0;0;1;1;0;0
36065;Diou;24;36;0;0;0;0;0;0;0;0;0;0;0;0;0;0;0;0;0;0;0;0;0;0;0;0;2;0;1;2;0;0;0;0;0;1;0;0;0
36066;Douadic;24;36;0;0;0;0;0;0;0;0;0;0;0;0;0;0;0;0;0;0;0;0;2;0;0;0;2;0;1;0;0;0;2;0;0;0;0;0;0
36067;Dunet;24;36;0;0;0;0;0;0;0;0;0;0;0;0;0;0;0;0;0;0;0;0;0;0;0;0;0;0;1;0;0;0;1;0;0;0;0;0;0
36068;Dun-le-Poëlier;24;36;0;0;0;0;0;0;0;0;0;0;0;0;0;0;0;0;0;0;1;0;0;0;0;0;4;2;0;0;0;0;1;0;0;0;0;0;0
36069;Écueillé;24;36;0;1;0;0;0;0;0;0;0;0;0;0;0;0;0;1;0;1;0;0;3;1;0;0;2;4;2;1;2;0;1;0;0;0;1;0;1
36070;Éguzon-Chantôme;24;36;0;1;0;0;0;0;0;0;0;0;0;0;0;0;0;1;0;1;0;0;1;0;0;0;3;3;6;4;1;0;4;2;0;7;1;1;0
36071;Étrechet;24;36;0;0;0;0;0;0;0;0;0;0;0;0;0;0;0;0;0;0;1;0;1;0;0;0;4;0;0;1;0;0;1;0;0;0;0;0;1
36072;Faverolles;24;36;0;0;0;0;0;0;0;0;0;0;0;0;0;0;0;0;0;0;1;0;0;0;0;0;1;0;0;0;0;0;1;0;0;2;0;0;0
36073;Feusines;24;36;0;0;0;0;0;0;0;0;0;0;0;0;0;0;0;0;0;0;0;0;0;0;0;0;0;2;1;1;0;0;0;0;0;0;0;0;0
36074;Fléré-la-Rivière;24;36;0;0;0;0;0;0;0;0;0;0;0;0;0;0;0;0;0;0;0;1;1;0;0;0;3;2;2;1;0;0;1;0;0;0;0;0;0
36075;Fontenay;24;36;0;0;0;0;0;0;0;0;0;0;0;0;0;0;0;0;0;0;0;0;1;0;0;0;0;0;0;0;0;0;0;0;0;0;0;0;0
36076;Fontgombault;24;36;0;0;0;0;0;0;0;0;0;0;0;0;0;0;0;0;0;0;1;0;3;0;0;0;0;0;0;0;0;0;0;0;0;1;0;0;0
36077;Fontguenand;24;36;0;0;0;0;0;0;0;0;0;0;0;0;0;0;0;0;0;0;0;0;2;0;0;0;2;1;1;0;0;0;0;0;0;1;0;0;0
36078;Fougerolles;24;36;0;0;0;0;0;0;0;0;0;0;0;0;0;0;0;0;0;0;0;0;0;0;0;0;0;0;0;0;0;1;0;0;0;1;1;0;0
36079;Francillon;24;36;0;0;0;0;0;0;0;0;0;0;0;0;0;0;0;0;0;0;0;0;0;0;0;0;0;0;0;0;0;0;0;0;0;0;0;0;0
36080;Frédille;24;36;0;0;0;0;0;0;0;0;0;0;0;0;0;0;0;0;0;0;0;0;0;0;0;0;0;0;0;0;0;0;0;0;0;0;0;0;0
36081;Gargilesse-Dampierre;24;36;0;0;0;0;0;0;0;0;0;0;0;0;0;0;0;0;0;0;0;1;0;0;0;0;0;1;4;1;1;0;0;0;0;1;0;1;0
36082;Gehée;24;36;0;0;0;0;0;0;0;0;0;0;0;0;0;0;0;0;0;0;0;1;2;0;0;0;0;0;0;0;0;0;0;0;0;0;1;0;0
36083;Giroux;24;36;0;0;0;0;0;0;0;0;0;0;0;0;0;0;0;0;0;0;0;0;0;0;0;0;1;0;1;0;0;0;0;0;0;0;0;0;0
36084;Gournay;24;36;0;0;0;0;0;0;0;0;0;0;0;0;0;0;0;0;0;0;0;0;2;0;0;0;0;0;0;0;0;0;0;0;0;1;0;0;0
36085;Guilly;24;36;0;0;0;0;0;0;0;0;0;0;0;0;0;0;0;0;0;0;0;0;0;0;0;0;0;0;0;1;0;0;0;0;0;0;0;0;0
36086;Heugnes;24;36;0;0;0;0;0;0;0;0;0;0;0;0;0;0;0;0;0;0;0;0;2;0;0;0;0;0;0;0;2;0;0;0;0;1;0;0;0
36087;Ingrandes;24;36;0;0;0;0;0;0;0;0;0;0;0;0;0;0;0;0;0;0;1;0;2;0;0;0;3;0;0;2;0;0;0;0;0;0;0;0;0
36088;Issoudun;24;36;1;1;0;0;0;0;0;0;0;0;2;1;0;0;0;10;4;1;0;0;16;4;0;5;5;6;7;17;5;5;24;3;4;28;10;5;8
36089;Jeu-les-Bois;24;36;0;0;0;0;0;0;0;0;0;0;0;0;0;0;0;0;0;0;0;0;1;0;0;0;0;0;0;2;0;1;1;0;0;0;0;0;0
36090;Jeu-Maloches;24;36;0;0;0;0;0;0;0;0;0;0;0;0;0;0;0;0;0;0;0;0;0;0;0;0;0;0;0;0;0;0;0;0;0;0;0;0;0
36091;Lacs;24;36;0;0;0;0;0;0;0;0;0;0;0;0;0;0;0;0;0;0;0;0;0;0;0;0;0;1;3;0;0;0;0;0;0;1;0;0;0
36092;Langé;24;36;0;0;0;0;0;0;0;0;0;0;0;0;0;0;0;0;0;0;0;0;0;0;0;0;0;2;0;0;0;0;0;0;0;1;0;0;0
36093;Levroux;24;36;0;1;0;0;0;0;0;0;0;0;0;0;0;0;0;3;1;1;0;0;10;2;1;1;2;5;5;5;5;1;6;0;0;6;3;1;1
36094;Lignac;24;36;0;0;0;0;0;0;0;0;0;0;0;0;0;0;0;0;0;0;0;1;0;0;0;0;2;0;1;5;0;0;1;0;0;1;0;0;0
36095;Lignerolles;24;36;0;0;0;0;0;0;0;0;0;0;0;0;0;0;0;0;0;0;0;0;1;0;0;0;0;0;0;0;0;0;0;0;0;0;0;0;0
36096;Lingé;24;36;0;0;0;0;0;0;0;0;0;0;0;0;0;0;0;0;0;0;0;0;0;0;0;0;1;1;0;0;0;0;0;0;0;2;0;0;0
36097;Liniez;24;36;0;0;0;0;0;0;0;0;0;0;0;0;0;0;0;0;0;0;0;0;0;0;0;0;0;1;2;1;0;0;0;0;0;1;0;0;0
36098;Lizeray;24;36;0;0;0;0;0;0;0;0;0;0;0;0;0;0;0;0;0;0;0;0;0;0;0;0;0;0;0;0;0;0;0;0;0;0;0;0;0
36099;Lourdoueix-Saint-Michel;24;36;0;0;0;0;0;0;0;0;0;0;0;0;0;0;0;0;0;1;0;0;1;0;0;0;3;0;0;1;0;1;0;0;0;1;0;0;0
36100;Lourouer-Saint-Laurent;24;36;0;0;0;0;0;0;0;0;0;0;0;0;0;0;0;0;0;0;0;0;0;0;0;0;1;0;0;1;0;0;0;0;0;0;0;0;0
36101;Luant;24;36;0;0;0;0;0;0;0;0;0;0;0;0;0;0;0;1;0;0;0;1;0;0;0;0;0;3;4;1;3;0;3;0;0;2;0;0;2
36102;Luçay-le-Libre;24;36;0;0;0;0;0;0;0;0;0;0;0;0;0;0;0;0;0;0;0;0;0;0;0;0;1;0;0;0;0;0;0;0;0;0;0;0;0
36103;Luçay-le-Mâle;24;36;0;0;0;0;0;0;0;0;0;0;0;0;0;0;0;2;0;1;0;0;3;0;0;1;2;2;1;2;4;2;4;0;0;4;1;0;1
36104;Lurais;24;36;0;0;0;0;0;0;0;0;0;0;0;0;0;0;0;0;0;0;0;1;0;0;0;0;0;1;1;0;0;0;0;0;0;1;0;0;0
36105;Lureuil;24;36;0;0;0;0;0;0;0;0;0;0;0;0;0;0;0;0;0;0;0;0;0;0;0;0;0;0;0;0;0;0;0;0;0;2;0;0;0
36106;Luzeret;24;36;0;0;0;0;0;0;0;0;0;0;0;0;0;0;0;0;0;0;0;0;0;0;0;0;1;1;0;0;1;0;0;0;0;0;0;0;0
36107;Lye;24;36;0;0;0;0;0;0;0;0;0;0;0;0;0;0;0;0;0;1;0;0;0;0;0;0;3;0;4;2;0;0;2;0;0;1;0;0;0
36108;Lys-Saint-Georges;24;36;0;0;0;0;0;0;0;0;0;0;0;0;0;0;0;0;0;0;0;0;0;0;0;0;1;0;0;0;0;0;0;0;0;1;0;0;0
36109;Le Magny;24;36;0;0;0;0;0;0;0;0;0;0;0;0;0;0;0;0;0;0;0;0;1;0;0;0;2;2;1;2;0;0;1;0;0;0;1;0;1
36110;Maillet;24;36;0;0;0;0;0;0;0;0;0;0;0;0;0;0;0;0;0;0;0;0;0;0;0;0;0;0;1;0;0;0;0;0;0;0;0;0;0
36111;Malicornay;24;36;0;0;0;0;0;0;0;0;0;0;0;0;0;0;0;0;0;0;0;0;0;0;0;0;1;0;0;0;0;0;0;0;0;1;1;0;0
36112;Mâron;24;36;0;0;0;0;0;0;0;0;0;0;0;0;0;0;0;0;0;0;0;0;1;0;0;0;1;1;2;1;1;0;0;0;0;1;0;0;0
36113;Martizay;24;36;0;0;0;0;0;0;0;0;0;0;0;0;0;0;0;0;0;1;0;0;1;0;0;0;8;1;0;0;0;0;2;0;0;2;0;0;0
36114;Mauvières;24;36;0;0;0;0;0;0;0;0;0;0;0;0;0;0;0;0;0;0;1;0;1;0;0;0;4;0;0;1;2;0;0;0;0;1;0;0;0
36115;Menetou-sur-Nahon;24;36;0;0;0;0;0;0;0;0;0;0;0;0;0;0;0;0;0;0;0;0;0;0;0;0;0;0;0;0;0;0;0;0;0;0;0;0;0
36116;Ménétréols-sous-Vatan;24;36;0;0;0;0;0;0;0;0;0;0;0;0;0;0;0;0;0;0;0;0;1;0;0;0;0;0;0;0;0;0;0;0;0;0;1;0;0
36117;Le Menoux;24;36;0;0;0;0;0;0;0;0;0;0;0;0;0;0;0;0;0;1;0;0;0;0;0;0;1;0;1;3;0;1;0;0;0;1;0;0;0
36118;Méobecq;24;36;0;0;0;0;0;0;0;0;0;0;0;0;0;0;0;0;0;0;0;1;0;0;0;0;1;0;1;0;0;0;1;0;0;1;1;0;0
36119;Mérigny;24;36;0;0;0;0;0;0;0;0;0;0;0;0;0;0;0;0;0;0;0;1;0;0;0;0;3;1;0;0;0;0;1;0;0;0;0;0;0
36120;Mers-sur-Indre;24;36;0;0;0;0;0;0;0;0;0;0;0;0;0;0;0;0;0;0;0;1;1;0;0;0;1;0;0;0;1;1;1;0;0;0;0;0;1
36121;Meunet-Planches;24;36;0;0;0;0;0;0;0;0;0;0;0;0;0;0;0;0;0;0;0;0;0;0;0;0;0;1;0;1;0;0;0;0;0;0;0;0;0
36122;Meunet-sur-Vatan;24;36;0;0;0;0;0;0;0;0;0;0;0;0;0;0;0;0;0;0;0;0;0;0;0;0;0;0;1;0;0;0;0;0;0;1;0;0;0
36123;Mézières-en-Brenne;24;36;0;1;0;0;0;0;0;0;0;0;0;0;0;0;0;1;0;1;0;0;3;0;0;0;3;2;2;2;1;0;3;1;0;3;2;0;0
36124;Migné;24;36;0;0;0;0;0;0;0;0;0;0;0;0;0;0;0;0;0;0;0;1;1;0;0;0;0;1;3;0;2;0;1;0;0;1;1;0;0
36125;Migny;24;36;0;0;0;0;0;0;0;0;0;0;0;0;0;0;0;0;0;0;0;0;0;0;0;0;1;0;0;0;0;0;0;0;0;0;0;0;0
36126;Montchevrier;24;36;0;0;0;0;0;0;0;0;0;0;0;0;0;0;0;0;0;0;0;1;0;0;0;0;0;2;0;3;1;1;0;0;0;1;0;0;0
36127;Montgivray;24;36;0;0;0;0;0;0;0;0;0;0;0;0;0;0;0;0;0;0;1;0;4;0;0;1;3;3;1;7;0;2;1;0;0;4;2;0;0
36128;Montierchaume;24;36;0;0;0;0;0;0;0;0;0;0;0;0;0;0;0;0;0;0;1;0;5;0;0;0;2;0;2;1;4;0;1;0;1;1;0;0;2
36129;Montipouret;24;36;0;0;0;0;0;0;0;0;0;0;0;0;0;0;0;0;0;0;0;0;1;0;0;0;1;0;0;0;1;0;0;0;0;2;0;0;0
36130;Montlevicq;24;36;0;0;0;0;0;0;0;0;0;0;0;0;0;0;0;0;0;0;0;0;0;0;0;0;0;0;0;0;0;0;0;0;0;1;0;0;0
36131;Mosnay;24;36;0;0;0;0;0;0;0;0;0;0;0;0;0;0;0;0;0;1;0;0;0;0;0;0;0;1;1;0;1;0;0;0;0;1;0;0;0
36132;La Motte-Feuilly;24;36;0;0;0;0;0;0;0;0;0;0;0;0;0;0;0;0;0;0;0;0;0;0;0;0;0;0;0;0;0;0;0;0;0;0;1;0;0
36133;Mouhers;24;36;0;0;0;0;0;0;0;0;0;0;0;0;0;0;0;0;0;0;0;0;0;0;0;0;0;0;0;1;1;0;0;0;0;1;0;0;0
36134;Mouhet;24;36;0;0;0;0;0;0;0;0;0;0;0;0;0;0;0;0;0;0;0;1;0;0;0;0;2;1;0;0;1;0;0;1;0;1;0;0;0
36135;Moulins-sur-Céphons;24;36;0;0;0;0;0;0;0;0;0;0;0;0;0;0;0;0;0;0;0;0;0;0;0;0;0;0;1;0;0;0;0;0;0;1;0;0;0
36136;Murs;24;36;0;0;0;0;0;0;0;0;0;0;0;0;0;0;0;0;0;0;0;0;1;0;0;0;0;0;0;1;0;0;0;0;0;0;0;0;0
36137;Néons-sur-Creuse;24;36;0;0;0;0;0;0;0;0;0;0;0;0;0;0;0;0;0;0;0;0;0;0;0;0;0;1;1;0;0;0;1;0;0;1;0;0;0
36138;Néret;24;36;0;0;0;0;0;0;0;0;0;0;0;0;0;0;0;0;0;0;0;0;0;0;0;0;0;0;0;0;0;0;0;0;0;0;0;0;0
36139;Neuillay-les-Bois;24;36;0;0;0;0;0;0;0;0;0;0;0;0;0;0;0;0;0;1;0;0;0;0;0;0;0;2;1;2;0;0;1;0;0;1;0;0;0
36140;Neuvy-Pailloux;24;36;0;0;0;0;0;0;0;0;0;0;0;0;0;0;0;0;0;1;0;0;3;0;0;1;0;0;4;1;0;0;5;1;0;3;0;0;0
36141;Neuvy-Saint-Sépulchre;24;36;0;1;0;0;0;0;0;0;0;0;0;0;0;0;0;1;0;1;0;0;2;1;0;1;2;2;2;4;0;1;5;1;0;3;1;0;2
36142;Niherne;24;36;0;0;0;0;0;0;0;0;0;0;0;0;0;0;0;0;0;0;1;0;4;0;0;0;2;2;0;2;0;0;6;0;0;0;0;0;0
36143;Nohant-Vic;24;36;0;0;0;0;0;0;0;0;0;0;0;0;0;0;0;0;0;0;0;1;2;0;0;0;2;0;1;1;0;0;0;0;0;2;0;0;0
36144;Nuret-le-Ferron;24;36;0;0;0;0;0;0;0;0;0;0;0;0;0;0;0;0;0;0;0;0;0;0;0;0;0;0;0;3;0;0;0;0;0;0;0;0;0
36145;Obterre;24;36;0;0;0;0;0;0;0;0;0;0;0;0;0;0;0;0;0;0;0;1;0;0;0;0;0;0;3;0;0;0;0;0;0;1;0;0;0
36146;Orsennes;24;36;0;0;0;0;0;0;0;0;0;0;0;0;0;0;0;1;0;0;0;1;1;0;0;0;1;1;0;1;1;2;4;0;0;1;0;0;0
36147;Orville;24;36;0;0;0;0;0;0;0;0;0;0;0;0;0;0;0;0;0;0;0;0;0;0;0;0;0;0;0;1;0;0;0;0;0;0;0;0;0
36148;Oulches;24;36;0;0;0;0;0;0;0;0;0;0;0;0;0;0;0;0;0;0;0;1;0;0;0;0;0;0;0;0;2;1;0;0;0;0;0;0;0
36149;Palluau-sur-Indre;24;36;0;0;0;0;0;0;0;0;0;0;0;0;0;0;0;0;0;0;0;1;0;0;0;0;1;1;3;0;3;1;1;0;0;0;0;0;0
36150;Parnac;24;36;0;0;0;0;0;0;0;0;0;0;0;0;0;0;0;0;0;0;0;1;1;0;0;0;0;0;0;0;0;0;0;0;0;2;0;0;0
36152;Paudy;24;36;0;0;0;0;0;0;0;0;0;0;0;0;0;0;0;0;0;0;0;1;0;0;0;0;2;0;3;1;0;0;1;0;0;0;0;0;0
36153;Paulnay;24;36;0;0;0;0;0;0;0;0;0;0;0;0;0;0;0;0;0;0;0;1;3;0;0;0;1;0;1;0;0;0;0;0;0;2;0;0;0
36154;Le Pêchereau;24;36;0;0;0;0;0;0;0;0;0;0;0;0;0;0;0;0;0;0;1;0;1;0;0;0;1;1;2;4;1;0;3;0;0;2;0;0;1
36155;Pellevoisin;24;36;0;0;0;0;0;0;0;0;0;0;0;0;0;0;0;0;0;1;0;0;2;0;0;0;1;1;4;1;0;0;2;0;0;1;0;0;1
36156;Pérassay;24;36;0;0;0;0;0;0;0;0;0;0;0;0;0;0;0;0;0;0;0;1;0;0;0;0;2;0;0;1;0;1;0;0;0;0;0;0;0
36157;La Pérouille;24;36;0;0;0;0;0;0;0;0;0;0;0;0;0;0;0;0;0;0;0;0;2;0;0;0;0;0;1;0;0;0;0;0;0;1;0;0;0
36158;Badecon-le-Pin;24;36;0;0;0;0;0;0;0;0;0;0;0;0;0;0;0;0;0;1;0;0;0;0;0;0;2;3;2;1;0;0;1;0;0;2;1;0;0
36159;Le Poinçonnet;24;36;0;0;0;0;0;0;0;0;0;0;0;0;0;0;0;2;1;1;0;0;9;0;1;1;5;5;5;4;5;0;6;0;0;8;5;0;2
36160;Pommiers;24;36;0;0;0;0;0;0;0;0;0;0;0;0;0;0;0;0;0;0;0;1;0;0;0;0;0;0;0;1;0;0;1;0;0;0;0;0;0
36161;Le Pont-Chrétien-Chabenet;24;36;0;0;0;0;0;0;0;0;0;0;0;0;0;0;0;0;0;0;1;0;0;0;0;0;0;3;3;1;2;1;1;0;0;2;0;0;0
36162;Poulaines;24;36;0;0;0;0;0;0;0;0;0;0;0;0;0;0;0;0;0;1;0;0;1;0;0;0;1;2;0;3;2;1;2;0;0;0;0;0;0
36163;Pouligny-Notre-Dame;24;36;0;0;0;0;0;0;0;0;0;0;0;0;0;0;0;0;0;0;0;1;1;0;0;0;3;0;1;0;0;2;1;0;0;1;0;0;0
36164;Pouligny-Saint-Martin;24;36;0;0;0;0;0;0;0;0;0;0;0;0;0;0;0;0;0;0;0;0;0;0;0;0;0;0;0;0;0;0;0;0;0;1;0;0;0
36165;Pouligny-Saint-Pierre;24;36;0;0;0;0;0;0;0;0;0;0;0;0;0;0;0;0;0;0;0;1;5;0;0;0;5;1;3;2;1;0;1;0;0;1;0;0;0
36166;Préaux;24;36;0;0;0;0;0;0;0;0;0;0;0;0;0;0;0;0;0;0;0;1;0;0;0;0;0;0;1;0;0;0;0;0;0;1;1;0;0
36167;Preuilly-la-Ville;24;36;0;0;0;0;0;0;0;0;0;0;0;0;0;0;0;0;0;0;0;0;0;0;0;0;0;0;0;0;0;0;0;0;0;0;0;0;0
36168;Prissac;24;36;0;0;0;0;0;0;0;0;0;0;0;0;0;0;0;0;0;0;0;1;1;0;0;0;3;1;4;1;1;1;1;0;0;2;0;0;0
36169;Pruniers;24;36;0;0;0;0;0;0;0;0;0;0;0;0;0;0;0;0;0;1;0;0;0;0;0;0;1;0;1;0;1;0;0;0;0;2;0;0;0
36170;Reboursin;24;36;0;0;0;0;0;0;0;0;0;0;0;0;0;0;0;0;0;0;0;0;0;0;0;0;0;0;0;0;0;0;0;0;0;0;0;0;0
36171;Reuilly;24;36;0;1;0;0;0;0;0;0;0;0;0;0;0;0;0;3;1;1;0;0;2;1;0;0;1;4;3;4;0;1;3;0;0;5;2;1;0
36172;Rivarennes;24;36;0;0;0;0;0;0;0;0;0;0;0;0;0;0;0;0;0;0;0;0;1;0;0;0;0;1;3;1;1;0;0;0;0;0;0;0;0
36173;Rosnay;24;36;0;0;0;0;0;0;0;0;0;0;0;0;0;0;0;0;0;0;0;1;0;0;0;0;1;0;0;0;1;1;0;0;0;2;0;0;0
36174;Roussines;24;36;0;0;0;0;0;0;0;0;0;0;0;0;0;0;0;0;0;0;0;0;0;0;0;0;1;1;0;1;0;0;1;0;0;1;0;0;0
36175;Rouvres-les-Bois;24;36;0;0;0;0;0;0;0;0;0;0;0;0;0;0;0;0;0;0;0;1;1;0;0;0;0;0;0;0;0;0;1;0;0;1;0;0;0
36176;Ruffec;24;36;0;0;0;0;0;0;0;0;0;0;0;0;0;0;0;0;0;0;0;1;0;0;0;0;0;0;1;2;0;0;0;0;0;0;1;0;0
36177;Sacierges-Saint-Martin;24;36;0;0;0;0;0;0;0;0;0;0;0;0;0;0;0;0;0;0;1;0;2;0;0;0;3;0;0;1;1;0;0;0;0;1;0;0;0
36178;Saint-Aigny;24;36;0;0;0;0;0;0;0;0;0;0;0;0;0;0;0;0;0;0;0;0;0;0;0;0;7;0;1;0;1;0;0;0;0;2;0;0;0
36179;Saint-Aoustrille;24;36;0;0;0;0;0;0;0;0;0;0;0;0;0;0;0;0;0;0;0;0;3;0;0;0;0;0;2;1;1;0;0;0;0;0;0;0;0
36180;Saint-Août;24;36;0;0;0;0;0;0;0;0;0;0;0;0;0;0;0;2;0;0;0;1;1;0;0;0;2;0;0;1;0;0;2;0;0;3;0;0;1
36181;Saint-Aubin;24;36;0;0;0;0;0;0;0;0;0;0;0;0;0;0;0;0;0;0;0;0;0;0;0;0;1;0;0;0;0;0;0;0;0;1;0;0;1
36182;Saint-Benoît-du-Sault;24;36;0;1;0;0;0;0;0;0;0;0;0;0;0;0;0;3;0;1;0;0;2;0;0;0;1;1;2;0;0;0;2;2;0;3;0;0;0
36184;Saint-Chartier;24;36;0;0;0;0;0;0;0;0;0;0;0;0;0;0;0;0;0;0;0;1;0;0;0;0;0;0;1;0;0;0;1;0;0;1;0;0;0
36185;Saint-Christophe-en-Bazelle;24;36;0;0;0;0;0;0;0;0;0;0;0;0;0;0;0;1;0;0;0;1;0;0;0;0;0;1;0;0;0;0;0;0;0;0;0;0;0
36186;Saint-Christophe-en-Boucherie;24;36;0;0;0;0;0;0;0;0;0;0;0;0;0;0;0;0;0;0;0;0;2;0;0;0;0;0;0;1;0;0;0;0;0;0;0;0;0
36187;Saint-Civran;24;36;0;0;0;0;0;0;0;0;0;0;0;0;0;0;0;0;0;0;0;0;0;0;0;0;1;0;0;1;1;1;0;0;0;0;0;0;0
36188;Saint-Cyran-du-Jambot;24;36;0;0;0;0;0;0;0;0;0;0;0;0;0;0;0;0;0;0;0;0;2;0;0;0;0;0;0;2;0;0;0;0;0;1;0;0;0
36189;Saint-Denis-de-Jouhet;24;36;0;0;0;0;0;0;0;0;0;0;0;0;0;0;0;0;0;0;0;1;2;0;0;0;3;3;3;1;1;1;3;0;0;0;1;0;1
36190;Sainte-Fauste;24;36;0;0;0;0;0;0;0;0;0;0;0;0;0;0;0;0;0;0;0;0;0;0;0;0;1;0;0;1;0;0;0;0;0;0;0;0;0
36191;Saint-Florentin;24;36;0;0;0;0;0;0;0;0;0;0;0;0;0;0;0;0;0;0;0;0;1;0;0;0;3;2;0;0;2;1;0;0;0;0;1;0;0
36192;Saint-Gaultier;24;36;0;1;0;0;0;0;0;0;0;0;0;0;0;0;0;3;1;1;0;0;1;0;0;0;4;5;3;4;0;1;3;1;0;7;4;1;2
36193;Sainte-Gemme;24;36;0;0;0;0;0;0;0;0;0;0;0;0;0;0;0;0;0;0;0;0;0;0;0;0;0;0;0;0;0;0;1;0;0;0;0;0;0
36194;Saint-Genou;24;36;0;0;0;0;0;0;0;0;0;0;0;0;0;0;0;0;0;1;0;0;2;0;0;0;2;3;0;2;0;0;1;0;0;4;0;0;0
36195;Saint-Georges-sur-Arnon;24;36;0;0;0;0;0;0;0;0;0;0;0;0;0;0;0;0;0;0;0;0;1;0;0;0;1;1;0;0;1;0;0;0;0;0;0;0;0
36196;Saint-Gilles;24;36;0;0;0;0;0;0;0;0;0;0;0;0;0;0;0;0;0;0;0;0;0;0;0;0;0;0;0;0;0;0;0;0;0;0;0;0;0
36197;Saint-Hilaire-sur-Benaize;24;36;0;0;0;0;0;0;0;0;0;0;0;0;0;0;0;0;0;0;0;0;2;0;0;0;1;0;0;0;1;0;0;0;0;1;0;0;0
36198;Saint-Lactencin;24;36;0;0;0;0;0;0;0;0;0;0;0;0;0;0;0;0;0;0;0;0;0;0;0;0;1;0;1;2;1;0;1;0;0;0;0;0;0
36199;Sainte-Lizaigne;24;36;0;0;0;0;0;0;0;0;0;0;0;0;0;0;0;0;0;0;0;1;0;0;0;0;2;0;0;2;2;0;0;0;0;1;0;0;0
36200;Saint-Marcel;24;36;0;0;0;0;0;0;0;0;0;0;0;0;0;0;0;0;0;1;0;0;1;0;0;0;1;2;1;1;4;0;2;0;0;2;1;0;2
36202;Saint-Maur;24;36;0;0;0;0;0;0;0;0;0;0;0;0;0;0;0;5;0;1;0;0;13;2;0;0;2;2;7;9;2;6;6;0;0;13;4;0;1
36203;Saint-Médard;24;36;0;0;0;0;0;0;0;0;0;0;0;0;0;0;0;0;0;0;0;0;0;0;0;0;0;0;0;0;0;0;0;0;0;0;0;0;0
36204;Saint-Michel-en-Brenne;24;36;0;0;0;0;0;0;0;0;0;0;0;0;1;0;0;0;0;0;0;0;0;0;0;0;1;0;0;1;0;0;0;0;0;1;0;0;0
36205;Saint-Pierre-de-Jards;24;36;0;0;0;0;0;0;0;0;0;0;0;0;0;0;0;0;0;0;0;0;0;0;0;0;0;0;0;0;0;0;1;0;0;1;0;0;0
36206;Saint-Pierre-de-Lamps;24;36;0;0;0;0;0;0;0;0;0;0;0;0;0;0;0;0;0;0;0;0;0;0;0;0;0;0;0;1;1;0;0;0;0;0;0;0;0
36207;Saint-Plantaire;24;36;0;0;0;0;0;0;0;0;0;0;0;0;0;0;0;0;0;0;1;0;1;0;0;0;1;0;0;0;1;0;0;0;0;5;0;0;0
36208;Sainte-Sévère-sur-Indre;24;36;0;1;0;0;0;0;0;0;0;0;0;0;0;0;0;1;0;1;0;0;5;0;0;0;3;2;3;3;2;1;3;3;0;1;4;2;1
36209;Saint-Valentin;24;36;0;0;0;0;0;0;0;0;0;0;0;0;0;0;0;0;0;0;0;1;0;0;0;0;0;0;0;1;0;0;0;0;0;0;0;0;0
36210;Sarzay;24;36;0;0;0;0;0;0;0;0;0;0;0;0;0;0;0;0;0;0;0;0;1;0;0;0;1;1;2;1;1;0;0;0;0;2;0;0;0
36211;Sassierges-Saint-Germain;24;36;0;0;0;0;0;0;0;0;0;0;0;0;0;0;0;0;0;0;0;0;0;0;0;0;1;0;0;0;0;0;0;0;0;0;0;0;0
36212;Saulnay;24;36;0;0;0;0;0;0;0;0;0;0;0;0;0;0;0;0;0;0;0;0;0;0;0;0;0;1;0;1;1;0;0;0;0;0;0;0;0
36213;Sauzelles;24;36;0;0;0;0;0;0;0;0;0;0;0;0;0;0;0;0;0;0;0;0;0;0;0;0;0;0;1;0;0;0;0;0;0;0;0;0;0
36214;Sazeray;24;36;0;0;0;0;0;0;0;0;0;0;0;0;0;0;0;0;0;0;0;0;0;0;0;0;0;0;0;1;1;0;0;0;0;0;0;0;1
36215;Ségry;24;36;0;0;0;0;0;0;0;0;0;0;0;0;0;0;0;0;0;0;0;0;0;0;0;0;0;0;1;1;0;0;0;0;0;0;0;0;0
36216;Selles-sur-Nahon;24;36;0;0;0;0;0;0;0;0;0;0;0;0;0;0;0;0;0;0;0;0;0;0;0;0;0;0;0;1;0;0;0;0;0;0;0;0;0
36217;Sembleçay;24;36;0;0;0;0;0;0;0;0;0;0;0;0;0;0;0;0;0;0;0;0;0;0;0;0;0;0;1;1;0;0;0;0;0;0;0;0;0
36218;Sougé;24;36;0;0;0;0;0;0;0;0;0;0;0;0;0;0;0;0;0;0;0;0;0;0;0;0;1;0;0;1;0;0;0;0;0;0;0;0;0
36219;Tendu;24;36;0;0;0;0;0;0;0;0;0;0;0;0;0;0;0;0;0;0;0;0;1;0;0;0;0;1;1;1;0;0;0;0;0;0;0;0;0
36220;Thenay;24;36;0;0;0;0;0;0;0;0;0;0;0;0;0;0;0;0;0;0;0;0;0;0;0;0;2;2;1;3;3;1;0;0;0;0;1;0;0
36221;Thevet-Saint-Julien;24;36;0;0;0;0;0;0;0;0;0;0;0;0;0;0;0;0;0;0;0;1;0;0;0;0;0;0;1;0;0;0;1;0;0;0;0;0;0
36222;Thizay;24;36;0;0;0;0;0;0;0;0;0;0;0;0;0;0;0;0;0;0;0;0;1;0;0;0;0;0;0;1;1;0;0;0;0;1;0;0;0
36223;Tilly;24;36;0;0;0;0;0;0;0;0;0;0;0;0;0;0;0;0;0;0;0;0;0;0;0;0;0;1;0;0;1;0;0;0;0;0;0;0;0
36224;Tournon-Saint-Martin;24;36;0;1;0;0;0;0;0;0;0;0;0;0;0;0;0;1;1;1;0;0;1;0;0;1;2;0;4;4;2;0;3;2;0;0;1;0;0
36225;Le Tranger;24;36;0;0;0;0;0;0;0;0;0;0;0;0;0;0;0;0;0;0;0;0;0;0;0;0;0;0;0;1;0;0;0;0;0;1;0;0;0
36226;Tranzault;24;36;0;0;0;0;0;0;0;0;0;0;0;0;0;0;0;0;0;0;0;0;0;0;0;0;1;0;1;4;0;0;0;0;0;1;0;0;0
36227;Urciers;24;36;0;0;0;0;0;0;0;0;0;0;0;0;0;0;0;0;0;0;0;1;0;0;0;0;0;0;2;0;0;0;0;0;0;0;0;0;0
36228;Valençay;24;36;0;1;0;0;0;0;0;0;0;0;1;0;0;0;0;3;1;1;0;0;4;1;0;2;2;1;2;4;2;0;5;4;0;11;4;0;2
36229;Val-Fouzon;24;36;0;0;0;0;0;0;0;0;0;0;0;0;0;0;0;0;0;0;0;1;3;0;0;0;2;2;0;0;0;0;1;0;0;1;0;0;0
36230;Vatan;24;36;0;1;0;0;0;0;0;0;0;0;0;0;0;0;0;3;1;1;0;0;7;1;1;1;2;2;5;2;2;2;4;0;0;3;5;0;2
36231;Velles;24;36;0;0;0;0;0;0;0;0;0;0;0;0;0;0;0;0;0;1;0;0;0;0;0;0;2;1;2;2;1;0;2;0;0;2;1;0;1
36232;Vendoeuvres;24;36;0;0;0;0;0;0;0;0;0;0;0;0;0;0;0;0;0;1;0;0;3;0;0;1;2;0;0;2;2;0;3;0;0;0;0;0;0
36233;La Vernelle;24;36;0;0;0;0;0;0;0;0;0;0;0;0;0;0;0;0;0;0;0;1;1;0;0;0;0;2;2;3;1;0;1;0;0;0;0;0;0
36234;Verneuil-sur-Igneraie;24;36;0;0;0;0;0;0;0;0;0;0;0;0;0;0;0;0;0;0;0;1;1;0;0;0;0;1;0;0;0;0;1;0;0;1;0;0;0
36235;Veuil;24;36;0;0;0;0;0;0;0;0;0;0;0;0;0;0;0;0;0;0;0;0;0;0;0;0;0;1;2;0;1;0;0;0;0;2;0;0;0
36236;Vicq-Exemplet;24;36;0;0;0;0;0;0;0;0;0;0;0;0;0;0;0;0;0;0;0;0;0;0;0;0;0;1;2;1;0;0;0;0;0;0;0;0;0
36237;Vicq-sur-Nahon;24;36;0;0;0;0;0;0;0;0;0;0;0;0;0;0;0;0;0;0;0;1;1;0;0;0;1;1;1;1;0;0;2;0;0;0;1;0;0
36238;Vigoulant;24;36;0;0;0;0;0;0;0;0;0;0;0;0;0;0;0;0;0;0;0;0;0;0;0;0;1;0;0;0;0;0;0;0;0;0;0;0;0
36239;Vigoux;24;36;0;0;0;0;0;0;0;0;0;0;0;0;0;0;0;0;0;0;0;0;0;0;0;0;0;0;0;0;2;0;0;0;0;1;0;0;1
36240;Vijon;24;36;0;0;0;0;0;0;0;0;0;0;0;0;0;0;0;0;0;0;0;0;1;0;0;0;2;0;0;1;0;0;0;0;0;0;0;0;0
36241;Villedieu-sur-Indre;24;36;0;0;0;0;0;0;0;0;0;0;0;0;0;0;0;1;3;1;0;0;3;0;0;0;3;4;9;6;4;1;5;0;0;3;1;0;1
36242;Villegongis;24;36;0;0;0;0;0;0;0;0;0;0;0;0;0;0;0;0;0;0;0;0;0;0;0;0;0;0;0;0;0;0;0;0;0;1;0;0;0
36243;Villegouin;24;36;0;0;0;0;0;0;0;0;0;0;0;0;0;0;0;0;0;0;0;0;1;0;0;0;0;0;2;0;0;0;0;0;0;1;0;0;0
36244;Villentrois;24;36;0;0;0;0;0;0;0;0;0;0;0;0;0;0;0;0;0;0;0;1;0;0;0;0;0;0;1;1;0;0;0;0;0;0;0;0;0
36246;Villiers;24;36;0;0;0;0;0;0;0;0;0;0;0;0;0;0;0;0;0;0;0;0;0;0;0;0;0;0;0;0;0;0;0;0;0;1;0;0;0
36247;Vineuil;24;36;0;0;0;0;0;0;0;0;0;0;0;0;0;0;0;0;0;1;0;0;0;0;0;1;2;1;3;6;1;0;1;0;0;1;0;0;0
36248;Vouillon;24;36;0;0;0;0;0;0;0;0;0;0;0;0;0;0;0;0;0;0;0;0;0;0;0;0;0;0;0;1;0;0;1;0;0;1;0;0;0
37001;Abilly;24;37;0;0;0;0;0;0;0;0;0;0;0;0;0;0;0;0;0;0;0;1;2;0;0;0;1;2;2;0;2;1;2;0;0;1;1;0;0
37002;Ambillou;24;37;0;0;0;0;0;0;0;0;0;0;0;0;0;0;0;0;0;1;0;0;3;1;0;0;5;6;1;3;4;1;3;0;0;2;0;0;2
37003;Amboise;24;37;0;1;0;0;0;0;0;0;0;0;2;1;0;0;0;11;2;2;0;1;10;2;0;5;16;9;18;12;8;4;22;4;7;60;19;3;5
37004;Anché;24;37;0;0;0;0;0;0;0;0;0;0;0;0;0;0;0;0;0;0;0;1;1;0;0;0;1;3;0;2;0;0;0;0;0;0;0;0;0
37005;Antogny-le-Tillac;24;37;0;0;0;0;0;0;0;0;0;0;0;0;0;0;0;0;0;0;0;0;0;0;0;0;1;1;2;1;1;1;0;0;0;0;0;0;0
37006;Artannes-sur-Indre;24;37;0;0;0;0;0;0;0;0;0;0;0;0;0;0;0;0;0;1;0;0;1;0;0;0;2;7;2;2;2;1;5;1;0;4;1;0;2
37007;Assay;24;37;0;0;0;0;0;0;0;0;0;0;0;0;0;0;0;0;0;0;0;0;0;0;0;0;2;0;1;1;1;0;2;0;0;0;0;0;0
37008;Athée-sur-Cher;24;37;0;0;0;0;0;0;0;0;0;0;0;0;0;0;0;0;0;1;0;0;4;1;0;0;2;6;3;6;2;2;3;0;0;2;3;0;3
37009;Autrèche;24;37;0;0;0;0;0;0;0;0;0;0;0;0;0;0;0;0;0;0;1;0;0;0;0;0;0;2;0;0;0;0;0;0;0;1;0;0;0
37010;Auzouer-en-Touraine;24;37;0;0;0;0;0;0;0;0;0;0;0;0;0;0;0;0;0;0;1;0;3;0;0;0;1;2;3;1;1;0;2;0;0;1;0;0;2
37011;Avoine;24;37;0;0;0;0;0;0;0;0;0;0;0;0;0;0;0;3;0;1;0;0;3;1;0;1;4;3;4;4;5;0;3;2;3;8;2;0;1
37012;Avon-les-Roches;24;37;0;0;0;0;0;0;0;0;0;0;0;0;0;0;0;0;0;0;0;1;0;0;0;0;2;3;1;1;1;0;0;0;0;1;0;0;0
37013;Avrillé-les-Ponceaux;24;37;0;0;0;0;0;0;0;0;0;0;0;0;0;0;0;0;0;0;1;0;0;0;0;0;1;1;1;0;2;0;1;1;0;1;2;0;0
37014;Azay-le-Rideau;24;37;0;1;0;0;0;0;0;0;0;0;1;0;0;0;0;2;0;1;0;0;7;2;0;2;5;3;6;9;7;0;5;1;0;12;4;1;3
37015;Azay-sur-Cher;24;37;0;0;0;0;0;0;0;0;0;0;0;0;0;0;0;0;0;1;1;0;3;0;0;0;2;7;7;5;4;1;1;0;0;3;0;0;4
37016;Azay-sur-Indre;24;37;0;0;0;0;0;0;0;0;0;0;0;0;0;0;0;0;1;0;0;0;1;0;0;0;0;2;1;0;0;0;0;0;0;2;0;0;0
37018;Ballan-Miré;24;37;0;1;0;0;0;0;0;0;0;0;1;0;0;0;0;8;2;1;0;0;6;1;0;2;13;15;14;12;7;1;11;1;0;13;12;1;3
37019;Barrou;24;37;0;0;0;0;0;0;0;0;0;0;0;0;0;0;0;0;0;0;1;0;2;0;1;0;2;2;0;0;2;0;1;0;0;1;0;0;0
37020;Beaulieu-lès-Loches;24;37;0;0;0;0;0;0;0;0;0;0;0;1;0;0;0;0;0;0;0;1;1;0;0;1;3;3;2;3;1;0;3;0;0;2;2;0;1
37021;Beaumont-la-Ronce;24;37;0;0;0;0;0;0;0;0;0;0;0;0;0;0;0;0;0;0;0;1;1;0;0;0;0;5;2;1;1;1;1;0;0;1;1;0;0
37022;Beaumont-en-Véron;24;37;0;0;0;0;0;0;0;0;0;0;0;0;0;0;0;0;0;0;0;1;5;0;0;0;5;2;3;2;3;0;3;0;0;2;0;0;3
37023;Beaumont-Village;24;37;0;0;0;0;0;0;0;0;0;0;0;0;0;0;0;0;0;0;0;0;1;0;0;0;0;0;0;1;0;0;1;0;0;1;0;0;0
37024;Benais;24;37;0;0;0;0;0;0;0;0;0;0;0;0;0;0;0;0;1;1;0;0;2;0;0;0;3;2;1;1;4;0;1;0;0;2;0;0;0
37025;Berthenay;24;37;0;0;0;0;0;0;0;0;0;0;0;0;0;0;0;0;0;0;0;0;0;0;0;0;0;1;1;0;1;0;0;0;0;2;0;0;0
37026;Betz-le-Château;24;37;0;0;0;0;0;0;0;0;0;0;0;0;0;0;0;0;0;0;1;0;1;0;0;0;3;2;1;2;1;0;1;0;0;1;0;0;0
37027;Bléré;24;37;0;1;0;0;0;0;0;0;0;0;1;0;0;0;0;5;1;1;0;0;11;2;0;2;7;12;14;7;7;0;11;1;0;19;11;2;4
37028;Bossay-sur-Claise;24;37;0;0;0;0;0;0;0;0;0;0;0;0;0;0;0;0;0;0;0;1;3;0;0;0;0;2;1;1;0;0;1;0;0;1;2;0;1
37029;Bossée;24;37;0;0;0;0;0;0;0;0;0;0;0;0;0;0;0;0;0;0;0;0;1;0;0;0;0;0;3;0;1;0;0;0;0;1;0;0;0
37030;Le Boulay;24;37;0;0;0;0;0;0;0;0;0;0;0;0;0;0;0;0;0;0;0;0;1;0;0;0;0;0;1;1;1;0;0;0;0;1;0;0;0
37031;Bourgueil;24;37;0;1;0;0;0;0;0;0;0;0;1;0;0;0;0;7;2;1;0;0;6;2;0;2;1;8;5;7;2;1;8;2;1;16;8;2;3
37032;Bournan;24;37;0;0;0;0;0;0;0;0;0;0;0;0;0;0;0;0;0;0;0;0;0;0;0;0;0;0;2;0;1;0;0;0;0;0;0;0;0
37033;Boussay;24;37;0;0;0;0;0;0;0;0;0;0;0;0;0;0;0;0;0;0;0;0;0;0;0;0;2;2;0;0;0;0;0;0;0;1;0;0;0
37034;Braslou;24;37;0;0;0;0;0;0;0;0;0;0;0;0;0;0;0;0;0;0;0;0;0;0;0;0;1;0;5;1;0;0;0;0;0;1;1;0;0
37035;Braye-sous-Faye;24;37;0;0;0;0;0;0;0;0;0;0;0;0;0;0;0;0;0;0;0;0;0;0;0;0;4;2;1;1;0;0;0;0;0;1;0;0;0
37036;Braye-sur-Maulne;24;37;0;0;0;0;0;0;0;0;0;0;0;0;0;0;0;0;0;0;0;0;0;0;0;0;1;0;0;0;0;0;0;0;0;0;0;0;0
37037;Brèches;24;37;0;0;0;0;0;0;0;0;0;0;0;0;0;0;0;0;0;0;0;0;0;0;0;0;0;1;0;0;0;0;0;0;0;1;0;0;0
37038;Bréhémont;24;37;0;0;0;0;0;0;0;0;0;0;0;0;0;0;0;1;0;0;0;1;0;0;0;0;0;1;1;1;0;0;0;0;0;0;0;0;0
37039;Bridoré;24;37;0;0;0;0;0;0;0;0;0;0;0;0;0;0;0;0;0;0;0;1;0;0;0;0;0;1;4;0;0;0;1;0;0;1;0;0;1
37040;Brizay;24;37;0;0;0;0;0;0;0;0;0;0;0;0;0;0;0;0;0;0;0;0;0;0;0;0;0;0;1;0;0;0;0;0;0;0;0;0;0
37041;Bueil-en-Touraine;24;37;0;0;0;0;0;0;0;0;0;0;0;0;0;0;0;0;0;0;0;1;0;0;0;0;0;1;0;0;0;0;0;0;0;0;0;0;1
37042;Candes-Saint-Martin;24;37;0;0;0;0;0;0;0;0;0;0;0;0;0;0;0;0;0;0;1;0;0;0;0;0;0;0;1;0;0;0;1;0;0;2;0;0;1
37043;Cangey;24;37;0;0;0;0;0;0;0;0;0;0;0;0;0;0;0;0;0;0;1;0;0;0;0;0;1;6;5;1;5;0;0;0;0;0;0;0;0
37044;La Celle-Guenand;24;37;0;0;0;0;0;0;0;0;0;0;0;0;0;0;0;0;0;0;1;0;0;0;0;0;1;0;2;1;1;0;0;0;0;0;0;0;0
37045;La Celle-Saint-Avant;24;37;0;0;0;0;0;0;0;0;0;0;0;0;0;0;0;0;0;0;0;1;3;0;1;0;4;2;2;5;1;0;1;0;0;2;0;0;0
37046;Céré-la-Ronde;24;37;0;0;0;0;0;0;0;0;0;0;0;0;0;0;0;0;0;0;0;1;2;0;0;0;0;0;0;0;0;0;3;0;0;2;1;0;0
37047;Cerelles;24;37;0;0;0;0;0;0;0;0;0;0;0;0;0;0;0;0;0;0;0;1;0;0;0;0;1;1;3;2;2;0;0;0;0;1;3;0;1
37048;Chambon;24;37;0;0;0;0;0;0;0;0;0;0;0;0;0;0;0;0;0;0;0;0;1;0;0;0;3;0;1;1;0;0;0;0;0;1;1;0;0
37049;Chambourg-sur-Indre;24;37;0;0;0;0;0;0;0;0;0;0;0;0;0;0;0;0;0;0;1;0;1;0;0;0;2;1;2;3;4;0;2;0;0;0;0;0;1
37050;Chambray-lès-Tours;24;37;0;1;0;0;0;0;0;0;0;0;0;0;0;0;0;12;2;1;1;0;34;2;6;2;8;16;19;20;13;9;16;2;1;29;13;3;9
37051;Champigny-sur-Veude;24;37;0;0;0;0;0;0;0;0;0;0;0;0;0;0;0;0;0;0;1;0;1;0;0;0;3;1;3;3;1;0;2;0;0;3;1;0;0
37052;Chançay;24;37;0;0;0;0;0;0;0;0;0;0;0;0;0;0;0;0;0;1;0;0;3;0;0;0;1;0;1;1;2;0;0;0;0;1;0;0;1
37053;Chanceaux-près-Loches;24;37;0;0;0;0;0;0;0;0;0;0;0;0;0;0;0;0;0;0;0;0;0;0;0;0;0;0;0;0;0;0;1;0;0;0;0;0;0
37054;Chanceaux-sur-Choisille;24;37;0;0;0;0;0;0;0;0;0;0;0;0;0;0;0;0;0;1;0;0;4;0;0;1;2;8;3;5;2;0;5;0;1;5;3;0;2
37055;Channay-sur-Lathan;24;37;0;0;0;0;0;0;0;0;0;0;0;0;0;0;0;0;0;0;0;1;2;0;0;1;1;3;2;0;0;0;2;0;0;0;0;0;0
37056;La Chapelle-aux-Naux;24;37;0;0;0;0;0;0;0;0;0;0;0;0;0;0;0;0;0;0;0;0;0;0;0;0;0;0;1;2;0;0;0;0;0;2;0;0;0
37057;La Chapelle-Blanche-Saint-Martin;24;37;0;0;0;0;0;0;0;0;0;0;0;0;0;0;0;0;0;0;1;0;1;0;0;0;0;0;2;5;1;0;0;0;0;0;0;0;0
37058;La Chapelle-sur-Loire;24;37;0;0;0;0;0;0;0;0;0;0;0;0;0;0;0;0;0;0;0;1;2;0;0;0;3;5;1;8;2;0;0;0;0;2;0;0;0
37059;Charentilly;24;37;0;0;0;0;0;0;0;0;0;0;0;0;0;0;0;0;0;0;0;1;2;0;0;0;1;1;5;6;1;0;0;0;0;2;0;0;0
37060;Chargé;24;37;0;0;0;0;0;0;0;0;0;0;0;0;0;0;0;0;0;0;0;1;1;0;0;0;4;1;4;6;2;0;1;0;0;1;1;0;0
37061;Charnizay;24;37;0;0;0;0;0;0;0;0;0;0;0;0;0;0;0;0;0;0;0;1;1;0;0;0;0;1;0;2;1;0;1;0;0;3;1;0;0
37062;Château-la-Vallière;24;37;0;1;0;0;0;0;0;0;0;0;0;0;0;0;0;3;0;1;0;0;4;1;1;1;3;1;1;2;3;0;4;3;0;7;2;0;0
37063;Château-Renault;24;37;0;1;0;0;0;0;0;0;0;0;1;1;0;0;0;6;0;1;0;0;11;2;0;3;4;5;9;3;4;2;9;1;1;11;8;2;2
37064;Chaumussay;24;37;0;0;0;0;0;0;0;0;0;0;0;0;0;0;0;0;0;0;0;1;0;0;0;0;0;1;0;2;1;0;0;0;0;0;0;0;0
37065;Chaveignes;24;37;0;0;0;0;0;0;0;0;0;0;0;0;0;0;0;0;0;0;0;0;2;1;0;0;2;0;3;2;0;0;1;0;0;3;0;0;1
37066;Chédigny;24;37;0;0;0;0;0;0;0;0;0;0;0;0;0;0;0;0;0;0;1;0;0;0;0;0;0;2;2;1;2;0;1;0;0;2;1;0;0
37067;Cheillé;24;37;0;0;0;0;0;0;0;0;0;0;0;0;0;0;0;0;1;0;0;0;1;0;0;0;4;3;3;2;2;0;3;0;0;1;2;0;1
37068;Chemillé-sur-Dême;24;37;0;0;0;0;0;0;0;0;0;0;0;0;0;0;0;1;0;0;0;1;2;0;0;0;1;1;2;2;0;0;1;0;0;1;1;0;0
37069;Chemillé-sur-Indrois;24;37;0;0;0;0;0;0;0;0;0;0;0;0;0;0;0;0;0;0;0;0;0;0;0;0;0;1;0;0;0;0;0;0;0;3;0;0;0
37070;Chenonceaux;24;37;0;0;0;0;0;0;0;0;0;0;0;0;0;0;0;0;0;0;0;1;0;0;0;0;3;0;0;0;1;1;0;0;0;2;0;0;0
37071;Chezelles;24;37;0;0;0;0;0;0;0;0;0;0;0;0;0;0;0;0;0;0;0;0;0;0;0;0;0;0;0;0;0;0;0;0;0;0;0;0;0
37072;Chinon;24;37;0;1;0;0;0;0;0;0;0;0;5;1;0;0;0;8;2;2;0;0;19;3;0;3;9;7;9;7;3;4;14;1;7;41;12;2;4
37073;Chisseaux;24;37;0;0;0;0;0;0;0;0;0;0;0;0;0;0;0;0;0;0;1;0;0;0;0;0;3;0;0;3;0;0;1;0;0;1;0;0;1
37074;Chouzé-sur-Loire;24;37;0;0;0;0;0;0;0;0;0;0;0;0;0;0;0;0;0;1;0;1;3;0;0;0;3;5;3;3;1;0;3;0;0;4;0;0;0
37075;Cigogné;24;37;0;0;0;0;0;0;0;0;0;0;0;0;0;0;0;0;0;0;0;0;0;0;0;0;0;1;1;1;0;0;0;0;0;2;0;0;0
37076;Cinais;24;37;0;0;0;0;0;0;0;0;0;0;0;0;0;0;0;0;0;0;0;0;0;0;0;0;1;3;0;1;1;0;0;0;0;1;0;0;2
37077;Cinq-Mars-la-Pile;24;37;0;0;0;0;0;0;0;0;0;0;0;0;0;0;0;0;0;1;0;0;5;0;0;1;4;5;7;7;2;0;2;0;0;1;2;0;3
37078;Ciran;24;37;0;0;0;0;0;0;0;0;0;0;0;0;0;0;0;0;0;0;0;0;0;0;0;0;1;0;1;0;0;0;0;0;0;1;1;0;0
37079;Civray-de-Touraine;24;37;0;0;0;0;0;0;0;0;0;0;0;0;0;0;0;0;0;1;0;0;3;0;0;0;3;9;0;4;3;0;2;0;0;0;1;0;3
37080;Civray-sur-Esves;24;37;0;0;0;0;0;0;0;0;0;0;0;0;0;0;0;0;0;0;0;0;0;0;0;0;0;0;0;0;0;0;1;0;0;0;0;0;0
37081;Cléré-les-Pins;24;37;0;0;0;0;0;0;0;0;0;0;0;0;0;0;0;0;0;0;1;0;1;0;0;0;1;0;3;2;5;0;4;0;0;2;5;0;1
37082;Continvoir;24;37;0;0;0;0;0;0;0;0;0;0;0;0;0;0;0;0;0;0;0;0;0;0;0;0;0;2;1;2;0;0;1;0;0;2;0;0;0
37083;Cormery;24;37;0;1;0;0;0;0;0;0;0;0;0;0;0;0;0;2;0;0;0;1;2;0;0;1;0;5;3;0;1;0;3;0;0;5;3;0;2
37084;Couesmes;24;37;0;0;0;0;0;0;0;0;0;0;0;0;0;0;0;0;1;0;0;0;0;0;0;0;1;1;2;2;1;0;0;0;0;0;0;0;0
37085;Courçay;24;37;0;0;0;0;0;0;0;0;0;0;0;0;0;0;0;0;0;0;1;0;2;0;0;0;0;2;2;3;1;0;0;0;0;3;0;0;3
37086;Courcelles-de-Touraine;24;37;0;0;0;0;0;0;0;0;0;0;0;0;0;0;0;0;0;0;0;0;2;0;0;0;1;0;2;3;0;0;0;0;0;1;0;0;0
37087;Courcoué;24;37;0;0;0;0;0;0;0;0;0;0;0;0;0;0;0;0;0;0;0;0;0;0;0;0;2;0;3;1;1;0;0;0;0;0;0;0;0
37088;Couziers;24;37;0;0;0;0;0;0;0;0;0;0;0;0;0;0;0;0;0;0;0;0;0;0;0;0;0;0;0;0;0;0;0;0;0;0;0;0;0
37089;Cravant-les-Côteaux;24;37;0;0;0;0;0;0;0;0;0;0;0;0;0;0;0;0;0;0;0;1;3;0;0;0;0;1;2;2;0;0;0;0;0;1;1;0;0
37090;Crissay-sur-Manse;24;37;0;0;0;0;0;0;0;0;0;0;0;0;0;0;0;0;0;0;0;0;0;0;0;0;0;0;0;0;0;0;1;0;0;1;0;0;0
37091;La Croix-en-Touraine;24;37;0;0;0;0;0;0;0;0;0;0;0;0;0;0;0;0;0;0;1;0;4;0;0;1;1;4;2;5;2;0;3;0;0;2;0;0;1
37092;Crotelles;24;37;0;0;0;0;0;0;0;0;0;0;0;0;0;0;0;0;0;0;0;0;2;0;0;0;0;1;0;0;0;1;0;0;0;1;0;0;0
37093;Crouzilles;24;37;0;0;0;0;0;0;0;0;0;0;0;0;0;0;0;0;0;0;0;0;2;0;0;0;1;0;2;1;2;0;0;0;0;2;1;0;0
37094;Cussay;24;37;0;0;0;0;0;0;0;0;0;0;0;0;0;0;0;0;0;0;0;1;0;0;0;0;4;0;1;0;0;0;0;0;0;0;0;0;0
37095;Dame-Marie-les-Bois;24;37;0;0;0;0;0;0;0;0;0;0;0;0;0;0;0;0;0;0;1;0;0;0;0;0;0;0;2;0;1;0;0;0;0;0;1;0;0
37096;Dierre;24;37;0;0;0;0;0;0;0;0;0;0;0;0;0;0;0;0;0;0;0;0;1;0;0;0;1;0;0;0;0;0;0;0;0;2;1;0;2
37097;Dolus-le-Sec;24;37;0;0;0;0;0;0;0;0;0;0;0;0;0;0;0;1;0;0;0;1;0;0;0;0;1;2;1;2;1;0;1;1;0;0;0;0;0
37098;Draché;24;37;0;0;0;0;0;0;0;0;0;0;0;0;0;0;0;0;0;0;0;1;3;0;0;0;1;1;2;2;2;1;1;0;0;1;0;0;1
37099;Druye;24;37;0;0;0;0;0;0;0;0;0;0;0;0;0;0;0;0;0;0;0;1;0;0;0;0;0;4;2;1;3;0;3;0;0;1;0;0;0
37100;Épeigné-les-Bois;24;37;0;0;0;0;0;0;0;0;0;0;0;0;0;0;0;0;0;0;0;1;0;0;0;0;1;0;1;0;0;0;0;0;0;0;0;0;1
37101;Épeigné-sur-Dême;24;37;0;0;0;0;0;0;0;0;0;0;0;0;0;0;0;0;0;0;0;0;0;0;0;0;1;0;0;0;0;0;0;0;0;0;0;0;0
37102;Les Essards;24;37;0;0;0;0;0;0;0;0;0;0;0;0;0;0;0;0;0;0;0;0;0;0;0;0;1;0;0;0;0;0;0;0;0;0;0;0;0
37103;Esves-le-Moutier;24;37;0;0;0;0;0;0;0;0;0;0;0;0;0;0;0;0;0;0;0;0;0;0;0;0;0;1;0;0;0;0;0;0;0;0;0;0;0
37104;Esvres;24;37;0;0;0;0;0;0;0;0;0;0;0;0;0;0;0;2;2;1;0;0;8;3;0;1;6;9;16;14;5;1;5;1;0;8;2;0;2
37105;Faye-la-Vineuse;24;37;0;0;0;0;0;0;0;0;0;0;0;0;0;0;0;0;0;0;1;0;1;0;0;0;1;0;0;0;0;1;0;0;0;0;1;0;0
37106;La Ferrière;24;37;0;0;0;0;0;0;0;0;0;0;0;0;0;0;0;0;0;0;0;0;0;0;0;0;0;0;1;0;0;0;0;0;0;0;1;0;0
37107;Ferrière-Larçon;24;37;0;0;0;0;0;0;0;0;0;0;0;0;0;0;0;0;0;0;1;0;0;0;0;0;0;0;1;0;0;0;0;0;0;0;0;0;0
37108;Ferrière-sur-Beaulieu;24;37;0;0;0;0;0;0;0;0;0;0;0;0;0;0;0;0;0;0;0;0;0;0;0;0;3;1;2;0;1;0;0;0;0;0;0;0;1
37109;Fondettes;24;37;0;0;0;0;0;0;0;0;0;0;0;0;0;0;0;6;0;1;0;0;8;1;0;2;9;17;7;14;12;2;9;2;0;7;20;0;7
37110;Francueil;24;37;0;0;0;0;0;0;0;0;0;0;0;0;0;0;0;0;0;1;0;0;0;0;0;0;0;0;4;0;0;0;1;0;0;3;1;0;0
37111;Genillé;24;37;0;0;0;0;0;0;0;0;0;0;0;0;0;0;0;2;1;1;0;0;2;0;0;0;2;4;4;1;2;0;0;0;0;3;3;0;2
37112;Gizeux;24;37;0;0;0;0;0;0;0;0;0;0;0;0;0;0;0;0;0;0;0;1;0;0;0;0;1;0;1;1;0;0;1;0;0;0;0;0;0
37113;Le Grand-Pressigny;24;37;0;1;0;0;0;0;0;0;0;0;0;0;1;0;0;1;0;1;0;0;2;0;0;0;4;1;2;3;0;0;1;0;0;3;4;0;0
37114;La Guerche;24;37;0;0;0;0;0;0;0;0;0;0;0;0;0;0;0;0;0;0;0;0;0;0;0;0;0;0;0;0;0;0;0;0;0;0;0;0;0
37115;Descartes;24;37;0;1;0;0;0;0;0;0;0;0;1;0;0;0;0;4;2;1;0;1;6;2;0;1;4;4;4;5;5;0;6;1;0;13;7;0;2
37116;Les Hermites;24;37;0;0;0;0;0;0;0;0;0;0;0;0;0;0;0;0;0;0;0;1;0;0;0;0;0;0;1;2;0;0;1;0;0;1;0;0;0
37117;Hommes;24;37;0;0;0;0;0;0;0;0;0;0;0;0;0;0;0;0;0;0;0;1;3;0;0;0;3;0;2;4;1;0;0;0;0;1;0;0;0
37118;Huismes;24;37;0;0;0;0;0;0;0;0;0;0;0;0;0;0;0;0;0;0;0;1;2;0;0;0;2;1;4;1;2;0;2;0;0;2;0;0;1
37119;L'Île-Bouchard;24;37;0;1;0;0;0;0;0;0;0;0;0;0;0;0;0;2;0;1;0;0;3;1;0;1;2;3;5;2;1;1;3;0;0;5;2;1;1
37120;Ingrandes-de-Touraine;24;37;0;0;0;0;0;0;0;0;0;0;0;0;0;0;0;0;0;0;1;0;0;0;0;0;1;0;0;2;0;0;1;0;0;1;0;0;0
37121;Jaulnay;24;37;0;0;0;0;0;0;0;0;0;0;0;0;0;0;0;0;0;0;0;0;1;0;0;0;0;0;0;0;0;0;0;0;0;2;0;0;1
37122;Joué-lès-Tours;24;37;1;0;0;0;0;0;0;0;0;0;1;1;0;1;0;15;4;2;0;0;35;4;2;10;24;66;27;25;29;6;35;3;2;54;24;7;13
37123;Langeais;24;37;0;1;0;0;0;0;0;0;0;0;1;0;0;0;0;4;0;1;0;0;3;2;0;1;5;4;4;6;3;0;7;2;1;14;7;1;4
37124;Larçay;24;37;0;0;0;0;0;0;0;0;0;0;0;0;0;0;0;0;0;1;0;0;2;0;0;0;2;2;7;11;1;0;2;0;0;2;0;0;4
37125;Lémeré;24;37;0;0;0;0;0;0;0;0;0;0;0;0;0;0;0;0;0;0;0;0;0;0;0;0;1;1;2;0;0;0;0;0;0;1;1;0;0
37126;Lerné;24;37;0;0;0;0;0;0;0;0;0;0;0;0;0;0;0;0;0;0;0;1;0;0;0;0;0;1;0;0;0;0;0;0;0;1;0;0;0
37127;Le Liège;24;37;0;0;0;0;0;0;0;0;0;0;0;0;0;0;0;0;0;0;0;0;1;0;0;0;1;0;1;0;0;0;0;0;0;0;0;0;0
37128;Lignières-de-Touraine;24;37;0;0;0;0;0;0;0;0;0;0;0;0;0;0;0;0;0;0;0;1;5;0;0;0;0;4;1;2;3;0;2;0;0;1;0;0;1
37129;Ligré;24;37;0;0;0;0;0;0;0;0;0;0;0;0;0;0;0;0;0;0;0;1;1;0;0;0;2;2;2;1;0;0;1;0;0;0;0;0;0
37130;Ligueil;24;37;0;1;0;0;0;0;0;0;0;0;1;0;1;0;0;2;1;1;0;0;5;1;0;1;3;4;3;5;3;0;4;1;0;5;1;1;1
37131;Limeray;24;37;0;0;0;0;0;0;0;0;0;0;0;0;0;0;0;0;0;0;1;0;1;0;0;0;2;2;3;2;2;0;1;0;0;0;1;0;3
37132;Loches;24;37;0;1;0;0;0;0;0;0;0;0;4;0;0;0;0;7;3;1;0;0;8;2;0;3;7;7;12;6;5;3;12;5;3;33;11;2;4
37133;Loché-sur-Indrois;24;37;0;0;0;0;0;0;0;0;0;0;0;0;0;0;0;0;0;0;0;1;0;0;0;0;0;0;0;2;0;0;0;0;0;0;0;0;0
37134;Louans;24;37;0;0;0;0;0;0;0;0;0;0;0;0;0;0;0;0;0;0;0;1;2;0;0;0;1;0;3;0;1;0;0;2;0;0;0;0;0
37135;Louestault;24;37;0;0;0;0;0;0;0;0;0;0;0;0;0;0;0;0;0;0;0;0;0;0;0;0;1;2;2;0;0;0;0;0;0;0;1;0;0
37136;Le Louroux;24;37;0;0;0;0;0;0;0;0;0;0;0;0;0;0;0;0;0;0;0;1;0;0;0;0;0;0;3;0;0;0;0;0;0;1;0;0;0
37137;Lublé;24;37;0;0;0;0;0;0;0;0;0;0;0;0;0;0;0;0;0;0;0;0;0;0;0;0;0;0;0;0;1;0;0;0;0;0;1;0;0
37138;Lussault-sur-Loire;24;37;0;0;0;0;0;0;0;0;0;0;0;0;0;0;0;0;0;0;1;0;1;0;0;0;2;2;0;1;1;0;0;0;0;3;1;0;1
37139;Luynes;24;37;0;1;0;0;0;0;0;0;0;0;1;0;0;0;0;2;1;1;0;0;6;0;0;1;7;7;2;9;1;0;5;0;0;3;3;0;5
37140;Luzé;24;37;0;0;0;0;0;0;0;0;0;0;0;0;0;0;0;0;1;0;0;0;1;0;0;0;0;1;0;0;0;0;1;0;0;0;0;0;0
37141;Luzillé;24;37;0;0;0;0;0;0;0;0;0;0;0;0;0;0;0;0;0;0;1;0;0;0;0;0;1;2;1;1;0;0;1;0;0;0;1;0;0
37142;Maillé;24;37;0;0;0;0;0;0;0;0;0;0;0;0;0;0;0;0;0;0;0;1;0;0;0;0;1;0;3;1;0;0;0;0;0;1;0;0;0
37143;Manthelan;24;37;0;0;0;0;0;0;0;0;0;0;0;0;0;0;0;0;0;1;0;0;1;0;0;0;2;2;3;1;3;0;4;0;0;3;0;0;2
37144;Marçay;24;37;0;0;0;0;0;0;0;0;0;0;0;0;0;0;0;0;1;0;0;0;0;0;0;0;0;0;1;1;0;0;0;0;0;0;0;0;0
37145;Marcé-sur-Esves;24;37;0;0;0;0;0;0;0;0;0;0;0;0;0;0;0;0;0;0;0;0;0;0;0;0;0;0;0;1;0;0;0;0;0;1;0;0;0
37146;Marcilly-sur-Maulne;24;37;0;0;0;0;0;0;0;0;0;0;0;0;0;0;0;0;0;0;0;1;0;0;0;0;1;0;3;0;0;0;0;0;0;0;0;0;0
37147;Marcilly-sur-Vienne;24;37;0;0;0;0;0;0;0;0;0;0;0;0;0;0;0;0;0;0;0;1;1;0;0;0;0;0;1;0;1;0;2;0;0;0;0;0;0
37148;Marigny-Marmande;24;37;0;0;0;0;0;0;0;0;0;0;0;0;0;0;0;0;1;0;0;1;3;0;0;0;1;1;0;2;1;0;2;0;0;0;0;1;0
37149;Marray;24;37;0;0;0;0;0;0;0;0;0;0;0;0;0;0;0;1;1;0;0;1;1;0;0;0;0;2;1;2;0;0;0;0;0;0;0;0;0
37150;Mazières-de-Touraine;24;37;0;0;0;0;0;0;0;0;0;0;0;0;0;0;0;0;0;0;0;1;1;0;0;0;2;2;3;1;2;0;1;0;0;1;0;0;0
37151;La Membrolle-sur-Choisille;24;37;0;1;0;0;0;0;0;0;0;0;0;0;0;0;0;0;0;1;0;0;3;0;0;1;2;4;2;1;0;0;6;0;0;3;2;0;2
37152;Mettray;24;37;0;0;0;0;0;0;0;0;0;0;0;0;0;0;0;0;0;1;0;0;5;0;0;0;2;2;5;6;4;0;2;0;0;0;4;0;0
37153;Monnaie;24;37;0;1;0;0;0;0;0;0;0;0;0;0;0;0;0;2;0;1;0;0;9;0;0;2;3;8;10;9;5;1;5;2;0;8;6;0;4
37154;Montbazon;24;37;0;1;0;0;0;0;0;0;0;0;1;0;0;0;0;4;0;1;0;0;5;0;0;2;2;5;1;8;8;0;6;2;0;10;9;0;1
37155;Monthodon;24;37;0;0;0;0;0;0;0;0;0;0;0;0;0;0;0;0;0;0;0;1;1;0;0;0;1;0;2;4;1;0;0;0;0;0;1;0;0
37156;Montlouis-sur-Loire;24;37;0;1;0;0;0;0;0;0;0;0;0;0;0;0;0;8;0;1;0;0;8;3;0;2;9;24;11;16;6;2;12;2;1;18;20;2;3
37157;Montrésor;24;37;0;1;0;0;0;0;0;0;0;0;0;0;0;0;0;1;0;1;0;0;0;0;0;1;3;1;2;0;0;0;2;0;0;2;0;0;0
37158;Montreuil-en-Touraine;24;37;0;0;0;0;0;0;0;0;0;0;0;0;0;0;0;0;0;0;0;1;2;0;0;0;0;0;0;3;0;0;1;0;0;0;2;0;0
37159;Monts;24;37;0;0;0;0;0;0;0;0;0;0;0;0;0;0;0;1;0;1;0;0;11;1;0;3;5;15;13;12;9;1;7;1;0;8;6;0;9
37160;Morand;24;37;0;0;0;0;0;0;0;0;0;0;0;0;0;0;0;0;0;0;0;0;1;0;0;0;0;0;3;0;2;0;0;0;0;1;0;0;0
37161;Mosnes;24;37;0;0;0;0;0;0;0;0;0;0;0;0;0;0;0;0;0;0;1;0;0;0;0;0;1;2;1;4;2;0;1;0;0;2;1;0;0
37162;Mouzay;24;37;0;0;0;0;0;0;0;0;0;0;0;0;0;0;0;0;0;0;0;0;1;0;0;0;1;0;1;0;0;0;0;0;0;0;0;0;0
37163;Nazelles-Négron;24;37;0;0;0;0;0;0;0;0;0;0;0;0;0;0;0;1;0;1;0;0;7;1;0;0;9;12;13;3;5;0;4;4;0;4;3;0;2
37165;Neuil;24;37;0;0;0;0;0;0;0;0;0;0;0;0;0;0;0;0;0;0;0;0;1;0;0;0;0;1;0;0;1;0;0;0;0;0;0;0;0
37166;Neuillé-le-Lierre;24;37;0;0;0;0;0;0;0;0;0;0;0;0;0;0;0;0;0;0;0;1;1;0;0;0;2;4;1;1;0;1;2;0;0;1;0;0;1
37167;Neuillé-Pont-Pierre;24;37;0;1;0;0;0;0;0;0;0;0;1;0;0;0;0;1;1;1;0;0;9;1;0;1;3;5;2;4;2;0;3;1;0;3;1;1;1
37168;Neuilly-le-Brignon;24;37;0;0;0;0;0;0;0;0;0;0;0;0;0;0;0;0;0;0;0;1;0;0;0;0;2;1;1;0;1;0;0;0;0;0;0;0;0
37169;Neuville-sur-Brenne;24;37;0;0;0;0;0;0;0;0;0;0;0;0;0;0;0;0;1;0;0;0;1;0;0;0;0;3;1;0;1;1;0;0;0;0;0;0;0
37170;Neuvy-le-Roi;24;37;0;1;0;0;0;0;0;0;0;0;0;0;0;0;0;1;0;1;0;0;1;0;0;0;2;4;0;3;1;0;1;1;0;3;2;1;1
37171;Noizay;24;37;0;0;0;0;0;0;0;0;0;0;0;0;0;0;0;0;0;0;1;0;3;0;0;0;2;3;4;5;1;0;3;0;0;2;1;0;0
37172;Notre-Dame-d'Oé;24;37;0;0;0;0;0;0;0;0;0;0;0;0;0;0;0;1;0;1;0;0;5;3;0;3;3;9;2;12;4;0;2;0;0;3;3;0;3
37173;Nouans-les-Fontaines;24;37;0;0;0;0;0;0;0;0;0;0;0;0;0;0;0;1;1;0;0;1;3;0;0;1;0;0;1;0;0;0;2;0;0;2;0;0;0
37174;Nouâtre;24;37;0;0;0;0;0;0;0;0;0;0;0;0;0;0;0;1;0;1;0;0;0;0;0;0;1;3;1;1;0;0;1;0;0;2;0;0;1
37175;Nouzilly;24;37;0;0;0;0;0;0;0;0;0;0;0;0;0;0;0;0;0;0;0;1;0;0;0;0;0;0;0;2;0;0;1;0;0;1;0;0;1
37176;Noyant-de-Touraine;24;37;0;0;0;0;0;0;0;0;0;0;0;0;0;0;0;0;0;0;0;0;2;0;0;0;1;5;2;1;2;0;1;0;0;3;0;0;1
37177;Orbigny;24;37;0;0;0;0;0;0;0;0;0;0;0;0;0;0;0;0;0;0;0;1;2;0;0;0;0;1;0;0;1;0;1;0;0;0;3;0;0
37178;Panzoult;24;37;0;0;0;0;0;0;0;0;0;0;1;0;0;0;0;0;0;0;0;0;3;0;0;0;0;0;0;0;0;0;0;0;0;0;0;0;0
37179;Parçay-Meslay;24;37;0;0;0;0;0;0;0;0;0;0;0;0;0;0;0;0;0;1;0;0;18;0;4;3;2;3;7;5;6;1;4;0;0;7;0;0;0
37180;Parçay-sur-Vienne;24;37;0;0;0;0;0;0;0;0;0;0;0;0;0;0;0;0;0;0;0;0;1;0;0;0;1;2;5;1;2;0;0;0;0;0;0;0;1
37181;Paulmy;24;37;0;0;0;0;0;0;0;0;0;0;0;0;0;0;0;0;0;0;0;0;0;0;0;0;1;1;1;1;0;0;0;0;0;0;0;0;0
37182;Pernay;24;37;0;0;0;0;0;0;0;0;0;0;0;0;0;0;0;0;1;0;1;0;1;0;0;0;2;1;2;2;0;0;1;0;0;1;1;0;3
37183;Perrusson;24;37;0;0;0;0;0;0;0;0;0;0;0;0;0;0;0;0;0;1;0;0;6;0;0;0;3;2;4;2;1;0;3;0;0;2;0;1;2
37184;Le Petit-Pressigny;24;37;0;0;0;0;0;0;0;0;0;0;0;0;0;0;0;0;0;0;0;1;0;0;0;0;1;0;1;0;1;0;0;0;0;2;0;0;0
37185;Pocé-sur-Cisse;24;37;0;0;0;0;0;0;0;0;0;0;0;0;0;0;0;1;0;1;0;0;3;1;0;0;0;1;4;2;0;0;3;2;0;3;1;2;2
37186;Pont-de-Ruan;24;37;0;0;0;0;0;0;0;0;0;0;0;0;0;0;0;0;0;0;0;1;1;0;0;0;1;0;1;1;3;0;1;0;0;2;0;0;0
37187;Ports;24;37;0;0;0;0;0;0;0;0;0;0;0;0;0;0;0;0;0;0;0;0;0;0;0;0;0;0;1;0;0;0;0;0;0;1;0;0;0
37188;Pouzay;24;37;0;0;0;0;0;0;0;0;0;0;0;0;0;0;0;0;0;1;0;0;2;0;0;0;1;2;1;1;0;0;2;0;0;4;0;0;0
37189;Preuilly-sur-Claise;24;37;0;1;0;0;0;0;0;0;0;0;0;0;1;0;0;2;1;1;0;0;3;0;0;0;0;3;2;3;3;0;4;1;0;1;2;0;1
37190;Pussigny;24;37;0;0;0;0;0;0;0;0;0;0;0;0;0;0;0;0;0;0;0;0;0;0;0;0;1;0;1;0;0;0;0;0;0;0;0;0;0
37191;Razines;24;37;0;0;0;0;0;0;0;0;0;0;0;0;0;0;0;0;0;0;0;0;0;0;0;0;0;1;0;0;0;0;0;0;0;1;0;0;0
37192;Reignac-sur-Indre;24;37;0;0;0;0;0;0;0;0;0;0;0;0;0;0;0;0;0;1;0;0;3;0;0;0;1;1;4;2;3;0;1;0;0;2;2;0;0
37193;Restigné;24;37;0;0;0;0;0;0;0;0;0;0;0;0;0;0;0;0;0;1;0;0;2;0;0;0;2;1;0;2;1;0;4;0;0;0;0;0;2
37194;Reugny;24;37;0;0;0;0;0;0;0;0;0;0;0;0;0;0;0;0;0;1;0;0;3;0;0;0;3;1;2;3;4;0;2;0;0;3;4;0;0
37195;La Riche;24;37;0;0;0;0;0;0;0;0;0;0;0;0;0;0;0;7;0;1;0;0;12;2;1;1;14;14;4;14;13;2;13;1;0;14;13;3;4
37196;Richelieu;24;37;0;1;0;0;0;0;0;0;0;0;0;0;0;0;0;3;0;1;0;0;4;0;0;1;6;3;2;1;2;0;3;0;0;12;0;1;1
37197;Rigny-Ussé;24;37;0;0;0;0;0;0;0;0;0;0;0;0;0;0;0;0;0;0;0;1;0;0;0;0;1;0;1;0;0;0;0;0;0;2;0;0;0
37198;Rillé;24;37;0;0;0;0;0;0;0;0;0;0;0;0;0;0;0;0;0;0;0;1;1;0;0;0;0;0;1;2;1;0;0;0;0;1;0;0;0
37199;Rilly-sur-Vienne;24;37;0;0;0;0;0;0;0;0;0;0;0;0;0;0;0;0;0;0;0;1;1;0;0;0;0;0;3;0;2;0;0;0;0;1;0;0;0
37200;Rivarennes;24;37;0;0;0;0;0;0;0;0;0;0;0;0;0;0;0;0;0;1;0;0;0;0;0;0;1;0;1;4;4;0;1;0;0;1;1;0;0
37201;Rivière;24;37;0;0;0;0;0;0;0;0;0;0;0;0;0;0;0;0;0;0;0;0;2;0;0;0;1;0;3;2;0;0;0;0;0;1;0;0;0
37202;La Roche-Clermault;24;37;0;0;0;0;0;0;0;0;0;0;0;0;0;0;0;0;0;0;0;0;1;0;0;0;2;1;1;1;3;0;0;0;0;0;1;0;0
37203;Rochecorbon;24;37;0;0;0;0;0;0;0;0;0;0;0;0;0;0;0;1;0;1;0;0;6;0;0;0;4;6;9;6;7;1;3;0;0;6;7;0;4
37204;Rouziers-de-Touraine;24;37;0;0;0;0;0;0;0;0;0;0;0;0;0;0;0;0;0;0;0;1;2;0;0;0;3;2;4;2;1;0;2;0;0;1;1;0;0
37205;Saché;24;37;0;0;0;0;0;0;0;0;0;0;0;0;0;0;0;0;0;0;0;1;2;0;0;0;1;4;1;4;2;1;2;0;0;3;0;0;1
37206;Saint-Antoine-du-Rocher;24;37;0;0;0;0;0;0;0;0;0;0;0;0;0;0;0;0;0;0;0;1;3;0;0;1;2;2;5;1;3;0;1;0;0;1;1;0;0
37207;Saint-Aubin-le-Dépeint;24;37;0;0;0;0;0;0;0;0;0;0;0;0;0;0;0;0;0;0;1;0;1;0;0;0;0;0;2;2;1;0;0;1;0;1;0;0;0
37208;Saint-Avertin;24;37;0;0;0;0;0;0;0;0;0;0;0;0;0;0;0;11;1;1;1;0;18;2;3;2;6;28;13;13;19;7;18;3;2;16;28;2;6
37209;Saint-Bauld;24;37;0;0;0;0;0;0;0;0;0;0;0;0;0;0;0;0;0;0;0;0;0;0;0;0;0;0;1;0;0;0;0;0;0;0;0;0;0
37210;Saint-Benoît-la-Forêt;24;37;0;0;0;0;0;0;0;0;0;0;0;0;0;0;0;0;0;0;0;1;0;0;0;0;0;1;1;0;0;0;0;0;0;0;1;0;0
37211;Saint-Branchs;24;37;0;0;0;0;0;0;0;0;0;0;0;0;0;0;0;1;0;1;0;0;2;0;0;1;4;3;2;7;5;0;6;0;0;1;3;1;0
37212;Sainte-Catherine-de-Fierbois;24;37;0;0;0;0;0;0;0;0;0;0;0;0;0;0;0;0;0;0;1;0;0;0;0;0;4;1;1;2;1;0;1;0;0;1;0;0;0
37213;Saint-Christophe-sur-le-Nais;24;37;0;0;0;0;0;0;0;0;0;0;0;0;0;0;0;0;0;0;0;1;1;0;0;0;2;3;1;1;0;0;1;0;0;0;0;0;1
37214;Saint-Cyr-sur-Loire;24;37;0;0;0;0;0;0;0;0;0;0;0;1;0;0;0;9;3;1;0;0;12;2;4;3;4;11;9;13;10;6;17;3;2;16;31;2;12
37216;Saint-Épain;24;37;0;0;0;0;0;0;0;0;0;0;0;0;0;0;0;0;0;0;0;1;2;0;0;0;1;3;2;3;4;0;2;0;0;1;0;0;0
37217;Saint-Étienne-de-Chigny;24;37;0;0;0;0;0;0;0;0;0;0;0;0;0;0;0;0;0;0;1;0;0;0;0;0;0;1;3;3;3;0;1;0;0;1;1;0;0
37218;Saint-Flovier;24;37;0;0;0;0;0;0;0;0;0;0;0;0;0;0;0;0;0;1;0;0;2;0;0;0;0;1;4;2;0;0;2;0;0;0;0;0;0
37219;Saint-Genouph;24;37;0;0;0;0;0;0;0;0;0;0;0;0;0;0;0;0;0;0;0;0;2;0;0;0;5;4;1;5;0;0;2;0;0;0;0;0;1
37220;Saint-Germain-sur-Vienne;24;37;0;0;0;0;0;0;0;0;0;0;0;0;0;0;0;0;0;0;0;1;0;0;0;0;0;0;1;1;1;0;0;0;0;0;0;0;0
37221;Saint-Hippolyte;24;37;0;0;0;0;0;0;0;0;0;0;0;0;0;0;0;0;0;0;0;1;1;0;0;0;3;0;0;3;0;1;0;0;0;0;1;0;0
37222;Saint-Jean-Saint-Germain;24;37;0;0;0;0;0;0;0;0;0;0;0;0;0;0;0;0;0;0;0;0;0;0;0;0;1;0;3;0;0;0;1;0;0;1;0;0;0
37223;Saint-Laurent-de-Lin;24;37;0;0;0;0;0;0;0;0;0;0;0;0;0;0;0;0;0;0;0;0;0;0;0;0;2;1;2;1;0;0;0;1;0;0;0;0;0
37224;Saint-Laurent-en-Gâtines;24;37;0;0;0;0;0;0;0;0;0;0;0;0;0;0;0;0;0;0;0;1;1;0;0;0;2;1;2;1;0;0;3;0;0;4;0;0;3
37225;Saint-Martin-le-Beau;24;37;0;0;0;0;0;0;0;0;0;0;0;0;0;0;0;0;0;1;0;0;1;0;0;0;0;9;8;6;4;0;4;0;0;2;2;0;3
37226;Sainte-Maure-de-Touraine;24;37;0;1;0;0;0;0;0;0;0;0;1;0;0;0;0;4;1;1;0;0;9;2;0;2;4;7;5;3;5;2;9;2;0;13;6;2;4
37227;Saint-Michel-sur-Loire;24;37;0;0;0;0;0;0;0;0;0;0;0;0;0;0;0;0;0;0;0;1;0;0;0;0;1;1;1;2;0;0;1;0;0;1;0;0;1
37228;Saint-Nicolas-de-Bourgueil;24;37;0;0;0;0;0;0;0;0;0;0;0;0;0;0;0;0;0;1;0;0;4;0;0;0;2;2;1;3;1;0;2;0;0;2;0;0;2
37229;Saint-Nicolas-des-Motets;24;37;0;0;0;0;0;0;0;0;0;0;0;0;0;0;0;0;0;0;0;0;1;0;0;0;1;0;2;0;0;0;0;0;0;1;0;0;0
37230;Saint-Ouen-les-Vignes;24;37;0;0;0;0;0;0;0;0;0;0;0;0;0;0;0;0;0;0;1;0;1;0;0;0;3;0;1;3;2;0;0;0;0;0;1;0;1
37231;Saint-Paterne-Racan;24;37;0;0;0;0;0;0;0;0;0;0;0;0;0;0;0;2;0;1;0;0;4;0;0;0;2;6;7;4;1;0;2;0;0;3;1;0;1
37232;Saint-Patrice;24;37;0;0;0;0;0;0;0;0;0;0;0;0;0;0;0;0;0;0;1;0;1;0;0;0;0;3;0;0;2;0;0;0;0;1;0;0;0
37233;Saint-Pierre-des-Corps;24;37;1;0;0;0;0;0;0;0;0;0;1;1;0;0;0;10;1;2;0;0;24;2;5;2;13;38;16;20;11;5;19;2;0;38;8;3;7
37234;Saint-Quentin-sur-Indrois;24;37;0;0;0;0;0;0;0;0;0;0;0;0;0;0;0;0;0;0;0;0;0;0;0;0;2;2;0;0;0;0;0;0;0;1;1;0;0
37236;Saint-Règle;24;37;0;0;0;0;0;0;0;0;0;0;0;0;0;0;0;0;0;0;0;0;0;0;0;0;0;1;1;0;1;0;1;0;0;0;1;0;0
37237;Saint-Roch;24;37;0;0;0;0;0;0;0;0;0;0;0;0;0;0;0;0;0;0;0;0;1;0;0;0;1;4;2;3;4;0;2;0;0;2;1;1;0
37238;Saint-Senoch;24;37;0;0;0;0;0;0;0;0;0;0;0;0;0;0;0;0;0;0;0;1;1;0;0;0;2;3;2;1;1;0;0;0;0;1;0;0;0
37240;Saunay;24;37;0;0;0;0;0;0;0;0;0;0;0;0;0;0;0;0;0;0;0;0;0;0;0;0;0;0;0;1;0;0;0;0;0;0;1;0;0
37241;Savigné-sur-Lathan;24;37;0;1;0;0;0;0;0;0;0;0;0;0;0;0;0;1;0;1;0;0;6;0;0;1;3;0;2;2;3;0;1;1;0;1;1;0;1
37242;Savigny-en-Véron;24;37;0;0;0;0;0;0;0;0;0;0;0;0;0;0;0;0;1;0;1;0;1;0;0;0;1;2;6;3;3;0;1;0;0;1;0;0;0
37243;Savonnières;24;37;0;0;0;0;0;0;0;0;0;0;0;0;0;0;0;0;0;1;0;0;2;0;0;1;12;2;5;5;3;1;3;1;0;7;7;0;0
37244;Sazilly;24;37;0;0;0;0;0;0;0;0;0;0;0;0;0;0;0;0;0;0;0;0;1;0;0;0;0;1;0;0;0;0;1;0;0;2;0;0;0
37245;Semblançay;24;37;0;0;0;0;0;0;0;0;0;0;0;0;0;0;0;0;0;1;0;0;2;0;0;0;3;3;1;6;0;0;2;0;0;2;1;0;1
37246;Sennevières;24;37;0;0;0;0;0;0;0;0;0;0;0;0;0;0;0;0;0;0;0;0;1;0;0;0;2;0;1;0;1;0;0;0;0;0;0;0;0
37247;Sepmes;24;37;0;0;0;0;0;0;0;0;0;0;0;0;0;0;0;0;0;0;0;1;0;0;0;0;1;0;3;2;1;0;0;0;0;0;1;0;0
37248;Seuilly;24;37;0;0;0;0;0;0;0;0;0;0;0;0;0;0;0;0;0;0;0;0;0;0;0;0;0;1;0;0;0;0;0;0;0;2;0;0;0
37249;Sonzay;24;37;0;0;0;0;0;0;0;0;0;0;0;0;0;0;0;0;0;1;0;0;3;0;0;0;0;5;2;2;2;0;2;2;0;2;0;0;0
37250;Sorigny;24;37;0;0;0;0;0;0;0;0;0;0;0;0;0;0;0;0;0;1;0;0;4;1;0;1;6;3;4;3;5;0;2;0;1;4;3;0;2
37251;Souvigné;24;37;0;0;0;0;0;0;0;0;0;0;0;0;0;0;0;0;0;0;0;1;3;0;0;0;4;4;2;0;1;1;2;0;0;1;1;0;1
37252;Souvigny-de-Touraine;24;37;0;0;0;0;0;0;0;0;0;0;0;0;0;0;0;0;0;0;0;0;0;0;0;0;0;1;0;1;0;0;0;0;0;1;0;0;1
37253;Sublaines;24;37;0;0;0;0;0;0;0;0;0;0;0;0;0;0;0;0;0;0;0;0;0;0;0;0;1;0;1;1;0;0;0;0;0;1;0;0;0
37254;Tauxigny;24;37;0;0;0;0;0;0;0;0;0;0;0;0;0;0;0;0;0;0;0;1;3;0;0;0;4;2;4;3;2;0;2;0;0;2;0;0;0
37255;Tavant;24;37;0;0;0;0;0;0;0;0;0;0;0;0;0;0;0;0;0;0;0;0;0;0;0;0;1;0;0;0;0;0;0;0;0;0;0;0;0
37256;Theneuil;24;37;0;0;0;0;0;0;0;0;0;0;0;0;0;0;0;0;0;0;0;0;0;0;0;0;0;1;0;1;1;0;1;0;0;0;0;0;0
37257;Thilouze;24;37;0;0;0;0;0;0;0;0;0;0;0;0;0;0;0;0;0;0;0;1;4;0;0;0;5;5;1;4;4;0;4;0;0;1;0;0;2
37258;Thizay;24;37;0;0;0;0;0;0;0;0;0;0;0;0;0;0;0;0;0;0;0;0;0;0;0;0;0;1;1;0;0;0;0;0;0;1;0;0;0
37259;Tournon-Saint-Pierre;24;37;0;0;0;0;0;0;0;0;0;0;0;0;0;0;0;0;0;0;0;0;2;0;0;0;1;0;2;0;1;0;1;0;0;0;0;0;0
37260;La Tour-Saint-Gelin;24;37;0;0;0;0;0;0;0;0;0;0;0;0;0;0;0;0;0;0;0;1;1;0;0;0;2;1;1;0;1;0;0;0;0;0;0;0;0
37261;Tours;24;37;3;0;0;1;1;1;1;1;0;0;26;2;0;0;0;117;8;15;1;1;78;8;15;31;85;129;76;77;65;34;211;11;55;547;248;32;90
37262;Trogues;24;37;0;0;0;0;0;0;0;0;0;0;0;0;0;0;0;0;0;0;0;0;0;0;0;0;0;0;0;0;0;0;0;0;0;1;1;0;0
37263;Truyes;24;37;0;0;0;0;0;0;0;0;0;0;0;0;0;0;0;0;0;0;0;1;4;0;0;0;2;5;3;6;3;0;2;1;0;2;4;0;1
37264;Vallères;24;37;0;0;0;0;0;0;0;0;0;0;0;0;0;0;0;0;0;0;0;1;1;0;0;0;7;1;2;2;2;0;0;0;0;3;2;0;1
37265;Varennes;24;37;0;0;0;0;0;0;0;0;0;0;0;0;0;0;0;0;0;0;0;0;0;0;0;0;2;0;1;0;1;0;0;0;0;1;0;0;0
37266;Veigné;24;37;0;0;0;0;0;0;0;0;0;0;0;0;0;0;0;1;1;1;0;0;10;0;0;2;9;11;9;14;5;1;7;0;0;4;7;1;6
37267;Véretz;24;37;0;0;0;0;0;0;0;0;0;0;0;0;0;0;0;0;0;1;0;0;3;0;0;1;4;4;5;6;5;0;7;1;0;3;3;1;2
37268;Verneuil-le-Château;24;37;0;0;0;0;0;0;0;0;0;0;0;0;0;0;0;0;0;0;0;0;0;0;0;0;0;0;0;0;0;0;0;0;0;0;0;0;0
37269;Verneuil-sur-Indre;24;37;0;0;0;0;0;0;0;0;0;0;0;0;0;0;0;0;0;0;0;1;0;0;0;0;0;0;0;0;0;0;1;0;0;0;0;0;0
37270;Vernou-sur-Brenne;24;37;0;0;0;0;0;0;0;0;0;0;0;0;0;0;0;0;1;1;0;0;8;0;0;0;3;5;3;6;1;0;6;0;0;3;5;0;2
37271;Villaines-les-Rochers;24;37;0;0;0;0;0;0;0;0;0;0;0;0;0;0;0;0;0;0;0;1;1;0;0;0;2;1;2;3;1;0;2;0;0;0;0;0;0
37272;Villandry;24;37;0;0;0;0;0;0;0;0;0;0;0;0;0;0;0;0;0;0;0;1;1;0;0;0;1;3;4;2;1;0;1;0;0;6;0;0;0
37273;La Ville-aux-Dames;24;37;0;0;0;0;0;0;0;0;0;0;0;0;0;0;0;2;2;1;1;0;10;2;0;1;6;18;8;7;6;1;6;0;0;5;6;1;2
37274;Villebourg;24;37;0;0;0;0;0;0;0;0;0;0;0;0;0;0;0;0;0;0;0;1;0;0;0;0;2;0;0;0;0;0;0;0;0;0;1;0;0
37275;Villedômain;24;37;0;0;0;0;0;0;0;0;0;0;0;0;0;0;0;0;0;0;0;0;0;0;0;0;0;0;1;0;0;0;0;0;0;1;0;0;0
37276;Villedômer;24;37;0;0;0;0;0;0;0;0;0;0;0;0;0;0;0;0;0;0;0;1;1;0;0;0;3;1;2;5;3;0;2;0;0;5;0;0;2
37277;Villeloin-Coulangé;24;37;0;0;0;0;0;0;0;0;0;0;0;0;0;0;0;0;0;0;0;1;0;0;0;0;1;2;1;2;1;0;1;0;0;0;0;0;0
37278;Villeperdue;24;37;0;0;0;0;0;0;0;0;0;0;0;0;0;0;0;0;0;0;0;1;1;0;0;1;0;4;4;4;1;0;3;0;0;1;0;0;2
37279;Villiers-au-Bouin;24;37;0;0;0;0;0;0;0;0;0;0;0;0;0;0;0;0;0;0;0;1;1;0;0;0;0;3;1;1;2;0;1;1;0;1;0;0;1
37280;Vou;24;37;0;0;0;0;0;0;0;0;0;0;0;0;0;0;0;0;0;0;0;0;0;0;0;0;0;1;1;0;1;0;0;0;0;0;0;0;0
37281;Vouvray;24;37;0;1;0;0;0;0;0;0;0;0;1;0;0;0;0;2;0;1;0;0;5;0;0;1;1;4;3;8;4;2;4;2;0;9;6;0;0
37282;Yzeures-sur-Creuse;24;37;0;0;0;0;0;0;0;0;0;0;0;0;0;0;0;2;0;1;0;0;3;1;0;0;3;4;3;2;0;1;3;0;0;3;1;2;1
38001;Les Abrets en Dauphiné;84;38;0;0;0;0;0;0;0;0;0;0;1;0;0;0;0;4;0;1;1;0;17;2;0;4;9;16;14;8;11;3;8;2;1;16;10;2;7
38002;Les Adrets;84;38;0;0;0;0;0;0;0;0;0;0;0;0;0;0;0;0;0;0;0;0;0;0;0;0;2;1;1;2;2;0;1;0;0;14;5;0;0
38003;Agnin;84;38;0;0;0;0;0;0;0;0;0;0;0;0;0;0;0;0;0;0;0;1;2;0;0;0;2;3;3;0;2;0;1;0;0;2;0;0;1
38004;L'Albenc;84;38;0;0;0;0;0;0;0;0;0;0;0;0;0;0;0;0;1;0;1;0;5;0;0;1;2;1;1;1;1;0;2;0;0;3;1;0;2
38005;Allemond;84;38;0;0;0;0;0;0;0;0;0;0;0;0;0;0;0;0;0;0;0;1;2;0;0;0;0;0;2;2;3;2;2;0;0;11;1;0;0
38006;Allevard;84;38;0;1;0;0;0;0;0;0;0;0;1;0;0;0;0;3;0;1;0;0;8;0;0;1;13;6;6;4;3;4;6;1;0;22;8;0;3
38008;Ambel;84;38;0;0;0;0;0;0;0;0;0;0;0;0;0;0;0;0;0;0;0;0;0;0;0;0;0;0;0;0;0;0;0;0;0;0;0;0;0
38009;Anjou;84;38;0;0;0;0;0;0;0;0;0;0;0;0;0;0;0;0;0;0;0;1;0;1;0;1;3;4;2;1;1;0;1;0;0;1;2;0;1
38010;Annoisin-Chatelans;84;38;0;0;0;0;0;0;0;0;0;0;0;0;0;0;0;0;0;0;0;0;0;0;0;0;2;0;1;0;0;0;0;0;0;1;2;0;1
38011;Anthon;84;38;0;0;0;0;0;0;0;0;0;0;0;0;0;0;0;0;0;0;0;0;0;0;0;0;2;1;2;3;1;0;1;0;0;5;0;0;2
38012;Aoste;84;38;0;0;0;0;0;0;0;0;0;0;0;0;0;0;0;0;1;0;0;1;6;0;0;2;8;7;7;5;3;0;8;0;0;9;3;1;1
38013;Apprieu;84;38;0;0;0;0;0;0;0;0;0;0;0;0;0;0;0;1;0;0;1;0;8;1;0;1;6;2;6;4;7;1;4;1;0;5;3;1;3
38014;Arandon;84;38;0;0;0;0;0;0;0;0;0;0;0;0;0;0;0;0;0;0;0;1;3;0;0;0;0;2;3;1;3;0;1;0;0;2;0;0;0
38015;Artas;84;38;0;0;0;0;0;0;0;0;0;0;0;0;0;0;0;0;0;0;0;1;3;0;0;0;4;7;4;5;5;0;4;0;0;3;0;0;1
38016;Arzay;84;38;0;0;0;0;0;0;0;0;0;0;0;0;0;0;0;0;0;0;0;0;0;0;0;0;1;0;0;0;1;0;0;0;0;0;0;0;0
38017;Assieu;84;38;0;0;0;0;0;0;0;0;0;0;0;0;0;0;0;0;0;0;0;1;1;0;0;0;6;2;2;4;2;1;4;0;0;2;1;0;3
38018;Auberives-en-Royans;84;38;0;0;0;0;0;0;0;0;0;0;0;0;0;0;0;0;0;0;0;0;0;0;0;0;0;0;1;0;1;0;1;0;0;0;0;0;0
38019;Auberives-sur-Varèze;84;38;0;0;0;0;0;0;0;0;0;0;0;0;0;0;0;0;0;0;0;0;10;1;0;1;6;7;8;7;5;1;2;0;0;2;1;0;0
38020;Auris;84;38;0;0;0;0;0;0;0;0;0;0;0;0;0;0;0;0;0;0;1;0;0;0;0;0;1;0;0;0;1;0;0;0;0;6;3;0;0
38022;Les Avenières Veyrins-Thuellin;84;38;0;1;0;0;0;0;0;0;0;0;0;0;0;0;0;5;2;1;1;0;12;1;1;3;13;14;17;14;13;2;14;1;1;13;9;2;3
38023;Avignonet;84;38;0;0;0;0;0;0;0;0;0;0;0;0;0;0;0;0;0;0;0;0;2;0;0;0;0;2;1;0;0;0;0;0;0;1;0;0;0
38025;Balbins;84;38;0;0;0;0;0;0;0;0;0;0;0;0;0;0;0;0;0;0;0;0;1;0;0;0;1;0;3;1;1;0;0;0;0;0;1;0;0
38026;La Balme-les-Grottes;84;38;0;0;0;0;0;0;0;0;0;0;0;0;0;0;0;0;0;0;0;1;2;0;0;0;0;2;2;0;2;0;2;0;1;4;0;0;0
38027;Barraux;84;38;0;0;0;0;0;0;0;0;0;0;0;0;0;0;0;0;0;0;1;0;0;0;0;0;1;0;7;7;3;0;3;0;0;4;1;0;2
38029;La Bâtie-Montgascon;84;38;0;0;0;0;0;0;0;0;0;0;0;0;0;0;0;0;0;0;0;1;5;0;0;0;1;8;9;2;1;0;3;1;0;2;3;0;2
38030;Beaucroissant;84;38;0;0;0;0;0;0;0;0;0;0;0;0;0;0;0;0;0;0;0;1;2;0;0;0;6;4;3;1;7;0;2;2;0;6;3;0;5
38031;Beaufin;84;38;0;0;0;0;0;0;0;0;0;0;0;0;0;0;0;0;0;0;0;0;0;0;0;0;0;0;1;0;0;0;0;0;0;0;0;0;0
38032;Beaufort;84;38;0;0;0;0;0;0;0;0;0;0;0;0;0;0;0;0;0;0;0;0;0;0;0;0;1;2;1;1;1;0;0;0;0;1;0;0;1
38033;Beaulieu;84;38;0;0;0;0;0;0;0;0;0;0;0;0;0;0;0;0;0;0;0;0;1;0;0;0;1;2;0;0;1;0;0;0;0;1;3;0;0
38034;Beaurepaire;84;38;0;1;0;0;0;0;0;0;0;0;1;0;0;0;0;7;4;1;0;0;9;2;0;3;20;13;7;8;5;0;11;1;1;9;6;4;3
38035;Beauvoir-de-Marc;84;38;0;0;0;0;0;0;0;0;0;0;0;0;0;0;0;0;1;0;0;0;6;0;0;0;1;0;5;3;3;0;1;0;0;0;0;0;2
38036;Beauvoir-en-Royans;84;38;0;0;0;0;0;0;0;0;0;0;0;0;0;0;0;0;0;0;0;0;0;0;0;0;0;0;0;0;0;0;0;0;0;0;0;0;0
38037;Bellegarde-Poussieu;84;38;0;0;0;0;0;0;0;0;0;0;0;0;0;0;0;0;0;0;0;1;1;0;0;0;1;0;4;4;4;1;2;0;0;2;0;0;1
38038;Belmont;84;38;0;0;0;0;0;0;0;0;0;0;0;0;0;0;0;0;0;0;0;0;2;0;0;0;1;0;1;0;1;0;0;0;0;0;0;0;1
38039;Bernin;84;38;0;0;0;0;0;0;0;0;0;0;0;0;0;0;0;1;0;0;0;1;2;0;0;0;4;1;4;5;6;1;4;0;0;10;5;0;2
38040;Besse;84;38;0;0;0;0;0;0;0;0;0;0;0;0;0;0;0;0;0;0;0;0;0;0;0;0;0;2;0;0;0;0;0;0;0;0;0;0;0
38041;Bessins;84;38;0;0;0;0;0;0;0;0;0;0;0;0;0;0;0;0;0;0;0;0;0;0;0;0;0;0;0;1;0;0;1;0;0;0;1;0;0
38042;Bévenais;84;38;0;0;0;0;0;0;0;0;0;0;0;0;0;0;0;0;0;0;0;0;0;0;0;0;2;0;4;2;2;0;0;1;0;0;1;0;1
38043;Bilieu;84;38;0;0;0;0;0;0;0;0;0;0;0;0;0;0;0;0;0;0;1;0;3;0;0;0;2;4;6;3;2;0;1;0;0;3;4;0;2
38044;Biol;84;38;0;0;0;0;0;0;0;0;0;0;0;0;0;0;0;0;1;1;0;0;3;0;0;0;2;2;5;1;4;0;3;0;0;2;0;0;1
38045;Biviers;84;38;0;0;0;0;0;0;0;0;0;0;0;0;0;0;0;0;0;0;0;0;4;1;0;0;0;2;1;3;2;1;1;0;0;1;1;0;0
38046;Bizonnes;84;38;0;0;0;0;0;0;0;0;0;0;0;0;0;0;0;0;0;0;0;1;2;0;0;0;1;0;3;2;2;0;1;0;0;1;0;0;1
38047;Blandin;84;38;0;0;0;0;0;0;0;0;0;0;0;0;0;0;0;0;0;0;0;0;0;0;0;0;0;0;0;0;0;0;0;0;0;0;1;0;1
38048;Bonnefamille;84;38;0;0;0;0;0;0;0;0;0;0;0;0;0;0;0;0;0;0;0;0;2;0;0;0;1;4;7;3;1;0;1;0;0;2;0;0;1
38049;Bossieu;84;38;0;0;0;0;0;0;0;0;0;0;0;0;0;0;0;0;0;0;0;0;0;0;0;0;1;2;0;1;0;0;1;0;0;1;1;0;0
38050;Le Bouchage;84;38;0;0;0;0;0;0;0;0;0;0;0;0;0;0;0;0;0;0;0;0;2;0;0;0;1;2;0;0;1;0;0;0;0;3;0;0;0
38051;Bougé-Chambalud;84;38;0;0;0;0;0;0;0;0;0;0;0;0;0;0;0;0;0;0;1;0;3;0;0;1;1;1;2;2;2;1;2;0;0;5;1;0;0
38052;Le Bourg-d'Oisans;84;38;0;1;0;0;0;0;0;0;0;0;1;1;0;0;0;7;1;1;0;0;3;1;0;1;14;3;16;7;7;3;3;2;0;21;3;0;2
38053;Bourgoin-Jallieu;84;38;1;1;0;1;1;1;0;0;0;0;7;1;0;0;0;25;3;2;0;1;52;5;6;9;69;55;28;25;30;19;50;8;19;125;56;10;39
38054;Bouvesse-Quirieu;84;38;0;0;0;0;0;0;0;0;0;0;0;0;0;0;0;0;0;0;0;0;1;0;1;1;3;3;3;2;4;1;2;0;1;0;1;0;0
38055;Brangues;84;38;0;0;0;0;0;0;0;0;0;0;0;0;0;0;0;0;0;0;0;0;0;0;0;0;0;1;1;1;2;0;1;0;0;1;0;0;0
38056;Bressieux;84;38;0;0;0;0;0;0;0;0;0;0;0;0;0;0;0;0;0;0;0;0;0;0;0;0;0;1;1;0;0;0;0;0;0;1;0;0;0
38057;Bresson;84;38;0;0;0;0;0;0;0;0;0;0;0;0;0;0;0;0;0;0;0;0;2;0;0;0;0;0;1;2;2;2;1;0;0;3;1;1;1
38058;Brézins;84;38;0;0;0;0;0;0;0;0;0;0;0;0;0;0;0;0;0;1;0;0;3;0;0;1;3;7;5;3;1;0;2;0;0;1;2;0;2
38059;Brié-et-Angonnes;84;38;0;0;0;0;0;0;0;0;0;0;0;0;0;0;0;0;0;1;0;0;2;0;0;0;6;6;9;6;7;2;2;0;0;4;1;0;2
38060;Brion;84;38;0;0;0;0;0;0;0;0;0;0;0;0;0;0;0;0;0;0;0;0;2;0;0;0;0;0;1;0;0;0;0;0;0;2;0;0;0
38061;La Buisse;84;38;0;0;0;0;0;0;0;0;0;0;0;0;0;0;0;0;0;0;0;1;3;0;0;0;2;6;7;8;10;1;2;0;0;2;3;0;0
38062;La Buissière;84;38;0;0;0;0;0;0;0;0;0;0;0;0;0;0;0;0;0;0;0;0;2;0;0;0;2;0;0;1;0;0;0;0;0;1;0;0;0
38063;Burcin;84;38;0;0;0;0;0;0;0;0;0;0;0;0;0;0;0;0;0;0;0;0;0;0;0;0;1;0;0;1;0;1;0;1;0;1;0;0;2
38064;Cessieu;84;38;0;0;0;0;0;0;0;0;0;0;0;0;0;0;0;0;0;0;0;1;3;0;0;0;3;11;4;6;5;2;5;0;0;4;3;0;3
38065;Châbons;84;38;0;0;0;0;0;0;0;0;0;0;0;0;0;0;0;0;1;0;0;1;2;0;0;0;6;5;3;7;5;0;2;0;0;2;2;0;0
38066;Chalon;84;38;0;0;0;0;0;0;0;0;0;0;0;0;0;0;0;0;0;0;0;0;0;0;0;0;0;0;0;2;0;0;0;0;0;0;0;0;0
38067;Chamagnieu;84;38;0;0;0;0;0;0;0;0;0;0;0;0;0;0;0;0;0;0;0;0;0;0;0;0;2;2;3;1;2;0;2;0;0;2;3;0;1
38068;Champagnier;84;38;0;0;0;0;0;0;0;0;0;0;0;0;0;0;0;0;0;0;0;0;1;0;0;0;3;1;1;4;2;0;1;0;0;5;1;0;0
38069;Champier;84;38;0;0;0;0;0;0;0;0;0;0;0;0;0;0;0;0;0;0;0;1;5;0;1;2;2;2;3;0;3;1;2;0;0;6;1;0;2
38070;Le Champ-près-Froges;84;38;0;0;0;0;0;0;0;0;0;0;0;0;0;0;0;0;0;0;0;0;3;0;0;0;2;0;3;3;0;1;2;0;0;3;0;0;0
38071;Champ-sur-Drac;84;38;0;0;0;0;0;0;0;0;0;0;0;0;0;0;0;0;0;1;0;0;5;0;0;0;2;7;12;5;4;1;2;0;0;6;1;0;4
38072;Chanas;84;38;0;0;0;0;0;0;0;0;0;0;0;0;0;0;0;0;0;0;1;0;7;2;0;2;10;3;3;7;5;2;2;0;0;7;1;0;2
38073;Chantelouve;84;38;0;0;0;0;0;0;0;0;0;0;0;0;0;0;0;0;0;0;0;0;0;0;0;0;0;0;0;0;0;1;0;0;0;1;0;0;0
38074;Chantesse;84;38;0;0;0;0;0;0;0;0;0;0;0;0;0;0;0;0;0;0;0;0;1;0;0;0;0;0;2;1;0;1;0;0;0;0;1;0;0
38075;Chapareillan;84;38;0;0;0;0;0;0;0;0;0;0;0;0;0;0;0;0;0;1;0;0;6;0;0;1;6;7;5;8;3;3;5;0;0;0;3;0;1
38076;La Chapelle-de-la-Tour;84;38;0;0;0;0;0;0;0;0;0;0;0;0;0;0;0;0;0;0;0;0;2;0;0;3;1;5;1;4;1;0;2;1;0;2;2;0;2
38077;La Chapelle-de-Surieu;84;38;0;0;0;0;0;0;0;0;0;0;0;0;0;0;0;0;0;0;1;0;3;0;0;0;3;1;0;2;1;0;0;0;0;1;0;0;1
38078;La Chapelle-du-Bard;84;38;0;0;0;0;0;0;0;0;0;0;0;0;0;0;0;0;0;0;0;1;1;0;0;0;1;0;4;1;0;0;0;0;0;1;0;0;0
38080;Charancieu;84;38;0;0;0;0;0;0;0;0;0;0;0;0;0;0;0;0;0;0;0;0;5;1;0;0;1;2;2;1;0;0;3;1;0;1;0;0;0
38081;Charantonnay;84;38;0;0;0;0;0;0;0;0;0;0;0;0;0;0;0;0;0;0;0;0;3;0;0;0;2;1;1;4;5;2;1;0;0;2;1;0;1
38082;Charavines;84;38;0;0;0;0;0;0;0;0;0;0;0;0;0;0;0;1;0;1;0;0;2;0;0;0;6;7;8;1;7;1;3;1;0;12;2;0;1
38083;Charette;84;38;0;0;0;0;0;0;0;0;0;0;0;0;0;0;0;0;0;0;0;0;0;0;0;0;1;0;1;2;0;0;0;0;0;1;1;0;0
38084;Charnècles;84;38;0;0;0;0;0;0;0;0;0;0;0;0;0;0;0;0;0;0;0;0;5;1;0;0;5;3;5;2;4;0;2;0;0;1;2;0;1
38085;Charvieu-Chavagneux;84;38;0;0;0;0;0;0;0;0;0;0;0;0;0;0;0;0;0;1;0;0;12;0;0;1;8;15;11;12;8;3;7;1;1;9;2;0;8
38086;Chasselay;84;38;0;0;0;0;0;0;0;0;0;0;0;0;0;0;0;0;0;0;0;0;2;0;0;0;0;2;0;1;0;1;1;0;0;1;0;0;0
38087;Chasse-sur-Rhône;84;38;0;1;0;0;0;0;0;0;0;0;0;0;0;0;0;2;1;1;0;0;20;1;0;1;12;11;14;16;6;2;7;1;0;17;7;1;7
38089;Chassignieu;84;38;0;0;0;0;0;0;0;0;0;0;0;0;0;0;0;0;0;0;0;0;0;0;0;0;0;0;0;1;0;0;0;0;0;0;0;0;0
38090;Château-Bernard;84;38;0;0;0;0;0;0;0;0;0;0;0;0;0;0;0;0;0;0;0;0;0;0;0;0;0;1;2;2;0;1;1;0;0;3;0;0;0
38091;Châteauvilain;84;38;0;0;0;0;0;0;0;0;0;0;0;0;0;0;0;0;0;0;0;0;2;0;0;0;0;0;0;0;0;0;0;0;0;0;1;0;0
38092;Châtelus;84;38;0;0;0;0;0;0;0;0;0;0;0;0;0;0;0;0;0;0;0;0;0;0;0;0;0;0;0;0;0;0;0;0;0;0;0;0;0
38093;Châtenay;84;38;0;0;0;0;0;0;0;0;0;0;0;0;0;0;0;0;0;0;0;0;2;0;0;0;2;4;3;0;1;0;0;0;0;2;2;0;0
38094;Châtonnay;84;38;0;0;0;0;0;0;0;0;0;0;0;0;0;0;0;0;0;0;0;1;4;0;0;1;5;4;6;3;1;0;3;0;0;3;1;0;2
38095;Chatte;84;38;0;0;0;0;0;0;0;0;0;0;0;0;0;0;0;0;0;1;0;0;8;1;0;0;4;5;5;4;4;0;3;1;1;12;5;0;4
38097;Chavanoz;84;38;0;0;0;0;0;0;0;0;0;0;0;0;0;0;0;0;0;1;0;0;8;1;0;1;9;10;14;7;8;0;5;0;0;7;6;0;8
38098;Chélieu;84;38;0;0;0;0;0;0;0;0;0;0;0;0;0;0;0;0;0;0;0;0;2;0;0;0;2;2;3;0;1;0;1;0;0;0;0;0;0
38099;Chevrières;84;38;0;0;0;0;0;0;0;0;0;0;0;0;0;0;0;0;0;0;0;0;3;0;0;0;2;2;4;2;1;0;0;0;0;3;0;0;0
38100;Le Cheylas;84;38;0;0;0;0;0;0;0;0;0;0;0;0;0;0;0;0;1;1;0;0;2;0;0;0;2;6;2;3;3;2;4;0;0;4;0;0;2
38101;Cheyssieu;84;38;0;0;0;0;0;0;0;0;0;0;0;0;0;0;0;0;0;0;0;0;0;0;0;0;2;3;2;2;0;0;0;0;0;2;0;0;2
38102;Chèzeneuve;84;38;0;0;0;0;0;0;0;0;0;0;0;0;0;0;0;0;0;0;0;0;1;0;0;0;0;0;0;0;2;0;0;0;0;1;1;0;1
38103;Chichilianne;84;38;0;0;0;0;0;0;0;0;0;0;0;0;0;0;0;0;0;0;0;0;0;0;0;0;0;0;1;1;1;0;0;0;0;1;0;0;0
38104;Chimilin;84;38;0;0;0;0;0;0;0;0;0;0;0;0;0;0;0;0;0;0;0;1;0;0;0;0;1;1;5;5;2;0;2;0;0;1;0;0;2
38105;Chirens;84;38;0;0;0;0;0;0;0;0;0;0;0;0;0;0;0;0;0;0;0;1;5;0;0;0;2;10;5;5;10;1;4;0;0;4;4;0;3
38106;Cholonge;84;38;0;0;0;0;0;0;0;0;0;0;0;0;0;0;0;0;0;0;0;0;0;0;0;0;0;0;1;0;0;0;1;0;0;0;1;0;0
38107;Chonas-l'Amballan;84;38;0;0;0;0;0;0;0;0;0;0;0;0;0;0;0;0;0;0;0;0;2;0;0;1;5;0;6;3;1;1;2;0;0;4;1;0;2
38108;Choranche;84;38;0;0;0;0;0;0;0;0;0;0;0;0;0;0;0;0;0;0;0;0;0;0;0;0;1;0;0;0;1;0;0;0;0;3;0;0;0
38109;Chozeau;84;38;0;0;0;0;0;0;0;0;0;0;0;0;0;0;0;0;0;0;0;0;1;0;0;0;2;1;1;3;2;0;0;0;0;0;1;0;1
38110;Chuzelles;84;38;0;0;0;0;0;0;0;0;0;0;0;0;0;0;0;0;0;0;0;0;5;0;0;1;2;8;4;5;3;1;1;0;0;3;4;0;1
38111;Claix;84;38;0;0;0;0;0;0;0;0;0;0;0;0;0;0;0;1;1;1;1;0;14;0;1;1;10;12;25;30;10;4;6;1;1;8;10;1;8
38112;Clavans-en-Haut-Oisans;84;38;0;0;0;0;0;0;0;0;0;0;0;0;0;0;0;0;0;0;0;0;1;0;0;0;0;0;0;0;0;0;0;0;0;2;0;0;0
38113;Clelles;84;38;0;1;0;0;0;0;0;0;0;0;0;0;1;0;0;1;0;1;0;0;4;1;0;0;5;1;7;2;1;1;1;0;0;6;0;0;0
38114;Clonas-sur-Varèze;84;38;0;0;0;0;0;0;0;0;0;0;0;0;0;0;0;0;0;0;0;1;2;0;0;0;1;4;7;1;3;1;2;0;0;4;0;0;0
38115;Saint-Martin-de-la-Cluze;84;38;0;0;0;0;0;0;0;0;0;0;0;0;0;0;0;0;0;0;0;1;0;0;0;0;1;1;1;0;1;0;1;0;0;1;1;0;0
38116;Cognet;84;38;0;0;0;0;0;0;0;0;0;0;0;0;0;0;0;0;0;0;0;0;0;0;0;0;0;0;0;0;0;0;0;0;0;0;0;0;0
38117;Cognin-les-Gorges;84;38;0;0;0;0;0;0;0;0;0;0;0;0;0;0;0;0;0;0;0;1;1;0;0;0;1;1;2;0;1;1;0;0;0;0;0;0;0
38118;Colombe;84;38;0;0;0;0;0;0;0;0;0;0;0;0;0;0;0;0;0;0;0;1;2;0;0;0;4;3;6;2;7;0;1;0;0;5;1;0;0
38120;La Combe-de-Lancey;84;38;0;0;0;0;0;0;0;0;0;0;0;0;0;0;0;0;0;0;0;0;1;0;0;0;0;0;3;3;1;2;0;0;0;1;0;0;1
38121;Commelle;84;38;0;0;0;0;0;0;0;0;0;0;0;0;0;0;0;0;0;0;0;0;2;0;0;0;2;1;5;1;0;0;0;0;0;1;1;0;0
38124;Corbelin;84;38;0;0;0;0;0;0;0;0;0;0;0;0;0;0;0;0;0;0;0;1;2;0;0;0;3;1;4;8;3;0;4;0;0;2;1;0;2
38125;Cordéac;84;38;0;0;0;0;0;0;0;0;0;0;0;0;0;0;0;0;0;0;0;0;0;0;0;0;1;0;1;0;0;0;0;0;0;0;0;0;0
38126;Corenc;84;38;0;0;0;0;0;0;0;0;0;0;0;0;0;0;0;2;0;0;1;0;2;0;0;0;1;2;4;1;4;2;4;0;0;12;10;1;1
38127;Cornillon-en-Trièves;84;38;0;0;0;0;0;0;0;0;0;0;0;0;0;0;0;0;0;0;0;0;0;0;0;0;0;0;0;1;1;0;0;0;0;1;0;0;0
38128;Corps;84;38;0;1;0;0;0;0;0;0;0;0;0;0;0;0;0;1;0;0;0;1;3;0;0;0;0;0;3;1;1;0;2;0;0;3;0;0;0
38129;Corrençon-en-Vercors;84;38;0;0;0;0;0;0;0;0;0;0;0;0;0;0;0;0;0;0;0;0;1;0;0;0;0;0;1;1;0;0;1;0;0;7;0;0;0
38130;La Côte-Saint-André;84;38;0;1;0;0;0;0;0;0;0;0;3;1;0;0;0;7;1;1;0;0;13;2;1;5;17;24;10;5;5;4;12;4;2;22;8;3;7
38131;Les Côtes-d'Arey;84;38;0;0;0;0;0;0;0;0;0;0;0;0;0;0;0;0;0;1;0;0;7;0;0;0;4;1;4;4;6;0;2;0;0;2;3;0;2
38132;Les Côtes-de-Corps;84;38;0;0;0;0;0;0;0;0;0;0;0;0;0;0;0;0;0;0;0;0;1;0;0;0;0;0;1;0;0;0;0;0;0;1;1;0;0
38133;Coublevie;84;38;0;0;0;0;0;0;0;0;0;0;0;0;0;0;0;1;0;0;0;1;3;0;1;0;2;8;13;9;5;1;4;1;0;5;5;0;5
38134;Cour-et-Buis;84;38;0;0;0;0;0;0;0;0;0;0;0;0;0;0;0;0;1;1;0;0;2;0;1;0;3;1;3;1;1;0;1;0;0;2;3;0;0
38135;Courtenay;84;38;0;0;0;0;0;0;0;0;0;0;0;0;0;0;0;0;0;0;0;0;9;0;0;1;1;2;2;3;4;0;1;0;0;1;2;0;1
38136;Crachier;84;38;0;0;0;0;0;0;0;0;0;0;0;0;0;0;0;0;0;0;0;0;2;0;0;0;1;3;6;0;0;0;1;0;0;1;0;0;0
38137;Cras;84;38;0;0;0;0;0;0;0;0;0;0;0;0;0;0;0;0;0;0;0;0;1;0;0;0;1;0;1;0;1;0;0;0;0;2;1;0;0
38138;Crémieu;84;38;0;1;0;0;0;0;0;0;0;0;1;0;0;0;0;5;1;1;0;0;9;0;0;3;3;3;7;6;4;0;10;1;2;21;15;2;7
38139;Creys-Mépieu;84;38;0;0;0;0;0;0;0;0;0;0;0;0;0;0;0;0;0;0;0;0;1;0;0;0;3;2;1;2;5;1;1;0;0;1;1;1;0
38140;Crolles;84;38;0;0;0;0;0;0;0;0;0;0;0;0;0;0;0;13;0;1;0;0;13;2;1;1;6;6;9;17;7;3;6;3;6;32;11;2;6
38141;Culin;84;38;0;0;0;0;0;0;0;0;0;0;0;0;0;0;0;0;0;0;1;0;0;0;0;0;3;3;0;1;0;0;0;0;0;0;0;1;1
38144;Diémoz;84;38;0;0;0;0;0;0;0;0;0;0;0;0;0;0;0;0;0;1;0;0;7;1;0;1;2;6;7;6;2;1;4;0;0;5;3;1;5
38146;Dizimieu;84;38;0;0;0;0;0;0;0;0;0;0;0;0;0;0;0;0;0;0;0;0;0;0;0;0;3;0;3;1;1;0;0;0;0;0;1;0;0
38147;Doissin;84;38;0;0;0;0;0;0;0;0;0;0;0;0;0;0;0;0;0;0;0;0;2;0;0;0;2;3;2;2;1;0;0;0;0;2;1;0;0
38148;Dolomieu;84;38;0;0;0;0;0;0;0;0;0;0;0;0;0;0;0;0;1;0;0;1;6;0;0;1;0;9;7;6;5;0;3;0;0;2;3;0;0
38149;Domarin;84;38;0;0;0;0;0;0;0;0;0;0;0;0;0;0;0;0;0;0;0;1;10;0;2;0;1;1;3;2;7;0;3;0;0;2;4;0;2
38150;Domène;84;38;0;1;0;0;0;0;0;0;0;0;1;0;0;0;0;6;0;1;0;0;16;0;0;1;4;17;26;11;13;5;9;1;1;11;8;0;4
38151;Échirolles;84;38;0;0;0;0;0;0;0;0;0;0;1;1;0;0;0;17;0;2;1;0;72;5;5;1;40;64;43;44;66;14;41;1;2;101;20;4;19
38152;Eclose-Badinières;84;38;0;0;0;0;0;0;0;0;0;0;0;0;0;0;0;0;0;0;0;1;3;0;0;0;3;1;1;3;2;0;2;0;0;2;0;0;0
38153;Engins;84;38;0;0;0;0;0;0;0;0;0;0;0;0;0;0;0;0;0;0;0;0;1;0;0;0;4;0;2;2;0;1;0;0;0;1;1;0;0
38154;Entraigues;84;38;0;0;0;0;0;0;0;0;0;0;0;0;0;0;0;0;0;0;0;1;0;0;0;0;1;2;2;1;1;0;0;0;0;0;1;0;0
38155;Entre-deux-Guiers;84;38;0;0;0;0;0;0;0;0;0;0;0;0;0;0;0;0;0;1;0;0;3;0;0;0;2;1;10;1;2;2;2;0;0;3;2;0;1
38156;Les Éparres;84;38;0;0;0;0;0;0;0;0;0;0;0;0;0;0;0;0;0;0;0;0;5;0;0;0;1;2;7;0;2;0;2;0;0;2;0;0;0
38157;Estrablin;84;38;0;0;0;0;0;0;0;0;0;0;0;0;0;0;0;1;1;1;0;0;10;1;0;1;8;10;9;6;6;1;4;0;0;8;2;1;2
38158;Eybens;84;38;0;1;0;0;0;0;0;0;0;0;0;0;0;0;0;7;0;1;0;0;12;1;2;4;15;36;18;16;22;3;12;1;1;24;18;1;7
38159;Eydoche;84;38;0;0;0;0;0;0;0;0;0;0;0;0;0;0;0;0;0;0;0;1;3;0;0;0;0;1;2;0;0;0;1;0;0;2;0;0;0
38160;Eyzin-Pinet;84;38;0;0;0;0;0;0;0;0;0;0;0;0;0;0;0;0;0;0;0;1;3;0;0;1;2;5;9;3;9;2;2;0;0;2;2;0;1
38161;Faramans;84;38;0;0;0;0;0;0;0;0;0;0;0;0;0;0;0;0;0;0;0;1;2;0;0;0;0;2;3;0;2;0;3;0;0;3;0;0;0
38162;Faverges-de-la-Tour;84;38;0;0;0;0;0;0;0;0;0;0;0;0;0;0;0;0;1;0;0;1;4;0;0;0;8;4;2;2;3;0;0;0;0;2;2;0;0
38163;La Ferrière;84;38;0;0;0;0;0;0;0;0;0;0;0;0;0;0;0;0;0;0;0;1;0;0;0;0;0;0;0;1;0;0;0;0;0;7;2;0;0
38166;La Flachère;84;38;0;0;0;0;0;0;0;0;0;0;0;0;0;0;0;0;0;0;0;0;0;0;0;0;0;0;1;1;0;0;0;0;0;1;1;0;0
38167;Flachères;84;38;0;0;0;0;0;0;0;0;0;0;0;0;0;0;0;0;0;0;0;0;0;0;0;0;0;1;0;0;1;0;2;0;0;1;0;0;2
38169;Fontaine;84;38;0;0;0;0;0;0;0;0;0;0;1;1;0;0;0;11;2;1;0;0;59;2;3;5;32;62;45;34;41;6;30;2;0;56;19;4;15
38170;Fontanil-Cornillon;84;38;0;0;0;0;0;0;0;0;0;0;0;0;0;0;0;0;0;0;1;0;11;1;0;0;2;0;7;5;4;0;3;0;0;9;3;0;5
38171;La Forteresse;84;38;0;0;0;0;0;0;0;0;0;0;0;0;0;0;0;0;0;0;0;0;0;0;0;0;1;1;1;0;0;0;1;0;0;1;0;0;0
38172;Four;84;38;0;0;0;0;0;0;0;0;0;0;0;0;0;0;0;0;0;0;0;0;2;0;0;1;1;0;4;1;5;0;1;0;0;1;1;0;1
38173;Le Freney-d'Oisans;84;38;0;0;0;0;0;0;0;0;0;0;0;0;0;0;0;0;0;0;1;0;1;0;0;0;0;0;1;0;0;0;0;0;0;1;0;0;0
38174;La Frette;84;38;0;0;0;0;0;0;0;0;0;0;0;0;0;0;0;0;0;0;0;1;1;0;1;0;5;3;5;1;3;0;1;0;0;3;0;0;0
38175;Froges;84;38;0;0;0;0;0;0;0;0;0;0;0;0;0;0;0;0;0;1;0;0;11;1;0;1;7;2;11;5;6;2;4;1;0;2;3;0;2
38176;Frontonas;84;38;0;0;0;0;0;0;0;0;0;0;0;0;0;0;0;0;0;0;1;0;5;0;1;0;3;0;5;6;4;0;2;1;0;6;1;1;1
38177;La Garde;84;38;0;0;0;0;0;0;0;0;0;0;0;0;0;0;0;0;0;0;0;0;0;0;0;0;0;0;1;1;0;0;0;0;0;1;1;0;0
38179;Gières;84;38;0;0;0;0;0;0;0;0;0;0;0;0;0;0;0;4;0;1;0;0;9;1;0;3;4;7;12;10;7;2;9;1;0;14;8;0;2
38180;Gillonnay;84;38;0;0;0;0;0;0;0;0;0;0;0;0;0;0;0;0;0;0;0;0;0;0;0;0;0;5;2;0;1;1;1;0;0;1;0;0;0
38181;Goncelin;84;38;0;1;0;0;0;0;0;0;0;0;1;0;0;0;0;2;0;1;0;0;6;4;0;1;3;4;5;2;2;1;4;0;0;5;2;0;1
38182;Le Grand-Lemps;84;38;0;1;0;0;0;0;0;0;0;0;1;0;0;0;0;4;0;1;0;0;6;0;0;1;7;7;6;1;7;1;3;0;0;5;4;2;2
38183;Granieu;84;38;0;0;0;0;0;0;0;0;0;0;0;0;0;0;0;0;0;0;0;0;3;0;0;0;1;0;3;0;0;1;0;0;0;3;0;0;1
38184;Grenay;84;38;0;0;0;0;0;0;0;0;0;0;0;0;0;0;0;0;0;0;0;0;8;0;1;0;2;3;9;5;8;0;2;0;0;6;1;1;3
38185;Grenoble;84;38;1;0;1;1;1;1;1;2;0;0;32;3;1;1;0;128;8;13;1;0;125;8;21;33;137;307;143;150;138;81;274;16;67;1027;250;47;164
38186;Gresse-en-Vercors;84;38;0;0;0;0;0;0;0;0;0;0;0;0;0;0;0;0;0;0;0;1;0;0;0;0;2;0;1;1;0;0;1;0;0;4;0;0;1
38187;Le Gua;84;38;0;0;0;0;0;0;0;0;0;0;0;0;0;0;0;0;0;0;0;2;2;0;0;0;8;3;4;6;2;0;3;0;0;3;0;1;1
38188;Herbeys;84;38;0;0;0;0;0;0;0;0;0;0;0;0;0;0;0;0;0;0;0;0;0;0;0;1;0;1;5;3;1;0;0;0;0;2;3;0;0
38189;Heyrieux;84;38;0;1;0;0;0;0;0;0;0;0;0;0;1;0;0;7;2;1;0;0;20;1;1;2;8;5;7;11;9;0;11;1;1;11;9;1;8
38190;Hières-sur-Amby;84;38;0;0;0;0;0;0;0;0;0;0;0;0;0;0;0;0;0;0;1;0;5;0;0;0;2;1;2;4;4;1;3;0;0;2;0;0;2
38191;Huez;84;38;0;0;0;0;0;0;0;0;0;0;0;1;0;0;0;4;0;1;1;0;3;0;0;3;4;0;7;3;3;3;3;0;0;82;11;4;1
38192;Hurtières;84;38;0;0;0;0;0;0;0;0;0;0;0;0;0;0;0;0;0;0;0;0;0;0;0;0;0;1;0;0;0;0;0;0;0;0;0;0;0
38193;L'Isle-d'Abeau;84;38;0;1;0;0;0;0;0;0;0;0;0;0;1;0;0;3;0;1;0;0;10;1;0;5;16;23;11;18;9;3;14;2;0;30;8;0;8
38194;Izeaux;84;38;0;0;0;0;0;0;0;0;0;0;0;0;0;0;0;1;0;1;0;0;3;0;0;0;1;2;4;2;3;0;3;0;0;8;1;0;1
38195;Izeron;84;38;0;0;0;0;0;0;0;0;0;0;0;0;0;0;0;0;0;0;0;1;3;0;0;0;0;1;3;0;1;0;0;0;0;2;0;0;0
38197;Janneyrias;84;38;0;0;0;0;0;0;0;0;0;0;0;0;0;0;0;0;0;0;0;1;2;0;0;0;0;5;2;5;5;0;2;0;0;0;1;1;1
38198;Jarcieu;84;38;0;0;0;0;0;0;0;0;0;0;0;0;0;0;0;0;0;1;0;0;3;0;0;3;2;4;0;0;3;0;3;0;0;1;1;0;1
38199;Jardin;84;38;0;0;0;0;0;0;0;0;0;0;0;0;0;0;0;0;0;0;0;0;2;0;0;0;3;5;3;3;2;2;3;0;0;2;1;0;3
38200;Jarrie;84;38;0;0;0;0;0;0;0;0;0;0;0;0;0;0;0;2;1;0;2;0;2;0;0;2;2;5;5;6;6;1;6;0;0;8;3;0;2
38203;Laffrey;84;38;0;0;0;0;0;0;0;0;0;0;0;0;0;0;0;0;0;0;1;0;2;0;0;0;1;0;0;2;1;0;0;0;0;5;0;0;1
38204;Lalley;84;38;0;0;0;0;0;0;0;0;0;0;0;0;0;0;0;0;0;0;0;1;0;0;0;0;0;0;0;0;0;0;0;0;0;7;0;0;0
38205;Lans-en-Vercors;84;38;0;0;0;0;0;0;0;0;0;0;0;0;0;0;0;0;0;1;0;0;4;1;0;0;3;3;10;5;2;2;2;0;0;17;1;1;1
38206;Laval;84;38;0;0;0;0;0;0;0;0;0;0;0;0;0;0;0;0;0;0;0;0;0;0;0;0;0;0;4;2;1;0;0;0;0;2;0;0;0
38207;Lavaldens;84;38;0;0;0;0;0;0;0;0;0;0;0;0;0;0;0;0;0;0;0;0;0;0;0;0;0;0;1;0;0;0;0;0;0;1;0;0;0
38208;Lavars;84;38;0;0;0;0;0;0;0;0;0;0;0;0;0;0;0;0;0;0;0;0;0;0;0;0;0;0;2;0;0;0;0;0;0;0;0;0;0
38209;Lentiol;84;38;0;0;0;0;0;0;0;0;0;0;0;0;0;0;0;0;0;0;0;0;0;0;0;0;0;1;0;0;2;0;0;0;0;0;0;0;0
38210;Leyrieu;84;38;0;0;0;0;0;0;0;0;0;0;0;0;0;0;0;0;0;0;0;0;1;1;0;0;1;1;3;1;0;0;0;0;0;0;0;0;0
38211;Lieudieu;84;38;0;0;0;0;0;0;0;0;0;0;0;0;0;0;0;0;0;0;0;0;2;0;0;0;2;0;2;1;0;1;0;0;0;2;0;0;0
38212;Livet-et-Gavet;84;38;0;0;0;0;0;0;0;0;0;0;0;0;0;0;0;0;0;0;0;1;4;0;0;0;2;1;6;2;1;0;1;0;0;8;0;0;2
38213;Longechenal;84;38;0;0;0;0;0;0;0;0;0;0;0;0;0;0;0;0;0;0;1;0;1;0;0;0;4;0;1;1;0;0;0;0;0;1;0;0;0
38214;Lumbin;84;38;0;0;0;0;0;0;0;0;0;0;0;0;0;0;0;0;0;0;0;0;2;0;0;0;3;2;7;5;1;0;1;0;0;5;0;0;2
38215;Luzinay;84;38;0;0;0;0;0;0;0;0;0;0;0;0;0;0;0;0;0;1;0;0;6;0;0;2;3;7;4;1;2;1;2;1;0;4;3;0;1
38216;Malleval-en-Vercors;84;38;0;0;0;0;0;0;0;0;0;0;0;0;0;0;0;0;0;0;0;0;0;0;0;0;0;0;0;0;0;0;0;0;0;1;0;0;0
38217;Marcieu;84;38;0;0;0;0;0;0;0;0;0;0;0;0;0;0;0;0;0;0;0;0;0;0;0;0;0;0;0;0;0;0;0;0;0;0;0;0;0
38218;Marcilloles;84;38;0;0;0;0;0;0;0;0;0;0;0;0;0;0;0;0;1;0;0;1;2;1;0;0;9;7;4;2;3;0;0;0;0;3;1;0;0
38219;Marcollin;84;38;0;0;0;0;0;0;0;0;0;0;0;0;0;0;0;0;0;0;0;0;1;0;0;0;0;1;3;2;1;0;0;0;0;2;2;0;0
38221;Marnans;84;38;0;0;0;0;0;0;0;0;0;0;0;0;0;0;0;0;0;0;0;0;1;0;0;0;0;0;0;0;0;0;0;0;0;1;0;0;0
38222;Massieu;84;38;0;0;0;0;0;0;0;0;0;0;0;0;0;0;0;0;0;0;0;0;2;0;0;0;1;0;0;2;2;0;0;0;0;1;1;0;1
38223;Maubec;84;38;0;0;0;0;0;0;0;0;0;0;0;0;0;0;0;0;0;0;0;0;3;0;0;0;1;4;5;4;3;0;0;0;0;1;1;0;0
38224;Mayres-Savel;84;38;0;0;0;0;0;0;0;0;0;0;0;0;0;0;0;0;0;0;0;0;0;0;0;0;0;0;0;0;0;0;0;0;0;1;0;0;0
38225;Autrans-Méaudre en Vercors;84;38;0;0;0;0;0;0;0;0;0;0;0;0;0;0;0;1;0;1;0;1;5;0;0;0;4;4;9;6;4;1;3;0;0;23;4;0;1
38226;Mens;84;38;0;1;0;0;0;0;0;0;0;0;1;0;0;0;0;3;0;1;0;0;7;0;0;0;2;2;11;3;3;0;4;2;1;5;2;1;1
38228;Merlas;84;38;0;0;0;0;0;0;0;0;0;0;0;0;0;0;0;0;0;0;0;0;1;0;0;0;0;1;0;3;1;0;0;0;0;5;0;0;0
38229;Meylan;84;38;0;1;0;0;0;0;0;0;0;0;1;0;0;0;0;14;0;2;0;1;8;1;1;4;15;14;11;12;14;11;18;7;1;29;38;3;22
38230;Meyrié;84;38;0;0;0;0;0;0;0;0;0;0;0;0;0;0;0;0;0;0;1;0;2;0;0;0;1;2;2;3;2;0;0;0;0;2;0;0;0
38231;Meyrieu-les-Étangs;84;38;0;0;0;0;0;0;0;0;0;0;0;0;0;0;0;0;1;0;0;0;0;0;0;0;2;3;0;3;1;0;0;0;0;2;1;0;1
38232;Meyssiez;84;38;0;0;0;0;0;0;0;0;0;0;0;0;0;0;0;0;0;0;0;0;1;0;0;0;0;1;1;0;1;0;2;0;0;1;1;0;0
38235;Miribel-Lanchâtre;84;38;0;0;0;0;0;0;0;0;0;0;0;0;0;0;0;0;0;0;0;0;0;0;0;0;3;1;5;0;1;1;1;0;0;1;0;0;0
38236;Miribel-les-Échelles;84;38;0;0;0;0;0;0;0;0;0;0;0;0;0;0;0;0;0;0;1;0;2;0;0;0;2;5;4;1;1;1;1;0;0;3;1;0;1
38237;Mizoën;84;38;0;0;0;0;0;0;0;0;0;0;0;0;0;0;0;0;0;0;0;0;0;0;0;0;1;5;0;0;0;0;0;0;0;3;0;0;0
38238;Moidieu-Détourbe;84;38;0;0;0;0;0;0;0;0;0;0;0;0;0;0;0;0;0;0;0;1;4;0;0;1;6;8;9;3;2;0;3;0;0;4;2;0;2
38239;Moirans;84;38;0;1;0;0;0;0;0;0;0;0;1;0;0;0;0;5;1;1;0;0;16;2;1;3;12;13;16;8;13;2;15;1;0;30;12;1;3
38240;Moissieu-sur-Dolon;84;38;0;0;0;0;0;0;0;0;0;0;0;0;0;0;0;0;0;0;0;0;0;0;0;0;1;1;0;0;3;0;0;0;0;2;1;0;1
38241;Monestier-d'Ambel;84;38;0;0;0;0;0;0;0;0;0;0;0;0;0;0;0;0;0;0;0;0;0;0;0;0;0;0;0;0;0;0;0;0;0;0;0;0;0
38242;Monestier-de-Clermont;84;38;0;1;0;0;0;0;0;0;0;0;1;0;0;0;0;1;0;1;0;0;6;0;0;0;6;2;9;5;0;1;1;0;0;8;2;0;3
38243;Le Monestier-du-Percy;84;38;0;0;0;0;0;0;0;0;0;0;0;0;0;0;0;0;0;0;0;1;1;0;0;0;1;0;1;0;0;1;0;0;0;4;0;0;0
38244;Monsteroux-Milieu;84;38;0;0;0;0;0;0;0;0;0;0;0;0;0;0;0;0;0;0;0;0;6;0;0;0;4;1;3;1;1;0;0;0;0;2;1;0;0
38245;Montagne;84;38;0;0;0;0;0;0;0;0;0;0;0;0;0;0;0;0;0;0;0;0;0;0;0;0;0;0;1;0;0;0;0;0;0;0;1;0;0
38246;Montagnieu;84;38;0;0;0;0;0;0;0;0;0;0;0;0;0;0;0;0;0;0;0;0;1;0;0;0;3;2;1;1;3;1;2;0;0;4;1;0;0
38247;Montalieu-Vercieu;84;38;0;1;0;0;0;0;0;0;0;0;0;0;0;0;0;4;1;1;0;0;7;1;0;2;4;4;4;10;4;0;10;1;0;13;3;2;9
38248;Montaud;84;38;0;0;0;0;0;0;0;0;0;0;0;0;0;0;0;0;0;0;0;0;1;0;0;0;1;0;1;0;0;0;0;0;0;0;0;0;0
38249;Montbonnot-Saint-Martin;84;38;0;0;0;0;0;0;0;0;0;0;0;0;0;0;0;4;0;1;0;0;4;0;0;1;5;8;9;7;6;5;5;0;4;18;12;1;8
38250;Montcarra;84;38;0;0;0;0;0;0;0;0;0;0;0;0;0;0;0;0;0;0;0;0;0;0;0;0;1;0;3;2;1;0;0;0;0;0;0;0;0
38252;Montchaboud;84;38;0;0;0;0;0;0;0;0;0;0;0;0;0;0;0;0;0;0;0;0;0;0;0;0;0;0;0;1;1;0;0;0;0;0;1;0;0
38253;Mont-de-Lans;84;38;0;1;0;0;0;0;0;0;0;0;0;0;0;0;0;5;0;1;0;0;0;0;0;1;4;2;1;2;6;7;5;0;0;68;7;0;3
38254;Monteynard;84;38;0;0;0;0;0;0;0;0;0;0;0;0;0;0;0;0;0;0;0;0;0;0;0;0;2;1;1;2;1;0;0;0;0;0;1;0;2
38255;Montfalcon;84;38;0;0;0;0;0;0;0;0;0;0;0;0;0;0;0;0;0;0;0;0;0;0;0;0;0;0;0;0;0;0;0;0;0;1;0;0;0
38256;Montferrat;84;38;0;0;0;0;0;0;0;0;0;0;0;0;0;0;0;0;0;0;1;0;2;0;0;0;1;8;2;1;2;0;1;0;0;11;0;0;3
38257;Montrevel;84;38;0;0;0;0;0;0;0;0;0;0;0;0;0;0;0;0;0;0;0;0;3;0;0;0;0;1;2;2;0;0;0;0;0;0;0;0;0
38258;Mont-Saint-Martin;84;38;0;0;0;0;0;0;0;0;0;0;0;0;0;0;0;0;0;0;0;0;0;0;0;0;0;0;1;0;0;0;0;0;0;0;0;0;0
38259;Montseveroux;84;38;0;0;0;0;0;0;0;0;0;0;0;0;0;0;0;0;0;0;0;1;1;0;0;0;3;3;4;1;2;0;1;0;0;2;2;1;1
38260;Moras;84;38;0;0;0;0;0;0;0;0;0;0;0;0;0;0;0;0;0;0;0;0;0;0;0;0;1;0;1;3;0;1;1;0;0;0;0;0;0
38261;Morestel;84;38;0;1;0;0;0;0;0;0;0;0;1;1;0;0;0;6;2;1;0;0;8;1;1;4;5;6;11;3;3;1;9;1;1;20;10;1;2
38263;Morette;84;38;0;0;0;0;0;0;0;0;0;0;0;0;0;0;0;0;0;0;0;0;0;0;0;0;3;0;0;1;0;0;0;0;0;0;0;0;0
38264;La Morte;84;38;0;0;0;0;0;0;0;0;0;0;0;0;0;0;0;0;0;0;1;0;0;0;0;0;0;1;0;0;0;0;1;0;0;8;0;0;0
38265;La Motte-d'Aveillans;84;38;0;0;0;0;0;0;0;0;0;0;0;0;0;0;0;1;0;1;0;0;3;0;0;1;3;2;3;4;3;0;1;0;0;3;0;0;2
38266;La Motte-Saint-Martin;84;38;0;0;0;0;0;0;0;0;0;0;0;0;0;0;0;0;0;0;0;0;0;0;0;0;1;0;0;1;3;0;0;0;0;0;0;0;0
38267;Mottier;84;38;0;0;0;0;0;0;0;0;0;0;0;0;0;0;0;0;0;0;0;0;4;0;0;0;0;1;2;2;3;0;0;0;0;2;1;0;0
38268;Le Moutaret;84;38;0;0;0;0;0;0;0;0;0;0;0;0;0;0;0;0;0;0;0;0;0;0;0;0;0;0;0;0;2;0;0;1;0;0;0;0;0
38269;La Mure;84;38;0;1;0;0;0;0;0;0;0;0;2;1;0;0;0;6;3;1;0;0;11;1;0;3;14;7;7;10;4;1;11;2;2;25;10;2;5
38270;La Murette;84;38;0;0;0;0;0;0;0;0;0;0;0;0;0;0;0;0;0;0;0;1;3;0;0;0;4;5;3;3;3;1;1;0;0;4;0;0;1
38271;Murianette;84;38;0;0;0;0;0;0;0;0;0;0;0;0;0;0;0;0;0;0;0;0;1;0;0;0;0;1;0;1;3;0;1;0;0;0;0;0;0
38272;Murinais;84;38;0;0;0;0;0;0;0;0;0;0;0;0;0;0;0;0;0;0;0;0;0;0;0;0;4;1;0;0;2;0;1;0;0;1;0;0;0
38273;Nantes-en-Ratier;84;38;0;0;0;0;0;0;0;0;0;0;0;0;0;0;0;0;0;0;0;0;0;0;0;0;0;0;2;2;0;0;0;0;0;0;1;0;0
38274;Nantoin;84;38;0;0;0;0;0;0;0;0;0;0;0;0;0;0;0;0;0;0;0;0;1;0;0;0;1;0;1;0;0;0;1;0;0;1;0;0;0
38275;Serre-Nerpol;84;38;0;0;0;0;0;0;0;0;0;0;0;0;0;0;0;0;0;0;0;0;0;0;0;0;1;0;1;0;0;0;0;0;0;1;0;0;0
38276;Nivolas-Vermelle;84;38;0;0;0;0;0;0;0;0;0;0;0;0;0;0;0;0;0;1;0;0;8;0;0;2;7;10;3;4;4;0;5;1;0;3;1;0;3
38277;Notre-Dame-de-Commiers;84;38;0;0;0;0;0;0;0;0;0;0;0;0;0;0;0;0;0;0;0;0;0;0;0;0;0;1;2;1;0;0;2;0;0;0;0;0;0
38278;Notre-Dame-de-l'Osier;84;38;0;0;0;0;0;0;0;0;0;0;0;0;0;0;0;0;0;0;0;0;0;0;0;0;0;1;0;1;2;0;0;0;0;1;0;0;0
38279;Notre-Dame-de-Mésage;84;38;0;0;0;0;0;0;0;0;0;0;0;0;0;0;0;0;0;0;0;0;0;0;0;0;1;1;1;1;4;0;0;0;0;1;0;0;1
38280;Notre-Dame-de-Vaulx;84;38;0;0;0;0;0;0;0;0;0;0;0;0;0;0;0;0;0;0;0;1;0;0;0;0;0;1;1;1;2;0;1;0;0;1;0;0;0
38281;Noyarey;84;38;0;0;0;0;0;0;0;0;0;0;0;0;0;0;0;0;0;0;0;1;3;1;0;0;8;8;4;5;4;1;4;0;0;5;0;0;1
38282;Optevoz;84;38;0;0;0;0;0;0;0;0;0;0;0;0;0;0;0;0;1;0;1;0;2;0;0;0;2;0;1;3;1;1;1;0;0;1;1;0;0
38283;Oris-en-Rattier;84;38;0;0;0;0;0;0;0;0;0;0;0;0;0;0;0;0;0;0;0;0;0;0;0;0;1;0;2;0;1;0;0;0;0;0;0;0;0
38284;Ornacieux;84;38;0;0;0;0;0;0;0;0;0;0;0;0;0;0;0;0;0;0;0;0;0;0;0;0;0;0;1;0;0;0;0;0;0;0;0;0;0
38285;Ornon;84;38;0;0;0;0;0;0;0;0;0;0;0;0;0;0;0;0;0;0;0;0;0;0;0;0;0;0;3;0;1;0;0;0;0;1;0;0;1
38286;Oulles;84;38;0;0;0;0;0;0;0;0;0;0;0;0;0;0;0;0;0;0;0;0;0;0;0;0;0;0;0;0;0;0;0;0;0;0;0;0;0
38287;Oyeu;84;38;0;0;0;0;0;0;0;0;0;0;0;0;0;0;0;0;0;0;0;1;0;0;0;0;3;3;4;2;3;1;1;0;0;0;0;0;0
38288;Oytier-Saint-Oblas;84;38;0;0;0;0;0;0;0;0;0;0;0;0;0;0;0;0;0;0;0;0;3;0;0;0;2;7;4;4;4;1;2;0;0;5;0;0;2
38289;Oz;84;38;0;0;0;0;0;0;0;0;0;0;0;0;0;0;0;0;0;0;0;0;0;0;0;0;1;0;2;0;0;0;0;0;0;12;1;0;0
38290;Pact;84;38;0;0;0;0;0;0;0;0;0;0;0;0;0;0;0;0;0;0;0;1;2;0;0;0;2;2;1;1;0;0;1;0;0;2;0;0;0
38291;Pajay;84;38;0;0;0;0;0;0;0;0;0;0;0;0;0;0;0;0;1;0;0;0;4;0;0;0;2;7;1;0;1;0;1;0;0;1;0;0;0
38292;Paladru;84;38;0;0;0;0;0;0;0;0;0;0;0;0;0;0;0;0;0;0;0;1;0;0;0;0;0;7;2;2;7;1;2;0;0;2;1;0;1
38293;Panissage;84;38;0;0;0;0;0;0;0;0;0;0;0;0;0;0;0;0;0;0;0;0;1;0;0;0;1;1;4;1;1;0;1;0;0;1;0;0;1
38294;Panossas;84;38;0;0;0;0;0;0;0;0;0;0;0;0;0;0;0;0;0;0;0;0;1;0;0;0;0;0;1;1;3;1;0;0;0;1;0;0;2
38295;Parmilieu;84;38;0;0;0;0;0;0;0;0;0;0;0;0;0;0;0;0;0;0;0;1;0;0;0;0;0;0;0;1;0;0;1;0;0;3;1;0;0
38296;Le Passage;84;38;0;0;0;0;0;0;0;0;0;0;0;0;0;0;0;0;0;0;0;0;0;0;0;0;0;1;4;1;3;0;1;0;0;2;1;0;1
38297;Passins;84;38;0;0;0;0;0;0;0;0;0;0;0;0;0;0;0;0;0;0;0;0;12;3;0;0;0;1;4;5;4;1;3;1;0;5;0;1;1
38298;Le Péage-de-Roussillon;84;38;0;0;0;0;0;0;0;0;0;0;0;0;0;0;0;9;2;1;0;0;10;2;2;2;34;18;2;7;7;2;14;2;4;25;10;1;5
38299;Pellafol;84;38;0;0;0;0;0;0;0;0;0;0;0;0;0;0;0;0;0;0;0;0;0;0;0;0;1;1;0;0;0;0;0;0;0;0;0;0;0
38300;Penol;84;38;0;0;0;0;0;0;0;0;0;0;0;0;0;0;0;0;0;0;0;0;0;0;0;0;1;2;0;3;1;0;0;0;0;1;0;0;1
38301;Percy;84;38;0;0;0;0;0;0;0;0;0;0;0;0;0;0;0;0;0;0;0;0;2;0;0;0;1;0;1;1;0;0;0;0;0;0;0;0;0
38302;Le Périer;84;38;0;0;0;0;0;0;0;0;0;0;0;0;0;0;0;0;0;0;0;1;0;0;0;0;0;0;2;1;0;0;0;0;0;1;0;0;0
38303;La Pierre;84;38;0;0;0;0;0;0;0;0;0;0;0;0;0;0;0;0;0;0;0;0;0;0;0;0;0;1;1;3;0;0;1;0;0;1;0;0;2
38304;Pierre-Châtel;84;38;0;0;0;0;0;0;0;0;0;0;0;0;0;0;0;0;0;0;0;1;4;0;0;0;2;1;1;2;1;1;3;0;0;3;0;0;1
38305;Le Pin;84;38;0;0;0;0;0;0;0;0;0;0;0;0;0;0;0;0;0;1;0;0;0;0;0;0;3;0;4;2;2;1;1;0;0;2;0;0;1
38306;Pinsot;84;38;0;0;0;0;0;0;0;0;0;0;0;0;0;0;0;0;0;0;0;0;1;0;0;0;1;0;1;1;0;1;0;0;0;0;0;0;0
38307;Pisieu;84;38;0;0;0;0;0;0;0;0;0;0;0;0;0;0;0;0;0;0;0;0;0;0;0;0;1;0;0;0;0;0;1;0;0;1;0;0;1
38308;Plan;84;38;0;0;0;0;0;0;0;0;0;0;0;0;0;0;0;0;0;0;0;0;1;0;0;0;0;0;0;0;1;0;0;0;0;0;0;0;0
38309;Poisat;84;38;0;0;0;0;0;0;0;0;0;0;0;0;0;0;0;0;0;0;0;1;5;0;0;0;0;1;5;5;3;0;4;0;0;2;2;0;1
38310;Poliénas;84;38;0;0;0;0;0;0;0;0;0;0;0;0;0;0;0;0;0;0;0;1;4;0;0;0;5;3;0;1;1;1;1;0;0;2;1;0;0
38311;Pommier-de-Beaurepaire;84;38;0;0;0;0;0;0;0;0;0;0;0;0;0;0;0;0;0;0;0;1;2;0;0;0;1;0;1;0;3;0;0;0;0;1;1;0;0
38312;Pommiers-la-Placette;84;38;0;0;0;0;0;0;0;0;0;0;0;0;0;0;0;0;0;0;0;0;0;0;0;0;1;0;0;0;2;0;0;0;0;0;1;0;0
38313;Ponsonnas;84;38;0;0;0;0;0;0;0;0;0;0;0;0;0;0;0;0;0;0;0;0;2;0;0;0;1;0;0;0;0;0;0;0;0;0;0;0;0
38314;Pontcharra;84;38;0;1;0;0;0;0;0;0;0;0;1;1;0;0;0;9;2;1;0;0;8;1;0;3;8;13;13;7;11;3;12;3;4;21;7;2;7
38315;Le Pont-de-Beauvoisin;84;38;0;1;0;0;0;0;0;0;0;0;1;1;0;0;0;7;2;1;0;0;4;0;0;3;5;8;7;6;9;1;7;2;3;11;7;1;1
38316;Pont-de-Chéruy;84;38;0;1;0;0;0;0;0;0;0;0;1;1;0;0;0;10;1;1;0;0;4;0;0;5;12;7;5;6;3;1;10;1;3;15;8;4;10
38317;Le Pont-de-Claix;84;38;0;1;0;0;0;0;0;0;0;0;0;1;0;0;0;7;0;1;0;0;38;1;3;1;19;35;13;14;16;5;11;2;10;36;7;3;7
38318;Pont-Évêque;84;38;0;0;0;0;0;0;0;0;0;0;0;0;0;0;0;4;2;1;0;0;14;1;0;1;23;27;12;9;6;1;7;1;0;8;3;2;3
38319;Pont-en-Royans;84;38;0;1;0;0;0;0;0;0;0;0;0;0;0;0;0;0;0;1;0;0;2;0;0;1;5;1;0;1;1;2;1;0;0;8;0;0;1
38320;Porcieu-Amblagnieu;84;38;0;0;0;0;0;0;0;0;0;0;0;0;0;0;0;0;0;0;0;0;4;0;0;0;4;7;2;4;5;0;0;0;0;2;2;0;0
38321;Prébois;84;38;0;0;0;0;0;0;0;0;0;0;0;0;0;0;0;0;0;0;0;0;1;0;0;0;0;0;0;0;0;0;0;0;0;0;0;0;1
38322;Presles;84;38;0;0;0;0;0;0;0;0;0;0;0;0;0;0;0;0;0;0;0;0;0;0;0;0;0;0;0;0;0;0;0;0;0;1;0;0;0
38323;Pressins;84;38;0;0;0;0;0;0;0;0;0;0;0;0;0;0;0;0;0;0;0;1;5;0;0;0;0;2;5;2;4;1;0;0;0;6;0;0;0
38324;Primarette;84;38;0;0;0;0;0;0;0;0;0;0;0;0;0;0;0;0;0;0;0;1;1;0;0;0;1;0;0;1;2;0;0;0;0;3;0;0;0
38325;Proveysieux;84;38;0;0;0;0;0;0;0;0;0;0;0;0;0;0;0;0;0;0;0;0;0;0;0;0;1;0;1;0;1;2;0;0;0;1;0;0;0
38326;Prunières;84;38;0;0;0;0;0;0;0;0;0;0;0;0;0;0;0;0;0;0;0;0;1;0;0;0;0;1;0;1;1;1;0;0;0;0;0;0;1
38328;Quaix-en-Chartreuse;84;38;0;0;0;0;0;0;0;0;0;0;0;0;0;0;0;0;0;0;0;0;1;0;0;0;2;0;3;1;1;1;0;0;0;0;0;0;0
38329;Quet-en-Beaumont;84;38;0;0;0;0;0;0;0;0;0;0;0;0;0;0;0;0;0;0;0;0;1;0;0;0;0;0;0;0;0;0;0;0;0;0;0;0;0
38330;Quincieu;84;38;0;0;0;0;0;0;0;0;0;0;0;0;0;0;0;0;0;0;0;0;0;0;0;0;0;0;1;0;0;0;0;0;0;0;0;0;0
38331;Réaumont;84;38;0;0;0;0;0;0;0;0;0;0;0;0;0;0;0;1;0;0;0;0;1;0;0;0;2;3;5;5;2;0;1;0;0;2;0;0;1
38332;Renage;84;38;0;1;0;0;0;0;0;0;0;0;0;0;0;0;0;0;0;1;0;0;6;1;0;0;11;7;22;12;8;3;7;0;0;3;3;0;4
38333;Rencurel;84;38;0;0;0;0;0;0;0;0;0;0;0;0;0;0;0;0;0;0;0;1;0;0;0;0;1;0;0;1;0;1;0;0;0;1;0;0;0
38334;Revel;84;38;0;0;0;0;0;0;0;0;0;0;0;0;0;0;0;0;0;0;0;0;0;0;0;0;1;1;4;7;2;0;1;0;0;4;0;0;0
38335;Revel-Tourdan;84;38;0;0;0;0;0;0;0;0;0;0;0;0;0;0;0;0;0;0;0;1;1;0;0;0;5;1;2;3;0;0;2;0;0;3;0;0;0
38336;Reventin-Vaugris;84;38;0;0;0;0;0;0;0;0;0;0;0;0;0;0;0;0;0;0;0;1;5;1;1;1;2;3;3;2;6;2;1;0;1;6;1;0;2
38337;Rives;84;38;0;0;0;0;0;0;0;0;0;0;1;0;1;0;0;6;1;1;0;0;14;1;0;2;19;26;9;11;6;3;13;1;3;17;11;1;9
38338;La Rivière;84;38;0;0;0;0;0;0;0;0;0;0;0;0;0;0;0;0;0;0;0;0;0;0;0;0;0;1;1;0;1;1;0;0;0;2;1;0;0
38339;Roche;84;38;0;0;0;0;0;0;0;0;0;0;0;0;0;0;0;0;0;0;0;1;4;0;0;0;2;3;8;5;4;0;4;0;0;3;1;0;0
38340;Les Roches-de-Condrieu;84;38;0;0;0;0;0;0;0;0;0;0;0;0;0;0;0;0;0;1;0;0;3;0;0;2;4;3;3;3;1;1;3;0;0;2;2;0;1
38341;Rochetoirin;84;38;0;0;0;0;0;0;0;0;0;0;0;0;0;0;0;1;0;0;0;0;7;0;0;0;3;4;7;3;6;2;1;0;1;2;0;1;0
38342;Roissard;84;38;0;0;0;0;0;0;0;0;0;0;0;0;0;0;0;0;0;0;0;0;0;0;0;0;1;1;1;3;0;0;1;0;0;5;0;0;0
38343;Romagnieu;84;38;0;0;0;0;0;0;0;0;0;0;0;0;0;0;0;0;1;0;0;0;4;1;0;0;2;2;8;2;1;0;2;0;0;3;1;0;1
38344;Roussillon;84;38;0;1;0;0;0;0;0;0;0;0;1;1;0;0;0;3;1;1;0;1;19;0;1;5;29;22;11;11;5;4;16;0;7;17;7;0;6
38345;Rovon;84;38;0;0;0;0;0;0;0;0;0;0;0;0;0;0;0;0;0;0;0;0;1;0;0;0;0;1;1;5;1;0;1;0;0;1;1;0;0
38346;Royas;84;38;0;0;0;0;0;0;0;0;0;0;0;0;0;0;0;0;0;0;0;0;2;0;0;0;3;1;1;0;2;1;0;0;0;2;0;1;0
38347;Roybon;84;38;0;1;0;0;0;0;0;0;0;0;0;0;0;0;0;0;0;1;0;0;1;0;0;0;4;1;2;1;2;0;1;4;0;2;0;0;1
38348;Ruy-Montceau;84;38;0;0;0;0;0;0;0;0;0;0;0;0;0;0;0;1;0;1;0;0;8;0;0;1;16;8;14;10;8;0;4;0;0;5;5;0;5
38349;Sablons;84;38;0;0;0;0;0;0;0;0;0;0;0;0;0;0;0;0;0;0;1;0;0;0;0;0;3;5;1;4;3;1;4;0;0;4;1;0;1
38350;Sainte-Agnès;84;38;0;0;0;0;0;0;0;0;0;0;0;0;0;0;0;0;0;0;0;0;0;0;0;0;2;1;0;0;0;2;0;0;0;3;0;0;0
38351;Saint-Agnin-sur-Bion;84;38;0;0;0;0;0;0;0;0;0;0;0;0;0;0;0;0;0;0;0;0;0;0;1;0;3;1;2;1;1;0;0;0;0;1;2;0;0
38352;Saint-Alban-de-Roche;84;38;0;0;0;0;0;0;0;0;0;0;0;0;0;0;0;0;0;1;0;0;0;0;1;1;3;3;1;3;0;0;3;0;0;5;0;0;3
38353;Saint-Alban-du-Rhône;84;38;0;0;0;0;0;0;0;0;0;0;0;0;0;0;0;0;0;0;0;1;0;0;1;0;1;0;0;4;3;0;0;0;0;0;0;0;1
38354;Saint-Albin-de-Vaulserre;84;38;0;0;0;0;0;0;0;0;0;0;0;0;0;0;0;0;0;0;0;1;1;0;0;0;1;0;0;1;1;0;0;0;0;0;0;0;2
38355;Saint-Andéol;84;38;0;0;0;0;0;0;0;0;0;0;0;0;0;0;0;0;0;0;0;0;0;0;0;0;1;0;0;0;1;0;0;0;0;0;0;0;0
38356;Saint-André-en-Royans;84;38;0;0;0;0;0;0;0;0;0;0;0;0;0;0;0;0;0;0;0;0;0;0;0;0;2;0;0;0;0;0;1;0;0;1;0;0;0
38357;Saint-André-le-Gaz;84;38;0;0;0;0;0;0;0;0;0;0;0;0;0;0;0;0;2;0;0;1;2;0;0;0;7;3;2;3;5;1;3;0;0;5;3;0;4
38358;Sainte-Anne-sur-Gervonde;84;38;0;0;0;0;0;0;0;0;0;0;0;0;0;0;0;0;0;0;0;0;0;0;0;0;1;0;1;0;1;0;0;0;0;0;0;0;0
38359;Saint Antoine l'Abbaye;84;38;0;0;0;0;0;0;0;0;0;0;0;0;0;0;0;0;0;0;1;0;4;0;0;0;2;1;5;1;1;1;1;0;0;6;1;0;1
38360;Saint-Appolinard;84;38;0;0;0;0;0;0;0;0;0;0;0;0;0;0;0;0;0;0;0;0;0;0;0;0;0;0;1;0;0;2;0;0;0;0;0;0;0
38361;Saint-Arey;84;38;0;0;0;0;0;0;0;0;0;0;0;0;0;0;0;0;0;0;0;0;0;0;0;0;0;0;0;0;0;1;0;0;0;0;0;0;0
38362;Saint-Aupre;84;38;0;0;0;0;0;0;0;0;0;0;0;0;0;0;0;0;0;0;0;0;2;0;0;0;2;0;3;2;0;0;2;0;0;1;4;0;1
38363;Saint-Barthélemy;84;38;0;0;0;0;0;0;0;0;0;0;0;0;0;0;0;0;0;0;0;0;2;0;0;1;3;5;1;2;0;0;2;3;0;5;3;0;0
38364;Saint-Barthélemy-de-Séchilienne;84;38;0;0;0;0;0;0;0;0;0;0;0;0;0;0;0;0;0;0;0;0;1;0;0;0;0;1;0;0;1;0;0;0;0;0;0;0;0
38365;Saint-Baudille-de-la-Tour;84;38;0;0;0;0;0;0;0;0;0;0;0;0;0;0;0;0;0;0;0;0;1;0;0;0;1;3;3;4;2;0;0;0;0;0;0;0;0
38366;Saint-Baudille-et-Pipet;84;38;0;0;0;0;0;0;0;0;0;0;0;0;0;0;0;0;0;0;0;0;0;0;0;0;1;1;1;2;0;0;0;0;0;0;1;0;0
38367;Saint-Bernard;84;38;0;0;0;0;0;0;0;0;0;0;0;0;0;0;0;0;0;0;0;0;0;0;0;0;1;2;3;0;1;0;0;0;0;2;0;0;0
38368;Saint-Blaise-du-Buis;84;38;0;0;0;0;0;0;0;0;0;0;0;0;0;0;0;0;0;0;0;0;1;0;0;0;3;4;3;3;0;0;0;0;0;2;0;0;0
38369;Sainte-Blandine;84;38;0;0;0;0;0;0;0;0;0;0;0;0;0;0;0;0;0;0;0;0;1;0;0;0;1;3;2;1;2;0;0;0;0;0;1;0;0
38370;Saint-Bonnet-de-Chavagne;84;38;0;0;0;0;0;0;0;0;0;0;0;0;0;0;0;0;0;0;0;0;1;0;0;0;2;0;0;0;1;0;0;0;0;0;0;0;0
38372;Saint-Bueil;84;38;0;0;0;0;0;0;0;0;0;0;0;0;0;0;0;0;0;0;0;0;0;0;0;0;2;3;3;3;4;0;1;0;0;1;1;0;0
38373;Saint-Cassien;84;38;0;0;0;0;0;0;0;0;0;0;0;0;0;0;0;0;0;0;0;0;2;0;1;0;2;5;2;2;4;1;1;0;0;3;3;0;0
38374;Saint-Chef;84;38;0;0;0;0;0;0;0;0;0;0;0;0;0;0;0;0;0;1;0;0;3;0;0;1;6;7;12;8;9;0;3;1;0;5;6;0;5
38375;Saint-Christophe-en-Oisans;84;38;0;0;0;0;0;0;0;0;0;0;0;0;0;0;0;0;0;0;0;0;0;0;0;0;0;0;0;0;0;0;0;0;0;4;0;0;0
38376;Saint-Christophe-sur-Guiers;84;38;0;0;0;0;0;0;0;0;0;0;0;0;0;0;0;0;0;0;0;0;3;0;0;0;2;0;3;3;4;2;0;0;0;0;1;0;0
38377;Saint-Clair-de-la-Tour;84;38;0;0;0;0;0;0;0;0;0;0;0;0;0;0;0;0;0;1;0;0;8;0;0;1;13;16;4;7;4;1;5;0;0;4;2;1;5
38378;Saint-Clair-du-Rhône;84;38;0;1;0;0;0;0;0;0;0;0;0;0;0;0;0;2;0;1;0;0;8;1;0;2;3;5;14;4;8;2;4;2;0;12;1;0;7
38379;Saint-Clair-sur-Galaure;84;38;0;0;0;0;0;0;0;0;0;0;0;0;0;0;0;0;0;0;0;1;0;0;0;1;0;1;1;0;2;0;0;0;0;0;0;0;0
38380;Saint-Didier-de-Bizonnes;84;38;0;0;0;0;0;0;0;0;0;0;0;0;0;0;0;0;0;0;0;0;0;0;0;0;1;0;0;0;0;0;0;0;0;0;0;0;1
38381;Saint-Didier-de-la-Tour;84;38;0;0;0;0;0;0;0;0;0;0;0;0;0;0;0;0;0;0;0;0;9;0;0;0;2;1;7;1;5;0;2;0;0;5;1;0;2
38382;Saint-Égrève;84;38;0;1;0;0;0;0;0;0;0;0;1;0;0;0;0;10;0;1;0;0;15;2;2;3;9;19;20;15;14;6;11;2;5;36;19;4;10
38383;Saint-Étienne-de-Crossey;84;38;0;0;0;0;0;0;0;0;0;0;0;0;0;0;0;0;0;1;0;0;4;0;0;1;3;5;4;6;5;1;2;0;0;7;4;0;3
38384;Saint-Étienne-de-Saint-Geoirs;84;38;0;1;0;0;0;0;0;0;0;0;1;0;0;0;0;7;0;1;0;0;5;1;6;4;3;18;11;7;3;4;7;2;1;15;8;1;6
38386;Saint-Geoire-en-Valdaine;84;38;0;1;0;0;0;0;0;0;0;0;1;0;1;0;0;1;2;1;0;0;3;0;0;0;5;7;5;2;5;2;3;0;0;3;4;0;2
38387;Saint-Geoirs;84;38;0;0;0;0;0;0;0;0;0;0;0;0;0;0;0;0;0;0;0;0;2;0;0;0;1;0;2;3;1;0;0;0;0;3;1;0;1
38388;Saint-Georges-de-Commiers;84;38;0;0;0;0;0;0;0;0;0;0;0;0;0;0;0;0;0;0;0;0;1;0;0;0;0;1;8;1;4;2;2;0;0;1;0;0;1
38389;Saint-Georges-d'Espéranche;84;38;0;0;0;0;0;0;0;0;0;0;0;0;0;0;0;2;0;1;0;0;5;0;0;2;1;8;5;8;9;2;4;0;1;7;4;0;9
38390;Saint-Gervais;84;38;0;1;0;0;0;0;0;0;0;0;0;0;0;0;0;0;0;0;0;1;0;0;0;0;1;2;3;1;0;0;0;0;0;0;1;0;1
38391;Saint-Guillaume;84;38;0;0;0;0;0;0;0;0;0;0;0;0;0;0;0;0;0;0;0;1;1;0;0;0;1;0;0;0;1;0;0;0;0;1;0;0;0
38392;Saint-Hilaire-de-Brens;84;38;0;0;0;0;0;0;0;0;0;0;0;0;0;0;0;0;0;0;0;1;0;0;0;0;2;0;0;2;1;0;0;0;0;1;1;0;0
38393;Saint-Hilaire-de-la-Côte;84;38;0;0;0;0;0;0;0;0;0;0;0;0;0;0;0;0;0;0;0;1;1;0;0;0;0;5;5;1;1;1;3;0;0;1;0;0;3
38394;Saint-Hilaire-du-Rosier;84;38;0;0;0;0;0;0;0;0;0;0;0;0;0;0;0;0;0;1;0;1;2;0;0;0;6;3;1;1;4;1;2;0;0;2;0;0;1
38395;Saint-Hilaire;84;38;0;0;0;0;0;0;0;0;0;0;0;0;0;0;0;0;0;1;0;0;1;0;0;0;0;0;2;0;0;0;1;0;0;6;0;0;1
38396;Saint-Honoré;84;38;0;0;0;0;0;0;0;0;0;0;0;0;0;0;0;0;0;0;0;0;2;0;0;0;1;0;0;1;2;0;1;0;0;0;0;0;0
38397;Saint-Ismier;84;38;0;1;0;0;0;0;0;0;0;0;0;0;0;0;0;7;0;1;0;0;3;0;0;2;4;2;12;6;8;4;6;3;0;12;10;1;3
38398;Saint-Jean-d'Avelanne;84;38;0;0;0;0;0;0;0;0;0;0;0;0;0;0;0;0;0;0;0;0;1;0;0;0;2;1;5;1;1;0;0;0;0;0;0;0;0
38399;Saint-Jean-de-Bournay;84;38;0;1;0;0;0;0;0;0;0;0;1;0;0;0;0;4;1;1;0;0;17;2;0;2;4;18;4;10;9;1;11;6;0;12;3;2;3
38400;Saint-Jean-de-Moirans;84;38;0;0;0;0;0;0;0;0;0;0;0;0;0;0;0;0;0;0;0;1;3;1;0;0;4;5;9;9;7;2;2;0;0;5;3;0;4
38401;Saint-Jean-de-Soudain;84;38;0;0;0;0;0;0;0;0;0;0;0;0;0;0;0;0;0;0;0;0;10;1;0;0;5;7;3;4;3;3;1;6;0;4;5;0;0
38402;Saint-Jean-de-Vaulx;84;38;0;0;0;0;0;0;0;0;0;0;0;0;0;0;0;0;0;0;0;0;0;0;0;0;0;0;1;0;1;0;0;0;0;1;0;0;0
38403;Saint-Jean-d'Hérans;84;38;0;0;0;0;0;0;0;0;0;0;0;0;0;0;0;0;0;0;0;1;1;0;0;0;0;1;1;0;0;1;0;0;0;0;0;0;0
38404;Saint-Jean-le-Vieux;84;38;0;0;0;0;0;0;0;0;0;0;0;0;0;0;0;0;0;0;0;0;0;0;0;0;0;0;1;0;0;0;0;0;0;0;0;0;0
38405;Saint-Joseph-de-Rivière;84;38;0;0;0;0;0;0;0;0;0;0;0;0;0;0;0;0;0;0;0;1;3;1;0;0;3;3;2;2;2;0;1;0;0;3;1;0;1
38406;Saint-Julien-de-l'Herms;84;38;0;0;0;0;0;0;0;0;0;0;0;0;0;0;0;0;0;0;0;0;0;0;0;0;0;0;1;1;0;0;0;0;0;0;0;0;0
38407;Saint-Julien-de-Raz;84;38;0;0;0;0;0;0;0;0;0;0;0;0;0;0;0;0;0;0;0;0;5;0;0;0;0;1;1;0;0;1;0;0;0;2;1;0;1
38408;Saint-Just-Chaleyssin;84;38;0;0;0;0;0;0;0;0;0;0;0;0;0;0;0;1;0;0;0;1;4;0;0;1;1;3;4;2;5;0;3;1;1;5;1;0;5
38409;Saint-Just-de-Claix;84;38;0;0;0;0;0;0;0;0;0;0;0;0;0;0;0;0;0;0;0;1;3;1;0;1;4;2;2;5;3;0;2;0;0;3;0;0;2
38410;Saint-Lattier;84;38;0;0;0;0;0;0;0;0;0;0;0;0;0;0;0;0;0;0;1;0;4;0;0;0;2;0;4;3;1;1;1;0;0;3;3;0;3
38412;Saint-Laurent-du-Pont;84;38;0;1;0;0;0;0;0;0;0;0;1;0;0;0;0;5;3;1;0;0;9;0;0;2;6;4;7;13;8;3;10;1;0;15;9;1;3
38413;Saint-Laurent-en-Beaumont;84;38;0;0;0;0;0;0;0;0;0;0;0;0;0;0;0;0;0;0;0;0;0;0;0;0;3;1;4;0;0;0;0;0;0;2;0;0;0
38414;Sainte-Luce;84;38;0;0;0;0;0;0;0;0;0;0;0;0;0;0;0;0;0;0;0;0;0;0;0;0;0;0;0;0;2;0;0;0;0;0;0;0;0
38415;Saint-Marcel-Bel-Accueil;84;38;0;0;0;0;0;0;0;0;0;0;0;0;0;0;0;0;0;0;0;0;1;0;0;0;1;5;4;3;1;0;2;0;0;3;0;0;0
38416;Saint-Marcellin;84;38;0;1;0;0;0;0;0;0;0;0;4;1;1;0;0;11;1;1;0;0;11;4;0;4;12;9;7;9;11;5;18;5;3;28;11;3;8
38417;Sainte-Marie-d'Alloix;84;38;0;0;0;0;0;0;0;0;0;0;0;0;0;0;0;0;0;0;0;0;1;0;0;0;0;1;2;1;0;0;2;0;0;2;0;0;0
38418;Sainte-Marie-du-Mont;84;38;0;0;0;0;0;0;0;0;0;0;0;0;0;0;0;0;0;0;0;0;0;0;0;0;0;1;0;0;0;0;1;0;0;0;0;0;0
38419;Saint-Martin-de-Clelles;84;38;0;0;0;0;0;0;0;0;0;0;0;0;0;0;0;0;0;0;0;0;1;0;0;0;0;1;1;1;0;0;0;0;0;1;0;0;0
38420;Saint-Martin-de-Vaulserre;84;38;0;0;0;0;0;0;0;0;0;0;0;0;0;0;0;0;0;0;0;0;0;0;0;0;0;1;1;0;0;0;0;0;0;0;0;0;0
38421;Saint-Martin-d'Hères;84;38;0;0;0;0;0;0;0;0;0;0;1;1;0;0;0;15;2;3;0;0;59;6;3;5;41;108;43;35;42;19;31;1;1;74;9;9;16
38422;Saint-Martin-d'Uriage;84;38;0;0;0;0;0;0;0;0;0;0;0;0;0;0;0;2;0;1;0;1;2;0;0;1;3;3;10;6;5;2;7;2;0;13;14;1;3
38423;Saint-Martin-le-Vinoux;84;38;0;0;0;0;0;0;0;0;0;0;0;0;0;0;0;0;0;1;0;0;9;0;0;1;11;6;7;3;6;11;3;0;1;10;6;1;3
38424;Saint-Maurice-en-Trièves;84;38;0;0;0;0;0;0;0;0;0;0;0;0;0;0;0;0;0;0;0;1;1;0;0;0;0;0;0;0;0;0;0;0;0;2;0;0;0
38425;Saint-Maurice-l'Exil;84;38;0;0;0;0;0;0;0;0;0;0;0;0;0;0;0;1;0;1;0;0;17;2;0;2;24;21;8;5;13;1;5;0;1;9;1;1;7
38426;Saint-Maximin;84;38;0;0;0;0;0;0;0;0;0;0;0;0;0;0;0;0;0;0;0;0;1;0;0;0;1;1;1;2;2;2;0;0;0;2;1;0;0
38427;Saint-Michel-de-Saint-Geoirs;84;38;0;0;0;0;0;0;0;0;0;0;0;0;0;0;0;0;0;0;0;0;0;0;0;0;0;0;1;0;0;0;0;0;0;1;0;0;0
38428;Saint-Michel-en-Beaumont;84;38;0;0;0;0;0;0;0;0;0;0;0;0;0;0;0;0;0;0;0;0;0;0;0;0;0;0;0;0;0;0;0;0;0;0;0;0;0
38429;Saint-Michel-les-Portes;84;38;0;0;0;0;0;0;0;0;0;0;0;0;0;0;0;0;0;0;0;0;0;0;0;0;0;0;1;0;0;0;0;0;0;0;0;0;0
38430;Saint-Mury-Monteymond;84;38;0;0;0;0;0;0;0;0;0;0;0;0;0;0;0;0;0;0;0;0;0;0;0;0;1;0;0;1;1;0;0;0;0;0;0;0;0
38431;Saint-Nazaire-les-Eymes;84;38;0;0;0;0;0;0;0;0;0;0;0;0;0;0;0;0;0;0;0;1;2;0;0;0;3;4;1;5;3;0;2;0;0;2;3;0;3
38432;Saint-Nicolas-de-Macherin;84;38;0;0;0;0;0;0;0;0;0;0;0;0;0;0;0;0;0;0;0;0;0;0;0;0;0;1;5;1;1;0;1;0;0;4;2;0;0
38433;Saint-Nizier-du-Moucherotte;84;38;0;0;0;0;0;0;0;0;0;0;0;0;0;0;0;0;0;0;0;1;2;0;0;0;3;3;3;5;1;2;0;0;0;2;3;1;1
38434;Saint-Ondras;84;38;0;0;0;0;0;0;0;0;0;0;0;0;0;0;0;0;0;0;0;0;2;0;0;0;1;2;2;1;0;0;0;0;0;1;0;0;0
38435;Saint-Pancrasse;84;38;0;0;0;0;0;0;0;0;0;0;0;0;0;0;0;0;0;0;0;0;0;0;0;0;1;0;0;0;1;1;0;0;0;0;1;0;0
38436;Saint-Paul-de-Varces;84;38;0;0;0;0;0;0;0;0;0;0;0;0;0;0;0;0;0;0;0;0;0;0;0;0;0;7;14;5;3;3;3;0;0;4;3;0;0
38437;Saint-Paul-d'Izeaux;84;38;0;0;0;0;0;0;0;0;0;0;0;0;0;0;0;0;0;0;0;0;0;0;0;0;0;2;2;2;0;0;0;0;0;1;2;0;0
38438;Saint-Paul-lès-Monestier;84;38;0;0;0;0;0;0;0;0;0;0;0;0;0;0;0;0;0;0;0;0;2;0;0;0;1;0;2;0;1;0;0;0;0;0;0;0;0
38439;Crêts en Belledonne;84;38;0;0;0;0;0;0;0;0;0;0;0;0;0;0;0;1;0;0;0;1;5;0;0;1;5;3;8;7;5;4;6;1;0;3;3;0;1
38440;Saint-Pierre-de-Bressieux;84;38;0;0;0;0;0;0;0;0;0;0;0;0;0;0;0;0;0;0;0;1;2;0;0;0;0;0;2;2;1;0;0;0;0;0;1;0;0
38442;Saint-Pierre-de-Chartreuse;84;38;0;0;0;0;0;0;0;0;0;0;0;0;0;0;0;0;0;1;0;0;3;0;0;0;3;3;4;3;1;0;1;0;0;17;2;0;0
38443;Saint-Pierre-de-Chérennes;84;38;0;0;0;0;0;0;0;0;0;0;0;0;0;0;0;0;0;0;0;0;0;0;0;0;0;0;0;2;1;1;1;0;0;0;0;0;0
38444;Saint-Pierre-de-Méaroz;84;38;0;0;0;0;0;0;0;0;0;0;0;0;0;0;0;0;0;0;0;0;0;0;0;0;1;0;1;0;0;0;0;0;0;0;0;0;0
38445;Saint-Pierre-de-Mésage;84;38;0;0;0;0;0;0;0;0;0;0;0;0;0;0;0;0;0;0;0;0;0;0;0;0;1;0;1;4;1;0;0;0;0;0;0;0;0
38446;Saint-Pierre-d'Entremont;84;38;0;0;0;0;0;0;0;0;0;0;0;0;0;0;0;0;0;0;0;0;2;0;0;0;1;0;4;2;0;0;0;0;0;6;1;0;1
38448;Saint-Prim;84;38;0;0;0;0;0;0;0;0;0;0;0;0;0;0;0;0;0;0;0;0;0;0;0;0;6;3;1;3;3;0;2;0;0;2;0;0;1
38449;Saint-Quentin-Fallavier;84;38;0;0;0;0;0;0;0;0;0;0;0;0;0;0;0;4;0;1;0;0;15;2;1;6;6;8;7;15;8;1;10;1;17;28;7;1;5
38450;Saint-Quentin-sur-Isère;84;38;0;0;0;0;0;0;0;0;0;0;0;0;0;0;0;0;0;0;1;0;4;0;0;0;2;4;7;5;2;3;3;0;0;5;3;0;0
38451;Saint-Romain-de-Jalionas;84;38;0;0;0;0;0;0;0;0;0;0;0;0;0;0;0;0;1;1;0;0;12;2;1;1;8;9;7;10;9;0;6;0;0;5;6;1;4
38452;Saint-Romain-de-Surieu;84;38;0;0;0;0;0;0;0;0;0;0;0;0;0;0;0;0;0;0;0;0;1;0;0;0;0;0;2;1;0;0;0;0;0;0;0;0;0
38453;Saint-Romans;84;38;0;0;0;0;0;0;0;0;0;0;0;0;0;0;0;0;0;0;1;0;5;0;0;0;4;5;7;3;5;2;3;1;0;3;1;0;1
38454;Saint-Sauveur;84;38;0;0;0;0;0;0;0;0;0;0;0;0;0;0;0;0;1;0;0;0;5;0;0;0;5;4;4;1;1;2;4;0;0;8;0;0;1
38455;Saint-Savin;84;38;0;0;0;0;0;0;0;0;0;0;0;0;0;0;0;0;2;1;0;0;7;2;0;1;8;8;19;7;5;3;3;0;0;8;3;0;3
38456;Saint-Sébastien;84;38;0;0;0;0;0;0;0;0;0;0;0;0;0;0;0;0;0;0;0;0;1;0;0;0;4;0;1;0;0;2;0;0;0;0;0;0;0
38457;Saint-Siméon-de-Bressieux;84;38;0;0;0;0;0;0;0;0;0;0;0;0;0;0;0;1;0;1;0;0;7;0;0;2;9;6;11;3;3;1;6;0;0;8;1;0;3
38458;Saint-Sorlin-de-Morestel;84;38;0;0;0;0;0;0;0;0;0;0;0;0;0;0;0;0;0;0;0;0;2;0;0;0;1;1;1;1;0;0;0;0;0;0;1;0;1
38459;Saint-Sorlin-de-Vienne;84;38;0;0;0;0;0;0;0;0;0;0;0;0;0;0;0;0;0;0;0;0;4;0;0;0;2;1;7;2;1;0;0;0;0;1;1;0;1
38460;Saint-Sulpice-des-Rivoires;84;38;0;0;0;0;0;0;0;0;0;0;0;0;0;0;0;0;0;0;0;0;1;0;0;0;1;1;0;1;2;0;0;0;0;0;0;0;0
38462;Saint-Théoffrey;84;38;0;0;0;0;0;0;0;0;0;0;0;0;0;0;0;0;0;0;0;0;1;0;0;0;1;1;3;2;2;0;0;0;0;3;0;0;2
38463;Saint-Vérand;84;38;0;0;0;0;0;0;0;0;0;0;0;0;0;0;0;0;0;0;0;1;2;0;0;0;2;4;9;7;2;0;1;0;0;2;3;0;1
38464;Saint-Victor-de-Cessieu;84;38;0;0;0;0;0;0;0;0;0;0;0;0;0;0;0;0;0;1;0;0;6;0;0;0;1;4;2;5;3;0;1;1;0;6;0;0;2
38465;Saint-Victor-de-Morestel;84;38;0;0;0;0;0;0;0;0;0;0;0;0;0;0;0;0;0;0;0;0;4;0;0;0;1;3;0;3;2;0;1;0;0;2;2;0;0
38466;Saint-Vincent-de-Mercuze;84;38;0;0;0;0;0;0;0;0;0;0;0;0;0;0;0;0;0;0;0;0;1;1;0;1;4;2;4;0;0;1;0;1;0;2;0;0;0
38467;Salagnon;84;38;0;0;0;0;0;0;0;0;0;0;0;0;0;0;0;0;0;0;1;0;0;0;0;0;6;1;2;3;5;2;0;0;0;2;0;0;0
38468;Salaise-sur-Sanne;84;38;0;0;0;0;0;0;0;0;0;0;0;0;0;0;0;5;0;1;0;0;12;3;1;2;15;11;9;6;6;4;9;0;1;23;4;1;3
38469;La Salette-Fallavaux;84;38;0;0;0;0;0;0;0;0;0;0;0;0;0;0;0;0;0;0;0;0;0;0;0;0;0;0;1;0;0;0;0;0;0;0;0;0;0
38470;La Salle-en-Beaumont;84;38;0;0;0;0;0;0;0;0;0;0;0;0;0;0;0;0;0;0;1;0;0;0;0;0;0;0;1;0;0;1;0;0;0;2;0;0;0
38471;Le Sappey-en-Chartreuse;84;38;0;0;0;0;0;0;0;0;0;0;0;0;0;0;0;0;0;0;0;1;1;0;0;0;1;2;4;2;0;1;0;0;0;6;2;0;0
38472;Sarcenas;84;38;0;0;0;0;0;0;0;0;0;0;0;0;0;0;0;0;0;0;0;0;0;0;0;0;0;0;3;0;0;0;0;0;0;1;0;0;0
38473;Sardieu;84;38;0;0;0;0;0;0;0;0;0;0;0;0;0;0;0;0;0;0;0;0;1;0;0;0;3;7;3;4;0;1;1;0;0;0;0;0;0
38474;Sassenage;84;38;0;1;0;0;0;0;0;0;0;0;0;0;0;0;0;6;0;1;0;0;25;2;0;3;6;26;22;17;7;7;10;1;1;16;2;2;8
38475;Satolas-et-Bonce;84;38;0;0;0;0;0;0;0;0;0;0;0;0;0;0;0;0;1;0;0;0;5;0;0;1;4;4;11;3;2;1;5;0;1;4;2;0;7
38476;Savas-Mépin;84;38;0;0;0;0;0;0;0;0;0;0;0;0;0;0;0;0;0;0;0;0;1;0;0;0;3;1;4;1;1;1;0;0;0;0;0;0;0
38478;Séchilienne;84;38;0;0;0;0;0;0;0;0;0;0;0;0;0;0;0;0;0;0;0;0;1;0;0;0;1;1;4;2;3;0;1;0;0;1;0;0;0
38479;Semons;84;38;0;0;0;0;0;0;0;0;0;0;0;0;0;0;0;0;0;0;0;0;0;0;0;0;0;0;0;0;0;0;0;0;0;1;2;0;1
38480;Septème;84;38;0;0;0;0;0;0;0;0;0;0;0;0;0;0;0;0;0;1;0;0;4;0;0;3;3;9;3;3;4;0;4;0;0;5;1;0;3
38481;Sérézin-de-la-Tour;84;38;0;0;0;0;0;0;0;0;0;0;0;0;0;0;0;0;0;0;0;0;2;0;0;0;3;0;3;0;1;0;2;0;0;0;1;0;1
38483;Sermérieu;84;38;0;0;0;0;0;0;0;0;0;0;0;0;0;0;0;0;0;0;0;1;3;0;0;0;1;2;2;4;3;0;1;0;0;0;3;0;1
38484;Serpaize;84;38;0;0;0;0;0;0;0;0;0;0;0;0;0;0;0;0;0;0;0;0;3;0;0;0;4;4;4;4;5;0;2;0;0;2;2;0;3
38485;Seyssinet-Pariset;84;38;0;1;0;0;0;0;0;0;0;0;0;0;0;0;0;6;0;1;0;0;14;1;0;3;11;27;20;24;22;2;16;1;5;17;19;2;11
38486;Seyssins;84;38;0;0;0;0;0;0;0;0;0;0;0;0;0;0;0;3;0;1;1;0;10;2;0;1;9;12;8;13;18;5;10;2;1;11;8;1;3
38487;Seyssuel;84;38;0;0;0;0;0;0;0;0;0;0;0;0;0;0;0;0;0;0;0;0;5;1;0;0;2;4;6;2;4;0;0;0;0;3;3;0;2
38488;Siccieu-Saint-Julien-et-Carisieu;84;38;0;0;0;0;0;0;0;0;0;0;0;0;0;0;0;0;0;0;0;0;2;0;0;0;0;2;1;0;1;0;0;0;0;0;0;0;0
38489;Siévoz;84;38;0;0;0;0;0;0;0;0;0;0;0;0;0;0;0;0;0;0;0;0;0;0;0;0;1;0;1;0;0;1;0;0;0;0;0;0;0
38490;Sillans;84;38;0;0;0;0;0;0;0;0;0;0;0;0;0;0;0;0;0;0;0;1;4;0;0;0;5;8;7;4;5;1;2;0;0;3;1;0;0
38492;Sinard;84;38;0;0;0;0;0;0;0;0;0;0;0;0;0;0;0;0;0;0;0;0;0;0;0;0;0;5;2;2;0;1;1;0;0;0;0;0;0
38494;Soleymieu;84;38;0;0;0;0;0;0;0;0;0;0;0;0;0;0;0;0;0;0;0;0;1;0;0;0;0;0;0;2;4;1;2;0;0;2;1;1;2
38495;La Sône;84;38;0;0;0;0;0;0;0;0;0;0;0;0;0;0;0;0;0;1;0;0;1;0;0;0;3;0;0;1;2;2;0;0;0;1;0;0;0
38496;Sonnay;84;38;0;0;0;0;0;0;0;0;0;0;0;0;0;0;0;0;0;0;0;1;3;0;0;0;4;1;3;3;3;0;1;0;0;3;0;1;1
38497;Sousville;84;38;0;0;0;0;0;0;0;0;0;0;0;0;0;0;0;0;0;0;0;0;0;0;0;0;1;1;0;0;2;0;0;0;0;0;0;0;0
38498;Succieu;84;38;0;0;0;0;0;0;0;0;0;0;0;0;0;0;0;0;0;0;0;0;1;0;0;0;2;1;1;1;2;0;1;0;0;0;1;0;0
38499;Susville;84;38;0;0;0;0;0;0;0;0;0;0;0;0;0;0;0;0;0;0;0;0;6;1;0;0;3;6;4;2;3;2;0;0;0;1;0;1;0
38500;Têche;84;38;0;0;0;0;0;0;0;0;0;0;0;0;0;0;0;0;0;0;0;0;0;0;0;0;4;0;1;0;2;0;0;0;0;1;1;0;0
38501;Tencin;84;38;0;0;0;0;0;0;0;0;0;0;0;0;0;0;0;0;0;1;0;0;5;0;0;0;0;2;6;2;4;0;3;0;0;3;1;0;1
38503;La Terrasse;84;38;0;0;0;0;0;0;0;0;0;0;0;0;0;0;0;0;0;1;0;0;3;0;0;1;1;2;3;4;1;1;3;0;0;4;3;0;3
38504;Theys;84;38;0;0;0;0;0;0;0;0;0;0;0;0;0;0;0;0;0;0;0;1;3;0;0;0;1;0;6;4;2;3;1;1;0;4;1;0;0
38505;Thodure;84;38;0;0;0;0;0;0;0;0;0;0;0;0;0;0;0;0;0;0;0;0;1;0;0;0;2;2;3;4;1;0;2;0;0;0;0;0;0
38507;Tignieu-Jameyzieu;84;38;0;0;0;0;0;0;0;0;0;0;0;0;0;0;0;2;1;1;0;0;30;3;1;1;12;17;9;10;10;1;11;2;0;21;5;1;9
38508;Torchefelon;84;38;0;0;0;0;0;0;0;0;0;0;0;0;0;0;0;0;0;0;0;0;1;0;0;0;0;1;0;2;3;0;0;0;0;2;1;0;1
38509;La Tour-du-Pin;84;38;0;1;0;0;0;0;0;0;0;0;3;1;0;0;0;12;2;1;0;0;7;1;0;5;20;35;9;3;9;3;18;2;6;33;18;4;8
38511;Le Touvet;84;38;0;1;0;0;0;0;0;0;0;0;1;0;0;0;0;2;1;1;0;0;10;1;0;1;10;4;4;5;5;2;5;1;1;6;5;1;2
38512;Tramolé;84;38;0;0;0;0;0;0;0;0;0;0;0;0;0;0;0;0;0;0;0;0;2;0;0;0;0;0;1;1;1;0;0;0;0;0;2;0;0
38513;Treffort;84;38;0;0;0;0;0;0;0;0;0;0;0;0;0;0;0;0;0;0;0;0;1;0;0;0;3;0;0;1;0;0;0;0;0;1;0;0;0
38514;Tréminis;84;38;0;0;0;0;0;0;0;0;0;0;0;0;0;0;0;0;0;0;0;1;0;0;0;0;1;1;0;0;0;0;0;0;0;0;0;0;0
38515;Trept;84;38;0;0;0;0;0;0;0;0;0;0;0;0;0;0;0;0;0;0;0;1;0;0;0;0;2;2;3;2;4;1;2;2;0;4;9;0;3
38516;La Tronche;84;38;0;0;0;0;0;0;0;0;0;0;1;0;0;0;0;1;3;1;0;1;3;1;0;1;0;4;3;3;4;2;8;0;0;19;10;2;1
38517;Tullins;84;38;0;1;0;0;0;0;0;0;0;0;1;0;1;0;0;8;2;1;0;1;19;1;0;2;12;18;15;9;11;2;14;4;0;23;15;2;8
38518;Valbonnais;84;38;0;0;0;0;0;0;0;0;0;0;0;0;0;0;0;0;0;0;0;1;2;0;0;0;2;1;1;0;0;1;0;0;0;2;0;0;0
38519;Valencin;84;38;0;0;0;0;0;0;0;0;0;0;0;0;0;0;0;0;0;0;0;1;8;0;1;0;3;4;4;6;4;0;3;0;0;1;4;0;2
38520;Valencogne;84;38;0;0;0;0;0;0;0;0;0;0;0;0;0;0;0;0;0;0;0;0;1;0;0;0;1;2;3;1;2;0;1;0;0;0;1;0;0
38521;La Valette;84;38;0;0;0;0;0;0;0;0;0;0;0;0;0;0;0;0;0;0;0;0;0;0;0;0;0;0;0;0;0;0;0;0;0;0;0;0;0
38522;Valjouffrey;84;38;0;0;0;0;0;0;0;0;0;0;0;0;0;0;0;0;0;0;0;1;0;0;0;0;1;0;0;0;0;0;0;0;0;2;0;0;0
38523;Varacieux;84;38;0;0;0;0;0;0;0;0;0;0;0;0;0;0;0;0;0;0;0;1;3;0;0;0;1;1;2;0;1;1;1;0;0;1;0;0;0
38524;Varces-Allières-et-Risset;84;38;0;0;0;0;0;0;0;0;0;0;0;0;0;0;0;3;0;1;0;0;13;1;0;1;7;7;13;15;12;2;12;1;0;11;5;0;8
38525;Vasselin;84;38;0;0;0;0;0;0;0;0;0;0;0;0;0;0;0;0;0;0;0;0;0;0;0;0;0;2;5;1;1;0;1;0;0;1;0;0;0
38526;Vatilieu;84;38;0;0;0;0;0;0;0;0;0;0;0;0;0;0;0;0;0;0;0;0;0;0;0;0;0;0;0;0;1;0;0;0;0;0;0;0;0
38527;Vaujany;84;38;0;0;0;0;0;0;0;0;0;0;0;0;0;0;0;0;0;0;0;0;0;0;0;0;1;1;0;0;1;0;0;0;0;14;1;0;0
38528;Vaulnaveys-le-Bas;84;38;0;0;0;0;0;0;0;0;0;0;0;0;0;0;0;0;0;0;0;0;1;0;0;1;1;2;0;3;2;0;2;0;0;0;1;0;0
38529;Vaulnaveys-le-Haut;84;38;0;0;0;0;0;0;0;0;0;0;0;0;0;0;0;0;0;0;1;0;1;0;0;0;3;7;8;11;10;1;4;0;0;10;10;0;5
38530;Vaulx-Milieu;84;38;0;0;0;0;0;0;0;0;0;0;0;0;0;0;0;1;2;1;0;0;3;0;0;0;0;3;3;17;5;1;4;0;1;3;3;0;2
38531;Velanne;84;38;0;0;0;0;0;0;0;0;0;0;0;0;0;0;0;0;0;0;0;0;1;0;0;0;1;0;0;0;1;0;0;0;0;2;1;0;1
38532;Vénérieu;84;38;0;0;0;0;0;0;0;0;0;0;0;0;0;0;0;0;0;0;0;0;1;0;0;0;0;1;1;1;3;0;1;0;0;1;1;0;1
38533;Venon;84;38;0;0;0;0;0;0;0;0;0;0;0;0;0;0;0;0;0;0;0;0;0;0;0;0;0;0;2;2;1;1;0;0;0;1;1;0;0
38534;Vénosc;84;38;0;0;0;0;0;0;0;0;0;0;0;1;0;0;0;0;0;0;0;2;0;0;1;0;2;0;6;2;3;2;0;0;0;28;2;2;0
38535;Vernas;84;38;0;0;0;0;0;0;0;0;0;0;0;0;0;0;0;0;0;0;0;0;1;0;0;0;0;0;0;1;0;0;0;0;0;2;0;0;0
38536;Vernioz;84;38;0;0;0;0;0;0;0;0;0;0;0;0;0;0;0;0;0;0;2;0;4;0;0;2;4;3;4;4;2;0;3;0;0;0;1;0;2
38537;La Verpillière;84;38;0;1;0;0;0;0;0;0;0;0;1;0;0;0;0;11;1;1;0;0;13;1;1;2;4;9;4;6;9;3;11;2;10;26;12;2;9
38538;Le Versoud;84;38;0;0;0;0;0;0;0;0;0;0;0;0;0;0;0;1;0;0;0;1;13;1;0;2;4;6;7;7;8;3;7;0;0;9;3;0;3
38539;Vertrieu;84;38;0;0;0;0;0;0;0;0;0;0;0;0;0;0;0;0;0;0;0;0;1;0;0;0;2;0;0;0;1;0;0;0;0;0;0;0;0
38540;Veurey-Voroize;84;38;0;0;0;0;0;0;0;0;0;0;0;0;0;0;0;0;0;0;1;0;12;0;0;0;2;4;6;0;2;5;1;0;0;3;4;0;4
38542;Veyssilieu;84;38;0;0;0;0;0;0;0;0;0;0;0;0;0;0;0;0;0;0;0;0;0;0;0;0;0;1;0;1;0;0;1;0;0;0;1;0;0
38543;Vézeronce-Curtin;84;38;0;0;0;0;0;0;0;0;0;0;0;0;0;0;0;0;1;0;1;0;5;0;0;0;2;3;3;2;4;0;6;1;0;5;5;0;3
38544;Vienne;84;38;1;1;0;1;1;1;1;0;0;0;5;1;0;0;0;21;7;2;0;1;45;4;5;20;93;112;46;37;31;12;58;4;9;145;42;8;33
38545;Vif;84;38;0;1;0;0;0;0;0;0;0;0;1;0;0;0;0;5;2;1;0;0;10;2;1;1;13;21;19;18;18;2;15;2;0;11;14;0;8
38546;Vignieu;84;38;0;0;0;0;0;0;0;0;0;0;0;0;0;0;0;0;0;0;0;1;1;0;0;0;2;2;0;1;8;1;0;0;0;1;0;0;1
38547;Villard-Bonnot;84;38;0;1;0;0;0;0;0;0;0;0;0;0;0;0;0;3;0;1;0;1;12;0;0;4;7;11;18;15;10;5;10;0;0;19;6;0;5
38548;Villard-de-Lans;84;38;0;1;0;0;0;0;0;0;0;0;1;0;0;0;0;6;0;1;0;0;11;1;0;2;4;8;17;4;8;2;4;3;0;59;16;3;4
38549;Villard-Notre-Dame;84;38;0;0;0;0;0;0;0;0;0;0;0;0;0;0;0;0;0;0;0;0;0;0;0;0;0;0;2;0;0;0;0;0;0;1;0;0;0
38550;Villard-Reculas;84;38;0;0;0;0;0;0;0;0;0;0;0;0;0;0;0;0;0;0;0;0;0;0;0;0;0;0;0;0;0;1;0;0;0;2;0;0;0
38551;Villard-Reymond;84;38;0;0;0;0;0;0;0;0;0;0;0;0;0;0;0;0;0;0;0;0;0;0;0;0;0;0;0;0;0;0;0;0;0;0;0;0;0
38552;Villard-Saint-Christophe;84;38;0;0;0;0;0;0;0;0;0;0;0;0;0;0;0;0;0;0;0;0;0;0;0;0;0;0;1;1;1;0;0;0;0;1;1;0;1
38553;Villefontaine;84;38;0;1;0;0;0;0;0;0;0;0;2;1;0;1;0;2;0;1;0;2;20;1;0;5;14;25;10;10;16;1;9;3;0;15;11;2;9
38554;Villemoirieu;84;38;0;0;0;0;0;0;0;0;0;0;0;0;0;0;0;0;0;0;0;0;5;0;0;0;3;3;6;5;4;1;0;0;0;5;1;0;2
38555;Villeneuve-de-Marc;84;38;0;0;0;0;0;0;0;0;0;0;0;0;0;0;0;0;0;0;0;1;1;0;0;0;5;2;7;4;0;0;2;0;0;2;1;0;0
38556;Ville-sous-Anjou;84;38;0;0;0;0;0;0;0;0;0;0;0;0;0;0;0;0;0;0;0;0;1;0;0;0;3;1;2;0;3;0;0;0;0;0;2;0;3
38557;Villette-d'Anthon;84;38;0;0;0;0;0;0;0;0;0;0;0;0;0;0;0;2;0;1;0;0;11;1;0;1;5;10;7;7;6;1;5;1;0;11;11;1;10
38558;Villette-de-Vienne;84;38;0;0;0;0;0;0;0;0;0;0;0;0;0;0;0;0;0;1;0;0;2;0;0;0;2;4;3;0;2;0;1;0;0;2;2;0;2
38559;Vinay;84;38;0;1;0;0;0;0;0;0;0;0;1;0;0;0;0;3;0;1;0;0;10;1;1;2;9;5;9;6;7;1;9;2;1;8;5;1;4
38560;Virieu;84;38;0;1;0;0;0;0;0;0;0;0;1;0;0;0;0;2;0;1;0;0;2;0;0;0;4;3;2;1;5;0;2;0;0;1;0;0;0
38561;Viriville;84;38;0;0;0;0;0;0;0;0;0;0;0;0;0;0;0;2;0;0;0;1;8;1;0;0;7;5;6;3;5;0;1;0;0;2;1;0;3
38562;Vizille;84;38;0;1;0;0;0;0;0;0;0;0;1;0;0;0;0;8;2;1;0;1;22;2;0;2;8;13;15;9;12;5;17;4;0;30;4;3;9
38563;Voiron;84;38;1;1;0;0;0;0;0;0;0;0;4;1;0;0;0;14;4;1;0;1;27;3;0;7;30;60;36;27;21;15;41;2;14;91;44;7;35
38564;Voissant;84;38;0;0;0;0;0;0;0;0;0;0;0;0;0;0;0;0;0;0;0;0;0;0;0;0;0;0;0;0;2;0;0;0;0;0;0;0;0
38565;Voreppe;84;38;0;1;0;0;0;0;0;0;0;0;0;0;1;0;0;5;1;1;0;0;27;1;1;2;10;15;17;21;12;5;9;5;0;19;8;2;8
38566;Vourey;84;38;0;0;0;0;0;0;0;0;0;0;0;0;0;0;0;0;0;0;0;1;7;0;0;0;9;3;6;2;2;0;2;0;0;1;2;0;2
38567;Chamrousse;84;38;0;0;0;0;0;0;0;0;0;0;0;0;0;0;0;1;0;0;0;1;0;0;0;1;2;1;0;2;1;0;1;0;0;26;1;0;1
39001;Abergement-la-Ronce;27;39;0;0;0;0;0;0;0;0;0;0;0;0;0;0;0;0;0;0;0;0;0;0;0;0;0;1;0;0;1;0;2;0;0;2;1;0;0
39002;Abergement-le-Grand;27;39;0;0;0;0;0;0;0;0;0;0;0;0;0;0;0;0;0;0;0;0;1;0;0;0;0;0;0;0;0;0;0;0;0;0;0;0;0
39003;Abergement-le-Petit;27;39;0;0;0;0;0;0;0;0;0;0;0;0;0;0;0;0;0;0;0;0;0;0;0;0;0;0;1;0;0;0;0;0;0;0;0;0;0
39004;Abergement-lès-Thésy;27;39;0;0;0;0;0;0;0;0;0;0;0;0;0;0;0;0;0;0;0;0;0;0;0;0;0;1;1;0;0;0;0;0;0;0;0;0;0
39006;Aiglepierre;27;39;0;0;0;0;0;0;0;0;0;0;0;0;0;0;0;0;0;0;0;0;1;0;0;0;0;1;0;0;2;0;1;0;0;0;0;0;0
39007;Alièze;27;39;0;0;0;0;0;0;0;0;0;0;0;0;0;0;0;0;0;0;0;0;0;0;0;0;0;1;0;0;0;0;0;0;0;0;0;0;0
39008;Amange;27;39;0;0;0;0;0;0;0;0;0;0;0;0;0;0;0;0;0;0;0;0;0;0;0;0;1;2;0;0;1;0;0;0;0;0;1;0;1
39009;Andelot-en-Montagne;27;39;0;0;0;0;0;0;0;0;0;0;0;0;0;0;0;0;0;0;0;1;1;0;0;0;3;2;1;1;1;1;1;0;0;0;0;0;0
39010;Andelot-Morval;27;39;0;0;0;0;0;0;0;0;0;0;0;0;0;0;0;0;0;0;0;0;0;0;0;0;1;0;0;0;0;0;0;0;0;0;0;0;0
39011;Annoire;27;39;0;0;0;0;0;0;0;0;0;0;0;0;0;0;0;0;0;0;0;1;4;0;0;0;1;0;2;1;1;0;1;0;0;1;0;0;0
39013;Arbois;27;39;0;1;0;0;0;0;0;0;0;0;0;0;0;0;0;6;2;1;0;0;9;1;0;2;5;4;3;3;3;0;10;5;1;15;11;1;7
39014;Archelange;27;39;0;0;0;0;0;0;0;0;0;0;0;0;0;0;0;0;0;0;0;0;1;0;0;0;0;0;0;0;0;0;0;0;0;0;0;0;0
39015;Ardon;27;39;0;0;0;0;0;0;0;0;0;0;0;0;0;0;0;0;0;0;0;0;0;0;0;0;0;0;1;0;0;0;0;0;0;1;0;0;0
39016;Arinthod;27;39;0;1;0;0;0;0;0;0;0;0;1;0;1;0;0;2;0;1;0;0;3;0;0;0;3;7;4;2;1;0;2;0;1;5;0;0;1
39017;Arlay;27;39;0;0;0;0;0;0;0;0;0;0;0;0;0;0;0;0;0;0;2;0;3;0;0;0;0;2;4;4;3;0;1;0;0;1;0;0;0
39018;Aromas;27;39;0;0;0;0;0;0;0;0;0;0;0;0;0;0;0;0;0;0;0;0;1;0;0;0;2;1;2;2;0;0;0;1;0;2;0;0;1
39019;Les Arsures;27;39;0;0;0;0;0;0;0;0;0;0;0;0;0;0;0;0;0;0;0;0;1;0;0;0;0;0;0;0;0;0;0;0;0;0;0;0;0
39020;Arsure-Arsurette;27;39;0;0;0;0;0;0;0;0;0;0;0;0;0;0;0;0;0;0;0;0;0;0;0;0;0;0;0;0;0;0;0;0;0;3;0;0;0
39021;La Chailleuse;27;39;0;0;0;0;0;0;0;0;0;0;0;0;0;0;0;0;0;0;0;0;1;0;0;0;2;0;3;2;3;0;1;0;0;0;0;0;0
39022;Asnans-Beauvoisin;27;39;0;0;0;0;0;0;0;0;0;0;0;0;0;0;0;0;2;0;0;0;1;0;0;1;1;0;0;3;1;1;1;1;0;1;1;0;0
39023;L'Aubépin;27;39;0;0;0;0;0;0;0;0;0;0;0;0;0;0;0;0;0;0;0;0;0;0;0;0;0;0;0;0;0;0;0;0;0;0;0;0;0
39024;Audelange;27;39;0;0;0;0;0;0;0;0;0;0;0;0;0;0;0;0;0;0;0;0;1;0;0;0;0;0;0;0;0;0;1;0;0;0;0;0;1
39025;Augea;27;39;0;0;0;0;0;0;0;0;0;0;0;0;0;0;0;0;0;0;0;0;0;0;0;0;1;1;0;0;0;0;0;0;0;0;1;0;0
39026;Augerans;27;39;0;0;0;0;0;0;0;0;0;0;0;0;0;0;0;0;0;0;0;0;0;0;0;0;0;1;0;0;0;0;0;0;0;0;0;0;0
39027;Augisey;27;39;0;0;0;0;0;0;0;0;0;0;0;0;0;0;0;0;0;0;0;0;0;0;0;0;2;1;1;0;0;0;0;0;0;1;0;0;0
39028;Aumont;27;39;0;0;0;0;0;0;0;0;0;0;0;0;0;0;0;0;0;0;0;1;1;0;0;0;2;1;2;2;0;0;1;0;0;1;0;0;0
39029;Aumur;27;39;0;0;0;0;0;0;0;0;0;0;0;0;0;0;0;0;1;0;0;0;0;0;0;0;0;0;0;0;0;0;0;0;0;1;0;0;0
39030;Authume;27;39;0;0;0;0;0;0;0;0;0;0;0;0;0;0;0;0;0;0;1;0;2;0;0;0;0;1;2;1;2;0;1;0;0;0;1;0;1
39031;Auxange;27;39;0;0;0;0;0;0;0;0;0;0;0;0;0;0;0;0;0;0;0;0;0;0;0;0;1;0;1;0;0;0;0;0;0;0;0;0;0
39032;Avignon-lès-Saint-Claude;27;39;0;0;0;0;0;0;0;0;0;0;0;0;0;0;0;0;0;0;0;0;0;0;0;0;0;0;0;0;0;0;0;0;0;0;1;0;0
39034;Balaiseaux;27;39;0;0;0;0;0;0;0;0;0;0;0;0;0;0;0;0;0;0;0;0;1;0;0;0;0;0;1;0;0;0;0;0;0;0;0;0;0
39035;Balanod;27;39;0;0;0;0;0;0;0;0;0;0;0;0;0;0;0;0;0;0;0;1;1;0;0;0;1;0;1;0;0;0;0;0;0;1;0;1;0
39036;La Balme-d'Épy;27;39;0;0;0;0;0;0;0;0;0;0;0;0;0;0;0;0;0;0;0;0;0;0;0;0;0;0;0;0;0;0;0;0;0;0;0;0;0
39037;Bans;27;39;0;0;0;0;0;0;0;0;0;0;0;0;0;0;0;0;0;0;0;0;2;1;0;0;0;0;0;3;0;0;1;0;0;1;0;0;0
39038;Barésia-sur-l'Ain;27;39;0;0;0;0;0;0;0;0;0;0;0;0;0;0;0;0;0;0;0;0;2;0;0;0;0;1;0;0;1;0;0;0;0;0;0;0;0
39039;La Barre;27;39;0;0;0;0;0;0;0;0;0;0;0;0;0;0;0;0;0;0;0;0;0;0;0;0;0;0;0;0;0;0;0;0;0;0;0;0;0
39040;Barretaine;27;39;0;0;0;0;0;0;0;0;0;0;0;0;0;0;0;0;0;0;0;0;0;0;0;0;0;0;0;1;0;0;0;0;0;0;0;0;0
39041;Baume-les-Messieurs;27;39;0;0;0;0;0;0;0;0;0;0;0;0;0;0;0;0;0;0;0;0;0;0;0;0;0;0;0;0;2;0;0;0;0;4;0;0;0
39042;Baverans;27;39;0;0;0;0;0;0;0;0;0;0;0;0;0;0;0;0;0;0;0;0;1;0;0;0;1;0;0;1;0;0;0;0;0;0;0;0;0
39043;Beaufort;27;39;0;1;0;0;0;0;0;0;0;0;1;0;1;0;0;0;0;1;0;0;1;0;0;0;0;1;4;1;1;0;3;0;0;4;1;0;1
39045;Beffia;27;39;0;0;0;0;0;0;0;0;0;0;0;0;0;0;0;0;0;0;0;0;0;0;0;0;0;0;0;1;0;0;0;0;0;0;0;0;0
39046;Bellecombe;27;39;0;0;0;0;0;0;0;0;0;0;0;0;0;0;0;0;0;0;0;0;0;0;0;0;1;0;0;0;0;0;0;0;0;0;0;0;0
39047;Bellefontaine;27;39;0;0;0;0;0;0;0;0;0;0;0;0;0;0;0;0;0;0;1;0;1;0;0;0;0;0;0;0;0;1;1;0;0;1;0;0;0
39048;Belmont;27;39;0;0;0;0;0;0;0;0;0;0;0;0;0;0;0;0;0;0;0;0;0;0;0;0;0;1;0;0;1;0;0;0;0;1;0;0;0
39049;Bersaillin;27;39;0;0;0;0;0;0;0;0;0;0;0;0;0;0;0;0;0;0;0;0;1;0;0;0;0;1;1;0;1;0;0;0;0;0;0;0;0
39050;Besain;27;39;0;0;0;0;0;0;0;0;0;0;0;0;0;0;0;0;0;0;0;0;0;0;0;0;0;0;0;0;0;0;0;0;0;0;0;0;0
39051;Biarne;27;39;0;0;0;0;0;0;0;0;0;0;0;0;0;0;0;0;0;0;0;0;0;0;0;0;0;0;0;1;0;0;1;0;0;0;0;0;0
39052;Bief-des-Maisons;27;39;0;0;0;0;0;0;0;0;0;0;0;0;0;0;0;0;0;0;0;0;1;0;0;0;0;0;1;0;1;0;0;0;0;0;0;0;0
39053;Bief-du-Fourg;27;39;0;0;0;0;0;0;0;0;0;0;0;0;0;0;0;0;0;0;0;0;0;0;0;0;0;0;0;0;0;0;0;0;0;0;0;0;0
39054;Biefmorin;27;39;0;0;0;0;0;0;0;0;0;0;0;0;0;0;0;0;0;0;0;0;0;0;0;0;0;0;0;0;1;0;0;0;0;0;0;0;1
39055;Billecul;27;39;0;0;0;0;0;0;0;0;0;0;0;0;0;0;0;0;0;0;0;0;0;0;0;0;0;0;0;0;0;0;0;0;0;0;0;0;0
39056;Bletterans;27;39;0;1;0;0;0;0;0;0;0;0;1;0;0;0;0;4;2;1;0;0;10;1;0;2;4;2;7;3;1;0;6;5;0;6;3;1;3
39057;Blois-sur-Seille;27;39;0;0;0;0;0;0;0;0;0;0;0;0;0;0;0;0;0;0;0;0;0;0;0;0;0;0;0;0;0;0;0;0;0;0;1;0;0
39058;Blye;27;39;0;0;0;0;0;0;0;0;0;0;0;0;0;0;0;0;0;0;0;0;0;0;0;0;0;0;1;0;1;0;0;0;0;0;0;0;0
39059;Bois-d'Amont;27;39;0;0;0;0;0;0;0;0;0;0;0;0;0;0;0;0;0;1;0;0;3;0;0;0;2;1;1;2;0;1;1;0;0;4;0;0;1
39060;Bois-de-Gand;27;39;0;0;0;0;0;0;0;0;0;0;0;0;0;0;0;0;0;0;0;0;1;0;0;0;1;1;0;0;0;0;0;0;0;1;0;0;2
39061;Boissia;27;39;0;0;0;0;0;0;0;0;0;0;0;0;0;0;0;0;0;0;0;0;0;0;0;0;0;1;0;0;0;0;0;1;0;0;0;0;0
39062;La Boissière;27;39;0;0;0;0;0;0;0;0;0;0;0;0;0;0;0;0;0;0;0;0;0;0;0;0;0;0;0;0;0;0;0;0;0;0;0;0;0
39063;Bonlieu;27;39;0;0;0;0;0;0;0;0;0;0;0;0;0;0;0;0;0;0;0;1;0;0;0;0;0;0;1;1;1;0;1;0;0;4;0;0;0
39064;Bonnaud;27;39;0;0;0;0;0;0;0;0;0;0;0;0;0;0;0;0;0;0;0;0;0;0;0;0;0;0;0;0;0;1;0;0;0;0;0;0;0
39065;Bonnefontaine;27;39;0;0;0;0;0;0;0;0;0;0;0;0;0;0;0;0;0;0;0;0;0;0;0;0;0;0;0;0;0;0;0;0;0;0;0;0;0
39066;Bornay;27;39;0;0;0;0;0;0;0;0;0;0;0;0;0;0;0;0;0;0;0;0;0;0;0;0;0;0;0;0;1;0;0;0;0;0;0;0;0
39068;Les Bouchoux;27;39;0;0;0;0;0;0;0;0;0;0;0;0;0;0;0;0;0;0;0;1;1;0;0;0;0;1;1;1;1;0;0;0;0;0;0;0;0
39069;Bourcia;27;39;0;0;0;0;0;0;0;0;0;0;0;0;0;0;0;0;0;0;0;0;0;0;0;0;0;0;1;1;0;0;0;0;0;0;0;0;0
39070;Bourg-de-Sirod;27;39;0;0;0;0;0;0;0;0;0;0;0;0;0;0;0;0;0;0;0;0;0;0;0;0;1;0;0;0;0;0;0;0;0;0;0;0;0
39072;Bracon;27;39;0;0;0;0;0;0;0;0;0;0;0;0;0;0;0;0;0;0;0;0;3;1;0;0;1;0;2;0;0;0;1;3;0;1;0;0;0
39073;Brainans;27;39;0;0;0;0;0;0;0;0;0;0;0;0;0;0;0;0;0;0;0;0;0;0;0;0;0;0;0;1;0;0;0;0;0;0;1;0;0
39074;Brans;27;39;0;0;0;0;0;0;0;0;0;0;0;0;0;0;0;0;0;0;0;0;1;0;0;0;0;0;2;1;0;0;0;0;0;0;0;0;0
39075;Bréry;27;39;0;0;0;0;0;0;0;0;0;0;0;0;0;0;0;0;0;0;0;0;0;0;0;0;1;0;1;0;0;0;0;0;0;0;0;0;0
39076;La Bretenière;27;39;0;0;0;0;0;0;0;0;0;0;0;0;0;0;0;0;0;0;0;0;0;0;0;0;0;0;1;0;0;0;0;0;0;0;0;0;0
39077;Bretenières;27;39;0;0;0;0;0;0;0;0;0;0;0;0;0;0;0;0;0;0;0;0;0;0;0;0;0;0;0;0;0;0;0;0;0;0;0;0;0
39078;Brevans;27;39;0;0;0;0;0;0;0;0;0;0;0;0;0;0;0;0;0;0;0;0;3;0;0;0;3;0;0;2;0;0;0;0;0;2;0;0;0
39079;Briod;27;39;0;0;0;0;0;0;0;0;0;0;0;0;0;0;0;0;0;0;0;0;0;0;0;0;0;0;0;0;0;0;0;0;0;0;0;0;0
39080;Broissia;27;39;0;0;0;0;0;0;0;0;0;0;0;0;0;0;0;0;0;0;0;0;0;0;0;0;0;0;0;0;0;0;0;0;0;0;0;0;0
39081;Buvilly;27;39;0;0;0;0;0;0;0;0;0;0;0;0;0;0;0;0;0;0;0;0;0;0;0;0;0;1;1;0;1;0;0;0;0;0;0;0;0
39083;Censeau;27;39;0;0;0;0;0;0;0;0;0;0;0;0;0;0;0;0;0;0;0;1;2;0;0;0;1;0;0;1;0;0;0;0;0;2;0;0;0
39084;Cernans;27;39;0;0;0;0;0;0;0;0;0;0;0;0;0;0;0;0;0;0;0;0;0;0;0;0;1;0;0;1;0;0;0;0;0;1;0;0;0
39085;Cerniébaud;27;39;0;0;0;0;0;0;0;0;0;0;0;0;0;0;0;0;0;0;0;0;1;0;0;0;0;0;0;0;0;0;1;0;0;0;0;0;0
39086;Cernon;27;39;0;0;0;0;0;0;0;0;0;0;0;0;0;0;0;0;0;0;0;0;0;0;0;0;0;0;0;1;0;0;0;0;0;0;3;0;1
39088;Cesancey;27;39;0;0;0;0;0;0;0;0;0;0;0;0;0;0;0;0;0;0;0;0;0;0;0;0;0;0;2;0;0;0;1;0;0;0;0;0;0
39089;Cézia;27;39;0;0;0;0;0;0;0;0;0;0;0;0;0;0;0;0;0;0;0;0;0;0;0;0;0;0;0;0;0;0;0;0;0;0;0;0;0
39090;Chaînée-des-Coupis;27;39;0;0;0;0;0;0;0;0;0;0;0;0;0;0;0;0;0;0;0;0;0;0;0;0;0;1;0;0;0;0;0;0;0;0;0;0;0
39091;Les Chalesmes;27;39;0;0;0;0;0;0;0;0;0;0;0;0;0;0;0;0;0;0;0;0;0;0;0;0;0;0;0;0;0;0;0;0;0;0;0;0;0
39092;Chambéria;27;39;0;0;0;0;0;0;0;0;0;0;0;0;0;0;0;0;0;0;0;0;1;0;0;0;0;0;0;0;0;0;0;0;0;0;0;0;0
39093;Chamblay;27;39;0;0;0;0;0;0;0;0;0;0;0;0;0;0;0;0;0;0;0;1;1;0;0;0;1;0;0;0;0;0;0;0;0;2;1;0;1
39094;Chamole;27;39;0;0;0;0;0;0;0;0;0;0;0;0;0;0;0;0;0;0;0;0;0;0;0;0;0;0;0;0;0;0;0;0;0;0;0;0;0
39095;Champagne-sur-Loue;27;39;0;0;0;0;0;0;0;0;0;0;0;0;0;0;0;0;0;0;0;0;0;0;0;0;0;0;1;0;0;0;0;0;0;0;0;0;0
39096;Champagney;27;39;0;0;0;0;0;0;0;0;0;0;0;0;0;0;0;0;0;0;0;0;0;0;0;0;1;2;2;2;1;0;0;0;0;0;0;0;1
39097;Champagnole;27;39;0;1;0;0;0;0;0;0;0;0;1;1;0;0;0;7;2;1;0;0;18;5;0;4;9;9;6;8;9;6;23;2;2;30;10;2;6
39099;Champdivers;27;39;0;0;0;0;0;0;0;0;0;0;0;0;0;0;0;0;0;0;0;0;1;0;0;0;0;0;3;0;1;0;1;0;0;1;0;0;1
39100;Champrougier;27;39;0;0;0;0;0;0;0;0;0;0;0;0;0;0;0;0;0;0;0;0;0;0;0;0;0;1;0;0;0;0;0;0;0;0;0;0;0
39101;Champvans;27;39;0;0;0;0;0;0;0;0;0;0;0;0;0;0;0;0;0;0;1;0;1;0;0;1;1;1;2;2;1;1;1;0;0;1;1;0;2
39102;Chancia;27;39;0;0;0;0;0;0;0;0;0;0;0;0;0;0;0;0;0;0;0;0;0;0;0;0;0;1;0;0;0;0;1;0;0;0;0;0;1
39103;La Chapelle-sur-Furieuse;27;39;0;0;0;0;0;0;0;0;0;0;0;0;0;0;0;0;0;0;0;0;0;0;0;0;1;1;2;0;0;0;0;0;0;0;0;0;0
39104;Chapelle-Voland;27;39;0;0;0;0;0;0;0;0;0;0;0;0;0;0;0;0;0;0;1;0;1;0;0;0;1;1;3;0;0;1;1;0;0;0;1;0;0
39105;Chapois;27;39;0;0;0;0;0;0;0;0;0;0;0;0;0;0;0;0;0;0;0;0;0;0;0;0;0;0;0;0;0;0;0;0;0;0;0;0;0
39106;Charchilla;27;39;0;0;0;0;0;0;0;0;0;0;0;0;0;0;0;0;0;0;0;1;0;0;0;0;0;0;1;0;0;1;0;0;0;2;0;0;0
39107;Charcier;27;39;0;0;0;0;0;0;0;0;0;0;0;0;0;0;0;0;0;0;0;0;0;0;0;0;0;1;0;0;0;0;0;0;0;0;0;0;0
39108;Charency;27;39;0;0;0;0;0;0;0;0;0;0;0;0;0;0;0;0;0;0;0;0;0;0;0;0;0;0;0;0;0;0;0;0;0;0;0;0;0
39109;Charézier;27;39;0;0;0;0;0;0;0;0;0;0;0;0;0;0;0;0;0;0;0;0;1;0;0;0;0;0;0;0;0;0;0;0;0;1;0;0;0
39110;La Charme;27;39;0;0;0;0;0;0;0;0;0;0;0;0;0;0;0;0;0;0;0;0;0;0;0;0;1;1;0;0;0;0;0;0;0;0;0;0;0
39111;Charnod;27;39;0;0;0;0;0;0;0;0;0;0;0;0;0;0;0;0;0;0;0;0;0;0;0;0;0;0;0;0;0;0;0;0;0;0;0;0;0
39112;La Chassagne;27;39;0;0;0;0;0;0;0;0;0;0;0;0;0;0;0;0;0;0;0;0;1;0;0;0;0;0;0;1;0;0;0;0;0;0;0;0;0
39113;Chassal;27;39;0;0;0;0;0;0;0;0;0;0;0;0;0;0;0;0;0;0;1;0;1;0;0;0;2;0;1;0;0;0;0;0;0;0;0;0;0
39114;Château-Chalon;27;39;0;0;0;0;0;0;0;0;0;0;0;0;0;0;0;0;0;0;0;0;0;0;0;0;0;0;0;0;1;0;0;0;0;3;0;0;0
39115;Château-des-Prés;27;39;0;0;0;0;0;0;0;0;0;0;0;0;0;0;0;0;0;0;0;0;0;0;0;0;2;0;1;0;0;0;0;0;0;1;0;0;0
39116;La Châtelaine;27;39;0;0;0;0;0;0;0;0;0;0;0;0;0;0;0;0;0;0;0;0;0;0;0;0;0;0;0;0;0;0;0;0;0;1;0;0;0
39117;Chatelay;27;39;0;0;0;0;0;0;0;0;0;0;0;0;0;0;0;0;0;0;0;0;0;0;0;0;1;0;1;0;0;0;0;0;0;0;0;0;0
39118;Châtel-de-Joux;27;39;0;0;0;0;0;0;0;0;0;0;0;0;0;0;0;0;0;0;0;0;0;0;0;0;0;0;0;0;0;0;0;0;0;0;0;0;0
39119;Le Chateley;27;39;0;0;0;0;0;0;0;0;0;0;0;0;0;0;0;0;0;0;0;0;0;0;0;0;0;1;0;0;0;0;1;0;0;0;1;0;0
39120;Châtelneuf;27;39;0;0;0;0;0;0;0;0;0;0;0;0;0;0;0;0;0;0;0;0;0;0;0;0;0;0;0;0;1;0;0;0;0;0;0;0;0
39121;Châtenois;27;39;0;0;0;0;0;0;0;0;0;0;0;0;0;0;0;0;0;0;0;0;0;0;0;0;0;2;0;3;0;0;0;0;0;0;0;0;0
39122;Châtillon;27;39;0;0;0;0;0;0;0;0;0;0;0;0;0;0;0;0;0;0;0;0;0;0;0;0;1;0;0;1;1;0;0;0;0;1;0;0;0
39123;Chatonnay;27;39;0;0;0;0;0;0;0;0;0;0;0;0;0;0;0;0;0;0;0;0;0;0;0;0;0;0;0;0;0;0;0;0;0;0;0;0;0
39124;Chaumergy;27;39;0;1;0;0;0;0;0;0;0;0;0;0;0;0;0;0;0;0;0;1;0;0;0;0;0;1;1;0;1;0;1;0;0;0;0;0;1
39126;La Chaumusse;27;39;0;0;0;0;0;0;0;0;0;0;0;0;0;0;0;0;0;0;0;0;1;0;0;0;0;0;0;2;3;0;0;0;0;1;1;0;0
39127;Chaussenans;27;39;0;0;0;0;0;0;0;0;0;0;0;0;0;0;0;0;0;0;0;0;0;0;0;0;0;0;0;0;0;0;0;0;0;0;0;0;0
39128;Chaussin;27;39;0;1;0;0;0;0;0;0;0;0;1;0;1;0;0;3;1;1;0;0;5;1;0;1;1;1;3;2;5;0;9;1;0;2;1;1;1
39129;Chaux-des-Crotenay;27;39;0;0;0;0;0;0;0;0;0;0;0;0;0;0;0;0;0;0;0;1;1;0;0;0;0;0;1;1;1;0;0;0;0;2;0;0;0
39130;Nanchez;27;39;0;0;0;0;0;0;0;0;0;0;0;0;0;0;0;0;0;0;1;0;0;0;0;0;1;0;1;1;1;0;0;0;0;0;0;0;0
39131;La Chaux-du-Dombief;27;39;0;0;0;0;0;0;0;0;0;0;0;0;0;0;0;0;0;0;0;1;2;0;0;0;0;2;2;0;0;0;0;0;1;2;0;0;2
39132;La Chaux-en-Bresse;27;39;0;0;0;0;0;0;0;0;0;0;0;0;0;0;0;0;0;0;0;0;0;0;0;0;0;1;1;0;0;0;0;0;0;0;0;0;0
39133;Chaux-Champagny;27;39;0;0;0;0;0;0;0;0;0;0;0;0;0;0;0;0;0;0;0;0;0;0;0;0;0;0;0;0;0;1;0;0;0;0;0;0;0
39134;Chavéria;27;39;0;0;0;0;0;0;0;0;0;0;0;0;0;0;0;0;0;0;0;0;1;0;0;0;0;0;2;0;2;0;0;0;0;0;0;0;0
39135;Chazelles;27;39;0;0;0;0;0;0;0;0;0;0;0;0;0;0;0;0;0;0;0;0;0;0;0;0;0;0;1;0;0;0;0;0;0;0;0;0;0
39136;Chemenot;27;39;0;0;0;0;0;0;0;0;0;0;0;0;0;0;0;0;0;0;0;0;0;0;0;0;0;0;0;0;0;0;0;0;0;0;1;0;0
39137;Chemilla;27;39;0;0;0;0;0;0;0;0;0;0;0;0;0;0;0;0;0;0;0;0;0;0;0;0;0;0;0;0;0;0;0;0;0;0;0;0;0
39138;Chemin;27;39;0;0;0;0;0;0;0;0;0;0;0;0;0;0;0;0;0;0;0;0;0;0;0;0;1;1;1;0;0;0;0;0;0;1;0;0;0
39139;Chêne-Bernard;27;39;0;0;0;0;0;0;0;0;0;0;0;0;0;0;0;0;0;0;0;0;0;0;0;0;0;1;0;0;0;0;0;0;0;0;0;0;0
39140;Chêne-Sec;27;39;0;0;0;0;0;0;0;0;0;0;0;0;0;0;0;0;0;0;0;0;0;0;0;0;0;0;0;0;0;0;0;0;0;0;0;0;0
39141;Chevigny;27;39;0;0;0;0;0;0;0;0;0;0;0;0;0;0;0;0;0;0;0;0;0;0;0;0;0;2;0;2;0;0;0;0;0;0;0;0;0
39142;Chevreaux;27;39;0;0;0;0;0;0;0;0;0;0;0;0;0;0;0;0;0;0;0;0;0;0;0;0;0;1;0;0;0;0;0;0;0;0;0;0;0
39143;Chevrotaine;27;39;0;0;0;0;0;0;0;0;0;0;0;0;0;0;0;0;0;0;0;0;1;0;0;0;0;0;0;0;0;0;0;0;0;0;0;0;0
39145;Chille;27;39;0;0;0;0;0;0;0;0;0;0;0;0;0;0;0;0;0;0;0;0;0;0;0;0;0;0;0;0;1;1;0;0;0;0;0;0;0
39146;Chilly-le-Vignoble;27;39;0;0;0;0;0;0;0;0;0;0;0;0;0;0;0;0;0;0;0;0;0;0;0;0;4;0;1;0;0;0;1;0;0;2;0;0;0
39147;Chilly-sur-Salins;27;39;0;0;0;0;0;0;0;0;0;0;0;0;0;0;0;0;0;0;0;0;0;0;0;0;0;0;1;0;0;0;0;0;0;0;0;0;0
39148;Chisséria;27;39;0;0;0;0;0;0;0;0;0;0;0;0;0;0;0;0;0;0;0;0;0;0;0;0;0;0;0;0;0;0;0;0;0;0;0;0;0
39149;Chissey-sur-Loue;27;39;0;0;0;0;0;0;0;0;0;0;0;0;0;0;0;0;0;0;0;1;0;0;0;0;0;1;0;1;0;0;0;0;0;0;0;0;0
39150;Choisey;27;39;0;0;0;0;0;0;0;0;0;0;0;0;0;0;0;1;0;0;0;0;4;0;0;0;2;3;0;0;0;1;1;0;0;4;0;1;0
39151;Choux;27;39;0;0;0;0;0;0;0;0;0;0;0;0;0;0;0;0;0;0;0;0;0;0;0;0;0;0;0;0;0;0;0;0;0;1;0;0;0
39153;Cize;27;39;0;0;0;0;0;0;0;0;0;0;0;0;0;0;0;0;0;0;0;0;2;0;0;0;1;1;0;1;0;0;0;0;0;2;1;0;0
39154;Clairvaux-les-Lacs;27;39;0;1;0;0;0;0;0;0;0;0;1;0;0;0;0;3;0;1;0;0;5;1;0;2;0;2;2;3;1;1;3;4;0;9;2;1;2
39155;Clucy;27;39;0;0;0;0;0;0;0;0;0;0;0;0;0;0;0;0;0;0;0;0;0;0;0;0;0;0;0;0;0;0;0;0;0;0;0;0;0
39156;Cogna;27;39;0;0;0;0;0;0;0;0;0;0;0;0;0;0;0;0;0;0;0;0;0;0;0;0;1;0;2;2;1;0;1;0;0;0;0;0;0
39157;Coiserette;27;39;0;0;0;0;0;0;0;0;0;0;0;0;0;0;0;0;0;0;0;0;0;0;0;0;0;0;1;0;0;0;0;0;0;0;0;0;0
39158;Coisia;27;39;0;0;0;0;0;0;0;0;0;0;0;0;0;0;0;0;0;0;0;0;0;0;0;0;0;0;0;0;0;0;0;0;0;1;0;0;0
39159;Colonne;27;39;0;0;0;0;0;0;0;0;0;0;0;0;0;0;0;0;0;0;0;0;1;0;0;0;0;0;0;0;0;0;0;0;0;1;0;0;1
39160;Commenailles;27;39;0;0;0;0;0;0;0;0;0;0;0;0;0;0;0;0;0;0;0;1;2;0;2;0;1;1;3;1;0;0;2;0;0;2;1;0;0
39162;Condamine;27;39;0;0;0;0;0;0;0;0;0;0;0;0;0;0;0;0;1;0;0;0;1;0;0;0;3;5;2;0;0;0;0;0;0;0;0;0;0
39163;Condes;27;39;0;0;0;0;0;0;0;0;0;0;0;0;0;0;0;0;0;0;0;0;0;0;0;0;1;0;0;0;0;0;0;0;0;0;0;0;0
39164;Conliège;27;39;0;0;0;0;0;0;0;0;0;0;0;0;0;0;0;0;0;0;0;1;2;0;0;0;0;1;1;1;0;1;1;0;1;1;0;0;0
39165;Conte;27;39;0;0;0;0;0;0;0;0;0;0;0;0;0;0;0;0;0;0;0;0;0;0;0;0;0;0;0;1;0;0;0;0;0;0;0;0;0
39166;Cornod;27;39;0;0;0;0;0;0;0;0;0;0;0;0;0;0;0;0;0;0;0;0;0;0;0;0;0;0;0;0;0;0;0;0;0;0;0;0;0
39167;Cosges;27;39;0;0;0;0;0;0;0;0;0;0;0;0;0;0;0;0;0;0;0;0;0;0;0;0;1;0;0;0;1;0;0;0;0;1;0;0;0
39168;Courbette;27;39;0;0;0;0;0;0;0;0;0;0;0;0;0;0;0;0;0;0;0;0;0;0;0;0;0;0;0;0;0;0;0;0;0;0;0;0;0
39169;Courbouzon;27;39;0;0;0;0;0;0;0;0;0;0;0;0;0;0;0;0;0;0;0;0;2;0;0;0;0;0;1;2;0;0;0;0;0;0;1;0;0
39170;Courlans;27;39;0;0;0;0;0;0;0;0;0;0;0;0;0;0;0;0;0;0;0;0;4;0;0;0;0;1;5;1;1;0;0;0;0;2;2;0;1
39171;Courlaoux;27;39;0;0;0;0;0;0;0;0;0;0;0;0;0;0;0;0;0;0;1;0;8;1;0;0;2;2;8;0;5;1;0;0;0;3;1;0;0
39172;Courtefontaine;27;39;0;0;0;0;0;0;0;0;0;0;0;0;0;0;0;0;0;0;0;0;0;0;0;0;0;0;0;0;0;0;0;0;0;0;0;0;0
39173;Cousance;27;39;0;0;0;0;0;0;0;0;0;0;0;0;0;0;0;1;0;0;0;1;3;0;0;1;5;3;3;1;3;1;3;1;0;7;1;0;1
39174;Coyrière;27;39;0;0;0;0;0;0;0;0;0;0;0;0;0;0;0;0;0;0;0;0;0;0;0;0;0;0;0;1;0;0;0;0;0;0;0;0;0
39175;Coyron;27;39;0;0;0;0;0;0;0;0;0;0;0;0;0;0;0;0;0;0;0;0;0;0;0;0;0;0;0;0;0;0;0;0;0;0;0;0;0
39176;Cramans;27;39;0;0;0;0;0;0;0;0;0;0;0;0;0;0;0;0;0;0;0;1;0;0;0;0;1;2;3;0;0;0;1;0;0;0;0;0;0
39177;Hauteroche;27;39;0;0;0;0;0;0;0;0;0;0;0;0;0;0;0;0;0;0;1;0;1;0;0;1;0;1;0;3;1;2;1;3;0;3;0;0;0
39178;Crans;27;39;0;0;0;0;0;0;0;0;0;0;0;0;0;0;0;0;0;0;0;0;0;0;0;0;0;0;0;0;0;0;0;0;0;0;0;0;0
39179;Crenans;27;39;0;0;0;0;0;0;0;0;0;0;0;0;0;0;0;0;0;0;0;0;0;0;0;0;0;0;0;1;0;0;0;0;0;0;0;0;0
39180;Cressia;27;39;0;0;0;0;0;0;0;0;0;0;0;0;0;0;0;0;0;0;0;0;2;0;0;0;0;0;1;0;0;0;0;0;0;1;0;0;0
39182;Crissey;27;39;0;0;0;0;0;0;0;0;0;0;0;0;0;0;0;0;0;0;0;0;0;0;0;0;2;0;1;1;1;0;1;0;0;0;0;0;0
39183;Crotenay;27;39;0;0;0;0;0;0;0;0;0;0;0;0;0;0;0;0;0;0;0;1;0;0;0;0;1;2;0;0;2;0;1;0;0;1;0;0;0
39184;Les Crozets;27;39;0;0;0;0;0;0;0;0;0;0;0;0;0;0;0;0;0;0;0;0;0;0;0;0;0;0;1;1;0;0;0;0;0;1;1;0;0
39185;Cuisia;27;39;0;0;0;0;0;0;0;0;0;0;0;0;0;0;0;0;0;0;0;0;2;0;0;0;0;0;0;1;2;0;0;0;0;1;2;0;0
39186;Cuttura;27;39;0;0;0;0;0;0;0;0;0;0;0;0;0;0;0;0;0;0;0;0;1;0;0;0;1;0;0;0;0;0;0;0;0;1;0;0;0
39187;Cuvier;27;39;0;0;0;0;0;0;0;0;0;0;0;0;0;0;0;0;0;0;0;0;1;0;0;0;0;1;0;1;1;0;0;0;0;0;0;0;0
39188;Dammartin-Marpain;27;39;0;0;0;0;0;0;0;0;0;0;0;0;0;0;0;0;0;0;0;1;1;0;0;0;0;0;0;0;1;0;0;0;0;1;0;0;0
39189;Damparis;27;39;0;0;0;0;0;0;0;0;0;0;0;0;0;0;0;1;0;1;0;0;3;0;0;1;2;1;4;4;1;1;3;0;0;6;0;0;5
39190;Dampierre;27;39;0;0;0;0;0;0;0;0;0;0;1;0;0;0;0;1;0;0;0;1;2;0;0;0;0;2;2;3;1;0;3;0;0;1;1;0;0
39191;Darbonnay;27;39;0;0;0;0;0;0;0;0;0;0;0;0;0;0;0;0;0;0;0;0;0;0;0;0;0;1;1;0;0;0;0;0;0;0;0;0;0
39192;Denezières;27;39;0;0;0;0;0;0;0;0;0;0;0;0;0;0;0;0;0;0;0;0;0;0;0;0;0;0;0;0;1;0;0;0;0;0;0;0;0
39193;Le Deschaux;27;39;0;0;0;0;0;0;0;0;0;0;0;0;0;0;0;0;0;0;0;1;1;0;0;0;1;1;1;4;0;1;2;0;0;2;0;0;0
39194;Desnes;27;39;0;0;0;0;0;0;0;0;0;0;0;0;0;0;0;0;0;0;0;0;0;0;0;0;0;0;2;0;0;0;0;0;0;1;1;0;1
39195;Dessia;27;39;0;0;0;0;0;0;0;0;0;0;0;0;0;0;0;0;0;0;0;0;0;0;0;0;0;0;0;0;0;0;0;0;0;0;0;0;0
39196;Les Deux-Fays;27;39;0;0;0;0;0;0;0;0;0;0;0;0;0;0;0;0;0;0;0;0;0;0;0;0;0;0;0;0;0;0;0;0;0;0;0;0;0
39197;Digna;27;39;0;0;0;0;0;0;0;0;0;0;0;0;0;0;0;0;0;0;0;0;3;0;0;0;1;2;0;1;0;0;0;0;0;0;0;0;0
39198;Dole;27;39;1;1;0;1;1;1;0;0;0;0;4;1;0;0;0;14;5;3;1;0;47;8;2;6;25;22;34;22;17;9;50;5;11;81;24;6;20
39199;Domblans;27;39;0;1;0;0;0;0;0;0;0;0;0;0;0;0;0;0;1;0;0;1;1;0;0;0;1;3;4;3;1;0;2;0;0;4;0;0;0
39200;Dompierre-sur-Mont;27;39;0;0;0;0;0;0;0;0;0;0;0;0;0;0;0;0;0;0;0;1;1;0;0;0;0;0;0;0;0;0;0;0;0;0;0;0;0
39201;Doucier;27;39;0;0;0;0;0;0;0;0;0;0;0;0;0;0;0;0;0;0;0;1;1;0;0;1;2;0;0;0;0;1;1;1;0;8;1;0;0
39202;Dournon;27;39;0;0;0;0;0;0;0;0;0;0;0;0;0;0;0;0;0;0;0;0;2;0;0;0;0;0;1;0;0;0;0;0;0;0;0;0;0
39203;Doye;27;39;0;0;0;0;0;0;0;0;0;0;0;0;0;0;0;0;0;0;0;0;0;0;0;0;0;0;1;0;0;0;0;0;0;0;0;0;0
39204;Dramelay;27;39;0;0;0;0;0;0;0;0;0;0;0;0;0;0;0;0;0;0;0;0;0;0;0;0;0;0;0;0;0;0;0;0;0;0;0;0;0
39205;Éclans-Nenon;27;39;0;0;0;0;0;0;0;0;0;0;0;0;0;0;0;0;0;0;0;0;0;0;0;0;2;0;1;0;0;0;2;0;0;1;2;0;0
39206;Écleux;27;39;0;0;0;0;0;0;0;0;0;0;0;0;0;0;0;0;0;0;0;0;1;0;0;0;0;0;0;0;0;0;0;0;0;0;0;0;0
39207;Écrille;27;39;0;0;0;0;0;0;0;0;0;0;0;0;0;0;0;0;0;0;0;0;0;0;0;0;0;1;0;1;0;0;1;0;0;2;0;0;0
39208;Entre-deux-Monts;27;39;0;0;0;0;0;0;0;0;0;0;0;0;0;0;0;0;0;0;0;0;1;0;0;0;0;0;1;0;0;0;0;0;0;0;0;0;0
39209;Val d'Épy;27;39;0;0;0;0;0;0;0;0;0;0;0;0;0;0;0;0;0;0;0;0;0;0;0;0;0;0;0;0;1;0;0;0;0;3;0;0;0
39210;Équevillon;27;39;0;0;0;0;0;0;0;0;0;0;0;0;0;0;0;0;0;0;0;0;1;0;0;0;0;1;0;0;1;0;0;0;0;0;1;0;0
39211;Les Essards-Taignevaux;27;39;0;0;0;0;0;0;0;0;0;0;0;0;0;0;0;0;0;0;1;0;0;0;0;0;0;1;0;1;0;0;1;0;0;0;1;0;1
39214;Esserval-Tartre;27;39;0;0;0;0;0;0;0;0;0;0;0;0;0;0;0;0;0;0;0;0;1;0;0;0;0;1;0;0;0;0;0;0;0;0;0;0;0
39216;Étival;27;39;0;0;0;0;0;0;0;0;0;0;0;0;0;0;0;0;0;0;0;0;0;0;0;0;2;0;1;0;0;0;0;0;0;0;0;0;0
39217;L'Étoile;27;39;0;0;0;0;0;0;0;0;0;0;0;0;0;0;0;0;0;0;0;0;2;0;0;0;0;2;0;1;1;0;1;0;0;2;2;0;0
39218;Étrepigney;27;39;0;0;0;0;0;0;0;0;0;0;0;0;0;0;0;0;0;0;0;0;0;0;0;1;0;0;0;0;0;0;0;0;0;0;0;0;0
39219;Évans;27;39;0;0;0;0;0;0;0;0;0;0;0;0;0;0;0;0;0;0;0;0;2;0;0;0;0;2;0;0;1;0;0;0;0;1;0;0;1
39220;Falletans;27;39;0;0;0;0;0;0;0;0;0;0;0;0;0;0;0;0;0;0;0;0;0;0;0;0;0;0;1;1;0;0;0;0;0;0;0;0;0
39221;La Favière;27;39;0;0;0;0;0;0;0;0;0;0;0;0;0;0;0;0;0;0;0;0;0;0;0;0;0;0;0;0;0;0;0;0;0;0;0;0;0
39222;Fay-en-Montagne;27;39;0;0;0;0;0;0;0;0;0;0;0;0;0;0;0;0;0;0;0;0;0;0;0;0;0;0;0;0;0;0;0;0;0;1;0;0;0
39223;La Ferté;27;39;0;0;0;0;0;0;0;0;0;0;0;0;0;0;0;0;0;0;0;0;1;0;0;0;2;0;0;1;0;0;0;0;0;2;0;0;0
39224;Fétigny;27;39;0;0;0;0;0;0;0;0;0;0;0;0;0;0;0;0;0;0;0;0;0;0;0;0;0;0;0;0;0;0;0;0;0;0;0;0;0
39225;Le Fied;27;39;0;0;0;0;0;0;0;0;0;0;0;0;0;0;0;0;0;0;0;0;0;0;0;0;0;0;0;0;0;0;0;0;0;0;0;0;0
39227;Foncine-le-Bas;27;39;0;0;0;0;0;0;0;0;0;0;0;0;0;0;0;0;0;0;0;1;1;0;0;0;1;0;1;1;0;0;0;0;0;0;0;0;0
39228;Foncine-le-Haut;27;39;0;1;0;0;0;0;0;0;0;0;0;0;0;0;0;1;0;1;0;0;1;0;0;0;0;0;4;2;3;1;1;1;0;2;0;0;1
39229;Fontainebrux;27;39;0;0;0;0;0;0;0;0;0;0;0;0;0;0;0;0;0;0;0;0;0;0;0;0;0;0;0;0;0;0;2;0;0;0;0;0;0
39230;Fontenu;27;39;0;0;0;0;0;0;0;0;0;0;0;0;0;0;0;0;0;0;0;0;0;0;0;0;0;0;0;0;1;0;0;0;0;1;0;0;0
39232;Fort-du-Plasne;27;39;0;0;0;0;0;0;0;0;0;0;0;0;0;0;0;0;0;0;0;1;1;0;0;0;1;2;2;1;1;0;0;0;0;1;1;0;0
39233;Foucherans;27;39;0;0;0;0;0;0;0;0;0;0;0;0;0;0;0;0;1;1;0;0;8;1;0;1;6;1;5;1;3;0;2;0;0;2;1;0;0
39234;Foulenay;27;39;0;0;0;0;0;0;0;0;0;0;0;0;0;0;0;0;0;0;0;0;0;0;0;0;0;0;0;0;0;0;0;0;0;0;0;0;0
39235;Fraisans;27;39;0;1;0;0;0;0;0;0;0;0;0;0;0;0;0;0;1;1;0;0;4;0;0;0;1;3;3;2;0;0;2;0;0;9;1;0;2
39236;Francheville;27;39;0;0;0;0;0;0;0;0;0;0;0;0;0;0;0;0;0;0;0;0;0;0;0;0;0;0;0;0;0;0;0;0;0;0;0;0;0
39237;Fraroz;27;39;0;0;0;0;0;0;0;0;0;0;0;0;0;0;0;0;0;0;0;0;0;0;0;0;0;0;0;0;0;0;0;0;0;0;0;0;0
39238;Frasne-les-Meulières;27;39;0;0;0;0;0;0;0;0;0;0;0;0;0;0;0;0;0;0;0;0;2;0;0;0;0;0;0;0;0;0;0;0;0;0;0;0;0
39239;La Frasnée;27;39;0;0;0;0;0;0;0;0;0;0;0;0;0;0;0;0;0;0;0;0;0;0;0;0;0;0;0;0;0;0;0;0;0;1;0;0;0
39240;Le Frasnois;27;39;0;0;0;0;0;0;0;0;0;0;0;0;0;0;0;0;0;0;0;0;0;0;0;0;0;1;0;0;0;0;0;0;0;3;0;0;0
39241;Frébuans;27;39;0;0;0;0;0;0;0;0;0;0;0;0;0;0;0;0;0;0;0;0;0;0;0;0;2;2;1;1;0;0;0;0;0;0;0;0;0
39243;Froideville;27;39;0;0;0;0;0;0;0;0;0;0;0;0;0;0;0;0;0;0;0;0;1;0;0;0;0;0;0;0;0;0;0;0;0;0;0;0;0
39244;Frontenay;27;39;0;0;0;0;0;0;0;0;0;0;0;0;0;0;0;0;0;0;0;0;0;0;0;0;0;0;1;0;0;1;0;0;0;0;0;0;0
39245;Gatey;27;39;0;0;0;0;0;0;0;0;0;0;0;0;0;0;0;0;0;0;0;0;0;0;0;0;0;0;0;0;0;0;0;0;0;0;2;0;0
39246;Gendrey;27;39;0;0;0;0;0;0;0;0;0;0;0;0;0;0;0;0;0;0;0;1;0;0;0;0;0;1;0;0;0;0;1;0;0;0;0;0;0
39247;Genod;27;39;0;0;0;0;0;0;0;0;0;0;0;0;0;0;0;0;0;0;0;0;0;0;0;0;0;0;0;1;0;0;0;0;0;0;0;0;0
39248;Geraise;27;39;0;0;0;0;0;0;0;0;0;0;0;0;0;0;0;0;0;0;0;0;0;0;0;0;0;0;0;0;0;0;0;0;0;0;0;0;0
39249;Germigney;27;39;0;0;0;0;0;0;0;0;0;0;0;0;0;0;0;0;0;0;0;0;1;0;0;0;0;0;0;0;0;0;0;0;0;0;0;0;1
39250;Geruge;27;39;0;0;0;0;0;0;0;0;0;0;0;0;0;0;0;0;0;0;0;0;0;0;0;0;0;0;0;0;0;0;0;0;0;0;0;0;0
39251;Gevingey;27;39;0;0;0;0;0;0;0;0;0;0;0;0;0;0;0;0;0;0;1;0;3;0;0;0;0;2;0;0;0;0;0;0;0;0;0;0;0
39252;Gevry;27;39;0;0;0;0;0;0;0;0;0;0;0;0;0;0;0;0;0;0;0;0;0;0;0;0;0;4;0;2;0;1;1;0;0;0;0;0;1
39253;Gigny;27;39;0;0;0;0;0;0;0;0;0;0;0;0;0;0;0;0;0;0;0;1;0;0;0;0;0;0;0;1;1;0;0;0;0;1;0;0;0
39254;Gillois;27;39;0;0;0;0;0;0;0;0;0;0;0;0;0;0;0;0;0;0;0;0;0;0;0;0;1;0;1;0;0;0;0;0;0;0;0;0;0
39255;Gizia;27;39;0;0;0;0;0;0;0;0;0;0;0;0;0;0;0;0;0;0;0;0;0;0;0;0;1;0;2;0;0;0;1;0;0;0;0;0;0
39258;Grande-Rivière;27;39;0;0;0;0;0;0;0;0;0;0;0;0;0;0;0;0;0;0;0;0;0;0;0;0;0;0;3;1;1;0;0;0;0;3;0;0;0
39259;Grange-de-Vaivre;27;39;0;0;0;0;0;0;0;0;0;0;0;0;0;0;0;0;0;0;0;0;0;0;0;0;0;0;0;0;0;0;0;0;0;0;0;0;0
39261;Graye-et-Charnay;27;39;0;0;0;0;0;0;0;0;0;0;0;0;0;0;0;0;0;0;0;0;0;0;0;0;0;0;1;0;1;0;0;0;0;0;0;0;0
39262;Gredisans;27;39;0;0;0;0;0;0;0;0;0;0;0;0;0;0;0;0;0;0;0;0;1;0;0;0;0;0;1;1;0;0;0;0;0;0;0;0;0
39263;Grozon;27;39;0;0;0;0;0;0;0;0;0;0;0;0;0;0;0;0;0;0;1;0;1;0;0;0;0;0;1;0;1;0;1;0;0;0;0;0;0
39264;Grusse;27;39;0;0;0;0;0;0;0;0;0;0;0;0;0;0;0;0;0;0;0;0;0;0;0;0;1;0;0;0;1;0;1;0;0;0;0;0;0
39265;Hautecour;27;39;0;0;0;0;0;0;0;0;0;0;0;0;0;0;0;0;0;0;0;0;0;0;0;0;1;0;1;0;0;0;0;0;0;0;0;0;0
39266;Les Hays;27;39;0;0;0;0;0;0;0;0;0;0;0;0;0;0;0;0;0;0;0;0;2;0;0;0;1;0;0;1;1;0;0;0;0;0;1;0;0
39267;Ivory;27;39;0;0;0;0;0;0;0;0;0;0;0;0;0;0;0;0;0;0;0;0;0;0;0;0;0;0;0;0;0;0;0;0;0;0;0;0;0
39268;Ivrey;27;39;0;0;0;0;0;0;0;0;0;0;0;0;0;0;0;0;0;0;0;0;0;0;0;0;0;0;0;0;0;0;0;0;0;0;0;0;0
39269;Jeurre;27;39;0;0;0;0;0;0;0;0;0;0;0;0;0;0;0;0;0;0;0;0;0;0;0;0;1;0;0;0;0;0;0;0;0;0;1;0;0
39270;Jouhe;27;39;0;0;0;0;0;0;0;0;0;0;0;0;0;0;0;0;0;0;0;0;0;0;0;0;0;1;0;4;0;0;0;0;0;0;1;0;0
39271;Lac-des-Rouges-Truites;27;39;0;0;0;0;0;0;0;0;0;0;0;0;0;0;0;0;0;0;0;0;0;0;0;0;1;0;1;1;0;2;0;0;0;0;0;0;1
39272;Ladoye-sur-Seille;27;39;0;0;0;0;0;0;0;0;0;0;0;0;0;0;0;0;0;0;0;0;0;0;0;0;0;1;0;0;0;0;0;0;0;1;0;0;0
39273;Lains;27;39;0;0;0;0;0;0;0;0;0;0;0;0;0;0;0;0;0;0;0;0;0;0;0;0;0;0;0;0;0;0;0;0;0;0;0;0;0
39274;Lajoux;27;39;0;0;0;0;0;0;0;0;0;0;0;0;1;0;0;0;0;0;0;1;0;0;0;0;0;0;1;0;0;0;0;0;0;1;0;0;1
39275;Lamoura;27;39;0;0;0;0;0;0;0;0;0;0;0;0;0;0;0;1;0;0;1;0;0;0;0;0;0;4;1;0;1;1;0;1;0;6;1;0;0
39277;Le Larderet;27;39;0;0;0;0;0;0;0;0;0;0;0;0;0;0;0;0;0;0;0;0;0;0;0;0;0;0;0;0;0;0;0;0;0;0;0;0;0
39278;Largillay-Marsonnay;27;39;0;0;0;0;0;0;0;0;0;0;0;0;0;0;0;0;0;0;0;0;0;0;0;0;0;0;0;0;1;0;0;0;0;0;0;0;0
39279;Larnaud;27;39;0;0;0;0;0;0;0;0;0;0;0;0;0;0;0;0;0;0;0;0;0;0;0;0;0;2;0;2;3;0;0;0;0;1;1;0;0
39280;Larrivoire;27;39;0;0;0;0;0;0;0;0;0;0;0;0;0;0;0;0;0;0;0;0;0;0;0;0;1;0;1;0;0;0;0;0;0;0;1;0;0
39281;Le Latet;27;39;0;0;0;0;0;0;0;0;0;0;0;0;0;0;0;0;0;0;0;0;0;0;0;0;2;0;0;0;0;0;0;0;0;0;0;0;0
39282;La Latette;27;39;0;0;0;0;0;0;0;0;0;0;0;0;0;0;0;0;0;0;0;0;0;0;0;0;0;0;0;0;1;0;0;0;0;0;0;0;0
39283;Lavancia-Epercy;27;39;0;0;0;0;0;0;0;0;0;0;0;0;0;0;0;0;0;0;0;0;2;0;0;0;5;0;1;1;1;1;0;0;0;1;0;0;0
39284;Lavangeot;27;39;0;0;0;0;0;0;0;0;0;0;0;0;0;0;0;0;0;0;0;0;1;0;0;0;1;0;0;2;0;0;0;0;0;0;0;0;0
39285;Lavans-lès-Dole;27;39;0;0;0;0;0;0;0;0;0;0;0;0;0;0;0;0;0;0;0;0;0;0;0;0;1;1;2;0;0;0;0;0;0;0;0;0;1
39286;Lavans-lès-Saint-Claude;27;39;0;0;0;0;0;0;0;0;0;0;0;0;0;0;0;0;0;1;0;0;7;0;0;1;1;4;1;3;1;1;1;1;0;3;0;0;1
39287;Lavans-sur-Valouse;27;39;0;0;0;0;0;0;0;0;0;0;0;0;0;0;0;0;0;0;0;0;0;0;0;0;0;0;1;1;0;0;0;0;0;0;0;0;0
39288;Lavigny;27;39;0;0;0;0;0;0;0;0;0;0;0;0;0;0;0;0;0;0;0;0;0;0;0;0;1;0;0;0;0;1;1;0;0;0;0;0;0
39289;Lect;27;39;0;0;0;0;0;0;0;0;0;0;0;0;0;0;0;0;0;0;0;0;0;0;0;0;2;0;0;0;0;0;0;0;0;0;0;0;0
39290;Légna;27;39;0;0;0;0;0;0;0;0;0;0;0;0;0;0;0;0;0;0;0;0;0;0;0;0;0;0;1;0;0;0;0;0;0;1;0;0;0
39291;Lemuy;27;39;0;0;0;0;0;0;0;0;0;0;0;0;0;0;0;0;0;0;0;0;0;0;0;0;0;0;1;0;0;0;0;0;0;0;0;0;0
39292;Lent;27;39;0;0;0;0;0;0;0;0;0;0;0;0;0;0;0;0;0;0;0;0;0;0;0;0;1;0;0;0;0;0;0;0;0;0;0;0;0
39293;Leschères;27;39;0;0;0;0;0;0;0;0;0;0;0;0;0;0;0;0;0;0;0;0;0;0;0;0;0;0;0;0;0;0;0;0;0;1;0;0;0
39295;Loisia;27;39;0;0;0;0;0;0;0;0;0;0;0;0;0;0;0;0;0;0;0;0;0;0;0;0;0;1;1;1;0;0;0;0;0;0;0;0;0
39296;Lombard;27;39;0;0;0;0;0;0;0;0;0;0;0;0;0;0;0;0;0;0;0;0;0;0;0;0;0;1;0;1;0;1;0;0;0;0;0;0;0
39297;Longchaumois;27;39;0;0;0;0;0;0;0;0;0;0;0;0;0;0;0;0;0;0;0;1;2;0;0;0;0;0;3;1;1;0;2;0;0;3;0;0;0
39298;Longcochon;27;39;0;0;0;0;0;0;0;0;0;0;0;0;0;0;0;0;0;0;0;0;0;0;0;0;0;0;1;0;0;0;0;0;0;0;0;0;0
39299;Longwy-sur-le-Doubs;27;39;0;0;0;0;0;0;0;0;0;0;0;0;0;0;0;0;0;0;0;1;0;0;0;0;2;1;2;2;0;0;2;0;0;0;0;0;0
39300;Lons-le-Saunier;27;39;1;1;0;1;1;1;1;0;0;0;12;1;0;0;0;20;5;3;0;0;26;4;1;12;24;33;16;13;12;5;39;5;7;70;31;4;18
39301;Loulle;27;39;0;0;0;0;0;0;0;0;0;0;0;0;0;0;0;0;0;0;0;0;0;0;0;0;0;1;0;0;1;0;0;0;0;1;0;0;0
39302;Louvatange;27;39;0;0;0;0;0;0;0;0;0;0;0;0;0;0;0;0;0;0;0;0;0;0;0;0;0;0;1;0;0;0;0;0;0;0;0;0;0
39303;Louvenne;27;39;0;0;0;0;0;0;0;0;0;0;0;0;0;0;0;0;0;0;0;0;0;0;0;0;0;0;0;0;0;0;0;0;0;0;0;0;0
39304;Le Louverot;27;39;0;0;0;0;0;0;0;0;0;0;0;0;0;0;0;0;0;0;0;0;0;0;0;0;0;0;1;1;0;0;0;0;0;0;0;0;0
39305;La Loye;27;39;0;0;0;0;0;0;0;0;0;0;0;0;0;0;0;0;0;0;1;0;1;0;0;0;0;2;2;0;1;0;0;0;0;1;0;0;0
39306;Macornay;27;39;0;0;0;0;0;0;0;0;0;0;0;0;0;0;0;0;1;0;0;1;0;0;0;0;1;2;3;0;1;2;2;0;0;2;0;0;2
39307;Maisod;27;39;0;0;0;0;0;0;0;0;0;0;0;0;0;0;0;0;0;0;0;0;1;0;0;0;0;0;1;0;0;0;0;0;0;3;0;0;0
39308;Malange;27;39;0;0;0;0;0;0;0;0;0;0;0;0;0;0;0;0;0;0;0;0;0;0;0;0;0;0;0;1;1;0;0;0;0;0;0;0;0
39309;Mallerey;27;39;0;0;0;0;0;0;0;0;0;0;0;0;0;0;0;0;0;0;0;0;0;0;0;0;0;0;0;0;0;0;0;0;0;0;0;0;0
39310;Mantry;27;39;0;0;0;0;0;0;0;0;0;0;0;0;0;0;0;0;0;0;0;0;3;0;0;0;0;0;3;1;0;0;0;0;0;3;0;0;0
39312;Marigna-sur-Valouse;27;39;0;0;0;0;0;0;0;0;0;0;0;0;0;0;0;0;0;0;0;0;0;0;0;0;0;0;0;1;0;0;1;0;0;0;0;0;0
39313;Marigny;27;39;0;0;0;0;0;0;0;0;0;0;0;0;0;0;0;0;0;0;0;0;0;0;0;0;0;0;1;0;0;0;0;0;0;1;0;0;0
39314;Marnézia;27;39;0;0;0;0;0;0;0;0;0;0;0;0;0;0;0;0;0;0;0;0;1;0;0;0;0;0;0;0;0;0;0;0;0;0;0;0;0
39315;Marnoz;27;39;0;0;0;0;0;0;0;0;0;0;0;0;0;0;0;0;0;0;0;0;0;0;0;0;0;0;0;2;0;0;0;0;0;0;0;0;1
39317;La Marre;27;39;0;0;0;0;0;0;0;0;0;0;0;0;0;0;0;0;0;0;0;0;0;0;0;0;3;1;1;1;1;0;0;0;0;1;0;0;0
39318;Martigna;27;39;0;0;0;0;0;0;0;0;0;0;0;0;0;0;0;0;0;0;0;0;0;0;0;0;1;0;0;0;0;0;0;0;0;0;0;0;0
39319;Mathenay;27;39;0;0;0;0;0;0;0;0;0;0;0;0;0;0;0;0;0;0;0;0;0;0;0;0;0;0;1;0;0;0;0;0;0;1;0;0;0
39320;Maynal;27;39;0;0;0;0;0;0;0;0;0;0;0;0;0;0;0;0;0;0;0;0;0;0;0;0;0;0;0;1;0;0;0;0;0;0;1;0;1
39321;Menétru-le-Vignoble;27;39;0;0;0;0;0;0;0;0;0;0;0;0;0;0;0;0;0;0;0;0;0;0;0;0;1;0;0;0;0;0;0;0;0;0;0;0;1
39322;Menétrux-en-Joux;27;39;0;0;0;0;0;0;0;0;0;0;0;0;0;0;0;0;0;0;0;0;1;0;0;0;0;0;0;0;0;0;0;0;0;1;0;0;0
39323;Menotey;27;39;0;0;0;0;0;0;0;0;0;0;0;0;0;0;0;0;0;0;0;1;0;0;0;0;0;0;1;0;0;0;0;0;0;0;0;0;0
39324;Mérona;27;39;0;0;0;0;0;0;0;0;0;0;0;0;0;0;0;0;0;0;0;0;0;0;0;0;0;0;0;0;0;0;0;0;0;0;0;0;0
39325;Mesnay;27;39;0;0;0;0;0;0;0;0;0;0;0;0;0;0;0;0;0;0;0;0;1;0;0;0;3;1;2;0;1;0;0;0;0;0;0;0;0
39326;Mesnois;27;39;0;0;0;0;0;0;0;0;0;0;0;0;0;0;0;0;0;0;0;0;2;0;0;0;0;1;0;0;0;0;1;0;0;3;0;0;0
39327;Messia-sur-Sorne;27;39;0;0;0;0;0;0;0;0;0;0;0;0;0;0;0;0;0;0;0;1;2;0;0;0;2;1;1;1;1;1;2;0;0;2;1;0;1
39328;Meussia;27;39;0;0;0;0;0;0;0;0;0;0;0;0;0;0;0;0;0;0;0;1;0;0;0;0;3;0;3;1;0;0;1;0;0;0;1;0;0
39329;Mièges;27;39;0;0;0;0;0;0;0;0;0;0;0;0;0;0;0;0;0;0;0;0;0;0;0;0;0;1;0;0;0;0;0;0;0;0;0;0;0
39330;Miéry;27;39;0;0;0;0;0;0;0;0;0;0;0;0;0;0;0;0;0;0;0;0;0;0;0;0;0;1;0;0;0;0;1;0;0;0;0;0;0
39331;Mignovillard;27;39;0;0;0;0;0;0;0;0;0;0;0;0;0;0;0;0;0;0;0;1;2;0;0;0;2;1;3;0;1;0;1;0;0;2;1;0;1
39333;Moirans-en-Montagne;27;39;0;1;0;0;0;0;0;0;0;0;1;0;1;0;0;3;2;1;0;0;9;1;1;2;5;3;6;4;2;0;3;0;2;9;0;0;1
39334;Moiron;27;39;0;0;0;0;0;0;0;0;0;0;0;0;0;0;0;0;0;0;0;0;1;0;0;0;0;0;0;1;1;0;0;0;0;1;0;0;0
39335;Moissey;27;39;0;1;0;0;0;0;0;0;0;0;0;0;0;0;0;0;1;1;0;0;2;0;0;0;1;0;0;1;1;0;2;0;0;1;0;0;0
39336;Molain;27;39;0;0;0;0;0;0;0;0;0;0;0;0;0;0;0;0;0;0;0;0;0;0;0;0;0;0;0;0;0;0;0;0;0;0;0;0;0
39337;Molamboz;27;39;0;0;0;0;0;0;0;0;0;0;0;0;0;0;0;0;0;0;0;0;0;0;0;0;0;0;0;0;0;0;0;0;0;0;0;0;0
39338;Molay;27;39;0;0;0;0;0;0;0;0;0;0;0;0;0;0;0;0;0;0;0;0;1;0;0;0;2;0;1;3;0;0;0;0;0;0;0;0;0
39339;Molinges;27;39;0;0;0;0;0;0;0;0;0;0;0;0;0;0;0;0;0;0;0;1;1;0;0;1;0;0;0;1;1;0;1;0;0;1;0;0;1
39341;Les Molunes;27;39;0;0;0;0;0;0;0;0;0;0;0;0;0;0;0;0;0;0;0;0;0;0;0;0;0;0;0;0;0;0;0;0;0;2;0;0;0
39342;Monay;27;39;0;0;0;0;0;0;0;0;0;0;0;0;0;0;0;0;0;0;0;0;0;0;0;0;0;0;1;0;0;0;0;0;0;0;0;0;0
39343;Monnetay;27;39;0;0;0;0;0;0;0;0;0;0;0;0;0;0;0;0;0;0;0;0;0;0;0;0;0;0;1;0;0;0;0;0;0;0;0;0;0
39344;Monnet-la-Ville;27;39;0;0;0;0;0;0;0;0;0;0;0;0;0;0;0;0;0;0;0;0;1;0;0;0;0;0;0;1;0;0;0;0;0;0;0;0;0
39345;Monnières;27;39;0;0;0;0;0;0;0;0;0;0;0;0;0;0;0;0;1;0;0;0;0;0;0;0;1;0;2;2;0;0;0;0;0;0;0;0;0
39346;Montagna-le-Reconduit;27;39;0;0;0;0;0;0;0;0;0;0;0;0;0;0;0;0;0;0;0;0;0;0;0;0;0;0;1;0;0;0;0;0;0;1;0;0;0
39347;Montagna-le-Templier;27;39;0;0;0;0;0;0;0;0;0;0;0;0;0;0;0;0;0;0;0;0;0;0;0;0;1;1;0;0;0;0;0;0;0;0;0;0;0
39348;Montaigu;27;39;0;0;0;0;0;0;0;0;0;0;0;0;0;0;0;0;0;0;0;0;0;0;0;0;0;2;0;1;0;0;0;0;0;0;1;0;1
39349;Montain;27;39;0;0;0;0;0;0;0;0;0;0;0;0;0;0;0;0;0;0;0;0;0;0;0;0;3;0;0;0;0;1;0;0;0;0;0;0;0
39350;Montbarrey;27;39;0;0;0;0;0;0;0;0;0;0;0;0;0;0;0;0;0;0;0;1;0;0;0;0;1;0;0;1;0;0;0;0;0;0;0;0;0
39351;Montcusel;27;39;0;0;0;0;0;0;0;0;0;0;0;0;0;0;0;0;0;0;0;0;0;0;0;0;0;0;0;1;0;0;0;0;0;0;0;0;0
39352;Monteplain;27;39;0;0;0;0;0;0;0;0;0;0;0;0;0;0;0;0;0;0;0;0;0;0;0;0;0;0;0;0;0;0;0;0;0;1;0;0;0
39353;Montfleur;27;39;0;0;0;0;0;0;0;0;0;0;0;0;0;0;0;0;0;0;0;0;0;0;0;0;0;0;0;2;0;0;1;0;0;1;0;0;0
39354;Montholier;27;39;0;0;0;0;0;0;0;0;0;0;0;0;0;0;0;0;0;0;0;0;0;0;0;0;3;0;2;1;2;0;0;0;0;1;0;0;0
39355;Montigny-lès-Arsures;27;39;0;0;0;0;0;0;0;0;0;0;0;0;0;0;0;0;0;0;0;0;0;0;0;0;0;0;0;0;0;0;0;0;0;0;0;0;0
39356;Montigny-sur-l'Ain;27;39;0;0;0;0;0;0;0;0;0;0;0;0;0;0;0;0;0;0;0;0;0;0;0;0;0;0;0;0;1;0;0;0;0;0;0;0;0
39359;Montmarlon;27;39;0;0;0;0;0;0;0;0;0;0;0;0;0;0;0;0;0;0;0;0;0;0;0;0;0;0;0;0;0;0;0;0;0;0;0;0;0
39360;Montmirey-la-Ville;27;39;0;0;0;0;0;0;0;0;0;0;0;0;0;0;0;0;0;0;0;0;0;0;0;0;0;0;1;0;0;0;0;0;0;0;0;0;0
39361;Montmirey-le-Château;27;39;0;0;0;0;0;0;0;0;0;0;0;0;0;0;0;0;0;0;0;0;0;0;0;0;0;0;1;0;0;0;0;0;0;2;0;0;0
39362;Montmorot;27;39;0;0;0;0;0;0;0;0;0;0;0;0;0;0;0;2;0;1;0;0;10;1;0;0;8;6;7;5;2;2;8;0;0;9;2;1;2
39363;Montrevel;27;39;0;0;0;0;0;0;0;0;0;0;0;0;0;0;0;0;0;0;0;0;0;0;0;0;0;1;1;0;0;0;0;0;0;0;0;0;0
39364;Montrond;27;39;0;0;0;0;0;0;0;0;0;0;0;0;0;0;0;0;0;0;1;0;2;0;1;1;0;0;1;1;1;0;1;0;0;1;1;0;0
39365;Mont-sous-Vaudrey;27;39;0;1;0;0;0;0;0;0;0;0;1;0;0;0;0;1;2;1;0;0;5;0;0;1;3;3;1;2;2;2;2;0;0;4;3;0;1
39366;Mont-sur-Monnet;27;39;0;0;0;0;0;0;0;0;0;0;0;0;0;0;0;0;0;0;0;0;0;0;0;0;0;0;0;0;0;0;0;0;0;0;0;0;0
39367;Morbier;27;39;0;0;0;0;0;0;0;0;0;0;0;0;0;0;0;0;0;1;0;0;5;1;0;0;2;2;4;3;0;3;1;0;0;6;1;0;1
39368;Hauts de Bienne;27;39;0;1;0;0;0;0;0;0;0;0;1;0;1;0;0;7;1;1;0;0;7;1;0;4;5;6;2;7;7;2;6;2;3;11;5;3;3
39370;Mouchard;27;39;0;1;0;0;0;0;0;0;0;0;0;0;0;0;0;3;0;1;0;0;2;0;0;2;2;2;2;0;1;0;4;0;0;9;0;0;1
39372;Mournans-Charbonny;27;39;0;0;0;0;0;0;0;0;0;0;0;0;0;0;0;0;0;0;0;0;0;0;0;0;0;0;0;0;0;0;0;0;0;0;0;0;0
39373;Les Moussières;27;39;0;0;0;0;0;0;0;0;0;0;0;0;0;0;0;0;0;0;0;1;0;0;0;0;1;0;2;1;0;0;0;0;0;0;0;0;0
39375;Moutonne;27;39;0;0;0;0;0;0;0;0;0;0;0;0;0;0;0;0;0;0;0;0;0;0;0;0;0;0;0;0;0;0;0;0;0;0;0;0;0
39376;Moutoux;27;39;0;0;0;0;0;0;0;0;0;0;0;0;0;0;0;0;0;0;0;0;0;0;0;0;0;0;0;0;0;0;0;0;0;0;0;0;0
39377;Mutigney;27;39;0;0;0;0;0;0;0;0;0;0;0;0;0;0;0;0;0;0;0;0;0;0;0;0;0;0;1;0;2;0;0;0;0;0;0;0;0
39378;Nanc-lès-Saint-Amour;27;39;0;0;0;0;0;0;0;0;0;0;0;0;0;0;0;0;0;0;0;0;0;0;0;0;1;0;1;1;0;0;0;0;0;0;0;0;0
39379;Nance;27;39;0;0;0;0;0;0;0;0;0;0;0;0;0;0;0;0;0;0;0;0;1;0;0;0;0;0;2;1;2;0;1;0;0;0;0;0;0
39380;Nancuise;27;39;0;0;0;0;0;0;0;0;0;0;0;0;0;0;0;0;0;0;0;0;0;0;0;0;0;0;2;0;0;0;0;0;0;0;0;0;0
39381;Les Nans;27;39;0;0;0;0;0;0;0;0;0;0;0;0;0;0;0;0;0;0;0;0;0;0;0;0;0;0;0;0;0;0;0;0;0;0;1;0;0
39385;Neublans-Abergement;27;39;0;0;0;0;0;0;0;0;0;0;0;0;0;0;0;0;0;0;0;1;0;0;0;0;2;0;0;1;0;0;1;0;0;0;0;0;0
39386;Neuvilley;27;39;0;0;0;0;0;0;0;0;0;0;0;0;0;0;0;0;0;0;0;0;0;0;0;0;0;0;0;0;1;0;0;0;0;1;0;0;0
39387;Nevy-lès-Dole;27;39;0;0;0;0;0;0;0;0;0;0;0;0;0;0;0;0;0;0;0;0;0;0;0;0;1;0;0;0;1;0;0;0;0;0;0;0;0
39388;Nevy-sur-Seille;27;39;0;0;0;0;0;0;0;0;0;0;0;0;0;0;0;0;0;0;0;0;0;0;0;0;2;0;0;0;1;0;0;0;0;0;0;0;0
39389;Ney;27;39;0;0;0;0;0;0;0;0;0;0;0;0;0;0;0;0;0;0;0;0;2;0;0;0;1;2;2;0;0;1;0;0;0;1;0;0;0
39390;Nogna;27;39;0;0;0;0;0;0;0;0;0;0;0;0;0;0;0;0;0;0;0;0;0;0;0;0;0;1;1;2;0;0;0;1;0;0;0;0;0
39391;Nozeroy;27;39;0;1;0;0;0;0;0;0;0;0;0;0;0;0;0;1;0;1;0;0;1;0;0;0;1;0;1;1;1;0;1;0;0;2;0;0;1
39392;Offlanges;27;39;0;0;0;0;0;0;0;0;0;0;0;0;0;0;0;0;0;0;0;0;0;0;0;0;0;0;0;0;0;0;0;0;0;3;0;0;0
39393;Onglières;27;39;0;0;0;0;0;0;0;0;0;0;0;0;0;0;0;0;0;0;0;0;0;0;0;0;0;0;0;0;0;0;0;0;0;0;0;0;0
39394;Onoz;27;39;0;0;0;0;0;0;0;0;0;0;0;0;0;0;0;0;0;0;0;0;0;0;0;0;0;0;0;0;0;0;0;0;0;0;1;0;0
39395;Orbagna;27;39;0;0;0;0;0;0;0;0;0;0;0;0;0;0;0;0;0;0;0;0;0;0;0;0;0;1;0;0;0;0;0;0;0;0;0;0;0
39396;Orchamps;27;39;0;1;0;0;0;0;0;0;0;0;0;0;0;0;0;1;2;1;0;0;2;0;0;0;1;0;3;2;0;0;2;0;0;3;0;0;3
39397;Orgelet;27;39;0;1;0;0;0;0;0;0;0;0;1;0;0;0;0;4;2;1;0;0;6;0;0;2;6;3;6;4;1;1;4;2;0;7;4;0;1
39398;Ougney;27;39;0;0;0;0;0;0;0;0;0;0;0;0;0;0;0;0;0;0;0;1;0;0;0;0;2;2;0;0;1;0;0;0;0;2;0;0;0
39399;Ounans;27;39;0;0;0;0;0;0;0;0;0;0;0;0;1;0;0;0;0;0;0;1;1;0;0;0;2;1;2;0;0;0;0;0;0;2;0;0;0
39400;Our;27;39;0;0;0;0;0;0;0;0;0;0;0;0;0;0;0;0;0;0;0;0;0;0;0;0;0;0;0;0;0;0;0;0;0;0;0;0;0
39401;Oussières;27;39;0;0;0;0;0;0;0;0;0;0;0;0;0;0;0;0;0;0;0;0;0;0;0;0;1;0;0;2;2;0;0;0;0;0;0;0;0
39402;Pagney;27;39;0;0;0;0;0;0;0;0;0;0;0;0;0;0;0;0;0;0;0;1;3;0;0;0;0;1;1;1;0;0;1;0;0;0;0;0;0
39403;Pagnoz;27;39;0;0;0;0;0;0;0;0;0;0;0;0;0;0;0;0;0;0;0;0;0;0;0;0;0;0;1;0;0;0;0;0;0;1;0;0;0
39404;Pannessières;27;39;0;0;0;0;0;0;0;0;0;0;0;0;0;0;0;0;0;0;0;0;0;0;0;0;0;0;0;2;1;0;0;0;0;0;0;0;0
39405;Parcey;27;39;0;0;0;0;0;0;0;0;0;0;0;0;0;0;0;0;0;0;1;0;4;0;0;0;2;1;1;2;0;0;1;0;0;6;0;0;1
39406;Le Pasquier;27;39;0;0;0;0;0;0;0;0;0;0;0;0;0;0;0;0;0;0;0;0;1;0;0;0;0;0;0;0;1;0;0;0;0;0;0;0;0
39407;Passenans;27;39;0;0;0;0;0;0;0;0;0;0;0;0;0;0;0;0;0;0;0;1;0;0;0;0;0;1;3;1;1;0;0;0;0;1;1;0;0
39408;Patornay;27;39;0;0;0;0;0;0;0;0;0;0;0;0;0;0;0;0;0;0;0;0;0;0;0;0;0;2;1;0;0;0;0;0;0;0;0;0;0
39409;Peintre;27;39;0;0;0;0;0;0;0;0;0;0;0;0;0;0;0;0;0;0;0;0;0;0;0;0;0;0;0;1;0;0;0;0;0;0;1;0;0
39411;Perrigny;27;39;0;0;0;0;0;0;0;0;0;0;0;0;0;0;0;0;0;0;1;0;6;2;0;0;0;3;4;4;0;1;2;0;0;3;1;0;0
39412;Peseux;27;39;0;0;0;0;0;0;0;0;0;0;0;0;0;0;0;0;0;0;0;0;0;0;0;0;0;3;1;0;0;0;0;0;0;0;0;0;0
39413;La Pesse;27;39;0;0;0;0;0;0;0;0;0;0;0;0;0;0;0;0;0;0;0;1;0;0;0;0;1;0;1;0;0;1;0;0;0;4;0;0;0
39414;Le Petit-Mercey;27;39;0;0;0;0;0;0;0;0;0;0;0;0;0;0;0;0;0;0;0;0;0;0;0;0;0;0;0;0;0;0;0;0;0;0;0;0;0
39415;Petit-Noir;27;39;0;0;0;0;0;0;0;0;0;0;0;0;0;0;0;0;0;1;0;0;1;0;0;0;1;2;3;0;2;0;1;0;0;1;0;0;2
39417;Les Piards;27;39;0;0;0;0;0;0;0;0;0;0;0;0;0;0;0;0;0;0;0;0;1;0;0;0;0;0;0;0;1;0;0;0;0;0;0;0;0
39418;Picarreau;27;39;0;0;0;0;0;0;0;0;0;0;0;0;0;0;0;0;0;0;0;0;0;0;0;0;1;0;0;0;0;0;0;0;0;0;0;0;1
39419;Pillemoine;27;39;0;0;0;0;0;0;0;0;0;0;0;0;0;0;0;0;0;0;0;0;0;0;0;0;0;0;0;0;0;0;0;0;0;0;0;0;0
39420;Pimorin;27;39;0;0;0;0;0;0;0;0;0;0;0;0;0;0;0;0;0;0;0;0;2;0;0;0;0;0;0;0;0;0;1;0;0;0;0;0;0
39421;Le Pin;27;39;0;0;0;0;0;0;0;0;0;0;0;0;0;0;0;0;0;0;0;0;0;0;0;0;0;0;1;0;0;0;0;0;0;0;1;0;1
39422;Plainoiseau;27;39;0;0;0;0;0;0;0;0;0;0;0;0;0;0;0;0;0;0;0;0;2;0;0;0;1;2;0;2;0;0;0;0;0;1;1;0;1
39423;Plaisia;27;39;0;0;0;0;0;0;0;0;0;0;0;0;0;0;0;0;0;0;0;0;0;0;0;0;0;0;1;0;0;0;0;0;0;1;2;0;0
39424;Les Planches-en-Montagne;27;39;0;0;0;0;0;0;0;0;0;0;0;0;0;0;0;0;0;0;0;1;0;0;0;0;0;0;1;0;0;0;0;0;0;2;0;0;0
39425;Les Planches-près-Arbois;27;39;0;0;0;0;0;0;0;0;0;0;0;0;0;0;0;0;0;0;0;0;0;0;0;0;1;0;0;0;0;0;0;0;0;3;0;0;0
39426;Plasne;27;39;0;0;0;0;0;0;0;0;0;0;0;0;0;0;0;0;0;0;0;0;0;0;0;0;0;1;0;1;0;0;0;0;0;0;0;0;0
39427;Plénise;27;39;0;0;0;0;0;0;0;0;0;0;0;0;0;0;0;0;0;0;0;0;0;0;0;0;0;0;0;0;0;0;0;0;0;0;0;0;1
39428;Plénisette;27;39;0;0;0;0;0;0;0;0;0;0;0;0;0;0;0;0;0;0;0;0;0;0;0;0;0;0;0;0;0;0;0;0;0;0;0;0;0
39429;Pleure;27;39;0;0;0;0;0;0;0;0;0;0;0;0;0;0;0;0;0;0;1;0;0;0;0;0;0;1;0;2;1;0;0;0;0;0;0;0;0
39430;Plumont;27;39;0;0;0;0;0;0;0;0;0;0;0;0;0;0;0;0;0;0;0;0;0;0;0;0;0;0;0;0;0;0;0;0;0;0;0;0;0
39431;Poids-de-Fiole;27;39;0;0;0;0;0;0;0;0;0;0;0;0;0;0;0;0;0;0;0;0;0;0;0;0;0;0;1;0;0;0;0;1;0;2;0;0;0
39432;Pointre;27;39;0;0;0;0;0;0;0;0;0;0;0;0;0;0;0;0;0;0;0;0;0;0;0;0;1;1;0;1;1;0;0;0;0;0;0;0;0
39434;Poligny;27;39;0;1;0;0;0;0;0;0;0;0;3;0;0;0;0;5;2;1;0;0;8;2;0;3;5;9;6;6;4;0;7;3;2;15;4;2;2
39435;Pont-de-Poitte;27;39;0;0;0;0;0;0;0;0;0;0;0;0;0;0;0;0;0;0;0;1;3;0;0;0;2;0;1;1;3;0;1;0;0;2;1;0;0
39436;Pont-d'Héry;27;39;0;0;0;0;0;0;0;0;0;0;0;0;0;0;0;0;0;0;0;0;0;0;0;0;1;0;1;0;0;2;0;0;0;0;0;0;0
39437;Pont-du-Navoy;27;39;0;0;0;0;0;0;0;0;0;0;0;0;0;0;0;0;0;0;0;1;1;0;0;0;0;0;0;1;0;0;1;0;0;0;1;0;0
39439;Port-Lesney;27;39;0;0;0;0;0;0;0;0;0;0;0;0;0;0;0;0;1;0;1;0;2;0;0;0;2;0;2;0;0;0;0;0;0;1;0;0;0
39440;Pratz;27;39;0;0;0;0;0;0;0;0;0;0;0;0;0;0;0;0;0;0;0;0;1;0;0;0;1;1;0;1;0;0;0;0;0;2;0;0;1
39441;Prémanon;27;39;0;0;0;0;0;0;0;0;0;0;0;0;0;0;0;0;0;0;0;1;0;0;0;0;0;1;0;0;1;0;1;0;0;12;1;0;0
39443;Présilly;27;39;0;0;0;0;0;0;0;0;0;0;0;0;0;0;0;0;0;0;0;0;0;0;0;0;0;0;0;0;0;0;1;0;0;0;1;0;0
39444;Pretin;27;39;0;0;0;0;0;0;0;0;0;0;0;0;0;0;0;0;0;0;0;0;0;0;0;0;0;0;0;0;0;0;0;0;0;0;0;0;0
39445;Publy;27;39;0;0;0;0;0;0;0;0;0;0;0;0;0;0;0;0;0;0;0;0;0;0;0;0;1;0;1;0;0;0;0;0;0;0;0;0;0
39446;Pupillin;27;39;0;0;0;0;0;0;0;0;0;0;0;0;0;0;0;0;0;0;0;0;1;0;0;0;2;0;0;1;0;0;0;0;0;2;0;0;0
39447;Quintigny;27;39;0;0;0;0;0;0;0;0;0;0;0;0;0;0;0;0;0;0;0;0;1;0;0;0;1;1;0;0;0;0;0;0;0;0;0;0;0
39448;Rahon;27;39;0;0;0;0;0;0;0;0;0;0;0;0;0;0;0;0;0;0;0;1;0;0;0;0;4;0;0;1;0;0;0;0;0;1;0;0;0
39449;Rainans;27;39;0;0;0;0;0;0;0;0;0;0;0;0;0;0;0;0;0;0;0;0;0;0;0;0;0;0;0;0;1;0;0;0;0;0;0;0;1
39451;Ranchot;27;39;0;0;0;0;0;0;0;0;0;0;0;0;0;0;0;0;0;0;0;1;1;0;0;0;1;1;0;0;0;0;0;0;0;2;0;0;2
39452;Rans;27;39;0;0;0;0;0;0;0;0;0;0;0;0;0;0;0;0;0;0;0;0;0;0;0;0;2;0;1;1;1;0;0;0;0;1;0;0;0
39453;Ravilloles;27;39;0;0;0;0;0;0;0;0;0;0;0;0;0;0;0;0;0;0;1;0;0;0;0;0;1;1;0;0;1;0;0;0;0;1;0;0;0
39454;Recanoz;27;39;0;0;0;0;0;0;0;0;0;0;0;0;0;0;0;0;0;0;0;0;1;0;0;0;1;0;0;2;0;0;0;0;0;0;0;0;0
39455;Reithouse;27;39;0;0;0;0;0;0;0;0;0;0;0;0;0;0;0;0;1;0;0;0;0;0;0;0;0;0;1;0;0;0;0;0;0;0;0;0;0
39456;Relans;27;39;0;0;0;0;0;0;0;0;0;0;0;0;0;0;0;0;0;0;0;0;2;0;0;0;2;0;0;2;0;0;0;0;0;1;2;0;0
39457;Les Repôts;27;39;0;0;0;0;0;0;0;0;0;0;0;0;0;0;0;0;0;0;0;0;0;0;0;0;1;0;0;0;0;0;0;0;0;0;0;0;0
39458;Revigny;27;39;0;0;0;0;0;0;0;0;0;0;0;0;0;0;0;0;0;0;0;0;0;0;0;0;1;1;1;1;2;0;0;0;0;0;0;0;0
39460;La Rixouse;27;39;0;0;0;0;0;0;0;0;0;0;0;0;0;0;0;0;0;0;0;0;2;0;0;0;0;0;0;0;0;0;0;0;0;0;0;0;0
39461;Rix;27;39;0;0;0;0;0;0;0;0;0;0;0;0;0;0;0;0;0;0;0;0;0;0;0;0;0;0;1;0;1;0;0;0;0;0;0;0;0
39462;Rochefort-sur-Nenon;27;39;0;0;0;0;0;0;0;0;0;0;0;0;0;0;0;0;0;1;0;0;3;0;0;0;0;0;3;1;2;0;1;0;0;1;2;0;0
39463;Rogna;27;39;0;0;0;0;0;0;0;0;0;0;0;0;0;0;0;0;0;0;0;0;0;0;0;0;0;0;0;1;0;0;0;0;0;0;0;0;0
39464;Romain;27;39;0;0;0;0;0;0;0;0;0;0;0;0;0;0;0;0;0;0;0;0;0;0;0;0;1;0;1;1;0;1;0;0;0;0;0;0;0
39465;Romange;27;39;0;0;0;0;0;0;0;0;0;0;0;0;0;0;0;0;0;0;0;0;0;0;0;0;0;1;0;0;1;1;0;0;0;0;0;0;1
39466;Rosay;27;39;0;0;0;0;0;0;0;0;0;0;0;0;0;0;0;0;0;0;0;0;0;0;0;0;1;0;0;1;0;0;0;0;0;0;0;0;0
39467;Rotalier;27;39;0;0;0;0;0;0;0;0;0;0;0;0;0;0;0;0;0;0;0;0;0;0;0;0;0;0;0;1;0;0;0;0;0;0;0;0;0
39468;Rothonay;27;39;0;0;0;0;0;0;0;0;0;0;0;0;0;0;0;0;0;0;0;0;1;0;0;0;0;0;1;0;0;0;0;0;0;0;0;0;0
39469;Rouffange;27;39;0;0;0;0;0;0;0;0;0;0;0;0;0;0;0;0;0;0;0;0;0;0;0;0;0;0;1;0;0;0;0;0;0;0;0;0;0
39470;Les Rousses;27;39;0;1;0;0;0;0;0;0;0;0;0;0;0;0;0;5;1;1;0;0;3;1;0;2;4;2;5;3;1;1;5;1;0;18;6;0;4
39471;Ruffey-sur-Seille;27;39;0;0;0;0;0;0;0;0;0;0;0;0;0;0;0;0;0;0;1;0;1;0;0;0;2;1;0;2;2;0;4;0;0;0;0;0;0
39472;Rye;27;39;0;0;0;0;0;0;0;0;0;0;0;0;0;0;0;0;0;0;0;0;0;0;0;0;1;1;1;1;0;1;0;0;0;1;0;0;0
39473;Saffloz;27;39;0;0;0;0;0;0;0;0;0;0;0;0;0;0;0;0;0;0;0;0;0;0;0;0;0;0;1;0;0;0;0;0;0;0;0;0;0
39474;Sainte-Agnès;27;39;0;0;0;0;0;0;0;0;0;0;0;0;0;0;0;0;0;0;0;1;0;0;0;0;0;1;0;0;0;1;1;0;0;0;0;0;0
39475;Saint-Amour;27;39;0;1;0;0;0;0;0;0;0;0;0;0;0;0;0;3;1;1;0;0;7;2;0;2;4;6;3;3;2;0;4;1;2;6;3;2;4
39476;Saint-Aubin;27;39;0;0;0;0;0;0;0;0;0;0;0;0;0;0;0;0;0;1;0;0;2;0;0;1;4;1;2;5;3;0;6;0;0;2;0;1;1
39477;Saint-Baraing;27;39;0;0;0;0;0;0;0;0;0;0;0;0;0;0;0;0;0;0;0;0;0;0;0;0;0;0;0;0;0;0;0;0;0;0;0;0;0
39478;Saint-Claude;27;39;1;1;0;0;1;0;0;0;0;0;2;1;0;0;0;8;2;1;0;0;17;3;0;6;3;18;7;10;6;2;18;1;3;34;7;6;4
39479;Saint-Cyr-Montmalin;27;39;0;0;0;0;0;0;0;0;0;0;0;0;0;0;0;0;0;0;0;0;0;0;0;0;0;0;2;1;0;0;1;0;0;1;0;0;0
39480;Saint-Didier;27;39;0;0;0;0;0;0;0;0;0;0;0;0;0;0;0;0;0;0;0;0;0;0;0;0;0;0;3;1;0;0;0;0;0;0;0;0;0
39481;Saint-Germain-en-Montagne;27;39;0;0;0;0;0;0;0;0;0;0;0;0;0;0;0;0;0;0;0;0;0;0;0;0;0;0;1;0;0;0;2;0;0;1;2;0;0
39483;Saint-Hymetière;27;39;0;0;0;0;0;0;0;0;0;0;0;0;0;0;0;0;0;0;0;0;0;0;0;0;1;0;0;1;0;0;0;0;0;0;0;0;0
39484;Saint-Jean-d'Étreux;27;39;0;0;0;0;0;0;0;0;0;0;0;0;0;0;0;0;0;0;0;0;0;0;0;0;0;0;0;0;0;0;0;0;0;0;0;0;0
39485;Saint-Julien;27;39;0;1;0;0;0;0;0;0;0;0;0;0;0;0;0;2;0;0;0;1;2;1;0;0;2;0;1;1;3;0;1;1;0;1;1;0;0
39486;Saint-Lamain;27;39;0;0;0;0;0;0;0;0;0;0;0;0;0;0;0;0;0;0;0;0;0;0;0;0;0;0;1;1;0;0;0;0;0;0;0;0;0
39487;Saint-Laurent-en-Grandvaux;27;39;0;1;0;0;0;0;0;0;0;0;0;0;1;0;0;3;1;1;0;0;5;1;0;1;2;0;8;2;1;0;5;1;0;8;1;0;1
39489;Saint-Lothain;27;39;0;0;0;0;0;0;0;0;0;0;0;0;0;0;0;0;0;0;0;1;0;0;0;0;1;1;1;1;1;0;0;0;0;1;0;0;1
39490;Saint-Loup;27;39;0;0;0;0;0;0;0;0;0;0;0;0;0;0;0;0;0;0;0;0;0;0;0;0;0;0;0;0;0;0;0;0;0;0;0;0;0
39491;Saint-Lupicin;27;39;0;0;0;0;0;0;0;0;0;0;0;0;0;0;0;3;1;1;0;0;4;0;1;1;1;7;2;3;1;2;3;0;0;2;0;0;2
39492;Saint-Maur;27;39;0;0;0;0;0;0;0;0;0;0;0;0;0;0;0;0;0;0;0;0;0;0;0;0;0;0;2;0;0;0;0;0;0;0;0;0;0
39493;Saint-Maurice-Crillat;27;39;0;0;0;0;0;0;0;0;0;0;0;0;0;0;0;0;0;0;0;0;1;0;0;0;0;0;1;1;0;0;0;0;0;1;0;0;0
39494;Saint-Pierre;27;39;0;0;0;0;0;0;0;0;0;0;0;0;0;0;0;0;0;0;0;0;0;0;0;0;2;0;1;4;2;0;0;0;0;0;0;0;0
39495;Saint-Thiébaud;27;39;0;0;0;0;0;0;0;0;0;0;0;0;0;0;0;0;0;0;0;0;0;0;0;1;0;1;0;0;0;0;2;0;0;0;0;0;0
39497;Saizenay;27;39;0;0;0;0;0;0;0;0;0;0;0;0;0;0;0;0;0;0;0;0;0;0;0;0;1;0;0;0;0;0;0;0;0;1;0;0;0
39498;Salans;27;39;0;0;0;0;0;0;0;0;0;0;0;0;0;0;0;0;0;0;0;0;0;0;0;0;0;0;2;0;1;0;0;0;0;0;0;0;0
39499;Saligney;27;39;0;0;0;0;0;0;0;0;0;0;0;0;0;0;0;0;0;0;0;0;0;0;0;0;1;0;0;0;0;0;0;0;0;0;0;0;0
39500;Salins-les-Bains;27;39;0;1;0;0;0;0;0;0;0;0;1;0;0;0;0;5;2;1;0;0;13;0;0;3;1;3;4;4;1;1;7;0;0;20;5;2;3
39501;Sampans;27;39;0;0;0;0;0;0;0;0;0;0;0;0;0;0;0;0;0;0;1;0;0;0;0;0;2;2;3;2;1;0;2;0;0;2;0;0;2
39502;Santans;27;39;0;0;0;0;0;0;0;0;0;0;0;0;0;0;0;0;0;0;1;0;0;0;0;0;0;0;2;0;0;0;0;0;0;0;0;0;0
39503;Sapois;27;39;0;0;0;0;0;0;0;0;0;0;0;0;0;0;0;0;0;0;0;0;1;0;0;0;0;1;1;1;0;0;0;0;0;0;1;0;0
39504;Sarrogna;27;39;0;0;0;0;0;0;0;0;0;0;0;0;0;0;0;0;0;0;0;0;1;0;0;0;0;0;1;0;1;0;0;0;0;0;1;0;1
39505;Saugeot;27;39;0;0;0;0;0;0;0;0;0;0;0;0;0;0;0;0;0;0;0;0;0;0;0;0;1;0;0;0;0;0;0;0;0;0;0;0;0
39506;Savigna;27;39;0;0;0;0;0;0;0;0;0;0;0;0;0;0;0;0;0;0;0;0;0;0;0;0;0;0;0;0;1;0;0;0;0;0;0;0;0
39507;Séligney;27;39;0;0;0;0;0;0;0;0;0;0;0;0;0;0;0;0;0;0;0;0;0;0;0;0;0;1;0;0;0;0;0;0;0;0;0;0;0
39508;Sellières;27;39;0;1;0;0;0;0;0;0;0;0;1;0;0;0;0;0;0;1;0;0;2;0;0;0;2;0;2;0;1;0;3;2;0;4;0;0;3
39510;Septmoncel;27;39;0;1;0;0;0;0;0;0;0;0;0;0;0;0;0;0;0;1;0;0;1;0;0;0;4;1;6;3;1;0;0;0;0;1;0;0;0
39511;Sergenaux;27;39;0;0;0;0;0;0;0;0;0;0;0;0;0;0;0;0;0;0;0;0;0;0;0;0;0;0;0;0;0;0;0;0;0;0;0;0;0
39512;Sergenon;27;39;0;0;0;0;0;0;0;0;0;0;0;0;0;0;0;0;0;0;0;0;0;0;0;0;0;0;0;0;0;0;0;0;0;0;0;0;0
39513;Sermange;27;39;0;0;0;0;0;0;0;0;0;0;0;0;0;0;0;0;0;0;0;0;0;0;0;0;0;0;0;2;1;0;0;0;0;0;0;0;0
39514;Serre-les-Moulières;27;39;0;0;0;0;0;0;0;0;0;0;0;0;0;0;0;0;0;0;0;0;0;0;0;0;1;2;0;0;0;0;0;0;0;0;0;0;0
39517;Sirod;27;39;0;0;0;0;0;0;0;0;0;0;0;0;0;0;0;0;0;0;0;1;3;0;0;0;2;0;2;0;1;0;1;0;0;1;0;0;1
39518;Songeson;27;39;0;0;0;0;0;0;0;0;0;0;0;0;0;0;0;0;0;0;0;0;0;0;0;0;0;0;0;0;0;0;0;0;0;0;0;0;0
39519;Soucia;27;39;0;0;0;0;0;0;0;0;0;0;0;0;0;0;0;0;0;0;0;0;2;0;0;0;0;0;2;1;0;0;0;0;0;0;0;0;0
39520;Souvans;27;39;0;0;0;0;0;0;0;0;0;0;0;0;0;0;0;0;0;0;0;1;1;0;0;0;1;2;1;1;0;0;0;0;0;1;0;0;1
39522;Supt;27;39;0;0;0;0;0;0;0;0;0;0;0;0;0;0;0;0;0;0;0;0;1;0;0;0;0;0;0;0;0;0;0;0;0;1;0;0;0
39523;Syam;27;39;0;0;0;0;0;0;0;0;0;0;0;0;0;0;0;0;0;0;0;0;0;0;0;0;0;0;0;0;0;0;0;0;0;0;0;0;0
39525;Tassenières;27;39;0;0;0;0;0;0;0;0;0;0;0;0;0;0;0;0;0;0;0;0;1;0;0;0;2;1;0;2;1;0;0;0;0;1;0;0;0
39526;Tavaux;27;39;0;1;0;0;0;0;0;0;0;0;0;0;0;0;0;5;1;1;0;0;9;1;1;2;2;8;4;2;4;3;13;1;0;7;0;1;2
39527;Taxenne;27;39;0;0;0;0;0;0;0;0;0;0;0;0;0;0;0;0;0;0;0;0;0;0;0;0;0;0;0;0;0;0;0;0;0;0;0;0;0
39528;Thervay;27;39;0;0;0;0;0;0;0;0;0;0;0;0;0;0;0;0;0;0;0;1;0;0;0;0;1;2;1;0;0;0;1;0;0;0;0;0;0
39529;Thésy;27;39;0;0;0;0;0;0;0;0;0;0;0;0;0;0;0;0;0;0;0;0;0;0;0;0;0;0;0;0;0;0;0;0;0;0;0;0;0
39530;Thoirette;27;39;0;0;0;0;0;0;0;0;0;0;0;0;0;0;0;0;0;0;0;1;2;0;0;0;2;1;1;0;0;0;0;0;0;2;0;0;0
39531;Thoiria;27;39;0;0;0;0;0;0;0;0;0;0;0;0;0;0;0;0;0;0;0;0;0;0;0;0;0;0;2;0;1;0;0;0;0;1;1;0;0
39532;Thoissia;27;39;0;0;0;0;0;0;0;0;0;0;0;0;0;0;0;0;0;0;0;0;0;0;0;0;0;0;0;0;0;0;0;0;0;0;0;0;0
39533;Toulouse-le-Château;27;39;0;0;0;0;0;0;0;0;0;0;0;0;0;0;0;0;0;0;0;0;0;0;0;0;3;0;1;0;1;0;1;1;0;1;0;0;0
39534;La Tour-du-Meix;27;39;0;0;0;0;0;0;0;0;0;0;0;0;0;0;0;0;0;0;0;0;0;0;0;0;0;0;2;1;0;0;0;0;0;4;0;0;0
39535;Tourmont;27;39;0;0;0;0;0;0;0;0;0;0;0;0;0;0;0;0;0;0;0;0;0;0;0;0;1;1;0;0;0;0;0;0;0;1;0;0;0
39537;Trenal;27;39;0;0;0;0;0;0;0;0;0;0;0;0;0;0;0;0;0;0;0;0;0;0;0;0;1;1;0;0;0;0;0;0;0;0;0;0;0
39538;Uxelles;27;39;0;0;0;0;0;0;0;0;0;0;0;0;0;0;0;0;0;0;0;0;0;0;0;0;0;0;1;0;0;0;0;0;0;0;0;0;0
39539;Vadans;27;39;0;0;0;0;0;0;0;0;0;0;0;0;0;0;0;0;0;0;0;0;0;0;0;0;0;1;2;0;0;0;0;0;0;0;0;0;0
39540;Valempoulières;27;39;0;0;0;0;0;0;0;0;0;0;0;0;0;0;0;0;0;0;0;0;0;0;0;0;0;0;2;1;0;0;0;0;0;0;0;0;0
39542;Valfin-sur-Valouse;27;39;0;0;0;0;0;0;0;0;0;0;0;0;0;0;0;0;0;0;0;0;0;0;0;0;0;0;0;0;0;0;0;0;0;0;0;0;0
39543;Vannoz;27;39;0;0;0;0;0;0;0;0;0;0;0;0;0;0;0;0;0;0;0;0;0;0;0;0;1;0;0;0;1;0;0;0;0;0;0;0;0
39545;Le Vaudioux;27;39;0;0;0;0;0;0;0;0;0;0;0;0;0;0;0;0;0;0;0;0;0;0;0;0;0;0;1;0;0;0;0;0;0;2;0;0;1
39546;Vaudrey;27;39;0;0;0;0;0;0;0;0;0;0;0;0;0;0;0;0;0;0;0;0;0;0;0;0;2;1;1;0;1;0;1;0;0;0;0;0;0
39547;Vaux-lès-Saint-Claude;27;39;0;0;0;0;0;0;0;0;0;0;0;0;1;0;0;0;0;0;0;1;2;0;0;0;4;1;0;0;2;0;2;0;0;0;0;0;0
39548;Vaux-sur-Poligny;27;39;0;0;0;0;0;0;0;0;0;0;0;0;0;0;0;0;0;0;0;0;1;0;0;0;0;0;0;0;0;0;0;0;0;0;0;0;0
39549;Vercia;27;39;0;0;0;0;0;0;0;0;0;0;0;0;0;0;0;0;0;0;0;0;0;0;0;0;0;1;1;1;0;0;0;0;0;0;0;0;0
39550;Verges;27;39;0;0;0;0;0;0;0;0;0;0;0;0;0;0;0;0;0;0;0;0;1;0;0;0;0;0;0;0;0;0;0;0;0;0;0;0;0
39551;Véria;27;39;0;0;0;0;0;0;0;0;0;0;0;0;0;0;0;0;0;0;0;0;0;0;0;0;0;0;1;0;2;0;0;0;0;0;0;0;0
39552;Vernantois;27;39;0;0;0;0;0;0;0;0;0;0;0;0;0;0;0;0;0;0;0;0;0;0;0;0;1;0;2;0;1;0;0;0;0;3;1;0;0
39553;Le Vernois;27;39;0;0;0;0;0;0;0;0;0;0;0;0;0;0;0;0;0;0;0;0;0;0;0;1;0;0;0;0;0;0;0;0;0;0;0;0;0
39554;Vers-en-Montagne;27;39;0;0;0;0;0;0;0;0;0;0;0;0;0;0;0;0;0;0;0;0;2;0;0;0;0;1;0;1;0;0;0;0;0;0;0;0;0
39555;Vers-sous-Sellières;27;39;0;0;0;0;0;0;0;0;0;0;0;0;0;0;0;0;0;0;0;0;0;0;0;0;0;1;1;0;0;0;1;1;0;2;0;0;0
39556;Vertamboz;27;39;0;0;0;0;0;0;0;0;0;0;0;0;0;0;0;0;0;0;0;0;0;0;0;0;1;0;0;0;0;0;0;0;0;0;0;0;0
39557;Vescles;27;39;0;0;0;0;0;0;0;0;0;0;0;0;0;0;0;0;0;0;0;0;2;0;0;0;0;0;1;0;0;0;0;0;0;0;0;0;0
39558;Vevy;27;39;0;0;0;0;0;0;0;0;0;0;0;0;0;0;0;0;0;0;0;0;0;0;0;0;1;0;0;1;1;0;0;0;0;1;0;0;0
39559;La Vieille-Loye;27;39;0;0;0;0;0;0;0;0;0;0;0;0;0;0;0;0;0;0;0;1;0;0;0;0;1;0;0;0;0;0;0;0;0;0;0;0;0
39560;Villard-Saint-Sauveur;27;39;0;0;0;0;0;0;0;0;0;0;0;0;0;0;0;0;0;0;0;0;0;0;0;0;0;2;1;0;0;0;0;0;0;2;0;0;0
39561;Villards-d'Héria;27;39;0;0;0;0;0;0;0;0;0;0;0;0;0;0;0;0;0;0;1;0;0;0;0;0;0;0;0;0;0;0;0;0;0;0;0;0;0
39562;Villard-sur-Bienne;27;39;0;0;0;0;0;0;0;0;0;0;0;0;0;0;0;0;0;0;0;0;0;0;0;0;0;0;1;0;0;0;0;0;0;0;0;0;0
39564;Villechantria;27;39;0;0;0;0;0;0;0;0;0;0;0;0;0;0;0;0;0;0;0;0;0;0;0;0;0;0;0;0;0;0;0;0;0;0;0;0;0
39565;Villeneuve-d'Aval;27;39;0;0;0;0;0;0;0;0;0;0;0;0;0;0;0;0;0;0;0;0;0;0;0;0;0;0;0;0;0;0;0;0;0;0;0;0;0
39566;Villeneuve-lès-Charnod;27;39;0;0;0;0;0;0;0;0;0;0;0;0;0;0;0;0;0;0;0;0;0;0;0;0;0;0;1;0;0;0;0;0;0;0;0;0;0
39567;Villeneuve-sous-Pymont;27;39;0;0;0;0;0;0;0;0;0;0;0;0;0;0;0;0;0;0;0;0;0;0;0;0;0;1;2;1;2;0;1;0;0;0;0;0;0
39568;Villerserine;27;39;0;0;0;0;0;0;0;0;0;0;0;0;0;0;0;0;0;0;0;0;0;0;0;0;0;0;0;0;0;0;0;0;0;0;0;0;0
39569;Villers-Farlay;27;39;0;0;0;0;0;0;0;0;0;0;0;0;0;0;0;0;0;0;0;1;1;0;0;0;1;2;3;3;1;0;1;0;0;1;0;0;0
39570;Villers-les-Bois;27;39;0;0;0;0;0;0;0;0;0;0;0;0;0;0;0;0;0;0;0;0;1;0;0;0;0;0;0;0;0;0;0;0;0;0;0;0;0
39571;Villers-Robert;27;39;0;0;0;0;0;0;0;0;0;0;0;0;0;0;0;0;0;0;0;0;0;0;0;0;1;0;0;0;0;0;0;0;0;0;0;0;0
39572;Villette-lès-Arbois;27;39;0;0;0;0;0;0;0;0;0;0;0;0;0;0;0;0;0;0;0;0;0;0;0;0;3;0;0;0;0;0;0;0;0;0;0;0;0
39573;Villette-lès-Dole;27;39;0;0;0;0;0;0;0;0;0;0;0;0;0;0;0;0;0;0;0;0;1;0;0;0;3;1;1;0;1;0;1;0;0;0;0;0;0
39574;Villevieux;27;39;0;0;0;0;0;0;0;0;0;0;0;0;0;0;0;0;1;0;0;0;0;0;0;0;0;4;1;1;1;1;1;0;0;0;1;0;1
39575;Le Villey;27;39;0;0;0;0;0;0;0;0;0;0;0;0;0;0;0;0;0;0;0;0;0;0;0;0;1;0;0;0;2;0;0;0;0;0;0;0;0
39576;Vincelles;27;39;0;0;0;0;0;0;0;0;0;0;0;0;0;0;0;0;0;0;0;0;0;0;0;0;0;0;0;0;0;0;0;0;0;0;0;0;0
39577;Vincent;27;39;0;0;0;0;0;0;0;0;0;0;0;0;0;0;0;0;0;0;0;0;0;0;0;0;0;0;1;0;0;0;0;0;0;1;0;0;0
39579;Viry;27;39;0;0;0;0;0;0;0;0;0;0;0;0;0;0;0;0;0;1;0;0;0;0;0;0;1;1;0;4;0;0;1;0;0;0;1;0;0
39581;Vitreux;27;39;0;0;0;0;0;0;0;0;0;0;0;0;0;0;0;0;0;0;0;0;0;0;0;0;0;1;1;1;0;0;0;0;0;1;0;0;0
39582;Voiteur;27;39;0;0;0;0;0;0;0;0;0;0;0;0;0;0;0;1;0;1;0;0;3;0;0;0;2;1;0;1;1;0;1;0;0;3;0;0;1
39583;Vosbles;27;39;0;0;0;0;0;0;0;0;0;0;0;0;0;0;0;0;0;0;0;0;0;0;0;0;0;0;0;0;1;0;0;0;0;0;0;0;0
39584;Vriange;27;39;0;0;0;0;0;0;0;0;0;0;0;0;0;0;0;0;0;0;0;0;0;0;0;0;0;0;0;1;0;1;1;0;0;1;0;0;0
39585;Vulvoz;27;39;0;0;0;0;0;0;0;0;0;0;0;0;0;0;0;0;0;0;0;0;0;0;0;0;0;0;0;0;0;0;0;0;0;0;0;0;0
39586;Aresches;27;39;0;0;0;0;0;0;0;0;0;0;0;0;0;0;0;0;0;0;0;0;0;0;0;0;0;0;1;0;0;0;0;0;0;0;0;0;0
40001;Aire-sur-l'Adour;75;40;0;1;0;0;0;0;0;0;0;0;1;0;0;0;0;10;1;1;0;0;16;2;1;3;4;11;6;8;10;9;17;4;3;21;11;4;9
40002;Amou;75;40;0;1;0;0;0;0;0;0;0;0;1;0;0;0;0;2;1;1;0;0;2;0;0;1;1;2;2;1;0;0;2;5;1;4;0;0;1
40003;Angoumé;75;40;0;0;0;0;0;0;0;0;0;0;0;0;0;0;0;0;0;0;0;0;1;0;0;0;0;0;0;1;0;0;0;0;0;1;0;0;0
40004;Angresse;75;40;0;0;0;0;0;0;0;0;0;0;0;0;0;0;0;0;0;1;0;0;5;0;0;0;3;3;7;6;8;3;1;0;0;5;3;0;1
40005;Arboucave;75;40;0;0;0;0;0;0;0;0;0;0;0;0;0;0;0;0;0;0;0;0;1;0;0;0;1;0;0;0;0;1;0;0;0;0;0;0;0
40006;Arengosse;75;40;0;0;0;0;0;0;0;0;0;0;0;0;0;0;0;0;0;1;0;0;1;0;0;0;1;0;1;0;1;0;2;0;0;0;1;0;1
40007;Argelos;75;40;0;0;0;0;0;0;0;0;0;0;0;0;0;0;0;0;0;0;0;0;0;0;0;0;0;0;1;0;0;0;0;0;0;0;0;0;0
40008;Argelouse;75;40;0;0;0;0;0;0;0;0;0;0;0;0;0;0;0;0;0;0;0;0;0;0;0;0;0;0;0;1;1;0;0;0;0;0;0;0;0
40009;Arjuzanx;75;40;0;0;0;0;0;0;0;0;0;0;0;0;0;0;0;0;0;0;0;1;0;0;0;0;0;0;0;0;0;0;0;0;0;1;0;0;0
40011;Arsague;75;40;0;0;0;0;0;0;0;0;0;0;0;0;0;0;0;0;0;0;0;0;0;0;0;0;1;1;1;1;1;0;0;0;0;0;0;0;0
40012;Artassenx;75;40;0;0;0;0;0;0;0;0;0;0;0;0;0;0;0;0;0;0;0;0;1;0;0;0;0;1;1;1;2;0;0;0;0;0;0;0;0
40013;Arthez-d'Armagnac;75;40;0;0;0;0;0;0;0;0;0;0;0;0;0;0;0;0;0;0;0;0;1;0;0;0;0;0;0;0;0;0;0;0;0;0;0;0;0
40014;Arue;75;40;0;0;0;0;0;0;0;0;0;0;0;0;0;0;0;0;0;0;0;0;1;0;0;0;0;0;0;0;0;0;1;0;0;0;0;0;0
40015;Arx;75;40;0;0;0;0;0;0;0;0;0;0;0;0;0;0;0;0;0;0;0;0;0;0;0;0;0;0;0;0;0;0;0;0;0;0;0;0;0
40016;Aubagnan;75;40;0;0;0;0;0;0;0;0;0;0;0;0;0;0;0;0;0;0;0;0;0;0;0;0;0;2;1;0;0;0;0;0;0;1;0;0;0
40017;Audignon;75;40;0;0;0;0;0;0;0;0;0;0;0;0;0;0;0;0;0;0;0;0;1;0;0;0;1;0;1;0;0;0;0;0;0;0;0;0;0
40018;Audon;75;40;0;0;0;0;0;0;0;0;0;0;0;0;0;0;0;0;0;0;0;0;0;0;0;0;0;1;0;0;1;0;1;0;0;0;0;0;0
40019;Aureilhan;75;40;0;0;0;0;0;0;0;0;0;0;0;0;0;0;0;0;0;0;0;0;1;0;0;0;5;1;1;0;0;0;1;0;0;4;2;0;1
40020;Aurice;75;40;0;0;0;0;0;0;0;0;0;0;0;0;0;0;0;0;0;0;0;0;1;1;0;0;1;0;0;0;0;0;3;0;0;0;1;0;0
40021;Azur;75;40;0;0;0;0;0;0;0;0;0;0;0;0;0;0;0;0;0;0;0;1;1;0;0;0;1;1;5;1;6;0;3;0;0;6;0;0;0
40022;Bahus-Soubiran;75;40;0;0;0;0;0;0;0;0;0;0;0;0;0;0;0;0;0;0;0;0;0;0;0;0;0;0;0;0;0;0;0;0;0;2;0;0;0
40023;Baigts;75;40;0;0;0;0;0;0;0;0;0;0;0;0;0;0;0;0;0;0;0;0;1;0;0;0;1;1;1;3;1;0;0;0;0;1;0;0;0
40024;Banos;75;40;0;0;0;0;0;0;0;0;0;0;0;0;0;0;0;0;0;0;0;0;0;0;0;0;0;0;0;0;1;0;0;0;0;0;0;0;0
40025;Bascons;75;40;0;0;0;0;0;0;0;0;0;0;0;0;0;0;0;0;0;0;0;0;1;0;0;0;2;0;2;1;1;0;2;0;0;0;0;0;0
40026;Bas-Mauco;75;40;0;0;0;0;0;0;0;0;0;0;0;0;0;0;0;0;0;0;0;0;1;0;0;0;0;2;1;1;1;0;0;2;0;0;0;0;0
40027;Bassercles;75;40;0;0;0;0;0;0;0;0;0;0;0;0;0;0;0;0;0;0;0;0;0;0;0;0;2;1;1;0;1;0;0;0;0;0;1;0;0
40028;Bastennes;75;40;0;0;0;0;0;0;0;0;0;0;0;0;0;0;0;0;0;0;0;0;0;0;0;0;0;1;0;0;1;0;0;0;0;1;0;0;0
40029;Bats;75;40;0;0;0;0;0;0;0;0;0;0;0;0;0;0;0;0;0;0;0;0;1;0;0;0;1;1;2;1;1;0;0;0;0;0;0;0;0
40030;Baudignan;75;40;0;0;0;0;0;0;0;0;0;0;0;0;0;0;0;0;0;0;0;0;0;0;0;0;0;0;1;0;0;0;0;0;0;0;0;0;0
40031;Bégaar;75;40;0;0;0;0;0;0;0;0;0;0;0;0;0;0;0;0;0;0;0;0;1;0;0;0;3;5;2;2;2;2;1;0;0;0;2;0;0
40032;Belhade;75;40;0;0;0;0;0;0;0;0;0;0;0;0;0;0;0;0;0;0;0;1;0;0;0;0;1;0;0;0;0;0;0;0;0;1;0;0;0
40033;Bélis;75;40;0;0;0;0;0;0;0;0;0;0;0;0;0;0;0;0;0;0;0;0;0;0;0;0;1;0;0;1;0;0;1;0;0;1;0;0;0
40034;Bélus;75;40;0;0;0;0;0;0;0;0;0;0;0;0;0;0;0;0;0;0;0;0;0;0;0;0;0;2;3;1;0;0;1;0;0;4;0;0;1
40035;Bénesse-lès-Dax;75;40;0;0;0;0;0;0;0;0;0;0;0;0;0;0;0;0;0;0;0;0;2;0;0;0;0;1;2;1;0;0;0;0;0;1;1;0;0
40036;Bénesse-Maremne;75;40;0;0;0;0;0;0;0;0;0;0;0;0;0;0;0;0;0;1;0;0;6;0;0;0;11;16;16;7;8;3;2;0;0;7;2;0;4
40037;Benquet;75;40;0;0;0;0;0;0;0;0;0;0;0;0;0;0;0;0;0;0;0;1;3;0;0;0;2;0;2;1;0;0;0;0;0;2;0;0;1
40038;Bergouey;75;40;0;0;0;0;0;0;0;0;0;0;0;0;0;0;0;0;0;0;0;0;1;0;0;0;1;0;1;0;0;0;0;0;0;0;0;0;0
40039;Betbezer-d'Armagnac;75;40;0;0;0;0;0;0;0;0;0;0;0;0;0;0;0;0;0;0;0;0;0;0;0;0;0;1;1;1;0;0;0;0;0;0;0;0;0
40040;Beylongue;75;40;0;0;0;0;0;0;0;0;0;0;0;0;0;0;0;0;0;0;0;0;0;0;0;0;1;0;1;1;2;0;0;0;0;0;0;0;0
40041;Beyries;75;40;0;0;0;0;0;0;0;0;0;0;0;0;0;0;0;0;0;0;0;0;0;0;0;0;0;0;0;0;0;0;1;0;0;0;0;0;0
40042;Biarrotte;75;40;0;0;0;0;0;0;0;0;0;0;0;0;0;0;0;0;0;0;0;0;0;0;0;0;2;0;1;1;0;0;0;0;0;0;0;0;0
40043;Bias;75;40;0;0;0;0;0;0;0;0;0;0;0;0;0;0;0;0;0;0;0;1;1;0;0;0;0;1;0;1;2;0;1;0;0;5;0;0;0
40044;Biaudos;75;40;0;0;0;0;0;0;0;0;0;0;0;0;0;0;0;0;0;0;1;0;2;0;0;0;1;5;2;0;2;0;2;0;0;2;1;0;1
40046;Biscarrosse;75;40;0;1;0;0;0;0;0;0;0;0;0;0;0;0;0;9;3;2;0;0;25;3;2;6;23;27;26;16;32;15;22;2;1;133;31;4;15
40047;Bonnegarde;75;40;0;0;0;0;0;0;0;0;0;0;0;0;0;0;0;0;0;0;0;0;0;0;0;0;0;1;0;0;0;0;0;0;0;0;0;0;0
40048;Boos;75;40;0;0;0;0;0;0;0;0;0;0;0;0;0;0;0;0;0;0;0;0;1;0;0;0;0;1;0;1;3;0;0;0;0;0;0;0;2
40049;Bordères-et-Lamensans;75;40;0;0;0;0;0;0;0;0;0;0;0;0;0;0;0;0;0;0;0;0;1;0;0;0;1;1;0;0;1;0;0;0;0;1;1;0;0
40050;Bostens;75;40;0;0;0;0;0;0;0;0;0;0;0;0;0;0;0;0;0;0;0;0;0;0;0;0;0;1;0;0;0;0;0;0;0;0;0;0;0
40051;Bougue;75;40;0;0;0;0;0;0;0;0;0;0;0;0;0;0;0;1;0;0;0;0;0;0;0;0;1;1;0;1;2;0;0;0;0;2;0;0;0
40052;Bourdalat;75;40;0;0;0;0;0;0;0;0;0;0;0;0;0;0;0;0;0;0;0;0;1;0;0;0;0;0;1;0;0;0;1;0;0;0;0;0;0
40053;Bourriot-Bergonce;75;40;0;0;0;0;0;0;0;0;0;0;0;0;0;0;0;0;0;0;0;1;2;0;0;0;0;0;1;0;0;0;1;0;0;0;0;0;0
40054;Brassempouy;75;40;0;0;0;0;0;0;0;0;0;0;0;0;0;0;0;0;0;0;0;1;0;0;0;0;0;0;0;0;0;0;0;0;0;1;0;0;0
40055;Bretagne-de-Marsan;75;40;0;0;0;0;0;0;0;0;0;0;0;0;0;0;0;0;0;0;0;0;1;0;0;0;2;1;4;1;1;0;1;0;0;1;0;0;1
40056;Brocas;75;40;0;1;0;0;0;0;0;0;0;0;0;0;0;0;0;0;0;0;0;1;0;0;0;0;0;1;5;0;0;0;1;0;0;3;0;1;0
40057;Buanes;75;40;0;0;0;0;0;0;0;0;0;0;0;0;0;0;0;0;0;0;0;0;0;0;0;0;0;0;1;0;0;0;0;0;0;0;0;0;0
40058;Cachen;75;40;0;0;0;0;0;0;0;0;0;0;0;0;0;0;0;0;0;0;0;0;0;0;0;0;0;1;0;0;0;0;0;0;0;1;0;0;0
40059;Cagnotte;75;40;0;0;0;0;0;0;0;0;0;0;0;0;0;0;0;0;0;0;0;1;1;0;0;0;2;1;2;1;0;0;1;0;0;1;2;0;1
40060;Callen;75;40;0;0;0;0;0;0;0;0;0;0;0;0;0;0;0;0;0;0;0;0;2;0;0;0;0;0;1;0;0;0;0;0;0;0;0;0;0
40061;Campagne;75;40;0;0;0;0;0;0;0;0;0;0;0;0;0;0;0;0;0;0;0;1;2;0;0;0;2;1;3;0;1;0;1;0;0;0;0;0;0
40062;Campet-et-Lamolère;75;40;0;0;0;0;0;0;0;0;0;0;0;0;0;0;0;0;0;0;0;0;0;0;0;0;0;0;0;0;2;0;1;0;0;0;1;0;0
40063;Candresse;75;40;0;0;0;0;0;0;0;0;0;0;0;0;0;0;0;0;0;0;0;0;2;0;0;0;1;2;2;0;2;0;0;0;0;1;1;0;0
40064;Canenx-et-Réaut;75;40;0;0;0;0;0;0;0;0;0;0;0;0;0;0;0;0;0;0;0;0;1;0;0;0;1;0;0;0;0;0;0;0;0;0;0;0;0
40065;Capbreton;75;40;0;1;0;0;0;0;0;0;0;0;0;0;0;0;0;8;0;1;0;0;9;2;1;3;9;29;35;18;17;10;21;1;0;115;45;6;9
40066;Carcarès-Sainte-Croix;75;40;0;0;0;0;0;0;0;0;0;0;0;0;0;0;0;0;0;0;0;0;2;0;0;0;1;1;0;1;1;0;0;0;0;1;0;0;0
40067;Carcen-Ponson;75;40;0;0;0;0;0;0;0;0;0;0;0;0;0;0;0;0;0;0;0;0;1;0;0;0;3;0;1;1;4;0;0;0;0;0;0;0;0
40068;Cassen;75;40;0;0;0;0;0;0;0;0;0;0;0;0;0;0;0;0;0;0;0;0;0;0;0;0;4;2;1;0;1;0;0;0;0;3;0;0;1
40069;Castaignos-Souslens;75;40;0;0;0;0;0;0;0;0;0;0;0;0;0;0;0;0;0;0;1;0;0;0;0;0;2;0;2;0;0;0;0;0;0;0;0;0;0
40070;Castandet;75;40;0;0;0;0;0;0;0;0;0;0;0;0;0;0;0;0;0;0;0;0;0;0;0;0;0;2;0;0;1;0;0;0;0;0;0;0;0
40071;Castelnau-Chalosse;75;40;0;0;0;0;0;0;0;0;0;0;0;0;0;0;0;0;0;0;0;0;0;0;0;0;4;1;0;1;1;0;1;0;0;1;0;0;0
40072;Castelnau-Tursan;75;40;0;0;0;0;0;0;0;0;0;0;0;0;0;0;0;0;1;0;0;0;0;0;0;0;0;0;0;1;0;0;0;0;0;0;0;0;0
40073;Castelner;75;40;0;0;0;0;0;0;0;0;0;0;0;0;0;0;0;0;0;0;0;0;0;0;0;0;0;0;0;1;0;0;0;0;0;0;0;0;0
40074;Castel-Sarrazin;75;40;0;0;0;0;0;0;0;0;0;0;0;0;0;0;0;0;0;0;0;0;1;0;0;0;2;0;0;0;0;0;2;0;0;0;0;0;0
40075;Castets;75;40;0;1;0;0;0;0;0;0;0;0;1;0;0;0;0;1;1;1;0;0;7;3;1;1;5;1;5;4;3;3;2;3;0;10;2;0;2
40076;Cauna;75;40;0;0;0;0;0;0;0;0;0;0;0;0;0;0;0;0;0;0;0;0;0;0;0;0;1;3;1;1;2;0;0;0;0;0;0;0;1
40077;Cauneille;75;40;0;0;0;0;0;0;0;0;0;0;0;0;0;0;0;0;0;0;0;0;1;0;0;0;3;4;1;1;3;0;1;0;0;2;1;0;0
40078;Caupenne;75;40;0;0;0;0;0;0;0;0;0;0;0;0;0;0;0;0;0;0;0;1;1;0;0;0;0;0;2;2;0;0;1;0;0;0;0;0;0
40079;Cazalis;75;40;0;0;0;0;0;0;0;0;0;0;0;0;0;0;0;0;0;0;0;1;0;0;0;0;0;0;0;0;0;0;0;0;0;0;0;0;0
40080;Cazères-sur-l'Adour;75;40;0;0;0;0;0;0;0;0;0;0;0;0;0;0;0;0;0;1;0;0;1;0;0;0;1;2;3;0;0;1;2;0;0;1;0;0;0
40081;Cère;75;40;0;0;0;0;0;0;0;0;0;0;0;0;0;0;0;0;0;0;0;0;0;0;0;0;1;0;1;0;1;0;1;0;0;2;0;0;0
40082;Classun;75;40;0;0;0;0;0;0;0;0;0;0;0;0;0;0;0;0;0;0;0;0;0;0;0;0;0;1;0;1;1;0;0;0;0;1;0;0;0
40083;Clèdes;75;40;0;0;0;0;0;0;0;0;0;0;0;0;0;0;0;0;0;0;0;0;0;0;0;0;1;1;1;0;0;0;0;0;0;0;0;0;0
40084;Clermont;75;40;0;0;0;0;0;0;0;0;0;0;0;0;0;0;0;0;0;0;1;0;2;0;0;0;2;0;2;0;1;0;0;0;0;2;0;0;2
40085;Commensacq;75;40;0;0;0;0;0;0;0;0;0;0;0;0;0;0;0;0;0;0;0;1;0;0;0;0;0;0;2;2;0;0;0;0;0;1;0;0;0
40086;Coudures;75;40;0;0;0;0;0;0;0;0;0;0;0;0;0;0;0;0;0;0;0;1;1;0;0;0;1;0;2;0;0;0;0;0;0;0;0;0;0
40087;Créon-d'Armagnac;75;40;0;0;0;0;0;0;0;0;0;0;0;0;0;0;0;0;0;0;1;0;0;0;0;0;1;0;0;0;2;0;0;0;0;2;0;0;0
40088;Dax;75;40;1;1;0;1;1;1;1;0;0;0;10;1;0;0;0;22;11;1;0;0;31;4;5;6;31;41;21;21;16;11;55;5;20;117;41;11;23
40089;Doazit;75;40;0;0;0;0;0;0;0;0;0;0;0;0;0;0;0;0;0;0;0;1;1;0;0;0;1;2;3;0;0;0;1;0;0;2;0;0;0
40090;Donzacq;75;40;0;0;0;0;0;0;0;0;0;0;0;0;0;0;0;0;0;0;0;0;0;0;0;0;0;1;0;2;0;0;1;0;0;0;0;0;0
40091;Duhort-Bachen;75;40;0;0;0;0;0;0;0;0;0;0;0;0;0;0;0;0;1;0;0;0;0;0;0;0;1;1;0;0;1;0;0;0;0;1;0;0;0
40092;Dumes;75;40;0;0;0;0;0;0;0;0;0;0;0;0;0;0;0;0;0;0;0;0;1;0;0;0;0;1;0;0;1;0;0;0;0;0;0;0;0
40093;Escalans;75;40;0;0;0;0;0;0;0;0;0;0;0;0;0;0;0;0;0;0;0;0;0;0;0;0;0;1;0;1;0;0;0;0;0;1;0;0;0
40094;Escource;75;40;0;0;0;0;0;0;0;0;0;0;0;0;0;0;0;0;0;0;0;1;4;0;0;0;3;2;0;3;3;0;1;2;0;3;0;0;1
40095;Estibeaux;75;40;0;0;0;0;0;0;0;0;0;0;0;0;0;0;0;0;0;0;0;0;0;0;0;0;2;1;0;2;1;0;1;0;0;0;0;0;0
40096;Estigarde;75;40;0;0;0;0;0;0;0;0;0;0;0;0;0;0;0;0;0;0;0;0;0;0;0;0;1;1;1;0;0;0;0;0;0;0;0;0;0
40097;Eugénie-les-Bains;75;40;0;0;0;0;0;0;0;0;0;0;0;0;0;0;0;0;0;0;1;0;1;0;0;0;0;0;0;0;0;1;2;0;0;1;0;0;1
40098;Eyres-Moncube;75;40;0;0;0;0;0;0;0;0;0;0;0;0;0;0;0;0;0;0;0;0;0;0;0;0;0;0;0;0;0;0;0;0;0;0;0;0;0
40099;Fargues;75;40;0;0;0;0;0;0;0;0;0;0;0;0;0;0;0;0;0;0;0;0;1;0;0;0;1;0;0;0;0;0;0;0;0;1;0;0;0
40100;Le Frêche;75;40;0;0;0;0;0;0;0;0;0;0;0;0;0;0;0;0;0;0;0;1;2;0;0;0;0;1;1;0;0;0;0;0;0;0;0;0;0
40101;Gaas;75;40;0;0;0;0;0;0;0;0;0;0;0;0;0;0;0;0;0;0;0;0;0;0;0;0;1;3;1;2;1;0;1;0;0;1;0;0;0
40102;Gabarret;75;40;0;1;0;0;0;0;0;0;0;0;0;0;0;0;0;2;1;1;0;0;2;1;0;1;4;3;2;1;2;1;3;1;0;3;1;0;0
40103;Gaillères;75;40;0;0;0;0;0;0;0;0;0;0;0;0;0;0;0;0;0;0;1;0;0;0;0;0;1;0;2;0;0;0;2;0;0;1;0;0;1
40104;Gamarde-les-Bains;75;40;0;0;0;0;0;0;0;0;0;0;0;0;0;0;0;0;0;0;0;1;1;0;0;0;1;3;5;3;3;0;4;0;0;3;0;0;1
40105;Garein;75;40;0;0;0;0;0;0;0;0;0;0;0;0;0;0;0;0;0;0;0;1;1;0;0;0;0;0;1;1;1;0;1;0;0;2;0;0;0
40106;Garrey;75;40;0;0;0;0;0;0;0;0;0;0;0;0;0;0;0;0;0;0;0;0;0;0;0;0;1;0;0;0;0;1;0;0;0;0;0;0;0
40107;Garrosse;75;40;0;0;0;0;0;0;0;0;0;0;0;0;0;0;0;0;1;0;0;0;1;0;0;1;0;3;0;3;2;0;1;0;0;1;1;0;0
40108;Gastes;75;40;0;0;0;0;0;0;0;0;0;0;0;0;0;0;0;0;0;0;0;0;0;0;0;0;2;3;1;0;0;0;3;0;0;3;1;0;1
40109;Gaujacq;75;40;0;0;0;0;0;0;0;0;0;0;0;0;0;0;0;0;0;0;0;0;0;0;0;0;2;1;1;1;1;0;0;0;0;0;0;0;0
40110;Geaune;75;40;0;1;0;0;0;0;0;0;0;0;1;0;0;0;0;2;2;1;0;0;6;0;0;1;1;0;1;0;1;3;2;0;0;2;0;0;0
40111;Geloux;75;40;0;0;0;0;0;0;0;0;0;0;0;0;0;0;0;0;0;0;0;1;0;0;0;0;1;2;2;1;1;1;0;0;0;1;0;0;0
40112;Gibret;75;40;0;0;0;0;0;0;0;0;0;0;0;0;0;0;0;0;0;0;0;0;0;0;0;0;0;0;0;0;0;0;0;0;0;0;0;0;0
40113;Goos;75;40;0;0;0;0;0;0;0;0;0;0;0;0;0;0;0;0;0;0;0;0;0;0;0;0;1;4;2;2;0;0;0;0;0;1;0;0;0
40114;Gourbera;75;40;0;0;0;0;0;0;0;0;0;0;0;0;0;0;0;0;0;0;0;0;0;0;0;0;0;0;0;3;1;0;0;0;0;0;0;0;0
40115;Gousse;75;40;0;0;0;0;0;0;0;0;0;0;0;0;0;0;0;0;0;0;0;0;0;0;0;0;1;0;1;0;1;0;1;0;0;0;1;0;0
40116;Gouts;75;40;0;0;0;0;0;0;0;0;0;0;0;0;0;0;0;0;0;0;0;0;1;0;0;0;0;0;0;0;0;0;1;0;0;0;1;0;0
40117;Grenade-sur-l'Adour;75;40;0;1;0;0;0;0;0;0;0;0;0;0;0;0;0;2;1;1;0;0;5;1;0;1;2;5;6;4;1;0;4;1;0;4;2;0;3
40118;Habas;75;40;0;0;0;0;0;0;0;0;0;0;0;0;0;0;0;2;0;1;0;0;2;0;0;1;3;6;3;4;2;0;2;0;0;2;2;0;2
40119;Hagetmau;75;40;0;1;0;0;0;0;0;0;0;0;1;0;0;0;0;5;1;1;0;0;13;1;0;2;3;5;8;8;3;2;12;2;7;15;5;3;5
40120;Hastingues;75;40;0;0;0;0;0;0;0;0;0;0;0;0;0;0;0;0;0;0;0;0;0;0;0;0;1;2;5;1;0;0;1;0;0;0;0;0;0
40121;Hauriet;75;40;0;0;0;0;0;0;0;0;0;0;0;0;0;0;0;0;0;0;0;0;0;0;0;0;2;1;0;1;0;0;0;0;0;0;0;0;0
40122;Haut-Mauco;75;40;0;0;0;0;0;0;0;0;0;0;0;0;0;0;0;0;0;0;0;1;0;0;0;0;1;0;3;3;1;0;2;0;0;0;0;0;1
40123;Herm;75;40;0;0;0;0;0;0;0;0;0;0;0;0;0;0;0;0;0;0;0;1;5;0;0;0;3;4;3;3;2;0;1;0;0;2;1;0;1
40124;Herré;75;40;0;0;0;0;0;0;0;0;0;0;0;0;0;0;0;0;0;0;0;0;0;0;0;0;0;0;0;0;1;0;0;0;0;1;0;0;0
40125;Heugas;75;40;0;0;0;0;0;0;0;0;0;0;0;0;0;0;0;0;0;1;0;0;1;0;0;0;1;5;2;2;1;0;2;0;0;1;1;0;0
40126;Hinx;75;40;0;0;0;0;0;0;0;0;0;0;0;0;0;0;0;1;0;1;0;0;3;1;0;0;5;5;5;5;3;1;2;0;0;2;1;0;3
40127;Hontanx;75;40;0;0;0;0;0;0;0;0;0;0;0;0;0;0;0;0;0;0;0;1;0;0;0;0;2;1;2;1;2;1;0;0;0;0;0;0;0
40128;Horsarrieu;75;40;0;0;0;0;0;0;0;0;0;0;0;0;0;0;0;0;0;0;0;0;2;0;0;0;2;1;2;1;1;0;0;0;0;0;0;0;0
40129;Josse;75;40;0;0;0;0;0;0;0;0;0;0;0;0;0;0;0;0;0;0;0;0;3;0;0;0;1;7;2;3;1;0;1;0;0;2;1;0;0
40130;Labastide-Chalosse;75;40;0;0;0;0;0;0;0;0;0;0;0;0;0;0;0;0;0;0;0;0;0;0;0;0;0;0;1;0;1;0;0;0;0;0;0;0;0
40131;Labastide-d'Armagnac;75;40;0;0;0;0;0;0;0;0;0;0;0;0;0;0;0;2;0;1;0;0;1;0;0;0;1;1;1;1;1;0;0;0;0;4;0;0;0
40132;Labatut;75;40;0;0;0;0;0;0;0;0;0;0;0;0;0;0;0;0;0;0;0;1;1;0;0;0;3;6;7;2;2;0;1;0;0;1;0;0;1
40133;Labenne;75;40;0;0;0;0;0;0;0;0;0;0;0;0;0;0;0;2;1;1;0;0;8;0;1;1;11;11;9;7;8;3;9;2;0;23;11;1;4
40134;Labouheyre;75;40;0;1;0;0;0;0;0;0;0;0;0;0;0;0;0;3;1;1;0;0;13;2;0;1;1;5;5;3;3;1;4;0;0;6;2;2;2
40135;Labrit;75;40;0;0;0;0;0;0;0;0;0;0;0;0;0;0;0;1;0;1;0;0;5;0;0;2;1;1;1;0;1;0;1;0;0;4;0;0;0
40136;Lacajunte;75;40;0;0;0;0;0;0;0;0;0;0;0;0;0;0;0;0;0;0;0;0;0;0;0;0;1;0;0;0;1;0;0;0;0;0;0;0;0
40137;Lacquy;75;40;0;0;0;0;0;0;0;0;0;0;0;0;0;0;0;0;0;0;0;0;0;1;0;0;3;2;0;1;0;0;0;0;0;1;0;0;1
40138;Lacrabe;75;40;0;0;0;0;0;0;0;0;0;0;0;0;0;0;0;0;0;0;0;0;0;0;0;0;0;1;1;1;0;0;0;0;0;0;0;0;0
40139;Laglorieuse;75;40;0;0;0;0;0;0;0;0;0;0;0;0;0;0;0;0;0;0;0;0;0;0;0;0;1;1;2;0;1;0;1;1;0;0;0;0;0
40140;Lagrange;75;40;0;0;0;0;0;0;0;0;0;0;0;0;0;0;0;0;0;0;0;0;0;0;0;0;0;0;1;0;0;0;0;0;0;1;0;0;0
40141;Lahosse;75;40;0;0;0;0;0;0;0;0;0;0;0;0;0;0;0;0;0;0;0;0;0;0;0;0;1;0;0;0;0;0;0;0;0;0;0;0;0
40142;Laluque;75;40;0;0;0;0;0;0;0;0;0;0;0;0;0;0;0;0;0;0;0;1;1;0;0;0;1;1;1;0;1;0;0;0;0;1;1;0;0
40143;Lamothe;75;40;0;0;0;0;0;0;0;0;0;0;0;0;0;0;0;0;0;0;0;1;3;0;0;0;0;0;0;0;0;0;0;0;0;0;0;0;0
40144;Larbey;75;40;0;0;0;0;0;0;0;0;0;0;0;0;0;0;0;0;0;0;0;0;0;0;0;0;1;0;0;0;1;0;0;0;0;0;0;0;0
40145;Larrivière-Saint-Savin;75;40;0;0;0;0;0;0;0;0;0;0;0;0;0;0;0;0;0;0;0;0;0;0;0;1;0;0;2;0;0;0;1;0;0;0;0;0;1
40146;Latrille;75;40;0;0;0;0;0;0;0;0;0;0;0;0;0;0;0;0;0;0;0;0;0;0;0;0;0;0;0;0;0;0;0;0;0;0;0;0;0
40147;Laurède;75;40;0;0;0;0;0;0;0;0;0;0;0;0;0;0;0;0;0;0;0;1;1;0;0;0;0;2;1;2;0;0;0;0;0;0;0;0;0
40148;Lauret;75;40;0;0;0;0;0;0;0;0;0;0;0;0;0;0;0;0;0;0;0;0;0;0;0;0;0;0;0;0;0;0;0;0;0;0;0;0;0
40149;Lencouacq;75;40;0;0;0;0;0;0;0;0;0;0;0;0;0;0;0;0;0;0;0;1;0;0;0;0;0;0;2;0;0;0;0;0;0;0;1;0;0
40150;Léon;75;40;0;0;0;0;0;0;0;0;0;0;0;0;0;0;0;3;1;1;0;0;2;0;0;1;7;5;5;6;7;2;3;1;0;18;3;2;2
40151;Lesgor;75;40;0;0;0;0;0;0;0;0;0;0;0;0;0;0;0;0;0;0;0;0;0;0;0;0;0;1;1;0;0;0;0;0;0;2;0;0;0
40152;Lesperon;75;40;0;0;0;0;0;0;0;0;0;0;0;0;0;0;0;0;0;1;0;0;1;0;0;0;0;2;3;0;2;0;1;0;0;0;0;0;0
40153;Le Leuy;75;40;0;0;0;0;0;0;0;0;0;0;0;0;0;0;0;0;0;0;0;0;1;0;0;0;0;0;0;0;0;0;0;0;0;1;0;0;0
40154;Lévignacq;75;40;0;0;0;0;0;0;0;0;0;0;0;0;0;0;0;0;0;0;0;1;0;0;0;0;1;2;0;2;0;0;0;0;0;0;0;0;0
40155;Linxe;75;40;0;0;0;0;0;0;0;0;0;0;0;0;0;0;0;0;0;1;0;0;1;0;0;0;3;1;1;2;3;0;3;0;0;7;1;0;1
40156;Liposthey;75;40;0;0;0;0;0;0;0;0;0;0;0;0;0;0;0;0;0;0;0;1;3;0;0;0;0;0;1;0;0;1;0;0;0;3;0;0;1
40157;Lit-et-Mixe;75;40;0;1;0;0;0;0;0;0;0;0;0;0;0;0;0;2;0;1;0;0;5;0;0;0;4;3;5;2;1;1;2;0;0;10;7;1;2
40158;Losse;75;40;0;0;0;0;0;0;0;0;0;0;0;0;0;0;0;0;0;0;0;1;0;0;0;0;0;0;1;1;1;0;0;0;0;1;0;0;0
40159;Louer;75;40;0;0;0;0;0;0;0;0;0;0;0;0;0;0;0;0;0;0;0;0;0;0;0;0;3;1;1;1;0;0;0;0;0;0;0;0;0
40160;Lourquen;75;40;0;0;0;0;0;0;0;0;0;0;0;0;0;0;0;0;0;0;0;0;1;0;0;0;0;0;0;0;0;0;0;0;0;0;0;0;0
40161;Lubbon;75;40;0;0;0;0;0;0;0;0;0;0;0;0;0;0;0;0;0;0;0;0;0;0;0;0;0;0;0;0;1;0;0;0;0;1;0;0;0
40162;Lucbardez-et-Bargues;75;40;0;0;0;0;0;0;0;0;0;0;0;0;0;0;0;0;0;0;0;0;0;0;0;0;1;2;0;0;0;0;0;0;0;0;0;0;2
40163;Lüe;75;40;0;0;0;0;0;0;0;0;0;0;0;0;0;0;0;0;0;0;0;1;0;0;0;0;2;1;0;1;0;0;0;0;0;1;0;0;0
40164;Retjons;75;40;0;0;0;0;0;0;0;0;0;0;0;0;0;0;0;0;0;0;1;0;1;0;0;0;0;0;0;0;0;0;0;0;0;0;0;0;0
40165;Luglon;75;40;0;0;0;0;0;0;0;0;0;0;0;0;0;0;0;0;0;0;0;1;0;0;0;0;0;1;1;1;0;0;0;0;0;1;0;0;0
40166;Lussagnet;75;40;0;0;0;0;0;0;0;0;0;0;0;0;0;0;0;0;0;0;0;0;0;0;0;0;0;0;0;0;0;0;0;0;0;0;0;0;0
40167;Luxey;75;40;0;0;0;0;0;0;0;0;0;0;0;0;0;0;0;0;0;0;0;1;0;0;0;0;2;3;2;0;1;0;1;1;0;2;0;0;1
40168;Magescq;75;40;0;0;0;0;0;0;0;0;0;0;0;0;0;0;0;0;0;1;0;0;1;0;0;0;3;2;2;4;2;1;3;0;0;4;3;0;3
40169;Maillas;75;40;0;0;0;0;0;0;0;0;0;0;0;0;0;0;0;0;0;0;0;0;1;0;0;0;0;0;0;0;0;0;0;0;0;1;0;0;0
40170;Maillères;75;40;0;0;0;0;0;0;0;0;0;0;0;0;0;0;0;0;0;0;0;0;0;0;0;0;0;0;0;0;0;0;1;0;0;0;0;0;0
40171;Mano;75;40;0;0;0;0;0;0;0;0;0;0;0;0;0;0;0;0;0;0;0;1;0;0;0;0;0;0;0;0;1;0;0;0;0;0;0;0;0
40172;Mant;75;40;0;0;0;0;0;0;0;0;0;0;0;0;0;0;0;0;0;0;0;0;1;0;0;0;0;1;1;0;0;0;1;0;0;0;1;0;0
40173;Marpaps;75;40;0;0;0;0;0;0;0;0;0;0;0;0;0;0;0;0;0;0;0;0;0;0;0;0;0;0;1;0;0;0;0;0;0;0;0;0;0
40174;Mauries;75;40;0;0;0;0;0;0;0;0;0;0;0;0;0;0;0;0;0;0;0;0;0;0;0;0;0;0;0;0;0;0;0;0;0;0;0;0;0
40175;Maurrin;75;40;0;0;0;0;0;0;0;0;0;0;0;0;0;0;0;0;0;0;0;0;0;0;0;0;1;2;0;0;0;0;0;0;0;0;0;0;0
40176;Mauvezin-d'Armagnac;75;40;0;0;0;0;0;0;0;0;0;0;0;0;0;0;0;0;0;0;0;0;0;0;0;0;0;0;0;0;0;0;0;0;0;0;0;0;0
40177;Maylis;75;40;0;0;0;0;0;0;0;0;0;0;0;0;0;0;0;0;0;0;0;0;2;0;0;0;0;0;0;0;0;1;0;0;0;1;0;0;1
40178;Mazerolles;75;40;0;0;0;0;0;0;0;0;0;0;0;0;0;0;0;0;0;0;0;0;1;0;0;0;0;0;1;0;0;0;0;0;0;2;0;0;0
40179;Mées;75;40;0;0;0;0;0;0;0;0;0;0;0;0;0;0;0;0;0;0;0;1;2;0;0;0;1;6;8;3;3;0;2;0;0;2;1;0;0
40180;Meilhan;75;40;0;0;0;0;0;0;0;0;0;0;0;0;0;0;0;0;1;0;0;1;0;0;0;0;3;5;2;0;0;0;2;0;0;2;0;0;0
40181;Messanges;75;40;0;0;0;0;0;0;0;0;0;0;0;0;0;0;0;0;0;0;0;1;0;0;0;0;0;2;7;3;4;1;2;0;0;19;5;2;1
40182;Mézos;75;40;0;0;0;0;0;0;0;0;0;0;0;0;0;0;0;0;0;0;0;1;0;0;0;2;3;1;3;1;1;2;1;0;0;4;1;0;0
40183;Mimbaste;75;40;0;0;0;0;0;0;0;0;0;0;0;0;0;0;0;0;0;1;0;0;2;0;0;0;4;1;4;1;2;0;1;0;0;1;0;0;0
40184;Mimizan;75;40;0;1;0;0;0;0;0;0;0;0;1;1;0;0;0;6;3;2;0;0;12;1;1;3;10;9;8;12;11;1;13;2;3;97;20;4;10
40185;Miramont-Sensacq;75;40;0;0;0;0;0;0;0;0;0;0;0;0;0;0;0;0;0;0;0;0;0;0;0;0;1;1;2;0;1;1;0;0;0;0;0;0;0
40186;Misson;75;40;0;0;0;0;0;0;0;0;0;0;0;0;0;0;0;0;0;0;0;0;0;0;0;0;0;2;2;2;1;0;0;0;0;0;1;0;1
40187;Moliets-et-Maa;75;40;0;0;0;0;0;0;0;0;0;0;0;0;0;0;0;0;0;1;0;0;2;0;0;0;1;4;4;2;4;2;2;1;0;38;3;0;1
40188;Momuy;75;40;0;0;0;0;0;0;0;0;0;0;0;0;0;0;0;0;0;0;0;1;0;0;0;0;0;0;0;0;1;0;0;0;0;0;0;0;0
40189;Monget;75;40;0;0;0;0;0;0;0;0;0;0;0;0;0;0;0;0;0;0;0;0;0;0;0;0;0;0;0;0;0;0;0;0;0;0;0;0;0
40190;Monségur;75;40;0;0;0;0;0;0;0;0;0;0;0;0;0;0;0;0;0;0;0;1;0;0;0;0;0;0;0;0;0;0;1;0;0;0;0;0;0
40191;Montaut;75;40;0;0;0;0;0;0;0;0;0;0;0;0;0;0;0;0;0;0;0;1;0;0;0;0;0;2;3;0;2;0;1;0;0;1;0;0;1
40192;Mont-de-Marsan;75;40;2;1;0;1;1;1;1;0;0;0;15;1;0;0;0;22;3;4;0;0;29;4;4;13;29;55;17;16;20;8;54;6;19;104;26;6;25
40193;Montégut;75;40;0;0;0;0;0;0;0;0;0;0;0;0;0;0;0;0;0;0;0;0;0;0;0;0;0;0;0;0;0;0;0;0;0;0;0;0;0
40194;Montfort-en-Chalosse;75;40;0;1;0;0;0;0;0;0;0;0;1;0;0;0;0;3;1;1;0;0;6;1;0;1;3;1;3;1;2;0;4;2;0;1;1;0;3
40195;Montgaillard;75;40;0;0;0;0;0;0;0;0;0;0;0;0;0;0;0;0;0;0;0;0;0;0;0;0;1;3;2;1;2;0;0;0;0;1;0;0;1
40196;Montsoué;75;40;0;0;0;0;0;0;0;0;0;0;0;0;0;0;0;0;0;0;0;0;3;0;0;0;0;2;0;0;0;0;0;0;0;0;0;0;1
40197;Morcenx;75;40;0;1;0;0;0;0;0;0;0;0;2;0;0;0;0;5;0;1;0;0;5;2;0;0;3;2;4;4;3;2;8;0;0;6;4;3;2
40198;Morganx;75;40;0;0;0;0;0;0;0;0;0;0;0;0;0;0;0;0;0;0;0;0;0;0;0;0;1;0;0;0;0;0;0;0;0;0;0;0;1
40199;Mouscardès;75;40;0;0;0;0;0;0;0;0;0;0;0;0;0;0;0;0;0;0;0;0;0;0;0;0;0;0;4;0;0;0;1;0;0;0;0;0;0
40200;Moustey;75;40;0;0;0;0;0;0;0;0;0;0;0;0;0;0;0;0;0;1;0;0;2;0;0;0;2;2;1;0;2;0;0;0;0;4;2;0;0
40201;Mugron;75;40;0;1;0;0;0;0;0;0;0;0;1;0;0;0;0;3;1;1;0;0;4;1;0;1;1;0;2;2;0;0;4;0;0;4;1;0;2
40202;Narrosse;75;40;0;0;0;0;0;0;0;0;0;0;0;0;0;0;0;0;0;1;0;0;6;2;0;1;7;9;10;13;7;0;2;0;0;5;0;0;2
40203;Nassiet;75;40;0;0;0;0;0;0;0;0;0;0;0;0;0;0;0;0;0;0;0;0;0;0;0;0;0;0;2;1;0;0;0;0;0;0;1;0;0
40204;Nerbis;75;40;0;0;0;0;0;0;0;0;0;0;0;0;0;0;0;0;0;0;0;0;0;0;0;0;0;1;0;0;0;0;1;0;0;0;0;0;1
40205;Nousse;75;40;0;0;0;0;0;0;0;0;0;0;0;0;0;0;0;0;0;0;0;0;0;0;0;0;1;0;0;0;0;0;0;0;0;0;0;0;0
40206;Oeyregave;75;40;0;0;0;0;0;0;0;0;0;0;0;0;0;0;0;0;0;0;0;0;0;0;0;0;1;1;0;0;1;0;0;0;0;0;0;0;0
40207;Oeyreluy;75;40;0;0;0;0;0;0;0;0;0;0;0;0;0;0;0;0;0;0;0;0;0;0;0;0;6;3;3;5;1;0;2;0;0;3;0;0;0
40208;Onard;75;40;0;0;0;0;0;0;0;0;0;0;0;0;0;0;0;0;0;0;0;0;0;0;0;0;0;2;1;1;1;0;0;0;0;0;0;0;0
40209;Ondres;75;40;0;0;0;0;0;0;0;0;0;0;0;0;0;0;0;1;0;1;0;0;2;0;0;2;6;5;5;5;6;2;9;1;0;14;10;1;4
40210;Onesse-Laharie;75;40;0;0;0;0;0;0;0;0;0;0;0;0;0;0;0;0;0;1;0;0;2;0;0;0;4;0;3;1;2;0;3;1;0;1;0;0;1
40211;Orist;75;40;0;0;0;0;0;0;0;0;0;0;0;0;0;0;0;0;0;0;0;1;1;0;0;0;0;0;6;2;1;0;1;0;0;1;3;0;1
40212;Orthevielle;75;40;0;0;0;0;0;0;0;0;0;0;0;0;0;0;0;0;0;0;0;1;1;0;0;0;0;0;8;1;2;1;0;0;0;1;0;0;0
40213;Orx;75;40;0;0;0;0;0;0;0;0;0;0;0;0;0;0;0;0;0;0;1;0;0;0;0;0;1;2;2;3;2;1;0;0;0;2;0;0;0
40214;Ossages;75;40;0;0;0;0;0;0;0;0;0;0;0;0;0;0;0;0;0;0;0;0;1;0;0;0;1;1;1;3;0;0;0;0;0;1;1;0;0
40215;Ousse-Suzan;75;40;0;0;0;0;0;0;0;0;0;0;0;0;0;0;0;0;0;0;0;0;0;0;0;0;0;0;1;0;0;0;0;0;0;1;0;0;0
40216;Ozourt;75;40;0;0;0;0;0;0;0;0;0;0;0;0;0;0;0;0;0;0;0;0;0;0;0;0;1;1;1;1;0;0;0;0;0;0;0;0;0
40217;Parentis-en-Born;75;40;0;1;0;0;0;0;0;0;0;0;1;1;0;0;0;4;1;1;0;0;9;1;0;3;5;9;14;9;12;2;15;1;1;18;6;3;9
40218;Parleboscq;75;40;0;0;0;0;0;0;0;0;0;0;0;0;0;0;0;0;0;0;0;0;0;0;0;0;0;0;1;0;0;0;0;0;0;1;0;0;0
40219;Payros-Cazautets;75;40;0;0;0;0;0;0;0;0;0;0;0;0;0;0;0;0;0;0;0;0;0;0;0;0;0;0;0;0;0;0;0;0;0;0;0;0;0
40220;Pécorade;75;40;0;0;0;0;0;0;0;0;0;0;0;0;0;0;0;0;0;0;0;0;2;1;0;0;0;0;2;1;0;0;0;0;0;0;0;0;0
40221;Perquie;75;40;0;0;0;0;0;0;0;0;0;0;0;0;0;0;0;0;0;0;0;0;0;0;0;0;1;0;0;2;0;1;1;0;0;0;0;0;0
40222;Pey;75;40;0;0;0;0;0;0;0;0;0;0;0;0;0;0;0;0;0;0;0;0;3;0;0;0;5;6;2;0;3;1;1;0;0;0;0;0;0
40223;Peyre;75;40;0;0;0;0;0;0;0;0;0;0;0;0;0;0;0;0;0;0;0;0;0;0;0;0;1;0;0;0;0;0;0;0;0;0;0;0;0
40224;Peyrehorade;75;40;0;1;0;0;0;0;0;0;0;0;1;0;0;0;0;6;1;1;0;0;9;1;0;4;10;9;14;4;6;2;8;1;0;10;4;3;5
40225;Philondenx;75;40;0;0;0;0;0;0;0;0;0;0;0;0;0;0;0;0;0;0;0;0;0;0;0;0;0;1;1;0;0;0;0;0;0;1;0;0;1
40226;Pimbo;75;40;0;0;0;0;0;0;0;0;0;0;0;0;0;0;0;0;0;0;0;0;1;0;0;0;1;0;1;0;0;0;0;0;0;1;0;0;0
40227;Pissos;75;40;0;1;0;0;0;0;0;0;0;0;0;0;0;0;0;1;0;1;0;0;1;0;0;1;3;0;4;2;1;0;3;1;0;3;1;0;0
40228;Pomarez;75;40;0;0;0;0;0;0;0;0;0;0;0;0;0;0;0;3;0;1;0;0;5;1;0;1;0;7;5;2;5;1;6;2;0;6;2;0;2
40229;Pontenx-les-Forges;75;40;0;0;0;0;0;0;0;0;0;0;0;0;0;0;0;0;1;1;0;0;2;0;0;1;4;3;5;3;9;0;2;1;0;3;0;0;2
40230;Pontonx-sur-l'Adour;75;40;0;1;0;0;0;0;0;0;0;0;0;0;0;0;0;1;2;1;0;0;4;1;0;2;2;6;5;5;4;0;3;1;0;2;2;1;2
40231;Port-de-Lanne;75;40;0;0;0;0;0;0;0;0;0;0;0;0;0;0;0;0;0;0;0;1;0;0;0;0;5;6;1;1;1;0;1;0;0;1;1;0;0
40232;Poudenx;75;40;0;0;0;0;0;0;0;0;0;0;0;0;0;0;0;0;0;0;0;0;0;0;0;0;0;0;0;0;0;0;0;0;0;0;0;0;0
40233;Pouillon;75;40;0;1;0;0;0;0;0;0;0;0;0;0;0;0;0;3;1;1;0;0;5;1;0;1;8;5;8;5;5;0;8;3;0;5;6;0;4
40234;Pouydesseaux;75;40;0;0;0;0;0;0;0;0;0;0;0;0;0;0;0;0;0;0;0;1;3;0;0;0;0;1;1;0;2;0;2;0;0;2;0;0;1
40235;Poyanne;75;40;0;0;0;0;0;0;0;0;0;0;0;0;0;0;0;0;0;0;0;1;0;0;0;0;2;3;2;0;2;0;2;0;0;0;0;0;1
40236;Poyartin;75;40;0;0;0;0;0;0;0;0;0;0;0;0;0;0;0;0;0;0;0;0;2;0;0;0;1;2;4;1;1;0;0;0;0;1;1;0;0
40237;Préchacq-les-Bains;75;40;0;0;0;0;0;0;0;0;0;0;0;0;0;0;0;0;0;0;0;0;0;0;0;0;0;2;2;1;1;1;1;0;0;1;1;0;0
40238;Pujo-le-Plan;75;40;0;0;0;0;0;0;0;0;0;0;0;0;0;0;0;0;0;0;0;0;0;0;0;0;0;3;4;1;0;0;0;0;0;1;0;0;0
40239;Puyol-Cazalet;75;40;0;0;0;0;0;0;0;0;0;0;0;0;0;0;0;0;0;0;0;0;0;0;0;0;0;0;0;0;1;0;0;0;0;0;0;0;0
40240;Renung;75;40;0;0;0;0;0;0;0;0;0;0;0;0;0;0;0;0;0;0;0;0;1;0;0;0;0;0;1;2;0;0;1;0;0;0;0;0;0
40242;Rimbez-et-Baudiets;75;40;0;0;0;0;0;0;0;0;0;0;0;0;0;0;0;0;0;0;0;0;0;0;0;0;0;0;1;0;1;0;0;0;0;0;0;0;0
40243;Rion-des-Landes;75;40;0;1;0;0;0;0;0;0;0;0;0;0;0;0;0;1;1;1;0;0;6;0;0;0;2;3;4;4;5;2;5;0;0;8;1;0;1
40244;Rivière-Saas-et-Gourby;75;40;0;0;0;0;0;0;0;0;0;0;0;0;0;0;0;0;0;0;0;1;2;0;0;0;2;4;4;4;2;0;1;2;0;2;2;0;2
40245;Roquefort;75;40;0;1;0;0;0;0;0;0;0;0;1;0;0;0;0;3;2;1;0;0;6;2;0;1;1;2;2;2;3;2;5;2;0;3;2;1;1
40246;Sabres;75;40;0;1;0;0;0;0;0;0;0;0;1;0;0;0;0;1;0;1;0;0;3;0;0;0;5;2;3;0;5;0;1;0;0;4;0;0;1
40247;Saint-Agnet;75;40;0;0;0;0;0;0;0;0;0;0;0;0;0;0;0;0;0;0;0;0;0;0;0;0;1;1;2;0;0;0;1;0;0;0;0;0;0
40248;Saint-André-de-Seignanx;75;40;0;0;0;0;0;0;0;0;0;0;0;0;0;0;0;0;0;0;0;1;5;0;0;0;1;2;2;0;2;0;1;1;0;3;0;0;0
40249;Saint-Aubin;75;40;0;0;0;0;0;0;0;0;0;0;0;0;0;0;0;0;0;0;0;0;1;0;0;0;1;1;3;0;0;0;1;0;0;2;0;0;0
40250;Saint-Avit;75;40;0;0;0;0;0;0;0;0;0;0;0;0;0;0;0;0;0;0;0;0;7;0;0;0;0;0;0;0;2;0;0;1;0;6;0;0;0
40251;Saint-Barthélemy;75;40;0;0;0;0;0;0;0;0;0;0;0;0;0;0;0;0;0;0;0;0;0;0;0;0;0;2;0;1;0;0;0;0;0;0;0;0;1
40252;Sainte-Colombe;75;40;0;0;0;0;0;0;0;0;0;0;0;0;0;0;0;0;0;0;0;0;0;0;0;0;0;0;3;1;1;0;0;0;0;0;0;0;0
40253;Saint-Cricq-Chalosse;75;40;0;0;0;0;0;0;0;0;0;0;0;0;0;0;0;0;0;0;0;1;3;0;0;0;0;2;0;0;0;0;0;0;0;1;0;0;0
40254;Saint-Cricq-du-Gave;75;40;0;0;0;0;0;0;0;0;0;0;0;0;0;0;0;0;0;0;0;0;0;0;0;0;2;2;3;1;2;1;0;0;0;0;0;0;0
40255;Saint-Cricq-Villeneuve;75;40;0;0;0;0;0;0;0;0;0;0;0;0;0;0;0;0;0;0;0;0;0;0;0;0;2;0;1;1;0;0;1;0;0;1;0;0;0
40256;Saint-Étienne-d'Orthe;75;40;0;0;0;0;0;0;0;0;0;0;0;0;0;0;0;1;0;0;0;1;0;0;0;0;1;3;1;4;1;0;0;0;0;1;1;0;1
40257;Sainte-Eulalie-en-Born;75;40;0;0;0;0;0;0;0;0;0;0;0;0;0;0;0;0;0;0;0;1;3;0;0;0;2;3;5;2;5;1;1;0;0;4;0;0;1
40258;Sainte-Foy;75;40;0;0;0;0;0;0;0;0;0;0;0;0;0;0;0;0;0;0;0;0;1;0;0;0;1;0;1;0;0;0;0;0;0;0;0;0;0
40259;Saint-Gein;75;40;0;0;0;0;0;0;0;0;0;0;0;0;0;0;0;0;0;0;0;0;1;0;0;0;2;0;0;0;1;0;0;0;0;2;0;0;0
40260;Saint-Geours-d'Auribat;75;40;0;0;0;0;0;0;0;0;0;0;0;0;0;0;0;0;0;0;0;0;0;0;0;0;0;1;0;0;1;0;2;0;0;0;1;0;0
40261;Saint-Geours-de-Maremne;75;40;0;0;0;0;0;0;0;0;0;0;0;0;0;0;0;0;0;1;0;0;7;0;0;2;10;6;7;9;7;4;3;0;0;5;3;0;1
40262;Saint-Gor;75;40;0;0;0;0;0;0;0;0;0;0;0;0;0;0;0;0;0;0;0;0;0;0;0;0;0;0;1;0;0;0;1;0;0;0;0;0;1
40263;Saint-Jean-de-Lier;75;40;0;0;0;0;0;0;0;0;0;0;0;0;0;0;0;0;0;0;0;0;0;0;0;0;0;3;1;1;2;0;1;0;0;0;1;0;0
40264;Saint-Jean-de-Marsacq;75;40;0;0;0;0;0;0;0;0;0;0;0;0;0;0;0;0;0;0;0;1;2;0;0;0;6;2;5;4;2;0;0;0;0;2;0;0;0
40265;Saint-Julien-d'Armagnac;75;40;0;0;0;0;0;0;0;0;0;0;0;0;0;0;0;0;0;0;0;0;0;0;0;0;2;0;0;0;0;0;1;0;0;0;0;0;0
40266;Saint-Julien-en-Born;75;40;0;0;0;0;0;0;0;0;0;0;0;0;0;0;0;0;1;1;1;0;6;0;0;1;6;3;4;2;3;1;5;0;0;15;4;0;2
40267;Saint-Justin;75;40;0;1;0;0;0;0;0;0;0;0;0;0;0;0;0;1;0;0;0;1;4;0;0;0;3;0;1;3;1;0;2;1;0;2;0;0;0
40268;Saint-Laurent-de-Gosse;75;40;0;0;0;0;0;0;0;0;0;0;0;0;0;0;0;0;0;0;0;0;1;0;0;0;1;1;0;2;1;0;0;0;0;0;0;0;0
40269;Saint-Lon-les-Mines;75;40;0;0;0;0;0;0;0;0;0;0;0;0;0;0;0;0;0;0;0;1;1;0;1;0;4;4;3;3;1;0;1;0;0;1;0;0;2
40270;Saint-Loubouer;75;40;0;0;0;0;0;0;0;0;0;0;0;0;0;0;0;0;0;0;0;0;2;0;0;0;1;1;2;0;2;0;0;0;0;1;0;0;0
40271;Sainte-Marie-de-Gosse;75;40;0;0;0;0;0;0;0;0;0;0;0;0;0;0;0;0;0;1;0;0;1;0;0;0;1;4;5;2;3;1;1;0;0;2;2;0;1
40272;Saint-Martin-de-Hinx;75;40;0;0;0;0;0;0;0;0;0;0;0;0;0;0;0;0;0;0;0;1;3;0;0;1;3;2;1;6;1;0;4;0;0;0;2;0;0
40273;Saint-Martin-de-Seignanx;75;40;0;1;0;0;0;0;0;0;0;0;1;0;0;0;0;3;1;1;0;0;11;1;0;1;12;5;18;7;2;1;12;1;0;9;1;1;2
40274;Saint-Martin-d'Oney;75;40;0;0;0;0;0;0;0;0;0;0;0;0;0;0;0;0;0;0;0;1;2;0;0;0;4;6;3;1;0;0;1;1;0;2;1;0;0
40275;Saint-Maurice-sur-Adour;75;40;0;0;0;0;0;0;0;0;0;0;0;0;0;0;0;0;0;0;0;0;0;0;0;1;0;0;0;0;0;0;0;0;0;0;0;0;0
40276;Saint-Michel-Escalus;75;40;0;0;0;0;0;0;0;0;0;0;0;0;0;0;0;0;0;0;0;0;1;0;0;0;2;0;3;2;2;0;1;0;0;3;0;0;0
40277;Saint-Pandelon;75;40;0;0;0;0;0;0;0;0;0;0;0;0;0;0;0;0;0;0;0;0;1;0;0;0;2;2;2;0;4;0;0;0;0;1;0;0;0
40278;Saint-Paul-en-Born;75;40;0;0;0;0;0;0;0;0;0;0;0;0;0;0;0;0;0;0;0;1;2;0;0;0;2;2;6;3;3;0;0;0;0;4;0;0;0
40279;Saint-Paul-lès-Dax;75;40;0;0;0;0;0;0;0;0;0;0;0;1;0;0;0;9;3;1;0;0;25;3;1;3;17;20;15;11;21;6;19;3;2;42;15;3;11
40280;Saint-Perdon;75;40;0;0;0;0;0;0;0;0;0;0;0;0;0;0;0;0;0;0;0;1;3;0;0;1;2;0;4;0;1;0;3;0;0;0;1;0;1
40281;Saint-Pierre-du-Mont;75;40;0;0;0;0;0;0;0;0;0;0;0;0;0;0;0;3;0;1;0;0;18;5;1;1;9;9;3;9;5;1;10;2;1;13;3;3;7
40282;Saint-Sever;75;40;0;1;0;0;0;0;0;0;0;0;1;0;0;0;0;5;0;1;0;0;5;1;2;2;7;5;7;7;5;3;10;3;2;12;3;2;6
40283;Saint-Vincent-de-Paul;75;40;0;0;0;0;0;0;0;0;0;0;0;0;0;0;0;0;0;1;0;1;3;0;1;1;5;13;8;6;7;1;6;0;0;4;8;0;2
40284;Saint-Vincent-de-Tyrosse;75;40;0;1;0;0;0;0;0;0;0;0;1;1;0;0;0;10;5;1;0;0;8;3;0;3;7;28;22;10;15;6;19;3;2;21;15;1;7
40285;Saint-Yaguen;75;40;0;0;0;0;0;0;0;0;0;0;0;0;0;0;0;0;1;0;0;1;0;0;0;0;2;1;0;0;1;0;0;0;0;1;1;0;0
40286;Samadet;75;40;0;0;0;0;0;0;0;0;0;0;0;0;0;0;0;4;0;0;0;1;3;0;0;1;0;2;2;2;1;0;4;1;0;5;1;1;1
40287;Sanguinet;75;40;0;0;0;0;0;0;0;0;0;0;0;0;0;0;0;2;1;1;0;0;10;0;0;1;6;7;12;4;11;1;5;0;0;13;5;3;5
40288;Sarbazan;75;40;0;0;0;0;0;0;0;0;0;0;0;0;0;0;0;0;0;0;0;0;0;0;0;0;1;1;2;2;1;0;0;0;0;1;0;0;0
40289;Sarraziet;75;40;0;0;0;0;0;0;0;0;0;0;0;0;0;0;0;0;0;0;0;0;0;0;0;0;1;1;1;0;0;0;0;0;0;1;0;0;0
40290;Sarron;75;40;0;0;0;0;0;0;0;0;0;0;0;0;0;0;0;0;0;0;0;0;1;0;0;0;0;0;0;0;0;0;0;0;0;0;0;0;0
40291;Saubion;75;40;0;0;0;0;0;0;0;0;0;0;0;0;0;0;0;0;0;0;0;0;0;0;0;0;2;6;5;1;1;2;3;0;0;3;2;0;1
40292;Saubrigues;75;40;0;0;0;0;0;0;0;0;0;0;0;0;0;0;0;0;0;0;0;1;1;0;0;0;7;2;4;1;0;0;1;0;0;2;3;0;2
40293;Saubusse;75;40;0;0;0;0;0;0;0;0;0;0;0;0;0;0;0;0;0;0;0;1;4;0;0;0;1;3;4;0;2;0;2;0;0;3;1;0;1
40294;Saugnac-et-Cambran;75;40;0;0;0;0;0;0;0;0;0;0;0;0;0;0;0;0;0;1;0;0;0;0;0;0;2;4;4;1;2;0;2;0;0;4;2;0;2
40295;Saugnacq-et-Muret;75;40;0;0;0;0;0;0;0;0;0;0;0;0;0;0;0;0;0;0;0;1;1;0;0;0;4;2;5;0;2;1;1;0;0;2;0;0;0
40296;Seignosse;75;40;0;1;0;0;0;0;0;0;0;0;0;0;0;0;0;1;0;2;0;0;6;1;0;1;13;14;9;10;7;4;11;1;0;51;17;1;4
40297;Le Sen;75;40;0;0;0;0;0;0;0;0;0;0;0;0;0;0;0;0;0;0;0;0;1;0;0;0;0;0;2;0;0;0;0;0;0;0;0;0;0
40298;Serres-Gaston;75;40;0;0;0;0;0;0;0;0;0;0;0;0;0;0;0;0;0;0;0;0;0;0;0;0;1;1;0;2;2;0;0;0;0;0;0;0;0
40299;Serreslous-et-Arribans;75;40;0;0;0;0;0;0;0;0;0;0;0;0;0;0;0;0;0;0;0;0;0;0;0;0;0;0;2;0;1;0;0;0;0;0;0;0;0
40300;Seyresse;75;40;0;0;0;0;0;0;0;0;0;0;0;0;0;0;0;0;0;0;0;0;1;0;0;0;1;3;3;1;1;0;2;0;0;1;0;0;1
40301;Siest;75;40;0;0;0;0;0;0;0;0;0;0;0;0;0;0;0;0;0;0;0;0;0;0;0;0;0;1;0;1;0;0;1;0;0;0;0;0;0
40302;Sindères;75;40;0;0;0;0;0;0;0;0;0;0;0;0;0;0;0;0;0;0;0;0;0;0;0;0;0;0;0;0;0;0;0;0;0;0;0;0;0
40303;Solférino;75;40;0;0;0;0;0;0;0;0;0;0;0;0;0;0;0;0;0;0;0;1;0;0;0;0;1;0;0;0;0;0;0;0;0;0;0;0;0
40304;Soorts-Hossegor;75;40;0;0;0;0;0;0;0;0;0;0;0;0;0;0;0;6;1;1;0;1;5;1;1;1;13;11;9;10;6;1;10;1;0;57;25;2;12
40305;Sorbets;75;40;0;0;0;0;0;0;0;0;0;0;0;0;0;0;0;0;0;0;0;0;0;0;0;0;3;0;0;0;1;0;0;0;0;0;0;0;0
40306;Sorde-l'Abbaye;75;40;0;0;0;0;0;0;0;0;0;0;0;0;0;0;0;0;0;0;0;0;0;0;0;0;2;2;1;1;1;0;1;0;0;1;0;0;0
40307;Sore;75;40;0;1;0;0;0;0;0;0;0;0;0;0;0;0;0;2;0;1;0;0;2;0;0;0;2;3;3;1;2;0;3;0;0;4;0;0;2
40308;Sort-en-Chalosse;75;40;0;0;0;0;0;0;0;0;0;0;0;0;0;0;0;0;0;0;0;0;0;0;0;0;2;1;2;1;2;0;0;0;0;0;1;0;0
40309;Souprosse;75;40;0;0;0;0;0;0;0;0;0;0;0;0;0;0;0;0;0;0;1;0;2;0;0;0;0;0;0;1;1;0;1;0;0;2;0;0;0
40310;Soustons;75;40;0;1;0;0;0;0;0;0;0;0;1;0;0;0;0;6;4;1;0;0;16;1;0;4;14;23;22;16;11;3;12;1;0;41;12;3;4
40311;Taller;75;40;0;0;0;0;0;0;0;0;0;0;0;0;0;0;0;0;0;0;1;0;0;0;0;0;0;0;2;2;5;0;0;0;0;1;0;0;0
40312;Tarnos;75;40;0;1;0;0;0;0;0;0;0;0;0;0;0;0;0;10;0;3;0;0;21;2;1;1;24;23;19;16;14;6;15;2;4;25;10;2;14
40313;Tartas;75;40;0;1;0;0;0;0;0;0;0;0;1;0;0;0;0;5;2;1;0;0;11;1;0;2;7;5;2;6;6;0;8;3;0;8;2;0;3
40314;Tercis-les-Bains;75;40;0;0;0;0;0;0;0;0;0;0;0;0;0;0;0;0;0;0;0;1;1;0;0;0;1;0;5;0;1;0;3;0;0;1;3;0;0
40315;Téthieu;75;40;0;0;0;0;0;0;0;0;0;0;0;0;0;0;0;0;0;0;0;0;2;0;0;0;2;2;0;0;1;1;0;0;0;1;1;0;0
40316;Tilh;75;40;0;0;0;0;0;0;0;0;0;0;0;0;0;0;0;0;0;0;0;1;1;0;0;0;2;3;1;0;0;3;1;0;0;0;1;0;0
40317;Tosse;75;40;0;0;0;0;0;0;0;0;0;0;0;0;0;0;0;0;1;1;0;0;3;0;0;1;10;7;4;5;4;0;1;0;0;8;4;0;3
40318;Toulouzette;75;40;0;0;0;0;0;0;0;0;0;0;0;0;0;0;0;0;0;0;0;0;0;0;0;0;0;0;0;0;1;0;1;0;0;1;1;0;0
40319;Trensacq;75;40;0;0;0;0;0;0;0;0;0;0;0;0;0;0;0;0;0;0;0;1;0;0;0;0;0;0;1;0;0;0;0;0;0;0;0;0;0
40320;Uchacq-et-Parentis;75;40;0;0;0;0;0;0;0;0;0;0;0;0;0;0;0;0;0;0;0;0;0;0;0;0;1;1;2;2;1;0;0;0;0;1;0;0;0
40321;Urgons;75;40;0;0;0;0;0;0;0;0;0;0;0;0;0;0;0;0;1;0;0;0;0;0;0;0;0;0;0;0;1;0;0;0;0;1;0;0;0
40322;Uza;75;40;0;0;0;0;0;0;0;0;0;0;0;0;0;0;0;0;0;0;0;0;0;0;0;0;1;0;0;0;1;0;0;0;0;2;0;0;0
40323;Vert;75;40;0;0;0;0;0;0;0;0;0;0;0;0;0;0;0;0;0;0;0;0;0;0;0;0;0;0;0;0;0;0;0;0;0;1;0;0;0
40324;Vicq-d'Auribat;75;40;0;0;0;0;0;0;0;0;0;0;0;0;0;0;0;0;0;0;0;0;0;0;0;0;0;0;1;0;1;0;0;0;0;1;0;0;0
40325;Vielle-Tursan;75;40;0;0;0;0;0;0;0;0;0;0;0;0;0;0;0;0;0;0;0;0;0;0;0;0;0;1;2;0;0;0;0;0;0;1;0;1;0
40326;Vielle-Saint-Girons;75;40;0;0;0;0;0;0;0;0;0;0;0;0;0;0;0;0;0;1;0;0;1;0;0;0;3;2;1;0;1;1;2;0;0;24;4;1;0
40327;Vielle-Soubiran;75;40;0;0;0;0;0;0;0;0;0;0;0;0;0;0;0;0;0;0;0;0;1;0;0;0;0;1;0;0;0;0;0;0;0;1;0;0;0
40328;Vieux-Boucau-les-Bains;75;40;0;0;0;0;0;0;0;0;0;0;0;0;0;0;0;2;0;1;0;0;2;0;0;0;4;5;5;1;3;0;4;0;0;44;6;1;1
40329;Le Vignau;75;40;0;0;0;0;0;0;0;0;0;0;0;0;0;0;0;0;0;0;0;0;0;0;0;0;2;1;0;1;0;0;0;0;0;1;0;0;0
40330;Villenave;75;40;0;0;0;0;0;0;0;0;0;0;0;0;0;0;0;0;0;0;0;0;0;0;0;0;0;2;1;0;0;0;0;0;0;0;0;0;0
40331;Villeneuve-de-Marsan;75;40;0;1;0;0;0;0;0;0;0;0;0;0;0;0;0;3;1;1;0;0;7;1;0;2;4;2;3;3;4;2;5;1;0;3;0;1;1
40332;Ychoux;75;40;0;0;0;0;0;0;0;0;0;0;0;0;0;0;0;0;0;1;0;0;3;0;0;2;5;2;3;1;4;0;4;0;0;4;1;1;3
40333;Ygos-Saint-Saturnin;75;40;0;0;0;0;0;0;0;0;0;0;0;0;0;0;0;1;0;1;0;0;1;0;0;0;3;2;2;1;2;1;1;0;0;3;1;0;0
40334;Yzosse;75;40;0;0;0;0;0;0;0;0;0;0;0;0;0;0;0;0;0;0;0;0;2;0;0;0;0;3;2;0;2;0;2;0;0;1;0;1;1
41001;Ambloy;24;41;0;0;0;0;0;0;0;0;0;0;0;0;0;0;0;0;0;0;0;0;0;0;0;0;0;0;0;1;0;0;0;0;0;0;0;0;0
41002;Angé;24;41;0;0;0;0;0;0;0;0;0;0;0;0;0;0;0;0;0;0;0;0;2;0;0;0;0;1;1;2;1;0;1;0;0;0;0;0;2
41003;Areines;24;41;0;0;0;0;0;0;0;0;0;0;0;0;0;0;0;0;0;0;0;0;1;0;0;0;1;0;1;0;0;0;1;0;0;0;0;0;1
41004;Artins;24;41;0;0;0;0;0;0;0;0;0;0;0;0;0;0;0;0;0;0;0;1;1;0;0;0;0;0;0;0;0;0;0;0;0;1;1;0;0
41005;Arville;24;41;0;0;0;0;0;0;0;0;0;0;0;0;0;0;0;0;0;0;0;0;0;0;0;0;0;0;0;0;0;0;0;0;0;0;0;0;0
41006;Autainville;24;41;0;0;0;0;0;0;0;0;0;0;0;0;0;0;0;0;0;0;0;1;1;0;0;1;0;0;1;2;0;0;1;0;0;0;0;0;1
41007;Authon;24;41;0;0;0;0;0;0;0;0;0;0;0;0;0;0;0;1;0;0;1;0;2;0;0;0;0;1;1;2;1;0;1;0;0;0;1;0;0
41008;Avaray;24;41;0;0;0;0;0;0;0;0;0;0;0;0;0;0;0;0;0;0;1;0;0;0;0;0;0;1;1;2;0;0;1;0;0;1;0;0;0
41009;Averdon;24;41;0;0;0;0;0;0;0;0;0;0;0;0;0;0;0;0;0;0;0;0;0;0;0;0;3;0;3;0;0;1;0;0;0;0;0;0;0
41010;Azé;24;41;0;0;0;0;0;0;0;0;0;0;0;0;0;0;0;0;0;0;1;0;2;0;0;0;1;4;1;3;2;0;2;0;0;0;1;0;0
41011;Baigneaux;24;41;0;0;0;0;0;0;0;0;0;0;0;0;0;0;0;0;0;0;0;0;0;0;0;0;0;0;1;0;0;0;0;0;0;0;0;0;0
41012;Baillou;24;41;0;0;0;0;0;0;0;0;0;0;0;0;0;0;0;0;0;0;0;0;0;0;0;0;0;1;0;1;0;0;0;0;0;1;0;0;0
41013;Bauzy;24;41;0;0;0;0;0;0;0;0;0;0;0;0;0;0;0;0;0;0;0;0;0;0;0;0;0;0;0;0;0;0;0;0;0;0;0;0;0
41014;Beauchêne;24;41;0;0;0;0;0;0;0;0;0;0;0;0;0;0;0;0;0;0;0;0;0;0;0;0;0;1;0;0;2;0;0;0;0;0;0;0;0
41015;Beauvilliers;24;41;0;0;0;0;0;0;0;0;0;0;0;0;0;0;0;0;0;0;0;0;0;0;0;0;0;0;0;1;0;1;0;0;0;0;0;0;0
41016;Billy;24;41;0;0;0;0;0;0;0;0;0;0;0;0;0;0;0;0;0;0;0;0;2;0;0;0;2;3;1;3;1;2;1;0;0;1;0;0;0
41017;Binas;24;41;0;0;0;0;0;0;0;0;0;0;0;0;0;0;0;0;0;0;1;0;2;0;0;0;1;2;1;2;3;0;1;0;0;1;0;0;0
41018;Blois;24;41;1;0;0;1;1;1;1;1;0;0;14;2;1;1;0;45;8;5;0;0;36;6;9;18;64;41;40;34;26;28;61;7;21;154;49;8;30
41019;Boisseau;24;41;0;0;0;0;0;0;0;0;0;0;0;0;0;0;0;0;0;0;0;0;0;0;0;0;0;0;0;0;0;0;0;0;0;0;0;0;0
41020;Bonneveau;24;41;0;0;0;0;0;0;0;0;0;0;0;0;0;0;0;0;0;0;0;0;0;0;0;0;0;0;2;1;2;0;0;0;0;0;0;0;0
41022;Bouffry;24;41;0;0;0;0;0;0;0;0;0;0;0;0;0;0;0;0;0;0;0;0;0;0;0;0;1;0;0;0;0;0;0;0;0;0;0;0;0
41024;Boursay;24;41;0;0;0;0;0;0;0;0;0;0;0;0;0;0;0;0;0;0;0;0;1;0;0;0;0;0;0;0;0;1;0;0;0;1;1;0;0
41025;Bracieux;24;41;0;1;0;0;0;0;0;0;0;0;1;0;0;0;0;2;0;1;0;0;0;0;0;0;2;1;1;0;2;1;3;2;0;9;0;0;1
41026;Brévainville;24;41;0;0;0;0;0;0;0;0;0;0;0;0;0;0;0;0;0;0;0;0;0;0;0;0;0;1;0;0;0;0;0;0;0;0;0;0;0
41027;Briou;24;41;0;0;0;0;0;0;0;0;0;0;0;0;0;0;0;0;0;0;0;0;0;0;0;0;0;1;0;0;0;0;0;0;0;0;0;0;0
41028;Busloup;24;41;0;0;0;0;0;0;0;0;0;0;0;0;0;0;0;0;0;0;0;0;0;0;0;0;0;1;0;0;1;0;0;0;0;0;1;0;0
41029;Candé-sur-Beuvron;24;41;0;0;0;0;0;0;0;0;0;0;0;0;0;0;0;0;0;0;0;0;1;0;0;0;1;1;3;4;1;1;1;0;0;2;0;0;1
41030;Cellé;24;41;0;0;0;0;0;0;0;0;0;0;0;0;0;0;0;0;0;0;0;0;0;0;0;0;0;1;0;0;0;0;1;0;0;0;0;0;0
41031;Cellettes;24;41;0;0;0;0;0;0;0;0;0;0;0;0;0;0;0;0;0;1;0;0;7;0;0;1;2;1;5;1;4;0;5;0;0;1;1;0;2
41032;Chailles;24;41;0;0;0;0;0;0;0;0;0;0;0;0;0;0;0;0;1;0;0;1;4;1;0;1;3;2;6;3;1;1;4;1;0;5;1;0;2
41033;Chambon-sur-Cisse;24;41;0;0;0;0;0;0;0;0;0;0;0;0;0;0;0;0;0;0;1;0;0;0;0;0;1;1;1;0;0;1;0;0;0;0;1;0;0
41034;Chambord;24;41;0;0;0;0;0;0;0;0;0;0;0;0;0;0;0;0;0;0;0;0;0;0;0;0;0;0;0;0;0;0;0;0;0;6;0;0;0
41035;Champigny-en-Beauce;24;41;0;0;0;0;0;0;0;0;0;0;0;0;0;0;0;0;0;0;1;0;1;0;0;0;0;0;1;0;0;0;1;0;0;1;0;0;0
41036;Chaon;24;41;0;0;0;0;0;0;0;0;0;0;0;0;0;0;0;0;0;0;0;1;0;0;0;0;3;0;1;1;1;0;0;0;0;0;0;0;0
41037;La Chapelle-Enchérie;24;41;0;0;0;0;0;0;0;0;0;0;0;0;0;0;0;0;0;0;0;0;0;0;0;0;0;0;0;0;0;0;0;0;0;0;0;0;0
41038;La Chapelle-Montmartin;24;41;0;0;0;0;0;0;0;0;0;0;0;0;0;0;0;0;0;0;0;0;0;0;0;0;1;2;0;1;0;1;0;0;0;0;0;0;0
41039;La Chapelle-Saint-Martin-en-Plaine;24;41;0;0;0;0;0;0;0;0;0;0;0;0;0;0;0;0;0;0;1;0;0;0;0;0;0;4;0;0;0;0;0;0;0;0;0;0;2
41040;La Chapelle-Vendômoise;24;41;0;0;0;0;0;0;0;0;0;0;0;0;0;0;0;0;0;0;0;1;1;0;0;0;0;1;0;2;1;0;1;0;0;1;0;0;0
41041;La Chapelle-Vicomtesse;24;41;0;0;0;0;0;0;0;0;0;0;0;0;0;0;0;0;0;0;0;0;0;0;0;0;0;0;0;0;0;0;0;0;0;1;0;0;0
41042;Châteauvieux;24;41;0;0;0;0;0;0;0;0;0;0;0;0;0;0;0;0;0;0;0;1;0;0;0;0;1;1;2;2;0;0;0;0;0;0;0;0;0
41043;Châtillon-sur-Cher;24;41;0;0;0;0;0;0;0;0;0;0;0;0;0;0;0;0;0;0;1;0;1;0;0;0;2;3;4;4;2;0;3;0;0;1;1;0;0
41044;Châtres-sur-Cher;24;41;0;0;0;0;0;0;0;0;0;0;0;0;0;0;0;1;0;0;0;1;2;0;0;0;0;2;0;5;1;0;1;0;0;5;0;0;1
41045;Chaumont-sur-Loire;24;41;0;0;0;0;0;0;0;0;0;0;0;0;0;0;0;0;0;0;1;0;3;0;0;0;0;2;2;0;1;1;2;0;0;8;0;0;1
41046;Chaumont-sur-Tharonne;24;41;0;0;0;0;0;0;0;0;0;0;0;0;0;0;0;0;0;0;1;0;3;0;0;0;3;2;3;2;4;0;1;0;0;5;2;0;1
41047;La Chaussée-Saint-Victor;24;41;0;0;0;0;0;0;0;0;0;0;0;0;0;0;0;6;0;1;0;0;9;2;0;1;5;4;4;5;3;2;6;1;4;9;2;1;2
41048;Chauvigny-du-Perche;24;41;0;0;0;0;0;0;0;0;0;0;0;0;0;0;0;0;0;0;0;1;1;0;0;0;0;0;2;1;0;0;0;0;0;1;0;0;0
41049;Chémery;24;41;0;0;0;0;0;0;0;0;0;0;0;0;0;0;0;0;0;0;0;1;3;0;0;0;0;1;2;2;2;3;2;0;0;3;0;0;0
41050;Cheverny;24;41;0;0;0;0;0;0;0;0;0;0;0;0;0;0;0;0;0;0;0;0;0;0;0;0;1;1;1;1;1;0;0;0;0;4;3;0;1
41051;Chissay-en-Touraine;24;41;0;0;0;0;0;0;0;0;0;0;0;0;0;0;0;0;0;0;1;0;1;0;0;0;2;1;1;1;1;0;1;1;0;2;1;0;1
41052;Chitenay;24;41;0;0;0;0;0;0;0;0;0;0;0;0;0;0;0;0;1;0;0;1;1;0;0;0;1;1;1;1;3;0;2;1;0;1;0;0;0
41053;Choue;24;41;0;0;0;0;0;0;0;0;0;0;0;0;0;0;0;0;0;0;0;0;1;0;0;0;0;0;1;1;1;0;0;0;0;0;0;0;0
41054;Choussy;24;41;0;0;0;0;0;0;0;0;0;0;0;0;0;0;0;0;0;0;0;0;0;0;0;0;0;0;0;0;1;0;1;0;0;0;1;0;0
41055;Chouzy-sur-Cisse;24;41;0;0;0;0;0;0;0;0;0;0;0;0;0;0;0;0;0;1;0;0;1;0;0;2;4;1;3;0;3;0;4;0;0;1;1;0;0
41057;Conan;24;41;0;0;0;0;0;0;0;0;0;0;0;0;0;0;0;0;0;0;0;0;0;0;0;0;0;0;0;0;1;0;0;0;0;0;0;0;0
41058;Concriers;24;41;0;0;0;0;0;0;0;0;0;0;0;0;0;0;0;0;0;0;0;0;0;0;0;0;0;1;0;1;0;0;0;0;0;0;0;0;0
41059;Contres;24;41;0;1;0;0;0;0;0;0;0;0;1;0;0;0;0;5;1;1;0;0;7;1;0;2;5;8;7;5;3;0;7;1;5;17;3;1;3
41060;Cormenon;24;41;0;0;0;0;0;0;0;0;0;0;0;0;0;0;0;0;0;0;0;0;2;1;0;0;1;1;0;0;0;0;0;1;0;3;0;0;0
41061;Cormeray;24;41;0;0;0;0;0;0;0;0;0;0;0;0;0;0;0;0;0;0;0;1;0;0;0;1;0;2;5;1;1;0;0;0;0;0;1;0;0
41062;Couddes;24;41;0;0;0;0;0;0;0;0;0;0;0;0;0;0;0;0;0;0;1;0;1;0;0;0;0;1;1;0;0;0;0;0;0;1;0;0;0
41063;Couffy;24;41;0;0;0;0;0;0;0;0;0;0;0;0;0;0;0;0;0;0;0;1;0;0;0;0;1;0;1;2;1;0;1;0;0;0;2;0;0
41064;Coulanges;24;41;0;0;0;0;0;0;0;0;0;0;0;0;0;0;0;0;0;0;0;0;0;0;0;0;0;0;0;1;0;0;1;0;0;0;0;0;0
41065;Coulommiers-la-Tour;24;41;0;0;0;0;0;0;0;0;0;0;0;0;0;0;0;0;0;0;1;0;0;0;0;0;0;0;3;2;0;0;0;0;0;1;0;0;0
41066;Courbouzon;24;41;0;0;0;0;0;0;0;0;0;0;0;0;0;0;0;0;0;0;0;0;1;0;0;0;0;0;1;1;1;0;0;0;0;1;0;0;0
41067;Cour-Cheverny;24;41;0;1;0;0;0;0;0;0;0;0;0;0;0;0;0;1;0;1;0;0;7;0;1;1;3;5;9;4;0;0;6;0;0;4;3;0;2
41068;Courmemin;24;41;0;0;0;0;0;0;0;0;0;0;0;0;0;0;0;1;0;0;0;1;1;0;1;0;3;1;1;1;0;1;0;1;0;0;0;0;0
41069;Cour-sur-Loire;24;41;0;0;0;0;0;0;0;0;0;0;0;0;0;0;0;0;0;0;0;0;0;0;0;0;2;0;1;0;1;0;0;0;0;0;0;0;0
41070;Couture-sur-Loir;24;41;0;0;0;0;0;0;0;0;0;0;0;0;0;0;0;1;0;0;0;1;0;0;0;0;2;1;1;0;0;0;0;0;0;1;0;0;0
41071;Crouy-sur-Cosson;24;41;0;0;0;0;0;0;0;0;0;0;0;0;0;0;0;0;0;0;1;0;0;0;0;0;0;3;0;0;1;0;1;0;0;1;0;0;0
41072;Crucheray;24;41;0;0;0;0;0;0;0;0;0;0;0;0;0;0;0;0;0;0;0;0;0;0;0;0;0;1;1;0;0;0;0;0;0;0;0;0;0
41073;Danzé;24;41;0;0;0;0;0;0;0;0;0;0;0;0;0;0;0;1;0;0;0;1;2;0;0;0;0;1;3;0;0;0;1;0;0;2;0;0;0
41074;Dhuizon;24;41;0;0;0;0;0;0;0;0;0;0;0;0;0;0;0;2;0;0;0;1;2;0;0;0;3;4;4;2;2;0;3;0;0;3;0;0;0
41075;Droué;24;41;0;1;0;0;0;0;0;0;0;0;0;0;0;0;0;1;1;1;0;0;0;0;0;0;2;2;1;0;1;0;2;0;0;0;1;0;0
41077;Épiais;24;41;0;0;0;0;0;0;0;0;0;0;0;0;0;0;0;0;0;0;0;0;0;0;0;0;0;0;1;0;0;0;0;0;0;0;0;0;0
41078;Épuisay;24;41;0;0;0;0;0;0;0;0;0;0;0;0;0;0;0;1;0;0;0;1;1;0;0;0;1;0;4;1;0;0;0;1;0;1;0;0;0
41079;Les Essarts;24;41;0;0;0;0;0;0;0;0;0;0;0;0;0;0;0;0;0;0;0;0;0;0;0;0;1;0;1;0;0;0;0;0;0;0;1;0;0
41080;Faverolles-sur-Cher;24;41;0;0;0;0;0;0;0;0;0;0;0;0;0;0;0;0;0;0;0;0;2;1;0;0;0;1;2;2;1;0;4;0;0;6;1;1;0
41081;Faye;24;41;0;0;0;0;0;0;0;0;0;0;0;0;0;0;0;0;0;0;0;0;0;0;0;0;0;0;2;0;0;0;0;0;0;0;0;0;0
41082;Feings;24;41;0;0;0;0;0;0;0;0;0;0;0;0;0;0;0;0;0;0;0;0;0;0;0;0;1;1;0;0;1;0;0;0;0;1;1;0;1
41083;La Ferté-Beauharnais;24;41;0;0;0;0;0;0;0;0;0;0;0;0;0;0;0;0;0;0;1;0;0;0;0;0;1;0;1;0;2;0;1;0;0;1;0;0;0
41084;La Ferté-Imbault;24;41;0;0;0;0;0;0;0;0;0;0;0;0;0;0;0;1;0;0;1;0;0;0;0;0;1;1;2;0;1;0;2;0;0;0;1;0;0
41085;La Ferté-Saint-Cyr;24;41;0;0;0;0;0;0;0;0;0;0;0;0;0;0;0;1;0;1;0;0;2;0;0;0;2;3;4;3;1;0;2;1;0;3;0;0;1
41086;Fontaines-en-Sologne;24;41;0;0;0;0;0;0;0;0;0;0;0;0;0;0;0;0;0;0;0;0;3;0;0;0;2;1;0;1;0;0;1;0;0;0;0;0;0
41087;Fontaine-les-Coteaux;24;41;0;0;0;0;0;0;0;0;0;0;0;0;0;0;0;0;0;0;0;0;0;0;0;0;0;3;0;2;0;0;0;0;0;0;0;0;0
41088;Fontaine-Raoul;24;41;0;0;0;0;0;0;0;0;0;0;0;0;0;0;0;0;0;0;0;0;0;0;0;0;0;0;0;1;0;0;0;0;0;0;0;0;0
41089;La Fontenelle;24;41;0;0;0;0;0;0;0;0;0;0;0;0;0;0;0;0;0;0;0;0;0;0;0;0;0;0;0;0;0;1;0;0;0;1;0;0;1
41090;Fortan;24;41;0;0;0;0;0;0;0;0;0;0;0;0;0;0;0;0;0;0;0;0;0;0;0;0;2;0;0;0;0;0;0;0;0;0;0;0;0
41091;Fossé;24;41;0;0;0;0;0;0;0;0;0;0;0;0;0;0;0;0;0;1;0;0;3;1;0;1;1;2;1;3;2;0;0;0;0;0;1;0;0
41092;Fougères-sur-Bièvre;24;41;0;0;0;0;0;0;0;0;0;0;0;0;0;0;0;0;0;0;0;1;1;0;0;0;2;0;3;1;0;0;2;0;0;1;0;0;2
41093;Françay;24;41;0;0;0;0;0;0;0;0;0;0;0;0;0;0;0;0;0;0;0;0;0;0;0;0;0;0;1;0;0;0;0;0;0;0;0;0;0
41094;Fresnes;24;41;0;0;0;0;0;0;0;0;0;0;0;0;0;0;0;0;0;0;0;0;1;0;0;1;1;1;3;4;1;0;1;0;0;0;0;0;0
41095;Fréteval;24;41;0;0;0;0;0;0;0;0;0;0;0;0;0;0;0;1;0;0;1;0;1;0;0;0;2;0;0;3;0;0;2;0;0;2;0;0;0
41096;Le Gault-Perche;24;41;0;0;0;0;0;0;0;0;0;0;0;0;0;0;0;0;0;0;1;0;0;0;0;0;0;0;1;2;1;0;1;0;0;3;0;0;0
41097;Gièvres;24;41;0;0;0;0;0;0;0;0;0;0;0;0;0;0;0;1;0;1;0;0;2;0;0;1;1;4;5;1;5;0;3;0;0;2;0;0;0
41098;Gombergean;24;41;0;0;0;0;0;0;0;0;0;0;0;0;0;0;0;0;0;0;0;0;0;0;0;0;0;0;1;1;0;0;0;0;0;0;0;0;0
41099;Gy-en-Sologne;24;41;0;0;0;0;0;0;0;0;0;0;0;0;0;0;0;0;0;0;0;1;0;0;0;0;0;1;1;1;1;0;0;0;0;1;1;0;0
41100;Les Hayes;24;41;0;0;0;0;0;0;0;0;0;0;0;0;0;0;0;0;0;0;0;0;0;0;0;0;0;0;0;1;0;0;0;0;0;0;0;0;0
41101;Herbault;24;41;0;1;0;0;0;0;0;0;0;0;0;0;0;0;0;1;0;1;0;0;4;1;1;0;1;1;2;1;1;0;3;1;0;2;0;0;1
41102;Houssay;24;41;0;0;0;0;0;0;0;0;0;0;0;0;0;0;0;0;0;0;0;0;0;0;0;0;1;0;1;1;1;0;1;0;0;1;0;0;0
41103;Huisseau-en-Beauce;24;41;0;0;0;0;0;0;0;0;0;0;0;0;0;0;0;0;0;0;0;0;2;0;0;0;0;1;0;0;0;0;0;1;0;1;0;0;1
41104;Huisseau-sur-Cosson;24;41;0;0;0;0;0;0;0;0;0;0;0;0;0;0;0;0;0;1;0;0;3;0;0;1;2;5;4;2;5;0;1;0;0;1;2;0;1
41105;Josnes;24;41;0;0;0;0;0;0;0;0;0;0;0;0;0;0;0;1;0;0;1;0;2;0;0;0;2;1;2;1;1;1;1;0;0;1;1;0;0
41106;Lamotte-Beuvron;24;41;0;1;0;0;0;0;0;0;0;0;1;0;0;0;0;5;2;1;0;0;8;2;0;1;1;7;7;4;6;1;9;2;1;8;5;1;1
41107;Lancé;24;41;0;0;0;0;0;0;0;0;0;0;0;0;0;0;0;0;0;0;0;0;0;0;0;0;1;0;4;0;0;0;1;0;0;0;0;0;0
41108;Lancôme;24;41;0;0;0;0;0;0;0;0;0;0;0;0;0;0;0;0;0;0;0;0;0;0;0;0;0;0;0;0;0;0;0;0;0;0;0;0;0
41109;Landes-le-Gaulois;24;41;0;0;0;0;0;0;0;0;0;0;0;0;0;0;0;0;0;0;0;1;2;0;1;1;2;1;1;1;0;0;0;0;0;0;0;0;0
41110;Langon;24;41;0;0;0;0;0;0;0;0;0;0;0;0;0;0;0;0;0;0;0;0;0;0;0;0;2;1;2;0;2;0;0;0;0;0;0;0;1
41112;Lassay-sur-Croisne;24;41;0;0;0;0;0;0;0;0;0;0;0;0;0;0;0;0;0;0;0;0;0;0;0;0;1;1;2;0;0;0;1;0;0;1;0;0;0
41113;Lavardin;24;41;0;0;0;0;0;0;0;0;0;0;0;0;0;0;0;0;0;0;0;0;0;0;0;0;0;1;1;0;0;0;0;0;0;0;0;0;0
41114;Lestiou;24;41;0;0;0;0;0;0;0;0;0;0;0;0;0;0;0;0;0;0;0;0;0;0;0;0;3;2;0;2;1;2;0;0;0;1;0;0;0
41115;Lignières;24;41;0;0;0;0;0;0;0;0;0;0;0;0;0;0;0;0;0;0;0;0;0;0;0;0;1;1;0;0;0;0;0;0;0;0;0;0;0
41116;Lisle;24;41;0;0;0;0;0;0;0;0;0;0;0;0;0;0;0;0;0;0;0;0;0;0;0;0;2;0;0;1;1;1;0;0;0;0;0;0;0
41118;Loreux;24;41;0;0;0;0;0;0;0;0;0;0;0;0;0;0;0;0;0;0;0;0;0;0;0;0;0;1;0;1;1;0;1;0;0;0;0;0;0
41119;Lorges;24;41;0;0;0;0;0;0;0;0;0;0;0;0;0;0;0;0;0;0;0;0;0;0;0;0;0;0;1;1;0;0;0;0;0;0;0;0;0
41120;Lunay;24;41;0;0;0;0;0;0;0;0;0;0;0;0;0;0;0;1;0;0;1;0;1;0;0;0;5;1;4;0;2;2;2;0;0;1;1;0;0
41121;La Madeleine-Villefrouin;24;41;0;0;0;0;0;0;0;0;0;0;0;0;0;0;0;0;0;0;0;0;0;0;0;0;0;0;0;1;0;0;0;0;0;0;0;0;0
41122;Maray;24;41;0;0;0;0;0;0;0;0;0;0;0;0;0;0;0;0;0;0;0;0;1;0;0;0;1;0;1;0;2;0;0;0;0;0;0;0;0
41123;Marchenoir;24;41;0;1;0;0;0;0;0;0;0;0;1;0;0;0;0;1;0;1;0;0;2;0;0;0;0;3;0;0;1;0;3;0;0;0;0;0;1
41124;Marcilly-en-Beauce;24;41;0;0;0;0;0;0;0;0;0;0;0;0;0;0;0;0;0;0;0;0;0;0;0;0;0;0;2;0;0;0;0;0;0;1;0;0;0
41125;Marcilly-en-Gault;24;41;0;0;0;0;0;0;0;0;0;0;0;0;0;0;0;1;0;0;0;1;0;0;0;0;2;2;0;0;0;0;1;0;0;0;0;0;0
41126;Mareuil-sur-Cher;24;41;0;0;0;0;0;0;0;0;0;0;0;0;0;0;0;0;0;1;0;0;2;0;0;0;1;1;1;1;0;1;2;0;0;1;0;0;0
41127;La Marolle-en-Sologne;24;41;0;0;0;0;0;0;0;0;0;0;0;0;0;0;0;0;0;0;0;1;1;0;0;0;0;0;2;2;0;0;0;0;0;1;0;0;0
41128;Marolles;24;41;0;0;0;0;0;0;0;0;0;0;0;0;0;0;0;0;1;0;0;0;0;0;0;0;0;1;0;1;0;0;0;0;0;0;2;0;0
41129;Maslives;24;41;0;0;0;0;0;0;0;0;0;0;0;0;0;0;0;0;0;0;0;0;2;0;0;0;0;0;0;1;1;0;2;0;0;0;0;0;1
41130;Maves;24;41;0;0;0;0;0;0;0;0;0;0;0;0;0;0;0;0;0;0;1;0;1;0;0;0;0;1;0;1;1;0;0;0;0;0;0;0;1
41131;Mazangé;24;41;0;0;0;0;0;0;0;0;0;0;0;0;0;0;0;0;0;0;1;0;1;0;0;0;2;4;1;0;2;0;2;0;0;2;1;0;0
41132;Méhers;24;41;0;0;0;0;0;0;0;0;0;0;0;0;0;0;0;0;0;0;0;0;0;0;0;0;0;0;0;1;0;0;0;0;0;0;0;0;0
41134;Menars;24;41;0;0;0;0;0;0;0;0;0;0;0;0;0;0;0;0;0;0;1;0;0;0;0;0;0;1;1;2;0;0;1;0;0;2;0;0;0
41135;Mennetou-sur-Cher;24;41;0;1;0;0;0;0;0;0;0;0;0;0;0;0;0;1;0;1;0;0;1;0;0;1;3;0;2;3;0;0;2;0;0;1;0;0;0
41136;Mer;24;41;0;1;0;0;0;0;0;0;0;0;1;0;0;0;0;4;2;1;0;0;11;1;0;2;19;8;12;7;9;2;10;2;1;18;4;1;4
41137;Mesland;24;41;0;0;0;0;0;0;0;0;0;0;0;0;0;0;0;0;0;0;0;1;0;0;1;0;1;3;1;1;0;0;1;0;0;1;1;0;0
41138;Meslay;24;41;0;0;0;0;0;0;0;0;0;0;0;0;0;0;0;0;1;0;0;0;0;0;0;0;2;0;2;0;0;0;0;0;0;0;1;0;1
41139;Meusnes;24;41;0;0;0;0;0;0;0;0;0;0;0;0;0;0;0;0;0;1;0;0;1;0;0;0;0;2;3;4;3;0;1;1;0;0;0;0;0
41140;Millançay;24;41;0;0;0;0;0;0;0;0;0;0;0;0;0;0;0;1;0;0;0;1;1;0;0;0;1;3;1;2;2;0;1;0;0;1;0;0;0
41141;Moisy;24;41;0;0;0;0;0;0;0;0;0;0;0;0;0;0;0;1;0;0;0;1;0;0;0;0;3;0;3;0;0;0;0;0;0;1;0;0;0
41142;Valencisse;24;41;0;0;0;0;0;0;0;0;0;0;0;0;0;0;0;0;0;0;0;2;3;0;0;0;1;1;3;0;2;0;1;1;0;1;1;0;0
41143;Mondoubleau;24;41;0;1;0;0;0;0;0;0;0;0;1;0;1;0;0;4;3;1;0;0;3;0;0;2;2;4;3;5;1;0;3;1;0;3;1;0;0
41144;Monteaux;24;41;0;0;0;0;0;0;0;0;0;0;0;0;0;0;0;0;0;0;0;1;0;0;0;0;1;1;2;1;1;0;2;0;0;0;0;0;1
41145;Monthou-sur-Bièvre;24;41;0;0;0;0;0;0;0;0;0;0;0;0;0;0;0;0;0;0;0;0;0;0;0;0;0;2;3;1;1;0;0;0;0;3;0;0;0
41146;Monthou-sur-Cher;24;41;0;0;0;0;0;0;0;0;0;0;0;0;0;0;0;0;0;0;1;0;1;0;0;0;1;1;0;3;0;1;2;0;0;1;1;0;0
41147;Les Montils;24;41;0;0;0;0;0;0;0;0;0;0;0;0;0;0;0;1;0;1;0;0;2;0;0;1;3;4;2;2;0;1;4;0;0;3;0;0;1
41148;Montlivault;24;41;0;0;0;0;0;0;0;0;0;0;0;0;0;0;0;0;0;0;1;0;1;0;0;0;1;2;0;1;1;0;1;0;0;1;0;0;0
41149;Montoire-sur-le-Loir;24;41;0;1;0;0;0;0;0;0;0;0;1;0;0;0;0;5;3;1;0;0;9;2;0;2;8;6;7;2;3;0;7;3;0;15;5;2;1
41150;Mont-près-Chambord;24;41;0;0;0;0;0;0;0;0;0;0;0;0;0;0;0;1;0;1;0;0;7;1;0;1;6;9;5;2;2;1;4;0;0;2;0;2;2
41151;Montrichard Val de Cher;24;41;0;1;0;0;0;0;0;0;0;0;1;0;0;0;0;8;2;2;0;0;5;1;0;4;10;6;7;4;3;4;9;1;4;21;8;1;4
41152;Montrieux-en-Sologne;24;41;0;0;0;0;0;0;0;0;0;0;0;0;0;0;0;0;0;0;1;0;1;0;0;0;0;2;4;1;0;0;3;0;0;1;0;0;1
41153;Montrouveau;24;41;0;0;0;0;0;0;0;0;0;0;0;0;0;0;0;0;0;0;0;0;0;0;0;0;0;0;1;0;0;0;0;0;0;1;0;0;0
41154;Morée;24;41;0;0;0;0;0;0;0;0;0;0;1;0;0;0;0;2;0;1;0;0;2;0;0;1;4;1;2;0;4;1;4;0;0;4;1;0;2
41155;Muides-sur-Loire;24;41;0;0;0;0;0;0;0;0;0;0;0;0;0;0;0;0;0;0;1;0;1;0;0;0;4;1;0;0;0;1;2;0;0;1;0;0;0
41156;Mulsans;24;41;0;0;0;0;0;0;0;0;0;0;0;0;0;0;0;0;0;0;0;0;0;0;0;0;0;0;1;1;0;1;1;0;0;0;0;0;0
41157;Mur-de-Sologne;24;41;0;0;0;0;0;0;0;0;0;0;0;0;0;0;0;1;0;1;0;0;5;0;0;0;3;2;3;1;0;0;1;0;0;1;0;0;1
41158;Naveil;24;41;0;0;0;0;0;0;0;0;0;0;0;0;0;0;0;0;0;0;0;0;5;0;0;0;3;4;6;1;2;2;4;1;0;2;0;0;2
41159;Neung-sur-Beuvron;24;41;0;1;0;0;0;0;0;0;0;0;0;0;1;0;0;1;1;1;0;0;5;0;0;1;3;3;6;4;2;2;3;0;0;3;2;0;2
41160;Neuvy;24;41;0;0;0;0;0;0;0;0;0;0;0;0;0;0;0;0;0;0;0;0;1;0;0;0;0;0;2;1;0;0;0;0;0;1;1;0;0
41161;Nouan-le-Fuzelier;24;41;0;0;0;0;0;0;0;0;0;0;0;0;0;0;0;1;1;1;0;0;3;0;0;1;1;2;2;4;2;0;4;0;1;4;1;0;1
41163;Nourray;24;41;0;0;0;0;0;0;0;0;0;0;0;0;0;0;0;0;0;0;0;0;0;0;0;0;0;0;0;0;0;0;0;0;0;0;0;0;0
41164;Noyers-sur-Cher;24;41;0;0;0;0;0;0;0;0;0;0;0;0;0;0;0;1;1;1;0;0;11;2;0;1;7;4;7;7;3;0;5;1;0;5;1;1;2
41165;Oigny;24;41;0;0;0;0;0;0;0;0;0;0;0;0;0;0;0;0;0;0;0;0;0;0;0;0;0;0;1;0;0;0;0;0;0;0;0;0;0
41166;Oisly;24;41;0;0;0;0;0;0;0;0;0;0;0;0;0;0;0;0;0;0;0;0;0;0;0;0;0;0;2;2;1;0;0;0;0;1;0;0;0
41167;Onzain;24;41;0;1;0;0;0;0;0;0;0;0;1;0;0;0;0;3;0;1;0;0;7;1;0;1;2;4;3;9;8;0;4;2;0;9;1;0;4
41168;Orçay;24;41;0;0;0;0;0;0;0;0;0;0;0;0;0;0;0;0;0;0;0;0;0;0;0;0;0;0;1;0;0;0;0;0;0;2;0;0;0
41170;Ouchamps;24;41;0;0;0;0;0;0;0;0;0;0;0;0;0;0;0;0;1;0;0;1;0;0;0;0;0;1;1;2;1;0;0;0;0;0;0;0;1
41171;Oucques;24;41;0;0;0;0;0;0;0;0;0;0;0;0;0;0;0;4;0;1;0;0;4;0;0;2;1;1;3;4;1;0;4;0;0;4;2;0;1
41172;Ouzouer-le-Doyen;24;41;0;0;0;0;0;0;0;0;0;0;0;0;0;0;0;1;0;0;0;0;0;0;0;0;0;0;0;1;1;1;0;0;0;0;0;0;0
41173;Beauce la Romaine;24;41;0;1;0;0;0;0;0;0;0;0;0;0;0;0;0;4;1;1;0;1;4;0;0;1;5;8;12;6;2;1;5;0;0;5;1;0;4
41174;Périgny;24;41;0;0;0;0;0;0;0;0;0;0;0;0;0;0;0;0;0;0;0;0;0;0;0;0;0;1;0;0;1;0;0;0;0;0;0;0;0
41175;Pezou;24;41;0;1;0;0;0;0;0;0;0;0;0;0;0;0;0;1;0;0;1;0;2;0;0;0;0;2;3;1;1;1;1;0;0;1;0;0;0
41176;Pierrefitte-sur-Sauldre;24;41;0;0;0;0;0;0;0;0;0;0;0;0;0;0;0;1;0;0;0;1;3;0;0;0;1;0;2;0;3;0;1;0;0;1;1;0;0
41177;Le Plessis-Dorin;24;41;0;0;0;0;0;0;0;0;0;0;0;0;0;0;0;1;0;0;1;0;0;0;0;0;0;0;1;1;0;0;0;0;0;1;0;0;0
41178;Le Plessis-l'Échelle;24;41;0;0;0;0;0;0;0;0;0;0;0;0;0;0;0;0;0;0;0;0;0;0;0;0;0;0;0;0;0;0;0;0;0;0;1;0;0
41179;Le Poislay;24;41;0;0;0;0;0;0;0;0;0;0;0;0;0;0;0;0;0;0;0;0;0;0;0;0;0;0;1;2;1;0;0;0;0;1;0;0;0
41180;Pontlevoy;24;41;0;0;0;0;0;0;0;0;0;0;0;0;0;0;0;1;1;1;0;0;6;0;0;0;6;3;3;1;4;0;1;0;0;2;0;0;0
41181;Pouillé;24;41;0;0;0;0;0;0;0;0;0;0;0;0;0;0;0;0;0;0;0;1;1;0;0;0;2;1;2;1;2;0;1;0;0;1;0;0;0
41182;Pray;24;41;0;0;0;0;0;0;0;0;0;0;0;0;0;0;0;0;0;0;0;0;1;0;0;0;1;0;1;0;0;0;1;0;0;0;0;0;0
41184;Prunay-Cassereau;24;41;0;0;0;0;0;0;0;0;0;0;0;0;0;0;0;0;0;0;0;1;0;0;0;0;3;0;3;1;0;0;0;0;0;1;0;0;0
41185;Pruniers-en-Sologne;24;41;0;0;0;0;0;0;0;0;0;0;0;0;0;0;0;0;0;1;0;0;7;0;0;0;6;2;7;4;3;1;2;0;1;1;0;0;1
41186;Rahart;24;41;0;0;0;0;0;0;0;0;0;0;0;0;0;0;0;0;0;0;0;0;1;0;0;0;0;0;0;0;0;0;0;0;0;0;1;0;0
41187;Renay;24;41;0;0;0;0;0;0;0;0;0;0;0;0;0;0;0;0;0;0;0;0;1;0;0;0;0;0;0;0;0;0;0;0;0;0;0;0;0
41188;Rhodon;24;41;0;0;0;0;0;0;0;0;0;0;0;0;0;0;0;0;0;0;0;0;0;0;0;0;0;0;2;0;0;1;0;0;0;1;0;0;0
41189;Rilly-sur-Loire;24;41;0;0;0;0;0;0;0;0;0;0;0;0;0;0;0;0;0;0;0;0;1;0;0;0;2;1;0;0;0;0;1;0;0;0;0;0;0
41190;Rocé;24;41;0;0;0;0;0;0;0;0;0;0;0;0;0;0;0;0;0;0;0;0;0;0;0;0;0;0;0;0;0;0;0;1;0;0;0;0;0
41191;Roches;24;41;0;0;0;0;0;0;0;0;0;0;0;0;0;0;0;0;0;0;0;0;0;0;0;0;0;0;1;0;0;0;0;0;0;0;0;0;0
41192;Les Roches-l'Évêque;24;41;0;0;0;0;0;0;0;0;0;0;0;0;0;0;0;0;0;0;0;0;1;0;0;0;0;1;1;0;0;0;1;0;0;0;0;0;0
41193;Romilly;24;41;0;0;0;0;0;0;0;0;0;0;0;0;0;0;0;0;0;0;0;0;0;0;0;0;0;0;0;0;0;0;0;0;0;0;0;0;0
41194;Romorantin-Lanthenay;24;41;1;1;0;0;0;0;0;0;0;0;4;1;0;0;0;17;4;2;0;0;23;4;1;6;34;26;18;11;24;12;30;4;10;55;20;4;12
41195;Rougeou;24;41;0;0;0;0;0;0;0;0;0;0;0;0;0;0;0;0;0;0;0;0;0;0;0;0;1;1;0;0;0;0;0;0;0;0;0;0;0
41196;Ruan-sur-Egvonne;24;41;0;0;0;0;0;0;0;0;0;0;0;0;0;0;0;0;0;0;0;0;0;0;0;0;0;0;0;0;0;0;0;0;0;0;0;0;0
41197;Saint-Agil;24;41;0;0;0;0;0;0;0;0;0;0;0;0;0;0;0;0;0;0;0;1;1;0;0;0;1;0;0;2;0;0;0;0;0;1;0;0;0
41198;Saint-Aignan;24;41;0;1;0;0;0;0;0;0;0;0;1;0;1;0;0;6;1;1;0;0;2;1;0;1;3;5;5;7;2;1;8;0;0;14;6;0;2
41199;Saint-Amand-Longpré;24;41;0;1;0;0;0;0;0;0;0;0;1;0;0;0;0;1;0;1;0;0;3;0;0;1;2;0;4;2;1;0;2;0;0;1;0;0;1
41200;Sainte-Anne;24;41;0;0;0;0;0;0;0;0;0;0;0;0;0;0;0;0;0;0;0;0;0;0;0;0;0;0;1;1;0;0;0;0;0;0;0;0;0
41201;Saint-Arnoult;24;41;0;0;0;0;0;0;0;0;0;0;0;0;0;0;0;0;0;0;0;0;0;0;0;0;1;0;0;0;0;0;0;0;0;1;1;0;0
41202;Saint-Avit;24;41;0;0;0;0;0;0;0;0;0;0;0;0;0;0;0;0;0;0;0;0;0;0;0;0;0;0;0;0;0;0;0;0;0;0;0;0;0
41203;Saint-Bohaire;24;41;0;0;0;0;0;0;0;0;0;0;0;0;0;0;0;0;0;0;0;0;0;0;0;0;0;0;0;0;1;0;0;0;0;0;0;0;0
41204;Saint-Claude-de-Diray;24;41;0;0;0;0;0;0;0;0;0;0;0;0;0;0;0;1;0;1;0;0;1;0;0;0;1;4;4;1;1;0;2;0;0;1;0;0;1
41205;Saint-Cyr-du-Gault;24;41;0;0;0;0;0;0;0;0;0;0;0;0;0;0;0;0;0;0;0;1;0;0;0;0;1;0;0;0;0;0;0;0;0;0;0;0;0
41206;Saint-Denis-sur-Loire;24;41;0;0;0;0;0;0;0;0;0;0;0;0;0;0;0;0;0;0;0;0;6;0;1;0;0;3;2;0;3;0;1;0;0;0;1;0;0
41207;Saint-Dyé-sur-Loire;24;41;0;0;0;0;0;0;0;0;0;0;0;0;0;0;0;0;0;0;0;1;1;0;0;0;0;2;1;0;5;0;2;0;0;2;0;0;0
41208;Saint-Étienne-des-Guérets;24;41;0;0;0;0;0;0;0;0;0;0;0;0;0;0;0;0;0;0;0;0;0;0;0;0;1;0;0;0;0;0;0;0;0;0;0;0;0
41209;Saint-Firmin-des-Prés;24;41;0;0;0;0;0;0;0;0;0;0;0;0;0;0;0;0;0;0;0;0;0;0;0;1;2;0;3;0;0;0;1;0;0;0;2;0;0
41210;Sainte-Gemmes;24;41;0;0;0;0;0;0;0;0;0;0;0;0;0;0;0;0;0;0;0;0;0;0;0;0;0;0;1;0;1;0;0;0;0;0;0;0;0
41211;Saint-Georges-sur-Cher;24;41;0;0;0;0;0;0;0;0;0;0;0;0;0;0;0;1;1;1;0;0;3;0;0;1;4;3;9;1;2;0;7;0;0;2;2;0;2
41212;Saint-Gervais-la-Forêt;24;41;0;0;0;0;0;0;0;0;0;0;0;0;0;0;0;5;3;1;0;0;10;2;0;1;4;5;4;5;2;1;4;2;0;10;2;0;4
41213;Saint-Gourgon;24;41;0;0;0;0;0;0;0;0;0;0;0;0;0;0;0;0;0;0;0;0;1;0;0;0;0;0;0;0;0;0;0;0;0;0;0;0;0
41214;Saint-Hilaire-la-Gravelle;24;41;0;0;0;0;0;0;0;0;0;0;0;0;0;0;0;0;0;0;0;0;1;0;0;0;0;0;1;0;0;1;1;0;0;2;0;0;0
41215;Saint-Jacques-des-Guérets;24;41;0;0;0;0;0;0;0;0;0;0;0;0;0;0;0;0;0;0;0;0;0;0;0;0;0;0;2;0;0;0;0;0;0;0;0;0;0
41216;Saint-Jean-Froidmentel;24;41;0;0;0;0;0;0;0;0;0;0;0;0;0;0;0;0;0;0;0;0;0;0;0;0;0;0;1;0;0;0;0;0;0;0;0;0;0
41217;Saint-Julien-de-Chédon;24;41;0;0;0;0;0;0;0;0;0;0;0;0;0;0;0;0;0;0;0;0;1;0;0;0;0;1;2;5;1;0;0;0;0;1;1;0;0
41218;Saint-Julien-sur-Cher;24;41;0;0;0;0;0;0;0;0;0;0;0;0;0;0;0;0;0;0;0;0;2;0;0;0;1;1;2;0;1;0;0;0;0;1;0;0;0
41219;Saint-Laurent-des-Bois;24;41;0;0;0;0;0;0;0;0;0;0;0;0;0;0;0;0;0;0;0;0;0;0;0;0;1;1;0;0;1;0;0;0;0;0;0;0;0
41220;Saint-Laurent-Nouan;24;41;0;0;0;0;0;0;0;0;0;0;0;0;0;0;0;1;1;1;1;0;8;1;0;1;2;9;4;6;3;2;4;1;0;8;2;0;2
41221;Saint-Léonard-en-Beauce;24;41;0;0;0;0;0;0;0;0;0;0;0;0;0;0;0;0;0;0;0;0;2;0;0;0;2;2;1;4;1;0;1;0;0;0;0;0;1
41222;Saint-Loup;24;41;0;0;0;0;0;0;0;0;0;0;0;0;0;0;0;0;0;0;0;0;0;0;0;0;1;2;1;1;0;0;0;0;0;1;0;0;0
41223;Saint-Lubin-en-Vergonnois;24;41;0;0;0;0;0;0;0;0;0;0;0;0;0;0;0;0;0;0;0;1;1;0;0;0;1;0;1;0;0;0;0;0;0;0;0;0;0
41224;Saint-Marc-du-Cor;24;41;0;0;0;0;0;0;0;0;0;0;0;0;0;0;0;0;0;0;0;0;0;0;0;0;0;0;0;0;0;0;1;0;0;0;0;0;0
41225;Saint-Martin-des-Bois;24;41;0;0;0;0;0;0;0;0;0;0;0;0;0;0;0;0;0;0;0;1;2;0;0;0;0;0;2;1;1;0;1;0;0;1;2;0;0
41226;Saint-Ouen;24;41;0;0;0;0;0;0;0;0;0;0;0;0;0;0;0;0;0;1;0;0;6;2;1;0;6;1;2;3;4;0;2;1;0;5;2;0;3
41228;Saint-Rimay;24;41;0;0;0;0;0;0;0;0;0;0;0;0;0;0;0;0;0;0;0;0;0;0;0;0;1;0;1;0;0;0;0;0;0;0;0;0;0
41229;Saint-Romain-sur-Cher;24;41;0;0;0;0;0;0;0;0;0;0;0;0;0;0;0;0;0;1;0;0;2;0;0;0;0;3;1;1;3;1;2;0;0;1;0;0;1
41230;Saint-Sulpice-de-Pommeray;24;41;0;0;0;0;0;0;0;0;0;0;0;0;0;0;0;0;0;0;1;0;6;0;1;0;3;4;3;4;1;1;1;0;0;1;1;0;2
41231;Saint-Viâtre;24;41;0;0;0;0;0;0;0;0;0;0;0;0;0;0;0;1;0;0;0;1;1;0;0;0;4;1;1;4;1;0;1;0;0;2;3;0;0
41232;Salbris;24;41;0;1;0;0;0;0;0;0;0;0;1;0;0;0;0;4;2;1;0;0;12;2;0;3;8;7;7;5;6;3;6;4;0;18;5;1;2
41233;Sambin;24;41;0;0;0;0;0;0;0;0;0;0;0;0;0;0;0;0;0;0;1;0;2;0;0;0;0;1;1;2;1;0;2;0;0;1;0;0;0
41234;Santenay;24;41;0;0;0;0;0;0;0;0;0;0;0;0;0;0;0;0;0;0;0;0;0;0;0;1;2;0;1;0;1;0;0;1;0;1;0;0;0
41235;Sargé-sur-Braye;24;41;0;0;0;0;0;0;0;0;0;0;0;0;0;0;0;0;0;0;0;1;0;0;0;0;1;1;0;0;1;0;1;0;0;2;0;0;2
41236;Sasnières;24;41;0;0;0;0;0;0;0;0;0;0;0;0;0;0;0;0;0;0;0;0;0;0;0;0;0;1;0;0;0;0;0;0;0;0;0;0;0
41237;Sassay;24;41;0;0;0;0;0;0;0;0;0;0;0;0;0;0;0;0;0;0;0;0;0;0;0;0;1;0;1;5;0;0;1;0;0;1;0;0;0
41238;Savigny-sur-Braye;24;41;0;1;0;0;0;0;0;0;0;0;0;0;0;0;0;1;0;1;0;0;3;0;0;0;3;4;5;1;0;0;3;3;0;3;2;0;0
41239;Seigy;24;41;0;0;0;0;0;0;0;0;0;0;0;0;0;0;0;0;0;0;0;0;2;0;0;0;3;2;1;1;3;0;0;1;0;1;1;0;0
41240;Seillac;24;41;0;0;0;0;0;0;0;0;0;0;0;0;0;0;0;0;0;0;0;0;0;0;0;0;0;0;0;0;0;0;0;0;0;0;0;0;0
41241;Selles-Saint-Denis;24;41;0;0;0;0;0;0;0;0;0;0;0;0;0;0;0;1;0;0;0;1;3;0;1;0;2;4;0;3;2;0;3;0;0;1;0;0;0
41242;Selles-sur-Cher;24;41;0;1;0;0;0;0;0;0;0;0;1;0;0;0;0;3;2;1;0;0;6;1;0;1;6;8;7;4;2;1;8;1;0;7;3;1;1
41243;Selommes;24;41;0;1;0;0;0;0;0;0;0;0;0;0;0;0;0;1;0;0;0;1;1;0;0;0;0;2;0;1;1;0;1;0;0;0;0;0;0
41245;Séris;24;41;0;0;0;0;0;0;0;0;0;0;0;0;0;0;0;0;0;0;0;1;1;0;0;0;1;0;0;0;1;0;0;0;0;0;3;0;0
41246;Seur;24;41;0;0;0;0;0;0;0;0;0;0;0;0;0;0;0;0;0;0;0;0;1;0;0;0;1;0;0;0;0;0;0;0;0;0;0;0;0
41247;Soings-en-Sologne;24;41;0;0;0;0;0;0;0;0;0;0;0;0;0;0;0;1;0;0;1;0;5;0;0;0;3;4;3;2;2;0;4;0;0;2;2;0;1
41248;Souday;24;41;0;0;0;0;0;0;0;0;0;0;0;0;0;0;0;1;0;0;1;0;1;0;0;0;1;0;2;0;1;0;1;0;0;1;0;0;0
41249;Souesmes;24;41;0;0;0;0;0;0;0;0;0;0;0;0;0;0;0;1;0;1;0;0;2;0;0;0;1;3;3;3;0;1;1;0;0;1;0;0;0
41250;Sougé;24;41;0;0;0;0;0;0;0;0;0;0;0;0;0;0;0;0;0;0;0;1;2;0;0;0;1;0;3;1;0;0;1;0;0;1;0;0;0
41251;Souvigny-en-Sologne;24;41;0;0;0;0;0;0;0;0;0;0;0;0;0;0;0;0;0;0;0;1;1;0;0;0;0;0;0;1;1;0;1;0;0;2;0;0;0
41252;Suèvres;24;41;0;0;0;0;0;0;0;0;0;0;0;0;0;0;0;0;0;0;0;1;3;0;0;0;2;5;2;4;1;0;1;0;0;0;0;0;0
41253;Talcy;24;41;0;0;0;0;0;0;0;0;0;0;0;0;0;0;0;0;0;0;1;0;1;0;0;0;0;1;0;0;0;0;0;0;0;1;0;0;0
41254;Le Temple;24;41;0;0;0;0;0;0;0;0;0;0;0;0;0;0;0;0;0;0;0;0;0;0;0;0;0;0;0;0;0;0;0;0;0;0;0;0;0
41255;Ternay;24;41;0;0;0;0;0;0;0;0;0;0;0;0;0;0;0;0;0;0;1;0;1;0;0;0;1;0;1;0;1;0;0;0;0;1;1;0;0
41256;Theillay;24;41;0;0;0;0;0;0;0;0;0;0;0;0;0;0;0;2;0;0;0;1;3;0;0;0;2;2;1;7;2;2;3;0;0;2;0;0;1
41257;Thenay;24;41;0;0;0;0;0;0;0;0;0;0;0;0;0;0;0;0;0;0;0;1;1;0;0;0;3;1;2;1;0;1;1;0;0;2;0;0;0
41258;Thésée;24;41;0;0;0;0;0;0;0;0;0;0;0;0;0;0;0;0;0;0;0;1;0;0;0;0;2;2;0;2;1;0;1;0;0;0;0;0;0
41259;Thoré-la-Rochette;24;41;0;0;0;0;0;0;0;0;0;0;0;0;0;0;0;1;0;1;0;0;1;0;0;0;2;3;0;2;0;0;1;0;0;0;0;0;0
41260;Thoury;24;41;0;0;0;0;0;0;0;0;0;0;0;0;0;0;0;0;0;0;0;0;0;0;0;0;0;1;1;2;0;0;0;0;0;2;0;0;0
41261;Tourailles;24;41;0;0;0;0;0;0;0;0;0;0;0;0;0;0;0;1;0;0;0;0;0;0;0;0;0;1;0;1;1;0;0;0;0;0;0;0;0
41262;Tour-en-Sologne;24;41;0;0;0;0;0;0;0;0;0;0;0;0;0;0;0;0;0;0;0;0;1;0;0;0;0;1;1;1;1;0;2;0;0;2;0;0;1
41263;Tréhet;24;41;0;0;0;0;0;0;0;0;0;0;0;0;0;0;0;0;0;0;0;0;0;0;0;0;0;0;0;1;0;0;0;0;0;0;0;0;0
41265;Troo;24;41;0;0;0;0;0;0;0;0;0;0;0;0;0;0;0;0;0;0;0;1;0;0;0;0;0;0;0;0;0;0;0;0;0;4;0;0;0
41266;Valaire;24;41;0;0;0;0;0;0;0;0;0;0;0;0;0;0;0;0;0;0;0;0;0;0;0;0;0;0;1;0;0;0;0;0;0;1;0;0;0
41267;Vallières-les-Grandes;24;41;0;0;0;0;0;0;0;0;0;0;0;0;0;0;0;0;0;0;1;0;2;0;0;0;0;1;2;1;1;0;0;0;0;3;0;0;0
41268;Veilleins;24;41;0;0;0;0;0;0;0;0;0;0;0;0;0;0;0;0;0;0;0;0;0;0;0;0;0;0;1;0;0;0;0;0;0;0;2;0;0
41269;Vendôme;24;41;1;0;0;0;0;0;0;0;0;0;5;1;0;0;0;11;2;2;0;0;20;3;0;6;26;18;12;8;11;13;25;3;5;49;18;5;9
41271;Vernou-en-Sologne;24;41;0;0;0;0;0;0;0;0;0;0;0;0;0;0;0;1;0;0;0;1;4;0;0;0;2;0;0;0;0;0;1;0;0;1;0;0;0
41272;Veuves;24;41;0;0;0;0;0;0;0;0;0;0;0;0;0;0;0;0;0;0;0;0;0;0;0;0;0;0;0;1;0;0;0;0;0;1;0;1;0
41273;Vievy-le-Rayé;24;41;0;0;0;0;0;0;0;0;0;0;0;0;0;0;0;0;0;0;0;0;0;0;0;0;1;0;0;0;0;0;0;0;0;1;0;0;0
41274;Villavard;24;41;0;0;0;0;0;0;0;0;0;0;0;0;0;0;0;0;0;0;0;0;0;0;0;0;0;0;0;2;0;0;0;0;0;0;0;0;0
41275;La Ville-aux-Clercs;24;41;0;0;0;0;0;0;0;0;0;0;0;0;0;0;0;1;0;1;0;0;4;0;0;0;0;2;2;1;0;1;2;2;0;1;0;0;1
41276;Villebarou;24;41;0;0;0;0;0;0;0;0;0;0;0;0;0;0;0;2;0;0;0;1;4;1;1;2;1;2;4;3;1;1;6;0;0;2;1;1;2
41277;Villebout;24;41;0;0;0;0;0;0;0;0;0;0;0;0;0;0;0;0;0;0;0;0;0;0;0;0;0;0;0;0;0;0;0;0;0;0;0;0;0
41278;Villechauve;24;41;0;0;0;0;0;0;0;0;0;0;0;0;0;0;0;0;0;0;0;1;0;0;0;0;0;0;2;0;1;0;0;0;0;0;0;0;0
41279;Villedieu-le-Château;24;41;0;0;0;0;0;0;0;0;0;0;0;0;0;0;0;1;0;0;1;0;0;0;0;0;1;2;1;2;0;0;0;0;0;0;0;0;0
41280;Villefranche-sur-Cher;24;41;0;0;0;0;0;0;0;0;0;0;0;0;0;0;0;1;0;1;0;0;10;0;0;0;8;5;6;1;5;1;2;0;0;2;1;0;1
41281;Villefrancoeur;24;41;0;0;0;0;0;0;0;0;0;0;0;0;0;0;0;0;0;0;0;0;1;0;0;2;1;0;2;0;2;0;0;0;0;1;0;0;0
41282;Villeherviers;24;41;0;0;0;0;0;0;0;0;0;0;0;0;0;0;0;0;0;0;0;0;3;0;0;0;0;1;0;1;0;0;0;0;0;1;0;0;0
41283;Villemardy;24;41;0;0;0;0;0;0;0;0;0;0;0;0;0;0;0;0;0;0;0;0;0;0;0;0;0;0;0;1;0;0;0;0;0;0;0;0;0
41284;Villeneuve-Frouville;24;41;0;0;0;0;0;0;0;0;0;0;0;0;0;0;0;0;0;0;0;0;0;0;0;0;1;1;0;0;0;0;0;0;0;0;0;0;0
41285;Villeny;24;41;0;0;0;0;0;0;0;0;0;0;0;0;0;0;0;0;0;0;1;0;0;0;0;0;1;0;0;3;2;1;0;0;0;1;0;0;0
41286;Villeporcher;24;41;0;0;0;0;0;0;0;0;0;0;0;0;0;0;0;0;0;0;0;0;0;0;0;0;0;0;1;0;0;0;0;0;0;0;0;0;0
41287;Villerable;24;41;0;0;0;0;0;0;0;0;0;0;0;0;0;0;0;0;0;0;0;0;2;0;0;0;0;1;2;1;0;0;0;0;0;2;0;0;0
41288;Villerbon;24;41;0;0;0;0;0;0;0;0;0;0;0;0;0;0;0;0;0;0;0;0;0;0;0;0;1;3;2;0;0;0;0;0;0;2;0;0;0
41289;Villermain;24;41;0;0;0;0;0;0;0;0;0;0;0;0;0;0;0;0;0;0;0;0;0;0;0;0;0;0;0;0;0;0;0;0;0;0;0;0;0
41290;Villeromain;24;41;0;0;0;0;0;0;0;0;0;0;0;0;0;0;0;0;0;0;0;0;1;0;0;0;0;1;0;2;0;0;0;0;0;1;0;0;0
41291;Villetrun;24;41;0;0;0;0;0;0;0;0;0;0;0;0;0;0;0;0;0;0;0;0;2;0;0;0;0;0;0;0;0;0;1;0;0;0;0;0;0
41292;Villexanton;24;41;0;0;0;0;0;0;0;0;0;0;0;0;0;0;0;0;0;0;0;0;0;0;0;0;0;0;1;1;0;0;0;0;0;0;0;0;0
41293;Villiersfaux;24;41;0;0;0;0;0;0;0;0;0;0;0;0;0;0;0;0;0;0;0;0;0;0;0;0;1;0;0;1;0;0;0;0;0;0;0;0;0
41294;Villiers-sur-Loir;24;41;0;0;0;0;0;0;0;0;0;0;0;0;0;0;0;1;0;1;0;0;1;0;0;0;2;2;1;1;2;1;1;0;0;1;0;0;0
41295;Vineuil;24;41;0;0;0;0;0;0;0;0;0;0;0;0;0;0;0;5;2;1;0;1;13;0;0;5;6;9;6;4;10;3;9;0;0;9;5;1;2
41296;Vouzon;24;41;0;0;0;0;0;0;0;0;0;0;0;0;0;0;0;0;0;0;1;0;2;0;0;0;1;3;2;4;1;0;3;0;0;2;0;0;0
41297;Yvoy-le-Marron;24;41;0;0;0;0;0;0;0;0;0;0;0;0;0;0;0;0;0;0;1;0;1;0;0;0;0;1;2;1;1;0;1;0;0;0;0;0;0
42001;Aboën;84;42;0;0;0;0;0;0;0;0;0;0;0;0;0;0;0;0;0;0;0;0;2;0;0;0;3;1;2;1;2;0;0;0;0;1;0;0;1
42002;Ailleux;84;42;0;0;0;0;0;0;0;0;0;0;0;0;0;0;0;0;0;0;0;0;0;0;0;0;0;0;0;0;0;0;0;0;0;0;0;0;0
42003;Ambierle;84;42;0;0;0;0;0;0;0;0;0;0;0;0;0;0;0;0;1;1;0;0;2;0;0;2;4;3;4;3;2;0;2;0;0;4;1;0;0
42004;Amions;84;42;0;0;0;0;0;0;0;0;0;0;0;0;0;0;0;0;0;0;0;0;2;0;0;0;1;0;1;2;1;0;0;0;0;1;0;0;0
42005;Andrézieux-Bouthéon;84;42;0;1;0;0;0;0;0;0;0;0;0;1;0;0;0;13;1;1;0;2;21;3;3;3;16;36;12;24;23;6;17;1;12;36;14;2;14
42006;Apinac;84;42;0;0;0;0;0;0;0;0;0;0;0;0;0;0;0;0;0;0;0;1;0;0;0;0;0;1;2;0;1;0;0;0;0;0;0;0;0
42007;Arcinges;84;42;0;0;0;0;0;0;0;0;0;0;0;0;0;0;0;0;0;0;0;0;0;0;0;0;0;0;1;0;0;0;0;1;0;0;0;0;0
42008;Arcon;84;42;0;0;0;0;0;0;0;0;0;0;0;0;0;0;0;0;0;0;0;0;0;0;0;0;0;0;0;0;0;0;0;0;0;1;0;0;0
42009;Arthun;84;42;0;0;0;0;0;0;0;0;0;0;0;0;0;0;0;0;0;0;0;0;0;0;0;0;0;0;2;1;1;0;0;0;0;0;0;0;0
42010;Aveizieux;84;42;0;0;0;0;0;0;0;0;0;0;0;0;0;0;0;0;0;0;0;1;2;0;0;0;3;5;4;2;0;0;1;0;0;3;1;0;1
42011;Balbigny;84;42;0;1;0;0;0;0;0;0;0;0;1;0;0;0;0;2;2;1;0;0;9;1;0;3;6;5;5;5;5;1;6;0;0;7;5;1;3
42012;Bard;84;42;0;0;0;0;0;0;0;0;0;0;0;0;0;0;0;0;0;0;0;0;0;0;0;0;1;1;0;0;3;0;0;0;0;1;1;0;0
42013;Bellegarde-en-Forez;84;42;0;0;0;0;0;0;0;0;0;0;0;0;0;0;0;1;0;0;1;0;4;0;0;1;2;5;6;2;2;0;4;0;0;2;0;0;1
42014;Belleroche;84;42;0;0;0;0;0;0;0;0;0;0;0;0;0;0;0;0;0;0;0;1;0;0;0;0;3;0;2;0;2;1;0;0;0;1;0;0;0
42015;Belmont-de-la-Loire;84;42;0;1;0;0;0;0;0;0;0;0;0;0;0;0;0;2;0;1;0;0;3;0;0;0;2;7;3;3;1;1;2;0;0;4;0;0;0
42016;La Bénisson-Dieu;84;42;0;0;0;0;0;0;0;0;0;0;0;0;0;0;0;0;0;0;0;0;1;0;0;0;0;1;1;0;2;0;0;0;0;1;0;0;0
42017;Le Bessat;84;42;0;0;0;0;0;0;0;0;0;0;0;0;0;0;0;0;0;0;0;1;0;0;0;0;0;0;0;0;0;0;0;0;0;3;0;0;0
42018;Bessey;84;42;0;0;0;0;0;0;0;0;0;0;0;0;0;0;0;0;0;0;0;0;0;0;0;0;1;0;3;0;1;0;0;0;0;3;0;0;0
42019;Boën-sur-Lignon;84;42;0;1;0;0;0;0;0;0;0;0;1;0;0;0;0;5;4;1;0;0;9;2;0;3;6;7;7;8;2;2;9;3;0;10;2;1;2
42020;Boisset-lès-Montrond;84;42;0;0;0;0;0;0;0;0;0;0;0;0;0;0;0;0;0;0;0;0;2;0;0;0;2;2;4;1;0;1;1;0;0;2;0;0;2
42021;Boisset-Saint-Priest;84;42;0;0;0;0;0;0;0;0;0;0;0;0;0;0;0;0;0;0;0;0;1;0;0;0;1;4;1;6;4;0;2;0;0;2;0;0;0
42022;Bonson;84;42;0;0;0;0;0;0;0;0;0;0;0;0;0;0;0;1;1;1;0;0;8;1;0;1;9;9;7;2;3;0;7;0;0;6;2;0;4
42023;Bourg-Argental;84;42;0;1;0;0;0;0;0;0;0;0;1;0;0;0;0;2;3;1;0;0;6;1;0;3;3;1;4;3;0;0;6;1;0;8;2;0;2
42025;Boyer;84;42;0;0;0;0;0;0;0;0;0;0;0;0;0;0;0;0;0;0;0;0;0;0;0;0;1;1;0;0;0;0;0;0;0;0;0;0;0
42026;Briennon;84;42;0;0;0;0;0;0;0;0;0;0;0;0;0;0;0;1;0;0;0;1;0;0;0;0;3;3;8;1;1;0;1;0;0;3;1;0;0
42027;Bully;84;42;0;0;0;0;0;0;0;0;0;0;0;0;0;0;0;0;0;0;1;0;0;0;0;0;0;0;1;0;0;1;1;0;0;2;0;0;0
42028;Burdignes;84;42;0;0;0;0;0;0;0;0;0;0;0;0;0;0;0;0;0;0;0;0;1;0;0;0;2;2;3;1;1;0;1;0;0;1;0;0;0
42029;Bussières;84;42;0;0;0;0;0;0;0;0;0;0;0;0;0;0;0;1;0;1;0;0;3;0;0;0;2;1;8;3;2;0;2;0;0;1;0;0;0
42030;Bussy-Albieux;84;42;0;0;0;0;0;0;0;0;0;0;0;0;0;0;0;0;0;0;0;0;2;0;0;0;1;0;1;0;0;1;1;0;0;2;0;0;0
42031;Caloire;84;42;0;0;0;0;0;0;0;0;0;0;0;0;0;0;0;0;0;0;0;0;0;0;0;0;2;1;1;1;0;0;0;0;0;3;0;0;0
42032;Cellieu;84;42;0;0;0;0;0;0;0;0;0;0;0;0;0;0;0;0;0;0;1;0;3;0;0;1;4;2;4;3;4;0;2;0;0;0;0;0;2
42033;Le Cergne;84;42;0;0;0;0;0;0;0;0;0;0;0;0;0;0;0;0;0;0;0;1;4;0;0;0;3;1;3;1;0;1;2;0;0;1;0;0;2
42034;Cervières;84;42;0;0;0;0;0;0;0;0;0;0;0;0;0;0;0;0;0;0;0;0;0;0;0;0;1;0;0;0;0;0;0;0;0;0;1;0;0
42035;Cezay;84;42;0;0;0;0;0;0;0;0;0;0;0;0;0;0;0;0;0;0;0;0;0;0;0;0;1;1;0;0;0;0;0;0;0;0;0;0;0
42036;Chagnon;84;42;0;0;0;0;0;0;0;0;0;0;0;0;0;0;0;0;0;0;0;0;0;0;0;0;1;2;0;0;0;0;0;0;0;0;0;0;0
42037;Chalain-d'Uzore;84;42;0;0;0;0;0;0;0;0;0;0;0;0;0;0;0;0;0;0;0;0;3;0;0;0;0;0;2;3;0;0;0;0;0;0;0;0;0
42038;Chalain-le-Comtal;84;42;0;0;0;0;0;0;0;0;0;0;0;0;0;0;0;0;0;0;0;0;0;0;0;0;1;2;2;1;1;0;1;1;0;1;0;0;0
42039;Chalmazel-Jeansagnière;84;42;0;0;0;0;0;0;0;0;0;0;0;0;0;0;0;0;0;0;0;1;1;0;0;0;2;0;1;0;1;0;0;0;0;5;0;0;0
42040;La Chamba;84;42;0;0;0;0;0;0;0;0;0;0;0;0;0;0;0;0;0;0;0;0;0;0;0;0;0;0;0;0;0;1;0;0;0;0;0;0;0
42041;Chambéon;84;42;0;0;0;0;0;0;0;0;0;0;0;0;0;0;0;0;0;0;0;0;0;0;0;0;3;0;1;2;0;0;1;0;0;1;0;0;0
42042;Chambles;84;42;0;0;0;0;0;0;0;0;0;0;0;0;0;0;0;0;0;0;0;0;1;0;0;0;2;0;2;1;3;1;0;0;0;4;0;0;1
42043;Chamboeuf;84;42;0;0;0;0;0;0;0;0;0;0;0;0;0;0;0;0;0;0;0;0;4;0;0;0;1;1;3;0;4;0;2;0;0;2;0;0;2
42044;Le Chambon-Feugerolles;84;42;1;0;0;0;0;0;0;0;0;0;1;0;0;0;0;7;2;1;0;0;35;1;0;2;20;16;9;14;21;2;14;1;0;17;6;2;5
42045;La Chambonie;84;42;0;0;0;0;0;0;0;0;0;0;0;0;0;0;0;0;0;0;0;0;0;0;0;0;0;0;0;0;0;0;0;0;0;0;0;0;0
42046;Champdieu;84;42;0;0;0;0;0;0;0;0;0;0;0;0;0;0;0;0;0;0;1;0;7;0;0;0;5;3;7;4;1;1;2;0;0;2;2;0;2
42047;Champoly;84;42;0;0;0;0;0;0;0;0;0;0;0;0;0;0;0;0;0;0;0;1;1;0;0;0;0;0;2;0;1;0;0;0;0;0;0;0;0
42048;Chandon;84;42;0;0;0;0;0;0;0;0;0;0;0;0;0;0;0;0;0;0;0;0;1;0;0;0;3;2;2;0;3;1;1;0;0;0;0;0;2
42049;Changy;84;42;0;0;0;0;0;0;0;0;0;0;0;0;0;0;0;0;0;0;0;0;1;0;0;0;3;5;1;0;1;1;1;0;0;0;0;0;0
42050;La Chapelle-en-Lafaye;84;42;0;0;0;0;0;0;0;0;0;0;0;0;0;0;0;0;0;0;0;0;0;0;0;0;1;0;1;0;0;0;0;0;0;1;0;0;0
42051;La Chapelle-Villars;84;42;0;0;0;0;0;0;0;0;0;0;0;0;0;0;0;0;0;0;0;0;1;0;0;0;4;1;1;1;2;1;0;0;0;1;0;0;1
42052;Charlieu;84;42;0;1;0;0;0;0;0;0;0;0;1;1;1;0;0;8;1;1;0;0;10;1;1;3;9;4;7;10;4;1;15;2;1;20;7;1;5
42053;Châteauneuf;84;42;0;0;0;0;0;0;0;0;0;0;0;0;0;0;0;0;0;0;0;0;4;0;0;0;4;5;3;4;2;0;0;0;0;1;0;0;0
42054;Châtelneuf;84;42;0;0;0;0;0;0;0;0;0;0;0;0;0;0;0;0;0;0;0;0;2;0;0;0;0;0;2;1;1;0;0;0;0;0;0;0;0
42055;Châtelus;84;42;0;0;0;0;0;0;0;0;0;0;0;0;0;0;0;0;0;0;0;0;0;0;0;0;1;2;1;1;0;0;0;0;0;1;0;0;1
42056;Chavanay;84;42;0;0;0;0;0;0;0;0;0;0;0;1;0;0;0;2;1;1;0;0;7;0;0;2;9;7;11;2;8;0;6;0;0;10;4;2;2
42058;Chazelles-sur-Lavieu;84;42;0;0;0;0;0;0;0;0;0;0;0;0;0;0;0;0;0;0;0;0;0;0;0;0;0;0;3;0;0;0;0;0;0;0;2;0;1
42059;Chazelles-sur-Lyon;84;42;0;1;0;0;0;0;0;0;0;0;1;0;0;0;0;4;4;1;0;0;13;1;1;3;11;8;14;5;10;1;6;1;1;13;5;1;5
42060;Chenereilles;84;42;0;0;0;0;0;0;0;0;0;0;0;0;0;0;0;0;0;0;0;0;1;0;0;0;0;0;1;1;1;0;0;0;0;0;0;0;0
42061;Cherier;84;42;0;0;0;0;0;0;0;0;0;0;0;0;0;0;0;0;0;0;0;0;0;0;0;0;2;1;2;1;1;0;0;0;0;1;1;0;0
42062;Chevrières;84;42;0;0;0;0;0;0;0;0;0;0;0;0;0;0;0;0;0;0;0;1;1;0;0;0;2;2;4;1;3;0;3;0;0;0;0;0;1
42063;Chirassimont;84;42;0;0;0;0;0;0;0;0;0;0;0;0;0;0;0;0;0;0;0;1;0;0;0;0;2;0;1;0;0;0;1;0;0;0;0;0;0
42064;Chuyer;84;42;0;0;0;0;0;0;0;0;0;0;0;0;0;0;0;0;0;0;0;0;3;0;0;0;2;0;1;1;1;0;0;0;0;1;0;0;0
42065;Civens;84;42;0;0;0;0;0;0;0;0;0;0;0;0;0;0;0;0;0;0;0;0;9;1;0;0;1;3;3;0;2;1;1;0;0;2;2;1;0
42066;Cleppé;84;42;0;0;0;0;0;0;0;0;0;0;0;0;0;0;0;0;0;0;0;0;3;0;0;0;0;0;0;2;1;0;1;0;0;2;1;0;1
42067;Colombier;84;42;0;0;0;0;0;0;0;0;0;0;0;0;0;0;0;0;0;0;0;0;0;0;0;0;0;0;0;0;0;0;0;0;0;2;0;0;0
42068;Combre;84;42;0;0;0;0;0;0;0;0;0;0;0;0;0;0;0;0;0;0;0;0;0;0;0;0;1;1;1;1;0;0;1;0;0;1;0;0;0
42069;Commelle-Vernay;84;42;0;0;0;0;0;0;0;0;0;0;0;0;0;0;0;0;0;0;0;0;7;0;0;0;6;5;6;6;3;0;4;0;0;4;2;0;4
42070;Cordelle;84;42;0;0;0;0;0;0;0;0;0;0;0;0;0;0;0;0;0;0;0;1;3;0;0;0;2;2;0;2;0;0;2;1;0;1;1;0;0
42071;Le Coteau;84;42;0;0;0;0;0;0;0;0;0;0;0;0;0;0;0;7;1;1;0;0;17;2;1;2;2;11;10;12;7;0;19;1;0;21;6;1;6
42072;La Côte-en-Couzan;84;42;0;0;0;0;0;0;0;0;0;0;0;0;0;0;0;0;0;0;0;0;1;0;0;0;0;0;0;0;0;0;0;0;0;0;0;0;0
42073;Cottance;84;42;0;0;0;0;0;0;0;0;0;0;0;0;0;0;0;0;0;0;0;1;5;0;0;0;1;2;3;0;1;0;2;0;0;1;0;0;0
42074;Coutouvre;84;42;0;0;0;0;0;0;0;0;0;0;0;0;0;0;0;1;0;0;0;1;2;0;0;0;0;3;4;4;4;0;1;0;0;0;1;0;0
42075;Craintilleux;84;42;0;0;0;0;0;0;0;0;0;0;0;0;0;0;0;0;0;0;0;0;0;0;0;0;3;1;0;4;0;0;1;0;0;3;3;0;0
42076;Cremeaux;84;42;0;0;0;0;0;0;0;0;0;0;0;0;0;0;0;2;0;0;0;1;4;0;0;0;1;2;4;1;2;0;3;0;0;2;0;0;1
42077;Croizet-sur-Gand;84;42;0;0;0;0;0;0;0;0;0;0;0;0;0;0;0;0;0;0;0;0;0;0;0;0;0;0;0;1;0;0;0;0;0;1;0;0;1
42078;Le Crozet;84;42;0;0;0;0;0;0;0;0;0;0;0;0;0;0;0;0;0;0;0;0;0;0;0;0;0;0;2;0;0;0;0;0;0;1;0;0;0
42079;Cuinzier;84;42;0;0;0;0;0;0;0;0;0;0;0;0;0;0;0;0;0;1;0;0;4;0;0;0;1;2;3;2;0;1;1;0;0;4;0;0;1
42081;Cuzieu;84;42;0;0;0;0;0;0;0;0;0;0;0;0;0;0;0;0;0;0;0;0;0;0;0;0;4;1;5;3;2;0;3;1;0;4;1;0;2
42082;Dancé;84;42;0;0;0;0;0;0;0;0;0;0;0;0;0;0;0;0;0;0;0;0;0;0;0;0;1;0;0;0;0;0;0;0;0;0;0;0;0
42083;Dargoire;84;42;0;0;0;0;0;0;0;0;0;0;0;0;0;0;0;0;0;0;0;0;2;0;0;0;1;1;2;0;1;0;3;0;0;0;1;0;0
42084;Débats-Rivière-d'Orpra;84;42;0;0;0;0;0;0;0;0;0;0;0;0;0;0;0;0;0;0;0;0;0;0;0;0;0;0;1;0;0;0;0;0;0;0;0;0;0
42085;Doizieux;84;42;0;0;0;0;0;0;0;0;0;0;0;0;0;0;0;0;0;0;0;0;1;0;0;0;0;2;0;1;2;0;0;0;0;4;0;0;0
42086;Écoche;84;42;0;0;0;0;0;0;0;0;0;0;0;0;0;0;0;0;0;0;0;1;1;0;0;0;1;1;0;2;1;0;0;0;0;1;2;0;0
42087;Écotay-l'Olme;84;42;0;0;0;0;0;0;0;0;0;0;0;0;0;0;0;0;0;0;0;0;1;0;0;0;0;1;1;2;0;0;1;0;0;2;3;0;0
42088;Épercieux-Saint-Paul;84;42;0;0;0;0;0;0;0;0;0;0;0;0;0;0;0;0;0;0;0;0;5;0;0;0;0;2;4;4;0;0;3;1;0;3;0;0;0
42089;Essertines-en-Châtelneuf;84;42;0;0;0;0;0;0;0;0;0;0;0;0;0;0;0;0;0;0;0;0;1;0;0;0;2;1;2;2;0;0;0;0;0;0;0;0;0
42090;Essertines-en-Donzy;84;42;0;0;0;0;0;0;0;0;0;0;0;0;0;0;0;0;0;0;0;0;1;0;0;0;1;1;2;0;2;0;0;1;0;0;1;0;1
42091;Estivareilles;84;42;0;0;0;0;0;0;0;0;0;0;0;0;0;0;0;0;0;0;0;1;1;0;0;0;1;2;6;0;0;1;2;0;0;6;0;0;0
42092;L'Étrat;84;42;0;0;0;0;0;0;0;0;0;0;0;0;0;0;0;2;0;1;0;0;3;0;0;2;0;1;4;4;0;0;6;0;0;9;8;1;3
42093;Farnay;84;42;0;0;0;0;0;0;0;0;0;0;0;0;0;0;0;0;0;0;0;0;2;0;1;0;0;1;2;2;0;0;2;0;0;1;2;0;1
42094;Feurs;84;42;0;1;0;0;0;0;0;0;0;0;2;0;0;0;0;9;4;1;0;0;25;1;0;4;6;15;14;17;10;3;19;4;4;32;15;2;11
42095;Firminy;84;42;1;0;0;0;0;0;0;0;0;0;3;1;0;0;0;12;3;1;0;0;39;2;0;7;20;28;22;22;13;6;43;2;4;62;21;5;27
42096;Fontanès;84;42;0;0;0;0;0;0;0;0;0;0;0;0;0;0;0;1;0;0;0;0;3;0;0;0;0;0;0;1;1;0;1;1;0;0;0;0;1
42097;La Fouillouse;84;42;0;1;0;0;0;0;0;0;0;0;0;0;0;0;0;1;0;1;0;0;7;0;1;2;5;4;4;7;9;2;8;0;0;13;13;1;5
42098;Fourneaux;84;42;0;0;0;0;0;0;0;0;0;0;0;0;0;0;0;0;0;0;1;0;3;0;0;0;2;2;3;3;0;0;0;0;0;2;0;0;0
42099;Fraisses;84;42;0;0;0;0;0;0;0;0;0;0;0;0;0;0;0;1;0;1;0;0;12;1;0;1;6;9;4;9;8;0;3;0;0;3;3;0;1
42100;La Gimond;84;42;0;0;0;0;0;0;0;0;0;0;0;0;0;0;0;0;0;0;0;0;0;0;0;0;0;0;0;0;0;0;0;0;0;1;0;0;0
42101;Graix;84;42;0;0;0;0;0;0;0;0;0;0;0;0;0;0;0;0;0;0;0;0;0;0;0;0;1;0;0;0;0;0;0;0;0;1;0;0;0
42102;Grammond;84;42;0;0;0;0;0;0;0;0;0;0;0;0;0;0;0;0;0;0;0;1;1;0;0;0;2;2;4;2;1;0;2;0;0;2;0;0;0
42103;La Grand-Croix;84;42;0;0;0;0;0;0;0;0;0;0;0;0;0;0;0;2;2;1;0;0;8;1;1;2;3;12;2;9;5;2;9;0;0;7;2;0;2
42104;La Gresle;84;42;0;0;0;0;0;0;0;0;0;0;0;0;0;0;0;1;0;0;0;1;1;0;0;0;5;2;3;2;2;0;1;0;0;0;2;0;1
42105;Grézieux-le-Fromental;84;42;0;0;0;0;0;0;0;0;0;0;0;0;0;0;0;0;0;0;0;0;0;0;0;0;0;0;0;1;0;0;0;0;0;0;0;0;0
42106;Grézolles;84;42;0;0;0;0;0;0;0;0;0;0;0;0;0;0;0;0;0;0;0;0;2;0;0;0;0;0;1;1;0;0;0;0;0;1;0;0;0
42107;Gumières;84;42;0;0;0;0;0;0;0;0;0;0;0;0;0;0;0;0;0;0;0;0;1;0;0;0;0;1;3;0;0;0;0;0;0;1;0;0;0
42108;L'Hôpital-le-Grand;84;42;0;0;0;0;0;0;0;0;0;0;0;0;0;0;0;0;0;0;0;0;1;0;0;0;1;3;2;0;1;0;1;0;0;1;0;0;0
42109;L'Hôpital-sous-Rochefort;84;42;0;0;0;0;0;0;0;0;0;0;0;0;0;0;0;0;0;0;0;1;0;0;0;0;1;0;0;1;0;0;0;0;0;2;0;0;0
42110;L'Horme;84;42;0;0;0;0;0;0;0;0;0;0;0;0;0;0;0;2;0;1;0;0;11;1;1;0;4;7;6;8;5;1;13;3;0;8;0;1;1
42112;Jarnosse;84;42;0;0;0;0;0;0;0;0;0;0;0;0;0;0;0;0;0;0;1;0;1;0;0;0;0;0;0;0;2;0;0;0;0;1;0;0;1
42113;Jas;84;42;0;0;0;0;0;0;0;0;0;0;0;0;0;0;0;0;0;0;0;0;0;0;0;0;0;0;0;0;1;0;0;0;0;2;0;0;0
42115;Jonzieux;84;42;0;0;0;0;0;0;0;0;0;0;0;0;0;0;0;1;0;0;0;1;2;0;0;0;0;0;2;3;3;0;1;0;0;2;0;0;0
42116;Juré;84;42;0;0;0;0;0;0;0;0;0;0;0;0;0;0;0;0;0;0;0;1;1;0;0;0;0;0;3;0;0;1;0;0;0;2;0;0;0
42117;Lavieu;84;42;0;0;0;0;0;0;0;0;0;0;0;0;0;0;0;0;0;0;0;0;0;0;0;0;0;1;0;0;0;0;1;0;0;0;0;0;0
42118;Lay;84;42;0;0;0;0;0;0;0;0;0;0;0;0;0;0;0;0;0;0;0;1;0;0;0;0;2;2;0;0;1;1;0;0;0;0;0;0;0
42119;Leigneux;84;42;0;0;0;0;0;0;0;0;0;0;0;0;0;0;0;0;0;0;0;0;0;0;0;0;0;0;1;1;1;0;1;0;0;3;0;0;0
42120;Lentigny;84;42;0;0;0;0;0;0;0;0;0;0;0;0;0;0;0;0;0;0;0;1;2;0;0;0;1;0;1;2;4;1;2;1;0;2;0;0;2
42121;Lérigneux;84;42;0;0;0;0;0;0;0;0;0;0;0;0;0;0;0;0;0;0;0;0;0;0;0;0;0;0;2;0;0;0;0;0;0;0;0;0;0
42122;Lézigneux;84;42;0;0;0;0;0;0;0;0;0;0;0;0;0;0;0;0;0;0;0;0;0;0;0;0;3;4;7;4;2;0;2;1;0;1;2;0;0
42123;Lorette;84;42;0;0;0;0;0;0;0;0;0;0;0;0;0;0;0;0;0;1;0;0;9;1;0;1;5;15;3;5;4;0;7;0;0;9;3;0;4
42124;Lupé;84;42;0;0;0;0;0;0;0;0;0;0;0;0;0;0;0;0;0;0;0;0;1;0;0;0;1;0;1;0;1;0;0;0;0;1;1;0;1
42125;Luré;84;42;0;0;0;0;0;0;0;0;0;0;0;0;0;0;0;0;0;0;0;0;0;0;0;0;0;0;1;0;0;0;0;0;0;0;0;0;0
42126;Luriecq;84;42;0;0;0;0;0;0;0;0;0;0;0;0;0;0;0;0;0;0;0;0;5;0;0;0;4;3;4;1;2;1;1;0;0;2;1;0;2
42127;Mably;84;42;0;0;0;0;0;0;0;0;0;0;0;0;0;0;0;2;1;1;1;0;15;1;1;2;7;3;8;5;3;0;9;1;0;14;1;1;3
42128;Machézal;84;42;0;0;0;0;0;0;0;0;0;0;0;0;0;0;0;0;0;0;0;1;0;0;0;0;0;0;2;0;0;0;1;0;0;3;1;0;0
42129;Maclas;84;42;0;0;0;0;0;0;0;0;0;0;0;0;0;0;0;2;1;1;0;0;7;1;0;0;7;4;6;4;4;0;7;0;0;9;3;0;1
42130;Magneux-Haute-Rive;84;42;0;0;0;0;0;0;0;0;0;0;0;0;0;0;0;0;0;0;0;0;2;0;0;0;2;1;0;1;0;0;0;0;0;1;1;0;0
42131;Maizilly;84;42;0;0;0;0;0;0;0;0;0;0;0;0;0;0;0;0;0;0;0;0;1;0;0;0;0;0;0;0;0;0;0;0;0;1;0;0;0
42132;Malleval;84;42;0;0;0;0;0;0;0;0;0;0;0;0;0;0;0;0;0;0;0;1;2;0;0;0;0;1;3;0;0;1;0;0;0;0;1;0;1
42133;Marcenod;84;42;0;0;0;0;0;0;0;0;0;0;0;0;0;0;0;0;0;0;0;0;1;0;0;0;1;1;3;1;2;0;2;0;0;1;0;0;0
42134;Marcilly-le-Châtel;84;42;0;0;0;0;0;0;0;0;0;0;0;0;0;0;0;0;0;1;0;0;2;0;0;0;2;1;4;2;2;0;3;0;0;3;1;0;1
42135;Marclopt;84;42;0;0;0;0;0;0;0;0;0;0;0;0;0;0;0;0;0;0;0;0;1;0;0;0;2;2;1;1;0;0;0;0;0;1;0;0;0
42136;Marcoux;84;42;0;0;0;0;0;0;0;0;0;0;0;0;0;0;0;0;0;0;0;0;3;0;0;0;2;1;2;1;2;0;0;0;0;1;0;0;0
42137;Margerie-Chantagret;84;42;0;0;0;0;0;0;0;0;0;0;0;0;0;0;0;1;0;0;0;0;2;0;0;1;3;1;1;1;0;0;2;0;0;0;0;0;2
42138;Maringes;84;42;0;0;0;0;0;0;0;0;0;0;0;0;0;0;0;0;0;0;0;0;0;0;0;0;2;2;3;4;2;0;1;0;0;1;0;0;0
42139;Marlhes;84;42;0;0;0;0;0;0;0;0;0;0;0;0;0;0;0;1;0;1;0;0;2;0;0;0;2;3;3;3;2;0;2;1;0;3;0;0;0
42140;Marols;84;42;0;0;0;0;0;0;0;0;0;0;0;0;0;0;0;0;0;0;0;0;1;0;0;0;1;1;2;2;1;0;0;0;0;2;0;0;1
42141;Mars;84;42;0;0;0;0;0;0;0;0;0;0;0;0;0;0;0;0;0;0;0;0;1;0;0;0;1;0;0;1;3;0;0;0;0;1;0;0;0
42142;Merle-Leignec;84;42;0;0;0;0;0;0;0;0;0;0;0;0;0;0;0;0;0;0;0;0;0;0;0;0;2;2;2;0;0;0;0;1;0;1;0;0;0
42143;Mizérieux;84;42;0;0;0;0;0;0;0;0;0;0;0;0;0;0;0;0;0;0;0;0;1;0;0;0;1;1;0;1;0;0;0;0;0;2;0;0;1
42145;Montagny;84;42;0;0;0;0;0;0;0;0;0;0;0;0;0;0;0;1;0;0;1;0;2;0;0;0;0;5;2;1;0;0;2;0;0;2;0;0;0
42146;Montarcher;84;42;0;0;0;0;0;0;0;0;0;0;0;0;0;0;0;0;0;0;0;0;0;0;0;0;0;0;2;0;0;0;0;0;0;1;0;0;0
42147;Montbrison;84;42;1;1;0;0;1;1;0;0;0;0;5;1;0;0;0;13;2;1;0;2;24;1;0;6;16;23;16;18;16;6;33;1;5;58;24;5;20
42148;Montchal;84;42;0;0;0;0;0;0;0;0;0;0;0;0;0;0;0;0;0;0;1;0;1;0;0;0;0;1;3;0;0;0;1;0;0;1;0;0;1
42149;Montrond-les-Bains;84;42;0;1;0;0;0;0;0;0;0;0;0;0;1;0;0;7;2;1;0;0;10;1;0;3;5;12;4;7;9;0;12;3;0;18;11;2;6
42150;Montverdun;84;42;0;0;0;0;0;0;0;0;0;0;0;0;0;0;0;0;0;0;0;0;4;0;0;0;4;4;4;1;1;1;1;0;0;1;0;0;0
42151;Mornand-en-Forez;84;42;0;0;0;0;0;0;0;0;0;0;0;0;0;0;0;0;0;0;0;0;0;0;0;0;1;0;1;1;2;0;1;0;0;1;0;0;0
42152;Nandax;84;42;0;0;0;0;0;0;0;0;0;0;0;0;0;0;0;0;0;0;0;0;1;0;0;0;1;2;1;0;0;0;0;0;0;0;0;0;3
42153;Neaux;84;42;0;0;0;0;0;0;0;0;0;0;0;0;0;0;0;0;0;0;0;0;1;0;0;0;1;0;0;0;0;0;1;0;0;1;1;0;0
42154;Néronde;84;42;0;0;0;0;0;0;0;0;0;0;0;0;0;0;0;0;0;0;1;0;1;0;0;0;0;1;0;1;0;0;2;0;0;0;1;0;0
42155;Nervieux;84;42;0;0;0;0;0;0;0;0;0;0;0;0;0;0;0;0;0;0;0;1;1;0;0;0;2;3;0;1;1;0;1;0;0;1;1;0;1
42156;Neulise;84;42;0;0;0;0;0;0;0;0;0;0;0;0;0;0;0;1;0;1;0;0;5;0;0;0;2;2;3;3;1;1;2;0;0;3;0;0;1
42157;Noailly;84;42;0;0;0;0;0;0;0;0;0;0;0;0;0;0;0;0;0;0;0;0;3;0;0;0;1;2;1;1;2;1;1;0;0;2;0;0;1
42158;Les Noës;84;42;0;0;0;0;0;0;0;0;0;0;0;0;0;0;0;0;0;0;0;0;0;0;0;0;1;0;1;0;0;0;1;0;0;1;0;0;0
42159;Noirétable;84;42;0;1;0;0;0;0;0;0;0;0;1;0;0;0;0;2;2;1;0;0;5;1;0;1;1;2;4;4;3;0;4;1;0;3;1;0;1
42160;Nollieux;84;42;0;0;0;0;0;0;0;0;0;0;0;0;0;0;0;0;0;0;0;0;0;0;0;0;0;1;1;0;0;0;0;0;0;0;0;0;0
42161;Notre-Dame-de-Boisset;84;42;0;0;0;0;0;0;0;0;0;0;0;0;0;0;0;0;0;0;0;0;0;0;1;0;1;0;3;0;0;0;0;0;0;1;0;0;0
42162;Ouches;84;42;0;0;0;0;0;0;0;0;0;0;0;0;0;0;0;0;0;0;0;0;6;0;0;0;2;2;2;4;0;0;2;0;0;2;1;0;0
42163;La Pacaudière;84;42;0;1;0;0;0;0;0;0;0;0;0;0;0;0;0;2;0;1;0;0;4;0;0;2;3;2;4;1;3;0;2;1;0;2;1;0;1
42164;Palogneux;84;42;0;0;0;0;0;0;0;0;0;0;0;0;0;0;0;0;0;0;0;0;0;0;0;0;0;0;0;0;0;0;0;0;0;0;0;0;0
42165;Panissières;84;42;0;1;0;0;0;0;0;0;0;0;0;0;0;0;0;4;2;1;0;0;7;1;0;1;4;3;9;8;5;0;3;2;1;7;2;1;3
42166;Parigny;84;42;0;0;0;0;0;0;0;0;0;0;0;0;0;0;0;0;0;0;0;0;0;0;0;0;1;1;1;0;0;0;2;0;0;1;0;0;1
42167;Pavezin;84;42;0;0;0;0;0;0;0;0;0;0;0;0;0;0;0;0;0;0;0;0;2;0;0;0;0;0;1;0;0;0;0;0;0;1;0;0;0
42168;Pélussin;84;42;0;1;0;0;0;0;0;0;0;0;1;1;0;0;0;3;2;1;0;0;7;0;0;1;10;5;6;8;3;2;7;2;0;15;3;0;3
42169;Périgneux;84;42;0;0;0;0;0;0;0;0;0;0;0;0;0;0;0;0;0;0;0;1;3;0;0;0;2;0;4;6;3;0;1;0;0;2;1;0;0
42170;Perreux;84;42;0;0;0;0;0;0;0;0;0;0;0;0;0;0;0;0;1;0;1;0;7;1;1;0;1;7;7;2;1;2;3;0;0;7;0;1;1
42171;Pinay;84;42;0;0;0;0;0;0;0;0;0;0;0;0;0;0;0;0;0;0;0;0;0;0;0;0;1;0;1;0;0;0;0;0;0;1;0;0;0
42172;Planfoy;84;42;0;0;0;0;0;0;0;0;0;0;0;0;0;0;0;0;0;0;0;1;3;0;0;0;1;1;1;1;0;0;1;0;0;3;0;0;0
42173;Pommiers;84;42;0;0;0;0;0;0;0;0;0;0;0;0;0;0;0;0;0;0;0;0;0;0;0;0;0;0;2;0;1;0;0;0;0;1;0;0;0
42174;Poncins;84;42;0;0;0;0;0;0;0;0;0;0;0;0;0;0;0;0;0;0;0;0;2;0;0;0;3;2;2;1;2;0;1;0;0;0;1;0;0
42175;Pouilly-lès-Feurs;84;42;0;0;0;0;0;0;0;0;0;0;0;0;0;0;0;0;0;0;0;1;2;0;0;0;2;1;3;1;3;0;2;0;0;1;0;0;1
42176;Pouilly-les-Nonains;84;42;0;0;0;0;0;0;0;0;0;0;0;0;0;0;0;0;0;1;0;0;1;0;0;1;3;1;6;1;3;0;2;0;0;0;1;0;2
42177;Pouilly-sous-Charlieu;84;42;0;0;0;0;0;0;0;0;0;0;0;0;0;0;0;1;0;1;0;0;7;1;1;0;4;4;9;3;2;0;4;4;1;5;1;0;3
42178;Pradines;84;42;0;0;0;0;0;0;0;0;0;0;0;0;0;0;0;0;0;0;0;0;1;0;0;0;2;2;2;0;1;0;2;0;0;0;0;0;0
42179;Pralong;84;42;0;0;0;0;0;0;0;0;0;0;0;0;0;0;0;0;0;0;0;0;0;0;0;0;0;1;4;1;0;0;0;0;0;0;0;0;0
42180;Précieux;84;42;0;0;0;0;0;0;0;0;0;0;0;0;0;0;0;0;0;0;0;0;0;0;0;1;0;2;2;0;2;0;0;0;0;2;1;0;1
42181;Régny;84;42;0;0;0;0;0;0;0;0;0;0;0;0;0;0;0;2;0;1;0;0;1;0;0;0;2;3;0;1;1;0;3;0;0;2;1;0;1
42182;Renaison;84;42;0;1;0;0;0;0;0;0;0;0;1;0;0;0;0;3;1;1;0;0;4;1;0;1;4;2;6;7;2;0;9;1;0;8;4;0;3
42183;La Ricamarie;84;42;1;0;0;0;0;0;0;0;0;0;0;0;0;0;0;2;2;1;0;0;17;1;0;2;17;24;9;9;7;0;9;0;0;14;1;3;4
42184;Riorges;84;42;0;0;0;0;0;0;0;0;0;0;0;1;0;0;0;3;2;1;0;0;16;3;2;0;5;8;10;10;12;5;14;1;0;18;5;1;8
42185;Rivas;84;42;0;0;0;0;0;0;0;0;0;0;0;0;0;0;0;0;0;0;0;0;1;0;0;0;0;3;0;0;0;0;0;0;0;1;0;0;0
42186;Rive-de-Gier;84;42;1;0;0;0;0;0;0;0;0;0;1;1;0;0;0;12;3;2;0;0;23;2;1;5;21;28;14;23;17;2;31;3;0;37;8;5;17
42187;Roanne;84;42;1;1;0;1;1;1;1;0;0;0;8;1;0;0;0;34;6;6;0;0;67;5;3;18;33;48;31;31;37;18;90;6;10;141;62;10;38
42188;Roche;84;42;0;0;0;0;0;0;0;0;0;0;0;0;0;0;0;0;0;0;0;0;1;0;0;0;1;0;2;1;0;0;0;1;0;0;0;0;0
42189;Roche-la-Molière;84;42;1;0;0;0;0;0;0;0;0;0;0;0;0;0;0;4;1;1;0;1;20;1;0;2;8;15;9;12;14;0;15;2;0;15;5;2;5
42191;Roisey;84;42;0;0;0;0;0;0;0;0;0;0;0;0;0;0;0;0;0;0;0;0;0;0;0;0;2;3;2;2;3;0;1;0;0;2;1;0;0
42192;Rozier-Côtes-d'Aurec;84;42;0;0;0;0;0;0;0;0;0;0;0;0;0;0;0;0;0;0;0;1;0;0;0;0;0;0;0;0;1;0;0;0;0;2;0;0;1
42193;Rozier-en-Donzy;84;42;0;0;0;0;0;0;0;0;0;0;0;0;0;0;0;0;0;0;0;1;1;0;0;0;3;1;1;5;2;0;1;0;0;2;2;0;0
42194;Sail-les-Bains;84;42;0;0;0;0;0;0;0;0;0;0;0;0;0;0;0;0;0;0;0;0;0;0;0;0;0;0;0;0;1;0;0;0;0;0;0;0;0
42195;Sail-sous-Couzan;84;42;0;0;0;0;0;0;0;0;0;0;0;0;0;0;0;0;0;0;1;0;0;0;0;0;1;2;2;2;2;0;2;0;0;1;0;0;2
42196;Sainte-Agathe-en-Donzy;84;42;0;0;0;0;0;0;0;0;0;0;0;0;0;0;0;0;0;0;0;0;1;0;0;0;2;0;0;0;0;0;1;0;0;0;0;0;0
42197;Sainte-Agathe-la-Bouteresse;84;42;0;0;0;0;0;0;0;0;0;0;0;0;0;0;0;0;1;0;0;0;3;0;0;0;1;2;4;1;1;1;0;0;0;1;0;0;1
42198;Saint-Alban-les-Eaux;84;42;0;0;0;0;0;0;0;0;0;0;0;0;0;0;0;0;0;0;1;0;1;0;0;0;2;0;3;0;2;0;2;0;0;2;2;0;1
42199;Saint-André-d'Apchon;84;42;0;0;0;0;0;0;0;0;0;0;0;0;0;0;0;0;0;0;1;0;3;0;0;0;0;3;4;1;2;0;3;0;0;1;1;0;2
42200;Saint-André-le-Puy;84;42;0;0;0;0;0;0;0;0;0;0;0;0;0;0;0;0;0;0;0;0;0;0;0;0;2;3;0;3;1;0;0;0;0;0;1;0;0
42201;Saint-Appolinard;84;42;0;0;0;0;0;0;0;0;0;0;0;0;0;0;0;0;0;0;1;0;2;0;0;0;2;0;2;1;0;0;0;0;0;1;1;0;0
42202;Saint-Barthélemy-Lestra;84;42;0;0;0;0;0;0;0;0;0;0;0;0;0;0;0;0;0;0;0;0;1;0;0;0;0;1;1;2;3;0;0;0;0;0;1;0;1
42203;Saint-Bonnet-des-Quarts;84;42;0;0;0;0;0;0;0;0;0;0;0;0;0;0;0;0;1;0;0;0;1;0;0;0;2;0;1;0;0;0;0;0;0;2;0;0;0
42204;Saint-Bonnet-le-Château;84;42;0;1;0;0;0;0;0;0;0;0;1;1;0;0;0;4;0;1;0;0;3;0;0;2;2;2;5;1;2;2;6;2;1;9;5;0;1
42205;Saint-Bonnet-le-Courreau;84;42;0;0;0;0;0;0;0;0;0;0;0;0;0;0;0;0;0;0;1;0;3;0;0;0;2;1;4;1;0;0;2;0;0;3;0;0;0
42206;Saint-Bonnet-les-Oules;84;42;0;0;0;0;0;0;0;0;0;0;0;0;0;0;0;0;0;0;0;0;4;0;0;0;2;1;2;2;3;0;2;0;1;3;3;0;0
42207;Saint-Chamond;84;42;1;0;0;0;0;0;0;0;0;0;3;1;0;0;0;17;9;4;0;0;43;1;3;9;39;73;47;37;34;11;58;2;7;76;31;6;19
42208;Saint-Christo-en-Jarez;84;42;0;0;0;0;0;0;0;0;0;0;0;0;0;0;0;1;0;0;1;0;4;0;0;0;1;5;6;2;1;0;4;0;0;2;1;0;3
42209;Sainte-Colombe-sur-Gand;84;42;0;0;0;0;0;0;0;0;0;0;0;0;0;0;0;0;0;0;1;0;3;0;0;0;1;0;0;2;0;0;0;0;0;0;0;0;0
42210;Sainte-Croix-en-Jarez;84;42;0;0;0;0;0;0;0;0;0;0;0;0;0;0;0;0;0;0;0;0;0;0;0;0;1;0;0;2;0;0;0;0;0;1;0;0;0
42211;Saint-Cyprien;84;42;0;0;0;0;0;0;0;0;0;0;0;0;0;0;0;0;0;0;0;1;4;0;0;0;6;5;5;7;4;1;8;1;0;4;2;1;4
42212;Saint-Cyr-de-Favières;84;42;0;0;0;0;0;0;0;0;0;0;0;0;0;0;0;0;0;0;0;1;0;0;0;0;1;2;1;3;1;0;3;0;0;2;0;0;0
42213;Saint-Cyr-de-Valorges;84;42;0;0;0;0;0;0;0;0;0;0;0;0;0;0;0;0;0;0;0;0;0;0;0;0;1;0;0;0;1;0;0;0;0;0;0;0;0
42214;Saint-Cyr-les-Vignes;84;42;0;0;0;0;0;0;0;0;0;0;0;0;0;0;0;0;0;0;0;0;3;0;0;0;1;0;3;0;3;0;1;0;0;2;2;0;0
42215;Saint-Denis-de-Cabanne;84;42;0;0;0;0;0;0;0;0;0;0;0;0;0;0;0;0;0;0;0;1;4;1;0;1;3;4;3;3;1;1;2;0;0;2;0;0;2
42216;Saint-Denis-sur-Coise;84;42;0;0;0;0;0;0;0;0;0;0;0;0;0;0;0;0;0;0;0;0;0;0;0;0;0;1;1;2;1;0;1;0;0;1;0;0;0
42217;Saint-Didier-sur-Rochefort;84;42;0;0;0;0;0;0;0;0;0;0;0;0;0;0;0;0;0;0;0;1;0;0;0;0;1;0;3;2;0;0;1;0;0;2;0;0;0
42218;Saint-Étienne;84;42;2;1;0;1;1;1;1;1;0;0;20;4;0;1;0;129;22;17;4;0;217;14;22;46;152;411;126;186;171;64;251;11;51;650;180;28;101
42219;Saint-Étienne-le-Molard;84;42;0;0;0;0;0;0;0;0;0;0;0;0;0;0;0;0;0;0;0;0;0;0;0;0;2;2;0;3;1;0;1;0;0;4;0;0;1
42220;Saint-Forgeux-Lespinasse;84;42;0;0;0;0;0;0;0;0;0;0;0;0;0;0;0;0;0;0;0;0;2;0;0;0;0;1;0;2;1;0;2;0;0;1;1;0;0
42221;Sainte-Foy-Saint-Sulpice;84;42;0;0;0;0;0;0;0;0;0;0;0;0;0;0;0;0;0;0;0;0;0;0;0;0;2;0;2;1;0;0;1;0;0;1;0;0;2
42222;Saint-Galmier;84;42;0;1;0;0;0;0;0;0;0;0;1;0;0;0;0;6;2;1;0;0;8;0;0;3;4;7;7;3;5;0;13;3;0;16;7;1;5
42223;Saint-Genest-Lerpt;84;42;0;0;0;0;0;0;0;0;0;0;0;0;0;0;0;2;1;1;0;0;9;1;0;2;7;5;8;11;3;1;9;2;0;11;8;0;2
42224;Saint-Genest-Malifaux;84;42;0;1;0;0;0;0;0;0;0;0;0;0;0;0;0;2;1;1;0;0;3;0;0;1;4;3;3;5;2;1;4;3;0;7;5;0;2
42225;Genilac;84;42;0;0;0;0;0;0;0;0;0;0;0;0;0;0;0;0;0;1;0;0;6;1;0;0;5;4;3;9;6;0;3;0;0;2;2;0;3
42226;Saint-Georges-de-Baroille;84;42;0;0;0;0;0;0;0;0;0;0;0;0;0;0;0;0;0;0;0;0;0;0;0;0;0;0;2;0;2;0;0;0;0;2;0;0;0
42227;Saint-Georges-en-Couzan;84;42;0;1;0;0;0;0;0;0;0;0;0;0;0;0;0;0;0;1;0;0;2;0;0;0;2;1;0;0;3;0;1;0;0;1;0;0;0
42228;Saint-Georges-Haute-Ville;84;42;0;0;0;0;0;0;0;0;0;0;0;0;0;0;0;0;0;0;0;0;1;0;0;0;2;1;4;0;3;0;1;0;0;0;0;0;1
42229;Saint-Germain-la-Montagne;84;42;0;0;0;0;0;0;0;0;0;0;0;0;0;0;0;0;0;0;0;0;0;0;0;0;0;0;1;0;0;0;0;0;0;0;1;0;0
42230;Saint-Germain-Laval;84;42;0;1;0;0;0;0;0;0;0;0;1;0;0;0;0;2;2;1;0;0;6;0;0;2;1;1;2;5;4;1;5;1;0;3;1;0;3
42231;Saint-Germain-Lespinasse;84;42;0;0;0;0;0;0;0;0;0;0;0;0;0;0;0;2;0;1;0;0;2;0;0;0;2;5;3;3;1;0;4;3;0;4;1;0;1
42232;Saint-Haon-le-Châtel;84;42;0;0;0;0;0;0;0;0;0;0;0;0;0;0;0;0;0;0;0;1;2;0;0;0;0;0;2;3;1;0;0;0;0;0;1;0;1
42233;Saint-Haon-le-Vieux;84;42;0;0;0;0;0;0;0;0;0;0;0;0;0;0;0;0;0;0;0;0;1;0;0;0;5;2;2;1;0;1;0;0;0;3;0;0;0
42234;Saint-Héand;84;42;0;1;0;0;0;0;0;0;0;0;0;0;0;0;0;2;1;1;0;0;4;0;0;2;1;7;5;4;5;0;4;2;0;3;3;0;2
42235;Saint-Hilaire-Cusson-la-Valmitte;84;42;0;0;0;0;0;0;0;0;0;0;0;0;0;0;0;0;0;0;0;0;0;0;0;0;1;0;2;1;1;0;1;0;0;1;0;0;0
42236;Saint-Hilaire-sous-Charlieu;84;42;0;0;0;0;0;0;0;0;0;0;0;0;0;0;0;0;0;0;0;0;1;1;0;0;1;0;2;2;0;0;2;0;0;3;0;0;0
42237;Saint-Jean-Bonnefonds;84;42;0;0;0;0;0;0;0;0;0;0;0;0;0;0;0;0;0;1;0;0;6;0;1;2;9;7;6;11;6;2;4;0;0;8;5;0;5
42238;Saint-Jean-la-Vêtre;84;42;0;0;0;0;0;0;0;0;0;0;0;0;0;0;0;0;0;0;0;1;0;0;0;0;2;1;1;2;0;0;1;0;0;0;0;0;0
42239;Saint-Jean-Saint-Maurice-sur-Loire;84;42;0;0;0;0;0;0;0;0;0;0;0;0;0;0;0;0;0;0;0;1;1;0;0;0;3;1;3;1;0;1;1;0;0;6;0;1;0
42240;Saint-Jean-Soleymieux;84;42;0;1;0;0;0;0;0;0;0;0;0;0;0;0;0;1;0;1;0;0;2;0;0;0;1;2;2;2;1;0;1;0;0;0;0;0;0
42241;Saint-Jodard;84;42;0;0;0;0;0;0;0;0;0;0;0;0;0;0;0;0;0;0;0;1;0;0;0;0;1;0;2;0;0;0;0;0;0;0;0;0;0
42242;Saint-Joseph;84;42;0;0;0;0;0;0;0;0;0;0;0;0;0;0;0;0;0;0;0;0;3;0;0;0;5;2;4;5;5;0;1;0;0;3;3;0;0
42243;Saint-Julien-d'Oddes;84;42;0;0;0;0;0;0;0;0;0;0;0;0;0;0;0;0;0;0;0;0;0;0;0;0;0;0;0;0;0;0;0;0;0;0;0;0;0
42245;Saint-Julien-la-Vêtre;84;42;0;0;0;0;0;0;0;0;0;0;0;0;0;0;0;0;0;0;0;1;2;0;0;0;1;0;2;0;1;0;0;0;0;1;0;0;0
42246;Saint-Julien-Molin-Molette;84;42;0;0;0;0;0;0;0;0;0;0;0;0;0;0;0;1;0;1;0;0;1;0;0;0;2;1;3;2;1;0;3;0;0;3;0;0;0
42247;Saint-Just-en-Bas;84;42;0;0;0;0;0;0;0;0;0;0;0;0;0;0;0;0;0;0;0;0;1;0;0;0;1;1;2;0;0;0;0;0;0;1;0;0;0
42248;Saint-Just-en-Chevalet;84;42;0;1;0;0;0;0;0;0;0;0;0;0;0;0;0;4;1;1;0;0;5;0;0;0;1;2;2;4;2;0;6;1;1;2;0;1;1
42249;Saint-Just-la-Pendue;84;42;0;0;0;0;0;0;0;0;0;0;0;0;0;0;0;2;1;1;0;0;1;1;0;0;0;4;2;1;3;0;3;0;0;2;1;0;2
42251;Saint-Laurent-la-Conche;84;42;0;0;0;0;0;0;0;0;0;0;0;0;0;0;0;0;0;0;0;0;0;0;0;0;0;1;1;2;1;0;0;0;0;2;1;0;0
42252;Saint-Laurent-Rochefort;84;42;0;0;0;0;0;0;0;0;0;0;0;0;0;0;0;0;0;0;0;0;0;0;0;0;2;0;0;0;0;0;0;0;0;0;0;0;0
42253;Saint-Léger-sur-Roanne;84;42;0;0;0;0;0;0;0;0;0;0;0;0;0;0;0;0;1;0;0;0;3;0;0;2;1;2;3;1;0;1;2;0;0;0;0;0;1
42254;Saint-Marcel-de-Félines;84;42;0;0;0;0;0;0;0;0;0;0;0;0;0;0;0;0;0;0;1;0;0;0;0;0;2;0;2;0;2;0;1;0;0;4;0;0;0
42255;Saint-Marcel-d'Urfé;84;42;0;0;0;0;0;0;0;0;0;0;0;0;0;0;0;0;0;0;0;0;0;0;0;0;1;0;0;0;0;0;0;0;0;1;0;0;0
42256;Saint-Marcellin-en-Forez;84;42;0;0;0;0;0;0;0;0;0;0;0;0;0;0;0;2;0;1;0;0;10;0;0;1;5;7;5;5;7;1;7;1;0;8;4;1;4
42257;Saint-Martin-d'Estréaux;84;42;0;0;0;0;0;0;0;0;0;0;0;0;0;0;0;0;0;1;0;0;4;0;0;0;6;4;2;1;0;1;2;0;0;1;0;0;0
42259;Saint-Martin-la-Plaine;84;42;0;0;0;0;0;0;0;0;0;0;0;0;0;0;0;2;0;1;0;0;4;0;0;2;2;3;7;2;5;0;4;0;0;1;0;0;4
42260;Saint-Martin-la-Sauveté;84;42;0;0;0;0;0;0;0;0;0;0;0;0;0;0;0;1;1;0;0;1;2;0;0;0;3;3;3;2;1;0;2;0;0;1;1;0;0
42261;Saint-Martin-Lestra;84;42;0;0;0;0;0;0;0;0;0;0;0;0;0;0;0;0;0;0;0;1;4;0;0;0;2;1;0;2;0;0;2;0;0;4;1;0;0
42262;Saint-Maurice-en-Gourgois;84;42;0;0;0;0;0;0;0;0;0;0;0;0;0;0;0;0;0;0;1;0;6;0;0;0;4;4;3;2;5;0;1;0;0;4;1;0;0
42264;Saint-Médard-en-Forez;84;42;0;0;0;0;0;0;0;0;0;0;0;0;0;0;0;0;0;0;0;0;4;0;0;0;0;2;4;2;0;0;3;0;0;1;0;0;0
42265;Saint-Michel-sur-Rhône;84;42;0;0;0;0;0;0;0;0;0;0;0;0;0;0;0;0;0;0;0;0;1;1;0;0;1;1;1;4;2;2;0;0;0;1;2;0;1
42266;Saint-Nizier-de-Fornas;84;42;0;0;0;0;0;0;0;0;0;0;0;0;0;0;0;0;0;0;0;0;2;0;0;0;0;3;2;2;1;0;1;0;0;1;0;0;0
42267;Saint-Nizier-sous-Charlieu;84;42;0;0;0;0;0;0;0;0;0;0;0;0;0;0;0;0;0;0;1;0;4;0;0;0;2;2;1;1;1;0;1;5;0;3;1;2;0
42268;Saint-Paul-de-Vézelin;84;42;0;0;0;0;0;0;0;0;0;0;0;0;0;0;0;0;0;0;0;0;0;0;0;0;1;1;0;0;0;0;0;0;0;0;0;0;0
42269;Saint-Paul-d'Uzore;84;42;0;0;0;0;0;0;0;0;0;0;0;0;0;0;0;0;0;0;0;0;0;0;0;0;0;1;0;0;0;0;0;0;0;2;2;0;0
42270;Saint-Paul-en-Cornillon;84;42;0;0;0;0;0;0;0;0;0;0;0;0;0;0;0;1;0;0;1;0;0;0;0;0;1;2;1;4;3;0;1;0;0;3;3;0;0
42271;Saint-Paul-en-Jarez;84;42;0;1;0;0;0;0;0;0;0;0;0;0;0;0;0;1;0;1;0;0;1;0;0;2;1;3;9;8;5;0;7;2;1;7;3;0;5
42272;Saint-Pierre-de-Boeuf;84;42;0;0;0;0;0;0;0;0;0;0;0;0;0;0;0;1;0;1;0;0;3;0;0;0;3;2;3;4;0;1;3;0;0;3;2;0;1
42273;Saint-Pierre-la-Noaille;84;42;0;0;0;0;0;0;0;0;0;0;0;0;0;0;0;0;0;0;0;0;2;0;0;0;1;0;0;0;1;0;1;0;0;1;0;0;0
42274;Saint-Polgues;84;42;0;0;0;0;0;0;0;0;0;0;0;0;0;0;0;0;0;0;0;0;0;0;0;0;2;1;1;0;0;0;0;0;0;0;0;0;1
42275;Saint-Priest-en-Jarez;84;42;0;0;0;0;0;0;0;0;0;0;0;0;0;0;0;1;5;1;0;0;16;1;0;0;4;10;10;7;7;0;7;0;0;19;3;0;3
42276;Saint-Priest-la-Prugne;84;42;0;0;0;0;0;0;0;0;0;0;0;0;0;0;0;0;0;0;1;0;2;0;0;0;1;2;0;0;0;0;1;0;0;2;1;0;0
42277;Saint-Priest-la-Roche;84;42;0;0;0;0;0;0;0;0;0;0;0;0;0;0;0;0;0;0;0;0;0;0;0;0;1;0;0;0;0;0;1;0;0;2;0;0;0
42278;Saint-Priest-la-Vêtre;84;42;0;0;0;0;0;0;0;0;0;0;0;0;0;0;0;0;0;0;0;0;1;0;0;0;1;2;0;1;1;0;0;0;0;0;0;0;0
42279;Saint-Just-Saint-Rambert;84;42;0;1;0;0;0;0;0;0;0;0;1;0;0;0;0;11;1;2;0;0;22;1;1;3;17;34;21;16;10;3;21;2;0;31;16;2;16
42280;Saint-Régis-du-Coin;84;42;0;0;0;0;0;0;0;0;0;0;0;0;0;0;0;0;0;0;0;1;0;0;0;0;0;0;3;0;1;0;0;0;0;1;0;0;0
42281;Saint-Rirand;84;42;0;0;0;0;0;0;0;0;0;0;0;0;0;0;0;0;0;0;0;0;0;0;0;0;0;1;0;0;0;0;0;0;0;2;0;0;0
42282;Saint-Romain-d'Urfé;84;42;0;0;0;0;0;0;0;0;0;0;0;0;0;0;0;0;0;0;0;0;0;0;0;0;1;1;2;0;0;0;0;0;0;0;0;0;0
42283;Saint-Romain-en-Jarez;84;42;0;0;0;0;0;0;0;0;0;0;0;0;0;0;0;0;0;0;1;0;2;0;0;0;1;1;4;4;2;0;2;0;0;1;1;0;0
42284;Saint-Romain-la-Motte;84;42;0;0;0;0;0;0;0;0;0;0;0;0;0;0;0;0;0;0;0;1;2;0;0;0;0;3;2;2;1;0;2;0;0;1;0;0;0
42285;Saint-Romain-le-Puy;84;42;0;0;0;0;0;0;0;0;0;0;0;0;0;0;0;2;1;1;0;0;8;1;0;2;7;6;15;7;6;0;7;0;0;6;3;0;3
42286;Saint-Romain-les-Atheux;84;42;0;0;0;0;0;0;0;0;0;0;0;0;0;0;0;0;0;0;0;0;0;0;0;0;1;2;2;2;0;0;0;0;0;2;0;0;0
42287;Saint-Sauveur-en-Rue;84;42;0;0;0;0;0;0;0;0;0;0;0;0;0;0;0;1;0;0;0;1;1;0;0;0;4;1;7;1;0;0;2;0;0;4;0;0;1
42288;Saint-Sixte;84;42;0;0;0;0;0;0;0;0;0;0;0;0;0;0;0;0;0;0;0;0;2;0;0;0;2;2;2;3;1;0;0;0;0;0;0;0;0
42289;Saint-Symphorien-de-Lay;84;42;0;1;0;0;0;0;0;0;0;0;1;0;0;0;0;2;1;1;0;0;4;0;0;1;3;2;2;2;2;1;4;4;1;2;1;0;2
42290;Saint-Thomas-la-Garde;84;42;0;0;0;0;0;0;0;0;0;0;0;0;0;0;0;0;0;0;0;0;1;0;0;0;1;1;0;1;0;0;0;0;0;0;0;0;0
42291;Saint-Thurin;84;42;0;0;0;0;0;0;0;0;0;0;0;0;0;0;0;0;0;0;0;1;0;0;0;0;0;0;0;0;0;0;0;0;0;1;0;0;0
42293;Saint-Victor-sur-Rhins;84;42;0;0;0;0;0;0;0;0;0;0;0;0;0;0;0;1;0;0;1;0;1;0;0;0;2;1;2;3;2;1;2;0;0;4;0;0;0
42294;Saint-Vincent-de-Boisset;84;42;0;0;0;0;0;0;0;0;0;0;0;0;0;0;0;0;0;0;0;0;3;0;0;0;3;1;2;1;1;0;2;0;0;0;1;0;1
42295;Les Salles;84;42;0;0;0;0;0;0;0;0;0;0;0;0;0;0;0;0;0;0;0;0;1;0;0;0;0;1;1;0;0;0;1;0;0;2;0;0;0
42296;Salt-en-Donzy;84;42;0;0;0;0;0;0;0;0;0;0;0;0;0;0;0;0;0;0;0;0;0;0;0;0;0;0;0;1;0;0;1;1;0;2;0;0;0
42297;Salvizinet;84;42;0;0;0;0;0;0;0;0;0;0;0;0;0;0;0;0;0;0;0;0;1;0;0;0;0;1;1;0;0;0;0;1;0;2;2;0;0
42298;Sauvain;84;42;0;0;0;0;0;0;0;0;0;0;0;0;0;0;0;0;0;0;0;0;0;0;0;0;0;0;0;0;0;0;0;0;0;0;0;0;0
42299;Savigneux;84;42;0;0;0;0;0;0;0;0;0;0;0;0;0;0;0;0;0;1;0;0;13;2;0;0;9;7;8;5;5;2;4;3;2;10;3;2;3
42300;Sevelinges;84;42;0;0;0;0;0;0;0;0;0;0;0;0;0;0;0;0;0;0;0;1;1;0;0;0;2;4;1;0;0;0;1;0;0;3;0;0;0
42301;Soleymieux;84;42;0;0;0;0;0;0;0;0;0;0;0;0;0;0;0;0;0;0;0;0;0;0;0;0;1;0;0;0;0;0;1;0;0;0;0;0;0
42302;Sorbiers;84;42;0;1;0;0;0;0;0;0;0;0;0;0;0;0;0;0;2;1;0;0;15;1;2;1;5;11;15;22;10;2;6;0;0;10;1;2;9
42303;Souternon;84;42;0;0;0;0;0;0;0;0;0;0;0;0;0;0;0;0;0;0;0;0;0;0;0;0;0;0;1;0;0;0;0;0;0;0;0;0;0
42304;Sury-le-Comtal;84;42;0;0;0;0;0;0;0;0;0;0;0;0;0;0;0;3;2;1;0;0;13;0;1;3;22;38;8;8;6;2;12;3;0;14;1;1;1
42305;La Talaudière;84;42;0;0;0;0;0;0;0;0;0;0;0;0;0;0;0;7;0;1;0;0;9;0;1;2;5;8;9;6;11;1;11;2;0;15;5;1;5
42306;Tarentaise;84;42;0;0;0;0;0;0;0;0;0;0;0;0;0;0;0;0;0;0;0;0;0;0;0;0;0;0;1;0;0;0;0;0;0;1;0;0;0
42307;Tartaras;84;42;0;0;0;0;0;0;0;0;0;0;0;0;0;0;0;0;0;0;0;0;0;0;0;0;0;0;0;0;1;0;0;1;0;1;0;0;0
42308;La Terrasse-sur-Dorlay;84;42;0;0;0;0;0;0;0;0;0;0;0;0;0;0;0;0;0;0;1;0;0;0;0;0;1;1;0;0;2;1;1;0;0;2;1;0;1
42310;Thélis-la-Combe;84;42;0;0;0;0;0;0;0;0;0;0;0;0;0;0;0;0;0;0;0;0;0;0;0;0;0;0;0;0;1;0;0;0;0;1;0;0;0
42311;La Tour-en-Jarez;84;42;0;0;0;0;0;0;0;0;0;0;0;0;0;0;0;0;0;0;0;0;0;0;0;0;1;2;4;6;6;0;0;0;0;6;1;0;0
42312;La Tourette;84;42;0;0;0;0;0;0;0;0;0;0;0;0;0;0;0;0;0;0;0;0;3;1;0;0;1;1;3;1;1;0;1;1;0;0;0;0;0
42313;Trelins;84;42;0;0;0;0;0;0;0;0;0;0;0;0;0;0;0;0;0;0;0;0;3;0;0;0;1;0;1;2;1;0;0;1;0;1;0;0;0
42314;La Tuilière;84;42;0;0;0;0;0;0;0;0;0;0;0;0;0;0;0;0;0;0;0;0;0;0;0;0;0;0;3;0;0;0;0;0;0;0;0;0;0
42315;Unias;84;42;0;0;0;0;0;0;0;0;0;0;0;0;0;0;0;0;0;0;0;0;0;0;0;0;1;1;2;2;0;0;1;0;0;1;1;0;0
42316;Unieux;84;42;0;0;0;0;0;0;0;0;0;0;0;0;0;0;0;2;0;1;0;0;15;0;0;1;11;11;15;10;9;1;10;1;0;14;9;1;2
42317;Urbise;84;42;0;0;0;0;0;0;0;0;0;0;0;0;0;0;0;0;0;0;0;0;0;0;0;0;0;0;0;0;0;0;1;0;0;0;0;0;0
42318;Usson-en-Forez;84;42;0;0;0;0;0;0;0;0;0;0;0;0;0;0;0;1;0;1;0;0;3;0;0;0;1;3;5;4;4;0;2;0;0;4;0;0;0
42319;Valeille;84;42;0;0;0;0;0;0;0;0;0;0;0;0;0;0;0;0;0;0;0;0;1;0;0;0;1;0;3;2;0;0;0;0;0;0;0;0;1
42320;Valfleury;84;42;0;0;0;0;0;0;0;0;0;0;0;0;0;0;0;0;0;0;0;1;0;0;0;0;1;0;0;0;1;0;0;0;0;2;1;0;0
42321;La Valla-sur-Rochefort;84;42;0;0;0;0;0;0;0;0;0;0;0;0;0;0;0;0;0;0;0;0;0;0;0;0;1;0;0;0;1;0;0;0;0;2;0;0;0
42322;La Valla-en-Gier;84;42;0;0;0;0;0;0;0;0;0;0;0;0;0;0;0;0;0;0;1;0;1;0;0;0;2;1;0;0;3;0;4;0;0;5;1;0;0
42323;Veauche;84;42;0;0;0;0;0;0;0;0;0;0;0;0;0;0;0;6;1;1;0;1;21;1;2;4;11;19;12;10;11;4;13;1;3;16;13;1;7
42324;Veauchette;84;42;0;0;0;0;0;0;0;0;0;0;0;0;0;0;0;0;0;0;0;0;0;0;0;0;0;3;2;0;1;0;1;0;0;3;2;0;1
42325;Vendranges;84;42;0;0;0;0;0;0;0;0;0;0;0;0;0;0;0;0;0;0;0;0;0;0;0;0;1;0;1;0;0;0;0;0;0;1;0;0;1
42326;Véranne;84;42;0;0;0;0;0;0;0;0;0;0;0;0;0;0;0;0;0;0;0;0;0;0;0;0;2;1;3;0;1;0;1;0;0;7;0;0;2
42327;Vérin;84;42;0;0;0;0;0;0;0;0;0;0;0;0;0;0;0;0;0;0;0;0;2;0;0;0;0;0;2;2;0;0;0;0;0;3;0;0;0
42328;Verrières-en-Forez;84;42;0;0;0;0;0;0;0;0;0;0;0;0;0;0;0;0;0;0;0;0;0;0;0;0;0;1;4;0;2;0;1;0;0;2;0;0;0
42329;La Versanne;84;42;0;0;0;0;0;0;0;0;0;0;0;0;0;0;0;0;0;0;0;0;1;0;0;0;0;0;2;0;0;0;1;0;0;2;0;0;0
42330;Villars;84;42;0;0;0;0;0;0;0;0;0;0;0;0;0;0;0;2;1;1;0;0;9;1;0;3;6;10;7;13;9;0;14;1;0;16;4;3;10
42331;Villemontais;84;42;0;0;0;0;0;0;0;0;0;0;0;0;0;0;0;0;0;0;1;0;1;0;0;1;0;3;1;1;0;0;2;0;0;0;0;0;0
42332;Villerest;84;42;0;1;0;0;0;0;0;0;0;0;0;0;0;0;0;1;0;0;1;0;3;0;0;0;2;5;5;2;2;1;5;0;0;9;3;0;6
42333;Villers;84;42;0;0;0;0;0;0;0;0;0;0;0;0;0;0;0;0;0;0;0;1;1;0;0;0;0;1;1;0;1;0;0;0;0;0;0;0;0
42334;Violay;84;42;0;0;0;0;0;0;0;0;0;0;0;0;0;0;0;2;1;0;0;1;3;0;0;0;3;3;0;1;2;0;3;0;0;2;0;0;0
42335;Viricelles;84;42;0;0;0;0;0;0;0;0;0;0;0;0;0;0;0;0;0;0;0;0;0;0;0;0;2;1;1;1;0;0;0;0;0;1;0;0;0
42336;Virigneux;84;42;0;0;0;0;0;0;0;0;0;0;0;0;0;0;0;0;0;0;0;0;0;0;0;0;3;3;2;2;1;0;1;1;0;2;1;0;0
42337;Vivans;84;42;0;0;0;0;0;0;0;0;0;0;0;0;0;0;0;0;0;0;0;0;0;0;0;0;1;0;1;0;0;0;1;0;0;1;0;0;0
42338;Vougy;84;42;0;0;0;0;0;0;0;0;0;0;0;0;0;0;0;0;0;0;1;0;1;0;0;0;1;1;1;2;0;0;4;0;0;4;1;0;0
42339;Chausseterre;84;42;0;0;0;0;0;0;0;0;0;0;0;0;0;0;0;0;0;0;0;0;0;0;0;0;0;0;2;0;0;0;0;0;0;2;0;0;0
43001;Agnat;84;43;0;0;0;0;0;0;0;0;0;0;0;0;0;0;0;0;0;0;0;0;0;0;0;0;0;0;0;0;0;0;0;0;0;0;0;0;0
43002;Aiguilhe;84;43;0;0;0;0;0;0;0;0;0;0;0;0;0;0;0;0;0;0;0;0;3;0;0;0;1;4;0;0;2;0;4;0;0;1;2;0;1
43003;Allègre;84;43;0;1;0;0;0;0;0;0;0;0;0;0;0;0;0;1;1;1;0;0;3;0;0;0;4;2;2;1;2;2;2;3;0;2;0;0;0
43004;Alleyrac;84;43;0;0;0;0;0;0;0;0;0;0;0;0;0;0;0;0;0;0;0;0;1;0;0;0;0;0;1;0;0;0;0;0;0;0;0;0;0
43005;Alleyras;84;43;0;0;0;0;0;0;0;0;0;0;0;0;0;0;0;0;0;0;0;1;0;0;0;0;0;0;0;0;0;0;0;0;0;1;0;0;0
43006;Ally;84;43;0;0;0;0;0;0;0;0;0;0;0;0;0;0;0;0;0;0;0;0;0;0;0;0;0;0;0;0;0;0;0;0;0;2;0;0;0
43007;Araules;84;43;0;0;0;0;0;0;0;0;0;0;0;0;0;0;0;0;0;0;0;1;1;0;0;0;1;1;2;1;1;0;0;0;0;1;0;0;0
43008;Arlempdes;84;43;0;0;0;0;0;0;0;0;0;0;0;0;0;0;0;0;0;0;0;0;0;0;0;0;0;0;0;0;0;0;0;0;0;0;0;0;0
43009;Arlet;84;43;0;0;0;0;0;0;0;0;0;0;0;0;0;0;0;0;0;0;0;0;0;0;0;0;0;0;0;0;0;0;0;0;0;0;0;0;0
43010;Arsac-en-Velay;84;43;0;0;0;0;0;0;0;0;0;0;0;0;0;0;0;0;0;0;0;1;2;0;0;0;3;0;3;1;1;0;1;0;0;0;0;0;0
43011;Aubazat;84;43;0;0;0;0;0;0;0;0;0;0;0;0;0;0;0;0;0;0;0;0;1;0;0;0;1;0;2;0;0;0;0;0;0;1;0;0;0
43012;Aurec-sur-Loire;84;43;0;1;0;0;0;0;0;0;0;0;0;0;0;0;0;4;2;1;0;0;14;1;0;2;2;8;8;7;8;2;5;0;0;19;6;2;5
43013;Vissac-Auteyrac;84;43;0;0;0;0;0;0;0;0;0;0;0;0;0;0;0;0;0;0;0;0;0;0;0;0;0;0;1;0;0;0;0;0;0;1;0;0;0
43014;Autrac;84;43;0;0;0;0;0;0;0;0;0;0;0;0;0;0;0;0;0;0;0;0;0;0;0;0;0;0;0;0;0;0;0;0;0;0;0;0;0
43015;Auvers;84;43;0;0;0;0;0;0;0;0;0;0;0;0;0;0;0;0;0;0;0;0;0;0;0;0;0;0;0;0;0;0;0;0;0;0;0;0;0
43016;Auzon;84;43;0;0;0;0;0;0;0;0;0;0;0;0;0;0;0;1;0;0;0;1;1;0;0;0;0;0;1;1;2;0;1;0;0;3;0;0;0
43017;Azérat;84;43;0;0;0;0;0;0;0;0;0;0;0;0;0;0;0;0;0;0;0;0;0;0;0;0;1;1;0;0;0;0;0;0;0;1;0;0;0
43018;Bains;84;43;0;1;0;0;0;0;0;0;0;0;0;0;0;0;0;1;0;0;0;1;4;0;0;1;5;4;1;3;1;1;1;0;0;3;0;0;0
43019;Barges;84;43;0;0;0;0;0;0;0;0;0;0;0;0;0;0;0;0;0;0;0;0;1;0;0;0;0;0;1;0;0;0;0;0;0;0;0;0;0
43020;Bas-en-Basset;84;43;0;1;0;0;0;0;0;0;0;0;1;0;0;0;0;2;1;1;0;0;10;1;0;1;5;6;12;11;4;0;3;0;0;13;2;0;1
43021;Beaulieu;84;43;0;0;0;0;0;0;0;0;0;0;0;0;0;0;0;0;1;0;0;1;1;0;0;0;3;2;0;2;2;0;1;0;0;0;0;0;0
43022;Beaumont;84;43;0;0;0;0;0;0;0;0;0;0;0;0;0;0;0;0;0;0;0;0;0;0;0;0;0;1;1;1;0;0;0;0;0;1;1;0;0
43023;Beaune-sur-Arzon;84;43;0;0;0;0;0;0;0;0;0;0;0;0;0;0;0;0;0;0;0;0;1;0;0;0;4;1;1;0;0;0;0;0;0;0;0;0;0
43024;Beaux;84;43;0;0;0;0;0;0;0;0;0;0;0;0;0;0;0;0;1;0;0;1;0;0;0;0;5;0;3;2;2;1;0;0;0;1;1;0;0
43025;Beauzac;84;43;0;0;0;0;0;0;0;0;0;0;0;0;0;0;0;2;2;1;0;0;5;0;0;1;8;3;2;4;2;0;4;0;1;7;1;0;0
43026;Bellevue-la-Montagne;84;43;0;0;0;0;0;0;0;0;0;0;0;0;0;0;0;1;0;0;0;1;1;0;0;0;3;1;0;0;0;1;0;0;0;1;0;0;0
43027;Berbezit;84;43;0;0;0;0;0;0;0;0;0;0;0;0;0;0;0;0;0;0;0;0;0;0;0;0;1;0;0;0;0;0;0;0;0;0;0;0;0
43028;Bessamorel;84;43;0;0;0;0;0;0;0;0;0;0;0;0;0;0;0;0;0;0;0;0;1;0;0;0;0;0;0;0;0;0;0;0;0;0;0;0;0
43029;La Besseyre-Saint-Mary;84;43;0;0;0;0;0;0;0;0;0;0;0;0;0;0;0;0;0;0;0;0;0;0;0;0;1;0;1;0;0;0;0;0;0;0;0;0;0
43030;Blanzac;84;43;0;0;0;0;0;0;0;0;0;0;0;0;0;0;0;0;0;0;0;0;0;0;0;0;1;0;0;1;0;1;0;0;0;1;0;0;0
43031;Blassac;84;43;0;0;0;0;0;0;0;0;0;0;0;0;0;0;0;0;0;0;0;0;0;0;0;0;0;0;1;0;1;0;1;0;0;0;0;0;0
43032;Blavozy;84;43;0;0;0;0;0;0;0;0;0;0;0;0;0;0;0;0;0;1;0;0;0;0;0;0;3;4;1;2;2;0;2;0;0;4;0;0;2
43033;Blesle;84;43;0;1;0;0;0;0;0;0;0;0;0;0;0;0;0;0;1;1;0;0;3;0;0;0;2;2;1;1;0;0;2;0;0;1;0;0;0
43034;Boisset;84;43;0;0;0;0;0;0;0;0;0;0;0;0;0;0;0;0;0;0;0;0;1;0;0;0;1;0;1;0;0;0;1;0;0;2;0;0;1
43035;Bonneval;84;43;0;0;0;0;0;0;0;0;0;0;0;0;0;0;0;0;0;0;0;0;0;0;0;0;0;0;0;0;0;0;0;0;0;0;0;0;0
43036;Borne;84;43;0;0;0;0;0;0;0;0;0;0;0;0;0;0;0;0;1;0;0;0;0;0;0;0;2;0;2;1;0;0;1;0;0;1;0;0;0
43037;Le Bouchet-Saint-Nicolas;84;43;0;0;0;0;0;0;0;0;0;0;0;0;0;0;0;0;0;0;0;1;1;0;0;0;1;0;0;0;1;0;0;0;0;2;0;0;0
43038;Bournoncle-Saint-Pierre;84;43;0;0;0;0;0;0;0;0;0;0;0;0;0;0;0;0;0;1;0;0;2;0;0;0;1;0;2;0;2;1;2;0;0;1;0;0;0
43039;Le Brignon;84;43;0;0;0;0;0;0;0;0;0;0;0;0;0;0;0;1;0;0;0;0;0;0;0;0;0;0;2;0;0;0;0;0;0;2;0;0;1
43040;Brioude;84;43;0;1;0;0;0;0;0;0;0;0;3;1;0;0;0;10;2;1;0;0;16;2;0;3;9;11;6;8;6;3;17;9;5;32;9;5;2
43041;Brives-Charensac;84;43;0;0;0;0;0;0;0;0;0;0;0;0;0;0;0;7;1;1;0;0;13;2;1;2;2;12;6;7;3;2;9;3;0;14;2;1;3
43042;Cayres;84;43;0;0;0;0;0;0;0;0;0;0;1;0;0;0;0;1;0;0;0;1;2;0;0;1;3;1;3;1;2;0;1;0;0;2;1;0;1
43043;Céaux-d'Allègre;84;43;0;0;0;0;0;0;0;0;0;0;0;0;0;0;0;0;0;0;0;0;2;0;0;0;1;2;3;2;1;0;1;0;0;0;0;0;0
43044;Cerzat;84;43;0;0;0;0;0;0;0;0;0;0;0;0;0;0;0;0;0;0;0;0;0;0;0;0;1;0;0;0;0;0;0;0;0;0;0;0;0
43045;Ceyssac;84;43;0;0;0;0;0;0;0;0;0;0;0;0;0;0;0;0;0;0;0;0;0;0;0;0;1;0;1;0;1;0;0;0;0;1;0;0;0
43046;Chadrac;84;43;0;0;0;0;0;0;0;0;0;0;0;0;0;0;0;2;1;1;0;0;3;0;0;2;2;6;6;2;0;1;2;0;0;4;0;1;3
43047;Chadron;84;43;0;0;0;0;0;0;0;0;0;0;0;0;0;0;0;0;0;0;0;0;0;0;0;0;2;1;0;0;1;0;1;0;0;1;0;0;0
43048;La Chaise-Dieu;84;43;0;1;0;0;0;0;0;0;0;0;0;0;0;0;0;2;0;1;0;0;3;0;0;0;2;1;1;2;1;0;2;0;0;14;0;0;0
43049;Chamalières-sur-Loire;84;43;0;0;0;0;0;0;0;0;0;0;0;0;0;0;0;0;0;0;1;0;0;0;0;0;3;1;2;2;0;0;0;0;0;5;0;0;0
43050;Chambezon;84;43;0;0;0;0;0;0;0;0;0;0;0;0;0;0;0;0;0;0;0;0;0;0;0;0;0;0;0;0;0;0;0;0;0;0;0;0;0
43051;Le Chambon-sur-Lignon;84;43;0;0;0;0;0;0;0;0;0;0;0;0;0;0;0;2;2;1;0;0;5;1;0;2;6;3;11;6;6;0;8;1;0;10;6;1;3
43052;Champagnac-le-Vieux;84;43;0;1;0;0;0;0;0;0;0;0;0;0;0;0;0;1;0;0;1;0;0;0;0;0;0;1;1;2;2;0;0;0;0;0;0;0;0
43053;Champclause;84;43;0;0;0;0;0;0;0;0;0;0;0;0;0;0;0;0;0;0;0;0;0;0;0;0;2;0;1;1;1;0;0;0;0;4;0;0;0
43054;Chanaleilles;84;43;0;0;0;0;0;0;0;0;0;0;0;0;0;0;0;0;0;0;0;0;0;0;0;0;0;0;1;0;0;0;0;0;0;0;0;0;0
43055;Chaniat;84;43;0;0;0;0;0;0;0;0;0;0;0;0;0;0;0;0;0;0;0;0;0;0;0;0;1;1;0;0;0;0;0;0;0;3;0;0;0
43056;Chanteuges;84;43;0;0;0;0;0;0;0;0;0;0;0;0;0;0;0;0;0;0;0;0;0;0;0;0;1;0;3;0;1;1;1;1;0;3;0;0;0
43057;La Chapelle-Bertin;84;43;0;0;0;0;0;0;0;0;0;0;0;0;0;0;0;0;0;0;0;0;0;0;0;0;0;0;0;1;0;0;0;0;0;0;0;0;0
43058;La Chapelle-d'Aurec;84;43;0;0;0;0;0;0;0;0;0;0;0;0;0;0;0;0;0;0;0;0;2;0;0;0;0;4;0;2;1;0;1;0;0;3;0;0;2
43059;La Chapelle-Geneste;84;43;0;0;0;0;0;0;0;0;0;0;0;0;0;0;0;0;0;0;0;0;0;0;0;0;1;0;1;0;0;0;0;0;0;0;0;0;0
43060;Charraix;84;43;0;0;0;0;0;0;0;0;0;0;0;0;0;0;0;0;0;0;0;0;0;0;0;0;0;0;0;0;0;0;0;0;0;0;0;0;0
43061;Chaspinhac;84;43;0;0;0;0;0;0;0;0;0;0;0;0;0;0;0;0;0;0;0;0;1;0;0;0;3;2;1;0;2;1;0;0;0;1;0;0;0
43062;Chaspuzac;84;43;0;0;0;0;0;0;0;0;0;0;0;0;0;0;0;0;1;0;0;0;5;0;1;0;3;0;4;0;2;0;3;0;0;2;1;0;3
43063;Chassagnes;84;43;0;0;0;0;0;0;0;0;0;0;0;0;0;0;0;0;0;0;0;0;0;0;0;0;0;0;0;0;0;0;0;0;0;0;0;0;0
43064;Chassignolles;84;43;0;0;0;0;0;0;0;0;0;0;0;0;0;0;0;0;0;0;0;0;0;0;0;0;0;0;0;0;0;0;0;0;0;1;0;0;0
43065;Chastel;84;43;0;0;0;0;0;0;0;0;0;0;0;0;0;0;0;0;0;0;0;0;0;0;0;0;1;0;1;0;0;0;0;0;0;1;0;0;0
43066;Chaudeyrolles;84;43;0;0;0;0;0;0;0;0;0;0;0;0;0;0;0;0;0;0;0;0;1;0;0;0;0;0;2;0;0;0;0;0;0;2;0;0;0
43067;Chavaniac-Lafayette;84;43;0;0;0;0;0;0;0;0;0;0;0;0;0;0;0;0;0;0;1;0;0;0;0;0;0;0;0;2;0;0;0;0;0;0;1;0;0
43068;Chazelles;84;43;0;0;0;0;0;0;0;0;0;0;0;0;0;0;0;0;0;0;0;0;0;0;0;0;0;0;1;0;0;0;0;0;0;0;0;0;0
43069;Chenereilles;84;43;0;0;0;0;0;0;0;0;0;0;0;0;0;0;0;0;0;0;0;0;0;0;0;0;1;0;2;0;0;0;0;0;0;0;0;0;0
43070;Chilhac;84;43;0;0;0;0;0;0;0;0;0;0;0;0;0;0;0;0;0;0;0;0;0;0;0;0;1;0;0;0;0;0;0;0;0;0;0;0;0
43071;Chomelix;84;43;0;0;0;0;0;0;0;0;0;0;0;0;0;0;0;0;0;0;1;0;0;0;0;0;0;0;0;0;2;0;0;0;0;2;0;0;0
43072;La Chomette;84;43;0;0;0;0;0;0;0;0;0;0;0;0;0;0;0;0;0;0;0;0;0;0;0;0;2;1;0;1;0;0;0;0;0;1;0;0;0
43073;Cistrières;84;43;0;0;0;0;0;0;0;0;0;0;0;0;0;0;0;0;0;0;0;0;0;0;0;0;0;1;1;0;1;0;0;0;0;1;3;0;0
43074;Cohade;84;43;0;0;0;0;0;0;0;0;0;0;0;0;0;0;0;0;0;0;0;0;5;0;0;0;1;1;4;3;3;1;3;0;0;1;0;0;0
43075;Collat;84;43;0;0;0;0;0;0;0;0;0;0;0;0;0;0;0;0;0;0;0;0;0;0;0;0;0;0;1;0;0;0;0;0;0;0;0;0;0
43076;Connangles;84;43;0;0;0;0;0;0;0;0;0;0;0;0;0;0;0;0;0;0;0;0;0;0;0;0;1;0;0;0;0;0;0;0;0;0;0;0;0
43077;Costaros;84;43;0;1;0;0;0;0;0;0;0;0;0;0;0;0;0;2;0;1;0;0;3;0;0;0;2;1;5;1;1;0;1;0;0;5;1;0;0
43078;Coubon;84;43;0;0;0;0;0;0;0;0;0;0;0;0;0;0;0;0;1;1;0;0;5;0;0;1;8;6;9;3;7;0;2;0;0;1;0;0;3
43079;Couteuges;84;43;0;0;0;0;0;0;0;0;0;0;0;0;0;0;0;0;0;0;0;0;1;0;0;0;1;0;0;0;0;0;0;0;0;1;0;0;0
43080;Craponne-sur-Arzon;84;43;0;1;0;0;0;0;0;0;0;0;1;0;1;0;0;3;1;1;0;0;10;2;0;1;4;3;13;4;5;1;7;2;0;9;3;0;3
43082;Cronce;84;43;0;0;0;0;0;0;0;0;0;0;0;0;0;0;0;0;0;0;0;0;0;0;0;0;0;0;2;0;0;0;0;0;0;0;0;0;0
43083;Cubelles;84;43;0;0;0;0;0;0;0;0;0;0;0;0;0;0;0;0;0;0;0;0;0;0;0;0;2;0;0;1;1;0;0;0;0;0;0;0;0
43084;Cussac-sur-Loire;84;43;0;0;0;0;0;0;0;0;0;0;0;0;0;0;0;0;1;0;0;0;0;0;0;0;2;4;5;0;4;0;1;0;0;0;0;0;0
43085;Desges;84;43;0;0;0;0;0;0;0;0;0;0;0;0;0;0;0;0;0;0;0;0;0;0;0;0;0;0;0;0;1;0;0;0;0;0;0;0;0
43086;Domeyrat;84;43;0;0;0;0;0;0;0;0;0;0;0;0;0;0;0;0;0;0;0;0;0;0;0;0;0;0;0;0;2;0;1;0;0;0;0;0;0
43087;Dunières;84;43;0;0;0;0;0;0;0;0;0;0;0;0;0;0;0;2;2;1;0;0;8;1;0;1;2;9;5;3;5;0;6;1;0;3;2;1;3
43088;Espalem;84;43;0;0;0;0;0;0;0;0;0;0;0;0;0;0;0;0;0;0;0;0;0;0;0;0;1;0;1;0;0;0;0;0;0;0;0;0;0
43089;Espaly-Saint-Marcel;84;43;0;0;0;0;0;0;0;0;0;0;0;0;0;0;0;1;0;1;0;0;4;0;0;4;7;7;4;3;1;2;4;0;0;7;0;1;0
43090;Esplantas-Vazeilles;84;43;0;0;0;0;0;0;0;0;0;0;0;0;0;0;0;0;0;0;0;0;0;0;0;0;0;0;0;0;0;0;0;0;0;0;0;0;0
43091;Les Estables;84;43;0;0;0;0;0;0;0;0;0;0;0;0;0;0;0;0;0;0;0;1;0;0;0;0;4;0;1;0;1;0;0;0;0;5;0;0;0
43092;Fay-sur-Lignon;84;43;0;1;0;0;0;0;0;0;0;0;0;0;0;0;0;1;0;1;0;0;4;0;0;0;2;0;2;3;0;0;0;0;0;1;0;0;0
43093;Félines;84;43;0;0;0;0;0;0;0;0;0;0;0;0;0;0;0;0;0;0;0;1;0;0;0;0;1;0;0;0;0;0;0;0;0;1;1;0;0
43094;Ferrussac;84;43;0;0;0;0;0;0;0;0;0;0;0;0;0;0;0;0;0;0;0;0;0;0;0;0;0;0;1;0;0;0;0;0;0;0;0;0;0
43095;Fix-Saint-Geneys;84;43;0;0;0;0;0;0;0;0;0;0;0;0;0;0;0;0;0;0;0;0;0;0;0;0;0;0;0;0;0;0;0;0;0;2;0;0;0
43096;Fontannes;84;43;0;0;0;0;0;0;0;0;0;0;0;0;0;0;0;0;0;0;0;1;2;0;0;0;1;1;1;0;1;0;2;0;0;1;0;0;0
43097;Freycenet-la-Cuche;84;43;0;0;0;0;0;0;0;0;0;0;0;0;0;0;0;0;0;0;0;0;0;0;0;0;1;0;0;0;0;0;0;0;0;2;0;0;0
43098;Freycenet-la-Tour;84;43;0;0;0;0;0;0;0;0;0;0;0;0;0;0;0;0;0;0;0;0;0;0;0;0;0;0;0;0;0;0;0;0;0;0;0;0;1
43099;Frugerès-les-Mines;84;43;0;0;0;0;0;0;0;0;0;0;0;0;0;0;0;0;0;0;0;0;0;0;0;0;1;1;1;0;0;0;0;0;0;0;0;0;0
43100;Frugières-le-Pin;84;43;0;0;0;0;0;0;0;0;0;0;0;0;0;0;0;0;0;0;0;0;0;0;0;0;0;0;0;0;0;0;0;0;0;1;0;0;0
43101;Goudet;84;43;0;0;0;0;0;0;0;0;0;0;0;0;0;0;0;0;0;0;0;0;0;0;0;0;1;0;0;0;0;0;0;0;0;2;0;0;0
43102;Grazac;84;43;0;0;0;0;0;0;0;0;0;0;0;0;0;0;0;0;0;0;1;0;0;0;0;0;0;1;6;1;2;1;4;0;0;1;0;0;0
43103;Grenier-Montgon;84;43;0;0;0;0;0;0;0;0;0;0;0;0;0;0;0;0;0;0;0;0;0;0;0;0;1;0;0;0;0;0;0;0;0;0;0;0;0
43104;Grèzes;84;43;0;0;0;0;0;0;0;0;0;0;0;0;0;0;0;0;0;0;0;0;0;0;0;0;3;0;1;0;0;0;0;0;0;0;0;0;0
43105;Javaugues;84;43;0;0;0;0;0;0;0;0;0;0;0;0;0;0;0;0;0;0;0;0;0;0;0;0;1;0;0;0;0;0;0;0;0;0;0;0;0
43106;Jax;84;43;0;0;0;0;0;0;0;0;0;0;0;0;0;0;0;0;0;0;0;0;0;0;0;0;0;0;2;0;1;0;0;0;0;0;0;0;0
43107;Josat;84;43;0;0;0;0;0;0;0;0;0;0;0;0;0;0;0;0;0;0;0;0;1;0;0;0;0;0;0;1;0;0;0;0;0;0;0;0;0
43108;Jullianges;84;43;0;0;0;0;0;0;0;0;0;0;0;0;0;0;0;0;0;0;1;0;1;0;0;0;2;0;1;1;1;0;0;0;0;1;0;0;1
43109;Lafarre;84;43;0;0;0;0;0;0;0;0;0;0;0;0;0;0;0;0;0;0;0;0;0;0;0;0;2;0;0;0;0;0;0;0;0;0;0;0;0
43110;Lamothe;84;43;0;0;0;0;0;0;0;0;0;0;0;0;0;0;0;0;0;0;1;0;0;0;0;0;0;2;3;2;1;1;0;0;0;1;0;0;0
43111;Landos;84;43;0;0;0;0;0;0;0;0;0;0;0;0;0;0;0;1;1;1;0;0;3;1;0;0;1;2;1;1;1;0;2;1;0;2;0;0;0
43112;Langeac;84;43;0;1;0;0;0;0;0;0;0;0;1;0;0;0;0;6;1;1;0;0;8;1;0;2;2;8;8;3;1;1;10;1;2;21;5;1;1
43113;Lantriac;84;43;0;0;0;0;0;0;0;0;0;0;0;0;0;0;0;1;0;1;0;0;3;0;0;2;2;4;5;3;6;1;2;0;0;1;1;0;1
43114;Lapte;84;43;0;0;0;0;0;0;0;0;0;0;0;0;0;0;0;0;0;1;0;0;3;0;0;0;1;2;5;3;1;0;1;0;0;3;0;0;0
43115;Laussonne;84;43;0;0;0;0;0;0;0;0;0;0;0;0;0;0;0;1;1;1;0;0;2;0;0;0;4;0;3;3;1;0;1;0;0;3;0;0;0
43116;Laval-sur-Doulon;84;43;0;0;0;0;0;0;0;0;0;0;0;0;0;0;0;0;0;0;0;0;0;0;0;0;0;0;0;0;0;0;0;0;0;0;0;0;0
43117;Lavaudieu;84;43;0;0;0;0;0;0;0;0;0;0;0;0;0;0;0;0;0;0;0;0;0;0;0;0;1;0;0;2;0;0;0;0;0;3;0;0;0
43118;Lavoûte-Chilhac;84;43;0;1;0;0;0;0;0;0;0;0;0;0;0;0;0;1;0;0;0;1;1;0;0;0;0;0;2;1;1;0;1;0;0;2;0;0;0
43119;Lavoûte-sur-Loire;84;43;0;0;0;0;0;0;0;0;0;0;0;0;0;0;0;0;0;0;0;1;3;0;0;0;1;3;2;1;1;0;1;0;0;2;0;0;0
43120;Lempdes-sur-Allagnon;84;43;0;0;0;0;0;0;0;0;0;0;0;0;0;0;0;1;1;1;0;0;5;0;0;0;1;6;2;3;2;1;3;0;0;3;0;0;2
43121;Léotoing;84;43;0;0;0;0;0;0;0;0;0;0;0;0;0;0;0;0;0;0;0;0;0;0;0;0;0;0;0;0;0;0;0;0;0;1;0;0;0
43122;Lissac;84;43;0;0;0;0;0;0;0;0;0;0;0;0;0;0;0;0;0;0;0;0;1;0;0;0;1;0;1;0;1;0;0;0;0;0;1;0;0
43123;Lorlanges;84;43;0;0;0;0;0;0;0;0;0;0;0;0;0;0;0;0;0;0;0;0;0;0;0;0;0;0;1;0;0;0;1;0;0;1;0;0;0
43124;Loudes;84;43;0;1;0;0;0;0;0;0;0;0;0;0;0;0;0;2;0;1;0;0;2;0;0;0;3;0;2;0;2;0;1;0;0;1;0;0;0
43125;Lubilhac;84;43;0;0;0;0;0;0;0;0;0;0;0;0;0;0;0;0;0;0;0;0;0;0;0;0;0;0;1;0;1;0;0;0;0;0;0;0;0
43126;Malrevers;84;43;0;0;0;0;0;0;0;0;0;0;0;0;0;0;0;0;0;0;0;1;0;0;0;0;0;0;1;2;1;0;0;1;0;0;0;0;0
43127;Malvalette;84;43;0;0;0;0;0;0;0;0;0;0;0;0;0;0;0;0;0;0;0;0;0;0;0;0;0;3;0;3;3;0;0;0;0;0;0;0;0
43128;Malvières;84;43;0;0;0;0;0;0;0;0;0;0;0;0;0;0;0;0;0;0;0;0;0;0;0;0;0;0;0;0;0;0;0;0;0;0;0;0;0
43129;Le Mas-de-Tence;84;43;0;0;0;0;0;0;0;0;0;0;0;0;0;0;0;0;0;0;0;0;1;0;0;0;1;0;1;0;0;0;1;0;0;1;0;0;0
43130;Mazet-Saint-Voy;84;43;0;0;0;0;0;0;0;0;0;0;0;0;0;0;0;1;1;1;0;0;2;0;0;1;5;2;6;5;3;0;2;0;0;3;1;0;0
43131;Mazerat-Aurouze;84;43;0;0;0;0;0;0;0;0;0;0;0;0;0;0;0;0;0;0;0;0;0;0;0;0;0;1;1;1;0;0;0;0;0;1;0;0;0
43132;Mazeyrat-d'Allier;84;43;0;0;0;0;0;0;0;0;0;0;0;0;0;0;0;0;0;0;1;0;0;1;0;0;4;2;4;5;1;0;0;0;0;2;0;0;0
43133;Mercoeur;84;43;0;0;0;0;0;0;0;0;0;0;0;0;0;0;0;0;0;0;0;0;0;0;0;0;0;0;0;0;0;0;0;0;0;1;0;0;0
43134;Mézères;84;43;0;0;0;0;0;0;0;0;0;0;0;0;0;0;0;0;0;0;0;0;1;0;0;0;0;0;1;0;0;0;0;0;0;0;0;0;0
43135;Le Monastier-sur-Gazeille;84;43;0;1;0;0;0;0;0;0;0;0;1;0;0;0;0;2;1;1;0;0;6;0;1;1;5;3;4;3;2;0;4;2;0;4;1;0;1
43136;Monistrol-d'Allier;84;43;0;1;0;0;0;0;0;0;0;0;0;0;0;0;0;0;0;0;0;1;0;0;0;0;0;0;0;0;0;0;0;0;0;1;2;0;0
43137;Monistrol-sur-Loire;84;43;0;1;0;0;0;0;0;0;0;0;1;1;0;0;0;10;2;1;0;0;19;1;1;5;12;11;11;6;11;4;14;3;7;32;8;2;13
43138;Monlet;84;43;0;0;0;0;0;0;0;0;0;0;0;0;0;0;0;0;0;0;0;0;1;0;0;0;1;0;2;2;0;0;0;0;0;2;0;0;0
43139;Montclard;84;43;0;0;0;0;0;0;0;0;0;0;0;0;0;0;0;0;0;0;0;0;0;0;0;0;0;0;1;0;0;0;0;0;0;0;0;0;0
43140;Le Monteil;84;43;0;0;0;0;0;0;0;0;0;0;0;0;0;0;0;0;0;0;0;0;0;0;0;0;0;2;1;0;2;0;0;0;0;1;0;0;0
43141;Montfaucon-en-Velay;84;43;0;1;0;0;0;0;0;0;0;0;1;0;0;0;0;2;0;1;0;0;5;0;0;1;0;1;3;1;1;0;3;1;0;4;1;0;1
43142;Montregard;84;43;0;0;0;0;0;0;0;0;0;0;0;0;0;0;0;0;0;0;0;1;0;0;0;0;1;0;5;0;0;0;1;0;0;2;0;0;0
43143;Montusclat;84;43;0;0;0;0;0;0;0;0;0;0;0;0;0;0;0;0;0;0;0;0;0;0;0;0;4;0;0;0;0;0;0;0;0;1;0;0;0
43144;Moudeyres;84;43;0;0;0;0;0;0;0;0;0;0;0;0;0;0;0;0;0;0;0;0;0;0;0;1;0;0;0;1;0;0;0;0;0;2;0;0;0
43145;Ouides;84;43;0;0;0;0;0;0;0;0;0;0;0;0;0;0;0;0;0;0;0;0;0;0;0;0;0;0;0;0;0;0;0;0;0;0;0;0;0
43147;Paulhac;84;43;0;0;0;0;0;0;0;0;0;0;0;0;0;0;0;0;0;0;0;0;1;0;0;0;1;0;1;1;0;0;0;0;0;0;0;0;0
43148;Paulhaguet;84;43;0;1;0;0;0;0;0;0;0;0;1;0;0;0;0;2;1;1;0;0;4;0;0;1;2;1;4;1;0;1;3;1;0;1;0;0;1
43149;Pébrac;84;43;0;0;0;0;0;0;0;0;0;0;0;0;0;0;0;0;0;0;0;0;0;0;0;0;1;0;0;0;0;0;0;0;0;0;0;0;0
43150;Le Pertuis;84;43;0;0;0;0;0;0;0;0;0;0;0;0;0;0;0;0;0;0;0;1;2;0;0;0;0;0;1;1;0;1;1;0;0;0;0;0;0
43151;Pinols;84;43;0;1;0;0;0;0;0;0;0;0;0;0;0;0;0;0;0;0;0;1;0;0;0;0;0;0;1;1;0;0;0;0;0;1;0;0;0
43152;Polignac;84;43;0;0;0;0;0;0;0;0;0;0;0;0;0;0;0;0;0;0;0;1;4;1;0;0;8;5;7;4;4;1;1;1;0;4;1;0;0
43153;Pont-Salomon;84;43;0;0;0;0;0;0;0;0;0;0;0;0;0;0;0;0;0;0;0;1;6;0;0;1;0;3;3;7;4;1;1;0;0;1;2;0;1
43154;Pradelles;84;43;0;1;0;0;0;0;0;0;0;0;0;0;0;0;0;2;0;1;0;0;1;0;0;0;3;1;1;0;1;0;1;0;0;6;0;0;0
43155;Prades;84;43;0;0;0;0;0;0;0;0;0;0;0;0;0;0;0;0;0;0;0;0;0;0;0;0;0;0;0;0;0;0;0;0;0;0;0;0;0
43156;Présailles;84;43;0;0;0;0;0;0;0;0;0;0;0;0;0;0;0;0;0;0;0;1;0;0;0;0;0;0;0;1;0;0;0;0;0;0;0;0;0
43157;Le Puy-en-Velay;84;43;1;0;0;1;1;1;1;0;0;0;14;1;0;0;0;22;6;3;1;0;26;5;3;13;44;33;22;13;12;8;56;4;10;131;25;4;16
43158;Queyrières;84;43;0;0;0;0;0;0;0;0;0;0;0;0;0;0;0;0;0;0;0;0;0;0;0;0;0;0;1;0;0;0;0;0;0;2;0;0;0
43159;Raucoules;84;43;0;0;0;0;0;0;0;0;0;0;0;0;0;0;0;0;0;0;0;0;2;0;0;0;1;0;2;2;0;1;1;4;0;1;0;0;0
43160;Rauret;84;43;0;0;0;0;0;0;0;0;0;0;0;0;0;0;0;0;0;0;0;0;0;0;0;0;0;0;0;0;0;0;0;0;0;1;0;0;0
43162;Retournac;84;43;0;1;0;0;0;0;0;0;0;0;0;0;0;0;0;1;1;1;0;0;6;1;0;1;1;6;8;3;4;0;5;3;0;10;2;0;1
43163;Riotord;84;43;0;0;0;0;0;0;0;0;0;0;0;0;0;0;0;1;0;1;0;0;0;0;0;1;4;1;2;2;2;0;1;0;0;3;0;0;0
43164;Roche-en-Régnier;84;43;0;0;0;0;0;0;0;0;0;0;0;0;0;0;0;0;0;0;0;1;0;0;0;0;2;1;0;2;0;0;0;0;0;1;0;0;0
43165;Rosières;84;43;0;1;0;0;0;0;0;0;0;0;0;0;0;0;0;1;1;1;0;0;2;0;0;1;2;2;12;2;3;0;3;1;0;4;3;0;1
43166;Saint-André-de-Chalencon;84;43;0;0;0;0;0;0;0;0;0;0;0;0;0;0;0;0;0;0;0;1;2;0;0;0;1;1;1;0;0;0;0;0;0;0;0;0;0
43167;Saint-Arcons-d'Allier;84;43;0;0;0;0;0;0;0;0;0;0;0;0;0;0;0;0;0;0;0;0;0;0;0;0;1;1;1;0;0;0;0;0;0;0;0;0;0
43168;Saint-Arcons-de-Barges;84;43;0;0;0;0;0;0;0;0;0;0;0;0;0;0;0;0;0;0;0;0;0;0;0;0;0;0;0;0;0;0;0;0;0;0;0;0;0
43169;Saint-Austremoine;84;43;0;0;0;0;0;0;0;0;0;0;0;0;0;0;0;0;0;0;0;0;0;0;0;0;0;0;0;0;0;0;0;0;0;0;0;0;0
43170;Saint-Beauzire;84;43;0;0;0;0;0;0;0;0;0;0;0;0;0;0;0;0;0;0;0;1;1;0;0;0;1;0;0;1;0;0;0;0;0;0;0;0;0
43171;Saint-Bérain;84;43;0;0;0;0;0;0;0;0;0;0;0;0;0;0;0;0;0;0;0;0;0;0;0;0;0;0;0;0;0;0;0;0;0;0;0;0;0
43172;Saint-Bonnet-le-Froid;84;43;0;0;0;0;0;0;0;0;0;0;0;0;0;0;0;0;0;0;0;1;2;0;0;0;0;0;2;1;0;0;2;0;0;4;0;0;0
43173;Saint-Christophe-d'Allier;84;43;0;0;0;0;0;0;0;0;0;0;0;0;0;0;0;0;0;0;0;0;0;0;0;0;1;1;0;0;1;0;0;0;0;0;0;0;0
43174;Saint-Christophe-sur-Dolaison;84;43;0;0;0;0;0;0;0;0;0;0;0;0;0;0;0;0;0;0;0;1;3;0;0;0;4;1;4;1;1;0;2;0;0;4;0;0;2
43175;Saint-Cirgues;84;43;0;0;0;0;0;0;0;0;0;0;0;0;0;0;0;0;0;0;0;0;0;0;0;0;1;0;0;0;0;0;0;0;0;1;0;0;0
43176;Saint-Didier-d'Allier;84;43;0;0;0;0;0;0;0;0;0;0;0;0;0;0;0;0;0;0;0;0;0;0;0;0;0;0;0;0;0;0;0;0;0;0;0;0;0
43177;Saint-Didier-en-Velay;84;43;0;1;0;0;0;0;0;0;0;0;1;0;0;0;0;2;2;1;0;0;6;0;0;2;6;2;6;5;7;0;5;1;1;5;5;0;2
43178;Saint-Didier-sur-Doulon;84;43;0;0;0;0;0;0;0;0;0;0;0;0;0;0;0;0;0;0;0;0;0;0;0;0;0;0;0;0;0;1;0;0;0;1;0;0;0
43180;Saint-Étienne-du-Vigan;84;43;0;0;0;0;0;0;0;0;0;0;0;0;0;0;0;0;0;0;0;0;0;0;0;0;0;0;0;0;1;0;0;0;0;0;0;0;0
43181;Saint-Étienne-Lardeyrol;84;43;0;0;0;0;0;0;0;0;0;0;0;0;0;0;0;0;0;0;0;1;0;0;0;0;2;1;2;1;0;0;1;0;0;0;0;0;0
43182;Saint-Étienne-sur-Blesle;84;43;0;0;0;0;0;0;0;0;0;0;0;0;0;0;0;0;0;0;0;0;0;0;0;0;1;0;0;0;0;0;0;0;0;0;0;0;0
43183;Sainte-Eugénie-de-Villeneuve;84;43;0;0;0;0;0;0;0;0;0;0;0;0;0;0;0;0;0;0;0;0;0;0;0;0;0;0;1;0;0;1;0;0;0;0;0;0;0
43184;Saint-Ferréol-d'Auroure;84;43;0;0;0;0;0;0;0;0;0;0;0;0;0;0;0;1;0;1;0;0;5;0;1;0;3;1;4;3;10;0;4;1;0;2;0;0;3
43185;Sainte-Florine;84;43;0;1;0;0;0;0;0;0;0;0;1;0;0;0;0;3;1;1;0;0;4;0;0;2;2;0;2;3;4;0;5;0;1;3;4;0;4
43186;Saint-Front;84;43;0;0;0;0;0;0;0;0;0;0;0;0;0;0;0;0;0;0;0;1;0;0;0;0;1;0;2;1;1;0;0;0;0;0;0;0;0
43187;Saint-Geneys-près-Saint-Paulien;84;43;0;0;0;0;0;0;0;0;0;0;0;0;0;0;0;0;0;0;0;0;1;0;0;0;0;0;0;0;1;1;0;0;0;1;0;0;0
43188;Saint-Georges-d'Aurac;84;43;0;0;0;0;0;0;0;0;0;0;0;0;0;0;0;0;0;0;0;1;0;0;0;0;1;0;2;1;0;0;0;0;0;2;0;0;0
43189;Saint-Georges-Lagricol;84;43;0;0;0;0;0;0;0;0;0;0;0;0;0;0;0;0;0;0;1;0;2;0;0;0;3;0;4;0;0;0;1;0;0;0;0;0;0
43190;Saint-Germain-Laprade;84;43;0;0;0;0;0;0;0;0;0;0;0;0;0;0;0;1;0;1;0;0;15;2;2;1;5;3;10;9;5;2;4;0;0;3;1;0;2
43191;Saint-Géron;84;43;0;0;0;0;0;0;0;0;0;0;0;0;0;0;0;0;0;0;0;0;0;0;0;0;0;0;0;0;0;0;0;0;0;0;0;0;0
43192;Saint-Haon;84;43;0;0;0;0;0;0;0;0;0;0;0;0;0;0;0;0;0;0;0;1;0;0;0;0;0;0;0;0;0;0;0;0;0;1;0;0;0
43193;Saint-Hilaire;84;43;0;0;0;0;0;0;0;0;0;0;0;0;0;0;0;0;0;0;0;0;0;0;0;0;0;0;0;0;0;0;0;0;0;2;0;0;0
43194;Saint-Hostien;84;43;0;0;0;0;0;0;0;0;0;0;0;0;0;0;0;1;0;0;0;1;3;0;0;0;3;0;3;0;0;0;1;0;0;0;0;0;0
43195;Saint-Ilpize;84;43;0;0;0;0;0;0;0;0;0;0;0;0;0;0;0;0;0;0;0;0;0;0;0;0;2;0;1;0;0;0;0;0;0;0;0;0;0
43196;Saint-Jean-d'Aubrigoux;84;43;0;0;0;0;0;0;0;0;0;0;0;0;0;0;0;0;0;0;0;0;0;0;0;0;0;0;0;0;0;0;0;0;0;0;0;0;0
43197;Saint-Jean-de-Nay;84;43;0;0;0;0;0;0;0;0;0;0;0;0;0;0;0;0;0;0;0;0;1;0;0;0;0;0;2;1;0;0;0;0;0;0;0;0;0
43198;Saint-Jean-Lachalm;84;43;0;0;0;0;0;0;0;0;0;0;0;0;0;0;0;0;0;0;0;0;1;0;0;0;2;0;0;0;0;0;0;0;0;0;0;0;0
43199;Saint-Jeures;84;43;0;0;0;0;0;0;0;0;0;0;0;0;0;0;0;0;0;0;0;1;0;0;0;0;3;1;4;1;1;0;1;0;0;1;1;0;2
43200;Saint-Julien-Chapteuil;84;43;0;1;0;0;0;0;0;0;0;0;1;0;0;0;0;2;2;1;0;0;8;1;0;1;3;3;3;3;4;1;5;4;0;6;2;0;1
43201;Saint-Julien-d'Ance;84;43;0;0;0;0;0;0;0;0;0;0;0;0;0;0;0;0;0;0;0;0;0;0;0;0;1;0;1;0;0;0;0;0;0;0;0;0;0
43202;Saint-Julien-des-Chazes;84;43;0;0;0;0;0;0;0;0;0;0;0;0;0;0;0;0;0;0;0;0;0;0;0;0;0;0;0;0;0;1;0;0;0;1;0;0;0
43203;Saint-Julien-du-Pinet;84;43;0;0;0;0;0;0;0;0;0;0;0;0;0;0;0;0;0;0;0;0;1;0;0;0;0;1;1;0;0;0;1;0;0;3;0;0;0
43204;Saint-Julien-Molhesabate;84;43;0;0;0;0;0;0;0;0;0;0;0;0;0;0;0;0;0;0;0;0;0;0;0;0;1;1;0;0;0;0;0;0;0;2;0;0;0
43205;Saint-Just-Malmont;84;43;0;0;0;0;0;0;0;0;0;0;0;0;0;0;0;3;0;1;0;0;7;2;0;2;5;2;6;3;5;0;5;0;0;8;3;0;3
43206;Saint-Just-près-Brioude;84;43;0;0;0;0;0;0;0;0;0;0;0;0;0;0;0;0;0;0;0;1;0;0;0;0;4;0;1;1;1;0;0;0;0;1;0;0;0
43207;Saint-Laurent-Chabreuges;84;43;0;0;0;0;0;0;0;0;0;0;0;0;0;0;0;0;0;0;0;0;0;0;0;0;0;0;0;0;0;0;1;0;0;0;0;0;0
43208;Sainte-Marguerite;84;43;0;0;0;0;0;0;0;0;0;0;0;0;0;0;0;0;0;0;0;0;0;0;0;0;0;0;0;0;0;0;0;0;0;0;0;0;0
43210;Saint-Martin-de-Fugères;84;43;0;0;0;0;0;0;0;0;0;0;0;0;0;0;0;0;0;0;0;0;0;0;0;0;0;0;1;0;0;0;0;0;0;0;0;0;0
43211;Saint-Maurice-de-Lignon;84;43;0;0;0;0;0;0;0;0;0;0;0;0;0;0;0;1;1;1;0;0;5;0;0;1;4;2;9;3;1;0;3;0;0;5;0;0;2
43212;Saint-Pal-de-Chalencon;84;43;0;0;0;0;0;0;0;0;0;0;0;0;0;0;0;0;0;1;0;0;2;0;0;1;4;2;3;4;1;1;3;0;0;3;0;0;0
43213;Saint-Pal-de-Mons;84;43;0;0;0;0;0;0;0;0;0;0;0;0;0;0;0;1;1;1;0;0;6;1;0;2;6;1;3;4;8;0;2;0;0;4;2;0;1
43214;Saint-Pal-de-Senouire;84;43;0;0;0;0;0;0;0;0;0;0;0;0;0;0;0;0;0;0;0;0;0;0;0;0;0;0;0;0;0;0;0;0;0;0;0;0;0
43215;Saint-Paul-de-Tartas;84;43;0;0;0;0;0;0;0;0;0;0;0;0;0;0;0;0;0;0;0;0;0;0;0;0;0;0;1;0;0;0;0;0;0;1;0;0;0
43216;Saint-Paulien;84;43;0;1;0;0;0;0;0;0;0;0;1;0;0;0;0;3;1;1;0;0;6;2;0;1;6;5;13;6;3;1;3;1;0;6;1;0;1
43217;Saint-Pierre-du-Champ;84;43;0;0;0;0;0;0;0;0;0;0;0;0;0;0;0;0;0;0;0;1;0;0;0;0;1;1;2;1;0;0;0;0;0;1;1;0;0
43218;Saint-Pierre-Eynac;84;43;0;0;0;0;0;0;0;0;0;0;0;0;0;0;0;0;0;0;0;1;3;0;0;0;2;3;2;4;0;0;0;0;0;3;2;0;0
43219;Saint-Préjet-Armandon;84;43;0;0;0;0;0;0;0;0;0;0;0;0;0;0;0;0;0;0;0;0;0;0;0;0;0;0;1;0;0;0;0;0;0;0;0;0;0
43220;Saint-Préjet-d'Allier;84;43;0;0;0;0;0;0;0;0;0;0;0;0;0;0;0;0;0;0;0;1;0;0;0;0;1;1;0;0;0;0;0;0;0;1;0;0;0
43221;Saint-Privat-d'Allier;84;43;0;0;0;0;0;0;0;0;0;0;0;0;0;0;0;0;0;0;1;0;1;0;0;0;0;0;1;0;0;0;0;0;0;3;0;0;0
43222;Saint-Privat-du-Dragon;84;43;0;0;0;0;0;0;0;0;0;0;0;0;0;0;0;0;0;0;0;0;0;0;0;0;0;0;0;0;0;0;0;0;0;0;0;0;0
43223;Saint-Romain-Lachalm;84;43;0;0;0;0;0;0;0;0;0;0;0;0;0;0;0;0;1;0;0;1;6;0;0;0;3;1;5;1;2;0;3;0;0;1;1;0;1
43224;Sainte-Sigolène;84;43;0;1;0;0;0;0;0;0;0;0;0;0;0;0;0;4;1;1;0;0;18;0;0;3;12;14;7;6;7;3;8;1;2;14;2;0;3
43225;Saint-Vénérand;84;43;0;0;0;0;0;0;0;0;0;0;0;0;0;0;0;0;0;0;0;0;0;0;0;0;0;0;1;0;0;0;0;0;0;0;0;0;0
43226;Saint-Vert;84;43;0;0;0;0;0;0;0;0;0;0;0;0;0;0;0;0;0;0;0;0;0;0;0;0;0;0;0;1;0;0;0;0;0;1;0;0;0
43227;Saint-Victor-Malescours;84;43;0;0;0;0;0;0;0;0;0;0;0;0;0;0;0;0;0;0;0;0;2;0;0;0;1;1;1;1;3;0;0;0;0;1;0;0;0
43228;Saint-Victor-sur-Arlanc;84;43;0;0;0;0;0;0;0;0;0;0;0;0;0;0;0;0;0;0;0;0;0;0;0;0;0;0;0;1;1;0;0;0;0;0;0;0;0
43229;Saint-Vidal;84;43;0;0;0;0;0;0;0;0;0;0;0;0;0;0;0;0;0;0;0;0;0;0;0;0;0;0;4;3;1;1;1;0;0;1;0;0;0
43230;Saint-Vincent;84;43;0;0;0;0;0;0;0;0;0;0;0;0;0;0;0;0;1;0;0;1;1;0;0;0;5;2;1;2;1;0;0;0;0;1;1;0;0
43231;Salettes;84;43;0;0;0;0;0;0;0;0;0;0;0;0;0;0;0;0;0;0;0;1;0;0;0;0;0;0;0;0;0;0;0;0;0;0;0;0;1
43232;Salzuit;84;43;0;0;0;0;0;0;0;0;0;0;0;0;0;0;0;0;0;0;0;0;1;0;0;0;3;0;3;0;2;0;0;0;0;2;0;0;0
43233;Sanssac-l'Église;84;43;0;0;0;0;0;0;0;0;0;0;0;0;0;0;0;0;0;0;0;0;3;0;0;0;7;3;0;3;3;0;0;0;0;1;1;0;0
43234;Saugues;84;43;0;1;0;0;0;0;0;0;0;0;1;0;0;0;0;2;1;1;0;0;5;1;0;1;6;3;5;6;3;0;5;3;0;5;0;0;2
43236;La Séauve-sur-Semène;84;43;0;0;0;0;0;0;0;0;0;0;0;0;0;0;0;1;0;0;1;0;3;0;0;0;2;0;3;3;2;0;3;0;0;3;2;1;1
43237;Sembadel;84;43;0;0;0;0;0;0;0;0;0;0;0;0;0;0;0;0;0;0;0;0;3;0;0;0;1;0;1;0;0;0;0;0;0;0;0;0;0
43238;Séneujols;84;43;0;0;0;0;0;0;0;0;0;0;0;0;0;0;0;0;0;0;0;1;0;0;0;0;1;2;0;0;0;0;1;0;0;0;0;0;0
43239;Siaugues-Sainte-Marie;84;43;0;0;0;0;0;0;0;0;0;0;0;0;0;0;0;1;0;0;0;1;0;0;0;0;3;2;1;1;1;0;1;1;0;1;0;0;0
43240;Solignac-sous-Roche;84;43;0;0;0;0;0;0;0;0;0;0;0;0;0;0;0;0;0;0;0;0;0;0;0;0;1;1;0;0;0;0;0;0;0;2;0;0;1
43241;Solignac-sur-Loire;84;43;0;0;0;0;0;0;0;0;0;0;0;0;0;0;0;1;0;1;0;0;4;0;0;0;2;0;10;1;3;0;3;0;0;3;0;0;0
43242;Tailhac;84;43;0;0;0;0;0;0;0;0;0;0;0;0;0;0;0;0;0;0;0;0;0;0;0;0;1;0;0;0;0;0;0;0;0;0;0;0;0
43244;Tence;84;43;0;1;0;0;0;0;0;0;0;0;1;0;0;0;0;4;0;1;0;0;8;1;0;2;10;8;8;6;6;0;5;0;0;14;4;0;6
43245;Thoras;84;43;0;0;0;0;0;0;0;0;0;0;0;0;0;0;0;0;0;0;0;0;2;0;0;0;0;0;0;0;0;0;0;0;0;1;0;0;0
43246;Tiranges;84;43;0;0;0;0;0;0;0;0;0;0;0;0;0;0;0;0;0;0;0;1;0;0;0;0;2;1;2;1;0;0;0;0;0;0;0;0;0
43247;Torsiac;84;43;0;0;0;0;0;0;0;0;0;0;0;0;0;0;0;0;0;0;0;0;0;0;0;0;0;0;0;0;0;0;0;0;0;1;0;0;0
43249;Valprivas;84;43;0;0;0;0;0;0;0;0;0;0;0;0;0;0;0;0;0;0;0;1;0;0;0;0;1;0;3;3;1;0;1;0;0;0;0;0;0
43250;Vals-le-Chastel;84;43;0;0;0;0;0;0;0;0;0;0;0;0;0;0;0;0;0;0;0;0;1;0;0;0;0;0;1;0;1;0;0;0;0;0;0;0;0
43251;Vals-près-le-Puy;84;43;0;0;0;0;0;0;0;0;0;0;0;0;0;0;0;7;0;1;0;0;1;0;0;0;6;4;6;7;1;0;4;4;0;7;3;1;3
43252;Varennes-Saint-Honorat;84;43;0;0;0;0;0;0;0;0;0;0;0;0;0;0;0;0;0;0;0;0;0;0;0;0;0;0;1;0;0;0;0;0;0;0;0;0;0
43253;Les Vastres;84;43;0;0;0;0;0;0;0;0;0;0;0;0;0;0;0;0;0;0;0;0;0;0;0;0;0;0;0;0;1;0;0;0;0;0;0;0;0
43254;Vazeilles-Limandre;84;43;0;0;0;0;0;0;0;0;0;0;0;0;0;0;0;0;0;0;0;0;1;0;0;0;0;0;1;0;0;0;0;0;0;1;0;0;0
43256;Venteuges;84;43;0;0;0;0;0;0;0;0;0;0;0;0;0;0;0;0;0;0;0;0;2;0;0;0;1;0;1;1;1;0;0;0;0;3;0;0;0
43257;Vergezac;84;43;0;0;0;0;0;0;0;0;0;0;0;0;0;0;0;0;0;0;0;0;0;0;0;0;4;0;2;0;2;0;0;0;0;1;0;1;0
43258;Vergongheon;84;43;0;0;0;0;0;0;0;0;0;0;0;0;0;0;0;1;1;1;0;0;1;0;0;0;1;1;3;1;4;0;3;0;0;4;1;0;1
43259;Vernassal;84;43;0;0;0;0;0;0;0;0;0;0;0;0;0;0;0;0;0;0;0;0;1;0;0;0;1;0;1;0;1;0;0;0;0;0;0;0;0
43260;Le Vernet;84;43;0;0;0;0;0;0;0;0;0;0;0;0;0;0;0;0;0;0;0;0;0;0;0;0;0;0;0;0;0;0;0;0;0;0;0;0;0
43261;Vézézoux;84;43;0;0;0;0;0;0;0;0;0;0;0;0;0;0;0;0;0;0;0;0;3;0;0;0;0;0;0;0;2;0;0;0;0;1;0;0;0
43262;Vieille-Brioude;84;43;0;0;0;0;0;0;0;0;0;0;0;0;0;0;0;0;0;0;0;0;1;1;0;0;3;3;4;5;1;2;0;0;0;2;1;0;0
43263;Vielprat;84;43;0;0;0;0;0;0;0;0;0;0;0;0;0;0;0;0;0;0;0;0;0;0;0;0;0;0;0;0;0;0;0;0;0;1;0;0;0
43264;Villeneuve-d'Allier;84;43;0;0;0;0;0;0;0;0;0;0;0;0;0;0;0;0;0;0;0;1;0;0;0;0;1;0;2;2;0;0;0;0;0;1;0;0;0
43265;Les Villettes;84;43;0;0;0;0;0;0;0;0;0;0;0;0;0;0;0;0;0;0;0;1;2;0;0;0;2;1;3;2;1;0;2;0;0;3;0;0;0
43267;Vorey;84;43;0;1;0;0;0;0;0;0;0;0;1;0;0;0;0;2;0;1;0;0;3;0;0;0;2;0;1;2;1;0;3;0;0;4;1;0;2
43268;Yssingeaux;84;43;0;1;0;0;0;0;0;0;0;0;3;1;0;0;0;7;1;1;0;0;19;2;0;3;8;7;14;15;8;1;15;6;1;18;6;2;7
44001;Abbaretz;52;44;0;0;0;0;0;0;0;0;0;0;0;0;0;0;0;0;0;1;0;0;3;0;0;0;1;4;6;3;1;0;2;0;0;0;1;0;0
44002;Aigrefeuille-sur-Maine;52;44;0;1;0;0;0;0;0;0;0;1;0;0;0;0;0;3;0;1;0;0;9;1;0;1;1;8;12;3;2;1;3;1;0;8;3;0;3
44003;Ancenis;52;44;0;1;0;0;0;0;0;0;0;2;0;1;0;0;0;9;1;2;0;0;14;3;1;9;3;5;12;13;8;1;11;6;18;34;11;2;9
44005;Chaumes-en-Retz;52;44;0;0;0;0;0;0;0;0;0;0;0;0;0;0;0;2;0;1;0;2;10;1;0;1;16;12;14;12;11;2;4;2;0;9;4;0;3
44006;Assérac;52;44;0;0;0;0;0;0;0;0;0;0;0;0;0;0;0;0;0;1;0;0;3;0;0;0;5;1;6;8;3;1;1;0;0;5;0;0;1
44007;Avessac;52;44;0;0;0;0;0;0;0;0;0;0;0;0;0;0;0;1;0;1;0;0;3;0;0;0;2;4;4;4;3;0;2;0;0;1;0;0;1
44009;Basse-Goulaine;52;44;0;1;0;0;0;0;0;0;0;0;0;0;0;0;0;4;0;1;0;0;8;2;0;3;3;6;10;10;6;6;13;3;1;13;10;1;5
44010;Batz-sur-Mer;52;44;0;0;0;0;0;0;0;0;0;0;0;0;0;0;0;1;2;1;0;0;4;2;0;1;7;8;8;10;4;1;4;0;0;13;3;0;1
44012;La Bernerie-en-Retz;52;44;0;0;0;0;0;0;0;0;0;0;0;0;0;0;0;1;1;1;0;0;0;0;0;0;3;6;2;5;3;0;6;1;0;17;9;0;1
44013;Besné;52;44;0;0;0;0;0;0;0;0;0;0;0;0;0;0;0;1;0;0;0;1;6;0;0;0;2;1;3;7;3;0;3;0;0;0;0;0;2
44014;Le Bignon;52;44;0;0;0;0;0;0;0;0;0;0;0;0;0;0;0;1;0;1;0;0;4;0;0;2;7;7;7;5;3;0;6;0;0;5;3;0;2
44015;Blain;52;44;0;1;0;0;0;0;0;0;0;1;0;1;0;0;0;6;3;1;0;0;19;2;0;4;3;18;22;12;7;3;15;5;2;23;11;1;6
44016;La Boissière-du-Doré;52;44;0;0;0;0;0;0;0;0;0;0;0;0;0;0;0;0;0;0;1;0;1;0;0;0;1;1;1;0;2;0;1;0;0;1;0;0;0
44017;Bonnoeuvre;52;44;0;0;0;0;0;0;0;0;0;0;0;0;0;0;0;0;0;0;0;1;2;0;0;0;0;2;1;2;0;0;2;0;0;1;0;0;1
44018;Bouaye;52;44;0;1;0;0;0;0;0;0;0;1;0;0;0;0;0;5;1;1;0;0;11;1;0;3;4;8;14;5;10;4;9;1;1;12;6;0;4
44019;Bouée;52;44;0;0;0;0;0;0;0;0;0;0;0;0;0;0;0;0;0;0;0;0;0;0;0;1;1;2;5;1;1;0;0;1;0;3;1;0;0
44020;Bouguenais;52;44;0;1;0;0;0;0;0;0;0;0;0;0;0;0;0;11;3;2;0;0;21;1;9;7;20;52;25;28;17;5;18;3;1;26;22;1;7
44021;Villeneuve-en-Retz;52;44;0;1;0;0;0;0;0;0;0;0;0;0;0;0;0;1;1;1;0;0;10;1;0;1;11;12;16;5;5;0;5;0;0;4;4;1;3
44022;Boussay;52;44;0;0;0;0;0;0;0;0;0;0;0;0;0;0;0;2;0;0;0;1;3;0;0;0;1;8;3;2;1;0;3;0;0;1;0;0;0
44023;Bouvron;52;44;0;0;0;0;0;0;0;0;0;0;0;0;0;0;0;2;0;1;0;0;5;0;0;1;5;6;2;4;2;1;2;0;0;4;1;0;1
44024;Brains;52;44;0;0;0;0;0;0;0;0;0;0;0;0;0;0;0;0;0;1;0;0;4;0;0;0;1;4;4;1;2;1;3;0;0;3;5;0;3
44025;Campbon;52;44;0;0;0;0;0;0;0;0;0;0;0;0;0;0;0;3;1;1;0;0;4;0;0;1;4;9;5;4;2;0;4;0;0;5;0;0;2
44026;Carquefou;52;44;0;1;0;0;0;0;0;0;0;1;0;0;0;0;0;9;1;1;0;0;20;4;3;4;11;15;20;24;14;11;16;2;2;50;27;4;9
44027;Casson;52;44;0;0;0;0;0;0;0;0;0;0;0;0;0;0;0;0;0;0;1;0;1;0;0;0;7;2;5;2;4;0;3;0;0;2;1;0;1
44028;Le Cellier;52;44;0;0;0;0;0;0;0;0;0;0;0;0;0;0;0;1;1;1;0;0;12;1;1;1;2;10;12;8;0;3;3;0;0;6;4;0;1
44029;Divatte-sur-Loire;52;44;0;0;0;0;0;0;0;0;0;0;0;0;0;0;0;2;1;1;0;0;17;2;1;1;4;16;24;12;7;2;7;1;0;12;9;1;3
44030;La Chapelle-des-Marais;52;44;0;0;0;0;0;0;0;0;0;0;0;0;0;0;0;1;0;1;0;0;1;0;0;1;4;2;7;4;1;0;8;0;0;6;0;0;3
44031;La Chapelle-Glain;52;44;0;0;0;0;0;0;0;0;0;0;0;0;0;0;0;0;0;1;0;0;1;0;0;0;2;1;1;1;1;0;1;0;0;0;0;0;0
44032;La Chapelle-Heulin;52;44;0;0;0;0;0;0;0;0;0;0;0;0;0;0;0;1;0;1;0;0;4;0;0;0;8;5;9;10;3;4;8;0;0;5;2;0;0
44033;La Chapelle-Launay;52;44;0;0;0;0;0;0;0;0;0;0;0;0;0;0;0;1;0;0;0;1;8;0;0;0;4;2;6;1;2;0;4;0;0;6;0;0;0
44035;La Chapelle-sur-Erdre;52;44;0;1;0;0;0;0;0;0;0;0;0;0;0;0;0;7;2;1;1;0;13;2;1;3;7;23;22;30;22;9;15;9;2;26;25;3;15
44036;Châteaubriant;52;44;0;1;0;0;0;0;0;0;0;4;0;1;0;1;0;9;3;1;0;0;21;3;2;6;49;18;11;17;8;6;21;7;12;43;25;3;12
44037;Château-Thébaud;52;44;0;0;0;0;0;0;0;0;0;0;0;0;0;0;0;1;1;1;0;0;5;0;0;1;6;6;14;7;4;0;2;0;0;7;1;0;2
44038;Chauvé;52;44;0;0;0;0;0;0;0;0;0;0;0;0;0;0;0;0;0;1;0;0;4;0;0;0;8;3;5;3;2;0;4;0;0;2;1;0;0
44039;Cheix-en-Retz;52;44;0;0;0;0;0;0;0;0;0;0;0;0;0;0;0;0;0;0;1;0;1;0;0;0;2;3;2;7;6;0;2;0;0;1;4;0;2
44041;La Chevrolière;52;44;0;0;0;0;0;0;0;0;0;0;0;0;0;0;0;2;1;1;0;0;8;0;0;1;7;8;7;4;8;1;7;0;0;11;3;0;3
44043;Clisson;52;44;0;0;0;0;0;0;0;0;0;1;0;1;0;0;0;8;2;1;0;0;6;1;1;4;6;19;11;9;3;0;12;6;6;22;14;2;5
44044;Conquereuil;52;44;0;0;0;0;0;0;0;0;0;0;0;0;0;0;0;0;1;0;0;1;3;0;0;0;0;0;1;2;1;0;1;0;0;1;0;0;0
44045;Cordemais;52;44;0;0;0;0;0;0;0;0;0;0;0;0;0;0;0;1;0;0;0;1;5;0;0;1;2;9;6;4;3;2;5;1;0;6;4;0;1
44046;Corsept;52;44;0;0;0;0;0;0;0;0;0;0;0;0;0;0;0;0;0;0;0;1;1;0;0;0;5;3;5;4;1;0;4;0;0;0;0;0;0
44047;Couëron;52;44;0;1;0;0;0;0;0;0;0;0;0;0;0;0;0;7;3;2;0;0;29;2;1;4;17;62;29;33;14;10;23;3;0;23;14;1;13
44048;Couffé;52;44;0;0;0;0;0;0;0;0;0;0;0;0;0;0;0;2;0;0;1;0;2;0;1;0;2;6;8;6;5;0;3;0;1;2;0;0;4
44049;Le Croisic;52;44;0;1;0;0;0;0;0;0;0;0;0;0;0;0;0;7;1;1;0;0;3;0;0;2;7;7;9;9;3;1;6;3;0;42;6;2;1
44050;Crossac;52;44;0;0;0;0;0;0;0;0;0;0;0;0;0;0;0;0;1;0;0;1;1;0;0;2;1;2;3;8;1;0;3;0;0;2;0;0;0
44051;Derval;52;44;0;1;0;0;0;0;0;0;0;1;0;0;0;0;0;2;0;1;0;0;6;1;0;1;3;6;4;4;3;2;5;1;0;7;9;0;4
44052;Donges;52;44;0;0;0;0;0;0;0;0;0;0;0;0;0;0;0;2;1;1;0;0;9;3;0;1;7;13;7;6;8;2;11;0;2;9;0;2;4
44053;Drefféac;52;44;0;0;0;0;0;0;0;0;0;0;0;0;0;0;0;0;1;0;0;1;1;0;0;0;2;4;4;5;2;0;1;0;0;0;1;0;1
44054;Erbray;52;44;0;0;0;0;0;0;0;0;0;0;0;0;0;0;0;1;0;0;0;1;4;0;1;1;13;10;6;8;1;1;3;0;0;3;3;0;1
44055;La Baule-Escoublac;52;44;1;0;0;0;0;0;0;0;0;1;0;1;0;0;0;19;2;2;0;2;17;1;7;5;17;32;25;25;25;8;33;4;0;100;100;6;25
44056;Fay-de-Bretagne;52;44;0;0;0;0;0;0;0;0;0;0;0;0;0;0;0;2;0;1;0;0;6;0;0;2;5;9;2;7;4;2;3;1;0;2;4;0;3
44057;Fégréac;52;44;0;0;0;0;0;0;0;0;0;0;0;0;0;0;0;1;0;1;0;0;2;0;0;0;4;6;10;2;1;0;1;0;0;1;1;0;2
44058;Fercé;52;44;0;0;0;0;0;0;0;0;0;0;0;0;0;0;0;0;0;0;0;0;0;0;0;0;1;0;2;2;0;0;0;0;0;0;1;0;0
44061;Frossay;52;44;0;0;0;0;0;0;0;0;0;0;0;0;0;0;0;2;0;1;0;0;5;0;0;0;4;7;5;2;4;0;3;0;0;5;3;0;1
44062;Le Gâvre;52;44;0;0;0;0;0;0;0;0;0;0;0;0;0;0;0;0;0;1;0;0;1;0;0;0;8;3;6;3;1;0;4;0;0;0;1;0;0
44063;Gétigné;52;44;0;1;0;0;0;0;0;0;0;0;0;0;0;0;0;1;0;1;0;0;7;0;1;2;4;5;7;3;3;1;4;0;0;5;2;0;2
44064;Gorges;52;44;0;0;0;0;0;0;0;0;0;0;0;0;0;0;0;0;0;1;0;0;1;0;0;1;4;7;10;5;4;0;6;0;0;2;1;0;1
44065;Grand-Auverné;52;44;0;0;0;0;0;0;0;0;0;0;0;0;0;0;0;0;0;0;1;0;2;0;0;0;2;0;3;0;2;0;1;0;0;1;0;0;0
44066;Grandchamps-des-Fontaines;52;44;0;0;0;0;0;0;0;0;0;0;0;0;0;0;0;1;1;0;0;1;6;1;0;1;12;11;11;9;4;1;6;0;1;7;2;1;3
44067;Guémené-Penfao;52;44;0;1;0;0;0;0;0;0;0;1;0;0;0;0;0;7;1;2;0;0;9;1;0;1;2;7;12;5;2;0;4;4;0;11;4;1;4
44068;Guenrouet;52;44;0;0;0;0;0;0;0;0;0;0;0;0;0;0;0;1;0;1;0;0;4;0;0;1;2;2;12;6;6;0;4;1;0;5;0;0;0
44069;Guérande;52;44;0;1;0;0;0;0;0;0;0;1;0;0;0;0;0;13;4;1;0;0;16;2;0;3;21;34;37;33;22;7;23;5;0;63;27;4;9
44070;La Haie-Fouassière;52;44;0;0;0;0;0;0;0;0;0;0;0;0;0;0;0;2;0;1;0;0;8;1;0;1;2;6;10;9;10;0;5;0;0;5;6;1;7
44071;Haute-Goulaine;52;44;0;0;0;0;0;0;0;0;0;0;0;0;0;0;0;4;0;1;0;0;8;0;0;1;6;6;11;6;6;2;6;2;0;5;5;2;5
44072;Herbignac;52;44;0;1;0;0;0;0;0;0;0;0;0;0;0;0;0;3;3;1;0;0;8;1;0;2;7;18;12;13;12;2;6;2;0;13;4;2;4
44073;Héric;52;44;0;0;0;0;0;0;0;0;0;0;0;0;0;0;0;3;1;1;0;0;10;1;1;2;10;13;13;9;10;2;6;2;1;9;6;1;5
44074;Indre;52;44;0;0;0;0;0;0;0;0;0;0;0;0;0;0;0;2;0;1;0;0;1;0;0;0;5;10;6;4;3;3;6;0;0;9;4;0;0
44075;Issé;52;44;0;0;0;0;0;0;0;0;0;0;0;0;0;0;0;1;0;0;1;0;4;0;0;0;3;4;3;4;2;0;4;2;0;1;0;0;0
44076;Jans;52;44;0;0;0;0;0;0;0;0;0;0;0;0;0;0;0;1;0;0;1;0;2;0;0;0;3;2;4;0;2;0;0;0;0;3;1;0;0
44077;Joué-sur-Erdre;52;44;0;0;0;0;0;0;0;0;0;0;0;0;0;0;0;3;0;0;1;0;3;0;0;1;1;3;4;5;1;1;6;0;0;1;1;0;1
44078;Juigné-des-Moutiers;52;44;0;0;0;0;0;0;0;0;0;0;0;0;0;0;0;0;0;0;0;0;1;0;0;0;1;0;1;0;0;0;0;0;0;0;0;0;0
44079;Le Landreau;52;44;0;0;0;0;0;0;0;0;0;0;0;0;0;0;0;1;0;0;0;1;4;0;0;0;3;5;5;6;2;0;4;0;0;4;2;0;2
44080;Lavau-sur-Loire;52;44;0;0;0;0;0;0;0;0;0;0;0;0;0;0;0;0;0;0;0;0;1;0;0;0;0;0;1;3;0;0;0;0;0;1;0;0;0
44081;Legé;52;44;0;1;0;0;0;0;0;0;0;0;0;0;0;0;0;3;2;1;0;0;11;1;1;3;13;8;23;7;6;1;7;6;0;5;2;2;1
44082;Ligné;52;44;0;0;0;0;0;0;0;0;0;0;0;1;0;0;0;2;0;1;0;0;6;1;0;1;4;9;6;9;3;0;5;4;0;3;2;0;2
44083;La Limouzinière;52;44;0;0;0;0;0;0;0;0;0;0;0;0;0;0;0;1;0;0;1;0;2;0;0;0;3;6;3;3;2;0;3;0;0;1;1;0;0
44084;Le Loroux-Bottereau;52;44;0;1;0;0;0;0;0;0;0;1;0;0;0;0;0;4;2;1;0;0;11;1;0;2;10;15;20;13;9;3;8;3;0;10;11;2;7
44085;Louisfert;52;44;0;0;0;0;0;0;0;0;0;0;0;0;0;0;0;0;0;0;0;0;5;0;0;0;0;2;4;2;3;0;0;0;0;1;1;0;0
44086;Lusanger;52;44;0;0;0;0;0;0;0;0;0;0;0;0;0;0;0;0;0;0;0;1;1;0;0;0;0;3;4;3;3;0;1;0;0;3;0;0;0
44087;Machecoul-Saint-Même;52;44;0;1;0;0;0;0;0;0;0;1;0;1;0;0;0;7;1;1;0;0;14;2;0;3;11;16;17;11;10;2;10;3;4;15;4;1;5
44088;Maisdon-sur-Sèvre;52;44;0;0;0;0;0;0;0;0;0;0;0;0;0;0;0;1;0;1;0;0;8;0;0;1;6;6;7;1;3;0;2;0;0;5;1;0;1
44089;Malville;52;44;0;0;0;0;0;0;0;0;0;0;0;0;0;0;0;1;0;1;0;0;7;0;0;2;4;7;6;5;4;2;4;1;0;6;1;0;4
44090;La Marne;52;44;0;0;0;0;0;0;0;0;0;0;0;0;0;0;0;0;0;0;1;0;3;0;0;0;0;4;2;0;2;3;1;0;0;2;1;0;0
44091;Marsac-sur-Don;52;44;0;0;0;0;0;0;0;0;0;0;0;0;0;0;0;0;0;0;1;0;2;0;0;0;3;3;1;3;3;0;1;1;0;3;0;0;1
44092;Massérac;52;44;0;0;0;0;0;0;0;0;0;0;0;0;0;0;0;0;0;0;0;1;0;0;1;0;2;1;1;1;2;0;2;0;0;3;2;0;1
44093;Maumusson;52;44;0;0;0;0;0;0;0;0;0;0;0;0;0;0;0;0;0;0;0;1;2;0;0;0;0;1;5;4;0;0;2;0;0;2;2;0;0
44094;Mauves-sur-Loire;52;44;0;0;0;0;0;0;0;0;0;0;0;0;0;0;0;0;0;1;0;0;1;1;1;0;1;3;11;3;2;1;4;0;0;4;7;0;1
44095;La Meilleraye-de-Bretagne;52;44;0;1;0;0;0;0;0;0;0;0;0;0;0;0;0;0;2;1;0;0;3;0;0;0;1;2;4;1;1;0;2;0;0;1;1;0;0
44096;Mésanger;52;44;0;0;0;0;0;0;0;0;0;0;0;0;0;0;0;2;0;1;0;0;4;0;0;2;5;8;9;13;14;1;6;0;0;5;4;1;5
44097;Mesquer;52;44;0;0;0;0;0;0;0;0;0;0;0;0;0;0;0;0;0;1;0;1;0;0;0;0;1;2;2;1;5;1;2;1;0;10;6;0;0
44098;Missillac;52;44;0;0;0;0;0;0;0;0;0;0;0;0;0;0;0;3;0;1;0;0;5;0;0;2;4;8;8;6;7;0;6;0;0;10;0;0;2
44099;Moisdon-la-Rivière;52;44;0;0;0;0;0;0;0;0;0;0;0;0;0;0;0;2;0;1;0;0;2;0;0;1;1;4;4;0;0;0;2;1;1;2;1;0;1
44100;Monnières;52;44;0;0;0;0;0;0;0;0;0;0;0;0;0;0;0;0;0;0;1;0;2;0;0;0;5;4;6;6;8;0;1;0;0;1;2;0;1
44101;La Montagne;52;44;0;0;0;0;0;0;0;0;0;0;0;0;0;0;0;3;0;1;0;0;9;2;0;1;6;13;5;10;8;0;8;2;0;8;7;1;4
44102;Montbert;52;44;0;0;0;0;0;0;0;0;0;0;0;0;0;0;0;0;0;1;0;0;4;0;0;0;3;4;10;6;2;0;3;2;0;1;5;0;2
44103;Montoir-de-Bretagne;52;44;0;1;0;0;0;0;0;0;0;1;0;0;0;0;0;4;2;1;0;0;13;3;0;5;4;10;6;8;4;2;9;1;3;11;1;2;3
44104;Montrelais;52;44;0;0;0;0;0;0;0;0;0;0;0;0;0;0;0;0;0;0;0;0;0;0;0;0;2;2;1;1;1;2;0;0;0;1;2;0;0
44105;Mouais;52;44;0;0;0;0;0;0;0;0;0;0;0;0;0;0;0;0;0;0;0;0;0;0;0;0;0;0;0;0;0;0;0;0;0;0;1;0;0
44106;Les Moutiers-en-Retz;52;44;0;0;0;0;0;0;0;0;0;0;0;0;0;0;0;0;0;0;0;1;0;0;0;0;6;0;1;4;2;0;1;0;0;6;3;0;0
44107;Mouzeil;52;44;0;0;0;0;0;0;0;0;0;0;0;0;0;0;0;0;0;0;0;1;2;0;0;0;1;3;3;3;2;3;4;0;0;0;2;1;0
44108;Mouzillon;52;44;0;0;0;0;0;0;0;0;0;0;0;0;0;0;0;1;0;0;1;0;6;0;0;1;3;4;5;5;3;0;3;0;0;3;3;0;1
44109;Nantes;52;44;1;1;0;1;1;1;1;0;1;35;1;7;0;1;0;219;26;24;0;0;143;13;37;66;210;378;172;217;152;67;383;52;123;1198;596;61;148
44110;Nort-sur-Erdre;52;44;0;1;0;0;0;0;0;0;0;1;0;0;0;0;0;7;2;1;0;0;16;2;0;2;9;14;13;9;12;3;10;5;0;17;17;3;5
44111;Notre-Dame-des-Landes;52;44;0;0;0;0;0;0;0;0;0;0;0;0;0;0;0;1;0;1;0;0;2;0;0;0;3;2;1;5;2;1;2;0;0;2;1;0;0
44112;Noyal-sur-Brutz;52;44;0;0;0;0;0;0;0;0;0;0;0;0;0;0;0;0;0;0;0;0;1;0;0;0;1;0;0;0;0;0;0;0;0;0;0;0;0
44113;Nozay;52;44;0;1;0;0;0;0;0;0;0;0;0;0;0;0;0;3;1;1;0;0;7;1;0;2;4;7;8;7;1;0;4;4;0;7;4;2;5
44114;Orvault;52;44;0;0;0;0;0;0;0;1;0;0;0;0;0;0;0;24;0;2;1;0;22;2;4;5;17;28;16;22;16;16;22;4;6;37;43;3;12
44115;Oudon;52;44;0;1;0;0;0;0;0;0;0;0;0;0;0;0;0;1;0;1;0;0;3;0;0;1;5;6;7;4;1;2;4;0;0;6;6;0;3
44116;Paimboeuf;52;44;0;1;0;0;0;0;0;0;0;1;0;0;1;0;0;3;1;1;0;0;2;0;0;1;1;6;3;1;1;1;5;0;1;5;1;0;2
44117;Le Pallet;52;44;0;0;0;0;0;0;0;0;0;0;0;0;0;0;0;1;0;1;0;0;3;0;0;1;1;8;7;5;4;1;4;0;0;6;5;0;3
44118;Pannecé;52;44;0;0;0;0;0;0;0;0;0;0;0;0;0;0;0;0;0;0;1;0;1;0;0;0;1;3;2;3;3;1;3;0;0;0;1;0;0
44119;Paulx;52;44;0;0;0;0;0;0;0;0;0;0;0;0;0;0;0;1;0;0;0;1;3;0;0;0;3;3;6;3;2;0;2;0;0;4;1;0;2
44120;Le Pellerin;52;44;0;1;0;0;0;0;0;0;0;0;0;0;0;0;0;3;0;1;0;0;6;1;0;2;2;5;8;5;5;0;4;1;0;6;4;0;6
44121;Petit-Auverné;52;44;0;0;0;0;0;0;0;0;0;0;0;0;0;0;0;0;0;0;0;0;0;0;0;0;0;0;0;2;0;0;0;0;0;1;0;0;0
44122;Petit-Mars;52;44;0;0;0;0;0;0;0;0;0;0;0;0;0;0;0;1;0;0;1;0;2;0;0;0;6;2;8;2;2;1;5;1;0;4;3;0;1
44123;Pierric;52;44;0;0;0;0;0;0;0;0;0;0;0;0;0;0;0;0;0;0;0;1;2;0;0;0;2;3;0;3;2;0;0;0;0;1;0;0;0
44124;Le Pin;52;44;0;0;0;0;0;0;0;0;0;0;0;0;0;0;0;0;0;0;0;1;0;0;0;0;0;0;2;2;0;0;0;0;0;1;0;0;1
44125;Piriac-sur-Mer;52;44;0;0;0;0;0;0;0;0;0;0;0;0;0;0;0;0;0;1;0;0;1;0;0;0;4;3;4;4;2;0;2;0;0;15;7;1;3
44126;La Plaine-sur-Mer;52;44;0;0;0;0;0;0;0;0;0;0;0;0;0;0;0;0;0;1;0;0;5;0;1;0;8;6;16;6;5;2;6;0;0;8;7;0;1
44127;La Planche;52;44;0;0;0;0;0;0;0;0;0;0;0;0;0;0;0;2;0;0;1;0;3;0;0;1;2;6;7;3;5;1;4;0;0;1;0;0;1
44128;Plessé;52;44;0;0;0;0;0;0;0;0;0;0;0;0;0;0;0;2;1;1;0;0;4;0;0;1;5;13;15;9;5;1;5;2;0;5;4;0;3
44129;Pontchâteau;52;44;0;1;0;0;0;0;0;0;0;1;0;0;1;0;0;6;1;1;0;0;13;2;0;5;10;22;15;11;8;2;18;4;1;21;4;3;9
44130;Pont-Saint-Martin;52;44;0;0;0;0;0;0;0;0;0;0;0;0;0;0;0;3;0;1;0;0;11;1;0;1;5;21;13;14;8;3;7;3;0;6;9;0;4
44131;Pornic;52;44;0;1;0;0;0;0;0;0;0;6;0;1;0;0;0;12;3;3;1;0;20;2;1;3;23;33;34;25;20;10;24;6;2;99;43;4;13
44132;Pornichet;52;44;0;0;0;0;0;0;0;0;0;0;0;0;0;0;0;8;0;2;0;0;8;2;1;3;7;11;22;15;16;1;21;2;0;67;28;3;10
44133;Port-Saint-Père;52;44;0;0;0;0;0;0;0;0;0;0;0;0;0;0;0;0;0;1;0;0;3;0;0;1;4;8;7;3;9;0;4;0;0;7;0;0;1
44134;Pouillé-les-Côteaux;52;44;0;0;0;0;0;0;0;0;0;0;0;0;0;0;0;1;0;0;0;0;3;0;0;0;4;2;3;1;0;0;0;0;0;3;0;0;1
44135;Le Pouliguen;52;44;0;0;0;0;0;0;0;0;0;0;0;0;0;0;0;6;1;1;0;0;2;0;0;2;0;15;14;5;7;4;11;2;0;45;23;2;2
44136;Préfailles;52;44;0;0;0;0;0;0;0;0;0;0;0;0;0;0;0;0;0;0;0;1;2;0;0;1;2;3;5;1;2;0;2;0;0;14;5;0;0
44137;Prinquiau;52;44;0;0;0;0;0;0;0;0;0;0;0;0;0;0;0;1;0;0;0;1;7;0;0;1;0;9;5;4;5;0;2;0;0;3;0;0;0
44138;Puceul;52;44;0;0;0;0;0;0;0;0;0;0;0;0;0;0;0;0;0;0;0;0;3;0;0;0;1;1;3;2;3;1;1;0;0;3;0;1;0
44139;Quilly;52;44;0;0;0;0;0;0;0;0;0;0;0;0;0;0;0;1;0;0;0;0;0;0;0;1;3;3;2;3;0;1;1;0;0;0;0;0;0
44140;La Regrippière;52;44;0;0;0;0;0;0;0;0;0;0;0;0;0;0;0;0;0;0;0;1;1;0;0;0;1;2;5;3;1;0;1;0;0;5;3;0;0
44141;La Remaudière;52;44;0;0;0;0;0;0;0;0;0;0;0;0;0;0;0;0;0;0;1;0;3;0;0;0;3;0;2;1;1;0;2;0;0;1;0;0;1
44142;Remouillé;52;44;0;0;0;0;0;0;0;0;0;0;0;0;0;0;0;1;0;0;1;0;4;0;0;0;1;3;7;3;0;0;2;0;0;1;0;0;2
44143;Rezé;52;44;1;0;0;0;0;0;0;0;0;1;0;1;0;1;0;23;5;3;1;0;39;7;3;10;19;60;40;47;36;8;46;5;9;80;53;10;28
44144;Riaillé;52;44;0;1;0;0;0;0;0;0;0;0;0;1;0;0;0;2;0;1;0;0;7;1;0;1;4;6;5;2;3;0;4;3;0;6;0;0;1
44145;Rouans;52;44;0;0;0;0;0;0;0;0;0;0;0;0;0;0;0;1;0;1;0;0;2;0;0;1;5;9;8;3;2;0;4;0;0;1;5;0;1
44146;Rougé;52;44;0;0;0;0;0;0;0;0;0;0;0;0;0;0;0;0;0;1;0;0;3;0;0;0;6;8;6;3;3;1;4;1;0;1;2;0;0
44148;Ruffigné;52;44;0;0;0;0;0;0;0;0;0;0;0;0;0;0;0;0;0;0;0;0;1;0;0;0;0;0;0;3;0;0;1;0;0;0;1;0;0
44149;Saffré;52;44;0;0;0;0;0;0;0;0;0;0;0;0;0;0;0;2;2;1;0;0;5;0;0;0;5;5;13;5;5;1;6;1;0;2;5;0;3
44150;Saint-Aignan-Grandlieu;52;44;0;0;0;0;0;0;0;0;0;0;0;0;0;0;0;1;0;1;0;0;8;0;0;1;4;8;9;2;4;2;5;2;0;9;2;0;1
44151;Saint-André-des-Eaux;52;44;0;0;0;0;0;0;0;0;0;0;0;0;0;0;0;1;0;1;0;0;4;1;0;1;4;5;12;13;5;0;4;2;1;8;7;0;2
44152;Sainte-Anne-sur-Brivet;52;44;0;0;0;0;0;0;0;0;0;0;0;0;0;0;0;1;0;0;0;1;5;1;0;1;1;7;7;3;1;0;3;0;0;2;1;0;0
44153;Saint-Aubin-des-Châteaux;52;44;0;0;0;0;0;0;0;0;0;0;0;0;0;0;0;0;0;0;1;0;1;0;0;1;1;2;5;2;0;0;2;0;0;3;1;0;1
44154;Saint-Brevin-les-Pins;52;44;0;1;0;0;0;0;0;0;0;1;0;0;1;0;0;10;4;2;0;0;12;2;0;4;11;23;20;15;15;0;16;3;0;52;28;2;10
44155;Saint-Colomban;52;44;0;0;0;0;0;0;0;0;0;0;0;0;0;0;0;0;0;0;1;0;5;0;0;1;4;11;15;10;7;0;5;0;0;6;1;0;1
44156;Corcoué-sur-Logne;52;44;0;0;0;0;0;0;0;0;0;0;0;0;0;0;0;0;0;1;0;0;2;1;0;0;2;3;9;3;3;0;3;0;0;3;3;0;1
44157;Saint-Étienne-de-Mer-Morte;52;44;0;0;0;0;0;0;0;0;0;0;0;0;0;0;0;1;0;0;1;0;4;0;1;0;1;4;5;1;3;0;1;0;0;1;0;0;0
44158;Saint-Étienne-de-Montluc;52;44;0;1;0;0;0;0;0;0;0;0;0;0;0;0;0;4;1;1;0;0;11;1;1;2;6;19;11;8;5;4;10;2;1;20;3;1;3
44159;Saint-Fiacre-sur-Maine;52;44;0;0;0;0;0;0;0;0;0;0;0;0;0;0;0;0;0;0;1;0;2;0;0;0;3;1;2;2;3;0;1;0;0;1;3;0;0
44160;Saint-Géréon;52;44;0;0;0;0;0;0;0;0;0;0;0;0;0;0;0;1;1;0;0;1;4;1;0;1;2;1;7;1;1;0;5;1;2;9;5;2;1
44161;Saint-Gildas-des-Bois;52;44;0;1;0;0;0;0;0;0;0;0;0;0;1;0;0;2;0;1;0;0;6;1;0;2;3;4;7;6;1;0;6;1;0;5;2;0;2
44162;Saint-Herblain;52;44;1;0;0;0;0;0;0;1;0;1;0;1;0;0;0;40;7;3;0;0;64;7;17;8;86;99;35;53;47;25;42;8;17;143;72;9;26
44163;Vair-sur-Loire;52;44;0;0;0;0;0;0;0;0;0;0;0;0;0;0;0;1;0;0;0;2;8;0;0;1;0;6;7;13;3;0;6;0;0;3;4;0;5
44164;Saint-Hilaire-de-Chaléons;52;44;0;0;0;0;0;0;0;0;0;0;0;0;0;0;0;1;0;0;0;1;7;0;0;1;7;10;9;5;1;2;2;0;0;3;2;0;0
44165;Saint-Hilaire-de-Clisson;52;44;0;0;0;0;0;0;0;0;0;0;0;0;0;0;0;1;0;0;1;0;1;0;0;0;3;5;5;4;2;0;4;0;0;0;3;0;1
44166;Saint-Jean-de-Boiseau;52;44;0;0;0;0;0;0;0;0;0;0;0;0;0;0;0;3;1;1;0;0;6;0;0;1;4;7;12;12;9;0;3;0;0;2;5;0;4
44168;Saint-Joachim;52;44;0;0;0;0;0;0;0;0;0;0;0;0;0;0;0;4;0;1;0;0;2;0;0;1;3;3;3;6;1;0;4;0;0;6;1;0;2
44169;Saint-Julien-de-Concelles;52;44;0;0;0;0;0;0;0;0;0;0;0;0;0;0;0;4;0;1;0;0;10;1;0;1;9;14;11;10;5;0;8;0;0;21;5;0;3
44170;Saint-Julien-de-Vouvantes;52;44;0;1;0;0;0;0;0;0;0;0;0;0;0;0;0;1;0;1;0;0;2;0;0;0;2;3;1;1;1;0;1;0;0;1;0;0;0
44171;Saint-Léger-les-Vignes;52;44;0;0;0;0;0;0;0;0;0;0;0;0;0;0;0;0;0;0;0;0;4;0;0;0;0;4;1;0;1;1;1;0;0;2;2;0;0
44172;Sainte-Luce-sur-Loire;52;44;0;1;0;0;0;0;0;0;0;0;0;0;0;0;0;7;1;1;0;0;15;1;1;3;13;24;18;18;15;7;16;2;2;24;15;1;9
44173;Saint-Lumine-de-Clisson;52;44;0;0;0;0;0;0;0;0;0;0;0;0;0;0;0;2;0;0;0;1;3;0;0;0;2;6;5;3;2;1;3;1;0;1;1;0;0
44174;Saint-Lumine-de-Coutais;52;44;0;0;0;0;0;0;0;0;0;0;0;0;0;0;0;1;0;0;0;1;2;0;0;0;7;6;9;2;2;1;1;0;0;0;0;0;0
44175;Saint-Lyphard;52;44;0;0;0;0;0;0;0;0;0;0;0;0;0;0;0;0;0;1;0;0;3;0;0;0;3;10;9;9;10;1;4;1;0;10;1;0;3
44176;Saint-Malo-de-Guersac;52;44;0;0;0;0;0;0;0;0;0;0;0;0;0;0;0;0;0;1;0;0;3;1;0;0;3;6;6;2;4;1;5;0;0;4;0;0;0
44178;Saint-Mars-de-Coutais;52;44;0;0;0;0;0;0;0;0;0;0;0;0;0;0;0;0;0;0;1;0;3;0;0;0;1;6;9;3;3;0;1;0;0;0;3;0;1
44179;Saint-Mars-du-Désert;52;44;0;0;0;0;0;0;0;0;0;0;0;0;0;0;0;2;1;1;0;0;7;1;0;1;5;7;6;10;4;1;3;1;0;1;4;0;2
44180;Saint-Mars-la-Jaille;52;44;0;1;0;0;0;0;0;0;0;0;0;1;0;0;0;3;0;1;0;0;5;1;0;2;1;2;3;2;2;0;3;0;0;6;2;1;2
44182;Saint-Michel-Chef-Chef;52;44;0;0;0;0;0;0;0;0;0;0;0;0;0;0;0;2;0;2;0;0;4;1;0;2;7;7;11;13;10;4;10;0;0;17;11;0;4
44183;Saint-Molf;52;44;0;0;0;0;0;0;0;0;0;0;0;0;0;0;0;1;0;0;0;1;1;0;0;1;1;6;5;3;5;0;4;1;0;6;2;0;2
44184;Saint-Nazaire;52;44;1;0;0;1;1;1;1;1;0;11;0;1;0;0;0;32;8;7;0;0;56;6;15;18;43;94;57;80;44;24;106;9;39;211;73;17;35
44185;Saint-Nicolas-de-Redon;52;44;0;1;0;0;0;0;0;0;0;0;0;0;0;0;0;2;0;1;0;0;6;1;0;1;4;2;4;8;5;5;5;0;0;7;1;1;0
44186;Sainte-Pazanne;52;44;0;1;0;0;0;0;0;0;0;0;0;0;0;0;0;3;1;1;0;0;9;2;1;2;6;13;15;8;10;1;9;1;0;8;12;1;6
44187;Saint-Père-en-Retz;52;44;0;1;0;0;0;0;0;0;0;0;0;0;0;0;0;2;1;1;0;0;12;1;0;1;6;8;10;9;3;2;9;1;1;9;2;0;4
44188;Saint-Philbert-de-Grand-Lieu;52;44;0;1;0;0;0;0;0;0;0;0;0;0;0;0;0;5;2;1;0;0;16;2;0;2;8;17;18;12;11;1;9;5;4;18;12;1;6
44189;Sainte-Reine-de-Bretagne;52;44;0;0;0;0;0;0;0;0;0;0;0;0;0;0;0;1;1;0;0;1;2;0;0;0;2;2;3;3;2;0;3;0;0;2;0;0;0
44190;Saint-Sébastien-sur-Loire;52;44;0;0;0;0;0;0;0;0;0;0;0;1;0;0;0;10;3;1;1;0;16;3;1;4;21;41;22;24;20;10;28;5;1;48;33;5;17
44191;Saint-Sulpice-des-Landes;52;44;0;0;0;0;0;0;0;0;0;0;0;0;0;0;0;0;0;0;0;1;0;0;0;0;0;1;2;1;1;0;1;0;0;0;0;0;0
44192;Saint-Viaud;52;44;0;0;0;0;0;0;0;0;0;0;0;0;0;0;0;0;0;1;0;0;2;0;0;1;4;5;7;2;1;0;3;0;0;4;2;0;2
44193;Saint-Vincent-des-Landes;52;44;0;0;0;0;0;0;0;0;0;0;0;0;0;0;0;1;0;1;0;0;2;0;0;0;2;1;3;2;3;1;2;0;0;2;1;0;1
44194;Sautron;52;44;0;1;0;0;0;0;0;0;0;0;0;0;0;0;0;7;1;1;0;0;8;0;1;1;11;10;7;7;11;2;12;2;2;15;15;1;5
44195;Savenay;52;44;0;1;0;0;0;0;0;0;0;1;0;0;1;0;0;8;2;1;0;0;9;1;0;2;5;6;9;5;5;3;11;3;0;18;9;1;5
44196;Sévérac;52;44;0;0;0;0;0;0;0;0;0;0;0;0;0;0;0;1;1;1;0;0;1;0;0;0;5;3;5;3;2;0;1;0;0;3;1;0;0
44197;Sion-les-Mines;52;44;0;0;0;0;0;0;0;0;0;0;0;0;0;0;0;1;1;1;0;0;3;0;0;1;3;3;3;3;2;0;2;0;0;2;1;0;1
44198;Les Sorinières;52;44;0;0;0;0;0;0;0;0;0;0;0;0;0;0;0;5;2;1;0;0;14;1;1;4;12;15;24;18;11;4;10;1;1;11;4;1;2
44199;Soudan;52;44;0;0;0;0;0;0;0;0;0;0;0;0;0;0;0;0;0;1;0;0;4;0;0;0;5;3;6;3;2;0;3;0;0;2;2;0;0
44200;Soulvache;52;44;0;0;0;0;0;0;0;0;0;0;0;0;0;0;0;0;0;0;0;0;0;0;0;0;0;0;2;2;0;0;0;0;0;2;0;0;0
44201;Sucé-sur-Erdre;52;44;0;0;0;0;0;0;0;0;0;0;0;0;0;0;0;3;1;1;0;0;3;0;1;1;4;8;6;10;4;0;7;3;0;10;11;0;6
44202;Teillé;52;44;0;0;0;0;0;0;0;0;0;0;0;0;0;0;0;1;0;0;0;1;5;0;0;0;2;2;5;2;2;0;3;0;0;1;1;0;0
44203;Le Temple-de-Bretagne;52;44;0;0;0;0;0;0;0;0;0;0;0;0;0;0;0;0;0;1;0;0;3;0;1;1;5;3;2;4;2;0;5;0;0;3;3;0;3
44204;Thouaré-sur-Loire;52;44;0;0;0;0;0;0;0;0;0;0;0;0;0;0;0;4;0;1;0;0;20;3;0;3;12;16;18;18;12;5;11;1;0;13;9;1;10
44205;Les Touches;52;44;0;0;0;0;0;0;0;0;0;0;0;0;0;0;0;1;1;0;1;0;2;0;0;0;2;7;4;8;0;0;4;0;0;1;1;0;1
44206;Touvois;52;44;0;0;0;0;0;0;0;0;0;0;0;0;0;0;0;1;0;0;1;0;8;0;0;0;4;6;4;2;1;0;1;0;0;2;0;0;2
44207;Trans-sur-Erdre;52;44;0;0;0;0;0;0;0;0;0;0;0;0;0;0;0;1;0;0;0;1;1;0;0;1;1;0;3;2;2;3;1;0;0;3;0;0;3
44208;Treffieux;52;44;0;0;0;0;0;0;0;0;0;0;0;0;0;0;0;0;0;0;1;0;3;0;0;0;8;1;2;2;0;0;1;0;0;0;0;0;0
44209;Treillières;52;44;0;0;0;0;0;0;0;0;0;0;0;0;0;0;0;4;2;1;0;0;8;1;2;2;11;30;20;16;10;6;10;1;1;10;10;1;6
44210;Trignac;52;44;0;0;0;0;0;0;0;0;0;0;0;1;0;0;0;6;1;1;0;0;13;1;1;1;10;12;16;10;10;2;10;0;7;17;3;2;5
44211;La Turballe;52;44;0;0;0;0;0;0;0;0;0;0;0;0;0;0;0;6;2;1;0;0;5;1;0;1;1;6;7;9;6;1;6;1;0;31;7;1;1
44212;Vallet;52;44;0;1;0;0;0;0;0;0;0;0;0;0;0;0;0;5;1;1;0;0;11;2;0;3;14;25;20;13;9;5;15;1;4;14;8;2;4
44213;Loireauxence;52;44;0;1;0;0;0;0;0;0;0;0;0;1;0;0;0;4;0;1;1;2;14;1;0;2;10;14;11;15;9;1;10;4;0;12;3;0;6
44214;Vay;52;44;0;0;0;0;0;0;0;0;0;0;0;0;0;0;0;0;1;0;0;1;4;0;0;0;3;2;8;7;2;2;2;0;1;3;1;0;2
44215;Vertou;52;44;0;1;0;0;0;0;0;0;0;1;0;0;0;0;0;13;4;2;0;0;21;2;1;7;24;24;30;35;24;5;29;3;0;34;56;3;18
44216;Vieillevigne;52;44;0;0;0;0;0;0;0;0;0;0;0;0;0;0;0;2;0;1;0;0;10;2;0;0;5;6;6;4;6;1;6;2;0;4;1;1;4
44217;Vigneux-de-Bretagne;52;44;0;0;0;0;0;0;0;0;0;0;0;0;0;0;0;5;1;1;0;0;21;1;1;1;10;9;22;13;8;4;8;2;0;10;3;0;5
44218;Villepot;52;44;0;0;0;0;0;0;0;0;0;0;0;0;0;0;0;0;0;0;0;1;1;0;0;0;2;2;1;1;1;0;1;0;0;1;0;0;1
44219;Vritz;52;44;0;0;0;0;0;0;0;0;0;0;0;0;0;0;0;0;0;0;0;1;1;0;0;0;1;2;0;0;0;0;0;0;0;0;1;0;0
44220;Vue;52;44;0;0;0;0;0;0;0;0;0;0;0;0;0;0;0;0;0;0;0;1;4;0;0;0;3;9;3;5;1;0;1;0;0;2;1;0;1
44221;La Chevallerais;52;44;0;0;0;0;0;0;0;0;0;0;0;0;0;0;0;0;0;0;0;1;0;0;0;0;4;3;5;1;1;0;3;0;0;0;0;0;3
44222;La Roche-Blanche;52;44;0;0;0;0;0;0;0;0;0;0;0;0;0;0;0;0;0;0;1;0;2;0;0;0;1;5;0;1;2;0;2;0;0;1;1;0;1
44223;Geneston;52;44;0;0;0;0;0;0;0;0;0;0;0;0;0;0;0;2;2;1;0;0;11;0;0;1;3;4;7;8;1;0;4;0;0;7;3;0;2
44224;La Grigonnais;52;44;0;0;0;0;0;0;0;0;0;0;0;0;0;0;0;1;0;0;0;1;0;0;0;0;1;2;4;3;3;0;2;0;0;0;1;0;0
45001;Adon;24;45;0;0;0;0;0;0;0;0;0;0;0;0;0;0;0;0;1;0;0;0;0;0;0;0;2;0;0;0;0;0;0;0;0;2;0;0;0
45002;Aillant-sur-Milleron;24;45;0;0;0;0;0;0;0;0;0;0;0;0;0;0;0;0;0;0;0;1;1;0;0;0;0;1;1;0;1;0;0;0;0;0;0;0;0
45004;Amilly;24;45;0;0;0;0;0;0;0;0;0;0;0;0;0;0;0;9;6;1;0;0;26;1;0;1;16;20;17;20;15;9;13;2;0;23;3;1;6
45005;Andonville;24;45;0;0;0;0;0;0;0;0;0;0;0;0;0;0;0;0;0;0;0;0;1;0;0;0;0;0;0;0;0;0;0;0;0;0;0;0;0
45006;Ardon;24;45;0;0;0;0;0;0;0;0;0;0;0;0;0;0;0;0;0;0;1;0;2;0;0;0;1;0;0;0;1;0;1;0;0;3;0;0;0
45008;Artenay;24;45;0;1;0;0;0;0;0;0;0;0;0;0;0;0;0;5;0;1;0;0;3;1;0;0;1;1;2;3;0;0;3;0;4;5;1;0;2
45009;Aschères-le-Marché;24;45;0;0;0;0;0;0;0;0;0;0;0;0;0;0;0;0;0;0;0;1;3;0;0;0;4;5;2;2;2;0;1;0;0;1;0;0;1
45010;Ascoux;24;45;0;0;0;0;0;0;0;0;0;0;0;0;0;0;0;0;0;0;0;1;3;0;0;0;3;1;3;5;1;0;1;1;0;0;0;0;1
45011;Attray;24;45;0;0;0;0;0;0;0;0;0;0;0;0;0;0;0;0;0;0;0;0;1;0;0;0;1;0;0;0;0;0;0;0;0;1;0;0;0
45012;Audeville;24;45;0;0;0;0;0;0;0;0;0;0;0;0;0;0;0;0;0;0;0;0;0;0;0;0;1;0;0;0;1;0;0;0;0;0;0;0;0
45013;Augerville-la-Rivière;24;45;0;0;0;0;0;0;0;0;0;0;0;0;0;0;0;0;0;0;0;0;0;0;0;0;1;2;0;1;1;0;1;0;0;0;0;0;0
45014;Aulnay-la-Rivière;24;45;0;0;0;0;0;0;0;0;0;0;0;0;0;0;0;0;0;0;0;0;2;0;0;0;1;0;1;2;1;0;1;0;0;0;0;0;0
45015;Autruy-sur-Juine;24;45;0;0;0;0;0;0;0;0;0;0;0;0;0;0;0;0;0;0;0;0;2;0;0;0;1;3;3;5;1;0;0;0;0;2;1;0;0
45016;Autry-le-Châtel;24;45;0;0;0;0;0;0;0;0;0;0;0;0;0;0;0;0;0;0;1;0;0;0;0;0;1;1;1;2;0;0;0;0;0;3;0;0;0
45017;Auvilliers-en-Gâtinais;24;45;0;0;0;0;0;0;0;0;0;0;0;0;0;0;0;0;0;0;0;0;0;0;0;0;0;1;1;0;0;0;0;0;0;0;0;0;0
45018;Auxy;24;45;0;0;0;0;0;0;0;0;0;0;0;0;0;0;0;0;0;0;0;1;2;0;0;0;1;1;3;2;1;0;0;0;0;0;1;0;2
45019;Baccon;24;45;0;0;0;0;0;0;0;0;0;0;0;0;0;0;0;0;0;0;0;0;1;0;0;0;1;0;1;0;2;0;0;0;0;1;0;0;0
45020;Le Bardon;24;45;0;0;0;0;0;0;0;0;0;0;0;0;0;0;0;0;0;0;0;0;3;0;0;0;1;0;1;3;0;0;2;0;0;2;2;0;2
45021;Barville-en-Gâtinais;24;45;0;0;0;0;0;0;0;0;0;0;0;0;0;0;0;0;0;0;0;0;0;0;0;0;0;1;1;1;0;0;0;0;0;1;0;0;0
45022;Batilly-en-Gâtinais;24;45;0;0;0;0;0;0;0;0;0;0;0;0;0;0;0;0;0;0;0;1;2;0;0;0;2;1;1;0;0;0;0;0;0;1;0;0;0
45023;Batilly-en-Puisaye;24;45;0;0;0;0;0;0;0;0;0;0;0;0;0;0;0;0;0;0;0;0;0;0;0;0;0;1;0;1;0;0;0;0;0;0;0;0;0
45024;Baule;24;45;0;0;0;0;0;0;0;0;0;0;0;0;0;0;0;0;0;0;1;0;2;1;0;0;2;5;3;3;1;6;2;1;0;3;2;0;0
45025;Bazoches-les-Gallerandes;24;45;0;0;0;0;0;0;0;0;0;0;0;0;0;0;0;1;0;0;1;0;1;0;0;1;4;2;3;2;0;0;3;0;0;2;0;0;0
45026;Bazoches-sur-le-Betz;24;45;0;0;0;0;0;0;0;0;0;0;0;0;0;0;0;0;0;0;0;0;1;0;0;0;2;1;3;0;4;2;1;0;0;1;0;1;1
45027;Beauchamps-sur-Huillard;24;45;0;0;0;0;0;0;0;0;0;0;0;0;0;0;0;0;0;0;0;0;1;0;0;0;0;0;0;1;0;0;0;0;0;0;1;0;0
45028;Beaugency;24;45;0;1;0;0;0;0;0;0;0;1;0;0;0;0;0;9;5;1;0;1;8;1;0;3;7;8;5;6;6;2;12;0;5;23;7;2;6
45029;Beaulieu-sur-Loire;24;45;0;0;0;0;0;0;0;0;0;0;0;0;0;0;0;1;0;0;0;1;4;0;0;0;1;2;4;4;1;1;3;0;0;3;0;0;3
45030;Beaune-la-Rolande;24;45;0;1;0;0;0;0;0;0;0;1;0;0;0;0;0;2;1;1;0;0;4;1;0;2;2;6;3;0;3;1;5;1;0;4;3;2;3
45031;Bellegarde;24;45;0;1;0;0;0;0;0;0;0;0;0;0;0;0;0;2;1;1;0;0;6;1;0;1;4;2;0;3;1;0;6;0;0;6;1;0;1
45032;Le Bignon-Mirabeau;24;45;0;0;0;0;0;0;0;0;0;0;0;0;0;0;0;0;0;0;0;0;0;0;0;0;2;1;0;0;2;0;0;0;0;0;0;0;0
45033;Boësses;24;45;0;0;0;0;0;0;0;0;0;0;0;0;0;0;0;0;0;0;0;1;0;0;0;0;2;0;0;1;0;1;1;0;0;0;0;0;1
45034;Boigny-sur-Bionne;24;45;0;0;0;0;0;0;0;0;0;0;0;0;0;0;0;1;0;1;0;0;2;0;0;1;0;2;1;2;3;0;5;0;0;0;1;0;1
45035;Boiscommun;24;45;0;0;0;0;0;0;0;0;0;0;0;0;0;0;0;1;0;0;0;1;1;0;0;0;3;2;5;0;4;0;1;0;0;3;1;0;0
45036;Boismorand;24;45;0;0;0;0;0;0;0;0;0;0;0;0;0;0;0;0;0;0;0;0;2;0;0;0;1;3;1;0;1;0;1;0;0;5;0;0;0
45037;Boisseaux;24;45;0;0;0;0;0;0;0;0;0;0;0;0;0;0;0;0;0;0;0;0;1;0;0;0;0;0;0;0;0;2;1;0;0;0;0;0;0
45038;Bondaroy;24;45;0;0;0;0;0;0;0;0;0;0;0;0;0;0;0;0;0;0;0;0;0;0;0;0;0;1;1;0;0;0;0;0;0;0;0;0;0
45039;Bonnée;24;45;0;0;0;0;0;0;0;0;0;0;0;0;0;0;0;0;0;0;0;0;3;1;0;0;2;0;3;3;1;1;3;0;0;1;0;0;0
45040;Bonny-sur-Loire;24;45;0;0;0;0;0;0;0;0;0;0;0;0;0;0;0;1;1;1;0;0;6;1;0;1;3;3;3;4;0;1;5;5;0;2;3;0;3
45041;Bordeaux-en-Gâtinais;24;45;0;0;0;0;0;0;0;0;0;0;0;0;0;0;0;0;0;0;0;0;0;0;0;0;0;0;1;0;0;0;0;0;0;0;0;0;0
45042;Les Bordes;24;45;0;0;0;0;0;0;0;0;0;0;0;0;0;0;0;0;0;1;0;0;4;0;0;0;1;3;1;6;0;0;3;0;0;3;3;0;3
45043;Bou;24;45;0;0;0;0;0;0;0;0;0;0;0;0;0;0;0;0;0;0;0;0;1;0;0;0;2;3;3;6;1;1;1;0;0;0;1;0;0
45044;Bougy-lez-Neuville;24;45;0;0;0;0;0;0;0;0;0;0;0;0;0;0;0;0;0;0;0;0;0;0;0;0;0;1;1;0;0;0;0;0;0;0;0;0;0
45045;Bouilly-en-Gâtinais;24;45;0;0;0;0;0;0;0;0;0;0;0;0;0;0;0;0;0;0;0;0;1;0;0;0;1;0;1;1;0;0;0;0;0;1;0;0;0
45046;Boulay-les-Barres;24;45;0;0;0;0;0;0;0;0;0;0;0;0;0;0;0;0;0;0;1;0;4;0;0;0;0;0;0;2;1;1;0;0;0;1;0;0;2
45047;Bouzonville-aux-Bois;24;45;0;0;0;0;0;0;0;0;0;0;0;0;0;0;0;0;0;0;0;0;2;0;0;0;0;0;1;1;0;0;1;0;0;1;1;0;0
45049;Bouzy-la-Forêt;24;45;0;0;0;0;0;0;0;0;0;0;0;0;0;0;0;0;0;0;0;0;0;0;0;0;1;0;1;0;2;2;1;0;0;3;1;0;0
45050;Boynes;24;45;0;0;0;0;0;0;0;0;0;0;0;0;0;0;0;0;0;0;0;1;4;0;0;0;5;1;2;4;4;2;1;0;0;1;1;0;2
45051;Bray-en-Val;24;45;0;0;0;0;0;0;0;0;0;0;0;0;0;0;0;0;0;0;0;0;8;0;0;0;3;1;4;2;1;0;0;0;0;2;0;0;1
45052;Breteau;24;45;0;0;0;0;0;0;0;0;0;0;0;0;0;0;0;0;0;0;0;0;0;0;0;0;0;0;0;0;0;0;0;0;0;0;0;0;0
45053;Briare;24;45;0;1;0;0;0;0;0;0;0;1;0;0;0;0;0;5;1;1;0;0;8;1;0;2;8;5;5;8;7;1;6;2;0;22;5;1;3
45054;Briarres-sur-Essonne;24;45;0;0;0;0;0;0;0;0;0;0;0;0;0;0;0;0;0;0;1;0;1;0;0;0;1;0;2;0;2;0;1;0;0;0;0;1;0
45055;Bricy;24;45;0;0;0;0;0;0;0;0;0;0;0;0;0;0;0;0;0;0;0;0;0;0;0;0;1;0;2;0;0;0;0;0;0;1;0;0;0
45056;Bromeilles;24;45;0;0;0;0;0;0;0;0;0;0;0;0;0;0;0;0;0;0;0;0;0;0;0;1;2;0;1;0;0;0;0;0;0;1;0;0;0
45058;Bucy-le-Roi;24;45;0;0;0;0;0;0;0;0;0;0;0;0;0;0;0;0;0;0;0;0;1;0;0;0;1;1;0;0;1;0;0;0;0;0;0;0;0
45059;Bucy-Saint-Liphard;24;45;0;0;0;0;0;0;0;0;0;0;0;0;0;0;0;0;0;0;0;0;1;0;0;0;0;0;1;1;0;0;0;0;0;0;0;0;0
45060;La Bussière;24;45;0;0;0;0;0;0;0;0;0;0;0;0;0;0;0;0;0;0;0;1;1;0;0;0;0;1;0;1;1;0;2;0;0;2;1;0;0
45061;Cepoy;24;45;0;0;0;0;0;0;0;0;0;0;0;0;0;0;0;0;0;1;0;0;3;0;0;0;3;4;0;3;2;1;5;0;0;4;2;0;1
45062;Cercottes;24;45;0;0;0;0;0;0;0;0;0;0;0;0;0;0;0;0;1;0;0;1;10;0;1;1;2;2;2;3;1;1;2;0;0;1;1;0;1
45063;Cerdon;24;45;0;0;0;0;0;0;0;0;0;0;0;0;0;0;0;0;0;0;0;1;1;0;0;0;1;4;0;2;0;1;3;0;0;5;3;0;1
45064;Cernoy-en-Berry;24;45;0;0;0;0;0;0;0;0;0;0;0;0;0;0;0;0;0;0;0;0;0;0;0;0;1;1;2;1;2;0;0;0;0;1;0;0;0
45065;Césarville-Dossainville;24;45;0;0;0;0;0;0;0;0;0;0;0;0;0;0;0;0;0;0;0;0;0;0;0;0;0;2;1;0;0;0;0;0;0;0;0;0;0
45066;Chailly-en-Gâtinais;24;45;0;0;0;0;0;0;0;0;0;0;0;0;0;0;0;0;0;0;1;0;0;0;0;0;1;1;3;0;0;0;0;0;0;1;0;0;0
45067;Chaingy;24;45;0;0;0;0;0;0;0;0;0;0;0;0;0;0;0;1;1;1;0;0;7;1;0;2;9;7;9;13;5;2;4;0;0;6;2;0;2
45068;Châlette-sur-Loing;24;45;0;0;0;0;0;0;0;0;0;0;0;0;0;0;0;4;2;2;0;0;24;3;1;4;25;26;6;17;14;7;12;1;0;23;3;0;4
45069;Chambon-la-Forêt;24;45;0;0;0;0;0;0;0;0;0;0;0;0;0;0;0;0;0;0;0;1;0;0;0;0;4;0;1;0;2;0;0;0;0;2;0;0;0
45070;Champoulet;24;45;0;0;0;0;0;0;0;0;0;0;0;0;0;0;0;0;0;0;0;0;1;0;0;0;0;0;0;0;0;0;0;0;0;0;0;0;0
45072;Chanteau;24;45;0;0;0;0;0;0;0;0;0;0;0;0;0;0;0;0;0;0;0;0;0;0;1;0;1;0;0;2;0;0;2;0;0;0;1;0;1
45073;Chantecoq;24;45;0;0;0;0;0;0;0;0;0;0;0;0;0;0;0;0;0;0;1;0;0;0;0;0;0;2;2;0;3;0;1;0;0;0;1;0;0
45074;La Chapelle-Onzerain;24;45;0;0;0;0;0;0;0;0;0;0;0;0;0;0;0;0;0;0;0;0;0;0;0;0;0;0;0;0;0;0;0;0;0;0;0;0;0
45075;La Chapelle-Saint-Mesmin;24;45;0;0;0;0;0;0;0;0;0;0;0;0;0;0;0;4;1;1;0;0;10;1;0;1;12;13;11;13;9;3;11;1;1;18;5;1;7
45076;La Chapelle-Saint-Sépulcre;24;45;0;0;0;0;0;0;0;0;0;0;0;0;0;0;0;0;0;0;0;0;3;0;0;0;0;0;1;0;0;0;0;0;0;0;0;0;0
45077;La Chapelle-sur-Aveyron;24;45;0;0;0;0;0;0;0;0;0;0;0;0;0;0;0;0;0;0;0;0;0;0;0;1;0;2;1;0;0;3;0;0;0;0;0;0;1
45078;Chapelon;24;45;0;0;0;0;0;0;0;0;0;0;0;0;0;0;0;0;0;0;0;0;1;0;0;0;2;1;0;0;1;0;0;0;0;0;0;0;0
45079;Le Charme;24;45;0;0;0;0;0;0;0;0;0;0;0;0;0;0;0;0;0;0;0;0;0;0;0;0;0;0;0;1;0;0;0;0;0;0;0;0;0
45080;Charmont-en-Beauce;24;45;0;0;0;0;0;0;0;0;0;0;0;0;0;0;0;0;0;0;0;0;3;0;0;0;1;2;2;0;0;1;1;0;0;0;0;0;0
45081;Charsonville;24;45;0;0;0;0;0;0;0;0;0;0;0;0;0;0;0;1;0;0;1;0;0;0;0;0;1;2;1;4;0;1;0;0;0;1;0;0;0
45082;Châteauneuf-sur-Loire;24;45;0;1;0;0;0;0;0;0;0;1;0;0;0;0;0;10;4;1;0;0;10;3;0;5;30;7;22;9;9;9;9;6;3;16;8;4;7
45083;Château-Renard;24;45;0;1;0;0;0;0;0;0;0;1;0;0;0;0;0;3;1;1;0;0;6;0;0;2;2;3;6;6;3;1;4;0;0;5;1;1;0
45084;Châtenoy;24;45;0;0;0;0;0;0;0;0;0;0;0;0;0;0;0;0;0;0;0;0;0;0;0;0;0;0;3;1;0;0;0;0;0;1;0;0;0
45085;Châtillon-Coligny;24;45;0;1;0;0;0;0;0;0;0;1;0;0;0;0;0;3;1;1;0;0;4;1;0;2;5;5;10;7;2;0;8;1;0;5;2;1;2
45086;Châtillon-le-Roi;24;45;0;0;0;0;0;0;0;0;0;0;0;0;0;0;0;0;0;0;0;0;2;0;0;0;1;1;0;0;0;1;1;0;0;0;0;0;1
45087;Châtillon-sur-Loire;24;45;0;1;0;0;0;0;0;0;0;0;0;0;0;0;0;3;0;1;0;0;9;1;0;1;2;6;6;6;4;0;6;1;0;11;0;0;1
45088;Chaussy;24;45;0;0;0;0;0;0;0;0;0;0;0;0;0;0;0;0;0;0;0;0;1;0;0;0;0;0;1;1;0;0;0;0;0;0;0;0;0
45089;Chécy;24;45;0;1;0;0;0;0;0;0;0;0;0;0;0;0;0;7;4;1;0;0;9;2;0;1;6;13;6;6;5;1;10;3;0;15;7;1;5
45091;Chevannes;24;45;0;0;0;0;0;0;0;0;0;0;0;0;0;0;0;0;0;0;0;0;0;0;0;0;0;0;0;2;1;0;0;0;0;1;0;0;0
45092;Chevillon-sur-Huillard;24;45;0;0;0;0;0;0;0;0;0;0;0;0;0;0;0;0;0;0;0;1;4;0;0;1;2;1;2;5;4;0;2;0;0;2;1;0;0
45093;Chevilly;24;45;0;0;0;0;0;0;0;0;0;0;0;0;0;0;0;1;1;1;0;0;3;0;0;0;4;3;4;2;4;3;3;0;0;3;0;0;0
45094;Chevry-sous-le-Bignon;24;45;0;0;0;0;0;0;0;0;0;0;0;0;0;0;0;0;0;0;0;0;0;0;0;0;0;0;2;0;0;0;0;0;0;0;0;0;0
45095;Chilleurs-aux-Bois;24;45;0;0;0;0;0;0;0;0;0;0;0;0;0;0;0;1;0;1;0;0;5;0;0;0;0;5;3;7;2;0;2;0;0;3;1;0;1
45096;Les Choux;24;45;0;0;0;0;0;0;0;0;0;0;0;0;0;0;0;0;0;0;0;1;0;0;0;0;2;0;1;1;1;1;1;0;0;0;0;0;0
45097;Chuelles;24;45;0;0;0;0;0;0;0;0;0;0;0;0;0;0;0;0;0;0;1;0;3;0;0;0;2;1;3;3;3;1;3;0;0;1;0;1;1
45098;Cléry-Saint-André;24;45;0;1;0;0;0;0;0;0;0;0;0;0;0;0;0;2;0;1;0;0;6;0;0;1;7;10;4;9;5;2;5;1;0;5;3;0;2
45099;Coinces;24;45;0;0;0;0;0;0;0;0;0;0;0;0;0;0;0;0;0;0;0;0;1;0;0;0;2;0;1;0;2;1;0;0;0;0;0;0;0
45100;Combleux;24;45;0;0;0;0;0;0;0;0;0;0;0;0;0;0;0;0;0;0;0;0;0;0;0;0;0;0;0;0;1;1;0;0;0;0;0;0;0
45101;Combreux;24;45;0;0;0;0;0;0;0;0;0;0;0;0;0;0;0;0;0;0;0;0;1;0;0;0;0;0;0;0;0;1;0;0;0;2;0;0;0
45102;Conflans-sur-Loing;24;45;0;0;0;0;0;0;0;0;0;0;0;0;0;0;0;0;0;0;0;0;0;0;0;0;1;1;0;2;1;1;0;0;0;1;0;0;0
45103;Corbeilles;24;45;0;1;0;0;0;0;0;0;0;0;0;0;0;0;0;1;0;1;0;0;4;0;1;1;5;0;6;1;2;1;3;0;0;2;0;1;0
45104;Corquilleroy;24;45;0;0;0;0;0;0;0;0;0;0;0;0;0;0;0;0;0;0;1;0;4;0;0;0;7;6;3;13;2;4;2;0;0;1;0;0;3
45105;Cortrat;24;45;0;0;0;0;0;0;0;0;0;0;0;0;0;0;0;0;0;0;0;0;2;0;0;0;0;0;0;1;0;0;0;0;0;0;0;0;0
45107;Coudroy;24;45;0;0;0;0;0;0;0;0;0;0;0;0;0;0;0;0;0;0;0;0;0;0;0;0;2;0;0;0;0;0;0;0;0;2;0;0;0
45108;Coullons;24;45;0;0;0;0;0;0;0;0;0;0;0;0;0;0;0;1;0;1;0;0;3;0;0;0;5;1;2;6;2;2;4;0;0;2;0;0;1
45109;Coulmiers;24;45;0;0;0;0;0;0;0;0;0;0;0;0;0;0;0;0;0;0;0;0;1;0;0;0;0;0;1;2;0;0;1;0;0;1;0;0;1
45110;Courcelles;24;45;0;0;0;0;0;0;0;0;0;0;0;0;0;0;0;0;0;0;0;0;0;0;0;0;2;1;0;1;1;1;0;0;0;0;0;0;0
45111;Courcy-aux-Loges;24;45;0;0;0;0;0;0;0;0;0;0;0;0;0;0;0;0;0;0;0;0;0;0;0;0;1;0;6;0;0;1;1;0;0;1;2;0;0
45112;La Cour-Marigny;24;45;0;0;0;0;0;0;0;0;0;0;0;0;0;0;0;0;0;0;0;0;0;0;0;0;2;0;1;1;0;1;0;0;0;0;0;0;0
45113;Courtemaux;24;45;0;0;0;0;0;0;0;0;0;0;0;0;0;0;0;0;0;0;0;0;0;0;0;0;2;0;2;0;1;0;0;0;0;2;0;0;0
45114;Courtempierre;24;45;0;0;0;0;0;0;0;0;0;0;0;0;0;0;0;0;0;0;0;0;0;0;0;0;1;0;1;0;0;0;1;0;0;0;0;0;0
45115;Courtenay;24;45;0;1;0;0;0;0;0;0;0;1;0;0;0;0;0;5;4;1;0;0;8;1;0;2;7;5;5;7;4;2;8;2;1;18;8;1;3
45116;Cravant;24;45;0;0;0;0;0;0;0;0;0;0;0;0;0;0;0;0;0;0;1;0;2;0;0;0;2;0;6;0;2;0;2;0;0;1;1;0;0
45118;Crottes-en-Pithiverais;24;45;0;0;0;0;0;0;0;0;0;0;0;0;0;0;0;0;0;0;0;0;0;0;0;0;0;1;1;0;0;0;0;0;0;0;0;0;0
45119;Dadonville;24;45;0;0;0;0;0;0;0;0;0;0;0;0;0;0;0;0;1;0;0;0;5;0;0;0;1;3;1;2;3;0;1;3;0;1;0;0;0
45120;Dammarie-en-Puisaye;24;45;0;0;0;0;0;0;0;0;0;0;0;0;0;0;0;0;0;0;0;0;0;0;0;0;2;0;0;0;0;0;0;0;0;1;0;0;0
45121;Dammarie-sur-Loing;24;45;0;0;0;0;0;0;0;0;0;0;0;0;0;0;0;0;0;0;0;1;0;0;0;0;2;0;0;0;0;0;0;0;0;1;1;0;1
45122;Dampierre-en-Burly;24;45;0;0;0;0;0;0;0;0;0;0;0;0;0;0;0;0;0;0;1;0;2;0;0;0;1;3;2;0;0;1;1;0;0;3;1;0;3
45123;Darvoy;24;45;0;0;0;0;0;0;0;0;0;0;0;0;0;0;0;0;0;0;0;0;5;0;0;1;5;1;5;5;4;1;2;0;0;0;0;0;0
45124;Desmonts;24;45;0;0;0;0;0;0;0;0;0;0;0;0;0;0;0;0;0;0;0;0;0;0;0;0;0;0;0;0;0;0;0;0;0;0;0;0;1
45125;Dimancheville;24;45;0;0;0;0;0;0;0;0;0;0;0;0;0;0;0;0;0;0;0;0;0;0;0;0;0;0;1;0;1;0;0;0;0;0;0;0;0
45126;Donnery;24;45;0;0;0;0;0;0;0;0;0;0;0;0;0;0;0;0;1;1;0;0;1;0;0;1;1;4;2;2;3;1;2;0;0;1;1;0;1
45127;Dordives;24;45;0;0;0;0;0;0;0;0;0;0;0;0;0;0;0;2;0;1;0;0;11;2;0;1;7;3;10;18;5;1;5;0;0;9;4;0;0
45129;Douchy-Montcorbon;24;45;0;0;0;0;0;0;0;0;0;0;0;0;0;0;0;0;0;1;0;0;5;0;0;0;2;3;3;5;1;0;2;1;0;2;0;0;2
45130;Dry;24;45;0;0;0;0;0;0;0;0;0;0;0;0;0;0;0;0;0;0;0;0;2;0;0;0;4;4;6;5;2;1;3;0;0;1;1;0;0
45131;Échilleuses;24;45;0;0;0;0;0;0;0;0;0;0;0;0;0;0;0;0;0;0;0;0;0;0;0;0;0;1;0;0;0;1;0;0;0;1;0;0;2
45132;Égry;24;45;0;0;0;0;0;0;0;0;0;0;0;0;0;0;0;0;0;0;0;0;2;0;0;0;1;0;3;0;1;0;0;0;0;1;0;0;0
45133;Engenville;24;45;0;0;0;0;0;0;0;0;0;0;0;0;0;0;0;0;0;0;0;0;1;0;1;0;2;0;3;0;0;0;0;0;0;0;0;0;0
45134;Épieds-en-Beauce;24;45;0;0;0;0;0;0;0;0;0;0;0;0;0;0;0;3;0;0;0;1;2;0;0;0;1;5;1;4;2;0;2;0;0;0;1;0;1
45135;Erceville;24;45;0;0;0;0;0;0;0;0;0;0;0;0;0;0;0;0;0;0;0;0;0;0;0;0;0;0;1;0;1;0;1;0;0;0;0;0;0
45136;Ervauville;24;45;0;0;0;0;0;0;0;0;0;0;0;0;0;0;0;0;0;0;0;0;0;0;0;0;0;1;2;0;1;1;0;0;0;2;0;0;0
45137;Escrennes;24;45;0;0;0;0;0;0;0;0;0;0;0;0;0;0;0;0;0;0;1;0;2;0;0;0;1;0;2;1;0;0;1;0;0;0;0;0;2
45138;Escrignelles;24;45;0;0;0;0;0;0;0;0;0;0;0;0;0;0;0;0;0;0;0;0;0;0;0;0;0;0;0;0;0;0;0;0;0;0;0;0;0
45139;Estouy;24;45;0;0;0;0;0;0;0;0;0;0;0;0;0;0;0;0;0;0;0;0;1;0;0;0;0;0;1;0;1;0;0;0;0;0;1;0;1
45141;Faverelles;24;45;0;0;0;0;0;0;0;0;0;0;0;0;0;0;0;0;0;0;0;0;1;0;0;0;0;0;1;0;1;0;0;0;0;0;0;0;0
45142;Fay-aux-Loges;24;45;0;0;0;0;0;0;0;0;0;0;0;0;0;0;0;1;1;1;0;0;2;0;0;1;6;8;8;7;3;2;5;0;0;3;3;0;4
45143;Feins-en-Gâtinais;24;45;0;0;0;0;0;0;0;0;0;0;0;0;0;0;0;0;0;0;0;0;0;0;0;0;0;0;0;0;0;0;1;0;0;0;0;0;0
45144;Férolles;24;45;0;0;0;0;0;0;0;0;0;0;0;0;0;0;0;0;0;0;0;0;0;0;0;0;3;1;2;3;1;0;0;2;0;1;0;0;2
45145;Ferrières-en-Gâtinais;24;45;0;1;0;0;0;0;0;0;0;1;0;0;0;0;0;2;0;1;0;0;9;1;0;2;4;6;1;5;7;2;7;1;0;7;4;1;3
45146;La Ferté-Saint-Aubin;24;45;0;1;0;0;0;0;0;0;0;1;0;0;0;0;0;6;2;1;0;0;20;2;1;2;4;4;10;12;8;5;9;3;0;13;8;1;3
45147;Fleury-les-Aubrais;24;45;0;0;0;0;0;0;0;0;0;0;0;0;0;0;0;13;2;2;0;0;28;5;9;7;7;30;18;10;19;4;25;2;0;39;6;4;16
45148;Fontenay-sur-Loing;24;45;0;0;0;0;0;0;0;0;0;0;0;0;0;0;0;0;0;0;1;0;5;0;0;0;3;5;7;0;4;0;1;0;0;0;1;0;0
45149;Foucherolles;24;45;0;0;0;0;0;0;0;0;0;0;0;0;0;0;0;0;0;0;0;0;0;0;0;0;0;0;1;0;1;0;0;0;0;0;0;0;0
45150;Fréville-du-Gâtinais;24;45;0;0;0;0;0;0;0;0;0;0;0;0;0;0;0;0;0;0;0;0;0;0;0;0;0;0;0;0;1;0;0;0;0;0;0;0;0
45151;Gaubertin;24;45;0;0;0;0;0;0;0;0;0;0;0;0;0;0;0;0;0;0;0;0;0;0;0;0;1;1;0;2;2;0;0;0;0;0;1;0;0
45152;Gémigny;24;45;0;0;0;0;0;0;0;0;0;0;0;0;0;0;0;0;0;0;0;0;1;0;0;0;0;2;2;2;1;0;0;0;0;0;0;0;0
45153;Germigny-des-Prés;24;45;0;0;0;0;0;0;0;0;0;0;0;0;0;0;0;0;0;0;0;0;1;0;0;0;1;0;2;1;0;0;1;0;0;0;0;0;0
45154;Gidy;24;45;0;0;0;0;0;0;0;0;0;0;0;0;0;0;0;0;0;0;0;0;2;0;0;0;1;2;2;4;3;1;2;0;0;3;0;0;1
45155;Gien;24;45;0;1;0;0;0;0;0;0;0;4;0;1;0;0;0;11;3;1;0;0;16;3;2;5;28;15;22;15;13;6;20;6;11;53;9;5;11
45156;Girolles;24;45;0;0;0;0;0;0;0;0;0;0;0;0;0;0;0;0;0;0;0;0;0;0;0;0;1;2;0;2;1;0;1;0;0;0;0;0;2
45157;Givraines;24;45;0;0;0;0;0;0;0;0;0;0;0;0;0;0;0;0;0;0;0;0;0;0;0;0;1;0;0;0;0;0;0;0;0;0;0;0;1
45158;Gondreville;24;45;0;0;0;0;0;0;0;0;0;0;0;0;0;0;0;0;1;0;0;0;1;0;0;0;1;0;1;0;0;0;0;0;0;0;0;0;0
45159;Grangermont;24;45;0;0;0;0;0;0;0;0;0;0;0;0;0;0;0;0;0;0;0;0;0;0;0;0;0;0;0;0;0;0;0;0;0;0;0;0;0
45160;Greneville-en-Beauce;24;45;0;0;0;0;0;0;0;0;0;0;0;0;0;0;0;0;0;0;1;0;3;0;0;0;1;0;1;2;3;0;0;0;0;1;0;0;0
45161;Griselles;24;45;0;0;0;0;0;0;0;0;0;0;0;0;0;0;0;0;0;0;0;0;0;0;0;0;0;2;0;0;1;0;2;0;0;1;0;0;0
45162;Guigneville;24;45;0;0;0;0;0;0;0;0;0;0;0;0;0;0;0;0;0;0;0;0;0;0;0;0;0;2;1;0;0;0;0;0;0;0;0;0;0
45164;Guilly;24;45;0;0;0;0;0;0;0;0;0;0;0;0;0;0;0;0;0;0;0;0;0;0;0;0;1;0;6;5;1;1;0;0;0;1;1;0;0
45165;Gy-les-Nonains;24;45;0;0;0;0;0;0;0;0;0;0;0;0;0;0;0;0;0;0;0;0;0;0;0;0;2;1;3;1;2;0;0;0;0;0;0;0;1
45166;Huêtre;24;45;0;0;0;0;0;0;0;0;0;0;0;0;0;0;0;0;0;0;0;0;0;0;0;0;2;2;1;1;0;0;0;0;0;0;0;0;0
45167;Huisseau-sur-Mauves;24;45;0;0;0;0;0;0;0;0;0;0;0;0;0;0;0;0;0;0;0;1;0;0;0;0;2;3;1;1;2;0;2;0;0;2;1;0;0
45168;Ingrannes;24;45;0;0;0;0;0;0;0;0;0;0;0;0;0;0;0;0;0;0;0;0;0;0;0;0;0;1;0;1;0;0;0;0;0;1;0;0;0
45169;Ingré;24;45;0;0;0;0;0;0;0;0;0;0;0;1;0;0;0;7;0;1;0;0;26;2;0;2;24;16;13;30;17;10;8;2;0;14;5;0;5
45170;Intville-la-Guétard;24;45;0;0;0;0;0;0;0;0;0;0;0;0;0;0;0;0;0;0;0;0;0;0;0;0;0;0;1;0;1;0;0;0;0;0;1;0;0
45171;Isdes;24;45;0;0;0;0;0;0;0;0;0;0;0;0;0;0;0;0;0;0;0;1;1;0;0;0;1;0;0;0;0;1;1;0;0;2;0;0;1
45173;Jargeau;24;45;0;1;0;0;0;0;0;0;0;0;0;0;0;0;0;3;1;1;0;0;8;1;0;1;11;7;3;12;8;5;5;1;0;14;6;1;4
45174;Jouy-en-Pithiverais;24;45;0;0;0;0;0;0;0;0;0;0;0;0;0;0;0;0;0;0;0;0;0;0;0;0;1;0;2;2;0;0;0;0;0;0;0;0;0
45175;Jouy-le-Potier;24;45;0;0;0;0;0;0;0;0;0;0;0;0;0;0;0;0;0;0;0;1;3;0;0;0;2;2;4;1;2;0;1;0;0;2;0;0;0
45176;Juranville;24;45;0;0;0;0;0;0;0;0;0;0;0;0;0;0;0;0;0;0;0;0;0;0;0;0;3;2;1;1;2;0;0;0;0;0;0;0;1
45177;Laas;24;45;0;0;0;0;0;0;0;0;0;0;0;0;0;0;0;0;0;0;0;0;0;0;0;0;0;0;1;0;0;0;1;0;0;1;0;0;0
45178;Ladon;24;45;0;0;0;0;0;0;0;0;0;0;0;0;0;0;0;1;0;0;0;1;4;0;0;0;2;3;1;3;2;1;2;3;0;1;0;0;0
45179;Lailly-en-Val;24;45;0;0;0;0;0;0;0;0;0;0;0;0;0;0;0;1;1;0;1;0;2;0;0;0;3;7;3;4;8;0;1;0;0;1;1;0;1
45180;Langesse;24;45;0;0;0;0;0;0;0;0;0;0;0;0;0;0;0;0;0;0;0;0;0;0;0;0;0;0;0;1;0;0;0;0;0;0;0;0;0
45181;Léouville;24;45;0;0;0;0;0;0;0;0;0;0;0;0;0;0;0;0;0;0;0;0;0;0;0;0;0;0;0;1;0;0;0;0;0;0;0;0;0
45182;Ligny-le-Ribault;24;45;0;0;0;0;0;0;0;0;0;0;0;0;0;0;0;0;0;0;1;0;1;0;1;0;1;1;1;2;2;0;3;0;0;2;1;0;0
45183;Lion-en-Beauce;24;45;0;0;0;0;0;0;0;0;0;0;0;0;0;0;0;0;0;0;0;0;0;0;0;0;0;0;0;0;0;0;0;0;0;0;0;0;0
45184;Lion-en-Sullias;24;45;0;0;0;0;0;0;0;0;0;0;0;0;0;0;0;0;0;0;0;0;0;0;0;0;1;2;1;1;2;0;0;1;0;0;0;0;0
45185;Lombreuil;24;45;0;0;0;0;0;0;0;0;0;0;0;0;0;0;0;0;0;0;0;0;0;0;0;0;1;0;0;1;0;0;0;0;0;1;0;0;0
45186;Lorcy;24;45;0;0;0;0;0;0;0;0;0;0;0;0;0;0;0;0;0;0;0;0;1;0;0;0;0;3;3;0;1;0;1;0;0;2;1;0;1
45187;Lorris;24;45;0;1;0;0;0;0;0;0;0;1;0;0;0;0;0;4;3;1;0;0;4;1;0;2;4;4;4;5;4;1;3;2;0;11;3;1;4
45188;Loury;24;45;0;0;0;0;0;0;0;0;0;0;0;0;0;0;0;0;0;1;0;0;2;0;0;1;5;3;4;4;7;1;3;0;0;2;0;0;2
45189;Louzouer;24;45;0;0;0;0;0;0;0;0;0;0;0;0;0;0;0;0;0;0;0;0;0;0;0;0;1;1;0;0;0;1;0;0;0;0;0;0;0
45191;Le Malesherbois;24;45;0;1;0;0;0;0;0;0;0;1;0;0;0;0;0;7;1;1;0;0;8;1;2;6;16;12;8;21;14;6;10;2;5;19;7;3;4
45193;Marcilly-en-Villette;24;45;0;0;0;0;0;0;0;0;0;0;0;0;0;0;0;0;0;0;1;0;3;0;0;1;3;2;2;1;1;1;2;0;0;1;4;0;2
45194;Mardié;24;45;0;0;0;0;0;0;0;0;0;0;0;0;0;0;0;0;0;0;0;1;1;0;1;0;8;4;7;8;2;1;2;0;0;2;3;0;1
45195;Mareau-aux-Bois;24;45;0;0;0;0;0;0;0;0;0;0;0;0;0;0;0;0;0;0;0;0;1;0;0;0;1;1;2;1;0;0;1;0;0;1;0;0;0
45196;Mareau-aux-Prés;24;45;0;0;0;0;0;0;0;0;0;0;0;0;0;0;0;0;0;0;0;1;1;0;0;0;0;4;1;4;1;1;1;0;0;0;0;0;1
45197;Marigny-les-Usages;24;45;0;0;0;0;0;0;0;0;0;0;0;0;0;0;0;0;0;0;0;0;2;0;0;0;0;1;4;4;4;1;3;0;0;2;0;0;0
45198;Marsainvilliers;24;45;0;0;0;0;0;0;0;0;0;0;0;0;0;0;0;0;0;0;0;0;0;0;0;0;0;0;0;0;0;1;0;0;0;0;0;0;0
45199;Melleroy;24;45;0;0;0;0;0;0;0;0;0;0;0;0;0;0;0;0;0;0;0;0;1;0;0;0;2;0;1;1;0;0;0;0;0;0;1;0;0
45200;Ménestreau-en-Villette;24;45;0;0;0;0;0;0;0;0;0;0;0;0;0;0;0;0;0;0;1;0;1;0;0;0;2;2;6;1;0;1;3;0;0;2;2;0;1
45201;Mérinville;24;45;0;0;0;0;0;0;0;0;0;0;0;0;0;0;0;0;0;0;0;0;0;0;0;0;0;0;0;0;0;0;0;0;0;0;1;0;0
45202;Messas;24;45;0;0;0;0;0;0;0;0;0;0;0;0;0;0;0;0;0;0;0;0;1;0;0;0;0;0;0;1;0;0;1;0;0;3;0;0;0
45203;Meung-sur-Loire;24;45;0;1;0;0;0;0;0;0;0;1;0;0;0;0;0;7;1;1;0;0;9;1;0;2;2;11;7;8;6;2;10;0;9;11;6;0;4
45204;Mézières-lez-Cléry;24;45;0;0;0;0;0;0;0;0;0;0;0;0;0;0;0;0;0;0;0;0;0;0;0;0;2;0;3;0;0;0;0;0;0;1;0;0;2
45205;Mézières-en-Gâtinais;24;45;0;0;0;0;0;0;0;0;0;0;0;0;0;0;0;0;0;0;0;0;0;0;0;0;0;0;2;0;1;1;0;0;0;1;1;0;0
45206;Mignères;24;45;0;0;0;0;0;0;0;0;0;0;0;0;0;0;0;0;0;0;0;0;2;0;0;0;0;1;1;0;0;0;0;0;0;0;1;0;0
45207;Mignerette;24;45;0;0;0;0;0;0;0;0;0;0;0;0;0;0;0;0;0;0;0;0;0;0;0;0;0;1;0;0;1;0;1;0;0;0;1;0;0
45208;Montargis;24;45;1;0;0;1;1;1;0;0;0;4;0;1;0;0;0;17;1;2;0;0;8;1;2;8;40;25;16;28;19;16;49;3;10;84;33;3;23
45209;Montbarrois;24;45;0;0;0;0;0;0;0;0;0;0;0;0;0;0;0;0;0;0;0;0;1;0;0;0;1;1;0;0;0;0;0;0;0;0;0;0;0
45210;Montbouy;24;45;0;0;0;0;0;0;0;0;0;0;0;0;0;0;0;0;0;0;0;0;4;0;0;0;2;1;1;1;0;1;0;0;0;1;0;1;1
45212;Montcresson;24;45;0;0;0;0;0;0;0;0;0;0;0;0;0;0;0;0;0;0;0;1;2;0;0;0;4;3;2;4;1;0;1;0;0;1;0;0;0
45213;Montereau;24;45;0;0;0;0;0;0;0;0;0;0;0;0;0;0;0;0;0;0;0;0;0;0;0;0;1;0;0;0;2;0;2;0;0;1;0;0;1
45214;Montigny;24;45;0;0;0;0;0;0;0;0;0;0;0;0;0;0;0;0;0;0;0;0;0;0;0;0;0;0;1;0;0;0;0;0;0;0;0;0;0
45215;Montliard;24;45;0;0;0;0;0;0;0;0;0;0;0;0;0;0;0;0;0;0;0;0;0;0;0;0;0;2;1;2;0;0;0;0;0;0;0;0;0
45216;Mormant-sur-Vernisson;24;45;0;0;0;0;0;0;0;0;0;0;0;0;0;0;0;0;0;0;0;0;0;0;0;0;0;0;1;0;1;1;0;0;0;2;0;1;0
45217;Morville-en-Beauce;24;45;0;0;0;0;0;0;0;0;0;0;0;0;0;0;0;0;0;0;0;0;0;0;0;0;0;0;0;0;0;0;1;0;0;0;0;0;0
45218;Le Moulinet-sur-Solin;24;45;0;0;0;0;0;0;0;0;0;0;0;0;0;0;0;0;0;0;0;0;0;0;0;0;0;0;0;1;1;0;0;0;0;0;0;0;0
45219;Moulon;24;45;0;0;0;0;0;0;0;0;0;0;0;0;0;0;0;0;0;0;0;0;0;0;0;0;1;0;0;1;0;0;1;0;0;1;0;0;0
45220;Nancray-sur-Rimarde;24;45;0;0;0;0;0;0;0;0;0;0;0;0;0;0;0;0;0;0;0;1;1;0;0;0;2;1;1;0;0;0;0;0;0;2;1;0;0
45222;Nargis;24;45;0;0;0;0;0;0;0;0;0;0;0;0;0;0;0;0;0;0;0;0;0;0;0;0;3;3;2;4;3;0;0;0;0;1;0;0;1
45223;Nesploy;24;45;0;0;0;0;0;0;0;0;0;0;0;0;0;0;0;0;0;0;0;0;1;0;0;0;0;0;0;0;0;0;0;0;0;0;0;0;0
45224;Neuville-aux-Bois;24;45;0;1;0;0;0;0;0;0;0;1;0;0;0;0;0;7;2;1;0;0;7;1;0;2;4;4;5;7;6;0;6;4;3;11;2;1;3
45225;La Neuville-sur-Essonne;24;45;0;0;0;0;0;0;0;0;0;0;0;0;0;0;0;0;0;0;0;0;0;0;0;0;1;0;1;1;0;0;0;0;0;0;0;0;0
45226;Neuvy-en-Sullias;24;45;0;0;0;0;0;0;0;0;0;0;0;0;0;0;0;0;0;0;0;0;1;0;0;0;0;2;1;1;0;0;1;0;0;1;0;0;0
45227;Nevoy;24;45;0;0;0;0;0;0;0;0;0;0;0;0;0;0;0;0;0;0;1;0;3;0;0;0;2;1;0;0;0;5;2;0;0;0;0;0;1
45228;Nibelle;24;45;0;0;0;0;0;0;0;0;0;0;0;0;0;0;0;0;0;0;0;1;1;0;1;0;2;3;2;6;1;2;1;0;0;2;1;0;1
45229;Nogent-sur-Vernisson;24;45;0;0;0;0;0;0;0;0;0;0;0;0;0;0;0;2;1;1;0;0;3;0;0;1;3;5;8;8;5;0;4;1;1;4;2;0;4
45230;Noyers;24;45;0;0;0;0;0;0;0;0;0;0;0;0;0;0;0;0;0;0;0;0;1;0;0;0;2;2;0;2;0;0;3;0;0;0;0;0;0
45231;Oison;24;45;0;0;0;0;0;0;0;0;0;0;0;0;0;0;0;0;0;0;0;0;0;0;0;0;0;0;0;0;0;0;0;0;0;0;0;0;1
45232;Olivet;24;45;0;0;0;0;0;0;0;0;0;0;0;0;0;0;0;18;3;1;0;0;20;3;5;6;10;23;19;19;13;8;21;2;1;32;25;4;12
45233;Ondreville-sur-Essonne;24;45;0;0;0;0;0;0;0;0;0;0;0;0;0;0;0;0;0;0;0;0;0;0;0;0;1;0;0;0;2;0;0;0;0;0;0;0;0
45234;Orléans;24;45;4;0;1;1;1;1;1;1;1;27;0;3;0;1;0;89;10;11;0;0;58;10;17;30;65;118;67;100;74;42;170;13;97;360;141;20;76
45235;Ormes;24;45;0;0;0;0;0;0;0;0;0;0;0;0;0;0;0;4;0;1;0;0;4;1;2;0;3;4;5;4;4;3;2;0;2;5;2;0;2
45237;Orville;24;45;0;0;0;0;0;0;0;0;0;0;0;0;0;0;0;0;0;0;0;0;1;0;0;0;0;0;0;0;0;0;0;0;0;0;0;0;0
45238;Ousson-sur-Loire;24;45;0;0;0;0;0;0;0;0;0;0;0;0;0;0;0;0;0;0;0;1;0;0;0;0;0;0;1;1;0;1;1;0;0;3;0;0;0
45239;Oussoy-en-Gâtinais;24;45;0;0;0;0;0;0;0;0;0;0;0;0;0;0;0;0;0;0;0;0;0;0;0;0;0;6;0;2;0;0;0;0;0;0;0;0;0
45240;Outarville;24;45;0;1;0;0;0;0;0;0;0;1;0;0;0;0;0;1;0;1;0;0;1;0;0;0;1;0;1;4;5;0;2;0;0;1;1;0;2
45241;Ouvrouer-les-Champs;24;45;0;0;0;0;0;0;0;0;0;0;0;0;0;0;0;0;0;0;0;0;1;0;0;0;3;0;3;2;0;0;0;0;0;0;0;0;0
45242;Ouzouer-des-Champs;24;45;0;0;0;0;0;0;0;0;0;0;0;0;0;0;0;0;0;0;0;0;0;0;0;0;0;0;0;1;1;0;0;0;0;0;1;0;0
45243;Ouzouer-sous-Bellegarde;24;45;0;0;0;0;0;0;0;0;0;0;0;0;0;0;0;0;0;0;0;0;0;1;0;0;0;0;0;1;0;0;0;0;0;0;0;0;0
45244;Ouzouer-sur-Loire;24;45;0;0;0;0;0;0;0;0;0;0;0;0;0;0;0;1;0;1;0;0;5;1;0;2;3;4;2;4;5;1;6;0;0;7;0;0;2
45245;Ouzouer-sur-Trézée;24;45;0;0;0;0;0;0;0;0;0;0;0;0;0;0;0;0;0;0;0;1;2;0;0;0;2;1;1;2;2;0;1;0;0;1;0;0;0
45246;Pannecières;24;45;0;0;0;0;0;0;0;0;0;0;0;0;0;0;0;0;0;0;0;0;0;0;0;0;0;0;0;0;0;0;0;0;0;0;0;0;0
45247;Pannes;24;45;0;0;0;0;0;0;0;0;0;0;0;0;0;0;0;0;0;0;0;1;5;1;0;0;6;12;6;7;2;1;7;0;0;2;1;0;0
45248;Patay;24;45;0;1;0;0;0;0;0;0;0;1;0;0;0;0;0;5;0;1;0;0;3;1;0;1;1;2;2;1;1;1;4;0;0;1;3;0;1
45249;Paucourt;24;45;0;0;0;0;0;0;0;0;0;0;0;0;0;0;0;0;0;0;0;0;0;0;0;0;0;0;0;0;1;0;1;0;0;0;0;0;0
45250;Pers-en-Gâtinais;24;45;0;0;0;0;0;0;0;0;0;0;0;0;0;0;0;0;0;0;0;0;0;0;0;0;1;0;1;1;0;0;0;0;0;0;0;0;0
45251;Pierrefitte-ès-Bois;24;45;0;0;0;0;0;0;0;0;0;0;0;0;0;0;0;0;0;0;0;0;0;0;0;0;0;1;0;1;0;1;0;0;0;0;0;0;0
45252;Pithiviers;24;45;0;1;0;0;0;0;0;0;0;4;0;1;0;0;0;11;3;1;0;0;21;3;0;4;8;6;5;4;8;3;19;3;8;37;11;2;8
45253;Pithiviers-le-Vieil;24;45;0;0;0;0;0;0;0;0;0;0;0;0;0;0;0;0;0;0;0;0;3;1;0;0;0;1;2;1;3;3;1;0;0;1;1;0;0
45254;Poilly-lez-Gien;24;45;0;0;0;0;0;0;0;0;0;0;0;0;0;0;0;0;0;0;0;1;6;0;0;0;4;4;3;2;3;2;3;0;0;5;4;0;1
45255;Préfontaines;24;45;0;0;0;0;0;0;0;0;0;0;0;0;0;0;0;0;0;0;0;0;1;0;0;0;1;0;0;1;0;0;0;0;0;0;0;0;0
45256;Presnoy;24;45;0;0;0;0;0;0;0;0;0;0;0;0;0;0;0;0;0;0;0;0;0;0;0;0;0;0;1;0;1;0;0;0;0;0;0;0;0
45257;Pressigny-les-Pins;24;45;0;0;0;0;0;0;0;0;0;0;0;0;0;0;0;0;0;0;0;0;3;0;0;0;1;2;0;0;0;0;0;0;0;1;0;0;1
45258;Puiseaux;24;45;0;1;0;0;0;0;0;0;0;0;0;0;0;0;0;4;3;1;0;0;9;1;0;1;3;5;9;2;1;2;8;2;0;8;5;0;3
45259;Quiers-sur-Bézonde;24;45;0;0;0;0;0;0;0;0;0;0;0;0;0;0;0;0;0;0;0;0;2;0;0;0;0;1;1;3;3;0;0;1;0;1;0;0;0
45260;Ramoulu;24;45;0;0;0;0;0;0;0;0;0;0;0;0;0;0;0;0;0;0;0;0;0;0;0;0;0;1;1;0;0;0;0;0;0;0;1;0;1
45261;Rebréchien;24;45;0;0;0;0;0;0;0;0;0;0;0;0;0;0;0;0;0;0;1;0;0;0;0;0;1;1;2;3;0;0;1;0;0;1;0;0;0
45262;Rouvray-Sainte-Croix;24;45;0;0;0;0;0;0;0;0;0;0;0;0;0;0;0;0;0;0;0;0;0;0;0;0;0;0;0;1;0;0;0;0;0;0;0;0;0
45263;Rouvres-Saint-Jean;24;45;0;0;0;0;0;0;0;0;0;0;0;0;0;0;0;0;0;0;0;0;1;0;0;0;0;0;1;0;0;1;0;0;0;0;0;0;0
45264;Rozières-en-Beauce;24;45;0;0;0;0;0;0;0;0;0;0;0;0;0;0;0;0;0;0;0;0;0;0;0;0;1;2;0;0;0;1;0;0;0;0;0;0;0
45265;Rozoy-le-Vieil;24;45;0;0;0;0;0;0;0;0;0;0;0;0;0;0;0;0;0;0;0;0;1;0;0;0;0;0;0;0;0;0;0;0;0;0;0;0;0
45266;Ruan;24;45;0;0;0;0;0;0;0;0;0;0;0;0;0;0;0;0;0;0;0;0;1;0;0;0;0;0;0;0;0;0;0;0;0;0;0;0;0
45267;Saint-Aignan-des-Gués;24;45;0;0;0;0;0;0;0;0;0;0;0;0;0;0;0;0;0;0;0;0;1;0;0;0;0;0;0;0;1;0;0;0;0;1;0;0;0
45268;Saint-Aignan-le-Jaillard;24;45;0;0;0;0;0;0;0;0;0;0;0;0;0;0;0;0;0;0;0;0;0;0;0;0;1;0;1;0;0;1;0;0;0;1;0;0;1
45269;Saint-Ay;24;45;0;0;0;0;0;0;0;0;0;0;0;0;0;0;0;1;0;1;0;0;3;0;0;0;10;2;4;7;4;1;5;1;0;4;3;0;2
45270;Saint-Benoît-sur-Loire;24;45;0;0;0;0;0;0;0;0;0;0;0;0;0;0;0;1;0;1;0;0;4;0;1;0;4;1;1;5;2;3;2;0;0;0;3;0;0
45271;Saint-Brisson-sur-Loire;24;45;0;0;0;0;0;0;0;0;0;0;0;0;0;0;0;0;0;0;1;0;1;0;0;0;2;1;1;2;1;1;0;0;0;2;1;0;0
45272;Saint-Cyr-en-Val;24;45;0;1;0;0;0;0;0;0;0;0;0;0;0;0;0;0;0;1;0;0;2;0;0;0;2;7;5;2;3;1;3;0;1;5;1;1;2
45273;Saint-Denis-de-l'Hôtel;24;45;0;0;0;0;0;0;0;0;0;0;0;0;0;0;0;1;0;0;0;1;6;0;0;3;2;3;4;5;4;0;5;0;1;8;2;0;2
45274;Saint-Denis-en-Val;24;45;0;0;0;0;0;0;0;0;0;0;0;0;0;0;0;3;0;1;0;0;8;1;1;1;7;11;9;4;8;3;11;1;0;7;4;1;3
45275;Saint-Firmin-des-Bois;24;45;0;0;0;0;0;0;0;0;0;0;0;0;0;0;0;0;0;0;0;0;0;0;0;0;2;2;2;0;0;1;1;0;0;0;0;0;0
45276;Saint-Firmin-sur-Loire;24;45;0;0;0;0;0;0;0;0;0;0;0;0;0;0;0;0;0;0;0;0;0;0;0;0;0;1;4;0;0;0;0;0;0;0;0;0;0
45277;Saint-Florent;24;45;0;0;0;0;0;0;0;0;0;0;0;0;0;0;0;0;0;0;0;0;0;0;0;0;1;0;1;0;0;0;0;0;0;0;0;0;2
45278;Sainte-Geneviève-des-Bois;24;45;0;0;0;0;0;0;0;0;0;0;0;0;0;0;0;0;0;0;0;0;2;0;0;0;2;0;4;3;1;0;2;0;0;1;1;0;0
45279;Saint-Germain-des-Prés;24;45;0;0;0;0;0;0;0;0;0;0;0;0;0;0;0;0;0;0;1;0;5;0;0;0;3;1;6;6;3;0;3;0;0;3;1;0;1
45280;Saint-Gondon;24;45;0;0;0;0;0;0;0;0;0;0;0;0;0;0;0;0;0;0;1;0;4;0;0;1;2;0;2;3;1;0;1;0;0;1;0;0;1
45281;Saint-Hilaire-les-Andrésis;24;45;0;0;0;0;0;0;0;0;0;0;0;0;0;0;0;0;0;0;0;0;1;0;0;1;3;2;2;1;1;1;2;0;0;2;0;0;0
45282;Saint-Hilaire-Saint-Mesmin;24;45;0;0;0;0;0;0;0;0;0;0;0;0;0;0;0;1;0;0;0;1;7;0;0;0;2;7;6;3;1;1;1;0;0;1;4;0;2
45283;Saint-Hilaire-sur-Puiseaux;24;45;0;0;0;0;0;0;0;0;0;0;0;0;0;0;0;0;0;0;0;0;1;0;0;0;0;1;0;0;0;1;0;0;0;1;0;0;0
45284;Saint-Jean-de-Braye;24;45;0;0;0;0;0;0;0;0;0;0;0;0;0;0;0;14;3;1;0;0;25;1;0;5;24;24;20;32;21;8;22;4;0;29;13;3;9
45285;Saint-Jean-de-la-Ruelle;24;45;0;0;0;0;0;0;0;0;0;0;0;0;0;0;0;12;1;2;0;1;10;2;0;3;24;19;11;30;13;10;9;1;1;24;3;2;11
45286;Saint-Jean-le-Blanc;24;45;0;0;0;0;0;0;0;0;0;0;0;0;0;0;0;7;0;1;0;0;12;0;1;0;16;11;11;12;10;6;7;1;0;6;9;1;7
45287;Saint-Loup-de-Gonois;24;45;0;0;0;0;0;0;0;0;0;0;0;0;0;0;0;0;0;0;0;0;0;0;0;0;0;0;0;0;1;0;0;0;0;0;1;0;0
45288;Saint-Loup-des-Vignes;24;45;0;0;0;0;0;0;0;0;0;0;0;0;0;0;0;0;0;0;0;0;1;0;0;0;1;0;3;3;1;0;0;0;0;0;1;0;0
45289;Saint-Lyé-la-Forêt;24;45;0;0;0;0;0;0;0;0;0;0;0;0;0;0;0;0;0;0;0;0;3;1;0;1;0;2;1;1;2;1;0;0;0;0;0;0;1
45290;Saint-Martin-d'Abbat;24;45;0;0;0;0;0;0;0;0;0;0;0;0;0;0;0;0;0;0;0;1;6;0;0;0;6;3;4;3;3;0;3;0;0;1;1;0;0
45291;Saint-Martin-sur-Ocre;24;45;0;0;0;0;0;0;0;0;0;0;0;0;0;0;0;0;0;0;0;0;2;0;0;0;2;2;1;2;1;2;1;0;0;2;1;0;1
45292;Saint-Maurice-sur-Aveyron;24;45;0;0;0;0;0;0;0;0;0;0;0;0;0;0;0;0;0;0;0;1;3;0;0;0;3;0;1;0;1;1;1;0;0;2;0;0;1
45293;Saint-Maurice-sur-Fessard;24;45;0;0;0;0;0;0;0;0;0;0;0;0;0;0;0;0;0;0;0;1;1;0;0;0;1;1;3;1;1;0;1;1;0;2;2;0;0
45294;Saint-Michel;24;45;0;0;0;0;0;0;0;0;0;0;0;0;0;0;0;0;0;0;0;0;0;0;0;0;1;0;0;0;0;0;0;0;0;0;0;0;0
45296;Saint-Péravy-la-Colombe;24;45;0;0;0;0;0;0;0;0;0;0;0;0;0;0;0;0;0;0;0;0;1;0;0;0;0;0;0;2;0;0;0;0;0;0;0;0;0
45297;Saint-Père-sur-Loire;24;45;0;0;0;0;0;0;0;0;0;0;0;0;0;0;0;0;0;0;0;0;5;2;0;0;1;1;0;0;1;3;3;0;0;2;0;1;3
45298;Saint-Pryvé-Saint-Mesmin;24;45;0;0;0;0;0;0;0;0;0;0;0;0;0;0;0;2;0;1;0;0;10;1;0;0;6;7;10;5;9;2;5;0;0;6;14;3;4
45299;Saint-Sigismond;24;45;0;0;0;0;0;0;0;0;0;0;0;0;0;0;0;0;0;0;0;0;1;0;0;0;1;0;0;0;0;0;0;0;0;0;0;0;0
45300;Sandillon;24;45;0;0;0;0;0;0;0;0;0;0;0;0;0;0;0;0;0;1;0;0;6;1;0;2;6;5;9;4;5;1;5;1;0;7;4;0;7
45301;Santeau;24;45;0;0;0;0;0;0;0;0;0;0;0;0;0;0;0;0;0;0;0;0;0;0;0;0;0;0;0;0;1;0;0;0;0;0;0;0;0
45302;Saran;24;45;0;0;0;0;0;0;0;0;0;0;0;0;0;0;0;13;4;1;0;0;22;2;2;3;24;21;17;30;12;14;15;1;0;37;10;2;9
45303;Sceaux-du-Gâtinais;24;45;0;0;0;0;0;0;0;0;0;0;0;0;0;0;0;1;0;0;0;1;0;0;0;0;6;1;2;0;2;2;0;0;0;1;0;0;0
45305;Seichebrières;24;45;0;0;0;0;0;0;0;0;0;0;0;0;0;0;0;0;0;0;0;0;0;0;0;0;1;0;0;1;0;0;1;0;0;0;0;0;0
45306;La Selle-en-Hermoy;24;45;0;0;0;0;0;0;0;0;0;0;0;0;0;0;0;0;0;0;0;0;0;0;0;0;2;2;3;1;1;0;0;0;0;1;0;0;1
45307;La Selle-sur-le-Bied;24;45;0;0;0;0;0;0;0;0;0;0;0;0;0;0;0;0;0;0;0;1;2;0;0;0;3;2;4;5;1;0;2;1;0;1;1;0;0
45308;Semoy;24;45;0;0;0;0;0;0;0;0;0;0;0;0;0;0;0;0;0;1;0;0;6;1;0;1;5;4;6;4;7;3;2;0;0;1;1;0;1
45309;Sennely;24;45;0;0;0;0;0;0;0;0;0;0;0;0;0;0;0;0;0;0;0;1;0;0;0;0;2;0;1;1;2;1;0;0;0;0;1;0;0
45310;Sermaises;24;45;0;0;0;0;0;0;0;0;0;0;0;0;0;0;0;1;1;0;0;1;1;0;0;0;2;1;3;4;1;1;2;0;2;3;0;0;0
45311;Sigloy;24;45;0;0;0;0;0;0;0;0;0;0;0;0;0;0;0;0;0;0;0;0;1;0;0;0;0;0;1;0;1;0;1;0;0;2;0;0;1
45312;Solterre;24;45;0;0;0;0;0;0;0;0;0;0;0;0;0;0;0;0;0;0;0;1;0;0;0;0;1;3;0;0;0;0;1;0;0;1;1;0;0
45313;Sougy;24;45;0;0;0;0;0;0;0;0;0;0;0;0;0;0;0;0;0;0;0;0;1;0;0;0;0;2;0;0;1;0;1;0;0;0;0;0;0
45314;Sully-la-Chapelle;24;45;0;0;0;0;0;0;0;0;0;0;0;0;0;0;0;0;0;0;0;0;1;0;0;0;1;1;0;1;1;1;0;0;0;1;1;0;0
45315;Sully-sur-Loire;24;45;0;1;0;0;0;0;0;0;0;1;0;0;0;0;0;9;2;1;0;0;5;1;2;3;10;2;10;6;4;3;11;1;5;17;9;1;3
45316;Sury-aux-Bois;24;45;0;0;0;0;0;0;0;0;0;0;0;0;0;0;0;0;0;0;0;0;0;0;0;0;1;0;2;1;1;1;0;0;0;1;1;0;0
45317;Tavers;24;45;0;0;0;0;0;0;0;0;0;0;0;0;0;0;0;0;0;0;0;1;5;2;0;0;1;0;5;4;3;0;2;2;0;5;1;1;1
45320;Thignonville;24;45;0;0;0;0;0;0;0;0;0;0;0;0;0;0;0;0;0;0;0;0;1;0;0;0;1;1;1;2;1;0;0;0;0;0;1;0;0
45321;Thimory;24;45;0;0;0;0;0;0;0;0;0;0;0;0;0;0;0;0;0;0;1;0;2;0;0;0;2;0;1;2;2;0;0;0;0;0;0;0;0
45322;Thorailles;24;45;0;0;0;0;0;0;0;0;0;0;0;0;0;0;0;0;0;0;0;0;2;0;0;0;0;0;0;0;0;0;0;0;0;2;0;0;0
45323;Thou;24;45;0;0;0;0;0;0;0;0;0;0;0;0;0;0;0;0;0;0;0;0;1;0;0;0;0;0;0;0;0;1;0;0;0;0;0;0;0
45324;Tigy;24;45;0;0;0;0;0;0;0;0;0;0;0;0;0;0;0;1;0;1;0;0;1;0;0;0;3;2;4;3;5;1;3;0;0;0;3;1;4
45325;Tivernon;24;45;0;0;0;0;0;0;0;0;0;0;0;0;0;0;0;0;0;0;0;0;1;0;0;0;0;1;0;1;2;0;0;0;0;0;0;0;0
45326;Tournoisis;24;45;0;0;0;0;0;0;0;0;0;0;0;0;0;0;0;0;0;0;0;0;0;0;0;0;0;2;1;0;0;0;1;0;0;0;0;0;0
45327;Traînou;24;45;0;0;0;0;0;0;0;0;0;0;0;0;0;0;0;0;0;1;0;0;1;0;0;1;8;5;3;8;8;3;2;0;0;4;1;0;1
45328;Treilles-en-Gâtinais;24;45;0;0;0;0;0;0;0;0;0;0;0;0;0;0;0;0;0;0;0;0;0;0;0;0;0;0;0;0;0;1;2;0;0;0;1;0;0
45329;Triguères;24;45;0;0;0;0;0;0;0;0;0;0;0;0;0;0;0;0;0;0;0;1;4;0;0;0;3;1;1;3;0;1;2;0;0;3;0;0;0
45330;Trinay;24;45;0;0;0;0;0;0;0;0;0;0;0;0;0;0;0;0;0;0;0;0;0;0;0;0;1;1;1;0;1;0;0;0;0;0;0;0;0
45331;Vannes-sur-Cosson;24;45;0;0;0;0;0;0;0;0;0;0;0;0;0;0;0;0;0;0;0;0;0;0;0;0;2;0;0;1;0;1;1;1;0;1;0;0;1
45332;Varennes-Changy;24;45;0;0;0;0;0;0;0;0;0;0;0;0;0;0;0;0;0;0;0;1;5;0;0;0;3;2;3;4;2;0;3;0;0;3;2;0;1
45333;Vennecy;24;45;0;0;0;0;0;0;0;0;0;0;0;0;0;0;0;0;0;0;0;1;4;0;0;0;5;2;4;2;1;1;2;0;0;1;0;0;3
45334;Vieilles-Maisons-sur-Joudry;24;45;0;0;0;0;0;0;0;0;0;0;0;0;0;0;0;0;0;0;0;0;0;0;0;0;1;1;1;2;0;0;1;0;0;3;0;0;0
45335;Vienne-en-Val;24;45;0;0;0;0;0;0;0;0;0;0;0;0;0;0;0;0;0;1;0;0;3;0;0;0;1;2;3;1;3;0;2;0;0;1;2;0;1
45336;Viglain;24;45;0;0;0;0;0;0;0;0;0;0;0;0;0;0;0;0;0;0;1;0;0;0;0;1;1;0;2;1;1;0;1;0;0;2;0;0;1
45337;Villamblain;24;45;0;0;0;0;0;0;0;0;0;0;0;0;0;0;0;0;0;0;0;0;1;0;0;0;0;1;1;0;0;0;1;0;0;0;0;0;0
45338;Villemandeur;24;45;0;0;0;0;0;0;0;0;0;0;0;0;0;0;0;5;0;1;0;0;23;2;0;1;12;17;13;20;12;6;6;0;1;6;4;0;4
45339;Villemoutiers;24;45;0;0;0;0;0;0;0;0;0;0;0;0;0;0;0;0;0;0;0;0;0;0;0;0;2;1;1;1;2;0;0;0;0;0;0;0;0
45340;Villemurlin;24;45;0;0;0;0;0;0;0;0;0;0;0;0;0;0;0;0;0;0;1;0;1;0;0;0;3;2;0;2;1;1;1;0;0;0;0;0;0
45341;Villeneuve-sur-Conie;24;45;0;0;0;0;0;0;0;0;0;0;0;0;0;0;0;0;0;0;0;0;0;0;0;0;0;2;0;0;1;0;0;0;0;0;0;0;0
45342;Villereau;24;45;0;0;0;0;0;0;0;0;0;0;0;0;0;0;0;0;0;0;0;0;0;0;0;0;0;0;0;0;0;0;1;0;0;0;0;0;0
45343;Villevoques;24;45;0;0;0;0;0;0;0;0;0;0;0;0;0;0;0;0;0;0;0;0;1;0;0;0;3;0;0;0;0;0;0;0;0;0;0;0;0
45344;Villorceau;24;45;0;0;0;0;0;0;0;0;0;0;0;0;0;0;0;0;0;0;0;0;1;0;0;0;4;3;0;1;1;0;0;0;0;0;1;0;2
45345;Vimory;24;45;0;0;0;0;0;0;0;0;0;0;0;0;0;0;0;0;0;0;0;0;1;0;0;0;2;0;0;1;4;0;1;0;0;2;0;0;0
45346;Vitry-aux-Loges;24;45;0;0;0;0;0;0;0;0;0;0;0;0;0;0;0;1;0;1;0;0;4;0;0;0;3;6;2;6;4;0;5;0;0;2;1;0;1
45347;Vrigny;24;45;0;0;0;0;0;0;0;0;0;0;0;0;0;0;0;0;0;0;0;0;1;0;0;0;1;0;2;1;0;0;2;0;0;0;0;0;0
45348;Yèvre-la-Ville;24;45;0;0;0;0;0;0;0;0;0;0;0;0;0;0;0;0;0;0;0;0;1;0;0;0;1;1;0;0;0;1;0;0;0;2;0;0;0
46001;Albas;76;46;0;0;0;0;0;0;0;0;0;0;0;0;0;0;0;0;0;0;0;1;0;0;0;0;0;1;3;1;2;1;0;0;0;2;1;0;0
46002;Albiac;76;46;0;0;0;0;0;0;0;0;0;0;0;0;0;0;0;0;0;0;0;0;0;0;0;0;1;0;0;0;0;0;0;0;0;0;0;0;0
46003;Alvignac;76;46;0;0;0;0;0;0;0;0;0;0;0;0;0;0;0;0;0;1;0;0;0;0;0;0;1;0;0;1;1;1;2;0;0;3;0;0;0
46004;Anglars;76;46;0;0;0;0;0;0;0;0;0;0;0;0;0;0;0;0;0;0;0;0;0;0;0;0;1;0;1;0;0;1;0;0;0;1;0;0;0
46005;Anglars-Juillac;76;46;0;0;0;0;0;0;0;0;0;0;0;0;0;0;0;0;0;0;0;0;0;0;0;0;0;1;1;2;1;0;1;0;0;1;0;0;0
46006;Anglars-Nozac;76;46;0;0;0;0;0;0;0;0;0;0;0;0;0;0;0;0;0;0;0;0;0;0;0;0;1;3;1;0;0;0;1;0;0;0;0;0;0
46007;Arcambal;76;46;0;0;0;0;0;0;0;0;0;0;0;0;0;0;0;0;0;0;0;1;2;0;0;0;2;1;1;2;2;0;1;0;0;0;0;0;0
46008;Les Arques;76;46;0;0;0;0;0;0;0;0;0;0;0;0;0;0;0;0;0;0;0;0;0;0;0;0;0;0;0;0;0;0;1;0;0;1;0;0;0
46009;Assier;76;46;0;0;0;0;0;0;0;0;0;0;0;0;0;0;0;0;0;1;0;0;1;0;0;0;1;1;5;0;1;0;2;0;0;3;1;0;1
46010;Aujols;76;46;0;0;0;0;0;0;0;0;0;0;0;0;0;0;0;0;0;0;0;0;1;0;0;0;1;1;1;0;1;0;1;0;0;0;0;0;0
46011;Autoire;76;46;0;0;0;0;0;0;0;0;0;0;0;0;0;0;0;0;0;0;0;0;0;0;0;0;2;2;0;1;0;0;0;0;0;1;0;0;0
46012;Aynac;76;46;0;0;0;0;0;0;0;0;0;0;0;0;0;0;0;0;0;0;0;1;2;0;0;0;1;0;4;0;1;0;1;0;0;2;0;0;0
46013;Bach;76;46;0;0;0;0;0;0;0;0;0;0;0;0;0;0;0;0;0;0;0;0;0;0;0;0;0;1;2;0;0;0;0;0;0;1;0;0;0
46014;Bagat-en-Quercy;76;46;0;0;0;0;0;0;0;0;0;0;0;0;0;0;0;0;0;0;0;0;0;0;0;0;0;0;1;0;0;0;0;0;0;0;0;0;0
46015;Bagnac-sur-Célé;76;46;0;0;0;0;0;0;0;0;0;0;0;0;0;0;0;0;1;1;0;0;4;0;0;2;4;1;5;1;1;0;4;4;0;4;0;0;1
46016;Baladou;76;46;0;0;0;0;0;0;0;0;0;0;0;0;0;0;0;0;0;0;0;0;1;0;0;0;0;1;0;0;1;0;0;0;0;2;2;0;0
46017;Bannes;76;46;0;0;0;0;0;0;0;0;0;0;0;0;0;0;0;0;0;0;0;0;0;0;0;0;0;1;0;0;0;0;0;0;0;0;0;0;0
46018;Le Bastit;76;46;0;0;0;0;0;0;0;0;0;0;0;0;0;0;0;0;0;0;0;0;0;0;0;0;2;0;0;0;1;1;0;0;0;1;0;0;0
46020;Beauregard;76;46;0;0;0;0;0;0;0;0;0;0;0;0;0;0;0;0;0;0;0;0;1;0;0;0;3;1;1;0;0;0;0;0;0;0;0;0;1
46021;Béduer;76;46;0;0;0;0;0;0;0;0;0;0;0;0;0;0;0;0;0;0;0;0;0;0;0;0;1;2;2;2;0;0;1;1;0;2;0;0;0
46022;Bélaye;76;46;0;0;0;0;0;0;0;0;0;0;0;0;0;0;0;0;0;0;0;0;0;0;0;0;0;0;0;0;0;2;0;0;0;0;1;0;0
46023;Belfort-du-Quercy;76;46;0;0;0;0;0;0;0;0;0;0;0;0;0;0;0;0;0;0;0;1;0;0;0;0;3;1;1;0;0;0;0;0;0;1;2;0;0
46024;Belmont-Bretenoux;76;46;0;0;0;0;0;0;0;0;0;0;0;0;0;0;0;0;0;0;0;0;0;0;0;0;2;1;2;2;1;0;1;1;0;0;0;0;0
46026;Belmont-Sainte-Foi;76;46;0;0;0;0;0;0;0;0;0;0;0;0;0;0;0;0;0;0;0;0;0;0;0;0;0;0;1;0;0;0;0;0;0;1;0;0;0
46027;Berganty;76;46;0;0;0;0;0;0;0;0;0;0;0;0;0;0;0;0;0;0;0;0;0;0;0;0;0;0;0;0;0;0;0;0;0;0;0;0;0
46028;Bétaille;76;46;0;0;0;0;0;0;0;0;0;0;0;0;0;0;0;0;0;0;0;1;4;2;0;0;3;1;3;4;2;0;2;0;0;4;0;0;0
46029;Biars-sur-Cère;76;46;0;0;0;0;0;0;0;0;0;0;0;0;0;0;0;4;0;1;0;0;2;2;0;1;3;8;1;4;2;1;6;0;3;6;1;0;2
46030;Bio;76;46;0;0;0;0;0;0;0;0;0;0;0;0;0;0;0;0;0;0;0;0;0;0;0;0;0;0;1;1;0;0;0;0;0;0;0;0;0
46031;Blars;76;46;0;0;0;0;0;0;0;0;0;0;0;0;0;0;0;0;0;0;0;0;0;0;0;0;0;0;0;0;0;0;0;0;0;0;0;0;0
46032;Boissières;76;46;0;0;0;0;0;0;0;0;0;0;0;0;0;0;0;0;0;0;1;0;1;0;0;0;3;1;2;1;1;0;0;1;0;0;0;1;0
46033;Le Boulvé;76;46;0;0;0;0;0;0;0;0;0;0;0;0;0;0;0;0;0;0;0;0;0;0;0;0;1;0;0;0;1;0;1;0;0;0;0;0;0
46034;Le Bourg;76;46;0;0;0;0;0;0;0;0;0;0;0;0;0;0;0;0;0;0;0;0;2;0;0;0;0;0;2;0;0;0;0;0;0;1;0;0;0
46035;Boussac;76;46;0;0;0;0;0;0;0;0;0;0;0;0;0;0;0;0;0;0;0;1;0;0;0;0;1;0;1;0;2;0;0;0;0;0;0;0;0
46036;Le Bouyssou;76;46;0;0;0;0;0;0;0;0;0;0;0;0;0;0;0;0;0;0;0;0;0;0;0;0;1;0;0;2;0;0;0;0;0;0;0;0;0
46037;Bouziès;76;46;0;0;0;0;0;0;0;0;0;0;0;0;0;0;0;0;0;0;0;0;0;0;0;0;0;0;0;0;0;0;0;0;0;1;0;0;0
46038;Bretenoux;76;46;0;1;0;0;0;0;0;0;0;0;1;0;1;0;0;0;0;1;0;0;4;0;0;2;1;5;2;2;1;0;4;0;0;5;4;2;2
46039;Brengues;76;46;0;0;0;0;0;0;0;0;0;0;0;0;0;0;0;0;0;0;1;0;0;0;0;0;3;0;1;0;0;0;0;0;0;1;0;0;0
46040;Cabrerets;76;46;0;0;0;0;0;0;0;0;0;0;0;0;0;0;0;0;0;1;0;0;0;0;0;0;0;0;2;1;0;0;0;0;0;5;0;0;0
46041;Cadrieu;76;46;0;0;0;0;0;0;0;0;0;0;0;0;0;0;0;0;0;0;0;0;0;0;0;0;3;1;0;1;1;0;0;0;0;0;0;0;0
46042;Cahors;76;46;2;0;0;1;1;1;1;0;0;0;13;1;0;0;0;21;7;2;0;0;35;6;4;13;52;43;26;30;21;8;53;7;7;101;24;9;16
46043;Cahus;76;46;0;0;0;0;0;0;0;0;0;0;0;0;0;0;0;0;0;0;0;0;1;0;0;0;0;0;0;1;0;0;0;0;0;0;0;0;0
46044;Caillac;76;46;0;0;0;0;0;0;0;0;0;0;0;0;0;0;0;0;0;0;0;1;0;0;0;0;1;1;2;4;1;0;1;0;0;1;0;0;0
46045;Cajarc;76;46;0;1;0;0;0;0;0;0;0;0;0;0;0;0;0;0;0;1;0;0;5;1;0;0;3;4;6;3;0;0;2;0;0;11;1;0;1
46046;Calamane;76;46;0;0;0;0;0;0;0;0;0;0;0;0;0;0;0;0;0;0;0;0;1;0;0;0;3;0;0;1;0;0;1;0;0;0;0;0;0
46047;Calès;76;46;0;0;0;0;0;0;0;0;0;0;0;0;0;0;0;0;0;0;0;0;0;0;0;0;2;1;0;0;0;0;0;0;0;0;0;0;1
46049;Calvignac;76;46;0;0;0;0;0;0;0;0;0;0;0;0;0;0;0;0;0;0;0;0;0;0;0;0;1;0;1;0;0;0;0;0;0;2;0;0;0
46050;Cambayrac;76;46;0;0;0;0;0;0;0;0;0;0;0;0;0;0;0;0;0;0;0;0;0;0;0;0;1;0;0;0;0;0;0;0;0;0;0;0;0
46051;Cambes;76;46;0;0;0;0;0;0;0;0;0;0;0;0;0;0;0;0;0;0;0;0;1;0;0;0;0;0;1;0;2;0;0;0;0;3;0;0;1
46052;Camboulit;76;46;0;0;0;0;0;0;0;0;0;0;0;0;0;0;0;0;0;0;0;0;1;0;0;0;1;0;2;0;1;0;0;0;0;1;0;0;0
46053;Camburat;76;46;0;0;0;0;0;0;0;0;0;0;0;0;0;0;0;0;0;0;0;0;0;0;0;0;0;0;1;0;1;0;1;0;0;0;0;0;0
46054;Caniac-du-Causse;76;46;0;0;0;0;0;0;0;0;0;0;0;0;0;0;0;0;0;0;0;0;0;0;0;0;2;0;2;1;1;1;0;0;0;1;0;0;0
46055;Capdenac;76;46;0;0;0;0;0;0;0;0;0;0;0;0;0;0;0;0;0;0;1;0;1;0;0;0;6;1;4;1;3;0;2;0;0;5;1;0;1
46056;Carayac;76;46;0;0;0;0;0;0;0;0;0;0;0;0;0;0;0;0;0;0;0;0;0;0;0;0;0;0;0;1;0;0;0;0;0;0;0;0;0
46057;Cardaillac;76;46;0;0;0;0;0;0;0;0;0;0;0;0;0;0;0;0;0;0;0;1;1;0;0;0;2;1;0;0;1;0;1;0;0;2;0;0;0
46058;Carennac;76;46;0;0;0;0;0;0;0;0;0;0;0;0;0;0;0;0;0;0;0;1;1;0;0;0;1;0;2;3;0;0;0;0;0;6;0;0;0
46059;Carlucet;76;46;0;0;0;0;0;0;0;0;0;0;0;0;0;0;0;0;0;0;1;0;0;0;0;0;1;0;0;0;1;0;0;0;0;2;0;0;0
46060;Carnac-Rouffiac;76;46;0;0;0;0;0;0;0;0;0;0;0;0;0;0;0;0;0;0;0;0;0;0;0;0;0;0;0;0;0;0;0;0;0;0;2;0;0
46061;Cassagnes;76;46;0;0;0;0;0;0;0;0;0;0;0;0;0;0;0;0;0;0;0;0;0;0;0;0;0;0;2;0;0;0;0;0;0;0;0;0;0
46062;Castelfranc;76;46;0;0;0;0;0;0;0;0;0;0;0;0;0;0;0;0;0;0;0;1;2;0;0;0;0;0;0;1;0;2;1;0;0;2;0;0;0
46063;Castelnau-Montratier;76;46;0;1;0;0;0;0;0;0;0;0;1;0;0;0;0;2;3;1;0;0;3;1;0;1;11;2;3;2;0;2;4;1;0;3;2;0;3
46064;Catus;76;46;0;1;0;0;0;0;0;0;0;0;0;0;1;0;0;0;0;1;0;0;5;0;0;0;8;0;0;4;2;0;1;1;0;6;0;0;2
46065;Cavagnac;76;46;0;0;0;0;0;0;0;0;0;0;0;0;0;0;0;0;0;0;0;0;2;0;0;0;0;2;0;2;2;0;0;0;0;1;0;0;0
46066;Cazals;76;46;0;1;0;0;0;0;0;0;0;0;1;0;0;0;0;0;1;1;0;0;3;0;0;0;3;1;0;0;3;1;3;0;0;2;3;0;0
46067;Cazillac;76;46;0;0;0;0;0;0;0;0;0;0;0;0;0;0;0;0;0;0;0;0;0;0;0;0;1;0;0;2;0;0;0;0;0;0;0;0;0
46068;Cénevières;76;46;0;0;0;0;0;0;0;0;0;0;0;0;0;0;0;0;0;0;0;1;0;0;0;0;4;1;0;1;2;0;0;0;0;0;1;0;0
46069;Cézac;76;46;0;0;0;0;0;0;0;0;0;0;0;0;0;0;0;0;0;0;0;0;0;0;0;0;0;0;1;0;0;0;0;0;0;0;0;0;0
46070;Cieurac;76;46;0;0;0;0;0;0;0;0;0;0;0;0;0;0;0;0;0;0;0;0;0;0;0;2;1;2;1;1;0;0;0;0;0;3;0;0;0
46072;Concorès;76;46;0;0;0;0;0;0;0;0;0;0;0;0;0;0;0;0;0;0;0;1;0;0;0;0;1;3;1;1;0;0;0;0;0;0;1;0;0
46073;Concots;76;46;0;0;0;0;0;0;0;0;0;0;0;0;0;0;0;0;1;0;0;1;0;0;0;0;2;0;0;0;0;1;0;0;0;2;0;0;0
46074;Condat;76;46;0;0;0;0;0;0;0;0;0;0;0;0;0;0;0;0;0;0;0;0;0;0;0;0;2;1;1;1;1;0;0;0;0;1;0;0;0
46075;Corn;76;46;0;0;0;0;0;0;0;0;0;0;0;0;0;0;0;0;0;0;0;0;2;0;0;0;1;0;0;0;1;0;0;0;0;1;0;0;0
46076;Cornac;76;46;0;0;0;0;0;0;0;0;0;0;0;0;0;0;0;0;0;0;0;0;1;0;0;0;0;1;0;0;1;0;0;0;0;1;0;0;0
46077;Cours;76;46;0;0;0;0;0;0;0;0;0;0;0;0;0;0;0;0;0;0;0;0;0;0;0;0;1;0;1;0;1;0;0;0;0;1;0;0;0
46078;Couzou;76;46;0;0;0;0;0;0;0;0;0;0;0;0;0;0;0;0;0;0;0;0;0;0;0;0;0;0;0;1;0;0;0;0;0;1;0;0;0
46079;Cras;76;46;0;0;0;0;0;0;0;0;0;0;0;0;0;0;0;0;0;0;0;0;0;0;0;0;1;0;1;0;1;0;0;0;0;0;0;0;1
46080;Crayssac;76;46;0;0;0;0;0;0;0;0;0;0;0;0;0;0;0;0;0;0;0;1;2;1;0;0;6;2;0;1;0;1;1;0;0;2;0;0;2
46081;Crégols;76;46;0;0;0;0;0;0;0;0;0;0;0;0;0;0;0;0;0;0;0;0;0;0;0;0;0;0;1;0;0;0;0;0;0;0;0;0;0
46082;Cremps;76;46;0;0;0;0;0;0;0;0;0;0;0;0;0;0;0;0;0;0;0;0;0;0;0;0;2;0;0;0;1;0;0;0;0;0;0;0;0
46083;Cressensac;76;46;0;0;0;0;0;0;0;0;0;0;0;0;0;0;0;1;0;1;0;0;1;0;0;0;1;0;2;1;1;0;1;0;0;2;2;0;1
46084;Creysse;76;46;0;0;0;0;0;0;0;0;0;0;0;0;0;0;0;0;0;0;0;0;0;0;0;0;0;0;0;0;0;1;0;0;0;1;0;0;0
46085;Cuzac;76;46;0;0;0;0;0;0;0;0;0;0;0;0;0;0;0;0;0;0;0;0;0;0;0;0;1;1;1;1;0;0;0;0;0;0;0;0;0
46086;Cuzance;76;46;0;0;0;0;0;0;0;0;0;0;0;0;0;0;0;0;0;0;1;0;2;0;0;0;1;3;2;1;2;0;0;0;0;2;0;0;0
46087;Dégagnac;76;46;0;0;0;0;0;0;0;0;0;0;0;0;0;0;0;0;1;0;0;1;1;0;0;0;4;0;3;3;1;0;1;0;0;2;1;0;0
46088;Douelle;76;46;0;0;0;0;0;0;0;0;0;0;0;0;0;0;0;0;0;0;0;1;0;0;0;0;0;4;1;2;2;0;1;0;0;4;1;0;0
46089;Duravel;76;46;0;0;0;0;0;0;0;0;0;0;0;0;0;0;0;0;0;0;0;1;3;0;0;0;8;4;2;2;3;0;2;0;0;3;0;0;0
46090;Durbans;76;46;0;0;0;0;0;0;0;0;0;0;0;0;0;0;0;0;0;0;0;0;0;0;0;0;0;0;0;1;0;0;0;0;0;2;0;0;0
46091;Escamps;76;46;0;0;0;0;0;0;0;0;0;0;0;0;0;0;0;0;0;0;0;0;0;0;0;0;3;0;0;0;0;0;1;0;0;3;0;0;0
46092;Esclauzels;76;46;0;0;0;0;0;0;0;0;0;0;0;0;0;0;0;0;0;0;0;0;0;0;0;0;1;0;0;0;0;1;1;0;0;1;0;0;0
46093;Espagnac-Sainte-Eulalie;76;46;0;0;0;0;0;0;0;0;0;0;0;0;0;0;0;0;0;0;0;0;0;0;0;0;0;0;0;0;0;0;0;0;0;0;0;0;0
46094;Espédaillac;76;46;0;0;0;0;0;0;0;0;0;0;0;0;0;0;0;0;0;0;0;0;0;0;0;0;2;0;3;1;0;0;0;0;0;1;0;0;0
46095;Espère;76;46;0;0;0;0;0;0;0;0;0;0;0;0;0;0;0;0;0;0;0;0;3;0;0;0;3;1;3;0;1;0;1;0;0;3;1;0;1
46096;Espeyroux;76;46;0;0;0;0;0;0;0;0;0;0;0;0;0;0;0;0;0;0;0;0;0;0;0;0;0;0;0;0;0;0;0;0;0;0;0;0;0
46097;Estal;76;46;0;0;0;0;0;0;0;0;0;0;0;0;0;0;0;0;0;0;0;0;0;0;0;0;0;0;0;0;0;0;0;0;0;0;0;0;0
46098;Fajoles;76;46;0;0;0;0;0;0;0;0;0;0;0;0;0;0;0;0;0;0;0;0;0;0;0;0;1;2;1;0;0;0;0;0;0;0;1;0;0
46099;Fargues;76;46;0;0;0;0;0;0;0;0;0;0;0;0;0;0;0;0;0;0;0;0;0;0;0;0;0;0;1;0;0;0;0;0;0;0;0;0;0
46100;Faycelles;76;46;0;0;0;0;0;0;0;0;0;0;0;0;0;0;0;0;0;0;0;1;1;0;0;0;2;0;3;2;2;0;0;0;0;2;0;0;0
46101;Felzins;76;46;0;0;0;0;0;0;0;0;0;0;0;0;0;0;0;0;0;0;1;0;0;0;0;0;1;0;2;0;0;0;0;0;0;0;0;0;0
46102;Figeac;76;46;0;1;0;0;1;0;0;0;0;0;2;1;0;0;0;8;5;1;0;0;19;3;1;6;11;11;11;18;12;3;22;4;5;48;20;5;9
46103;Saint-Paul-Flaugnac;76;46;0;0;0;0;0;0;0;0;0;0;0;0;0;0;0;0;0;0;0;1;3;0;0;0;4;2;3;2;1;0;2;0;0;3;0;0;0
46104;Flaujac-Gare;76;46;0;0;0;0;0;0;0;0;0;0;0;0;0;0;0;0;0;0;0;0;0;0;0;0;0;0;2;1;0;0;0;0;0;1;0;0;0
46105;Flaujac-Poujols;76;46;0;0;0;0;0;0;0;0;0;0;0;0;0;0;0;0;0;0;0;1;0;0;0;0;0;2;4;0;2;0;1;0;0;1;1;0;1
46106;Floirac;76;46;0;0;0;0;0;0;0;0;0;0;0;0;0;0;0;0;0;1;0;0;0;0;0;0;1;1;0;0;1;0;0;0;0;0;0;0;0
46107;Floressas;76;46;0;0;0;0;0;0;0;0;0;0;0;0;0;0;0;0;0;0;0;0;0;0;0;0;1;0;0;0;0;1;0;0;0;0;2;0;0
46108;Fons;76;46;0;0;0;0;0;0;0;0;0;0;0;0;0;0;0;0;0;0;0;1;1;0;0;0;3;0;2;2;0;0;0;0;0;1;0;0;0
46109;Fontanes;76;46;0;0;0;0;0;0;0;0;0;0;0;0;0;0;0;0;0;0;0;1;1;0;0;0;1;0;1;4;0;0;0;0;0;0;0;0;0
46111;Fourmagnac;76;46;0;0;0;0;0;0;0;0;0;0;0;0;0;0;0;0;0;0;0;0;1;0;0;0;0;1;1;0;0;0;0;0;0;0;0;0;0
46112;Francoulès;76;46;0;0;0;0;0;0;0;0;0;0;0;0;0;0;0;0;0;0;0;1;1;0;0;0;2;0;1;1;1;0;0;0;0;1;1;0;0
46113;Frayssinet;76;46;0;0;0;0;0;0;0;0;0;0;0;0;0;0;0;0;0;0;0;0;1;0;0;0;0;2;0;0;1;0;0;0;0;5;0;0;0
46114;Frayssinet-le-Gélat;76;46;0;0;0;0;0;0;0;0;0;0;0;0;0;0;0;0;0;0;1;0;1;0;0;0;0;0;1;0;1;0;1;0;0;2;0;0;1
46115;Frayssinhes;76;46;0;0;0;0;0;0;0;0;0;0;0;0;0;0;0;0;0;0;0;0;0;0;0;0;1;0;0;1;0;0;0;0;0;0;0;0;0
46116;Frontenac;76;46;0;0;0;0;0;0;0;0;0;0;0;0;0;0;0;0;0;0;0;0;0;0;0;0;0;0;0;0;0;0;0;0;0;0;0;0;0
46117;Gagnac-sur-Cère;76;46;0;0;0;0;0;0;0;0;0;0;0;0;0;0;0;0;0;0;0;1;2;0;0;0;3;0;3;2;1;0;0;0;0;1;0;0;0
46118;Gignac;76;46;0;0;0;0;0;0;0;0;0;0;0;0;0;0;0;0;0;0;0;1;1;0;0;0;3;2;2;3;0;0;2;0;0;1;2;0;0
46119;Gigouzac;76;46;0;0;0;0;0;0;0;0;0;0;0;0;0;0;0;0;0;0;0;0;0;0;0;0;1;0;1;1;0;0;0;0;0;0;0;0;0
46120;Gindou;76;46;0;0;0;0;0;0;0;0;0;0;0;0;0;0;0;0;0;0;0;0;1;0;0;0;2;0;2;0;2;0;1;0;0;0;0;0;0
46121;Ginouillac;76;46;0;0;0;0;0;0;0;0;0;0;0;0;0;0;0;0;0;0;0;0;1;0;0;0;0;0;0;1;1;0;0;0;0;0;1;0;0
46122;Gintrac;76;46;0;0;0;0;0;0;0;0;0;0;0;0;0;0;0;0;0;0;0;0;0;0;0;0;1;0;0;0;0;0;0;0;0;1;0;0;0
46123;Girac;76;46;0;0;0;0;0;0;0;0;0;0;0;0;0;0;0;0;0;0;0;0;1;0;0;0;1;2;3;0;3;0;0;0;0;1;0;0;1
46124;Glanes;76;46;0;0;0;0;0;0;0;0;0;0;0;0;0;0;0;0;0;0;0;0;1;0;0;0;0;0;0;1;0;0;1;0;0;0;0;0;0
46125;Gorses;76;46;0;0;0;0;0;0;0;0;0;0;0;0;0;0;0;0;0;0;1;0;2;0;0;0;2;0;1;0;0;0;0;0;0;1;0;0;0
46126;Goujounac;76;46;0;0;0;0;0;0;0;0;0;0;0;0;0;0;0;0;0;0;0;0;0;0;0;0;0;0;2;1;0;0;0;0;0;3;0;0;1
46127;Gourdon;76;46;0;1;0;0;0;0;0;0;0;0;2;0;0;0;0;5;3;1;0;0;12;1;0;4;8;9;12;8;3;1;13;5;0;18;7;2;2
46128;Gramat;76;46;0;1;0;0;0;0;0;0;0;0;1;0;0;0;0;4;2;1;0;0;9;2;0;1;5;4;9;5;6;1;11;3;0;13;3;2;2
46129;Gréalou;76;46;0;0;0;0;0;0;0;0;0;0;0;0;0;0;0;0;0;0;0;0;1;0;0;0;1;1;2;0;0;0;0;0;0;0;1;0;0
46130;Grézels;76;46;0;0;0;0;0;0;0;0;0;0;0;0;0;0;0;0;0;0;0;0;0;0;0;0;0;0;3;0;0;0;0;0;0;3;0;0;0
46131;Grèzes;76;46;0;0;0;0;0;0;0;0;0;0;0;0;0;0;0;0;0;0;0;0;0;0;0;0;2;0;0;0;2;0;0;0;0;0;0;0;0
46132;Issendolus;76;46;0;0;0;0;0;0;0;0;0;0;0;0;0;0;0;0;0;0;0;0;0;0;0;0;4;2;0;2;2;0;0;0;0;0;0;0;2
46133;Issepts;76;46;0;0;0;0;0;0;0;0;0;0;0;0;0;0;0;0;0;0;0;0;1;0;0;0;3;1;2;1;2;0;0;0;0;0;0;0;0
46134;Les Junies;76;46;0;0;0;0;0;0;0;0;0;0;0;0;0;0;0;0;0;0;0;0;0;0;0;0;2;0;0;1;0;0;0;0;0;0;0;0;0
46135;Labastide-du-Haut-Mont;76;46;0;0;0;0;0;0;0;0;0;0;0;0;0;0;0;0;0;0;0;0;0;0;0;0;0;0;1;0;0;0;0;0;0;0;0;0;0
46136;Labastide-du-Vert;76;46;0;0;0;0;0;0;0;0;0;0;0;0;0;0;0;0;0;0;0;0;0;0;0;0;3;1;0;1;0;1;0;0;0;0;0;0;0
46137;Labastide-Marnhac;76;46;0;0;0;0;0;0;0;0;0;0;0;0;0;0;0;0;0;0;1;0;3;0;0;0;2;3;2;1;1;0;3;0;0;1;0;0;3
46138;Coeur de Causse;76;46;0;1;0;0;0;0;0;0;0;0;1;0;0;0;0;0;2;1;0;0;2;0;0;1;4;2;1;1;1;0;4;1;0;8;1;0;0
46139;Labathude;76;46;0;0;0;0;0;0;0;0;0;0;0;0;0;0;0;0;0;0;0;0;0;0;0;0;1;0;0;0;0;0;0;0;0;0;0;0;0
46140;Laburgade;76;46;0;0;0;0;0;0;0;0;0;0;0;0;0;0;0;0;0;0;0;0;1;0;0;0;1;0;1;0;0;0;0;0;0;0;0;0;0
46142;Lacapelle-Cabanac;76;46;0;0;0;0;0;0;0;0;0;0;0;0;0;0;0;0;0;0;0;0;0;0;0;0;0;0;0;0;2;0;0;0;0;0;0;0;0
46143;Lacapelle-Marival;76;46;0;1;0;0;0;0;0;0;0;0;1;0;0;0;0;2;0;1;0;0;3;1;0;0;1;2;3;2;3;0;3;1;0;3;1;2;1
46144;Lacave;76;46;0;0;0;0;0;0;0;0;0;0;0;0;0;0;0;0;0;0;0;0;1;0;0;0;1;0;1;1;1;0;0;0;0;2;0;0;0
46145;Lachapelle-Auzac;76;46;0;0;0;0;0;0;0;0;0;0;0;0;0;0;0;0;1;0;0;0;0;0;0;0;3;1;2;3;2;0;0;0;0;4;0;0;0
46146;Ladirat;76;46;0;0;0;0;0;0;0;0;0;0;0;0;0;0;0;0;0;0;0;0;0;0;0;0;0;0;0;0;0;0;0;0;0;0;0;0;0
46147;Lagardelle;76;46;0;0;0;0;0;0;0;0;0;0;0;0;0;0;0;0;0;0;0;0;0;0;0;0;1;0;0;0;0;0;0;0;0;0;0;0;0
46148;Lalbenque;76;46;0;1;0;0;0;0;0;0;0;0;1;0;0;0;0;1;1;1;0;0;2;0;0;3;4;2;5;3;1;0;2;0;0;5;4;0;2
46149;Lamagdelaine;76;46;0;0;0;0;0;0;0;0;0;0;0;0;0;0;0;0;1;0;1;0;1;0;0;0;2;1;2;0;1;0;2;0;0;2;0;0;1
46151;Lamothe-Cassel;76;46;0;0;0;0;0;0;0;0;0;0;0;0;0;0;0;0;0;0;0;0;0;0;0;0;1;0;2;1;0;0;0;0;0;0;1;0;0
46152;Lamothe-Fénelon;76;46;0;0;0;0;0;0;0;0;0;0;0;0;0;0;0;0;0;0;0;1;0;0;0;0;2;0;1;0;0;1;0;0;0;1;0;0;0
46153;Lanzac;76;46;0;0;0;0;0;0;0;0;0;0;0;0;0;0;0;0;0;0;0;0;1;0;0;0;1;0;0;0;1;0;0;0;0;1;0;0;0
46154;Laramière;76;46;0;0;0;0;0;0;0;0;0;0;0;0;0;0;0;0;0;0;0;0;0;0;0;0;0;0;1;0;0;1;0;0;0;1;0;0;0
46155;Larnagol;76;46;0;0;0;0;0;0;0;0;0;0;0;0;0;0;0;0;0;0;0;0;0;0;0;0;1;0;1;0;0;0;0;0;0;0;0;0;0
46156;Laroque-des-Arcs;76;46;0;0;0;0;0;0;0;0;0;0;0;0;0;0;0;0;0;0;0;0;0;0;0;0;2;0;0;3;1;0;0;0;0;0;0;0;0
46157;Larroque-Toirac;76;46;0;0;0;0;0;0;0;0;0;0;0;0;0;0;0;0;1;0;0;0;0;0;0;0;0;0;0;1;0;0;0;0;0;0;0;0;0
46158;Lascabanes;76;46;0;0;0;0;0;0;0;0;0;0;0;0;0;0;0;0;0;0;0;0;1;0;0;0;0;0;2;1;0;0;0;0;0;0;0;0;0
46159;Latouille-Lentillac;76;46;0;0;0;0;0;0;0;0;0;0;0;0;0;0;0;0;0;0;0;1;1;0;0;0;0;1;1;0;1;0;0;0;0;0;0;0;0
46160;Latronquière;76;46;0;0;0;0;0;0;0;0;0;0;1;0;1;0;0;1;1;1;0;0;1;0;0;0;0;1;0;1;1;0;2;4;0;1;0;0;1
46161;Lauresses;76;46;0;0;0;0;0;0;0;0;0;0;0;0;0;0;0;0;0;0;0;0;0;0;0;0;0;0;0;0;0;0;0;0;0;0;0;0;0
46162;Lauzès;76;46;0;0;0;0;0;0;0;0;0;0;0;0;0;0;0;0;0;1;0;0;1;0;0;0;0;1;0;0;0;0;0;0;0;1;0;0;0
46163;Laval-de-Cère;76;46;0;0;0;0;0;0;0;0;0;0;0;0;0;0;0;0;0;0;0;1;0;0;0;0;1;0;2;2;1;0;1;0;0;1;0;0;0
46164;Lavercantière;76;46;0;0;0;0;0;0;0;0;0;0;0;0;0;0;0;0;0;0;0;0;2;0;0;0;4;1;0;0;1;0;0;0;0;1;0;0;0
46165;Lavergne;76;46;0;0;0;0;0;0;0;0;0;0;0;0;0;0;0;0;1;0;0;0;0;0;0;0;1;1;2;0;1;0;1;0;0;2;0;0;0
46167;Lentillac-du-Causse;76;46;0;0;0;0;0;0;0;0;0;0;0;0;0;0;0;0;0;0;0;0;0;0;0;0;0;0;1;0;0;0;0;0;0;0;0;0;0
46168;Lentillac-Saint-Blaise;76;46;0;0;0;0;0;0;0;0;0;0;0;0;0;0;0;0;0;0;0;0;0;0;0;0;1;0;1;0;0;0;0;0;0;0;1;0;0
46169;Léobard;76;46;0;0;0;0;0;0;0;0;0;0;0;0;0;0;0;0;0;0;0;0;1;0;0;0;2;0;0;1;2;1;0;0;0;1;0;0;0
46170;Leyme;76;46;0;0;0;0;0;0;0;0;0;0;0;0;0;0;0;1;0;1;0;0;2;0;0;0;1;1;2;2;2;0;2;0;0;2;0;0;2
46171;Lherm;76;46;0;0;0;0;0;0;0;0;0;0;0;0;0;0;0;0;0;0;0;0;1;0;0;0;1;3;1;0;0;0;0;0;0;0;0;0;1
46172;Lhospitalet;76;46;0;0;0;0;0;0;0;0;0;0;0;0;0;0;0;1;0;0;0;0;1;0;0;0;3;4;2;2;1;0;0;0;0;1;0;0;0
46173;Limogne-en-Quercy;76;46;0;1;0;0;0;0;0;0;0;0;1;0;0;0;0;0;0;1;0;0;3;0;0;0;3;2;1;1;2;1;3;0;0;5;1;0;0
46174;Linac;76;46;0;0;0;0;0;0;0;0;0;0;0;0;0;0;0;0;0;0;0;0;1;0;0;0;1;1;0;1;0;0;1;0;0;0;0;0;0
46175;Lissac-et-Mouret;76;46;0;0;0;0;0;0;0;0;0;0;0;0;0;0;0;0;0;0;0;1;0;0;0;0;1;2;2;0;1;0;0;0;0;0;0;0;1
46176;Livernon;76;46;0;1;0;0;0;0;0;0;0;0;0;0;0;0;0;0;0;1;0;0;2;0;0;0;5;3;5;2;3;0;2;0;0;1;1;0;1
46177;Loubressac;76;46;0;0;0;0;0;0;0;0;0;0;0;0;0;0;0;0;0;0;1;0;0;0;0;0;1;2;2;0;1;1;0;0;0;1;0;0;0
46178;Loupiac;76;46;0;0;0;0;0;0;0;0;0;0;0;0;0;0;0;0;0;0;0;0;2;0;0;0;1;1;1;0;1;1;0;0;0;0;0;0;0
46179;Lugagnac;76;46;0;0;0;0;0;0;0;0;0;0;0;0;0;0;0;0;0;0;0;0;0;0;0;0;2;0;2;1;0;0;0;0;0;1;0;0;0
46180;Lunan;76;46;0;0;0;0;0;0;0;0;0;0;0;0;0;0;0;0;0;0;0;0;1;0;0;0;1;2;1;1;1;0;0;0;0;1;0;0;0
46181;Lunegarde;76;46;0;0;0;0;0;0;0;0;0;0;0;0;0;0;0;0;0;0;0;0;0;0;0;0;0;0;1;0;0;0;0;0;0;1;0;0;0
46182;Luzech;76;46;0;1;0;0;0;0;0;0;0;0;1;0;0;0;0;0;0;1;0;0;1;0;0;1;5;8;4;4;5;1;3;1;0;4;0;0;1
46183;Marcilhac-sur-Célé;76;46;0;0;0;0;0;0;0;0;0;0;0;0;0;0;0;0;0;0;0;1;1;0;0;0;0;0;0;2;1;0;0;0;0;3;0;0;0
46184;Marminiac;76;46;0;0;0;0;0;0;0;0;0;0;0;0;0;0;0;0;0;0;0;0;0;0;0;0;2;0;1;2;1;0;0;0;0;1;0;0;0
46185;Martel;76;46;0;1;0;0;0;0;0;0;0;0;1;0;0;0;0;2;1;1;0;0;2;0;0;1;3;2;2;6;3;0;6;1;0;12;8;0;2
46186;Masclat;76;46;0;0;0;0;0;0;0;0;0;0;0;0;0;0;0;0;0;0;0;0;1;0;0;0;3;0;2;0;0;0;0;0;0;3;0;0;0
46187;Mauroux;76;46;0;0;0;0;0;0;0;0;0;0;0;0;0;0;0;0;0;0;0;1;1;0;0;0;5;2;0;1;0;0;1;0;0;1;0;0;0
46188;Maxou;76;46;0;0;0;0;0;0;0;0;0;0;0;0;0;0;0;0;0;0;0;0;0;0;0;0;0;2;2;1;0;0;0;0;0;0;1;0;0
46189;Mayrinhac-Lentour;76;46;0;0;0;0;0;0;0;0;0;0;0;0;0;0;0;0;0;0;0;0;2;0;0;0;1;2;2;0;1;0;1;0;0;0;0;0;0
46190;Mechmont;76;46;0;0;0;0;0;0;0;0;0;0;0;0;0;0;0;0;0;0;0;0;0;0;0;0;0;0;3;0;2;0;0;0;0;0;0;0;0
46191;Mercuès;76;46;0;0;0;0;0;0;0;0;0;0;0;0;0;0;0;0;2;1;0;0;2;1;0;0;13;1;1;2;5;0;3;0;0;1;2;0;1
46192;Meyronne;76;46;0;0;0;0;0;0;0;0;0;0;0;0;0;0;0;0;0;0;0;0;0;0;0;0;0;1;1;3;0;0;0;0;0;0;0;0;0
46193;Miers;76;46;0;0;0;0;0;0;0;0;0;0;0;0;0;0;0;0;0;0;0;1;0;0;0;0;1;0;3;1;0;0;0;0;0;2;0;0;0
46194;Milhac;76;46;0;0;0;0;0;0;0;0;0;0;0;0;0;0;0;0;0;0;1;0;0;0;0;0;0;1;1;0;0;1;0;0;0;1;0;0;1
46195;Molières;76;46;0;0;0;0;0;0;0;0;0;0;0;0;0;0;0;0;0;0;0;0;2;0;0;0;1;0;0;0;1;0;0;0;0;0;0;0;0
46196;Montamel;76;46;0;0;0;0;0;0;0;0;0;0;0;0;0;0;0;0;0;0;0;0;0;0;0;0;0;0;0;0;0;0;0;0;0;0;0;0;0
46197;Le Montat;76;46;0;0;0;0;0;0;0;0;0;0;0;0;0;0;0;0;0;0;0;0;1;1;0;0;1;3;4;7;4;0;0;0;0;2;0;0;0
46198;Montbrun;76;46;0;0;0;0;0;0;0;0;0;0;0;0;0;0;0;0;0;0;0;0;0;0;0;0;0;0;1;0;0;0;0;0;0;0;0;0;0
46199;Montcabrier;76;46;0;0;0;0;0;0;0;0;0;0;0;0;0;0;0;0;0;0;1;0;1;0;0;0;2;0;0;1;0;0;1;0;0;0;0;0;0
46200;Montcléra;76;46;0;0;0;0;0;0;0;0;0;0;0;0;0;0;0;0;0;0;0;0;1;0;0;0;3;0;3;2;0;0;0;0;0;1;0;0;0
46201;Montcuq-en-Quercy-Blanc;76;46;0;1;0;0;0;0;0;0;0;0;1;0;0;0;0;2;0;1;0;0;6;0;0;1;6;4;3;3;3;0;4;2;0;7;5;1;2
46202;Montdoumerc;76;46;0;0;0;0;0;0;0;0;0;0;0;0;0;0;0;0;0;0;0;0;2;0;0;0;3;2;2;2;2;0;0;0;0;1;1;0;1
46203;Montet-et-Bouxal;76;46;0;0;0;0;0;0;0;0;0;0;0;0;0;0;0;0;0;0;1;0;0;0;0;0;1;0;2;0;0;0;1;0;0;0;0;0;0
46204;Montfaucon;76;46;0;0;0;0;0;0;0;0;0;0;0;0;0;0;0;0;1;0;0;1;2;0;0;0;0;0;2;1;0;0;0;0;0;3;1;0;0
46205;Montgesty;76;46;0;0;0;0;0;0;0;0;0;0;0;0;0;0;0;0;0;0;0;0;0;0;0;0;1;0;1;2;0;0;0;0;0;1;0;0;0
46206;Montlauzun;76;46;0;0;0;0;0;0;0;0;0;0;0;0;0;0;0;0;0;0;0;0;1;0;0;0;1;0;0;0;0;0;0;0;0;0;0;0;1
46207;Montredon;76;46;0;0;0;0;0;0;0;0;0;0;0;0;0;0;0;0;0;0;0;0;0;0;0;0;0;0;0;0;0;0;0;0;0;0;0;0;0
46208;Montvalent;76;46;0;0;0;0;0;0;0;0;0;0;0;0;0;0;0;0;0;0;0;0;0;0;0;0;0;0;0;0;2;0;0;0;0;2;0;0;0
46209;Nadaillac-de-Rouge;76;46;0;0;0;0;0;0;0;0;0;0;0;0;0;0;0;0;0;0;0;0;0;0;0;0;0;1;0;1;0;0;0;0;0;1;0;0;0
46210;Nadillac;76;46;0;0;0;0;0;0;0;0;0;0;0;0;0;0;0;0;0;0;0;0;0;0;0;0;0;0;2;0;0;0;0;0;0;1;1;0;0
46211;Nuzéjouls;76;46;0;0;0;0;0;0;0;0;0;0;0;0;0;0;0;0;0;0;0;0;1;0;0;0;0;0;0;0;0;1;0;0;0;1;0;0;0
46212;Orniac;76;46;0;0;0;0;0;0;0;0;0;0;0;0;0;0;0;0;0;0;0;0;0;0;0;0;0;0;2;0;1;0;0;0;0;0;0;0;0
46213;Padirac;76;46;0;0;0;0;0;0;0;0;0;0;0;0;0;0;0;0;0;0;0;0;0;0;0;0;0;0;0;0;0;0;0;0;0;7;0;0;1
46214;Parnac;76;46;0;0;0;0;0;0;0;0;0;0;0;0;0;0;0;0;0;0;0;0;1;0;0;0;1;0;0;0;0;0;0;0;0;0;0;0;0
46215;Payrac;76;46;0;1;0;0;0;0;0;0;0;0;0;0;0;0;0;0;0;1;0;0;3;0;0;0;1;0;3;4;2;1;2;0;0;2;0;0;0
46216;Payrignac;76;46;0;0;0;0;0;0;0;0;0;0;0;0;0;0;0;0;0;0;1;0;2;0;0;0;6;1;2;1;1;1;0;0;0;1;1;0;0
46217;Pern;76;46;0;0;0;0;0;0;0;0;0;0;0;0;0;0;0;0;0;0;0;0;0;0;0;0;2;1;2;1;0;0;0;0;0;0;0;0;0
46218;Pescadoires;76;46;0;0;0;0;0;0;0;0;0;0;0;0;0;0;0;0;0;0;0;0;0;0;0;0;1;2;3;0;0;0;0;0;0;0;0;0;0
46219;Peyrilles;76;46;0;0;0;0;0;0;0;0;0;0;0;0;0;0;0;0;0;0;0;1;0;0;0;0;0;1;2;1;3;0;0;0;0;1;0;0;0
46220;Pinsac;76;46;0;0;0;0;0;0;0;0;0;0;0;0;0;0;0;0;0;0;1;0;0;0;0;0;3;1;2;2;0;0;1;0;0;0;0;0;0
46221;Planioles;76;46;0;0;0;0;0;0;0;0;0;0;0;0;0;0;0;0;0;0;0;0;1;0;0;0;1;0;2;0;0;0;1;1;0;2;0;0;0
46222;Pomarède;76;46;0;0;0;0;0;0;0;0;0;0;0;0;0;0;0;0;0;0;0;0;1;0;0;0;0;0;1;0;0;0;0;0;0;3;0;0;0
46223;Pontcirq;76;46;0;0;0;0;0;0;0;0;0;0;0;0;0;0;0;0;0;0;0;0;0;0;0;0;1;0;1;1;0;0;0;0;0;0;0;0;0
46224;Pradines;76;46;0;0;0;0;0;0;0;0;0;0;0;0;0;0;0;0;0;1;0;0;7;0;0;0;2;6;3;3;6;0;6;1;0;3;2;1;3
46225;Prayssac;76;46;0;0;0;0;0;0;0;0;0;0;0;0;0;0;0;3;1;1;0;0;9;1;0;1;5;6;5;5;4;2;9;2;0;13;4;3;4
46226;Prendeignes;76;46;0;0;0;0;0;0;0;0;0;0;0;0;0;0;0;0;0;0;0;0;0;0;0;0;0;0;2;0;0;1;0;0;0;0;0;0;0
46227;Promilhanes;76;46;0;0;0;0;0;0;0;0;0;0;0;0;0;0;0;0;0;0;0;0;0;0;0;0;0;0;1;0;0;0;0;0;0;0;0;0;0
46228;Prudhomat;76;46;0;0;0;0;0;0;0;0;0;0;0;0;0;0;0;0;0;0;0;0;2;0;0;1;2;1;2;1;1;1;1;0;0;3;1;0;0
46229;Puybrun;76;46;0;0;0;0;0;0;0;0;0;0;0;0;0;0;0;0;0;1;0;0;2;0;0;0;1;1;1;0;1;0;2;0;0;1;1;0;0
46230;Puyjourdes;76;46;0;0;0;0;0;0;0;0;0;0;0;0;0;0;0;0;0;0;0;0;0;0;0;0;0;1;0;0;0;0;1;0;0;0;0;0;0
46231;Puy-l'Évêque;76;46;0;1;0;0;0;0;0;0;0;0;1;0;1;0;0;1;1;1;0;0;4;0;0;0;8;0;8;4;1;1;2;0;0;7;2;0;2
46232;Les Quatre-Routes-du-Lot;76;46;0;0;0;0;0;0;0;0;0;0;0;0;0;0;0;0;2;1;0;0;2;1;0;0;1;1;0;0;1;0;2;2;0;3;0;0;1
46233;Quissac;76;46;0;0;0;0;0;0;0;0;0;0;0;0;0;0;0;0;0;0;0;0;0;0;0;0;1;0;0;0;0;0;0;0;0;0;0;0;0
46234;Rampoux;76;46;0;0;0;0;0;0;0;0;0;0;0;0;0;0;0;0;0;0;0;0;0;0;0;0;1;0;0;0;0;0;0;0;0;0;0;0;0
46235;Reilhac;76;46;0;0;0;0;0;0;0;0;0;0;0;0;0;0;0;0;0;0;0;0;1;0;0;0;1;1;0;0;1;1;0;0;0;0;0;0;0
46236;Reilhaguet;76;46;0;0;0;0;0;0;0;0;0;0;0;0;0;0;0;0;0;0;0;0;0;0;0;0;0;0;1;0;0;0;0;0;0;0;0;0;0
46237;Reyrevignes;76;46;0;0;0;0;0;0;0;0;0;0;0;0;0;0;0;0;0;0;0;0;4;0;0;0;0;0;3;0;0;0;0;0;0;0;0;0;0
46238;Rignac;76;46;0;0;0;0;0;0;0;0;0;0;0;0;0;0;0;0;0;0;0;0;1;0;0;0;0;0;2;0;3;0;0;0;0;0;0;0;0
46239;Le Roc;76;46;0;0;0;0;0;0;0;0;0;0;0;0;0;0;0;0;0;0;0;0;0;0;0;0;0;0;0;0;0;1;0;0;0;1;0;0;0
46240;Rocamadour;76;46;0;0;0;0;0;0;0;0;0;0;0;0;0;0;0;0;0;1;0;0;2;0;0;0;2;0;1;0;0;0;0;0;0;16;0;0;0
46241;Rouffilhac;76;46;0;0;0;0;0;0;0;0;0;0;0;0;0;0;0;0;0;0;0;0;0;0;0;0;0;0;1;0;1;0;0;0;0;0;0;0;0
46242;Rudelle;76;46;0;0;0;0;0;0;0;0;0;0;0;0;0;0;0;0;0;0;0;0;0;0;0;0;0;0;0;0;0;0;0;0;0;0;0;0;0
46243;Rueyres;76;46;0;0;0;0;0;0;0;0;0;0;0;0;0;0;0;0;0;0;0;0;0;0;0;0;1;0;3;0;2;0;0;0;0;0;0;0;2
46244;Sabadel-Latronquière;76;46;0;0;0;0;0;0;0;0;0;0;0;0;0;0;0;0;0;0;0;0;1;0;0;0;0;0;0;0;0;0;0;0;0;0;0;0;0
46245;Sabadel-Lauzès;76;46;0;0;0;0;0;0;0;0;0;0;0;0;0;0;0;0;0;0;0;0;0;0;0;0;0;0;0;0;0;0;0;0;0;0;0;0;0
46246;Saignes;76;46;0;0;0;0;0;0;0;0;0;0;0;0;0;0;0;0;0;0;0;0;0;0;0;0;0;0;0;1;0;0;0;0;0;0;0;0;0
46247;Saillac;76;46;0;0;0;0;0;0;0;0;0;0;0;0;0;0;0;0;0;0;0;0;0;0;0;0;1;1;1;0;0;0;0;0;0;1;1;0;0
46248;Sainte-Alauzie;76;46;0;0;0;0;0;0;0;0;0;0;0;0;0;0;0;0;0;0;0;0;0;0;0;0;1;0;0;0;0;0;0;0;0;0;0;0;0
46249;Saint-Bressou;76;46;0;0;0;0;0;0;0;0;0;0;0;0;0;0;0;0;0;0;0;0;0;0;0;0;0;0;0;0;0;0;0;0;0;0;1;0;0
46250;Saint-Caprais;76;46;0;0;0;0;0;0;0;0;0;0;0;0;0;0;0;0;0;0;0;0;0;0;0;0;0;0;1;1;0;0;0;0;0;1;0;0;0
46251;Saint-Céré;76;46;0;1;0;0;0;0;0;0;0;0;1;0;1;0;0;4;1;1;0;0;13;0;0;4;4;7;5;6;3;0;11;1;1;24;4;1;4
46252;Les Pechs du Vers;76;46;0;0;0;0;0;0;0;0;0;0;0;0;0;0;0;0;0;0;0;0;0;0;0;0;2;0;2;2;0;0;0;0;0;0;0;0;0
46253;Saint-Chamarand;76;46;0;0;0;0;0;0;0;0;0;0;0;0;0;0;0;0;0;0;0;0;0;0;0;0;0;2;0;1;0;0;0;0;0;0;0;0;0
46254;Saint-Chels;76;46;0;0;0;0;0;0;0;0;0;0;0;0;0;0;0;0;0;0;0;0;0;0;0;0;0;0;1;0;2;0;0;0;0;0;0;0;0
46255;Saint-Cirgues;76;46;0;0;0;0;0;0;0;0;0;0;0;0;0;0;0;0;0;0;0;1;0;0;0;0;1;0;5;1;1;0;0;0;0;0;0;0;0
46256;Saint-Cirq-Lapopie;76;46;0;0;0;0;0;0;0;0;0;0;0;0;0;0;0;0;0;0;0;1;1;0;0;0;0;0;0;0;3;0;0;0;0;17;0;0;0
46257;Saint-Cirq-Madelon;76;46;0;0;0;0;0;0;0;0;0;0;0;0;0;0;0;0;0;0;0;0;1;0;0;0;0;0;4;0;1;0;0;0;0;0;0;0;0
46258;Saint-Cirq-Souillaguet;76;46;0;0;0;0;0;0;0;0;0;0;0;0;0;0;0;0;0;0;0;0;0;0;0;0;0;0;0;0;0;0;0;0;0;0;1;0;0
46259;Saint-Clair;76;46;0;0;0;0;0;0;0;0;0;0;0;0;0;0;0;0;0;0;0;0;0;0;0;0;1;0;0;0;2;0;0;0;0;0;0;0;0
46260;Sainte-Colombe;76;46;0;0;0;0;0;0;0;0;0;0;0;0;0;0;0;0;0;0;0;0;2;0;0;0;1;0;0;1;0;0;0;0;0;0;0;0;0
46262;Saint-Cyprien;76;46;0;0;0;0;0;0;0;0;0;0;0;0;0;0;0;0;0;0;0;0;0;0;0;0;4;0;1;2;1;1;0;0;0;0;0;0;1
46263;Saint-Daunès;76;46;0;0;0;0;0;0;0;0;0;0;0;0;0;0;0;0;0;0;1;0;0;0;0;0;0;0;3;3;0;0;0;0;0;1;0;0;0
46264;Saint-Denis-Catus;76;46;0;0;0;0;0;0;0;0;0;0;0;0;0;0;0;0;0;0;0;0;0;0;0;0;1;0;0;0;2;0;0;0;0;0;0;0;0
46265;Saint-Denis-lès-Martel;76;46;0;0;0;0;0;0;0;0;0;0;0;0;0;0;0;0;0;0;0;1;0;0;0;0;1;0;2;1;0;0;0;0;0;1;0;0;0
46266;Saint-Félix;76;46;0;0;0;0;0;0;0;0;0;0;0;0;0;0;0;0;0;0;0;0;0;0;0;0;2;0;1;0;1;0;0;0;0;0;0;0;0
46267;Saint-Germain-du-Bel-Air;76;46;0;0;0;0;0;0;0;0;0;0;0;0;0;0;0;0;0;1;0;0;1;0;0;0;2;2;2;0;0;1;1;0;0;3;0;0;1
46268;Saint-Géry;76;46;0;1;0;0;0;0;0;0;0;0;1;0;0;0;0;0;0;1;0;0;1;0;0;0;1;1;0;0;0;0;1;0;0;1;1;0;0
46269;Saint-Hilaire;76;46;0;0;0;0;0;0;0;0;0;0;0;0;0;0;0;0;0;0;0;0;1;0;0;0;0;0;0;0;1;0;0;0;0;0;0;0;0
46270;Saint-Jean-de-Laur;76;46;0;0;0;0;0;0;0;0;0;0;0;0;0;0;0;0;0;0;0;0;0;0;0;0;3;0;3;0;0;0;0;0;0;0;0;0;0
46271;Saint-Jean-Lespinasse;76;46;0;0;0;0;0;0;0;0;0;0;0;0;0;0;0;0;0;0;0;0;3;0;0;0;1;0;1;0;0;0;0;0;0;1;0;0;0
46272;Saint-Jean-Mirabel;76;46;0;0;0;0;0;0;0;0;0;0;0;0;0;0;0;0;0;0;0;0;1;0;0;0;0;1;1;1;0;0;0;0;0;0;0;0;0
46273;Saint-Laurent-les-Tours;76;46;0;0;0;0;0;0;0;0;0;0;0;0;0;0;0;0;0;0;0;0;8;2;0;0;5;2;5;2;3;0;1;0;0;2;2;1;1
46274;Saint-Laurent-Lolmie;76;46;0;0;0;0;0;0;0;0;0;0;0;0;0;0;0;0;0;0;1;0;1;0;0;0;1;0;1;0;0;0;0;0;0;1;0;0;0
46276;Saint-Martin-Labouval;76;46;0;0;0;0;0;0;0;0;0;0;0;0;0;0;0;0;0;0;0;0;0;0;0;0;2;0;2;0;0;0;0;0;0;0;0;0;0
46277;Saint-Martin-le-Redon;76;46;0;0;0;0;0;0;0;0;0;0;0;0;0;0;0;0;0;0;0;0;0;0;0;0;1;0;0;1;0;1;1;0;0;0;0;0;0
46278;Saint-Matré;76;46;0;0;0;0;0;0;0;0;0;0;0;0;0;0;0;0;0;0;0;1;1;0;0;0;1;0;0;0;0;0;1;0;0;0;0;0;0
46279;Saint-Maurice-en-Quercy;76;46;0;0;0;0;0;0;0;0;0;0;0;0;0;0;0;0;0;0;0;0;0;0;0;0;1;2;0;0;1;0;0;0;0;0;0;0;0
46280;Saint-Médard;76;46;0;0;0;0;0;0;0;0;0;0;0;0;0;0;0;0;0;0;0;0;0;0;0;0;0;1;0;0;0;0;0;0;0;1;0;0;0
46281;Saint-Médard-de-Presque;76;46;0;0;0;0;0;0;0;0;0;0;0;0;0;0;0;0;0;0;0;0;2;0;0;0;1;0;0;0;0;0;0;0;0;0;0;0;0
46282;Saint-Médard-Nicourby;76;46;0;0;0;0;0;0;0;0;0;0;0;0;0;0;0;0;0;0;0;0;0;0;0;0;0;1;0;1;0;0;0;0;0;0;0;0;0
46283;Saint-Michel-de-Bannières;76;46;0;0;0;0;0;0;0;0;0;0;0;0;0;0;0;0;0;0;0;0;1;0;0;0;1;2;1;0;0;0;0;0;0;2;0;0;0
46284;Saint-Michel-Loubéjou;76;46;0;0;0;0;0;0;0;0;0;0;0;0;0;0;0;0;0;0;0;0;1;0;0;0;2;0;3;1;0;0;1;0;0;1;0;0;0
46285;Saint-Pantaléon;76;46;0;0;0;0;0;0;0;0;0;0;0;0;0;0;0;0;0;0;0;0;0;0;0;0;2;1;1;0;0;0;0;0;0;1;1;0;0
46286;Saint-Paul-de-Vern;76;46;0;0;0;0;0;0;0;0;0;0;0;0;0;0;0;0;0;0;0;0;1;0;0;0;1;0;0;1;0;0;0;0;0;0;1;0;0
46288;Saint-Perdoux;76;46;0;0;0;0;0;0;0;0;0;0;0;0;0;0;0;0;0;0;0;0;0;0;0;0;0;1;1;0;0;1;1;0;0;0;0;0;0
46289;Saint-Pierre-Toirac;76;46;0;0;0;0;0;0;0;0;0;0;0;0;0;0;0;0;0;0;1;0;1;0;0;0;1;0;1;0;0;0;0;0;0;0;0;0;0
46290;Saint-Projet;76;46;0;0;0;0;0;0;0;0;0;0;0;0;0;0;0;0;0;0;0;1;1;0;0;0;0;1;1;2;0;0;1;0;0;2;0;0;0
46292;Saint-Simon;76;46;0;0;0;0;0;0;0;0;0;0;0;0;0;0;0;0;0;0;0;0;0;0;0;0;0;0;0;1;0;0;0;0;0;1;0;0;0
46293;Saint-Sozy;76;46;0;0;0;0;0;0;0;0;0;0;0;0;0;0;0;0;0;1;0;0;0;0;0;0;4;0;1;1;1;0;1;0;0;2;2;0;1
46294;Saint-Sulpice;76;46;0;0;0;0;0;0;0;0;0;0;0;0;0;0;0;0;0;0;0;0;0;0;0;0;1;0;1;0;0;0;0;0;0;2;0;0;0
46295;Saint-Vincent-du-Pendit;76;46;0;0;0;0;0;0;0;0;0;0;0;0;0;0;0;0;0;0;0;0;0;0;0;0;1;0;1;0;0;0;0;0;0;1;0;0;0
46296;Saint-Vincent-Rive-d'Olt;76;46;0;0;0;0;0;0;0;0;0;0;0;0;0;0;0;0;0;0;0;0;0;0;0;0;1;1;2;0;1;0;0;0;0;0;0;0;0
46297;Salviac;76;46;0;0;0;0;0;0;0;0;0;0;0;0;0;0;0;0;1;1;0;0;1;0;0;0;4;5;3;3;2;1;3;0;0;5;3;0;0
46298;Sarrazac;76;46;0;0;0;0;0;0;0;0;0;0;0;0;0;0;0;0;0;0;0;1;0;0;0;0;0;1;1;2;0;0;0;0;0;1;3;0;0
46299;Sauliac-sur-Célé;76;46;0;0;0;0;0;0;0;0;0;0;0;0;0;0;0;0;0;0;0;0;0;0;0;0;1;0;2;1;0;0;0;0;0;2;0;0;0
46300;Saux;76;46;0;0;0;0;0;0;0;0;0;0;0;0;0;0;0;0;0;0;0;0;0;0;0;0;0;0;0;0;0;0;0;0;0;0;0;0;0
46301;Sauzet;76;46;0;0;0;0;0;0;0;0;0;0;0;0;0;0;0;0;0;0;0;1;1;0;0;0;0;0;2;3;0;0;1;0;0;0;0;0;0
46302;Sénaillac-Latronquière;76;46;0;0;0;0;0;0;0;0;0;0;0;0;0;0;0;0;0;0;0;0;1;0;0;0;1;1;0;0;0;0;0;0;0;2;0;0;0
46303;Sénaillac-Lauzès;76;46;0;0;0;0;0;0;0;0;0;0;0;0;0;0;0;0;0;0;0;0;0;0;0;0;1;0;0;1;1;0;0;0;0;0;0;0;0
46304;Séniergues;76;46;0;0;0;0;0;0;0;0;0;0;0;0;0;0;0;0;0;0;0;0;0;0;0;0;1;0;1;0;1;0;1;0;0;0;0;0;0
46305;Sérignac;76;46;0;0;0;0;0;0;0;0;0;0;0;0;0;0;0;0;0;0;0;0;1;0;0;0;0;0;0;0;0;0;0;0;0;0;0;0;0
46306;Sonac;76;46;0;0;0;0;0;0;0;0;0;0;0;0;0;0;0;0;0;0;0;0;0;0;0;0;1;0;0;0;0;0;0;0;0;0;0;0;0
46307;Soturac;76;46;0;0;0;0;0;0;0;0;0;0;0;0;0;0;0;0;0;0;0;1;0;0;0;0;3;1;4;0;0;0;1;0;0;0;0;0;1
46308;Soucirac;76;46;0;0;0;0;0;0;0;0;0;0;0;0;0;0;0;0;0;0;0;0;0;0;0;0;2;0;0;0;1;0;0;0;0;0;0;0;0
46309;Souillac;76;46;0;1;0;0;0;0;0;0;0;0;1;1;0;0;0;4;3;1;0;0;10;2;0;1;3;7;5;13;3;2;11;4;2;24;9;1;4
46310;Soulomès;76;46;0;0;0;0;0;0;0;0;0;0;0;0;0;0;0;0;0;0;0;0;0;0;0;0;0;0;0;0;1;0;0;0;0;1;0;0;0
46311;Sousceyrac-en-Quercy;76;46;0;1;0;0;0;0;0;0;0;0;0;0;0;0;0;0;0;1;0;1;1;0;0;0;3;2;6;3;1;0;2;1;0;8;0;0;0
46312;Strenquels;76;46;0;0;0;0;0;0;0;0;0;0;0;0;0;0;0;0;0;0;0;0;0;0;0;0;0;0;0;1;0;0;0;0;0;0;0;0;0
46313;Tauriac;76;46;0;0;0;0;0;0;0;0;0;0;0;0;0;0;0;0;0;0;0;0;0;0;0;0;1;1;1;0;2;0;0;0;0;1;0;0;0
46314;Terrou;76;46;0;0;0;0;0;0;0;0;0;0;0;0;0;0;0;0;0;0;0;0;0;0;0;0;2;0;1;0;1;0;0;0;0;1;0;0;0
46315;Teyssieu;76;46;0;0;0;0;0;0;0;0;0;0;0;0;0;0;0;0;0;0;0;1;1;0;0;0;2;1;0;0;1;0;0;0;0;1;0;0;0
46316;Thédirac;76;46;0;0;0;0;0;0;0;0;0;0;0;0;0;0;0;0;0;0;1;0;0;0;0;0;0;0;0;0;0;0;0;0;0;0;0;0;0
46317;Thégra;76;46;0;0;0;0;0;0;0;0;0;0;0;0;0;0;0;0;0;0;1;0;1;0;0;0;1;0;3;2;2;0;1;0;0;0;0;0;0
46318;Thémines;76;46;0;0;0;0;0;0;0;0;0;0;0;0;0;0;0;0;0;0;0;1;0;0;0;0;1;0;1;0;0;0;0;0;0;0;0;0;0
46319;Théminettes;76;46;0;0;0;0;0;0;0;0;0;0;0;0;0;0;0;0;0;0;0;0;0;0;0;0;2;1;1;0;1;0;0;0;0;0;0;0;0
46320;Tour-de-Faure;76;46;0;0;0;0;0;0;0;0;0;0;0;0;0;0;0;0;0;0;0;0;0;0;0;0;3;2;1;1;1;1;0;0;0;3;0;0;0
46321;Touzac;76;46;0;0;0;0;0;0;0;0;0;0;0;0;0;0;0;0;0;0;0;1;0;0;0;0;1;2;2;0;0;1;1;0;0;1;1;0;0
46322;Trespoux-Rassiels;76;46;0;0;0;0;0;0;0;0;0;0;0;0;0;0;0;0;0;0;1;0;1;0;0;0;2;3;1;3;1;0;0;0;0;2;1;0;0
46323;Ussel;76;46;0;0;0;0;0;0;0;0;0;0;0;0;0;0;0;0;0;0;0;1;0;0;0;0;0;0;1;0;0;0;0;0;0;1;0;0;0
46324;Uzech;76;46;0;0;0;0;0;0;0;0;0;0;0;0;0;0;0;0;0;0;0;0;0;0;0;0;1;0;0;0;0;0;0;0;0;1;0;0;0
46327;Valroufié;76;46;0;0;0;0;0;0;0;0;0;0;0;0;0;0;0;0;0;0;0;0;0;0;0;0;0;2;1;1;0;0;0;0;0;0;2;0;0
46328;Varaire;76;46;0;0;0;0;0;0;0;0;0;0;0;0;0;0;0;0;0;0;1;0;0;0;0;0;4;2;6;1;0;1;0;0;0;1;0;0;0
46329;Vaylats;76;46;0;0;0;0;0;0;0;0;0;0;0;0;0;0;0;0;0;0;0;0;1;0;0;0;2;4;0;0;1;0;0;0;0;1;1;0;0
46330;Vayrac;76;46;0;1;0;0;0;0;0;0;0;0;0;0;0;0;0;3;0;1;0;0;4;0;0;1;3;6;5;1;2;0;4;2;0;5;3;0;2
46331;Vers;76;46;0;0;0;0;0;0;0;0;0;0;0;0;0;0;0;0;0;0;0;1;0;0;0;0;1;0;1;2;1;0;1;0;0;1;2;0;0
46332;Viazac;76;46;0;0;0;0;0;0;0;0;0;0;0;0;0;0;0;0;0;0;0;0;0;0;0;0;0;2;3;1;1;0;1;0;0;0;0;0;0
46333;Vidaillac;76;46;0;0;0;0;0;0;0;0;0;0;0;0;0;0;0;0;0;0;1;0;1;0;0;0;0;0;1;0;0;0;0;0;0;0;0;0;0
46334;Le Vigan;76;46;0;0;0;0;0;0;0;0;0;0;0;0;0;0;0;0;0;1;0;0;2;1;0;0;6;6;5;2;5;1;4;2;0;8;0;0;3
46335;Villesèque;76;46;0;0;0;0;0;0;0;0;0;0;0;0;0;0;0;0;0;0;0;0;1;0;0;0;3;1;1;0;0;1;0;0;0;0;1;0;0
46336;Vire-sur-Lot;76;46;0;0;0;0;0;0;0;0;0;0;0;0;0;0;0;0;0;0;0;1;0;0;0;0;1;0;1;0;0;1;1;0;0;1;0;0;0
46337;Mayrac;76;46;0;0;0;0;0;0;0;0;0;0;0;0;0;0;0;0;0;0;0;0;1;0;0;0;0;0;1;0;1;0;0;0;0;0;0;0;0
46338;Bessonies;76;46;0;0;0;0;0;0;0;0;0;0;0;0;0;0;0;0;0;0;0;0;0;0;0;0;0;1;0;0;0;0;0;0;0;0;0;0;0
46339;Saint-Jean-Lagineste;76;46;0;0;0;0;0;0;0;0;0;0;0;0;0;0;0;0;0;0;0;0;1;0;0;0;0;0;2;1;0;0;0;0;0;0;0;0;0
46340;Saint-Pierre-Lafeuille;76;46;0;0;0;0;0;0;0;0;0;0;0;0;0;0;0;0;0;0;0;0;1;0;0;0;2;2;0;2;1;0;1;0;0;1;0;0;0
47001;Agen;75;47;2;1;1;1;1;1;1;0;0;0;15;1;0;0;0;33;7;4;1;0;30;3;6;11;32;52;20;20;21;8;71;7;15;191;50;10;33
47002;Agmé;75;47;0;0;0;0;0;0;0;0;0;0;0;0;0;0;0;0;0;0;0;0;0;0;0;0;1;1;0;0;0;0;0;0;0;0;0;0;0
47003;Agnac;75;47;0;0;0;0;0;0;0;0;0;0;0;0;0;0;0;0;0;0;0;0;1;0;0;0;2;1;0;2;0;0;0;0;0;2;0;0;0
47004;Aiguillon;75;47;0;1;0;0;0;0;0;0;0;0;1;1;0;0;0;3;0;1;0;0;6;2;0;2;8;9;5;5;3;0;7;1;1;19;1;2;2
47005;Allemans-du-Dropt;75;47;0;0;0;0;0;0;0;0;0;0;0;0;0;0;0;0;0;1;0;0;0;0;0;0;2;1;1;0;2;1;1;0;0;1;0;0;1
47006;Allez-et-Cazeneuve;75;47;0;0;0;0;0;0;0;0;0;0;0;0;0;0;0;0;0;0;0;0;6;0;0;0;4;7;2;3;1;0;0;0;0;0;1;0;0
47007;Allons;75;47;0;0;0;0;0;0;0;0;0;0;0;0;0;0;0;0;0;0;0;1;0;0;0;0;0;1;0;0;0;0;0;0;0;2;0;0;0
47008;Ambrus;75;47;0;0;0;0;0;0;0;0;0;0;0;0;0;0;0;0;0;0;0;0;0;0;0;0;0;0;0;0;1;0;0;0;0;0;0;0;1
47009;Andiran;75;47;0;0;0;0;0;0;0;0;0;0;0;0;0;0;0;0;0;0;0;0;0;0;0;0;0;1;1;2;1;0;0;0;0;0;0;0;0
47010;Antagnac;75;47;0;0;0;0;0;0;0;0;0;0;0;0;0;0;0;0;0;0;0;0;0;0;0;0;0;0;2;0;0;0;1;0;0;1;0;0;0
47011;Anthé;75;47;0;0;0;0;0;0;0;0;0;0;0;0;0;0;0;0;0;0;0;0;0;0;0;0;0;0;1;0;0;0;1;0;0;1;0;0;1
47012;Anzex;75;47;0;0;0;0;0;0;0;0;0;0;0;0;0;0;0;0;0;0;0;0;0;0;0;0;0;0;0;1;2;1;0;0;0;1;1;0;0
47013;Argenton;75;47;0;0;0;0;0;0;0;0;0;0;0;0;0;0;0;0;0;0;0;0;1;0;0;0;1;1;0;0;1;0;0;0;0;1;2;0;0
47014;Armillac;75;47;0;0;0;0;0;0;0;0;0;0;0;0;0;0;0;0;0;0;0;0;0;0;0;0;0;1;0;1;0;0;0;0;0;0;0;0;0
47015;Astaffort;75;47;0;1;0;0;0;0;0;0;0;0;0;0;0;0;0;1;2;1;0;0;2;0;0;0;4;3;10;4;7;0;5;1;0;6;1;0;0
47016;Aubiac;75;47;0;0;0;0;0;0;0;0;0;0;0;0;0;0;0;0;0;0;0;1;3;0;0;0;1;2;3;1;5;0;1;0;0;1;0;0;2
47017;Auradou;75;47;0;0;0;0;0;0;0;0;0;0;0;0;0;0;0;0;0;0;0;0;3;0;0;0;1;0;2;1;2;0;0;0;0;0;0;0;0
47018;Auriac-sur-Dropt;75;47;0;0;0;0;0;0;0;0;0;0;0;0;0;0;0;0;0;0;0;1;1;0;0;0;1;0;2;0;0;0;0;0;0;1;0;0;0
47019;Bajamont;75;47;0;0;0;0;0;0;0;0;0;0;0;0;0;0;0;0;0;0;0;0;2;0;1;0;0;1;1;1;2;0;1;0;0;0;1;0;2
47020;Baleyssagues;75;47;0;0;0;0;0;0;0;0;0;0;0;0;0;0;0;0;0;0;0;0;1;0;0;0;0;0;1;0;0;0;0;0;0;0;0;0;0
47021;Barbaste;75;47;0;0;0;0;0;0;0;0;0;0;0;0;0;0;0;0;0;1;0;0;4;0;0;0;8;3;1;4;3;0;1;0;0;3;2;0;0
47022;Bazens;75;47;0;0;0;0;0;0;0;0;0;0;0;0;0;0;0;0;0;0;0;0;2;0;0;0;1;1;1;1;1;0;0;0;0;2;0;0;0
47023;Beaugas;75;47;0;0;0;0;0;0;0;0;0;0;0;0;0;0;0;0;0;0;0;0;1;0;0;0;1;0;1;0;1;0;0;0;0;0;0;0;1
47024;Beaupuy;75;47;0;0;0;0;0;0;0;0;0;0;0;0;0;0;0;0;0;0;0;0;0;0;0;0;3;2;2;3;3;0;0;0;0;1;2;0;1
47025;Beauville;75;47;0;1;0;0;0;0;0;0;0;0;0;0;0;0;0;1;0;0;0;1;1;0;0;0;3;3;1;1;4;0;1;2;0;2;1;0;0
47026;Beauziac;75;47;0;0;0;0;0;0;0;0;0;0;0;0;0;0;0;0;0;0;0;0;0;0;0;0;1;0;0;0;1;0;0;0;0;0;1;0;0
47027;Bias;75;47;0;0;0;0;0;0;0;0;0;0;0;0;0;0;0;0;0;0;0;0;14;2;1;0;6;5;6;2;3;1;5;0;3;9;0;1;1
47028;Birac-sur-Trec;75;47;0;0;0;0;0;0;0;0;0;0;0;0;0;0;0;0;0;0;0;1;1;0;0;0;0;1;2;2;2;0;2;0;0;0;0;0;0
47029;Blanquefort-sur-Briolance;75;47;0;0;0;0;0;0;0;0;0;0;0;0;0;0;0;0;0;0;1;0;2;0;0;0;2;1;1;1;1;0;0;0;0;1;0;0;0
47030;Blaymont;75;47;0;0;0;0;0;0;0;0;0;0;0;0;0;0;0;0;0;0;0;0;1;0;0;0;1;0;2;1;0;0;0;0;0;0;0;0;0
47031;Boé;75;47;0;0;0;0;0;0;0;0;0;0;0;0;0;0;0;7;0;2;0;0;24;3;3;2;8;4;12;6;10;3;11;0;10;24;6;2;9
47032;Bon-Encontre;75;47;0;0;0;0;0;0;0;0;0;0;0;0;0;0;0;2;1;1;0;0;13;1;0;4;6;9;12;7;10;2;6;1;0;5;5;1;3
47033;Boudy-de-Beauregard;75;47;0;0;0;0;0;0;0;0;0;0;0;0;0;0;0;0;0;0;0;0;1;0;0;0;5;1;2;1;0;0;0;0;0;0;0;0;0
47034;Bouglon;75;47;0;1;0;0;0;0;0;0;0;0;0;0;0;0;0;1;0;0;0;1;1;0;0;0;3;1;4;1;1;0;1;0;0;1;0;0;3
47035;Bourgougnague;75;47;0;0;0;0;0;0;0;0;0;0;0;0;0;0;0;0;0;0;0;0;0;0;0;0;2;0;0;2;0;0;1;0;0;2;0;0;0
47036;Bourlens;75;47;0;0;0;0;0;0;0;0;0;0;0;0;0;0;0;0;0;0;0;0;0;0;0;0;0;0;2;1;1;0;1;0;0;0;0;0;0
47037;Bournel;75;47;0;0;0;0;0;0;0;0;0;0;0;0;0;0;0;0;0;0;0;0;1;0;1;0;1;3;1;1;0;0;0;0;0;2;0;0;0
47038;Bourran;75;47;0;0;0;0;0;0;0;0;0;0;0;0;0;0;0;0;0;0;0;1;5;0;0;0;1;1;0;1;0;0;2;0;1;1;0;0;0
47039;Boussès;75;47;0;0;0;0;0;0;0;0;0;0;0;0;0;0;0;0;0;0;0;0;0;0;0;0;0;0;0;0;0;1;0;0;0;0;0;0;0
47040;Brax;75;47;0;0;0;0;0;0;0;0;0;0;0;0;0;0;0;1;1;1;0;0;3;0;0;0;2;3;7;3;5;0;1;0;0;4;2;0;0
47041;Bruch;75;47;0;0;0;0;0;0;0;0;0;0;0;0;0;0;0;0;0;0;0;1;2;0;0;0;2;1;1;0;1;0;1;0;0;2;1;0;1
47042;Brugnac;75;47;0;0;0;0;0;0;0;0;0;0;0;0;0;0;0;0;0;0;0;0;0;0;0;0;1;2;0;0;0;0;0;0;0;0;0;0;0
47043;Buzet-sur-Baïse;75;47;0;0;0;0;0;0;0;0;0;0;0;0;0;0;0;1;0;1;0;0;3;0;0;0;0;3;3;2;1;0;2;0;0;8;0;0;0
47044;Cahuzac;75;47;0;0;0;0;0;0;0;0;0;0;0;0;0;0;0;0;0;0;0;0;0;0;0;0;3;2;1;1;2;0;0;0;0;1;0;0;0
47045;Calignac;75;47;0;0;0;0;0;0;0;0;0;0;0;0;0;0;0;0;0;0;0;0;0;0;0;0;3;2;4;0;1;0;0;0;0;1;0;0;0
47046;Calonges;75;47;0;0;0;0;0;0;0;0;0;0;0;0;0;0;0;0;0;0;0;0;0;0;0;0;1;2;0;0;2;0;2;0;0;1;0;0;0
47047;Cambes;75;47;0;0;0;0;0;0;0;0;0;0;0;0;0;0;0;0;0;0;0;0;0;0;0;0;0;0;0;0;0;0;0;0;0;0;0;0;0
47048;Cancon;75;47;0;1;0;0;0;0;0;0;0;0;0;0;0;0;0;2;1;1;0;0;6;0;0;1;4;1;2;3;0;2;3;2;0;7;0;0;2
47049;Casseneuil;75;47;0;0;0;0;0;0;0;0;0;0;0;0;0;0;0;1;2;1;0;0;6;0;0;2;4;5;3;2;4;0;7;0;0;1;1;0;2
47050;Cassignas;75;47;0;0;0;0;0;0;0;0;0;0;0;0;0;0;0;0;0;0;0;0;0;0;0;0;2;0;0;1;1;0;0;0;0;0;0;0;0
47051;Castelculier;75;47;0;0;0;0;0;0;0;0;0;0;0;0;0;0;0;0;2;1;0;0;11;1;1;1;10;5;6;2;5;1;5;0;0;10;0;1;1
47052;Casteljaloux;75;47;0;1;0;0;0;0;0;0;0;0;1;0;0;0;0;5;1;1;0;0;11;1;1;2;4;12;6;3;6;1;11;2;0;17;4;3;4
47053;Castella;75;47;0;0;0;0;0;0;0;0;0;0;0;0;0;0;0;0;0;0;0;0;0;0;0;0;1;2;0;1;1;0;1;0;0;0;0;0;0
47054;Castelmoron-sur-Lot;75;47;0;1;0;0;0;0;0;0;0;0;1;0;0;0;0;2;0;1;0;0;1;0;0;1;9;5;7;2;2;0;3;0;0;1;2;0;2
47055;Castelnaud-de-Gratecambe;75;47;0;0;0;0;0;0;0;0;0;0;0;0;0;0;0;0;0;0;1;0;0;0;0;0;2;4;2;0;1;0;0;0;0;2;0;0;0
47056;Castelnau-sur-Gupie;75;47;0;0;0;0;0;0;0;0;0;0;0;0;0;0;0;0;0;0;0;1;0;0;0;0;1;2;2;1;1;0;1;0;0;0;0;0;0
47057;Castillonnès;75;47;0;1;0;0;0;0;0;0;0;0;0;0;0;0;0;2;1;1;0;0;4;1;0;0;9;3;3;0;1;0;5;2;0;4;1;1;4
47058;Caubeyres;75;47;0;0;0;0;0;0;0;0;0;0;0;0;0;0;0;0;0;0;0;0;0;0;0;0;0;1;1;0;0;0;0;0;0;0;0;0;0
47059;Caubon-Saint-Sauveur;75;47;0;0;0;0;0;0;0;0;0;0;0;0;0;0;0;0;0;0;0;0;0;0;0;0;2;0;1;2;1;0;0;0;0;0;1;0;0
47060;Caudecoste;75;47;0;0;0;0;0;0;0;0;0;0;0;0;0;0;0;0;0;0;0;1;2;0;0;0;2;2;1;2;3;0;2;0;0;1;0;0;1
47061;Caumont-sur-Garonne;75;47;0;0;0;0;0;0;0;0;0;0;0;0;0;0;0;0;0;0;0;1;1;0;0;0;2;2;1;2;2;1;0;0;0;1;0;0;0
47062;Cauzac;75;47;0;0;0;0;0;0;0;0;0;0;0;0;0;0;0;0;0;0;0;0;0;0;0;0;4;0;1;0;1;1;0;0;0;0;1;0;0
47063;Cavarc;75;47;0;0;0;0;0;0;0;0;0;0;0;0;0;0;0;0;0;0;0;0;0;0;0;0;1;2;1;0;0;0;0;0;0;0;0;0;0
47064;Cazideroque;75;47;0;0;0;0;0;0;0;0;0;0;0;0;0;0;0;0;0;0;0;0;0;0;0;0;2;0;0;0;0;0;0;0;0;0;0;0;0
47065;Clairac;75;47;0;0;0;0;0;0;0;0;0;0;0;0;0;0;0;1;1;1;0;0;4;0;0;0;9;6;4;4;4;0;3;0;0;9;0;0;2
47066;Clermont-Dessous;75;47;0;0;0;0;0;0;0;0;0;0;0;0;0;0;0;0;1;0;0;0;1;0;0;0;3;0;3;1;2;0;0;0;0;1;1;0;0
47067;Clermont-Soubiran;75;47;0;0;0;0;0;0;0;0;0;0;0;0;0;0;0;0;0;0;0;0;1;0;0;0;2;1;0;2;2;1;0;0;0;0;0;0;0
47068;Cocumont;75;47;0;1;0;0;0;0;0;0;0;0;0;0;0;0;0;1;0;1;0;0;2;0;0;0;3;2;1;2;4;1;2;0;0;2;0;0;1
47069;Colayrac-Saint-Cirq;75;47;0;0;0;0;0;0;0;0;0;0;0;0;0;0;0;0;1;1;0;0;6;1;0;0;8;6;7;8;6;3;4;1;0;7;1;0;2
47070;Condezaygues;75;47;0;0;0;0;0;0;0;0;0;0;0;0;0;0;0;0;0;0;0;0;4;2;0;0;2;1;1;1;0;1;0;0;0;0;0;0;0
47071;Coulx;75;47;0;0;0;0;0;0;0;0;0;0;0;0;0;0;0;0;0;0;0;0;2;0;0;0;1;1;2;1;0;0;0;0;0;1;0;0;0
47072;Courbiac;75;47;0;0;0;0;0;0;0;0;0;0;0;0;0;0;0;0;0;0;0;0;0;0;0;0;0;2;1;0;2;0;0;0;0;0;0;0;0
47073;Cours;75;47;0;0;0;0;0;0;0;0;0;0;0;0;0;0;0;0;0;0;0;0;0;0;0;0;0;0;0;0;1;0;0;0;0;0;1;0;0
47074;Couthures-sur-Garonne;75;47;0;0;0;0;0;0;0;0;0;0;0;0;0;0;0;0;0;0;0;1;0;0;0;0;2;2;0;1;0;0;1;0;0;1;0;0;0
47075;La Croix-Blanche;75;47;0;0;0;0;0;0;0;0;0;0;0;0;0;0;0;0;0;0;0;1;3;0;0;0;2;2;1;0;2;1;0;0;0;1;0;0;0
47076;Cuq;75;47;0;0;0;0;0;0;0;0;0;0;0;0;0;0;0;0;0;0;0;0;0;0;0;0;3;0;2;0;0;0;0;0;0;0;0;0;0
47077;Cuzorn;75;47;0;0;0;0;0;0;0;0;0;0;0;0;0;0;0;0;0;0;0;1;2;0;0;1;5;2;2;3;1;0;0;1;0;2;0;0;2
47078;Damazan;75;47;0;1;0;0;0;0;0;0;0;0;0;0;0;0;0;1;0;1;0;0;7;0;0;0;6;4;3;1;1;1;4;0;0;3;1;0;1
47079;Dausse;75;47;0;0;0;0;0;0;0;0;0;0;0;0;0;0;0;0;0;0;0;1;2;0;0;0;0;2;1;0;0;0;1;1;0;1;0;0;0
47080;Dévillac;75;47;0;0;0;0;0;0;0;0;0;0;0;0;0;0;0;0;0;0;0;0;0;0;0;0;1;0;0;0;1;0;0;0;0;0;0;0;0
47081;Dolmayrac;75;47;0;0;0;0;0;0;0;0;0;0;0;0;0;0;0;0;0;0;0;0;1;0;0;0;3;3;4;3;3;0;0;0;0;0;0;0;0
47082;Dondas;75;47;0;0;0;0;0;0;0;0;0;0;0;0;0;0;0;0;0;0;0;0;0;0;0;0;1;1;2;0;0;0;0;0;0;0;0;0;0
47083;Doudrac;75;47;0;0;0;0;0;0;0;0;0;0;0;0;0;0;0;0;0;0;0;0;0;0;0;0;0;0;0;1;0;0;0;0;0;0;0;0;0
47084;Douzains;75;47;0;0;0;0;0;0;0;0;0;0;0;0;0;0;0;0;1;0;0;0;1;0;0;0;0;0;2;0;1;0;0;0;0;0;0;0;1
47085;Durance;75;47;0;0;0;0;0;0;0;0;0;0;0;0;0;0;0;0;0;0;1;0;0;0;0;0;0;0;0;0;1;0;0;0;0;1;0;0;0
47086;Duras;75;47;0;1;0;0;0;0;0;0;0;0;1;0;0;0;0;2;1;1;0;0;3;0;0;1;2;6;4;2;3;0;5;1;0;5;3;2;3
47087;Engayrac;75;47;0;0;0;0;0;0;0;0;0;0;0;0;0;0;0;0;0;0;0;0;0;0;0;0;0;1;0;0;0;0;0;0;0;1;0;0;0
47088;Escassefort;75;47;0;0;0;0;0;0;0;0;0;0;0;0;0;0;0;0;1;0;0;1;0;0;0;0;2;0;1;0;2;0;0;0;0;2;0;0;1
47089;Esclottes;75;47;0;0;0;0;0;0;0;0;0;0;0;0;0;0;0;0;0;0;0;0;0;0;0;0;2;0;1;0;0;0;0;0;0;0;0;0;0
47090;Espiens;75;47;0;0;0;0;0;0;0;0;0;0;0;0;0;0;0;0;0;0;0;0;1;0;0;0;1;1;0;0;0;0;0;0;0;0;0;0;0
47091;Estillac;75;47;0;0;0;0;0;0;0;0;0;0;0;0;0;0;0;0;0;0;0;0;7;0;0;0;2;6;6;5;5;0;0;0;1;2;1;0;0
47092;Fals;75;47;0;0;0;0;0;0;0;0;0;0;0;0;0;0;0;0;1;0;0;0;1;0;0;0;1;0;1;1;1;0;1;0;0;0;0;0;0
47093;Fargues-sur-Ourbise;75;47;0;0;0;0;0;0;0;0;0;0;0;0;0;0;0;0;0;0;0;1;0;0;0;0;2;0;1;0;2;0;1;0;0;1;1;0;0
47094;Fauguerolles;75;47;0;0;0;0;0;0;0;0;0;0;0;0;0;0;0;0;0;0;0;1;2;0;0;0;1;1;2;2;0;2;0;0;0;0;0;0;0
47095;Fauillet;75;47;0;0;0;0;0;0;0;0;0;0;0;0;0;0;0;0;1;0;0;0;6;0;0;0;3;0;2;1;3;1;1;0;0;2;1;0;1
47096;Ferrensac;75;47;0;0;0;0;0;0;0;0;0;0;0;0;0;0;0;0;0;0;0;0;0;0;0;0;1;0;1;1;0;0;0;0;0;0;0;0;0
47097;Feugarolles;75;47;0;0;0;0;0;0;0;0;0;0;0;0;0;0;0;0;0;0;1;0;1;0;0;0;1;2;3;2;3;0;2;0;0;0;0;0;0
47098;Fieux;75;47;0;0;0;0;0;0;0;0;0;0;0;0;0;0;0;0;0;0;0;0;1;0;0;0;2;3;1;2;0;0;1;0;0;0;1;0;0
47099;Fongrave;75;47;0;0;0;0;0;0;0;0;0;0;0;0;0;0;0;0;0;0;0;1;1;0;0;0;2;1;1;0;0;0;1;0;0;1;0;0;0
47100;Foulayronnes;75;47;0;0;0;0;0;0;0;0;0;0;0;0;0;0;0;1;0;1;0;0;8;1;0;3;4;7;11;3;11;0;7;1;0;8;3;3;3
47101;Fourques-sur-Garonne;75;47;0;0;0;0;0;0;0;0;0;0;0;0;0;0;0;0;0;1;0;0;4;0;0;0;0;3;2;2;1;0;3;0;0;4;0;0;1
47102;Francescas;75;47;0;0;0;0;0;0;0;0;0;0;0;0;0;0;0;1;0;0;0;1;2;0;0;0;5;1;2;1;1;0;1;0;0;3;0;0;0
47103;Fréchou;75;47;0;0;0;0;0;0;0;0;0;0;0;0;0;0;0;0;0;0;0;0;0;0;0;0;1;0;0;1;0;0;0;0;0;0;0;0;0
47104;Frégimont;75;47;0;0;0;0;0;0;0;0;0;0;0;0;0;0;0;0;0;0;0;0;0;0;0;0;2;0;0;0;0;0;0;0;0;1;0;0;0
47105;Frespech;75;47;0;0;0;0;0;0;0;0;0;0;0;0;0;0;0;0;0;0;0;1;0;0;0;0;1;1;0;0;0;0;0;0;0;2;0;0;0
47106;Fumel;75;47;0;1;0;0;0;0;0;0;0;0;1;0;0;0;0;3;2;1;0;0;11;0;0;1;8;5;7;4;6;1;13;0;1;23;3;2;8
47107;Galapian;75;47;0;0;0;0;0;0;0;0;0;0;0;0;0;0;0;0;0;0;0;0;0;0;0;0;2;0;2;0;0;0;0;0;0;0;0;0;0
47108;Gaujac;75;47;0;0;0;0;0;0;0;0;0;0;0;0;0;0;0;0;0;0;0;0;1;0;0;0;0;0;2;0;0;0;1;0;0;0;0;0;1
47109;Gavaudun;75;47;0;0;0;0;0;0;0;0;0;0;0;0;0;0;0;0;0;0;0;1;1;0;0;0;2;0;0;1;0;0;0;0;0;3;0;0;0
47110;Gontaud-de-Nogaret;75;47;0;0;0;0;0;0;0;0;0;0;0;0;0;0;0;1;0;1;0;0;3;0;0;0;4;2;2;1;0;0;2;0;0;0;0;0;1
47111;Granges-sur-Lot;75;47;0;0;0;0;0;0;0;0;0;0;0;0;0;0;0;0;0;0;0;1;1;0;0;0;3;2;2;0;1;1;2;0;0;1;0;0;0
47112;Grateloup-Saint-Gayrand;75;47;0;0;0;0;0;0;0;0;0;0;0;0;0;0;0;0;0;0;0;0;0;0;0;0;1;0;3;1;0;0;1;0;0;0;0;0;0
47113;Grayssas;75;47;0;0;0;0;0;0;0;0;0;0;0;0;0;0;0;0;0;0;0;0;0;0;0;0;2;0;0;1;0;0;0;0;0;0;0;0;0
47114;Grézet-Cavagnan;75;47;0;0;0;0;0;0;0;0;0;0;0;0;0;0;0;0;0;0;0;0;0;0;0;0;0;0;2;1;1;0;0;0;0;0;0;0;0
47115;Guérin;75;47;0;0;0;0;0;0;0;0;0;0;0;0;0;0;0;0;1;0;0;0;0;0;0;0;1;1;0;0;0;0;0;0;0;0;0;0;0
47117;Hautefage-la-Tour;75;47;0;0;0;0;0;0;0;0;0;0;0;0;0;0;0;0;0;0;0;1;3;0;0;0;3;3;0;1;3;0;2;0;0;4;0;0;0
47118;Hautesvignes;75;47;0;0;0;0;0;0;0;0;0;0;0;0;0;0;0;0;0;0;0;0;1;0;0;0;0;1;0;0;0;0;1;0;0;1;0;0;0
47119;Houeillès;75;47;0;1;0;0;0;0;0;0;0;0;0;0;0;0;0;0;0;0;0;1;1;0;0;0;1;0;2;0;1;0;1;0;0;2;0;0;0
47120;Jusix;75;47;0;0;0;0;0;0;0;0;0;0;0;0;0;0;0;0;0;0;0;0;0;0;0;0;1;0;0;1;0;0;0;0;0;0;0;0;0
47121;Labastide-Castel-Amouroux;75;47;0;0;0;0;0;0;0;0;0;0;0;0;0;0;0;0;0;0;0;0;1;0;0;0;1;0;1;0;1;0;0;0;0;0;0;0;0
47122;Labretonie;75;47;0;0;0;0;0;0;0;0;0;0;0;0;0;0;0;0;0;0;0;0;0;0;0;0;1;0;0;0;0;0;0;0;0;0;0;0;0
47123;Lacapelle-Biron;75;47;0;0;0;0;0;0;0;0;0;0;0;0;0;0;0;0;0;1;0;0;1;0;0;0;3;1;2;1;0;0;1;0;0;3;1;0;0
47124;Lacaussade;75;47;0;0;0;0;0;0;0;0;0;0;0;0;0;0;0;0;0;0;0;0;0;0;0;0;0;1;1;0;1;0;0;0;0;0;0;0;0
47125;Lacépède;75;47;0;0;0;0;0;0;0;0;0;0;0;0;0;0;0;0;0;0;0;0;0;0;0;0;0;1;0;0;2;0;0;0;0;0;0;0;0
47126;Lachapelle;75;47;0;0;0;0;0;0;0;0;0;0;0;0;0;0;0;0;0;0;0;0;0;0;0;0;1;0;0;1;0;0;0;0;0;0;0;0;0
47127;Lafitte-sur-Lot;75;47;0;0;0;0;0;0;0;0;0;0;0;0;0;0;0;0;0;0;0;1;1;0;0;0;2;0;1;1;1;0;1;0;0;0;0;0;0
47128;Lafox;75;47;0;0;0;0;0;0;0;0;0;0;0;0;0;0;0;0;1;0;0;1;5;0;1;0;2;1;3;1;3;0;2;0;0;5;0;0;0
47129;Lagarrigue;75;47;0;0;0;0;0;0;0;0;0;0;0;0;0;0;0;0;0;0;0;0;0;0;0;0;1;0;1;1;1;0;0;0;0;0;0;0;0
47130;Lagruère;75;47;0;0;0;0;0;0;0;0;0;0;0;0;0;0;0;0;0;0;0;0;0;0;0;0;1;1;0;0;1;0;1;0;0;1;0;0;0
47131;Lagupie;75;47;0;0;0;0;0;0;0;0;0;0;0;0;0;0;0;0;0;0;0;0;1;0;0;0;0;1;1;1;2;1;0;0;0;1;0;0;0
47132;Lalandusse;75;47;0;0;0;0;0;0;0;0;0;0;0;0;0;0;0;0;0;0;0;0;0;0;0;0;1;2;0;0;0;1;0;0;0;1;0;0;0
47133;Lamontjoie;75;47;0;0;0;0;0;0;0;0;0;0;0;0;0;0;0;0;0;0;0;1;1;0;0;0;0;0;2;0;4;0;0;1;0;0;0;0;0
47134;Lannes;75;47;0;0;0;0;0;0;0;0;0;0;0;0;0;0;0;0;0;0;0;1;0;0;0;0;0;2;1;2;0;0;1;0;0;0;0;0;0
47135;Laparade;75;47;0;0;0;0;0;0;0;0;0;0;0;0;0;0;0;0;0;0;0;1;0;0;0;0;2;0;0;1;0;0;0;0;0;2;0;0;0
47136;Laperche;75;47;0;0;0;0;0;0;0;0;0;0;0;0;0;0;0;0;0;0;0;0;0;0;0;0;1;1;0;0;1;0;0;0;0;0;0;0;0
47137;Laplume;75;47;0;1;0;0;0;0;0;0;0;0;0;0;0;0;0;1;0;1;0;0;2;0;0;0;1;4;2;5;3;0;3;0;0;2;2;0;1
47138;Laroque-Timbaut;75;47;0;1;0;0;0;0;0;0;0;0;0;0;0;0;0;1;1;1;0;0;3;0;0;0;3;3;4;4;5;0;2;1;0;4;1;0;2
47139;Lasserre;75;47;0;0;0;0;0;0;0;0;0;0;0;0;0;0;0;0;0;0;0;0;0;0;0;0;0;0;0;0;0;0;0;0;0;0;0;0;0
47140;Laugnac;75;47;0;0;0;0;0;0;0;0;0;0;0;0;0;0;0;0;0;0;0;1;1;0;0;0;1;0;0;0;0;0;1;0;0;1;0;0;0
47141;Laussou;75;47;0;0;0;0;0;0;0;0;0;0;0;0;0;0;0;0;0;0;0;1;0;0;0;0;1;1;1;1;0;0;0;0;0;0;1;0;0
47142;Lauzun;75;47;0;0;0;0;0;0;0;0;0;0;0;0;0;0;0;1;0;0;0;1;4;0;0;0;6;2;1;2;3;1;1;0;0;1;2;0;0
47143;Lavardac;75;47;0;1;0;0;0;0;0;0;0;0;0;0;0;0;0;2;1;1;0;0;3;0;0;1;6;5;3;5;4;0;5;2;0;4;3;0;2
47144;Lavergne;75;47;0;0;0;0;0;0;0;0;0;0;0;0;0;0;0;0;0;0;0;0;1;0;0;0;1;3;0;0;1;0;1;0;0;0;0;0;0
47145;Layrac;75;47;0;0;0;0;0;0;0;0;0;0;0;0;0;0;0;1;0;1;0;0;5;1;1;1;8;4;8;3;5;1;5;0;0;8;2;1;4
47146;Lédat;75;47;0;0;0;0;0;0;0;0;0;0;0;0;0;0;0;0;0;0;0;0;2;0;0;0;6;8;6;2;1;0;2;0;0;2;0;0;1
47147;Lévignac-de-Guyenne;75;47;0;0;0;0;0;0;0;0;0;0;0;0;0;0;0;0;0;1;0;0;1;0;0;0;4;1;3;2;0;0;1;0;0;3;0;0;0
47148;Leyritz-Moncassin;75;47;0;0;0;0;0;0;0;0;0;0;0;0;0;0;0;0;0;0;0;0;0;0;0;0;0;0;0;0;0;0;0;0;0;0;0;0;0
47150;Longueville;75;47;0;0;0;0;0;0;0;0;0;0;0;0;0;0;0;0;0;0;0;0;1;0;0;0;0;0;0;0;0;1;0;0;0;0;0;0;0
47151;Loubès-Bernac;75;47;0;0;0;0;0;0;0;0;0;0;0;0;0;0;0;0;0;0;0;1;0;0;0;0;0;1;1;0;0;0;1;0;0;2;2;0;1
47152;Lougratte;75;47;0;0;0;0;0;0;0;0;0;0;0;0;0;0;0;0;0;0;0;1;1;0;0;0;4;2;0;1;0;0;0;0;0;0;0;0;1
47154;Lusignan-Petit;75;47;0;0;0;0;0;0;0;0;0;0;0;0;0;0;0;0;0;0;0;0;0;0;0;0;0;0;1;0;0;0;0;0;0;0;0;0;0
47155;Madaillan;75;47;0;0;0;0;0;0;0;0;0;0;0;0;0;0;0;0;0;0;0;0;2;0;0;0;1;0;0;2;3;0;0;0;0;0;0;0;0
47156;Marcellus;75;47;0;0;0;0;0;0;0;0;0;0;0;0;0;0;0;0;0;0;0;1;2;0;0;0;2;0;0;1;0;0;1;0;0;0;0;0;0
47157;Marmande;75;47;0;1;0;1;1;1;0;0;0;0;5;1;0;0;0;12;7;2;0;0;37;4;2;8;17;40;30;21;23;7;39;2;15;64;22;6;12
47158;Marmont-Pachas;75;47;0;0;0;0;0;0;0;0;0;0;0;0;0;0;0;0;0;0;0;0;0;0;0;0;2;0;1;0;1;0;0;0;0;0;0;0;0
47159;Le Mas-d'Agenais;75;47;0;1;0;0;0;0;0;0;0;0;0;0;0;0;0;1;0;1;0;0;2;0;0;1;1;6;1;2;1;0;2;1;0;3;1;0;2
47160;Masquières;75;47;0;0;0;0;0;0;0;0;0;0;0;0;0;0;0;0;0;0;0;0;0;0;0;0;0;1;0;0;1;0;0;0;0;1;0;0;0
47161;Massels;75;47;0;0;0;0;0;0;0;0;0;0;0;0;0;0;0;0;0;0;0;0;0;0;0;0;0;0;0;0;0;1;0;0;0;0;0;0;0
47162;Massoulès;75;47;0;0;0;0;0;0;0;0;0;0;0;0;0;0;0;0;0;0;0;1;0;0;0;0;1;0;1;0;1;0;0;0;0;0;0;0;0
47163;Mauvezin-sur-Gupie;75;47;0;0;0;0;0;0;0;0;0;0;0;0;0;0;0;0;0;0;0;0;1;0;0;0;0;3;1;2;1;0;0;0;0;0;1;0;0
47164;Mazières-Naresse;75;47;0;0;0;0;0;0;0;0;0;0;0;0;0;0;0;0;0;0;0;0;1;0;0;0;0;2;0;0;0;0;0;0;0;1;0;0;0
47165;Meilhan-sur-Garonne;75;47;0;0;0;0;0;0;0;0;0;0;0;0;0;0;0;1;0;1;0;0;2;0;0;0;1;0;5;1;2;2;2;0;0;3;0;0;0
47167;Mézin;75;47;0;1;0;0;0;0;0;0;0;0;1;0;0;0;0;1;1;1;0;0;4;0;0;0;4;3;6;1;1;0;4;0;1;0;0;0;1
47168;Miramont-de-Guyenne;75;47;0;1;0;0;0;0;0;0;0;0;1;0;0;0;0;3;3;1;0;0;7;2;0;3;6;6;9;6;4;1;7;2;3;9;3;0;6
47169;Moirax;75;47;0;0;0;0;0;0;0;0;0;0;0;0;0;0;0;0;0;0;0;1;0;0;0;0;2;2;2;3;1;0;0;0;0;3;1;0;0
47170;Monbahus;75;47;0;0;0;0;0;0;0;0;0;0;0;0;0;0;0;0;0;0;0;1;2;0;0;0;2;1;3;3;0;0;1;0;0;1;0;0;0
47171;Monbalen;75;47;0;0;0;0;0;0;0;0;0;0;0;0;0;0;0;0;0;0;0;0;0;0;0;0;2;1;1;0;0;0;0;0;0;2;0;0;0
47172;Moncaut;75;47;0;0;0;0;0;0;0;0;0;0;0;0;0;0;0;0;0;0;0;0;0;0;0;0;1;2;1;0;2;0;0;0;0;0;0;0;0
47173;Monclar;75;47;0;1;0;0;0;0;0;0;0;0;0;0;0;0;0;1;0;0;0;1;1;0;0;0;0;3;2;0;1;1;3;0;0;1;0;0;1
47174;Moncrabeau;75;47;0;0;0;0;0;0;0;0;0;0;0;0;0;0;0;0;0;0;0;1;1;0;0;0;7;1;4;1;1;0;0;0;0;0;1;0;0
47175;Monflanquin;75;47;0;1;0;0;0;0;0;0;0;0;1;0;0;0;0;3;2;1;0;0;4;1;0;1;3;2;7;1;7;0;5;2;0;14;5;0;1
47176;Mongaillard;75;47;0;0;0;0;0;0;0;0;0;0;0;0;0;0;0;0;0;0;0;0;0;0;0;0;0;0;0;0;0;0;0;0;0;0;1;0;0
47177;Monheurt;75;47;0;0;0;0;0;0;0;0;0;0;0;0;0;0;0;0;0;0;0;0;0;0;0;0;0;0;0;0;1;0;0;0;0;1;0;0;0
47178;Monségur;75;47;0;0;0;0;0;0;0;0;0;0;0;0;0;0;0;0;0;0;0;0;0;0;0;0;0;0;4;0;0;0;0;0;0;0;0;0;0
47179;Monsempron-Libos;75;47;0;0;0;0;0;0;0;0;0;0;0;0;0;0;0;3;0;1;0;0;4;0;0;1;0;1;1;1;3;0;8;0;0;6;2;2;2
47180;Montagnac-sur-Auvignon;75;47;0;0;0;0;0;0;0;0;0;0;0;0;0;0;0;0;0;0;0;1;0;0;0;0;2;0;2;1;0;0;0;0;0;1;0;0;0
47181;Montagnac-sur-Lède;75;47;0;0;0;0;0;0;0;0;0;0;0;0;0;0;0;0;0;0;0;1;1;0;0;0;1;0;5;0;1;0;0;0;0;0;1;0;0
47182;Montastruc;75;47;0;0;0;0;0;0;0;0;0;0;0;0;0;0;0;0;1;0;0;0;0;0;0;0;0;0;0;2;0;0;0;0;0;0;0;0;0
47183;Montauriol;75;47;0;0;0;0;0;0;0;0;0;0;0;0;0;0;0;0;0;0;0;0;1;0;0;0;0;1;2;2;0;0;0;0;0;0;0;0;0
47184;Montaut;75;47;0;0;0;0;0;0;0;0;0;0;0;0;0;0;0;0;0;0;0;0;0;0;1;0;2;4;1;1;0;0;0;0;0;0;0;0;0
47185;Montayral;75;47;0;0;0;0;0;0;0;0;0;0;0;0;0;0;0;1;0;1;0;0;14;2;0;2;10;5;5;7;9;1;7;5;0;10;4;2;3
47186;Montesquieu;75;47;0;0;0;0;0;0;0;0;0;0;0;0;0;0;0;0;0;0;0;0;2;0;0;0;0;1;1;0;3;0;1;0;0;0;0;0;0
47187;Monteton;75;47;0;0;0;0;0;0;0;0;0;0;0;0;0;0;0;0;0;0;0;0;1;0;0;0;1;1;0;0;1;0;0;0;0;2;0;0;0
47188;Montignac-de-Lauzun;75;47;0;0;0;0;0;0;0;0;0;0;0;0;0;0;0;0;0;0;0;1;0;0;0;0;0;1;0;0;0;0;1;0;0;0;0;0;0
47189;Montignac-Toupinerie;75;47;0;0;0;0;0;0;0;0;0;0;0;0;0;0;0;0;0;0;0;0;0;0;0;0;0;1;1;0;1;0;0;0;0;0;0;0;0
47190;Montpezat;75;47;0;0;0;0;0;0;0;0;0;0;0;0;0;0;0;0;0;0;0;1;0;0;0;0;1;0;5;0;0;0;0;0;0;2;0;0;0
47191;Montpouillan;75;47;0;0;0;0;0;0;0;0;0;0;0;0;0;0;0;0;0;0;0;1;4;0;0;0;1;1;0;0;0;0;0;0;0;0;0;0;0
47192;Monviel;75;47;0;0;0;0;0;0;0;0;0;0;0;0;0;0;0;0;0;0;0;0;1;0;0;0;0;0;0;0;0;0;0;0;0;0;0;0;0
47193;Moulinet;75;47;0;0;0;0;0;0;0;0;0;0;0;0;0;0;0;0;0;0;0;0;0;0;0;0;0;0;2;0;0;0;0;0;0;0;0;0;0
47194;Moustier;75;47;0;0;0;0;0;0;0;0;0;0;0;0;0;0;0;0;0;0;0;0;1;0;0;0;1;4;2;1;2;0;1;0;0;0;0;0;0
47195;Nérac;75;47;0;1;0;0;0;0;0;0;0;0;1;0;1;0;0;9;1;1;0;0;19;2;0;5;16;15;13;10;9;1;15;3;2;31;7;4;7
47196;Nicole;75;47;0;0;0;0;0;0;0;0;0;0;0;0;0;0;0;0;0;0;0;0;0;0;0;0;3;0;1;0;0;0;0;0;0;1;0;0;0
47197;Nomdieu;75;47;0;0;0;0;0;0;0;0;0;0;0;0;0;0;0;0;0;0;0;0;0;0;0;0;1;0;1;1;0;0;0;0;0;0;0;0;0
47198;Pailloles;75;47;0;0;0;0;0;0;0;0;0;0;0;0;0;0;0;0;0;0;0;0;0;0;0;0;2;0;1;1;0;0;0;0;0;0;0;0;0
47199;Pardaillan;75;47;0;0;0;0;0;0;0;0;0;0;0;0;0;0;0;0;0;0;0;0;0;0;0;0;0;1;3;0;1;0;0;1;0;1;0;0;0
47200;Parranquet;75;47;0;0;0;0;0;0;0;0;0;0;0;0;0;0;0;0;0;0;0;0;1;0;0;0;0;0;0;0;2;0;0;0;0;0;0;0;0
47201;Le Passage;75;47;0;0;0;0;0;0;0;1;0;0;0;0;0;0;0;8;4;2;2;0;14;3;0;3;9;17;14;7;6;0;19;3;0;16;7;4;9
47202;Paulhiac;75;47;0;0;0;0;0;0;0;0;0;0;0;0;0;0;0;0;0;0;0;0;0;0;0;0;2;0;5;0;1;1;0;0;0;1;0;0;0
47203;Penne-d'Agenais;75;47;0;1;0;0;0;0;0;0;0;0;1;0;0;0;0;0;1;0;0;2;5;0;0;0;5;5;4;4;3;1;2;0;0;8;4;0;3
47204;Peyrière;75;47;0;0;0;0;0;0;0;0;0;0;0;0;0;0;0;0;0;0;0;0;0;0;0;0;1;1;0;0;0;1;1;0;0;1;0;0;0
47205;Pindères;75;47;0;0;0;0;0;0;0;0;0;0;0;0;0;0;0;0;0;0;0;0;1;0;0;0;0;0;1;2;0;0;0;0;0;1;0;0;0
47206;Pinel-Hauterive;75;47;0;0;0;0;0;0;0;0;0;0;0;0;0;0;0;0;0;0;0;0;0;0;0;0;1;1;2;1;0;0;0;0;0;3;0;0;0
47207;Pompiey;75;47;0;0;0;0;0;0;0;0;0;0;0;0;0;0;0;0;0;0;0;0;0;0;0;0;1;1;1;0;0;0;0;0;0;1;0;0;0
47208;Pompogne;75;47;0;0;0;0;0;0;0;0;0;0;0;0;0;0;0;0;0;0;0;0;1;0;0;0;0;1;1;0;0;0;0;0;0;0;0;0;1
47209;Pont-du-Casse;75;47;0;0;0;0;0;0;0;0;0;0;0;0;0;0;0;1;1;1;0;0;8;2;0;1;4;6;6;4;4;0;5;2;0;6;0;1;2
47210;Port-Sainte-Marie;75;47;0;1;0;0;0;0;0;0;0;0;0;0;0;0;0;1;0;1;0;0;4;0;0;1;3;2;4;2;2;1;4;0;0;4;1;0;0
47211;Poudenas;75;47;0;0;0;0;0;0;0;0;0;0;0;0;0;0;0;0;0;0;0;1;0;0;0;0;1;0;0;0;0;0;0;0;0;2;0;0;0
47212;Poussignac;75;47;0;0;0;0;0;0;0;0;0;0;0;0;0;0;0;0;0;0;0;0;0;0;0;0;0;0;1;0;3;0;0;0;0;0;0;0;0
47213;Prayssas;75;47;0;1;0;0;0;0;0;0;0;0;0;0;0;0;0;1;0;1;0;0;2;0;0;0;3;0;3;1;1;0;2;0;0;3;2;0;2
47214;Puch-d'Agenais;75;47;0;0;0;0;0;0;0;0;0;0;0;0;0;0;0;0;0;0;1;0;0;0;0;0;3;3;0;0;0;0;1;0;0;0;1;0;0
47215;Pujols;75;47;0;0;0;0;0;0;0;0;0;0;0;0;0;0;0;0;0;0;0;0;4;0;0;0;8;11;6;5;4;0;3;1;0;7;3;0;4
47216;Puymiclan;75;47;0;0;0;0;0;0;0;0;0;0;0;0;0;0;0;0;0;0;0;1;2;0;0;0;1;0;1;1;0;0;1;0;0;1;0;0;0
47217;Puymirol;75;47;0;1;0;0;0;0;0;0;0;0;0;0;0;0;0;1;0;1;0;0;1;0;0;0;1;0;3;0;2;0;1;0;0;2;2;0;1
47218;Puysserampion;75;47;0;0;0;0;0;0;0;0;0;0;0;0;0;0;0;0;0;0;0;0;0;0;0;0;2;1;0;1;1;0;0;0;0;0;0;0;0
47219;Rayet;75;47;0;0;0;0;0;0;0;0;0;0;0;0;0;0;0;0;0;0;0;0;0;0;0;0;1;0;0;0;0;0;0;0;0;0;0;0;0
47220;Razimet;75;47;0;0;0;0;0;0;0;0;0;0;0;0;0;0;0;0;0;0;0;0;2;0;0;0;0;1;1;0;0;0;1;0;0;0;0;0;0
47221;Réaup-Lisse;75;47;0;0;0;0;0;0;0;0;0;0;0;0;0;0;0;0;0;0;0;0;0;0;0;0;2;0;2;1;3;1;2;0;0;1;0;0;0
47222;La Réunion;75;47;0;0;0;0;0;0;0;0;0;0;0;0;0;0;0;0;0;0;0;0;1;0;0;0;2;2;0;0;1;0;0;0;0;0;0;0;0
47223;Rives;75;47;0;0;0;0;0;0;0;0;0;0;0;0;0;0;0;0;0;0;0;0;0;0;0;0;2;0;0;1;0;0;1;0;0;0;0;0;1
47224;Romestaing;75;47;0;0;0;0;0;0;0;0;0;0;0;0;0;0;0;0;0;0;0;0;1;0;0;0;1;0;2;0;0;0;0;0;0;0;0;0;0
47225;Roquefort;75;47;0;0;0;0;0;0;0;0;0;0;0;0;0;0;0;0;0;0;0;1;0;1;0;1;3;2;2;4;5;0;1;0;0;4;0;0;1
47226;Roumagne;75;47;0;0;0;0;0;0;0;0;0;0;0;0;0;0;0;0;0;0;0;0;0;0;0;0;1;2;2;1;1;0;2;0;0;1;0;0;0
47227;Ruffiac;75;47;0;0;0;0;0;0;0;0;0;0;0;0;0;0;0;0;0;0;0;0;1;0;0;0;0;0;2;0;0;0;0;0;0;0;0;0;0
47228;Saint-Antoine-de-Ficalba;75;47;0;0;0;0;0;0;0;0;0;0;0;0;0;0;0;0;1;0;1;0;7;0;0;0;3;5;2;2;0;0;1;0;0;2;0;0;0
47229;Saint-Astier;75;47;0;0;0;0;0;0;0;0;0;0;0;0;0;0;0;0;0;0;0;0;0;0;0;0;1;1;3;0;0;0;0;0;0;0;0;0;0
47230;Saint-Aubin;75;47;0;0;0;0;0;0;0;0;0;0;0;0;0;0;0;0;0;0;0;1;1;0;0;0;1;3;2;2;1;0;0;0;0;1;0;0;0
47231;Saint-Avit;75;47;0;0;0;0;0;0;0;0;0;0;0;0;0;0;0;0;0;0;0;0;0;0;0;0;2;0;1;0;0;0;0;0;0;0;0;0;0
47232;Saint-Barthélemy-d'Agenais;75;47;0;0;0;0;0;0;0;0;0;0;0;0;0;0;0;0;0;0;0;1;1;0;0;0;3;1;3;0;1;1;1;0;0;0;0;0;1
47233;Sainte-Bazeille;75;47;0;1;0;0;0;0;0;0;0;0;0;0;0;0;0;1;1;1;0;0;11;1;0;2;7;10;5;4;6;1;4;1;0;3;0;0;4
47234;Saint-Caprais-de-Lerm;75;47;0;0;0;0;0;0;0;0;0;0;0;0;0;0;0;0;0;0;0;0;0;0;0;0;0;0;0;1;0;0;0;0;0;0;0;0;0
47235;Saint-Colomb-de-Lauzun;75;47;0;0;0;0;0;0;0;0;0;0;0;0;0;0;0;0;0;0;0;0;2;0;0;0;5;0;2;1;2;0;0;0;0;0;0;0;0
47236;Sainte-Colombe-de-Duras;75;47;0;0;0;0;0;0;0;0;0;0;0;0;0;0;0;0;0;0;0;0;0;0;0;0;0;0;0;0;0;0;0;0;0;0;0;0;0
47237;Sainte-Colombe-de-Villeneuve;75;47;0;0;0;0;0;0;0;0;0;0;0;0;0;0;0;0;0;0;0;0;0;0;0;0;2;1;3;1;0;0;1;0;0;0;0;0;0
47238;Sainte-Colombe-en-Bruilhois;75;47;0;0;0;0;0;0;0;0;0;0;0;0;0;0;0;0;0;0;0;1;1;0;0;0;0;1;1;3;5;0;2;0;0;0;0;1;1
47239;Saint-Étienne-de-Fougères;75;47;0;0;0;0;0;0;0;0;0;0;0;0;0;0;0;0;0;0;0;1;0;0;0;0;6;6;2;3;0;0;0;0;0;3;2;0;0
47240;Saint-Étienne-de-Villeréal;75;47;0;0;0;0;0;0;0;0;0;0;0;0;0;0;0;0;0;0;0;0;0;0;0;0;1;0;1;1;1;0;0;0;0;0;1;1;1
47241;Saint-Eutrope-de-Born;75;47;0;0;0;0;0;0;0;0;0;0;0;0;0;0;0;0;0;0;0;0;1;0;0;0;3;2;1;1;0;1;1;0;0;0;1;0;0
47242;Saint-Front-sur-Lémance;75;47;0;0;0;0;0;0;0;0;0;0;0;0;0;0;0;0;0;0;1;0;0;0;0;0;1;2;0;0;0;0;1;0;0;4;0;0;1
47244;Sainte-Gemme-Martaillac;75;47;0;0;0;0;0;0;0;0;0;0;0;0;0;0;0;0;0;0;0;0;1;0;0;0;2;0;0;0;0;0;1;0;0;0;0;0;0
47245;Saint-Géraud;75;47;0;0;0;0;0;0;0;0;0;0;0;0;0;0;0;0;0;0;0;0;0;0;0;0;0;0;0;1;0;0;0;0;0;0;0;0;0
47246;Saint-Hilaire-de-Lusignan;75;47;0;0;0;0;0;0;0;0;0;0;0;0;0;0;0;0;0;0;0;1;3;0;0;0;3;2;2;1;2;0;1;0;0;1;2;0;0
47247;Saint-Jean-de-Duras;75;47;0;0;0;0;0;0;0;0;0;0;0;0;0;0;0;0;0;0;0;0;0;0;0;0;1;1;0;0;0;0;0;0;0;0;0;0;0
47248;Saint-Jean-de-Thurac;75;47;0;0;0;0;0;0;0;0;0;0;0;0;0;0;0;0;0;0;0;0;1;0;0;0;1;2;2;3;2;0;0;0;0;2;0;0;0
47249;Saint-Laurent;75;47;0;0;0;0;0;0;0;0;0;0;0;0;0;0;0;0;0;0;0;0;1;0;0;0;1;0;0;0;0;0;2;0;0;0;0;0;1
47250;Saint-Léger;75;47;0;0;0;0;0;0;0;0;0;0;0;0;0;0;0;0;0;0;0;0;0;0;0;0;0;2;0;1;0;0;0;0;0;0;0;0;0
47251;Saint-Léon;75;47;0;0;0;0;0;0;0;0;0;0;0;0;0;0;0;0;0;0;0;0;0;0;0;0;1;0;1;0;2;0;0;0;0;1;0;0;0
47252;Sainte-Livrade-sur-Lot;75;47;0;1;0;0;0;0;0;0;0;0;1;0;0;0;0;3;2;1;0;0;18;2;0;2;11;20;18;11;7;1;10;1;0;11;1;1;5
47253;Sainte-Marthe;75;47;0;0;0;0;0;0;0;0;0;0;0;0;0;0;0;0;0;0;0;0;0;0;0;0;2;2;1;0;0;1;0;0;0;1;0;0;0
47254;Saint-Martin-Curton;75;47;0;0;0;0;0;0;0;0;0;0;0;0;0;0;0;0;0;0;0;0;1;0;0;0;0;0;0;0;0;0;0;0;0;1;0;0;0
47255;Saint-Martin-de-Beauville;75;47;0;0;0;0;0;0;0;0;0;0;0;0;0;0;0;0;0;0;0;0;1;0;0;0;1;0;1;0;0;0;0;0;0;0;0;0;0
47256;Saint-Martin-de-Villeréal;75;47;0;0;0;0;0;0;0;0;0;0;0;0;0;0;0;0;0;0;0;0;0;0;0;0;0;0;1;0;0;2;0;0;0;0;0;0;0
47257;Saint-Martin-Petit;75;47;0;0;0;0;0;0;0;0;0;0;0;0;0;0;0;0;0;0;0;0;0;0;0;0;0;2;1;2;2;0;2;0;0;0;0;0;0
47258;Sainte-Maure-de-Peyriac;75;47;0;0;0;0;0;0;0;0;0;0;0;0;0;0;0;0;0;0;0;0;0;0;0;0;1;0;0;0;0;0;0;0;0;1;0;0;2
47259;Saint-Maurice-de-Lestapel;75;47;0;0;0;0;0;0;0;0;0;0;0;0;0;0;0;0;0;0;0;0;1;0;0;0;1;1;0;0;0;0;1;0;0;0;0;0;0
47260;Saint-Maurin;75;47;0;0;0;0;0;0;0;0;0;0;0;0;0;0;0;0;0;0;0;1;1;0;0;0;1;1;0;3;2;0;0;0;0;0;0;0;0
47262;Saint-Nicolas-de-la-Balerme;75;47;0;0;0;0;0;0;0;0;0;0;0;0;0;0;0;0;0;0;0;0;1;0;0;0;1;1;0;2;2;0;1;0;0;0;0;0;1
47263;Saint-Pardoux-du-Breuil;75;47;0;0;0;0;0;0;0;0;0;0;0;0;0;0;0;0;0;0;0;0;7;1;0;0;2;2;5;0;2;0;0;0;0;1;1;0;0
47264;Saint-Pardoux-Isaac;75;47;0;0;0;0;0;0;0;0;0;0;0;0;0;0;0;0;0;0;0;0;1;1;0;2;3;1;7;2;2;2;1;0;0;1;2;1;0
47265;Saint-Pastour;75;47;0;0;0;0;0;0;0;0;0;0;0;0;0;0;0;0;0;0;0;1;0;0;0;0;0;0;0;1;1;0;0;0;0;1;0;0;0
47266;Saint-Pé-Saint-Simon;75;47;0;0;0;0;0;0;0;0;0;0;0;0;0;0;0;0;0;0;1;0;1;0;0;0;0;1;1;0;2;0;0;0;0;0;0;0;0
47267;Saint-Pierre-de-Buzet;75;47;0;0;0;0;0;0;0;0;0;0;0;0;0;0;0;0;0;0;0;0;1;0;0;0;0;0;3;1;0;0;0;0;0;1;0;0;0
47269;Saint-Pierre-de-Clairac;75;47;0;0;0;0;0;0;0;0;0;0;0;0;0;0;0;0;0;0;0;0;0;0;0;0;3;1;2;2;0;0;2;0;0;1;1;0;1
47271;Saint-Pierre-sur-Dropt;75;47;0;0;0;0;0;0;0;0;0;0;0;0;0;0;0;0;0;0;0;0;0;0;0;0;0;0;2;1;1;0;0;0;0;0;0;0;0
47272;Saint-Quentin-du-Dropt;75;47;0;0;0;0;0;0;0;0;0;0;0;0;0;0;0;0;0;0;0;0;0;0;0;0;0;0;0;0;0;0;0;0;0;0;0;0;0
47273;Saint-Robert;75;47;0;0;0;0;0;0;0;0;0;0;0;0;0;0;0;0;0;0;0;0;0;0;0;0;0;1;1;0;0;1;1;0;0;0;0;0;0
47274;Saint-Romain-le-Noble;75;47;0;0;0;0;0;0;0;0;0;0;0;0;0;0;0;0;0;0;0;1;0;0;0;0;2;1;0;2;1;0;0;0;0;0;0;0;1
47275;Saint-Salvy;75;47;0;0;0;0;0;0;0;0;0;0;0;0;0;0;0;0;0;0;0;0;0;0;0;0;2;0;0;0;0;0;0;0;0;0;0;0;0
47276;Saint-Sardos;75;47;0;0;0;0;0;0;0;0;0;0;0;0;0;0;0;0;0;0;0;0;0;0;0;0;1;2;2;0;0;0;0;1;0;0;1;0;0
47277;Saint-Sauveur-de-Meilhan;75;47;0;0;0;0;0;0;0;0;0;0;0;0;0;0;0;0;0;0;0;0;1;0;0;0;2;1;0;1;1;0;1;0;0;0;0;0;0
47278;Saint-Sernin;75;47;0;0;0;0;0;0;0;0;0;0;0;0;0;0;0;0;0;0;0;0;0;0;0;0;2;1;2;0;0;0;0;0;0;3;0;0;0
47279;Saint-Sixte;75;47;0;0;0;0;0;0;0;0;0;0;0;0;0;0;0;0;0;0;0;0;0;0;0;0;0;1;2;1;1;0;0;0;0;2;0;0;0
47280;Saint-Sylvestre-sur-Lot;75;47;0;0;0;0;0;0;0;0;0;0;0;0;0;0;0;3;1;1;0;0;8;1;0;1;3;3;5;6;2;1;3;2;0;5;4;2;3
47281;Saint-Urcisse;75;47;0;0;0;0;0;0;0;0;0;0;0;0;0;0;0;0;0;0;0;0;2;0;0;0;0;1;0;1;0;0;0;0;0;0;0;0;0
47282;Saint-Vincent-de-Lamontjoie;75;47;0;0;0;0;0;0;0;0;0;0;0;0;0;0;0;0;0;0;0;0;1;0;0;0;1;1;0;0;0;0;0;0;0;0;1;0;0
47283;Saint-Vite;75;47;0;0;0;0;0;0;0;0;0;0;0;0;0;0;0;0;0;1;0;0;1;0;0;0;5;2;4;1;1;0;1;0;0;1;0;0;1
47284;Salles;75;47;0;0;0;0;0;0;0;0;0;0;0;0;0;0;0;0;0;0;0;0;0;0;0;1;2;0;2;0;1;0;0;0;0;0;0;0;0
47285;Samazan;75;47;0;0;0;0;0;0;0;0;0;0;0;0;0;0;0;0;0;0;0;1;3;0;0;0;1;1;2;2;0;0;1;0;0;3;0;0;1
47286;Sauméjan;75;47;0;0;0;0;0;0;0;0;0;0;0;0;0;0;0;0;0;0;0;0;0;0;0;0;0;0;0;0;0;0;0;0;0;0;0;0;0
47287;Saumont;75;47;0;0;0;0;0;0;0;0;0;0;0;0;0;0;0;0;0;0;0;0;0;0;0;0;0;1;0;0;1;0;0;0;0;0;0;0;0
47288;Sauvagnas;75;47;0;0;0;0;0;0;0;0;0;0;0;0;0;0;0;0;0;0;1;0;0;0;0;0;0;0;0;0;1;0;1;0;0;1;1;0;0
47289;La Sauvetat-de-Savères;75;47;0;0;0;0;0;0;0;0;0;0;0;0;0;0;0;0;0;0;0;1;1;1;0;0;0;0;4;1;0;0;1;0;0;1;1;0;0
47290;La Sauvetat-du-Dropt;75;47;0;0;0;0;0;0;0;0;0;0;0;0;0;0;0;0;0;0;0;1;1;0;0;0;3;0;2;2;1;0;0;0;0;2;0;0;0
47291;La Sauvetat-sur-Lède;75;47;0;0;0;0;0;0;0;0;0;0;0;0;0;0;0;0;1;0;0;1;1;0;0;0;1;2;2;1;1;0;1;0;0;2;0;0;0
47292;Sauveterre-la-Lémance;75;47;0;0;0;0;0;0;0;0;0;0;0;0;0;0;0;0;0;1;0;0;1;0;0;0;2;0;3;1;0;0;2;0;0;2;1;0;1
47293;Sauveterre-Saint-Denis;75;47;0;0;0;0;0;0;0;0;0;0;0;0;0;0;0;1;0;0;0;0;0;0;0;0;2;0;0;0;1;0;0;0;0;1;0;0;0
47294;Savignac-de-Duras;75;47;0;0;0;0;0;0;0;0;0;0;0;0;0;0;0;0;0;0;0;0;0;0;0;0;2;0;0;0;0;0;0;0;0;0;0;0;0
47295;Savignac-sur-Leyze;75;47;0;0;0;0;0;0;0;0;0;0;0;0;0;0;0;0;0;0;0;0;2;0;0;0;0;1;0;2;1;0;2;0;0;0;0;0;0
47296;Ségalas;75;47;0;0;0;0;0;0;0;0;0;0;0;0;0;0;0;0;0;0;0;0;0;0;0;0;0;0;0;0;1;0;0;0;0;0;1;0;0
47297;Sembas;75;47;0;0;0;0;0;0;0;0;0;0;0;0;0;0;0;0;0;0;0;0;0;0;0;0;1;0;1;0;0;0;0;0;0;0;0;0;0
47298;Sénestis;75;47;0;0;0;0;0;0;0;0;0;0;0;0;0;0;0;0;0;0;0;0;0;0;0;0;1;2;1;0;0;0;0;0;0;2;0;0;0
47299;Sérignac-Péboudou;75;47;0;0;0;0;0;0;0;0;0;0;0;0;0;0;0;0;0;0;0;0;0;0;0;0;0;0;1;0;0;0;0;0;0;1;0;0;0
47300;Sérignac-sur-Garonne;75;47;0;0;0;0;0;0;0;0;0;0;0;0;0;0;0;0;0;0;0;1;4;0;0;0;3;2;3;2;0;0;1;0;0;2;0;0;2
47301;Seyches;75;47;0;1;0;0;0;0;0;0;0;0;0;0;0;0;0;1;0;1;0;0;2;0;0;0;1;6;1;4;0;0;2;0;0;2;1;0;1
47302;Sos;75;47;0;0;0;0;0;0;0;0;0;0;0;0;0;0;0;0;0;1;0;0;2;0;0;0;2;3;1;1;0;0;2;0;0;2;1;0;0
47303;Soumensac;75;47;0;0;0;0;0;0;0;0;0;0;0;0;0;0;0;0;0;0;0;1;0;0;0;0;3;1;2;0;1;0;0;0;0;0;0;0;1
47304;Taillebourg;75;47;0;0;0;0;0;0;0;0;0;0;0;0;0;0;0;0;0;0;0;0;0;0;0;0;0;0;1;0;1;0;1;0;0;0;0;0;0
47305;Tayrac;75;47;0;0;0;0;0;0;0;0;0;0;0;0;0;0;0;0;0;0;0;0;0;0;1;0;0;0;1;0;0;0;0;0;0;0;0;0;0
47306;Le Temple-sur-Lot;75;47;0;0;0;0;0;0;0;0;0;0;0;0;0;0;0;0;1;0;0;1;3;0;0;0;3;1;6;2;0;0;2;0;0;3;0;0;0
47307;Thézac;75;47;0;0;0;0;0;0;0;0;0;0;0;0;0;0;0;0;0;0;0;0;0;0;0;0;1;0;1;0;0;0;0;0;0;0;0;0;0
47308;Thouars-sur-Garonne;75;47;0;0;0;0;0;0;0;0;0;0;0;0;0;0;0;0;0;0;0;0;0;0;0;0;0;1;0;0;0;0;0;0;0;0;0;0;0
47309;Tombeboeuf;75;47;0;0;0;0;0;0;0;0;0;0;0;0;0;0;0;0;1;1;0;0;2;0;0;0;2;0;0;2;1;0;0;0;0;0;0;0;0
47310;Tonneins;75;47;0;1;0;0;0;0;0;0;0;0;1;0;0;0;0;7;5;1;0;0;16;3;1;4;19;14;21;9;10;3;18;3;3;23;10;2;4
47311;Tourliac;75;47;0;0;0;0;0;0;0;0;0;0;0;0;0;0;0;0;0;0;0;0;0;0;0;0;0;1;0;0;0;0;0;0;0;0;0;0;0
47312;Tournon-d'Agenais;75;47;0;1;0;0;0;0;0;0;0;0;1;0;0;0;0;1;0;0;0;1;5;0;0;1;3;1;3;1;1;0;2;0;0;2;1;0;0
47313;Tourtrès;75;47;0;0;0;0;0;0;0;0;0;0;0;0;0;0;0;0;0;0;0;0;0;0;0;0;1;0;0;0;0;0;1;0;0;0;0;0;0
47314;Trémons;75;47;0;0;0;0;0;0;0;0;0;0;0;0;0;0;0;0;0;0;0;0;4;0;0;0;5;0;2;0;1;0;0;0;0;0;0;0;1
47315;Trentels;75;47;0;0;0;0;0;0;0;0;0;0;0;0;0;0;0;0;0;0;1;0;3;0;0;0;5;0;0;0;1;0;0;0;0;0;0;0;0
47316;Varès;75;47;0;0;0;0;0;0;0;0;0;0;0;0;0;0;0;0;0;0;1;0;1;0;0;0;0;4;3;1;0;0;1;0;0;0;0;0;0
47317;Verteuil-d'Agenais;75;47;0;0;0;0;0;0;0;0;0;0;0;0;0;0;0;0;0;0;0;1;4;0;0;0;1;0;0;0;0;0;1;0;0;0;0;0;0
47318;Vianne;75;47;0;0;0;0;0;0;0;0;0;0;0;0;0;0;0;0;0;0;1;0;1;1;0;0;8;1;1;0;1;0;1;0;0;5;1;0;0
47319;Villebramar;75;47;0;0;0;0;0;0;0;0;0;0;0;0;0;0;0;0;0;0;0;0;0;0;0;0;0;0;0;0;0;0;0;0;0;1;0;0;0
47320;Villefranche-du-Queyran;75;47;0;0;0;0;0;0;0;0;0;0;0;0;0;0;0;0;0;0;0;1;0;0;0;0;0;0;2;0;0;0;0;0;0;2;0;0;0
47321;Villeneuve-de-Duras;75;47;0;0;0;0;0;0;0;0;0;0;0;0;0;0;0;0;0;0;0;1;2;0;0;0;1;1;0;0;1;0;1;0;0;3;1;0;0
47323;Villeneuve-sur-Lot;75;47;1;1;0;0;1;0;0;0;0;0;4;1;0;0;0;13;5;3;0;0;41;3;1;6;37;42;46;24;26;3;51;7;10;89;33;7;22
47324;Villeréal;75;47;0;1;0;0;0;0;0;0;0;0;1;0;0;0;0;3;1;1;0;0;6;0;0;1;6;3;1;2;1;0;6;3;0;5;4;0;3
47325;Villeton;75;47;0;0;0;0;0;0;0;0;0;0;0;0;0;0;0;0;0;0;0;0;1;0;0;0;0;1;0;0;0;0;1;0;0;2;0;0;0
47326;Virazeil;75;47;0;0;0;0;0;0;0;0;0;0;0;0;0;0;0;0;0;1;0;0;5;1;0;0;3;3;7;2;2;0;2;0;0;5;1;0;2
47327;Xaintrailles;75;47;0;0;0;0;0;0;0;0;0;0;0;0;0;0;0;0;0;0;0;0;0;0;0;0;1;2;0;0;0;0;0;0;0;0;0;0;0
47328;Saint-Georges;75;47;0;0;0;0;0;0;0;0;0;0;0;0;0;0;0;0;0;0;0;1;1;0;0;0;3;1;4;0;0;0;0;0;0;3;0;0;0
48001;Albaret-le-Comtal;76;48;0;0;0;0;0;0;0;0;0;0;0;0;0;0;0;0;0;0;0;0;0;0;0;0;0;0;1;0;1;0;0;0;0;1;0;0;0
48002;Albaret-Sainte-Marie;76;48;0;0;0;0;0;0;0;0;0;0;0;0;0;0;0;0;0;0;0;1;2;0;0;0;1;4;2;1;0;0;1;0;0;4;0;0;0
48003;Allenc;76;48;0;0;0;0;0;0;0;0;0;0;0;0;0;0;0;0;0;0;0;0;0;0;0;0;0;0;1;1;0;0;0;0;0;0;0;0;0
48004;Altier;76;48;0;0;0;0;0;0;0;0;0;0;0;0;0;0;0;0;0;0;0;1;0;0;0;0;2;0;0;0;0;0;0;0;0;0;0;0;0
48005;Antrenas;76;48;0;0;0;0;0;0;0;0;0;0;0;0;0;0;0;0;0;0;0;0;1;0;0;0;2;0;0;0;0;0;0;0;0;0;0;0;0
48007;Arzenc-d'Apcher;76;48;0;0;0;0;0;0;0;0;0;0;0;0;0;0;0;0;1;0;0;0;0;0;0;0;0;0;0;0;0;0;0;0;0;0;0;0;0
48008;Arzenc-de-Randon;76;48;0;0;0;0;0;0;0;0;0;0;0;0;0;0;0;0;0;0;0;0;0;0;0;0;1;0;1;0;0;0;0;0;0;0;0;0;0
48009;Aumont-Aubrac;76;48;0;1;0;0;0;0;0;0;0;0;0;0;0;0;0;2;0;1;0;0;5;1;0;0;1;2;4;4;1;0;2;0;0;3;0;0;1
48010;Auroux;76;48;0;0;0;0;0;0;0;0;0;0;0;0;0;0;0;0;0;1;0;0;1;0;0;0;0;1;2;1;0;0;0;0;0;0;0;0;0
48012;Les Monts-Verts;76;48;0;0;0;0;0;0;0;0;0;0;0;0;0;0;0;0;0;0;0;0;0;0;0;0;1;0;1;1;0;0;0;0;0;2;0;0;0
48013;Badaroux;76;48;0;0;0;0;0;0;0;0;0;0;0;0;0;0;0;0;0;0;0;1;1;0;0;0;1;4;1;1;0;3;1;0;0;3;0;0;1
48014;Bagnols-les-Bains;76;48;0;0;0;0;0;0;0;0;0;0;0;0;0;0;0;1;0;1;0;0;2;0;0;0;1;0;1;0;0;0;1;0;0;2;0;0;1
48015;Pied-de-Borne;76;48;0;0;0;0;0;0;0;0;0;0;0;0;0;0;0;0;0;0;0;1;0;0;0;0;1;0;1;0;0;0;0;0;0;0;1;0;0
48016;Balsièges;76;48;0;0;0;0;0;0;0;0;0;0;0;0;0;0;0;0;0;0;0;0;0;0;0;0;0;3;1;0;0;0;0;0;0;0;0;0;0
48017;Banassac-Canilhac;76;48;0;0;0;0;0;0;0;0;0;0;0;0;0;0;0;1;0;1;0;0;4;1;0;1;3;2;2;3;0;2;2;2;0;2;0;0;1
48018;Barjac;76;48;0;0;0;0;0;0;0;0;0;0;0;0;0;0;0;0;0;0;0;1;4;0;0;0;0;1;3;1;1;0;0;0;0;2;0;0;0
48019;Barre-des-Cévennes;76;48;0;1;0;0;0;0;0;0;0;0;0;0;0;0;0;0;0;1;0;0;0;0;0;0;2;0;0;1;1;0;0;1;0;2;0;0;0
48020;Bassurels;76;48;0;0;0;0;0;0;0;0;0;0;0;0;0;0;0;0;0;0;0;0;0;0;0;0;0;0;0;0;0;0;0;0;0;0;0;0;0
48021;La Bastide-Puylaurent;76;48;0;0;0;0;0;0;0;0;0;0;0;0;0;0;0;0;0;1;0;0;1;0;0;0;1;0;0;1;0;0;1;0;0;1;0;0;0
48023;Belvezet;76;48;0;0;0;0;0;0;0;0;0;0;0;0;0;0;0;0;0;0;0;0;0;0;0;0;0;0;0;1;0;0;0;0;0;0;0;0;0
48025;Les Bessons;76;48;0;0;0;0;0;0;0;0;0;0;0;0;0;0;0;0;0;0;1;0;1;0;0;0;0;1;1;0;1;0;0;0;0;0;0;0;0
48026;Blavignac;76;48;0;0;0;0;0;0;0;0;0;0;0;0;0;0;0;0;0;0;0;0;2;0;0;0;1;1;0;1;0;0;0;0;0;0;0;0;0
48027;Le Bleymard;76;48;0;0;0;0;0;0;0;0;0;0;1;0;0;0;0;1;0;1;0;0;1;0;0;0;1;1;1;3;0;0;0;0;0;0;0;0;0
48028;Les Bondons;76;48;0;0;0;0;0;0;0;0;0;0;0;0;0;0;0;0;0;0;0;0;0;0;0;0;2;0;2;0;0;0;0;0;0;1;0;0;0
48029;Le Born;76;48;0;0;0;0;0;0;0;0;0;0;0;0;0;0;0;0;0;0;0;0;0;0;0;0;0;1;0;0;0;0;0;0;0;0;0;0;0
48030;Brenoux;76;48;0;0;0;0;0;0;0;0;0;0;0;0;0;0;0;0;0;0;0;0;0;0;0;0;0;0;2;1;1;0;0;0;0;1;0;0;0
48031;Brion;76;48;0;0;0;0;0;0;0;0;0;0;0;0;0;0;0;0;0;0;0;0;0;0;0;0;0;0;0;0;0;0;0;0;0;1;0;0;0
48032;Le Buisson;76;48;0;0;0;0;0;0;0;0;0;0;0;0;0;0;0;0;0;0;0;1;0;0;0;0;0;2;0;1;1;0;0;0;0;1;0;0;0
48034;La Canourgue;76;48;0;1;0;0;0;0;0;0;0;0;1;0;0;0;0;3;0;1;0;0;2;0;0;1;5;5;3;4;3;3;4;0;0;9;1;0;1
48036;Cassagnas;76;48;0;0;0;0;0;0;0;0;0;0;0;0;0;0;0;0;0;0;1;0;0;0;0;0;0;2;1;0;2;0;0;0;0;0;0;0;0
48037;Chadenet;76;48;0;0;0;0;0;0;0;0;0;0;0;0;0;0;0;0;0;0;0;0;0;0;0;0;0;1;1;0;0;0;0;0;0;0;0;0;0
48038;Chambon-le-Château;76;48;0;0;0;0;0;0;0;0;0;0;0;0;0;0;0;1;0;1;0;0;2;0;0;0;1;1;1;0;0;0;1;0;0;0;1;0;0
48039;Chanac;76;48;0;1;0;0;0;0;0;0;0;0;0;0;0;0;0;1;0;1;0;0;2;1;0;0;3;5;4;4;2;0;1;0;0;1;0;0;0
48040;Chasseradès;76;48;0;0;0;0;0;0;0;0;0;0;0;0;0;0;0;0;0;0;1;0;1;0;0;0;0;0;0;0;0;0;0;0;0;0;0;0;0
48041;Chastanier;76;48;0;0;0;0;0;0;0;0;0;0;0;0;0;0;0;0;0;0;0;0;0;0;0;0;1;0;0;0;0;0;0;0;0;2;0;0;0
48042;Chastel-Nouvel;76;48;0;0;0;0;0;0;0;0;0;0;0;0;0;0;0;0;0;0;0;1;2;0;0;0;4;2;3;0;0;0;0;0;0;0;0;0;1
48043;Châteauneuf-de-Randon;76;48;0;1;0;0;0;0;0;0;0;0;0;0;0;0;0;1;0;1;0;0;2;0;0;0;0;0;1;1;1;0;1;0;0;2;0;0;0
48044;Chauchailles;76;48;0;0;0;0;0;0;0;0;0;0;0;0;0;0;0;0;0;0;0;0;0;0;0;0;1;0;1;0;0;0;0;0;0;0;0;0;0
48045;Chaudeyrac;76;48;0;0;0;0;0;0;0;0;0;0;0;0;0;0;0;0;0;0;0;1;1;0;0;0;1;0;2;0;1;0;0;0;0;0;0;0;0
48046;Chaulhac;76;48;0;0;0;0;0;0;0;0;0;0;0;0;0;0;0;0;0;0;0;0;0;0;0;0;0;0;1;0;0;0;0;0;0;0;0;0;0
48047;La Chaze-de-Peyre;76;48;0;0;0;0;0;0;0;0;0;0;0;0;0;0;0;0;0;0;0;0;0;0;0;0;1;0;1;0;0;0;0;0;0;1;0;0;0
48048;Cheylard-l'Évêque;76;48;0;0;0;0;0;0;0;0;0;0;0;0;0;0;0;0;0;0;0;0;0;0;0;0;0;0;0;0;0;0;0;0;0;0;0;0;0
48050;Bédouès-Cocurès;76;48;0;0;0;0;0;0;0;0;0;0;0;0;0;0;0;0;0;0;0;1;1;0;0;0;3;3;0;1;0;1;0;0;0;2;0;0;0
48051;Le Collet-de-Dèze;76;48;0;1;0;0;0;0;0;0;0;0;1;0;0;0;0;1;0;1;0;0;1;0;0;0;3;1;1;1;3;0;3;0;0;3;3;0;0
48053;Cubières;76;48;0;0;0;0;0;0;0;0;0;0;0;0;0;0;0;0;0;0;1;0;0;0;0;0;2;0;0;0;0;0;0;0;0;0;0;0;0
48054;Cubiérettes;76;48;0;0;0;0;0;0;0;0;0;0;0;0;0;0;0;0;0;0;0;0;0;0;0;0;0;0;0;0;0;0;0;0;0;0;0;0;0
48055;Cultures;76;48;0;0;0;0;0;0;0;0;0;0;0;0;0;0;0;0;0;0;0;0;0;0;0;0;0;0;1;1;1;0;0;0;0;0;0;0;0
48056;Esclanèdes;76;48;0;0;0;0;0;0;0;0;0;0;0;0;0;0;0;0;0;0;0;0;2;0;0;0;0;0;0;0;1;1;0;0;0;0;0;0;0
48057;Estables;76;48;0;0;0;0;0;0;0;0;0;0;0;0;0;0;0;0;0;0;0;0;0;0;0;0;0;0;0;0;0;0;0;0;0;0;0;0;0
48058;La Fage-Montivernoux;76;48;0;0;0;0;0;0;0;0;0;0;0;0;0;0;0;0;0;0;0;0;0;0;0;0;0;0;0;0;0;0;0;0;0;0;0;0;0
48059;La Fage-Saint-Julien;76;48;0;0;0;0;0;0;0;0;0;0;0;0;0;0;0;0;0;0;0;0;1;0;0;0;0;1;3;0;0;0;0;0;0;0;0;0;0
48060;Fau-de-Peyre;76;48;0;0;0;0;0;0;0;0;0;0;0;0;0;0;0;0;0;0;0;0;0;0;0;0;0;0;0;0;0;0;0;0;0;0;0;0;0
48061;Florac Trois Rivières;76;48;0;1;0;0;0;0;0;0;0;0;2;0;0;0;0;3;1;1;0;0;5;1;0;1;12;3;2;3;2;1;5;3;0;22;1;2;3
48063;Fontans;76;48;0;0;0;0;0;0;0;0;0;0;0;0;0;0;0;0;0;0;0;0;0;0;0;0;0;0;0;1;0;0;0;0;0;0;0;0;0
48064;Fournels;76;48;0;1;0;0;0;0;0;0;0;0;0;0;0;0;0;1;0;1;0;0;1;0;0;0;2;0;0;3;0;0;1;0;0;2;0;0;0
48065;Fraissinet-de-Fourques;76;48;0;0;0;0;0;0;0;0;0;0;0;0;0;0;0;0;0;0;0;0;0;0;0;0;0;0;0;0;0;0;0;0;0;0;0;0;0
48067;Gabriac;76;48;0;0;0;0;0;0;0;0;0;0;0;0;0;0;0;0;0;0;0;0;0;0;0;0;0;0;0;0;0;0;0;0;0;0;0;0;0
48068;Gabrias;76;48;0;0;0;0;0;0;0;0;0;0;0;0;0;0;0;0;0;0;0;0;0;0;0;0;0;0;0;0;0;0;1;0;0;0;0;0;0
48069;Gatuzières;76;48;0;0;0;0;0;0;0;0;0;0;0;0;0;0;0;0;0;0;0;0;0;0;0;0;0;0;0;0;0;0;0;0;0;0;0;0;0
48070;Grandrieu;76;48;0;1;0;0;0;0;0;0;0;0;0;0;0;0;0;2;0;1;0;0;4;0;0;0;3;0;2;0;1;0;2;1;0;3;0;0;0
48071;Grandvals;76;48;0;0;0;0;0;0;0;0;0;0;0;0;0;0;0;0;0;0;0;0;0;0;0;0;0;0;0;1;0;0;0;0;0;0;0;0;0
48072;Grèzes;76;48;0;0;0;0;0;0;0;0;0;0;0;0;0;0;0;0;0;0;0;0;0;0;0;0;3;0;0;4;0;0;0;0;0;0;0;0;0
48073;Les Hermaux;76;48;0;0;0;0;0;0;0;0;0;0;0;0;0;0;0;0;0;0;0;0;0;0;0;0;1;0;0;0;0;0;0;0;0;0;0;0;0
48074;Hures-la-Parade;76;48;0;0;0;0;0;0;0;0;0;0;0;0;0;0;0;0;0;0;1;0;2;0;0;0;1;0;2;0;0;1;0;0;0;2;0;0;0
48075;Ispagnac;76;48;0;0;0;0;0;0;0;0;0;0;0;0;0;0;0;1;0;1;0;0;3;0;0;0;3;2;1;3;2;1;2;0;0;5;1;0;1
48076;Javols;76;48;0;0;0;0;0;0;0;0;0;0;0;0;0;0;0;0;0;0;0;1;0;0;0;0;1;0;1;0;0;0;0;0;0;1;0;0;0
48077;Julianges;76;48;0;0;0;0;0;0;0;0;0;0;0;0;0;0;0;0;0;0;0;0;0;0;0;0;0;0;0;0;0;0;0;0;0;0;0;0;0
48078;Lachamp;76;48;0;0;0;0;0;0;0;0;0;0;0;0;0;0;0;0;0;0;0;0;0;0;0;0;2;0;0;1;0;0;0;0;0;1;0;0;0
48079;Lajo;76;48;0;0;0;0;0;0;0;0;0;0;0;0;0;0;0;0;0;0;0;0;0;0;0;0;0;0;1;0;0;0;0;0;0;0;0;0;0
48080;Langogne;76;48;0;1;0;0;0;0;0;0;0;0;2;0;1;0;0;4;2;1;0;0;10;1;0;3;4;5;5;6;5;0;4;1;0;19;3;1;3
48081;Lanuéjols;76;48;0;0;0;0;0;0;0;0;0;0;0;0;0;0;0;0;0;0;0;0;0;0;0;0;2;1;1;0;0;0;0;0;0;0;0;0;0
48082;Laubert;76;48;0;0;0;0;0;0;0;0;0;0;0;0;0;0;0;0;0;0;0;1;0;0;0;0;0;0;0;0;0;0;0;0;0;1;0;0;0
48083;Les Laubies;76;48;0;0;0;0;0;0;0;0;0;0;0;0;0;0;0;0;0;0;0;0;0;0;0;0;0;0;0;0;0;0;0;0;0;0;0;0;0
48084;Laval-Atger;76;48;0;0;0;0;0;0;0;0;0;0;0;0;0;0;0;0;0;0;0;0;0;0;0;0;0;0;0;0;0;0;0;0;0;0;0;0;0
48085;Laval-du-Tarn;76;48;0;0;0;0;0;0;0;0;0;0;0;0;0;0;0;0;0;0;0;0;0;0;0;0;0;0;0;0;0;0;0;0;0;0;0;0;0
48086;Luc;76;48;0;0;0;0;0;0;0;0;0;0;0;0;0;0;0;0;0;0;0;1;0;0;0;0;0;0;1;0;1;1;1;0;0;0;0;0;0
48087;Malbouzon;76;48;0;0;0;0;0;0;0;0;0;0;0;0;0;0;0;0;0;0;1;0;0;0;0;0;0;0;1;1;0;0;0;0;0;2;0;0;0
48088;La Malène;76;48;0;0;0;0;0;0;0;0;0;0;0;0;0;0;0;0;0;0;0;1;0;0;0;0;0;0;0;0;0;0;0;0;0;3;0;0;0
48089;Le Malzieu-Forain;76;48;0;0;0;0;0;0;0;0;0;0;0;0;0;0;0;0;0;0;0;0;0;0;0;0;1;3;0;2;0;0;0;0;0;1;0;0;0
48090;Le Malzieu-Ville;76;48;0;1;0;0;0;0;0;0;0;0;0;0;0;0;0;2;0;1;0;0;5;0;0;1;3;2;2;1;1;0;2;1;0;2;0;0;0
48091;Marchastel;76;48;0;0;0;0;0;0;0;0;0;0;0;0;0;0;0;0;0;0;0;0;0;0;0;0;0;0;0;0;0;0;0;0;0;2;0;0;0
48092;Marvejols;76;48;0;1;0;0;0;0;0;0;0;0;2;0;1;0;0;5;4;1;0;0;8;2;0;2;6;4;2;6;7;0;10;5;0;14;4;1;5
48093;Mas-d'Orcières;76;48;0;0;0;0;0;0;0;0;0;0;0;0;0;0;0;0;0;0;0;0;0;0;0;0;0;0;1;1;0;0;0;0;0;0;0;0;0
48094;Le Massegros;76;48;0;1;0;0;0;0;0;0;0;0;0;0;1;0;0;1;0;0;0;1;1;0;0;0;1;0;1;3;1;0;0;0;0;0;0;1;0
48095;Mende;76;48;1;2;0;1;1;1;1;0;0;0;11;1;0;0;0;13;2;2;0;0;27;4;0;6;19;18;10;18;9;5;18;2;2;37;5;2;8
48096;Meyrueis;76;48;0;1;0;0;0;0;0;0;0;0;1;0;1;0;0;2;0;1;0;0;0;0;0;0;2;4;2;3;3;0;1;0;0;5;0;0;1
48097;Moissac-Vallée-Française;76;48;0;0;0;0;0;0;0;0;0;0;0;0;0;0;0;0;0;0;0;0;0;0;0;0;3;0;0;1;1;1;0;0;0;2;0;0;0
48098;Molezon;76;48;0;0;0;0;0;0;0;0;0;0;0;0;0;0;0;0;0;0;0;0;0;0;0;0;0;0;1;0;0;0;0;0;0;1;0;0;0
48099;Bourgs sur Colagne;76;48;0;0;0;0;0;0;0;0;0;0;0;0;0;0;0;0;0;1;0;1;7;0;0;0;2;2;3;6;2;0;4;0;0;3;0;0;2
48100;Montbel;76;48;0;0;0;0;0;0;0;0;0;0;0;0;0;0;0;0;0;0;0;1;0;0;0;0;0;0;0;2;0;0;0;0;0;0;0;0;0
48101;Montbrun;76;48;0;0;0;0;0;0;0;0;0;0;0;0;0;0;0;0;0;0;0;0;0;0;0;0;0;1;0;0;0;0;0;0;0;0;0;0;0
48103;Montrodat;76;48;0;0;0;0;0;0;0;0;0;0;0;0;0;0;0;0;0;0;0;0;1;0;0;0;1;0;2;2;0;0;0;0;0;2;0;0;0
48104;Nasbinals;76;48;0;1;0;0;0;0;0;0;0;0;0;0;0;0;0;2;0;1;0;0;1;0;0;0;0;0;2;1;2;0;1;3;0;3;0;1;0
48105;Naussac-Fontanes;76;48;0;0;0;0;0;0;0;0;0;0;0;0;0;0;0;0;0;0;0;0;1;0;0;0;2;0;2;0;0;0;1;0;0;2;0;0;0
48106;Noalhac;76;48;0;0;0;0;0;0;0;0;0;0;0;0;0;0;0;0;0;0;0;0;0;0;0;0;0;0;1;0;0;0;0;0;0;0;0;0;0
48107;Palhers;76;48;0;0;0;0;0;0;0;0;0;0;0;0;0;0;0;0;0;0;0;0;2;0;0;0;1;1;1;1;0;0;0;0;0;0;0;0;0
48108;La Panouse;76;48;0;0;0;0;0;0;0;0;0;0;0;0;0;0;0;0;0;0;0;0;0;0;0;0;0;0;0;0;0;0;0;0;0;0;0;0;0
48110;Paulhac-en-Margeride;76;48;0;0;0;0;0;0;0;0;0;0;0;0;0;0;0;0;0;0;0;0;0;0;0;0;0;0;0;0;1;0;0;0;0;1;0;0;0
48111;Pelouse;76;48;0;0;0;0;0;0;0;0;0;0;0;0;0;0;0;0;0;0;0;0;0;0;0;0;0;1;0;1;0;0;0;0;0;0;0;0;0
48112;Pierrefiche;76;48;0;0;0;0;0;0;0;0;0;0;0;0;0;0;0;0;0;0;0;0;0;0;0;0;1;0;0;0;0;0;0;0;0;0;0;0;0
48115;Le Pompidou;76;48;0;0;0;0;0;0;0;0;0;0;0;0;0;0;0;0;0;0;0;1;0;0;0;0;6;1;0;0;0;0;0;0;0;3;0;0;0
48116;Pont de Montvert - Sud Mont Lozère;76;48;0;1;0;0;0;0;0;0;0;0;0;0;1;0;0;1;0;1;0;0;1;0;0;0;4;2;2;1;4;0;1;0;0;5;0;0;0
48117;Pourcharesses;76;48;0;0;0;0;0;0;0;0;0;0;0;0;0;0;0;0;0;0;0;0;0;0;0;0;1;0;0;0;0;0;1;0;0;1;1;0;0
48119;Prévenchères;76;48;0;0;0;0;0;0;0;0;0;0;0;0;0;0;0;0;0;0;0;1;0;0;0;0;1;1;2;0;0;0;0;0;0;0;0;0;0
48120;Prinsuéjols;76;48;0;0;0;0;0;0;0;0;0;0;0;0;0;0;0;0;0;0;0;0;0;0;0;0;0;0;0;0;0;0;0;0;0;2;0;0;0
48121;Prunières;76;48;0;0;0;0;0;0;0;0;0;0;0;0;0;0;0;0;0;0;0;0;0;0;0;0;2;0;0;0;0;0;0;0;0;0;0;0;0
48122;Quézac;76;48;0;0;0;0;0;0;0;0;0;0;0;0;0;0;0;0;0;0;0;0;0;0;0;0;3;2;0;1;0;0;0;0;0;2;0;0;0
48123;Recoules-d'Aubrac;76;48;0;0;0;0;0;0;0;0;0;0;0;0;0;0;0;0;0;0;0;0;0;0;0;0;0;0;0;1;0;0;0;0;0;1;0;0;0
48124;Recoules-de-Fumas;76;48;0;0;0;0;0;0;0;0;0;0;0;0;0;0;0;0;0;0;0;0;0;0;0;0;0;1;0;0;0;0;0;0;0;1;0;0;0
48125;Le Recoux;76;48;0;0;0;0;0;0;0;0;0;0;0;0;0;0;0;0;0;0;0;0;0;0;0;0;1;0;0;1;0;0;0;0;0;0;0;0;0
48126;Ribennes;76;48;0;0;0;0;0;0;0;0;0;0;0;0;0;0;0;0;0;0;0;0;0;0;0;0;1;1;0;0;1;0;0;0;0;0;0;0;0
48127;Rieutort-de-Randon;76;48;0;1;0;0;0;0;0;0;0;0;0;0;0;0;0;1;0;1;0;0;2;0;0;0;2;0;2;2;2;0;1;0;0;2;0;0;0
48128;Rimeize;76;48;0;0;0;0;0;0;0;0;0;0;0;0;0;0;0;0;0;0;0;1;1;0;0;0;3;2;6;2;2;0;0;0;0;1;0;0;0
48129;Rocles;76;48;0;0;0;0;0;0;0;0;0;0;0;0;0;0;0;0;0;0;0;1;0;0;0;0;1;0;0;1;0;1;0;0;0;1;0;0;0
48130;Rousses;76;48;0;0;0;0;0;0;0;0;0;0;0;0;0;0;0;0;0;0;0;0;1;0;0;0;0;0;1;0;0;0;0;0;0;1;0;0;0
48131;Le Rozier;76;48;0;0;0;0;0;0;0;0;0;0;0;0;0;0;0;1;0;0;1;0;0;0;0;0;0;0;1;1;0;0;1;0;0;5;0;0;0
48132;Saint-Alban-sur-Limagnole;76;48;0;1;0;0;0;0;0;0;0;0;0;0;0;0;0;2;0;1;0;0;7;0;0;0;4;1;0;2;1;0;2;1;0;5;0;0;1
48133;Saint-Amans;76;48;0;0;0;0;0;0;0;0;0;0;0;0;0;0;0;0;0;1;0;0;1;0;0;0;0;0;0;0;0;0;0;0;0;1;0;0;0
48135;Saint-André-Capcèze;76;48;0;0;0;0;0;0;0;0;0;0;0;0;0;0;0;0;0;0;0;0;0;0;0;0;2;0;0;2;0;1;0;0;0;0;0;0;0
48136;Saint-André-de-Lancize;76;48;0;0;0;0;0;0;0;0;0;0;0;0;0;0;0;0;0;0;0;0;0;0;0;0;0;0;1;0;1;0;0;0;0;0;0;0;0
48137;Saint-Bauzile;76;48;0;0;0;0;0;0;0;0;0;0;0;0;0;0;0;0;0;0;1;0;1;0;0;1;0;0;2;0;2;0;2;0;0;0;0;0;0
48138;Saint-Bonnet-de-Chirac;76;48;0;0;0;0;0;0;0;0;0;0;0;0;0;0;0;0;0;0;0;0;0;0;0;0;0;0;0;0;0;0;0;0;0;0;0;0;0
48139;Saint-Bonnet-de-Montauroux;76;48;0;0;0;0;0;0;0;0;0;0;0;0;0;0;0;0;0;0;0;1;0;0;0;0;2;0;1;0;1;0;0;0;0;0;0;0;0
48140;Saint-Chély-d'Apcher;76;48;0;1;0;0;0;0;0;0;0;0;2;0;1;0;0;6;2;1;0;0;12;4;0;2;5;9;11;6;3;4;8;1;0;16;2;1;3
48141;Mas-Saint-Chély;76;48;0;0;0;0;0;0;0;0;0;0;0;0;0;0;0;0;0;0;0;0;0;0;0;0;0;0;0;0;0;0;0;0;0;0;0;0;0
48142;Sainte-Colombe-de-Peyre;76;48;0;0;0;0;0;0;0;0;0;0;0;0;0;0;0;0;0;0;0;0;0;0;0;0;2;0;0;2;0;0;0;0;0;1;0;0;0
48144;Sainte-Croix-Vallée-Française;76;48;0;0;0;0;0;0;0;0;0;0;0;0;0;0;0;1;0;1;0;0;2;0;0;0;1;0;1;1;2;0;0;0;0;2;0;0;0
48145;Saint-Denis-en-Margeride;76;48;0;0;0;0;0;0;0;0;0;0;0;0;0;0;0;0;0;0;0;0;1;0;0;0;0;0;0;0;0;0;0;0;0;2;0;0;0
48146;Sainte-Enimie;76;48;0;1;0;0;0;0;0;0;0;0;0;0;0;0;0;1;0;1;0;0;1;0;0;0;1;1;0;0;1;0;0;0;0;20;1;0;0
48147;Saint-Étienne-du-Valdonnez;76;48;0;0;0;0;0;0;0;0;0;0;0;0;0;0;0;0;0;1;0;0;0;0;0;0;3;0;0;1;0;0;0;0;0;1;0;0;0
48148;Saint-Étienne-Vallée-Française;76;48;0;0;0;0;0;0;0;0;0;0;0;0;0;0;0;1;0;1;0;0;1;0;0;0;7;0;1;1;0;1;0;0;0;2;3;0;0
48149;Sainte-Eulalie;76;48;0;0;0;0;0;0;0;0;0;0;0;0;0;0;0;0;0;0;0;0;0;0;0;0;0;0;0;0;0;0;0;0;0;0;0;0;0
48150;Saint-Flour-de-Mercoire;76;48;0;0;0;0;0;0;0;0;0;0;0;0;0;0;0;0;0;0;0;0;0;0;0;0;2;0;3;0;1;1;0;0;0;0;0;0;0
48151;Saint-Frézal-d'Albuges;76;48;0;0;0;0;0;0;0;0;0;0;0;0;0;0;0;0;0;0;0;0;0;0;0;0;1;0;0;0;0;0;0;0;0;0;0;0;0
48152;Ventalon en Cévennes;76;48;0;0;0;0;0;0;0;0;0;0;0;0;0;0;0;0;0;0;0;0;0;0;0;0;1;0;1;1;0;0;0;0;0;1;0;0;0
48153;Saint-Gal;76;48;0;0;0;0;0;0;0;0;0;0;0;0;0;0;0;0;0;0;0;0;0;0;0;0;0;0;0;0;0;0;0;0;0;0;0;0;0
48154;Saint-Georges-de-Lévéjac;76;48;0;0;0;0;0;0;0;0;0;0;0;0;0;0;0;0;0;0;0;0;0;0;0;0;0;0;1;0;0;0;0;0;0;1;1;0;0
48155;Saint-Germain-de-Calberte;76;48;0;1;0;0;0;0;0;0;0;0;0;0;0;0;0;1;0;1;0;0;1;0;0;0;2;0;1;3;1;0;0;0;0;1;0;0;0
48156;Saint-Germain-du-Teil;76;48;0;1;0;0;0;0;0;0;0;0;0;0;0;0;0;0;0;1;0;0;1;0;0;0;1;1;4;2;0;0;1;0;0;2;0;0;0
48157;Sainte-Hélène;76;48;0;0;0;0;0;0;0;0;0;0;0;0;0;0;0;0;0;0;0;0;0;0;0;0;0;0;0;0;0;0;0;0;0;0;0;0;0
48158;Saint-Hilaire-de-Lavit;76;48;0;0;0;0;0;0;0;0;0;0;0;0;0;0;0;0;0;0;0;0;0;0;0;0;1;0;0;1;0;0;0;0;0;1;0;0;0
48160;Saint-Jean-la-Fouillouse;76;48;0;0;0;0;0;0;0;0;0;0;0;0;0;0;0;0;0;0;0;0;0;0;0;0;1;0;0;0;0;0;0;0;0;0;0;0;0
48161;Saint-Juéry;76;48;0;0;0;0;0;0;0;0;0;0;0;0;0;0;0;0;0;0;0;0;0;0;0;0;0;0;1;0;0;0;0;0;0;0;0;0;0
48163;Saint-Julien-des-Points;76;48;0;0;0;0;0;0;0;0;0;0;0;0;0;0;0;0;0;0;0;0;1;0;0;0;0;0;0;0;0;0;0;0;0;1;0;0;0
48164;Saint-Julien-du-Tournel;76;48;0;0;0;0;0;0;0;0;0;0;0;0;0;0;0;0;0;0;0;0;0;0;0;0;1;0;0;0;0;0;0;0;0;0;0;0;0
48165;Saint-Laurent-de-Muret;76;48;0;0;0;0;0;0;0;0;0;0;0;0;0;0;0;0;0;0;0;0;0;0;0;0;0;0;1;0;0;0;0;0;0;0;0;0;0
48166;Cans et Cévennes;76;48;0;0;0;0;0;0;0;0;0;0;0;0;0;0;0;0;0;0;0;0;1;0;0;0;0;0;0;2;0;0;0;0;0;2;0;0;0
48167;Saint-Laurent-de-Veyrès;76;48;0;0;0;0;0;0;0;0;0;0;0;0;0;0;0;0;0;0;0;0;0;0;0;0;0;0;0;0;0;0;0;0;0;0;0;0;0
48168;Saint-Léger-de-Peyre;76;48;0;0;0;0;0;0;0;0;0;0;0;0;0;0;0;0;1;0;0;0;0;0;0;0;0;0;2;0;0;0;0;0;0;1;0;0;0
48169;Saint-Léger-du-Malzieu;76;48;0;0;0;0;0;0;0;0;0;0;0;0;0;0;0;0;0;0;0;0;0;0;0;0;0;0;0;0;0;0;0;0;0;0;0;0;0
48170;Saint-Martin-de-Boubaux;76;48;0;0;0;0;0;0;0;0;0;0;0;0;0;0;0;0;0;1;0;0;1;0;0;0;1;0;0;0;1;0;0;0;0;1;0;0;0
48171;Saint-Martin-de-Lansuscle;76;48;0;0;0;0;0;0;0;0;0;0;0;0;0;0;0;0;0;0;0;0;0;0;0;0;1;0;2;0;1;0;0;0;0;0;0;0;0
48173;Saint-Michel-de-Dèze;76;48;0;0;0;0;0;0;0;0;0;0;0;0;0;0;0;0;0;0;0;0;0;0;0;0;0;1;3;0;1;0;0;0;0;0;0;0;0
48174;Saint-Paul-le-Froid;76;48;0;0;0;0;0;0;0;0;0;0;0;0;0;0;0;0;0;0;0;0;0;0;0;0;1;0;1;0;0;0;0;0;0;1;0;0;0
48175;Saint-Pierre-de-Nogaret;76;48;0;0;0;0;0;0;0;0;0;0;0;0;0;0;0;0;0;0;0;0;0;0;0;0;0;2;1;0;0;0;0;0;0;0;0;0;0
48176;Saint-Pierre-des-Tripiers;76;48;0;0;0;0;0;0;0;0;0;0;0;0;0;0;0;0;0;0;0;0;0;0;0;0;1;0;0;1;0;0;0;0;0;1;0;0;0
48177;Saint-Pierre-le-Vieux;76;48;0;0;0;0;0;0;0;0;0;0;0;0;0;0;0;0;0;0;0;0;2;0;0;0;1;0;0;1;0;0;0;0;0;0;0;0;0
48178;Saint-Privat-de-Vallongue;76;48;0;0;0;0;0;0;0;0;0;0;0;0;0;0;0;0;0;0;0;1;0;0;0;0;1;0;2;0;0;0;0;0;0;2;1;0;0
48179;Saint-Privat-du-Fau;76;48;0;0;0;0;0;0;0;0;0;0;0;0;0;0;0;0;0;0;0;0;1;0;0;0;0;1;1;0;1;0;0;0;0;0;0;0;0
48180;Saint-Rome-de-Dolan;76;48;0;0;0;0;0;0;0;0;0;0;0;0;0;0;0;0;0;0;0;0;0;0;0;0;1;0;0;0;0;0;0;0;0;0;0;0;0
48181;Saint-Saturnin;76;48;0;0;0;0;0;0;0;0;0;0;0;0;0;0;0;0;0;0;0;0;0;0;0;0;0;0;0;0;0;0;0;0;0;1;0;0;0
48182;Saint-Sauveur-de-Ginestoux;76;48;0;0;0;0;0;0;0;0;0;0;0;0;0;0;0;0;0;0;0;0;0;0;0;0;0;0;1;1;0;0;0;0;0;0;0;0;0
48183;Saint-Sauveur-de-Peyre;76;48;0;0;0;0;0;0;0;0;0;0;0;0;0;0;0;0;0;1;0;0;1;0;0;0;1;1;1;2;1;0;0;0;0;1;0;0;0
48184;Saint-Symphorien;76;48;0;0;0;0;0;0;0;0;0;0;0;0;0;0;0;0;0;0;0;0;0;0;0;0;0;0;0;1;0;0;0;0;0;0;0;0;0
48185;Les Salelles;76;48;0;0;0;0;0;0;0;0;0;0;0;0;0;0;0;0;0;0;0;0;0;0;0;0;0;1;0;0;1;0;0;0;0;0;0;0;0
48187;Les Salces;76;48;0;0;0;0;0;0;0;0;0;0;0;0;0;0;0;0;0;0;0;0;0;0;0;0;0;0;0;0;0;0;0;0;0;1;0;0;0
48188;Serverette;76;48;0;0;0;0;0;0;0;0;0;0;0;0;0;0;0;0;0;0;0;1;0;0;0;0;0;0;0;0;0;0;0;0;0;2;0;0;0
48189;Servières;76;48;0;0;0;0;0;0;0;0;0;0;0;0;0;0;0;0;0;0;0;0;0;0;0;0;0;0;0;0;0;0;0;0;0;0;0;0;0
48190;Termes;76;48;0;0;0;0;0;0;0;0;0;0;0;0;0;0;0;0;0;0;0;0;1;0;0;0;0;0;0;0;0;0;0;0;0;0;0;0;0
48191;La Tieule;76;48;0;0;0;0;0;0;0;0;0;0;0;0;0;0;0;0;0;0;0;0;0;0;0;0;0;0;0;0;0;0;0;0;0;0;0;0;0
48192;Trélans;76;48;0;0;0;0;0;0;0;0;0;0;0;0;0;0;0;0;0;0;0;1;0;0;0;0;0;0;0;0;0;0;0;0;0;0;0;0;0
48193;Vebron;76;48;0;0;0;0;0;0;0;0;0;0;0;0;0;0;0;0;0;0;0;1;0;0;0;0;2;0;1;1;0;0;0;0;0;2;0;0;0
48194;Vialas;76;48;0;0;0;0;0;0;0;0;0;0;0;0;0;0;0;1;0;1;0;0;2;0;0;0;0;0;0;0;0;0;0;0;0;0;0;0;0
48195;Les Vignes;76;48;0;0;0;0;0;0;0;0;0;0;0;0;0;0;0;0;0;0;1;0;0;0;0;0;1;0;0;0;0;0;0;0;0;1;0;0;0
48197;La Villedieu;76;48;0;0;0;0;0;0;0;0;0;0;0;0;0;0;0;0;0;0;0;0;0;0;0;0;0;0;0;0;0;0;0;0;0;0;0;0;0
48198;Villefort;76;48;0;1;0;0;0;0;0;0;0;0;1;0;1;0;0;2;0;1;0;0;3;0;0;0;8;1;2;3;1;0;2;0;0;9;1;1;0
49001;Les Alleuds;52;49;0;0;0;0;0;0;0;0;0;0;0;0;0;0;0;0;0;0;0;0;2;0;0;0;2;2;3;5;2;0;2;0;0;1;1;0;1
49002;Allonnes;52;49;0;1;0;0;0;0;0;0;0;0;0;0;0;0;0;4;0;1;0;0;11;1;0;1;4;6;4;4;0;0;6;2;0;2;0;1;2
49003;Tuffalun;52;49;0;0;0;0;0;0;0;0;0;0;0;0;0;0;0;0;0;0;1;0;4;0;0;0;5;4;3;2;1;0;2;0;0;2;3;0;0
49007;Angers;52;49;1;1;1;1;1;1;1;1;0;0;22;4;0;1;0;115;12;14;0;0;94;13;9;50;35;158;61;94;62;41;192;14;52;456;191;34;84
49008;Angrie;52;49;0;0;0;0;0;0;0;0;0;0;0;0;0;0;0;0;1;0;0;0;1;0;0;0;1;2;5;1;2;0;1;0;0;0;1;0;0
49009;Antoigné;52;49;0;0;0;0;0;0;0;0;0;0;0;0;0;0;0;0;0;0;0;0;0;0;0;0;1;2;2;0;0;0;1;0;0;0;0;0;0
49010;Armaillé;52;49;0;0;0;0;0;0;0;0;0;0;0;0;0;0;0;0;0;0;0;0;0;0;0;0;0;0;0;1;0;0;0;0;0;0;0;0;0
49011;Artannes-sur-Thouet;52;49;0;0;0;0;0;0;0;0;0;0;0;0;0;0;0;0;0;0;0;0;0;0;0;0;0;0;1;0;0;0;0;0;0;0;0;0;0
49012;Aubigné-sur-Layon;52;49;0;0;0;0;0;0;0;0;0;0;0;0;0;0;0;0;0;0;0;0;0;0;0;0;0;0;0;1;0;0;0;0;0;2;0;0;0
49013;Auverse;52;49;0;0;0;0;0;0;0;0;0;0;0;0;0;0;0;0;0;0;0;1;1;0;0;0;0;0;0;1;2;1;1;0;0;2;0;0;0
49014;Aviré;52;49;0;0;0;0;0;0;0;0;0;0;0;0;0;0;0;0;0;0;0;1;0;0;0;0;2;0;0;0;0;0;0;0;0;0;0;0;0
49015;Avrillé;52;49;0;0;0;0;0;0;0;0;0;0;0;0;0;0;0;9;1;1;0;0;15;2;0;3;7;23;11;11;7;3;12;5;0;17;12;2;7
49017;Baracé;52;49;0;0;0;0;0;0;0;0;0;0;0;0;0;0;0;0;0;0;1;0;2;0;0;0;1;1;2;1;0;0;1;0;0;1;0;0;0
49018;Baugé-en-Anjou;52;49;0;1;0;0;0;0;0;0;0;0;4;0;0;0;0;7;3;1;1;3;19;2;0;3;16;16;13;17;7;0;19;3;2;27;7;2;8
49020;Beaucouzé;52;49;0;0;0;0;0;0;0;0;0;0;0;0;0;0;0;4;0;1;0;0;17;1;2;3;1;9;14;17;10;6;5;6;0;27;7;0;4
49021;Beaufort-en-Anjou;52;49;0;1;0;0;0;0;0;0;0;0;1;1;0;0;0;6;2;1;0;0;12;4;0;4;2;8;9;18;4;1;10;1;0;10;5;2;5
49022;Beaulieu-sur-Layon;52;49;0;0;0;0;0;0;0;0;0;0;0;0;0;0;0;0;1;1;0;0;6;0;0;1;3;3;2;2;2;0;3;0;0;3;0;0;2
49023;Beaupréau-en-Mauges;52;49;0;1;0;0;0;0;0;0;0;0;1;1;0;0;0;13;2;3;3;3;25;2;0;6;31;25;39;28;19;6;35;2;4;29;11;1;14
49026;Bécon-les-Granits;52;49;0;1;0;0;0;0;0;0;0;0;0;0;0;0;0;5;0;1;0;0;6;1;0;1;8;3;2;5;2;0;4;6;0;6;4;0;2
49027;Bégrolles-en-Mauges;52;49;0;0;0;0;0;0;0;0;0;0;0;0;0;0;0;0;0;0;0;1;3;0;0;0;4;2;3;5;0;0;4;0;0;2;3;0;1
49028;Béhuard;52;49;0;0;0;0;0;0;0;0;0;0;0;0;0;0;0;0;0;0;0;0;0;0;0;0;0;0;0;0;0;0;0;0;0;2;0;0;0
49029;Blaison-Saint-Sulpice;52;49;0;0;0;0;0;0;0;0;0;0;0;0;0;0;0;0;0;0;0;0;1;0;0;0;3;1;2;3;1;1;1;0;0;3;1;0;1
49030;Blou;52;49;0;0;0;0;0;0;0;0;0;0;0;0;0;0;0;0;0;0;0;1;1;0;0;0;3;2;0;2;0;0;0;0;0;0;0;0;0
49035;Bouchemaine;52;49;0;0;0;0;0;0;0;0;0;0;0;0;0;0;0;0;0;2;0;0;4;0;1;1;2;10;8;7;4;0;4;1;0;10;9;1;2
49036;Bouillé-Ménard;52;49;0;0;0;0;0;0;0;0;0;0;0;0;0;0;0;0;0;0;1;0;0;0;0;0;0;0;2;1;0;0;0;0;0;0;1;0;0
49037;Le Bourg-d'Iré;52;49;0;0;0;0;0;0;0;0;0;0;0;0;0;0;0;0;0;0;0;1;0;0;0;0;0;1;3;1;1;0;0;1;0;1;0;0;0
49038;Bourg-l'Évêque;52;49;0;0;0;0;0;0;0;0;0;0;0;0;0;0;0;0;0;0;0;0;0;0;0;0;0;0;1;0;0;0;0;0;0;0;0;0;0
49041;Brain-sur-Allonnes;52;49;0;0;0;0;0;0;0;0;0;0;0;0;0;0;0;0;0;1;0;0;2;1;0;0;4;5;4;5;1;0;3;0;0;2;0;0;1
49044;Breil;52;49;0;0;0;0;0;0;0;0;0;0;0;0;0;0;0;0;0;0;0;0;1;0;0;0;1;0;1;1;0;0;0;0;0;0;0;0;0
49045;La Breille-les-Pins;52;49;0;0;0;0;0;0;0;0;0;0;0;0;0;0;0;0;0;0;0;0;1;0;0;0;1;1;0;0;2;2;0;0;0;1;0;0;0
49046;Brézé;52;49;0;0;0;0;0;0;0;0;0;0;0;0;0;0;0;1;1;0;0;1;1;0;0;0;1;2;0;1;2;0;1;0;0;3;1;0;0
49047;Brigné;52;49;0;0;0;0;0;0;0;0;0;0;0;0;0;0;0;0;0;0;0;0;0;0;0;1;0;1;1;0;1;2;0;0;0;0;0;0;0
49048;Briollay;52;49;0;0;0;0;0;0;0;0;0;0;0;0;0;0;0;0;0;0;0;1;4;0;0;0;1;2;3;3;3;0;3;1;0;5;4;0;1
49050;Brissac-Quincé;52;49;0;1;0;0;0;0;0;0;0;0;0;0;0;0;0;4;2;1;0;0;8;2;0;2;3;8;10;7;3;1;4;1;0;8;10;2;6
49051;Brissarthe;52;49;0;0;0;0;0;0;0;0;0;0;0;0;0;0;0;0;0;0;0;1;0;0;0;0;2;1;1;3;0;1;0;0;0;0;0;0;0
49052;Broc;52;49;0;0;0;0;0;0;0;0;0;0;0;0;0;0;0;0;0;0;1;0;1;0;0;0;0;2;0;1;0;0;0;0;0;0;0;0;0
49053;Brossay;52;49;0;0;0;0;0;0;0;0;0;0;0;0;0;0;0;0;0;0;0;0;0;0;0;0;1;0;0;0;1;0;0;0;0;0;1;0;0
49054;Candé;52;49;0;1;0;0;0;0;0;0;0;0;1;0;0;0;0;6;1;1;0;0;3;1;0;1;0;4;3;5;2;0;7;2;1;6;2;0;2
49055;Cantenay-Épinard;52;49;0;0;0;0;0;0;0;0;0;0;0;0;0;0;0;0;0;1;0;0;3;0;0;1;3;5;7;2;2;1;3;0;0;4;2;0;1
49056;Carbay;52;49;0;0;0;0;0;0;0;0;0;0;0;0;0;0;0;0;0;0;0;0;0;0;0;0;0;1;0;0;0;0;0;0;0;0;0;0;0
49057;Cernusson;52;49;0;0;0;0;0;0;0;0;0;0;0;0;0;0;0;0;0;0;0;0;1;0;0;0;2;2;1;0;0;0;0;0;0;1;0;0;0
49058;Les Cerqueux;52;49;0;0;0;0;0;0;0;0;0;0;0;0;0;0;0;0;0;0;0;1;3;0;0;0;1;1;0;1;1;0;1;0;0;1;0;0;0
49060;Chacé;52;49;0;0;0;0;0;0;0;0;0;0;0;0;0;0;0;0;0;0;0;1;4;0;0;0;2;1;1;2;1;1;2;0;0;0;1;0;0
49061;Challain-la-Potherie;52;49;0;0;0;0;0;0;0;0;0;0;0;0;0;0;0;0;0;0;1;0;0;1;0;0;2;1;0;2;1;0;1;0;0;2;0;0;1
49062;Chalonnes-sous-le-Lude;52;49;0;0;0;0;0;0;0;0;0;0;0;0;0;0;0;0;0;0;0;0;1;0;0;0;2;0;0;0;0;0;0;0;0;0;0;0;0
49063;Chalonnes-sur-Loire;52;49;0;1;0;0;0;0;0;0;0;0;1;0;0;0;0;8;5;1;0;0;5;1;0;3;5;13;10;12;8;1;9;1;2;17;4;2;2
49064;Chambellay;52;49;0;0;0;0;0;0;0;0;0;0;0;0;0;0;0;0;0;0;0;1;0;0;0;0;1;1;0;0;1;0;0;0;0;0;0;0;1
49065;Champigné;52;49;0;0;0;0;0;0;0;0;0;0;0;0;0;0;0;2;1;1;0;0;2;0;0;1;4;4;4;5;1;0;3;0;0;4;1;0;3
49067;Chenillé-Champteussé;52;49;0;0;0;0;0;0;0;0;0;0;0;0;0;0;0;0;0;0;0;0;1;0;0;0;0;1;1;0;1;1;0;0;0;1;0;0;0
49068;Champtocé-sur-Loire;52;49;0;0;0;0;0;0;0;0;0;0;0;0;0;0;0;0;0;0;1;0;2;0;0;0;0;12;4;1;2;1;2;0;0;4;2;0;1
49069;Orée d'Anjou;52;49;0;1;0;0;0;0;0;0;0;0;0;0;1;0;0;6;0;2;3;2;24;1;1;2;17;30;30;26;12;2;15;3;1;13;16;0;8
49070;Chanteloup-les-Bois;52;49;0;0;0;0;0;0;0;0;0;0;0;0;0;0;0;0;0;0;0;1;0;0;0;0;2;1;0;2;0;0;0;0;0;0;0;0;0
49073;La Chapelle-Hullin;52;49;0;0;0;0;0;0;0;0;0;0;0;0;0;0;0;0;0;0;0;0;0;0;0;0;0;0;0;1;0;0;0;0;0;0;0;0;0
49076;La Chapelle-Saint-Laud;52;49;0;0;0;0;0;0;0;0;0;0;0;0;0;0;0;0;0;0;0;0;0;0;0;0;0;1;0;0;2;0;1;0;0;0;1;0;1
49077;La Chapelle-sur-Oudon;52;49;0;0;0;0;0;0;0;0;0;0;0;0;0;0;0;0;0;0;0;0;0;0;0;0;1;2;0;3;1;0;1;0;0;0;0;0;1
49078;Charcé-Saint-Ellier-sur-Aubance;52;49;0;0;0;0;0;0;0;0;0;0;0;0;0;0;0;1;0;0;0;0;1;0;0;0;0;0;1;3;1;0;0;0;0;0;0;0;0
49080;Châteauneuf-sur-Sarthe;52;49;0;1;0;0;0;0;0;0;0;0;1;0;0;0;0;4;1;1;0;0;3;1;0;1;4;1;3;5;2;0;7;1;1;2;3;1;3
49081;Châtelais;52;49;0;0;0;0;0;0;0;0;0;0;0;0;0;0;0;0;0;0;0;1;2;0;0;0;2;0;0;1;0;0;1;0;0;0;0;0;0
49082;Chaudefonds-sur-Layon;52;49;0;0;0;0;0;0;0;0;0;0;0;0;0;0;0;0;0;0;1;0;2;0;0;0;1;3;1;1;2;0;2;0;0;1;0;0;1
49086;Chavagnes;52;49;0;0;0;0;0;0;0;0;0;0;0;0;0;0;0;0;0;0;0;1;2;0;0;0;1;4;5;2;1;0;1;0;0;1;0;0;1
49087;Chavaignes;52;49;0;0;0;0;0;0;0;0;0;0;0;0;0;0;0;0;0;0;0;0;0;0;0;0;0;0;0;0;0;0;0;0;0;0;0;0;0
49088;Chazé-Henry;52;49;0;0;0;0;0;0;0;0;0;0;0;0;0;0;0;2;0;0;1;0;0;0;0;0;0;2;2;0;0;1;1;0;0;0;0;0;0
49089;Chazé-sur-Argos;52;49;0;0;0;0;0;0;0;0;0;0;0;0;0;0;0;0;0;0;0;1;0;0;0;0;0;2;3;3;3;0;1;0;0;1;2;0;0
49090;Cheffes;52;49;0;0;0;0;0;0;0;0;0;0;0;0;0;0;0;0;0;0;1;0;2;0;0;0;2;1;1;1;0;0;1;0;0;2;1;0;0
49091;Chemellier;52;49;0;0;0;0;0;0;0;0;0;0;0;0;0;0;0;1;0;0;0;0;0;0;0;0;2;3;2;6;0;0;2;1;0;1;2;0;0
49092;Chemillé-en-Anjou;52;49;0;1;0;0;0;0;0;0;0;0;1;0;0;0;0;9;2;1;4;7;31;4;1;4;23;25;33;28;18;6;27;6;2;29;12;2;6
49096;Cherré;52;49;0;0;0;0;0;0;0;0;0;0;0;0;0;0;0;0;0;0;1;0;0;0;0;0;1;0;0;0;0;0;1;0;0;1;0;0;0
49098;Chigné;52;49;0;0;0;0;0;0;0;0;0;0;0;0;0;0;0;0;0;0;0;0;0;0;0;0;0;0;0;1;0;0;0;0;0;2;1;0;0
49099;Cholet;52;49;1;0;0;0;1;0;0;0;0;0;6;1;0;0;0;42;7;4;0;1;70;10;7;21;63;76;47;53;35;14;76;8;29;124;64;12;33
49100;Cizay-la-Madeleine;52;49;0;0;0;0;0;0;0;0;0;0;0;0;0;0;0;0;0;0;0;0;0;0;0;0;1;0;2;0;1;0;0;0;0;0;0;0;0
49102;Cléré-sur-Layon;52;49;0;0;0;0;0;0;0;0;0;0;0;0;0;0;0;0;0;0;0;0;0;0;0;0;1;0;1;0;0;0;0;0;0;0;0;0;0
49103;Combrée;52;49;0;0;0;0;0;0;0;0;0;0;0;0;0;0;0;0;0;1;1;0;2;0;0;0;1;3;2;4;1;0;7;1;0;2;0;0;2
49104;Concourson-sur-Layon;52;49;0;0;0;0;0;0;0;0;0;0;0;0;0;0;0;0;0;0;0;0;0;0;0;0;1;0;0;3;0;0;0;0;0;1;0;0;1
49105;Contigné;52;49;0;0;0;0;0;0;0;0;0;0;0;0;0;0;0;0;0;0;0;1;0;0;0;0;0;1;3;0;1;1;1;0;0;2;0;0;1
49107;Cornillé-les-Caves;52;49;0;0;0;0;0;0;0;0;0;0;0;0;0;0;0;0;0;0;0;0;0;0;0;0;1;0;2;0;0;0;0;0;1;1;1;0;0
49108;La Cornuaille;52;49;0;0;0;0;0;0;0;0;0;0;0;0;0;0;0;0;0;0;1;0;1;0;0;1;1;2;1;3;2;0;1;0;0;2;1;0;1
49109;Coron;52;49;0;0;0;0;0;0;0;0;0;0;0;0;0;0;0;0;1;0;1;0;3;0;0;0;3;4;1;2;0;0;3;0;0;2;0;0;1
49110;Corzé;52;49;0;0;0;0;0;0;0;0;0;0;0;0;0;0;0;1;0;0;1;0;4;0;0;1;2;3;5;1;3;1;3;0;0;4;1;0;1
49112;Le Coudray-Macouard;52;49;0;0;0;0;0;0;0;0;0;0;0;0;0;0;0;0;0;0;1;0;1;0;0;0;2;0;2;0;0;0;2;0;0;1;0;0;0
49113;Courchamps;52;49;0;0;0;0;0;0;0;0;0;0;0;0;0;0;0;0;0;0;1;0;0;0;0;0;0;1;1;0;0;0;0;0;0;0;0;0;0
49114;Courléon;52;49;0;0;0;0;0;0;0;0;0;0;0;0;0;0;0;0;0;0;0;1;0;0;0;0;0;0;0;0;0;0;1;0;0;1;0;0;0
49115;Coutures;52;49;0;0;0;0;0;0;0;0;0;0;0;0;0;0;0;0;0;0;0;1;1;0;0;0;0;0;0;0;1;0;1;0;0;1;0;0;0
49119;Daumeray;52;49;0;0;0;0;0;0;0;0;0;0;0;0;0;0;0;1;0;0;1;0;0;0;0;0;2;2;1;1;0;0;2;0;0;2;1;0;2
49120;Denée;52;49;0;0;0;0;0;0;0;0;0;0;0;0;0;0;0;0;0;0;0;1;2;0;0;0;4;3;2;0;1;0;1;0;0;2;2;0;0
49121;Dénezé-sous-Doué;52;49;0;0;0;0;0;0;0;0;0;0;0;0;0;0;0;0;0;0;0;0;0;0;0;0;0;2;0;1;1;0;0;0;0;3;0;0;0
49122;Dénezé-sous-le-Lude;52;49;0;0;0;0;0;0;0;0;0;0;0;0;0;0;0;0;0;0;0;0;0;0;0;0;0;2;0;0;0;0;0;0;0;0;0;0;0
49123;Distré;52;49;0;0;0;0;0;0;0;0;0;0;0;0;0;0;0;0;0;0;0;0;13;3;0;0;2;2;5;3;2;0;3;1;0;5;0;0;0
49125;Doué-la-Fontaine;52;49;0;1;0;0;0;0;0;0;0;0;1;0;0;0;0;9;2;1;0;0;9;3;0;2;4;10;7;10;6;0;11;3;2;27;12;2;6
49127;Durtal;52;49;0;1;0;0;0;0;0;0;0;0;0;0;0;0;0;5;0;1;0;0;11;1;0;2;4;6;3;3;3;0;5;4;0;6;2;1;2
49129;Écouflant;52;49;0;0;0;0;0;0;0;0;0;0;0;0;0;0;0;0;0;1;0;0;3;0;0;0;4;8;4;16;8;2;2;0;1;3;0;1;5
49130;Écuillé;52;49;0;0;0;0;0;0;0;0;0;0;0;0;0;0;0;0;0;0;0;0;0;0;0;0;0;1;1;3;0;0;0;0;0;1;1;0;0
49131;Épieds;52;49;0;0;0;0;0;0;0;0;0;0;0;0;0;0;0;0;0;0;0;0;0;0;0;0;3;1;3;2;0;0;1;0;0;0;0;0;0
49132;Étriché;52;49;0;0;0;0;0;0;0;0;0;0;0;0;0;0;0;0;0;0;0;1;4;0;0;0;3;3;6;2;1;1;1;0;0;2;1;0;1
49135;Feneu;52;49;0;0;0;0;0;0;0;0;0;0;0;0;0;0;0;1;0;0;0;1;1;0;0;0;0;9;3;5;4;1;1;0;0;1;0;0;1
49136;La Ferrière-de-Flée;52;49;0;0;0;0;0;0;0;0;0;0;0;0;0;0;0;0;0;0;0;0;0;0;0;0;0;0;1;2;0;0;0;0;0;0;0;0;0
49138;Les Bois d'Anjou;52;49;0;0;0;0;0;0;0;0;0;0;0;0;0;0;0;0;1;0;0;2;2;0;0;0;3;5;3;3;1;0;3;0;0;5;0;0;3
49140;Fontevraud-l'Abbaye;52;49;0;1;0;0;0;0;0;0;0;0;0;0;0;0;0;0;0;1;0;0;0;0;0;0;1;1;0;2;0;0;1;0;0;6;1;0;4
49141;Forges;52;49;0;0;0;0;0;0;0;0;0;0;0;0;0;0;0;0;0;0;0;0;1;0;0;0;0;2;0;1;0;0;0;0;0;0;0;0;0
49144;Freigné;52;49;0;0;0;0;0;0;0;0;0;0;0;0;0;0;0;1;0;0;0;1;1;0;0;0;1;3;2;3;0;0;2;0;0;1;1;0;1
49149;Gennes-Val de Loire;52;49;0;1;0;0;0;0;0;0;0;0;0;0;0;0;0;3;1;1;0;1;8;0;0;3;6;5;12;11;3;0;5;0;0;13;4;0;2
49150;Genneteil;52;49;0;0;0;0;0;0;0;0;0;0;0;0;0;0;0;0;0;0;0;1;0;0;0;0;0;1;0;0;2;0;0;0;0;2;0;0;0
49155;Grez-Neuville;52;49;0;0;0;0;0;0;0;0;0;0;0;0;0;0;0;0;0;0;0;0;3;0;0;0;2;2;3;1;2;0;2;0;0;3;1;1;1
49156;Grugé-l'Hôpital;52;49;0;0;0;0;0;0;0;0;0;0;0;0;0;0;0;0;0;0;0;0;0;0;0;0;2;0;2;0;0;0;0;0;0;0;0;0;0
49158;L'Hôtellerie-de-Flée;52;49;0;0;0;0;0;0;0;0;0;0;0;0;0;0;0;0;0;0;1;0;0;0;0;0;0;0;2;0;0;0;0;0;0;0;0;0;0
49159;Huillé;52;49;0;0;0;0;0;0;0;0;0;0;0;0;0;0;0;0;0;0;0;0;0;0;0;0;0;0;1;0;0;0;0;0;0;0;0;0;1
49160;Ingrandes-Le Fresne sur Loire;52;49;0;0;0;0;0;0;0;0;0;0;0;0;0;0;0;3;0;1;0;0;4;0;0;0;2;9;6;4;3;0;4;0;0;6;2;0;0
49161;La Jaille-Yvon;52;49;0;0;0;0;0;0;0;0;0;0;0;0;0;0;0;0;0;0;0;0;0;0;0;0;0;0;3;1;1;0;0;0;0;1;1;0;0
49163;Jarzé Villages;52;49;0;0;0;0;0;0;0;0;0;0;0;0;0;0;0;0;0;0;1;0;2;0;0;1;4;3;2;3;4;0;2;0;0;5;2;0;3
49167;Juigné-sur-Loire;52;49;0;0;0;0;0;0;0;0;0;0;0;0;0;0;0;0;0;1;0;0;5;0;1;0;3;5;3;6;2;1;3;0;0;3;4;0;3
49170;Juvardeil;52;49;0;0;0;0;0;0;0;0;0;0;0;0;0;0;0;0;0;0;1;0;0;0;0;0;1;1;1;0;1;0;0;0;0;1;0;0;0
49171;La Lande-Chasles;52;49;0;0;0;0;0;0;0;0;0;0;0;0;0;0;0;0;0;0;0;0;0;0;0;0;0;1;0;0;0;0;0;0;0;0;0;0;0
49173;Lasse;52;49;0;0;0;0;0;0;0;0;0;0;0;0;0;0;0;0;0;0;0;0;2;0;0;0;1;0;0;0;0;1;0;0;0;0;0;0;0
49174;Lézigné;52;49;0;0;0;0;0;0;0;0;0;0;0;0;0;0;0;0;0;0;1;0;2;0;0;0;1;0;0;1;0;0;0;0;0;2;0;0;0
49175;Linières-Bouton;52;49;0;0;0;0;0;0;0;0;0;0;0;0;0;0;0;0;0;0;0;0;0;0;0;0;0;0;0;0;0;0;0;0;0;1;0;0;0
49176;Le Lion-d'Angers;52;49;0;1;0;0;0;0;0;0;0;0;1;0;0;0;0;7;2;1;0;0;3;1;0;2;6;5;12;8;0;2;6;1;0;11;5;0;3
49178;Loiré;52;49;0;0;0;0;0;0;0;0;0;0;0;0;0;0;0;0;0;0;0;1;0;0;0;0;2;1;0;1;0;0;1;0;0;1;0;0;0
49180;Longué-Jumelles;52;49;0;1;0;0;0;0;0;0;0;0;1;0;0;0;0;8;2;1;0;0;12;2;0;3;10;14;10;11;5;0;12;3;3;17;3;2;3
49182;Louresse-Rochemenier;52;49;0;0;0;0;0;0;0;0;0;0;0;0;0;0;0;0;0;0;0;0;0;0;0;0;5;2;1;2;0;0;1;0;0;4;0;0;0
49183;Le Louroux-Béconnais;52;49;0;0;0;0;0;0;0;0;0;0;1;0;0;0;0;2;1;1;0;0;11;0;0;2;2;4;5;7;4;1;3;0;0;4;1;0;3
49184;Louvaines;52;49;0;0;0;0;0;0;0;0;0;0;0;0;0;0;0;0;0;0;0;1;0;0;0;0;0;0;0;2;0;0;0;0;0;0;0;0;1
49186;Luigné;52;49;0;0;0;0;0;0;0;0;0;0;0;0;0;0;0;0;0;0;0;0;0;0;0;0;0;0;0;0;1;0;0;0;0;0;0;0;0
49187;Marans;52;49;0;0;0;0;0;0;0;0;0;0;0;0;0;0;0;0;0;0;0;1;1;0;0;0;1;1;0;2;2;0;1;0;0;0;0;0;0
49188;Marcé;52;49;0;0;0;0;0;0;0;0;0;0;0;0;0;0;0;0;0;0;0;0;1;0;1;0;1;3;1;0;0;0;0;0;0;2;0;0;1
49189;Marigné;52;49;0;0;0;0;0;0;0;0;0;0;0;0;0;0;0;0;0;0;1;0;2;0;0;0;2;1;0;2;0;0;0;0;0;1;0;0;0
49191;Martigné-Briand;52;49;0;1;0;0;0;0;0;0;0;0;0;0;0;0;0;2;0;0;1;0;1;0;0;1;3;2;5;4;3;0;2;0;0;4;0;0;1
49192;Maulévrier;52;49;0;0;0;0;0;0;0;0;0;0;0;0;0;0;0;3;3;1;0;0;5;1;0;1;5;4;6;3;2;0;10;0;1;2;2;0;1
49193;Le May-sur-Èvre;52;49;0;0;0;0;0;0;0;0;0;0;0;0;0;0;0;4;1;1;0;0;3;1;0;1;1;4;5;4;1;0;4;6;0;6;2;0;3
49194;Mazé-Milon;52;49;0;0;0;0;0;0;0;0;0;0;0;0;0;0;0;4;1;1;0;0;8;0;1;3;2;8;7;12;9;0;10;1;0;5;4;1;3
49195;Mazières-en-Mauges;52;49;0;0;0;0;0;0;0;0;0;0;0;0;0;0;0;0;0;0;1;0;0;0;0;0;0;1;2;1;1;0;2;0;0;0;1;0;1
49197;Meigné-le-Vicomte;52;49;0;0;0;0;0;0;0;0;0;0;0;0;0;0;0;0;0;0;0;1;0;0;0;0;0;0;1;0;0;0;1;0;0;0;0;0;1
49198;Meigné;52;49;0;0;0;0;0;0;0;0;0;0;0;0;0;0;0;0;0;0;0;0;0;0;0;0;0;0;1;0;0;0;1;0;0;0;0;0;0
49200;Longuenée-en-Anjou;52;49;0;0;0;0;0;0;0;0;0;0;0;0;0;0;0;1;0;2;0;0;5;0;0;1;2;3;12;6;6;3;8;0;0;6;4;0;6
49201;La Ménitré;52;49;0;0;0;0;0;0;0;0;0;0;0;0;0;0;0;2;0;1;0;0;2;1;0;0;2;0;2;2;1;0;2;0;0;4;3;0;0
49202;Méon;52;49;0;0;0;0;0;0;0;0;0;0;0;0;0;0;0;0;0;0;0;0;1;0;0;0;0;1;0;1;0;0;0;0;0;0;0;0;0
49205;Miré;52;49;0;0;0;0;0;0;0;0;0;0;0;0;0;0;0;0;0;0;1;0;3;0;0;0;0;1;0;1;1;0;2;0;0;1;0;0;1
49207;Montfort;52;49;0;0;0;0;0;0;0;0;0;0;0;0;0;0;0;0;0;0;0;0;0;0;0;0;1;0;0;0;0;0;0;0;0;0;0;0;0
49208;Montguillon;52;49;0;0;0;0;0;0;0;0;0;0;0;0;0;0;0;0;0;0;0;0;0;0;0;0;0;0;0;1;0;0;1;0;0;0;0;0;0
49209;Montigné-lès-Rairies;52;49;0;0;0;0;0;0;0;0;0;0;0;0;0;0;0;0;0;0;0;0;0;0;0;0;1;1;0;1;0;0;0;0;0;0;1;0;0
49211;Montilliers;52;49;0;0;0;0;0;0;0;0;0;0;0;0;0;0;0;0;0;0;0;1;1;0;0;0;2;2;2;1;2;0;3;0;0;1;0;0;0
49214;Montreuil-Juigné;52;49;0;1;0;0;0;0;0;0;0;0;0;0;0;0;0;5;1;1;0;0;5;0;0;2;3;4;6;8;7;1;9;1;0;7;3;0;3
49215;Montreuil-Bellay;52;49;0;1;0;0;0;0;0;0;0;0;0;0;0;0;0;5;0;1;0;0;5;1;0;2;1;5;4;6;4;1;7;2;0;9;3;1;2
49216;Montreuil-sur-Loir;52;49;0;0;0;0;0;0;0;0;0;0;0;0;0;0;0;0;0;0;0;0;1;0;0;0;0;2;3;1;2;0;0;0;0;0;0;0;0
49217;Montreuil-sur-Maine;52;49;0;0;0;0;0;0;0;0;0;0;0;0;0;0;0;0;0;0;0;0;0;0;0;1;1;1;0;0;0;0;0;0;0;0;0;0;1
49218;Montrevault-sur-Èvre;52;49;0;1;0;0;0;0;0;0;0;0;1;0;0;0;0;7;3;1;6;4;23;2;0;1;17;18;34;15;6;7;19;3;0;19;3;2;7
49219;Montsoreau;52;49;0;0;0;0;0;0;0;0;0;0;0;0;0;0;0;0;0;0;1;0;1;0;0;0;1;0;0;0;0;0;2;0;0;8;0;0;0
49220;Morannes-sur-Sarthe;52;49;0;0;0;0;0;0;0;0;0;0;0;0;0;0;0;1;0;1;0;0;4;0;0;1;3;3;5;2;4;0;5;2;0;3;3;0;0
49221;Mouliherne;52;49;0;0;0;0;0;0;0;0;0;0;0;0;0;0;0;0;0;0;0;1;0;0;0;0;0;1;3;3;1;0;1;0;0;2;1;0;0
49222;Mozé-sur-Louet;52;49;0;0;0;0;0;0;0;0;0;0;0;0;0;0;0;0;0;0;1;0;3;1;0;0;3;1;4;3;3;0;1;0;0;2;0;0;1
49223;Mûrs-Erigné;52;49;0;1;0;0;0;0;0;0;0;0;0;0;0;0;0;5;0;1;0;0;5;2;0;2;0;6;7;6;3;1;9;3;0;14;5;2;3
49224;Neuillé;52;49;0;0;0;0;0;0;0;0;0;0;0;0;0;0;0;0;0;0;0;0;0;0;0;0;2;3;4;2;1;0;1;2;0;1;0;0;1
49226;Noëllet;52;49;0;0;0;0;0;0;0;0;0;0;0;0;0;0;0;0;0;0;0;0;2;0;0;0;0;1;0;0;1;0;1;0;0;0;0;0;0
49227;Notre-Dame-d'Allençon;52;49;0;0;0;0;0;0;0;0;0;0;0;0;0;0;0;0;0;0;0;0;5;0;0;0;1;0;0;0;1;1;0;0;0;1;0;0;2
49228;Noyant;52;49;0;1;0;0;0;0;0;0;0;0;0;0;0;0;0;6;1;1;0;0;6;1;0;1;3;4;1;1;1;0;4;3;0;3;1;0;1
49229;Noyant-la-Gravoyère;52;49;0;0;0;0;0;0;0;0;0;0;0;0;0;0;0;1;0;0;0;1;2;0;0;0;3;3;3;5;1;0;2;0;0;4;0;0;0
49231;Nuaillé;52;49;0;0;0;0;0;0;0;0;0;0;0;0;0;0;0;0;0;0;0;1;5;0;0;0;0;3;1;1;0;0;2;0;0;1;2;0;0
49233;Nyoiseau;52;49;0;0;0;0;0;0;0;0;0;0;0;0;0;0;0;0;0;0;0;1;2;0;0;0;1;2;1;1;2;0;1;0;0;0;0;0;1
49234;Parçay-les-Pins;52;49;0;0;0;0;0;0;0;0;0;0;0;0;0;0;0;1;0;0;0;1;0;0;0;0;4;1;4;3;1;0;1;0;0;0;0;1;0
49235;Parnay;52;49;0;0;0;0;0;0;0;0;0;0;0;0;0;0;0;0;0;0;0;0;0;0;0;0;2;0;0;0;0;0;0;0;0;2;0;0;0
49236;Passavant-sur-Layon;52;49;0;0;0;0;0;0;0;0;0;0;0;0;0;0;0;0;0;0;0;0;0;0;0;0;1;0;0;0;0;0;0;0;0;0;0;0;0
49237;La Pellerine;52;49;0;0;0;0;0;0;0;0;0;0;0;0;0;0;0;0;0;0;0;0;0;0;0;0;0;0;1;0;0;0;0;0;0;1;0;0;0
49240;La Plaine;52;49;0;0;0;0;0;0;0;0;0;0;0;0;0;0;0;0;0;0;0;1;1;0;0;0;1;0;1;1;0;0;1;0;0;0;0;0;0
49241;Le Plessis-Grammoire;52;49;0;0;0;0;0;0;0;0;0;0;0;0;0;0;0;0;1;1;0;0;4;1;0;0;2;4;8;2;2;0;4;0;0;0;2;0;1
49244;Mauges-sur-Loire;52;49;0;1;0;0;0;0;0;0;0;0;0;0;0;0;0;10;2;3;5;2;32;3;0;2;20;27;43;24;10;4;23;7;1;26;8;0;10
49246;Les Ponts-de-Cé;52;49;0;0;0;0;0;0;0;0;0;0;1;0;0;0;0;6;3;2;0;1;26;2;0;3;16;19;17;18;10;3;11;3;0;17;12;2;8
49247;La Possonnière;52;49;0;0;0;0;0;0;0;0;0;0;0;0;0;0;0;0;0;0;1;0;2;0;0;1;1;6;4;4;3;0;2;0;0;4;1;0;2
49248;Pouancé;52;49;0;1;0;0;0;0;0;0;0;0;1;0;0;0;0;4;0;1;0;0;6;1;0;2;2;6;2;1;2;1;6;3;0;8;2;1;2
49250;La Prévière;52;49;0;0;0;0;0;0;0;0;0;0;0;0;0;0;0;0;0;0;0;0;0;0;0;0;0;0;0;1;0;0;0;0;0;1;1;0;0
49253;Le Puy-Notre-Dame;52;49;0;0;0;0;0;0;0;0;0;0;0;0;0;0;0;1;0;0;1;0;2;0;0;0;1;2;1;2;0;0;1;0;0;4;1;0;0
49254;Querré;52;49;0;0;0;0;0;0;0;0;0;0;0;0;0;0;0;0;0;0;0;0;0;0;0;0;0;0;0;0;0;0;0;0;0;0;0;0;0
49257;Les Rairies;52;49;0;0;0;0;0;0;0;0;0;0;0;0;0;0;0;0;0;0;0;1;1;0;0;0;1;2;3;0;1;0;0;0;0;3;0;0;0
49259;Rochefort-sur-Loire;52;49;0;0;0;0;0;0;0;0;0;0;0;0;0;0;0;0;0;1;0;0;3;0;0;1;3;5;7;4;1;1;4;0;0;5;2;0;3
49260;La Romagne;52;49;0;0;0;0;0;0;0;0;0;0;1;0;0;0;0;0;0;1;0;0;3;0;0;1;2;2;6;3;5;1;3;1;0;0;0;0;1
49261;Les Rosiers-sur-Loire;52;49;0;0;0;0;0;0;0;0;0;0;0;0;0;0;0;2;0;1;0;0;4;1;1;0;4;8;3;1;1;0;7;3;0;8;3;1;2
49262;Rou-Marson;52;49;0;0;0;0;0;0;0;0;0;0;0;0;0;0;0;0;0;0;0;0;0;0;0;0;0;0;0;1;1;0;0;0;0;1;0;0;0
49266;Saint-Augustin-des-Bois;52;49;0;0;0;0;0;0;0;0;0;0;0;0;0;0;0;0;0;0;0;0;2;0;0;0;0;2;0;3;1;0;2;0;0;1;0;0;2
49267;Saint-Barthélemy-d'Anjou;52;49;0;0;0;0;0;0;0;0;0;0;0;0;0;0;0;7;2;1;0;0;22;2;0;4;8;14;9;13;6;3;13;3;2;17;8;2;6
49269;Saint-Christophe-du-Bois;52;49;0;0;0;0;0;0;0;0;0;0;0;0;0;0;0;0;0;0;1;0;2;0;1;1;2;3;5;5;2;0;4;0;0;3;0;0;3
49271;Saint-Clément-de-la-Place;52;49;0;0;0;0;0;0;0;0;0;0;0;0;0;0;0;0;0;0;1;0;4;0;0;0;1;2;3;5;0;0;2;0;0;1;5;0;0
49272;Saint-Clément-des-Levées;52;49;0;0;0;0;0;0;0;0;0;0;0;0;0;0;0;0;0;0;0;1;1;0;0;0;2;2;2;3;0;0;2;0;0;1;2;0;1
49274;Saint-Cyr-en-Bourg;52;49;0;0;0;0;0;0;0;0;0;0;0;0;0;0;0;0;0;0;0;1;3;0;0;1;0;1;1;3;0;0;1;0;0;1;0;0;0
49277;Sainte-Gemmes-d'Andigné;52;49;0;0;0;0;0;0;0;0;0;0;0;0;0;0;0;0;0;0;0;1;4;0;0;0;1;2;2;1;0;0;2;0;0;1;0;1;1
49278;Sainte-Gemmes-sur-Loire;52;49;0;0;0;0;0;0;0;0;0;0;0;0;0;0;0;2;0;0;0;1;10;1;0;0;7;6;3;8;2;1;5;0;0;6;2;0;4
49282;Saint-Georges-sur-Layon;52;49;0;0;0;0;0;0;0;0;0;0;0;0;0;0;0;0;0;0;0;0;0;0;0;0;1;1;0;1;0;0;1;0;0;1;0;0;0
49283;Saint-Georges-sur-Loire;52;49;0;1;0;0;0;0;0;0;0;0;1;0;0;0;0;4;0;1;0;0;6;1;1;1;5;11;11;2;8;0;7;0;0;6;1;1;3
49284;Saint-Germain-des-Prés;52;49;0;0;0;0;0;0;0;0;0;0;0;0;0;0;0;0;0;0;0;1;1;0;0;0;2;1;2;2;1;0;2;0;0;2;0;0;0
49288;Saint-Jean-de-la-Croix;52;49;0;0;0;0;0;0;0;0;0;0;0;0;0;0;0;0;0;0;0;0;0;0;0;0;0;0;1;0;0;0;0;0;0;0;0;0;0
49289;Saint-Jean-de-Linières;52;49;0;0;0;0;0;0;0;0;0;0;0;0;0;0;0;0;0;0;0;0;9;1;0;2;1;4;4;2;1;1;5;1;0;5;5;0;1
49290;Saint-Jean-des-Mauvrets;52;49;0;0;0;0;0;0;0;0;0;0;0;0;0;0;0;1;0;0;0;0;1;0;0;0;4;1;2;2;2;0;4;0;0;1;2;0;1
49291;Saint-Just-sur-Dive;52;49;0;0;0;0;0;0;0;0;0;0;0;0;0;0;0;0;0;0;0;0;2;0;0;0;0;0;2;1;0;0;0;0;0;1;0;0;0
49292;Val-du-Layon;52;49;0;0;0;0;0;0;0;0;0;0;0;0;0;0;0;1;0;0;1;1;4;0;0;0;2;4;7;7;1;0;2;0;0;4;1;0;0
49294;Saint-Lambert-la-Potherie;52;49;0;0;0;0;0;0;0;0;0;0;0;0;0;0;0;0;0;0;0;1;2;0;0;0;3;4;2;3;0;0;3;0;0;1;1;0;1
49298;Saint-Léger-des-Bois;52;49;0;0;0;0;0;0;0;0;0;0;0;0;0;0;0;0;0;0;0;0;3;0;0;0;2;4;5;1;1;0;1;1;0;0;0;0;2
49299;Saint-Léger-sous-Cholet;52;49;0;0;0;0;0;0;0;0;0;0;0;0;0;0;0;1;0;1;0;0;1;0;1;1;9;3;0;3;3;0;5;0;0;1;1;0;3
49301;Sèvremoine;52;49;0;1;0;0;0;0;0;0;0;0;0;0;0;0;0;18;6;2;2;7;35;1;0;3;28;45;48;30;15;7;42;6;1;22;10;1;14
49302;Saint-Macaire-du-Bois;52;49;0;0;0;0;0;0;0;0;0;0;0;0;0;0;0;0;0;0;0;0;0;0;0;0;0;1;2;0;0;0;1;0;0;0;0;0;0
49304;Saint-Martin-de-la-Place;52;49;0;0;0;0;0;0;0;0;0;0;0;0;0;0;0;0;0;0;1;0;4;0;0;0;2;5;2;4;1;0;1;0;0;2;1;0;1
49305;Saint-Martin-du-Bois;52;49;0;0;0;0;0;0;0;0;0;0;0;0;0;0;0;0;0;0;1;0;1;0;0;0;3;1;0;2;1;0;2;0;0;2;0;0;0
49306;Saint-Martin-du-Fouilloux;52;49;0;0;0;0;0;0;0;0;0;0;0;0;0;0;0;0;0;0;0;1;7;0;0;0;0;0;3;8;3;0;2;0;0;3;1;0;1
49307;Loire-Authion;52;49;0;1;0;0;0;0;0;0;0;0;0;0;0;0;0;4;0;3;1;3;19;1;0;3;18;24;21;26;16;2;21;1;0;14;5;2;12
49308;Saint-Melaine-sur-Aubance;52;49;0;0;0;0;0;0;0;0;0;0;0;0;0;0;0;0;0;0;1;0;1;0;2;0;4;1;1;3;1;1;2;0;0;2;0;0;0
49309;Saint-Michel-et-Chanveaux;52;49;0;0;0;0;0;0;0;0;0;0;0;0;0;0;0;0;0;0;0;0;2;0;0;0;0;1;0;0;0;0;0;0;0;0;0;0;0
49310;Saint-Paul-du-Bois;52;49;0;0;0;0;0;0;0;0;0;0;0;0;0;0;0;0;0;0;0;0;0;0;0;0;0;1;0;0;1;0;2;0;0;1;1;0;0
49311;Saint-Philbert-du-Peuple;52;49;0;0;0;0;0;0;0;0;0;0;0;0;0;0;0;0;0;0;1;0;1;0;0;0;1;3;4;2;0;0;1;0;0;1;0;0;0
49317;Saint-Rémy-la-Varenne;52;49;0;0;0;0;0;0;0;0;0;0;0;0;0;0;0;1;0;0;0;0;2;0;0;0;0;2;1;1;0;0;0;0;0;6;0;0;0
49318;Saint-Saturnin-sur-Loire;52;49;0;0;0;0;0;0;0;0;0;0;0;0;0;0;0;0;0;0;0;0;1;0;0;0;1;0;3;2;0;0;1;0;0;2;1;0;0
49319;Saint-Sauveur-de-Flée;52;49;0;0;0;0;0;0;0;0;0;0;0;0;0;0;0;0;0;0;0;0;0;0;0;0;1;0;0;3;1;0;0;0;0;0;0;0;0
49321;Saint-Sigismond;52;49;0;0;0;0;0;0;0;0;0;0;0;0;0;0;0;0;0;0;0;0;0;0;0;0;2;0;0;2;0;0;1;0;0;0;0;0;0
49323;Verrières-en-Anjou;52;49;0;1;0;0;0;0;0;0;0;0;0;0;0;0;0;4;0;1;0;1;15;1;0;4;7;16;14;15;9;2;9;1;1;8;7;0;4
49326;Sarrigné;52;49;0;0;0;0;0;0;0;0;0;0;0;0;0;0;0;0;0;0;0;0;0;0;0;0;0;1;0;1;0;0;1;0;0;0;0;0;0
49327;Saulgé-l'Hôpital;52;49;0;0;0;0;0;0;0;0;0;0;0;0;0;0;0;0;0;0;0;0;2;0;0;0;1;1;2;2;3;0;0;0;0;1;0;0;0
49328;Saumur;52;49;1;0;0;1;1;1;0;0;0;0;5;2;0;0;0;20;4;5;0;1;29;4;1;9;16;36;12;29;13;7;54;8;10;120;40;7;20
49329;Savennières;52;49;0;0;0;0;0;0;0;0;0;0;0;0;0;0;0;0;0;0;1;0;1;0;0;0;0;3;0;2;0;0;0;0;0;3;0;0;1
49330;Sceaux-d'Anjou;52;49;0;0;0;0;0;0;0;0;0;0;0;0;0;0;0;0;0;0;0;0;0;0;0;0;1;1;1;1;1;0;1;0;0;0;0;0;0
49331;Segré;52;49;0;1;0;0;0;0;0;0;0;0;4;1;0;0;0;11;3;1;0;0;12;3;0;4;2;6;6;8;3;0;11;2;4;18;8;1;5
49332;La Séguinière;52;49;0;0;0;0;0;0;0;0;0;0;0;0;0;0;0;2;0;1;0;0;8;2;0;0;8;4;8;11;5;1;4;0;0;7;1;0;3
49333;Seiches-sur-le-Loir;52;49;0;1;0;0;0;0;0;0;0;0;1;1;0;0;0;3;1;1;0;0;6;1;0;1;3;0;5;7;2;0;5;2;2;3;4;0;1
49334;Sermaise;52;49;0;0;0;0;0;0;0;0;0;0;0;0;0;0;0;0;0;0;0;0;0;0;0;0;0;0;1;0;1;0;0;0;0;0;0;0;0
49335;Soeurdres;52;49;0;0;0;0;0;0;0;0;0;0;0;0;0;0;0;0;0;0;0;0;0;0;0;0;1;0;1;3;0;0;0;0;0;0;0;0;0
49336;Somloire;52;49;0;0;0;0;0;0;0;0;0;0;0;0;0;0;0;0;0;0;0;1;1;0;0;0;0;0;0;0;1;1;1;1;0;1;0;0;0
49337;Soucelles;52;49;0;0;0;0;0;0;0;0;0;0;0;0;0;0;0;0;0;0;0;1;2;0;0;0;1;5;7;4;2;1;4;0;0;3;3;0;2
49338;Soulaines-sur-Aubance;52;49;0;0;0;0;0;0;0;0;0;0;0;0;0;0;0;0;0;0;0;0;0;0;0;0;1;1;4;3;3;0;0;0;0;1;0;0;1
49339;Soulaire-et-Bourg;52;49;0;0;0;0;0;0;0;0;0;0;0;0;0;0;0;0;0;0;0;0;2;0;0;0;0;2;1;6;0;1;0;0;0;2;1;0;1
49341;Souzay-Champigny;52;49;0;0;0;0;0;0;0;0;0;0;0;0;0;0;0;0;0;0;0;0;0;0;0;0;5;1;2;2;1;0;0;0;0;1;0;0;0
49343;La Tessoualle;52;49;0;0;0;0;0;0;0;0;0;0;0;0;0;0;0;2;1;0;1;0;4;0;0;1;1;4;8;1;4;0;5;0;0;3;0;0;3
49344;Thorigné-d'Anjou;52;49;0;0;0;0;0;0;0;0;0;0;0;0;0;0;0;0;0;0;0;0;0;0;0;0;2;4;9;2;2;0;0;0;0;4;1;0;1
49345;Bellevigne-en-Layon;52;49;0;1;0;0;0;0;0;0;0;0;1;0;0;0;0;4;0;1;1;2;8;0;0;2;5;6;7;7;5;0;6;1;0;7;3;0;5
49347;Tiercé;52;49;0;1;0;0;0;0;0;0;0;0;0;0;0;0;0;5;1;1;0;0;8;1;0;3;5;9;6;4;3;1;9;0;0;8;5;1;2
49352;Toutlemonde;52;49;0;0;0;0;0;0;0;0;0;0;0;0;0;0;0;0;0;0;0;1;1;0;0;0;3;3;1;0;0;0;3;0;0;0;0;0;0
49353;Trélazé;52;49;0;0;0;0;0;0;0;0;0;0;1;0;0;0;0;6;1;1;0;1;11;1;1;4;23;21;13;22;10;0;19;1;0;15;9;2;10
49354;Le Tremblay;52;49;0;0;0;0;0;0;0;0;0;0;0;0;0;0;0;0;0;0;0;0;0;0;0;0;0;1;1;0;0;0;0;0;0;0;0;0;0
49355;Trémentines;52;49;0;0;0;0;0;0;0;0;0;0;0;0;0;0;0;3;0;0;1;0;3;0;0;1;1;6;4;2;1;0;3;0;0;4;0;0;2
49358;Turquant;52;49;0;0;0;0;0;0;0;0;0;0;0;0;0;0;0;0;0;0;0;0;0;0;0;0;2;2;0;1;0;0;1;0;0;3;0;0;0
49359;Les Ulmes;52;49;0;0;0;0;0;0;0;0;0;0;0;0;0;0;0;0;0;0;0;0;0;0;0;0;0;0;3;1;2;0;1;1;0;1;1;0;0
49361;Varennes-sur-Loire;52;49;0;0;0;0;0;0;0;0;0;0;0;0;0;0;0;0;0;0;0;1;2;0;0;0;1;1;1;3;1;0;2;0;0;3;1;0;1
49362;Varrains;52;49;0;0;0;0;0;0;0;0;0;0;0;0;0;0;0;0;0;0;0;0;1;0;0;0;0;0;3;0;0;1;2;0;0;0;1;0;0
49363;Vauchrétien;52;49;0;0;0;0;0;0;0;0;0;0;0;0;0;0;0;1;0;0;0;0;2;0;0;0;2;3;1;4;2;0;3;0;0;0;0;0;1
49364;Vaudelnay;52;49;0;0;0;0;0;0;0;0;0;0;0;0;0;0;0;0;0;0;0;1;1;0;0;0;1;2;1;1;1;0;4;0;0;1;1;0;0
49365;Les Verchers-sur-Layon;52;49;0;0;0;0;0;0;0;0;0;0;0;0;0;0;0;0;0;0;1;0;1;0;0;0;7;0;2;1;1;0;0;0;0;1;0;0;0
49366;Vergonnes;52;49;0;0;0;0;0;0;0;0;0;0;0;0;0;0;0;0;0;0;0;0;1;0;0;0;0;0;1;0;0;0;0;0;0;0;0;0;0
49367;Erdre-en-Anjou;52;49;0;0;0;0;0;0;0;0;0;0;0;0;0;0;0;1;0;1;1;1;7;0;0;1;7;8;11;6;4;0;6;0;0;7;0;0;2
49368;Vernantes;52;49;0;1;0;0;0;0;0;0;0;0;0;0;0;0;0;1;1;1;0;0;5;1;1;1;3;3;0;2;0;0;2;0;0;1;0;0;1
49369;Vernoil-le-Fourrier;52;49;0;0;0;0;0;0;0;0;0;0;0;0;0;0;0;0;0;0;1;0;3;1;0;0;1;3;2;4;0;0;2;1;0;0;0;0;0
49370;Verrie;52;49;0;0;0;0;0;0;0;0;0;0;0;0;0;0;0;1;0;0;0;0;0;0;0;0;0;2;0;0;1;0;0;0;0;0;0;0;1
49371;Vezins;52;49;0;1;0;0;0;0;0;0;0;0;0;0;0;0;0;0;0;0;0;1;2;0;0;0;1;3;5;1;1;0;1;1;0;2;1;0;1
49373;Lys-Haut-Layon;52;49;0;1;0;0;0;0;0;0;0;0;0;0;0;0;0;8;2;1;1;2;12;1;0;1;15;11;13;10;7;0;9;3;1;10;3;1;4
49374;Villebernier;52;49;0;0;0;0;0;0;0;0;0;0;0;0;0;0;0;0;0;0;0;1;2;0;0;0;0;4;2;1;3;0;2;0;0;1;1;0;1
49376;Villemoisan;52;49;0;0;0;0;0;0;0;0;0;0;0;0;0;0;0;0;0;0;0;0;1;0;0;0;0;1;2;1;0;0;1;0;0;0;0;0;0
49377;Villevêque;52;49;0;0;0;0;0;0;0;0;0;0;0;0;0;0;0;0;0;1;0;0;3;0;0;1;0;10;5;4;1;0;4;0;0;2;2;0;6
49378;Vivy;52;49;0;0;0;0;0;0;0;0;0;0;0;0;0;0;0;0;0;1;0;0;5;0;0;1;2;5;3;3;2;0;5;0;0;1;0;0;0
49381;Yzernay;52;49;0;0;0;0;0;0;0;0;0;0;0;0;0;0;0;0;0;0;0;1;2;0;0;1;1;1;2;1;0;0;2;3;0;3;1;0;2
50001;Acqueville;28;50;0;0;0;0;0;0;0;0;0;0;0;0;0;0;0;0;0;0;1;0;1;0;0;0;1;1;1;0;0;0;1;0;0;0;0;0;0
50002;Agneaux;28;50;0;0;0;0;0;0;0;0;0;0;0;0;2;0;0;3;0;1;0;0;11;2;1;2;1;2;9;6;3;1;6;3;0;9;0;1;1
50003;Agon-Coutainville;28;50;0;1;0;0;0;0;0;0;0;0;0;0;0;0;0;5;1;1;1;0;2;0;0;3;1;4;2;5;3;1;5;0;0;19;4;0;1
50004;Airel;28;50;0;0;0;0;0;0;0;0;0;0;0;0;0;0;0;0;0;0;1;0;1;0;0;0;1;0;3;2;2;0;0;0;0;2;0;0;0
50006;Amigny;28;50;0;0;0;0;0;0;0;0;0;0;0;0;0;0;0;0;0;0;0;0;0;0;0;0;0;0;0;2;0;0;0;0;0;0;0;0;0
50007;Ancteville;28;50;0;0;0;0;0;0;0;0;0;0;0;0;0;0;0;0;0;0;0;0;0;0;0;0;0;0;0;0;0;0;0;0;0;0;0;0;0
50008;Anctoville-sur-Boscq;28;50;0;0;0;0;0;0;0;0;0;0;0;0;0;0;0;0;0;0;0;0;0;0;0;0;0;1;2;0;0;0;0;0;0;0;0;0;0
50013;Anneville-en-Saire;28;50;0;0;0;0;0;0;0;0;0;0;0;0;0;0;0;0;0;0;1;0;1;0;0;0;0;0;0;1;0;0;0;0;0;2;0;0;0
50014;Anneville-sur-Mer;28;50;0;0;0;0;0;0;0;0;0;0;0;0;0;0;0;0;0;0;0;0;0;0;0;0;1;0;1;0;0;1;0;0;0;2;0;0;0
50015;Annoville;28;50;0;0;0;0;0;0;0;0;0;0;0;0;0;0;0;0;0;0;0;0;0;0;0;0;2;2;0;1;1;0;1;0;0;0;0;0;0
50016;Appeville;28;50;0;0;0;0;0;0;0;0;0;0;0;0;0;0;0;0;0;0;0;0;0;0;0;0;0;1;0;0;0;0;0;0;0;0;0;0;0
50018;Argouges;28;50;0;0;0;0;0;0;0;0;0;0;0;0;0;0;0;0;0;0;0;0;0;0;0;0;0;0;2;2;1;0;0;0;0;0;0;0;0
50019;Aucey-la-Plaine;28;50;0;0;0;0;0;0;0;0;0;0;0;0;0;0;0;0;0;0;0;0;0;0;0;0;0;1;0;0;1;0;0;0;0;0;0;0;0
50020;Auderville;28;50;0;0;0;0;0;0;0;0;0;0;0;0;1;0;0;0;0;0;0;0;0;0;0;0;0;0;0;0;0;0;1;0;0;2;0;0;0
50021;Audouville-la-Hubert;28;50;0;0;0;0;0;0;0;0;0;0;0;0;0;0;0;0;0;0;0;0;0;0;0;0;0;0;0;0;0;0;0;0;0;0;0;0;0
50022;Aumeville-Lestre;28;50;0;0;0;0;0;0;0;0;0;0;0;0;0;0;0;0;0;0;0;0;0;0;0;0;0;0;0;0;0;0;0;0;0;0;0;0;0
50023;Auvers;28;50;0;0;0;0;0;0;0;0;0;0;0;0;0;0;0;0;0;0;0;0;1;0;0;0;0;0;0;0;2;0;0;0;0;0;0;0;0
50024;Auxais;28;50;0;0;0;0;0;0;0;0;0;0;0;0;0;0;0;0;0;0;0;0;1;0;0;0;0;0;0;1;0;0;0;0;0;0;1;0;0
50025;Avranches;28;50;0;1;0;0;1;1;0;0;0;0;6;1;3;0;0;9;2;1;0;1;3;0;0;6;3;7;4;2;4;3;17;3;9;38;4;3;4
50026;Azeville;28;50;0;0;0;0;0;0;0;0;0;0;0;0;0;0;0;0;0;0;0;0;0;0;0;0;1;0;0;0;0;1;0;0;0;0;0;0;0
50027;Bacilly;28;50;0;0;0;0;0;0;0;0;0;0;0;0;0;0;0;0;0;0;1;0;3;0;0;0;0;1;5;2;3;0;1;0;0;0;0;0;0
50028;La Baleine;28;50;0;0;0;0;0;0;0;0;0;0;0;0;0;0;0;0;0;0;0;0;0;0;0;0;0;0;0;0;0;0;0;0;0;1;0;0;0
50029;Barenton;28;50;0;1;0;0;0;0;0;0;0;0;0;0;3;0;0;2;0;0;0;1;4;0;0;0;0;3;3;4;0;0;3;0;0;1;0;0;0
50030;Barfleur;28;50;0;0;0;0;0;0;0;0;0;0;0;0;0;0;0;1;0;1;0;0;0;0;0;1;0;0;0;1;1;0;1;0;0;7;2;0;0
50031;Barneville-Carteret;28;50;0;1;0;0;0;0;0;0;0;0;1;0;1;0;0;4;1;2;0;0;3;0;0;2;4;5;6;2;2;0;4;1;0;17;5;3;2
50032;La Barre-de-Semilly;28;50;0;0;0;0;0;0;0;0;0;0;0;0;0;0;0;0;0;0;0;0;1;0;0;0;0;2;2;0;2;0;0;0;0;0;0;0;0
50033;Baubigny;28;50;0;0;0;0;0;0;0;0;0;0;0;0;0;0;0;0;0;0;0;0;0;0;0;0;0;0;1;0;0;0;1;0;0;0;0;0;0
50034;Baudre;28;50;0;0;0;0;0;0;0;0;0;0;0;0;1;0;0;0;0;0;0;0;1;0;0;0;0;0;1;0;1;0;0;0;0;1;0;0;0
50036;Baupte;28;50;0;0;0;0;0;0;0;0;0;0;0;0;0;0;0;0;0;0;1;0;0;0;0;0;0;1;0;1;1;0;2;0;0;1;0;0;0
50037;La Bazoge;28;50;0;0;0;0;0;0;0;0;0;0;0;0;0;0;0;0;0;0;0;0;0;0;0;0;0;0;1;0;0;0;0;0;0;0;0;0;0
50038;Beauchamps;28;50;0;0;0;0;0;0;0;0;0;0;0;0;0;0;0;1;0;0;1;0;1;0;0;0;1;1;2;2;0;0;0;1;0;1;0;0;0
50039;Beaucoudray;28;50;0;0;0;0;0;0;0;0;0;0;0;0;0;0;0;0;0;0;0;0;0;0;0;0;0;0;2;0;1;1;0;0;0;0;0;0;0
50040;Beauficel;28;50;0;0;0;0;0;0;0;0;0;0;0;0;0;0;0;0;0;0;0;0;0;0;0;0;0;1;1;0;0;0;0;0;0;0;0;0;0
50041;Beaumont-Hague;28;50;0;1;0;0;0;0;0;0;0;0;1;0;2;0;0;4;2;1;0;0;3;1;0;1;2;4;0;1;5;0;3;0;0;4;0;1;1
50042;Beauvoir;28;50;0;0;0;0;0;0;0;0;0;0;0;0;0;0;0;0;0;0;0;0;2;0;0;0;0;0;2;1;0;0;0;0;0;6;1;0;0
50043;Bellefontaine;28;50;0;0;0;0;0;0;0;0;0;0;0;0;0;0;0;0;0;0;0;0;0;0;0;0;2;0;0;0;1;1;0;0;0;1;0;0;0
50044;Belval;28;50;0;0;0;0;0;0;0;0;0;0;0;0;0;0;0;0;0;0;1;0;0;0;0;0;0;1;3;1;2;0;2;0;0;1;0;0;0
50045;Benoîtville;28;50;0;0;0;0;0;0;0;0;0;0;0;0;0;0;0;0;0;0;0;0;2;0;0;0;3;0;2;1;0;0;1;0;0;0;0;0;0
50046;Bérigny;28;50;0;0;0;0;0;0;0;0;0;0;0;0;0;0;0;0;0;0;0;0;1;0;0;0;0;0;1;0;0;0;0;0;0;0;0;0;1
50048;Beslon;28;50;0;0;0;0;0;0;0;0;0;0;0;0;0;0;0;0;0;0;0;0;0;0;0;0;1;0;1;1;0;0;0;0;0;0;0;0;0
50049;Besneville;28;50;0;0;0;0;0;0;0;0;0;0;0;0;0;0;0;0;0;0;0;0;0;0;0;0;2;1;1;0;0;1;0;0;0;0;0;0;0
50050;Beuvrigny;28;50;0;0;0;0;0;0;0;0;0;0;0;0;0;0;0;0;0;0;0;0;0;0;0;0;0;0;0;0;0;0;1;0;0;0;0;0;0
50052;Beuzeville-la-Bastille;28;50;0;0;0;0;0;0;0;0;0;0;0;0;0;0;0;0;0;0;0;0;0;0;0;0;1;0;0;0;1;0;0;0;0;0;0;0;0
50054;Biéville;28;50;0;0;0;0;0;0;0;0;0;0;0;0;0;0;0;0;0;0;0;0;0;0;0;0;0;0;0;1;0;0;0;0;0;2;0;0;0
50055;Biniville;28;50;0;0;0;0;0;0;0;0;0;0;0;0;0;0;0;0;0;0;0;0;0;0;0;0;1;0;0;0;0;0;0;0;0;0;0;0;0
50057;Biville;28;50;0;0;0;0;0;0;0;0;0;0;0;0;0;0;0;0;0;0;0;0;1;0;0;0;0;1;0;0;0;0;0;0;0;0;0;0;1
50058;Blainville-sur-Mer;28;50;0;0;0;0;0;0;0;0;0;0;0;0;0;0;0;0;0;0;1;0;2;1;0;0;2;0;3;2;3;0;2;1;0;7;0;0;1
50059;Blosville;28;50;0;0;0;0;0;0;0;0;0;0;0;0;0;0;0;0;0;0;1;0;0;0;0;0;1;0;0;0;1;0;0;0;0;0;0;0;0
50060;La Bloutière;28;50;0;0;0;0;0;0;0;0;0;0;0;0;0;0;0;0;0;0;0;0;0;0;0;0;1;1;2;0;0;0;1;0;0;0;0;0;0
50062;Boisyvon;28;50;0;0;0;0;0;0;0;0;0;0;0;0;0;0;0;0;0;0;0;0;0;0;0;0;0;0;0;0;0;0;0;0;0;0;0;0;0
50064;La Bonneville;28;50;0;0;0;0;0;0;0;0;0;0;0;0;0;0;0;0;0;0;0;0;0;0;0;0;0;0;0;2;0;0;0;0;0;0;0;0;0
50066;Jullouville;28;50;0;0;0;0;0;0;0;0;0;0;0;0;0;0;0;1;0;0;0;1;2;0;0;0;4;4;6;5;3;0;3;0;0;9;3;0;1
50069;Bourguenolles;28;50;0;0;0;0;0;0;0;0;0;0;0;0;0;0;0;0;0;0;0;0;1;0;0;0;0;0;2;3;0;0;0;0;0;0;0;0;0
50070;Boutteville;28;50;0;0;0;0;0;0;0;0;0;0;0;0;0;0;0;0;0;0;0;0;0;0;0;0;0;0;0;1;0;0;0;0;0;1;0;0;0
50072;Brainville;28;50;0;0;0;0;0;0;0;0;0;0;0;0;0;0;0;0;0;0;0;0;1;0;0;0;0;0;0;0;1;0;0;0;0;0;0;0;0
50073;Branville-Hague;28;50;0;0;0;0;0;0;0;0;0;0;0;0;0;0;0;0;0;0;0;0;0;0;0;0;1;0;0;0;0;0;0;0;0;0;0;0;0
50074;Brécey;28;50;0;1;0;0;0;0;0;0;0;0;1;0;2;0;0;3;1;1;0;0;3;1;0;1;1;1;7;1;4;1;4;3;0;3;1;0;1
50076;Bréhal;28;50;0;1;0;0;0;0;0;0;0;0;1;0;1;0;0;4;1;1;0;0;10;1;0;2;4;5;7;6;5;0;7;1;0;11;5;2;2
50077;Bretteville;28;50;0;0;0;0;0;0;0;0;0;0;0;0;0;0;0;0;0;0;1;0;0;0;0;0;1;0;1;1;0;0;1;0;0;1;0;0;0
50078;Bretteville-sur-Ay;28;50;0;0;0;0;0;0;0;0;0;0;0;0;0;0;0;0;0;0;0;0;0;0;0;0;0;0;1;0;0;0;0;0;0;0;0;0;0
50079;Breuville;28;50;0;0;0;0;0;0;0;0;0;0;0;0;0;0;0;0;0;0;0;0;0;0;0;0;1;2;0;2;1;0;0;0;0;0;0;0;0
50080;Brévands;28;50;0;0;0;0;0;0;0;0;0;0;0;0;0;0;0;0;0;0;0;0;0;0;0;0;0;0;0;0;0;0;0;0;0;0;0;0;0
50081;Bréville-sur-Mer;28;50;0;0;0;0;0;0;0;0;0;0;0;0;0;0;0;0;0;0;0;0;2;0;0;1;1;1;2;3;2;0;0;0;0;3;0;0;0
50082;Bricquebec-en-Cotentin;28;50;0;1;0;0;0;0;0;0;0;0;1;0;0;0;0;5;2;1;0;0;4;1;0;4;6;12;8;7;5;1;9;5;0;6;1;1;4
50083;Bricquebosq;28;50;0;0;0;0;0;0;0;0;0;0;0;0;0;0;0;0;0;0;0;0;0;0;0;0;0;1;1;1;0;0;0;0;0;0;0;0;0
50084;Bricqueville-la-Blouette;28;50;0;0;0;0;0;0;0;0;0;0;0;0;0;0;0;0;0;0;0;0;0;0;0;0;1;0;0;2;0;0;0;0;0;0;0;0;1
50085;Bricqueville-sur-Mer;28;50;0;0;0;0;0;0;0;0;0;0;0;0;0;0;0;0;0;0;0;0;1;0;0;1;3;1;0;1;0;1;0;0;0;5;0;0;1
50086;Brillevast;28;50;0;0;0;0;0;0;0;0;0;0;0;0;0;0;0;0;0;0;0;0;0;0;0;0;1;0;1;0;0;0;0;0;0;0;0;0;0
50087;Brix;28;50;0;0;0;0;0;0;0;0;0;0;0;0;0;0;0;0;1;1;0;0;5;0;0;0;4;1;8;7;3;2;5;0;0;1;0;0;0
50088;Brouains;28;50;0;0;0;0;0;0;0;0;0;0;0;0;0;0;0;0;0;0;0;0;0;0;0;0;0;0;0;0;0;0;0;0;0;1;0;0;0
50089;Brucheville;28;50;0;0;0;0;0;0;0;0;0;0;0;0;0;0;0;0;0;0;0;0;0;0;0;0;0;0;0;0;0;0;0;0;0;0;0;0;0
50090;Buais-Les-Monts;28;50;0;0;0;0;0;0;0;0;0;0;0;0;0;0;0;0;0;0;1;0;2;1;0;0;1;0;2;1;0;0;2;1;0;4;0;0;0
50092;Cambernon;28;50;0;0;0;0;0;0;0;0;0;0;0;0;0;0;0;0;0;0;0;0;0;0;0;0;2;2;1;1;1;0;0;0;0;0;0;0;0
50093;Cametours;28;50;0;0;0;0;0;0;0;0;0;0;0;0;0;0;0;0;0;0;0;0;1;0;0;0;0;0;1;1;0;0;0;0;0;2;0;0;0
50094;Camprond;28;50;0;0;0;0;0;0;0;0;0;0;0;0;0;0;0;0;0;0;0;0;1;0;0;0;1;1;1;0;0;0;0;0;0;4;0;0;1
50095;Canisy;28;50;0;1;0;0;0;0;0;0;0;0;0;0;1;0;0;2;0;1;0;0;0;0;0;0;0;0;2;1;4;1;3;0;0;1;0;0;2
50096;Canteloup;28;50;0;0;0;0;0;0;0;0;0;0;0;0;0;0;0;0;0;0;0;0;0;0;0;0;0;0;0;0;0;0;0;0;0;0;0;0;0
50097;Canville-la-Rocque;28;50;0;0;0;0;0;0;0;0;0;0;0;0;0;0;0;0;0;0;0;0;0;0;0;0;1;0;0;0;0;0;0;0;0;0;0;0;0
50098;Carantilly;28;50;0;0;0;0;0;0;0;0;0;0;0;0;0;0;0;0;0;0;0;1;1;0;0;0;0;1;1;1;1;0;0;0;0;1;0;0;0
50099;Carentan les Marais;28;50;0;1;0;0;0;0;0;0;0;0;2;1;0;0;0;7;4;1;0;0;7;1;0;3;3;6;10;6;7;0;14;2;2;17;7;4;3
50100;Carnet;28;50;0;0;0;0;0;0;0;0;0;0;0;0;0;0;0;0;0;0;0;0;0;0;0;0;1;1;4;0;0;0;0;0;0;1;0;0;0
50101;Carneville;28;50;0;0;0;0;0;0;0;0;0;0;0;0;0;0;0;0;0;0;0;0;0;0;0;0;1;1;0;0;0;0;0;0;0;1;0;0;0
50102;Carolles;28;50;0;0;0;0;0;0;0;0;0;0;0;0;0;0;0;0;0;0;0;1;1;0;0;0;1;2;0;2;4;0;2;0;0;7;1;0;0
50103;Carquebut;28;50;0;0;0;0;0;0;0;0;0;0;0;0;0;0;0;0;0;0;0;0;0;0;0;0;0;0;0;0;0;0;0;0;0;0;0;0;0
50105;Catteville;28;50;0;0;0;0;0;0;0;0;0;0;0;0;0;0;0;0;0;0;0;0;0;0;0;0;0;1;0;0;0;0;0;0;0;0;0;0;0
50106;Cavigny;28;50;0;0;0;0;0;0;0;0;0;0;0;0;0;0;0;0;0;0;0;0;0;0;0;0;0;0;0;0;0;0;0;0;0;0;0;0;0
50107;Catz;28;50;0;0;0;0;0;0;0;0;0;0;0;0;0;0;0;0;0;0;0;0;1;0;0;0;0;0;1;0;0;0;0;0;0;0;0;0;0
50108;Céaux;28;50;0;0;0;0;0;0;0;0;0;0;0;0;0;0;0;0;0;0;0;0;1;0;0;0;3;0;1;1;0;0;0;0;0;0;0;0;0
50109;Cérences;28;50;0;0;0;0;0;0;0;0;0;0;0;0;0;0;0;1;1;1;0;0;7;0;0;0;0;2;4;5;0;0;4;1;0;4;0;0;0
50110;Cerisy-la-Forêt;28;50;0;0;0;0;0;0;0;0;0;0;0;0;0;0;0;2;0;0;0;1;1;0;0;0;0;0;2;3;2;0;2;0;0;3;0;0;1
50111;Cerisy-la-Salle;28;50;0;1;0;0;0;0;0;0;0;0;0;0;1;0;0;1;0;1;0;0;1;0;1;1;0;4;2;1;2;0;3;4;0;0;0;0;2
50112;La Chaise-Baudouin;28;50;0;0;0;0;0;0;0;0;0;0;0;0;0;0;0;0;0;0;0;0;1;0;0;0;0;1;1;1;1;0;0;0;0;2;0;0;0
50115;Le Grippon;28;50;0;0;0;0;0;0;0;0;0;0;0;0;0;0;0;0;0;0;0;0;1;0;0;0;0;1;1;1;0;0;0;0;0;0;0;0;0
50117;Champeaux;28;50;0;0;0;0;0;0;0;0;0;0;0;0;0;0;0;0;0;0;0;0;0;0;0;0;1;0;0;0;1;0;1;0;0;4;0;0;0
50118;Champrepus;28;50;0;0;0;0;0;0;0;0;0;0;0;0;0;0;0;0;0;0;0;0;2;0;0;0;3;3;3;1;1;0;2;0;0;2;0;0;0
50119;Les Champs-de-Losque;28;50;0;0;0;0;0;0;0;0;0;0;0;0;0;0;0;0;0;0;0;0;0;0;0;0;0;1;1;0;0;0;0;0;0;0;0;0;0
50120;Chanteloup;28;50;0;0;0;0;0;0;0;0;0;0;0;0;0;0;0;0;0;0;0;0;0;0;0;0;0;1;1;0;1;0;0;0;0;0;0;0;0
50121;La Chapelle-Cécelin;28;50;0;0;0;0;0;0;0;0;0;0;0;0;0;0;0;0;0;0;0;0;1;0;0;0;1;0;0;0;0;0;0;0;0;0;0;0;0
50124;La Chapelle-Urée;28;50;0;0;0;0;0;0;0;0;0;0;0;0;0;0;0;0;0;0;0;0;1;0;0;0;0;0;0;0;0;0;0;0;0;1;0;0;0
50125;Chasseguey;28;50;0;0;0;0;0;0;0;0;0;0;0;0;0;0;0;0;0;0;0;0;0;0;0;0;1;0;0;0;0;0;0;0;0;0;0;0;0
50126;Chavoy;28;50;0;0;0;0;0;0;0;0;0;0;0;0;0;0;0;0;0;0;0;0;0;0;0;0;0;0;0;0;0;0;0;0;0;0;0;0;0
50129;Cherbourg-en-Cotentin;28;50;0;0;0;1;1;1;1;1;0;0;8;3;12;0;0;43;14;8;0;0;66;7;8;27;21;40;40;38;32;19;101;11;25;192;31;17;43
50130;Chérencé-le-Héron;28;50;0;0;0;0;0;0;0;0;0;0;0;0;0;0;0;0;0;0;0;0;0;0;0;0;0;0;2;1;0;0;0;0;0;0;0;0;0
50131;Chérencé-le-Roussel;28;50;0;0;0;0;0;0;0;0;0;0;0;0;0;0;0;0;0;0;0;0;1;0;0;0;0;0;1;0;0;0;1;0;0;1;0;0;1
50135;Clitourps;28;50;0;0;0;0;0;0;0;0;0;0;0;0;0;0;0;0;0;0;0;0;0;0;0;0;0;2;0;0;0;0;0;0;0;0;0;0;0
50137;La Colombe;28;50;0;0;0;0;0;0;0;0;0;0;0;0;0;0;0;0;0;0;0;0;2;0;0;0;2;3;1;0;1;2;0;0;0;3;0;0;0
50138;Colomby;28;50;0;0;0;0;0;0;0;0;0;0;0;0;0;0;0;0;0;0;0;0;1;0;0;0;3;1;0;1;0;0;0;0;0;0;0;0;0
50139;Condé-sur-Vire;28;50;0;0;0;0;0;0;0;0;0;0;0;0;0;0;0;3;0;1;0;0;6;1;0;3;2;3;4;11;4;0;5;4;0;3;1;0;2
50140;Contrières;28;50;0;0;0;0;0;0;0;0;0;0;0;0;0;0;0;0;0;0;0;0;0;0;0;0;1;0;1;1;0;0;0;0;0;0;0;0;0
50142;Vicq-sur-Mer;28;50;0;0;0;0;0;0;0;0;0;0;0;0;0;0;0;0;0;0;0;0;2;0;0;0;1;3;3;1;2;0;1;0;0;1;0;0;0
50143;Coudeville-sur-Mer;28;50;0;0;0;0;0;0;0;0;0;0;0;0;0;0;0;0;0;0;0;0;1;0;0;0;1;0;3;0;0;0;0;0;0;2;0;0;0
50144;Coulouvray-Boisbenâtre;28;50;0;0;0;0;0;0;0;0;0;0;0;0;0;0;0;0;1;0;0;1;0;0;0;0;2;1;0;1;1;0;0;0;0;2;0;0;0
50145;Courcy;28;50;0;0;0;0;0;0;0;0;0;0;0;0;0;0;0;0;0;0;0;0;0;0;0;0;2;1;0;2;3;0;1;0;0;1;0;0;0
50146;Courtils;28;50;0;0;0;0;0;0;0;0;0;0;0;0;0;0;0;0;0;0;0;0;0;0;0;0;1;0;1;0;0;0;0;0;0;2;0;0;0
50147;Coutances;28;50;1;1;0;1;1;1;1;0;0;0;4;1;4;0;0;11;2;1;0;0;13;3;1;6;6;9;11;12;5;3;23;7;6;33;7;4;9
50148;Couvains;28;50;0;0;0;0;0;0;0;0;0;0;0;0;0;0;0;0;0;0;0;0;0;0;0;0;2;0;0;1;0;0;0;0;0;0;0;0;0
50149;Couville;28;50;0;0;0;0;0;0;0;0;0;0;0;0;0;0;0;0;0;0;0;0;1;0;0;0;0;0;1;1;1;1;0;0;0;1;0;0;0
50150;Crasville;28;50;0;0;0;0;0;0;0;0;0;0;0;0;0;0;0;0;0;0;0;0;0;0;0;0;0;0;0;1;0;0;0;0;0;0;0;0;0
50151;Créances;28;50;0;0;0;0;0;0;0;0;0;0;0;0;0;0;0;3;3;1;0;0;5;0;0;1;5;3;5;5;1;0;4;0;0;2;0;0;1
50152;Les Cresnays;28;50;0;0;0;0;0;0;0;0;0;0;0;0;0;0;0;0;0;0;0;0;0;0;0;0;1;0;1;0;0;0;0;0;0;0;0;0;0
50154;La Croix-Avranchin;28;50;0;0;0;0;0;0;0;0;0;0;0;0;0;0;0;0;0;0;0;0;0;0;0;0;1;0;2;1;0;0;0;0;0;1;0;0;0
50155;Crollon;28;50;0;0;0;0;0;0;0;0;0;0;0;0;0;0;0;0;0;0;0;0;1;0;0;0;0;0;0;0;0;0;0;0;0;0;0;0;0
50156;Crosville-sur-Douve;28;50;0;0;0;0;0;0;0;0;0;0;0;0;0;0;0;0;0;0;0;0;0;0;0;0;0;0;1;0;0;0;0;0;0;0;0;0;0
50158;Cuves;28;50;0;0;0;0;0;0;0;0;0;0;0;0;0;0;0;0;0;0;1;0;0;0;0;0;1;1;1;0;0;0;0;0;0;1;0;0;0
50159;Dangy;28;50;0;0;0;0;0;0;0;0;0;0;0;0;0;0;0;0;0;0;0;0;0;0;0;0;1;2;2;0;0;0;1;0;0;0;0;0;0
50160;Denneville;28;50;0;0;0;0;0;0;0;0;0;0;0;0;0;0;0;0;0;0;0;1;0;0;0;0;2;1;4;1;0;0;1;0;0;1;0;0;0
50161;Le Dézert;28;50;0;0;0;0;0;0;0;0;0;0;0;0;1;0;0;0;0;0;0;1;1;0;0;0;0;1;1;3;1;0;0;0;0;0;0;0;0
50162;Digosville;28;50;0;0;0;0;0;0;0;0;0;0;0;0;0;0;0;0;0;0;0;0;2;0;0;0;1;0;2;2;0;0;0;0;0;0;1;0;0
50163;Digulleville;28;50;0;0;0;0;0;0;0;0;0;0;0;0;0;0;0;0;0;0;0;0;1;0;0;0;0;1;2;1;3;0;0;0;0;0;0;1;0
50164;Domjean;28;50;0;0;0;0;0;0;0;0;0;0;0;0;0;0;0;0;0;0;1;0;1;0;0;0;1;2;1;2;0;0;1;0;0;1;0;0;1
50165;Donville-les-Bains;28;50;0;0;0;0;0;0;0;0;0;0;0;0;0;0;0;3;0;1;0;0;2;0;0;3;3;3;2;1;5;0;6;0;0;7;3;2;3
50166;Doville;28;50;0;0;0;0;0;0;0;0;0;0;0;0;0;0;0;0;0;0;0;0;0;0;0;0;0;0;1;0;0;0;0;0;0;0;0;0;0
50167;Dragey-Ronthon;28;50;0;0;0;0;0;0;0;0;0;0;0;0;0;0;0;0;0;0;0;0;1;0;0;0;1;1;0;1;0;0;1;2;0;3;0;0;0
50168;Ducey-Les Chéris;28;50;0;1;0;0;0;0;0;0;0;0;0;0;1;0;0;3;1;1;0;0;3;1;0;2;2;6;6;3;1;1;4;2;0;5;1;1;1
50169;Écausseville;28;50;0;0;0;0;0;0;0;0;0;0;0;0;0;0;0;0;0;0;0;0;0;0;0;0;0;0;0;0;0;0;0;0;0;0;0;0;0
50171;Éculleville;28;50;0;0;0;0;0;0;0;0;0;0;0;0;0;0;0;0;0;0;0;0;0;0;0;0;1;0;0;0;0;0;0;0;0;0;0;0;0
50172;Émondeville;28;50;0;0;0;0;0;0;0;0;0;0;0;0;0;0;0;0;0;0;0;0;0;0;0;0;0;1;0;1;1;0;0;0;0;1;0;0;0
50174;Équilly;28;50;0;0;0;0;0;0;0;0;0;0;0;0;0;0;0;0;0;0;0;0;0;0;0;0;0;0;0;0;0;0;0;0;0;0;0;0;0
50175;Éroudeville;28;50;0;0;0;0;0;0;0;0;0;0;0;0;0;0;0;0;0;0;0;0;2;0;0;0;0;0;0;0;1;0;0;0;0;1;0;0;0
50176;L'Étang-Bertrand;28;50;0;0;0;0;0;0;0;0;0;0;0;0;0;0;0;0;0;0;0;0;0;0;0;0;1;1;0;0;0;0;1;0;0;1;0;0;0
50177;Étienville;28;50;0;0;0;0;0;0;0;0;0;0;0;0;0;0;0;0;0;0;0;0;0;0;0;0;2;0;1;1;0;0;0;0;0;0;0;0;0
50178;Fermanville;28;50;0;0;0;0;0;0;0;0;0;0;0;0;0;0;0;0;2;0;0;1;1;0;0;0;0;0;1;2;1;0;0;0;0;2;0;0;1
50181;Feugères;28;50;0;0;0;0;0;0;0;0;0;0;0;0;0;0;0;0;0;0;1;0;0;0;0;0;0;0;0;1;0;0;0;0;0;0;0;0;0
50182;La Feuillie;28;50;0;0;0;0;0;0;0;0;0;0;0;0;0;0;0;0;0;0;0;0;0;0;0;0;1;1;1;1;0;0;0;0;0;0;0;0;0
50183;Fierville-les-Mines;28;50;0;0;0;0;0;0;0;0;0;0;0;0;0;0;0;0;0;0;0;0;0;0;0;0;0;0;2;1;0;0;1;0;0;2;0;0;0
50184;Flamanville;28;50;0;0;0;0;0;0;0;0;0;0;0;0;0;0;0;0;0;1;0;0;1;0;0;0;3;1;2;0;0;1;1;0;0;1;0;0;0
50185;Fleury;28;50;0;0;0;0;0;0;0;0;0;0;0;0;0;0;0;0;0;0;0;0;5;0;0;0;1;1;7;3;2;2;0;0;0;2;0;0;0
50186;Flottemanville;28;50;0;0;0;0;0;0;0;0;0;0;0;0;0;0;0;0;0;0;0;0;0;0;0;0;0;0;1;0;0;0;0;0;0;0;1;0;0
50187;Flottemanville-Hague;28;50;0;0;0;0;0;0;0;0;0;0;0;0;0;0;0;0;0;0;0;0;2;0;0;0;1;1;1;0;0;0;1;0;0;0;0;0;0
50188;Folligny;28;50;0;0;0;0;0;0;0;0;0;0;0;0;0;0;0;0;0;0;0;0;2;0;0;0;2;0;0;2;0;0;1;0;0;3;0;0;0
50190;Fontenay-sur-Mer;28;50;0;0;0;0;0;0;0;0;0;0;0;0;0;0;0;0;0;0;0;0;1;0;0;0;0;0;0;1;0;0;0;0;0;0;0;0;0
50192;Fourneaux;28;50;0;0;0;0;0;0;0;0;0;0;0;0;0;0;0;0;0;0;0;0;0;0;0;0;0;0;0;0;0;0;0;0;0;0;0;0;0
50193;Le Fresne-Poret;28;50;0;0;0;0;0;0;0;0;0;0;0;0;0;0;0;0;0;0;0;0;0;0;0;0;0;0;1;0;0;0;1;0;0;1;0;0;0
50194;Fresville;28;50;0;0;0;0;0;0;0;0;0;0;0;0;0;0;0;0;0;0;0;0;0;0;0;0;1;0;0;0;0;0;0;0;0;0;0;0;0
50195;Gathemo;28;50;0;0;0;0;0;0;0;0;0;0;0;0;0;0;0;0;0;0;0;0;1;0;0;0;0;0;2;0;0;0;1;0;0;2;2;0;0
50196;Gatteville-le-Phare;28;50;0;0;0;0;0;0;0;0;0;0;0;0;0;0;0;0;0;0;0;0;0;0;0;0;0;0;0;1;0;0;0;0;0;0;0;0;0
50197;Gavray;28;50;0;1;0;0;0;0;0;0;0;0;0;0;1;0;0;3;0;1;0;0;4;0;0;2;0;3;2;6;0;0;3;3;0;4;1;1;1
50198;Geffosses;28;50;0;0;0;0;0;0;0;0;0;0;0;0;0;0;0;0;0;0;0;1;0;0;0;0;2;1;0;2;0;0;0;0;0;2;1;0;0
50199;Genêts;28;50;0;0;0;0;0;0;0;0;0;0;0;0;0;0;0;0;0;0;0;1;2;0;0;0;0;0;1;0;0;0;1;0;0;4;0;0;0
50200;Ger;28;50;0;0;0;0;0;0;0;0;0;0;0;0;0;0;0;0;0;1;0;0;2;0;0;0;3;2;2;0;0;0;1;0;0;5;0;0;0
50205;La Godefroy;28;50;0;0;0;0;0;0;0;0;0;0;0;0;0;0;0;0;0;0;0;0;0;0;0;0;0;0;0;0;0;0;0;0;0;0;0;0;0
50206;La Gohannière;28;50;0;0;0;0;0;0;0;0;0;0;0;0;0;0;0;0;0;0;0;0;0;0;0;0;0;0;0;0;0;0;0;0;0;0;0;0;0
50207;Golleville;28;50;0;0;0;0;0;0;0;0;0;0;0;0;0;0;0;0;0;0;0;0;0;0;0;0;1;0;1;0;0;0;0;0;0;0;0;0;0
50208;Gonfreville;28;50;0;0;0;0;0;0;0;0;0;0;0;0;0;0;0;0;0;0;0;0;0;0;0;0;0;0;0;0;0;0;0;0;0;1;0;0;0
50209;Gonneville-Le Theil;28;50;0;0;0;0;0;0;0;0;0;0;0;0;0;0;0;0;0;0;1;0;0;0;0;1;0;1;5;0;1;0;3;0;0;1;0;0;0
50210;Gorges;28;50;0;0;0;0;0;0;0;0;0;0;0;0;0;0;0;0;0;0;0;0;1;0;0;0;0;0;0;0;0;0;0;0;0;1;0;0;0
50214;Gouvets;28;50;0;0;0;0;0;0;0;0;0;0;0;0;0;0;0;0;1;0;0;0;0;0;0;0;1;2;2;0;0;0;0;0;0;1;1;0;0
50215;Gouville sur Mer;28;50;0;0;0;0;0;0;0;0;0;0;0;0;1;0;0;3;0;1;0;0;3;0;0;0;5;5;3;2;1;0;3;0;0;4;1;0;1
50216;Graignes-Mesnil-Angot;28;50;0;0;0;0;0;0;0;0;0;0;0;0;0;0;0;0;0;0;0;0;0;0;0;0;1;0;1;1;0;0;0;0;0;2;1;0;0
50217;Le Grand-Celland;28;50;0;0;0;0;0;0;0;0;0;0;0;0;0;0;0;0;0;0;0;0;1;0;0;0;0;0;2;1;0;0;0;0;0;0;0;0;0
50218;Granville;28;50;1;1;0;0;0;0;0;0;0;0;2;1;2;0;0;13;2;2;0;0;10;3;1;6;3;11;12;12;9;8;22;3;6;61;16;5;10
50219;Gratot;28;50;0;0;0;0;0;0;0;0;0;0;0;0;0;0;0;0;0;2;0;0;1;0;0;0;1;1;3;1;0;0;1;0;0;2;0;0;0
50220;Gréville-Hague;28;50;0;0;0;0;0;0;0;0;0;0;0;0;0;0;0;0;0;0;0;0;1;0;0;0;1;1;1;0;0;0;0;0;0;0;0;0;0
50221;Grimesnil;28;50;0;0;0;0;0;0;0;0;0;0;0;0;0;0;0;0;0;0;0;0;1;0;0;0;0;0;0;0;0;0;0;0;0;1;0;0;0
50222;Grosville;28;50;0;0;0;0;0;0;0;0;0;0;0;0;0;0;0;0;0;0;0;1;0;0;0;0;0;0;1;0;0;0;2;0;0;0;0;0;0
50223;Guéhébert;28;50;0;0;0;0;0;0;0;0;0;0;0;0;0;0;0;0;0;0;0;0;0;0;0;0;0;0;0;0;0;0;0;0;0;0;0;0;0
50225;Le Guislain;28;50;0;0;0;0;0;0;0;0;0;0;0;0;0;0;0;0;0;0;0;0;0;0;0;0;0;0;0;0;0;0;0;0;0;0;1;0;0
50227;Le Ham;28;50;0;0;0;0;0;0;0;0;0;0;0;0;0;0;0;0;0;0;0;0;0;0;0;0;1;0;0;0;0;0;1;0;0;0;0;0;0
50228;Hambye;28;50;0;0;0;0;0;0;0;0;0;0;0;0;1;0;0;0;1;1;0;0;3;0;0;0;1;2;6;5;1;0;2;0;0;2;1;0;0
50229;Hamelin;28;50;0;0;0;0;0;0;0;0;0;0;0;0;0;0;0;0;0;0;0;0;0;0;0;0;0;1;0;1;0;0;0;0;0;0;0;0;0
50230;Hardinvast;28;50;0;0;0;0;0;0;0;0;0;0;0;0;0;0;0;0;0;0;0;0;1;0;0;0;0;0;1;0;0;0;0;0;0;0;0;0;1
50231;Hauteville-sur-Mer;28;50;0;0;0;0;0;0;0;0;0;0;0;0;1;0;0;0;0;0;0;0;1;0;0;0;1;0;2;2;1;0;1;0;0;6;2;1;0
50232;Hauteville-la-Guichard;28;50;0;0;0;0;0;0;0;0;0;0;0;0;0;0;0;0;0;0;0;0;1;0;0;0;1;0;2;1;0;0;1;0;0;0;0;0;0
50233;Hautteville-Bocage;28;50;0;0;0;0;0;0;0;0;0;0;0;0;0;0;0;0;0;0;0;0;0;0;0;0;0;0;1;0;0;0;0;0;0;0;0;0;0
50234;La Haye-Bellefond;28;50;0;0;0;0;0;0;0;0;0;0;0;0;0;0;0;0;0;0;0;0;0;0;0;0;0;0;0;0;0;0;0;0;0;0;0;0;0
50235;La Haye-d'Ectot;28;50;0;0;0;0;0;0;0;0;0;0;0;0;0;0;0;0;0;0;0;0;1;0;0;0;0;0;0;1;1;0;1;0;0;0;0;0;0
50236;La Haye;28;50;0;1;0;0;0;0;0;0;0;0;1;0;3;0;0;7;5;1;0;0;12;2;0;1;8;5;10;13;7;0;11;2;0;12;5;1;3
50237;La Haye-Pesnel;28;50;0;1;0;0;0;0;0;0;0;0;0;0;0;0;0;2;0;1;0;0;7;1;0;1;2;2;4;6;1;0;4;1;0;5;1;0;1
50238;Héauville;28;50;0;0;0;0;0;0;0;0;0;0;0;0;0;0;0;0;0;0;0;0;0;0;0;0;0;0;0;0;0;0;0;0;0;0;0;0;0
50239;Thèreval;28;50;0;0;0;0;0;0;0;0;0;0;0;0;0;0;0;0;0;0;1;0;3;0;0;0;0;6;2;3;3;1;2;1;0;1;1;0;2
50240;Helleville;28;50;0;0;0;0;0;0;0;0;0;0;0;0;0;0;0;0;0;0;0;0;1;0;0;0;0;0;0;0;1;0;0;0;0;0;0;0;0
50241;Hémevez;28;50;0;0;0;0;0;0;0;0;0;0;0;0;0;0;0;0;0;0;0;0;0;0;0;0;0;0;2;0;0;0;0;0;0;0;0;0;0
50242;Herqueville;28;50;0;0;0;0;0;0;0;0;0;0;0;0;0;0;0;0;0;0;0;0;1;0;0;0;0;0;0;0;0;0;0;0;0;0;0;0;0
50243;Heugueville-sur-Sienne;28;50;0;0;0;0;0;0;0;0;0;0;0;0;0;0;0;0;0;0;0;0;0;0;0;0;2;1;1;1;0;0;0;0;0;2;0;0;0
50244;Hérenguerville;28;50;0;0;0;0;0;0;0;0;0;0;0;0;0;0;0;0;0;0;0;0;0;0;0;0;0;1;1;0;1;0;0;0;0;0;0;0;0
50246;Hiesville;28;50;0;0;0;0;0;0;0;0;0;0;0;0;0;0;0;0;0;0;0;0;0;0;0;0;0;0;0;0;0;0;0;0;0;0;0;0;0
50247;Hocquigny;28;50;0;0;0;0;0;0;0;0;0;0;0;0;0;0;0;0;0;0;0;0;1;0;0;0;0;1;0;0;0;0;0;0;0;0;0;0;0
50248;Le Hommet-d'Arthenay;28;50;0;0;0;0;0;0;0;0;0;0;0;0;0;0;0;0;0;0;0;0;0;0;0;0;1;0;0;0;0;0;0;0;0;2;0;0;0
50251;Huberville;28;50;0;0;0;0;0;0;0;0;0;0;0;0;0;0;0;0;0;0;0;0;0;0;0;0;0;0;0;0;0;0;1;0;0;0;0;0;0
50252;Hudimesnil;28;50;0;0;0;0;0;0;0;0;0;0;0;0;0;0;0;0;0;0;0;0;0;0;0;0;1;1;4;1;0;0;2;0;0;1;0;0;0
50253;Huisnes-sur-Mer;28;50;0;0;0;0;0;0;0;0;0;0;0;0;0;0;0;0;0;0;0;0;0;0;0;0;0;0;0;1;0;0;0;0;0;2;0;0;0
50256;Isigny-le-Buat;28;50;0;1;0;0;0;0;0;0;0;0;0;0;0;0;0;1;0;1;0;0;8;0;1;1;5;7;8;6;1;1;5;1;0;6;0;0;0
50257;Jobourg;28;50;0;0;0;0;0;0;0;0;0;0;0;0;0;0;0;0;0;0;0;0;0;0;0;0;0;0;1;0;0;0;1;0;0;4;0;0;0
50258;Joganville;28;50;0;0;0;0;0;0;0;0;0;0;0;0;0;0;0;0;0;0;0;0;0;0;0;0;0;0;1;1;0;0;0;0;0;0;0;0;0
50259;Juilley;28;50;0;0;0;0;0;0;0;0;0;0;0;0;0;0;0;0;0;0;0;0;2;0;0;0;3;0;2;0;1;0;0;0;0;0;0;0;0
50260;Juvigny-le-Tertre;28;50;0;0;0;0;0;0;0;0;0;0;0;0;1;0;0;0;0;0;0;1;2;0;0;0;1;1;4;2;0;0;1;1;0;2;0;0;0
50261;Lamberville;28;50;0;0;0;0;0;0;0;0;0;0;0;0;0;0;0;0;0;0;0;0;0;0;0;0;0;0;0;0;0;0;0;0;0;0;0;0;0
50262;La Lande-d'Airou;28;50;0;0;0;0;0;0;0;0;0;0;0;0;0;0;0;0;0;0;0;0;3;0;0;0;2;2;1;0;0;0;0;0;0;1;0;0;1
50263;Lapenty;28;50;0;0;0;0;0;0;0;0;0;0;0;0;0;0;0;0;0;0;0;0;0;0;0;0;0;1;0;0;0;0;0;0;0;2;0;0;0
50265;Laulne;28;50;0;0;0;0;0;0;0;0;0;0;0;0;0;0;0;0;0;0;0;0;0;0;0;0;0;2;1;1;0;0;0;0;0;0;0;0;0
50266;Lengronne;28;50;0;0;0;0;0;0;0;0;0;0;0;0;0;0;0;0;0;0;0;0;0;0;0;0;1;0;1;1;0;0;0;0;0;0;0;0;0
50267;Lessay;28;50;0;1;0;0;0;0;0;0;0;0;0;0;1;0;0;1;0;1;0;0;9;1;0;2;2;2;4;4;4;3;3;2;2;4;2;2;2
50268;Lestre;28;50;0;0;0;0;0;0;0;0;0;0;0;0;0;0;0;0;0;0;0;0;0;0;0;0;0;0;0;0;0;0;0;0;0;0;0;0;0
50269;Liesville-sur-Douve;28;50;0;0;0;0;0;0;0;0;0;0;0;0;0;0;0;0;0;0;0;0;0;0;0;0;0;1;0;0;0;0;0;0;0;2;0;0;0
50270;Lieusaint;28;50;0;0;0;0;0;0;0;0;0;0;0;0;0;0;0;0;0;0;0;0;1;0;0;0;2;0;3;0;1;0;1;0;0;0;0;0;0
50271;Lingeard;28;50;0;0;0;0;0;0;0;0;0;0;0;0;0;0;0;0;0;0;0;0;0;0;0;0;0;0;0;0;0;0;0;0;0;0;0;0;0
50272;Lingreville;28;50;0;0;0;0;0;0;0;0;0;0;0;0;0;0;0;0;0;1;0;0;5;0;0;1;0;2;0;2;0;0;1;0;0;0;0;0;0
50273;Montsenelle;28;50;0;0;0;0;0;0;0;0;0;0;0;0;0;0;0;0;0;0;1;0;2;0;0;1;4;1;1;4;1;0;1;0;0;1;0;0;0
50274;Les Loges-Marchis;28;50;0;0;0;0;0;0;0;0;0;0;0;0;0;0;0;0;0;0;0;0;0;0;0;0;1;3;4;1;1;0;1;0;0;1;1;3;0
50275;Les Loges-sur-Brécey;28;50;0;0;0;0;0;0;0;0;0;0;0;0;0;0;0;0;0;0;0;0;0;0;0;0;2;0;0;0;0;0;0;0;0;0;0;0;0
50276;Lolif;28;50;0;0;0;0;0;0;0;0;0;0;0;0;0;0;0;0;0;0;0;0;1;0;0;0;1;2;2;0;0;0;0;0;0;1;0;0;0
50277;Longueville;28;50;0;0;0;0;0;0;0;0;0;0;0;0;0;0;0;0;1;0;0;0;0;0;0;0;1;0;4;2;1;0;0;0;0;0;2;0;1
50278;Le Loreur;28;50;0;0;0;0;0;0;0;0;0;0;0;0;0;0;0;0;0;0;0;0;0;0;0;0;0;2;0;0;0;0;0;0;0;0;0;0;0
50279;Le Lorey;28;50;0;0;0;0;0;0;0;0;0;0;0;0;0;0;0;0;0;0;0;0;1;0;0;0;1;0;3;0;0;0;0;0;0;1;1;0;0
50281;La Lucerne-d'Outremer;28;50;0;0;0;0;0;0;0;0;0;0;0;0;0;0;0;1;2;0;0;0;2;0;0;0;0;0;2;1;2;0;1;0;0;1;0;0;0
50282;Le Luot;28;50;0;0;0;0;0;0;0;0;0;0;0;0;0;0;0;0;0;0;0;0;0;0;0;0;1;0;1;0;0;0;0;0;0;0;0;0;0
50283;La Luzerne;28;50;0;0;0;0;0;0;0;0;0;0;0;0;0;0;0;0;0;0;0;0;0;0;0;0;0;0;0;0;0;0;0;0;0;0;0;0;0
50285;Magneville;28;50;0;0;0;0;0;0;0;0;0;0;0;0;0;0;0;0;0;0;0;0;0;0;0;0;1;0;0;0;0;0;0;0;0;0;0;0;0
50288;Marcey-les-Grèves;28;50;0;0;0;0;0;0;0;0;0;0;0;0;0;0;0;0;0;0;0;0;5;0;0;0;3;3;1;6;4;0;3;0;0;1;0;0;0
50289;Marchésieux;28;50;0;0;0;0;0;0;0;0;0;0;0;0;0;0;0;0;0;0;0;0;0;0;0;0;0;1;1;0;0;0;0;0;0;1;1;0;0
50290;Marcilly;28;50;0;0;0;0;0;0;0;0;0;0;0;0;0;0;0;0;0;0;0;0;0;0;0;0;0;0;1;1;0;0;0;0;0;0;0;0;0
50291;Margueray;28;50;0;0;0;0;0;0;0;0;0;0;0;0;0;0;0;0;0;0;0;0;1;0;0;0;0;0;1;0;0;0;0;0;0;0;0;0;0
50292;Marigny-Le-Lozon;28;50;0;1;0;0;0;0;0;0;0;0;1;0;1;0;0;3;2;1;0;0;3;1;0;1;0;5;3;2;3;1;4;4;0;5;1;0;1
50294;Martinvast;28;50;0;0;0;0;0;0;0;0;0;0;0;0;0;0;0;0;1;0;0;1;3;1;0;1;1;1;2;6;0;1;1;0;0;1;0;0;3
50295;Maupertuis;28;50;0;0;0;0;0;0;0;0;0;0;0;0;0;0;0;0;0;0;0;0;0;0;0;0;0;0;0;0;1;0;0;0;0;0;0;0;0
50296;Maupertus-sur-Mer;28;50;0;0;0;0;0;0;0;0;0;0;0;0;0;0;0;0;0;0;0;0;0;0;0;0;0;0;0;0;0;0;0;0;0;2;0;0;0
50297;La Meauffe;28;50;0;0;0;0;0;0;0;0;0;0;0;0;0;0;0;0;0;0;0;0;0;0;0;0;2;1;2;2;1;0;0;0;0;0;0;1;0
50298;Méautis;28;50;0;0;0;0;0;0;0;0;0;0;0;0;0;0;0;0;0;0;0;0;0;0;0;0;0;2;2;1;0;0;0;0;0;0;0;0;0
50299;Le Mesnil;28;50;0;0;0;0;0;0;0;0;0;0;0;0;0;0;0;0;0;0;0;0;0;0;0;0;0;0;0;0;1;0;0;0;0;0;0;0;0
50300;Le Mesnil-Adelée;28;50;0;0;0;0;0;0;0;0;0;0;0;0;0;0;0;0;0;0;0;0;0;0;0;0;1;1;0;0;0;0;1;0;0;0;0;0;0
50301;Le Mesnil-Amand;28;50;0;0;0;0;0;0;0;0;0;0;0;0;0;0;0;0;0;0;0;0;0;0;0;0;0;0;0;0;0;0;0;0;0;0;0;0;0
50302;Le Mesnil-Amey;28;50;0;0;0;0;0;0;0;0;0;0;0;0;0;0;0;0;0;0;0;0;0;0;0;0;0;0;0;0;0;0;0;0;0;1;0;0;0
50304;Le Mesnil-Aubert;28;50;0;0;0;0;0;0;0;0;0;0;0;0;0;0;0;0;0;0;0;0;0;0;0;0;0;0;0;0;0;0;0;0;0;0;0;0;0
50305;Le Mesnil-au-Val;28;50;0;0;0;0;0;0;0;0;0;0;0;0;0;0;0;0;0;0;0;0;1;0;0;0;1;1;1;2;1;0;1;0;0;0;0;0;0
50308;Le Mesnilbus;28;50;0;0;0;0;0;0;0;0;0;0;0;0;0;0;0;0;0;0;0;0;0;0;0;0;0;0;1;0;0;0;0;0;0;1;0;0;0
50310;Le Mesnil-Eury;28;50;0;0;0;0;0;0;0;0;0;0;0;0;0;0;0;0;0;0;0;0;0;0;0;0;0;0;0;0;0;0;0;0;0;0;0;0;0
50311;Le Mesnil-Garnier;28;50;0;0;0;0;0;0;0;0;0;0;0;0;1;0;0;1;0;0;0;0;0;0;0;0;0;0;0;0;0;0;0;0;0;0;0;0;0
50312;Le Mesnil-Gilbert;28;50;0;0;0;0;0;0;0;0;0;0;0;0;0;0;0;0;0;0;0;0;0;0;0;0;0;0;0;1;0;0;0;0;0;0;0;0;0
50313;Le Mesnil-Herman;28;50;0;0;0;0;0;0;0;0;0;0;0;0;0;0;0;0;0;0;0;0;1;0;0;0;0;0;0;0;0;0;0;0;0;0;0;0;0
50315;Le Mesnillard;28;50;0;0;0;0;0;0;0;0;0;0;0;0;0;0;0;0;0;0;0;0;0;0;0;0;1;0;0;0;0;0;0;0;0;0;0;0;0
50317;Le Mesnil-Ozenne;28;50;0;0;0;0;0;0;0;0;0;0;0;0;0;0;0;0;0;0;0;0;0;0;0;0;0;1;0;0;1;0;0;0;0;0;0;0;0
50318;Le Mesnil-Rainfray;28;50;0;0;0;0;0;0;0;0;0;0;0;0;0;0;0;0;0;0;0;0;1;0;0;0;0;0;0;0;0;0;0;0;0;0;0;0;0
50320;Le Mesnil-Rogues;28;50;0;0;0;0;0;0;0;0;0;0;0;0;0;0;0;0;0;0;0;0;0;0;0;0;0;0;1;0;1;0;0;0;0;1;0;0;0
50321;Le Mesnil-Rouxelin;28;50;0;0;0;0;0;0;0;0;0;0;0;0;0;0;0;0;0;0;0;0;0;0;0;0;0;0;2;1;0;0;0;0;0;0;0;0;0
50323;Le Mesnil-Tôve;28;50;0;0;0;0;0;0;0;0;0;0;0;0;0;0;0;0;0;0;0;0;0;0;0;0;0;0;0;0;0;0;0;0;0;0;0;0;0
50324;Le Mesnil-Véneron;28;50;0;0;0;0;0;0;0;0;0;0;0;0;0;0;0;0;0;0;0;0;0;0;0;0;0;0;0;0;0;0;0;0;0;0;0;0;0
50325;Le Mesnil-Vigot;28;50;0;0;0;0;0;0;0;0;0;0;0;0;0;0;0;0;0;0;0;0;2;0;0;0;0;0;1;1;1;0;0;0;0;1;0;0;0
50326;Le Mesnil-Villeman;28;50;0;0;0;0;0;0;0;0;0;0;0;0;0;0;0;0;0;0;0;0;0;0;0;0;0;1;0;0;0;0;0;0;0;0;0;0;1
50327;La Meurdraquière;28;50;0;0;0;0;0;0;0;0;0;0;0;0;0;0;0;0;0;0;0;0;0;0;0;0;0;0;0;0;0;0;0;0;0;0;0;0;0
50328;Millières;28;50;0;0;0;0;0;0;0;0;0;0;0;0;0;0;0;0;0;0;0;0;0;0;0;0;2;0;2;0;1;0;0;0;0;0;0;0;1
50332;Les Moitiers-d'Allonne;28;50;0;0;0;0;0;0;0;0;0;0;0;0;0;0;0;0;0;0;0;0;1;0;0;0;1;0;1;0;0;0;0;0;0;1;0;0;0
50333;Les Moitiers-en-Bauptois;28;50;0;0;0;0;0;0;0;0;0;0;0;0;0;0;0;0;0;0;0;0;2;0;0;0;0;1;0;1;0;0;0;0;0;1;0;0;0
50334;Montabot;28;50;0;0;0;0;0;0;0;0;0;0;0;0;0;0;0;0;0;0;0;0;0;0;0;0;0;0;2;0;0;0;0;0;0;0;0;0;0
50335;Montaigu-la-Brisette;28;50;0;0;0;0;0;0;0;0;0;0;0;0;0;0;0;0;0;0;0;0;0;0;0;0;2;0;1;0;0;0;1;0;0;0;0;0;0
50336;Montaigu-les-Bois;28;50;0;0;0;0;0;0;0;0;0;0;0;0;0;0;0;0;0;0;0;0;0;0;0;0;1;1;1;1;1;0;0;0;0;0;0;0;0
50337;Montanel;28;50;0;0;0;0;0;0;0;0;0;0;0;0;0;0;0;0;0;0;0;0;1;0;0;0;0;0;1;1;0;0;0;0;0;0;0;0;0
50338;Montbray;28;50;0;0;0;0;0;0;0;0;0;0;0;0;0;0;0;1;1;0;0;0;1;0;0;0;0;1;0;0;0;0;0;0;0;0;1;0;0
50340;Montcuit;28;50;0;0;0;0;0;0;0;0;0;0;0;0;0;0;0;0;0;0;0;0;0;0;0;0;0;0;1;0;0;0;0;0;0;0;0;0;0
50341;Montebourg;28;50;0;1;0;0;0;0;0;0;0;0;1;0;0;0;0;4;1;1;0;0;5;0;0;1;2;1;5;3;1;0;3;1;0;3;2;0;2
50342;Montfarville;28;50;0;0;0;0;0;0;0;0;0;0;0;0;0;0;0;0;0;0;0;1;0;0;0;0;1;0;3;1;0;0;1;0;0;1;0;0;0
50345;Monthuchon;28;50;0;0;0;0;0;0;0;0;0;0;0;0;0;0;0;0;0;0;0;0;1;0;0;0;0;0;2;0;1;0;0;0;0;1;0;0;0
50347;Montjoie-Saint-Martin;28;50;0;0;0;0;0;0;0;0;0;0;0;0;0;0;0;0;0;0;0;0;0;0;0;0;0;0;0;1;0;0;0;0;0;0;0;0;0
50348;Montmartin-en-Graignes;28;50;0;0;0;0;0;0;0;0;0;0;0;0;0;0;0;0;0;0;1;0;1;0;0;0;1;0;1;3;0;0;1;0;0;3;0;0;0
50349;Montmartin-sur-Mer;28;50;0;1;0;0;0;0;0;0;0;0;0;0;0;0;0;1;0;1;0;0;4;0;0;1;0;1;5;1;1;0;3;0;0;1;4;0;1
50350;Montpinchon;28;50;0;0;0;0;0;0;0;0;0;0;0;0;0;0;0;0;0;0;0;0;1;0;0;0;0;2;0;0;1;0;0;0;0;0;0;0;0
50351;Montrabot;28;50;0;0;0;0;0;0;0;0;0;0;0;0;0;0;0;0;0;0;0;0;0;0;0;0;0;0;0;0;0;0;0;0;0;0;0;0;0
50352;Montreuil-sur-Lozon;28;50;0;0;0;0;0;0;0;0;0;0;0;0;0;0;0;0;0;0;0;0;0;0;0;0;1;0;1;0;0;1;0;0;0;0;0;0;1
50353;Le Mont-Saint-Michel;28;50;0;0;0;0;0;0;0;0;0;0;0;0;0;0;0;0;0;1;0;0;0;0;0;0;0;0;0;0;0;0;0;0;0;9;0;0;0
50354;Montsurvent;28;50;0;0;0;0;0;0;0;0;0;0;0;0;0;0;0;0;0;0;0;0;1;0;0;0;0;0;1;1;0;1;0;0;0;1;0;0;0
50356;Moon-sur-Elle;28;50;0;0;0;0;0;0;0;0;0;0;0;0;0;0;0;0;0;0;0;0;1;0;0;0;1;0;0;1;0;0;1;0;0;0;0;0;0
50357;Morigny;28;50;0;0;0;0;0;0;0;0;0;0;0;0;0;0;0;0;0;0;0;0;0;0;0;0;0;0;0;3;0;0;0;0;0;0;0;0;0
50358;Morsalines;28;50;0;0;0;0;0;0;0;0;0;0;0;0;0;0;0;0;0;0;0;0;0;0;0;0;0;0;0;1;0;0;0;0;0;0;0;0;0
50359;Mortain-Bocage;28;50;0;1;0;0;0;0;0;0;0;0;2;0;1;0;0;6;1;1;0;1;3;1;0;1;4;2;5;3;3;0;4;2;0;3;4;0;3
50360;Morville;28;50;0;0;0;0;0;0;0;0;0;0;0;0;0;0;0;0;0;0;0;0;0;0;0;0;2;0;0;0;0;0;0;0;0;0;0;0;0
50361;La Mouche;28;50;0;0;0;0;0;0;0;0;0;0;0;0;0;0;0;0;0;0;0;0;0;0;0;0;1;1;3;0;1;0;0;0;0;0;0;0;0
50362;Moulines;28;50;0;0;0;0;0;0;0;0;0;0;0;0;0;0;0;1;0;0;0;0;2;0;0;0;0;1;1;2;0;0;0;0;0;0;0;0;0
50363;Moyon Villages;28;50;0;0;0;0;0;0;0;0;0;0;0;0;1;0;0;2;0;0;0;1;1;0;0;0;0;3;8;2;2;1;1;0;0;2;0;0;0
50364;Muneville-le-Bingard;28;50;0;0;0;0;0;0;0;0;0;0;0;0;0;0;0;0;0;0;1;0;2;0;0;0;0;0;3;1;0;0;3;0;0;1;0;0;0
50365;Muneville-sur-Mer;28;50;0;0;0;0;0;0;0;0;0;0;0;0;0;0;0;0;0;0;0;0;1;0;0;0;1;0;2;0;0;0;0;0;0;0;0;0;0
50368;Nay;28;50;0;0;0;0;0;0;0;0;0;0;0;0;0;0;0;0;0;0;0;0;0;0;0;0;0;0;3;0;1;0;0;0;0;0;0;0;0
50369;Négreville;28;50;0;0;0;0;0;0;0;0;0;0;0;0;0;0;0;0;0;0;1;0;2;0;0;0;1;0;4;1;0;0;0;0;0;0;0;0;1
50370;Néhou;28;50;0;0;0;0;0;0;0;0;0;0;0;0;0;0;0;0;0;0;0;0;2;0;0;0;1;2;1;0;0;0;0;0;0;2;0;0;0
50371;Le Neufbourg;28;50;0;0;0;0;0;0;0;0;0;0;0;0;0;0;0;0;1;0;0;0;3;0;0;0;1;1;1;0;0;0;0;0;0;3;0;0;0
50372;Neufmesnil;28;50;0;0;0;0;0;0;0;0;0;0;0;0;0;0;0;0;0;0;0;0;0;0;0;0;0;1;1;0;0;0;1;0;0;1;0;0;0
50373;Neuville-au-Plain;28;50;0;0;0;0;0;0;0;0;0;0;0;0;0;0;0;0;0;0;0;0;0;0;0;0;0;0;0;0;1;0;0;0;0;0;0;0;0
50374;Neuville-en-Beaumont;28;50;0;0;0;0;0;0;0;0;0;0;0;0;0;0;0;0;0;0;0;0;0;0;0;0;0;0;0;0;0;0;0;0;0;0;0;0;0
50376;Nicorps;28;50;0;0;0;0;0;0;0;0;0;0;0;0;0;0;0;0;0;0;0;0;0;0;0;0;2;2;0;0;0;0;1;0;0;1;0;0;0
50378;Notre-Dame-de-Cenilly;28;50;0;0;0;0;0;0;0;0;0;0;0;0;0;0;0;1;0;0;1;0;1;0;0;0;1;0;3;0;1;0;1;0;0;0;0;0;0
50379;Notre-Dame-de-Livoye;28;50;0;0;0;0;0;0;0;0;0;0;0;0;0;0;0;0;0;0;0;0;0;0;0;0;0;0;0;0;0;0;0;0;0;0;0;0;0
50382;Nouainville;28;50;0;0;0;0;0;0;0;0;0;0;0;0;0;0;0;0;0;0;0;0;0;0;0;0;0;0;0;0;0;0;0;0;0;1;0;0;0
50384;Octeville-l'Avenel;28;50;0;0;0;0;0;0;0;0;0;0;0;0;0;0;0;0;0;0;0;0;0;0;0;0;1;0;0;1;0;0;2;0;0;0;1;0;0
50385;Omonville-la-Petite;28;50;0;0;0;0;0;0;0;0;0;0;0;0;0;0;0;0;0;0;0;0;0;0;0;0;0;0;0;0;0;0;0;0;0;0;0;0;0
50386;Omonville-la-Rogue;28;50;0;0;0;0;0;0;0;0;0;0;0;0;0;0;0;0;0;0;0;0;0;0;0;0;0;0;0;0;0;0;0;0;0;3;0;0;0
50387;Orglandes;28;50;0;0;0;0;0;0;0;0;0;0;0;0;0;0;0;0;0;0;1;0;1;0;0;0;0;0;2;3;0;0;0;0;0;0;0;0;0
50388;Orval sur Sienne;28;50;0;0;0;0;0;0;0;0;0;0;0;0;0;0;0;0;0;0;0;1;4;0;0;0;1;1;2;2;1;0;1;0;0;1;0;0;1
50389;Ouville;28;50;0;0;0;0;0;0;0;0;0;0;0;0;0;0;0;0;0;0;0;0;1;0;0;0;0;3;1;2;0;0;1;0;0;2;0;0;0
50390;Ozeville;28;50;0;0;0;0;0;0;0;0;0;0;0;0;0;0;0;0;0;0;0;0;0;0;0;0;1;1;0;0;0;0;0;0;0;0;1;0;0
50391;Grandparigny;28;50;0;0;0;0;0;0;0;0;0;0;0;0;0;0;0;0;0;0;1;0;3;2;0;0;2;2;5;5;3;0;2;1;0;2;0;0;1
50393;Percy-en-Normandie;28;50;0;1;0;0;0;0;0;0;0;0;0;0;0;0;0;2;2;1;0;0;10;0;0;1;3;4;6;9;3;1;3;7;0;2;0;0;3
50394;Périers;28;50;0;1;0;0;0;0;0;0;0;0;1;0;0;0;0;4;1;1;0;0;9;1;0;2;5;3;4;3;1;1;5;3;0;8;3;1;3
50395;La Pernelle;28;50;0;0;0;0;0;0;0;0;0;0;0;0;0;0;0;0;0;0;0;0;1;0;0;0;0;0;0;0;0;0;0;0;0;1;0;0;0
50397;Perriers-en-Beauficel;28;50;0;0;0;0;0;0;0;0;0;0;0;0;0;0;0;0;0;0;0;0;0;0;0;0;1;0;0;0;0;0;0;0;0;0;0;0;0
50398;Le Perron;28;50;0;0;0;0;0;0;0;0;0;0;0;0;0;0;0;0;0;0;0;0;0;0;0;0;0;0;2;1;0;0;0;0;0;0;0;0;0
50399;Le Petit-Celland;28;50;0;0;0;0;0;0;0;0;0;0;0;0;0;0;0;0;0;0;0;0;0;0;0;0;0;0;1;0;0;0;0;0;0;0;0;0;0
50400;Picauville;28;50;0;0;0;0;0;0;0;0;0;0;0;0;0;0;0;2;1;1;0;0;5;0;0;1;3;2;7;7;1;0;4;2;0;2;0;0;1
50401;Pierreville;28;50;0;0;0;0;0;0;0;0;0;0;0;0;0;0;0;0;0;0;0;0;0;0;0;0;2;0;3;1;0;0;1;0;0;0;0;0;1
50402;Les Pieux;28;50;0;1;0;0;0;0;0;0;0;0;1;0;1;0;0;7;1;1;0;0;9;1;0;2;4;1;3;1;2;0;4;3;5;10;2;2;4
50403;Pirou;28;50;0;0;0;0;0;0;0;0;0;0;0;0;0;0;0;0;0;0;0;1;1;0;0;0;1;2;0;0;3;0;2;0;0;9;0;0;1
50404;Placy-Montaigu;28;50;0;0;0;0;0;0;0;0;0;0;0;0;0;0;0;0;0;0;0;0;1;0;0;0;1;0;1;0;0;0;0;0;0;0;0;0;0
50405;Le Plessis-Lastelle;28;50;0;0;0;0;0;0;0;0;0;0;0;0;0;0;0;0;0;0;0;0;0;0;0;0;0;0;0;0;1;0;0;0;0;0;0;0;0
50407;Poilley;28;50;0;0;0;0;0;0;0;0;0;0;0;0;0;0;0;0;0;0;0;0;3;1;0;0;1;2;2;0;3;0;0;0;0;2;0;0;0
50408;Pontaubault;28;50;0;0;0;0;0;0;0;0;0;0;0;0;0;0;0;0;0;0;1;0;1;0;0;0;1;0;2;1;1;0;2;0;0;3;0;0;0
50409;Pont-Hébert;28;50;0;0;0;0;0;0;0;0;0;0;0;0;1;0;0;2;0;1;0;0;2;0;0;1;0;1;4;2;1;1;3;0;0;1;0;0;1
50410;Pontorson;28;50;0;1;0;0;0;0;0;0;0;0;1;0;0;0;0;7;1;1;0;0;9;1;0;2;8;9;4;5;5;1;8;1;0;19;3;2;3
50411;Ponts;28;50;0;0;0;0;0;0;0;0;0;0;0;0;0;0;0;0;0;0;0;0;3;1;0;0;0;3;5;3;2;0;0;0;0;0;0;0;0
50412;Portbail;28;50;0;0;0;0;0;0;0;0;0;0;0;0;1;0;0;2;1;1;0;0;4;0;0;1;2;2;4;1;0;1;3;1;0;6;2;0;1
50413;Précey;28;50;0;0;0;0;0;0;0;0;0;0;0;0;0;0;0;0;0;0;0;0;0;0;0;0;0;1;2;2;0;0;0;0;0;1;1;0;0
50417;Quettehou;28;50;0;0;0;0;0;0;0;0;0;0;1;0;0;0;0;2;1;1;0;0;5;1;0;3;3;3;1;2;1;1;3;2;0;3;1;1;1
50419;Quettreville-sur-Sienne;28;50;0;0;0;0;0;0;0;0;0;0;0;0;1;0;0;0;0;1;0;0;2;1;0;0;3;2;1;4;3;0;1;0;0;4;0;0;1
50420;Quibou;28;50;0;0;0;0;0;0;0;0;0;0;0;0;0;0;0;0;0;0;0;0;1;0;0;0;0;0;2;4;1;0;0;1;0;0;0;0;0
50421;Quinéville;28;50;0;0;0;0;0;0;0;0;0;0;0;0;0;0;0;0;0;0;0;1;0;0;0;0;0;0;1;0;0;1;0;0;0;0;0;0;0
50422;Raids;28;50;0;0;0;0;0;0;0;0;0;0;0;0;0;0;0;0;0;0;0;0;0;0;0;0;0;0;0;0;1;0;0;0;0;0;0;0;0
50423;Rampan;28;50;0;0;0;0;0;0;0;0;0;0;0;0;0;0;0;0;0;0;0;0;0;0;0;0;0;1;0;0;0;0;0;0;0;0;0;0;0
50425;Rauville-la-Bigot;28;50;0;0;0;0;0;0;0;0;0;0;0;0;0;0;0;0;1;1;0;0;2;0;0;0;2;1;1;1;0;0;1;0;0;2;0;0;1
50426;Rauville-la-Place;28;50;0;0;0;0;0;0;0;0;0;0;0;0;0;0;0;0;0;0;0;0;2;0;0;0;1;1;1;0;0;0;0;0;0;1;0;0;0
50427;Ravenoville;28;50;0;0;0;0;0;0;0;0;0;0;0;0;0;0;0;0;1;0;1;0;0;0;0;0;1;0;0;1;0;0;1;0;0;2;0;0;1
50428;Reffuveille;28;50;0;0;0;0;0;0;0;0;0;0;0;0;0;0;0;0;0;0;0;0;1;0;0;0;1;0;2;0;1;0;1;0;0;2;0;0;0
50429;Regnéville-sur-Mer;28;50;0;0;0;0;0;0;0;0;0;0;0;0;0;0;0;0;0;0;0;1;0;0;0;0;0;1;2;1;2;1;1;0;0;2;1;0;0
50430;Reigneville-Bocage;28;50;0;0;0;0;0;0;0;0;0;0;0;0;0;0;0;0;0;0;0;0;0;0;0;0;0;0;0;0;0;0;0;0;0;0;0;0;0
50431;Remilly-sur-Lozon;28;50;0;0;0;0;0;0;0;0;0;0;0;0;0;0;0;1;0;0;0;1;2;0;0;0;1;0;1;1;0;0;4;0;0;0;0;0;0
50433;Réville;28;50;0;0;0;0;0;0;0;0;0;0;0;0;0;0;0;0;0;0;0;1;1;0;0;0;1;1;1;1;3;0;1;0;0;0;0;0;1
50435;Rocheville;28;50;0;0;0;0;0;0;0;0;0;0;0;0;0;0;0;0;0;0;0;0;1;0;0;0;2;0;1;1;1;0;0;0;0;2;0;0;0
50436;Romagny Fontenay;28;50;0;0;0;0;0;0;0;0;0;0;0;0;0;0;0;0;0;0;0;0;1;0;0;0;2;2;4;1;0;0;2;0;0;1;0;0;0
50437;Roncey;28;50;0;0;0;0;0;0;0;0;0;0;0;0;0;0;0;0;0;1;0;0;3;0;0;1;2;1;2;1;0;0;1;0;0;4;0;0;0
50438;La Ronde-Haye;28;50;0;0;0;0;0;0;0;0;0;0;0;0;0;0;0;0;0;0;0;0;0;0;0;0;0;2;0;1;0;0;1;0;0;0;0;0;0
50442;Le Rozel;28;50;0;0;0;0;0;0;0;0;0;0;0;0;0;0;0;0;0;0;0;0;0;0;0;0;1;0;2;0;0;0;0;0;0;1;0;0;0
50443;Sacey;28;50;0;0;0;0;0;0;0;0;0;0;0;0;0;0;0;0;0;0;0;0;1;0;0;0;0;0;2;0;0;0;0;0;0;1;0;0;0
50444;Saint-Amand;28;50;0;0;0;0;0;0;0;0;0;0;0;0;0;0;0;0;0;0;0;0;5;1;0;1;4;2;6;5;2;1;2;0;0;1;1;1;1
50445;Saint-André-de-Bohon;28;50;0;0;0;0;0;0;0;0;0;0;0;0;0;0;0;0;0;0;0;0;0;0;0;0;0;0;1;0;0;0;1;0;0;1;0;0;0
50446;Saint-André-de-l'Épine;28;50;0;0;0;0;0;0;0;0;0;0;0;0;0;0;0;0;0;0;0;0;0;0;0;0;0;0;1;1;0;3;0;0;0;1;0;0;0
50447;Saint-Aubin-des-Préaux;28;50;0;0;0;0;0;0;0;0;0;0;0;0;0;0;0;0;0;0;0;0;0;0;0;0;1;1;1;0;0;0;0;0;0;0;0;0;1
50448;Saint-Aubin-de-Terregatte;28;50;0;0;0;0;0;0;0;0;0;0;0;0;0;0;0;1;0;0;1;0;1;0;0;0;0;2;2;1;0;0;1;0;0;1;0;0;0
50449;Saint-Aubin-du-Perron;28;50;0;0;0;0;0;0;0;0;0;0;0;0;0;0;0;0;0;0;0;0;0;0;0;0;0;1;0;0;0;0;1;0;0;0;0;0;0
50450;Saint-Barthélemy;28;50;0;0;0;0;0;0;0;0;0;0;0;0;0;0;0;0;0;0;0;0;0;0;0;0;0;0;1;0;0;0;0;0;0;0;0;0;1
50451;Saint-Brice;28;50;0;0;0;0;0;0;0;0;0;0;0;0;0;0;0;0;0;0;0;0;0;0;0;0;0;0;0;1;0;0;0;0;0;0;0;0;0
50452;Saint-Brice-de-Landelles;28;50;0;0;0;0;0;0;0;0;0;0;0;0;0;0;0;0;0;0;0;0;0;0;0;0;0;0;1;3;0;0;1;0;0;0;0;0;0
50453;Sainte-Cécile;28;50;0;0;0;0;0;0;0;0;0;0;0;0;0;0;0;0;0;0;0;0;5;2;0;0;2;2;1;0;2;0;1;0;0;2;0;0;0
50454;Saint-Christophe-du-Foc;28;50;0;0;0;0;0;0;0;0;0;0;0;0;0;0;0;0;0;0;0;0;0;0;0;0;0;0;0;0;0;0;0;0;0;0;1;0;0
50455;Saint-Clair-sur-l'Elle;28;50;0;1;0;0;0;0;0;0;0;0;0;0;0;0;0;2;0;1;0;0;3;0;0;0;2;3;2;2;2;1;2;0;0;1;0;0;1
50456;Saint-Clément-Rancoudray;28;50;0;0;0;0;0;0;0;0;0;0;0;0;0;0;0;0;0;0;0;0;1;0;0;0;1;1;1;0;1;0;1;0;0;0;1;0;0
50457;Sainte-Colombe;28;50;0;0;0;0;0;0;0;0;0;0;0;0;0;0;0;0;1;0;0;0;0;0;0;0;1;0;0;0;0;0;0;0;0;0;0;0;0
50460;Sainte-Croix-Hague;28;50;0;0;0;0;0;0;0;0;0;0;0;0;0;0;0;0;0;0;0;0;0;0;0;0;2;0;2;1;1;0;0;2;0;2;0;0;0
50461;Saint-Cyr;28;50;0;0;0;0;0;0;0;0;0;0;0;0;0;0;0;0;0;0;0;0;0;0;0;0;0;0;2;0;0;0;1;1;0;0;0;0;0
50462;Saint-Cyr-du-Bailleul;28;50;0;0;0;0;0;0;0;0;0;0;0;0;0;0;0;0;0;0;0;0;0;0;0;0;1;0;0;1;0;0;0;0;0;1;0;0;0
50463;Saint-Denis-le-Gast;28;50;0;0;0;0;0;0;0;0;0;0;0;0;0;0;0;0;0;0;0;1;2;0;0;0;1;0;0;1;1;0;2;0;0;0;0;0;0
50464;Saint-Denis-le-Vêtu;28;50;0;0;0;0;0;0;0;0;0;0;0;0;0;0;0;0;0;0;0;0;1;0;0;0;2;1;3;1;1;1;0;0;0;1;0;0;0
50465;Saint-Ébremond-de-Bonfossé;28;50;0;0;0;0;0;0;0;0;0;0;0;0;0;0;0;0;0;0;0;0;1;0;0;0;2;0;1;0;5;0;1;1;0;2;0;0;0
50467;Saint-Floxel;28;50;0;0;0;0;0;0;0;0;0;0;0;0;0;0;0;0;0;0;0;0;1;1;0;0;0;1;3;0;0;0;0;0;0;1;0;0;0
50468;Saint-Fromond;28;50;0;0;0;0;0;0;0;0;0;0;0;0;0;0;0;1;0;0;0;0;4;0;0;0;1;1;1;0;1;0;2;1;0;1;0;0;0
50469;Sainte-Geneviève;28;50;0;0;0;0;0;0;0;0;0;0;0;0;0;0;0;0;0;0;0;0;1;0;0;0;1;0;1;0;0;0;1;0;0;1;0;0;0
50471;Saint-Georges-de-la-Rivière;28;50;0;0;0;0;0;0;0;0;0;0;0;0;0;0;0;0;0;0;0;0;0;0;0;0;0;1;0;0;0;0;0;0;0;0;0;0;0
50472;Saint-Georges-de-Livoye;28;50;0;0;0;0;0;0;0;0;0;0;0;0;0;0;0;0;0;0;0;0;0;0;0;0;0;0;1;0;0;0;0;0;0;1;0;0;0
50473;Saint-Georges-d'Elle;28;50;0;0;0;0;0;0;0;0;0;0;0;0;0;0;0;0;0;0;0;0;0;0;0;0;1;2;1;0;0;0;0;0;0;0;0;0;0
50474;Saint-Georges-de-Rouelley;28;50;0;0;0;0;0;0;0;0;0;0;0;0;0;0;0;0;0;0;1;0;1;0;0;0;1;1;1;0;1;0;0;5;0;3;0;0;0
50475;Saint-Georges-Montcocq;28;50;0;0;0;0;0;0;0;0;0;0;0;0;1;0;0;0;0;0;0;0;3;0;0;0;1;1;1;2;1;0;0;0;0;0;0;0;0
50476;Saint-Germain-d'Elle;28;50;0;0;0;0;0;0;0;0;0;0;0;0;0;0;0;0;0;0;0;0;0;0;0;0;1;0;1;0;0;0;0;0;0;0;0;0;0
50477;Saint-Germain-des-Vaux;28;50;0;0;0;0;0;0;0;0;0;0;0;0;0;0;0;0;0;0;0;0;0;0;0;0;1;0;0;0;1;0;0;0;0;2;0;0;0
50478;Saint-Germain-de-Tournebut;28;50;0;0;0;0;0;0;0;0;0;0;0;0;0;0;0;0;0;0;0;0;0;0;0;0;0;0;0;0;0;0;0;0;0;1;0;0;0
50479;Saint-Germain-de-Varreville;28;50;0;0;0;0;0;0;0;0;0;0;0;0;0;0;0;0;0;0;0;0;0;0;0;0;0;0;0;0;0;0;0;0;0;0;0;0;0
50480;Saint-Germain-le-Gaillard;28;50;0;0;0;0;0;0;0;0;0;0;0;0;0;0;0;0;0;0;0;0;1;0;0;0;3;2;1;0;1;0;0;0;0;1;0;0;1
50481;Saint-Germain-sur-Ay;28;50;0;0;0;0;0;0;0;0;0;0;0;0;0;0;0;0;0;0;1;0;1;0;0;0;4;0;3;0;1;0;2;0;0;6;0;0;0
50482;Saint-Germain-sur-Sèves;28;50;0;0;0;0;0;0;0;0;0;0;0;0;0;0;0;0;0;0;0;0;0;0;0;0;0;0;1;0;0;0;0;0;0;0;0;0;0
50483;Saint-Gilles;28;50;0;0;0;0;0;0;0;0;0;0;0;0;0;0;0;0;0;0;0;0;3;1;0;0;0;2;1;0;0;1;2;0;0;2;0;0;0
50484;Saint-Hilaire-du-Harcouët;28;50;0;1;0;0;0;0;0;0;0;0;1;0;2;0;0;8;3;1;0;1;13;1;1;5;3;11;9;10;5;2;16;5;1;18;4;3;2
50485;Saint-Hilaire-Petitville;28;50;0;0;0;0;0;0;0;0;0;0;0;0;0;0;0;0;0;0;0;0;5;2;0;0;3;1;5;5;0;1;2;0;1;3;0;0;1
50486;Saint-Jacques-de-Néhou;28;50;0;0;0;0;0;0;0;0;0;0;0;0;0;0;0;0;0;0;0;0;0;0;0;0;1;1;1;0;0;0;0;1;0;0;0;0;0
50487;Saint-James;28;50;0;1;0;0;0;0;0;0;0;0;1;0;1;0;0;5;2;1;0;0;5;2;0;1;2;3;6;3;1;0;6;3;0;5;1;0;3
50488;Saint-Jean-de-Daye;28;50;0;1;0;0;0;0;0;0;0;0;1;0;0;0;0;2;0;1;0;0;1;0;0;1;0;0;3;1;0;0;2;1;0;2;0;0;0
50489;Saint-Jean-de-la-Haize;28;50;0;0;0;0;0;0;0;0;0;0;0;0;0;0;0;0;0;0;0;0;0;0;0;0;0;2;0;0;0;0;0;0;0;0;0;0;0
50490;Saint-Jean-de-la-Rivière;28;50;0;0;0;0;0;0;0;0;0;0;0;0;0;0;0;0;0;0;0;0;0;0;0;0;0;0;1;0;1;0;0;0;0;2;0;0;0
50491;Saint-Jean-de-Savigny;28;50;0;0;0;0;0;0;0;0;0;0;0;0;0;0;0;0;0;0;0;0;0;0;0;0;1;0;1;0;0;0;0;0;0;1;0;0;1
50492;Saint-Jean-d'Elle;28;50;0;0;0;0;0;0;0;0;0;0;0;0;0;0;0;2;0;0;0;1;3;0;0;0;0;2;5;4;2;0;3;0;0;4;1;0;1
50493;Saint-Jean-des-Champs;28;50;0;0;0;0;0;0;0;0;0;0;0;0;0;0;0;0;0;0;0;1;3;0;0;0;6;3;3;2;1;0;2;0;0;1;0;0;0
50495;Saint-Jean-du-Corail-des-Bois;28;50;0;0;0;0;0;0;0;0;0;0;0;0;0;0;0;0;0;0;0;0;0;0;0;0;0;0;0;0;0;0;0;0;0;0;0;0;0
50496;Saint-Jean-le-Thomas;28;50;0;0;0;0;0;0;0;0;0;0;0;0;0;0;0;0;0;0;1;0;0;0;0;1;2;1;1;1;0;0;1;0;0;4;1;0;0
50498;Saint-Joseph;28;50;0;0;0;0;0;0;0;0;0;0;0;0;0;0;0;0;0;0;0;0;0;0;0;0;0;0;3;0;2;0;0;0;0;0;0;0;0
50499;Saint-Laurent-de-Cuves;28;50;0;0;0;0;0;0;0;0;0;0;0;0;0;0;0;1;0;0;1;0;0;0;0;0;3;1;4;0;1;0;0;2;0;0;0;0;1
50500;Saint-Laurent-de-Terregatte;28;50;0;0;0;0;0;0;0;0;0;0;0;0;0;0;0;0;0;0;0;0;0;0;0;0;1;0;1;0;0;0;0;0;0;2;0;0;0
50502;Saint-Lô;28;50;1;1;0;0;0;0;0;0;0;0;11;1;7;1;0;55;3;2;0;0;19;3;1;8;4;11;13;12;14;7;36;11;17;64;8;7;12
50503;Saint-Lô-d'Ourville;28;50;0;0;0;0;0;0;0;0;0;0;0;0;0;0;0;0;0;0;0;0;0;0;0;0;1;1;0;2;0;0;0;0;0;3;0;0;0
50504;Saint-Louet-sur-Vire;28;50;0;0;0;0;0;0;0;0;0;0;0;0;0;0;0;0;0;0;0;0;0;0;0;0;2;1;1;0;0;0;0;0;0;0;0;0;0
50505;Saint-Loup;28;50;0;0;0;0;0;0;0;0;0;0;0;0;0;0;0;0;0;0;0;0;0;0;0;0;1;0;1;2;0;0;0;0;0;0;0;0;0
50506;Saint-Malo-de-la-Lande;28;50;0;0;0;0;0;0;0;0;0;0;0;0;0;0;0;0;0;0;1;0;0;0;0;0;0;0;1;4;0;0;0;0;0;0;0;0;0
50507;Saint-Marcouf;28;50;0;0;0;0;0;0;0;0;0;0;0;0;0;0;0;0;0;0;0;0;1;0;0;0;2;0;0;0;0;0;0;0;0;1;0;0;0
50509;Sainte-Marie-du-Mont;28;50;0;0;0;0;0;0;0;0;0;0;0;0;0;0;0;0;0;0;0;1;1;0;0;0;0;0;2;0;1;0;1;0;0;4;0;0;0
50510;Saint-Martin-d'Aubigny;28;50;0;0;0;0;0;0;0;0;0;0;0;0;0;0;0;0;0;0;0;0;1;0;0;0;1;1;1;1;0;0;0;0;0;3;0;0;0
50511;Saint-Martin-d'Audouville;28;50;0;0;0;0;0;0;0;0;0;0;0;0;0;0;0;0;0;0;0;0;0;0;0;0;0;1;1;1;0;0;0;0;0;0;0;0;0
50512;Saint-Martin-de-Bonfossé;28;50;0;0;0;0;0;0;0;0;0;0;0;0;0;0;0;0;0;0;0;0;0;0;0;0;3;0;0;1;0;0;0;0;0;0;0;0;0
50513;Saint-Martin-de-Cenilly;28;50;0;0;0;0;0;0;0;0;0;0;0;0;0;0;0;0;0;0;0;0;0;0;0;0;0;0;0;1;0;0;0;0;0;0;0;0;0
50514;Chaulieu;28;50;0;0;0;0;0;0;0;0;0;0;0;0;0;0;0;0;0;0;0;0;0;0;0;0;0;0;1;1;1;0;0;0;0;2;1;0;0
50516;Saint-Martin-des-Champs;28;50;0;0;0;0;0;0;0;0;0;0;0;0;0;0;0;2;0;0;0;0;4;1;0;0;2;3;9;0;1;2;5;3;0;2;1;2;0
50517;Saint-Martin-de-Varreville;28;50;0;0;0;0;0;0;0;0;0;0;0;0;0;0;0;0;0;0;0;0;0;0;0;0;0;0;0;0;0;0;0;0;0;0;0;0;0
50518;Saint-Martin-le-Bouillant;28;50;0;0;0;0;0;0;0;0;0;0;0;0;0;0;0;0;0;0;0;0;0;0;0;0;0;0;2;1;0;0;0;0;0;0;0;0;0
50519;Saint-Martin-le-Gréard;28;50;0;0;0;0;0;0;0;0;0;0;0;0;0;0;0;0;0;0;0;0;2;0;0;0;0;0;0;2;0;0;0;0;0;0;0;0;1
50521;Saint-Maur-des-Bois;28;50;0;0;0;0;0;0;0;0;0;0;0;0;0;0;0;0;0;0;0;0;0;0;0;0;0;0;0;0;0;0;0;0;0;0;0;0;0
50522;Saint-Maurice-en-Cotentin;28;50;0;0;0;0;0;0;0;0;0;0;0;0;0;0;0;0;0;0;0;0;0;0;0;0;0;1;2;0;2;0;1;1;0;1;0;0;0
50523;Sainte-Mère-Église;28;50;0;1;0;0;0;0;0;0;0;0;1;0;1;0;0;3;1;1;1;0;3;1;0;2;2;5;3;5;1;3;5;2;0;13;0;0;1
50524;Saint-Michel-de-la-Pierre;28;50;0;0;0;0;0;0;0;0;0;0;0;0;0;0;0;0;0;0;0;0;0;0;0;0;0;0;0;0;0;0;0;0;0;0;0;0;0
50525;Saint-Michel-de-Montjoie;28;50;0;0;0;0;0;0;0;0;0;0;0;0;0;0;0;0;0;0;0;0;0;0;0;0;2;0;2;1;0;0;0;0;0;0;0;0;0
50528;Saint-Nicolas-de-Pierrepont;28;50;0;0;0;0;0;0;0;0;0;0;0;0;0;0;0;0;0;0;0;0;0;0;0;0;0;0;0;1;1;0;0;0;0;0;0;0;0
50529;Saint-Nicolas-des-Bois;28;50;0;0;0;0;0;0;0;0;0;0;0;0;0;0;0;0;0;0;0;0;0;0;0;0;1;1;0;0;0;0;0;0;0;0;0;0;0
50531;Saint-Ovin;28;50;0;0;0;0;0;0;0;0;0;0;0;0;0;0;0;0;0;0;0;0;3;0;0;0;1;1;2;2;0;0;1;0;0;1;0;0;0
50532;Saint-Pair-sur-Mer;28;50;0;0;0;0;0;0;0;0;0;0;0;0;0;0;0;4;0;1;0;0;9;1;0;1;4;11;8;6;7;0;8;0;0;7;5;0;2
50533;Saint-Patrice-de-Claids;28;50;0;0;0;0;0;0;0;0;0;0;0;0;0;0;0;0;0;0;0;0;0;0;0;0;1;0;0;1;0;0;0;0;0;0;0;0;0
50534;Saint-Pellerin;28;50;0;0;0;0;0;0;0;0;0;0;0;0;0;0;0;0;0;0;0;0;0;0;0;0;0;0;1;0;0;0;1;0;0;1;0;0;0
50535;Le Parc;28;50;0;0;0;0;0;0;0;0;0;0;0;0;0;0;0;0;0;0;1;0;1;0;0;0;0;2;2;3;1;0;0;0;0;3;0;0;0
50536;Saint-Pierre-d'Arthéglise;28;50;0;0;0;0;0;0;0;0;0;0;0;0;0;0;0;0;0;0;0;0;0;0;0;0;1;0;1;0;0;0;0;0;0;0;0;0;0
50537;Saint-Pierre-de-Coutances;28;50;0;0;0;0;0;0;0;0;0;0;0;0;0;0;0;0;0;0;0;0;1;1;0;0;0;0;2;1;0;0;0;0;0;0;0;0;0
50538;Saint-Pierre-de-Semilly;28;50;0;0;0;0;0;0;0;0;0;0;0;0;0;0;0;0;0;0;0;0;2;0;0;0;0;1;0;1;1;0;0;0;0;1;0;0;0
50539;Saint-Pierre-Église;28;50;0;1;0;0;0;0;0;0;0;0;1;0;0;0;0;3;1;1;0;0;2;1;0;2;1;4;2;2;1;0;4;2;0;4;0;0;2
50540;Saint-Pierre-Langers;28;50;0;0;0;0;0;0;0;0;0;0;0;0;0;0;0;0;0;0;0;0;0;0;0;0;4;3;3;3;2;0;0;0;0;1;0;0;0
50541;Saint-Planchers;28;50;0;0;0;0;0;0;0;0;0;0;0;0;0;0;0;0;0;0;0;0;3;0;0;0;2;2;3;1;5;0;1;0;0;1;0;0;0
50542;Saint-Pois;28;50;0;1;0;0;0;0;0;0;0;0;0;0;1;0;0;0;0;0;0;1;2;0;0;0;2;1;3;1;1;0;1;0;0;3;0;0;1
50543;Saint-Quentin-sur-le-Homme;28;50;0;0;0;0;0;0;0;0;0;0;0;0;0;0;0;0;0;0;1;0;5;1;0;0;4;2;2;4;2;3;1;0;1;3;1;0;0
50546;Bourgvallées;28;50;0;0;0;0;0;0;0;0;0;0;0;0;0;0;0;1;0;0;0;1;2;0;0;1;0;1;10;6;2;1;1;2;0;2;0;0;0
50548;Saint-Sauveur-de-Pierrepont;28;50;0;0;0;0;0;0;0;0;0;0;0;0;0;0;0;0;0;0;0;0;0;0;0;0;0;0;0;0;0;0;0;0;0;0;0;0;0
50549;Saint-Sauveur-la-Pommeraye;28;50;0;0;0;0;0;0;0;0;0;0;0;0;0;0;0;0;0;0;0;0;0;0;0;0;0;0;0;1;0;1;0;0;0;0;0;1;0
50550;Saint-Sauveur-Lendelin;28;50;0;0;0;0;0;0;0;0;0;0;0;0;0;0;0;2;0;1;0;0;3;0;0;1;2;2;4;1;2;0;3;0;0;1;0;0;2
50551;Saint-Sauveur-le-Vicomte;28;50;0;1;0;0;0;0;0;0;0;0;0;0;1;0;0;3;1;1;0;0;5;1;0;1;5;1;6;6;2;0;5;3;0;3;1;1;1
50552;Saint-Sébastien-de-Raids;28;50;0;0;0;0;0;0;0;0;0;0;0;0;0;0;0;0;0;0;0;0;0;0;0;0;1;0;1;1;0;0;0;0;0;1;0;0;0
50553;Saint-Senier-de-Beuvron;28;50;0;0;0;0;0;0;0;0;0;0;0;0;0;0;0;0;0;0;0;0;0;0;0;0;1;0;0;1;0;0;0;0;0;0;0;0;0
50554;Saint-Senier-sous-Avranches;28;50;0;0;0;0;0;0;0;0;0;0;0;0;0;0;0;0;0;0;0;0;6;1;1;0;1;1;3;2;4;0;0;0;0;1;0;0;1
50556;Sainte-Suzanne-sur-Vire;28;50;0;0;0;0;0;0;0;0;0;0;0;0;0;0;0;0;0;0;0;0;0;0;0;0;0;1;1;0;2;0;0;0;0;0;0;0;0
50562;Saint-Vaast-la-Hougue;28;50;0;1;0;0;0;0;0;0;0;0;0;0;0;0;0;4;1;1;0;0;4;0;0;1;2;1;4;5;0;0;3;0;0;13;2;1;1
50563;Saint-Vigor-des-Monts;28;50;0;0;0;0;0;0;0;0;0;0;0;0;0;0;0;0;0;0;0;0;0;0;0;0;1;0;3;1;0;0;0;0;0;0;0;0;0
50564;Terre-et-Marais;28;50;0;0;0;0;0;0;0;0;0;0;0;0;0;0;0;0;0;0;1;0;2;0;0;0;1;1;1;2;2;1;3;0;0;1;1;0;0
50565;Sartilly-Baie-Bocage;28;50;0;1;0;0;0;0;0;0;0;0;0;0;0;0;0;3;1;1;0;0;5;0;0;1;5;4;5;6;3;0;4;3;0;2;2;0;1
50567;Saussemesnil;28;50;0;0;0;0;0;0;0;0;0;0;0;0;0;0;0;0;0;0;0;0;0;0;0;0;0;0;3;2;3;0;0;0;0;1;0;0;0
50568;Saussey;28;50;0;0;0;0;0;0;0;0;0;0;0;0;0;0;0;0;0;0;0;0;0;0;0;0;0;0;0;0;0;0;0;0;0;0;0;0;0
50569;Savigny;28;50;0;0;0;0;0;0;0;0;0;0;0;0;0;0;0;0;0;0;0;0;0;0;0;0;1;0;0;0;0;0;2;0;0;0;0;0;0
50570;Savigny-le-Vieux;28;50;0;0;0;0;0;0;0;0;0;0;0;0;0;0;0;0;0;0;1;0;2;0;0;0;2;0;0;0;0;0;0;0;0;0;0;0;0
50571;Sébeville;28;50;0;0;0;0;0;0;0;0;0;0;0;0;0;0;0;0;0;0;0;0;0;0;0;0;0;0;0;0;0;1;0;0;0;0;0;0;0
50572;Sénoville;28;50;0;0;0;0;0;0;0;0;0;0;0;0;0;0;0;0;0;0;0;0;0;0;0;0;2;1;1;0;0;0;0;0;0;0;1;0;0
50573;Servigny;28;50;0;0;0;0;0;0;0;0;0;0;0;0;0;0;0;0;0;0;0;0;0;0;0;0;1;1;0;0;0;0;0;0;0;1;0;0;0
50574;Servon;28;50;0;0;0;0;0;0;0;0;0;0;0;0;0;0;0;0;0;0;0;1;0;0;0;0;0;1;0;0;1;0;0;0;0;0;0;0;0
50575;Sideville;28;50;0;0;0;0;0;0;0;0;0;0;0;0;0;0;0;0;0;0;0;0;0;0;0;1;0;0;2;1;0;0;0;0;0;1;0;0;0
50576;Siouville-Hague;28;50;0;0;0;0;0;0;0;0;0;0;0;0;0;0;0;0;0;0;0;0;0;0;0;0;1;0;1;1;2;0;2;0;0;5;0;0;0
50577;Sortosville-en-Beaumont;28;50;0;0;0;0;0;0;0;0;0;0;0;0;0;0;0;0;0;0;0;0;0;0;0;0;1;0;2;0;1;0;1;0;0;1;0;0;0
50578;Sortosville;28;50;0;0;0;0;0;0;0;0;0;0;0;0;0;0;0;0;0;0;0;0;0;0;0;0;0;0;0;0;0;0;0;0;0;0;0;0;0
50579;Sottevast;28;50;0;0;0;0;0;0;0;0;0;0;0;0;0;0;0;0;0;0;0;1;2;0;0;0;3;0;3;2;4;0;1;0;0;3;0;0;0
50580;Sotteville;28;50;0;0;0;0;0;0;0;0;0;0;0;0;0;0;0;0;0;0;0;0;0;0;0;0;0;0;1;0;0;0;0;0;0;0;0;0;0
50581;Soulles;28;50;0;0;0;0;0;0;0;0;0;0;0;0;0;0;0;0;0;0;0;0;3;0;0;0;0;0;2;0;0;0;0;0;0;0;0;0;0
50582;Sourdeval;28;50;0;1;0;0;0;0;0;0;0;0;0;0;1;0;0;3;1;1;0;0;5;1;0;1;5;6;7;6;5;1;6;1;0;6;1;0;2
50583;Sourdeval-les-Bois;28;50;0;0;0;0;0;0;0;0;0;0;0;0;0;0;0;1;0;0;0;0;0;0;0;0;0;0;1;0;0;0;2;0;0;0;0;0;0
50584;Subligny;28;50;0;0;0;0;0;0;0;0;0;0;0;0;0;0;0;0;0;0;0;0;2;0;0;0;3;0;0;1;1;0;0;0;0;0;0;0;0
50585;Surtainville;28;50;0;0;0;0;0;0;0;0;0;0;0;0;0;0;0;0;0;0;1;0;1;0;0;0;0;0;4;0;2;0;1;0;0;1;0;0;1
50587;Taillepied;28;50;0;0;0;0;0;0;0;0;0;0;0;0;0;0;0;0;0;0;0;0;0;0;0;0;0;0;0;0;0;0;0;0;0;0;0;0;0
50588;Tamerville;28;50;0;0;0;0;0;0;0;0;0;0;0;0;0;0;0;0;0;0;0;0;0;0;0;0;1;0;2;0;0;0;1;0;0;0;0;0;1
50589;Tanis;28;50;0;0;0;0;0;0;0;0;0;0;0;0;0;0;0;0;0;0;0;0;0;0;0;0;2;0;0;0;1;0;0;0;0;2;0;0;0
50590;Le Tanu;28;50;0;0;0;0;0;0;0;0;0;0;0;0;0;0;0;0;0;0;0;0;0;0;0;0;0;0;1;1;0;0;2;0;0;0;0;0;0
50591;Le Teilleul;28;50;0;1;0;0;0;0;0;0;0;0;0;0;1;0;0;2;1;0;0;1;4;0;0;0;1;5;1;5;3;0;2;3;0;4;2;0;0
50592;Tessy Bocage;28;50;0;1;0;0;0;0;0;0;0;0;0;0;0;0;0;4;1;1;0;0;7;0;0;1;2;3;3;2;3;1;3;6;0;6;0;0;1
50593;Teurthéville-Bocage;28;50;0;0;0;0;0;0;0;0;0;0;0;0;0;0;0;0;0;0;1;0;1;0;0;0;1;1;1;1;1;0;0;0;0;0;0;0;0
50594;Teurthéville-Hague;28;50;0;0;0;0;0;0;0;0;0;0;0;0;0;0;0;0;0;0;0;0;0;0;0;0;1;0;1;0;1;0;0;0;0;0;0;0;0
50596;Théville;28;50;0;0;0;0;0;0;0;0;0;0;0;0;0;0;0;0;0;0;0;0;0;0;0;0;0;0;1;0;0;0;0;0;0;1;0;0;0
50597;Tirepied;28;50;0;0;0;0;0;0;0;0;0;0;0;0;0;0;0;0;0;0;0;0;1;0;0;0;1;2;1;0;1;0;0;0;0;0;0;0;0
50598;Tocqueville;28;50;0;0;0;0;0;0;0;0;0;0;0;0;0;0;0;0;0;0;0;0;0;0;0;0;0;0;0;0;0;0;0;0;0;0;0;0;0
50599;Tollevast;28;50;0;0;0;0;0;0;0;0;0;0;0;0;0;0;0;1;0;0;0;0;0;0;0;0;3;1;2;2;1;3;1;0;0;0;0;0;2
50600;Tonneville;28;50;0;0;0;0;0;0;0;0;0;0;0;0;0;0;0;0;0;0;0;0;0;0;0;0;0;1;0;0;0;0;0;0;0;0;0;0;0
50601;Torigny-les-Villes;28;50;0;1;0;0;0;0;0;0;0;0;1;0;0;0;0;5;0;1;0;1;9;1;0;1;6;2;7;9;2;1;7;1;0;12;5;0;2
50603;Tourville-sur-Sienne;28;50;0;0;0;0;0;0;0;0;0;0;0;0;0;0;0;0;0;0;0;1;1;0;0;0;1;0;2;1;0;0;1;0;0;3;1;0;1
50604;Tréauville;28;50;0;0;0;0;0;0;0;0;0;0;0;0;0;0;0;0;0;0;0;0;0;0;0;0;0;0;0;1;0;0;0;0;0;3;0;0;0
50605;Trelly;28;50;0;0;0;0;0;0;0;0;0;0;0;0;0;0;0;0;0;0;0;0;1;0;0;0;1;0;5;1;1;0;0;0;0;1;0;0;0
50606;Tribehou;28;50;0;0;0;0;0;0;0;0;0;0;0;0;0;0;0;0;0;0;1;0;2;0;0;0;1;1;1;0;0;1;1;0;0;0;0;0;0
50607;La Trinité;28;50;0;0;0;0;0;0;0;0;0;0;0;0;0;0;0;0;0;0;0;0;2;0;0;0;0;0;2;0;0;0;1;0;0;0;0;0;0
50608;Troisgots;28;50;0;0;0;0;0;0;0;0;0;0;0;0;0;0;0;0;0;0;0;0;0;0;0;0;0;0;0;0;0;0;0;0;0;0;0;0;0
50609;Turqueville;28;50;0;0;0;0;0;0;0;0;0;0;0;0;0;0;0;0;0;0;0;0;0;0;0;0;0;0;0;0;0;0;0;0;0;0;0;0;0
50610;Urville;28;50;0;0;0;0;0;0;0;0;0;0;0;0;0;0;0;0;0;0;0;0;0;0;0;0;0;0;0;1;0;0;0;0;0;0;0;0;0
50611;Urville-Nacqueville;28;50;0;0;0;0;0;0;0;0;0;0;0;0;1;0;0;0;0;1;0;0;0;0;0;0;2;0;0;1;1;1;1;0;0;3;0;0;1
50612;Vains;28;50;0;0;0;0;0;0;0;0;0;0;0;0;0;0;0;0;0;0;0;0;0;0;0;0;0;2;1;0;0;0;1;0;0;2;0;0;0
50613;Valcanville;28;50;0;0;0;0;0;0;0;0;0;0;0;0;0;0;0;0;0;0;0;0;1;0;0;0;2;2;1;1;1;0;1;0;0;1;0;0;0
50615;Valognes;28;50;0;1;0;0;0;0;0;0;0;0;4;0;2;0;0;8;5;1;0;0;18;4;0;4;5;5;10;8;6;2;13;4;0;18;5;1;4
50616;Le Val-Saint-Père;28;50;0;0;0;0;0;0;0;0;0;0;0;0;0;0;0;0;0;0;0;0;1;0;0;0;2;2;0;1;1;0;1;0;0;2;2;0;1
50617;Varenguebec;28;50;0;0;0;0;0;0;0;0;0;0;0;0;0;0;0;0;0;0;0;0;0;0;0;0;0;0;0;0;0;0;1;0;0;1;0;0;0
50618;Varouville;28;50;0;0;0;0;0;0;0;0;0;0;0;0;0;0;0;0;0;0;0;0;0;0;0;0;0;0;0;1;0;0;1;0;0;0;0;0;0
50619;Le Vast;28;50;0;0;0;0;0;0;0;0;0;0;0;0;0;0;0;0;0;0;0;1;0;0;0;0;0;0;0;0;0;1;1;0;0;1;0;0;0
50620;Vasteville;28;50;0;0;0;0;0;0;0;0;0;0;0;0;1;0;0;0;2;0;0;0;1;0;0;0;0;0;2;0;0;0;2;0;0;1;0;0;0
50621;Vaudreville;28;50;0;0;0;0;0;0;0;0;0;0;0;0;0;0;0;0;0;0;0;0;0;0;0;0;0;0;0;1;0;0;0;0;0;0;0;0;0
50622;Vaudrimesnil;28;50;0;0;0;0;0;0;0;0;0;0;0;0;0;0;0;0;0;0;0;0;0;0;0;0;2;0;0;0;0;0;0;0;0;0;0;0;0
50623;Vauville;28;50;0;0;0;0;0;0;0;0;0;0;0;0;0;0;0;0;0;0;0;0;0;0;0;0;3;0;0;0;1;0;0;0;0;2;0;0;0
50624;La Vendelée;28;50;0;0;0;0;0;0;0;0;0;0;0;0;0;0;0;0;0;0;0;0;0;0;0;0;0;0;4;1;1;1;0;0;0;0;0;0;0
50626;Ver;28;50;0;0;0;0;0;0;0;0;0;0;0;0;0;0;0;0;0;0;0;0;0;0;0;0;0;0;1;0;0;0;0;0;0;2;0;0;0
50627;Vergoncey;28;50;0;0;0;0;0;0;0;0;0;0;0;0;0;0;0;0;0;0;0;0;0;0;0;0;0;0;1;0;0;0;0;0;0;0;0;0;0
50628;Vernix;28;50;0;0;0;0;0;0;0;0;0;0;0;0;0;0;0;0;0;0;0;0;0;0;0;0;1;0;0;0;0;0;0;0;0;0;0;0;0
50629;Vesly;28;50;0;0;0;0;0;0;0;0;0;0;0;0;0;0;0;0;0;0;0;0;0;0;0;0;2;0;1;3;0;1;1;0;0;1;0;0;0
50631;Les Veys;28;50;0;0;0;0;0;0;0;0;0;0;0;0;0;0;0;0;0;0;0;0;0;0;0;0;0;0;1;0;1;0;0;0;0;0;0;0;0
50633;Le Vicel;28;50;0;0;0;0;0;0;0;0;0;0;0;0;0;0;0;0;0;0;0;0;0;0;0;0;0;0;0;0;0;0;0;0;0;0;0;0;0
50634;Videcosville;28;50;0;0;0;0;0;0;0;0;0;0;0;0;0;0;0;0;0;0;0;0;0;0;0;0;0;0;0;0;0;0;0;0;0;0;0;0;0
50636;Vierville;28;50;0;0;0;0;0;0;0;0;0;0;0;0;0;0;0;0;0;0;0;0;0;0;0;0;0;0;0;0;0;0;0;0;0;0;0;0;0
50637;Villebaudon;28;50;0;0;0;0;0;0;0;0;0;0;0;0;0;0;0;0;1;0;0;1;3;0;0;0;0;0;1;0;0;0;1;0;0;2;0;0;0
50639;Villedieu-les-Poêles-Rouffigny;28;50;0;1;0;0;0;0;0;0;0;0;1;0;0;0;0;8;2;1;0;0;13;1;0;3;3;4;8;3;2;0;9;3;0;19;2;2;1
50640;Villiers-le-Pré;28;50;0;0;0;0;0;0;0;0;0;0;0;0;0;0;0;0;0;0;0;0;1;0;0;0;0;0;0;0;0;0;0;0;0;1;0;0;0
50641;Villiers-Fossard;28;50;0;0;0;0;0;0;0;0;0;0;0;0;0;0;0;0;0;0;0;0;0;0;0;0;0;0;4;0;0;0;1;0;0;0;0;0;0
50643;Virandeville;28;50;0;0;0;0;0;0;0;0;0;0;0;0;0;0;0;0;1;0;0;0;3;1;0;0;0;2;4;1;1;1;1;0;0;2;0;0;0
50647;Yquelon;28;50;0;0;0;0;0;0;0;0;0;0;0;0;0;0;0;0;0;0;0;0;7;1;0;1;0;2;2;0;1;1;4;0;0;4;2;0;0
50648;Yvetot-Bocage;28;50;0;0;0;0;0;0;0;0;0;0;0;0;0;0;0;0;0;0;0;0;1;0;0;0;3;0;1;1;1;0;0;0;0;2;0;0;0
51001;Ablancourt;44;51;0;0;0;0;0;0;0;0;0;0;0;0;0;0;0;0;0;0;0;0;0;0;0;0;0;0;0;0;0;0;0;0;0;0;0;0;0
51002;Saint-Martin-d'Ablois;44;51;0;0;0;0;0;0;0;0;0;0;0;0;0;0;0;0;0;0;0;1;3;0;0;0;0;2;1;3;3;1;3;0;0;0;0;0;4
51003;Aigny;44;51;0;0;0;0;0;0;0;0;0;0;0;0;0;0;0;0;0;0;0;0;0;0;0;0;0;0;0;0;0;0;0;0;0;0;0;0;0
51004;Allemanche-Launay-et-Soyer;44;51;0;0;0;0;0;0;0;0;0;0;0;0;0;0;0;0;0;0;0;0;0;0;0;0;0;0;0;1;1;0;0;0;0;0;0;0;0
51005;Allemant;44;51;0;0;0;0;0;0;0;0;0;0;0;0;0;0;0;0;0;0;0;0;0;0;0;0;0;0;0;1;1;0;0;0;0;0;0;0;0
51006;Alliancelles;44;51;0;0;0;0;0;0;0;0;0;0;0;0;0;0;0;0;0;0;0;0;0;0;0;0;2;0;0;0;0;0;0;0;0;0;0;0;0
51007;Ambonnay;44;51;0;0;0;0;0;0;0;0;0;0;0;0;0;0;0;0;0;0;0;1;2;0;0;0;0;0;3;3;1;1;1;0;0;1;1;0;2
51008;Ambrières;44;51;0;0;0;0;0;0;0;0;0;0;0;0;0;0;0;0;0;0;0;0;0;0;0;0;1;0;0;0;1;0;1;0;0;1;0;0;0
51009;Anglure;44;51;0;1;0;0;0;0;0;0;0;1;0;0;0;0;0;1;0;1;0;0;0;0;0;1;3;0;1;0;1;0;2;0;0;3;2;0;1
51010;Angluzelles-et-Courcelles;44;51;0;0;0;0;0;0;0;0;0;0;0;0;0;0;0;0;0;0;0;0;0;0;0;0;0;0;0;0;0;0;0;0;0;0;0;0;0
51012;Anthenay;44;51;0;0;0;0;0;0;0;0;0;0;0;0;0;0;0;0;0;0;0;0;0;0;0;0;1;0;1;0;0;0;0;0;0;0;0;0;0
51013;Aougny;44;51;0;0;0;0;0;0;0;0;0;0;0;0;0;0;0;0;0;0;0;0;0;0;0;0;0;0;0;1;0;0;0;0;0;0;0;0;0
51014;Arcis-le-Ponsart;44;51;0;0;0;0;0;0;0;0;0;0;0;0;0;0;0;0;0;0;0;0;0;0;0;0;1;1;1;0;1;1;0;0;0;0;0;0;0
51015;Argers;44;51;0;0;0;0;0;0;0;0;0;0;0;0;0;0;0;0;0;0;0;0;0;0;0;0;2;0;0;1;0;0;0;0;0;0;0;0;0
51016;Arrigny;44;51;0;0;0;0;0;0;0;0;0;0;0;0;0;0;0;0;0;0;0;0;0;0;0;0;0;0;0;1;1;0;0;0;0;2;0;0;0
51017;Arzillières-Neuville;44;51;0;0;0;0;0;0;0;0;0;0;0;0;0;0;0;0;0;0;0;0;1;0;0;0;0;0;1;0;1;0;0;0;0;1;0;0;0
51018;Athis;44;51;0;0;0;0;0;0;0;0;0;0;0;0;0;0;0;0;0;0;0;1;1;0;0;0;0;1;2;4;0;0;0;1;0;2;0;0;0
51019;Aubérive;44;51;0;0;0;0;0;0;0;0;0;0;0;0;0;0;0;0;0;0;0;0;0;0;0;0;1;0;0;0;0;0;0;0;0;1;0;0;0
51020;Aubilly;44;51;0;0;0;0;0;0;0;0;0;0;0;0;0;0;0;0;0;0;0;0;0;0;0;0;0;0;1;0;0;0;0;0;0;0;0;0;0
51022;Aulnay-l'Aître;44;51;0;0;0;0;0;0;0;0;0;0;0;0;0;0;0;0;0;0;0;0;0;0;0;0;0;0;0;0;0;0;0;0;0;0;0;0;1
51023;Aulnay-sur-Marne;44;51;0;0;0;0;0;0;0;0;0;0;0;0;0;0;0;0;0;0;0;0;1;0;0;0;1;2;0;2;1;1;1;0;0;0;0;0;0
51025;Auménancourt;44;51;0;0;0;0;0;0;0;0;0;0;0;0;0;0;0;0;0;0;0;0;2;0;0;0;4;2;4;1;2;0;1;0;0;2;0;0;0
51027;Auve;44;51;0;0;0;0;0;0;0;0;0;0;0;0;0;0;0;0;0;0;0;0;1;0;0;0;0;0;1;1;0;0;1;0;0;0;0;0;0
51028;Avenay-Val-d'Or;44;51;0;0;0;0;0;0;0;0;0;0;0;0;0;0;0;0;0;1;0;0;1;0;0;0;1;0;2;1;1;0;2;0;0;1;0;0;0
51029;Avize;44;51;0;1;0;0;0;0;0;0;0;1;0;0;0;0;0;1;0;1;0;0;3;0;0;1;1;1;2;1;3;0;2;0;0;0;0;1;1
51030;Aÿ-Champagne;44;51;0;1;0;0;0;0;0;0;0;1;0;1;1;0;0;6;1;1;1;0;10;1;0;2;3;7;6;4;7;3;12;1;0;10;2;1;4
51031;Baconnes;44;51;0;0;0;0;0;0;0;0;0;0;0;0;0;0;0;0;0;0;0;0;0;0;0;0;0;1;0;1;1;0;2;0;0;0;0;0;0
51032;Bagneux;44;51;0;0;0;0;0;0;0;0;0;0;0;0;0;0;0;0;0;0;0;0;2;0;0;0;2;0;1;1;0;0;0;0;0;0;0;0;0
51033;Le Baizil;44;51;0;0;0;0;0;0;0;0;0;0;0;0;0;0;0;0;0;0;0;0;1;0;0;0;0;0;2;0;1;1;1;0;0;0;0;0;0
51034;Bannay;44;51;0;0;0;0;0;0;0;0;0;0;0;0;0;0;0;0;0;0;0;0;0;0;0;0;0;0;1;0;0;0;0;0;0;0;0;0;0
51035;Bannes;44;51;0;0;0;0;0;0;0;0;0;0;0;0;0;0;0;0;0;0;0;0;1;0;0;0;1;2;0;2;0;0;0;0;0;0;0;0;0
51036;Barbonne-Fayel;44;51;0;0;0;0;0;0;0;0;0;0;0;0;0;0;0;0;0;0;0;1;0;0;0;0;2;0;0;1;0;0;1;0;0;1;0;0;0
51037;Baslieux-lès-Fismes;44;51;0;0;0;0;0;0;0;0;0;0;0;0;0;0;0;0;0;0;0;0;0;0;0;0;0;0;0;1;1;0;0;0;0;0;0;0;0
51038;Baslieux-sous-Châtillon;44;51;0;0;0;0;0;0;0;0;0;0;0;0;0;0;0;0;0;0;0;0;0;0;0;0;0;0;0;1;1;0;0;0;0;0;0;0;0
51039;Bassu;44;51;0;0;0;0;0;0;0;0;0;0;0;0;0;0;0;0;0;0;0;0;0;0;0;0;0;0;0;0;0;0;0;0;0;0;0;0;0
51040;Bassuet;44;51;0;0;0;0;0;0;0;0;0;0;0;0;0;0;0;0;0;0;1;0;0;0;0;0;0;0;0;0;0;0;0;0;0;0;0;0;1
51041;Baudement;44;51;0;0;0;0;0;0;0;0;0;0;0;0;0;0;0;0;0;0;0;0;0;0;0;0;0;0;0;0;0;0;0;0;0;0;0;0;0
51042;Baye;44;51;0;0;0;0;0;0;0;0;0;0;0;0;0;0;0;0;0;0;0;1;2;0;0;0;1;1;0;0;2;1;1;0;0;0;0;0;0
51043;Bazancourt;44;51;0;1;0;0;0;0;0;0;0;0;0;0;0;0;0;1;1;1;0;0;6;0;0;1;3;3;0;3;3;1;2;1;0;4;0;0;3
51044;Beaumont-sur-Vesle;44;51;0;1;0;0;0;0;0;0;0;0;0;0;0;0;0;0;1;0;1;0;1;0;0;0;2;0;1;0;0;0;1;0;0;2;0;0;0
51045;Beaunay;44;51;0;0;0;0;0;0;0;0;0;0;0;0;0;0;0;0;0;0;0;0;0;0;0;0;0;0;0;0;0;0;0;0;0;0;0;0;0
51046;Beine-Nauroy;44;51;0;0;0;0;0;0;0;0;0;0;0;0;0;0;0;0;0;0;0;0;0;0;0;0;0;2;1;4;0;1;0;1;0;0;0;0;1
51047;Belval-en-Argonne;44;51;0;0;0;0;0;0;0;0;0;0;0;0;0;0;0;0;0;0;0;0;0;0;0;0;0;0;0;0;0;0;0;0;0;0;0;0;0
51048;Belval-sous-Châtillon;44;51;0;0;0;0;0;0;0;0;0;0;0;0;0;0;0;0;0;0;0;0;0;0;0;0;0;1;0;0;0;0;0;0;0;0;0;0;0
51049;Bergères-lès-Vertus;44;51;0;0;0;0;0;0;0;0;0;0;0;0;0;0;0;0;0;0;1;0;0;0;0;0;3;0;0;0;0;1;1;0;0;1;1;0;0
51050;Bergères-sous-Montmirail;44;51;0;0;0;0;0;0;0;0;0;0;0;0;0;0;0;0;0;0;0;0;1;0;0;0;0;0;1;0;0;0;0;0;0;0;0;0;0
51051;Berméricourt;44;51;0;0;0;0;0;0;0;0;0;0;0;0;0;0;0;0;0;0;0;0;0;0;0;0;0;0;0;0;0;1;0;0;0;0;0;0;0
51052;Berru;44;51;0;0;0;0;0;0;0;0;0;0;0;0;0;0;0;0;0;0;0;1;2;0;0;0;0;1;0;0;0;0;0;0;0;1;1;0;0
51053;Berzieux;44;51;0;0;0;0;0;0;0;0;0;0;0;0;0;0;0;0;0;0;0;0;0;0;0;0;1;1;0;0;0;0;0;0;0;0;0;0;0
51054;Bétheniville;44;51;0;0;0;0;0;0;0;0;0;0;0;0;0;0;0;1;0;0;0;1;3;1;0;0;0;1;2;3;1;0;1;0;0;1;0;0;1
51055;Bétheny;44;51;0;0;0;0;0;0;0;0;0;0;0;0;0;0;0;3;0;1;0;0;16;1;0;1;7;12;13;10;8;3;6;1;0;9;3;0;9
51056;Bethon;44;51;0;0;0;0;0;0;0;0;0;0;0;0;0;0;0;0;0;0;0;1;1;0;0;0;0;0;1;0;0;0;0;0;0;0;0;0;0
51057;Bettancourt-la-Longue;44;51;0;0;0;0;0;0;0;0;0;0;0;0;0;0;0;0;0;0;0;0;0;0;0;0;0;0;0;0;1;0;0;0;0;0;0;0;0
51058;Bezannes;44;51;0;0;0;0;0;0;0;0;0;0;0;0;0;0;0;2;0;0;0;0;4;0;2;1;2;3;3;7;2;2;1;2;6;2;2;0;2
51059;Bignicourt-sur-Marne;44;51;0;0;0;0;0;0;0;0;0;0;0;0;0;0;0;0;0;0;0;0;1;0;0;0;0;1;0;1;3;1;0;0;0;0;0;0;0
51060;Bignicourt-sur-Saulx;44;51;0;0;0;0;0;0;0;0;0;0;0;0;0;0;0;0;0;0;0;0;0;0;0;0;0;1;0;0;1;0;1;0;0;0;0;0;0
51061;Billy-le-Grand;44;51;0;0;0;0;0;0;0;0;0;0;0;0;0;0;0;0;0;0;0;0;0;0;0;0;0;1;0;0;0;0;0;0;0;0;0;0;0
51062;Binarville;44;51;0;0;0;0;0;0;0;0;0;0;0;0;0;0;0;0;0;0;0;0;0;0;0;0;0;0;0;0;0;0;0;0;0;0;0;0;0
51063;Binson-et-Orquigny;44;51;0;0;0;0;0;0;0;0;0;0;0;0;0;0;0;0;0;0;0;0;1;0;0;0;0;0;1;0;0;0;0;0;0;0;0;0;0
51065;Blacy;44;51;0;0;0;0;0;0;0;0;0;0;0;0;0;0;0;0;0;0;0;0;2;1;0;0;1;1;3;2;0;0;0;0;0;2;0;0;0
51066;Blaise-sous-Arzillières;44;51;0;0;0;0;0;0;0;0;0;0;0;0;0;0;0;0;0;0;0;0;0;0;0;0;0;0;1;0;3;0;0;0;0;1;0;0;0
51068;Blesme;44;51;0;0;0;0;0;0;0;0;0;0;0;0;0;0;0;0;0;0;0;0;0;0;0;0;0;0;1;0;0;0;0;0;0;0;0;0;0
51069;Bligny;44;51;0;0;0;0;0;0;0;0;0;0;0;0;0;0;0;0;0;0;0;0;0;0;0;0;0;0;1;0;0;0;0;0;0;1;0;0;0
51070;Boissy-le-Repos;44;51;0;0;0;0;0;0;0;0;0;0;0;0;0;0;0;0;0;0;0;0;0;0;0;0;0;0;0;1;0;0;0;0;0;0;0;0;0
51071;Bouchy-Saint-Genest;44;51;0;0;0;0;0;0;0;0;0;0;0;0;0;0;0;0;0;0;0;0;0;0;0;0;1;1;0;0;0;0;0;0;0;0;0;0;0
51072;Bouilly;44;51;0;0;0;0;0;0;0;0;0;0;0;0;0;0;0;0;0;0;0;0;0;0;0;0;0;0;2;0;0;0;0;0;0;0;0;0;0
51073;Bouleuse;44;51;0;0;0;0;0;0;0;0;0;0;0;0;0;0;0;0;0;0;0;0;1;0;0;0;1;0;1;0;1;0;0;0;0;0;0;0;0
51074;Boult-sur-Suippe;44;51;0;0;0;0;0;0;0;0;0;0;0;0;0;0;0;0;0;0;0;1;1;0;0;0;1;4;2;3;6;2;2;0;0;2;0;0;0
51075;Bourgogne;44;51;0;0;0;0;0;0;0;0;0;0;0;0;0;0;0;0;0;0;0;1;2;0;0;0;3;4;2;2;1;1;0;0;0;0;0;0;0
51076;Boursault;44;51;0;0;0;0;0;0;0;0;0;0;0;0;0;0;0;0;0;0;0;0;0;0;0;0;0;1;1;0;0;0;0;0;0;1;0;0;1
51077;Bouvancourt;44;51;0;0;0;0;0;0;0;0;0;0;0;0;0;0;0;0;0;0;0;0;0;0;0;0;0;0;0;2;0;0;0;0;0;0;0;0;0
51078;Bouy;44;51;0;0;0;0;0;0;0;0;0;0;0;0;0;0;0;0;1;0;1;0;0;0;0;0;0;1;1;1;2;0;1;0;0;0;0;0;0
51079;Bouzy;44;51;0;0;0;0;0;0;0;0;0;0;0;0;0;0;0;2;0;1;0;0;1;0;0;1;1;1;0;1;0;0;1;0;0;0;0;0;1
51080;Brandonvillers;44;51;0;0;0;0;0;0;0;0;0;0;0;0;0;0;0;0;0;0;0;0;1;0;0;0;0;0;2;0;0;0;0;0;0;0;0;0;0
51081;Branscourt;44;51;0;0;0;0;0;0;0;0;0;0;0;0;0;0;0;0;0;0;0;0;0;0;0;0;0;0;0;0;0;0;0;0;0;0;0;0;0
51082;Braux-Sainte-Cohière;44;51;0;0;0;0;0;0;0;0;0;0;0;0;0;0;0;0;0;0;0;0;0;0;0;0;1;0;2;0;0;0;0;0;0;0;0;0;0
51083;Braux-Saint-Remy;44;51;0;0;0;0;0;0;0;0;0;0;0;0;0;0;0;0;0;0;0;0;0;0;0;0;1;0;0;0;0;0;0;0;0;0;0;0;0
51084;Bréban;44;51;0;0;0;0;0;0;0;0;0;0;0;0;0;0;0;0;0;0;0;0;0;0;0;0;0;0;0;0;0;0;0;0;0;0;0;0;0
51085;Le Breuil;44;51;0;0;0;0;0;0;0;0;0;0;0;0;0;0;0;0;0;0;0;0;0;0;0;0;1;0;1;1;1;0;1;0;0;1;0;0;0
51086;Breuil;44;51;0;0;0;0;0;0;0;0;0;0;0;0;0;0;0;0;0;0;0;0;1;0;0;0;0;0;0;1;0;0;0;0;0;0;0;0;0
51087;Breuvery-sur-Coole;44;51;0;0;0;0;0;0;0;0;0;0;0;0;0;0;0;0;0;0;0;0;2;0;0;0;0;0;1;0;2;0;0;0;0;0;0;0;0
51088;Brimont;44;51;0;0;0;0;0;0;0;0;0;0;0;0;0;0;0;0;0;0;0;0;0;0;0;0;0;0;0;1;0;0;1;0;0;0;0;0;2
51089;Brouillet;44;51;0;0;0;0;0;0;0;0;0;0;0;0;0;0;0;0;0;0;0;0;0;0;0;0;0;0;0;0;0;0;1;0;0;0;0;0;0
51090;Broussy-le-Grand;44;51;0;0;0;0;0;0;0;0;0;0;0;0;0;0;0;0;0;0;0;0;0;0;0;0;1;0;0;0;0;0;0;0;0;0;0;0;1
51091;Broussy-le-Petit;44;51;0;0;0;0;0;0;0;0;0;0;0;0;0;0;0;0;0;0;0;0;1;0;0;0;0;1;0;1;0;0;0;0;0;0;0;0;1
51092;Broyes;44;51;0;0;0;0;0;0;0;0;0;0;0;0;0;0;0;0;0;0;0;0;0;0;0;0;1;1;1;0;0;0;0;0;0;1;0;0;0
51093;Brugny-Vaudancourt;44;51;0;0;0;0;0;0;0;0;0;0;0;0;0;0;0;0;0;0;0;0;2;0;0;0;1;2;1;0;0;1;0;0;0;1;1;0;0
51094;Brusson;44;51;0;0;0;0;0;0;0;0;0;0;0;0;0;0;0;0;0;0;0;0;0;0;0;0;0;1;1;0;0;0;1;0;0;0;0;0;0
51095;Le Buisson;44;51;0;0;0;0;0;0;0;0;0;0;0;0;0;0;0;0;0;0;0;0;0;0;0;0;0;0;0;0;0;0;0;0;0;0;0;0;0
51097;Bussy-le-Château;44;51;0;0;0;0;0;0;0;0;0;0;0;0;0;0;0;0;0;0;0;0;0;0;0;0;0;1;0;0;1;0;0;0;0;0;0;0;0
51098;Bussy-le-Repos;44;51;0;0;0;0;0;0;0;0;0;0;0;0;0;0;0;0;0;0;0;0;0;0;0;0;0;0;0;0;0;0;1;0;0;0;0;0;0
51099;Bussy-Lettrée;44;51;0;0;0;0;0;0;0;0;0;0;0;0;0;0;0;1;0;0;0;0;0;0;0;0;0;1;0;0;1;0;0;0;0;2;1;0;0
51100;La Caure;44;51;0;0;0;0;0;0;0;0;0;0;0;0;0;0;0;0;0;0;0;0;0;0;0;0;0;1;0;1;1;0;0;0;0;0;0;0;0
51101;Caurel;44;51;0;0;0;0;0;0;0;0;0;0;0;0;0;0;0;0;0;0;0;0;0;0;0;0;3;0;0;2;1;0;1;0;0;0;1;0;2
51102;Cauroy-lès-Hermonville;44;51;0;0;0;0;0;0;0;0;0;0;0;0;0;0;0;0;0;0;0;0;0;0;0;0;0;0;0;1;2;0;2;0;0;0;1;0;1
51103;La Celle-sous-Chantemerle;44;51;0;0;0;0;0;0;0;0;0;0;0;0;0;0;0;0;0;0;0;0;0;0;0;0;0;1;0;0;0;0;0;0;0;0;0;0;0
51104;Cernay-en-Dormois;44;51;0;0;0;0;0;0;0;0;0;0;0;0;0;0;0;0;0;0;0;0;0;0;0;0;0;0;0;0;0;0;0;0;0;0;0;0;0
51105;Cernay-lès-Reims;44;51;0;0;0;0;0;0;0;0;0;0;0;0;0;0;0;0;0;0;0;0;1;0;0;0;2;3;0;3;3;0;1;0;0;1;0;0;0
51106;Cernon;44;51;0;0;0;0;0;0;0;0;0;0;0;0;0;0;0;0;0;0;0;0;0;0;0;0;0;0;0;2;0;0;0;0;0;0;0;0;0
51107;Chaintrix-Bierges;44;51;0;0;0;0;0;0;0;0;0;0;0;0;0;0;0;0;0;0;0;0;0;0;0;0;1;0;0;0;0;0;0;0;0;0;1;0;0
51108;Châlons-en-Champagne;44;51;1;1;0;1;1;1;1;0;0;15;0;1;2;0;0;23;7;4;1;0;43;5;13;13;49;51;30;32;20;18;65;6;15;114;24;8;29
51109;Châlons-sur-Vesle;44;51;0;0;0;0;0;0;0;0;0;0;0;0;0;0;0;0;0;0;0;0;0;0;0;0;0;0;0;0;0;0;0;0;0;0;0;0;1
51110;Chaltrait;44;51;0;0;0;0;0;0;0;0;0;0;0;0;0;0;0;0;0;0;0;0;0;0;0;0;0;0;1;0;0;0;0;0;0;0;0;0;0
51111;Chambrecy;44;51;0;0;0;0;0;0;0;0;0;0;0;0;0;0;0;0;0;0;0;0;0;0;0;0;0;1;0;0;1;0;0;0;0;0;0;0;1
51112;Chamery;44;51;0;0;0;0;0;0;0;0;0;0;0;0;0;0;0;0;0;0;0;0;0;0;0;0;0;0;0;1;1;1;0;0;0;0;0;1;0
51113;Champaubert;44;51;0;0;0;0;0;0;0;0;0;0;0;0;0;0;0;0;0;0;0;0;1;0;1;0;0;1;0;0;0;0;0;0;0;1;0;0;0
51115;Champfleury;44;51;0;0;0;0;0;0;0;0;0;0;0;0;0;0;0;1;0;0;0;0;4;1;0;0;4;2;2;1;1;2;2;0;0;2;0;1;0
51116;Champguyon;44;51;0;0;0;0;0;0;0;0;0;0;0;0;0;0;0;0;0;0;0;0;0;0;0;0;0;0;1;0;0;0;0;0;0;0;0;0;0
51117;Champigneul-Champagne;44;51;0;0;0;0;0;0;0;0;0;0;0;0;0;0;0;0;0;0;0;0;1;0;0;0;0;0;1;0;0;1;0;0;0;0;0;0;0
51118;Champigny;44;51;0;0;0;0;0;0;0;0;0;0;0;0;0;0;0;2;0;0;0;0;0;0;0;0;3;2;4;2;4;3;4;0;0;3;1;0;0
51119;Champillon;44;51;0;0;0;0;0;0;0;0;0;0;0;0;0;0;0;0;0;0;0;0;0;0;0;0;0;1;1;1;0;1;0;0;0;0;1;0;0
51120;Champlat-et-Boujacourt;44;51;0;0;0;0;0;0;0;0;0;0;0;0;0;0;0;0;0;0;0;0;0;0;0;0;1;0;0;0;0;0;0;0;0;0;0;0;0
51121;Champvoisy;44;51;0;0;0;0;0;0;0;0;0;0;0;0;0;0;0;0;0;0;0;0;0;0;0;0;0;0;0;0;0;0;0;0;0;0;0;0;0
51122;Changy;44;51;0;0;0;0;0;0;0;0;0;0;0;0;0;0;0;0;0;0;0;0;0;0;0;0;0;0;0;0;0;0;0;0;0;0;0;0;0
51124;Chantemerle;44;51;0;0;0;0;0;0;0;0;0;0;0;0;0;0;0;0;0;0;0;0;0;0;0;0;0;0;0;0;0;1;0;0;0;0;0;0;0
51125;Chapelaine;44;51;0;0;0;0;0;0;0;0;0;0;0;0;0;0;0;0;0;0;0;0;0;0;0;0;0;0;0;0;1;0;0;0;0;0;0;0;0
51126;La Chapelle-Felcourt;44;51;0;0;0;0;0;0;0;0;0;0;0;0;0;0;0;0;0;0;0;0;0;0;0;0;0;0;0;0;0;0;0;0;0;0;0;0;0
51127;La Chapelle-Lasson;44;51;0;0;0;0;0;0;0;0;0;0;0;0;0;0;0;0;0;0;0;0;0;0;0;0;0;0;0;0;0;0;0;0;0;0;0;0;0
51128;La Chapelle-sous-Orbais;44;51;0;0;0;0;0;0;0;0;0;0;0;0;0;0;0;0;0;0;0;0;0;0;0;0;1;1;0;0;0;0;2;0;0;0;0;0;0
51129;Charleville;44;51;0;0;0;0;0;0;0;0;0;0;0;0;0;0;0;0;0;0;0;0;0;0;0;0;1;1;1;2;0;0;0;0;0;0;0;0;0
51130;Charmont;44;51;0;0;0;0;0;0;0;0;0;0;0;0;0;0;0;0;0;0;0;0;1;0;0;0;0;0;1;1;0;1;0;0;0;0;0;0;0
51132;Les Charmontois;44;51;0;0;0;0;0;0;0;0;0;0;0;0;0;0;0;0;0;0;0;0;1;0;0;0;0;0;1;0;0;0;0;0;0;0;0;0;0
51133;Le Châtelier;44;51;0;0;0;0;0;0;0;0;0;0;0;0;0;0;0;0;0;0;0;0;1;0;0;0;0;0;0;1;0;0;0;0;0;0;0;0;0
51134;Châtelraould-Saint-Louvent;44;51;0;0;0;0;0;0;0;0;0;0;0;0;0;0;0;0;0;0;0;0;1;0;0;0;0;0;0;0;0;0;0;0;0;0;0;0;0
51135;Châtillon-sur-Broué;44;51;0;0;0;0;0;0;0;0;0;0;0;0;0;0;0;0;0;0;0;0;0;0;0;0;0;0;0;0;0;0;0;0;0;1;0;0;0
51136;Châtillon-sur-Marne;44;51;0;1;0;0;0;0;0;0;0;0;0;0;0;0;0;0;0;0;0;1;2;0;0;0;1;1;0;3;0;0;2;0;0;2;0;0;1
51137;Châtillon-sur-Morin;44;51;0;0;0;0;0;0;0;0;0;0;0;0;0;0;0;0;0;0;0;0;0;0;0;0;0;0;0;1;1;0;0;0;0;0;0;0;0
51138;Châtrices;44;51;0;0;0;0;0;0;0;0;0;0;0;0;0;0;0;0;0;0;0;0;0;0;0;0;0;0;1;0;0;0;0;0;0;0;0;0;0
51139;Chaudefontaine;44;51;0;0;0;0;0;0;0;0;0;0;0;0;0;0;0;0;0;0;0;0;0;0;0;0;0;1;1;2;0;0;0;0;0;0;0;0;1
51140;Chaumuzy;44;51;0;0;0;0;0;0;0;0;0;0;0;0;0;0;0;0;0;0;0;0;0;0;0;0;0;1;0;1;0;0;0;0;0;0;0;0;0
51141;La Chaussée-sur-Marne;44;51;0;0;0;0;0;0;0;0;0;0;0;0;0;0;0;1;0;1;0;0;1;0;0;0;2;2;3;2;2;0;2;0;0;1;0;0;0
51142;Chavot-Courcourt;44;51;0;0;0;0;0;0;0;0;0;0;0;0;0;0;0;0;0;0;0;0;0;0;0;0;0;0;0;2;1;0;0;0;0;0;0;0;2
51143;Le Chemin;44;51;0;0;0;0;0;0;0;0;0;0;0;0;0;0;0;0;0;0;0;0;0;0;0;0;0;0;0;0;0;0;1;0;0;0;0;0;0
51144;Cheminon;44;51;0;0;0;0;0;0;0;0;0;0;0;0;0;0;0;0;0;0;0;1;0;0;0;0;3;0;0;1;0;1;2;0;0;0;0;0;0
51145;Chenay;44;51;0;0;0;0;0;0;0;0;0;0;0;0;0;0;0;0;0;0;0;0;0;0;0;0;0;0;0;0;2;0;0;0;0;1;0;0;0
51146;Cheniers;44;51;0;0;0;0;0;0;0;0;0;0;0;0;0;0;0;0;0;0;0;0;0;0;0;0;0;0;0;0;0;0;0;0;0;0;0;0;0
51147;La Cheppe;44;51;0;0;0;0;0;0;0;0;0;0;0;0;0;0;0;0;0;0;0;0;0;0;0;0;1;1;1;0;0;0;0;0;0;0;0;0;0
51148;Cheppes-la-Prairie;44;51;0;0;0;0;0;0;0;0;0;0;0;0;0;0;0;0;0;0;0;0;1;0;0;0;0;0;0;0;0;0;0;0;0;0;0;0;0
51149;Chepy;44;51;0;0;0;0;0;0;0;0;0;0;0;0;0;0;0;0;0;0;0;0;0;0;0;0;0;2;4;0;1;0;0;0;0;0;0;0;0
51150;Cherville;44;51;0;0;0;0;0;0;0;0;0;0;0;0;0;0;0;0;0;0;0;0;0;0;0;0;0;0;0;0;0;0;0;0;0;0;0;0;0
51151;Chichey;44;51;0;0;0;0;0;0;0;0;0;0;0;0;0;0;0;0;0;0;0;0;1;0;0;0;0;0;0;0;1;0;0;0;0;0;0;0;0
51152;Chigny-les-Roses;44;51;0;0;0;0;0;0;0;0;0;0;0;0;0;0;0;0;0;0;0;1;2;0;0;0;1;0;1;1;0;0;1;0;0;0;0;0;0
51153;Chouilly;44;51;0;0;0;0;0;0;0;0;0;0;0;0;0;0;0;0;0;0;0;1;2;0;0;0;2;2;0;2;4;0;1;0;0;1;0;0;0
51154;Clamanges;44;51;0;0;0;0;0;0;0;0;0;0;0;0;0;0;0;0;0;0;0;0;0;0;0;0;0;0;0;1;0;0;0;0;0;0;0;0;0
51155;Clesles;44;51;0;0;0;0;0;0;0;0;0;0;0;0;0;0;0;0;1;0;0;0;1;0;0;0;1;2;2;3;1;0;0;0;0;1;0;0;0
51156;Cloyes-sur-Marne;44;51;0;0;0;0;0;0;0;0;0;0;0;0;0;0;0;0;0;0;0;0;0;0;0;0;0;0;0;0;0;0;0;0;0;0;0;0;0
51157;Coizard-Joches;44;51;0;0;0;0;0;0;0;0;0;0;0;0;0;0;0;0;0;0;0;0;0;0;0;0;0;1;0;0;0;0;0;0;0;0;0;0;0
51158;Val-des-Marais;44;51;0;0;0;0;0;0;0;0;0;0;0;0;0;0;0;0;0;0;0;1;1;0;0;0;0;3;2;0;1;0;2;0;0;1;0;0;0
51160;Compertrix;44;51;0;0;0;0;0;0;0;0;0;0;0;0;0;0;0;0;0;0;0;0;1;0;0;0;2;0;0;2;1;3;2;0;0;0;0;0;0
51161;Condé-sur-Marne;44;51;0;0;0;0;0;0;0;0;0;0;0;0;0;0;0;1;0;0;1;0;3;0;0;0;4;0;1;0;1;1;1;0;0;0;0;0;0
51162;Conflans-sur-Seine;44;51;0;0;0;0;0;0;0;0;0;0;0;0;0;0;0;0;1;0;0;1;0;0;0;0;0;2;0;1;0;0;1;0;0;0;1;0;0
51163;Congy;44;51;0;0;0;0;0;0;0;0;0;0;0;0;0;0;0;0;0;0;0;1;0;0;0;0;0;0;0;0;1;0;2;0;0;1;0;0;1
51164;Connantray-Vaurefroy;44;51;0;0;0;0;0;0;0;0;0;0;0;0;0;0;0;0;0;0;0;0;0;0;0;0;0;0;0;0;0;0;0;0;0;0;0;0;0
51165;Connantre;44;51;0;0;0;0;0;0;0;0;0;0;0;0;0;0;0;0;0;0;1;0;5;0;0;0;1;0;2;1;1;1;2;0;0;1;0;0;2
51166;Contault;44;51;0;0;0;0;0;0;0;0;0;0;0;0;0;0;0;0;0;0;0;0;0;0;0;0;0;0;0;0;0;0;0;0;0;0;0;0;0
51167;Coole;44;51;0;0;0;0;0;0;0;0;0;0;0;0;0;0;0;0;0;0;0;0;0;0;0;0;0;0;0;0;0;0;0;0;0;1;0;0;0
51168;Coolus;44;51;0;0;0;0;0;0;0;0;0;0;0;0;0;0;0;0;0;0;0;0;1;0;0;0;0;0;0;0;0;1;0;0;0;1;0;0;1
51169;Corbeil;44;51;0;0;0;0;0;0;0;0;0;0;0;0;0;0;0;0;0;0;0;0;0;0;0;0;1;0;0;0;0;0;0;0;0;0;0;0;0
51170;Corfélix;44;51;0;0;0;0;0;0;0;0;0;0;0;0;0;0;0;0;0;0;0;0;0;0;0;0;0;0;1;2;0;0;1;0;0;0;0;0;0
51171;Cormicy;44;51;0;0;0;0;0;0;0;0;0;0;0;0;0;0;0;0;1;1;0;0;1;0;0;1;1;2;1;3;1;0;2;0;0;5;2;0;2
51172;Cormontreuil;44;51;0;0;0;0;0;0;0;0;0;0;0;0;0;0;0;6;2;1;0;0;15;3;0;2;7;14;26;10;7;7;6;0;0;17;6;1;3
51173;Cormoyeux;44;51;0;0;0;0;0;0;0;0;0;0;0;0;0;0;0;0;0;0;0;0;0;0;0;0;1;0;0;0;1;0;0;0;0;0;0;0;0
51174;Corribert;44;51;0;0;0;0;0;0;0;0;0;0;0;0;0;0;0;0;0;0;0;0;0;0;0;0;1;0;0;0;0;0;0;0;0;0;0;0;0
51175;Corrobert;44;51;0;0;0;0;0;0;0;0;0;0;0;0;0;0;0;0;0;0;0;0;0;0;0;0;1;0;0;1;0;0;0;0;0;0;0;0;0
51176;Corroy;44;51;0;0;0;0;0;0;0;0;0;0;0;0;0;0;0;0;0;0;0;0;0;0;0;0;0;0;0;0;0;0;0;0;0;0;0;0;1
51177;Coulommes-la-Montagne;44;51;0;0;0;0;0;0;0;0;0;0;0;0;0;0;0;0;0;0;0;0;0;0;0;0;0;1;0;0;1;0;0;0;0;1;1;0;0
51178;Coupetz;44;51;0;0;0;0;0;0;0;0;0;0;0;0;0;0;0;0;0;0;0;0;0;0;0;0;0;0;0;0;0;0;0;0;0;0;0;0;0
51179;Coupéville;44;51;0;0;0;0;0;0;0;0;0;0;0;0;0;0;0;0;0;0;0;0;0;0;0;0;1;0;0;0;1;0;0;0;0;0;0;0;0
51181;Courcelles-Sapicourt;44;51;0;0;0;0;0;0;0;0;0;0;0;0;0;0;0;0;0;0;0;0;0;0;0;0;0;0;0;1;0;0;0;0;0;0;0;0;0
51182;Courcemain;44;51;0;0;0;0;0;0;0;0;0;0;0;0;0;0;0;0;0;0;0;0;0;0;0;0;0;0;0;0;0;0;0;0;0;0;0;0;0
51183;Courcy;44;51;0;0;0;0;0;0;0;0;0;0;0;0;0;0;0;0;0;1;0;0;2;0;0;0;0;2;4;0;0;0;2;0;0;2;0;0;0
51184;Courdemanges;44;51;0;0;0;0;0;0;0;0;0;0;0;0;0;0;0;0;0;0;0;0;0;0;0;0;1;1;0;0;0;0;0;0;0;0;0;0;1
51185;Courgivaux;44;51;0;0;0;0;0;0;0;0;0;0;0;0;0;0;0;0;0;0;0;0;0;0;0;0;0;0;2;1;1;0;0;0;0;3;0;0;1
51186;Courjeonnet;44;51;0;0;0;0;0;0;0;0;0;0;0;0;0;0;0;0;0;0;0;0;0;0;0;0;0;0;0;0;0;0;0;0;0;0;0;0;0
51187;Courlandon;44;51;0;0;0;0;0;0;0;0;0;0;0;0;0;0;0;0;0;0;0;0;1;0;0;0;0;0;0;1;0;0;0;0;0;0;0;0;0
51188;Courmas;44;51;0;0;0;0;0;0;0;0;0;0;0;0;0;0;0;0;0;0;0;0;0;0;0;0;0;0;0;1;0;0;0;0;0;0;0;0;0
51190;Courtagnon;44;51;0;0;0;0;0;0;0;0;0;0;0;0;0;0;0;0;0;0;0;0;0;0;0;0;0;0;0;0;0;1;0;0;0;0;0;0;0
51191;Courtémont;44;51;0;0;0;0;0;0;0;0;0;0;0;0;0;0;0;0;0;0;0;0;0;0;0;0;0;0;0;0;0;1;0;0;0;0;0;0;0
51192;Courthiézy;44;51;0;0;0;0;0;0;0;0;0;0;0;0;0;0;0;0;0;0;0;0;1;0;0;0;0;0;0;2;0;0;1;0;0;1;0;0;0
51193;Courtisols;44;51;0;1;0;0;0;0;0;0;0;0;0;0;0;0;0;1;0;1;0;0;8;1;0;0;5;0;6;4;4;1;5;0;0;2;1;0;1
51194;Courville;44;51;0;0;0;0;0;0;0;0;0;0;0;0;0;0;0;0;0;0;0;0;0;0;0;0;0;1;1;0;1;0;0;0;0;0;0;0;0
51195;Couvrot;44;51;0;0;0;0;0;0;0;0;0;0;0;0;0;0;0;0;0;0;0;0;2;0;0;0;2;1;0;2;0;0;0;0;0;2;0;0;1
51196;Cramant;44;51;0;0;0;0;0;0;0;0;0;0;0;0;0;0;0;0;0;0;0;1;0;0;0;0;2;0;2;0;2;1;4;0;0;1;0;0;1
51197;La Croix-en-Champagne;44;51;0;0;0;0;0;0;0;0;0;0;0;0;0;0;0;0;0;0;0;0;0;0;0;0;0;0;0;0;0;0;0;0;0;0;0;0;0
51198;Crugny;44;51;0;0;0;0;0;0;0;0;0;0;0;0;0;0;0;0;0;0;0;0;1;0;0;0;2;0;0;1;2;1;1;0;0;1;0;0;1
51199;Cuchery;44;51;0;0;0;0;0;0;0;0;0;0;0;0;0;0;0;0;0;0;1;0;0;0;0;0;0;1;1;0;2;1;0;0;0;0;0;0;0
51200;Cuis;44;51;0;0;0;0;0;0;0;0;0;0;0;0;0;0;0;0;0;0;0;0;2;0;0;0;0;1;0;0;0;0;0;0;0;0;0;0;0
51201;Cuisles;44;51;0;0;0;0;0;0;0;0;0;0;0;0;0;0;0;0;0;0;0;0;0;0;0;0;0;0;0;0;0;0;0;0;0;0;0;0;0
51202;Cumières;44;51;0;0;0;0;0;0;0;0;0;0;0;0;0;0;0;0;0;0;0;1;0;0;0;0;0;2;3;1;2;0;0;0;0;1;0;0;2
51203;Cuperly;44;51;0;0;0;0;0;0;0;0;0;0;0;0;0;0;0;0;0;0;0;0;0;0;0;0;0;0;0;0;0;0;0;0;0;0;0;0;0
51204;Damery;44;51;0;0;0;0;0;0;0;0;0;0;0;0;0;0;0;2;0;1;0;0;3;0;0;0;0;3;2;2;4;0;2;1;0;4;0;0;4
51205;Dampierre-au-Temple;44;51;0;0;0;0;0;0;0;0;0;0;0;0;0;0;0;0;0;0;0;0;0;0;0;0;0;0;0;1;0;0;0;0;0;0;0;0;0
51206;Dampierre-le-Château;44;51;0;0;0;0;0;0;0;0;0;0;0;0;0;0;0;0;0;0;0;0;0;0;0;0;0;0;0;0;0;0;0;0;0;0;0;0;0
51208;Dampierre-sur-Moivre;44;51;0;0;0;0;0;0;0;0;0;0;0;0;0;0;0;0;0;0;0;0;0;0;0;0;0;0;0;0;0;0;0;0;0;0;0;0;0
51210;Dizy;44;51;0;1;0;0;0;0;0;0;0;0;0;0;1;0;0;0;0;0;0;1;6;0;0;0;1;1;0;3;4;0;3;0;0;6;1;1;1
51211;Dommartin-Dampierre;44;51;0;0;0;0;0;0;0;0;0;0;0;0;0;0;0;0;0;0;0;0;0;0;0;0;0;1;1;0;0;0;0;0;0;0;0;0;1
51212;Dommartin-Lettrée;44;51;0;0;0;0;0;0;0;0;0;0;0;0;0;0;0;0;0;0;0;0;2;0;0;0;0;0;0;0;0;0;0;0;0;0;0;0;0
51213;Dommartin-sous-Hans;44;51;0;0;0;0;0;0;0;0;0;0;0;0;0;0;0;0;0;0;0;0;0;0;0;0;0;0;0;0;0;0;0;0;0;0;0;0;0
51214;Dommartin-Varimont;44;51;0;0;0;0;0;0;0;0;0;0;0;0;0;0;0;0;0;0;0;0;0;0;0;0;0;0;0;0;0;0;0;0;0;0;0;0;0
51215;Dompremy;44;51;0;0;0;0;0;0;0;0;0;0;0;0;0;0;0;0;0;0;0;0;0;0;0;0;0;0;0;1;0;0;0;0;0;0;0;0;0
51216;Dontrien;44;51;0;0;0;0;0;0;0;0;0;0;0;0;0;0;0;0;0;0;0;0;0;0;0;0;0;0;1;0;1;0;0;0;0;0;0;0;1
51217;Dormans;44;51;0;1;0;0;0;0;0;0;0;1;0;0;1;0;0;4;1;1;0;0;8;1;0;2;5;2;6;3;4;2;6;1;0;12;1;1;5
51218;Val-de-Vière;44;51;0;0;0;0;0;0;0;0;0;0;0;0;0;0;0;0;0;0;0;0;0;0;0;0;0;0;1;0;0;0;0;0;0;0;0;0;0
51219;Drosnay;44;51;0;0;0;0;0;0;0;0;0;0;0;0;0;0;0;0;0;0;0;0;0;0;0;0;0;0;0;0;0;0;0;0;0;0;0;0;0
51220;Drouilly;44;51;0;0;0;0;0;0;0;0;0;0;0;0;0;0;0;0;0;0;0;0;0;0;0;0;1;1;0;0;0;0;0;0;0;0;0;0;0
51222;Éclaires;44;51;0;0;0;0;0;0;0;0;0;0;0;0;0;0;0;0;0;0;0;0;0;0;0;0;0;0;0;1;0;2;0;0;0;0;0;0;0
51223;Écollemont;44;51;0;0;0;0;0;0;0;0;0;0;0;0;0;0;0;0;0;0;0;0;0;0;0;0;0;0;0;0;0;0;1;0;0;1;0;0;0
51224;Écriennes;44;51;0;0;0;0;0;0;0;0;0;0;0;0;0;0;0;0;0;0;0;0;0;0;0;0;1;0;1;0;0;0;0;0;0;1;0;0;0
51225;Écueil;44;51;0;0;0;0;0;0;0;0;0;0;0;0;0;0;0;0;0;0;0;0;1;0;0;0;0;0;0;0;0;0;0;0;0;0;1;0;0
51226;Écury-le-Repos;44;51;0;0;0;0;0;0;0;0;0;0;0;0;0;0;0;0;0;0;0;0;0;0;0;0;0;0;0;0;0;0;0;1;0;0;0;0;0
51227;Écury-sur-Coole;44;51;0;0;0;0;0;0;0;0;0;0;0;0;0;0;0;0;0;0;0;0;1;0;0;1;2;0;1;1;0;0;0;0;0;0;0;0;0
51228;Élise-Daucourt;44;51;0;0;0;0;0;0;0;0;0;0;0;0;0;0;0;0;0;0;0;0;0;0;0;0;0;0;0;0;0;0;0;0;0;0;0;0;0
51229;Épense;44;51;0;0;0;0;0;0;0;0;0;0;0;0;0;0;0;0;0;0;0;0;0;0;0;0;0;1;0;0;0;0;0;0;0;0;0;0;0
51230;Épernay;44;51;1;1;0;0;0;1;0;0;0;5;0;1;1;0;0;13;4;3;0;0;26;2;5;8;23;36;13;24;18;10;51;5;7;79;22;4;22
51231;L'Épine;44;51;0;0;0;0;0;0;0;0;0;0;0;0;1;0;0;0;0;0;0;0;0;0;0;0;1;0;0;1;0;0;1;0;0;1;0;0;1
51232;Époye;44;51;0;0;0;0;0;0;0;0;0;0;0;0;0;0;0;0;0;0;0;0;1;0;0;0;0;1;2;0;0;0;1;0;0;1;0;0;1
51233;Escardes;44;51;0;0;0;0;0;0;0;0;0;0;0;0;0;0;0;0;0;0;0;0;1;0;0;0;0;0;0;0;0;0;0;0;0;0;0;0;0
51234;Esclavolles-Lurey;44;51;0;0;0;0;0;0;0;0;0;0;0;0;0;0;0;0;0;0;0;0;2;0;0;0;3;0;2;3;0;0;0;0;0;0;0;0;1
51235;Les Essarts-lès-Sézanne;44;51;0;0;0;0;0;0;0;0;0;0;0;0;0;0;0;0;0;0;0;0;0;0;0;0;2;0;1;0;1;0;0;0;0;0;1;0;0
51236;Les Essarts-le-Vicomte;44;51;0;0;0;0;0;0;0;0;0;0;0;0;0;0;0;0;0;0;0;0;0;0;0;0;2;1;0;0;0;0;0;0;0;0;0;0;0
51237;Esternay;44;51;0;1;0;0;0;0;0;0;0;0;0;0;0;0;0;1;1;1;0;0;8;0;0;1;6;2;2;5;3;0;5;0;0;5;3;0;4
51238;Étoges;44;51;0;1;0;0;0;0;0;0;0;0;0;0;0;0;0;0;0;1;0;0;0;0;0;0;0;0;0;0;0;0;0;0;0;1;0;0;1
51239;Étréchy;44;51;0;0;0;0;0;0;0;0;0;0;0;0;0;0;0;0;0;0;0;0;0;0;0;0;0;0;0;1;0;0;0;0;0;0;0;0;0
51240;Étrepy;44;51;0;0;0;0;0;0;0;0;0;0;0;0;0;0;0;0;0;0;0;0;0;0;0;0;0;0;0;0;0;0;0;0;0;0;0;0;0
51241;Euvy;44;51;0;0;0;0;0;0;0;0;0;0;0;0;0;0;0;0;0;0;0;0;0;0;0;0;0;0;0;0;0;0;0;0;0;0;0;0;0
51242;Fagnières;44;51;0;0;0;0;0;0;0;0;0;0;0;0;0;0;0;2;1;1;0;0;11;1;0;0;1;5;2;4;3;0;6;1;0;9;2;0;2
51243;Faux-Fresnay;44;51;0;0;0;0;0;0;0;0;0;0;0;0;0;0;0;0;0;0;0;0;0;0;0;0;0;0;0;0;0;0;0;0;0;0;0;0;0
51244;Faux-Vésigneul;44;51;0;0;0;0;0;0;0;0;0;0;0;0;0;0;0;0;0;0;0;0;0;0;0;0;1;1;0;1;0;0;0;0;0;0;0;0;0
51245;Faverolles-et-Coëmy;44;51;0;0;0;0;0;0;0;0;0;0;0;0;0;0;0;0;1;0;0;1;1;0;0;0;0;0;2;2;1;0;0;0;0;1;0;0;1
51246;Favresse;44;51;0;0;0;0;0;0;0;0;0;0;0;0;0;0;0;0;0;0;0;0;0;0;0;0;0;1;1;0;0;1;1;0;0;0;0;0;0
51247;Fèrebrianges;44;51;0;0;0;0;0;0;0;0;0;0;0;0;0;0;0;0;0;0;0;0;0;0;0;0;0;1;0;0;0;0;0;0;0;0;0;0;0
51248;Fère-Champenoise;44;51;0;1;0;0;0;0;0;0;0;0;0;0;0;0;0;2;1;1;0;0;5;1;0;3;5;4;4;4;2;1;4;1;0;6;0;1;3
51249;Festigny;44;51;0;0;0;0;0;0;0;0;0;0;0;0;0;0;0;0;0;0;0;0;0;0;0;0;0;1;1;1;0;1;0;0;0;0;0;0;1
51250;Fismes;44;51;0;1;0;0;0;0;0;0;0;1;0;0;0;0;0;4;1;1;0;0;10;2;0;2;6;7;13;9;3;4;9;3;2;13;4;2;6
51251;Flavigny;44;51;0;0;0;0;0;0;0;0;0;0;0;0;0;0;0;0;0;0;0;0;0;0;0;0;2;0;0;0;0;0;0;0;0;0;0;0;0
51252;Fleury-la-Rivière;44;51;0;0;0;0;0;0;0;0;0;0;0;0;0;0;0;0;0;0;0;0;0;0;0;0;0;1;0;0;0;0;0;0;0;0;0;0;1
51253;Florent-en-Argonne;44;51;0;0;0;0;0;0;0;0;0;0;0;0;0;0;0;0;0;0;0;0;0;0;0;0;1;0;1;0;0;0;0;0;0;0;0;0;0
51254;Fontaine-Denis-Nuisy;44;51;0;0;0;0;0;0;0;0;0;0;0;0;0;0;0;0;0;0;0;0;0;0;0;0;0;0;0;0;0;0;0;0;0;0;0;0;0
51255;Fontaine-en-Dormois;44;51;0;0;0;0;0;0;0;0;0;0;0;0;0;0;0;0;0;0;0;0;0;0;0;0;0;0;0;0;0;0;0;0;0;0;0;0;0
51256;Fontaine-sur-Ay;44;51;0;0;0;0;0;0;0;0;0;0;0;0;0;0;0;0;0;0;0;0;0;0;0;0;0;0;2;0;1;0;0;1;0;1;0;0;1
51258;La Forestière;44;51;0;0;0;0;0;0;0;0;0;0;0;0;0;0;0;0;0;0;0;0;1;0;0;0;0;1;0;0;0;0;0;0;0;1;0;0;0
51259;Francheville;44;51;0;0;0;0;0;0;0;0;0;0;0;0;0;0;0;0;0;0;0;0;0;0;0;0;0;0;0;1;1;1;0;0;0;0;0;0;0
51260;Le Fresne;44;51;0;0;0;0;0;0;0;0;0;0;0;0;0;0;0;0;0;0;0;0;0;0;0;0;0;0;0;1;0;0;0;0;0;0;0;0;0
51261;Fresne-lès-Reims;44;51;0;0;0;0;0;0;0;0;0;0;0;0;0;0;0;0;0;0;0;0;0;0;0;0;0;0;1;0;1;0;2;0;0;0;0;0;0
51262;Frignicourt;44;51;0;0;0;0;0;0;0;0;0;0;0;0;0;0;0;0;1;1;0;0;1;0;0;1;1;3;1;2;2;1;6;0;0;3;2;1;2
51263;Fromentières;44;51;0;0;0;0;0;0;0;0;0;0;0;0;0;0;0;0;0;0;0;0;1;0;0;0;2;0;0;0;0;0;0;0;0;0;0;0;1
51264;Le Gault-Soigny;44;51;0;0;0;0;0;0;0;0;0;0;0;0;0;0;0;0;0;0;0;0;0;0;0;0;2;0;1;1;0;1;0;0;0;0;0;0;1
51265;Gaye;44;51;0;0;0;0;0;0;0;0;0;0;0;0;0;0;0;0;0;0;0;1;2;0;0;0;2;1;0;1;1;0;1;0;0;1;0;0;0
51266;Germaine;44;51;0;0;0;0;0;0;0;0;0;0;0;0;0;0;0;0;0;0;0;0;1;0;0;0;1;0;1;1;1;1;0;0;0;1;0;0;0
51267;Germigny;44;51;0;0;0;0;0;0;0;0;0;0;0;0;0;0;0;0;0;0;0;0;0;0;0;0;0;1;1;1;0;0;0;0;0;0;0;0;0
51268;Germinon;44;51;0;0;0;0;0;0;0;0;0;0;0;0;0;0;0;0;0;0;0;0;0;0;0;0;0;0;0;0;0;0;0;0;0;0;0;0;0
51269;Giffaumont-Champaubert;44;51;0;0;0;0;0;0;0;0;0;0;0;0;0;0;0;0;0;0;0;0;1;0;0;0;0;0;0;1;0;0;1;0;0;7;0;1;1
51270;Gigny-Bussy;44;51;0;0;0;0;0;0;0;0;0;0;0;0;0;0;0;0;0;0;0;0;0;0;0;0;1;1;0;0;1;0;0;0;0;0;0;0;0
51271;Gionges;44;51;0;0;0;0;0;0;0;0;0;0;0;0;0;0;0;0;0;0;0;0;0;0;0;0;1;0;0;0;0;0;0;0;0;1;1;0;0
51272;Givry-en-Argonne;44;51;0;1;0;0;0;0;0;0;0;0;0;0;0;0;0;1;0;1;0;0;2;0;0;0;0;1;0;0;1;1;2;0;0;1;0;0;1
51273;Givry-lès-Loisy;44;51;0;0;0;0;0;0;0;0;0;0;0;0;0;0;0;0;0;0;0;0;0;0;0;0;0;0;0;0;0;0;0;0;0;0;0;0;0
51274;Gizaucourt;44;51;0;0;0;0;0;0;0;0;0;0;0;0;0;0;0;0;0;0;0;0;0;0;0;0;0;1;0;0;1;0;1;0;0;0;0;0;0
51275;Glannes;44;51;0;0;0;0;0;0;0;0;0;0;0;0;0;0;0;0;0;0;0;0;0;0;0;0;0;0;0;0;0;1;1;0;0;0;0;0;0
51276;Gourgançon;44;51;0;0;0;0;0;0;0;0;0;0;0;0;0;0;0;0;0;0;0;0;0;0;0;0;0;0;0;0;0;0;0;0;0;0;0;0;0
51277;Sainte-Marie-du-Lac-Nuisement;44;51;0;0;0;0;0;0;0;0;0;0;0;0;0;0;0;0;0;0;0;1;0;0;0;0;0;0;0;1;0;0;0;0;0;1;0;0;0
51278;Les Grandes-Loges;44;51;0;0;0;0;0;0;0;0;0;0;0;0;0;0;0;0;0;0;0;0;0;0;0;0;1;0;0;0;0;0;0;0;0;0;0;0;0
51279;Granges-sur-Aube;44;51;0;0;0;0;0;0;0;0;0;0;0;0;0;0;0;0;0;0;0;0;0;0;0;0;0;0;0;0;0;0;0;0;0;0;0;0;0
51280;Gratreuil;44;51;0;0;0;0;0;0;0;0;0;0;0;0;0;0;0;0;0;0;0;0;0;0;0;0;0;0;0;0;0;0;0;0;0;0;0;0;0
51281;Grauves;44;51;0;0;0;0;0;0;0;0;0;0;0;0;0;0;0;0;0;0;0;0;1;0;0;0;1;1;0;1;1;0;1;0;0;1;0;0;0
51282;Gueux;44;51;0;1;0;0;0;0;0;0;0;0;0;0;0;0;0;0;0;1;0;0;4;1;0;1;6;4;4;3;4;2;3;0;0;3;4;0;2
51283;Hans;44;51;0;0;0;0;0;0;0;0;0;0;0;0;0;0;0;0;0;0;0;0;0;0;0;0;0;0;0;0;0;0;0;0;0;0;0;0;0
51284;Haussignémont;44;51;0;0;0;0;0;0;0;0;0;0;0;0;0;0;0;0;0;0;0;0;1;0;0;0;0;2;0;1;0;0;0;0;0;0;0;0;0
51285;Haussimont;44;51;0;0;0;0;0;0;0;0;0;0;0;0;0;0;0;0;0;0;0;0;0;0;1;0;0;0;0;0;0;0;0;0;0;0;0;0;0
51286;Hauteville;44;51;0;0;0;0;0;0;0;0;0;0;0;0;0;0;0;0;0;0;0;0;0;0;0;0;1;0;0;0;0;0;0;0;0;0;0;0;0
51287;Hautvillers;44;51;0;0;0;0;0;0;0;0;0;0;0;0;0;0;0;0;0;0;0;1;0;0;0;0;3;1;1;0;2;0;1;0;0;2;0;0;1
51288;Heiltz-le-Hutier;44;51;0;0;0;0;0;0;0;0;0;0;0;0;0;0;0;0;0;0;0;0;0;0;0;0;0;1;0;0;0;0;0;0;0;0;0;0;0
51289;Heiltz-le-Maurupt;44;51;0;0;0;0;0;0;0;0;0;0;0;0;0;0;0;0;0;0;0;1;1;0;0;0;1;1;2;1;1;0;0;1;0;1;0;0;0
51290;Heiltz-l'Évêque;44;51;0;0;0;0;0;0;0;0;0;0;0;0;0;0;0;0;0;0;0;0;0;0;0;0;1;0;1;0;1;0;0;0;0;0;0;0;0
51291;Hermonville;44;51;0;0;0;0;0;0;0;0;0;1;0;0;0;0;0;1;0;1;0;0;4;0;0;0;2;1;2;2;4;1;1;0;0;2;3;0;1
51292;Herpont;44;51;0;0;0;0;0;0;0;0;0;0;0;0;0;0;0;0;0;0;0;0;1;0;0;0;0;0;0;0;0;0;0;0;0;0;0;0;0
51293;Heutrégiville;44;51;0;0;0;0;0;0;0;0;0;0;0;0;0;0;0;0;0;0;0;0;1;0;0;0;3;2;1;1;0;0;0;0;0;0;0;0;0
51294;Hourges;44;51;0;0;0;0;0;0;0;0;0;0;0;0;0;0;0;0;0;0;0;0;0;0;0;0;0;0;0;0;0;0;0;0;0;0;0;0;0
51295;Huiron;44;51;0;0;0;0;0;0;0;0;0;0;0;0;0;0;0;0;0;0;0;0;0;0;0;0;0;0;0;0;0;0;0;0;0;0;0;0;0
51296;Humbauville;44;51;0;0;0;0;0;0;0;0;0;0;0;0;0;0;0;0;0;0;0;0;0;0;0;0;0;0;0;0;1;0;0;0;0;0;0;0;0
51298;Igny-Comblizy;44;51;0;0;0;0;0;0;0;0;0;0;0;0;0;0;0;0;0;0;0;0;0;0;0;0;2;0;1;0;2;0;0;0;0;0;0;0;1
51299;Isles-sur-Suippe;44;51;0;0;0;0;0;0;0;0;0;0;0;0;0;0;0;0;0;0;0;1;2;0;0;0;2;1;3;2;4;1;2;0;0;0;1;0;0
51300;Isle-sur-Marne;44;51;0;0;0;0;0;0;0;0;0;0;0;0;0;0;0;0;0;0;0;0;0;0;0;0;1;0;0;0;0;0;0;0;0;0;0;0;0
51301;Isse;44;51;0;0;0;0;0;0;0;0;0;0;0;0;0;0;0;0;0;0;0;0;0;0;0;0;0;1;0;0;0;0;0;0;0;0;0;0;0
51302;Les Istres-et-Bury;44;51;0;0;0;0;0;0;0;0;0;0;0;0;0;0;0;0;0;0;0;0;1;0;0;0;0;0;1;0;0;0;0;0;0;0;0;0;0
51303;Jâlons;44;51;0;0;0;0;0;0;0;0;0;0;0;0;0;0;0;0;0;0;1;0;0;0;0;1;2;0;2;1;0;0;1;0;0;3;0;0;0
51304;Janvilliers;44;51;0;0;0;0;0;0;0;0;0;0;0;0;0;0;0;0;0;0;0;0;0;0;0;0;3;0;0;0;0;0;1;0;0;0;0;0;0
51305;Janvry;44;51;0;0;0;0;0;0;0;0;0;0;0;0;0;0;0;0;0;0;0;0;0;0;0;0;0;0;0;0;0;0;1;0;0;1;0;0;0
51306;Joiselle;44;51;0;0;0;0;0;0;0;0;0;0;0;0;0;0;0;0;0;0;0;0;0;0;0;0;2;0;0;0;0;0;0;0;0;0;1;0;0
51307;Jonchery-sur-Suippe;44;51;0;0;0;0;0;0;0;0;0;0;0;0;0;0;0;0;0;0;0;0;0;0;0;0;0;0;0;0;0;1;0;0;0;0;0;0;0
51308;Jonchery-sur-Vesle;44;51;0;0;0;0;0;0;0;0;0;0;0;0;0;0;0;0;0;1;0;0;2;0;0;0;1;4;5;4;4;1;3;1;0;3;1;0;3
51309;Jonquery;44;51;0;0;0;0;0;0;0;0;0;0;0;0;0;0;0;0;0;0;0;0;0;0;0;0;0;0;0;0;0;1;0;0;0;0;0;0;0
51310;Jouy-lès-Reims;44;51;0;0;0;0;0;0;0;0;0;0;0;0;0;0;0;0;0;0;0;0;0;0;0;0;0;0;0;0;0;0;0;0;0;0;0;0;0
51311;Jussecourt-Minecourt;44;51;0;0;0;0;0;0;0;0;0;0;0;0;0;0;0;0;0;0;0;0;0;0;0;0;0;0;0;1;0;0;0;0;0;0;0;0;0
51312;Juvigny;44;51;0;0;0;0;0;0;0;0;0;0;0;0;0;0;0;0;0;0;0;1;3;0;0;0;4;3;0;0;0;0;1;0;0;1;0;0;0
51313;Lachy;44;51;0;0;0;0;0;0;0;0;0;0;0;0;0;0;0;0;0;0;0;0;1;0;0;0;2;0;0;0;0;0;0;0;0;0;0;0;0
51314;Lagery;44;51;0;0;0;0;0;0;0;0;0;0;0;0;0;0;0;0;0;0;0;0;0;0;0;0;0;0;0;0;1;1;1;0;0;0;1;0;1
51315;Landricourt;44;51;0;0;0;0;0;0;0;0;0;0;0;0;0;0;0;0;0;0;0;0;0;0;0;0;0;0;0;1;0;0;0;0;0;1;0;0;0
51316;Larzicourt;44;51;0;0;0;0;0;0;0;0;0;0;0;0;0;0;0;0;0;0;0;0;0;0;0;0;0;1;0;0;0;0;1;0;0;0;0;0;1
51317;Laval-sur-Tourbe;44;51;0;0;0;0;0;0;0;0;0;0;0;0;0;0;0;0;0;0;0;0;0;0;0;0;0;0;0;0;0;0;0;0;0;0;0;0;0
51318;Lavannes;44;51;0;0;0;0;0;0;0;0;0;0;0;0;0;0;0;0;0;0;0;0;0;0;0;0;0;1;1;2;0;0;0;0;0;1;0;0;0
51319;Lenharrée;44;51;0;0;0;0;0;0;0;0;0;0;0;0;0;0;0;0;0;0;0;0;0;0;0;0;0;0;0;0;0;1;0;0;0;0;0;0;0
51320;Leuvrigny;44;51;0;0;0;0;0;0;0;0;0;0;0;0;0;0;0;0;0;0;0;0;1;0;0;0;1;0;0;1;1;0;1;0;0;0;0;0;0
51321;Lhéry;44;51;0;0;0;0;0;0;0;0;0;0;0;0;0;0;0;0;0;0;0;0;0;0;0;0;0;0;0;0;1;0;0;0;0;0;0;0;0
51322;Lignon;44;51;0;0;0;0;0;0;0;0;0;0;0;0;0;0;0;0;0;0;0;0;0;0;0;0;0;0;0;0;0;0;0;0;0;0;0;0;0
51323;Linthelles;44;51;0;0;0;0;0;0;0;0;0;0;0;0;0;0;0;0;0;0;0;0;0;0;0;0;0;0;0;0;0;0;0;0;0;0;0;0;0
51324;Linthes;44;51;0;0;0;0;0;0;0;0;0;0;0;0;0;0;0;0;0;0;0;0;1;0;0;0;0;0;1;0;0;0;0;0;0;2;0;0;0
51325;Lisse-en-Champagne;44;51;0;0;0;0;0;0;0;0;0;0;0;0;0;0;0;0;0;0;0;0;0;0;0;0;0;0;0;0;2;0;0;0;0;1;1;0;0
51326;Livry-Louvercy;44;51;0;0;0;0;0;0;0;0;0;0;0;0;0;0;0;0;0;0;0;0;0;0;0;0;0;0;2;0;4;1;1;0;0;0;0;0;1
51327;Loisy-en-Brie;44;51;0;0;0;0;0;0;0;0;0;0;0;0;0;0;0;0;0;0;0;0;0;0;0;0;0;1;1;0;0;0;0;0;0;0;0;0;0
51328;Loisy-sur-Marne;44;51;0;0;0;0;0;0;0;0;0;0;0;0;0;0;0;0;0;0;1;0;1;0;0;0;2;0;2;0;1;0;3;0;0;1;0;0;0
51329;Loivre;44;51;0;1;0;0;0;0;0;0;0;0;0;0;0;0;0;0;0;0;0;1;3;0;0;0;2;3;1;1;2;0;1;0;0;1;2;0;3
51333;Ludes;44;51;0;0;0;0;0;0;0;0;0;0;0;0;0;0;0;0;1;0;0;1;1;0;0;0;0;2;0;0;0;1;0;0;0;0;0;0;1
51334;Luxémont-et-Villotte;44;51;0;0;0;0;0;0;0;0;0;0;0;0;0;0;0;0;0;0;0;0;1;0;0;0;2;0;0;1;0;0;1;0;0;0;0;0;0
51336;Maffrécourt;44;51;0;0;0;0;0;0;0;0;0;0;0;0;0;0;0;0;0;0;0;0;0;0;0;0;0;0;0;0;0;0;0;0;0;0;0;0;0
51337;Magneux;44;51;0;0;0;0;0;0;0;0;0;0;0;0;0;0;0;0;0;0;0;0;0;0;0;0;1;0;0;1;1;0;0;0;0;0;0;0;0
51338;Mailly-Champagne;44;51;0;0;0;0;0;0;0;0;0;0;0;0;0;0;0;1;0;0;0;1;1;0;0;0;0;0;0;4;1;0;1;0;0;0;0;0;0
51339;Mairy-sur-Marne;44;51;0;0;0;0;0;0;0;0;0;0;0;0;0;0;0;0;0;0;0;1;0;0;0;0;0;5;0;0;0;0;0;0;0;1;0;0;0
51340;Maisons-en-Champagne;44;51;0;0;0;0;0;0;0;0;0;0;0;0;0;0;0;0;0;0;0;0;0;0;0;0;1;1;0;3;0;0;0;0;0;0;0;0;0
51341;Malmy;44;51;0;0;0;0;0;0;0;0;0;0;0;0;0;0;0;0;0;0;0;0;0;0;0;0;0;0;0;0;0;0;0;0;0;0;0;0;0
51342;Mancy;44;51;0;0;0;0;0;0;0;0;0;0;0;0;0;0;0;0;0;0;0;0;2;0;0;0;0;0;0;0;0;0;0;0;0;1;0;0;0
51343;Marcilly-sur-Seine;44;51;0;0;0;0;0;0;0;0;0;0;0;0;0;0;0;0;0;0;0;1;0;0;0;0;0;1;2;2;0;0;1;0;0;0;1;0;0
51344;Mardeuil;44;51;0;0;0;0;0;0;0;0;0;0;0;0;0;0;0;0;0;0;0;1;4;0;0;0;3;3;3;4;4;2;2;0;0;0;0;0;3
51345;Mareuil-en-Brie;44;51;0;0;0;0;0;0;0;0;0;0;0;0;0;0;0;0;0;0;0;0;1;0;0;0;0;0;2;1;0;0;0;0;0;0;0;0;0
51346;Mareuil-le-Port;44;51;0;0;0;0;0;0;0;0;0;0;0;0;0;0;0;1;0;1;0;0;2;0;0;1;0;3;0;2;3;0;2;0;0;3;0;0;0
51348;Marfaux;44;51;0;0;0;0;0;0;0;0;0;0;0;0;0;0;0;0;0;0;0;0;0;0;0;0;2;0;0;0;0;0;0;0;0;0;0;0;0
51349;Margerie-Hancourt;44;51;0;0;0;0;0;0;0;0;0;0;0;0;0;0;0;0;0;0;0;0;0;0;0;0;0;0;1;1;0;0;0;0;0;1;0;0;0
51350;Margny;44;51;0;0;0;0;0;0;0;0;0;0;0;0;0;0;0;0;0;0;0;0;0;0;0;0;2;0;1;0;1;0;0;0;0;0;0;0;0
51351;Marigny;44;51;0;0;0;0;0;0;0;0;0;0;0;0;0;0;0;0;0;0;0;0;0;0;0;0;0;0;1;1;0;0;0;0;0;0;0;0;0
51352;Marolles;44;51;0;0;0;0;0;0;0;0;0;0;0;0;0;0;0;0;0;0;0;0;9;1;0;0;2;0;1;0;1;0;0;0;0;1;0;0;0
51353;Marsangis;44;51;0;0;0;0;0;0;0;0;0;0;0;0;0;0;0;0;0;0;0;0;1;0;0;0;0;0;0;0;0;0;0;0;0;0;0;0;0
51354;Marson;44;51;0;0;0;0;0;0;0;0;0;0;0;0;0;0;0;0;0;0;0;0;0;0;0;0;0;0;0;0;0;0;1;0;0;0;0;0;0
51355;Massiges;44;51;0;0;0;0;0;0;0;0;0;0;0;0;0;0;0;0;0;0;0;0;0;0;0;0;0;0;0;1;0;0;0;0;0;0;0;0;0
51356;Matignicourt-Goncourt;44;51;0;0;0;0;0;0;0;0;0;0;0;0;0;0;0;0;0;0;0;0;0;0;0;0;1;0;1;0;0;0;0;0;0;2;0;0;0
51357;Matougues;44;51;0;0;0;0;0;0;0;0;0;0;0;0;0;0;0;0;0;0;0;0;3;0;0;0;2;0;1;1;1;0;0;0;1;0;0;0;0
51358;Maurupt-le-Montois;44;51;0;0;0;0;0;0;0;0;0;0;0;0;0;0;0;0;0;0;0;1;0;0;0;0;2;0;0;1;0;0;0;0;0;0;0;0;0
51359;Mécringes;44;51;0;0;0;0;0;0;0;0;0;0;0;0;0;0;0;0;0;0;0;0;0;0;0;0;1;0;1;0;1;0;0;0;0;0;0;0;0
51360;Le Meix-Saint-Epoing;44;51;0;0;0;0;0;0;0;0;0;0;0;0;0;0;0;0;0;0;0;0;0;0;0;0;0;0;0;0;2;1;0;0;0;0;0;0;0
51361;Le Meix-Tiercelin;44;51;0;0;0;0;0;0;0;0;0;0;0;0;0;0;0;0;0;0;0;0;0;0;0;0;0;0;1;0;0;0;1;0;0;0;0;0;1
51362;Merfy;44;51;0;0;0;0;0;0;0;0;0;0;0;0;0;0;0;0;0;0;0;0;1;0;0;0;1;1;0;0;1;0;0;0;0;0;0;0;0
51363;Merlaut;44;51;0;0;0;0;0;0;0;0;0;0;0;0;0;0;0;0;0;0;0;0;0;0;0;0;0;0;0;1;2;0;0;1;0;0;0;0;0
51364;Méry-Prémecy;44;51;0;0;0;0;0;0;0;0;0;0;0;0;0;0;0;0;0;0;0;0;0;0;0;0;0;0;0;0;0;0;0;0;0;0;0;0;0
51365;Les Mesneux;44;51;0;0;0;0;0;0;0;0;0;0;0;0;0;0;0;0;0;0;0;1;0;0;0;0;1;0;2;1;0;0;2;0;0;0;0;0;1
51367;Le Mesnil-sur-Oger;44;51;0;0;0;0;0;0;0;0;0;0;0;0;0;0;0;1;0;0;1;0;0;0;0;0;1;2;1;0;1;0;1;0;0;3;0;0;0
51368;Minaucourt-le-Mesnil-lès-Hurlus;44;51;0;0;0;0;0;0;0;0;0;0;0;0;0;0;0;0;0;0;0;0;0;0;0;0;0;1;0;0;0;0;0;0;0;1;0;0;0
51369;Moeurs-Verdey;44;51;0;0;0;0;0;0;0;0;0;0;0;0;0;0;0;0;0;0;0;0;0;0;0;0;2;0;1;2;0;0;0;0;0;0;0;0;0
51370;Moiremont;44;51;0;0;0;0;0;0;0;0;0;0;0;0;0;0;0;0;0;0;0;0;0;0;0;0;0;1;1;2;0;0;0;0;0;0;0;0;0
51371;Moivre;44;51;0;0;0;0;0;0;0;0;0;0;0;0;0;0;0;0;0;0;0;0;0;0;0;0;0;0;1;0;0;0;0;0;0;0;0;0;0
51372;Moncetz-Longevas;44;51;0;0;0;0;0;0;0;0;0;0;0;0;0;0;0;0;0;0;0;0;0;0;0;0;0;1;2;1;1;1;0;0;0;0;0;0;1
51373;Moncetz-l'Abbaye;44;51;0;0;0;0;0;0;0;0;0;0;0;0;0;0;0;0;0;0;0;0;1;0;0;0;1;0;1;0;0;0;0;0;0;1;0;0;0
51374;Mondement-Montgivroux;44;51;0;0;0;0;0;0;0;0;0;0;0;0;0;0;0;0;0;0;0;0;0;0;0;0;0;0;0;0;0;0;0;0;0;0;0;0;0
51375;Montbré;44;51;0;0;0;0;0;0;0;0;0;0;0;0;0;0;0;0;0;0;0;0;0;0;0;0;0;0;0;0;0;0;0;0;0;0;0;0;0
51376;Montgenost;44;51;0;0;0;0;0;0;0;0;0;0;0;0;0;0;0;0;0;0;0;0;0;0;0;0;0;0;0;0;1;0;0;0;0;0;0;0;1
51377;Montépreux;44;51;0;0;0;0;0;0;0;0;0;0;0;0;0;0;0;0;0;0;0;0;0;0;0;0;0;0;0;0;0;0;0;0;0;0;0;0;0
51378;Monthelon;44;51;0;0;0;0;0;0;0;0;0;0;0;0;0;0;0;0;0;0;0;0;0;0;0;0;0;0;1;0;1;0;1;0;0;0;0;0;1
51379;Montigny-sur-Vesle;44;51;0;0;0;0;0;0;0;0;0;0;0;0;0;0;0;0;0;0;0;0;0;1;0;0;1;0;0;0;2;1;0;0;0;0;0;0;0
51380;Montmirail;44;51;0;1;0;0;0;0;0;0;0;1;0;0;0;0;0;3;2;1;0;0;5;1;1;2;13;1;8;7;4;3;6;1;0;6;4;0;2
51381;Montmort-Lucy;44;51;0;0;0;0;0;0;0;0;0;0;0;0;0;0;0;1;0;0;0;1;0;0;0;0;0;0;0;0;3;0;2;1;0;2;0;0;1
51382;Mont-sur-Courville;44;51;0;0;0;0;0;0;0;0;0;0;0;0;0;0;0;0;0;0;0;0;0;0;0;0;0;0;0;0;0;0;0;0;0;0;0;0;0
51384;Morangis;44;51;0;0;0;0;0;0;0;0;0;0;0;0;0;0;0;0;0;0;0;0;1;0;0;0;1;0;0;0;0;0;1;0;0;0;0;0;0
51386;Morsains;44;51;0;0;0;0;0;0;0;0;0;0;0;0;0;0;0;0;0;0;0;0;1;0;0;0;0;0;0;0;0;0;0;0;0;0;0;0;0
51387;Moslins;44;51;0;0;0;0;0;0;0;0;0;0;0;0;0;0;0;0;0;0;0;0;0;0;0;0;0;2;0;0;0;0;1;0;0;0;0;0;0
51388;Mourmelon-le-Grand;44;51;0;1;0;0;0;0;0;0;0;0;0;1;0;0;0;2;0;1;0;0;4;2;0;2;2;2;2;1;4;1;4;1;0;10;0;0;4
51389;Mourmelon-le-Petit;44;51;0;0;0;0;0;0;0;0;0;0;0;0;0;0;0;0;0;0;1;0;2;0;0;0;0;2;3;1;1;0;1;0;0;1;0;0;2
51390;Moussy;44;51;0;0;0;0;0;0;0;0;0;0;0;0;0;0;0;0;0;0;1;0;0;0;0;0;1;0;0;2;2;0;1;0;0;1;0;0;0
51391;Muizon;44;51;0;0;0;0;0;0;0;0;0;0;0;0;0;0;0;0;0;1;0;0;7;0;0;1;1;0;10;2;4;4;4;1;0;1;1;0;3
51392;Mutigny;44;51;0;0;0;0;0;0;0;0;0;0;0;0;0;0;0;0;0;0;0;0;1;0;0;0;0;0;0;0;0;0;0;0;0;0;0;0;0
51393;Nanteuil-la-Forêt;44;51;0;0;0;0;0;0;0;0;0;0;0;0;0;0;0;0;0;0;0;0;0;0;0;0;1;0;1;0;0;0;0;0;0;2;1;0;0
51395;Nesle-la-Reposte;44;51;0;0;0;0;0;0;0;0;0;0;0;0;0;0;0;0;0;0;0;0;0;0;0;0;0;0;0;0;0;0;0;0;0;1;0;0;0
51396;Nesle-le-Repons;44;51;0;0;0;0;0;0;0;0;0;0;0;0;0;0;0;0;0;0;0;0;0;0;0;0;0;0;0;1;0;0;0;0;0;0;0;0;0
51397;La Neuville-aux-Bois;44;51;0;0;0;0;0;0;0;0;0;0;0;0;0;0;0;0;0;0;0;0;0;0;0;0;1;0;0;1;0;0;0;0;0;0;0;0;0
51398;La Neuville-aux-Larris;44;51;0;0;0;0;0;0;0;0;0;0;0;0;0;0;0;0;0;0;0;0;1;0;0;0;2;0;0;2;0;0;1;0;0;0;0;0;1
51399;La Neuville-au-Pont;44;51;0;0;0;0;0;0;0;0;0;0;0;0;0;0;0;0;0;0;0;1;0;0;0;0;1;1;0;0;0;1;0;0;0;1;0;0;1
51402;Neuvy;44;51;0;0;0;0;0;0;0;0;0;0;0;0;0;0;0;0;0;0;0;0;0;0;0;0;1;1;1;1;0;0;0;0;0;0;0;0;0
51403;Nogent-l'Abbesse;44;51;0;0;0;0;0;0;0;0;0;0;0;0;0;0;0;0;0;0;0;0;0;0;0;0;1;0;1;0;1;0;2;0;0;0;0;0;0
51404;Noirlieu;44;51;0;0;0;0;0;0;0;0;0;0;0;0;0;0;0;0;0;0;0;0;0;0;0;0;0;0;0;0;1;0;0;0;0;0;0;0;0
51406;Norrois;44;51;0;0;0;0;0;0;0;0;0;0;0;0;0;0;0;0;0;0;0;0;1;0;0;0;0;0;0;0;0;0;0;0;0;0;0;0;0
51407;La Noue;44;51;0;0;0;0;0;0;0;0;0;0;0;0;0;0;0;0;0;0;0;0;1;0;0;0;0;0;1;1;2;0;0;0;0;1;0;0;0
51409;Nuisement-sur-Coole;44;51;0;0;0;0;0;0;0;0;0;0;0;0;0;0;0;0;0;0;0;0;0;0;0;0;1;3;0;0;1;0;0;0;0;1;0;0;0
51410;Oeuilly;44;51;0;0;0;0;0;0;0;0;0;0;0;0;0;0;0;0;0;0;0;0;0;0;0;0;0;0;1;2;1;0;0;0;0;0;0;0;0
51411;Oger;44;51;0;0;0;0;0;0;0;0;0;0;0;0;0;0;0;0;0;0;0;0;1;0;0;0;1;0;1;1;1;0;0;0;0;0;0;0;0
51412;Ognes;44;51;0;0;0;0;0;0;0;0;0;0;0;0;0;0;0;0;0;0;0;0;0;0;0;0;0;0;0;0;0;0;0;0;0;0;0;0;0
51413;Oiry;44;51;0;0;0;0;0;0;0;0;0;0;0;0;0;0;0;0;0;0;0;1;2;1;0;0;1;1;1;4;1;1;0;1;0;1;1;0;0
51414;Olizy;44;51;0;0;0;0;0;0;0;0;0;0;0;0;0;0;0;0;0;0;0;0;0;0;0;0;0;0;0;1;0;0;1;0;0;0;0;0;0
51415;Omey;44;51;0;0;0;0;0;0;0;0;0;0;0;0;0;0;0;0;0;0;0;0;0;0;0;0;0;1;0;0;0;0;0;0;0;0;0;0;0
51416;Orbais-l'Abbaye;44;51;0;0;0;0;0;0;0;0;0;0;0;0;0;0;0;0;0;0;0;1;1;0;0;0;0;2;2;0;1;1;3;0;0;3;0;0;0
51417;Orconte;44;51;0;0;0;0;0;0;0;0;0;0;0;0;0;0;0;0;0;0;0;0;0;0;0;0;0;0;0;1;0;0;0;0;0;1;0;0;1
51418;Ormes;44;51;0;0;0;0;0;0;0;0;0;0;0;0;0;0;0;0;0;0;0;0;4;0;0;0;2;0;2;0;0;3;0;0;0;0;1;0;1
51419;Outines;44;51;0;0;0;0;0;0;0;0;0;0;0;0;0;0;0;0;0;0;0;0;0;0;0;0;0;0;0;0;0;0;0;0;0;0;0;0;0
51420;Outrepont;44;51;0;0;0;0;0;0;0;0;0;0;0;0;0;0;0;0;0;0;0;0;0;0;0;0;0;0;0;0;0;0;0;0;0;0;0;0;0
51421;Oyes;44;51;0;0;0;0;0;0;0;0;0;0;0;0;0;0;0;0;0;0;0;0;0;0;0;0;0;1;0;0;0;0;0;0;0;0;0;0;0
51422;Pargny-lès-Reims;44;51;0;0;0;0;0;0;0;0;0;0;0;0;0;0;0;0;0;0;0;0;1;0;0;0;0;1;0;0;0;0;1;0;0;1;0;0;0
51423;Pargny-sur-Saulx;44;51;0;0;0;0;0;0;0;0;0;0;0;1;1;0;0;0;0;1;0;0;6;0;0;2;4;3;0;2;1;0;4;0;0;3;0;0;1
51424;Passavant-en-Argonne;44;51;0;0;0;0;0;0;0;0;0;0;0;0;0;0;0;0;0;0;0;0;0;0;0;0;1;0;0;0;0;0;0;0;0;1;0;0;0
51425;Passy-Grigny;44;51;0;0;0;0;0;0;0;0;0;0;0;0;0;0;0;0;0;0;0;0;1;0;0;0;0;1;0;0;0;0;0;0;0;0;0;0;0
51426;Péas;44;51;0;0;0;0;0;0;0;0;0;0;0;0;0;0;0;0;0;0;0;0;1;0;0;0;0;0;0;0;0;0;0;0;0;0;0;0;0
51428;Les Petites-Loges;44;51;0;0;0;0;0;0;0;0;0;0;0;0;0;0;0;0;0;0;0;0;0;0;0;0;4;0;1;1;0;0;1;0;0;1;1;0;0
51429;Pévy;44;51;0;0;0;0;0;0;0;0;0;0;0;0;0;0;0;0;0;0;0;0;0;0;0;0;0;0;0;0;1;0;0;0;0;0;1;0;0
51430;Pierre-Morains;44;51;0;0;0;0;0;0;0;0;0;0;0;0;0;0;0;0;0;0;0;0;0;0;0;0;0;0;1;0;0;0;0;0;0;0;0;0;0
51431;Pierry;44;51;0;0;0;0;0;0;0;0;0;0;0;0;0;0;0;1;1;0;0;1;6;2;1;0;1;1;3;1;0;2;2;0;0;9;0;1;1
51432;Pleurs;44;51;0;0;0;0;0;0;0;0;0;0;0;0;0;0;0;0;0;1;0;0;0;0;0;0;0;0;0;1;2;0;2;0;0;1;1;0;0
51433;Plichancourt;44;51;0;0;0;0;0;0;0;0;0;0;0;0;0;0;0;0;0;0;0;0;0;0;0;0;0;0;0;0;0;0;0;0;0;1;0;0;0
51434;Plivot;44;51;0;0;0;0;0;0;0;0;0;0;0;0;0;0;0;0;0;0;0;0;1;0;0;2;0;2;0;1;1;1;0;0;0;0;1;0;0
51435;Pocancy;44;51;0;0;0;0;0;0;0;0;0;0;0;0;0;0;0;0;0;0;0;0;0;0;0;0;1;0;0;1;0;0;2;0;0;0;0;0;0
51436;Pogny;44;51;0;0;0;0;0;0;0;0;0;0;0;0;0;0;0;0;0;0;1;0;2;0;0;0;1;1;1;1;1;0;3;1;0;0;0;0;1
51437;Poilly;44;51;0;0;0;0;0;0;0;0;0;0;0;0;0;0;0;0;0;0;0;0;0;0;0;0;0;0;1;0;0;0;0;0;0;0;0;0;0
51438;Poix;44;51;0;0;0;0;0;0;0;0;0;0;0;0;0;0;0;0;0;0;0;0;0;0;0;0;0;0;0;0;0;0;0;0;0;0;0;0;0
51439;Pomacle;44;51;0;0;0;0;0;0;0;0;0;0;0;0;0;0;0;0;0;0;0;0;0;0;0;0;0;1;1;1;3;0;0;0;0;1;0;0;0
51440;Pontfaverger-Moronvilliers;44;51;0;1;0;0;0;0;0;0;0;1;0;0;0;0;0;0;0;1;0;0;1;0;0;1;2;6;0;0;1;1;4;1;0;3;1;0;1
51441;Ponthion;44;51;0;0;0;0;0;0;0;0;0;0;0;0;0;0;0;0;0;0;0;0;0;0;0;0;0;0;0;0;0;0;0;0;0;0;0;0;1
51442;Possesse;44;51;0;0;0;0;0;0;0;0;0;0;0;0;0;0;0;0;0;0;0;0;0;0;0;0;0;0;0;0;0;0;0;0;0;0;0;0;0
51443;Potangis;44;51;0;0;0;0;0;0;0;0;0;0;0;0;0;0;0;0;0;0;0;0;0;0;0;0;0;0;0;0;0;0;0;0;0;0;0;0;1
51444;Pouillon;44;51;0;0;0;0;0;0;0;0;0;0;0;0;0;0;0;0;0;0;0;0;0;0;0;0;0;0;0;0;0;2;1;0;0;0;0;0;0
51445;Pourcy;44;51;0;0;0;0;0;0;0;0;0;0;0;0;0;0;0;0;0;0;0;0;0;0;0;0;2;0;0;1;0;0;0;0;0;0;0;0;0
51446;Pringy;44;51;0;0;0;0;0;0;0;0;0;0;0;0;0;0;0;0;0;0;0;0;1;0;0;0;0;1;2;0;0;1;0;0;0;0;0;0;1
51447;Prosnes;44;51;0;0;0;0;0;0;0;0;0;0;0;0;0;0;0;0;1;0;0;0;2;0;0;0;0;1;0;1;2;0;0;0;0;0;0;0;1
51448;Prouilly;44;51;0;0;0;0;0;0;0;0;0;0;0;0;0;0;0;0;0;0;0;0;0;0;0;0;0;1;2;4;1;1;0;0;0;0;0;0;0
51449;Prunay;44;51;0;0;0;0;0;0;0;0;0;0;0;0;0;0;0;0;0;0;0;0;1;0;0;2;2;2;3;2;1;0;2;0;0;1;0;0;0
51450;Puisieulx;44;51;0;0;0;0;0;0;0;0;0;0;0;0;0;0;0;0;0;0;0;0;0;0;0;0;1;1;0;0;0;1;0;0;0;0;0;0;0
51451;Queudes;44;51;0;0;0;0;0;0;0;0;0;0;0;0;0;0;0;0;0;0;0;0;1;0;0;0;0;0;0;0;1;0;1;0;0;0;0;0;0
51452;Rapsécourt;44;51;0;0;0;0;0;0;0;0;0;0;0;0;0;0;0;0;0;0;0;0;0;0;0;0;0;0;0;0;0;0;0;0;0;0;0;0;0
51453;Recy;44;51;0;0;0;0;0;0;0;0;0;0;0;0;0;0;0;0;0;0;0;0;2;0;0;0;3;0;0;1;1;0;1;0;0;0;1;0;0
51454;Reims;44;51;1;0;1;1;1;1;1;1;0;14;0;4;4;1;0;105;29;13;4;0;156;10;32;53;141;187;115;163;112;73;234;13;36;483;170;36;136
51455;Reims-la-Brûlée;44;51;0;0;0;0;0;0;0;0;0;0;0;0;0;0;0;0;0;0;0;0;0;0;0;0;1;0;0;0;0;0;0;0;0;0;0;0;0
51456;Remicourt;44;51;0;0;0;0;0;0;0;0;0;0;0;0;0;0;0;0;0;0;0;0;0;0;0;0;0;0;0;0;0;0;0;0;0;0;0;0;0
51457;Reuil;44;51;0;0;0;0;0;0;0;0;0;0;0;0;0;0;0;0;0;0;0;0;0;0;0;0;0;0;0;0;0;0;3;0;0;0;0;0;0
51458;Reuves;44;51;0;0;0;0;0;0;0;0;0;0;0;0;0;0;0;0;0;0;0;0;0;0;0;0;0;0;0;0;0;0;0;0;0;0;0;0;0
51459;Réveillon;44;51;0;0;0;0;0;0;0;0;0;0;0;0;0;0;0;0;0;0;0;0;0;0;0;0;0;0;0;0;0;0;0;0;0;0;0;0;0
51460;Rieux;44;51;0;0;0;0;0;0;0;0;0;0;0;0;0;0;0;0;0;0;0;0;0;0;0;0;0;0;0;1;1;0;0;0;0;0;0;0;0
51461;Rilly-la-Montagne;44;51;0;0;0;0;0;0;0;0;0;0;0;0;0;0;0;1;0;1;0;0;1;0;0;0;1;0;0;3;0;0;1;0;0;0;2;0;2
51463;Les Rivières-Henruel;44;51;0;0;0;0;0;0;0;0;0;0;0;0;0;0;0;0;0;0;0;0;0;0;0;0;1;0;0;0;0;0;0;0;0;0;0;0;0
51464;Romain;44;51;0;0;0;0;0;0;0;0;0;0;0;0;0;0;0;0;0;0;0;0;0;0;0;0;0;0;0;0;0;0;0;0;0;0;2;0;0
51465;Romery;44;51;0;0;0;0;0;0;0;0;0;0;0;0;0;0;0;0;0;0;0;0;1;0;0;0;0;0;0;0;0;0;0;0;0;0;0;0;0
51466;Romigny;44;51;0;0;0;0;0;0;0;0;0;0;0;0;0;0;0;0;0;0;0;0;0;0;0;0;1;0;0;1;0;0;0;0;0;0;1;0;0
51468;Rosnay;44;51;0;0;0;0;0;0;0;0;0;0;0;0;0;0;0;0;0;0;0;0;0;0;0;0;2;0;1;0;0;0;1;0;0;1;0;0;0
51469;Rouffy;44;51;0;0;0;0;0;0;0;0;0;0;0;0;0;0;0;0;0;0;0;0;0;0;0;0;0;0;0;0;0;0;0;0;0;0;0;0;0
51470;Rouvroy-Ripont;44;51;0;0;0;0;0;0;0;0;0;0;0;0;0;0;0;0;0;0;0;0;0;0;0;0;0;0;0;0;0;0;0;0;0;0;0;0;0
51471;Sacy;44;51;0;0;0;0;0;0;0;0;0;0;0;0;0;0;0;0;0;0;0;0;0;0;0;0;0;1;0;0;0;0;0;0;0;1;0;0;0
51472;Saint-Amand-sur-Fion;44;51;0;0;0;0;0;0;0;0;0;0;0;0;0;0;0;0;0;0;0;1;1;0;0;0;0;3;0;2;1;0;1;0;0;0;0;0;0
51473;Saint-Bon;44;51;0;0;0;0;0;0;0;0;0;0;0;0;0;0;0;0;0;0;0;0;0;0;0;0;1;0;0;1;0;0;0;0;0;0;0;0;0
51474;Saint-Brice-Courcelles;44;51;0;0;0;0;0;0;0;0;0;0;0;0;0;0;0;0;0;1;0;0;13;2;0;1;8;6;8;15;4;5;4;2;0;8;0;1;4
51475;Saint-Chéron;44;51;0;0;0;0;0;0;0;0;0;0;0;0;0;0;0;0;0;0;0;0;0;0;0;0;1;0;0;0;0;0;0;0;0;0;0;0;0
51476;Saint-Étienne-au-Temple;44;51;0;0;0;0;0;0;0;0;0;0;0;0;0;0;0;0;0;0;0;0;0;0;0;0;1;1;0;1;1;0;1;0;0;0;0;0;1
51477;Saint-Étienne-sur-Suippe;44;51;0;0;0;0;0;0;0;0;0;0;0;0;0;0;0;0;0;0;0;0;0;0;0;0;0;0;0;2;1;0;0;0;0;1;0;0;0
51478;Saint-Eulien;44;51;0;0;0;0;0;0;0;0;0;0;0;0;0;0;0;0;0;0;0;0;0;0;0;0;0;0;1;1;0;0;1;0;0;0;0;0;1
51479;Saint-Euphraise-et-Clairizet;44;51;0;0;0;0;0;0;0;0;0;0;0;0;0;0;0;0;0;0;0;0;0;0;0;0;0;1;0;1;0;0;1;0;0;0;0;0;0
51480;Sainte-Gemme;44;51;0;0;0;0;0;0;0;0;0;0;0;0;0;0;0;0;0;0;0;0;0;0;0;0;0;0;0;0;0;0;0;0;0;0;0;0;0
51482;Saint-Germain-la-Ville;44;51;0;0;0;0;0;0;0;0;0;0;0;0;0;0;0;0;0;0;1;0;0;0;0;0;3;0;1;1;2;0;0;0;0;0;0;0;3
51483;Saint-Gibrien;44;51;0;0;0;0;0;0;0;0;0;0;0;0;0;0;0;0;0;0;0;0;0;0;0;0;7;1;2;0;2;3;0;0;0;1;1;0;1
51484;Saint-Gilles;44;51;0;0;0;0;0;0;0;0;0;0;0;0;0;0;0;0;0;0;0;0;0;0;0;0;0;1;3;0;0;0;0;0;0;0;0;0;0
51485;Saint-Hilaire-au-Temple;44;51;0;0;0;0;0;0;0;0;0;0;0;0;0;0;0;0;0;0;0;1;0;0;0;0;0;0;0;1;0;0;1;0;0;0;0;0;0
51486;Saint-Hilaire-le-Grand;44;51;0;0;0;0;0;0;0;0;0;0;0;0;0;0;0;0;0;0;0;0;0;0;0;0;0;0;0;1;1;0;1;0;0;1;0;0;0
51487;Saint-Hilaire-le-Petit;44;51;0;0;0;0;0;0;0;0;0;0;0;0;0;0;0;0;0;0;0;0;1;0;0;0;0;0;0;1;0;0;1;0;0;0;0;0;0
51488;Saint-Imoges;44;51;0;0;0;0;0;0;0;0;0;0;0;0;0;0;0;0;0;0;0;0;0;0;0;0;0;0;0;0;0;0;0;0;0;1;0;0;0
51489;Saint-Jean-devant-Possesse;44;51;0;0;0;0;0;0;0;0;0;0;0;0;0;0;0;0;0;0;0;0;0;0;0;0;0;0;0;0;0;0;0;0;0;0;0;0;0
51490;Saint-Jean-sur-Moivre;44;51;0;0;0;0;0;0;0;0;0;0;0;0;0;0;0;0;0;0;0;0;0;0;0;0;0;0;2;0;0;0;1;0;0;0;1;0;0
51491;Saint-Jean-sur-Tourbe;44;51;0;0;0;0;0;0;0;0;0;0;0;0;0;0;0;0;0;0;0;0;0;0;0;0;0;0;0;1;0;0;0;0;0;0;0;0;0
51492;Saint-Just-Sauvage;44;51;0;0;0;0;0;0;0;0;0;0;0;0;0;0;0;0;0;0;1;0;2;0;0;0;2;3;2;0;3;1;2;0;0;0;0;0;1
51493;Saint-Léonard;44;51;0;0;0;0;0;0;0;0;0;0;0;0;0;0;0;0;0;0;0;0;0;0;0;0;1;1;0;0;1;1;0;0;0;2;1;0;0
51495;Saint-Loup;44;51;0;0;0;0;0;0;0;0;0;0;0;0;0;0;0;0;0;0;0;0;0;0;0;0;0;0;0;0;0;0;0;0;0;0;0;0;0
51496;Saint-Lumier-en-Champagne;44;51;0;0;0;0;0;0;0;0;0;0;0;0;0;0;0;0;0;0;0;0;1;0;0;0;1;0;0;0;0;0;0;0;0;0;0;0;0
51497;Saint-Lumier-la-Populeuse;44;51;0;0;0;0;0;0;0;0;0;0;0;0;0;0;0;0;0;0;0;0;0;0;0;0;0;0;0;0;0;0;0;0;0;0;0;0;0
51498;Saint-Mard-sur-Auve;44;51;0;0;0;0;0;0;0;0;0;0;0;0;0;0;0;0;0;0;0;0;0;0;0;0;0;0;0;0;0;0;0;0;0;0;0;0;0
51499;Saint-Mard-lès-Rouffy;44;51;0;0;0;0;0;0;0;0;0;0;0;0;0;0;0;0;0;0;0;0;0;0;0;0;0;0;0;1;0;0;0;0;0;0;0;0;0
51500;Saint-Mard-sur-le-Mont;44;51;0;0;0;0;0;0;0;0;0;0;0;0;0;0;0;0;0;0;0;0;0;0;0;0;0;0;2;0;0;0;1;0;0;0;0;0;0
51501;Sainte-Marie-à-Py;44;51;0;0;0;0;0;0;0;0;0;0;0;0;0;0;0;0;0;0;0;0;1;0;0;0;0;0;0;0;0;0;0;0;0;0;0;0;0
51502;Saint-Martin-aux-Champs;44;51;0;0;0;0;0;0;0;0;0;0;0;0;0;0;0;0;0;0;0;0;0;0;0;0;0;0;0;0;0;0;0;0;0;0;0;0;0
51503;Saint-Martin-l'Heureux;44;51;0;0;0;0;0;0;0;0;0;0;0;0;0;0;0;0;0;0;0;0;0;0;0;0;0;0;0;0;0;0;0;0;0;0;0;0;0
51504;Saint-Martin-sur-le-Pré;44;51;0;0;0;0;0;0;0;0;0;0;0;0;0;0;0;0;0;0;0;0;9;1;0;0;0;6;4;11;2;0;3;0;0;1;0;0;0
51505;Saint-Masmes;44;51;0;0;0;0;0;0;0;0;0;0;0;0;0;0;0;0;0;0;0;1;0;0;0;0;2;1;2;0;0;0;0;0;0;0;0;0;0
51506;Saint-Memmie;44;51;0;0;0;0;0;0;0;0;0;0;0;0;0;0;0;4;1;1;0;0;15;2;0;1;5;5;2;10;4;1;8;1;0;4;0;0;3
51507;Sainte-Menehould;44;51;0;1;0;0;0;0;0;0;0;2;0;1;1;0;0;4;3;1;1;0;18;2;0;3;4;11;7;6;3;4;11;3;1;17;4;0;3
51508;Saint-Ouen-Domprot;44;51;0;0;0;0;0;0;0;0;0;0;0;0;0;0;0;0;0;0;0;0;1;0;0;0;1;0;2;0;0;0;0;0;0;0;0;0;0
51509;Saint-Pierre;44;51;0;0;0;0;0;0;0;0;0;0;0;0;0;0;0;0;0;0;0;0;1;0;0;0;0;0;0;0;0;0;0;0;0;0;0;0;0
51510;Saint-Quentin-les-Marais;44;51;0;0;0;0;0;0;0;0;0;0;0;0;0;0;0;0;0;0;0;0;0;0;0;0;0;0;0;0;0;0;0;0;0;0;0;0;0
51511;Saint-Quentin-le-Verger;44;51;0;0;0;0;0;0;0;0;0;0;0;0;0;0;0;0;0;0;0;0;0;0;0;0;0;0;0;0;1;0;0;0;0;0;0;0;0
51512;Saint-Quentin-sur-Coole;44;51;0;0;0;0;0;0;0;0;0;0;0;0;0;0;0;0;0;0;0;0;0;0;0;0;0;0;0;0;0;0;0;0;0;0;0;0;0
51513;Saint-Remy-en-Bouzemont-Saint-Genest-et-Isson;44;51;0;1;0;0;0;0;0;0;0;0;0;0;1;0;0;0;0;1;0;0;0;0;0;0;0;0;1;1;1;0;0;0;0;1;1;0;0
51514;Saint-Remy-sous-Broyes;44;51;0;0;0;0;0;0;0;0;0;0;0;0;0;0;0;0;0;0;0;0;0;0;0;0;0;0;0;0;0;0;0;0;0;0;0;0;0
51515;Saint-Remy-sur-Bussy;44;51;0;0;0;0;0;0;0;0;0;0;0;0;0;0;0;0;0;0;0;0;1;0;0;0;0;0;0;0;0;0;1;0;0;0;0;0;0
51516;Saint-Saturnin;44;51;0;0;0;0;0;0;0;0;0;0;0;0;0;0;0;0;0;0;0;0;0;0;0;0;0;0;1;0;0;0;0;0;0;0;0;0;0
51517;Saint-Souplet-sur-Py;44;51;0;0;0;0;0;0;0;0;0;0;0;0;0;0;0;0;0;0;0;0;0;0;0;0;0;0;0;0;0;0;0;0;0;0;0;0;0
51518;Saint-Thierry;44;51;0;0;0;0;0;0;0;0;0;0;0;0;0;0;0;0;0;0;0;0;0;0;0;0;1;0;0;1;0;0;1;0;0;0;0;0;0
51519;Saint-Thomas-en-Argonne;44;51;0;0;0;0;0;0;0;0;0;0;0;0;0;0;0;0;0;0;0;0;0;0;0;0;0;0;0;0;0;0;0;0;0;0;0;0;0
51520;Saint-Utin;44;51;0;0;0;0;0;0;0;0;0;0;0;0;0;0;0;0;0;0;0;0;0;0;0;0;0;0;0;0;0;0;0;0;0;0;0;0;0
51521;Saint-Vrain;44;51;0;0;0;0;0;0;0;0;0;0;0;0;0;0;0;0;0;0;0;0;0;0;0;0;0;0;0;2;0;1;0;0;0;0;0;0;0
51522;Sapignicourt;44;51;0;0;0;0;0;0;0;0;0;0;0;0;0;0;0;0;0;0;0;0;0;0;0;0;0;1;0;0;0;0;0;0;0;1;0;0;0
51523;Sarcy;44;51;0;0;0;0;0;0;0;0;0;0;0;0;0;0;0;0;0;0;0;0;0;0;0;0;1;0;0;0;1;0;0;0;0;1;0;0;0
51524;Saron-sur-Aube;44;51;0;0;0;0;0;0;0;0;0;0;0;0;0;0;0;0;0;0;0;0;1;0;0;0;0;0;0;0;1;0;0;0;0;0;0;0;0
51525;Sarry;44;51;0;0;0;0;0;0;0;0;0;0;0;0;0;0;0;1;0;0;1;0;0;0;0;1;3;4;1;1;2;0;3;0;0;1;1;0;1
51526;Saudoy;44;51;0;0;0;0;0;0;0;0;0;0;0;0;0;0;0;0;0;0;0;0;2;0;0;0;1;0;0;0;0;0;0;0;0;2;0;0;0
51527;Savigny-sur-Ardres;44;51;0;0;0;0;0;0;0;0;0;0;0;0;0;0;0;0;0;0;0;0;0;0;0;0;0;0;0;1;0;0;0;0;0;0;0;0;1
51528;Scrupt;44;51;0;0;0;0;0;0;0;0;0;0;0;0;0;0;0;0;0;0;0;0;0;0;0;0;0;0;1;0;1;0;1;0;0;0;0;0;0
51529;Selles;44;51;0;0;0;0;0;0;0;0;0;0;0;0;0;0;0;0;0;0;0;0;0;0;0;0;0;0;2;0;1;0;0;0;0;0;0;0;0
51530;Sept-Saulx;44;51;0;0;0;0;0;0;0;0;0;0;0;0;0;0;0;0;0;0;0;1;1;0;0;0;4;2;6;1;0;0;0;0;0;2;0;0;0
51531;Sermaize-les-Bains;44;51;0;1;0;0;0;0;0;0;0;1;0;1;0;0;0;2;0;1;0;0;1;0;0;2;0;1;2;5;2;0;4;0;0;7;0;0;5
51532;Sermiers;44;51;0;0;0;0;0;0;0;0;0;0;0;0;0;0;0;0;0;0;0;0;0;0;0;0;0;0;3;0;1;0;0;0;0;2;0;0;0
51533;Servon-Melzicourt;44;51;0;0;0;0;0;0;0;0;0;0;0;0;0;0;0;0;0;0;0;0;0;0;0;0;0;0;0;0;0;0;0;0;0;0;0;0;0
51534;Serzy-et-Prin;44;51;0;0;0;0;0;0;0;0;0;0;0;0;0;0;0;0;0;0;0;0;0;0;0;0;0;1;0;0;0;0;0;0;0;0;0;0;0
51535;Sézanne;44;51;0;1;0;0;0;0;0;0;0;2;0;1;0;0;0;6;2;1;0;0;7;3;0;7;8;6;2;1;4;2;9;1;3;21;4;2;7
51536;Sillery;44;51;0;0;0;0;0;0;0;0;0;0;0;0;0;0;0;0;0;1;0;0;4;1;0;1;3;2;3;2;1;0;3;0;0;1;1;0;2
51537;Sivry-Ante;44;51;0;0;0;0;0;0;0;0;0;0;0;0;0;0;0;0;0;0;0;0;0;0;0;0;0;0;0;0;1;0;0;0;0;0;0;0;0
51538;Sogny-aux-Moulins;44;51;0;0;0;0;0;0;0;0;0;0;0;0;0;0;0;0;0;0;0;0;1;0;10;0;0;0;0;1;1;0;0;0;0;0;0;0;0
51539;Sogny-en-l'Angle;44;51;0;0;0;0;0;0;0;0;0;0;0;0;0;0;0;0;0;0;0;0;0;0;0;0;1;0;0;1;0;0;0;0;0;0;0;0;0
51542;Soizy-aux-Bois;44;51;0;0;0;0;0;0;0;0;0;0;0;0;0;0;0;0;0;0;0;0;0;0;0;0;0;0;0;0;0;0;0;0;0;0;0;0;0
51543;Somme-Bionne;44;51;0;0;0;0;0;0;0;0;0;0;0;0;0;0;0;0;0;0;0;0;0;0;0;0;1;0;0;0;0;0;0;0;0;0;0;0;0
51544;Sommepy-Tahure;44;51;0;0;0;0;0;0;0;0;0;0;0;0;0;0;0;1;0;0;0;1;1;0;0;1;0;1;1;1;0;1;1;0;0;2;0;0;1
51545;Sommesous;44;51;0;1;0;0;0;0;0;0;0;0;0;0;0;0;0;0;0;0;0;1;2;0;0;0;0;0;0;0;0;0;0;0;0;0;0;0;0
51546;Somme-Suippe;44;51;0;0;0;0;0;0;0;0;0;0;0;0;0;0;0;0;0;0;0;0;0;0;0;0;1;1;0;0;0;0;0;0;0;0;0;0;0
51547;Somme-Tourbe;44;51;0;0;0;0;0;0;0;0;0;0;0;0;0;0;0;0;0;0;0;0;0;0;0;0;0;0;0;0;0;0;0;0;0;0;0;0;0
51548;Somme-Vesle;44;51;0;0;0;0;0;0;0;0;0;0;0;0;0;0;0;0;0;0;0;0;0;0;0;0;0;0;0;1;1;1;0;0;0;1;0;0;0
51549;Somme-Yèvre;44;51;0;0;0;0;0;0;0;0;0;0;0;0;0;0;0;0;0;0;0;0;0;0;0;0;0;0;0;0;0;0;0;0;0;0;0;0;0
51550;Sompuis;44;51;0;0;0;0;0;0;0;0;0;0;0;0;0;0;0;0;0;0;0;1;1;0;0;0;1;1;1;0;0;0;0;0;0;0;0;0;0
51551;Somsois;44;51;0;0;0;0;0;0;0;0;0;0;0;0;0;0;0;0;0;0;0;0;0;0;0;0;0;0;0;0;1;0;0;0;0;0;1;0;0
51552;Songy;44;51;0;0;0;0;0;0;0;0;0;0;0;0;0;0;0;0;0;0;0;0;0;0;0;0;0;1;0;0;0;0;0;0;0;0;0;0;0
51553;Souain-Perthes-lès-Hurlus;44;51;0;0;0;0;0;0;0;0;0;0;0;0;0;0;0;0;0;0;0;0;0;0;0;0;0;1;0;1;0;0;0;0;0;1;0;0;0
51555;Soudé;44;51;0;0;0;0;0;0;0;0;0;0;0;0;0;0;0;0;0;0;0;0;0;0;0;0;0;0;0;0;0;0;0;0;0;4;0;0;0
51556;Soudron;44;51;0;0;0;0;0;0;0;0;0;0;0;0;0;0;0;0;0;0;0;0;0;0;0;0;1;0;0;1;0;0;0;0;0;0;0;0;1
51557;Soulanges;44;51;0;0;0;0;0;0;0;0;0;0;0;0;0;0;0;0;0;0;0;0;0;0;0;0;0;0;0;0;0;0;1;0;0;0;0;0;1
51558;Soulières;44;51;0;0;0;0;0;0;0;0;0;0;0;0;0;0;0;0;0;0;0;0;1;0;0;0;0;1;1;0;0;0;0;0;0;0;0;0;0
51559;Suippes;44;51;0;1;0;0;0;0;0;0;0;1;0;1;1;0;0;2;2;1;0;0;4;1;0;1;3;6;2;3;1;1;4;1;0;7;0;0;1
51560;Suizy-le-Franc;44;51;0;0;0;0;0;0;0;0;0;0;0;0;0;0;0;0;0;0;0;0;0;0;0;0;2;0;0;0;0;0;0;0;0;0;0;0;0
51562;Taissy;44;51;0;1;0;0;0;0;0;0;0;0;0;0;0;0;0;0;0;1;0;0;4;0;0;1;2;4;5;0;4;3;4;3;0;3;2;0;3
51563;Talus-Saint-Prix;44;51;0;0;0;0;0;0;0;0;0;0;0;0;0;0;0;0;0;0;0;0;0;0;0;0;2;0;0;0;0;0;0;0;0;0;0;0;0
51564;Val de Livre;44;51;0;0;0;0;0;0;0;0;0;0;0;0;0;0;0;0;0;0;0;0;0;0;0;0;0;0;0;0;0;0;0;0;0;1;0;0;0
51565;Thaas;44;51;0;0;0;0;0;0;0;0;0;0;0;0;0;0;0;0;0;0;0;0;1;0;0;0;0;0;1;0;0;0;1;0;0;0;0;0;0
51566;Thibie;44;51;0;0;0;0;0;0;0;0;0;0;0;0;0;0;0;0;0;0;0;0;0;0;0;0;0;0;0;1;0;1;0;0;0;0;0;0;0
51567;Thiéblemont-Farémont;44;51;0;1;0;0;0;0;0;0;0;0;0;0;0;0;0;0;0;0;0;1;1;0;0;0;1;0;0;0;0;0;1;0;0;0;0;0;0
51568;Thil;44;51;0;0;0;0;0;0;0;0;0;0;0;0;0;0;0;0;0;0;0;0;0;0;0;0;1;1;0;0;1;0;0;0;0;0;0;0;0
51569;Thillois;44;51;0;0;0;0;0;0;0;0;0;0;0;0;0;0;0;1;0;0;0;0;4;0;1;0;1;1;1;0;1;0;1;0;0;13;0;0;0
51570;Le Thoult-Trosnay;44;51;0;0;0;0;0;0;0;0;0;0;0;0;0;0;0;0;1;0;0;0;0;0;0;0;0;0;0;0;0;0;0;0;0;0;0;0;0
51571;Val-de-Vesle;44;51;0;0;0;0;0;0;0;0;0;0;0;0;0;0;0;0;0;0;0;0;1;0;0;0;0;1;1;2;1;0;0;0;0;3;0;0;0
51572;Tilloy-et-Bellay;44;51;0;0;0;0;0;0;0;0;0;0;0;0;0;0;0;0;0;0;0;0;0;0;0;0;0;0;0;0;0;0;0;0;0;0;0;0;0
51573;Tinqueux;44;51;0;0;0;0;0;0;0;0;0;0;0;0;1;0;0;6;0;1;0;0;24;3;1;2;8;9;11;6;10;6;8;4;0;15;7;1;9
51574;Togny-aux-Boeufs;44;51;0;0;0;0;0;0;0;0;0;0;0;0;0;0;0;0;0;0;0;0;0;0;0;0;0;0;0;0;0;0;0;0;0;0;0;0;0
51576;Tours-sur-Marne;44;51;0;0;0;0;0;0;0;0;0;0;0;0;0;0;0;1;1;1;0;0;7;0;0;0;2;2;0;4;0;1;1;0;0;1;1;1;2
51577;Tramery;44;51;0;0;0;0;0;0;0;0;0;0;0;0;0;0;0;0;0;0;0;0;0;0;0;0;0;0;0;0;0;0;0;0;0;1;0;0;0
51578;Trécon;44;51;0;0;0;0;0;0;0;0;0;0;0;0;0;0;0;0;0;0;0;0;0;0;0;0;0;1;0;0;0;0;0;0;0;0;0;0;0
51579;Tréfols;44;51;0;0;0;0;0;0;0;0;0;0;0;0;0;0;0;0;0;0;0;0;0;0;0;0;1;0;0;1;0;0;0;0;0;1;0;0;0
51580;Trépail;44;51;0;0;0;0;0;0;0;0;0;0;0;0;0;0;0;0;0;0;0;1;0;0;0;0;0;0;1;0;0;1;0;0;0;0;0;0;1
51581;Treslon;44;51;0;0;0;0;0;0;0;0;0;0;0;0;0;0;0;0;0;0;0;0;0;0;0;0;1;0;1;1;0;0;0;0;0;0;0;0;0
51582;Trigny;44;51;0;0;0;0;0;0;0;0;0;0;0;0;0;0;0;0;0;0;0;1;0;0;0;0;1;0;2;0;1;1;1;0;0;0;0;0;0
51583;Trois-Fontaines-l'Abbaye;44;51;0;0;0;0;0;0;0;0;0;0;0;0;0;0;0;0;0;0;0;0;0;0;0;0;0;1;0;1;1;0;1;0;0;0;0;0;0
51584;Trois-Puits;44;51;0;0;0;0;0;0;0;0;0;0;0;0;0;0;0;0;0;0;0;0;0;0;0;0;0;0;0;0;0;0;0;0;0;0;2;0;0
51585;Troissy;44;51;0;0;0;0;0;0;0;0;0;0;0;0;0;0;0;0;0;0;0;1;2;0;0;0;1;2;0;2;0;0;2;0;0;3;0;0;0
51586;Unchair;44;51;0;0;0;0;0;0;0;0;0;0;0;0;0;0;0;0;0;0;0;0;0;0;0;0;0;0;0;0;0;1;0;0;0;0;0;0;0
51587;Vadenay;44;51;0;0;0;0;0;0;0;0;0;0;0;0;0;0;0;0;0;0;0;0;1;0;0;0;0;0;0;1;1;0;0;0;0;0;0;0;0
51588;Valmy;44;51;0;0;0;0;0;0;0;0;0;0;0;0;0;0;0;0;0;0;0;1;0;0;0;0;2;0;0;0;1;0;0;0;0;3;0;0;0
51589;Vanault-le-Châtel;44;51;0;0;0;0;0;0;0;0;0;0;0;0;0;0;0;0;0;0;0;0;1;0;0;0;0;0;0;0;1;0;0;0;0;0;0;0;0
51590;Vanault-les-Dames;44;51;0;1;0;0;0;0;0;0;0;0;0;0;0;0;0;0;0;0;1;0;0;0;0;0;0;0;0;0;2;0;1;0;0;1;0;0;2
51591;Vandeuil;44;51;0;0;0;0;0;0;0;0;0;0;0;0;0;0;0;0;0;0;0;0;0;0;0;0;0;0;0;0;0;0;0;0;0;0;0;0;0
51592;Vandières;44;51;0;0;0;0;0;0;0;0;0;0;0;0;0;0;0;0;0;0;0;0;0;0;0;0;0;0;0;0;0;1;0;0;0;0;0;0;0
51594;Vassimont-et-Chapelaine;44;51;0;0;0;0;0;0;0;0;0;0;0;0;0;0;0;0;0;0;0;0;0;0;0;0;0;0;0;0;0;0;0;0;0;0;0;0;0
51595;Vatry;44;51;0;0;0;0;0;0;0;0;0;0;0;0;0;0;0;0;0;0;0;0;0;0;0;0;0;1;0;0;0;0;1;0;0;1;0;0;0
51596;Vauchamps;44;51;0;0;0;0;0;0;0;0;0;0;0;0;0;0;0;0;0;0;0;0;1;0;0;0;3;0;0;1;1;0;1;0;0;0;0;0;0
51597;Vauciennes;44;51;0;0;0;0;0;0;0;0;0;0;0;0;0;0;0;0;0;0;0;0;2;0;0;0;0;0;1;1;0;0;0;0;0;1;0;0;0
51598;Vauclerc;44;51;0;0;0;0;0;0;0;0;0;0;0;0;0;0;0;0;0;0;0;0;1;0;0;0;1;0;0;0;0;0;2;0;0;0;0;0;0
51599;Vaudemange;44;51;0;0;0;0;0;0;0;0;0;0;0;0;0;0;0;0;0;0;0;0;0;0;0;0;0;0;0;0;1;0;0;0;0;0;1;0;0
51600;Vaudesincourt;44;51;0;0;0;0;0;0;0;0;0;0;0;0;0;0;0;0;0;0;0;0;0;0;0;0;0;0;0;0;0;1;0;0;0;0;0;0;0
51601;Vavray-le-Grand;44;51;0;0;0;0;0;0;0;0;0;0;0;0;0;0;0;0;0;0;0;0;0;0;0;0;1;0;1;0;1;0;0;0;0;0;0;0;0
51602;Vavray-le-Petit;44;51;0;0;0;0;0;0;0;0;0;0;0;0;0;0;0;0;0;0;0;0;0;0;0;0;0;0;0;0;0;0;0;0;0;0;0;0;0
51603;Vélye;44;51;0;0;0;0;0;0;0;0;0;0;0;0;0;0;0;0;0;0;0;0;1;0;0;0;3;0;1;0;0;1;0;0;0;0;0;0;0
51604;Ventelay;44;51;0;0;0;0;0;0;0;0;0;0;0;0;0;0;0;0;0;0;0;0;0;0;0;0;1;0;0;1;1;0;0;0;0;0;0;0;0
51605;Venteuil;44;51;0;0;0;0;0;0;0;0;0;0;0;0;0;0;0;0;0;0;0;0;0;0;0;0;0;0;0;0;0;0;0;0;0;0;0;0;1
51607;Verdon;44;51;0;0;0;0;0;0;0;0;0;0;0;0;0;0;0;0;0;0;0;0;0;0;0;0;1;0;0;2;0;0;0;0;0;0;0;0;0
51608;Vernancourt;44;51;0;0;0;0;0;0;0;0;0;0;0;0;0;0;0;0;0;0;0;0;0;0;0;0;0;0;0;0;0;0;0;0;0;0;0;0;0
51609;Verneuil;44;51;0;0;0;0;0;0;0;0;0;0;0;0;0;0;0;0;1;0;1;0;2;0;0;0;2;0;2;3;3;0;2;0;0;0;0;0;0
51610;Verrières;44;51;0;0;0;0;0;0;0;0;0;0;0;0;0;0;0;0;0;0;0;0;0;0;0;0;0;0;0;1;0;0;0;0;0;0;0;0;0
51611;Vert-Toulon;44;51;0;0;0;0;0;0;0;0;0;0;0;0;0;0;0;0;0;0;0;0;0;0;0;0;0;0;0;0;0;0;2;0;0;0;0;0;0
51612;Vertus;44;51;0;1;0;0;0;0;0;0;0;0;0;1;0;0;0;4;0;1;0;0;8;1;0;1;4;0;1;6;4;0;8;1;0;5;1;0;3
51613;Verzenay;44;51;0;0;0;0;0;0;0;0;0;0;0;0;0;0;0;0;0;0;0;1;0;0;0;0;1;0;1;0;1;0;1;0;0;1;0;0;1
51614;Verzy;44;51;0;0;0;0;0;0;0;0;0;1;0;0;0;0;0;3;0;1;0;0;2;0;0;1;0;0;1;2;1;2;2;0;0;2;1;0;1
51616;Vésigneul-sur-Marne;44;51;0;0;0;0;0;0;0;0;0;0;0;0;0;0;0;0;0;0;0;0;1;0;0;0;0;0;0;1;0;1;0;0;0;0;0;0;0
51617;La Veuve;44;51;0;0;0;0;0;0;0;0;0;0;0;0;0;0;0;0;0;0;0;0;1;0;0;2;0;0;2;0;0;1;0;0;0;2;0;0;1
51618;Le Vézier;44;51;0;0;0;0;0;0;0;0;0;0;0;0;0;0;0;0;0;0;0;0;0;0;0;0;3;0;0;1;0;0;0;0;0;0;0;0;0
51619;Le Vieil-Dampierre;44;51;0;0;0;0;0;0;0;0;0;0;0;0;0;0;0;0;0;0;0;0;0;0;0;0;0;0;0;0;0;0;0;0;0;0;0;0;0
51620;Vienne-la-Ville;44;51;0;0;0;0;0;0;0;0;0;0;0;0;0;0;0;0;0;0;0;0;0;0;0;0;0;0;1;0;1;0;0;0;0;0;0;0;1
51621;Vienne-le-Château;44;51;0;1;0;0;0;0;0;0;0;0;0;0;0;0;0;0;0;1;0;0;2;0;0;0;1;0;0;2;0;0;0;0;0;0;1;0;1
51622;Ville-Dommange;44;51;0;0;0;0;0;0;0;0;0;0;0;0;0;0;0;1;0;1;0;0;0;0;0;0;1;0;0;0;1;0;0;0;0;0;0;0;0
51623;Ville-en-Selve;44;51;0;0;0;0;0;0;0;0;0;0;0;0;0;0;0;0;0;0;0;0;0;0;0;0;2;1;0;0;0;0;0;0;0;0;0;0;0
51624;Ville-en-Tardenois;44;51;0;1;0;0;0;0;0;0;0;1;0;0;0;0;0;0;0;1;0;0;1;0;0;0;1;1;0;0;2;0;2;0;0;1;0;0;1
51625;Villeneuve-la-Lionne;44;51;0;0;0;0;0;0;0;0;0;0;0;0;0;0;0;0;0;0;0;0;0;0;0;0;1;0;0;2;0;0;0;0;0;0;0;0;0
51626;La Villeneuve-lès-Charleville;44;51;0;0;0;0;0;0;0;0;0;0;0;0;0;0;0;0;0;0;0;0;0;0;0;0;0;0;0;0;0;0;0;0;0;0;0;0;0
51627;Villeneuve-Renneville-Chevigny;44;51;0;0;0;0;0;0;0;0;0;0;0;0;0;0;0;0;0;0;0;0;0;0;0;0;0;0;0;1;0;1;0;0;0;1;0;0;0
51628;Villeneuve-Saint-Vistre-et-Villevotte;44;51;0;0;0;0;0;0;0;0;0;0;0;0;0;0;0;0;0;0;0;0;0;0;0;0;0;0;0;0;0;1;0;0;0;1;0;0;0
51629;Villers-Allerand;44;51;0;0;0;0;0;0;0;0;0;0;0;0;0;0;0;0;0;0;0;0;0;0;0;0;1;3;1;0;0;0;1;0;0;2;0;0;0
51630;Villers-aux-Bois;44;51;0;0;0;0;0;0;0;0;0;0;0;0;0;0;0;0;0;0;0;0;1;0;0;0;0;0;0;1;3;0;0;0;0;0;0;0;0
51631;Villers-aux-Noeuds;44;51;0;0;0;0;0;0;0;0;0;0;0;0;0;0;0;0;0;0;0;0;1;0;0;0;0;0;0;1;0;0;0;0;0;0;0;0;0
51632;Villers-en-Argonne;44;51;0;0;0;0;0;0;0;0;0;0;0;0;0;0;0;0;0;0;0;0;0;0;0;0;0;1;0;1;2;0;0;0;0;1;0;0;0
51633;Villers-Franqueux;44;51;0;0;0;0;0;0;0;0;0;0;0;0;0;0;0;0;0;0;0;0;0;0;0;0;0;0;0;0;1;0;1;0;0;0;0;0;0
51634;Villers-le-Château;44;51;0;0;0;0;0;0;0;0;0;0;0;0;0;0;0;0;1;0;0;0;0;0;0;0;0;1;0;0;0;0;1;0;0;0;0;0;1
51635;Villers-le-Sec;44;51;0;0;0;0;0;0;0;0;0;0;0;0;0;0;0;0;0;0;0;0;1;0;0;0;1;0;0;0;0;0;0;0;0;1;0;0;0
51636;Villers-Marmery;44;51;0;0;0;0;0;0;0;0;0;0;0;0;0;0;0;0;0;0;0;1;0;0;0;0;1;0;0;1;2;0;1;0;0;1;0;0;1
51637;Villers-sous-Châtillon;44;51;0;0;0;0;0;0;0;0;0;0;0;0;0;0;0;0;0;0;0;0;0;0;0;0;0;0;0;1;0;0;0;0;0;0;0;0;0
51638;Villeseneux;44;51;0;0;0;0;0;0;0;0;0;0;0;0;0;0;0;0;0;0;0;0;0;0;0;0;0;0;0;0;1;0;0;0;0;0;0;0;0
51639;La Ville-sous-Orbais;44;51;0;0;0;0;0;0;0;0;0;0;0;0;0;0;0;0;0;0;0;0;0;0;0;0;1;0;0;0;0;0;0;0;0;0;0;0;0
51640;Ville-sur-Tourbe;44;51;0;0;0;0;0;0;0;0;0;0;0;0;0;0;0;1;0;0;0;0;0;0;0;0;0;0;0;2;0;0;1;0;0;0;0;0;0
51641;Villevenard;44;51;0;0;0;0;0;0;0;0;0;0;0;0;0;0;0;0;0;0;0;0;0;0;0;0;0;0;0;0;0;0;0;0;0;1;0;0;0
51642;Villiers-aux-Corneilles;44;51;0;0;0;0;0;0;0;0;0;0;0;0;0;0;0;0;0;0;0;0;0;0;0;0;3;1;1;0;1;0;0;0;0;0;0;0;0
51643;Vinay;44;51;0;0;0;0;0;0;0;0;0;0;0;0;0;0;0;0;0;0;0;0;2;0;0;0;0;0;0;0;2;1;0;0;0;2;0;0;0
51644;Vincelles;44;51;0;0;0;0;0;0;0;0;0;0;0;0;0;0;0;0;0;0;0;0;0;0;0;0;1;1;0;1;0;0;0;0;0;0;0;0;1
51645;Vindey;44;51;0;0;0;0;0;0;0;0;0;0;0;0;0;0;0;0;0;0;0;0;0;0;0;0;0;0;0;0;0;0;0;0;0;0;0;0;0
51646;Virginy;44;51;0;0;0;0;0;0;0;0;0;0;0;0;0;0;0;0;0;0;0;0;0;0;0;0;0;0;0;0;0;0;0;0;0;0;0;0;0
51647;Vitry-en-Perthois;44;51;0;0;0;0;0;0;0;0;0;0;0;0;0;0;0;0;0;0;0;1;1;0;0;0;1;1;0;3;1;0;2;0;0;1;0;0;0
51648;Vitry-la-Ville;44;51;0;1;0;0;0;0;0;0;0;0;0;0;0;0;0;0;0;0;0;0;0;0;0;0;1;3;3;0;1;0;0;0;0;0;0;0;1
51649;Vitry-le-François;44;51;1;1;0;0;0;0;0;0;0;2;0;1;1;0;0;10;1;1;2;0;15;2;0;4;7;11;11;9;6;3;22;3;8;41;8;2;7
51650;Voilemont;44;51;0;0;0;0;0;0;0;0;0;0;0;0;0;0;0;0;0;0;0;0;0;0;0;0;0;0;0;0;0;0;0;0;0;0;0;0;0
51651;Voipreux;44;51;0;0;0;0;0;0;0;0;0;0;0;0;0;0;0;0;0;0;0;0;0;0;0;0;0;0;2;1;1;0;1;0;0;0;0;0;0
51652;Vouarces;44;51;0;0;0;0;0;0;0;0;0;0;0;0;0;0;0;0;0;0;0;0;0;0;0;0;0;0;0;0;0;0;0;0;0;0;0;0;0
51654;Vouillers;44;51;0;0;0;0;0;0;0;0;0;0;0;0;0;0;0;0;0;0;0;0;0;0;0;0;0;0;0;0;0;0;0;0;0;0;0;0;0
51655;Vouzy;44;51;0;0;0;0;0;0;0;0;0;0;0;0;0;0;0;0;0;0;0;0;0;0;0;0;1;1;1;1;2;0;1;0;0;0;0;0;0
51656;Vraux;44;51;0;0;0;0;0;0;0;0;0;0;0;0;0;0;0;0;0;0;0;0;0;0;0;0;2;1;0;2;0;0;0;0;0;0;0;0;0
51657;Vrigny;44;51;0;0;0;0;0;0;0;0;0;0;0;0;0;0;0;0;0;0;0;0;1;0;0;0;0;0;2;1;1;0;0;0;0;0;0;0;0
51658;Vroil;44;51;0;0;0;0;0;0;0;0;0;0;0;0;0;0;0;0;0;0;0;0;0;0;0;0;0;0;0;0;0;0;0;0;0;0;0;0;0
51659;Wargemoulin-Hurlus;44;51;0;0;0;0;0;0;0;0;0;0;0;0;0;0;0;0;0;0;0;0;0;0;0;0;1;0;0;0;0;0;0;0;0;0;0;0;0
51660;Warmeriville;44;51;0;0;0;0;0;0;0;0;0;0;0;0;0;0;0;0;0;1;0;0;3;1;0;1;0;2;5;4;1;0;3;1;0;3;0;0;1
51662;Witry-lès-Reims;44;51;0;1;0;0;0;0;0;0;0;0;0;0;0;0;0;1;1;1;0;0;11;0;0;3;7;7;9;12;10;2;5;1;0;3;2;0;2
51663;Magenta;44;51;0;0;0;0;0;0;0;0;0;0;0;0;0;0;0;0;1;0;0;0;3;2;2;1;0;3;1;0;3;0;3;0;0;5;2;0;1
52001;Ageville;44;52;0;0;0;0;0;0;0;0;0;0;0;0;0;0;0;0;1;0;0;0;0;0;0;0;1;0;0;0;0;0;0;0;0;1;0;0;0
52002;Aigremont;44;52;0;0;0;0;0;0;0;0;0;0;0;0;0;0;0;0;0;0;0;0;0;0;0;0;0;0;0;0;0;0;0;0;0;0;0;0;0
52003;Aillianville;44;52;0;0;0;0;0;0;0;0;0;0;0;0;0;0;0;0;0;0;0;0;0;0;0;0;0;0;0;0;0;0;0;0;0;0;0;0;0
52004;Aingoulaincourt;44;52;0;0;0;0;0;0;0;0;0;0;0;0;0;0;0;0;0;0;0;0;0;0;0;0;0;0;0;0;0;0;0;0;0;0;0;0;0
52005;Aizanville;44;52;0;0;0;0;0;0;0;0;0;0;0;0;0;0;0;0;0;0;0;0;0;0;0;0;0;0;0;1;0;0;0;0;0;0;0;0;0
52006;Allichamps;44;52;0;0;0;0;0;0;0;0;0;0;0;0;0;0;0;0;0;0;0;0;0;0;0;0;1;0;1;0;0;0;0;0;0;0;0;0;0
52007;Ambonville;44;52;0;0;0;0;0;0;0;0;0;0;0;0;0;0;0;0;0;0;0;0;0;0;0;0;0;1;0;1;0;0;0;0;0;0;0;0;0
52008;Andelot-Blancheville;44;52;0;1;0;0;0;0;0;0;0;0;1;0;0;0;0;1;1;1;0;0;1;0;0;1;2;2;1;2;1;0;1;0;0;0;0;0;0
52009;Andilly-en-Bassigny;44;52;0;0;0;0;0;0;0;0;0;0;0;0;0;0;0;0;0;0;0;0;0;0;0;0;0;0;0;0;0;0;0;0;0;0;0;0;0
52011;Annéville-la-Prairie;44;52;0;0;0;0;0;0;0;0;0;0;0;0;0;0;0;0;0;0;0;0;0;0;0;0;0;0;0;0;0;0;0;0;0;0;0;0;0
52012;Annonville;44;52;0;0;0;0;0;0;0;0;0;0;0;0;0;0;0;0;0;0;0;0;0;0;0;0;0;0;1;0;0;0;0;0;0;0;0;0;0
52013;Anrosey;44;52;0;0;0;0;0;0;0;0;0;0;0;0;0;0;0;0;0;0;0;0;0;0;0;0;0;1;0;0;0;0;1;0;0;0;0;0;0
52014;Aprey;44;52;0;0;0;0;0;0;0;0;0;0;0;0;0;0;0;0;0;0;0;0;1;0;0;0;0;0;1;1;0;0;0;0;0;0;0;0;0
52015;Arbigny-sous-Varennes;44;52;0;0;0;0;0;0;0;0;0;0;0;0;0;0;0;0;0;0;0;0;0;0;0;0;0;0;0;0;0;0;0;0;0;0;0;0;0
52016;Arbot;44;52;0;0;0;0;0;0;0;0;0;0;0;0;0;0;0;0;0;0;0;0;0;0;0;0;1;0;0;0;0;0;0;0;0;0;0;0;0
52017;Arc-en-Barrois;44;52;0;1;0;0;0;0;0;0;0;0;0;0;0;0;0;1;0;1;0;0;1;0;0;0;2;1;1;2;0;1;5;0;0;1;0;0;0
52019;Arnancourt;44;52;0;0;0;0;0;0;0;0;0;0;0;0;0;0;0;0;0;0;0;0;0;0;0;0;1;0;0;0;1;0;0;0;0;1;0;0;0
52021;Attancourt;44;52;0;0;0;0;0;0;0;0;0;0;0;0;0;0;0;0;0;0;0;0;1;0;0;0;1;0;0;0;0;0;0;0;0;0;0;0;0
52022;Aubepierre-sur-Aube;44;52;0;0;0;0;0;0;0;0;0;0;0;0;0;0;0;0;0;0;1;0;0;0;0;0;0;2;0;0;0;0;0;0;0;0;0;0;0
52023;Auberive;44;52;0;1;0;0;0;0;0;0;0;0;0;0;0;0;0;0;0;1;0;0;0;0;0;0;0;0;0;1;0;0;0;0;0;2;0;0;0
52025;Audeloncourt;44;52;0;0;0;0;0;0;0;0;0;0;0;0;0;0;0;0;0;0;0;0;0;0;0;0;0;0;0;0;0;0;0;0;0;0;0;0;0
52027;Aujeurres;44;52;0;0;0;0;0;0;0;0;0;0;0;0;0;0;0;0;0;0;0;0;0;0;0;0;0;0;0;0;0;0;0;0;0;0;0;0;0
52028;Aulnoy-sur-Aube;44;52;0;0;0;0;0;0;0;0;0;0;0;0;0;0;0;0;0;0;0;0;0;0;0;0;0;0;0;0;0;0;0;0;0;0;0;0;0
52029;Autigny-le-Grand;44;52;0;0;0;0;0;0;0;0;0;0;0;0;0;0;0;0;0;0;0;0;0;0;0;0;0;0;0;1;0;0;0;0;0;0;0;0;0
52030;Autigny-le-Petit;44;52;0;0;0;0;0;0;0;0;0;0;0;0;0;0;0;0;0;0;0;0;0;0;0;0;0;0;0;0;0;0;0;0;0;0;0;0;0
52031;Autreville-sur-la-Renne;44;52;0;0;0;0;0;0;0;0;0;0;0;0;0;0;0;0;0;0;0;0;0;0;0;0;1;1;1;0;1;0;0;0;0;0;0;0;0
52033;Avrecourt;44;52;0;0;0;0;0;0;0;0;0;0;0;0;0;0;0;0;0;0;0;0;0;0;0;0;0;0;0;0;0;0;0;0;0;0;0;0;0
52034;Bailly-aux-Forges;44;52;0;0;0;0;0;0;0;0;0;0;0;0;0;0;0;0;0;0;0;0;0;0;0;0;0;0;0;0;0;0;0;0;0;0;0;0;0
52035;Baissey;44;52;0;0;0;0;0;0;0;0;0;0;0;0;0;0;0;0;0;0;0;0;0;0;0;0;1;0;1;0;0;0;0;0;0;0;0;0;0
52037;Bannes;44;52;0;0;0;0;0;0;0;0;0;0;0;0;0;0;0;0;1;0;0;0;1;0;0;0;0;1;0;0;0;0;2;0;0;1;0;0;0
52038;Bassoncourt;44;52;0;0;0;0;0;0;0;0;0;0;0;0;0;0;0;0;0;0;0;0;0;0;0;0;0;0;0;0;0;0;0;0;0;1;0;0;0
52039;Baudrecourt;44;52;0;0;0;0;0;0;0;0;0;0;0;0;0;0;0;0;0;0;0;0;0;0;0;0;0;0;0;0;0;0;0;0;0;0;0;0;0
52040;Bay-sur-Aube;44;52;0;0;0;0;0;0;0;0;0;0;0;0;0;0;0;0;0;0;0;0;0;0;0;0;1;0;1;0;0;0;0;0;0;0;0;0;0
52042;Beauchemin;44;52;0;0;0;0;0;0;0;0;0;0;0;0;0;0;0;0;0;0;0;0;0;0;0;0;0;0;1;0;0;0;0;0;0;0;0;0;0
52043;Belmont;44;52;0;0;0;0;0;0;0;0;0;0;0;0;0;0;0;0;0;0;0;0;0;0;0;0;0;0;0;1;0;0;0;0;0;0;0;0;0
52044;Roches-Bettaincourt;44;52;0;0;0;0;0;0;0;0;0;0;0;0;0;0;0;0;0;0;0;1;1;0;0;0;1;2;0;2;2;0;0;0;0;2;1;0;0
52045;Bettancourt-la-Ferrée;44;52;0;0;0;0;0;0;0;0;0;0;0;0;0;0;0;2;0;0;0;1;7;1;1;0;3;2;2;4;3;1;4;0;0;3;1;0;0
52047;Beurville;44;52;0;0;0;0;0;0;0;0;0;0;0;0;0;0;0;0;0;0;0;0;0;0;0;0;1;0;0;0;0;0;0;0;0;0;0;0;0
52050;Biesles;44;52;0;0;0;0;0;0;0;0;0;0;0;0;0;0;0;1;1;1;0;0;1;0;0;0;2;1;1;0;2;0;2;0;0;3;1;1;1
52051;Bize;44;52;0;0;0;0;0;0;0;0;0;0;0;0;0;0;0;0;0;0;0;0;0;0;0;0;0;0;0;0;0;0;1;0;0;0;0;0;0
52053;Blaisy;44;52;0;0;0;0;0;0;0;0;0;0;0;0;0;0;0;0;1;0;0;0;0;0;0;0;0;0;0;0;0;0;0;0;0;0;0;0;0
52055;Blécourt;44;52;0;0;0;0;0;0;0;0;0;0;0;0;0;0;0;0;0;0;0;0;0;0;0;0;1;0;0;0;0;0;0;0;0;0;0;0;0
52056;Blessonville;44;52;0;0;0;0;0;0;0;0;0;0;0;0;0;0;0;0;0;0;0;0;0;0;0;0;0;1;0;1;0;0;0;0;0;0;0;0;0
52057;Blumeray;44;52;0;0;0;0;0;0;0;0;0;0;0;0;0;0;0;0;0;0;0;0;0;0;0;0;0;0;0;1;0;1;0;0;0;0;0;0;0
52058;Bologne;44;52;0;1;0;0;0;0;0;0;0;0;0;0;0;0;0;0;0;1;0;0;2;0;0;0;5;1;2;4;1;0;3;0;0;2;0;0;1
52059;Bonnecourt;44;52;0;0;0;0;0;0;0;0;0;0;0;0;0;0;0;0;0;0;0;0;0;0;0;0;0;0;0;1;0;0;0;0;0;0;0;0;0
52060;Bourbonne-les-Bains;44;52;0;1;0;0;0;0;0;0;0;0;1;0;0;0;0;4;1;1;0;0;4;2;0;2;1;5;4;4;0;0;5;1;0;13;1;2;2
52061;Bourdons-sur-Rognon;44;52;0;0;0;0;0;0;0;0;0;0;0;0;0;0;0;0;0;0;0;1;0;0;0;0;0;1;0;0;0;0;0;0;0;0;0;0;0
52062;Bourg;44;52;0;0;0;0;0;0;0;0;0;0;0;0;0;0;0;0;0;0;0;0;1;0;0;0;0;0;0;0;0;0;0;0;0;0;0;0;0
52063;Bourg-Sainte-Marie;44;52;0;0;0;0;0;0;0;0;0;0;0;0;0;0;0;0;0;0;0;0;2;0;0;0;0;0;0;0;0;0;0;0;0;2;0;0;0
52064;Bourmont;44;52;0;1;0;0;0;0;0;0;0;0;1;0;0;0;0;1;0;1;0;0;1;0;0;0;0;1;0;1;0;0;1;0;0;1;0;0;0
52065;Bouzancourt;44;52;0;0;0;0;0;0;0;0;0;0;0;0;0;0;0;0;0;0;0;0;0;0;0;0;0;0;0;0;0;0;0;0;0;0;0;0;0
52066;Brachay;44;52;0;0;0;0;0;0;0;0;0;0;0;0;0;0;0;0;0;0;0;0;0;0;0;0;0;0;0;0;0;0;0;0;0;0;0;0;0
52067;Brainville-sur-Meuse;44;52;0;0;0;0;0;0;0;0;0;0;0;0;0;0;0;0;0;0;0;0;0;0;0;0;0;0;0;0;0;0;1;0;0;0;0;0;0
52069;Braux-le-Châtel;44;52;0;0;0;0;0;0;0;0;0;0;0;0;0;0;0;0;0;0;0;0;1;0;0;0;0;0;0;1;0;0;1;0;0;0;0;0;0
52070;Brennes;44;52;0;0;0;0;0;0;0;0;0;0;0;0;0;0;0;0;0;0;0;0;0;0;0;0;0;0;0;0;1;0;0;0;0;0;0;0;0
52072;Brethenay;44;52;0;0;0;0;0;0;0;0;0;0;0;0;0;0;0;0;0;0;1;0;2;0;0;0;1;0;1;0;0;0;0;0;0;0;0;0;0
52074;Breuvannes-en-Bassigny;44;52;0;0;0;0;0;0;0;0;0;0;0;0;0;0;0;0;0;1;0;0;0;0;0;0;0;0;3;2;1;0;2;0;0;0;0;0;1
52075;Briaucourt;44;52;0;0;0;0;0;0;0;0;0;0;0;0;0;0;0;0;0;0;0;0;0;0;0;0;0;0;2;0;0;0;0;0;0;0;0;0;0
52076;Bricon;44;52;0;0;0;0;0;0;0;0;0;0;0;0;0;0;0;0;0;0;1;0;3;0;0;0;0;1;0;0;0;0;1;0;0;3;0;0;1
52079;Brousseval;44;52;0;0;0;0;0;0;0;0;0;0;0;0;0;0;0;0;0;0;0;1;1;0;0;0;0;0;1;1;1;0;0;0;0;0;0;0;0
52082;Bugnières;44;52;0;0;0;0;0;0;0;0;0;0;0;0;0;0;0;0;0;0;0;0;1;0;0;0;0;1;1;1;0;1;0;0;0;0;0;0;0
52083;Champsevraine;44;52;0;0;0;0;0;0;0;0;0;0;0;0;0;0;0;0;0;0;0;2;2;0;0;0;0;1;0;1;0;0;0;0;0;0;0;0;1
52084;Busson;44;52;0;0;0;0;0;0;0;0;0;0;0;0;0;0;0;0;0;0;0;0;0;0;0;0;0;0;0;0;0;0;0;0;0;0;0;0;0
52085;Buxières-lès-Clefmont;44;52;0;0;0;0;0;0;0;0;0;0;0;0;0;0;0;0;0;0;0;0;0;0;0;0;0;0;0;0;0;0;0;0;0;0;0;0;0
52087;Buxières-lès-Villiers;44;52;0;0;0;0;0;0;0;0;0;0;0;0;0;0;0;0;0;0;0;0;1;0;0;0;0;1;1;0;0;0;0;0;0;0;0;0;0
52088;Ceffonds;44;52;0;0;0;0;0;0;0;0;0;0;0;0;0;0;0;0;0;0;0;0;1;0;0;0;2;0;1;0;1;0;0;0;0;1;0;1;0
52089;Celles-en-Bassigny;44;52;0;0;0;0;0;0;0;0;0;0;0;0;0;0;0;0;0;0;0;0;0;0;0;0;0;0;0;0;0;0;0;0;0;0;0;0;0
52090;Celsoy;44;52;0;0;0;0;0;0;0;0;0;0;0;0;0;0;0;0;0;0;0;0;0;0;0;0;0;0;0;0;0;0;0;0;0;0;0;0;0
52091;Cerisières;44;52;0;0;0;0;0;0;0;0;0;0;0;0;0;0;0;0;0;0;0;0;0;0;0;0;0;0;0;0;0;0;0;0;0;0;0;0;0
52092;Chalancey;44;52;0;0;0;0;0;0;0;0;0;0;0;0;0;0;0;0;0;0;0;0;0;0;0;0;0;1;0;0;1;0;0;0;0;0;0;0;0
52093;Chalindrey;44;52;0;1;0;0;0;0;0;0;0;0;1;0;1;0;0;2;2;1;0;1;4;1;0;2;3;2;4;2;3;0;4;0;0;5;1;0;2
52094;Vals-des-Tilles;44;52;0;0;0;0;0;0;0;0;0;0;0;0;0;0;0;0;0;0;0;0;0;0;0;0;0;0;0;0;0;0;0;0;0;0;0;0;0
52095;Chalvraines;44;52;0;0;0;0;0;0;0;0;0;0;0;0;0;0;0;0;1;0;0;1;0;0;0;0;1;0;0;0;0;0;0;0;0;0;0;0;0
52097;Chambroncourt;44;52;0;0;0;0;0;0;0;0;0;0;0;0;0;0;0;0;0;0;0;0;0;0;0;0;0;0;0;0;0;0;0;0;0;0;0;0;0
52099;Chamouilley;44;52;0;0;0;0;0;0;0;0;0;0;0;0;0;0;0;0;0;1;0;0;1;0;0;0;0;1;2;1;1;0;2;0;0;1;0;0;0
52101;Champigneulles-en-Bassigny;44;52;0;0;0;0;0;0;0;0;0;0;0;0;0;0;0;0;0;0;0;0;0;0;0;0;0;0;0;0;0;0;0;0;0;0;0;0;0
52102;Champigny-lès-Langres;44;52;0;0;0;0;0;0;0;0;0;0;0;0;0;0;0;0;0;0;0;0;0;0;0;0;1;1;0;0;0;0;0;0;0;1;0;0;0
52103;Champigny-sous-Varennes;44;52;0;0;0;0;0;0;0;0;0;0;0;0;0;0;0;0;0;0;0;1;0;0;0;0;0;0;0;0;0;0;0;0;0;0;0;0;0
52104;Chancenay;44;52;0;0;0;0;0;0;0;0;0;0;0;0;0;0;0;0;0;0;0;0;0;0;0;0;0;1;1;1;0;0;1;0;0;0;1;0;0
52105;Changey;44;52;0;0;0;0;0;0;0;0;0;0;0;0;0;0;0;0;0;0;0;0;0;0;0;0;1;1;0;0;1;0;0;0;0;0;1;0;0
52106;Chanoy;44;52;0;0;0;0;0;0;0;0;0;0;0;0;0;0;0;0;0;0;0;0;1;0;0;0;0;0;0;0;0;0;0;0;0;0;0;0;0
52107;Chantraines;44;52;0;0;0;0;0;0;0;0;0;0;0;0;0;0;0;0;0;0;0;1;0;0;0;0;0;0;0;0;1;0;0;0;0;0;0;0;0
52108;Charmes;44;52;0;0;0;0;0;0;0;0;0;0;0;0;0;0;0;0;0;0;0;0;0;0;0;0;0;0;0;0;0;0;0;0;0;0;0;0;0
52109;Charmes-en-l'Angle;44;52;0;0;0;0;0;0;0;0;0;0;0;0;0;0;0;0;0;0;0;0;0;0;0;0;0;0;0;0;0;0;0;0;0;0;0;0;0
52110;Charmes-la-Grande;44;52;0;0;0;0;0;0;0;0;0;0;0;0;0;0;0;0;0;0;0;0;0;0;0;0;0;0;1;0;1;0;0;0;0;0;0;0;0
52113;Chassigny;44;52;0;0;0;0;0;0;0;0;0;0;0;0;0;0;0;0;0;0;0;1;1;0;0;0;1;0;1;0;0;0;0;0;0;1;0;0;0
52114;Châteauvillain;44;52;0;1;0;0;0;0;0;0;0;0;1;0;0;0;0;2;0;1;0;0;3;0;0;0;3;1;5;5;2;1;3;1;0;8;0;0;0
52115;Chatenay-Mâcheron;44;52;0;0;0;0;0;0;0;0;0;0;0;0;0;0;0;0;0;0;0;0;0;0;0;0;0;0;0;0;0;0;0;0;0;0;0;0;0
52116;Chatenay-Vaudin;44;52;0;0;0;0;0;0;0;0;0;0;0;0;0;0;0;0;0;0;0;0;0;0;0;0;0;0;0;0;0;0;0;0;0;0;0;0;0
52118;Chatonrupt-Sommermont;44;52;0;0;0;0;0;0;0;0;0;0;0;0;0;0;0;0;0;0;0;0;0;0;0;0;2;1;1;0;1;0;0;0;0;0;0;0;0
52119;Chaudenay;44;52;0;0;0;0;0;0;0;0;0;0;0;0;0;0;0;0;0;0;0;0;0;0;0;0;0;0;1;0;0;1;2;0;0;0;0;0;0
52120;Chauffourt;44;52;0;0;0;0;0;0;0;0;0;0;0;0;0;0;0;0;0;0;0;0;1;0;0;0;0;2;0;0;1;0;0;0;0;0;0;0;0
52121;Chaumont;44;52;1;0;0;1;1;1;1;0;0;0;14;1;3;0;0;17;7;2;1;0;37;4;6;11;11;27;22;26;21;7;37;4;7;63;19;6;15
52122;Chaumont-la-Ville;44;52;0;0;0;0;0;0;0;0;0;0;0;0;0;0;0;0;0;0;0;1;0;0;0;0;0;0;1;0;0;0;0;0;0;0;0;0;0
52123;Chevillon;44;52;0;0;0;0;0;0;0;0;0;0;0;1;0;0;0;0;0;0;0;1;1;0;0;0;0;2;2;2;1;0;2;0;0;0;0;0;1
52124;Chézeaux;44;52;0;0;0;0;0;0;0;0;0;0;0;0;0;0;0;0;0;0;0;0;0;0;0;0;0;0;0;0;0;0;0;0;0;0;0;0;0
52125;Chamarandes-Choignes;44;52;0;0;0;0;0;0;0;0;0;0;0;0;0;0;0;0;0;0;0;0;2;0;0;0;1;0;2;1;0;1;0;0;0;1;1;0;0
52126;Choilley-Dardenay;44;52;0;0;0;0;0;0;0;0;0;0;0;0;0;0;0;0;0;0;0;0;0;0;0;0;0;1;1;0;0;0;0;0;0;0;0;0;0
52127;Choiseul;44;52;0;0;0;0;0;0;0;0;0;0;0;0;0;0;0;0;0;0;0;0;0;0;0;0;0;0;0;0;0;0;0;0;0;0;0;0;0
52128;Cirey-lès-Mareilles;44;52;0;0;0;0;0;0;0;0;0;0;0;0;0;0;0;0;0;0;0;0;0;0;0;0;0;0;0;0;0;1;1;0;0;0;0;0;0
52129;Cirey-sur-Blaise;44;52;0;0;0;0;0;0;0;0;0;0;0;0;0;0;0;0;0;0;0;0;1;0;0;0;0;0;0;0;0;1;0;0;0;1;0;0;0
52130;Cirfontaines-en-Azois;44;52;0;0;0;0;0;0;0;0;0;0;0;0;0;0;0;0;0;0;0;0;0;0;0;0;0;0;1;0;0;0;0;0;0;0;0;0;0
52131;Cirfontaines-en-Ornois;44;52;0;0;0;0;0;0;0;0;0;0;0;0;0;0;0;0;0;0;0;0;0;0;0;0;0;0;0;0;0;0;0;0;0;0;0;0;0
52132;Clefmont;44;52;0;0;0;0;0;0;0;0;0;0;0;0;0;0;0;0;0;0;0;1;0;0;0;0;1;1;0;0;1;0;1;1;0;2;0;0;0
52133;Clinchamp;44;52;0;0;0;0;0;0;0;0;0;0;0;0;0;0;0;0;0;0;0;1;0;0;0;0;0;0;0;0;0;0;0;0;0;0;0;0;0
52134;Cohons;44;52;0;0;0;0;0;0;0;0;0;0;0;0;0;0;0;0;0;0;0;0;1;0;0;0;1;0;0;0;0;0;0;0;0;0;0;0;0
52135;Coiffy-le-Bas;44;52;0;0;0;0;0;0;0;0;0;0;0;0;0;0;0;0;0;0;0;0;0;0;0;0;0;0;0;0;1;0;0;0;0;0;0;0;0
52136;Coiffy-le-Haut;44;52;0;0;0;0;0;0;0;0;0;0;0;0;0;0;0;0;0;0;0;0;0;0;0;0;0;0;1;0;0;0;0;0;0;0;0;0;0
52137;Colmier-le-Bas;44;52;0;0;0;0;0;0;0;0;0;0;0;0;0;0;0;0;0;0;0;0;0;0;0;0;0;0;0;0;0;0;0;0;0;0;0;0;0
52138;Colmier-le-Haut;44;52;0;0;0;0;0;0;0;0;0;0;0;0;0;0;0;0;0;0;0;0;1;0;0;0;0;0;0;0;0;0;0;0;0;0;0;0;0
52140;Colombey-les-Deux-Églises;44;52;0;1;0;0;0;0;0;0;0;0;0;0;0;0;0;0;0;1;0;0;1;0;0;0;1;2;1;1;0;0;3;0;0;2;1;0;1
52141;Condes;44;52;0;0;0;0;0;0;0;0;0;0;0;0;0;0;0;0;0;0;0;0;1;0;0;0;0;1;0;1;0;0;0;0;0;0;0;0;0
52142;Consigny;44;52;0;0;0;0;0;0;0;0;0;0;0;0;0;0;0;0;0;0;0;0;0;0;0;0;0;0;0;0;0;0;0;0;0;0;0;0;0
52145;Coublanc;44;52;0;0;0;0;0;0;0;0;0;0;0;0;0;0;0;0;0;0;0;0;0;0;0;0;1;1;1;0;0;0;0;0;0;0;0;0;0
52146;Coupray;44;52;0;0;0;0;0;0;0;0;0;0;0;0;0;0;0;0;0;0;0;0;0;0;0;0;1;1;0;1;0;0;0;0;0;0;0;0;0
52147;Courcelles-en-Montagne;44;52;0;0;0;0;0;0;0;0;0;0;0;0;0;0;0;0;0;0;0;0;0;0;0;0;1;0;1;0;0;0;1;0;0;0;0;0;0
52149;Courcelles-sur-Blaise;44;52;0;0;0;0;0;0;0;0;0;0;0;0;0;0;0;0;0;0;0;0;0;0;0;0;0;0;0;1;0;0;0;0;0;0;0;0;0
52151;Cour-l'Évêque;44;52;0;0;0;0;0;0;0;0;0;0;0;0;0;0;0;0;0;0;0;0;1;0;0;0;1;0;1;1;0;0;0;0;0;0;0;0;0
52155;Culmont;44;52;0;0;0;0;0;0;0;0;0;0;0;0;0;0;0;0;0;0;0;0;0;0;0;0;2;1;0;0;0;0;0;0;0;0;0;0;0
52156;Curel;44;52;0;0;0;0;0;0;0;0;0;0;0;0;0;0;0;0;0;0;0;1;0;0;0;0;0;1;0;1;0;0;0;0;0;0;0;0;0
52157;Curmont;44;52;0;0;0;0;0;0;0;0;0;0;0;0;0;0;0;0;0;0;0;0;0;0;0;0;0;0;0;0;0;0;0;0;0;0;0;0;0
52158;Cusey;44;52;0;0;0;0;0;0;0;0;0;0;0;0;0;0;0;0;0;0;0;0;0;0;0;0;0;0;1;1;0;0;0;0;0;0;0;0;0
52159;Cuves;44;52;0;0;0;0;0;0;0;0;0;0;0;0;0;0;0;0;0;0;0;0;0;0;0;0;0;0;0;0;0;0;0;0;0;0;0;0;0
52160;Daillancourt;44;52;0;0;0;0;0;0;0;0;0;0;0;0;0;0;0;0;0;0;0;0;0;0;0;0;0;0;0;0;0;0;0;0;0;1;0;0;0
52161;Daillecourt;44;52;0;0;0;0;0;0;0;0;0;0;0;0;0;0;0;0;0;0;0;0;0;0;0;0;0;0;0;0;0;0;0;0;0;1;0;0;0
52162;Dammartin-sur-Meuse;44;52;0;0;0;0;0;0;0;0;0;0;0;0;0;0;0;0;0;0;0;1;0;0;0;0;0;0;0;0;1;0;0;0;0;0;0;0;0
52163;Dampierre;44;52;0;0;0;0;0;0;0;0;0;0;0;0;0;0;0;0;0;0;0;1;0;0;0;0;0;0;0;0;0;0;0;0;0;1;0;0;0
52164;Damrémont;44;52;0;0;0;0;0;0;0;0;0;0;0;0;0;0;0;0;0;0;0;0;0;0;0;0;0;0;0;0;0;0;0;0;0;0;0;0;0
52165;Dancevoir;44;52;0;0;0;0;0;0;0;0;0;0;0;0;0;0;0;0;0;0;1;0;0;0;0;0;0;0;0;0;0;0;0;0;0;1;0;0;0
52167;Darmannes;44;52;0;0;0;0;0;0;0;0;0;0;0;0;0;0;0;0;0;0;0;0;0;0;0;0;0;1;0;1;0;0;0;0;0;0;0;0;0
52168;Dinteville;44;52;0;0;0;0;0;0;0;0;0;0;0;0;0;0;0;0;0;0;0;0;0;0;0;0;0;0;0;0;0;0;0;0;0;0;0;0;0
52169;Domblain;44;52;0;0;0;0;0;0;0;0;0;0;0;0;0;0;0;0;0;0;0;0;0;0;0;0;0;0;0;0;0;0;0;0;0;0;0;0;0
52170;Dommarien;44;52;0;0;0;0;0;0;0;0;0;0;0;0;0;0;0;0;0;0;0;0;0;0;0;0;0;0;1;0;0;0;0;0;0;0;0;0;0
52171;Dommartin-le-Franc;44;52;0;0;0;0;0;0;0;0;0;0;0;0;0;0;0;0;0;0;0;1;1;0;0;0;0;0;1;0;0;0;0;0;0;0;0;0;0
52172;Dommartin-le-Saint-Père;44;52;0;0;0;0;0;0;0;0;0;0;0;0;0;0;0;0;0;0;0;1;1;0;0;0;0;0;1;0;0;0;0;0;0;0;0;0;0
52173;Domremy-Landéville;44;52;0;0;0;0;0;0;0;0;0;0;0;0;0;0;0;0;0;0;0;0;0;0;0;0;0;0;0;0;0;0;0;0;0;0;0;0;0
52174;Doncourt-sur-Meuse;44;52;0;0;0;0;0;0;0;0;0;0;0;0;0;0;0;0;0;0;0;0;0;0;0;0;0;0;0;0;0;0;0;0;0;0;0;0;0
52175;Donjeux;44;52;0;0;0;0;0;0;0;0;0;0;0;0;0;0;0;0;0;0;0;1;0;0;0;0;0;0;0;0;0;0;0;0;0;0;0;0;0
52177;Doulaincourt-Saucourt;44;52;0;1;0;0;0;0;0;0;0;0;0;1;0;0;0;0;0;1;0;0;0;0;0;0;0;2;0;2;0;0;1;0;0;0;0;0;1
52178;Doulevant-le-Château;44;52;0;1;0;0;0;0;0;0;0;0;0;1;0;0;0;1;0;1;0;0;0;0;0;0;1;0;0;1;0;0;2;0;0;0;0;0;0
52179;Doulevant-le-Petit;44;52;0;0;0;0;0;0;0;0;0;0;0;0;0;0;0;0;0;0;0;0;0;0;0;0;0;0;0;0;0;0;0;0;0;0;0;0;0
52181;Échenay;44;52;0;0;0;0;0;0;0;0;0;0;0;0;0;0;0;0;0;0;0;0;1;0;0;0;0;0;0;0;0;0;0;0;0;0;0;0;0
52182;Éclaron-Braucourt-Sainte-Livière;44;52;0;1;0;0;0;0;0;0;0;0;0;0;0;0;0;1;0;0;1;0;1;0;0;1;1;2;6;5;4;0;3;1;0;5;1;0;2
52183;Ecot-la-Combe;44;52;0;0;0;0;0;0;0;0;0;0;0;0;0;0;0;0;0;0;0;0;0;0;0;0;0;0;0;0;0;0;0;0;0;0;0;0;0
52184;Effincourt;44;52;0;0;0;0;0;0;0;0;0;0;0;0;0;0;0;0;0;0;0;0;0;0;0;0;0;0;0;0;0;0;0;0;0;0;0;0;0
52185;Enfonvelle;44;52;0;0;0;0;0;0;0;0;0;0;0;0;0;0;0;0;0;0;0;0;0;0;0;0;0;0;1;0;0;1;0;0;0;0;0;0;0
52187;Épizon;44;52;0;0;0;0;0;0;0;0;0;0;0;0;0;0;0;0;0;0;0;0;0;0;0;0;0;1;0;0;1;0;0;0;0;1;0;0;0
52189;Le Val-d'Esnoms;44;52;0;0;0;0;0;0;0;0;0;0;0;0;0;0;0;0;0;0;0;0;0;0;0;0;0;1;0;0;0;0;0;0;0;1;0;0;1
52190;Esnouveaux;44;52;0;0;0;0;0;0;0;0;0;0;0;0;0;0;0;0;0;0;0;1;1;0;0;0;0;0;0;0;1;0;0;0;0;1;0;0;0
52193;Euffigneix;44;52;0;0;0;0;0;0;0;0;0;0;0;0;0;0;0;0;0;0;0;0;1;0;0;0;0;0;2;0;0;1;1;0;0;0;0;0;0
52194;Eurville-Bienville;44;52;0;0;0;0;0;0;0;0;0;0;0;1;0;0;0;0;0;1;0;0;1;0;0;0;2;1;4;3;2;1;3;0;0;3;0;0;1
52195;Farincourt;44;52;0;0;0;0;0;0;0;0;0;0;0;0;0;0;0;0;0;0;0;0;0;0;0;0;0;0;0;0;0;0;0;0;0;0;0;0;0
52196;Faverolles;44;52;0;0;0;0;0;0;0;0;0;0;0;0;0;0;0;0;0;0;0;0;1;0;0;0;1;0;0;0;0;0;2;0;0;0;0;0;0
52197;Fayl-Billot;44;52;0;1;0;0;0;0;0;0;0;0;0;0;1;0;0;3;2;1;0;0;4;0;0;0;1;2;1;2;2;0;3;1;0;6;1;0;1
52198;Fays;44;52;0;0;0;0;0;0;0;0;0;0;0;0;0;0;0;0;0;0;0;0;1;0;0;0;0;0;1;0;0;0;0;0;0;0;0;0;0
52199;Ferrière-et-Lafolie;44;52;0;0;0;0;0;0;0;0;0;0;0;0;0;0;0;0;0;0;0;0;0;0;0;0;0;0;0;0;0;0;1;0;0;0;0;0;0
52200;Flagey;44;52;0;0;0;0;0;0;0;0;0;0;0;0;0;0;0;0;0;0;0;1;0;0;0;0;0;0;0;0;0;0;0;0;0;1;0;0;0
52201;Flammerécourt;44;52;0;0;0;0;0;0;0;0;0;0;0;0;0;0;0;0;0;0;0;0;0;0;0;0;3;0;0;0;1;0;0;0;0;0;0;0;0
52203;Fontaines-sur-Marne;44;52;0;0;0;0;0;0;0;0;0;0;0;0;0;0;0;0;0;0;0;0;1;0;1;0;0;0;0;0;0;0;0;0;0;0;0;0;0
52204;Forcey;44;52;0;0;0;0;0;0;0;0;0;0;0;0;0;0;0;0;0;0;0;0;1;0;0;0;0;0;0;0;0;0;0;0;0;0;0;0;0
52205;Foulain;44;52;0;0;0;0;0;0;0;0;0;0;0;0;0;0;0;0;0;1;0;0;2;0;0;0;0;1;1;1;1;0;1;0;1;2;0;0;0
52206;Frampas;44;52;0;0;0;0;0;0;0;0;0;0;0;0;0;0;0;0;0;0;0;0;1;0;0;0;1;0;1;0;0;0;0;0;0;1;0;0;0
52207;Frécourt;44;52;0;0;0;0;0;0;0;0;0;0;0;0;0;0;0;0;0;0;0;0;0;0;0;0;0;0;0;0;0;0;0;0;0;0;0;0;0
52208;Fresnes-sur-Apance;44;52;0;0;0;0;0;0;0;0;0;0;0;0;0;0;0;0;0;0;0;0;0;0;0;0;0;0;0;0;0;0;0;0;0;1;0;0;0
52211;Froncles;44;52;0;0;0;0;0;0;0;0;0;0;0;0;0;0;0;1;0;1;0;0;2;0;0;0;1;2;3;1;1;0;2;0;1;1;0;0;1
52212;Fronville;44;52;0;0;0;0;0;0;0;0;0;0;0;0;0;0;0;0;0;0;0;0;0;0;0;0;1;0;1;0;0;1;0;0;0;0;0;0;0
52213;Genevrières;44;52;0;0;0;0;0;0;0;0;0;0;0;0;0;0;0;0;0;0;0;0;2;1;0;0;0;0;0;0;0;0;0;0;0;1;1;0;0
52214;La Genevroye;44;52;0;0;0;0;0;0;0;0;0;0;0;0;0;0;0;0;0;0;0;0;0;0;0;0;0;0;0;0;0;0;0;0;0;0;0;0;0
52216;Germaines;44;52;0;0;0;0;0;0;0;0;0;0;0;0;0;0;0;0;0;0;0;0;0;0;0;0;0;0;0;0;0;0;0;0;0;0;0;0;0
52217;Germainvilliers;44;52;0;0;0;0;0;0;0;0;0;0;0;0;0;0;0;0;0;0;0;0;0;0;0;0;0;0;0;0;0;0;0;0;0;0;0;0;0
52218;Germay;44;52;0;0;0;0;0;0;0;0;0;0;0;0;0;0;0;0;0;0;0;0;0;0;0;0;0;0;1;0;0;0;0;0;0;0;0;0;0
52219;Germisay;44;52;0;0;0;0;0;0;0;0;0;0;0;0;0;0;0;0;0;0;0;0;0;0;0;0;0;0;0;0;0;0;0;0;0;0;0;0;0
52220;Giey-sur-Aujon;44;52;0;0;0;0;0;0;0;0;0;0;0;0;0;0;0;0;0;0;0;0;1;0;0;0;0;0;0;0;0;1;0;0;0;0;0;0;0
52221;Gillancourt;44;52;0;0;0;0;0;0;0;0;0;0;0;0;0;0;0;0;0;0;0;0;0;0;0;0;1;0;0;0;0;0;0;0;0;0;0;0;0
52222;Gillaumé;44;52;0;0;0;0;0;0;0;0;0;0;0;0;0;0;0;0;0;0;0;0;0;0;0;0;0;0;0;0;0;0;0;0;0;0;0;0;0
52223;Gilley;44;52;0;0;0;0;0;0;0;0;0;0;0;0;0;0;0;0;0;0;0;0;0;0;0;0;0;0;1;0;1;0;0;0;0;0;0;0;0
52225;Goncourt;44;52;0;0;0;0;0;0;0;0;0;0;0;0;0;0;0;0;0;0;0;1;1;0;0;0;0;0;0;0;0;0;0;0;0;0;0;0;0
52227;Graffigny-Chemin;44;52;0;0;0;0;0;0;0;0;0;0;0;0;0;0;0;0;0;0;0;0;0;0;0;0;0;0;0;0;0;0;0;0;0;0;0;0;0
52228;Grandchamp;44;52;0;0;0;0;0;0;0;0;0;0;0;0;0;0;0;0;0;0;0;0;0;0;0;0;1;0;0;0;0;0;0;0;0;0;0;0;0
52229;Grenant;44;52;0;0;0;0;0;0;0;0;0;0;0;0;0;0;0;0;0;0;0;0;0;0;0;0;0;0;0;0;0;0;0;0;0;0;0;0;0
52230;Gudmont-Villiers;44;52;0;0;0;0;0;0;0;0;0;0;0;0;0;0;0;0;0;0;0;1;0;0;0;0;0;0;1;0;1;1;0;0;0;0;0;0;1
52231;Guindrecourt-aux-Ormes;44;52;0;0;0;0;0;0;0;0;0;0;0;0;0;0;0;0;0;0;0;0;0;0;0;0;0;0;1;0;1;0;0;0;0;0;0;0;0
52232;Guindrecourt-sur-Blaise;44;52;0;0;0;0;0;0;0;0;0;0;0;0;0;0;0;0;0;0;0;0;0;0;0;0;0;0;0;0;0;0;0;0;0;0;0;0;0
52233;Guyonvelle;44;52;0;0;0;0;0;0;0;0;0;0;0;0;0;0;0;0;0;0;0;0;0;0;0;0;0;0;0;0;0;0;0;0;0;1;0;0;0
52234;Hâcourt;44;52;0;0;0;0;0;0;0;0;0;0;0;0;0;0;0;0;0;0;0;0;0;0;0;0;0;0;0;0;0;0;0;0;0;0;0;0;0
52235;Hallignicourt;44;52;0;0;0;0;0;0;0;0;0;0;0;0;0;0;0;0;0;0;0;0;0;0;0;0;0;0;0;0;0;0;0;0;0;0;0;0;0
52237;Harréville-les-Chanteurs;44;52;0;0;0;0;0;0;0;0;0;0;0;0;0;0;0;0;1;0;1;0;1;0;0;0;1;0;0;0;0;0;0;0;0;1;0;0;0
52240;Heuilley-le-Grand;44;52;0;0;0;0;0;0;0;0;0;0;0;0;0;0;0;0;0;0;0;0;2;0;0;0;0;0;0;0;0;0;0;0;0;0;0;0;0
52242;Haute-Amance;44;52;0;0;0;0;0;0;0;0;0;0;0;0;0;0;0;0;0;1;0;0;3;0;0;0;1;0;1;0;3;0;1;0;0;1;0;0;0
52243;Huilliécourt;44;52;0;0;0;0;0;0;0;0;0;0;0;0;0;0;0;0;0;0;0;0;0;0;0;0;0;0;0;0;0;0;0;0;0;0;0;0;0
52244;Humbécourt;44;52;0;0;0;0;0;0;0;0;0;0;0;0;0;0;0;0;0;0;0;0;0;0;0;0;1;0;2;1;3;1;2;0;0;0;1;0;0
52245;Humberville;44;52;0;0;0;0;0;0;0;0;0;0;0;0;0;0;0;0;0;0;0;0;0;0;0;0;0;0;0;1;0;0;0;0;0;0;0;0;0
52246;Humes-Jorquenay;44;52;0;0;0;0;0;0;0;0;0;0;0;0;0;0;0;0;0;0;0;1;0;0;0;0;1;0;0;1;2;0;0;0;0;1;0;0;0
52247;Illoud;44;52;0;0;0;0;0;0;0;0;0;0;0;0;0;0;0;0;0;0;0;0;0;0;0;0;0;0;0;0;0;0;0;0;0;1;0;0;0
52248;Is-en-Bassigny;44;52;0;0;0;0;0;0;0;0;0;0;0;0;0;0;0;0;0;0;1;0;0;0;0;0;3;1;1;1;1;0;0;0;0;1;0;0;2
52249;Isômes;44;52;0;0;0;0;0;0;0;0;0;0;0;0;0;0;0;0;0;0;0;0;0;0;0;0;1;1;1;0;1;0;0;0;0;0;0;0;0
52250;Joinville;44;52;0;1;0;0;0;0;0;0;0;0;2;1;0;0;0;5;3;1;0;0;12;2;0;2;5;4;3;2;3;3;10;3;1;11;3;1;2
52251;Jonchery;44;52;0;0;0;0;0;0;0;0;0;0;0;0;0;0;0;0;1;0;0;0;1;0;0;0;1;3;4;3;0;0;1;0;0;2;1;0;0
52253;Juzennecourt;44;52;0;0;0;0;0;0;0;0;0;0;0;0;0;0;0;0;0;0;0;1;0;0;0;0;0;0;2;1;0;0;1;0;0;0;0;0;0
52254;Lachapelle-en-Blaisy;44;52;0;0;0;0;0;0;0;0;0;0;0;0;0;0;0;0;0;0;0;0;0;0;0;0;0;0;0;0;0;0;0;0;0;0;0;0;0
52256;Lafauche;44;52;0;0;0;0;0;0;0;0;0;0;0;0;0;0;0;0;0;0;0;0;0;0;0;0;0;1;0;0;0;0;0;0;0;0;0;0;0
52257;Laferté-sur-Amance;44;52;0;0;0;0;0;0;0;0;0;0;0;0;0;0;0;0;0;0;0;1;0;0;0;0;0;0;0;0;0;0;0;0;0;0;0;0;0
52258;Laferté-sur-Aube;44;52;0;0;0;0;0;0;0;0;0;0;0;0;0;0;0;0;0;0;0;1;1;0;0;0;1;0;0;2;0;0;1;0;0;0;0;0;0
52260;Lamancine;44;52;0;0;0;0;0;0;0;0;0;0;0;0;0;0;0;0;0;0;0;0;0;0;0;0;0;0;0;0;0;0;0;0;0;0;0;0;0
52262;Lamothe-en-Blaisy;44;52;0;0;0;0;0;0;0;0;0;0;0;0;0;0;0;0;0;0;0;0;0;0;0;0;0;1;0;1;0;0;0;0;0;1;0;0;0
52264;Laneuvelle;44;52;0;0;0;0;0;0;0;0;0;0;0;0;0;0;0;0;0;0;0;0;0;0;0;0;0;0;0;1;0;1;0;0;0;0;0;0;0
52265;Bayard-sur-Marne;44;52;0;0;0;0;0;0;0;0;0;0;0;0;0;0;0;0;0;1;0;0;1;0;0;1;0;0;3;1;1;0;2;0;0;3;0;0;0
52266;Laneuville-à-Rémy;44;52;0;0;0;0;0;0;0;0;0;0;0;0;0;0;0;0;0;0;0;0;0;0;0;0;1;0;0;0;0;0;0;0;0;0;0;0;0
52267;Laneuville-au-Pont;44;52;0;0;0;0;0;0;0;0;0;0;0;0;0;0;0;0;0;0;0;0;0;0;0;0;0;0;0;0;0;1;1;0;0;0;0;0;0
52269;Langres;44;52;0;1;0;0;0;0;0;0;0;0;2;1;1;0;0;24;1;1;1;0;11;2;1;6;5;7;2;8;3;4;16;1;6;28;6;1;8
52271;Lanques-sur-Rognon;44;52;0;0;0;0;0;0;0;0;0;0;0;0;0;0;0;0;0;0;0;0;0;0;0;0;0;0;0;1;0;0;0;0;0;0;0;0;0
52272;Lanty-sur-Aube;44;52;0;0;0;0;0;0;0;0;0;0;0;0;0;0;0;0;0;0;0;0;0;0;0;0;1;0;0;0;0;0;0;0;0;0;0;0;0
52273;Larivière-Arnoncourt;44;52;0;0;0;0;0;0;0;0;0;0;0;0;0;0;0;0;0;0;0;0;0;0;0;0;0;0;0;0;0;0;0;0;0;1;0;0;0
52274;Latrecey-Ormoy-sur-Aube;44;52;0;0;0;0;0;0;0;0;0;0;0;0;0;0;0;0;0;0;0;1;1;0;0;0;2;0;1;0;0;0;0;0;0;0;0;0;0
52275;Lavernoy;44;52;0;0;0;0;0;0;0;0;0;0;0;0;0;0;0;0;0;0;0;0;0;0;0;0;1;0;0;0;0;0;0;0;0;0;0;0;0
52276;Laville-aux-Bois;44;52;0;0;0;0;0;0;0;0;0;0;0;0;0;0;0;0;0;0;0;0;0;0;0;0;1;0;0;0;0;0;0;0;0;0;0;0;0
52277;Lavilleneuve;44;52;0;0;0;0;0;0;0;0;0;0;0;0;0;0;0;0;0;0;0;0;1;0;0;0;0;0;0;0;0;0;0;0;0;0;0;0;0
52278;Lavilleneuve-au-Roi;44;52;0;0;0;0;0;0;0;0;0;0;0;0;0;0;0;0;0;0;0;0;0;0;0;0;0;0;0;0;0;0;0;0;0;0;0;0;0
52280;Lecey;44;52;0;0;0;0;0;0;0;0;0;0;0;0;0;0;0;0;0;0;0;0;0;0;0;0;0;0;0;0;0;0;0;0;0;0;0;0;0
52282;Leffonds;44;52;0;0;0;0;0;0;0;0;0;0;0;0;0;0;0;0;0;0;0;0;0;0;0;0;2;0;3;1;1;0;0;0;0;0;0;0;0
52284;Leschères-sur-le-Blaiseron;44;52;0;0;0;0;0;0;0;0;0;0;0;0;0;0;0;0;0;0;0;0;1;0;0;0;1;0;0;0;0;0;0;0;0;0;0;0;0
52285;Leuchey;44;52;0;0;0;0;0;0;0;0;0;0;0;0;0;0;0;0;0;0;0;0;0;0;0;0;0;0;2;0;0;0;0;0;0;0;0;0;0
52286;Leurville;44;52;0;0;0;0;0;0;0;0;0;0;0;0;0;0;0;0;0;0;0;0;0;0;0;0;1;0;0;0;0;0;0;0;0;0;0;0;0
52287;Levécourt;44;52;0;0;0;0;0;0;0;0;0;0;0;0;0;0;0;0;0;0;0;0;0;0;0;0;0;0;0;0;0;0;0;0;0;0;0;0;0
52288;Lezéville;44;52;0;0;0;0;0;0;0;0;0;0;0;0;0;0;0;0;1;0;0;0;0;0;0;0;1;0;0;0;0;0;0;0;0;0;0;0;0
52289;Liffol-le-Petit;44;52;0;0;0;0;0;0;0;0;0;0;0;0;0;0;0;0;0;0;0;1;1;0;0;0;0;0;1;0;0;0;0;0;0;1;0;0;0
52290;Les Loges;44;52;0;0;0;0;0;0;0;0;0;0;0;0;0;0;0;0;0;0;0;0;0;0;0;0;0;0;0;0;0;0;0;0;0;0;0;0;0
52291;Longchamp;44;52;0;0;0;0;0;0;0;0;0;0;0;0;0;0;0;0;0;0;0;0;0;0;0;0;0;1;0;0;0;0;0;0;0;0;0;0;0
52292;Longeau-Percey;44;52;0;1;0;0;0;0;0;0;0;0;0;0;0;0;0;1;2;0;0;1;2;0;0;1;2;0;1;1;1;0;1;0;0;2;0;0;1
52294;Louvemont;44;52;0;0;0;0;0;0;0;0;0;0;0;0;0;0;0;0;0;0;0;1;1;0;0;0;1;0;0;1;1;0;2;0;0;0;1;0;0
52295;Louvières;44;52;0;0;0;0;0;0;0;0;0;0;0;0;0;0;0;0;0;0;0;0;0;0;0;0;0;0;0;0;0;0;0;0;0;0;0;0;0
52297;Luzy-sur-Marne;44;52;0;0;0;0;0;0;0;0;0;0;0;0;0;0;0;0;0;0;0;1;0;0;0;0;0;1;0;0;0;0;0;0;0;0;0;0;0
52298;Maâtz;44;52;0;0;0;0;0;0;0;0;0;0;0;0;0;0;0;0;0;0;0;0;0;0;0;0;0;0;0;0;0;0;0;0;0;0;0;0;0
52300;Magneux;44;52;0;0;0;0;0;0;0;0;0;0;0;0;0;0;0;0;0;0;0;0;0;0;0;0;0;0;0;1;0;0;0;0;0;0;0;0;0
52301;Maisoncelles;44;52;0;0;0;0;0;0;0;0;0;0;0;0;0;0;0;0;0;0;0;0;0;0;0;0;0;0;0;0;0;0;0;0;0;0;0;0;0
52302;Maizières;44;52;0;0;0;0;0;0;0;0;0;0;0;0;0;0;0;0;0;0;0;0;1;0;0;0;0;1;1;0;0;0;0;0;0;0;0;0;1
52303;Maizières-sur-Amance;44;52;0;0;0;0;0;0;0;0;0;0;0;0;0;0;0;0;0;0;0;0;0;0;0;0;0;0;0;0;0;0;0;0;0;1;0;0;0
52304;Malaincourt-sur-Meuse;44;52;0;0;0;0;0;0;0;0;0;0;0;0;0;0;0;0;0;0;0;0;0;0;0;0;0;0;0;0;0;0;0;0;0;0;0;0;0
52305;Mandres-la-Côte;44;52;0;0;0;0;0;0;0;0;0;0;0;0;0;0;0;0;0;0;0;1;2;0;0;0;3;0;0;0;0;0;0;0;0;1;0;0;0
52306;Manois;44;52;0;0;0;0;0;0;0;0;0;0;0;0;0;0;0;0;0;0;0;1;2;0;0;0;0;1;0;0;0;0;0;0;0;2;0;0;0
52307;Marac;44;52;0;0;0;0;0;0;0;0;0;0;0;0;0;0;0;0;0;0;0;0;1;0;0;0;0;0;0;0;0;0;0;0;0;0;0;0;0
52308;Maranville;44;52;0;0;0;0;0;0;0;0;0;0;0;0;0;0;0;0;0;0;0;1;0;0;0;0;1;0;2;0;0;0;2;0;0;0;0;0;0
52310;Marbéville;44;52;0;0;0;0;0;0;0;0;0;0;0;0;0;0;0;0;0;0;0;0;0;0;0;0;0;0;0;1;0;0;0;0;0;1;0;0;0
52311;Marcilly-en-Bassigny;44;52;0;0;0;0;0;0;0;0;0;0;0;0;0;0;0;0;0;0;0;1;0;0;0;0;0;0;0;1;0;0;0;0;0;0;0;0;0
52312;Mardor;44;52;0;0;0;0;0;0;0;0;0;0;0;0;0;0;0;0;0;0;0;0;0;1;0;0;0;0;0;0;0;0;0;0;0;0;0;0;0
52313;Mareilles;44;52;0;0;0;0;0;0;0;0;0;0;0;0;0;0;0;0;0;0;0;0;0;0;0;0;1;0;1;0;0;0;0;0;0;0;0;0;0
52315;Marnay-sur-Marne;44;52;0;0;0;0;0;0;0;0;0;0;0;0;0;0;0;0;0;0;0;0;0;0;0;0;0;1;0;1;1;0;0;0;0;1;0;0;0
52316;Mathons;44;52;0;0;0;0;0;0;0;0;0;0;0;0;0;0;0;0;0;0;0;0;0;0;0;0;0;0;0;0;0;1;0;0;0;0;0;0;0
52318;Melay;44;52;0;0;0;0;0;0;0;0;0;0;0;0;0;0;0;0;0;0;0;1;0;0;0;0;0;0;0;0;0;0;0;0;0;0;0;0;0
52319;Mennouveaux;44;52;0;0;0;0;0;0;0;0;0;0;0;0;0;0;0;0;0;0;0;0;0;0;0;0;0;0;0;0;0;0;0;0;0;0;0;0;0
52320;Merrey;44;52;0;0;0;0;0;0;0;0;0;0;0;0;0;0;0;0;0;0;0;0;0;0;0;0;0;0;0;0;0;0;0;0;0;0;0;0;0
52321;Mertrud;44;52;0;0;0;0;0;0;0;0;0;0;0;0;0;0;0;0;0;0;0;0;0;0;0;0;1;0;0;0;0;0;0;0;0;0;0;0;0
52322;Meures;44;52;0;0;0;0;0;0;0;0;0;0;0;0;0;0;0;0;0;0;0;0;0;0;0;0;0;0;0;1;0;0;0;0;0;0;0;0;0
52325;Millières;44;52;0;0;0;0;0;0;0;0;0;0;0;0;0;0;0;0;0;0;0;0;0;0;0;0;0;0;0;0;0;0;0;0;0;0;0;0;0
52326;Mirbel;44;52;0;0;0;0;0;0;0;0;0;0;0;0;0;0;0;0;0;0;0;0;0;0;0;0;0;0;0;0;0;0;0;0;0;0;0;0;0
52327;Moëslains;44;52;0;0;0;0;0;0;0;0;0;0;0;0;0;0;0;0;0;0;0;0;1;0;0;0;1;0;0;0;0;0;2;0;0;1;0;0;1
52328;Montcharvot;44;52;0;0;0;0;0;0;0;0;0;0;0;0;0;0;0;0;0;0;0;0;0;0;0;0;2;0;0;0;0;0;0;0;0;0;0;0;0
52330;Montheries;44;52;0;0;0;0;0;0;0;0;0;0;0;0;0;0;0;0;0;0;0;0;0;0;0;0;0;0;0;1;0;0;0;0;0;0;0;0;0
52331;La Porte du Der;44;52;0;1;0;0;0;0;0;0;0;0;1;1;0;0;0;2;1;1;0;0;6;1;0;2;3;3;3;5;3;1;6;2;0;11;2;0;5
52332;Val-de-Meuse;44;52;0;1;0;0;0;0;0;0;0;0;0;0;1;0;0;1;0;1;0;0;3;0;0;1;2;0;4;3;4;1;5;2;1;3;1;1;1
52335;Montot-sur-Rognon;44;52;0;0;0;0;0;0;0;0;0;0;0;0;0;0;0;0;0;0;0;0;1;0;0;0;0;0;0;0;0;0;0;0;0;0;1;0;1
52336;Montreuil-sur-Blaise;44;52;0;0;0;0;0;0;0;0;0;0;0;0;0;0;0;0;0;0;0;0;0;0;0;0;0;0;0;1;0;0;0;0;0;0;0;0;0
52337;Montreuil-sur-Thonnance;44;52;0;0;0;0;0;0;0;0;0;0;0;0;0;0;0;0;0;0;0;0;0;0;0;0;0;0;0;0;0;0;0;0;0;0;0;0;0
52341;Morancourt;44;52;0;0;0;0;0;0;0;0;0;0;0;0;0;0;0;0;0;0;0;0;1;0;0;0;0;1;0;0;0;0;0;0;0;0;0;0;0
52342;Morionvilliers;44;52;0;0;0;0;0;0;0;0;0;0;0;0;0;0;0;0;0;0;0;0;0;0;0;0;0;0;0;0;0;0;0;0;0;0;0;0;0
52344;Mouilleron;44;52;0;0;0;0;0;0;0;0;0;0;0;0;0;0;0;0;0;0;0;0;0;0;0;0;0;0;0;0;0;0;0;0;0;0;0;0;0
52346;Mussey-sur-Marne;44;52;0;0;0;0;0;0;0;0;0;0;0;0;0;0;0;0;0;0;0;0;0;0;0;0;1;0;3;2;2;0;0;0;0;1;0;0;0
52347;Narcy;44;52;0;0;0;0;0;0;0;0;0;0;0;0;0;0;0;0;0;0;0;0;0;0;0;0;0;0;0;1;0;1;0;0;0;0;0;0;0
52348;Neuilly-l'Évêque;44;52;0;0;0;0;0;0;0;0;0;0;0;0;0;0;0;0;0;1;0;0;1;0;0;1;1;1;4;1;0;0;1;0;0;0;0;0;1
52349;Neuilly-sur-Suize;44;52;0;0;0;0;0;0;0;0;0;0;0;0;0;0;0;0;0;0;0;0;0;0;0;0;0;0;2;1;0;0;0;0;0;1;0;0;0
52350;Neuvelle-lès-Voisey;44;52;0;0;0;0;0;0;0;0;0;0;0;0;0;0;0;0;0;0;0;0;0;0;0;0;0;0;0;0;0;0;0;0;0;0;0;0;1
52351;Nijon;44;52;0;0;0;0;0;0;0;0;0;0;0;0;0;0;0;0;0;0;0;0;1;0;0;0;0;0;0;0;0;0;0;0;0;0;0;0;0
52352;Ninville;44;52;0;0;0;0;0;0;0;0;0;0;0;0;0;0;0;0;0;0;0;0;0;0;0;0;0;0;0;0;0;0;0;0;0;0;0;0;0
52353;Nogent;44;52;0;1;0;0;0;0;0;0;0;0;1;0;1;0;0;4;1;1;0;0;6;1;0;1;3;6;2;3;4;1;6;3;0;14;1;0;2
52354;Noidant-Chatenoy;44;52;0;0;0;0;0;0;0;0;0;0;0;0;0;0;0;0;0;0;0;0;0;0;0;0;0;0;0;0;0;0;0;0;0;0;0;0;0
52355;Noidant-le-Rocheux;44;52;0;0;0;0;0;0;0;0;0;0;0;0;0;0;0;0;0;0;0;0;0;0;0;0;0;0;0;0;1;0;0;0;0;2;0;0;0
52356;Nomécourt;44;52;0;0;0;0;0;0;0;0;0;0;0;0;0;0;0;0;0;0;0;0;0;0;0;0;0;0;1;0;0;0;0;0;0;0;0;0;0
52357;Noncourt-sur-le-Rongeant;44;52;0;0;0;0;0;0;0;0;0;0;0;0;0;0;0;0;0;0;0;0;0;0;0;0;0;0;0;0;0;0;0;0;0;0;0;0;0
52358;Noyers;44;52;0;0;0;0;0;0;0;0;0;0;0;0;0;0;0;0;0;0;0;0;0;0;0;0;0;0;0;0;0;0;0;0;0;1;0;0;0
52359;Nully;44;52;0;0;0;0;0;0;0;0;0;0;0;0;0;0;0;0;0;0;0;1;0;0;0;0;2;0;1;0;0;0;0;0;0;0;0;0;0
52360;Occey;44;52;0;0;0;0;0;0;0;0;0;0;0;0;0;0;0;0;0;0;0;0;0;1;0;0;0;0;0;0;0;0;0;0;0;0;0;0;0
52362;Orbigny-au-Mont;44;52;0;0;0;0;0;0;0;0;0;0;0;0;0;0;0;0;0;0;0;0;0;0;0;0;1;0;0;0;0;0;0;0;0;0;0;0;0
52363;Orbigny-au-Val;44;52;0;0;0;0;0;0;0;0;0;0;0;0;0;0;0;0;0;0;0;0;0;0;0;0;0;0;0;0;0;0;0;0;0;0;0;0;0
52364;Orcevaux;44;52;0;0;0;0;0;0;0;0;0;0;0;0;0;0;0;0;0;0;0;0;0;0;0;0;1;0;1;0;0;0;0;0;0;0;0;0;0
52365;Orges;44;52;0;0;0;0;0;0;0;0;0;0;0;0;0;0;0;0;0;0;0;0;0;0;0;0;2;0;1;0;0;0;0;0;0;0;0;0;0
52366;Ormancey;44;52;0;0;0;0;0;0;0;0;0;0;0;0;0;0;0;0;0;0;0;0;0;0;0;0;0;0;1;0;0;0;0;0;0;0;0;0;0
52367;Ormoy-lès-Sexfontaines;44;52;0;0;0;0;0;0;0;0;0;0;0;0;0;0;0;0;0;0;0;0;0;0;0;0;0;0;0;0;0;0;0;0;0;0;0;0;0
52369;Orquevaux;44;52;0;0;0;0;0;0;0;0;0;0;0;0;0;0;0;0;0;0;0;0;0;0;0;0;0;0;0;0;0;0;0;0;0;0;0;0;0
52370;Osne-le-Val;44;52;0;0;0;0;0;0;0;0;0;0;0;0;0;0;0;0;0;0;0;0;0;0;0;0;1;0;1;0;0;0;0;0;0;1;0;0;0
52371;Oudincourt;44;52;0;0;0;0;0;0;0;0;0;0;0;0;0;0;0;0;0;0;0;0;1;0;0;0;0;0;0;3;0;0;0;0;0;0;0;0;0
52372;Outremécourt;44;52;0;0;0;0;0;0;0;0;0;0;0;0;0;0;0;0;0;0;0;0;0;0;0;0;0;0;1;0;0;0;0;0;0;0;0;0;0
52373;Ozières;44;52;0;0;0;0;0;0;0;0;0;0;0;0;0;0;0;0;0;0;0;0;0;0;0;0;0;1;0;0;0;0;0;0;0;0;0;0;0
52374;Le Pailly;44;52;0;0;0;0;0;0;0;0;0;0;0;0;0;0;0;0;0;0;0;0;1;0;0;0;0;0;0;0;0;0;0;0;0;0;0;0;0
52375;Palaiseul;44;52;0;0;0;0;0;0;0;0;0;0;0;0;0;0;0;0;0;0;0;0;0;0;0;0;0;0;0;0;0;0;0;0;0;0;0;0;0
52376;Pansey;44;52;0;0;0;0;0;0;0;0;0;0;0;0;0;0;0;0;0;0;0;1;0;0;0;0;0;0;0;1;0;0;0;0;0;0;0;0;0
52377;Parnoy-en-Bassigny;44;52;0;0;0;0;0;0;0;0;0;0;0;0;0;0;0;0;0;0;0;0;1;0;0;0;0;0;0;0;0;0;0;0;0;1;0;0;0
52378;Paroy-sur-Saulx;44;52;0;0;0;0;0;0;0;0;0;0;0;0;0;0;0;0;0;0;0;0;0;0;0;0;0;0;0;0;0;0;0;0;0;0;0;0;0
52380;Peigney;44;52;0;0;0;0;0;0;0;0;0;0;0;0;0;0;0;0;0;0;0;0;0;0;0;0;1;0;0;1;0;1;0;0;0;3;0;0;0
52383;Perrancey-les-Vieux-Moulins;44;52;0;0;0;0;0;0;0;0;0;0;0;0;0;0;0;0;0;0;0;0;1;0;0;0;1;0;0;1;0;0;1;0;0;0;1;0;0
52384;Perrogney-les-Fontaines;44;52;0;0;0;0;0;0;0;0;0;0;0;0;0;0;0;0;0;0;0;0;1;0;0;0;0;0;0;0;0;0;0;0;0;1;0;0;0
52385;Perrusse;44;52;0;0;0;0;0;0;0;0;0;0;0;0;0;0;0;0;0;0;0;0;0;0;0;0;0;0;0;0;0;0;0;0;0;0;0;0;0
52386;Perthes;44;52;0;0;0;0;0;0;0;0;0;0;0;0;0;0;0;0;1;0;0;1;3;0;0;0;0;1;2;1;2;1;0;0;0;3;0;0;0
52388;Pierremont-sur-Amance;44;52;0;0;0;0;0;0;0;0;0;0;0;0;0;0;0;0;0;0;0;0;0;0;0;0;0;0;0;2;0;0;0;0;0;0;0;0;0
52390;Pisseloup;44;52;0;0;0;0;0;0;0;0;0;0;0;0;0;0;0;0;0;0;0;0;0;0;0;0;0;0;0;0;0;0;0;0;0;0;0;0;0
52391;Planrupt;44;52;0;0;0;0;0;0;0;0;0;0;0;0;0;0;0;0;0;0;0;0;0;0;0;0;0;1;1;1;0;0;0;0;0;0;0;0;0
52392;Plesnoy;44;52;0;0;0;0;0;0;0;0;0;0;0;0;0;0;0;0;0;0;0;0;0;0;0;0;0;0;0;0;0;0;0;0;0;0;0;0;0
52393;Poinsenot;44;52;0;0;0;0;0;0;0;0;0;0;0;0;0;0;0;0;0;0;0;0;1;0;0;0;0;0;0;0;0;0;0;0;0;0;0;0;0
52394;Poinson-lès-Fayl;44;52;0;0;0;0;0;0;0;0;0;0;0;0;0;0;0;0;0;0;0;0;0;0;0;0;2;0;2;1;0;0;0;0;0;0;0;0;0
52395;Poinson-lès-Grancey;44;52;0;0;0;0;0;0;0;0;0;0;0;0;0;0;0;0;0;0;0;0;0;0;0;0;0;0;0;0;0;0;0;0;0;0;0;0;0
52396;Poinson-lès-Nogent;44;52;0;0;0;0;0;0;0;0;0;0;0;0;0;0;0;0;0;0;0;0;0;0;0;0;1;0;0;0;0;0;0;0;0;0;0;0;0
52397;Poiseul;44;52;0;0;0;0;0;0;0;0;0;0;0;0;0;0;0;0;0;0;0;0;1;0;0;0;0;0;1;0;0;0;1;0;0;0;0;0;0
52398;Poissons;44;52;0;1;0;0;0;0;0;0;0;0;0;0;0;0;0;1;0;0;0;1;0;0;0;0;0;3;2;0;2;1;2;0;0;1;0;0;0
52399;Pont-la-Ville;44;52;0;0;0;0;0;0;0;0;0;0;0;0;0;0;0;0;0;0;0;0;0;0;0;0;0;0;0;0;0;0;0;0;0;0;0;0;0
52400;Le Châtelet-sur-Meuse;44;52;0;0;0;0;0;0;0;0;0;0;0;0;0;0;0;0;0;0;0;0;0;0;0;0;0;0;0;0;0;0;0;0;0;0;0;0;0
52401;Poulangy;44;52;0;0;0;0;0;0;0;0;0;0;0;0;0;0;0;0;0;0;0;1;1;0;0;0;0;1;1;1;0;0;0;0;0;0;0;0;0
52403;Praslay;44;52;0;0;0;0;0;0;0;0;0;0;0;0;0;0;0;0;0;0;0;0;1;0;0;0;0;0;2;0;0;0;0;0;0;0;0;0;0
52405;Le Montsaugeonnais;44;52;0;0;0;0;0;0;0;0;0;0;1;0;1;0;0;2;0;1;0;1;2;1;0;1;6;2;6;2;2;0;3;0;0;5;0;0;1
52406;Pressigny;44;52;0;0;0;0;0;0;0;0;0;0;0;0;0;0;0;0;0;0;1;0;0;0;0;0;0;0;0;1;0;0;0;0;0;0;0;0;0
52407;Prez-sous-Lafauche;44;52;0;0;0;0;0;0;0;0;0;0;0;0;0;0;0;0;0;0;0;1;1;0;0;0;1;0;0;0;0;0;0;0;0;1;0;0;0
52411;Rives Dervoises;44;52;0;0;0;0;0;0;0;0;0;0;0;0;0;0;0;0;0;0;1;1;0;0;0;1;5;2;2;6;3;1;1;0;0;0;0;0;0
52413;Rachecourt-Suzémont;44;52;0;0;0;0;0;0;0;0;0;0;0;0;0;0;0;0;0;0;0;0;0;0;0;0;0;0;1;0;0;0;1;0;0;0;0;0;0
52414;Rachecourt-sur-Marne;44;52;0;0;0;0;0;0;0;0;0;0;0;0;0;0;0;0;0;0;0;1;2;0;0;0;0;0;1;0;0;0;0;0;0;2;0;0;0
52415;Rançonnières;44;52;0;0;0;0;0;0;0;0;0;0;0;0;0;0;0;0;0;0;0;0;0;0;0;0;0;0;0;0;0;0;0;0;0;0;0;0;0
52416;Rangecourt;44;52;0;0;0;0;0;0;0;0;0;0;0;0;0;0;0;0;0;0;0;0;0;0;0;0;0;0;0;0;0;0;0;0;0;0;0;0;0
52419;Rennepont;44;52;0;0;0;0;0;0;0;0;0;0;0;0;0;0;0;0;0;0;0;0;0;0;0;0;0;0;0;0;0;0;0;0;0;0;0;0;0
52420;Reynel;44;52;0;0;0;0;0;0;0;0;0;0;0;0;0;0;0;0;0;0;0;0;0;0;0;0;0;0;0;0;0;0;0;0;0;0;0;0;0
52421;Riaucourt;44;52;0;0;0;0;0;0;0;0;0;0;0;0;0;0;0;0;0;0;0;0;0;0;0;0;0;0;0;0;1;0;0;0;0;0;0;0;0
52422;Richebourg;44;52;0;0;0;0;0;0;0;0;0;0;0;0;0;0;0;0;0;0;0;1;0;0;0;0;0;0;0;0;1;0;0;0;0;1;0;0;0
52423;Rimaucourt;44;52;0;0;0;0;0;0;0;0;0;0;0;0;0;0;0;0;0;0;0;1;2;1;0;0;2;0;1;0;0;0;1;0;0;1;0;0;1
52424;Rivières-le-Bois;44;52;0;0;0;0;0;0;0;0;0;0;0;0;0;0;0;0;0;0;0;0;0;0;0;0;0;1;0;0;0;0;0;0;0;0;0;0;0
52425;Rivière-les-Fosses;44;52;0;0;0;0;0;0;0;0;0;0;0;0;0;0;0;0;0;0;0;0;0;0;0;0;0;0;1;0;0;0;0;0;0;0;0;0;0
52426;Rizaucourt-Buchey;44;52;0;0;0;0;0;0;0;0;0;0;0;0;0;0;0;0;0;0;0;0;0;0;0;0;0;1;0;0;1;0;0;0;0;1;0;0;0
52428;Rochefort-sur-la-Côte;44;52;0;0;0;0;0;0;0;0;0;0;0;0;0;0;0;0;0;0;0;0;0;0;0;0;0;0;0;0;0;0;0;0;0;0;0;0;0
52429;Roches-sur-Marne;44;52;0;0;0;0;0;0;0;0;0;0;0;0;0;0;0;0;0;0;0;0;0;0;0;0;0;1;1;0;0;0;0;0;0;0;0;0;0
52431;Rochetaillée;44;52;0;0;0;0;0;0;0;0;0;0;0;0;0;0;0;0;0;0;0;0;1;0;0;0;2;0;0;1;0;0;0;0;0;0;0;0;0
52432;Rolampont;44;52;0;0;0;0;0;0;0;0;0;0;0;0;0;0;0;0;0;1;0;0;5;0;0;0;2;2;3;2;2;3;3;0;0;3;0;0;0
52433;Romain-sur-Meuse;44;52;0;0;0;0;0;0;0;0;0;0;0;0;0;0;0;0;0;0;0;0;0;0;0;0;0;0;0;0;0;0;0;0;0;0;0;0;0
52436;Rouécourt;44;52;0;0;0;0;0;0;0;0;0;0;0;0;0;0;0;0;0;0;0;0;0;0;0;0;1;0;0;0;0;0;0;0;0;0;0;0;0
52437;Rouelles;44;52;0;0;0;0;0;0;0;0;0;0;0;0;0;0;0;0;0;0;0;0;0;0;0;0;0;0;0;0;0;0;0;0;0;0;0;0;0
52438;Rougeux;44;52;0;0;0;0;0;0;0;0;0;0;0;0;0;0;0;0;0;0;0;0;0;0;0;0;1;0;0;0;0;0;0;0;0;0;0;0;0
52439;Rouvres-sur-Aube;44;52;0;0;0;0;0;0;0;0;0;0;0;0;0;0;0;0;0;0;0;0;0;0;0;0;0;0;0;0;0;0;0;0;0;1;0;0;0
52440;Rouvroy-sur-Marne;44;52;0;0;0;0;0;0;0;0;0;0;0;0;0;0;0;0;1;0;0;0;1;0;0;0;0;0;1;0;1;1;1;0;0;0;0;0;0
52442;Rupt;44;52;0;0;0;0;0;0;0;0;0;0;0;0;0;0;0;0;0;0;0;0;0;0;0;0;0;0;1;2;0;0;1;0;0;0;0;0;0
52443;Sailly;44;52;0;0;0;0;0;0;0;0;0;0;0;0;0;0;0;0;0;0;0;0;0;0;0;0;0;0;0;0;0;0;0;0;0;1;0;0;0
52444;Saint-Blin;44;52;0;1;0;0;0;0;0;0;0;0;0;0;0;0;0;0;0;0;0;1;1;0;0;0;1;0;0;0;0;0;0;0;0;1;0;0;0
52445;Saint-Broingt-le-Bois;44;52;0;0;0;0;0;0;0;0;0;0;0;0;0;0;0;0;0;0;0;0;0;0;0;0;0;0;0;0;0;0;0;0;0;0;0;0;0
52446;Saint-Broingt-les-Fosses;44;52;0;0;0;0;0;0;0;0;0;0;0;0;0;0;0;0;0;0;0;0;0;0;0;0;1;2;1;1;0;0;0;0;0;0;0;0;0
52447;Saint-Ciergues;44;52;0;0;0;0;0;0;0;0;0;0;0;0;0;0;0;0;0;0;0;0;0;0;0;0;1;0;0;1;0;0;0;0;0;1;0;0;0
52448;Saint-Dizier;44;52;1;0;0;0;1;0;0;0;0;0;5;1;1;1;0;13;3;2;2;0;39;5;5;11;18;23;13;21;19;10;47;5;10;65;15;5;19
52449;Saints-Geosmes;44;52;0;0;0;0;0;0;0;0;0;0;0;0;0;0;0;0;0;0;0;1;3;1;0;1;1;1;5;3;2;0;2;3;0;3;1;1;1
52450;Saint-Loup-sur-Aujon;44;52;0;0;0;0;0;0;0;0;0;0;0;0;0;0;0;0;0;0;1;0;0;0;0;0;1;0;1;0;0;0;0;0;0;1;0;0;0
52452;Saint-Martin-lès-Langres;44;52;0;0;0;0;0;0;0;0;0;0;0;0;0;0;0;0;0;0;0;0;0;0;0;0;0;0;1;0;0;0;0;0;0;0;0;0;0
52453;Saint-Maurice;44;52;0;0;0;0;0;0;0;0;0;0;0;0;0;0;0;0;0;0;0;0;0;0;0;0;0;0;0;0;0;0;0;0;0;0;0;0;0
52455;Saint-Thiébault;44;52;0;0;0;0;0;0;0;0;0;0;0;0;0;0;0;0;0;0;0;0;1;0;0;1;1;0;0;0;1;0;1;0;0;0;0;0;0
52456;Saint-Urbain-Maconcourt;44;52;0;0;0;0;0;0;0;0;0;0;0;0;0;0;0;0;0;0;0;1;1;0;0;0;1;1;0;1;1;1;0;0;0;0;0;0;0
52457;Saint-Vallier-sur-Marne;44;52;0;0;0;0;0;0;0;0;0;0;0;0;0;0;0;0;0;0;0;0;0;0;0;0;0;0;0;0;0;0;0;0;0;0;0;0;0
52459;Sarcey;44;52;0;0;0;0;0;0;0;0;0;0;0;0;0;0;0;0;0;0;0;0;1;0;0;0;1;0;0;0;0;0;0;0;0;0;0;0;0
52461;Sarrey;44;52;0;0;0;0;0;0;0;0;0;0;0;0;0;0;0;0;0;0;0;1;0;0;0;0;0;0;0;0;0;0;0;0;0;1;0;0;0
52463;Saudron;44;52;0;0;0;0;0;0;0;0;0;0;0;0;0;0;0;0;0;0;0;0;0;0;0;0;0;0;0;0;0;0;0;0;0;1;0;0;0
52464;Saulles;44;52;0;0;0;0;0;0;0;0;0;0;0;0;0;0;0;0;0;0;0;0;0;0;0;0;0;0;0;0;0;0;0;0;0;0;0;0;0
52465;Saulxures;44;52;0;0;0;0;0;0;0;0;0;0;0;0;0;0;0;0;0;0;0;0;0;0;0;0;0;0;0;0;0;0;0;0;0;0;0;0;0
52467;Savigny;44;52;0;0;0;0;0;0;0;0;0;0;0;0;0;0;0;0;0;0;0;0;0;0;0;0;0;0;0;0;0;0;0;0;0;0;0;0;0
52468;Semilly;44;52;0;0;0;0;0;0;0;0;0;0;0;0;0;0;0;0;0;0;0;0;0;0;0;0;1;0;1;0;0;0;1;0;0;0;2;0;0
52469;Semoutiers-Montsaon;44;52;0;0;0;0;0;0;0;0;0;0;0;0;0;0;0;0;0;0;0;0;1;1;0;0;1;0;3;0;3;0;0;0;0;2;0;0;0
52470;Serqueux;44;52;0;0;0;0;0;0;0;0;0;0;0;0;0;0;0;0;0;0;0;1;0;0;0;0;2;1;1;0;1;0;1;0;0;3;0;0;0
52472;Sexfontaines;44;52;0;0;0;0;0;0;0;0;0;0;0;0;0;0;0;0;0;0;0;0;1;0;0;0;0;0;1;0;0;0;0;0;0;0;0;0;0
52473;Signéville;44;52;0;0;0;0;0;0;0;0;0;0;0;0;0;0;0;0;0;0;0;0;0;0;0;0;0;0;1;1;0;0;0;0;0;0;0;0;0
52474;Silvarouvres;44;52;0;0;0;0;0;0;0;0;0;0;0;0;0;0;0;0;0;0;0;0;0;0;0;0;0;0;0;0;0;0;0;0;0;1;0;0;0
52475;Sommancourt;44;52;0;0;0;0;0;0;0;0;0;0;0;0;0;0;0;0;0;0;0;0;0;0;0;0;0;1;0;0;0;0;0;0;0;0;0;0;0
52476;Sommerécourt;44;52;0;0;0;0;0;0;0;0;0;0;0;0;0;0;0;0;0;0;0;0;1;0;0;0;0;0;0;1;0;0;0;0;0;0;0;0;0
52479;Sommevoire;44;52;0;0;0;0;0;0;0;0;0;0;0;0;1;0;0;0;0;0;1;0;1;0;0;0;2;1;0;0;1;0;2;0;0;0;0;0;0
52480;Soncourt-sur-Marne;44;52;0;0;0;0;0;0;0;0;0;0;0;0;0;0;0;0;0;0;0;0;0;0;0;0;3;0;0;2;1;0;1;0;0;0;0;0;0
52482;Soulaucourt-sur-Mouzon;44;52;0;0;0;0;0;0;0;0;0;0;0;0;0;0;0;0;0;0;0;0;0;0;0;0;0;0;0;0;0;0;0;0;0;0;0;0;0
52483;Soyers;44;52;0;0;0;0;0;0;0;0;0;0;0;0;0;0;0;0;0;0;0;0;0;0;0;0;0;0;0;0;0;0;0;0;0;0;0;0;0
52484;Suzannecourt;44;52;0;0;0;0;0;0;0;0;0;0;0;0;0;0;0;0;0;0;0;0;1;0;0;0;0;0;0;0;1;0;1;0;0;0;0;0;0
52486;Ternat;44;52;0;0;0;0;0;0;0;0;0;0;0;0;0;0;0;0;0;0;0;0;0;0;0;0;0;0;0;0;0;0;0;0;0;0;0;0;0
52487;Thilleux;44;52;0;0;0;0;0;0;0;0;0;0;0;0;0;0;0;0;0;0;0;0;1;0;0;0;0;0;0;0;0;0;0;0;0;0;0;0;0
52488;Thivet;44;52;0;0;0;0;0;0;0;0;0;0;0;0;0;0;0;0;0;0;0;0;2;0;0;0;0;0;1;1;0;0;0;0;0;0;0;0;0
52489;Thol-lès-Millières;44;52;0;0;0;0;0;0;0;0;0;0;0;0;0;0;0;0;0;0;0;0;0;0;0;0;0;0;0;0;0;0;0;0;0;0;0;0;0
52490;Thonnance-lès-Joinville;44;52;0;0;0;0;0;0;0;0;0;0;0;0;0;0;0;0;0;0;0;1;2;0;0;0;0;0;0;0;0;0;0;0;0;5;0;0;0
52491;Thonnance-les-Moulins;44;52;0;0;0;0;0;0;0;0;0;0;0;0;0;0;0;0;0;0;0;0;0;0;0;0;0;0;0;0;0;0;0;0;0;0;0;0;0
52492;Torcenay;44;52;0;0;0;0;0;0;0;0;0;0;0;0;0;0;0;0;0;0;0;1;1;0;0;0;2;0;0;0;1;0;0;0;0;2;0;0;1
52493;Tornay;44;52;0;0;0;0;0;0;0;0;0;0;0;0;0;0;0;0;0;0;0;0;0;0;0;0;1;0;0;0;0;0;0;0;0;0;0;0;0
52494;Treix;44;52;0;0;0;0;0;0;0;0;0;0;0;0;0;0;0;0;0;0;0;0;0;0;0;0;0;1;0;1;0;0;0;0;0;0;0;0;0
52495;Trémilly;44;52;0;0;0;0;0;0;0;0;0;0;0;0;0;0;0;0;0;0;0;0;0;0;0;0;0;0;0;0;0;0;0;0;0;1;0;0;0
52497;Troisfontaines-la-Ville;44;52;0;0;0;0;0;0;0;0;0;0;0;0;0;0;0;0;0;0;0;0;0;0;0;0;1;2;0;0;0;0;0;0;0;0;0;0;0
52499;Vaillant;44;52;0;0;0;0;0;0;0;0;0;0;0;0;0;0;0;0;0;0;0;0;0;0;0;0;1;0;0;0;0;0;0;0;0;0;1;0;0
52500;Valcourt;44;52;0;0;0;0;0;0;0;0;0;0;0;0;0;0;0;0;0;0;0;0;1;0;0;0;1;0;2;1;1;0;0;0;0;0;1;0;0
52502;Valleret;44;52;0;0;0;0;0;0;0;0;0;0;0;0;0;0;0;0;0;0;0;0;0;0;0;0;0;0;0;0;0;0;0;0;0;0;0;0;0
52503;Valleroy;44;52;0;0;0;0;0;0;0;0;0;0;0;0;0;0;0;0;0;0;0;0;0;0;0;0;0;0;1;0;0;0;0;0;0;0;0;0;0
52504;Varennes-sur-Amance;44;52;0;1;0;0;0;0;0;0;0;0;0;0;0;0;0;0;0;0;0;1;1;0;0;0;0;0;1;0;0;0;0;0;0;1;0;0;0
52505;Vaudrecourt;44;52;0;0;0;0;0;0;0;0;0;0;0;0;0;0;0;0;0;0;0;0;0;0;0;0;0;0;0;0;0;0;1;0;0;0;0;0;0
52506;Vaudrémont;44;52;0;0;0;0;0;0;0;0;0;0;0;0;0;0;0;0;0;0;0;0;0;0;0;0;0;0;0;0;0;0;0;0;0;0;0;0;0
52507;Vauxbons;44;52;0;0;0;0;0;0;0;0;0;0;0;0;0;0;0;0;0;0;0;0;0;0;0;0;0;0;0;1;0;0;0;0;0;0;0;0;0
52510;Vaux-sur-Blaise;44;52;0;0;0;0;0;0;0;0;0;0;0;0;0;0;0;0;0;0;0;1;1;0;0;0;2;0;0;0;0;0;0;0;0;0;0;0;0
52511;Vaux-sur-Saint-Urbain;44;52;0;0;0;0;0;0;0;0;0;0;0;0;0;0;0;0;0;0;0;0;0;0;0;0;0;0;0;0;0;0;0;0;0;0;0;0;0
52512;Vecqueville;44;52;0;0;0;0;0;0;0;0;0;0;0;0;0;0;0;0;0;0;0;0;0;0;0;0;0;0;0;1;0;0;0;0;0;0;0;0;0
52513;Velles;44;52;0;0;0;0;0;0;0;0;0;0;0;0;0;0;0;0;0;0;0;0;0;0;0;0;0;0;1;0;0;0;0;0;0;0;0;0;0
52514;Verbiesles;44;52;0;0;0;0;0;0;0;0;0;0;0;0;0;0;0;0;0;0;0;0;0;0;0;0;1;0;1;3;0;0;1;0;0;0;0;0;0
52515;Verseilles-le-Bas;44;52;0;0;0;0;0;0;0;0;0;0;0;0;0;0;0;0;0;0;0;0;0;0;0;0;0;0;0;0;0;0;0;0;0;0;0;0;1
52516;Verseilles-le-Haut;44;52;0;0;0;0;0;0;0;0;0;0;0;0;0;0;0;0;0;0;0;0;0;0;0;0;0;0;0;0;0;0;0;0;0;0;0;0;0
52517;Vesaignes-sous-Lafauche;44;52;0;0;0;0;0;0;0;0;0;0;0;0;0;0;0;0;0;0;0;0;0;0;0;0;0;0;0;0;0;0;0;0;0;0;0;0;0
52518;Vesaignes-sur-Marne;44;52;0;0;0;0;0;0;0;0;0;0;0;0;0;0;0;0;0;0;0;0;0;0;0;0;1;0;0;2;0;0;0;0;0;0;1;0;0
52519;Vesvres-sous-Chalancey;44;52;0;0;0;0;0;0;0;0;0;0;0;0;0;0;0;0;0;0;0;0;0;0;0;0;0;0;0;0;0;0;0;0;0;0;0;0;0
52520;Vicq;44;52;0;0;0;0;0;0;0;0;0;0;0;0;0;0;0;0;0;0;0;1;0;0;0;0;0;0;0;0;0;0;0;0;0;0;1;0;0
52522;Viéville;44;52;0;0;0;0;0;0;0;0;0;0;0;0;0;0;0;0;0;0;0;1;0;0;0;0;0;0;1;0;1;0;0;0;0;0;0;0;0
52523;Vignes-la-Côte;44;52;0;0;0;0;0;0;0;0;0;0;0;0;0;0;0;0;0;0;0;0;0;0;0;0;0;0;1;0;0;0;0;0;0;0;0;0;0
52524;Vignory;44;52;0;0;0;0;0;0;0;0;0;0;1;0;0;0;0;0;0;0;0;1;0;0;0;0;0;0;0;0;0;0;0;0;0;1;0;0;1
52525;Villars-en-Azois;44;52;0;0;0;0;0;0;0;0;0;0;0;0;0;0;0;0;0;0;0;0;0;0;0;0;2;0;0;0;0;0;0;0;0;0;0;0;0
52526;Villars-Santenoge;44;52;0;0;0;0;0;0;0;0;0;0;0;0;0;0;0;0;0;0;0;0;0;0;0;0;0;0;0;0;0;0;0;0;0;1;0;0;0
52528;Ville-en-Blaisois;44;52;0;0;0;0;0;0;0;0;0;0;0;0;0;0;0;0;0;0;0;0;1;0;0;0;0;0;0;0;0;0;0;0;0;0;0;0;1
52529;Villegusien-le-Lac;44;52;0;0;0;0;0;0;0;0;0;0;0;0;0;0;0;0;0;0;0;2;2;0;0;0;2;5;1;0;0;0;1;1;0;0;0;0;0
52534;Villiers-en-Lieu;44;52;0;0;0;0;0;0;0;0;0;0;0;0;0;0;0;0;0;0;0;1;2;0;0;0;0;1;2;2;3;0;3;0;0;1;0;1;2
52535;Villiers-le-Sec;44;52;0;0;0;0;0;0;0;0;0;0;0;0;0;0;0;0;0;0;0;1;3;0;0;0;1;2;0;2;3;0;2;0;0;1;0;0;0
52536;Villiers-lès-Aprey;44;52;0;0;0;0;0;0;0;0;0;0;0;0;0;0;0;0;0;0;0;0;0;0;0;0;0;0;0;0;0;0;0;0;0;0;0;0;0
52538;Villiers-sur-Suize;44;52;0;0;0;0;0;0;0;0;0;0;0;0;0;0;0;0;0;0;0;1;1;0;0;0;1;2;2;2;1;1;1;0;0;0;0;0;0
52539;Violot;44;52;0;0;0;0;0;0;0;0;0;0;0;0;0;0;0;0;0;0;0;0;0;0;0;0;1;0;0;0;0;0;0;0;0;0;0;0;0
52540;Vitry-en-Montagne;44;52;0;0;0;0;0;0;0;0;0;0;0;0;0;0;0;0;0;0;0;0;0;0;0;0;0;0;0;0;0;0;0;0;0;0;0;0;0
52541;Vitry-lès-Nogent;44;52;0;0;0;0;0;0;0;0;0;0;0;0;0;0;0;0;0;0;0;0;1;0;0;0;0;0;0;0;0;0;0;0;0;0;0;0;0
52542;Vivey;44;52;0;0;0;0;0;0;0;0;0;0;0;0;0;0;0;0;0;0;0;0;0;0;0;0;1;1;0;0;0;0;0;0;0;0;0;0;0
52543;Voillecomte;44;52;0;0;0;0;0;0;0;0;0;0;0;0;0;0;0;0;0;0;0;1;0;0;0;0;1;2;0;0;1;0;1;0;0;0;0;0;0
52544;Voisey;44;52;0;0;0;0;0;0;0;0;0;0;0;0;0;0;0;0;0;0;0;1;0;0;0;0;1;0;0;0;0;0;0;0;0;0;1;0;0
52545;Voisines;44;52;0;0;0;0;0;0;0;0;0;0;0;0;0;0;0;0;0;0;0;0;0;0;0;0;1;0;1;0;0;0;0;0;0;0;0;0;0
52546;Voncourt;44;52;0;0;0;0;0;0;0;0;0;0;0;0;0;0;0;0;0;0;0;0;0;0;0;0;0;0;0;0;0;0;0;0;0;0;0;0;0
52547;Vouécourt;44;52;0;0;0;0;0;0;0;0;0;0;0;0;0;0;0;0;0;0;0;1;0;0;0;0;0;1;0;0;0;0;0;0;0;0;0;0;0
52548;Vraincourt;44;52;0;0;0;0;0;0;0;0;0;0;0;0;0;0;0;0;0;0;0;0;0;0;0;0;0;0;0;0;0;0;0;0;0;0;0;0;0
52549;Vroncourt-la-Côte;44;52;0;0;0;0;0;0;0;0;0;0;0;0;0;0;0;0;0;0;0;0;0;0;0;0;0;0;0;0;0;0;0;0;0;0;0;0;0
52550;Wassy;44;52;0;1;0;0;0;0;0;0;0;0;1;1;0;0;0;3;1;1;0;0;8;1;0;1;0;4;2;5;1;2;6;2;0;11;0;2;5
53001;Ahuillé;52;53;0;0;0;0;0;0;0;0;0;0;0;0;0;0;0;0;0;0;0;1;2;0;0;0;4;1;6;2;1;0;1;0;0;3;0;0;0
53002;Alexain;52;53;0;0;0;0;0;0;0;0;0;0;0;0;0;0;0;0;0;0;0;1;2;0;0;0;0;1;3;1;0;0;0;0;0;0;0;0;0
53003;Ambrières-les-Vallées;52;53;0;1;0;0;0;0;0;0;0;0;0;0;1;0;0;3;0;1;0;0;4;1;0;1;2;3;4;5;2;0;6;0;0;4;2;0;1
53004;Ampoigné;52;53;0;0;0;0;0;0;0;0;0;0;0;0;0;0;0;0;0;0;0;0;3;0;0;0;2;1;2;2;0;1;1;1;0;0;0;0;0
53005;Andouillé;52;53;0;1;0;0;0;0;0;0;0;0;0;0;0;0;0;4;0;1;0;0;5;1;0;1;2;2;4;4;7;0;4;7;0;1;1;0;1
53006;Argenton-Notre-Dame;52;53;0;0;0;0;0;0;0;0;0;0;0;0;0;0;0;0;0;0;0;0;0;0;0;0;2;0;0;0;0;0;0;0;0;0;0;0;0
53007;Argentré;52;53;0;1;0;0;0;0;0;0;0;0;0;0;0;0;0;2;0;1;0;0;2;0;0;1;2;3;5;3;3;0;4;1;0;5;0;0;2
53008;Aron;52;53;0;0;0;0;0;0;0;0;0;0;0;0;0;0;0;1;0;0;1;0;5;0;0;0;0;0;5;2;0;0;1;0;0;4;1;0;0
53009;Arquenay;52;53;0;0;0;0;0;0;0;0;0;0;0;0;0;0;0;0;0;0;0;0;1;0;0;0;1;3;0;0;1;0;0;0;0;1;0;0;0
53010;Assé-le-Bérenger;52;53;0;0;0;0;0;0;0;0;0;0;0;0;0;0;0;0;0;0;0;0;0;0;0;0;1;0;0;1;0;0;0;0;0;0;0;0;0
53011;Astillé;52;53;0;0;0;0;0;0;0;0;0;0;0;0;0;0;0;0;0;0;0;0;1;0;0;0;1;4;0;2;0;0;1;0;0;0;0;0;1
53012;Athée;52;53;0;0;0;0;0;0;0;0;0;0;0;0;0;0;0;0;0;0;0;0;0;0;0;0;4;1;1;0;0;0;0;0;0;1;0;0;0
53013;Averton;52;53;0;0;0;0;0;0;0;0;0;0;0;0;0;0;0;0;0;0;0;0;0;0;0;0;0;1;2;1;0;0;2;0;0;1;0;0;0
53014;Azé;52;53;0;0;0;0;0;0;0;0;0;0;0;0;0;0;0;1;0;1;0;0;11;3;0;1;5;11;6;3;3;0;1;1;0;4;1;1;1
53015;La Baconnière;52;53;0;0;0;0;0;0;0;0;0;0;0;0;0;0;0;0;0;0;1;0;2;0;0;0;1;4;3;2;3;0;3;0;0;0;0;0;1
53016;Bais;52;53;0;1;0;0;0;0;0;0;0;0;0;0;0;0;0;4;0;1;0;0;2;0;0;1;0;0;3;1;0;0;3;1;0;2;3;0;1
53017;Ballée;52;53;0;0;0;0;0;0;0;0;0;0;0;0;0;0;0;0;0;0;0;1;1;0;0;0;2;1;2;1;0;0;2;0;0;0;0;0;0
53018;Ballots;52;53;0;0;0;0;0;0;0;0;0;0;0;0;0;0;0;0;0;0;0;1;2;0;0;0;1;1;2;1;0;0;1;0;0;1;0;0;1
53019;Bannes;52;53;0;0;0;0;0;0;0;0;0;0;0;0;0;0;0;0;0;0;0;0;1;0;0;0;1;0;0;0;0;0;0;0;0;0;0;0;0
53021;La Bazoge-Montpinçon;52;53;0;0;0;0;0;0;0;0;0;0;0;0;0;0;0;0;0;0;0;0;1;0;0;0;0;0;4;1;0;0;0;0;0;1;0;0;0
53022;La Bazouge-de-Chemeré;52;53;0;0;0;0;0;0;0;0;0;0;0;0;0;0;0;0;0;0;1;0;0;0;0;1;0;0;1;1;0;0;0;0;0;1;0;0;0
53023;La Bazouge-des-Alleux;52;53;0;0;0;0;0;0;0;0;0;0;0;0;0;0;0;0;0;0;0;0;0;0;0;0;0;1;1;0;0;0;0;0;0;1;1;0;0
53025;Bazougers;52;53;0;0;0;0;0;0;0;0;0;0;0;0;0;0;0;0;0;0;0;1;3;0;0;0;0;3;1;3;2;0;2;0;0;1;0;0;0
53026;Beaulieu-sur-Oudon;52;53;0;0;0;0;0;0;0;0;0;0;0;0;0;0;0;0;0;0;0;1;1;0;0;0;0;0;1;0;0;0;0;0;0;0;0;0;0
53027;Beaumont-Pied-de-Boeuf;52;53;0;0;0;0;0;0;0;0;0;0;0;0;0;0;0;0;0;0;0;0;0;0;0;0;0;0;0;0;0;0;0;0;0;0;0;0;1
53028;Belgeard;52;53;0;0;0;0;0;0;0;0;0;0;0;0;0;0;0;0;0;0;0;0;0;0;0;0;1;0;2;1;0;1;0;0;0;2;0;0;0
53029;Bierné;52;53;0;0;0;0;0;0;0;0;0;0;0;0;0;0;0;1;0;0;0;1;1;0;0;0;1;0;1;1;0;1;1;1;0;1;0;0;2
53030;Le Bignon-du-Maine;52;53;0;0;0;0;0;0;0;0;0;0;0;0;0;0;0;0;0;0;0;0;0;0;0;0;0;0;1;0;0;0;0;0;0;0;0;0;0
53031;La Bigottière;52;53;0;0;0;0;0;0;0;0;0;0;0;0;0;0;0;0;0;0;0;0;2;0;0;0;2;2;1;1;0;0;0;0;0;0;1;0;0
53032;Blandouet;52;53;0;0;0;0;0;0;0;0;0;0;0;0;0;0;0;0;0;0;0;0;0;0;0;0;1;0;0;0;0;0;0;0;0;0;1;0;0
53033;La Boissière;52;53;0;0;0;0;0;0;0;0;0;0;0;0;0;0;0;0;0;0;0;0;0;0;0;0;0;0;0;0;0;0;0;0;0;0;0;0;0
53034;Bonchamp-lès-Laval;52;53;0;0;0;0;0;0;0;0;0;0;0;0;0;0;0;3;0;1;0;0;20;1;0;2;6;10;4;8;4;5;6;1;0;6;4;2;3
53035;Bouchamps-lès-Craon;52;53;0;0;0;0;0;0;0;0;0;0;0;0;0;0;0;0;0;0;0;0;1;0;0;0;1;1;0;2;1;0;1;0;0;1;0;0;0
53036;Bouère;52;53;0;0;0;0;0;0;0;0;0;0;0;0;0;0;0;0;0;0;0;1;0;0;0;0;0;1;5;3;0;0;1;0;0;1;0;0;0
53037;Bouessay;52;53;0;0;0;0;0;0;0;0;0;0;0;0;0;0;0;0;0;0;0;0;1;0;0;0;1;1;2;0;1;0;1;0;0;0;0;0;1
53038;Boulay-les-Ifs;52;53;0;0;0;0;0;0;0;0;0;0;0;0;0;0;0;0;0;0;0;0;0;0;0;0;0;0;0;0;0;1;0;0;0;1;0;0;0
53039;Le Bourgneuf-la-Forêt;52;53;0;0;0;0;0;0;0;0;0;0;1;0;0;0;0;2;0;0;0;1;6;1;0;1;1;3;5;3;1;0;3;1;0;3;0;0;0
53040;Bourgon;52;53;0;0;0;0;0;0;0;0;0;0;0;0;0;0;0;0;0;0;0;1;1;0;0;0;1;0;0;1;0;0;0;0;0;0;0;0;0
53041;Brains-sur-les-Marches;52;53;0;0;0;0;0;0;0;0;0;0;0;0;0;0;0;0;0;0;0;0;0;0;0;0;0;1;0;0;1;0;0;0;0;0;0;0;0
53042;Brecé;52;53;0;0;0;0;0;0;0;0;0;0;0;0;0;0;0;0;0;0;0;0;1;0;0;0;3;3;1;0;1;0;2;0;0;2;0;0;0
53043;Brée;52;53;0;0;0;0;0;0;0;0;0;0;0;0;0;0;0;0;0;0;0;0;0;0;0;0;3;0;0;0;0;0;0;1;0;4;0;1;0
53045;La Brûlatte;52;53;0;0;0;0;0;0;0;0;0;0;0;0;0;0;0;0;0;0;0;0;1;0;0;0;0;0;1;2;2;1;0;0;0;1;0;0;0
53046;Le Buret;52;53;0;0;0;0;0;0;0;0;0;0;0;0;0;0;0;0;0;0;0;0;1;0;0;0;0;0;0;0;0;0;1;0;0;0;0;0;0
53047;Carelles;52;53;0;0;0;0;0;0;0;0;0;0;0;0;0;0;0;1;0;0;0;0;1;0;0;0;1;0;0;0;0;0;0;0;0;2;0;0;0
53048;Chailland;52;53;0;0;0;0;0;0;0;0;0;0;0;0;0;0;0;1;0;0;0;1;4;0;0;0;2;1;2;3;0;0;2;0;0;0;0;0;1
53049;Châlons-du-Maine;52;53;0;0;0;0;0;0;0;0;0;0;0;0;0;0;0;0;0;0;0;0;0;0;0;0;1;1;0;0;0;0;0;0;0;0;0;0;0
53051;Champéon;52;53;0;0;0;0;0;0;0;0;0;0;0;0;0;0;0;0;0;0;0;1;1;0;0;0;0;2;1;1;0;0;1;0;0;3;0;0;0
53052;Champfrémont;52;53;0;0;0;0;0;0;0;0;0;0;0;0;0;0;0;0;0;0;0;0;0;0;0;0;0;0;0;0;1;0;0;0;0;1;0;0;0
53053;Champgenéteux;52;53;0;0;0;0;0;0;0;0;0;0;0;0;0;0;0;0;0;0;0;1;0;0;0;0;0;0;2;2;0;0;0;0;0;0;0;0;0
53054;Changé;52;53;0;0;0;0;0;0;0;0;0;0;0;0;0;0;0;2;1;1;0;0;12;1;2;2;5;6;15;7;12;1;4;1;5;10;13;1;3
53055;Chantrigné;52;53;0;0;0;0;0;0;0;0;0;0;0;0;0;0;0;0;0;0;1;0;2;0;0;0;1;0;2;1;1;0;1;0;0;1;8;0;0
53056;La Chapelle-Anthenaise;52;53;0;0;0;0;0;0;0;0;0;0;0;0;0;0;0;0;0;0;0;0;0;0;0;0;1;2;0;0;1;0;0;0;0;1;0;0;1
53057;La Chapelle-au-Riboul;52;53;0;0;0;0;0;0;0;0;0;0;0;0;0;0;0;2;0;0;1;0;1;0;0;0;0;2;0;0;0;0;1;0;0;1;0;0;1
53058;La Chapelle-Craonnaise;52;53;0;0;0;0;0;0;0;0;0;0;0;0;0;0;0;0;0;0;0;0;0;0;0;0;0;0;1;0;0;0;0;1;0;1;0;0;0
53059;La Chapelle-Rainsouin;52;53;0;0;0;0;0;0;0;0;0;0;0;0;0;0;0;0;0;0;0;0;0;0;0;0;0;0;2;0;1;0;0;0;0;1;0;0;0
53061;Charchigné;52;53;0;0;0;0;0;0;0;0;0;0;0;0;0;0;0;0;0;0;0;0;0;0;0;0;0;0;1;0;0;0;0;0;0;1;0;0;0
53062;Château-Gontier;52;53;0;1;0;0;0;0;0;0;0;0;4;1;0;0;0;12;4;2;0;0;8;1;0;9;9;16;11;9;3;1;24;6;7;31;9;3;10
53063;Châtelain;52;53;0;0;0;0;0;0;0;0;0;0;0;0;0;0;0;0;0;0;0;0;0;0;0;0;0;1;1;0;0;0;0;0;0;0;1;0;0
53064;Châtillon-sur-Colmont;52;53;0;0;0;0;0;0;0;0;0;0;0;0;0;0;0;0;0;0;1;0;3;0;0;1;1;0;4;1;2;0;2;0;0;2;0;0;0
53065;Châtres-la-Forêt;52;53;0;0;0;0;0;0;0;0;0;0;0;0;0;0;0;0;0;0;1;0;1;1;0;0;1;2;1;3;0;0;2;0;0;0;0;0;0
53066;Chemazé;52;53;0;0;0;0;0;0;0;0;0;0;0;0;0;0;0;0;0;0;1;0;1;0;0;0;2;1;0;3;3;0;1;0;0;2;0;0;0
53067;Chémeré-le-Roi;52;53;0;0;0;0;0;0;0;0;0;0;0;0;0;0;0;0;0;0;0;0;1;0;0;0;1;0;2;2;0;0;1;1;0;0;1;0;0
53068;Chérancé;52;53;0;0;0;0;0;0;0;0;0;0;0;0;0;0;0;0;0;0;0;0;1;0;0;0;0;0;1;0;0;0;0;0;0;0;0;0;0
53069;Chevaigné-du-Maine;52;53;0;0;0;0;0;0;0;0;0;0;0;0;0;0;0;0;0;0;0;0;0;0;0;0;1;1;0;0;0;0;0;0;0;0;0;0;0
53071;Colombiers-du-Plessis;52;53;0;0;0;0;0;0;0;0;0;0;0;0;0;0;0;0;0;0;0;0;1;0;0;0;1;1;0;1;0;0;0;0;0;0;0;0;0
53072;Commer;52;53;0;0;0;0;0;0;0;0;0;0;0;0;0;0;0;0;0;0;0;1;3;0;0;0;1;1;2;3;4;0;1;0;0;0;0;0;1
53073;Congrier;52;53;0;0;0;0;0;0;0;0;0;0;0;0;0;0;0;1;0;0;1;0;1;0;0;0;0;2;2;1;0;0;1;0;0;2;0;0;0
53074;Contest;52;53;0;0;0;0;0;0;0;0;0;0;0;0;0;0;0;0;0;0;0;0;0;0;0;0;3;0;2;5;0;0;1;0;0;1;0;0;0
53075;Cosmes;52;53;0;0;0;0;0;0;0;0;0;0;0;0;0;0;0;0;0;0;0;0;0;0;0;0;0;0;0;1;0;0;0;0;0;0;0;0;0
53076;Cossé-en-Champagne;52;53;0;0;0;0;0;0;0;0;0;0;0;0;0;0;0;0;0;0;0;1;0;0;0;0;1;1;0;0;1;0;0;0;0;1;0;0;1
53077;Cossé-le-Vivien;52;53;0;1;0;0;0;0;0;0;0;0;1;0;0;0;0;2;1;1;0;0;6;1;0;1;2;5;7;6;2;1;4;1;1;6;1;0;2
53078;Coudray;52;53;0;0;0;0;0;0;0;0;0;0;0;0;0;0;0;0;0;0;1;0;2;0;0;0;0;2;0;2;1;1;1;0;0;1;0;0;0
53079;Couesmes-Vaucé;52;53;0;0;0;0;0;0;0;0;0;0;0;0;0;0;0;0;0;0;0;0;1;0;0;0;0;1;2;0;1;0;0;0;0;0;0;0;0
53080;Couptrain;52;53;0;0;0;0;0;0;0;0;0;0;0;0;0;0;0;0;0;0;0;1;2;0;0;0;0;1;0;0;0;0;0;0;0;0;0;0;0
53082;Courbeveille;52;53;0;0;0;0;0;0;0;0;0;0;0;0;0;0;0;0;0;0;0;0;1;0;0;0;0;2;0;2;0;0;0;0;0;0;0;0;0
53083;Courcité;52;53;0;0;0;0;0;0;0;0;0;0;0;0;0;0;0;0;0;0;1;0;1;0;0;1;2;0;6;1;0;0;2;0;0;1;0;0;0
53084;Craon;52;53;0;1;0;0;0;0;0;0;0;0;1;0;1;0;0;5;2;1;0;0;5;2;0;4;2;9;5;7;4;1;9;1;1;14;1;3;4
53085;Crennes-sur-Fraubée;52;53;0;0;0;0;0;0;0;0;0;0;0;0;0;0;0;0;0;0;0;0;0;0;0;0;0;0;0;0;1;0;0;0;0;0;0;0;0
53086;La Croixille;52;53;0;0;0;0;0;0;0;0;0;0;0;0;0;0;0;0;0;0;0;0;0;0;0;0;3;1;1;4;4;1;0;0;0;1;0;0;0
53087;La Cropte;52;53;0;0;0;0;0;0;0;0;0;0;0;0;0;0;0;0;0;0;0;0;0;0;0;0;1;2;0;1;0;0;0;0;0;1;0;0;0
53088;Cuillé;52;53;0;0;0;0;0;0;0;0;0;0;0;0;0;0;0;0;0;0;0;1;1;0;0;0;1;0;0;5;1;0;3;0;0;1;0;0;1
53089;Daon;52;53;0;0;0;0;0;0;0;0;0;0;0;0;0;0;0;0;0;0;1;0;2;0;0;0;0;1;0;1;0;0;1;0;0;3;0;0;0
53090;Denazé;52;53;0;0;0;0;0;0;0;0;0;0;0;0;0;0;0;0;0;0;0;0;0;0;0;0;0;0;1;0;0;0;0;0;0;0;0;0;0
53091;Désertines;52;53;0;0;0;0;0;0;0;0;0;0;0;0;0;0;0;0;0;0;0;0;2;0;0;0;0;1;2;0;0;0;1;0;0;1;0;0;0
53092;Deux-Évailles;52;53;0;0;0;0;0;0;0;0;0;0;0;0;0;0;0;0;0;0;0;0;0;0;0;0;1;1;0;0;0;0;0;0;0;1;0;0;0
53093;La Dorée;52;53;0;0;0;0;0;0;0;0;0;0;0;0;0;0;0;0;0;0;0;1;0;0;0;0;0;0;0;0;0;0;0;0;0;0;0;0;0
53094;Entrammes;52;53;0;0;0;0;0;0;0;0;0;0;0;0;0;0;0;2;1;0;1;0;2;0;0;2;2;2;6;1;1;0;2;0;0;3;0;0;0
53095;Épineux-le-Seguin;52;53;0;0;0;0;0;0;0;0;0;0;0;0;0;0;0;0;0;0;0;0;0;0;0;0;0;0;0;0;1;0;0;0;0;0;0;0;0
53096;Ernée;52;53;0;1;0;0;0;0;0;0;0;0;1;1;1;0;0;6;6;1;0;0;11;1;0;4;6;11;9;5;5;1;8;1;2;14;3;1;2
53097;Évron;52;53;0;1;0;0;0;0;0;0;0;0;1;0;0;0;0;6;2;1;0;0;8;1;0;7;7;5;11;8;2;2;12;2;4;14;2;3;5
53098;Fontaine-Couverte;52;53;0;0;0;0;0;0;0;0;0;0;0;0;0;0;0;0;0;0;0;0;0;0;0;0;0;0;0;2;0;0;0;0;0;1;0;0;0
53099;Forcé;52;53;0;0;0;0;0;0;0;0;0;0;0;0;0;0;0;0;1;0;0;1;3;0;0;0;2;1;1;2;0;0;1;0;0;0;0;0;0
53100;Fougerolles-du-Plessis;52;53;0;0;0;0;0;0;0;0;0;0;0;0;0;0;0;2;0;1;0;0;3;0;0;0;1;1;2;5;2;0;3;0;1;1;0;0;0
53101;Fromentières;52;53;0;0;0;0;0;0;0;0;0;0;0;0;0;0;0;0;0;0;0;0;0;0;0;0;0;0;1;1;0;0;0;0;0;2;0;0;0
53102;Gastines;52;53;0;0;0;0;0;0;0;0;0;0;0;0;0;0;0;0;0;0;0;0;2;0;0;0;0;0;0;0;0;0;0;0;0;1;0;0;1
53103;Le Genest-Saint-Isle;52;53;0;0;0;0;0;0;0;0;0;0;0;0;0;0;0;0;0;0;0;1;0;0;0;2;2;2;3;2;2;0;1;0;0;2;0;0;1
53104;Gennes-sur-Glaize;52;53;0;0;0;0;0;0;0;0;0;0;0;0;0;0;0;0;0;0;1;0;2;0;0;0;2;4;2;1;0;1;1;0;0;0;0;0;1
53105;Gesnes;52;53;0;0;0;0;0;0;0;0;0;0;0;0;0;0;0;0;0;0;0;0;0;0;0;0;0;0;1;0;0;0;0;0;0;0;0;0;0
53106;Gesvres;52;53;0;0;0;0;0;0;0;0;0;0;0;0;0;0;0;0;0;0;1;0;0;0;0;0;1;0;1;2;0;0;1;0;0;1;0;0;0
53107;Gorron;52;53;0;1;0;0;0;0;0;0;0;0;1;1;1;0;0;5;2;1;0;0;4;1;0;2;3;5;9;6;2;1;4;2;0;6;4;1;2
53108;La Gravelle;52;53;0;0;0;0;0;0;0;0;0;0;0;0;0;0;0;0;0;0;1;0;2;0;0;0;1;0;0;0;0;0;0;0;0;0;0;0;0
53109;Grazay;52;53;0;0;0;0;0;0;0;0;0;0;0;0;0;0;0;0;0;0;0;0;1;0;0;0;1;0;0;0;1;0;1;0;0;0;0;0;0
53110;Grez-en-Bouère;52;53;0;1;0;0;0;0;0;0;0;0;0;0;0;0;0;1;0;1;0;0;2;0;0;0;6;0;1;3;2;0;1;2;0;0;1;0;0
53111;La Haie-Traversaine;52;53;0;0;0;0;0;0;0;0;0;0;0;0;0;0;0;0;0;0;0;0;0;0;0;0;0;0;1;0;0;0;0;0;0;1;0;0;0
53112;Le Ham;52;53;0;0;0;0;0;0;0;0;0;0;0;0;0;0;0;0;0;0;0;0;0;0;0;0;0;1;1;0;0;0;0;0;0;0;0;0;0
53113;Hambers;52;53;0;0;0;0;0;0;0;0;0;0;0;0;0;0;0;0;0;0;0;0;1;0;0;0;2;1;1;0;1;0;1;0;0;1;0;0;0
53114;Hardanges;52;53;0;0;0;0;0;0;0;0;0;0;0;0;0;0;0;0;0;0;0;0;0;0;0;0;0;0;0;0;0;0;0;0;0;0;0;0;0
53115;Hercé;52;53;0;0;0;0;0;0;0;0;0;0;0;0;0;0;0;0;0;0;0;0;0;0;0;0;1;2;1;0;0;0;1;0;0;1;0;0;0
53116;Le Horps;52;53;0;0;0;0;0;0;0;0;0;0;0;0;1;0;0;0;1;0;1;0;2;0;0;0;2;0;2;2;1;0;1;0;0;1;0;0;0
53117;Houssay;52;53;0;0;0;0;0;0;0;0;0;0;0;0;0;0;0;0;0;0;0;0;0;0;0;0;1;1;1;2;0;0;0;0;0;0;0;0;0
53118;Le Housseau-Brétignolles;52;53;0;0;0;0;0;0;0;0;0;0;0;0;0;0;0;0;0;0;0;0;0;0;0;0;0;1;1;0;0;0;0;0;0;0;0;0;0
53119;L'Huisserie;52;53;0;0;0;0;0;0;0;0;0;0;0;0;0;0;0;3;0;1;0;0;4;0;0;1;0;3;4;7;2;0;5;0;0;3;2;0;1
53120;Izé;52;53;0;0;0;0;0;0;0;0;0;0;0;0;0;0;0;0;0;0;0;1;1;0;0;0;1;0;1;1;0;0;0;0;0;0;0;0;0
53121;Javron-les-Chapelles;52;53;0;0;0;0;0;0;0;0;0;0;0;0;0;0;0;2;0;1;0;0;1;2;0;1;0;1;1;1;1;1;2;4;0;2;0;0;0
53122;Jublains;52;53;0;0;0;0;0;0;0;0;0;0;0;0;0;0;0;0;0;0;0;1;1;0;0;0;1;2;5;0;1;0;1;0;0;2;0;0;0
53123;Juvigné;52;53;0;0;0;0;0;0;0;0;0;0;0;0;0;0;0;0;0;0;1;0;3;0;0;1;3;2;5;0;0;0;2;1;0;3;0;0;0
53124;Laigné;52;53;0;0;0;0;0;0;0;0;0;0;0;0;0;0;0;0;0;0;1;0;3;0;0;0;0;0;1;1;0;0;1;0;0;0;0;0;0
53125;Landivy;52;53;0;1;0;0;0;0;0;0;0;0;0;0;0;0;0;1;0;0;0;1;4;0;0;0;1;0;3;2;1;0;2;1;0;2;0;0;0
53126;Larchamp;52;53;0;0;0;0;0;0;0;0;0;0;0;0;0;0;0;0;0;0;0;1;1;0;0;0;4;1;3;1;3;0;1;0;0;1;0;0;0
53127;Lassay-les-Châteaux;52;53;0;1;0;0;0;0;0;0;0;0;1;0;0;0;0;4;2;1;0;0;5;1;0;2;3;4;7;4;0;2;4;3;1;4;2;0;2
53128;Laubrières;52;53;0;0;0;0;0;0;0;0;0;0;0;0;0;0;0;0;0;0;1;0;2;0;0;0;1;0;0;2;0;0;0;0;0;0;0;0;0
53129;Launay-Villiers;52;53;0;0;0;0;0;0;0;0;0;0;0;0;0;0;0;0;0;0;0;0;0;0;0;0;0;1;0;0;0;0;0;0;0;0;0;0;0
53130;Laval;52;53;1;1;0;1;1;1;1;0;0;0;15;2;0;0;0;65;6;6;0;0;45;7;8;18;27;50;32;32;24;11;83;7;24;142;37;10;19
53131;Lesbois;52;53;0;0;0;0;0;0;0;0;0;0;0;0;0;0;0;0;0;0;0;0;0;0;0;0;1;0;0;0;0;0;0;0;0;1;0;0;0
53132;Levaré;52;53;0;0;0;0;0;0;0;0;0;0;0;0;0;0;0;0;0;0;0;0;0;0;0;0;1;0;1;0;0;0;0;0;0;1;0;0;0
53133;Lignières-Orgères;52;53;0;0;0;0;0;0;0;0;0;0;0;0;0;0;0;0;0;0;0;1;0;0;0;0;2;2;0;1;2;0;1;0;0;0;0;0;0
53134;Livet;52;53;0;0;0;0;0;0;0;0;0;0;0;0;0;0;0;0;0;0;0;0;0;0;0;0;0;0;0;0;0;0;0;0;0;0;0;0;0
53135;Livré-la-Touche;52;53;0;0;0;0;0;0;0;0;0;0;0;0;0;0;0;1;0;0;0;0;0;0;0;0;1;0;2;3;0;0;0;0;0;0;0;0;0
53136;Loigné-sur-Mayenne;52;53;0;0;0;0;0;0;0;0;0;0;0;0;0;0;0;0;0;0;0;0;1;0;0;0;2;1;2;0;1;0;1;0;0;2;0;0;0
53137;Loiron-Ruillé;52;53;0;0;0;0;0;0;0;0;0;0;0;0;1;0;0;2;0;1;0;0;4;0;0;1;2;2;9;5;2;0;4;1;0;0;0;0;1
53138;Longuefuye;52;53;0;0;0;0;0;0;0;0;0;0;0;0;0;0;0;0;0;0;0;0;0;0;0;0;0;0;4;2;2;0;0;0;0;0;0;0;0
53139;Loupfougères;52;53;0;0;0;0;0;0;0;0;0;0;0;0;0;0;0;1;0;0;1;0;1;0;0;0;0;1;1;0;0;0;0;0;0;0;0;0;0
53140;Louverné;52;53;0;0;0;0;0;0;0;0;0;0;0;0;0;0;0;2;0;1;0;0;5;1;0;3;4;3;4;3;1;1;5;0;0;6;0;0;1
53141;Louvigné;52;53;0;0;0;0;0;0;0;0;0;0;0;0;0;0;0;0;0;0;1;0;1;0;0;0;2;1;1;1;3;0;1;1;0;2;0;0;0
53142;Madré;52;53;0;0;0;0;0;0;0;0;0;0;0;0;0;0;0;0;1;0;0;1;0;0;0;0;1;1;4;1;1;0;0;0;0;0;0;0;0
53143;Maisoncelles-du-Maine;52;53;0;0;0;0;0;0;0;0;0;0;0;0;0;0;0;0;0;0;0;0;0;0;0;0;1;0;0;1;0;0;0;0;0;0;0;0;0
53144;Marcillé-la-Ville;52;53;0;0;0;0;0;0;0;0;0;0;0;0;0;0;0;0;0;0;1;0;0;0;0;0;0;3;1;0;0;0;3;0;0;0;0;0;0
53145;Marigné-Peuton;52;53;0;0;0;0;0;0;0;0;0;0;0;0;0;0;0;0;0;0;0;0;2;0;0;0;0;0;4;0;0;0;1;0;0;1;0;0;0
53146;Martigné-sur-Mayenne;52;53;0;1;0;0;0;0;0;0;0;0;0;0;0;0;0;2;0;1;0;0;2;1;0;0;2;1;2;4;2;0;3;2;1;1;0;0;1
53147;Mayenne;52;53;1;1;0;0;0;0;0;0;0;0;5;1;0;0;0;9;3;2;0;0;26;5;1;6;10;15;17;11;2;2;26;3;5;26;3;3;8
53148;Mée;52;53;0;0;0;0;0;0;0;0;0;0;0;0;0;0;0;0;0;0;0;0;0;0;0;0;0;1;3;1;0;0;0;0;0;0;0;0;0
53150;Ménil;52;53;0;0;0;0;0;0;0;0;0;0;0;0;0;0;0;0;0;0;0;1;0;0;0;0;1;1;0;2;0;1;1;0;0;1;1;0;0
53151;Méral;52;53;0;0;0;0;0;0;0;0;0;0;0;0;0;0;0;1;0;0;1;0;0;0;0;0;0;1;2;1;2;0;2;0;0;2;0;0;0
53152;Meslay-du-Maine;52;53;0;1;0;0;0;0;0;0;0;0;1;0;1;0;0;3;0;1;0;0;4;1;0;2;1;4;5;4;2;0;5;5;0;5;2;1;3
53153;Mézangers;52;53;0;0;0;0;0;0;0;0;0;0;0;0;0;0;0;0;0;0;0;0;0;0;0;0;0;1;1;0;0;0;0;0;0;1;0;0;0
53154;Montaudin;52;53;0;0;0;0;0;0;0;0;0;0;0;0;0;0;0;1;0;1;0;0;1;0;0;0;0;2;1;0;1;1;1;0;0;2;0;0;1
53155;Montenay;52;53;0;0;0;0;0;0;0;0;0;0;0;0;0;0;0;0;0;0;0;1;4;2;0;0;2;2;6;2;0;0;1;0;0;0;0;0;0
53156;Montflours;52;53;0;0;0;0;0;0;0;0;0;0;0;0;0;0;0;0;0;0;0;0;0;0;0;0;0;0;0;0;1;0;0;0;0;1;0;0;0
53157;Montigné-le-Brillant;52;53;0;0;0;0;0;0;0;0;0;0;0;0;0;0;0;0;0;0;1;0;2;0;0;0;0;2;1;0;1;0;1;0;0;0;0;0;3
53158;Montjean;52;53;0;0;0;0;0;0;0;0;0;0;0;0;0;0;0;1;0;0;1;0;1;0;0;0;4;4;2;0;2;0;1;0;0;3;0;0;0
53159;Montourtier;52;53;0;0;0;0;0;0;0;0;0;0;0;0;0;0;0;0;0;0;0;0;0;0;0;0;0;2;0;1;0;0;0;0;0;0;0;0;0
53160;Montreuil-Poulay;52;53;0;0;0;0;0;0;0;0;0;0;0;0;0;0;0;0;0;0;0;0;0;0;0;0;1;1;1;0;2;0;0;0;0;1;0;0;1
53161;Montsûrs;52;53;0;1;0;0;0;0;0;0;0;0;0;0;0;0;0;2;0;1;0;0;5;0;0;0;4;3;5;5;2;0;3;1;0;2;1;2;0
53162;Moulay;52;53;0;0;0;0;0;0;0;0;0;0;0;0;0;0;0;0;0;0;1;0;0;0;0;0;3;1;3;1;1;1;1;0;0;0;0;0;0
53163;Neau;52;53;0;0;0;0;0;0;0;0;0;0;0;0;0;0;0;0;0;0;0;1;1;0;0;0;3;0;1;0;0;0;2;0;0;2;0;0;0
53164;Neuilly-le-Vendin;52;53;0;0;0;0;0;0;0;0;0;0;0;0;0;0;0;0;0;0;0;1;1;0;0;0;2;0;1;0;0;0;1;0;0;0;0;0;0
53165;Niafles;52;53;0;0;0;0;0;0;0;0;0;0;0;0;0;0;0;0;0;0;0;0;0;0;0;0;1;0;1;0;0;0;0;0;0;1;0;0;0
53168;Nuillé-sur-Vicoin;52;53;0;0;0;0;0;0;0;0;0;0;0;0;0;0;0;0;0;0;1;0;2;0;0;0;2;2;0;4;0;0;2;0;0;0;0;1;0
53169;Olivet;52;53;0;0;0;0;0;0;0;0;0;0;0;0;0;0;0;0;0;0;0;0;0;0;0;0;1;1;2;0;0;0;0;0;0;0;0;0;0
53170;Oisseau;52;53;0;0;0;0;0;0;0;0;0;0;0;0;0;0;0;0;0;0;1;0;2;0;0;0;1;2;3;2;1;1;1;0;0;1;0;0;0
53172;Origné;52;53;0;0;0;0;0;0;0;0;0;0;0;0;0;0;0;0;0;0;0;0;1;0;0;0;1;0;1;0;0;0;0;0;0;3;0;0;0
53173;La Pallu;52;53;0;0;0;0;0;0;0;0;0;0;0;0;0;0;0;0;0;0;0;0;1;0;0;0;0;0;0;0;0;0;0;0;0;0;0;0;0
53174;Parigné-sur-Braye;52;53;0;0;0;0;0;0;0;0;0;0;0;0;0;0;0;0;0;0;0;0;1;0;0;0;0;1;0;0;0;0;0;0;0;0;0;0;0
53175;Parné-sur-Roc;52;53;0;0;0;0;0;0;0;0;0;0;0;0;0;0;0;0;0;0;0;1;2;0;0;0;2;0;4;3;1;0;1;0;0;0;0;0;0
53176;Le Pas;52;53;0;0;0;0;0;0;0;0;0;0;0;0;0;0;0;0;0;0;0;1;0;0;0;0;0;2;0;1;1;0;1;0;0;0;0;0;0
53177;La Pellerine;52;53;0;0;0;0;0;0;0;0;0;0;0;0;0;0;0;0;0;0;0;0;0;0;0;0;1;1;2;0;0;0;0;0;0;2;0;0;0
53178;Peuton;52;53;0;0;0;0;0;0;0;0;0;0;0;0;0;0;0;0;0;0;0;0;0;0;0;0;0;0;0;2;0;0;0;0;0;0;0;0;0
53179;Placé;52;53;0;0;0;0;0;0;0;0;0;0;0;0;0;0;0;0;0;0;0;0;0;0;0;0;1;0;1;0;0;0;0;0;0;0;0;0;0
53180;Pommerieux;52;53;0;0;0;0;0;0;0;0;0;0;0;0;0;0;0;0;0;0;0;0;1;0;0;0;1;0;0;2;1;1;0;0;0;0;0;0;1
53181;Pontmain;52;53;0;0;0;0;0;0;0;0;0;0;0;0;0;0;0;1;0;0;1;0;1;0;0;0;0;1;1;2;0;0;1;0;0;1;0;0;0
53182;Port-Brillet;52;53;0;1;0;0;0;0;0;0;0;0;0;0;0;0;0;3;1;1;0;0;2;0;0;1;3;2;1;2;2;1;2;0;0;1;1;0;0
53184;Préaux;52;53;0;0;0;0;0;0;0;0;0;0;0;0;0;0;0;0;0;0;0;0;0;0;0;0;1;0;0;0;0;0;0;0;0;0;1;0;0
53185;Pré-en-Pail-Saint-Samson;52;53;0;1;0;0;0;0;0;0;0;0;1;1;1;0;0;3;3;1;0;0;5;1;0;0;3;7;6;3;3;0;5;3;0;5;5;1;2
53186;Quelaines-Saint-Gault;52;53;0;0;0;0;0;0;0;0;0;0;0;0;0;0;0;1;0;0;0;1;7;0;0;1;3;4;4;6;2;1;3;0;0;3;1;0;1
53187;Ravigny;52;53;0;0;0;0;0;0;0;0;0;0;0;0;0;0;0;0;0;0;0;0;0;0;0;0;4;1;0;1;0;0;0;0;0;0;0;0;0
53188;Renazé;52;53;0;0;0;0;0;0;0;0;0;0;0;0;0;0;0;3;0;1;0;0;4;1;0;0;1;2;2;5;2;1;6;0;0;7;3;0;2
53189;Rennes-en-Grenouilles;52;53;0;0;0;0;0;0;0;0;0;0;0;0;0;0;0;0;0;0;0;0;0;0;0;0;0;0;0;0;0;0;0;0;0;0;0;0;0
53190;Le Ribay;52;53;0;1;0;0;0;0;0;0;0;0;0;0;0;0;0;0;0;0;0;1;3;0;0;0;1;0;1;0;1;0;1;0;0;1;0;0;0
53191;La Roë;52;53;0;0;0;0;0;0;0;0;0;0;0;0;0;0;0;0;0;0;0;1;0;0;0;0;1;0;1;1;0;0;0;0;0;1;0;0;0
53192;La Rouaudière;52;53;0;0;0;0;0;0;0;0;0;0;0;0;0;0;0;0;0;0;0;0;0;0;0;0;0;0;2;0;0;0;0;0;0;0;0;0;0
53193;Ruillé-Froid-Fonds;52;53;0;0;0;0;0;0;0;0;0;0;0;0;0;0;0;0;0;0;0;0;1;0;0;0;0;1;2;0;0;0;0;0;0;0;0;0;0
53195;Sacé;52;53;0;0;0;0;0;0;0;0;0;0;0;0;0;0;0;0;0;0;0;0;1;0;0;0;0;1;1;0;0;0;0;0;0;0;0;0;0
53196;Saint-Aignan-de-Couptrain;52;53;0;0;0;0;0;0;0;0;0;0;0;0;0;0;0;0;0;0;0;1;1;0;0;0;1;0;4;0;0;0;1;0;0;1;0;0;0
53197;Saint-Aignan-sur-Roë;52;53;0;1;0;0;0;0;0;0;0;0;0;0;0;0;0;1;0;1;0;0;4;0;0;0;1;1;2;1;1;0;1;5;0;2;0;0;0
53198;Saint-Aubin-du-Désert;52;53;0;0;0;0;0;0;0;0;0;0;0;0;0;0;0;0;0;0;0;0;0;0;0;0;1;2;1;0;0;0;1;0;0;0;0;0;0
53199;Saint-Aubin-Fosse-Louvain;52;53;0;0;0;0;0;0;0;0;0;0;0;0;0;0;0;0;0;0;0;0;0;0;0;0;0;1;2;1;0;0;0;0;0;0;0;0;1
53200;Saint-Baudelle;52;53;0;0;0;0;0;0;0;0;0;0;0;0;0;0;0;0;0;0;0;0;0;0;0;0;2;1;1;1;1;0;1;0;0;1;0;0;0
53201;Saint-Berthevin;52;53;0;0;0;0;0;0;0;0;0;0;0;0;0;0;0;6;0;1;0;0;17;3;0;1;5;10;9;10;10;1;7;0;0;13;4;3;3
53202;Saint-Berthevin-la-Tannière;52;53;0;0;0;0;0;0;0;0;0;0;0;0;0;0;0;0;0;0;0;0;0;0;0;0;1;0;1;0;0;0;0;1;0;1;0;0;0
53203;Saint-Brice;52;53;0;0;0;0;0;0;0;0;0;0;0;0;0;0;0;0;0;0;0;0;0;0;0;0;2;1;0;0;0;0;1;0;0;0;0;0;0
53204;Saint-Calais-du-Désert;52;53;0;0;0;0;0;0;0;0;0;0;0;0;0;0;0;0;0;0;0;0;0;0;0;0;0;0;0;0;1;0;0;0;0;0;0;0;0
53205;Saint-Céneré;52;53;0;0;0;0;0;0;0;0;0;0;0;0;0;0;0;0;0;0;0;0;0;0;0;0;2;2;1;0;2;0;0;0;0;0;0;0;0
53206;Saint-Charles-la-Forêt;52;53;0;0;0;0;0;0;0;0;0;0;0;0;0;0;0;0;0;0;0;0;0;0;0;0;0;0;0;0;0;0;0;0;0;0;0;0;0
53207;Saint-Christophe-du-Luat;52;53;0;0;0;0;0;0;0;0;0;0;0;0;0;0;0;0;0;0;0;1;2;0;0;0;0;1;0;1;0;2;0;1;0;1;0;0;0
53208;Saint-Cyr-en-Pail;52;53;0;0;0;0;0;0;0;0;0;0;0;0;0;0;0;0;0;0;0;0;0;0;0;0;3;0;0;0;1;1;0;0;0;1;0;0;0
53209;Saint-Cyr-le-Gravelais;52;53;0;0;0;0;0;0;0;0;0;0;0;0;0;0;0;0;0;0;0;0;0;0;0;0;1;0;1;0;0;0;0;0;0;0;0;0;0
53210;Saint-Denis-d'Anjou;52;53;0;0;0;0;0;0;0;0;0;0;0;0;0;0;0;2;0;0;0;1;2;0;0;0;1;1;2;3;1;0;2;0;0;3;0;0;0
53211;Saint-Denis-de-Gastines;52;53;0;0;0;0;0;0;0;0;0;0;0;0;0;0;0;2;0;0;0;1;3;0;0;0;0;2;4;4;2;0;4;0;0;1;1;0;1
53212;Saint-Denis-du-Maine;52;53;0;0;0;0;0;0;0;0;0;0;0;0;0;0;0;0;0;0;0;0;0;0;0;0;0;3;1;0;0;0;1;0;0;1;0;0;0
53213;Saint-Ellier-du-Maine;52;53;0;0;0;0;0;0;0;0;0;0;0;0;0;0;0;0;0;0;0;1;1;0;0;0;1;0;0;0;1;0;1;0;0;0;0;0;0
53214;Saint-Erblon;52;53;0;0;0;0;0;0;0;0;0;0;0;0;0;0;0;0;0;0;0;0;1;0;0;0;0;0;1;0;0;0;0;0;0;0;0;0;0
53215;Saint-Fort;52;53;0;0;0;0;0;0;0;0;0;0;0;0;0;0;0;0;0;0;0;0;3;0;0;0;3;9;1;3;3;0;2;0;0;2;0;0;0
53216;Saint-Fraimbault-de-Prières;52;53;0;0;0;0;0;0;0;0;0;0;0;0;0;0;0;0;0;0;0;1;5;0;0;0;1;0;0;2;0;0;2;0;0;0;0;0;0
53218;Sainte-Gemmes-le-Robert;52;53;0;0;0;0;0;0;0;0;0;0;0;0;0;0;0;0;0;0;0;0;0;0;0;0;1;0;2;0;0;0;1;0;0;1;0;0;0
53219;Saint-Georges-Buttavent;52;53;0;0;0;0;0;0;0;0;0;0;0;0;0;0;0;0;1;0;0;1;0;0;0;0;1;1;6;2;1;0;2;0;0;5;0;0;0
53220;Saint-Georges-le-Fléchard;52;53;0;0;0;0;0;0;0;0;0;0;0;0;0;0;0;0;0;0;0;0;0;0;0;0;1;0;0;0;0;0;0;0;0;0;0;0;1
53221;Saint-Georges-sur-Erve;52;53;0;0;0;0;0;0;0;0;0;0;0;0;0;0;0;1;0;0;0;0;0;0;0;0;0;0;1;1;0;0;0;0;0;1;0;0;0
53222;Saint-Germain-d'Anxure;52;53;0;0;0;0;0;0;0;0;0;0;0;0;0;0;0;0;0;0;0;0;0;0;0;1;1;1;0;0;1;0;0;0;0;0;0;0;0
53223;Saint-Germain-de-Coulamer;52;53;0;0;0;0;0;0;0;0;0;0;0;0;0;0;0;0;0;0;0;0;1;0;0;0;2;0;2;0;0;1;0;0;0;0;0;0;0
53224;Saint-Germain-le-Fouilloux;52;53;0;0;0;0;0;0;0;0;0;0;0;0;0;0;0;0;0;0;0;0;2;0;0;0;0;2;2;1;1;0;2;0;0;2;0;0;1
53225;Saint-Germain-le-Guillaume;52;53;0;0;0;0;0;0;0;0;0;0;0;0;0;0;0;0;0;0;0;0;0;0;0;0;2;1;1;0;0;0;0;0;0;2;0;0;0
53226;Saint-Hilaire-du-Maine;52;53;0;0;0;0;0;0;0;0;0;0;0;0;0;0;0;0;0;0;1;0;1;0;0;0;1;0;2;1;0;0;1;0;0;2;1;0;0
53228;Saint-Jean-sur-Erve;52;53;0;0;0;0;0;0;0;0;0;0;0;0;0;0;0;0;0;0;0;0;2;0;0;0;0;0;2;0;1;0;0;0;0;1;0;0;0
53229;Saint-Jean-sur-Mayenne;52;53;0;0;0;0;0;0;0;0;0;0;0;0;0;0;0;0;0;0;0;1;5;0;0;0;1;1;2;1;0;0;2;0;0;0;0;0;0
53230;Saint-Julien-du-Terroux;52;53;0;0;0;0;0;0;0;0;0;0;0;0;0;0;0;0;0;0;0;0;0;0;0;0;0;0;0;0;0;0;0;0;0;0;0;0;0
53231;Saint-Laurent-des-Mortiers;52;53;0;0;0;0;0;0;0;0;0;0;0;0;0;0;0;0;0;0;0;0;0;0;0;0;0;0;0;1;1;0;0;0;0;0;0;0;0
53232;Saint-Léger;52;53;0;0;0;0;0;0;0;0;0;0;0;0;0;0;0;0;0;0;0;0;1;0;0;0;2;0;1;0;0;0;0;0;0;0;0;0;0
53233;Saint-Loup-du-Dorat;52;53;0;0;0;0;0;0;0;0;0;0;0;0;0;0;0;0;0;0;0;1;0;0;0;0;3;0;0;1;0;0;1;0;0;1;0;0;0
53234;Saint-Loup-du-Gast;52;53;0;0;0;0;0;0;0;0;0;0;0;0;0;0;0;0;0;0;0;0;0;0;0;0;1;0;1;0;0;0;0;0;0;0;0;0;0
53235;Sainte-Marie-du-Bois;52;53;0;0;0;0;0;0;0;0;0;0;0;0;0;0;0;0;0;0;0;0;0;0;0;0;0;1;1;2;0;0;0;0;0;0;0;0;0
53236;Saint-Mars-du-Désert;52;53;0;0;0;0;0;0;0;0;0;0;0;0;0;0;0;0;0;0;0;0;1;0;0;0;1;0;0;0;0;0;0;0;0;0;0;0;0
53237;Saint-Mars-sur-Colmont;52;53;0;0;0;0;0;0;0;0;0;0;0;0;0;0;0;0;0;0;0;0;1;0;0;0;0;2;2;1;1;0;0;0;0;0;0;0;0
53238;Saint-Mars-sur-la-Futaie;52;53;0;0;0;0;0;0;0;0;0;0;0;0;0;0;0;0;0;0;0;1;0;0;0;0;0;1;1;0;0;0;1;0;0;0;1;0;0
53239;Saint-Martin-de-Connée;52;53;0;0;0;0;0;0;0;0;0;0;0;0;0;0;0;0;0;0;0;1;3;0;0;0;1;0;1;1;0;0;0;0;0;1;0;0;0
53240;Saint-Martin-du-Limet;52;53;0;0;0;0;0;0;0;0;0;0;0;0;0;0;0;0;0;0;0;0;0;0;0;0;0;0;2;1;0;0;0;0;0;2;0;0;0
53241;Saint-Michel-de-Feins;52;53;0;0;0;0;0;0;0;0;0;0;0;0;0;0;0;0;0;0;0;0;0;0;0;0;0;0;0;0;0;0;0;0;0;0;0;0;0
53242;Saint-Michel-de-la-Roë;52;53;0;0;0;0;0;0;0;0;0;0;0;0;0;0;0;0;0;0;0;0;1;0;0;0;0;0;0;1;0;0;0;0;0;1;0;0;0
53243;Saint-Ouën-des-Toits;52;53;0;0;0;0;0;0;0;0;0;0;0;0;0;0;0;0;0;0;1;0;3;0;0;1;0;4;5;4;2;0;2;0;0;0;0;0;0
53244;Saint-Ouën-des-Vallons;52;53;0;0;0;0;0;0;0;0;0;0;0;0;0;0;0;0;0;0;0;0;0;0;0;0;0;0;0;0;0;0;1;0;0;0;0;0;0
53245;Saint-Pierre-des-Landes;52;53;0;0;0;0;0;0;0;0;0;0;0;0;0;0;0;0;0;0;0;1;2;0;0;0;0;1;2;3;1;1;3;1;0;1;0;0;0
53246;Saint-Pierre-des-Nids;52;53;0;0;0;0;0;0;0;0;0;0;0;0;0;0;0;4;0;1;0;0;4;0;0;1;2;0;3;3;1;0;3;1;0;3;2;0;0
53247;Saint-Pierre-la-Cour;52;53;0;0;0;0;0;0;0;0;0;0;0;0;0;0;0;2;1;1;0;0;2;0;0;0;1;2;3;1;2;1;3;0;0;3;0;0;1
53248;Saint-Pierre-sur-Erve;52;53;0;0;0;0;0;0;0;0;0;0;0;0;0;0;0;0;0;0;0;0;0;0;0;0;1;0;0;0;1;0;0;0;0;0;1;0;0
53249;Saint-Pierre-sur-Orthe;52;53;0;0;0;0;0;0;0;0;0;0;0;0;0;0;0;0;0;0;0;1;0;0;0;0;1;0;1;2;1;0;1;0;0;0;0;0;0
53250;Saint-Poix;52;53;0;0;0;0;0;0;0;0;0;0;0;0;0;0;0;0;0;0;1;0;1;0;0;0;0;0;0;0;1;0;0;0;0;0;0;0;0
53251;Saint-Quentin-les-Anges;52;53;0;0;0;0;0;0;0;0;0;0;0;0;0;0;0;0;0;0;0;0;1;0;0;0;0;1;2;0;0;0;2;0;0;1;0;0;0
53253;Saint-Saturnin-du-Limet;52;53;0;0;0;0;0;0;0;0;0;0;0;0;0;0;0;0;0;0;0;0;0;0;0;0;1;0;0;0;0;0;1;0;0;2;0;0;0
53254;Saint-Sulpice;52;53;0;0;0;0;0;0;0;0;0;0;0;0;0;0;0;0;0;0;0;0;0;0;0;0;0;0;0;0;0;0;0;0;0;1;0;0;0
53255;Sainte-Suzanne-et-Chammes;52;53;0;0;0;0;0;0;0;0;0;0;0;0;0;0;0;1;0;1;0;0;2;0;0;0;2;1;2;1;2;1;2;0;0;4;1;0;1
53256;Saint-Thomas-de-Courceriers;52;53;0;0;0;0;0;0;0;0;0;0;0;0;0;0;0;0;0;0;0;0;0;0;0;0;0;0;2;2;1;0;0;0;0;0;0;0;0
53257;Saulges;52;53;0;0;0;0;0;0;0;0;0;0;0;0;0;0;0;0;0;0;0;0;0;0;0;0;2;0;0;1;0;0;0;0;0;3;0;0;0
53258;La Selle-Craonnaise;52;53;0;0;0;0;0;0;0;0;0;0;0;0;0;0;0;0;0;0;1;0;0;0;0;0;1;1;1;2;0;0;2;0;0;0;0;0;0
53259;Senonnes;52;53;0;0;0;0;0;0;0;0;0;0;0;0;0;0;0;0;0;0;1;0;0;0;0;0;2;0;0;0;0;0;1;0;0;0;0;0;0
53260;Simplé;52;53;0;0;0;0;0;0;0;0;0;0;0;0;0;0;0;0;0;0;0;0;1;0;0;0;1;0;1;2;1;0;0;0;0;0;0;0;0
53261;Soucé;52;53;0;0;0;0;0;0;0;0;0;0;0;0;0;0;0;0;0;0;0;0;0;0;0;0;1;0;0;0;0;0;0;0;0;0;0;0;0
53262;Soulgé-sur-Ouette;52;53;0;0;0;0;0;0;0;0;0;0;0;0;0;0;0;0;0;0;1;0;2;0;0;0;0;3;2;5;0;0;1;0;0;1;0;0;0
53263;Thuboeuf;52;53;0;0;0;0;0;0;0;0;0;0;0;0;0;0;0;0;0;0;0;0;0;0;0;0;1;0;0;1;0;0;1;0;0;0;0;0;0
53264;Thorigné-en-Charnie;52;53;0;0;0;0;0;0;0;0;0;0;0;0;0;0;0;0;0;0;0;0;1;0;0;0;0;1;1;0;0;0;0;0;0;3;0;0;0
53265;Torcé-Viviers-en-Charnie;52;53;0;0;0;0;0;0;0;0;0;0;0;0;0;0;0;0;0;0;0;1;0;0;0;0;1;1;0;1;1;1;2;0;0;1;0;0;1
53266;Trans;52;53;0;0;0;0;0;0;0;0;0;0;0;0;0;0;0;0;0;0;0;0;0;0;0;0;0;0;1;1;1;1;0;0;0;0;0;0;0
53267;Vaiges;52;53;0;1;0;0;0;0;0;0;0;0;0;0;0;0;0;2;0;0;1;0;4;0;0;0;1;2;3;6;1;0;2;2;1;3;0;0;0
53269;Vautorte;52;53;0;0;0;0;0;0;0;0;0;0;0;0;0;0;0;0;0;0;1;0;2;0;0;0;0;0;1;1;1;0;1;0;0;0;0;0;0
53270;Vieuvy;52;53;0;0;0;0;0;0;0;0;0;0;0;0;0;0;0;0;0;0;0;0;0;0;0;0;0;0;0;0;0;0;0;0;0;0;0;0;0
53271;Villaines-la-Juhel;52;53;0;1;0;0;0;0;0;0;0;0;1;1;0;0;0;2;1;1;0;0;5;2;0;1;3;6;3;6;2;4;7;5;2;7;1;0;3
53272;Villepail;52;53;0;0;0;0;0;0;0;0;0;0;0;0;0;0;0;0;0;0;0;0;1;0;0;0;0;0;0;1;0;0;0;0;0;1;0;0;0
53273;Villiers-Charlemagne;52;53;0;0;0;0;0;0;0;0;0;0;0;0;0;0;0;0;0;0;1;0;1;0;0;0;2;4;1;1;0;0;1;0;0;2;1;0;0
53274;Vimarcé;52;53;0;0;0;0;0;0;0;0;0;0;0;0;0;0;0;0;0;0;0;0;0;0;0;0;1;0;1;1;0;0;0;0;0;0;0;0;0
53276;Voutré;52;53;0;0;0;0;0;0;0;0;0;0;0;0;0;0;0;0;0;0;0;1;1;0;0;0;3;2;3;2;1;0;1;0;0;0;0;0;0
54001;Abaucourt;44;54;0;0;0;0;0;0;0;0;0;0;0;0;0;0;0;0;0;0;0;0;0;0;0;0;0;0;0;0;1;0;0;0;0;0;0;0;0
54002;Abbéville-lès-Conflans;44;54;0;0;0;0;0;0;0;0;0;0;0;0;0;0;0;0;0;0;0;0;1;0;0;0;0;2;0;0;1;0;0;0;0;0;0;0;0
54003;Aboncourt;44;54;0;0;0;0;0;0;0;0;0;0;0;0;0;0;0;0;0;0;0;0;0;0;0;0;0;0;1;0;0;1;0;0;0;0;0;0;0
54004;Affléville;44;54;0;0;0;0;0;0;0;0;0;0;0;0;0;0;0;0;0;0;0;0;0;0;0;0;0;0;1;0;0;0;1;0;0;1;0;0;0
54005;Affracourt;44;54;0;0;0;0;0;0;0;0;0;0;0;0;0;0;0;0;0;0;0;0;0;0;0;0;0;0;0;1;0;0;0;0;0;0;0;0;0
54006;Agincourt;44;54;0;0;0;0;0;0;0;0;0;0;0;0;0;0;0;0;0;0;0;0;1;0;0;0;0;1;0;1;0;0;0;0;0;0;0;0;0
54007;Aingeray;44;54;0;0;0;0;0;0;0;0;0;0;0;0;0;0;0;0;0;0;0;0;1;0;0;0;0;1;0;0;0;0;0;0;0;3;0;0;1
54008;Allain;44;54;0;0;0;0;0;0;0;0;0;0;0;0;0;0;0;0;0;0;0;0;3;0;0;0;0;2;1;2;2;0;0;0;0;2;0;0;0
54009;Allamont;44;54;0;0;0;0;0;0;0;0;0;0;0;0;0;0;0;0;0;0;0;0;0;0;0;0;0;0;0;0;0;0;0;0;0;0;0;0;1
54010;Allamps;44;54;0;0;0;0;0;0;0;0;0;0;0;0;0;0;0;0;0;0;0;0;0;0;0;0;0;1;0;1;0;0;0;0;0;0;0;0;0
54011;Allondrelle-la-Malmaison;44;54;0;0;0;0;0;0;0;0;0;0;0;0;0;0;0;0;0;0;0;0;1;0;0;0;1;1;0;1;0;0;1;0;0;0;0;0;1
54012;Amance;44;54;0;0;0;0;0;0;0;0;0;0;0;0;0;0;0;0;0;0;0;0;0;0;0;0;0;1;0;0;0;0;0;0;0;0;1;0;0
54013;Amenoncourt;44;54;0;0;0;0;0;0;0;0;0;0;0;0;0;0;0;0;0;0;0;0;0;0;0;0;0;0;0;0;0;0;0;0;0;0;0;0;0
54014;Ancerviller;44;54;0;0;0;0;0;0;0;0;0;0;0;0;0;0;0;0;0;0;0;0;0;0;0;0;0;2;1;2;0;0;1;0;0;1;0;0;0
54015;Anderny;44;54;0;0;0;0;0;0;0;0;0;0;0;0;0;0;0;0;0;0;0;0;0;0;0;0;0;1;1;0;0;0;0;0;0;1;0;0;0
54016;Andilly;44;54;0;0;0;0;0;0;0;0;0;0;0;0;0;0;0;0;0;0;0;0;1;0;0;0;0;0;1;0;0;0;0;0;0;0;0;0;0
54017;Angomont;44;54;0;0;0;0;0;0;0;0;0;0;0;0;0;0;0;0;0;0;0;0;0;0;0;0;0;0;0;0;0;0;0;0;0;0;0;0;0
54018;Anoux;44;54;0;0;0;0;0;0;0;0;0;0;0;0;0;0;0;0;0;0;0;0;0;0;0;0;0;2;0;0;0;0;1;0;0;0;0;0;0
54019;Ansauville;44;54;0;0;0;0;0;0;0;0;0;0;0;0;0;0;0;0;0;0;0;0;0;0;0;0;0;0;0;0;0;0;0;0;0;0;0;0;0
54020;Anthelupt;44;54;0;0;0;0;0;0;0;0;0;0;0;0;0;0;0;0;0;0;0;0;1;0;0;0;1;0;0;1;0;0;1;0;0;4;0;0;0
54021;Armaucourt;44;54;0;0;0;0;0;0;0;0;0;0;0;0;0;0;0;0;0;0;0;0;0;0;0;0;0;1;0;1;0;0;0;0;0;0;0;0;0
54022;Arnaville;44;54;0;0;0;0;0;0;0;0;0;0;0;0;0;0;0;0;0;0;1;0;0;0;0;0;0;1;1;3;1;0;0;0;0;1;1;0;0
54023;Arracourt;44;54;0;1;0;0;0;0;0;0;0;0;0;0;0;0;0;0;0;0;1;0;1;0;0;0;0;0;0;0;0;0;0;0;0;0;0;0;0
54024;Arraye-et-Han;44;54;0;0;0;0;0;0;0;0;0;0;0;0;0;0;0;0;0;0;0;0;1;0;0;0;1;0;0;1;1;1;0;0;0;1;0;0;0
54025;Art-sur-Meurthe;44;54;0;0;0;0;0;0;0;0;0;0;0;0;0;0;0;0;0;0;1;0;0;0;0;1;1;4;1;2;3;1;1;0;0;0;0;0;0
54026;Athienville;44;54;0;0;0;0;0;0;0;0;0;0;0;0;0;0;0;0;0;0;0;0;1;0;0;0;0;1;0;0;0;0;0;0;0;0;0;0;0
54027;Atton;44;54;0;0;0;0;0;0;0;0;0;0;0;0;0;0;0;0;0;0;0;0;1;1;0;0;3;0;2;3;2;0;1;0;0;0;0;0;1
54028;Auboué;44;54;0;0;0;0;0;0;0;0;0;0;0;0;0;0;0;2;0;1;0;0;4;0;0;1;4;5;1;10;0;0;3;0;0;6;3;1;2
54029;Audun-le-Roman;44;54;0;1;0;0;0;0;0;0;0;0;1;0;0;0;0;3;1;1;0;0;5;0;0;1;2;6;3;0;2;2;5;1;0;6;4;0;2
54030;Autrepierre;44;54;0;0;0;0;0;0;0;0;0;0;0;0;0;0;0;0;0;0;0;0;0;0;0;0;1;1;0;0;0;0;0;0;0;0;0;0;0
54031;Autreville-sur-Moselle;44;54;0;0;0;0;0;0;0;0;0;0;0;0;0;0;0;0;0;0;0;0;0;0;0;0;2;0;1;0;0;1;1;0;0;0;0;0;0
54032;Autrey;44;54;0;0;0;0;0;0;0;0;0;0;0;0;0;0;0;0;0;0;0;0;1;0;1;0;0;1;1;1;1;0;1;0;0;0;0;0;0
54033;Avillers;44;54;0;0;0;0;0;0;0;0;0;0;0;0;0;0;0;0;0;0;0;0;0;0;0;0;0;0;0;0;0;0;0;0;0;0;0;0;0
54034;Avrainville;44;54;0;0;0;0;0;0;0;0;0;0;0;0;0;0;0;0;0;0;0;0;0;0;0;0;0;1;0;0;0;0;0;0;0;1;0;0;0
54035;Avricourt;44;54;0;0;0;0;0;0;0;0;0;0;0;0;0;0;0;0;0;0;0;1;2;0;0;0;0;0;1;0;0;0;2;0;0;1;0;0;0
54036;Avril;44;54;0;0;0;0;0;0;0;0;0;0;0;0;0;0;0;0;0;0;0;0;3;0;0;1;1;2;1;2;3;0;1;0;0;1;0;0;0
54037;Azelot;44;54;0;0;0;0;0;0;0;0;0;0;0;0;0;0;0;0;0;0;0;0;1;0;0;0;0;0;0;0;0;0;2;0;0;0;0;0;0
54038;Azerailles;44;54;0;0;0;0;0;0;0;0;0;0;0;0;0;0;0;0;0;1;0;0;2;0;0;0;0;0;2;1;1;0;0;0;0;1;1;0;0
54039;Baccarat;44;54;0;1;0;0;0;0;0;0;0;0;1;0;0;0;0;4;4;1;0;0;6;1;0;3;3;8;3;4;1;4;9;2;0;9;4;2;6
54040;Badonviller;44;54;0;1;0;0;0;0;0;0;0;0;0;0;1;0;0;1;3;1;0;0;4;0;0;1;2;3;1;3;3;1;2;0;0;5;0;0;1
54041;Bagneux;44;54;0;0;0;0;0;0;0;0;0;0;0;0;0;0;0;0;0;0;0;0;0;0;0;0;0;1;0;0;1;1;0;0;0;0;1;0;0
54042;Bainville-aux-Miroirs;44;54;0;0;0;0;0;0;0;0;0;0;0;0;0;0;0;0;0;0;0;0;1;0;0;0;0;0;0;0;1;1;0;0;0;1;1;0;0
54043;Bainville-sur-Madon;44;54;0;0;0;0;0;0;0;0;0;0;0;0;0;0;0;0;1;0;0;0;1;0;0;0;0;1;0;1;0;1;3;0;0;1;0;0;0
54044;Barbas;44;54;0;0;0;0;0;0;0;0;0;0;0;0;0;0;0;0;0;0;0;0;0;0;0;0;1;0;0;0;0;1;0;0;0;0;0;0;1
54045;Barbonville;44;54;0;0;0;0;0;0;0;0;0;0;0;0;0;0;0;0;0;0;0;0;1;0;0;0;1;0;2;1;1;0;0;0;0;0;0;0;0
54046;Barisey-au-Plain;44;54;0;0;0;0;0;0;0;0;0;0;0;0;0;0;0;0;0;0;0;0;0;0;0;0;0;0;0;1;0;0;0;0;0;0;0;0;0
54047;Barisey-la-Côte;44;54;0;0;0;0;0;0;0;0;0;0;0;0;0;0;0;0;0;0;0;0;0;0;0;0;0;0;0;0;0;0;0;0;0;0;0;0;0
54048;Les Baroches;44;54;0;0;0;0;0;0;0;0;0;0;0;0;0;0;0;0;0;0;0;0;1;0;0;0;2;0;0;1;1;0;0;0;0;0;0;0;0
54049;Baslieux;44;54;0;0;0;0;0;0;0;0;0;0;0;0;0;0;0;0;0;0;0;0;0;0;0;0;2;1;0;0;0;0;0;0;0;0;0;0;1
54050;Bathelémont;44;54;0;0;0;0;0;0;0;0;0;0;0;0;0;0;0;0;0;0;0;0;0;0;0;0;0;0;0;0;0;0;0;0;0;0;0;0;0
54051;Batilly;44;54;0;0;0;0;0;0;0;0;0;0;0;0;0;0;0;0;0;0;1;0;0;0;0;0;3;3;0;5;0;1;4;0;0;0;1;0;1
54052;Battigny;44;54;0;0;0;0;0;0;0;0;0;0;0;0;0;0;0;0;0;0;0;0;0;0;0;0;0;0;1;1;1;0;0;0;0;0;0;0;0
54053;Bauzemont;44;54;0;0;0;0;0;0;0;0;0;0;0;0;0;0;0;0;0;0;0;0;0;0;0;0;0;0;0;0;0;1;0;0;0;0;0;0;0
54054;Bayon;44;54;0;1;0;0;0;0;0;0;0;0;0;0;0;0;0;2;0;1;0;0;3;0;0;1;2;2;4;3;3;0;4;3;0;6;2;0;2
54055;Bayonville-sur-Mad;44;54;0;0;0;0;0;0;0;0;0;0;0;0;0;0;0;0;0;0;0;0;1;0;0;0;1;0;0;0;0;0;0;0;0;3;0;0;0
54056;Bazailles;44;54;0;0;0;0;0;0;0;0;0;0;0;0;0;0;0;0;0;0;0;0;0;0;0;0;0;0;0;0;0;0;0;0;0;1;0;0;0
54057;Beaumont;44;54;0;0;0;0;0;0;0;0;0;0;0;0;0;0;0;0;0;0;0;0;0;0;0;0;0;0;0;0;0;0;0;0;0;0;0;0;0
54058;Béchamps;44;54;0;0;0;0;0;0;0;0;0;0;0;0;0;0;0;0;0;0;0;0;0;0;0;0;0;0;0;0;0;0;0;0;0;0;0;0;0
54059;Belleau;44;54;0;0;0;0;0;0;0;0;0;0;0;0;0;0;0;0;0;0;0;0;1;0;0;0;1;1;0;2;1;0;1;0;0;0;1;0;0
54060;Belleville;44;54;0;0;0;0;0;0;0;0;0;0;0;0;0;0;0;1;0;0;1;0;5;0;0;0;0;3;1;4;3;2;1;0;0;3;0;0;0
54061;Bénaménil;44;54;0;0;0;0;0;0;0;0;0;0;0;0;0;0;0;0;0;0;0;1;3;0;0;0;1;2;0;0;1;0;1;0;0;0;1;0;1
54062;Benney;44;54;0;0;0;0;0;0;0;0;0;0;0;0;0;0;0;0;0;0;0;0;0;0;0;0;2;2;1;0;3;0;1;0;0;0;0;0;2
54063;Bernécourt;44;54;0;1;0;0;0;0;0;0;0;0;0;0;0;0;0;0;0;0;0;0;0;0;0;0;0;1;1;0;1;0;0;0;0;0;0;0;0
54064;Bertrambois;44;54;0;0;0;0;0;0;0;0;0;0;0;0;0;0;0;0;0;0;0;0;0;0;0;0;1;0;0;0;1;0;0;0;0;1;0;0;0
54065;Bertrichamps;44;54;0;0;0;0;0;0;0;0;0;0;0;0;0;0;0;0;0;0;0;1;0;0;0;0;0;2;3;2;1;0;1;0;0;3;0;0;0
54066;Bettainvillers;44;54;0;0;0;0;0;0;0;0;0;0;0;0;0;0;0;0;0;0;0;0;0;0;0;0;0;0;0;1;3;0;0;0;0;0;1;0;0
54067;Beuveille;44;54;0;0;0;0;0;0;0;0;0;0;0;0;0;0;0;0;0;0;0;0;0;0;0;0;1;0;1;2;0;0;0;0;0;3;0;0;2
54068;Beuvezin;44;54;0;0;0;0;0;0;0;0;0;0;0;0;0;0;0;0;0;0;0;0;0;0;0;0;0;0;0;0;0;0;0;0;0;0;0;0;1
54069;Beuvillers;44;54;0;0;0;0;0;0;0;0;0;0;0;0;0;0;0;0;0;0;0;0;0;0;0;0;0;0;2;1;0;0;0;0;0;0;0;0;0
54070;Bey-sur-Seille;44;54;0;0;0;0;0;0;0;0;0;0;0;0;0;0;0;0;0;0;0;0;0;0;0;0;0;0;1;1;0;0;0;0;0;0;0;0;0
54071;Bezange-la-Grande;44;54;0;0;0;0;0;0;0;0;0;0;0;0;0;0;0;0;0;0;0;0;0;0;0;0;0;0;0;0;0;0;1;0;0;0;0;0;0
54072;Bezaumont;44;54;0;0;0;0;0;0;0;0;0;0;0;0;0;0;0;0;0;0;0;0;0;0;0;0;0;0;0;0;3;0;0;0;0;0;0;0;0
54073;Bicqueley;44;54;0;0;0;0;0;0;0;0;0;0;0;0;0;0;0;0;0;0;0;0;2;0;0;0;0;4;0;1;0;1;1;0;0;0;0;0;2
54074;Bienville-la-Petite;44;54;0;0;0;0;0;0;0;0;0;0;0;0;0;0;0;0;0;0;0;0;0;0;0;0;0;0;0;0;0;0;0;0;0;0;0;0;0
54075;Bionville;44;54;0;0;0;0;0;0;0;0;0;0;0;0;0;0;0;0;0;0;0;0;0;0;0;0;0;0;0;0;0;0;0;0;0;0;0;0;0
54076;Blainville-sur-l'Eau;44;54;0;1;0;0;0;0;0;0;0;0;1;0;0;0;0;3;1;1;0;0;12;1;0;0;2;7;1;5;1;3;5;2;0;7;2;0;2
54077;Blâmont;44;54;0;1;0;0;0;0;0;0;0;0;1;0;1;0;0;2;2;1;0;0;4;0;0;0;4;2;1;1;2;0;2;1;0;3;0;0;1
54078;Blémerey;44;54;0;0;0;0;0;0;0;0;0;0;0;0;0;0;0;0;0;0;0;0;1;0;0;0;0;0;0;0;0;0;0;0;0;0;0;0;0
54079;Blénod-lès-Pont-à-Mousson;44;54;0;0;0;0;0;0;0;0;0;0;0;0;0;0;0;2;0;1;0;0;1;1;0;0;8;6;3;5;4;2;6;1;2;5;0;0;0
54080;Blénod-lès-Toul;44;54;0;0;0;0;0;0;0;0;0;0;0;0;0;0;0;0;0;0;0;1;0;0;0;0;3;4;0;1;1;0;1;0;0;0;0;0;0
54081;Boismont;44;54;0;0;0;0;0;0;0;0;0;0;0;0;0;0;0;0;0;0;0;0;0;0;0;0;2;0;0;1;0;0;0;0;0;0;0;0;1
54082;Boncourt;44;54;0;0;0;0;0;0;0;0;0;0;0;0;0;0;0;0;0;0;0;0;0;0;0;0;0;0;0;1;0;0;0;0;0;0;0;0;0
54083;Bonviller;44;54;0;0;0;0;0;0;0;0;0;0;0;0;0;0;0;0;0;0;0;0;0;0;0;0;0;0;0;0;0;0;0;0;0;0;0;0;0
54084;Mont-Bonvillers;44;54;0;0;0;0;0;0;0;0;0;0;0;0;0;0;0;0;0;1;0;0;1;0;0;0;0;2;0;0;1;0;1;0;0;1;0;0;2
54085;Borville;44;54;0;0;0;0;0;0;0;0;0;0;0;0;0;0;0;0;0;0;0;0;0;0;0;0;0;2;0;0;0;0;0;0;0;0;0;0;0
54086;Boucq;44;54;0;0;0;0;0;0;0;0;0;0;0;0;0;0;0;0;0;0;0;1;0;0;0;0;0;0;1;0;1;2;0;0;0;0;0;0;0
54087;Bouillonville;44;54;0;0;0;0;0;0;0;0;0;0;0;0;0;0;0;0;0;0;0;0;0;0;0;0;0;0;0;1;0;0;0;0;0;0;0;0;0
54088;Bouvron;44;54;0;0;0;0;0;0;0;0;0;0;0;0;0;0;0;0;0;0;0;0;1;0;0;0;0;3;0;0;0;0;0;0;0;0;0;0;0
54089;Bouxières-aux-Chênes;44;54;0;0;0;0;0;0;0;0;0;0;0;0;0;0;0;0;0;0;0;1;0;0;0;0;1;4;3;5;2;3;3;0;0;1;0;0;0
54090;Bouxières-aux-Dames;44;54;0;0;0;0;0;0;0;0;0;0;0;0;0;0;0;1;1;1;0;0;3;0;0;1;5;10;3;4;4;0;4;0;0;1;0;0;2
54091;Bouxières-sous-Froidmont;44;54;0;0;0;0;0;0;0;0;0;0;0;0;0;0;0;0;0;0;0;0;2;0;0;0;0;1;0;0;1;0;0;0;0;0;1;0;0
54092;Bouzanville;44;54;0;0;0;0;0;0;0;0;0;0;0;0;0;0;0;0;0;0;0;0;0;0;0;0;0;0;1;0;0;0;0;0;0;0;0;0;0
54093;Brainville;44;54;0;0;0;0;0;0;0;0;0;0;0;0;0;0;0;0;0;0;0;0;2;0;0;0;0;0;0;0;0;0;0;0;0;0;0;0;0
54094;Bralleville;44;54;0;0;0;0;0;0;0;0;0;0;0;0;0;0;0;0;0;0;0;0;1;0;0;0;0;0;2;0;0;0;0;0;0;0;0;0;0
54095;Bratte;44;54;0;0;0;0;0;0;0;0;0;0;0;0;0;0;0;0;0;0;0;0;0;0;0;0;0;0;0;0;0;0;0;0;0;0;0;0;0
54096;Bréhain-la-Ville;44;54;0;0;0;0;0;0;0;0;0;0;0;0;0;0;0;0;0;0;0;0;0;0;0;0;0;0;0;1;0;0;0;0;0;0;0;0;0
54097;Bréménil;44;54;0;0;0;0;0;0;0;0;0;0;0;0;0;0;0;0;0;0;0;0;0;0;0;0;0;1;0;1;0;0;1;0;0;0;0;0;0
54098;Brémoncourt;44;54;0;0;0;0;0;0;0;0;0;0;0;0;0;0;0;0;0;0;0;0;0;0;0;0;0;0;0;1;1;0;0;0;0;0;0;0;0
54099;Briey;44;54;1;0;0;1;1;0;1;0;0;0;4;1;0;0;0;8;3;1;0;0;10;1;0;3;7;5;6;8;5;0;10;0;3;17;9;0;5
54100;Brin-sur-Seille;44;54;0;0;0;0;0;0;0;0;0;0;0;0;0;0;0;0;0;0;0;1;1;0;0;0;0;0;0;5;1;0;1;0;0;1;0;0;2
54101;Brouville;44;54;0;0;0;0;0;0;0;0;0;0;0;0;0;0;0;0;0;0;0;0;0;0;0;0;0;0;1;0;0;0;0;0;0;0;0;0;0
54102;Bruley;44;54;0;0;0;0;0;0;0;0;0;0;0;0;0;0;0;0;0;0;0;0;0;0;0;0;0;3;2;0;3;1;1;0;0;0;0;0;0
54103;Bruville;44;54;0;0;0;0;0;0;0;0;0;0;0;0;0;0;0;0;0;0;0;0;1;0;0;0;1;0;0;1;0;0;1;0;0;0;0;0;0
54104;Buissoncourt;44;54;0;0;0;0;0;0;0;0;0;0;0;0;0;0;0;0;0;0;0;0;0;0;0;0;0;0;2;0;1;0;0;0;0;0;0;0;0
54105;Bulligny;44;54;0;0;0;0;0;0;0;0;0;0;0;0;0;0;0;0;0;0;0;1;1;0;0;0;0;2;0;0;1;0;1;0;0;0;0;0;0
54106;Bures;44;54;0;0;0;0;0;0;0;0;0;0;0;0;0;0;0;0;0;0;0;0;0;0;0;0;0;0;0;0;1;0;0;0;0;0;0;0;0
54107;Buriville;44;54;0;0;0;0;0;0;0;0;0;0;0;0;0;0;0;0;0;0;0;0;1;0;0;0;0;0;0;0;0;0;0;0;0;0;0;0;0
54108;Burthecourt-aux-Chênes;44;54;0;0;0;0;0;0;0;0;0;0;0;0;0;0;0;0;0;0;0;0;0;0;0;0;0;0;0;0;0;0;0;0;0;0;0;0;0
54109;Ceintrey;44;54;0;0;0;0;0;0;0;0;0;0;0;0;0;0;0;0;0;1;0;0;5;0;0;0;2;0;3;1;0;0;2;0;0;1;1;0;0
54110;Cerville;44;54;0;0;0;0;0;0;0;0;0;0;0;0;0;0;0;0;0;0;0;0;1;0;0;0;1;0;1;0;0;0;1;0;0;0;0;0;0
54111;Chaligny;44;54;0;0;0;0;0;0;0;0;0;0;0;0;0;0;0;0;0;1;0;0;3;0;0;0;4;5;0;8;0;0;4;0;0;2;0;0;0
54112;Chambley-Bussières;44;54;0;0;0;0;0;0;0;0;0;0;0;0;0;0;0;0;0;0;1;0;1;0;0;0;2;1;1;2;0;0;0;0;0;1;1;0;0
54113;Champenoux;44;54;0;1;0;0;0;0;0;0;0;0;0;0;2;0;0;0;0;0;1;0;2;0;0;0;4;4;2;3;0;2;2;0;0;3;0;0;0
54114;Champey-sur-Moselle;44;54;0;0;0;0;0;0;0;0;0;0;0;0;0;0;0;0;0;0;0;0;0;0;0;0;2;0;1;2;0;0;0;0;0;1;0;0;0
54115;Champigneulles;44;54;0;0;0;0;0;0;0;0;0;0;0;0;0;0;0;4;0;1;0;0;9;0;0;4;3;10;4;10;10;2;8;1;1;8;2;0;5
54116;Chanteheux;44;54;0;0;0;0;0;0;0;0;0;0;0;0;0;0;0;0;0;0;0;0;11;1;0;1;4;5;2;3;1;1;3;0;0;2;1;0;2
54117;Chaouilley;44;54;0;0;0;0;0;0;0;0;0;0;0;0;0;0;0;0;0;0;0;0;1;0;0;0;0;0;1;0;1;0;0;0;0;0;0;0;0
54118;Charency-Vezin;44;54;0;0;0;0;0;0;0;0;0;0;0;0;0;0;0;0;0;0;0;1;0;0;0;0;0;0;1;2;0;0;1;0;0;0;0;0;0
54119;Charey;44;54;0;0;0;0;0;0;0;0;0;0;0;0;0;0;0;0;0;0;0;0;0;0;0;0;0;0;0;0;0;0;0;0;0;2;0;0;0
54120;Charmes-la-Côte;44;54;0;0;0;0;0;0;0;0;0;0;0;0;0;0;0;0;0;0;0;0;1;0;0;0;0;0;0;1;0;0;1;0;0;0;0;0;0
54121;Charmois;44;54;0;0;0;0;0;0;0;0;0;0;0;0;0;0;0;0;0;0;0;0;1;0;0;0;0;0;0;0;0;0;0;0;0;0;0;0;0
54122;Chaudeney-sur-Moselle;44;54;0;0;0;0;0;0;0;0;0;0;0;0;0;0;0;0;0;0;0;0;0;0;0;0;0;1;1;2;2;0;0;0;0;1;0;0;0
54123;Chavigny;44;54;0;0;0;0;0;0;0;0;0;0;0;0;0;0;0;0;0;0;0;0;1;0;0;0;2;3;4;4;5;1;2;1;0;3;1;0;0
54124;Chazelles-sur-Albe;44;54;0;0;0;0;0;0;0;0;0;0;0;0;0;0;0;0;0;0;0;0;0;0;0;0;0;0;0;0;0;0;0;0;0;0;0;0;0
54125;Chenevières;44;54;0;0;0;0;0;0;0;0;0;0;0;0;0;0;0;0;0;0;0;0;1;0;0;0;0;0;1;0;1;0;0;0;0;0;0;0;0
54126;Chenicourt;44;54;0;0;0;0;0;0;0;0;0;0;0;0;0;0;0;0;0;0;0;0;0;0;0;0;1;0;1;2;1;0;0;0;0;0;0;0;0
54127;Chenières;44;54;0;0;0;0;0;0;0;0;0;0;0;0;0;0;0;0;0;0;0;0;2;0;0;0;0;2;2;0;0;0;0;0;0;2;0;0;0
54128;Choloy-Ménillot;44;54;0;0;0;0;0;0;0;0;0;0;0;0;0;0;0;0;0;0;0;0;2;0;0;0;0;0;0;0;0;0;2;0;0;2;0;0;0
54129;Cirey-sur-Vezouze;44;54;0;1;0;0;0;0;0;0;0;0;0;0;1;0;0;1;2;1;0;0;4;0;0;1;2;2;3;2;1;2;1;0;0;2;2;0;1
54130;Clayeures;44;54;0;0;0;0;0;0;0;0;0;0;0;0;0;0;0;0;0;0;0;0;0;0;0;0;1;0;0;0;1;0;1;0;0;0;0;0;0
54131;Clémery;44;54;0;0;0;0;0;0;0;0;0;0;0;0;0;0;0;0;0;0;0;0;1;0;0;0;1;1;2;0;1;0;0;0;0;0;1;0;0
54132;Clérey-sur-Brenon;44;54;0;0;0;0;0;0;0;0;0;0;0;0;0;0;0;0;0;0;0;0;0;0;0;0;0;0;0;0;0;0;0;0;0;0;0;0;0
54133;Coincourt;44;54;0;0;0;0;0;0;0;0;0;0;0;0;0;0;0;0;0;0;0;0;0;0;0;0;0;0;1;1;0;0;0;0;0;0;0;0;0
54134;Colmey;44;54;0;0;0;0;0;0;0;0;0;0;0;0;0;0;0;0;0;0;0;0;0;0;0;0;0;0;0;0;1;0;0;0;0;0;0;0;0
54135;Colombey-les-Belles;44;54;0;1;0;0;0;0;0;0;0;0;1;0;1;0;0;1;1;1;0;0;1;0;0;1;1;3;2;2;4;3;2;3;0;5;1;0;1
54136;Conflans-en-Jarnisy;44;54;1;0;0;0;0;0;0;0;0;0;0;0;0;0;0;0;1;1;0;0;6;1;0;0;5;2;1;0;2;3;3;3;0;5;0;1;1
54137;Cons-la-Grandville;44;54;0;0;0;0;0;0;0;0;0;0;0;0;0;0;0;0;0;0;0;1;0;0;0;0;0;0;1;4;1;0;2;1;0;2;0;0;1
54138;Cosnes-et-Romain;44;54;0;0;0;0;0;0;0;0;0;0;0;0;0;0;0;0;0;0;0;1;3;1;0;1;1;2;2;4;3;2;4;0;0;2;4;0;5
54139;Courbesseaux;44;54;0;0;0;0;0;0;0;0;0;0;0;0;0;0;0;0;0;0;0;0;0;0;0;0;0;0;0;0;0;0;0;0;0;0;0;0;1
54140;Courcelles;44;54;0;0;0;0;0;0;0;0;0;0;0;0;0;0;0;0;0;0;0;0;0;0;0;0;0;0;0;1;0;0;0;0;0;0;0;0;0
54141;Coyviller;44;54;0;0;0;0;0;0;0;0;0;0;0;0;0;0;0;0;0;0;0;0;0;0;0;0;0;0;0;1;1;0;0;0;0;0;0;0;0
54142;Crantenoy;44;54;0;0;0;0;0;0;0;0;0;0;0;0;0;0;0;0;0;0;0;0;0;0;0;0;0;1;0;0;0;0;0;0;0;0;0;0;0
54143;Crépey;44;54;0;0;0;0;0;0;0;0;0;0;0;0;0;0;0;0;0;0;0;0;1;0;0;0;0;1;0;0;4;2;0;0;0;0;0;0;0
54144;Crévéchamps;44;54;0;0;0;0;0;0;0;0;0;0;0;0;0;0;0;0;0;0;0;0;2;0;0;0;1;0;0;1;0;0;0;0;0;0;0;0;1
54145;Crévic;44;54;0;0;0;0;0;0;0;0;0;0;0;0;0;0;0;0;0;1;0;0;1;0;0;0;1;0;0;2;1;1;1;0;0;0;0;0;3
54146;Crézilles;44;54;0;0;0;0;0;0;0;0;0;0;0;0;0;0;0;0;0;0;0;0;0;0;0;0;0;2;1;0;3;0;0;0;0;0;0;0;0
54147;Crion;44;54;0;0;0;0;0;0;0;0;0;0;0;0;0;0;0;0;0;0;0;0;0;0;0;0;0;0;0;1;0;0;0;0;0;0;0;0;0
54148;Croismare;44;54;0;0;0;0;0;0;0;0;0;0;0;0;0;0;0;0;0;0;0;1;0;0;0;0;0;0;2;0;1;0;0;0;0;1;0;0;0
54149;Crusnes;44;54;0;0;0;0;0;0;0;0;0;0;0;0;0;0;0;0;0;1;0;0;3;0;0;0;2;1;0;3;2;0;3;0;0;2;0;0;0
54150;Custines;44;54;0;0;0;0;0;0;0;0;0;0;0;0;0;0;0;0;0;1;0;0;2;0;0;1;4;6;6;3;7;1;3;1;0;4;0;0;2
54151;Cutry;44;54;0;0;0;0;0;0;0;0;0;0;0;0;0;0;0;0;0;0;0;0;1;0;0;0;1;0;0;5;2;0;1;0;0;0;0;0;0
54152;Damelevières;44;54;0;0;0;0;0;0;0;0;0;0;0;0;0;0;0;0;0;1;0;0;3;0;0;1;2;3;1;4;3;2;5;0;0;2;1;0;2
54153;Dampvitoux;44;54;0;0;0;0;0;0;0;0;0;0;0;0;0;0;0;0;0;0;0;0;0;0;0;0;0;0;0;0;0;0;0;0;0;0;0;0;0
54154;Deneuvre;44;54;0;0;0;0;0;0;0;0;0;0;0;0;0;0;0;0;0;0;0;0;1;0;0;0;1;1;1;1;1;0;0;0;0;0;0;0;0
54155;Deuxville;44;54;0;0;0;0;0;0;0;0;0;0;0;0;0;0;0;0;0;0;0;0;0;0;0;0;1;0;0;1;0;0;0;0;0;0;0;0;1
54156;Diarville;44;54;0;0;0;0;0;0;0;0;0;0;0;0;0;0;0;0;0;0;1;0;2;0;0;0;0;0;0;1;0;0;1;0;0;3;1;0;1
54157;Dieulouard;44;54;0;1;0;0;0;0;0;0;0;0;0;0;0;0;0;3;0;1;0;0;6;0;0;2;5;5;3;4;2;3;3;0;0;6;2;1;4
54158;Dolcourt;44;54;0;0;0;0;0;0;0;0;0;0;0;0;0;0;0;0;0;0;0;0;0;0;0;0;0;0;0;0;0;1;0;0;0;0;0;0;0
54159;Dombasle-sur-Meurthe;44;54;1;1;0;0;0;0;0;0;0;0;0;0;0;0;0;7;4;1;0;1;14;2;0;4;14;16;13;13;7;5;18;1;0;10;3;3;11
54160;Domèvre-en-Haye;44;54;0;0;0;0;0;0;0;0;0;0;0;0;0;0;0;0;0;0;0;1;0;0;0;0;0;0;1;2;0;0;1;0;0;2;0;0;0
54161;Domèvre-sur-Vezouze;44;54;0;0;0;0;0;0;0;0;0;0;0;0;0;0;0;0;0;0;0;0;1;0;0;0;0;2;0;2;0;1;2;0;0;0;0;0;1
54162;Domgermain;44;54;0;0;0;0;0;0;0;0;0;0;0;0;0;0;0;0;0;0;0;1;2;0;0;0;0;0;1;1;1;1;1;0;0;0;0;0;2
54163;Domjevin;44;54;0;0;0;0;0;0;0;0;0;0;0;0;0;0;0;0;0;0;0;0;0;0;0;0;0;2;0;0;0;0;2;0;0;0;0;0;1
54164;Dommarie-Eulmont;44;54;0;0;0;0;0;0;0;0;0;0;0;0;0;0;0;0;0;0;0;0;0;0;0;0;0;0;0;0;0;1;0;0;0;0;0;0;0
54165;Dommartemont;44;54;0;0;0;0;0;0;0;0;0;0;0;0;0;0;0;0;0;0;0;0;1;0;0;0;0;1;0;0;0;0;0;0;0;4;1;0;0
54166;Dommartin-la-Chaussée;44;54;0;0;0;0;0;0;0;0;0;0;0;0;0;0;0;0;0;0;0;0;0;0;0;0;0;0;0;0;0;0;0;0;0;0;0;0;0
54167;Dommartin-lès-Toul;44;54;0;0;0;0;0;0;0;0;0;0;0;0;0;0;0;0;0;0;0;0;9;3;0;0;1;2;4;6;3;1;2;0;0;5;1;0;0
54168;Dommartin-sous-Amance;44;54;0;0;0;0;0;0;0;0;0;0;0;0;0;0;0;0;0;0;0;0;1;0;0;0;0;1;0;0;0;0;0;0;0;0;1;0;0
54169;Domprix;44;54;0;0;0;0;0;0;0;0;0;0;0;0;0;0;0;0;0;0;0;0;0;0;0;0;0;0;0;0;0;0;0;0;0;0;0;0;0
54170;Domptail-en-l'Air;44;54;0;0;0;0;0;0;0;0;0;0;0;0;0;0;0;0;0;0;0;0;0;0;0;1;0;0;0;0;0;0;0;0;0;0;0;0;0
54171;Doncourt-lès-Conflans;44;54;0;0;0;0;0;0;0;0;0;0;0;0;0;0;0;0;0;0;0;0;1;0;0;0;1;2;2;1;2;0;2;0;0;2;2;0;0
54172;Doncourt-lès-Longuyon;44;54;0;0;0;0;0;0;0;0;0;0;0;0;0;0;0;0;0;0;0;0;0;0;0;0;2;0;0;0;0;0;1;0;0;0;1;0;0
54173;Drouville;44;54;0;0;0;0;0;0;0;0;0;0;0;0;0;0;0;0;0;0;0;0;1;0;0;0;0;1;0;0;0;0;0;0;0;0;0;0;0
54174;Écrouves;44;54;0;0;0;0;0;0;0;0;0;0;0;0;0;0;0;0;0;0;1;0;7;0;0;0;2;2;2;3;1;1;4;0;0;5;0;0;3
54175;Einvaux;44;54;0;0;0;0;0;0;0;0;0;0;0;0;0;0;0;0;0;0;0;1;0;0;0;0;1;1;0;1;1;1;0;0;0;1;0;0;1
54176;Einville-au-Jard;44;54;0;0;0;0;0;0;0;0;0;0;1;0;1;0;0;0;1;1;0;0;2;0;0;0;3;1;0;4;0;1;3;1;0;2;0;0;1
54177;Emberménil;44;54;0;0;0;0;0;0;0;0;0;0;0;0;0;0;0;0;0;0;0;1;0;0;0;0;0;0;0;0;0;0;0;0;0;0;0;0;0
54178;Épiez-sur-Chiers;44;54;0;0;0;0;0;0;0;0;0;0;0;0;0;0;0;0;0;0;0;0;0;0;0;0;0;0;0;1;0;0;0;0;0;0;0;0;0
54179;Éply;44;54;0;0;0;0;0;0;0;0;0;0;0;0;0;0;0;0;0;0;0;0;2;0;0;0;0;0;0;0;0;0;1;0;0;0;0;0;0
54180;Erbéviller-sur-Amezule;44;54;0;0;0;0;0;0;0;0;0;0;0;0;0;0;0;0;0;0;0;0;0;0;0;0;0;0;0;0;0;0;0;0;0;0;0;0;0
54181;Errouville;44;54;0;0;0;0;0;0;0;0;0;0;0;0;0;0;0;0;0;0;0;0;1;0;0;0;0;1;1;1;0;0;0;0;0;0;0;0;0
54182;Essey-et-Maizerais;44;54;0;0;0;0;0;0;0;0;0;0;0;0;0;0;0;0;0;0;0;1;1;0;0;0;0;1;1;2;0;1;1;0;0;1;0;0;0
54183;Essey-la-Côte;44;54;0;0;0;0;0;0;0;0;0;0;0;0;0;0;0;0;0;0;0;0;0;0;0;0;0;0;0;1;0;0;0;0;0;0;0;0;0
54184;Essey-lès-Nancy;44;54;0;0;0;0;0;0;0;0;0;0;1;0;0;0;0;9;2;1;0;0;26;2;3;2;7;9;10;11;9;7;11;4;0;26;7;4;8
54185;Étreval;44;54;0;0;0;0;0;0;0;0;0;0;0;0;0;0;0;0;0;0;0;0;0;0;0;0;0;1;0;0;0;0;0;0;0;0;0;0;0
54186;Eulmont;44;54;0;0;0;0;0;0;0;0;0;0;0;0;0;0;0;0;0;0;0;0;0;0;0;0;0;4;1;1;1;0;0;0;0;1;0;0;0
54187;Euvezin;44;54;0;0;0;0;0;0;0;0;0;0;0;0;0;0;0;0;0;0;0;0;0;0;0;0;0;0;2;0;0;0;0;0;0;0;0;0;0
54188;Faulx;44;54;0;0;0;0;0;0;0;0;0;0;0;0;0;0;0;0;0;0;0;1;3;0;0;0;1;2;3;4;3;0;0;0;0;0;0;0;2
54189;Favières;44;54;0;0;0;0;0;0;0;0;0;0;0;0;0;0;0;0;0;1;0;0;1;0;0;0;1;1;0;1;1;2;1;0;0;3;0;0;1
54190;Fécocourt;44;54;0;0;0;0;0;0;0;0;0;0;0;0;0;0;0;0;0;0;0;0;0;0;0;0;1;0;1;1;0;0;0;0;0;0;0;0;0
54191;Fenneviller;44;54;0;0;0;0;0;0;0;0;0;0;0;0;0;0;0;0;0;0;0;0;0;0;0;0;0;0;0;0;0;0;0;0;0;0;0;0;0
54192;Ferrières;44;54;0;0;0;0;0;0;0;0;0;0;0;0;0;0;0;0;0;0;0;0;0;0;0;0;0;2;1;2;0;1;1;0;0;1;0;0;0
54193;Fey-en-Haye;44;54;0;0;0;0;0;0;0;0;0;0;0;0;0;0;0;0;0;0;0;0;0;0;0;0;0;0;0;0;0;0;0;0;0;0;0;0;0
54194;Fillières;44;54;0;0;0;0;0;0;0;0;0;0;0;0;0;0;0;0;0;0;0;1;0;0;0;0;0;0;0;1;1;0;0;0;0;2;1;0;0
54195;Flainval;44;54;0;0;0;0;0;0;0;0;0;0;0;0;0;0;0;0;0;0;0;0;0;0;0;0;0;1;0;0;1;0;0;0;0;0;0;0;0
54196;Flavigny-sur-Moselle;44;54;0;0;0;0;0;0;0;0;0;0;0;0;0;0;0;0;0;1;0;0;2;0;0;1;1;1;1;3;3;0;1;0;0;2;0;0;2
54197;Fléville-devant-Nancy;44;54;0;0;0;0;0;0;0;0;0;0;0;0;0;0;0;0;0;0;0;1;6;1;0;0;3;3;4;5;2;0;1;0;1;2;0;0;1
54198;Fléville-Lixières;44;54;0;0;0;0;0;0;0;0;0;0;0;0;0;0;0;0;0;0;0;0;0;0;0;0;0;0;0;0;0;0;0;0;0;0;0;0;0
54199;Flin;44;54;0;0;0;0;0;0;0;0;0;0;0;0;0;0;0;0;0;0;0;0;1;0;0;0;0;0;0;0;0;2;0;0;0;0;0;0;0
54200;Flirey;44;54;0;0;0;0;0;0;0;0;0;0;0;0;0;0;0;0;0;0;0;0;0;0;0;0;0;0;0;0;0;0;0;0;0;1;0;0;1
54201;Fontenoy-la-Joûte;44;54;0;0;0;0;0;0;0;0;0;0;0;0;1;0;0;0;0;0;0;0;0;0;0;0;1;0;1;0;0;0;0;0;0;1;0;0;0
54202;Fontenoy-sur-Moselle;44;54;0;0;0;0;0;0;0;0;0;0;0;0;0;0;0;0;0;0;0;0;1;0;0;0;0;1;0;0;1;0;2;0;0;0;0;0;0
54203;Forcelles-Saint-Gorgon;44;54;0;0;0;0;0;0;0;0;0;0;0;0;0;0;0;0;0;0;0;0;1;0;0;0;0;0;0;0;0;0;0;0;0;0;0;0;0
54204;Forcelles-sous-Gugney;44;54;0;0;0;0;0;0;0;0;0;0;0;0;0;0;0;0;0;0;0;0;0;0;0;0;0;0;0;0;0;0;0;0;0;0;0;0;0
54205;Foug;44;54;0;1;0;0;0;0;0;0;0;0;0;0;0;0;0;0;0;1;0;0;3;0;0;1;5;5;1;2;3;1;2;0;0;5;0;0;0
54206;Fraimbois;44;54;0;0;0;0;0;0;0;0;0;0;0;0;0;0;0;0;0;0;0;0;2;0;0;0;0;2;2;1;0;1;0;0;0;0;0;0;0
54207;Fraisnes-en-Saintois;44;54;0;0;0;0;0;0;0;0;0;0;0;0;0;0;0;0;0;0;0;0;0;0;0;0;0;0;0;0;0;0;0;0;0;0;0;0;0
54208;Francheville;44;54;0;0;0;0;0;0;0;0;0;0;0;0;0;0;0;0;0;0;0;0;0;0;0;0;0;0;1;0;1;0;0;0;0;1;0;0;0
54209;Franconville;44;54;0;0;0;0;0;0;0;0;0;0;0;0;0;0;0;0;0;0;0;0;0;0;0;0;0;0;1;0;0;0;0;0;0;0;0;0;0
54210;Fréménil;44;54;0;0;0;0;0;0;0;0;0;0;0;0;0;0;0;0;0;0;0;0;0;0;0;0;0;0;0;0;0;0;0;0;0;0;0;0;0
54211;Frémonville;44;54;0;0;0;0;0;0;0;0;0;0;0;0;0;0;0;0;0;0;0;0;2;0;0;0;0;0;0;0;0;0;0;0;0;0;0;0;0
54212;Fresnois-la-Montagne;44;54;0;0;0;0;0;0;0;0;0;0;0;0;0;0;0;0;0;0;0;0;0;0;0;0;0;1;0;1;0;0;0;0;0;0;1;0;0
54213;Friauville;44;54;0;0;0;0;0;0;0;0;0;0;0;0;0;0;0;0;0;0;0;0;0;0;0;0;0;3;0;0;0;0;0;0;0;1;1;0;0
54214;Frolois;44;54;0;0;0;0;0;0;0;0;0;0;0;0;0;0;0;0;0;0;0;1;0;0;0;0;1;2;3;4;0;4;0;0;0;0;0;0;0
54215;Frouard;44;54;0;1;0;0;0;0;0;0;0;0;0;0;0;0;0;5;1;2;0;0;7;1;0;1;5;9;5;15;11;6;6;1;0;15;2;0;4
54216;Froville;44;54;0;0;0;0;0;0;0;0;0;0;0;0;0;0;0;0;0;0;0;0;0;0;0;0;1;0;0;0;0;1;0;0;0;0;0;0;0
54217;Gélacourt;44;54;0;0;0;0;0;0;0;0;0;0;0;0;0;0;0;0;0;0;0;0;1;0;0;0;0;0;0;1;0;0;1;0;0;0;0;0;0
54218;Gélaucourt;44;54;0;0;0;0;0;0;0;0;0;0;0;0;0;0;0;0;0;0;0;0;0;0;0;0;0;0;0;0;0;0;0;0;0;0;0;0;0
54219;Gellenoncourt;44;54;0;0;0;0;0;0;0;0;0;0;0;0;0;0;0;0;0;0;0;0;0;0;0;0;0;0;0;0;0;0;0;0;0;0;0;0;0
54220;Gémonville;44;54;0;0;0;0;0;0;0;0;0;0;0;0;0;0;0;0;0;0;0;0;0;0;0;0;0;0;0;0;0;0;0;0;0;0;0;0;0
54221;Gerbécourt-et-Haplemont;44;54;0;0;0;0;0;0;0;0;0;0;0;0;0;0;0;0;0;0;0;0;0;0;0;0;2;0;1;0;0;0;0;0;0;0;0;0;0
54222;Gerbéviller;44;54;0;1;0;0;0;0;0;0;0;0;0;0;0;0;0;1;0;1;0;0;1;0;0;1;1;2;2;0;1;0;2;0;0;1;0;0;1
54223;Germiny;44;54;0;0;0;0;0;0;0;0;0;0;0;0;0;0;0;0;0;0;0;0;0;0;0;0;0;0;2;0;0;0;0;0;0;0;0;0;0
54224;Germonville;44;54;0;0;0;0;0;0;0;0;0;0;0;0;0;0;0;0;0;0;0;0;0;0;0;0;1;0;2;0;0;0;0;0;0;0;0;0;0
54225;Gézoncourt;44;54;0;0;0;0;0;0;0;0;0;0;0;0;0;0;0;0;0;0;0;0;0;0;0;0;0;0;0;0;0;1;1;0;0;0;0;0;0
54226;Gibeaumeix;44;54;0;0;0;0;0;0;0;0;0;0;0;0;0;0;0;0;0;0;0;0;0;0;0;0;0;0;0;0;0;0;0;0;0;0;0;0;0
54227;Giraumont;44;54;0;0;0;0;0;0;0;0;0;0;0;0;0;0;0;0;0;0;0;1;0;0;0;0;1;1;1;0;1;2;4;0;0;0;0;0;0
54228;Giriviller;44;54;0;0;0;0;0;0;0;0;0;0;0;0;0;0;0;0;0;0;0;0;0;0;0;0;0;0;0;0;0;0;0;0;0;0;0;0;0
54229;Glonville;44;54;0;0;0;0;0;0;0;0;0;0;0;0;0;0;0;0;0;0;0;0;0;0;0;0;1;1;0;0;0;0;0;0;0;0;0;0;0
54230;Gogney;44;54;0;0;0;0;0;0;0;0;0;0;0;0;0;0;0;0;0;0;0;0;0;0;0;0;0;0;0;0;0;0;0;0;0;0;0;0;0
54231;Gondrecourt-Aix;44;54;0;0;0;0;0;0;0;0;0;0;0;0;0;0;0;0;0;0;0;0;0;0;0;0;1;1;1;0;0;0;0;0;0;0;0;0;0
54232;Gondreville;44;54;0;0;0;0;0;0;0;0;0;0;0;0;0;0;0;2;0;1;0;0;5;0;0;0;3;3;1;5;5;0;3;0;0;4;2;0;2
54233;Gondrexon;44;54;0;0;0;0;0;0;0;0;0;0;0;0;0;0;0;0;0;0;0;0;0;0;0;0;0;0;0;1;0;0;0;0;0;0;0;0;0
54234;Gorcy;44;54;0;0;0;0;0;0;0;0;0;0;0;0;0;0;0;0;1;1;0;0;4;0;0;0;1;0;0;1;2;1;3;0;0;4;3;0;2
54235;Goviller;44;54;0;0;0;0;0;0;0;0;0;0;0;0;0;0;0;0;0;0;0;0;0;0;0;0;0;0;0;1;1;1;1;0;0;1;0;0;1
54236;Grand-Failly;44;54;0;0;0;0;0;0;0;0;0;0;0;0;0;0;0;0;0;0;0;0;0;0;0;0;0;1;0;0;0;0;0;0;0;1;0;0;0
54237;Grimonviller;44;54;0;0;0;0;0;0;0;0;0;0;0;0;0;0;0;0;0;0;0;0;0;0;0;0;0;0;0;0;0;0;0;0;0;0;0;0;0
54238;Gripport;44;54;0;0;0;0;0;0;0;0;0;0;0;0;0;0;0;0;0;0;0;0;0;0;0;0;2;0;0;0;0;0;0;0;0;0;0;0;1
54239;Griscourt;44;54;0;0;0;0;0;0;0;0;0;0;0;0;0;0;0;0;0;0;0;0;0;0;0;0;1;0;0;0;1;0;0;0;0;0;0;0;0
54240;Grosrouvres;44;54;0;0;0;0;0;0;0;0;0;0;0;0;0;0;0;0;0;0;0;0;0;0;0;0;0;0;0;0;1;0;0;0;0;0;0;0;0
54241;Gugney;44;54;0;0;0;0;0;0;0;0;0;0;0;0;0;0;0;0;0;0;0;0;0;0;0;0;0;0;1;0;0;0;0;0;0;0;0;0;0
54242;Gye;44;54;0;0;0;0;0;0;0;0;0;0;0;0;0;0;0;0;0;0;0;0;0;1;0;0;0;1;0;0;0;0;1;0;0;1;0;0;0
54243;Hablainville;44;54;0;0;0;0;0;0;0;0;0;0;0;0;0;0;0;0;0;0;0;0;0;0;0;0;1;0;0;2;0;0;0;0;0;0;0;0;0
54244;Hagéville;44;54;0;0;0;0;0;0;0;0;0;0;0;0;0;0;0;0;0;0;0;0;1;0;0;0;0;0;0;0;1;0;0;0;0;0;0;1;0
54245;Haigneville;44;54;0;0;0;0;0;0;0;0;0;0;0;0;0;0;0;0;0;0;0;0;0;0;0;0;0;0;0;0;0;0;0;0;0;0;0;0;1
54246;Halloville;44;54;0;0;0;0;0;0;0;0;0;0;0;0;0;0;0;0;0;0;0;0;0;0;0;0;0;0;0;0;0;0;0;0;0;0;0;0;0
54247;Hammeville;44;54;0;0;0;0;0;0;0;0;0;0;0;0;0;0;0;0;0;0;0;0;1;0;0;0;2;1;0;1;0;0;0;0;0;0;0;0;0
54248;Hamonville;44;54;0;0;0;0;0;0;0;0;0;0;0;0;0;0;0;0;0;0;0;0;1;0;0;0;0;0;0;0;0;0;0;0;0;0;0;0;0
54249;Hannonville-Suzémont;44;54;0;0;0;0;0;0;0;0;0;0;0;0;0;0;0;0;0;0;0;0;2;0;0;0;0;0;0;1;0;0;0;0;0;0;0;0;0
54250;Haraucourt;44;54;0;0;0;0;0;0;0;0;0;0;0;0;0;0;0;0;0;0;0;0;2;0;0;0;2;0;0;1;1;1;0;0;0;0;0;0;0
54251;Harbouey;44;54;0;0;0;0;0;0;0;0;0;0;0;0;0;0;0;0;0;0;0;0;1;0;0;0;0;1;0;0;0;0;0;0;0;0;0;0;0
54252;Haroué;44;54;0;1;0;0;0;0;0;0;0;0;1;0;0;0;0;0;0;1;0;0;1;0;0;0;0;0;2;0;0;0;1;0;0;3;1;0;1
54253;Hatrize;44;54;0;0;0;0;0;0;0;0;0;0;0;0;0;0;0;0;0;0;1;0;1;0;0;0;0;3;1;0;1;0;1;0;0;2;0;0;0
54254;Haucourt-Moulaine;44;54;0;0;0;0;0;0;0;0;0;0;0;0;0;0;0;0;1;1;0;1;4;0;0;0;2;2;3;2;2;3;2;0;0;3;1;0;1
54255;Haudonville;44;54;0;0;0;0;0;0;0;0;0;0;0;0;0;0;0;0;0;0;0;0;0;0;0;0;0;0;0;0;0;0;0;0;0;0;0;0;0
54256;Haussonville;44;54;0;0;0;0;0;0;0;0;0;0;0;0;0;0;0;0;0;0;0;0;1;0;0;0;0;1;0;1;0;0;0;0;0;0;0;0;0
54257;Heillecourt;44;54;0;0;0;0;0;0;0;0;0;0;0;0;0;0;0;0;0;1;0;0;1;0;0;0;4;6;9;11;13;5;2;1;1;6;9;0;5
54258;Hénaménil;44;54;0;0;0;0;0;0;0;0;0;0;0;0;0;0;0;0;0;0;0;0;0;0;0;0;0;0;0;0;0;0;0;0;0;0;0;0;0
54259;Herbéviller;44;54;0;0;0;0;0;0;0;0;0;0;0;0;0;0;0;0;0;0;0;0;0;0;0;0;1;0;0;1;0;0;1;0;0;1;0;0;0
54260;Hériménil;44;54;0;0;0;0;0;0;0;0;0;0;0;0;0;0;0;0;0;0;0;0;0;0;0;0;0;1;0;2;2;0;0;0;0;0;0;0;0
54261;Herserange;44;54;1;0;0;0;0;0;0;0;0;0;0;0;0;0;0;1;0;1;0;0;2;0;0;0;6;4;2;4;4;0;1;0;0;7;1;0;3
54262;Hoéville;44;54;0;0;0;0;0;0;0;0;0;0;0;0;0;0;0;0;0;0;0;0;0;0;0;0;0;0;1;0;0;0;0;0;0;0;0;0;0
54263;Homécourt;44;54;0;0;0;0;0;0;0;0;0;0;0;0;0;0;0;2;1;1;0;0;10;3;0;3;10;10;6;9;4;2;8;0;0;11;1;0;3
54264;Houdelmont;44;54;0;0;0;0;0;0;0;0;0;0;0;0;0;0;0;0;0;0;0;0;1;0;0;0;0;1;2;0;0;0;0;0;0;0;1;0;0
54265;Houdemont;44;54;0;0;0;0;0;0;0;0;0;0;0;0;0;0;0;3;0;0;0;0;4;0;0;0;5;2;5;5;2;4;5;1;0;13;3;1;1
54266;Houdreville;44;54;0;0;0;0;0;0;0;0;0;0;0;0;0;0;0;0;0;0;0;0;0;0;0;0;0;0;1;4;1;0;0;0;0;0;0;0;1
54268;Housséville;44;54;0;0;0;0;0;0;0;0;0;0;0;0;0;0;0;0;0;0;0;0;0;0;0;0;0;0;1;0;0;0;0;0;0;0;0;0;0
54269;Hudiviller;44;54;0;0;0;0;0;0;0;0;0;0;0;0;0;0;0;0;0;0;0;0;0;0;0;0;0;0;1;0;1;0;0;0;0;0;0;0;2
54270;Hussigny-Godbrange;44;54;0;0;0;0;0;0;0;0;0;0;0;0;0;0;0;0;0;1;0;0;3;0;0;0;4;3;4;4;2;1;4;0;0;3;1;0;1
54271;Igney;44;54;0;0;0;0;0;0;0;0;0;0;0;0;0;0;0;0;0;0;0;0;0;0;0;0;0;0;0;0;0;0;0;0;0;0;0;0;0
54272;Jaillon;44;54;0;0;0;0;0;0;0;0;0;0;0;0;0;0;0;0;0;0;0;0;1;0;0;0;1;0;1;0;0;0;0;0;0;1;0;0;1
54273;Jarny;44;54;0;1;0;0;0;0;0;0;0;0;1;0;0;0;0;10;1;1;0;0;13;3;2;4;9;12;7;12;4;4;24;1;0;27;10;2;14
54274;Jarville-la-Malgrange;44;54;1;0;0;0;0;0;0;0;0;0;0;0;0;0;0;5;1;2;0;0;12;0;0;5;8;12;7;9;7;9;8;1;0;16;2;2;4
54275;Jaulny;44;54;0;0;0;0;0;0;0;0;0;0;0;0;0;0;0;0;0;0;0;0;1;0;0;0;0;0;0;0;0;0;0;0;0;1;0;0;0
54276;Jeandelaincourt;44;54;0;0;0;0;0;0;0;0;0;0;0;0;0;0;0;0;0;0;0;1;2;0;0;0;1;1;0;2;2;2;0;0;0;2;0;0;1
54277;Jeandelize;44;54;0;0;0;0;0;0;0;0;0;0;0;0;0;0;0;0;0;0;0;0;0;0;0;0;0;1;0;1;1;0;0;0;0;0;0;0;2
54278;Jevoncourt;44;54;0;0;0;0;0;0;0;0;0;0;0;0;0;0;0;0;0;0;0;0;0;0;0;0;0;0;0;0;0;0;1;0;0;0;0;0;0
54279;Jezainville;44;54;0;0;0;0;0;0;0;0;0;0;0;0;0;0;0;0;0;0;0;0;0;0;0;0;1;3;0;3;2;3;0;0;0;0;0;0;1
54280;Joeuf;44;54;1;0;0;0;0;0;0;0;0;0;0;0;0;0;0;6;4;1;0;0;5;0;1;2;5;16;2;9;4;1;11;1;0;15;6;2;10
54281;Jolivet;44;54;0;0;0;0;0;0;0;0;0;0;0;0;0;0;0;0;0;0;0;0;1;0;0;0;1;2;0;1;1;0;0;0;0;1;0;0;0
54282;Joppécourt;44;54;0;0;0;0;0;0;0;0;0;0;0;0;0;0;0;0;0;0;0;0;0;0;0;0;2;0;0;1;1;0;0;0;0;0;0;0;0
54283;Jouaville;44;54;0;0;0;0;0;0;0;0;0;0;0;0;0;0;0;0;0;0;0;0;1;0;0;0;1;1;1;3;0;0;0;0;0;0;1;0;0
54284;Joudreville;44;54;0;0;0;0;0;0;0;0;0;0;0;0;0;0;0;0;0;0;0;0;1;0;0;0;3;0;0;3;1;0;0;0;0;0;0;0;0
54285;Juvrecourt;44;54;0;0;0;0;0;0;0;0;0;0;0;0;0;0;0;0;0;0;0;0;0;0;0;0;1;0;0;0;0;0;0;0;0;0;0;0;0
54286;Labry;44;54;0;0;0;0;0;0;0;0;0;0;0;0;0;0;0;0;1;0;0;1;2;0;0;0;3;2;1;3;6;0;1;0;0;1;0;0;0
54287;Lachapelle;44;54;0;0;0;0;0;0;0;0;0;0;0;0;0;0;0;0;0;0;0;0;2;0;0;0;0;2;0;1;0;0;0;0;0;0;0;0;1
54288;Lagney;44;54;0;0;0;0;0;0;0;0;0;0;0;0;0;0;0;0;0;0;0;0;2;0;0;0;3;0;1;0;1;1;0;0;0;2;0;0;0
54289;Laître-sous-Amance;44;54;0;0;0;0;0;0;0;0;0;0;0;0;0;0;0;0;0;0;0;0;0;0;0;0;1;4;1;1;0;0;0;0;0;0;0;1;0
54290;Laix;44;54;0;0;0;0;0;0;0;0;0;0;0;0;0;0;0;0;0;0;0;0;1;0;0;0;0;1;0;0;0;0;0;0;0;0;0;0;0
54291;Laloeuf;44;54;0;0;0;0;0;0;0;0;0;0;0;0;0;0;0;0;0;0;0;0;0;0;0;0;0;1;2;0;0;0;0;0;0;0;0;0;0
54292;Lamath;44;54;0;0;0;0;0;0;0;0;0;0;0;0;0;0;0;0;0;0;0;0;0;0;0;0;0;1;0;0;0;0;0;0;0;1;0;0;1
54293;Landécourt;44;54;0;0;0;0;0;0;0;0;0;0;0;0;0;0;0;0;0;0;0;0;0;0;0;0;0;0;0;0;0;0;0;0;0;0;0;0;0
54294;Landremont;44;54;0;0;0;0;0;0;0;0;0;0;0;0;0;0;0;0;0;0;0;0;0;0;0;0;0;0;1;0;0;0;1;0;0;0;0;0;0
54295;Landres;44;54;0;0;0;0;0;0;0;0;0;0;0;0;0;0;0;1;0;0;0;1;0;1;0;1;2;0;1;3;1;0;1;0;0;4;1;0;0
54296;Laneuvelotte;44;54;0;0;0;0;0;0;0;0;0;0;0;0;0;0;0;0;0;0;0;0;0;0;0;0;2;1;1;1;2;1;0;0;0;2;0;0;0
54297;Laneuveville-aux-Bois;44;54;0;0;0;0;0;0;0;0;0;0;0;0;0;0;0;0;0;0;0;0;0;0;0;0;2;0;1;0;0;0;0;0;0;0;0;0;0
54298;Laneuveville-derrière-Foug;44;54;0;0;0;0;0;0;0;0;0;0;0;0;0;0;0;0;0;0;0;0;0;0;0;0;0;0;0;2;0;0;0;0;0;0;0;0;0
54299;Laneuveville-devant-Bayon;44;54;0;0;0;0;0;0;0;0;0;0;0;0;0;0;0;0;0;0;0;0;0;0;0;0;0;1;0;0;1;0;0;0;0;1;1;0;0
54300;Laneuveville-devant-Nancy;44;54;0;0;0;0;0;0;0;0;0;0;0;0;0;0;0;0;0;1;0;0;7;2;0;1;3;13;11;15;6;8;9;1;0;7;2;0;4
54301;Lanfroicourt;44;54;0;0;0;0;0;0;0;0;0;0;0;0;0;0;0;0;0;0;0;0;1;0;0;0;0;0;0;2;1;0;0;0;0;0;1;0;0
54302;Lantéfontaine;44;54;0;0;0;0;0;0;0;0;0;0;0;0;0;0;0;0;0;0;0;0;1;1;1;0;2;2;0;1;0;0;1;5;0;1;0;0;1
54303;Laronxe;44;54;0;0;0;0;0;0;0;0;0;0;0;0;0;0;0;0;0;0;0;0;1;0;0;0;0;0;0;0;0;1;1;0;0;0;1;0;0
54304;Laxou;44;54;1;0;0;0;0;0;0;0;0;0;1;0;0;0;0;16;0;2;0;0;15;2;3;4;6;10;4;13;8;4;15;1;2;31;5;3;9
54305;Lay-Saint-Christophe;44;54;0;0;0;0;0;0;0;0;0;0;0;0;0;0;0;0;0;1;0;0;3;0;0;0;2;4;7;12;2;0;3;0;0;2;2;0;1
54306;Lay-Saint-Remy;44;54;0;0;0;0;0;0;0;0;0;0;0;0;0;0;0;0;0;0;0;0;0;0;0;0;0;1;0;0;0;1;0;0;0;0;0;0;0
54307;Lebeuville;44;54;0;0;0;0;0;0;0;0;0;0;0;0;0;0;0;0;0;0;0;0;0;0;0;0;0;0;0;0;1;0;1;0;0;2;0;0;0
54308;Leintrey;44;54;0;0;0;0;0;0;0;0;0;0;0;0;0;0;0;0;0;0;0;0;0;0;0;0;0;0;0;1;0;0;0;0;0;0;0;0;0
54309;Lemainville;44;54;0;0;0;0;0;0;0;0;0;0;0;0;0;0;0;0;0;0;0;0;0;0;0;0;0;0;0;0;0;0;0;0;0;1;0;0;0
54310;Leménil-Mitry;44;54;0;0;0;0;0;0;0;0;0;0;0;0;0;0;0;0;0;0;0;0;0;0;0;0;0;0;0;0;0;0;0;0;0;0;0;0;0
54311;Lenoncourt;44;54;0;0;0;0;0;0;0;0;0;0;0;0;0;0;0;0;0;0;0;0;0;0;0;0;2;1;0;2;1;1;0;0;0;0;0;0;0
54312;Lesménils;44;54;0;0;0;0;0;0;0;0;0;0;0;0;0;0;0;0;0;0;0;0;4;0;0;0;0;0;1;0;1;0;0;0;0;2;1;0;0
54313;Létricourt;44;54;0;0;0;0;0;0;0;0;0;0;0;0;0;0;0;0;0;0;0;0;0;0;0;0;0;0;0;0;1;0;0;0;0;0;0;0;0
54314;Lexy;44;54;0;1;0;0;0;0;0;0;0;0;0;0;0;0;0;0;2;1;0;0;13;1;0;0;2;4;1;4;3;0;3;0;0;5;2;0;2
54315;Leyr;44;54;0;0;0;0;0;0;0;0;0;0;0;0;0;0;0;0;0;1;0;0;2;0;0;0;1;1;3;2;1;2;0;0;0;1;0;0;2
54316;Limey-Remenauville;44;54;0;0;0;0;0;0;0;0;0;0;0;0;0;0;0;0;0;0;0;0;2;0;0;0;3;0;0;3;1;0;0;0;0;0;0;0;0
54317;Lironville;44;54;0;0;0;0;0;0;0;0;0;0;0;0;0;0;0;0;0;0;0;0;0;0;0;0;0;0;0;0;0;0;0;0;0;0;0;0;0
54318;Liverdun;44;54;0;1;0;0;0;0;0;0;0;0;0;0;0;0;0;1;0;1;0;0;5;1;0;0;4;13;9;10;5;4;4;0;0;8;1;0;3
54320;Loisy;44;54;0;0;0;0;0;0;0;0;0;0;0;0;0;0;0;0;0;0;0;0;0;0;0;0;3;0;1;1;1;0;0;0;0;1;0;0;1
54321;Longlaville;44;54;0;0;0;0;0;0;0;0;0;0;0;1;0;0;0;1;0;1;0;0;3;0;0;1;2;4;2;3;0;0;4;0;1;6;2;0;1
54322;Longuyon;44;54;0;1;0;0;0;0;0;0;0;0;1;0;0;0;0;5;1;1;0;0;8;1;1;2;4;2;4;6;3;2;13;3;0;9;1;0;6
54323;Longwy;44;54;1;0;0;0;0;1;0;0;0;0;2;0;1;0;0;16;6;2;1;0;25;2;0;4;9;14;8;13;9;8;35;2;1;48;13;4;9
54324;Lorey;44;54;0;0;0;0;0;0;0;0;0;0;0;0;0;0;0;0;0;0;0;0;0;0;0;0;0;0;0;0;0;0;0;0;0;0;0;0;0
54325;Loromontzey;44;54;0;0;0;0;0;0;0;0;0;0;0;0;0;0;0;0;0;0;0;0;0;0;0;0;0;1;0;0;0;0;1;0;0;0;0;0;0
54326;Lubey;44;54;0;0;0;0;0;0;0;0;0;0;0;0;0;0;0;0;0;0;0;0;0;0;0;0;0;0;0;0;0;0;0;0;0;0;1;0;0
54327;Lucey;44;54;0;0;0;0;0;0;0;0;0;0;0;0;0;0;0;0;0;0;0;0;0;0;0;0;0;2;0;1;1;0;0;0;0;1;0;0;0
54328;Ludres;44;54;0;0;0;0;0;0;0;0;0;0;0;0;0;0;0;2;0;1;0;0;20;4;3;3;9;4;6;16;16;11;4;3;2;15;6;1;1
54329;Lunéville;44;54;1;1;0;0;1;0;0;0;0;0;4;1;0;0;0;11;6;1;0;1;22;3;2;8;15;17;7;19;10;14;26;8;3;52;11;3;14
54330;Lupcourt;44;54;0;0;0;0;0;0;0;0;0;0;0;0;0;0;0;0;0;0;0;0;2;0;0;0;0;2;1;0;0;0;1;0;0;0;0;0;0
54331;Magnières;44;54;0;0;0;0;0;0;0;0;0;0;0;0;0;0;0;0;0;0;0;1;2;0;0;0;0;0;0;0;1;0;0;0;0;2;0;0;0
54332;Maidières;44;54;0;0;0;0;0;0;0;0;0;0;0;0;0;0;0;0;0;0;0;0;2;0;0;0;1;0;3;2;0;0;2;0;0;2;0;0;0
54333;Mailly-sur-Seille;44;54;0;0;0;0;0;0;0;0;0;0;0;0;0;0;0;0;0;0;0;0;0;0;0;0;0;0;0;1;0;1;0;0;0;0;0;0;0
54334;Mairy-Mainville;44;54;0;0;0;0;0;0;0;0;0;0;0;0;0;0;0;0;0;0;0;0;2;0;0;0;0;0;0;0;0;0;0;0;0;2;0;0;0
54335;Maixe;44;54;0;0;0;0;0;0;0;0;0;0;0;0;0;0;0;0;0;0;0;0;1;0;0;0;0;0;0;1;0;0;0;0;0;0;0;0;0
54336;Maizières;44;54;0;0;0;0;0;0;0;0;0;0;0;0;0;0;0;0;0;0;0;0;1;0;0;0;1;3;0;2;0;1;1;0;0;0;2;0;1
54337;Malavillers;44;54;0;0;0;0;0;0;0;0;0;0;0;0;0;0;0;0;0;0;0;0;0;0;0;0;0;0;1;0;0;0;0;0;0;0;0;0;0
54338;Malleloy;44;54;0;0;0;0;0;0;0;0;0;0;0;0;0;0;0;0;0;0;0;0;3;0;0;0;1;0;0;1;1;0;2;0;0;1;0;0;0
54339;Malzéville;44;54;0;0;0;0;0;0;0;0;0;0;0;0;0;0;0;2;1;1;0;0;4;0;1;1;4;23;13;15;15;6;5;1;0;12;8;3;5
54340;Mamey;44;54;0;0;0;0;0;0;0;0;0;0;0;0;0;0;0;0;0;0;0;0;0;0;0;0;1;0;0;1;2;0;0;0;0;0;0;0;0
54341;Mance;44;54;0;0;0;0;0;0;0;0;0;0;0;0;0;0;0;0;0;0;0;0;1;0;0;0;0;0;0;2;0;0;0;0;0;1;1;0;0
54342;Mancieulles;44;54;0;0;0;0;0;0;0;0;0;0;0;0;0;0;0;0;0;1;0;0;1;0;0;0;4;1;2;2;3;2;7;0;0;1;2;0;1
54343;Mandres-aux-Quatre-Tours;44;54;0;0;0;0;0;0;0;0;0;0;0;0;0;0;0;0;0;0;0;0;0;0;0;0;1;0;0;0;1;1;1;0;0;0;0;0;0
54344;Mangonville;44;54;0;0;0;0;0;0;0;0;0;0;0;0;0;0;0;0;0;0;0;0;1;0;0;0;0;0;0;0;0;0;0;0;0;0;0;0;0
54345;Manoncourt-en-Vermois;44;54;0;0;0;0;0;0;0;0;0;0;0;0;0;0;0;0;0;0;0;0;1;0;0;2;0;0;0;0;1;0;0;0;0;0;0;0;0
54346;Manoncourt-en-Woëvre;44;54;0;0;0;0;0;0;0;0;0;0;0;0;0;0;0;0;0;0;0;0;2;0;0;0;1;1;0;1;0;0;0;0;0;0;0;0;0
54348;Manonville;44;54;0;0;0;0;0;0;0;0;0;0;0;0;0;0;0;0;0;0;0;0;0;0;0;0;0;0;0;0;0;0;0;0;0;0;0;0;0
54349;Manonviller;44;54;0;0;0;0;0;0;0;0;0;0;0;0;0;0;0;0;0;0;0;0;0;0;0;0;2;0;0;0;0;0;0;0;0;0;0;0;0
54350;Marainviller;44;54;0;0;0;0;0;0;0;0;0;0;0;0;0;0;0;0;0;0;0;1;0;0;0;0;0;1;0;2;1;0;1;0;0;0;0;0;1
54351;Marbache;44;54;0;0;0;0;0;0;0;0;0;0;0;0;0;0;0;0;0;1;0;0;1;1;0;0;6;2;0;1;5;3;2;0;0;0;1;0;0
54352;Maron;44;54;0;0;0;0;0;0;0;0;0;0;0;0;0;0;0;0;0;0;0;1;0;0;0;0;0;1;0;2;0;0;0;0;0;3;0;0;0
54353;Mars-la-Tour;44;54;0;1;0;0;0;0;0;0;0;0;0;0;0;0;0;0;0;0;0;1;1;0;0;0;1;1;1;2;1;1;1;0;0;2;0;0;0
54354;Marthemont;44;54;0;0;0;0;0;0;0;0;0;0;0;0;0;0;0;0;0;0;0;0;0;0;0;0;0;0;0;0;0;0;0;0;0;0;0;0;0
54355;Martincourt;44;54;0;0;0;0;0;0;0;0;0;0;0;0;0;0;0;0;0;0;0;0;0;0;0;0;0;0;0;0;0;0;1;0;0;0;0;0;0
54356;Mattexey;44;54;0;0;0;0;0;0;0;0;0;0;0;0;0;0;0;0;0;0;0;0;0;0;0;0;0;0;0;1;0;0;0;0;0;0;0;0;0
54357;Maxéville;44;54;0;0;0;0;0;0;0;0;0;0;1;0;0;0;0;1;0;1;0;0;20;1;1;2;8;22;11;20;16;10;4;0;2;11;3;1;4
54358;Mazerulles;44;54;0;0;0;0;0;0;0;0;0;0;0;0;0;0;0;0;0;0;0;0;0;0;0;0;0;1;0;1;0;0;0;0;0;0;0;0;1
54359;Méhoncourt;44;54;0;0;0;0;0;0;0;0;0;0;0;0;0;0;0;0;0;0;0;0;1;0;0;0;0;0;0;1;1;1;0;0;0;0;0;0;0
54360;Ménil-la-Tour;44;54;0;0;0;0;0;0;0;0;0;0;0;0;0;0;0;0;0;0;0;0;0;0;0;0;1;0;0;0;1;0;0;0;0;0;1;0;0
54362;Mercy-le-Bas;44;54;0;1;0;0;0;0;0;0;0;0;0;0;0;0;0;0;0;1;0;0;3;0;0;0;0;2;2;0;0;0;2;0;0;1;1;0;1
54363;Mercy-le-Haut;44;54;0;0;0;0;0;0;0;0;0;0;0;0;0;0;0;0;0;0;0;0;1;0;0;0;0;0;0;0;0;1;0;0;0;0;0;0;0
54364;Méréville;44;54;0;0;0;0;0;0;0;0;0;0;0;0;0;0;0;0;0;0;0;0;2;0;0;0;2;2;0;3;2;0;1;0;0;4;0;0;2
54365;Merviller;44;54;0;0;0;0;0;0;0;0;0;0;0;0;0;0;0;0;0;0;0;0;1;0;0;0;0;0;1;1;2;1;1;0;0;0;0;0;1
54366;Messein;44;54;0;0;0;0;0;0;0;0;0;0;0;0;0;0;0;0;1;0;0;1;3;0;0;0;1;3;5;8;2;1;1;1;0;5;0;0;0
54367;Mexy;44;54;0;0;0;0;0;0;0;0;0;0;0;0;0;0;0;0;0;1;0;0;1;0;0;0;3;2;2;2;3;2;2;0;0;6;1;0;4
54368;Mignéville;44;54;0;0;0;0;0;0;0;0;0;0;0;0;0;0;0;0;0;0;0;0;0;0;0;0;0;0;0;1;0;0;0;0;0;0;0;0;0
54369;Millery;44;54;0;0;0;0;0;0;0;0;0;0;0;0;0;0;0;0;0;0;0;0;0;0;0;0;1;1;3;5;2;1;0;1;0;2;1;0;0
54370;Minorville;44;54;0;0;0;0;0;0;0;0;0;0;0;0;0;0;0;0;0;0;0;0;0;0;0;0;0;1;1;0;0;0;0;0;0;0;0;0;0
54371;Moineville;44;54;0;0;0;0;0;0;0;0;0;0;0;0;0;0;0;0;0;0;0;0;0;0;0;0;3;5;2;1;1;3;0;0;0;1;0;0;2
54372;Moivrons;44;54;0;0;0;0;0;0;0;0;0;0;0;0;0;0;0;0;0;0;0;0;1;0;0;0;0;0;3;1;0;0;0;0;0;0;0;0;0
54373;Moncel-lès-Lunéville;44;54;0;0;0;0;0;0;0;0;0;0;0;0;0;0;0;0;0;0;0;0;6;0;1;0;3;3;1;1;2;0;2;0;0;9;0;0;1
54374;Moncel-sur-Seille;44;54;0;0;0;0;0;0;0;0;0;0;0;0;0;0;0;0;0;0;0;0;1;0;0;0;1;0;1;1;1;0;0;0;0;0;0;0;0
54375;Montauville;44;54;0;0;0;0;0;0;0;0;0;0;0;0;0;0;0;0;0;0;0;0;4;0;0;0;1;1;0;4;1;0;1;0;0;1;1;0;0
54376;Montenoy;44;54;0;0;0;0;0;0;0;0;0;0;0;0;0;0;0;0;0;0;0;0;0;0;0;0;0;0;0;0;0;0;0;0;0;0;0;0;0
54377;Montigny;44;54;0;0;0;0;0;0;0;0;0;0;0;0;0;0;0;0;0;0;0;0;0;0;0;0;0;0;1;0;0;0;0;0;0;0;0;0;0
54378;Montigny-sur-Chiers;44;54;0;0;0;0;0;0;0;0;0;0;0;0;0;0;0;0;0;0;0;0;0;0;0;0;1;0;0;0;0;0;1;0;0;0;0;0;0
54379;Mont-l'Étroit;44;54;0;0;0;0;0;0;0;0;0;0;0;0;0;0;0;0;0;0;0;0;0;0;0;0;0;0;0;0;0;0;0;0;0;0;0;0;0
54380;Mont-le-Vignoble;44;54;0;0;0;0;0;0;0;0;0;0;0;0;0;0;0;0;0;0;0;0;0;0;0;0;0;0;1;1;0;0;0;0;0;0;2;0;0
54381;Montreux;44;54;0;0;0;0;0;0;0;0;0;0;0;0;0;0;0;0;0;0;0;0;0;0;0;0;0;0;0;0;0;0;0;0;0;1;0;0;0
54382;Mont-Saint-Martin;44;54;1;0;0;0;0;0;0;0;0;0;0;0;0;0;0;1;4;1;0;1;16;2;0;1;5;4;2;4;3;4;3;0;0;29;0;1;4
54383;Mont-sur-Meurthe;44;54;0;0;0;0;0;0;0;0;0;0;0;0;1;0;0;0;0;0;0;1;2;0;0;0;1;3;1;2;1;0;2;0;0;0;0;0;1
54385;Morfontaine;44;54;0;0;0;0;0;0;0;0;0;0;0;0;0;0;0;0;0;0;0;0;0;0;0;0;1;2;0;2;0;0;0;0;0;0;0;0;1
54386;Moriviller;44;54;0;0;0;0;0;0;0;0;0;0;0;0;0;0;0;0;0;0;0;0;0;0;0;0;0;0;1;0;0;0;0;0;0;0;0;0;0
54387;Morville-sur-Seille;44;54;0;0;0;0;0;0;0;0;0;0;0;0;0;0;0;0;0;0;0;0;0;0;0;0;0;0;0;0;0;0;1;0;0;0;0;0;0
54388;Mouacourt;44;54;0;0;0;0;0;0;0;0;0;0;0;0;0;0;0;0;0;0;0;0;0;0;0;0;0;0;0;0;0;0;0;0;0;0;0;0;0
54389;Mouaville;44;54;0;0;0;0;0;0;0;0;0;0;0;0;0;0;0;0;0;0;0;0;1;0;0;0;0;0;0;0;0;0;0;0;0;0;0;0;0
54390;Mousson;44;54;0;0;0;0;0;0;0;0;0;0;0;0;0;0;0;0;0;0;0;0;0;0;0;0;0;0;0;1;1;0;0;0;0;0;0;0;0
54391;Moutiers;44;54;0;0;0;0;0;0;0;0;0;0;0;0;0;0;0;0;0;1;0;0;3;0;0;0;1;1;1;5;3;0;3;0;0;0;0;0;0
54392;Moutrot;44;54;0;0;0;0;0;0;0;0;0;0;0;0;0;0;0;0;0;0;0;0;0;0;0;0;0;0;0;0;0;0;1;0;0;0;0;0;0
54393;Moyen;44;54;0;0;0;0;0;0;0;0;0;0;0;0;0;0;0;0;0;0;0;1;3;0;0;0;0;1;2;0;0;1;0;0;0;1;0;0;0
54394;Murville;44;54;0;0;0;0;0;0;0;0;0;0;0;0;0;0;0;0;0;0;0;0;0;0;0;0;1;2;0;1;0;0;0;0;0;0;0;0;0
54395;Nancy;44;54;6;0;1;1;1;1;1;0;1;1;19;4;0;1;0;84;9;12;1;0;66;6;14;38;60;130;51;75;53;50;181;11;43;539;150;23;73
54396;Neufmaisons;44;54;0;0;0;0;0;0;0;0;0;0;0;0;0;0;0;0;0;0;0;0;0;0;0;0;0;0;0;0;0;0;0;0;0;0;0;0;0
54397;Neuves-Maisons;44;54;1;1;0;0;0;0;0;0;0;0;1;0;2;0;0;7;7;1;0;0;16;1;0;3;11;11;10;14;7;3;10;0;1;15;10;3;3
54398;Neuviller-lès-Badonviller;44;54;0;0;0;0;0;0;0;0;0;0;0;0;0;0;0;0;0;0;0;0;0;0;0;0;0;0;0;0;0;0;2;0;0;0;0;0;0
54399;Neuviller-sur-Moselle;44;54;0;0;0;0;0;0;0;0;0;0;0;0;0;0;0;0;0;0;0;0;0;0;0;0;0;0;0;0;1;0;0;0;0;0;0;0;0
54400;Nomeny;44;54;0;1;0;0;0;0;0;0;0;0;1;0;0;0;0;1;1;1;0;0;3;0;0;1;0;4;4;0;2;0;2;1;0;2;0;0;2
54401;Nonhigny;44;54;0;0;0;0;0;0;0;0;0;0;0;0;0;0;0;0;0;0;0;0;0;0;0;0;1;0;1;0;0;0;0;0;0;0;0;0;0
54402;Norroy-le-Sec;44;54;0;0;0;0;0;0;0;0;0;0;0;0;0;0;0;0;0;0;0;0;0;0;0;0;2;0;0;0;1;0;0;0;0;1;0;0;0
54403;Norroy-lès-Pont-à-Mousson;44;54;0;0;0;0;0;0;0;0;0;0;0;0;0;0;0;0;0;0;0;0;2;0;0;0;2;2;3;5;2;0;2;0;0;1;1;0;0
54404;Noviant-aux-Prés;44;54;0;0;0;0;0;0;0;0;0;0;0;0;0;0;0;0;0;0;0;1;0;0;0;0;1;1;1;2;1;1;0;0;0;0;0;0;0
54405;Ochey;44;54;0;0;0;0;0;0;0;0;0;0;0;0;0;0;0;0;0;0;1;0;0;0;0;0;0;1;0;1;0;0;0;0;0;0;1;0;0
54406;Ogéviller;44;54;0;0;0;0;0;0;0;0;0;0;0;0;0;0;0;0;0;0;0;1;0;0;0;0;0;1;0;0;0;0;0;0;0;0;0;0;0
54407;Ognéville;44;54;0;0;0;0;0;0;0;0;0;0;0;0;0;0;0;0;0;0;0;0;0;0;0;0;0;0;0;0;3;0;0;0;0;0;0;0;0
54408;Olley;44;54;0;0;0;0;0;0;0;0;0;0;0;0;0;0;0;0;0;0;0;0;1;0;0;0;0;0;1;0;0;0;0;0;0;0;0;0;0
54409;Omelmont;44;54;0;0;0;0;0;0;0;0;0;0;0;0;0;0;0;0;0;0;0;0;2;0;0;0;1;1;0;1;0;0;0;0;0;0;0;0;0
54410;Onville;44;54;0;0;0;0;0;0;0;0;0;0;0;0;0;0;0;0;0;1;0;0;1;0;0;0;0;0;3;0;0;1;0;0;0;1;0;0;0
54411;Ormes-et-Ville;44;54;0;0;0;0;0;0;0;0;0;0;0;0;0;0;0;0;0;0;0;0;0;0;0;0;0;0;0;0;0;0;1;0;0;0;0;0;0
54412;Othe;44;54;0;0;0;0;0;0;0;0;0;0;0;0;0;0;0;0;0;0;0;0;0;0;0;0;0;0;0;0;0;0;0;0;0;0;0;0;0
54413;Ozerailles;44;54;0;0;0;0;0;0;0;0;0;0;0;0;0;0;0;0;0;0;0;0;1;0;0;0;0;0;1;0;0;0;0;0;0;0;0;0;0
54414;Pagney-derrière-Barine;44;54;0;0;0;0;0;0;0;0;0;0;0;0;0;0;0;0;0;0;0;0;0;0;0;0;3;0;0;1;1;1;1;0;0;0;0;0;1
54415;Pagny-sur-Moselle;44;54;0;1;0;0;0;0;0;0;0;0;0;0;0;0;0;2;0;1;0;0;6;1;0;2;2;1;5;4;3;2;5;0;0;5;2;1;4
54416;Pannes;44;54;0;0;0;0;0;0;0;0;0;0;0;0;0;0;0;0;0;0;0;0;0;0;0;0;1;0;0;0;1;1;0;0;0;0;0;0;0
54417;Parey-Saint-Césaire;44;54;0;0;0;0;0;0;0;0;0;0;0;0;0;0;0;0;0;0;0;0;1;0;0;0;0;0;0;1;2;0;0;0;0;0;0;0;0
54418;Parroy;44;54;0;0;0;0;0;0;0;0;0;0;0;0;0;0;0;0;0;0;0;0;0;0;0;0;0;1;1;0;0;0;0;0;0;0;0;0;0
54419;Parux;44;54;0;0;0;0;0;0;0;0;0;0;0;0;0;0;0;0;0;0;0;0;0;0;0;0;0;0;0;0;0;0;0;0;0;0;0;0;1
54420;Petit-Failly;44;54;0;0;0;0;0;0;0;0;0;0;0;0;0;0;0;0;0;0;0;0;0;0;0;0;1;0;0;0;1;0;0;0;0;0;0;0;0
54421;Petitmont;44;54;0;0;0;0;0;0;0;0;0;0;0;0;0;0;0;0;0;0;0;0;0;0;0;0;1;1;1;0;1;0;0;0;0;2;0;0;0
54422;Pettonville;44;54;0;0;0;0;0;0;0;0;0;0;0;0;0;0;0;0;0;0;0;0;0;0;0;0;0;0;0;0;0;0;0;0;0;0;0;0;0
54423;Pexonne;44;54;0;0;0;0;0;0;0;0;0;0;0;0;0;0;0;0;0;0;0;1;0;0;0;0;0;0;0;0;0;0;0;0;0;1;0;0;0
54424;Phlin;44;54;0;0;0;0;0;0;0;0;0;0;0;0;0;0;0;0;0;0;0;0;0;0;0;0;0;0;0;0;0;0;0;0;0;0;0;0;0
54425;Piennes;44;54;0;1;0;0;0;0;0;0;0;0;0;0;0;0;0;4;4;1;0;0;4;0;0;1;2;4;4;3;1;0;5;1;0;7;3;0;1
54426;Pierre-la-Treiche;44;54;0;0;0;0;0;0;0;0;0;0;0;0;0;0;0;0;0;0;0;0;0;0;0;0;0;3;0;0;2;0;0;0;0;1;0;0;1
54427;Pierre-Percée;44;54;0;0;0;0;0;0;0;0;0;0;0;0;0;0;0;0;0;0;0;0;0;0;0;0;0;0;0;1;0;0;0;0;0;3;0;0;0
54428;Pierrepont;44;54;0;0;0;0;0;0;0;0;0;0;0;0;0;0;0;0;0;1;0;0;1;0;0;0;3;0;0;3;0;1;0;0;0;1;0;0;1
54429;Pierreville;44;54;0;0;0;0;0;0;0;0;0;0;0;0;0;0;0;0;0;0;0;0;0;0;0;0;0;1;0;0;2;0;0;0;0;0;0;0;0
54430;Pompey;44;54;0;0;0;0;0;0;0;0;0;0;0;0;0;0;0;4;1;1;0;0;6;0;0;2;7;11;7;10;6;1;6;0;0;15;3;1;4
54431;Pont-à-Mousson;44;54;1;0;0;0;0;0;0;0;0;0;2;1;0;0;0;10;5;2;0;1;18;3;0;7;19;19;11;21;11;8;21;4;7;54;15;3;13
54432;Pont-Saint-Vincent;44;54;0;0;0;0;0;0;0;0;0;0;0;0;0;0;0;0;0;1;0;0;2;0;0;1;3;7;2;2;1;1;4;0;0;4;1;0;0
54433;Port-sur-Seille;44;54;0;0;0;0;0;0;0;0;0;0;0;0;0;0;0;0;0;0;0;0;0;0;0;0;2;0;1;1;0;0;0;0;0;0;1;0;0
54434;Praye;44;54;0;0;0;0;0;0;0;0;0;0;0;0;0;0;0;0;0;0;0;0;0;0;0;0;0;1;1;1;0;0;0;0;0;0;0;0;0
54435;Prény;44;54;0;0;0;0;0;0;0;0;0;0;0;0;0;0;0;0;0;0;0;0;0;0;0;0;1;2;0;0;0;0;1;0;0;0;0;0;0
54436;Preutin-Higny;44;54;0;0;0;0;0;0;0;0;0;0;0;0;0;0;0;0;0;0;0;0;1;0;0;0;0;0;0;0;0;0;1;0;0;0;0;0;0
54437;Pulligny;44;54;0;0;0;0;0;0;0;0;0;0;0;0;0;0;0;0;1;0;0;1;1;0;0;0;0;2;1;1;1;0;3;0;1;0;1;0;1
54438;Pulney;44;54;0;0;0;0;0;0;0;0;0;0;0;0;0;0;0;0;0;0;0;0;0;0;0;0;0;0;0;0;0;0;0;0;0;0;0;0;0
54439;Pulnoy;44;54;0;0;0;0;0;0;0;0;0;0;0;0;0;0;0;0;0;1;0;0;6;0;0;1;5;7;2;12;7;4;3;0;0;4;0;0;1
54440;Puxe;44;54;0;0;0;0;0;0;0;0;0;0;0;0;0;0;0;0;0;0;0;0;0;0;0;0;0;0;0;0;1;0;0;0;0;0;0;0;0
54441;Puxieux;44;54;0;0;0;0;0;0;0;0;0;0;0;0;0;0;0;0;0;0;0;0;1;0;0;0;0;1;0;0;0;0;0;0;0;0;0;0;0
54442;Quevilloncourt;44;54;0;0;0;0;0;0;0;0;0;0;0;0;0;0;0;0;0;0;0;0;2;0;0;0;0;0;2;0;0;0;0;0;0;0;0;0;0
54443;Raon-lès-Leau;44;54;0;0;0;0;0;0;0;0;0;0;0;0;0;0;0;0;0;0;0;0;0;0;0;0;0;0;0;0;0;0;0;0;0;0;0;0;0
54444;Raucourt;44;54;0;0;0;0;0;0;0;0;0;0;0;0;0;0;0;0;0;0;0;0;0;0;0;0;1;0;0;0;0;0;0;0;0;0;0;0;0
54445;Raville-sur-Sânon;44;54;0;0;0;0;0;0;0;0;0;0;0;0;0;0;0;0;0;0;0;0;0;0;0;0;0;0;0;0;0;0;0;0;0;0;0;0;0
54446;Réchicourt-la-Petite;44;54;0;0;0;0;0;0;0;0;0;0;0;0;0;0;0;0;0;0;0;0;0;0;0;0;0;1;0;0;0;0;0;0;0;0;0;0;0
54447;Réclonville;44;54;0;0;0;0;0;0;0;0;0;0;0;0;0;0;0;0;0;0;0;0;0;0;0;0;0;0;0;1;0;0;0;0;0;0;0;0;0
54449;Rehainviller;44;54;0;0;0;0;0;0;0;0;0;0;0;0;0;0;0;0;0;0;0;0;2;0;0;0;1;0;0;0;1;0;2;1;0;0;0;0;0
54450;Reherrey;44;54;0;0;0;0;0;0;0;0;0;0;0;0;0;0;0;0;0;0;0;0;1;0;0;0;1;0;0;0;0;0;0;0;0;0;0;0;0
54451;Réhon;44;54;1;0;0;0;0;0;0;0;0;0;0;0;0;0;0;0;0;1;0;0;2;0;0;1;7;5;2;4;3;2;7;3;0;4;2;0;6
54452;Reillon;44;54;0;0;0;0;0;0;0;0;0;0;0;0;0;0;0;0;0;0;0;0;0;0;0;0;0;0;0;0;0;0;0;0;0;0;0;0;0
54453;Rembercourt-sur-Mad;44;54;0;0;0;0;0;0;0;0;0;0;0;0;0;0;0;0;0;0;0;0;0;0;0;0;0;0;0;0;0;0;0;0;0;0;0;0;0
54455;Remenoville;44;54;0;0;0;0;0;0;0;0;0;0;0;0;0;0;0;0;0;0;0;0;0;0;0;0;0;1;0;0;0;0;0;0;0;1;0;0;0
54456;Réméréville;44;54;0;0;0;0;0;0;0;0;0;0;0;0;0;0;0;0;0;0;0;0;2;0;0;0;0;0;5;1;1;0;0;0;0;2;0;0;0
54457;Remoncourt;44;54;0;0;0;0;0;0;0;0;0;0;0;0;0;0;0;0;0;0;0;0;0;0;0;0;0;0;0;0;1;0;0;0;0;0;0;0;0
54458;Repaix;44;54;0;0;0;0;0;0;0;0;0;0;0;0;0;0;0;0;0;0;0;0;0;0;0;0;0;0;0;0;0;0;0;0;0;0;0;0;0
54459;Richardménil;44;54;0;0;0;0;0;0;0;0;0;0;0;0;0;0;0;0;0;1;0;0;1;0;0;0;1;2;1;3;2;4;3;0;0;3;2;0;1
54460;Rogéville;44;54;0;0;0;0;0;0;0;0;0;0;0;0;0;0;0;0;0;0;0;0;0;0;0;0;1;0;0;0;0;0;0;0;0;0;0;0;0
54461;Romain;44;54;0;0;0;0;0;0;0;0;0;0;0;0;0;0;0;0;0;0;0;0;0;0;0;0;0;0;0;0;0;0;0;0;0;0;0;0;0
54462;Rosières-aux-Salines;44;54;0;0;0;0;0;0;0;0;0;0;0;0;0;0;0;0;0;1;0;0;4;0;0;0;3;5;3;6;2;0;3;0;0;1;0;0;1
54463;Rosières-en-Haye;44;54;0;0;0;0;0;0;0;0;0;0;0;0;0;0;0;0;0;0;0;0;0;0;0;0;0;0;0;0;0;0;0;0;0;0;0;0;0
54464;Rouves;44;54;0;0;0;0;0;0;0;0;0;0;0;0;0;0;0;0;0;0;0;0;0;0;0;0;0;0;1;0;0;0;0;0;0;0;0;0;0
54465;Roville-devant-Bayon;44;54;0;0;0;0;0;0;0;0;0;0;0;0;0;0;0;0;0;0;0;0;2;1;0;0;2;0;1;1;1;1;0;0;0;1;0;0;1
54466;Royaumeix;44;54;0;0;0;0;0;0;0;0;0;0;0;0;0;0;0;0;0;0;0;0;0;0;0;0;2;1;1;0;0;0;0;0;0;0;0;0;0
54467;Rozelieures;44;54;0;0;0;0;0;0;0;0;0;0;0;0;0;0;0;0;0;0;0;0;0;0;0;0;0;0;1;0;1;0;0;0;0;1;0;0;0
54468;Saffais;44;54;0;0;0;0;0;0;0;0;0;0;0;0;0;0;0;0;0;0;0;0;0;0;0;0;1;1;0;1;0;0;0;0;0;1;0;0;0
54469;Saint-Ail;44;54;0;0;0;0;0;0;0;0;0;0;0;0;0;0;0;0;0;0;0;0;0;0;0;1;4;0;0;2;1;0;0;0;0;0;0;0;1
54470;Saint-Baussant;44;54;0;0;0;0;0;0;0;0;0;0;0;0;0;0;0;0;0;0;0;0;0;0;0;0;0;0;0;0;0;0;0;0;0;0;0;0;0
54471;Saint-Boingt;44;54;0;0;0;0;0;0;0;0;0;0;0;0;0;0;0;0;0;0;0;0;0;0;0;0;1;0;0;0;0;0;0;0;0;0;0;0;0
54472;Saint-Clément;44;54;0;0;0;0;0;0;0;0;0;0;0;0;0;0;0;0;0;1;0;0;1;0;0;0;0;1;0;1;0;0;2;0;0;0;1;0;1
54473;Saint-Firmin;44;54;0;0;0;0;0;0;0;0;0;0;0;0;0;0;0;0;0;0;0;0;0;0;0;0;0;1;1;1;0;0;0;0;0;0;0;0;1
54474;Sainte-Geneviève;44;54;0;0;0;0;0;0;0;0;0;0;0;0;0;0;0;0;0;0;0;0;0;0;0;0;1;1;0;0;0;0;0;0;0;1;0;0;0
54475;Saint-Germain;44;54;0;0;0;0;0;0;0;0;0;0;0;0;0;0;0;0;0;0;0;0;0;0;0;0;0;0;1;1;0;0;0;0;0;0;0;0;0
54476;Saint-Jean-lès-Longuyon;44;54;0;0;0;0;0;0;0;0;0;0;0;0;0;0;0;0;0;0;0;0;1;0;0;0;0;0;0;1;0;0;0;0;0;1;0;0;1
54477;Saint-Julien-lès-Gorze;44;54;0;0;0;0;0;0;0;0;0;0;0;0;0;0;0;0;0;0;0;0;0;0;0;1;0;0;0;1;0;0;0;0;0;0;0;0;0
54478;Saint-Marcel;44;54;0;0;0;0;0;0;0;0;0;0;0;0;0;0;0;0;0;0;0;0;0;0;0;0;1;0;1;0;1;0;0;0;0;0;1;0;0
54479;Saint-Mard;44;54;0;0;0;0;0;0;0;0;0;0;0;0;0;0;0;0;0;0;0;0;0;0;0;0;0;0;1;0;0;0;0;0;0;0;0;0;0
54480;Saint-Martin;44;54;0;0;0;0;0;0;0;0;0;0;0;0;0;0;0;0;0;0;0;0;0;0;0;0;0;0;0;0;0;0;0;0;0;0;1;0;0
54481;Saint-Maurice-aux-Forges;44;54;0;0;0;0;0;0;0;0;0;0;0;0;0;0;0;0;0;0;0;0;0;0;0;0;0;0;1;0;0;0;1;0;0;0;0;0;0
54482;Saint-Max;44;54;0;0;0;0;0;0;0;0;0;0;0;0;0;0;0;6;1;1;0;0;4;0;0;3;5;10;3;11;7;6;16;4;0;17;13;3;5
54483;Saint-Nicolas-de-Port;44;54;1;0;0;0;0;0;0;0;0;0;1;0;1;0;0;6;2;1;0;0;10;1;1;2;6;14;9;13;9;3;10;4;0;10;4;1;9
54484;Sainte-Pôle;44;54;0;0;0;0;0;0;0;0;0;0;0;0;0;0;0;0;0;0;0;0;0;0;0;0;0;0;0;0;0;0;0;0;0;0;0;0;0
54485;Saint-Pancré;44;54;0;0;0;0;0;0;0;0;0;0;0;0;0;0;0;0;0;0;0;0;1;0;0;0;1;0;0;0;1;0;0;0;0;0;0;0;0
54486;Saint-Remimont;44;54;0;0;0;0;0;0;0;0;0;0;0;0;0;0;0;0;0;0;0;0;0;0;0;0;3;2;0;0;0;0;1;0;0;0;0;0;0
54487;Saint-Rémy-aux-Bois;44;54;0;0;0;0;0;0;0;0;0;0;0;0;0;0;0;0;0;0;0;0;0;0;0;0;0;0;0;0;0;0;0;0;0;0;0;0;0
54488;Saint-Sauveur;44;54;0;0;0;0;0;0;0;0;0;0;0;0;0;0;0;0;0;0;0;0;0;0;0;0;0;0;0;0;0;0;0;0;0;0;0;0;0
54489;Saint-Supplet;44;54;0;0;0;0;0;0;0;0;0;0;0;0;0;0;0;0;0;0;0;0;0;0;0;0;0;0;1;0;0;0;0;0;0;0;0;0;0
54490;Saizerais;44;54;0;0;0;0;0;0;0;0;0;0;0;0;0;0;0;0;0;0;0;1;0;0;0;0;0;3;4;7;2;0;0;0;0;0;1;0;1
54491;Sancy;44;54;0;0;0;0;0;0;0;0;0;0;0;0;0;0;0;0;0;0;0;0;0;0;0;0;1;0;1;0;0;0;0;0;0;0;0;0;0
54492;Sanzey;44;54;0;0;0;0;0;0;0;0;0;0;0;0;0;0;0;0;0;0;0;0;0;0;0;0;1;0;0;0;0;0;1;0;0;0;0;0;0
54493;Saulnes;44;54;1;0;0;0;0;0;0;0;0;0;0;0;0;0;0;0;0;1;0;0;2;0;0;1;2;3;1;4;2;0;3;0;0;1;0;0;1
54494;Saulxerotte;44;54;0;0;0;0;0;0;0;0;0;0;0;0;0;0;0;0;0;0;0;0;1;0;0;0;0;1;0;0;0;0;0;0;0;1;0;0;0
54495;Saulxures-lès-Nancy;44;54;0;0;0;0;0;0;0;0;0;0;0;0;0;0;0;0;1;1;0;0;2;0;0;0;3;4;1;12;1;0;2;0;0;1;0;0;3
54496;Saulxures-lès-Vannes;44;54;0;0;0;0;0;0;0;0;0;0;0;0;0;0;0;0;0;0;0;0;1;0;0;0;1;0;0;0;0;0;0;0;0;1;0;0;0
54497;Saxon-Sion;44;54;0;0;0;0;0;0;0;0;0;0;0;0;0;0;0;0;0;0;1;0;0;0;0;0;0;0;0;0;0;0;0;0;0;2;0;0;0
54498;Seichamps;44;54;0;1;0;0;0;0;0;0;0;0;0;0;0;0;0;2;1;1;0;0;4;0;0;1;3;5;2;8;8;3;5;0;0;5;1;0;4
54499;Seicheprey;44;54;0;0;0;0;0;0;0;0;0;0;0;0;0;0;0;0;0;0;0;0;0;0;0;0;0;0;1;0;0;0;0;0;0;0;0;0;0
54500;Selaincourt;44;54;0;0;0;0;0;0;0;0;0;0;0;0;0;0;0;0;0;0;0;0;0;0;0;0;0;0;0;0;1;0;0;0;0;0;0;0;0
54501;Seranville;44;54;0;0;0;0;0;0;0;0;0;0;0;0;0;0;0;0;0;0;0;0;1;0;0;0;1;1;0;0;0;0;0;0;0;0;0;0;0
54502;Serres;44;54;0;0;0;0;0;0;0;0;0;0;0;0;0;0;0;0;0;0;0;0;0;0;0;0;0;2;0;0;0;0;0;0;0;0;0;0;0
54504;Serrouville;44;54;0;0;0;0;0;0;0;0;0;0;0;0;0;0;0;0;0;1;0;0;0;0;0;0;0;0;0;0;0;0;0;0;0;0;0;0;2
54505;Sexey-aux-Forges;44;54;0;0;0;0;0;0;0;0;0;0;0;0;0;0;0;0;0;0;0;1;1;0;0;0;0;1;1;1;1;0;0;0;0;0;0;0;0
54506;Sexey-les-Bois;44;54;0;0;0;0;0;0;0;0;0;0;0;0;0;0;0;0;0;0;0;0;0;0;0;0;1;0;0;0;2;0;0;0;0;0;0;0;0
54507;Sionviller;44;54;0;0;0;0;0;0;0;0;0;0;0;0;0;0;0;0;0;0;0;0;0;0;0;0;0;0;0;0;0;0;0;0;0;0;0;0;0
54508;Sivry;44;54;0;0;0;0;0;0;0;0;0;0;0;0;0;0;0;0;0;0;0;0;1;0;0;0;0;0;0;0;2;0;0;0;0;0;0;0;0
54509;Sommerviller;44;54;0;0;0;0;0;0;0;0;0;0;0;0;0;0;0;0;0;0;0;0;0;0;0;0;2;0;0;1;0;0;2;0;0;0;1;0;0
54510;Sornéville;44;54;0;0;0;0;0;0;0;0;0;0;0;0;0;0;0;0;0;0;0;0;0;0;0;0;0;0;0;1;0;0;0;0;0;0;0;0;0
54511;Sponville;44;54;0;0;0;0;0;0;0;0;0;0;0;0;0;0;0;0;0;0;0;0;0;0;0;0;0;0;1;0;0;0;0;0;0;0;0;0;1
54512;Tanconville;44;54;0;0;0;0;0;0;0;0;0;0;0;0;0;0;0;0;0;0;0;0;0;0;0;0;0;0;0;1;1;0;1;0;0;0;0;0;0
54513;Tantonville;44;54;0;0;0;0;0;0;0;0;0;0;0;0;1;0;0;0;0;1;0;0;1;0;0;0;1;1;1;1;0;1;1;0;0;3;0;0;1
54514;Tellancourt;44;54;0;0;0;0;0;0;0;0;0;0;0;0;0;0;0;0;0;0;0;0;2;0;0;0;2;1;0;1;0;0;0;0;0;2;1;0;1
54515;Thélod;44;54;0;0;0;0;0;0;0;0;0;0;0;0;0;0;0;0;0;0;0;0;0;0;0;0;0;0;0;0;0;0;0;0;0;0;0;0;0
54516;They-sous-Vaudemont;44;54;0;0;0;0;0;0;0;0;0;0;0;0;0;0;0;0;0;0;0;0;0;0;0;0;0;0;0;1;0;0;0;0;0;0;0;0;0
54517;Thézey-Saint-Martin;44;54;0;0;0;0;0;0;0;0;0;0;0;0;0;0;0;0;0;0;0;0;0;0;0;0;0;0;0;0;0;0;0;0;0;0;0;0;0
54518;Thiaucourt-Regniéville;44;54;0;1;0;0;0;0;0;0;0;0;1;0;1;0;0;2;1;1;0;0;2;0;0;0;0;3;1;2;1;3;3;0;0;2;0;0;0
54519;Thiaville-sur-Meurthe;44;54;0;0;0;0;0;0;0;0;0;0;0;0;0;0;0;0;0;0;0;0;0;0;0;0;2;0;0;2;1;0;0;0;0;1;0;0;1
54520;Thiébauménil;44;54;0;0;0;0;0;0;0;0;0;0;0;0;0;0;0;0;0;0;0;0;0;0;0;0;1;1;1;0;0;0;0;0;0;1;0;0;1
54521;Thil;44;54;0;0;0;0;0;0;0;0;0;0;0;0;0;0;0;0;0;1;0;0;1;0;0;0;3;1;2;4;2;1;1;0;0;0;0;0;3
54522;Thorey-Lyautey;44;54;0;0;0;0;0;0;0;0;0;0;0;0;0;0;0;0;0;0;0;0;0;0;0;0;0;1;1;1;0;0;1;0;0;0;0;0;0
54523;Thuilley-aux-Groseilles;44;54;0;0;0;0;0;0;0;0;0;0;0;0;0;0;0;0;0;0;0;0;1;0;0;0;1;0;0;1;0;0;0;0;0;1;2;0;0
54524;Thumeréville;44;54;0;0;0;0;0;0;0;0;0;0;0;0;0;0;0;0;0;0;0;0;0;0;0;0;0;0;0;1;0;0;0;0;0;0;0;0;0
54525;Tiercelet;44;54;0;0;0;0;0;0;0;0;0;0;0;0;0;0;0;0;0;0;0;0;6;0;0;0;0;1;0;0;0;1;0;0;0;1;0;0;1
54526;Tomblaine;44;54;0;0;0;0;0;0;0;0;0;0;0;0;1;1;0;3;1;1;0;0;7;0;0;9;13;9;9;11;10;6;9;0;0;10;3;2;2
54527;Tonnoy;44;54;0;0;0;0;0;0;0;0;0;0;0;0;0;0;0;0;0;0;0;0;0;0;0;0;0;1;0;2;1;0;0;1;0;0;0;0;0
54528;Toul;44;54;1;1;0;0;0;0;0;0;0;0;4;1;0;1;0;8;5;2;0;0;34;3;0;11;22;34;20;28;11;8;29;3;5;51;16;4;14
54529;Tramont-Émy;44;54;0;0;0;0;0;0;0;0;0;0;0;0;0;0;0;0;0;0;0;0;0;0;0;0;0;0;0;0;0;0;0;0;0;0;0;0;0
54530;Tramont-Lassus;44;54;0;0;0;0;0;0;0;0;0;0;0;0;0;0;0;0;0;0;0;0;0;0;0;0;1;0;0;0;0;0;0;0;0;0;0;0;0
54531;Tramont-Saint-André;44;54;0;0;0;0;0;0;0;0;0;0;0;0;0;0;0;0;0;0;0;0;0;0;0;0;0;0;0;0;0;0;0;0;0;0;0;0;0
54532;Tremblecourt;44;54;0;0;0;0;0;0;0;0;0;0;0;0;0;0;0;0;0;0;0;0;0;0;0;0;0;0;0;0;0;1;0;0;0;0;0;0;0
54533;Trieux;44;54;0;1;0;0;0;0;0;0;0;0;0;0;0;0;0;0;1;1;0;0;4;1;0;1;1;2;1;3;3;0;3;0;0;4;1;0;3
54534;Trondes;44;54;0;0;0;0;0;0;0;0;0;0;0;0;0;0;0;0;0;0;0;1;0;0;0;0;2;0;1;1;1;0;0;0;0;0;0;0;1
54535;Tronville;44;54;0;0;0;0;0;0;0;0;0;0;0;0;0;0;0;0;0;0;0;0;0;0;0;0;3;1;0;0;0;0;0;1;0;0;1;0;0
54536;Tucquegnieux;44;54;0;0;0;0;0;0;0;0;0;0;0;0;0;0;0;2;1;1;0;0;3;0;0;1;7;1;5;2;2;1;2;0;0;3;0;0;2
54537;Ugny;44;54;0;0;0;0;0;0;0;0;0;0;0;0;0;0;0;0;0;0;0;0;1;0;0;0;1;0;0;1;0;0;1;0;0;0;0;0;0
54538;Uruffe;44;54;0;0;0;0;0;0;0;0;0;0;0;0;0;0;0;0;0;0;0;0;0;0;0;0;0;0;0;2;1;0;0;0;0;1;0;0;0
54539;Vacqueville;44;54;0;0;0;0;0;0;0;0;0;0;0;0;0;0;0;0;0;0;0;0;0;0;0;0;1;0;0;1;0;0;0;0;0;0;0;0;0
54540;Val-et-Châtillon;44;54;0;0;0;0;0;0;0;0;0;0;0;0;0;0;0;0;0;0;0;1;2;0;0;0;0;1;0;0;0;0;0;0;0;0;0;0;0
54541;Valhey;44;54;0;0;0;0;0;0;0;0;0;0;0;0;0;0;0;0;0;0;0;0;0;0;0;0;1;1;0;0;0;0;0;0;0;0;0;0;0
54542;Valleroy;44;54;0;0;0;0;0;0;0;0;0;0;0;0;0;0;0;0;0;1;0;0;3;0;0;0;2;2;3;2;4;1;2;0;0;3;4;0;3
54543;Vallois;44;54;0;0;0;0;0;0;0;0;0;0;0;0;0;0;0;0;0;0;0;0;0;0;0;0;0;0;0;0;0;0;0;0;0;0;0;0;0
54544;Vandelainville;44;54;0;0;0;0;0;0;0;0;0;0;0;0;0;0;0;0;0;0;0;0;0;0;0;0;0;0;0;0;0;0;1;0;0;0;0;0;0
54545;Vandeléville;44;54;0;0;0;0;0;0;0;0;0;0;0;0;0;0;0;0;0;0;0;1;0;0;0;0;0;0;0;0;0;0;1;0;0;0;0;0;0
54546;Vandières;44;54;0;0;0;0;0;0;0;0;0;0;0;0;0;0;0;0;0;0;1;0;1;0;0;0;0;1;1;0;1;1;2;0;0;0;0;0;0
54547;Vandoeuvre-lès-Nancy;44;54;1;0;0;0;0;0;0;0;0;0;5;1;0;1;0;13;4;3;0;0;17;3;2;5;32;22;17;19;17;19;21;4;4;61;15;2;5
54548;Vannes-le-Châtel;44;54;0;0;0;0;0;0;0;0;0;0;0;0;0;0;0;0;0;1;0;0;0;0;0;0;1;0;0;1;0;1;2;0;0;0;0;0;0
54549;Varangéville;44;54;0;0;0;0;0;0;0;0;0;0;0;0;0;0;0;0;0;1;0;0;6;1;1;1;3;8;5;3;4;1;7;0;0;6;4;0;1
54550;Vathiménil;44;54;0;0;0;0;0;0;0;0;0;0;0;0;0;0;0;0;0;0;0;0;2;0;0;1;0;0;0;1;0;1;0;0;0;0;0;0;1
54551;Vaucourt;44;54;0;0;0;0;0;0;0;0;0;0;0;0;0;0;0;0;0;0;0;0;1;0;0;0;0;0;0;0;0;0;0;0;0;0;0;0;0
54552;Vaudémont;44;54;0;0;0;0;0;0;0;0;0;0;0;0;0;0;0;0;0;0;0;0;0;0;0;0;1;0;2;0;0;0;0;0;0;1;0;0;0
54553;Vaudeville;44;54;0;0;0;0;0;0;0;0;0;0;0;0;0;0;0;0;0;0;0;0;1;0;0;0;0;0;0;1;1;0;0;0;0;0;0;0;0
54554;Vaudigny;44;54;0;0;0;0;0;0;0;0;0;0;0;0;0;0;0;0;0;0;0;0;0;0;0;0;0;0;0;0;1;0;0;0;0;0;0;0;0
54555;Vaxainville;44;54;0;0;0;0;0;0;0;0;0;0;0;0;0;0;0;0;0;0;0;0;0;0;0;0;0;0;0;0;0;0;0;0;0;0;0;0;0
54556;Vého;44;54;0;0;0;0;0;0;0;0;0;0;0;0;0;0;0;0;0;0;0;0;0;0;0;0;1;0;1;0;0;0;1;0;0;0;0;0;0
54557;Velaine-en-Haye;44;54;0;0;0;0;0;0;0;0;1;0;0;0;0;0;0;0;0;0;1;0;5;0;0;1;4;2;4;3;2;3;4;0;0;10;5;0;1
54558;Velaine-sous-Amance;44;54;0;0;0;0;0;0;0;0;0;0;0;0;0;0;0;0;0;0;0;0;0;0;0;0;0;0;1;1;1;0;0;0;0;0;0;0;0
54559;Velle-sur-Moselle;44;54;0;0;0;0;0;0;0;0;0;0;0;0;0;0;0;0;0;0;0;0;0;0;0;0;0;0;1;0;0;0;0;0;0;0;1;0;0
54560;Veney;44;54;0;0;0;0;0;0;0;0;0;0;0;0;0;0;0;0;0;0;0;0;0;0;0;0;0;0;0;0;0;0;0;0;0;0;0;0;0
54561;Vennezey;44;54;0;0;0;0;0;0;0;0;0;0;0;0;0;0;0;0;0;0;0;0;0;0;0;0;0;0;1;0;0;0;0;0;0;0;0;0;0
54562;Verdenal;44;54;0;0;0;0;0;0;0;0;0;0;0;0;0;0;0;0;0;0;0;0;0;0;0;0;0;0;0;0;0;0;0;0;0;0;0;0;0
54563;Vézelise;44;54;0;1;0;0;0;0;0;0;0;0;0;0;0;0;0;3;1;1;0;0;2;1;0;1;5;4;2;5;3;0;3;3;0;4;1;1;0
54564;Viéville-en-Haye;44;54;0;0;0;0;0;0;0;0;0;0;0;0;0;0;0;0;0;0;0;0;0;0;0;0;1;0;1;0;0;0;0;0;0;0;0;0;0
54565;Vigneulles;44;54;0;0;0;0;0;0;0;0;0;0;0;0;0;0;0;0;0;0;0;0;0;0;0;0;0;1;0;0;1;0;0;0;0;0;0;0;0
54566;Vilcey-sur-Trey;44;54;0;0;0;0;0;0;0;0;0;0;0;0;0;0;0;0;0;0;0;0;0;0;0;0;0;1;0;0;0;0;0;0;0;0;0;0;0
54567;Villacourt;44;54;0;0;0;0;0;0;0;0;0;0;0;0;0;0;0;0;0;0;0;1;0;0;0;0;2;0;0;0;0;0;2;0;0;0;0;0;0
54568;Ville-au-Montois;44;54;0;0;0;0;0;0;0;0;0;0;0;0;0;0;0;0;0;0;0;0;0;0;0;0;0;0;0;2;0;0;0;0;0;0;0;0;0
54569;Ville-au-Val;44;54;0;0;0;0;0;0;0;0;0;0;0;0;0;0;0;0;0;0;0;0;0;0;0;0;0;0;0;1;0;0;0;0;0;0;0;0;0
54570;Villecey-sur-Mad;44;54;0;0;0;0;0;0;0;0;0;0;0;0;0;0;0;0;1;0;0;0;0;0;0;0;1;2;1;0;0;2;1;0;0;0;0;0;0
54571;Ville-en-Vermois;44;54;0;0;0;0;0;0;0;0;0;0;0;0;0;0;0;0;1;0;0;0;4;0;0;0;2;1;0;4;2;0;1;0;0;2;0;0;0
54572;Ville-Houdlémont;44;54;0;0;0;0;0;0;0;0;0;0;0;0;0;0;0;0;1;0;0;0;1;0;0;0;0;1;1;0;0;0;0;0;0;1;0;0;1
54573;Villers-en-Haye;44;54;0;0;0;0;0;0;0;0;0;0;0;0;0;0;0;0;0;0;0;0;0;0;0;0;2;2;0;0;0;0;0;0;0;0;0;0;0
54574;Villers-la-Chèvre;44;54;0;0;0;0;0;0;0;0;0;0;0;0;0;0;0;0;0;0;0;0;0;0;0;0;1;0;1;0;0;0;0;0;0;1;0;0;0
54575;Villers-la-Montagne;44;54;0;0;0;0;0;0;0;0;0;0;0;0;0;0;0;0;0;1;0;0;6;0;0;1;1;1;4;4;2;0;2;0;0;1;2;0;2
54576;Villers-le-Rond;44;54;0;0;0;0;0;0;0;0;0;0;0;0;0;0;0;0;0;0;0;0;0;0;0;0;0;0;0;0;0;0;0;0;0;0;0;0;0
54577;Villers-lès-Moivrons;44;54;0;0;0;0;0;0;0;0;0;0;0;0;0;0;0;0;0;0;0;0;0;0;0;0;0;0;0;0;1;2;0;0;0;0;0;0;0
54578;Villers-lès-Nancy;44;54;0;0;0;0;0;0;0;0;0;0;0;0;0;0;0;8;0;2;0;0;4;0;0;2;4;8;3;7;4;5;9;1;0;3;8;2;5
54579;Villers-sous-Prény;44;54;0;0;0;0;0;0;0;0;0;0;0;0;0;0;0;0;0;0;0;0;0;0;0;0;1;0;3;1;0;0;0;0;0;0;0;0;0
54580;Villerupt;44;54;1;0;0;0;0;0;0;0;0;0;0;1;0;0;0;6;4;2;0;0;8;1;0;5;4;3;4;7;5;4;9;0;0;16;2;2;7
54581;Ville-sur-Yron;44;54;0;0;0;0;0;0;0;0;0;0;0;0;0;0;0;0;0;0;0;0;0;0;0;0;1;0;0;0;0;0;0;0;0;1;0;0;0
54582;Villette;44;54;0;0;0;0;0;0;0;0;0;0;0;0;0;0;0;0;0;0;0;0;1;0;0;0;0;0;0;0;0;0;0;0;0;0;0;0;0
54583;Villey-le-Sec;44;54;0;0;0;0;0;0;0;0;0;0;0;0;0;0;0;0;0;0;0;0;0;0;0;0;0;1;1;3;0;0;0;0;0;1;0;0;0
54584;Villey-Saint-Étienne;44;54;0;0;0;0;0;0;0;0;0;0;0;0;0;0;0;0;0;0;0;0;1;0;0;0;0;1;0;1;2;0;3;0;0;2;0;0;1
54585;Virecourt;44;54;0;0;0;0;0;0;0;0;0;0;0;0;0;0;0;0;0;0;0;0;0;0;0;0;0;1;0;0;0;1;0;0;0;0;0;0;0
54586;Viterne;44;54;0;0;0;0;0;0;0;0;0;0;0;0;0;0;0;0;0;0;0;1;0;0;0;0;0;2;1;2;2;0;0;0;0;2;0;0;1
54587;Vitrey;44;54;0;0;0;0;0;0;0;0;0;0;0;0;0;0;0;0;0;0;0;0;1;0;0;0;0;1;1;1;1;0;0;0;0;1;0;0;0
54588;Vitrimont;44;54;0;0;0;0;0;0;0;0;0;0;0;0;0;0;0;0;0;0;0;0;0;0;0;0;1;1;1;3;1;1;2;0;0;0;0;0;0
54589;Vittonville;44;54;0;0;0;0;0;0;0;0;0;0;0;0;0;0;0;0;0;0;0;0;0;0;0;0;0;0;1;0;0;0;0;0;0;0;0;0;0
54590;Viviers-sur-Chiers;44;54;0;0;0;0;0;0;0;0;0;0;0;0;0;0;0;0;0;0;0;0;1;0;0;0;2;0;1;1;0;0;1;0;0;0;0;0;0
54591;Voinémont;44;54;0;0;0;0;0;0;0;0;0;0;0;0;0;0;0;0;0;0;0;0;0;0;0;0;0;1;0;1;0;0;0;0;0;0;0;0;1
54592;Vroncourt;44;54;0;0;0;0;0;0;0;0;0;0;0;0;0;0;0;0;0;0;0;0;1;0;0;0;1;0;2;1;0;0;0;0;0;1;0;0;0
54593;Waville;44;54;0;0;0;0;0;0;0;0;0;0;0;0;0;0;0;0;0;0;0;0;1;0;0;0;1;0;0;1;1;0;0;0;0;0;0;0;0
54594;Xammes;44;54;0;0;0;0;0;0;0;0;0;0;0;0;0;0;0;0;0;0;0;0;0;0;0;0;0;2;0;0;0;0;0;0;0;0;0;0;0
54595;Xermaménil;44;54;0;0;0;0;0;0;0;0;0;0;0;0;0;0;0;0;0;0;0;0;0;0;0;0;0;2;0;0;1;0;0;0;0;0;1;0;0
54596;Xeuilley;44;54;0;0;0;0;0;0;0;0;0;0;0;0;0;0;0;0;0;0;0;1;0;0;0;0;0;2;1;1;1;2;0;1;0;2;1;0;0
54597;Xirocourt;44;54;0;0;0;0;0;0;0;0;0;0;0;0;0;0;0;1;0;0;0;0;1;0;0;0;1;1;1;2;0;1;0;0;0;1;0;0;1
54598;Xivry-Circourt;44;54;0;0;0;0;0;0;0;0;0;0;0;0;0;0;0;0;0;0;0;0;1;0;0;0;0;0;0;0;0;0;0;0;0;0;0;0;0
54599;Xonville;44;54;0;0;0;0;0;0;0;0;0;0;0;0;0;0;0;0;0;0;0;0;0;0;0;0;0;0;0;0;0;0;0;0;0;0;0;0;0
54600;Xousse;44;54;0;0;0;0;0;0;0;0;0;0;0;0;0;0;0;0;0;0;0;0;0;0;0;0;1;0;0;0;0;0;0;0;0;0;0;0;0
54601;Xures;44;54;0;0;0;0;0;0;0;0;0;0;0;0;0;0;0;0;0;0;0;0;2;0;0;0;0;0;0;0;0;0;0;0;0;0;0;0;0
54602;Han-devant-Pierrepont;44;54;0;0;0;0;0;0;0;0;0;0;0;0;0;0;0;0;0;0;0;0;0;0;0;0;0;0;0;0;0;0;0;0;0;0;0;0;0
55001;Abainville;44;55;0;0;0;0;0;0;0;0;0;0;0;0;0;0;0;0;0;0;1;0;0;0;0;0;0;0;1;0;0;0;1;0;0;0;0;0;0
55002;Abaucourt-Hautecourt;44;55;0;0;0;0;0;0;0;0;0;0;0;0;0;0;0;0;0;0;0;0;1;0;0;0;0;0;0;0;0;0;0;0;0;1;0;0;0
55004;Aincreville;44;55;0;0;0;0;0;0;0;0;0;0;0;0;0;0;0;0;0;0;0;0;0;0;0;0;1;0;0;1;0;0;0;0;0;0;0;0;0
55005;Amanty;44;55;0;0;0;0;0;0;0;0;0;0;0;0;0;0;0;0;0;0;0;0;0;0;0;0;0;0;0;1;0;0;0;0;0;0;0;0;0
55007;Ambly-sur-Meuse;44;55;0;0;0;0;0;0;0;0;0;0;0;0;0;0;0;0;0;0;0;0;0;0;0;0;0;0;0;0;0;0;0;0;0;0;0;0;0
55008;Amel-sur-l'Étang;44;55;0;0;0;0;0;0;0;0;0;0;0;0;0;0;0;0;0;0;0;0;2;0;0;0;0;0;0;0;0;0;0;0;0;0;0;0;0
55009;Ancemont;44;55;0;0;0;0;0;0;0;0;0;0;0;0;0;0;0;0;0;0;0;1;2;0;0;0;1;0;0;5;1;1;0;0;0;1;0;0;0
55010;Ancerville;44;55;0;1;0;0;0;0;0;0;0;0;1;0;0;0;0;1;1;1;0;0;4;0;0;0;2;1;3;3;1;0;6;1;0;1;1;0;2
55011;Andernay;44;55;0;0;0;0;0;0;0;0;0;0;0;0;0;0;0;0;0;0;0;0;0;0;0;0;0;0;4;1;0;0;0;0;0;0;0;0;0
55012;Apremont-la-Forêt;44;55;0;0;0;0;0;0;0;0;0;0;0;0;0;0;0;0;0;0;0;1;1;0;0;0;1;0;0;1;0;0;0;0;0;0;0;0;0
55013;Arrancy-sur-Crusne;44;55;0;0;0;0;0;0;0;0;0;0;0;0;0;0;0;0;0;0;0;1;0;0;0;0;1;0;0;0;1;0;0;0;0;0;0;0;1
55014;Aubréville;44;55;0;0;0;0;0;0;0;0;0;0;0;0;0;0;0;0;0;0;0;1;0;0;0;0;1;1;1;0;0;0;0;0;0;0;0;0;0
55015;Aulnois-en-Perthois;44;55;0;0;0;0;0;0;0;0;0;0;0;0;0;0;0;0;0;0;0;0;0;0;0;0;1;0;1;2;1;0;0;0;0;2;0;0;0
55017;Autrécourt-sur-Aire;44;55;0;0;0;0;0;0;0;0;0;0;0;0;0;0;0;0;0;0;0;0;1;0;0;0;0;0;0;1;1;0;0;0;0;0;0;0;0
55018;Autréville-Saint-Lambert;44;55;0;0;0;0;0;0;0;0;0;0;0;0;0;0;0;0;0;0;0;0;0;0;0;0;0;0;1;0;0;0;0;0;0;0;0;0;0
55021;Avillers-Sainte-Croix;44;55;0;0;0;0;0;0;0;0;0;0;0;0;0;0;0;0;0;0;0;0;0;0;0;0;0;0;1;0;0;0;0;0;0;0;0;0;0
55022;Avioth;44;55;0;0;0;0;0;0;0;0;0;0;0;0;0;0;0;0;0;0;1;0;0;0;0;0;0;0;0;0;0;0;0;0;0;1;0;0;0
55023;Avocourt;44;55;0;0;0;0;0;0;0;0;0;0;0;0;0;0;0;0;0;0;0;0;0;0;0;0;0;0;1;0;0;0;0;0;0;1;0;0;0
55024;Azannes-et-Soumazannes;44;55;0;0;0;0;0;0;0;0;0;0;0;0;0;0;0;0;0;0;0;0;1;0;0;0;2;0;0;0;0;0;1;0;0;1;0;0;0
55025;Baâlon;44;55;0;0;0;0;0;0;0;0;0;0;0;0;0;0;0;0;0;0;0;0;0;0;0;0;1;0;1;0;0;0;1;0;0;0;0;0;0
55026;Badonvilliers-Gérauvilliers;44;55;0;0;0;0;0;0;0;0;0;0;0;0;0;0;0;0;0;0;0;0;0;0;0;0;2;0;0;0;0;0;0;0;0;0;0;0;0
55027;Bannoncourt;44;55;0;0;0;0;0;0;0;0;0;0;0;0;0;0;0;0;0;0;0;0;0;0;0;0;0;0;0;0;0;0;0;0;0;0;0;0;0
55028;Bantheville;44;55;0;0;0;0;0;0;0;0;0;0;0;0;0;0;0;0;0;0;0;0;0;0;0;0;0;1;0;0;0;0;0;0;0;0;0;0;0
55029;Bar-le-Duc;44;55;3;1;0;1;1;1;1;0;0;0;12;1;0;0;0;11;4;2;1;0;20;4;1;7;8;14;17;8;10;3;37;7;5;52;17;2;10
55030;Baudignécourt;44;55;0;0;0;0;0;0;0;0;0;0;0;0;0;0;0;0;0;0;0;0;0;0;0;0;0;0;0;1;0;0;0;0;0;0;0;0;0
55031;Baudonvilliers;44;55;0;0;0;0;0;0;0;0;0;0;0;0;0;0;0;0;0;0;0;0;0;0;0;0;1;0;0;0;0;0;0;0;0;0;0;0;1
55032;Baudrémont;44;55;0;0;0;0;0;0;0;0;0;0;0;0;0;0;0;0;0;0;0;0;0;0;0;0;0;0;0;0;0;0;0;0;0;1;0;0;0
55033;Baulny;44;55;0;0;0;0;0;0;0;0;0;0;0;0;0;0;0;0;0;0;0;0;0;0;0;0;0;0;0;0;0;0;0;0;0;0;0;0;0
55034;Bazeilles-sur-Othain;44;55;0;0;0;0;0;0;0;0;0;0;0;0;0;0;0;0;0;0;0;0;0;0;0;0;0;0;0;0;0;0;0;0;0;0;0;0;0
55035;Bazincourt-sur-Saulx;44;55;0;0;0;0;0;0;0;0;0;0;0;0;0;0;0;0;0;0;0;0;0;0;0;0;0;0;0;0;0;0;0;0;0;0;0;0;1
55036;Beauclair;44;55;0;0;0;0;0;0;0;0;0;0;0;0;0;0;0;0;0;0;0;0;0;0;0;0;0;1;0;0;0;0;1;0;0;0;0;0;0
55037;Beaufort-en-Argonne;44;55;0;0;0;0;0;0;0;0;0;0;0;0;0;0;0;0;0;0;0;0;0;0;0;0;1;0;0;0;0;0;0;0;0;0;0;0;0
55038;Beaulieu-en-Argonne;44;55;0;0;0;0;0;0;0;0;0;0;0;0;0;0;0;0;0;0;0;0;0;0;0;0;0;0;0;0;0;0;0;0;0;2;0;0;0
55039;Beaumont-en-Verdunois;44;55;0;0;0;0;0;0;0;0;0;0;0;0;0;0;0;0;0;0;0;0;0;0;0;0;0;0;0;0;0;0;0;0;0;0;0;0;0
55040;Beausite;44;55;0;0;0;0;0;0;0;0;0;0;1;0;0;0;0;0;0;0;0;1;2;0;0;0;2;0;0;0;0;1;1;0;0;0;0;0;0
55041;Behonne;44;55;0;0;0;0;0;0;0;0;0;0;0;0;0;0;0;0;1;0;0;0;0;0;0;0;0;2;1;0;1;0;0;0;0;1;0;0;0
55042;Belleray;44;55;0;0;0;0;0;0;0;0;0;0;0;0;0;0;0;0;0;0;0;0;0;0;0;0;0;0;2;0;1;1;0;0;0;1;0;0;1
55043;Belleville-sur-Meuse;44;55;0;0;0;0;0;0;0;0;0;0;0;0;0;0;0;0;1;1;0;0;10;0;0;1;3;2;5;2;3;2;4;0;0;3;1;0;1
55044;Belrain;44;55;0;0;0;0;0;0;0;0;0;0;0;0;0;0;0;0;0;0;0;0;0;0;0;0;0;0;0;0;0;0;0;0;0;0;0;0;0
55045;Belrupt-en-Verdunois;44;55;0;0;0;0;0;0;0;0;0;0;0;0;0;0;0;0;0;0;1;0;1;0;0;0;0;0;1;0;0;0;0;0;0;1;0;0;1
55046;Beney-en-Woëvre;44;55;0;0;0;0;0;0;0;0;0;0;0;0;0;0;0;0;0;0;0;0;0;0;0;0;0;0;0;0;0;0;0;0;0;0;0;0;0
55047;Béthelainville;44;55;0;0;0;0;0;0;0;0;0;0;0;0;0;0;0;0;0;0;0;0;0;0;0;0;1;0;1;0;1;0;0;0;0;0;0;0;0
55048;Béthincourt;44;55;0;0;0;0;0;0;0;0;0;0;0;0;0;0;0;0;0;0;0;0;0;0;0;0;0;0;0;0;0;0;0;0;0;0;0;0;0
55049;Beurey-sur-Saulx;44;55;0;0;0;0;0;0;0;0;0;0;0;0;0;0;0;0;0;0;0;0;0;0;0;0;0;0;1;1;0;0;1;0;0;0;1;0;0
55050;Bezonvaux;44;55;0;0;0;0;0;0;0;0;0;0;0;0;0;0;0;0;0;0;0;0;0;0;0;0;0;0;0;0;0;0;0;0;0;0;0;0;0
55051;Biencourt-sur-Orge;44;55;0;0;0;0;0;0;0;0;0;0;0;0;0;0;0;0;0;0;0;0;0;0;0;0;0;0;1;0;0;0;0;0;0;0;0;0;0
55053;Billy-sous-Mangiennes;44;55;0;0;0;0;0;0;0;0;0;0;0;0;0;0;0;0;0;0;1;0;0;0;0;0;0;0;1;1;0;0;1;0;0;1;0;0;0
55054;Bislée;44;55;0;0;0;0;0;0;0;0;0;0;0;0;0;0;0;0;0;0;0;0;0;0;0;0;0;0;0;0;0;0;0;0;0;1;0;0;0
55055;Blanzée;44;55;0;0;0;0;0;0;0;0;0;0;0;0;0;0;0;0;0;0;0;0;0;0;0;0;0;0;0;0;0;0;0;0;0;0;0;0;0
55057;Boinville-en-Woëvre;44;55;0;0;0;0;0;0;0;0;0;0;0;0;0;0;0;0;0;0;0;0;0;0;0;0;0;0;0;0;0;0;0;0;0;0;0;0;0
55058;Boncourt-sur-Meuse;44;55;0;0;0;0;0;0;0;0;0;0;0;0;0;0;0;0;0;0;0;0;0;0;0;0;1;0;0;0;0;0;0;0;0;0;0;0;0
55059;Bonnet;44;55;0;0;0;0;0;0;0;0;0;0;0;0;0;0;0;0;0;0;0;0;0;0;0;0;0;1;0;0;0;0;1;0;0;0;0;0;0
55060;Bonzée;44;55;0;0;0;0;0;0;0;0;0;0;0;0;0;0;0;0;0;0;0;0;0;0;0;0;0;1;0;0;1;0;0;0;0;1;0;0;0
55061;Le Bouchon-sur-Saulx;44;55;0;0;0;0;0;0;0;0;0;0;0;0;0;0;0;0;0;0;0;0;0;0;0;0;1;0;0;0;0;0;0;0;0;0;0;0;0
55062;Bouconville-sur-Madt;44;55;0;0;0;0;0;0;0;0;0;0;0;0;0;0;0;0;0;0;0;0;0;0;0;0;0;1;0;0;0;0;0;0;0;0;0;0;0
55063;Bouligny;44;55;0;1;0;0;0;0;0;0;0;0;0;0;0;0;0;2;0;1;0;0;5;0;0;0;1;9;1;5;2;2;3;0;0;1;0;0;0
55064;Bouquemont;44;55;0;0;0;0;0;0;0;0;0;0;0;0;0;0;0;0;0;0;0;0;0;0;0;0;1;0;0;0;0;0;0;0;0;0;0;0;0
55065;Boureuilles;44;55;0;0;0;0;0;0;0;0;0;0;0;0;0;0;0;0;0;0;0;0;1;0;0;0;0;0;0;1;0;0;0;0;0;1;0;0;0
55066;Bovée-sur-Barboure;44;55;0;0;0;0;0;0;0;0;0;0;0;0;0;0;0;0;0;0;0;0;0;0;0;0;1;0;0;3;1;0;0;0;0;0;1;0;0
55067;Boviolles;44;55;0;0;0;0;0;0;0;0;0;0;0;0;0;0;0;0;0;0;0;0;0;0;0;0;0;0;0;1;0;0;0;0;0;0;0;0;0
55068;Brabant-en-Argonne;44;55;0;0;0;0;0;0;0;0;0;0;0;0;0;0;0;0;0;0;0;0;0;0;0;0;1;0;0;0;0;0;0;0;0;0;0;0;0
55069;Brabant-le-Roi;44;55;0;0;0;0;0;0;0;0;0;0;0;0;0;0;0;0;0;0;0;0;0;0;0;0;0;0;0;0;0;0;0;0;0;0;0;0;0
55070;Brabant-sur-Meuse;44;55;0;0;0;0;0;0;0;0;0;0;0;0;0;0;0;0;0;0;0;0;0;0;0;0;0;0;0;0;0;0;0;0;0;0;0;0;0
55071;Brandeville;44;55;0;0;0;0;0;0;0;0;0;0;0;0;0;0;0;0;0;0;0;0;1;0;0;0;0;0;1;0;0;0;0;0;0;0;0;0;0
55072;Braquis;44;55;0;0;0;0;0;0;0;0;0;0;0;0;0;0;0;0;0;0;0;0;1;0;0;0;0;0;0;0;0;0;0;0;0;1;0;0;0
55073;Bras-sur-Meuse;44;55;0;0;0;0;0;0;0;0;0;0;0;0;0;0;0;0;0;0;0;0;1;0;0;0;0;3;1;0;0;1;2;0;0;3;0;0;0
55075;Brauvilliers;44;55;0;0;0;0;0;0;0;0;0;0;0;0;0;0;0;0;0;0;0;0;0;0;0;0;0;0;1;0;0;0;0;0;0;0;0;0;0
55076;Bréhéville;44;55;0;0;0;0;0;0;0;0;0;0;0;0;0;0;0;0;0;0;0;0;0;0;0;0;0;0;0;0;0;0;0;0;0;0;0;0;0
55077;Breux;44;55;0;0;0;0;0;0;0;0;0;0;0;0;0;0;0;0;0;0;0;0;0;0;0;0;0;0;0;0;2;0;0;0;0;0;0;0;0
55078;Brieulles-sur-Meuse;44;55;0;0;0;0;0;0;0;0;0;0;0;0;0;0;0;0;0;0;0;1;0;0;0;0;0;1;0;0;0;0;0;0;0;0;0;0;0
55079;Brillon-en-Barrois;44;55;0;0;0;0;0;0;0;0;0;0;0;0;0;0;0;0;0;0;0;1;0;0;0;0;0;0;0;0;1;0;2;0;0;1;0;0;0
55080;Brixey-aux-Chanoines;44;55;0;0;0;0;0;0;0;0;0;0;0;0;0;0;0;0;0;0;0;0;0;0;0;0;0;1;1;0;0;0;1;0;0;0;0;0;0
55081;Brizeaux;44;55;0;0;0;0;0;0;0;0;0;0;0;0;0;0;0;0;0;0;0;0;1;0;0;0;0;0;0;0;0;0;0;0;0;0;0;0;0
55082;Brocourt-en-Argonne;44;55;0;0;0;0;0;0;0;0;0;0;0;0;0;0;0;0;0;0;0;0;0;0;0;0;0;0;0;0;0;0;0;0;0;0;0;0;0
55083;Brouennes;44;55;0;0;0;0;0;0;0;0;0;0;0;0;0;0;0;0;0;0;0;0;0;0;0;0;1;1;0;0;0;0;0;0;0;1;0;0;0
55084;Broussey-en-Blois;44;55;0;0;0;0;0;0;0;0;0;0;0;0;0;0;0;0;0;0;0;0;0;0;0;0;0;0;0;0;0;0;0;0;0;0;0;0;0
55085;Broussey-Raulecourt;44;55;0;0;0;0;0;0;0;0;0;0;0;0;0;0;0;0;0;0;0;0;0;0;0;0;0;1;1;0;1;0;0;0;0;0;0;0;0
55087;Bure;44;55;0;0;0;0;0;0;0;0;0;0;0;0;0;0;0;0;0;0;1;0;0;0;0;0;0;0;1;0;0;0;0;0;0;1;0;0;0
55088;Burey-en-Vaux;44;55;0;0;0;0;0;0;0;0;0;0;0;0;0;0;0;0;0;0;0;0;0;0;0;0;0;1;0;0;1;0;0;0;0;0;0;0;0
55089;Burey-la-Côte;44;55;0;0;0;0;0;0;0;0;0;0;0;0;0;0;0;0;0;0;0;0;0;0;0;0;0;0;0;0;0;0;0;0;0;0;0;0;0
55093;Buxières-sous-les-Côtes;44;55;0;0;0;0;0;0;0;0;0;0;0;0;0;0;0;0;0;0;0;0;0;0;0;0;0;0;1;0;1;0;0;0;0;0;0;0;0
55094;Buzy-Darmont;44;55;0;0;0;0;0;0;0;0;0;0;0;0;0;0;0;0;0;0;0;1;0;0;0;0;1;1;1;2;0;1;0;0;0;1;0;0;0
55095;Cesse;44;55;0;0;0;0;0;0;0;0;0;0;0;0;0;0;0;0;0;0;0;0;0;0;0;0;0;0;2;1;0;0;0;0;0;0;0;0;0
55096;Chaillon;44;55;0;0;0;0;0;0;0;0;0;0;0;0;0;0;0;0;0;0;0;0;0;0;0;0;0;0;0;0;0;0;0;0;0;0;0;0;0
55097;Chalaines;44;55;0;0;0;0;0;0;0;0;0;0;0;0;0;0;0;0;0;0;0;0;0;0;0;0;1;0;0;1;1;1;0;0;0;0;0;0;0
55099;Champneuville;44;55;0;0;0;0;0;0;0;0;0;0;0;0;0;0;0;0;0;0;0;0;0;0;0;0;0;0;1;0;0;0;0;0;0;0;0;0;0
55100;Champougny;44;55;0;0;0;0;0;0;0;0;0;0;0;0;0;0;0;0;0;0;0;0;0;0;0;0;0;0;1;0;0;0;0;0;0;0;0;0;0
55101;Chardogne;44;55;0;0;0;0;0;0;0;0;0;0;0;0;0;0;0;0;0;0;0;0;1;0;0;0;0;1;0;0;0;1;0;0;0;0;0;0;0
55102;Charny-sur-Meuse;44;55;0;0;0;0;0;0;0;0;0;0;0;0;0;0;0;0;0;0;0;1;0;0;0;0;0;0;2;0;1;0;0;0;0;0;0;0;0
55103;Charpentry;44;55;0;0;0;0;0;0;0;0;0;0;0;0;0;0;0;0;0;0;0;0;0;0;0;0;0;0;0;0;0;0;0;0;0;0;0;0;0
55104;Chassey-Beaupré;44;55;0;0;0;0;0;0;0;0;0;0;0;0;0;0;0;0;0;0;0;0;1;0;0;0;0;0;0;0;0;0;0;0;0;0;0;0;0
55105;Châtillon-sous-les-Côtes;44;55;0;0;0;0;0;0;0;0;0;0;0;0;0;0;0;0;0;0;0;0;0;0;0;0;1;0;0;0;0;0;0;0;0;1;0;0;0
55106;Chattancourt;44;55;0;0;0;0;0;0;0;0;0;0;0;0;0;0;0;0;0;0;0;0;0;0;0;0;0;1;0;0;3;0;0;0;0;0;0;0;0
55107;Chaumont-devant-Damvillers;44;55;0;0;0;0;0;0;0;0;0;0;0;0;0;0;0;0;0;0;0;0;0;0;0;0;0;0;0;0;0;0;0;0;0;0;0;0;0
55108;Chaumont-sur-Aire;44;55;0;0;0;0;0;0;0;0;0;0;0;0;0;0;0;0;0;0;0;0;0;0;0;0;0;1;0;0;1;0;0;0;0;1;0;0;0
55109;Chauvency-le-Château;44;55;0;0;0;0;0;0;0;0;0;0;0;0;0;0;0;0;0;0;0;1;0;0;0;0;0;0;0;1;0;0;0;0;0;0;0;0;0
55110;Chauvency-Saint-Hubert;44;55;0;0;0;0;0;0;0;0;0;0;0;0;0;0;0;0;0;0;0;0;1;0;0;0;0;0;0;0;0;0;0;0;0;0;0;0;0
55111;Chauvoncourt;44;55;0;0;0;0;0;0;0;0;0;0;0;0;0;0;0;0;0;0;0;0;3;2;0;0;1;0;1;0;1;1;1;0;0;1;0;0;0
55113;Cheppy;44;55;0;0;0;0;0;0;0;0;0;0;0;0;0;0;0;0;0;0;0;0;0;0;0;0;0;0;1;0;0;0;0;0;0;0;0;0;0
55114;Chonville-Malaumont;44;55;0;0;0;0;0;0;0;0;0;0;0;0;0;0;0;0;0;0;0;0;0;0;0;0;0;0;0;1;0;0;0;0;0;0;0;0;0
55115;Cierges-sous-Montfaucon;44;55;0;0;0;0;0;0;0;0;0;0;0;0;0;0;0;0;0;0;0;0;0;0;0;0;0;0;0;0;0;0;0;0;0;0;0;0;0
55116;Le Claon;44;55;0;0;0;0;0;0;0;0;0;0;0;0;0;0;0;0;0;0;0;0;0;0;0;0;1;0;0;1;0;0;0;0;0;0;0;0;0
55117;Clermont-en-Argonne;44;55;0;1;0;0;0;0;0;0;0;0;1;0;1;0;0;2;4;1;0;0;2;0;0;0;1;1;1;2;1;0;3;0;0;1;0;0;0
55118;Cléry-le-Grand;44;55;0;0;0;0;0;0;0;0;0;0;0;0;0;0;0;0;0;0;0;0;0;0;0;0;0;0;0;0;0;0;0;0;0;0;0;0;0
55119;Cléry-le-Petit;44;55;0;0;0;0;0;0;0;0;0;0;0;0;0;0;0;0;0;0;0;0;0;0;0;0;0;0;0;0;0;0;0;0;0;0;0;0;0
55120;Combles-en-Barrois;44;55;0;0;0;0;0;0;0;0;0;0;0;0;0;0;0;0;0;0;0;0;1;0;0;0;0;1;0;0;0;0;0;0;0;2;0;0;1
55121;Combres-sous-les-Côtes;44;55;0;0;0;0;0;0;0;0;0;0;0;0;0;0;0;0;0;0;0;0;0;0;0;0;0;0;0;0;0;0;0;0;0;0;0;0;0
55122;Commercy;44;55;1;1;0;0;0;0;0;0;0;0;2;1;0;0;0;6;2;1;0;0;8;2;0;3;5;6;3;5;4;2;12;4;1;22;5;1;6
55123;Les Hauts-de-Chée;44;55;0;0;0;0;0;0;0;0;0;0;0;0;0;0;0;0;0;0;0;1;2;0;0;0;1;0;2;0;0;0;0;0;0;1;0;0;0
55124;Consenvoye;44;55;0;0;0;0;0;0;0;0;0;0;0;0;0;0;0;0;0;0;0;1;0;0;0;0;0;0;0;0;0;0;1;0;0;1;0;0;0
55125;Contrisson;44;55;0;0;0;0;0;0;0;0;0;0;0;0;0;0;0;0;0;0;0;1;2;0;0;0;0;1;1;0;2;0;1;0;0;0;1;0;0
55127;Courcelles-en-Barrois;44;55;0;0;0;0;0;0;0;0;0;0;0;0;0;0;0;0;0;0;0;0;0;0;0;0;0;0;0;0;0;0;0;0;0;0;0;0;0
55128;Courcelles-sur-Aire;44;55;0;0;0;0;0;0;0;0;0;0;0;0;0;0;0;0;0;0;0;0;0;0;0;0;0;0;0;0;0;0;0;0;0;0;0;0;0
55129;Courouvre;44;55;0;0;0;0;0;0;0;0;0;0;0;0;0;0;0;0;0;0;0;0;1;0;0;0;0;0;0;0;0;0;0;0;0;0;0;0;0
55132;Cousances-les-Forges;44;55;0;0;0;0;0;0;0;0;0;0;0;0;0;0;0;0;0;0;0;1;6;0;0;1;3;2;0;0;0;0;2;0;0;0;0;0;1
55133;Couvertpuis;44;55;0;0;0;0;0;0;0;0;0;0;0;0;0;0;0;0;0;0;0;0;0;0;0;0;0;0;0;0;0;0;0;0;0;0;0;0;0
55134;Couvonges;44;55;0;0;0;0;0;0;0;0;0;0;0;0;0;0;0;0;0;0;0;0;0;0;0;0;0;0;2;0;0;0;0;0;0;0;0;0;0
55137;Cuisy;44;55;0;0;0;0;0;0;0;0;0;0;0;0;0;0;0;0;0;0;0;0;0;0;0;0;0;0;0;0;0;0;0;0;0;0;0;0;0
55138;Culey;44;55;0;0;0;0;0;0;0;0;0;0;0;0;0;0;0;0;0;0;0;0;0;0;0;0;0;0;0;0;0;0;0;0;0;0;0;0;0
55139;Cumières-le-Mort-Homme;44;55;0;0;0;0;0;0;0;0;0;0;0;0;0;0;0;0;0;0;0;0;0;0;0;0;0;0;0;0;0;0;0;0;0;0;0;0;0
55140;Cunel;44;55;0;0;0;0;0;0;0;0;0;0;0;0;0;0;0;0;0;0;0;0;0;0;0;0;0;0;0;0;0;0;0;0;0;0;0;0;0
55141;Dagonville;44;55;0;0;0;0;0;0;0;0;0;0;0;0;0;0;0;0;0;0;0;0;0;0;0;0;0;0;0;0;0;0;0;0;0;0;0;0;0
55142;Dainville-Bertheléville;44;55;0;0;0;0;0;0;0;0;0;0;0;0;0;0;0;0;0;0;0;0;0;0;0;0;1;0;1;1;0;0;0;0;0;0;0;0;0
55143;Damloup;44;55;0;0;0;0;0;0;0;0;0;0;0;0;0;0;0;0;0;0;0;0;0;0;0;0;0;0;0;1;0;0;0;0;0;0;0;0;0
55144;Dammarie-sur-Saulx;44;55;0;0;0;0;0;0;0;0;0;0;0;0;0;0;0;1;0;0;1;0;1;0;0;0;0;1;0;0;0;0;1;0;0;0;1;0;0
55145;Damvillers;44;55;0;1;0;0;0;0;0;0;0;0;0;0;0;0;0;2;0;1;0;0;2;0;0;0;2;0;0;0;0;0;2;0;0;2;0;0;0
55146;Dannevoux;44;55;0;0;0;0;0;0;0;0;0;0;0;0;0;0;0;0;0;0;0;0;0;0;0;0;0;0;2;0;0;0;0;0;0;0;0;0;0
55148;Delouze-Rosières;44;55;0;0;0;0;0;0;0;0;0;0;0;0;0;0;0;0;0;0;0;0;1;0;0;0;1;0;0;1;0;0;0;0;0;0;0;0;0
55149;Delut;44;55;0;0;0;0;0;0;0;0;0;0;0;0;0;0;0;0;0;0;0;0;0;0;0;0;0;0;0;0;0;0;0;0;0;0;0;0;1
55150;Demange-aux-Eaux;44;55;0;0;0;0;0;0;0;0;0;0;0;0;0;0;0;0;0;0;0;1;1;0;0;0;1;2;0;0;0;0;0;0;0;0;0;0;0
55153;Dieppe-sous-Douaumont;44;55;0;0;0;0;0;0;0;0;0;0;0;0;0;0;0;0;0;0;0;0;2;0;0;0;0;0;0;0;0;0;0;0;0;0;0;0;0
55154;Dieue-sur-Meuse;44;55;0;0;0;0;0;0;0;0;0;0;0;0;0;0;0;1;0;1;0;0;3;0;0;0;1;1;1;3;0;0;4;0;0;2;0;0;0
55155;Dombasle-en-Argonne;44;55;0;0;0;0;0;0;0;0;0;0;0;0;0;0;0;0;0;0;0;1;2;0;0;0;0;1;1;2;0;0;0;0;0;0;1;0;0
55156;Dombras;44;55;0;0;0;0;0;0;0;0;0;0;0;0;0;0;0;0;0;0;0;0;1;0;0;0;2;0;0;1;0;0;0;0;0;0;0;0;0
55157;Dommartin-la-Montagne;44;55;0;0;0;0;0;0;0;0;0;0;0;0;0;0;0;0;0;0;0;0;0;0;0;0;0;0;0;0;0;0;0;0;0;0;0;0;0
55158;Dommary-Baroncourt;44;55;0;0;0;0;0;0;0;0;0;0;0;0;0;0;0;0;0;0;0;1;1;0;0;0;2;1;1;1;0;0;0;0;0;0;0;0;1
55159;Dompcevrin;44;55;0;0;0;0;0;0;0;0;0;0;0;0;0;0;0;0;0;0;0;1;0;0;0;0;0;0;1;3;0;0;0;0;0;0;0;0;0
55160;Dompierre-aux-Bois;44;55;0;0;0;0;0;0;0;0;0;0;0;0;0;0;0;0;0;0;0;0;0;0;0;0;0;0;0;0;0;0;0;0;0;0;0;0;0
55162;Domremy-la-Canne;44;55;0;0;0;0;0;0;0;0;0;0;0;0;0;0;0;0;0;0;0;0;0;0;0;0;0;0;0;0;0;0;0;0;0;0;0;0;0
55163;Doncourt-aux-Templiers;44;55;0;0;0;0;0;0;0;0;0;0;0;0;0;0;0;0;0;0;0;0;1;0;0;0;0;0;0;0;0;0;0;0;0;0;0;0;0
55164;Douaumont;44;55;0;0;0;0;0;0;0;0;0;0;0;0;0;0;0;0;0;0;0;0;0;0;0;0;0;0;0;0;0;0;0;0;0;1;0;0;0
55165;Doulcon;44;55;0;0;0;0;0;0;0;0;0;0;1;0;0;0;0;0;0;0;0;0;1;0;0;0;0;0;0;1;1;1;0;0;0;2;0;0;1
55166;Dugny-sur-Meuse;44;55;0;0;0;0;0;0;0;0;0;0;0;0;0;0;0;0;0;1;0;0;0;0;0;0;0;4;2;1;0;0;3;0;0;1;1;0;0
55167;Dun-sur-Meuse;44;55;0;1;0;0;0;0;0;0;0;0;0;0;0;0;0;2;0;1;0;0;3;0;0;1;1;0;0;2;1;0;3;1;0;3;0;0;0
55168;Duzey;44;55;0;0;0;0;0;0;0;0;0;0;0;0;0;0;0;0;0;0;0;0;0;0;0;0;0;0;0;0;0;0;0;0;0;0;0;0;0
55169;Écouviez;44;55;0;0;0;0;0;0;0;0;0;0;0;0;0;0;0;0;0;1;0;0;1;0;0;0;0;0;0;0;0;0;0;1;0;0;0;0;0
55170;Écurey-en-Verdunois;44;55;0;0;0;0;0;0;0;0;0;0;0;0;0;0;0;0;0;0;0;0;0;0;0;0;0;0;0;0;0;0;0;0;0;0;0;0;0
55171;Eix;44;55;0;0;0;0;0;0;0;0;0;0;0;0;0;0;0;0;0;0;1;0;0;0;0;0;1;0;0;1;0;0;2;0;0;0;0;0;0
55172;Les Éparges;44;55;0;0;0;0;0;0;0;0;0;0;0;0;0;0;0;0;0;0;0;0;0;0;0;0;0;0;0;0;0;0;0;0;0;0;0;0;0
55173;Épiez-sur-Meuse;44;55;0;0;0;0;0;0;0;0;0;0;0;0;0;0;0;0;0;0;0;0;0;0;0;0;0;0;0;0;0;0;0;0;0;0;0;0;0
55174;Épinonville;44;55;0;0;0;0;0;0;0;0;0;0;0;0;0;0;0;0;0;0;0;0;0;0;0;0;0;0;0;0;0;0;0;0;0;0;0;0;0
55175;Érize-la-Brûlée;44;55;0;0;0;0;0;0;0;0;0;0;0;0;0;0;0;0;0;0;0;0;1;0;0;0;0;1;0;1;0;0;0;0;0;0;0;0;0
55177;Érize-la-Petite;44;55;0;0;0;0;0;0;0;0;0;0;0;0;0;0;0;0;0;0;0;0;1;0;0;0;0;0;0;0;0;0;0;0;0;0;0;0;0
55178;Érize-Saint-Dizier;44;55;0;0;0;0;0;0;0;0;0;0;0;0;0;0;0;0;0;0;0;0;1;0;0;0;1;1;0;0;0;0;0;0;0;0;0;0;0
55179;Erneville-aux-Bois;44;55;0;0;0;0;0;0;0;0;0;0;0;0;0;0;0;0;0;0;0;0;1;0;1;0;0;0;0;0;0;0;0;0;0;0;0;0;0
55180;Esnes-en-Argonne;44;55;0;0;0;0;0;0;0;0;0;0;0;0;0;0;0;0;0;0;0;0;0;0;0;0;0;0;1;0;0;0;0;0;0;0;0;0;0
55181;Étain;44;55;0;1;0;0;0;0;0;0;0;0;1;0;1;0;0;4;1;1;0;0;9;1;0;2;1;5;6;2;2;2;4;0;0;6;1;1;3
55182;Éton;44;55;0;0;0;0;0;0;0;0;0;0;0;0;0;0;0;0;0;0;0;0;0;0;0;0;0;0;1;1;1;0;1;0;0;0;0;0;0
55183;Étraye;44;55;0;0;0;0;0;0;0;0;0;0;0;0;0;0;0;0;0;0;0;0;0;0;0;0;0;0;0;0;0;0;0;0;0;0;0;0;0
55184;Euville;44;55;0;0;0;0;0;0;0;0;0;0;0;0;0;0;0;0;1;0;0;1;2;0;0;0;4;2;2;4;0;2;1;0;0;2;0;0;0
55185;Èvres;44;55;0;0;0;0;0;0;0;0;0;0;0;0;0;0;0;0;0;0;0;0;0;0;0;0;0;0;0;0;1;0;0;0;0;0;0;0;0
55186;Fains-Véel;44;55;0;0;0;0;0;0;0;0;0;0;0;0;0;0;0;0;0;1;0;0;5;0;0;0;1;4;3;1;2;1;2;0;0;2;1;0;2
55188;Flassigny;44;55;0;0;0;0;0;0;0;0;0;0;0;0;0;0;0;0;0;0;0;0;0;0;0;0;0;0;0;0;0;0;0;0;0;0;0;0;0
55189;Fleury-devant-Douaumont;44;55;0;0;0;0;0;0;0;0;0;0;0;0;0;0;0;0;0;0;0;0;0;0;0;0;0;0;0;0;0;0;0;0;0;0;0;0;0
55191;Foameix-Ornel;44;55;0;0;0;0;0;0;0;0;0;0;0;0;0;0;0;0;0;0;0;0;0;0;0;0;0;0;0;0;0;0;1;0;0;0;0;0;0
55192;Fontaines-Saint-Clair;44;55;0;0;0;0;0;0;0;0;0;0;0;0;0;0;0;0;0;0;0;0;0;0;0;0;0;0;0;0;0;0;0;0;0;0;0;0;0
55193;Forges-sur-Meuse;44;55;0;0;0;0;0;0;0;0;0;0;0;0;0;0;0;0;0;0;0;0;0;0;0;0;0;0;0;0;0;0;0;0;0;0;0;0;0
55194;Foucaucourt-sur-Thabas;44;55;0;0;0;0;0;0;0;0;0;0;0;0;0;0;0;0;0;0;0;0;0;0;0;0;0;0;0;0;0;0;0;0;0;0;0;0;0
55195;Fouchères-aux-Bois;44;55;0;0;0;0;0;0;0;0;0;0;0;0;0;0;0;0;0;0;0;0;0;0;0;0;1;0;0;0;1;0;0;0;0;0;0;0;0
55196;Frémeréville-sous-les-Côtes;44;55;0;0;0;0;0;0;0;0;0;0;0;0;0;0;0;0;0;0;0;0;0;0;0;0;2;1;0;0;0;0;1;0;0;0;0;0;0
55197;Fresnes-au-Mont;44;55;0;0;0;0;0;0;0;0;0;0;0;0;0;0;0;0;0;0;0;0;0;0;0;0;0;0;0;0;0;0;0;0;0;0;0;0;0
55198;Fresnes-en-Woëvre;44;55;0;1;0;0;0;0;0;0;0;0;0;0;0;0;0;2;2;1;0;0;2;0;0;1;0;0;0;1;3;0;3;1;0;4;2;0;2
55199;Froidos;44;55;0;0;0;0;0;0;0;0;0;0;0;0;0;0;0;0;0;0;0;0;1;0;0;0;0;1;0;0;0;0;0;0;0;0;0;0;0
55200;Fromeréville-les-Vallons;44;55;0;0;0;0;0;0;0;0;0;0;0;0;0;0;0;0;0;0;0;0;0;0;0;0;0;0;0;1;1;0;0;0;0;0;1;0;1
55201;Fromezey;44;55;0;0;0;0;0;0;0;0;0;0;0;0;0;0;0;0;0;0;0;0;0;0;0;0;0;0;0;0;1;0;0;0;0;0;0;0;0
55202;Futeau;44;55;0;0;0;0;0;0;0;0;0;0;0;0;0;0;0;0;0;0;0;0;0;0;0;0;1;0;0;0;0;0;1;0;0;0;0;0;0
55204;Génicourt-sur-Meuse;44;55;0;0;0;0;0;0;0;0;0;0;0;0;0;0;0;0;0;0;0;0;0;0;0;0;1;0;1;1;0;0;0;0;0;0;0;0;0
55206;Gercourt-et-Drillancourt;44;55;0;0;0;0;0;0;0;0;0;0;0;0;0;0;0;0;0;0;0;0;0;0;0;0;1;0;0;0;0;0;0;0;0;0;0;0;0
55207;Géry;44;55;0;0;0;0;0;0;0;0;0;0;0;0;0;0;0;0;0;0;0;0;0;0;0;0;0;0;0;0;0;0;0;0;0;0;0;0;0
55208;Gesnes-en-Argonne;44;55;0;0;0;0;0;0;0;0;0;0;0;0;0;0;0;0;0;0;0;0;1;0;0;0;0;0;0;0;0;0;0;0;0;0;0;0;0
55210;Gimécourt;44;55;0;0;0;0;0;0;0;0;0;0;0;0;0;0;0;0;0;0;0;0;0;0;0;0;0;0;0;0;0;0;0;0;0;0;0;0;0
55211;Gincrey;44;55;0;0;0;0;0;0;0;0;0;0;0;0;0;0;0;0;0;0;0;0;0;0;0;0;0;0;0;0;0;0;0;0;0;0;0;0;0
55212;Girauvoisin;44;55;0;0;0;0;0;0;0;0;0;0;0;0;0;0;0;0;0;0;0;0;0;0;0;0;0;0;0;1;0;0;0;0;0;1;0;0;0
55214;Givrauval;44;55;0;0;0;0;0;0;0;0;0;0;0;0;0;0;0;0;0;0;0;0;0;0;0;0;0;0;0;1;0;0;0;0;0;0;0;0;0
55215;Gondrecourt-le-Château;44;55;0;1;0;0;0;0;0;0;0;0;0;0;1;0;0;1;1;1;0;0;4;0;0;0;0;1;0;0;2;0;2;1;0;1;0;0;2
55216;Gouraincourt;44;55;0;0;0;0;0;0;0;0;0;0;0;0;0;0;0;0;0;0;0;0;0;0;0;0;0;0;0;0;0;0;0;0;0;0;0;0;0
55217;Goussaincourt;44;55;0;0;0;0;0;0;0;0;0;0;0;0;0;0;0;0;0;0;0;0;1;0;0;0;0;0;1;0;0;0;0;0;0;0;0;0;0
55218;Gremilly;44;55;0;0;0;0;0;0;0;0;0;0;0;0;0;0;0;0;0;0;0;0;0;0;0;0;0;0;0;0;0;0;0;0;0;0;0;0;0
55219;Grimaucourt-en-Woëvre;44;55;0;0;0;0;0;0;0;0;0;0;0;0;0;0;0;0;0;0;0;0;1;0;0;0;0;0;0;0;0;0;0;0;0;0;0;0;0
55220;Grimaucourt-près-Sampigny;44;55;0;0;0;0;0;0;0;0;0;0;0;0;0;0;0;0;0;0;0;0;0;0;0;0;0;0;0;0;0;0;0;0;0;0;0;0;0
55221;Guerpont;44;55;0;0;0;0;0;0;0;0;0;0;0;0;0;0;0;0;0;0;0;0;0;0;0;0;0;0;1;0;1;0;0;0;0;0;0;0;0
55222;Gussainville;44;55;0;0;0;0;0;0;0;0;0;0;0;0;0;0;0;0;0;0;0;0;0;0;0;0;0;0;0;0;0;0;0;0;0;0;0;0;0
55224;Haironville;44;55;0;0;0;0;0;0;0;0;0;0;0;0;0;0;0;0;0;0;0;1;0;0;0;0;0;0;0;0;0;0;0;0;0;0;0;0;0
55225;Halles-sous-les-Côtes;44;55;0;0;0;0;0;0;0;0;0;0;0;0;0;0;0;0;0;0;0;0;1;0;0;0;0;0;0;0;0;0;0;0;0;0;0;0;0
55226;Han-lès-Juvigny;44;55;0;0;0;0;0;0;0;0;0;0;0;0;0;0;0;0;0;0;0;0;0;0;0;0;0;0;0;0;0;0;0;0;0;0;0;0;0
55228;Hannonville-sous-les-Côtes;44;55;0;0;0;0;0;0;0;0;0;0;0;0;0;0;0;0;0;0;0;1;0;0;0;0;0;1;0;1;0;0;0;0;0;0;0;0;0
55229;Han-sur-Meuse;44;55;0;0;0;0;0;0;0;0;0;0;0;0;0;0;0;0;0;0;0;0;1;0;0;0;1;0;0;0;1;0;0;0;0;1;0;0;0
55232;Harville;44;55;0;0;0;0;0;0;0;0;0;0;0;0;0;0;0;0;0;0;0;0;0;0;0;0;0;0;0;0;0;0;1;0;0;0;0;0;0
55236;Haudainville;44;55;0;0;0;0;0;0;0;0;0;0;0;0;0;0;0;0;0;0;0;0;5;0;0;0;2;1;4;3;4;0;0;0;0;2;0;0;0
55237;Haudiomont;44;55;0;0;0;0;0;0;0;0;0;0;0;0;0;0;0;0;0;0;0;1;0;0;0;0;1;1;0;1;0;1;0;0;0;1;0;0;0
55239;Haumont-près-Samogneux;44;55;0;0;0;0;0;0;0;0;0;0;0;0;0;0;0;0;0;0;0;0;0;0;0;0;0;0;0;0;0;0;0;0;0;0;0;0;0
55241;Heippes;44;55;0;0;0;0;0;0;0;0;0;0;0;0;0;0;0;0;0;0;0;0;0;0;0;0;2;0;0;0;0;0;0;0;0;0;0;0;0
55242;Hennemont;44;55;0;0;0;0;0;0;0;0;0;0;0;0;0;0;0;0;0;0;0;0;0;0;0;0;0;0;0;0;0;0;0;0;0;0;0;0;0
55243;Herbeuville;44;55;0;0;0;0;0;0;0;0;0;0;0;0;0;0;0;0;0;0;0;0;1;0;0;0;0;0;0;0;0;0;0;0;0;0;0;0;0
55244;Herméville-en-Woëvre;44;55;0;0;0;0;0;0;0;0;0;0;0;0;0;0;0;0;0;0;0;0;0;0;0;0;1;0;0;1;0;0;1;0;0;1;0;0;0
55245;Heudicourt-sous-les-Côtes;44;55;0;0;0;0;0;0;0;0;0;0;0;0;0;0;0;0;0;0;0;0;1;0;0;0;0;1;1;0;1;0;1;0;0;0;0;0;0
55246;Hévilliers;44;55;0;0;0;0;0;0;0;0;0;0;0;0;0;0;0;0;0;0;0;0;0;0;0;0;0;0;1;0;1;0;0;0;0;1;0;0;0
55247;Horville-en-Ornois;44;55;0;0;0;0;0;0;0;0;0;0;0;0;0;0;0;0;0;0;0;0;0;0;0;0;0;0;0;0;0;0;0;0;0;0;0;0;0
55248;Houdelaincourt;44;55;0;0;0;0;0;0;0;0;0;0;0;0;0;0;0;0;0;0;1;0;1;0;0;0;2;1;0;0;0;1;1;2;0;0;0;0;0
55250;Inor;44;55;0;0;0;0;0;0;0;0;0;0;0;0;0;0;0;0;0;0;1;0;0;0;0;0;0;0;0;0;0;0;0;0;0;1;0;0;0
55251;Ippécourt;44;55;0;0;0;0;0;0;0;0;0;0;0;0;0;0;0;0;0;0;0;0;0;0;0;0;0;0;0;1;0;0;0;0;0;1;0;0;0
55252;Iré-le-Sec;44;55;0;0;0;0;0;0;0;0;0;0;0;0;0;0;0;0;0;0;0;0;0;0;0;0;0;0;1;0;0;0;0;0;0;1;0;0;1
55253;Les Islettes;44;55;0;0;0;0;0;0;0;0;0;0;0;0;0;0;0;0;0;0;0;1;1;0;0;0;1;2;1;1;0;0;2;0;0;1;0;0;1
55254;Les Trois-Domaines;44;55;0;0;0;0;0;0;0;0;0;0;0;0;0;0;0;0;0;0;0;0;0;0;0;0;2;0;0;0;0;0;0;0;0;0;0;0;0
55255;Jametz;44;55;0;0;0;0;0;0;0;0;0;0;0;0;0;0;0;0;0;0;1;0;1;0;0;0;2;0;0;1;0;0;0;0;0;0;0;0;1
55256;Jonville-en-Woëvre;44;55;0;0;0;0;0;0;0;0;0;0;0;0;0;0;0;0;0;0;0;0;0;0;0;0;0;0;1;0;0;0;0;0;0;0;0;0;0
55257;Jouy-en-Argonne;44;55;0;0;0;0;0;0;0;0;0;0;0;0;0;0;0;0;0;0;0;0;0;0;0;0;0;0;0;0;0;0;0;0;0;0;0;0;0
55258;Geville;44;55;0;0;0;0;0;0;0;0;0;0;0;0;0;0;0;0;0;0;0;1;0;0;0;0;1;1;1;0;1;0;0;0;0;0;0;0;0
55260;Julvécourt;44;55;0;0;0;0;0;0;0;0;0;0;0;0;0;0;0;0;0;0;0;0;0;0;0;0;0;0;1;0;0;0;0;0;0;0;0;0;0
55261;Juvigny-en-Perthois;44;55;0;0;0;0;0;0;0;0;0;0;0;0;0;0;0;0;0;0;0;0;0;0;0;0;0;0;0;0;0;0;0;0;0;0;0;0;0
55262;Juvigny-sur-Loison;44;55;0;0;0;0;0;0;0;0;0;0;0;0;0;0;0;0;0;0;0;0;0;0;0;0;0;1;0;1;0;0;0;0;0;1;0;0;0
55263;Koeur-la-Grande;44;55;0;0;0;0;0;0;0;0;0;0;0;0;0;0;0;0;0;0;0;0;0;0;0;0;1;0;0;0;0;0;0;0;0;0;0;0;0
55264;Koeur-la-Petite;44;55;0;0;0;0;0;0;0;0;0;0;0;0;0;0;0;0;0;0;1;0;0;0;0;0;0;0;0;0;0;0;1;0;0;1;1;0;0
55265;Labeuville;44;55;0;0;0;0;0;0;0;0;0;0;0;0;0;0;0;0;0;0;0;0;0;0;0;0;0;0;1;0;0;0;0;0;0;0;0;0;0
55266;Lachalade;44;55;0;0;0;0;0;0;0;0;0;0;0;0;0;0;0;0;0;0;0;0;0;0;0;0;0;0;0;0;0;0;0;0;0;0;0;0;0
55267;Lachaussée;44;55;0;0;0;0;0;0;0;0;0;0;0;0;0;0;0;0;1;0;0;0;0;0;0;0;0;0;0;0;0;0;1;0;0;1;0;0;0
55268;Lacroix-sur-Meuse;44;55;0;1;0;0;0;0;0;0;0;0;0;0;0;0;0;0;0;0;0;1;0;0;0;0;1;2;3;1;0;1;3;0;0;2;0;0;1
55269;Lahaymeix;44;55;0;0;0;0;0;0;0;0;0;0;0;0;0;0;0;0;0;0;0;0;0;0;0;0;0;0;0;0;0;0;0;0;0;0;0;0;0
55270;Lahayville;44;55;0;0;0;0;0;0;0;0;0;0;0;0;0;0;0;0;0;0;0;0;1;0;0;0;0;0;0;0;0;0;0;0;0;0;0;0;0
55271;Laheycourt;44;55;0;0;0;0;0;0;0;0;0;0;0;0;0;0;0;0;0;0;1;0;0;0;0;0;0;0;0;1;0;0;0;0;0;0;0;0;0
55272;Laimont;44;55;0;0;0;0;0;0;0;0;0;0;0;0;0;0;0;0;0;0;0;0;1;0;0;0;2;2;0;2;1;0;0;0;0;0;0;0;0
55274;Lamorville;44;55;0;0;0;0;0;0;0;0;0;0;0;0;0;0;0;0;0;0;0;0;0;0;0;1;1;1;1;0;0;0;0;0;0;0;0;0;0
55275;Lamouilly;44;55;0;0;0;0;0;0;0;0;0;0;0;0;0;0;0;0;0;0;0;1;0;0;0;0;0;0;0;0;0;0;0;0;0;0;0;0;0
55276;Landrecourt-Lempire;44;55;0;0;0;0;0;0;0;0;0;0;0;0;0;0;0;0;0;0;0;0;0;0;0;0;0;0;0;1;0;0;0;0;0;0;0;0;0
55278;Laneuville-au-Rupt;44;55;0;0;0;0;0;0;0;0;0;0;0;0;0;0;0;0;0;0;0;0;0;0;0;0;0;0;2;0;0;0;0;0;0;0;0;0;0
55279;Laneuville-sur-Meuse;44;55;0;0;0;0;0;0;0;0;0;0;0;0;0;0;0;0;0;0;0;1;0;0;0;0;0;0;0;0;1;0;0;0;0;1;0;0;0
55280;Lanhères;44;55;0;0;0;0;0;0;0;0;0;0;0;0;0;0;0;0;0;0;0;0;0;0;0;0;0;0;0;0;0;0;0;0;0;0;0;0;0
55281;Latour-en-Woëvre;44;55;0;0;0;0;0;0;0;0;0;0;0;0;0;0;0;0;0;0;0;0;0;0;0;0;0;0;0;0;0;0;0;0;0;0;0;0;0
55282;Lavallée;44;55;0;0;0;0;0;0;0;0;0;0;0;0;0;0;0;0;0;0;0;0;0;0;0;0;0;0;0;0;0;0;0;0;0;0;0;0;0
55284;Lavincourt;44;55;0;0;0;0;0;0;0;0;0;0;0;0;0;0;0;0;0;0;0;0;0;0;0;0;0;0;0;0;0;0;0;0;0;0;0;0;0
55285;Lavoye;44;55;0;0;0;0;0;0;0;0;0;0;0;0;0;0;0;0;0;0;0;1;0;0;0;0;1;1;0;0;0;0;1;0;0;1;0;0;0
55286;Lemmes;44;55;0;0;0;0;0;0;0;0;0;0;0;0;0;0;0;0;0;0;0;0;0;0;0;0;0;1;0;1;1;0;0;0;0;0;0;0;0
55288;Lérouville;44;55;0;0;0;0;0;0;0;0;0;0;0;0;0;0;0;0;0;1;0;0;1;0;0;0;3;2;1;1;1;0;1;0;0;0;1;0;0
55289;Levoncourt;44;55;0;0;0;0;0;0;0;0;0;0;0;0;0;0;0;0;0;0;0;0;0;0;0;0;0;0;0;0;0;0;0;0;0;0;0;0;0
55290;Lignières-sur-Aire;44;55;0;0;0;0;0;0;0;0;0;0;0;0;0;0;0;0;0;0;0;0;0;0;0;0;0;0;0;0;0;0;0;0;0;0;0;0;0
55291;Ligny-en-Barrois;44;55;0;1;0;0;0;0;0;0;0;0;1;0;1;0;0;6;2;1;0;0;4;1;0;2;3;4;3;5;4;1;10;1;0;11;3;1;3
55292;Liny-devant-Dun;44;55;0;0;0;0;0;0;0;0;0;0;0;0;0;0;0;0;0;0;0;0;0;0;0;0;0;0;0;0;0;0;0;0;0;0;0;0;0
55293;Lion-devant-Dun;44;55;0;0;0;0;0;0;0;0;0;0;0;0;0;0;0;0;0;0;0;0;1;0;0;0;1;0;0;0;0;0;0;0;0;0;0;0;0
55295;Lisle-en-Barrois;44;55;0;0;0;0;0;0;0;0;0;0;0;0;0;0;0;0;0;0;0;0;0;0;0;0;1;0;0;0;0;0;0;0;0;0;0;0;0
55296;Lisle-en-Rigault;44;55;0;0;0;0;0;0;0;0;0;0;0;0;0;0;0;0;0;0;0;1;0;0;0;0;0;0;0;0;1;0;0;0;0;0;0;0;0
55297;Lissey;44;55;0;0;0;0;0;0;0;0;0;0;0;0;0;0;0;0;0;0;0;0;0;0;0;0;0;0;0;1;0;0;0;0;0;0;0;0;0
55298;Loisey;44;55;0;0;0;0;0;0;0;0;0;0;0;0;0;0;0;0;0;0;0;1;0;0;0;0;0;0;0;0;0;0;1;0;0;0;0;0;0
55299;Loison;44;55;0;0;0;0;0;0;0;0;0;0;0;0;0;0;0;0;0;0;0;0;0;0;0;0;0;0;0;0;0;0;0;0;0;0;0;0;0
55300;Longeaux;44;55;0;0;0;0;0;0;0;0;0;0;0;0;0;0;0;0;0;0;1;0;0;0;0;0;2;0;0;0;0;0;1;0;0;0;0;0;0
55301;Longchamps-sur-Aire;44;55;0;0;0;0;0;0;0;0;0;0;0;0;0;0;0;0;0;0;0;0;0;0;0;0;1;0;1;0;0;0;0;0;0;0;0;0;0
55302;Longeville-en-Barrois;44;55;0;0;0;0;0;0;0;0;0;0;0;0;0;0;0;0;0;0;1;0;2;1;0;0;1;1;1;0;2;0;1;0;0;0;0;0;0
55303;Loupmont;44;55;0;0;0;0;0;0;0;0;0;0;0;0;0;0;0;0;0;0;0;0;0;0;0;0;0;0;0;0;0;0;0;0;0;0;0;0;0
55304;Louppy-le-Château;44;55;0;0;0;0;0;0;0;0;0;0;0;0;0;0;0;0;0;0;0;0;0;0;0;0;2;0;0;2;0;0;0;0;0;0;0;0;0
55306;Louppy-sur-Loison;44;55;0;0;0;0;0;0;0;0;0;0;0;0;0;0;0;0;0;0;0;0;0;0;0;0;0;0;0;0;1;0;0;0;0;0;0;0;0
55307;Louvemont-Côte-du-Poivre;44;55;0;0;0;0;0;0;0;0;0;0;0;0;0;0;0;0;0;0;0;0;0;0;0;0;0;0;0;0;0;0;0;0;0;0;0;0;0
55310;Luzy-Saint-Martin;44;55;0;0;0;0;0;0;0;0;0;0;0;0;0;0;0;0;0;0;0;0;1;0;0;0;0;0;0;2;0;0;0;0;0;0;0;0;0
55311;Maizeray;44;55;0;0;0;0;0;0;0;0;0;0;0;0;0;0;0;0;0;0;0;0;0;0;0;0;0;0;0;0;0;0;0;0;0;0;0;0;0
55312;Maizey;44;55;0;0;0;0;0;0;0;0;0;0;0;0;0;0;0;0;0;0;0;0;0;0;0;0;0;0;1;1;1;0;0;0;0;0;0;0;0
55313;Malancourt;44;55;0;0;0;0;0;0;0;0;0;0;0;0;0;0;0;0;0;0;0;0;1;0;0;0;0;0;0;0;1;0;0;0;0;0;0;0;0
55315;Mandres-en-Barrois;44;55;0;0;0;0;0;0;0;0;0;0;0;0;0;0;0;0;0;0;0;0;1;0;0;0;1;0;0;0;1;0;0;0;0;0;0;0;0
55316;Mangiennes;44;55;0;0;0;0;0;0;0;0;0;0;0;0;0;0;0;0;0;0;0;1;1;0;0;0;1;0;0;1;0;0;0;2;0;0;0;0;0
55317;Manheulles;44;55;0;0;0;0;0;0;0;0;0;0;0;0;0;0;0;0;0;0;0;0;0;0;0;0;0;0;1;0;0;0;0;0;0;0;0;0;0
55320;Marchéville-en-Woëvre;44;55;0;0;0;0;0;0;0;0;0;0;0;0;0;0;0;0;0;0;0;0;0;0;0;0;1;0;0;0;0;0;0;0;0;0;0;0;0
55321;Marre;44;55;0;0;0;0;0;0;0;0;0;0;0;0;0;0;0;0;0;0;0;0;0;0;0;0;1;0;0;0;2;0;0;0;0;0;0;0;0
55322;Marson-sur-Barboure;44;55;0;0;0;0;0;0;0;0;0;0;0;0;0;0;0;0;0;0;0;0;0;0;0;0;0;0;0;0;0;0;0;0;0;0;0;0;0
55323;Martincourt-sur-Meuse;44;55;0;0;0;0;0;0;0;0;0;0;0;0;0;0;0;0;0;0;0;0;0;0;0;0;0;0;0;0;0;0;0;0;0;0;0;0;0
55324;Marville;44;55;0;0;0;0;0;0;0;0;0;0;0;0;0;0;0;0;0;1;0;0;1;0;0;0;3;1;2;2;2;0;2;0;0;1;0;0;0
55325;Maucourt-sur-Orne;44;55;0;0;0;0;0;0;0;0;0;0;0;0;0;0;0;0;0;0;0;0;0;0;0;0;0;0;0;0;0;0;0;0;0;0;0;0;0
55326;Maulan;44;55;0;0;0;0;0;0;0;0;0;0;0;0;0;0;0;0;0;0;0;0;1;0;0;0;0;0;0;0;0;0;1;0;0;0;0;0;0
55327;Mauvages;44;55;0;0;0;0;0;0;0;0;0;0;0;0;0;0;0;0;0;0;0;0;0;0;0;0;2;0;1;0;0;0;0;0;0;0;0;0;0
55328;Maxey-sur-Vaise;44;55;0;0;0;0;0;0;0;0;0;0;0;0;0;0;0;0;0;0;0;1;0;0;0;0;2;0;0;0;1;0;0;0;0;1;0;0;0
55329;Mécrin;44;55;0;0;0;0;0;0;0;0;0;0;0;0;0;0;0;0;0;0;0;0;0;0;0;0;1;0;0;0;0;0;0;0;0;0;0;0;0
55330;Méligny-le-Grand;44;55;0;0;0;0;0;0;0;0;0;0;0;0;0;0;0;0;0;0;0;0;0;0;0;0;0;1;0;0;0;0;0;0;0;0;0;0;0
55331;Méligny-le-Petit;44;55;0;0;0;0;0;0;0;0;0;0;0;0;0;0;0;0;0;0;0;0;0;0;0;0;0;0;0;0;0;0;0;0;0;0;0;0;1
55332;Menaucourt;44;55;0;0;0;0;0;0;0;0;0;0;0;0;0;0;0;0;0;0;0;0;1;0;0;0;0;0;0;0;1;0;0;0;0;0;0;0;0
55333;Ménil-aux-Bois;44;55;0;0;0;0;0;0;0;0;0;0;0;0;0;0;0;0;0;0;0;0;0;0;0;0;0;0;0;0;0;0;0;0;0;0;0;0;0
55334;Ménil-la-Horgne;44;55;0;0;0;0;0;0;0;0;0;0;0;0;0;0;0;0;0;0;0;0;1;0;0;0;0;1;1;0;0;0;0;0;0;1;0;0;0
55335;Ménil-sur-Saulx;44;55;0;0;0;0;0;0;0;0;0;0;0;0;0;0;0;0;0;0;0;0;2;0;0;0;0;0;1;0;0;0;0;0;0;1;0;0;0
55336;Merles-sur-Loison;44;55;0;0;0;0;0;0;0;0;0;0;0;0;0;0;0;0;0;0;0;0;0;0;0;0;0;1;0;0;0;0;0;0;0;0;0;0;0
55338;Milly-sur-Bradon;44;55;0;0;0;0;0;0;0;0;0;0;0;0;0;0;0;0;0;0;0;0;1;0;0;0;0;1;0;1;0;0;0;0;0;0;0;0;0
55339;Mogeville;44;55;0;0;0;0;0;0;0;0;0;0;0;0;0;0;0;0;0;0;0;0;1;0;0;0;1;0;1;0;1;0;0;0;0;0;0;0;0
55340;Mognéville;44;55;0;0;0;0;0;0;0;0;0;0;0;0;0;0;0;0;0;0;0;1;1;0;0;0;1;1;4;0;0;0;0;0;0;0;0;0;0
55341;Moirey-Flabas-Crépion;44;55;0;0;0;0;0;0;0;0;0;0;0;0;0;0;0;0;0;0;0;0;1;0;0;0;2;0;0;2;0;0;0;0;0;0;0;0;0
55343;Montblainville;44;55;0;0;0;0;0;0;0;0;0;0;0;0;0;0;0;0;0;0;0;0;0;0;0;0;0;0;1;0;0;0;0;0;0;0;0;0;0
55344;Montbras;44;55;0;0;0;0;0;0;0;0;0;0;0;0;0;0;0;0;0;0;0;0;0;0;0;0;0;0;0;0;0;0;0;0;0;1;0;0;0
55345;Mont-devant-Sassey;44;55;0;0;0;0;0;0;0;0;0;0;0;0;0;0;0;0;0;0;0;0;0;0;0;0;0;0;0;0;0;0;0;0;0;0;0;0;0
55346;Montfaucon-d'Argonne;44;55;0;0;0;0;0;0;0;0;0;0;0;0;0;0;0;1;0;0;0;1;0;0;0;0;1;2;0;1;0;0;0;0;0;0;0;0;0
55347;Les Monthairons;44;55;0;0;0;0;0;0;0;0;0;0;0;0;0;0;0;0;0;0;0;0;0;0;0;0;1;0;0;1;1;0;2;0;0;0;0;0;0
55348;Montiers-sur-Saulx;44;55;0;1;0;0;0;0;0;0;0;0;0;0;0;0;0;0;0;0;0;1;0;0;0;0;0;0;0;0;1;0;1;0;0;1;0;0;0
55349;Montigny-devant-Sassey;44;55;0;0;0;0;0;0;0;0;0;0;0;0;0;0;0;0;0;0;0;0;0;0;0;0;1;0;0;0;0;0;0;0;0;0;0;0;0
55350;Montigny-lès-Vaucouleurs;44;55;0;0;0;0;0;0;0;0;0;0;0;0;0;0;0;0;0;0;0;0;0;0;0;0;0;0;1;0;0;0;0;0;0;0;0;0;0
55351;Montmédy;44;55;0;1;0;0;0;0;0;0;0;0;1;0;1;0;0;2;1;1;0;0;2;1;0;1;1;3;0;4;0;0;4;0;0;5;2;0;2
55352;Montplonne;44;55;0;0;0;0;0;0;0;0;0;0;0;0;0;0;0;0;0;0;0;0;0;0;0;0;0;0;0;2;1;0;0;0;0;0;0;0;0
55353;Montsec;44;55;0;0;0;0;0;0;0;0;0;0;0;0;0;0;0;0;0;0;0;0;0;0;0;0;0;0;0;0;0;0;0;0;0;0;0;0;0
55355;Montzéville;44;55;0;0;0;0;0;0;0;0;0;0;0;0;0;0;0;0;0;0;0;0;0;0;0;0;1;0;0;0;0;0;0;0;0;0;0;0;0
55356;Moranville;44;55;0;0;0;0;0;0;0;0;0;0;0;0;0;0;0;0;0;0;0;0;1;0;0;0;1;0;0;2;0;0;0;0;0;0;0;0;0
55357;Morgemoulin;44;55;0;0;0;0;0;0;0;0;0;0;0;0;0;0;0;0;0;0;0;0;0;0;0;0;0;1;0;1;1;0;0;0;0;0;0;0;0
55358;Chanteraine;44;55;0;0;0;0;0;0;0;0;0;0;0;0;0;0;0;0;0;0;0;0;0;0;0;0;0;0;0;0;0;0;0;0;0;1;0;0;0
55359;Morley;44;55;0;0;0;0;0;0;0;0;0;0;0;0;0;0;0;0;0;0;0;0;1;0;0;0;1;0;0;1;0;0;0;0;0;0;0;0;0
55360;Mouilly;44;55;0;0;0;0;0;0;0;0;0;0;0;0;0;0;0;0;0;0;0;0;0;0;0;0;0;0;0;0;0;0;0;0;0;0;0;0;0
55361;Moulainville;44;55;0;0;0;0;0;0;0;0;0;0;0;0;0;0;0;0;0;0;0;0;0;0;0;0;0;1;1;0;0;0;0;0;0;0;0;0;0
55362;Moulins-Saint-Hubert;44;55;0;0;0;0;0;0;0;0;0;0;0;0;0;0;0;0;0;0;0;0;0;0;0;0;0;0;1;0;0;0;0;0;0;0;0;0;0
55363;Moulotte;44;55;0;0;0;0;0;0;0;0;0;0;0;0;0;0;0;0;0;0;0;0;0;0;0;0;1;0;0;1;0;0;0;0;0;0;0;0;0
55364;Mouzay;44;55;0;0;0;0;0;0;0;0;0;0;0;0;0;0;0;0;0;1;0;0;0;0;0;0;0;2;1;1;0;0;0;0;0;2;0;0;0
55365;Murvaux;44;55;0;0;0;0;0;0;0;0;0;0;0;0;0;0;0;0;0;0;0;0;0;0;0;0;0;1;1;0;0;0;0;0;0;0;0;0;0
55366;Val-d'Ornain;44;55;0;0;0;0;0;0;0;0;0;0;0;0;0;0;0;0;0;0;0;1;2;0;0;0;0;2;2;2;0;0;0;0;0;1;0;0;0
55367;Muzeray;44;55;0;0;0;0;0;0;0;0;0;0;0;0;0;0;0;0;0;0;0;0;0;0;0;0;0;0;0;0;0;0;0;0;0;0;0;0;0
55368;Naives-en-Blois;44;55;0;0;0;0;0;0;0;0;0;0;0;0;0;0;0;0;0;0;0;0;0;0;0;0;1;1;0;1;1;0;0;0;0;0;0;0;0
55369;Naives-Rosières;44;55;0;0;0;0;0;0;0;0;0;0;0;0;0;0;0;0;0;0;0;0;0;0;0;0;1;1;2;2;1;2;0;0;0;0;1;0;0
55370;Naix-aux-Forges;44;55;0;0;0;0;0;0;0;0;0;0;0;0;0;0;0;0;0;0;0;0;0;0;0;0;0;0;0;0;0;0;0;0;0;1;0;0;0
55371;Nançois-le-Grand;44;55;0;0;0;0;0;0;0;0;0;0;0;0;0;0;0;0;0;0;0;0;0;0;0;0;0;0;0;0;0;0;0;0;0;0;0;0;0
55372;Nançois-sur-Ornain;44;55;0;0;0;0;0;0;0;0;0;0;0;0;0;0;0;0;0;0;0;1;1;0;0;0;1;0;1;0;0;0;1;0;0;0;0;0;0
55373;Nant-le-Grand;44;55;0;0;0;0;0;0;0;0;0;0;0;0;0;0;0;0;0;0;0;0;0;0;0;0;0;1;1;0;0;0;0;0;0;0;0;0;0
55374;Nant-le-Petit;44;55;0;0;0;0;0;0;0;0;0;0;0;0;0;0;0;0;0;0;0;0;0;0;0;0;0;0;0;0;0;0;1;0;0;3;0;0;0
55375;Nantillois;44;55;0;0;0;0;0;0;0;0;0;0;0;0;0;0;0;0;0;0;0;0;1;0;0;0;0;0;0;0;0;0;0;0;0;0;0;0;0
55376;Nantois;44;55;0;0;0;0;0;0;0;0;0;0;0;0;0;0;0;0;0;0;0;0;0;0;0;0;0;0;0;0;0;0;0;0;0;0;0;0;0
55377;Nepvant;44;55;0;0;0;0;0;0;0;0;0;0;0;0;0;0;0;0;0;0;0;0;0;0;0;0;0;0;0;0;0;0;1;0;0;0;0;0;0
55378;Nettancourt;44;55;0;0;0;0;0;0;0;0;0;0;0;0;0;0;0;0;0;0;1;0;3;0;0;0;0;1;0;0;0;0;0;0;0;0;0;0;0
55379;Le Neufour;44;55;0;0;0;0;0;0;0;0;0;0;0;0;0;0;0;0;0;0;0;0;0;0;0;0;1;0;0;0;0;0;0;0;0;0;0;0;0
55380;Neuville-en-Verdunois;44;55;0;0;0;0;0;0;0;0;0;0;0;0;0;0;0;0;0;0;0;0;0;0;0;0;0;0;1;0;0;0;0;0;0;0;0;0;0
55381;Neuville-lès-Vaucouleurs;44;55;0;0;0;0;0;0;0;0;0;0;0;0;0;0;0;0;0;0;0;0;0;0;0;0;0;0;0;0;0;0;0;0;0;0;0;0;0
55382;Neuville-sur-Ornain;44;55;0;0;0;0;0;0;0;0;0;0;0;0;0;0;0;0;0;0;0;0;0;0;0;0;1;1;2;0;0;0;0;0;0;0;2;0;0
55383;Neuvilly-en-Argonne;44;55;0;0;0;0;0;0;0;0;0;0;0;0;0;0;0;0;0;0;0;0;0;0;0;0;2;1;1;0;1;0;0;0;0;0;0;0;0
55384;Nicey-sur-Aire;44;55;0;0;0;0;0;0;0;0;0;0;0;0;0;0;0;0;0;0;0;0;2;0;0;0;0;0;0;0;0;1;0;0;0;0;0;0;0
55385;Nixéville-Blercourt;44;55;0;0;0;0;0;0;0;0;0;0;0;0;0;0;0;0;0;0;0;0;0;0;0;1;1;2;0;0;0;0;1;0;0;1;0;0;1
55386;Nonsard-Lamarche;44;55;0;0;0;0;0;0;0;0;0;0;0;0;0;0;0;0;0;0;0;0;0;0;0;0;0;1;1;1;0;0;0;0;0;4;0;0;0
55387;Nouillonpont;44;55;0;0;0;0;0;0;0;0;0;0;0;0;0;0;0;0;0;0;0;0;0;0;0;0;2;0;0;0;0;0;0;0;0;1;0;0;0
55388;Noyers-Auzécourt;44;55;0;0;0;0;0;0;0;0;0;0;0;0;0;0;0;0;0;0;0;0;0;0;0;0;0;0;0;0;0;0;1;0;0;0;0;0;0
55389;Nubécourt;44;55;0;0;0;0;0;0;0;0;0;0;0;0;0;0;0;1;0;0;0;0;1;0;0;0;0;1;0;1;0;0;0;0;0;0;0;0;0
55391;Olizy-sur-Chiers;44;55;0;0;0;0;0;0;0;0;0;0;0;0;0;0;0;0;0;0;0;0;0;0;0;0;0;1;0;0;0;0;1;0;0;0;0;0;0
55394;Ornes;44;55;0;0;0;0;0;0;0;0;0;0;0;0;0;0;0;0;0;0;0;0;0;0;0;0;0;0;0;0;0;0;0;0;0;0;0;0;0
55395;Osches;44;55;0;0;0;0;0;0;0;0;0;0;0;0;0;0;0;0;0;0;0;0;0;0;0;0;0;0;0;0;0;0;0;0;0;0;0;0;0
55396;Ourches-sur-Meuse;44;55;0;0;0;0;0;0;0;0;0;0;0;0;0;0;0;0;0;0;0;0;0;0;0;0;0;0;0;1;0;0;0;0;0;0;0;0;0
55397;Pagny-la-Blanche-Côte;44;55;0;0;0;0;0;0;0;0;0;0;0;0;0;0;0;0;0;0;1;0;1;0;0;0;0;1;0;1;0;0;0;0;0;1;0;0;0
55398;Pagny-sur-Meuse;44;55;0;0;0;0;0;0;0;0;0;0;0;0;0;0;0;0;0;0;0;1;2;0;0;0;2;1;1;1;3;0;1;0;0;3;1;0;1
55399;Pareid;44;55;0;0;0;0;0;0;0;0;0;0;0;0;0;0;0;0;0;0;0;0;0;0;0;0;0;0;0;0;0;0;0;0;0;0;0;0;0
55400;Parfondrupt;44;55;0;0;0;0;0;0;0;0;0;0;0;0;0;0;0;0;0;0;0;0;1;0;0;0;0;0;0;0;0;0;0;0;0;0;0;0;0
55401;Les Paroches;44;55;0;0;0;0;0;0;0;0;0;0;0;0;0;0;0;0;0;0;0;0;2;0;0;0;1;0;1;0;0;1;0;0;0;0;0;0;0
55403;Peuvillers;44;55;0;0;0;0;0;0;0;0;0;0;0;0;0;0;0;0;0;0;0;0;1;0;0;0;0;0;0;0;0;0;0;0;0;0;0;0;0
55404;Pierrefitte-sur-Aire;44;55;0;0;0;0;0;0;0;0;0;0;0;0;0;0;0;0;0;1;0;0;0;0;0;0;1;0;0;1;0;0;1;0;0;0;0;0;0
55405;Pillon;44;55;0;0;0;0;0;0;0;0;0;0;0;0;0;0;0;0;0;0;0;0;0;0;0;0;0;0;0;0;0;0;0;0;0;0;0;0;0
55406;Pintheville;44;55;0;0;0;0;0;0;0;0;0;0;0;0;0;0;0;0;0;0;0;0;0;0;0;0;0;0;0;0;0;0;0;0;0;0;0;0;0
55407;Pont-sur-Meuse;44;55;0;0;0;0;0;0;0;0;0;0;0;0;0;0;0;0;0;0;0;0;0;0;0;0;1;0;0;0;0;0;0;0;0;0;0;0;0
55408;Pouilly-sur-Meuse;44;55;0;0;0;0;0;0;0;0;0;0;0;0;0;0;0;0;0;0;0;1;0;0;0;0;0;0;0;1;0;0;1;0;0;0;0;0;0
55409;Pretz-en-Argonne;44;55;0;0;0;0;0;0;0;0;0;0;0;0;0;0;0;0;0;0;0;0;0;0;0;0;0;0;0;0;0;0;0;0;0;0;0;0;0
55410;Quincy-Landzécourt;44;55;0;0;0;0;0;0;0;0;0;0;0;0;0;0;0;0;0;0;0;0;0;0;0;0;0;0;0;0;0;0;0;0;0;0;0;0;0
55411;Rambluzin-et-Benoite-Vaux;44;55;0;0;0;0;0;0;0;0;0;0;0;0;0;0;0;0;0;0;0;0;0;0;0;0;0;0;0;0;0;0;0;0;0;1;0;0;0
55412;Rambucourt;44;55;0;0;0;0;0;0;0;0;0;0;0;0;0;0;0;0;0;0;1;0;1;0;0;0;0;0;0;0;0;0;0;0;0;1;0;0;0
55414;Rancourt-sur-Ornain;44;55;0;0;0;0;0;0;0;0;0;0;0;0;0;0;0;0;0;0;0;0;0;0;0;0;0;0;0;0;0;0;0;0;0;0;0;0;0
55415;Ranzières;44;55;0;0;0;0;0;0;0;0;0;0;0;0;0;0;0;0;0;0;0;0;0;0;0;0;0;0;0;0;0;0;0;0;0;0;0;0;0
55416;Rarécourt;44;55;0;0;0;0;0;0;0;0;0;0;0;0;0;0;0;0;0;0;0;1;0;0;0;0;0;0;1;0;0;0;0;0;0;0;0;0;0
55419;Récicourt;44;55;0;0;0;0;0;0;0;0;0;0;0;0;0;0;0;0;0;0;0;0;0;0;0;0;1;0;1;0;0;0;0;0;0;0;0;0;0
55420;Récourt-le-Creux;44;55;0;0;0;0;0;0;0;0;0;0;0;0;0;0;0;0;0;0;0;0;0;0;0;0;0;0;0;1;0;0;0;0;0;0;0;0;0
55421;Reffroy;44;55;0;0;0;0;0;0;0;0;0;0;0;0;0;0;0;0;0;0;0;0;0;0;0;0;0;0;0;0;0;0;0;0;0;0;0;0;0
55422;Regnéville-sur-Meuse;44;55;0;0;0;0;0;0;0;0;0;0;0;0;0;0;0;0;0;0;0;0;0;0;0;0;0;0;0;0;0;0;0;0;0;0;0;0;0
55423;Rembercourt-Sommaisne;44;55;0;0;0;0;0;0;0;0;0;0;0;0;0;0;0;0;0;0;0;1;0;0;0;0;1;1;0;1;0;0;1;1;0;0;0;0;0
55424;Remennecourt;44;55;0;0;0;0;0;0;0;0;0;0;0;0;0;0;0;0;0;0;0;0;0;0;0;0;0;0;0;0;0;0;1;0;0;0;0;0;0
55425;Remoiville;44;55;0;0;0;0;0;0;0;0;0;0;0;0;0;0;0;0;0;0;0;0;0;0;0;0;0;0;0;1;0;0;0;0;0;1;0;0;0
55426;Resson;44;55;0;0;0;0;0;0;0;0;0;0;0;0;0;0;0;0;0;0;0;0;0;0;0;0;0;0;0;0;0;0;0;0;0;0;0;0;1
55427;Revigny-sur-Ornain;44;55;0;1;0;0;0;0;0;0;0;0;0;0;1;0;0;5;0;1;1;0;10;1;0;1;3;3;2;3;0;0;7;2;0;8;0;0;3
55428;Réville-aux-Bois;44;55;0;0;0;0;0;0;0;0;0;0;0;0;0;0;0;0;0;0;0;0;0;0;0;0;0;0;0;0;0;0;0;0;0;0;0;0;0
55429;Riaville;44;55;0;0;0;0;0;0;0;0;0;0;0;0;0;0;0;0;0;0;0;0;2;0;0;0;0;0;0;0;0;0;0;0;0;0;0;0;0
55430;Ribeaucourt;44;55;0;0;0;0;0;0;0;0;0;0;0;0;0;0;0;0;0;0;0;0;0;0;0;0;0;0;1;0;0;0;0;0;0;0;0;0;0
55431;Richecourt;44;55;0;0;0;0;0;0;0;0;0;0;0;0;0;0;0;0;0;0;0;0;0;0;0;0;0;0;0;0;0;0;0;0;0;0;0;0;0
55433;Rigny-la-Salle;44;55;0;0;0;0;0;0;0;0;0;0;0;0;0;0;0;0;0;0;1;0;0;0;0;0;1;2;1;1;2;0;0;0;0;0;0;0;1
55434;Rigny-Saint-Martin;44;55;0;0;0;0;0;0;0;0;0;0;0;0;0;0;0;0;0;0;0;0;1;0;0;0;0;0;1;0;0;0;0;0;0;0;0;0;0
55435;Robert-Espagne;44;55;0;0;0;0;0;0;0;0;0;0;0;0;0;0;0;0;0;1;0;0;3;0;0;0;0;1;0;1;0;0;3;0;0;0;0;0;0
55436;Les Roises;44;55;0;0;0;0;0;0;0;0;0;0;0;0;0;0;0;0;0;0;0;0;0;0;0;0;0;0;0;0;0;0;0;0;0;0;0;0;0
55437;Romagne-sous-les-Côtes;44;55;0;0;0;0;0;0;0;0;0;0;0;0;0;0;0;0;0;0;0;0;0;0;0;0;1;0;0;1;0;0;0;0;0;0;0;0;0
55438;Romagne-sous-Montfaucon;44;55;0;0;0;0;0;0;0;0;0;0;0;0;0;0;0;0;0;0;0;0;1;0;0;0;0;0;0;0;0;0;0;0;0;1;0;0;0
55439;Ronvaux;44;55;0;0;0;0;0;0;0;0;0;0;0;0;0;0;0;0;0;0;0;0;0;0;0;0;0;0;0;0;0;0;0;0;0;0;0;0;0
55442;Raival;44;55;0;0;0;0;0;0;0;0;0;0;0;0;0;0;0;0;0;0;0;0;3;0;0;0;2;0;2;1;0;0;0;0;0;1;0;0;0
55443;Rouvres-en-Woëvre;44;55;0;0;0;0;0;0;0;0;0;0;0;0;0;0;0;0;0;0;0;0;0;0;0;0;0;0;0;0;0;0;1;0;0;0;0;0;0
55444;Rouvrois-sur-Meuse;44;55;0;0;0;0;0;0;0;0;0;0;0;0;0;0;0;0;0;0;0;0;0;0;0;0;1;0;0;0;0;0;0;0;0;1;0;0;0
55445;Rouvrois-sur-Othain;44;55;0;0;0;0;0;0;0;0;0;0;0;0;0;0;0;0;0;0;0;0;3;0;0;0;0;0;0;0;0;0;1;0;0;2;0;0;0
55446;Rumont;44;55;0;0;0;0;0;0;0;0;0;0;0;0;0;0;0;0;0;0;0;0;0;0;0;0;0;0;1;0;0;0;0;0;0;0;0;0;0
55447;Rupt-aux-Nonains;44;55;0;0;0;0;0;0;0;0;0;0;0;0;0;0;0;0;0;0;0;1;0;0;0;0;0;1;0;2;0;0;0;0;0;0;0;0;1
55448;Rupt-devant-Saint-Mihiel;44;55;0;0;0;0;0;0;0;0;0;0;0;0;0;0;0;0;0;0;0;0;1;0;0;0;0;0;0;0;0;0;0;0;0;0;0;0;0
55449;Rupt-en-Woëvre;44;55;0;0;0;0;0;0;0;0;0;0;0;0;0;0;0;0;0;0;0;0;1;0;0;0;0;1;0;1;0;0;0;0;0;1;0;0;0
55450;Rupt-sur-Othain;44;55;0;0;0;0;0;0;0;0;0;0;0;0;0;0;0;0;0;0;0;0;0;0;0;0;0;0;0;0;0;0;0;0;0;0;0;0;0
55452;Saint-Amand-sur-Ornain;44;55;0;0;0;0;0;0;0;0;0;0;0;0;0;0;0;0;0;0;0;0;0;0;0;0;0;0;0;0;0;0;0;0;0;0;0;0;0
55453;Saint-André-en-Barrois;44;55;0;0;0;0;0;0;0;0;0;0;0;0;0;0;0;0;0;0;0;0;0;0;0;0;1;0;0;0;0;0;0;0;0;0;0;0;0
55454;Saint-Aubin-sur-Aire;44;55;0;0;0;0;0;0;0;0;0;0;0;0;0;0;0;0;0;0;0;0;0;0;0;0;0;0;0;0;0;0;0;0;0;0;0;0;0
55456;Saint-Germain-sur-Meuse;44;55;0;0;0;0;0;0;0;0;0;0;0;0;0;0;0;0;0;0;0;1;0;0;0;0;0;2;0;1;0;0;0;0;0;0;1;0;0
55457;Saint-Hilaire-en-Woëvre;44;55;0;0;0;0;0;0;0;0;0;0;0;0;0;0;0;0;0;0;0;0;0;0;0;0;1;0;1;0;0;0;0;0;0;0;0;0;0
55458;Saint-Jean-lès-Buzy;44;55;0;0;0;0;0;0;0;0;0;0;0;0;0;0;0;0;0;0;0;0;0;0;0;0;0;1;0;2;0;0;0;0;0;0;0;0;0
55459;Saint-Joire;44;55;0;0;0;0;0;0;0;0;0;0;0;0;0;0;0;0;0;0;0;1;0;0;0;0;0;0;2;0;1;0;0;0;0;1;0;0;0
55460;Saint-Julien-sous-les-Côtes;44;55;0;0;0;0;0;0;0;0;0;0;0;0;0;0;0;0;0;0;0;0;0;0;0;0;0;0;0;0;0;0;0;0;0;0;0;0;0
55461;Saint-Laurent-sur-Othain;44;55;0;0;0;0;0;0;0;0;0;0;0;0;0;0;0;0;0;0;0;1;2;0;0;0;1;0;0;0;0;0;0;0;0;0;0;0;0
55462;Saint-Maurice-sous-les-Côtes;44;55;0;0;0;0;0;0;0;0;0;0;0;0;0;0;0;0;0;0;0;1;2;0;0;0;3;1;1;1;1;1;0;0;0;1;1;0;0
55463;Saint-Mihiel;44;55;0;1;0;0;0;0;0;0;0;0;2;0;1;0;0;6;2;1;0;0;6;1;0;2;4;5;3;7;4;1;12;2;0;11;1;3;3
55464;Saint-Pierrevillers;44;55;0;0;0;0;0;0;0;0;0;0;0;0;0;0;0;0;0;0;0;0;0;0;0;0;0;0;0;0;0;0;0;0;0;0;0;0;0
55465;Saint-Remy-la-Calonne;44;55;0;0;0;0;0;0;0;0;0;0;0;0;0;0;0;0;0;0;0;0;0;0;0;0;1;0;0;0;0;0;0;0;0;0;0;0;0
55466;Salmagne;44;55;0;0;0;0;0;0;0;0;0;0;0;0;0;0;0;0;0;0;0;0;1;0;0;0;1;0;1;2;0;0;0;0;0;0;0;0;0
55467;Sampigny;44;55;0;0;0;0;0;0;0;0;0;0;0;0;0;0;0;0;0;0;0;1;0;0;0;0;0;1;1;0;0;0;1;0;0;0;1;0;0
55468;Samogneux;44;55;0;0;0;0;0;0;0;0;0;0;0;0;0;0;0;0;0;0;0;0;0;0;0;0;0;0;0;0;0;0;0;0;0;0;0;0;0
55469;Sassey-sur-Meuse;44;55;0;0;0;0;0;0;0;0;0;0;0;0;0;0;0;0;0;0;0;0;0;0;0;0;0;0;0;0;1;0;0;0;0;0;0;0;0
55470;Saudrupt;44;55;0;0;0;0;0;0;0;0;0;0;0;0;0;0;0;0;0;0;0;1;1;0;0;0;0;0;0;1;0;0;0;0;0;0;0;0;0
55471;Saulmory-et-Villefranche;44;55;0;0;0;0;0;0;0;0;0;0;0;0;0;0;0;0;0;0;0;0;0;0;0;0;0;0;0;0;0;0;0;0;0;0;0;0;0
55472;Saulvaux;44;55;0;0;0;0;0;0;0;0;0;0;0;0;0;0;0;0;0;0;0;0;0;0;0;0;0;0;1;0;0;0;0;0;0;0;0;0;0
55473;Saulx-lès-Champlon;44;55;0;0;0;0;0;0;0;0;0;0;0;0;0;0;0;0;0;0;0;0;0;0;0;0;0;0;0;1;0;0;0;0;0;0;0;0;0
55474;Sauvigny;44;55;0;0;0;0;0;0;0;0;0;0;0;0;0;0;0;0;0;0;0;0;0;0;0;0;0;0;0;3;0;0;0;0;0;0;0;0;0
55475;Sauvoy;44;55;0;0;0;0;0;0;0;0;0;0;0;0;0;0;0;0;0;0;0;0;0;0;0;0;0;0;0;0;0;0;0;0;0;1;0;0;0
55476;Savonnières-devant-Bar;44;55;0;0;0;0;0;0;0;0;0;0;0;0;0;0;0;2;0;0;0;0;6;1;1;0;2;1;1;1;2;1;2;0;0;0;0;1;0
55477;Savonnières-en-Perthois;44;55;0;0;0;0;0;0;0;0;0;0;0;0;0;0;0;0;0;0;0;1;0;0;0;0;0;1;0;1;0;0;0;0;0;0;0;0;0
55479;Seigneulles;44;55;0;0;0;0;0;0;0;0;0;0;0;0;0;0;0;0;0;0;0;0;0;0;0;0;0;0;2;0;1;0;0;0;0;0;0;0;0
55481;Senon;44;55;0;0;0;0;0;0;0;0;0;0;0;0;0;0;0;0;0;0;0;1;0;0;0;0;0;0;0;1;0;0;2;0;0;0;0;0;0
55482;Senoncourt-les-Maujouy;44;55;0;0;0;0;0;0;0;0;0;0;0;0;0;0;0;0;0;0;0;0;0;0;0;0;2;1;0;0;0;0;0;0;0;0;0;0;0
55484;Septsarges;44;55;0;0;0;0;0;0;0;0;0;0;0;0;0;0;0;0;0;0;0;0;0;0;0;0;0;0;0;0;0;0;0;0;0;0;0;0;0
55485;Sepvigny;44;55;0;0;0;0;0;0;0;0;0;0;0;0;0;0;0;0;0;0;0;0;0;0;0;0;0;0;0;0;0;0;0;0;0;0;0;0;0
55487;Seuzey;44;55;0;0;0;0;0;0;0;0;0;0;0;0;0;0;0;0;0;0;0;0;0;0;0;0;1;1;0;0;0;0;0;0;0;0;0;0;0
55488;Silmont;44;55;0;0;0;0;0;0;0;0;0;0;0;0;0;0;0;0;0;0;0;0;1;0;0;0;0;0;0;1;0;0;0;0;0;0;0;0;0
55489;Sivry-la-Perche;44;55;0;0;0;0;0;0;0;0;0;0;0;0;0;0;0;0;0;0;0;0;0;0;0;0;0;0;0;0;0;0;0;0;0;0;0;0;0
55490;Sivry-sur-Meuse;44;55;0;1;0;0;0;0;0;0;0;0;0;0;0;0;0;0;0;1;0;0;1;0;0;0;1;2;0;0;0;0;1;0;0;0;0;0;0
55492;Sommedieue;44;55;0;0;0;0;0;0;0;0;0;0;0;0;0;0;0;0;0;0;0;1;0;0;0;0;1;0;0;2;1;0;1;0;0;2;0;0;1
55493;Sommeilles;44;55;0;0;0;0;0;0;0;0;0;0;0;0;0;0;0;0;0;0;0;0;1;0;0;0;0;0;0;0;0;0;0;0;0;0;0;0;0
55494;Sommelonne;44;55;0;0;0;0;0;0;0;0;0;0;0;0;0;0;0;0;0;0;0;0;0;0;0;0;1;0;0;0;1;0;1;0;0;0;0;0;0
55495;Sorbey;44;55;0;0;0;0;0;0;0;0;0;0;0;0;0;0;0;0;0;0;0;0;0;0;0;0;1;1;0;1;0;0;1;0;0;0;0;0;0
55496;Sorcy-Saint-Martin;44;55;0;0;0;0;0;0;0;0;0;0;0;0;0;0;0;0;0;0;0;1;3;0;0;0;2;2;1;1;1;0;2;0;0;0;0;0;2
55497;Les Souhesmes-Rampont;44;55;0;0;0;0;0;0;0;0;0;0;0;0;0;0;0;0;0;0;0;0;1;0;0;0;0;1;1;3;0;0;0;0;0;0;0;0;0
55498;Souilly;44;55;0;1;0;0;0;0;0;0;0;0;0;0;0;0;0;0;0;0;0;1;3;0;0;0;1;0;1;1;0;0;1;2;0;1;0;0;0
55500;Spincourt;44;55;0;0;0;0;0;0;0;0;0;0;1;0;0;0;0;2;0;1;0;0;2;0;0;0;2;1;1;0;1;0;4;1;0;0;0;0;1
55501;Stainville;44;55;0;0;0;0;0;0;0;0;0;0;0;0;0;0;0;0;0;0;0;1;0;0;0;0;1;0;1;0;0;0;0;0;0;1;0;0;0
55502;Stenay;44;55;0;1;0;0;0;0;0;0;0;0;1;0;2;0;0;4;0;1;0;0;5;1;0;2;5;3;2;4;2;1;8;4;1;11;3;1;2
55503;Taillancourt;44;55;0;0;0;0;0;0;0;0;0;0;0;0;0;0;0;0;0;0;0;0;0;0;0;0;0;1;0;0;0;0;0;0;0;0;0;0;0
55504;Tannois;44;55;0;0;0;0;0;0;0;0;0;0;0;0;0;0;0;0;0;0;0;0;0;0;0;0;0;0;1;1;0;0;1;0;0;0;0;0;0
55505;Thierville-sur-Meuse;44;55;0;0;0;0;0;0;0;0;0;0;0;0;0;0;0;0;0;1;0;0;3;0;0;1;4;3;6;5;5;1;4;0;0;2;4;1;1
55506;Thillombois;44;55;0;0;0;0;0;0;0;0;0;0;0;0;0;0;0;0;0;0;0;0;0;0;0;0;0;0;0;0;0;0;0;0;0;0;0;0;0
55507;Thillot;44;55;0;0;0;0;0;0;0;0;0;0;0;0;0;0;0;0;0;0;0;0;0;0;0;0;1;0;0;1;0;1;0;0;0;0;0;0;0
55508;Thonne-la-Long;44;55;0;0;0;0;0;0;0;0;0;0;0;0;0;0;0;0;0;0;0;0;0;0;0;0;0;0;0;0;0;0;1;0;0;0;0;0;0
55509;Thonne-le-Thil;44;55;0;0;0;0;0;0;0;0;0;0;0;0;0;0;0;0;0;0;0;0;0;0;0;0;0;0;1;1;0;0;0;0;0;0;0;0;0
55510;Thonne-les-Près;44;55;0;0;0;0;0;0;0;0;0;0;0;0;0;0;0;0;0;0;0;0;0;0;0;0;0;0;0;0;0;0;0;0;0;0;0;0;1
55511;Thonnelle;44;55;0;0;0;0;0;0;0;0;0;0;0;0;0;0;0;0;0;0;0;0;0;0;0;0;2;0;1;0;0;0;0;0;0;1;0;0;0
55512;Tilly-sur-Meuse;44;55;0;0;0;0;0;0;0;0;0;0;0;0;0;0;0;0;0;0;0;0;0;0;0;0;0;1;0;0;2;0;0;0;0;1;0;0;0
55514;Trémont-sur-Saulx;44;55;0;0;0;0;0;0;0;0;0;0;0;0;0;0;0;0;0;0;0;0;2;0;0;0;0;1;0;0;0;0;2;0;0;1;0;0;0
55515;Trésauvaux;44;55;0;0;0;0;0;0;0;0;0;0;0;0;0;0;0;0;0;0;0;0;0;0;0;0;0;0;0;0;0;0;0;0;0;0;0;0;0
55516;Tréveray;44;55;0;0;0;0;0;0;0;0;0;0;0;0;0;0;0;0;0;0;0;1;1;0;0;0;1;2;0;1;3;0;1;0;0;1;0;0;0
55517;Seuil-d'Argonne;44;55;0;1;0;0;0;0;0;0;0;0;0;0;0;0;0;1;0;1;0;0;0;0;0;0;2;2;0;1;1;0;1;2;0;1;0;0;0
55518;Cousances-lès-Triconville;44;55;0;0;0;0;0;0;0;0;0;0;0;0;0;0;0;0;0;0;0;0;0;0;0;0;1;0;1;1;0;0;0;0;0;0;0;0;0
55519;Tronville-en-Barrois;44;55;0;0;0;0;0;0;0;0;0;0;0;0;0;0;0;0;0;1;0;0;0;0;0;0;0;1;0;2;3;0;1;0;0;1;0;0;0
55520;Troussey;44;55;0;0;0;0;0;0;0;0;0;0;0;0;0;0;0;0;0;0;0;0;0;0;0;0;2;1;2;0;1;0;0;0;0;1;0;0;0
55521;Troyon;44;55;0;0;0;0;0;0;0;0;0;0;0;0;0;0;0;0;0;0;0;1;0;0;0;0;0;0;0;1;1;1;0;0;0;0;0;0;0
55522;Ugny-sur-Meuse;44;55;0;0;0;0;0;0;0;0;0;0;0;0;0;0;0;0;0;0;0;0;0;0;0;0;0;0;0;0;0;0;0;0;0;0;0;0;0
55523;Vacherauville;44;55;0;0;0;0;0;0;0;0;0;0;0;0;0;0;0;0;0;0;0;0;0;0;0;0;0;0;0;1;0;0;0;0;0;0;0;0;0
55525;Vadelaincourt;44;55;0;0;0;0;0;0;0;0;0;0;0;0;0;0;0;0;0;0;0;0;0;0;0;0;0;0;0;0;0;0;0;0;0;0;0;0;0
55526;Vadonville;44;55;0;0;0;0;0;0;0;0;0;0;0;0;0;0;0;0;0;0;0;0;0;0;0;0;0;0;0;0;0;0;0;0;0;0;1;0;0
55527;Varennes-en-Argonne;44;55;0;1;0;0;0;0;0;0;0;0;0;0;0;0;0;1;2;1;0;0;2;1;0;0;2;1;2;0;1;0;1;1;0;3;0;0;0
55528;Varnéville;44;55;0;0;0;0;0;0;0;0;0;0;0;0;0;0;0;0;0;0;0;0;0;0;0;0;0;0;0;0;0;0;0;0;0;0;0;0;0
55530;Valbois;44;55;0;0;0;0;0;0;0;0;0;0;0;0;0;0;0;0;0;0;0;0;0;0;0;0;2;0;0;0;0;0;0;0;0;0;0;0;0
55531;Vassincourt;44;55;0;0;0;0;0;0;0;0;0;0;0;0;0;0;0;0;0;0;0;0;0;0;0;0;0;0;1;0;0;0;0;0;0;0;0;0;0
55532;Vaubecourt;44;55;0;0;0;0;0;0;0;0;0;0;0;0;0;0;0;0;0;0;1;0;1;0;0;0;0;0;0;0;0;0;0;0;0;0;0;0;1
55533;Vaucouleurs;44;55;0;1;0;0;0;0;0;0;0;0;1;0;0;0;0;3;0;1;0;0;2;0;0;2;2;1;2;1;0;2;3;2;0;8;2;0;1
55534;Vaudeville-le-Haut;44;55;0;0;0;0;0;0;0;0;0;0;0;0;0;0;0;0;0;0;0;0;0;0;0;0;0;0;0;0;0;0;0;0;0;0;0;0;0
55535;Vaudoncourt;44;55;0;0;0;0;0;0;0;0;0;0;0;0;0;0;0;0;0;0;0;0;1;0;0;0;0;0;0;0;0;0;0;0;0;0;0;0;0
55536;Vauquois;44;55;0;0;0;0;0;0;0;0;0;0;0;0;0;0;0;0;0;0;0;0;0;0;0;0;0;0;0;1;0;0;0;0;0;1;0;0;0
55537;Vaux-devant-Damloup;44;55;0;0;0;0;0;0;0;0;0;0;0;0;0;0;0;0;0;0;0;0;0;0;0;0;0;0;0;0;0;0;0;0;0;0;0;0;0
55540;Vaux-lès-Palameix;44;55;0;0;0;0;0;0;0;0;0;0;0;0;0;0;0;0;0;0;0;0;0;0;0;0;0;0;0;0;0;0;0;0;0;0;0;0;0
55541;Vavincourt;44;55;0;0;0;0;0;0;0;0;0;0;0;0;0;0;0;0;0;0;0;1;0;0;0;0;0;0;0;1;0;0;1;0;0;0;0;0;0
55543;Velaines;44;55;0;0;0;0;0;0;0;0;0;0;0;0;0;0;0;0;0;0;0;0;3;0;0;0;1;1;2;2;1;0;1;0;0;1;0;0;0
55544;Velosnes;44;55;0;0;0;0;0;0;0;0;0;0;0;0;0;0;0;0;0;0;0;0;0;0;0;0;0;0;0;0;0;0;0;0;0;0;0;0;0
55545;Verdun;44;55;1;1;0;1;1;1;0;0;0;0;5;1;0;0;0;14;5;2;1;0;20;5;3;8;11;12;16;16;10;7;38;2;5;88;26;7;14
55546;Verneuil-Grand;44;55;0;0;0;0;0;0;0;0;0;0;0;0;0;0;0;0;0;0;0;0;0;0;0;0;0;0;0;0;0;0;0;0;0;0;0;0;0
55547;Verneuil-Petit;44;55;0;0;0;0;0;0;0;0;0;0;0;0;0;0;0;0;0;0;0;0;0;0;0;0;0;1;0;1;0;1;0;0;0;0;0;0;0
55549;Véry;44;55;0;0;0;0;0;0;0;0;0;0;0;0;0;0;0;0;0;0;0;0;0;0;0;0;0;0;0;0;0;0;0;0;0;0;0;0;0
55551;Vigneulles-lès-Hattonchâtel;44;55;0;1;0;0;0;0;0;0;0;0;1;0;1;0;0;1;1;1;0;0;3;0;0;1;2;7;4;6;1;0;3;0;0;4;0;0;1
55552;Vigneul-sous-Montmédy;44;55;0;0;0;0;0;0;0;0;0;0;0;0;0;0;0;0;0;0;0;0;1;0;0;0;0;0;0;0;0;0;0;0;0;0;0;0;0
55553;Vignot;44;55;0;0;0;0;0;0;0;0;0;0;0;0;0;0;0;0;0;0;1;0;0;0;0;0;2;2;1;1;1;1;1;0;0;0;0;0;0
55554;Villécloye;44;55;0;0;0;0;0;0;0;0;0;0;0;0;0;0;0;0;0;0;0;0;1;0;0;0;0;0;0;0;0;1;0;0;0;0;0;0;0
55555;Ville-devant-Belrain;44;55;0;0;0;0;0;0;0;0;0;0;0;0;0;0;0;0;0;0;0;0;0;0;0;0;0;0;1;0;0;0;0;0;0;0;0;0;0
55556;Ville-devant-Chaumont;44;55;0;0;0;0;0;0;0;0;0;0;0;0;0;0;0;0;0;0;0;0;0;0;0;0;0;0;0;0;0;0;0;0;0;0;0;0;0
55557;Ville-en-Woëvre;44;55;0;0;0;0;0;0;0;0;0;0;0;0;0;0;0;0;0;0;0;0;0;0;0;0;0;0;0;1;0;0;0;0;0;0;0;0;0
55559;Villeroy-sur-Méholle;44;55;0;0;0;0;0;0;0;0;0;0;0;0;0;0;0;0;0;0;0;0;0;0;0;0;0;0;0;0;0;0;0;0;0;0;0;0;0
55560;Villers-aux-Vents;44;55;0;0;0;0;0;0;0;0;0;0;0;0;0;0;0;0;0;0;0;0;0;0;0;0;0;0;0;0;0;0;0;0;0;0;0;0;1
55561;Villers-devant-Dun;44;55;0;0;0;0;0;0;0;0;0;0;0;0;0;0;0;0;0;0;0;0;0;0;0;0;0;0;0;0;0;0;0;0;0;0;0;0;0
55562;Villers-le-Sec;44;55;0;0;0;0;0;0;0;0;0;0;0;0;0;0;0;0;0;0;0;0;0;0;0;0;1;0;1;2;1;0;0;0;0;0;0;0;0
55563;Villers-lès-Mangiennes;44;55;0;0;0;0;0;0;0;0;0;0;0;0;0;0;0;0;0;0;0;0;0;0;0;0;0;0;0;0;0;0;0;0;0;0;0;0;0
55565;Villers-sous-Pareid;44;55;0;0;0;0;0;0;0;0;0;0;0;0;0;0;0;0;0;0;0;0;0;0;0;0;0;0;0;0;0;0;0;0;0;0;0;0;0
55566;Villers-sur-Meuse;44;55;0;0;0;0;0;0;0;0;0;0;0;0;0;0;0;0;0;0;0;1;0;0;0;0;0;0;2;1;0;0;0;0;0;2;0;0;0
55567;Ville-sur-Cousances;44;55;0;0;0;0;0;0;0;0;0;0;0;0;0;0;0;0;0;0;0;0;0;0;0;0;1;0;1;0;0;0;0;0;0;0;0;0;0
55568;Ville-sur-Saulx;44;55;0;0;0;0;0;0;0;0;0;0;0;0;0;0;0;0;0;0;0;0;0;0;0;0;0;0;0;0;1;0;0;0;0;0;0;0;0
55569;Villotte-devant-Louppy;44;55;0;0;0;0;0;0;0;0;0;0;0;0;0;0;0;0;0;0;0;0;0;0;0;0;0;0;0;0;0;0;0;0;0;0;0;0;0
55570;Villotte-sur-Aire;44;55;0;0;0;0;0;0;0;0;0;0;0;0;0;0;0;0;0;0;0;0;0;0;0;0;0;0;1;0;0;0;0;0;0;1;1;0;0
55571;Vilosnes-Haraumont;44;55;0;0;0;0;0;0;0;0;0;0;0;0;0;0;0;0;0;0;0;0;0;0;0;0;0;0;0;1;0;1;0;0;0;1;1;0;0
55572;Vittarville;44;55;0;0;0;0;0;0;0;0;0;0;0;0;0;0;0;0;0;0;0;0;0;0;0;0;0;1;0;1;0;0;0;0;0;0;0;0;0
55573;Void-Vacon;44;55;0;1;0;0;0;0;0;0;0;0;0;0;0;0;0;0;0;1;0;0;2;0;0;1;4;6;3;3;1;1;2;0;0;3;1;0;1
55574;Vouthon-Bas;44;55;0;0;0;0;0;0;0;0;0;0;0;0;0;0;0;0;0;0;0;0;0;0;0;0;0;0;0;0;0;0;1;0;0;0;0;0;0
55575;Vouthon-Haut;44;55;0;0;0;0;0;0;0;0;0;0;0;0;0;0;0;0;0;0;0;0;0;0;0;0;0;0;0;0;0;0;0;0;0;0;0;0;0
55577;Waly;44;55;0;0;0;0;0;0;0;0;0;0;0;0;0;0;0;0;0;0;0;0;1;0;0;0;0;0;1;0;0;0;0;0;0;0;0;0;0
55578;Warcq;44;55;0;0;0;0;0;0;0;0;0;0;0;0;0;0;0;0;0;0;0;0;1;0;0;0;0;0;0;0;0;0;0;0;0;0;0;0;0
55579;Watronville;44;55;0;0;0;0;0;0;0;0;0;0;0;0;0;0;0;0;0;0;0;0;0;0;0;0;0;0;0;0;0;0;0;0;0;0;0;0;0
55580;Wavrille;44;55;0;0;0;0;0;0;0;0;0;0;0;0;0;0;0;0;0;0;0;0;0;0;0;0;0;0;0;0;0;1;0;0;0;0;0;0;0
55581;Willeroncourt;44;55;0;0;0;0;0;0;0;0;0;0;0;0;0;0;0;0;0;0;0;0;0;0;0;0;0;0;0;0;0;0;0;0;0;0;0;0;0
55582;Wiseppe;44;55;0;0;0;0;0;0;0;0;0;0;0;0;0;0;0;0;0;0;0;0;0;0;0;0;0;0;0;0;0;0;0;0;0;0;0;0;0
55583;Woël;44;55;0;0;0;0;0;0;0;0;0;0;0;0;0;0;0;0;0;0;0;0;3;0;0;0;0;0;0;0;0;0;0;0;0;0;0;0;0
55584;Woimbey;44;55;0;0;0;0;0;0;0;0;0;0;0;0;0;0;0;0;0;0;0;0;2;0;0;0;0;0;0;0;0;1;0;0;0;0;0;0;0
55586;Xivray-et-Marvoisin;44;55;0;0;0;0;0;0;0;0;0;0;0;0;0;0;0;0;0;0;0;0;0;0;0;0;0;0;0;0;0;0;0;0;0;1;0;0;0
56001;Allaire;53;56;0;1;0;0;0;0;0;0;0;0;1;0;0;0;0;2;1;1;0;0;4;1;0;3;7;5;10;5;3;1;5;2;0;3;4;0;2
56002;Ambon;53;56;0;0;0;0;0;0;0;0;0;0;0;0;0;0;0;0;0;1;0;0;5;0;0;1;3;6;1;3;6;1;2;0;0;7;1;2;2
56003;Arradon;53;56;0;0;0;0;0;0;0;0;0;0;0;0;0;0;0;5;0;1;0;0;3;0;0;1;3;6;6;9;5;0;7;1;0;13;10;1;2
56004;Arzal;53;56;0;0;0;0;0;0;0;0;0;0;0;0;0;0;0;0;0;0;0;1;2;0;0;0;2;3;6;6;2;1;2;0;0;5;0;0;0
56005;Arzon;53;56;0;0;0;0;0;0;0;0;0;0;0;0;0;0;0;2;1;1;0;0;2;0;0;2;4;0;1;5;1;0;5;0;0;31;11;1;1
56006;Augan;53;56;0;0;0;0;0;0;0;0;0;0;0;0;0;0;0;0;0;0;1;0;3;0;0;0;1;3;3;2;0;1;2;0;0;1;0;0;0
56007;Auray;53;56;0;1;0;0;0;0;0;0;0;0;4;1;3;0;0;14;9;2;0;0;14;2;2;9;21;21;11;15;10;9;28;8;3;69;22;5;11
56008;Baden;53;56;0;0;0;0;0;0;0;0;0;0;0;0;1;0;0;1;0;1;0;0;6;0;0;2;4;5;13;6;2;0;4;0;0;12;11;0;2
56009;Bangor;53;56;0;0;0;0;0;0;0;0;0;0;0;0;0;0;0;0;0;0;0;0;0;0;0;0;6;2;2;3;3;0;0;0;0;4;0;0;0
56010;Baud;53;56;0;1;0;0;0;0;0;0;0;0;1;0;0;0;0;4;4;1;0;0;12;1;1;3;16;14;9;16;6;3;7;2;0;15;4;1;3
56011;Béganne;53;56;0;0;0;0;0;0;0;0;0;0;0;0;0;0;0;0;0;0;0;1;0;0;0;0;2;2;3;1;0;0;0;0;0;2;0;0;0
56012;Beignon;53;56;0;0;0;0;0;0;0;0;0;0;0;0;0;0;0;0;0;0;0;1;0;0;0;0;3;0;2;7;1;0;1;0;1;4;0;0;0
56013;Belz;53;56;0;0;0;0;0;0;0;0;0;0;0;0;1;0;0;3;1;1;0;0;4;1;0;1;5;6;8;4;4;0;9;1;0;11;3;2;2
56014;Berné;53;56;0;0;0;0;0;0;0;0;0;0;0;0;0;0;0;0;0;1;0;0;3;0;0;0;2;2;4;2;3;0;2;0;0;2;0;0;0
56015;Berric;53;56;0;0;0;0;0;0;0;0;0;0;0;0;0;0;0;0;0;0;0;1;1;0;0;0;1;3;4;3;0;1;2;0;0;1;1;0;1
56016;Bieuzy;53;56;0;0;0;0;0;0;0;0;0;0;0;0;0;0;0;0;0;0;1;0;0;0;0;1;1;0;1;2;3;0;0;0;0;2;0;0;0
56017;Bignan;53;56;0;0;0;0;0;0;0;0;0;0;0;0;0;0;0;0;0;0;1;0;6;0;0;0;4;2;3;5;2;0;2;0;0;4;0;0;1
56018;Billiers;53;56;0;0;0;0;0;0;0;0;0;0;0;0;0;0;0;0;0;0;0;1;0;0;0;0;2;1;0;0;0;1;1;0;0;1;1;0;0
56019;Billio;53;56;0;0;0;0;0;0;0;0;0;0;0;0;0;0;0;0;0;0;0;0;0;0;0;0;0;1;1;1;0;0;0;0;0;0;0;0;0
56020;Bohal;53;56;0;0;0;0;0;0;0;0;0;0;0;0;0;0;0;0;0;0;0;0;0;0;0;0;1;2;3;3;1;0;0;1;0;2;0;0;0
56021;Brandérion;53;56;0;0;0;0;0;0;0;0;0;0;0;0;0;0;0;0;0;0;0;0;2;0;0;0;2;3;2;1;2;0;2;0;0;1;1;0;1
56022;Brandivy;53;56;0;0;0;0;0;0;0;0;0;0;0;0;0;0;0;0;0;0;0;0;2;0;0;0;2;3;6;4;0;0;1;0;0;1;1;0;0
56023;Brech;53;56;0;0;0;0;0;0;0;0;0;0;0;0;0;0;0;0;1;0;0;1;11;1;0;1;9;16;19;14;9;4;6;6;0;8;11;0;1
56024;Bréhan;53;56;0;0;0;0;0;0;0;0;0;0;0;0;0;0;0;0;1;1;0;0;5;1;0;0;0;1;2;2;4;1;3;0;0;2;1;0;1
56025;Brignac;53;56;0;0;0;0;0;0;0;0;0;0;0;0;0;0;0;0;0;0;0;0;0;0;0;0;0;0;0;0;0;0;0;0;0;1;0;0;0
56026;Bubry;53;56;0;0;0;0;0;0;0;0;0;0;0;0;0;0;0;2;1;1;0;0;5;0;0;1;3;4;13;5;4;0;3;2;0;7;0;0;0
56027;Buléon;53;56;0;0;0;0;0;0;0;0;0;0;0;0;0;0;0;0;0;0;0;0;2;0;0;0;1;2;1;1;1;0;0;0;0;1;2;0;1
56028;Caden;53;56;0;0;0;0;0;0;0;0;0;0;0;0;0;0;0;0;0;0;0;1;2;0;0;0;1;3;4;0;1;0;1;1;0;3;1;0;0
56029;Calan;53;56;0;0;0;0;0;0;0;0;0;0;0;0;0;0;0;0;0;0;0;0;0;0;0;0;1;2;0;2;0;0;1;0;0;3;1;0;0
56030;Camoël;53;56;0;0;0;0;0;0;0;0;0;0;0;0;0;0;0;0;0;0;0;1;0;0;0;0;0;2;3;0;1;0;1;0;0;1;1;0;1
56031;Camors;53;56;0;0;0;0;0;0;0;0;0;0;0;0;0;0;0;0;1;1;0;0;1;1;0;0;3;7;3;6;3;2;4;0;0;6;2;0;1
56032;Campénéac;53;56;0;0;0;0;0;0;0;0;0;0;0;0;0;0;0;0;0;0;0;1;3;0;0;0;5;2;2;2;1;0;2;2;0;1;0;0;0
56033;Carentoir;53;56;0;0;0;0;0;0;0;0;0;0;0;0;1;0;0;2;0;1;0;0;2;0;1;1;1;3;2;2;1;0;5;0;0;2;1;0;1
56034;Carnac;53;56;0;1;0;0;0;0;0;0;0;0;1;0;1;0;0;9;1;1;0;0;6;0;0;2;4;14;7;9;6;3;9;1;0;57;16;3;7
56035;Caro;53;56;0;0;0;0;0;0;0;0;0;0;0;0;0;0;0;0;0;0;0;1;1;0;0;0;0;0;3;0;1;0;1;0;0;2;0;0;0
56036;Caudan;53;56;0;0;0;0;0;0;0;0;0;0;0;0;0;0;0;3;3;1;0;0;16;3;0;2;15;14;17;28;11;5;4;3;1;16;4;0;4
56038;La Chapelle-Gaceline;53;56;0;0;0;0;0;0;0;0;0;0;0;0;0;0;0;0;0;0;0;0;0;0;0;0;0;0;0;2;3;1;1;0;0;1;1;0;0
56039;La Chapelle-Neuve;53;56;0;0;0;0;0;0;0;0;0;0;0;0;0;0;0;0;0;0;0;0;1;0;0;0;2;0;0;2;1;0;2;0;0;0;0;0;1
56040;Cléguer;53;56;0;0;0;0;0;0;0;0;0;0;0;0;0;0;0;0;0;0;0;1;0;0;1;0;5;4;6;9;2;0;3;0;0;7;1;0;0
56041;Cléguérec;53;56;0;0;0;0;0;0;0;0;0;0;0;0;0;0;0;3;0;1;0;0;3;0;0;0;4;4;5;5;3;0;2;1;0;4;1;0;1
56042;Colpo;53;56;0;0;0;0;0;0;0;0;0;0;0;0;0;0;0;0;0;1;0;0;2;0;0;0;5;3;4;5;5;1;2;0;0;3;1;0;1
56043;Concoret;53;56;0;0;0;0;0;0;0;0;0;0;0;0;0;0;0;0;0;0;0;1;1;0;0;0;0;1;0;1;1;1;1;0;0;3;1;0;0
56044;Cournon;53;56;0;0;0;0;0;0;0;0;0;0;0;0;0;0;0;0;0;0;0;0;1;0;0;0;0;0;1;0;1;0;0;0;0;2;0;0;0
56045;Le Cours;53;56;0;0;0;0;0;0;0;0;0;0;0;0;0;0;0;0;0;0;0;0;0;0;0;0;1;1;1;0;1;0;0;0;0;1;0;0;0
56046;Crach;53;56;0;0;0;0;0;0;0;0;0;0;0;0;0;0;0;0;0;1;0;0;11;2;0;3;7;6;11;7;5;3;6;0;0;12;5;1;0
56047;Crédin;53;56;0;0;0;0;0;0;0;0;0;0;0;0;0;0;0;0;0;0;1;0;3;0;0;0;0;4;6;3;0;0;1;0;0;3;0;0;0
56048;Le Croisty;53;56;0;0;0;0;0;0;0;0;0;0;0;0;0;0;0;2;0;1;0;0;2;0;0;0;1;0;3;2;0;1;1;0;0;2;1;0;0
56049;Croixanvec;53;56;0;0;0;0;0;0;0;0;0;0;0;0;0;0;0;0;0;0;0;0;0;0;0;0;0;0;0;0;2;0;0;0;0;0;0;0;0
56050;La Croix-Helléan;53;56;0;0;0;0;0;0;0;0;0;0;0;0;0;0;0;0;0;0;0;0;1;0;0;0;0;0;1;1;2;0;1;0;0;0;2;0;0
56051;Cruguel;53;56;0;0;0;0;0;0;0;0;0;0;0;0;0;0;0;0;0;0;1;0;0;0;0;0;0;2;0;1;1;0;1;0;0;0;0;0;0
56052;Damgan;53;56;0;0;0;0;0;0;0;0;0;0;0;0;0;0;0;0;0;1;0;0;1;0;0;0;5;2;2;0;4;0;3;0;0;19;6;0;0
56053;Elven;53;56;0;1;0;0;0;0;0;0;0;0;1;0;1;0;0;3;2;1;0;0;8;1;0;2;6;13;12;12;4;1;4;1;1;6;3;1;2
56054;Erdeven;53;56;0;0;0;0;0;0;0;0;0;0;0;0;0;0;0;0;0;1;0;0;5;0;0;1;6;7;7;9;3;0;7;0;0;15;3;0;4
56055;Étel;53;56;0;1;0;0;0;0;0;0;0;0;1;0;0;0;0;2;2;1;0;0;2;0;0;1;1;3;3;1;3;0;4;0;0;19;2;1;1
56056;Évriguet;53;56;0;0;0;0;0;0;0;0;0;0;0;0;0;0;0;0;0;0;0;0;0;0;0;0;0;0;0;0;1;0;0;0;0;1;0;0;0
56057;Le Faouët;53;56;0;1;0;0;0;0;0;0;0;0;0;0;0;0;0;3;0;1;0;0;7;1;0;1;4;4;3;7;2;1;7;4;0;10;1;0;1
56058;Férel;53;56;0;0;0;0;0;0;0;0;0;0;0;0;0;0;0;0;0;1;0;0;4;0;0;2;3;8;7;4;4;1;6;0;0;2;4;0;4
56059;Les Forges;53;56;0;0;0;0;0;0;0;0;0;0;0;0;0;0;0;0;0;0;1;0;0;0;0;0;0;0;1;1;0;0;0;0;0;2;0;0;0
56060;Les Fougerêts;53;56;0;0;0;0;0;0;0;0;0;0;0;0;0;0;0;0;0;0;0;1;1;0;0;0;2;0;2;2;4;0;1;0;0;0;0;0;1
56061;La Gacilly;53;56;0;1;0;0;0;0;0;0;0;0;1;0;0;0;0;3;1;1;0;0;2;1;0;2;2;3;6;2;1;1;3;1;0;15;3;2;2
56062;Gâvres;53;56;0;0;0;0;0;0;0;0;0;0;0;0;0;0;0;0;0;1;0;0;0;0;0;0;0;2;0;0;2;0;1;0;0;2;0;0;0
56063;Gestel;53;56;0;0;0;0;0;0;0;0;0;0;0;0;0;0;0;0;0;1;0;0;2;0;0;0;0;4;0;4;6;1;2;0;0;4;2;0;2
56064;Glénac;53;56;0;0;0;0;0;0;0;0;0;0;0;0;0;0;0;0;0;0;0;0;0;0;0;0;1;0;1;1;0;1;1;0;0;2;0;0;0
56065;Gourhel;53;56;0;0;0;0;0;0;0;0;0;0;0;0;0;0;0;0;0;0;0;0;0;0;0;0;0;0;1;0;0;0;1;0;0;1;0;0;0
56066;Gourin;53;56;0;1;0;0;0;0;0;0;0;0;1;0;3;0;0;5;1;1;0;0;3;1;0;3;3;3;7;4;4;1;8;4;0;12;3;0;2
56067;Grand-Champ;53;56;0;1;0;0;0;0;0;0;0;0;0;0;2;0;0;2;1;1;0;0;10;1;1;2;7;12;4;11;8;2;6;2;0;6;3;1;2
56068;La Grée-Saint-Laurent;53;56;0;0;0;0;0;0;0;0;0;0;0;0;0;0;0;0;0;0;0;0;0;0;0;0;1;0;1;0;0;0;0;0;0;0;0;0;0
56069;Groix;53;56;0;1;0;0;0;0;0;0;0;0;0;0;0;0;0;1;1;1;0;0;5;1;0;0;7;2;6;5;2;1;5;1;0;24;3;2;1
56070;Guégon;53;56;0;0;0;0;0;0;0;0;0;0;0;0;0;0;0;0;0;0;0;1;4;0;0;0;2;2;4;2;1;0;2;0;0;1;1;0;0
56071;Guéhenno;53;56;0;0;0;0;0;0;0;0;0;0;0;0;0;0;0;0;0;0;0;1;3;0;0;0;1;1;1;3;1;1;1;0;0;2;0;0;0
56072;Gueltas;53;56;0;0;0;0;0;0;0;0;0;0;0;0;0;0;0;0;0;0;0;0;0;0;0;0;0;0;0;1;1;0;0;0;0;0;0;0;0
56073;Guémené-sur-Scorff;53;56;0;1;0;0;0;0;0;0;0;0;1;0;0;0;0;3;1;1;0;0;1;1;0;2;0;0;1;2;0;1;3;3;0;9;1;1;1
56074;Guénin;53;56;0;0;0;0;0;0;0;0;0;0;0;0;0;0;0;0;0;0;0;1;3;0;0;0;4;3;1;3;3;1;1;1;0;2;0;0;1
56075;Guer;53;56;0;1;0;0;0;0;0;0;0;0;1;0;1;0;0;6;2;2;0;0;9;2;1;3;2;3;5;5;3;0;12;0;3;15;2;5;5
56076;Guern;53;56;0;0;0;0;0;0;0;0;0;0;0;0;0;0;0;0;0;1;0;0;0;0;0;0;2;0;3;3;0;0;0;0;0;4;0;0;0
56077;Le Guerno;53;56;0;0;0;0;0;0;0;0;0;0;0;0;0;0;0;0;0;0;0;0;0;0;0;0;3;2;1;1;1;0;2;0;0;1;0;0;0
56078;Guidel;53;56;0;0;0;0;0;0;0;0;0;0;0;0;2;0;0;7;1;1;0;0;9;1;0;2;10;12;16;14;15;0;17;5;0;24;17;1;6
56079;Guillac;53;56;0;0;0;0;0;0;0;0;0;0;0;0;0;0;0;0;0;0;0;1;0;0;0;0;5;2;3;1;1;0;1;0;0;1;0;0;0
56080;Guilliers;53;56;0;0;0;0;0;0;0;0;0;0;0;0;0;0;0;0;0;1;0;0;2;0;0;1;1;1;2;0;1;0;1;1;0;1;0;0;1
56081;Guiscriff;53;56;0;0;0;0;0;0;0;0;0;0;0;0;0;0;0;3;0;1;0;0;3;0;0;1;4;3;5;7;1;0;3;1;0;7;0;0;1
56082;Helléan;53;56;0;0;0;0;0;0;0;0;0;0;0;0;0;0;0;0;0;0;0;0;0;0;0;0;1;0;0;1;0;0;0;0;0;2;0;0;0
56083;Hennebont;53;56;0;1;0;0;0;0;0;0;0;0;1;0;2;0;0;10;2;1;0;0;19;2;0;7;27;28;16;17;16;2;26;2;2;38;10;3;10
56084;Le Hézo;53;56;0;0;0;0;0;0;0;0;0;0;0;0;0;0;0;0;0;0;0;0;2;0;0;0;1;3;7;3;3;2;0;0;0;1;1;0;0
56085;Hoedic;53;56;0;0;0;0;0;0;0;0;0;0;0;0;0;0;0;0;0;0;0;1;0;0;0;0;0;0;1;1;1;0;0;0;0;3;0;0;0
56086;Île-d'Houat;53;56;0;0;0;0;0;0;0;0;0;0;0;0;0;0;0;0;0;0;0;1;0;0;0;0;2;1;0;1;0;0;0;0;0;4;0;0;0
56087;Île-aux-Moines;53;56;0;0;0;0;0;0;0;0;0;0;0;0;0;0;0;0;0;1;0;0;1;0;0;0;3;1;1;2;1;0;1;0;0;15;1;0;1
56088;Île-d'Arz;53;56;0;0;0;0;0;0;0;0;0;0;0;0;0;0;0;0;0;0;0;1;0;0;0;0;0;2;2;0;0;0;1;0;0;6;1;0;0
56089;Inguiniel;53;56;0;0;0;0;0;0;0;0;0;0;0;0;0;0;0;0;0;1;0;0;2;0;0;0;8;5;4;4;3;0;6;0;0;5;0;0;0
56090;Inzinzac-Lochrist;53;56;0;0;0;0;0;0;0;0;0;0;0;0;0;0;0;3;1;1;0;0;7;0;0;1;8;12;13;10;1;0;4;0;0;8;0;0;3
56091;Josselin;53;56;0;1;0;0;0;0;0;0;0;0;0;0;0;0;0;4;1;1;0;0;4;2;0;3;2;1;4;3;3;0;6;0;1;18;0;1;1
56092;Kerfourn;53;56;0;0;0;0;0;0;0;0;0;0;0;0;0;0;0;0;0;0;0;0;2;0;0;0;0;0;3;0;1;1;0;0;0;2;0;0;0
56093;Kergrist;53;56;0;0;0;0;0;0;0;0;0;0;0;0;0;0;0;0;0;0;0;0;1;0;0;0;0;0;2;3;0;0;0;0;0;2;0;0;0
56094;Kervignac;53;56;0;0;0;0;0;0;0;0;0;0;0;0;0;0;0;0;0;0;0;1;8;2;0;1;8;9;15;20;14;1;7;2;0;14;3;1;3
56096;Landaul;53;56;0;0;0;0;0;0;0;0;0;0;0;0;0;0;0;0;0;0;0;1;1;0;0;0;2;1;5;2;0;0;2;0;0;3;0;1;2
56097;Landévant;53;56;0;1;0;0;0;0;0;0;0;0;0;0;1;0;0;2;0;1;0;0;5;0;0;0;5;4;10;5;5;2;4;0;0;10;3;0;2
56098;Lanester;53;56;0;0;0;0;0;0;0;0;0;0;0;1;1;0;0;11;2;2;0;0;28;3;2;5;64;45;21;22;16;5;25;4;0;43;16;2;9
56099;Langoëlan;53;56;0;0;0;0;0;0;0;0;0;0;0;0;0;0;0;0;0;0;0;0;2;0;0;0;1;1;0;1;0;0;0;0;0;2;1;0;0
56100;Langonnet;53;56;0;0;0;0;0;0;0;0;0;0;0;0;0;0;0;0;1;1;1;0;1;0;0;0;2;1;4;5;2;0;1;0;0;2;3;0;0
56101;Languidic;53;56;0;0;0;0;0;0;0;0;0;0;0;0;1;0;0;3;1;1;0;0;10;1;0;2;7;11;15;8;9;1;7;6;0;14;2;2;3
56102;Lanouée;53;56;0;0;0;0;0;0;0;0;0;0;0;0;0;0;0;0;0;0;1;0;5;0;0;0;2;3;3;2;1;0;1;2;0;2;0;0;0
56103;Lantillac;53;56;0;0;0;0;0;0;0;0;0;0;0;0;0;0;0;0;0;0;0;0;0;0;0;0;3;1;0;1;0;0;0;0;0;0;0;0;0
56104;Lanvaudan;53;56;0;0;0;0;0;0;0;0;0;0;0;0;0;0;0;0;0;0;0;0;1;0;0;0;0;3;0;0;0;0;0;0;0;2;0;0;0
56105;Lanvénégen;53;56;0;0;0;0;0;0;0;0;0;0;0;0;0;0;0;0;1;0;0;1;1;0;0;0;1;4;1;2;0;0;0;0;0;2;0;0;0
56106;Larmor-Baden;53;56;0;0;0;0;0;0;0;0;0;0;0;0;0;0;0;0;0;1;0;0;0;0;0;0;0;3;1;0;1;0;2;0;0;1;0;0;0
56107;Larmor-Plage;53;56;0;0;0;0;0;0;0;0;0;0;0;0;0;0;0;8;1;1;0;0;4;1;0;1;2;2;3;8;3;2;6;1;0;19;16;1;6
56108;Larré;53;56;0;0;0;0;0;0;0;0;0;0;0;0;0;0;0;0;0;0;0;0;1;0;0;0;5;1;2;2;0;0;1;0;0;5;0;0;1
56109;Lauzach;53;56;0;0;0;0;0;0;0;0;0;0;0;0;0;0;0;0;0;0;0;0;0;0;0;0;1;3;0;3;1;0;1;0;0;0;0;0;0
56110;Lignol;53;56;0;0;0;0;0;0;0;0;0;0;0;0;0;0;0;0;0;1;0;0;1;0;0;0;1;2;1;3;2;0;1;0;0;2;2;0;0
56111;Limerzel;53;56;0;0;0;0;0;0;0;0;0;0;0;0;0;0;0;0;0;0;0;1;1;0;0;0;1;4;3;6;3;0;2;0;0;2;0;0;0
56112;Lizio;53;56;0;0;0;0;0;0;0;0;0;0;0;0;0;0;0;0;0;0;0;0;1;0;0;0;0;3;1;2;1;1;1;0;0;1;0;0;1
56113;Locmalo;53;56;0;0;0;0;0;0;0;0;0;0;0;0;0;0;0;0;0;0;0;0;2;0;0;0;4;1;1;3;0;0;2;0;0;1;0;0;0
56114;Locmaria;53;56;0;0;0;0;0;0;0;0;0;0;0;0;0;0;0;0;0;0;0;1;1;0;0;0;3;3;6;5;2;0;0;0;0;9;0;0;0
56115;Locmaria-Grand-Champ;53;56;0;0;0;0;0;0;0;0;0;0;0;0;0;0;0;0;0;0;0;0;3;0;0;0;3;4;0;2;3;0;1;1;0;2;2;0;0
56116;Locmariaquer;53;56;0;0;0;0;0;0;0;0;0;0;0;0;0;0;0;0;0;1;0;0;2;0;0;0;2;2;2;3;0;0;3;0;0;6;2;0;1
56117;Locminé;53;56;0;1;0;0;0;0;0;0;0;0;1;0;1;0;0;6;1;1;0;0;4;2;0;4;3;5;1;6;3;0;9;4;5;15;2;1;6
56118;Locmiquélic;53;56;0;0;0;0;0;0;0;0;0;0;0;0;0;0;0;1;2;1;0;0;4;0;0;3;4;5;7;6;5;0;3;0;0;11;4;1;3
56119;Locoal-Mendon;53;56;0;0;0;0;0;0;0;0;0;0;0;0;0;0;0;0;0;0;0;1;3;0;0;1;5;12;5;11;3;0;4;0;0;6;3;0;1
56120;Locqueltas;53;56;0;0;0;0;0;0;0;0;0;0;0;0;0;0;0;0;0;0;0;0;1;0;0;1;2;5;9;1;3;1;1;1;0;0;1;0;1
56121;Lorient;53;56;1;0;0;1;1;1;1;0;0;0;10;2;6;0;0;51;8;4;0;0;38;4;7;15;97;94;50;46;45;19;97;7;37;252;93;11;32
56122;Loyat;53;56;0;0;0;0;0;0;0;0;0;0;0;0;0;0;0;0;0;0;1;0;2;0;0;0;1;1;0;1;1;0;1;0;0;2;0;0;0
56123;Malansac;53;56;0;0;0;0;0;0;0;0;0;0;0;0;1;0;0;1;1;1;0;0;2;1;0;2;4;4;8;4;4;1;4;5;0;3;1;1;2
56124;Malestroit;53;56;0;1;0;0;0;0;0;0;0;0;1;0;0;0;0;5;0;1;0;0;3;0;0;3;0;4;2;2;1;0;5;12;0;16;2;2;2
56125;Malguénac;53;56;0;0;0;0;0;0;0;0;0;0;0;0;0;0;0;0;0;0;0;1;3;0;0;0;1;2;2;2;2;0;3;0;0;1;0;0;0
56126;Marzan;53;56;0;0;0;0;0;0;0;0;0;0;0;0;0;0;0;0;0;0;0;1;3;1;0;0;7;4;7;3;0;1;4;0;0;5;1;0;1
56127;Mauron;53;56;0;1;0;0;0;0;0;0;0;0;1;0;1;0;0;2;3;1;0;0;9;1;0;2;3;4;3;8;1;2;6;3;0;11;0;1;2
56128;Melrand;53;56;0;0;0;0;0;0;0;0;0;0;0;0;0;0;0;0;1;1;0;0;0;0;0;1;5;3;2;2;1;0;1;0;0;7;1;0;0
56129;Ménéac;53;56;0;0;0;0;0;0;0;0;0;0;0;0;0;0;0;0;0;1;0;0;2;0;0;2;2;5;3;3;0;0;1;0;0;3;0;0;0
56130;Merlevenez;53;56;0;0;0;0;0;0;0;0;0;0;0;0;1;0;0;0;0;1;0;0;9;0;0;0;1;8;8;6;3;1;6;1;0;6;0;0;2
56131;Meslan;53;56;0;0;0;0;0;0;0;0;0;0;0;0;0;0;0;0;0;1;0;0;3;0;0;0;5;2;3;5;3;0;1;0;0;2;0;0;0
56132;Meucon;53;56;0;0;0;0;0;0;0;0;0;0;0;0;0;0;0;0;0;0;1;0;1;0;0;1;3;0;5;3;4;1;2;0;0;2;2;0;1
56133;Missiriac;53;56;0;0;0;0;0;0;0;0;0;0;0;0;0;0;0;0;0;0;0;0;0;0;0;0;1;0;1;0;2;0;0;0;0;1;0;0;0
56134;Mohon;53;56;0;0;0;0;0;0;0;0;0;0;0;0;0;0;0;1;0;0;1;0;0;0;0;0;1;0;5;2;0;1;1;0;0;1;0;0;0
56135;Molac;53;56;0;0;0;0;0;0;0;0;0;0;0;0;0;0;0;0;0;1;0;0;3;0;0;0;3;3;1;5;2;1;1;0;0;3;1;0;0
56136;Monteneuf;53;56;0;0;0;0;0;0;0;0;0;0;0;0;0;0;0;0;0;0;1;0;0;0;0;0;1;1;0;1;0;0;0;0;0;3;0;0;0
56137;Monterblanc;53;56;0;0;0;0;0;0;0;0;0;0;0;0;0;0;0;0;0;0;0;1;3;0;0;0;6;8;10;8;4;0;5;0;0;5;0;0;0
56138;Monterrein;53;56;0;0;0;0;0;0;0;0;0;0;0;0;0;0;0;0;0;0;0;0;0;0;0;0;0;0;0;1;0;0;0;0;0;2;0;0;0
56139;Montertelot;53;56;0;0;0;0;0;0;0;0;0;0;0;0;0;0;0;0;0;0;0;0;0;0;0;0;0;0;0;0;0;0;1;0;0;1;0;0;2
56140;Moréac;53;56;0;0;0;0;0;0;0;0;0;0;0;0;0;0;0;0;0;1;0;0;9;1;0;1;5;6;6;7;3;0;3;2;0;7;2;0;3
56141;Moustoir-Ac;53;56;0;0;0;0;0;0;0;0;0;0;0;0;0;0;0;0;1;0;0;0;0;0;0;0;0;3;4;1;1;0;2;0;0;0;0;0;0
56143;Muzillac;53;56;0;1;0;0;0;0;0;0;0;0;0;0;1;0;0;5;3;1;0;0;13;2;0;3;11;8;8;9;4;2;12;1;0;17;5;2;5
56144;Évellys;53;56;0;0;0;0;0;0;0;0;0;0;0;0;0;0;0;0;1;1;1;1;3;0;0;0;3;2;5;5;1;0;3;1;0;3;2;1;1
56145;Néant-sur-Yvel;53;56;0;0;0;0;0;0;0;0;0;0;0;0;0;0;0;0;0;0;0;1;0;0;0;0;1;2;4;1;0;0;3;0;0;1;1;0;0
56146;Neulliac;53;56;0;0;0;0;0;0;0;0;0;0;0;0;0;0;0;0;0;0;0;0;5;0;0;0;1;2;3;1;0;0;1;0;0;2;0;0;0
56147;Nivillac;53;56;0;1;0;0;0;0;0;0;0;0;0;0;0;0;0;0;0;0;0;1;4;1;1;0;4;8;9;9;3;3;7;5;0;7;2;0;1
56148;Nostang;53;56;0;0;0;0;0;0;0;0;0;0;0;0;0;0;0;0;0;0;0;0;1;0;0;0;1;2;2;4;3;0;2;0;0;0;2;0;0
56149;Noyal-Muzillac;53;56;0;0;0;0;0;0;0;0;0;0;0;0;0;0;0;0;0;0;0;1;1;0;0;0;1;4;5;6;3;0;2;0;0;2;1;0;0
56151;Noyal-Pontivy;53;56;0;0;0;0;0;0;0;0;0;0;0;0;0;0;0;2;1;1;0;0;10;1;0;1;2;5;8;3;2;2;4;5;1;9;0;0;2
56152;Le Palais;53;56;0;1;0;0;0;0;0;0;0;0;1;1;3;0;0;6;1;1;0;0;4;1;4;0;8;10;8;13;8;0;7;3;0;22;7;3;3
56153;Péaule;53;56;0;0;0;0;0;0;0;0;0;0;0;0;0;0;0;0;1;1;0;0;2;0;0;2;10;3;7;7;5;1;4;0;0;3;1;0;3
56154;Peillac;53;56;0;0;0;0;0;0;0;0;0;0;0;0;0;0;0;2;0;1;0;0;3;0;0;1;2;3;1;4;2;0;2;0;0;7;3;0;0
56155;Pénestin;53;56;0;0;0;0;0;0;0;0;0;0;0;0;0;0;0;0;0;1;0;0;2;0;0;0;2;4;3;2;4;2;5;0;0;16;5;0;0
56156;Persquen;53;56;0;0;0;0;0;0;0;0;0;0;0;0;0;0;0;0;0;0;0;0;0;0;0;0;0;0;0;1;0;0;0;0;0;0;0;0;0
56157;Plaudren;53;56;0;0;0;0;0;0;0;0;0;0;0;0;0;0;0;0;0;0;1;0;3;0;0;0;3;4;8;1;2;0;2;0;0;1;1;0;1
56158;Plescop;53;56;0;0;0;0;0;0;0;1;0;0;0;1;1;0;0;4;1;1;0;0;8;1;0;1;7;10;13;10;5;2;7;7;0;9;11;1;7
56159;Pleucadeuc;53;56;0;0;0;0;0;0;0;0;0;0;0;0;0;0;0;0;0;0;0;1;4;0;0;0;1;5;5;1;0;0;2;2;0;2;0;0;0
56160;Pleugriffet;53;56;0;0;0;0;0;0;0;0;0;0;0;0;0;0;0;0;0;0;1;0;1;0;0;0;1;0;3;4;1;1;1;0;0;2;0;0;1
56161;Ploemel;53;56;0;0;0;0;0;0;0;0;0;0;0;0;0;0;0;0;1;0;0;1;3;0;0;0;7;4;9;9;3;1;2;0;0;6;0;0;1
56162;Ploemeur;53;56;0;0;0;0;0;0;0;0;0;0;0;0;2;0;0;9;1;1;1;0;7;2;5;3;19;23;17;26;15;3;19;3;0;45;24;1;11
56163;Ploërdut;53;56;0;0;0;0;0;0;0;0;0;0;0;0;0;0;0;0;0;1;0;0;1;0;0;0;3;0;3;3;1;0;3;1;0;4;3;0;0
56164;Ploeren;53;56;0;0;0;0;0;0;0;0;0;0;0;0;0;0;0;3;0;1;0;0;12;0;2;2;11;15;20;7;9;4;12;2;0;11;8;0;4
56165;Ploërmel;53;56;0;1;0;0;0;0;0;0;0;0;5;1;4;0;0;8;1;1;0;0;18;4;0;5;8;12;10;16;10;4;19;3;8;31;10;3;7
56166;Plouay;53;56;0;1;0;0;0;0;0;0;0;0;0;0;2;0;0;4;1;1;0;0;7;2;0;1;11;6;14;9;7;1;7;1;0;11;3;3;2
56167;Plougoumelen;53;56;0;0;0;0;0;0;0;0;0;0;0;0;0;0;0;0;1;0;0;1;1;0;0;0;6;6;10;9;7;3;2;0;0;3;0;0;1
56168;Plouharnel;53;56;0;0;0;0;0;0;0;0;0;0;0;0;0;0;0;0;0;1;0;0;3;1;0;0;5;6;6;7;4;1;4;2;0;12;3;0;2
56169;Plouhinec;53;56;0;0;0;0;0;0;0;0;0;0;0;0;0;0;0;3;1;1;0;0;5;0;0;1;8;9;1;8;6;0;8;0;0;17;3;1;3
56170;Plouray;53;56;0;0;0;0;0;0;0;0;0;0;0;0;0;0;0;1;0;1;0;0;1;0;0;0;1;1;4;1;1;0;1;0;0;1;0;0;0
56171;Pluherlin;53;56;0;0;0;0;0;0;0;0;0;0;0;0;0;0;0;0;0;0;0;0;0;0;0;0;2;1;4;3;1;0;1;0;0;3;0;0;0
56172;Plumelec;53;56;0;0;0;0;0;0;0;0;0;0;0;0;0;0;0;2;2;1;0;0;6;1;0;1;7;8;7;7;1;0;3;0;1;5;1;0;1
56173;Pluméliau;53;56;0;0;0;0;0;0;0;0;0;0;0;0;0;0;0;3;0;0;1;0;4;0;0;2;5;3;8;5;5;0;2;3;0;4;1;0;1
56174;Plumelin;53;56;0;0;0;0;0;0;0;0;0;0;0;0;0;0;0;0;0;0;0;0;3;0;0;2;3;5;4;5;1;0;3;0;0;3;2;0;1
56175;Plumergat;53;56;0;0;0;0;0;0;0;0;0;0;0;0;0;0;0;0;0;0;0;1;4;0;0;0;6;10;5;7;4;1;2;0;0;3;1;0;1
56176;Pluneret;53;56;0;0;0;0;0;0;0;0;0;0;0;0;0;0;0;1;0;1;0;0;11;1;0;4;6;8;14;11;6;1;9;0;0;9;10;1;2
56177;Pluvigner;53;56;0;1;0;0;0;0;0;0;0;0;0;0;0;0;0;4;2;1;0;0;9;1;0;4;12;13;19;10;13;1;10;3;0;12;7;1;7
56178;Pontivy;53;56;1;1;0;0;0;0;0;0;0;0;5;1;3;1;0;14;1;1;0;0;21;3;0;6;7;6;5;14;7;4;29;3;19;40;7;7;10
56179;Pont-Scorff;53;56;0;1;0;0;0;0;0;0;0;0;0;0;0;0;0;2;1;1;0;0;4;1;0;1;4;6;7;5;3;0;5;0;0;11;3;0;2
56180;Porcaro;53;56;0;0;0;0;0;0;0;0;0;0;0;0;0;0;0;0;0;0;0;1;0;0;0;0;0;1;1;1;0;0;0;0;0;0;1;0;0
56181;Port-Louis;53;56;0;1;0;0;0;0;0;0;0;0;1;0;0;0;0;4;1;1;0;0;0;0;0;1;3;5;4;4;1;0;5;1;0;16;0;1;1
56182;Priziac;53;56;0;0;0;0;0;0;0;0;0;0;0;0;0;0;0;0;0;0;0;1;0;0;0;0;3;1;1;1;0;0;1;0;0;3;0;0;0
56183;Quelneuc;53;56;0;0;0;0;0;0;0;0;0;0;0;0;0;0;0;0;0;0;0;0;1;0;0;0;0;1;4;0;0;0;0;0;0;2;1;0;0
56184;Questembert;53;56;0;1;0;0;0;0;0;0;0;0;1;0;1;0;0;6;3;1;0;0;18;3;0;4;9;13;20;9;6;0;10;7;1;19;6;3;4
56185;Quéven;53;56;0;0;0;0;0;0;0;0;0;0;0;0;0;0;0;5;1;1;0;0;11;2;0;2;10;17;9;10;5;1;12;2;1;13;8;2;5
56186;Quiberon;53;56;0;1;0;0;0;0;0;0;0;0;0;1;3;0;0;9;1;1;0;0;3;0;0;2;6;8;5;7;11;1;13;2;0;78;11;1;2
56188;Quistinic;53;56;0;0;0;0;0;0;0;0;0;0;0;0;0;0;0;0;0;0;0;1;1;0;0;0;4;2;3;5;1;0;1;0;0;4;2;0;0
56189;Radenac;53;56;0;0;0;0;0;0;0;0;0;0;0;0;0;0;0;0;0;0;0;1;1;0;0;0;0;2;1;3;0;0;1;0;0;2;1;0;0
56190;Réguiny;53;56;0;0;0;0;0;0;0;0;0;0;0;0;0;0;0;2;0;1;0;0;2;1;0;1;4;2;4;1;4;0;3;2;1;2;0;0;1
56191;Réminiac;53;56;0;0;0;0;0;0;0;0;0;0;0;0;0;0;0;0;0;0;1;0;0;0;0;0;0;0;1;2;0;0;0;0;0;1;0;0;0
56193;Riantec;53;56;0;0;0;0;0;0;0;0;0;0;0;0;1;0;0;1;2;1;0;0;4;2;0;1;5;8;5;7;4;2;7;0;0;2;2;1;1
56194;Rieux;53;56;0;0;0;0;0;0;0;0;0;0;0;0;0;0;0;0;0;0;0;1;5;1;0;1;4;4;5;3;4;0;3;0;0;3;1;0;3
56195;La Roche-Bernard;53;56;0;0;0;0;0;0;0;0;0;0;1;0;1;0;0;4;1;1;0;0;0;0;0;2;1;2;0;0;1;0;5;0;0;16;4;1;2
56196;Rochefort-en-Terre;53;56;0;1;0;0;0;0;0;0;0;0;0;0;0;0;0;0;0;1;0;0;2;0;0;0;1;1;1;1;0;1;0;0;0;10;0;0;0
56197;Val d'Oust;53;56;0;0;0;0;0;0;0;0;0;0;0;0;0;0;0;0;0;1;0;0;3;0;0;0;1;1;5;4;3;0;2;0;0;6;4;0;0
56198;Rohan;53;56;0;1;0;0;0;0;0;0;0;0;1;0;0;0;0;3;0;1;0;0;3;0;0;1;0;3;1;2;1;0;3;2;0;4;1;0;1
56199;Roudouallec;53;56;0;0;0;0;0;0;0;0;0;0;0;0;0;0;0;0;0;0;1;0;2;0;0;0;3;1;0;2;1;0;1;0;0;3;0;0;0
56200;Ruffiac;53;56;0;0;0;0;0;0;0;0;0;0;0;0;0;0;0;0;0;1;0;0;1;0;0;0;0;2;3;4;3;0;2;0;0;1;0;0;1
56201;Le Saint;53;56;0;0;0;0;0;0;0;0;0;0;0;0;0;0;0;0;1;0;0;0;1;0;0;0;0;1;2;2;0;0;0;0;0;2;0;0;0
56202;Saint-Abraham;53;56;0;0;0;0;0;0;0;0;0;0;0;0;0;0;0;0;0;0;0;0;0;0;0;0;1;1;3;0;2;0;1;0;0;0;0;0;0
56203;Saint-Aignan;53;56;0;0;0;0;0;0;0;0;0;0;0;0;0;0;0;0;0;0;0;0;0;0;0;0;0;2;1;0;0;0;0;0;0;3;0;0;2
56204;Saint-Allouestre;53;56;0;0;0;0;0;0;0;0;0;0;0;0;0;0;0;0;0;0;0;0;0;0;0;0;1;0;0;0;1;0;0;1;0;2;1;0;0
56205;Saint-Armel;53;56;0;0;0;0;0;0;0;0;0;0;0;0;0;0;0;0;0;0;0;0;1;0;0;0;3;1;3;1;1;0;0;0;0;2;3;0;0
56206;Saint-Avé;53;56;0;0;0;0;0;0;0;0;0;0;0;0;1;0;0;5;3;1;0;0;14;1;1;3;25;21;22;13;13;4;10;2;2;18;6;2;8
56207;Saint-Barthélemy;53;56;0;0;0;0;0;0;0;0;0;0;0;0;0;0;0;0;0;1;0;0;1;0;1;0;4;1;2;2;1;1;1;0;0;1;0;0;0
56208;Saint-Brieuc-de-Mauron;53;56;0;0;0;0;0;0;0;0;0;0;0;0;0;0;0;0;0;0;0;0;0;0;0;0;0;0;1;0;0;0;0;0;0;0;0;0;0
56209;Sainte-Brigitte;53;56;0;0;0;0;0;0;0;0;0;0;0;0;0;0;0;0;0;0;0;0;0;0;0;0;1;0;0;2;0;0;0;0;0;1;0;0;0
56210;Saint-Caradec-Trégomel;53;56;0;0;0;0;0;0;0;0;0;0;0;0;0;0;0;0;0;0;0;0;1;0;0;0;1;2;0;1;1;0;0;0;0;0;0;0;0
56211;Saint-Congard;53;56;0;0;0;0;0;0;0;0;0;0;0;0;0;0;0;0;0;0;0;1;0;0;0;0;0;0;1;2;0;0;0;0;0;0;0;0;0
56212;Saint-Dolay;53;56;0;0;0;0;0;0;0;0;0;0;0;0;0;0;0;0;0;1;0;0;2;0;0;0;4;3;8;5;4;0;2;0;0;4;1;0;1
56213;Saint-Gérand;53;56;0;0;0;0;0;0;0;0;0;0;0;0;0;0;0;0;0;0;1;0;1;0;0;0;0;0;1;2;1;0;1;0;0;0;0;0;1
56214;Saint-Gildas-de-Rhuys;53;56;0;0;0;0;0;0;0;0;0;0;0;0;0;0;0;0;0;1;0;0;2;0;0;0;1;3;2;1;2;0;2;0;0;11;4;0;0
56215;Saint-Gonnery;53;56;0;0;0;0;0;0;0;0;0;0;0;0;0;0;0;0;0;0;1;0;2;0;0;0;2;1;0;0;0;0;1;0;0;1;1;0;0
56216;Saint-Gorgon;53;56;0;0;0;0;0;0;0;0;0;0;0;0;0;0;0;0;0;0;0;0;0;0;0;0;1;0;2;0;1;0;0;0;0;1;0;0;0
56218;Saint-Gravé;53;56;0;0;0;0;0;0;0;0;0;0;0;0;0;0;0;0;0;0;0;1;0;0;0;0;0;0;2;1;0;0;1;0;0;1;0;0;0
56219;Saint-Guyomard;53;56;0;0;0;0;0;0;0;0;0;0;0;0;0;0;0;0;0;0;0;1;0;0;0;0;1;1;2;2;4;0;1;0;0;3;0;0;0
56220;Sainte-Hélène;53;56;0;0;0;0;0;0;0;0;0;0;0;0;0;0;0;0;0;0;0;0;0;0;0;0;0;1;1;0;2;0;1;0;0;1;0;0;0
56221;Saint-Jacut-les-Pins;53;56;0;0;0;0;0;0;0;0;0;0;0;0;0;0;0;0;0;0;0;1;2;0;0;0;1;4;3;2;0;0;1;0;0;4;0;0;0
56222;Saint-Jean-Brévelay;53;56;0;1;0;0;0;0;0;0;0;0;0;0;1;0;0;3;1;1;0;0;4;1;0;1;5;5;2;5;1;0;3;1;0;4;2;1;1
56223;Saint-Jean-la-Poterie;53;56;0;0;0;0;0;0;0;0;0;0;0;0;0;0;0;0;0;0;0;1;0;0;0;0;1;1;2;1;1;0;1;0;0;2;0;0;0
56224;Saint-Laurent-sur-Oust;53;56;0;0;0;0;0;0;0;0;0;0;0;0;0;0;0;0;0;0;0;0;0;0;0;1;0;1;0;1;0;0;1;0;0;1;0;0;0
56225;Saint-Léry;53;56;0;0;0;0;0;0;0;0;0;0;0;0;0;0;0;0;0;0;0;0;0;0;0;0;0;0;0;0;0;0;0;0;0;0;0;0;0
56226;Saint-Malo-de-Beignon;53;56;0;0;0;0;0;0;0;0;0;0;0;0;0;0;0;0;0;0;0;0;0;0;0;0;1;0;0;0;0;0;0;0;0;3;0;0;0
56227;Saint-Malo-des-Trois-Fontaines;53;56;0;0;0;0;0;0;0;0;0;0;0;0;0;0;0;0;0;0;0;0;1;0;0;0;0;0;0;0;2;0;1;0;0;2;0;0;0
56228;Saint-Marcel;53;56;0;0;0;0;0;0;0;0;0;0;0;0;0;0;0;0;0;0;0;0;3;1;0;0;3;1;2;0;0;0;2;1;0;2;0;0;0
56229;Saint-Martin-sur-Oust;53;56;0;0;0;0;0;0;0;0;0;0;0;0;0;0;0;0;0;0;0;1;2;0;0;0;1;0;0;1;1;0;2;0;0;2;0;0;0
56230;Saint-Nicolas-du-Tertre;53;56;0;0;0;0;0;0;0;0;0;0;0;0;0;0;0;0;0;0;0;1;0;0;0;0;0;1;1;1;0;0;0;0;0;1;0;0;0
56231;Saint-Nolff;53;56;0;0;0;0;0;0;0;0;0;0;0;0;0;0;0;0;0;0;0;1;1;0;0;1;5;9;7;9;5;1;3;0;0;3;2;0;1
56232;Saint-Perreux;53;56;0;0;0;0;0;0;0;0;0;0;0;0;0;0;0;0;0;0;0;0;1;0;0;0;1;1;4;1;0;0;1;0;0;0;0;0;0
56233;Saint-Philibert;53;56;0;0;0;0;0;0;0;0;0;0;0;0;0;0;0;0;0;0;0;1;0;0;0;0;1;4;3;5;3;0;1;0;0;9;4;1;0
56234;Saint-Pierre-Quiberon;53;56;0;0;0;0;0;0;0;0;0;0;0;0;0;0;0;0;0;1;0;0;2;0;0;0;2;4;4;3;4;0;3;0;0;16;5;0;0
56236;Saint-Servant;53;56;0;0;0;0;0;0;0;0;0;0;0;0;0;0;0;0;0;0;0;0;0;0;0;0;1;0;0;0;0;0;0;0;0;1;0;0;0
56237;Saint-Thuriau;53;56;0;0;0;0;0;0;0;0;0;0;0;0;0;0;0;0;1;0;0;1;1;2;1;0;0;2;2;5;1;0;1;0;0;6;1;0;0
56238;Saint-Tugdual;53;56;0;0;0;0;0;0;0;0;0;0;0;0;0;0;0;0;0;0;0;1;0;0;0;0;0;1;0;2;0;0;0;0;0;0;0;0;0
56239;Saint-Vincent-sur-Oust;53;56;0;0;0;0;0;0;0;0;0;0;0;0;0;0;0;0;0;0;0;1;2;0;0;1;1;3;3;1;0;0;3;0;0;3;0;0;0
56240;Sarzeau;53;56;0;1;0;0;0;0;0;0;0;0;1;0;1;0;0;8;2;1;0;0;7;1;0;1;11;15;19;9;10;2;10;3;0;44;16;3;5
56241;Sauzon;53;56;0;0;0;0;0;0;0;0;0;0;0;0;0;0;0;0;1;0;0;1;1;0;0;0;6;10;4;1;2;1;1;0;0;14;1;0;1
56242;Séglien;53;56;0;0;0;0;0;0;0;0;0;0;0;0;0;0;0;0;0;1;0;0;1;0;0;0;2;2;0;2;0;0;0;0;0;0;0;0;0
56243;Séné;53;56;0;0;0;0;0;0;0;0;0;0;0;1;1;0;0;9;0;1;0;0;8;1;1;2;8;11;16;10;7;2;17;4;2;30;9;2;6
56244;Sérent;53;56;0;0;0;0;0;0;0;0;0;0;0;0;0;0;0;3;3;1;0;0;6;1;0;2;3;5;6;7;6;2;3;0;0;6;0;1;1
56245;Silfiac;53;56;0;0;0;0;0;0;0;0;0;0;0;0;0;0;0;0;0;0;0;0;2;0;0;0;0;0;2;1;0;0;0;0;0;0;0;0;0
56246;Le Sourn;53;56;0;0;0;0;0;0;0;0;0;0;0;0;0;0;0;0;0;0;0;1;4;0;0;0;3;4;3;5;6;0;3;0;0;4;0;0;0
56247;Sulniac;53;56;0;0;0;0;0;0;0;0;0;0;0;0;0;0;0;0;1;0;0;1;2;0;0;1;3;6;6;5;5;0;3;0;0;6;2;0;0
56248;Surzur;53;56;0;0;0;0;0;0;0;0;0;0;0;0;0;0;0;3;1;0;0;1;1;0;0;1;10;16;5;10;9;2;8;3;0;3;3;0;2
56249;Taupont;53;56;0;0;0;0;0;0;0;0;0;0;0;0;0;0;0;0;1;0;1;0;1;0;0;0;1;5;5;4;2;0;2;0;0;2;1;0;0
56250;Théhillac;53;56;0;0;0;0;0;0;0;0;0;0;0;0;0;0;0;0;0;0;0;1;1;0;0;0;0;2;3;0;0;0;1;0;0;0;0;0;1
56251;Theix-Noyalo;53;56;0;1;0;0;0;0;0;0;0;0;0;0;1;0;0;4;2;1;0;1;13;2;1;2;16;14;20;13;9;1;6;1;0;18;4;1;6
56252;Le Tour-du-Parc;53;56;0;0;0;0;0;0;0;0;0;0;0;0;0;0;0;0;0;0;0;0;0;0;0;0;1;2;1;2;1;0;2;0;0;1;1;0;0
56253;Tréal;53;56;0;0;0;0;0;0;0;0;0;0;0;0;0;0;0;0;0;0;0;1;0;0;0;0;0;1;1;1;1;0;0;0;0;1;0;0;0
56254;Trédion;53;56;0;0;0;0;0;0;0;0;0;0;0;0;0;0;0;0;0;0;0;1;0;0;0;0;3;2;2;2;1;0;1;0;0;6;1;0;0
56255;Treffléan;53;56;0;0;0;0;0;0;0;0;0;0;0;0;0;0;0;0;0;0;0;1;1;0;0;0;3;5;3;3;1;0;1;0;0;3;1;0;1
56256;Tréhorenteuc;53;56;0;0;0;0;0;0;0;0;0;0;0;0;0;0;0;0;0;0;0;0;0;0;0;0;1;0;0;1;0;0;0;0;0;2;0;0;0
56257;La Trinité-Porhoët;53;56;0;1;0;0;0;0;0;0;0;0;0;0;1;0;0;1;0;0;0;1;2;0;0;0;3;1;0;2;1;0;1;0;0;2;1;0;0
56258;La Trinité-sur-Mer;53;56;0;0;0;0;0;0;0;0;0;0;0;0;0;0;0;2;0;1;0;0;4;0;0;1;2;3;5;5;1;0;3;0;0;22;6;1;4
56259;La Trinité-Surzur;53;56;0;0;0;0;0;0;0;0;0;0;0;0;0;0;0;0;0;0;1;0;3;0;0;0;1;4;1;3;2;0;1;0;0;3;1;0;0
56260;Vannes;53;56;1;1;0;1;1;1;1;0;0;0;17;0;9;0;0;56;11;5;0;0;36;9;13;20;67;65;55;53;27;23;93;13;29;224;78;19;33
56261;La Vraie-Croix;53;56;0;0;0;0;0;0;0;0;0;0;0;0;0;0;0;0;0;0;0;1;3;0;0;0;1;2;2;1;1;0;1;1;0;6;0;0;0
56262;Bono;53;56;0;0;0;0;0;0;0;0;0;0;0;0;0;0;0;0;0;1;0;0;2;0;0;0;5;4;4;6;2;0;2;0;0;2;2;0;1
56263;Sainte-Anne-d'Auray;53;56;0;0;0;0;0;0;0;0;0;0;0;0;0;0;0;2;0;1;0;0;1;0;0;3;0;3;2;2;2;0;3;1;0;8;2;0;1
56264;Kernascléden;53;56;0;0;0;0;0;0;0;0;0;0;0;0;0;0;0;0;0;0;0;0;0;0;0;0;0;1;0;2;1;0;0;0;0;1;0;0;1
57001;Aboncourt;44;57;0;0;0;0;0;0;0;0;0;0;0;0;0;0;0;0;0;0;0;0;1;0;0;0;0;0;0;1;0;0;0;0;0;0;0;0;0
57002;Aboncourt-sur-Seille;44;57;0;0;0;0;0;0;0;0;0;0;0;0;0;0;0;0;0;0;0;0;0;0;0;0;0;0;1;0;0;0;0;0;0;0;0;0;0
57003;Abreschviller;44;57;0;0;0;0;0;0;0;0;0;0;0;0;0;0;0;2;1;1;0;0;1;0;0;0;1;3;0;2;0;1;1;0;0;3;0;0;1
57004;Achain;44;57;0;0;0;0;0;0;0;0;0;0;0;0;0;0;0;0;0;0;0;0;0;0;0;0;0;0;0;0;0;0;0;0;0;0;0;0;0
57006;Achen;44;57;0;0;0;0;0;0;0;0;0;0;0;0;0;0;0;1;0;0;0;1;0;0;0;0;0;0;2;1;0;0;1;0;0;0;1;0;1
57007;Adaincourt;44;57;0;0;0;0;0;0;0;0;0;0;0;0;0;0;0;0;0;0;0;0;0;0;0;0;2;0;0;0;0;0;0;0;0;0;0;0;0
57008;Adelange;44;57;0;0;0;0;0;0;0;0;0;0;0;0;0;0;0;0;0;0;0;0;0;0;0;0;0;0;0;0;1;1;0;0;0;0;0;0;0
57009;Ajoncourt;44;57;0;0;0;0;0;0;0;0;0;0;0;0;0;0;0;0;0;0;0;0;0;0;0;0;0;0;0;0;0;0;0;0;0;0;0;0;0
57010;Alaincourt-la-Côte;44;57;0;0;0;0;0;0;0;0;0;0;0;0;0;0;0;0;0;0;0;0;0;0;0;0;0;2;0;0;1;0;0;0;0;0;0;0;0
57011;Albestroff;44;57;0;1;0;0;0;0;0;0;0;1;0;0;0;0;0;0;0;1;0;0;1;0;0;1;1;0;2;1;1;0;2;0;0;0;0;0;1
57012;Algrange;44;57;0;0;0;0;0;0;0;0;0;1;0;0;0;0;0;1;1;1;0;0;9;1;0;1;5;4;4;12;7;0;9;0;0;11;1;0;4
57013;Alsting;44;57;0;0;0;0;0;0;0;0;0;0;0;0;0;0;0;1;0;0;1;0;3;0;0;0;4;2;2;3;2;1;1;0;0;3;0;0;4
57014;Altrippe;44;57;0;0;0;0;0;0;0;0;0;0;0;0;0;0;0;0;0;0;0;0;1;0;0;0;3;1;0;1;0;0;0;0;0;0;0;0;0
57015;Altviller;44;57;0;0;0;0;0;0;0;0;0;0;0;0;0;0;0;0;0;0;0;0;1;0;0;0;0;0;2;0;2;0;1;0;0;0;1;0;1
57016;Alzing;44;57;0;0;0;0;0;0;0;0;0;0;0;0;0;0;0;0;0;0;0;0;0;0;0;0;0;0;0;0;1;0;0;0;0;0;0;0;1
57017;Amanvillers;44;57;0;1;0;0;0;0;0;0;0;0;0;0;0;0;0;0;0;1;0;0;2;0;0;0;0;7;2;2;2;1;2;0;0;3;0;1;3
57018;Amelécourt;44;57;0;0;0;0;0;0;0;0;0;0;0;0;0;0;0;0;0;0;0;0;1;0;0;0;0;0;0;0;0;0;1;0;0;0;0;0;0
57019;Amnéville;44;57;1;0;0;0;0;0;0;0;0;0;0;0;0;0;0;4;2;1;0;0;8;0;0;3;15;21;11;14;12;3;25;2;0;48;2;2;10
57020;Ancerville;44;57;0;0;0;0;0;0;0;0;0;0;0;0;0;0;0;0;0;0;0;0;0;0;0;0;1;0;2;1;0;1;0;0;0;0;0;0;0
57021;Ancy-Dornot;44;57;0;0;0;0;0;0;0;0;0;0;0;0;0;0;0;0;0;0;0;1;3;0;0;0;3;4;5;3;4;0;2;0;0;4;0;0;1
57022;Angevillers;44;57;0;0;0;0;0;0;0;0;0;0;0;0;0;0;0;0;0;0;0;1;2;1;0;0;4;0;1;3;1;0;2;0;0;1;0;0;1
57024;Antilly;44;57;0;0;0;0;0;0;0;0;0;0;0;0;0;0;0;0;0;0;0;0;0;0;0;0;0;0;0;0;0;0;0;0;0;0;0;0;0
57025;Anzeling;44;57;0;0;0;0;0;0;0;0;0;0;0;0;0;0;0;0;0;0;0;0;2;0;0;0;0;1;1;2;1;0;0;0;0;0;0;0;1
57026;Apach;44;57;0;0;0;0;0;0;0;0;0;0;0;0;0;0;0;0;0;0;0;0;0;0;0;0;1;2;0;0;1;0;0;0;0;2;0;0;1
57027;Arraincourt;44;57;0;0;0;0;0;0;0;0;0;0;0;0;0;0;0;0;0;0;0;0;0;0;0;0;0;0;1;1;0;0;1;0;0;1;0;0;0
57028;Argancy;44;57;0;0;0;0;0;0;0;0;0;0;0;0;0;0;0;0;0;0;0;0;2;0;0;0;2;2;2;2;2;0;2;0;0;4;0;0;0
57029;Arriance;44;57;0;0;0;0;0;0;0;0;0;0;0;0;0;0;0;0;0;0;0;0;0;0;0;0;0;0;0;1;0;0;0;0;0;1;0;0;0
57030;Arry;44;57;0;0;0;0;0;0;0;0;0;0;0;0;0;0;0;0;0;0;0;0;2;0;0;0;1;0;0;0;1;1;0;0;0;1;0;0;0
57031;Ars-Laquenexy;44;57;0;0;0;0;0;0;0;0;0;1;0;0;0;0;0;0;0;0;0;0;2;0;0;0;0;0;1;1;1;1;1;0;0;3;2;0;0
57032;Ars-sur-Moselle;44;57;0;1;0;0;0;0;0;0;0;1;0;0;1;0;0;5;1;1;0;0;13;0;0;1;7;11;8;9;5;4;7;1;0;11;2;2;3
57033;Arzviller;44;57;0;0;0;0;0;0;0;0;0;0;0;0;0;0;0;0;0;0;1;0;1;0;0;0;1;0;2;1;1;0;3;0;0;1;1;0;0
57034;Aspach;44;57;0;0;0;0;0;0;0;0;0;0;0;0;0;0;0;0;0;0;0;0;0;0;0;0;0;0;0;0;0;0;0;0;0;0;0;0;0
57035;Assenoncourt;44;57;0;0;0;0;0;0;0;0;0;0;0;0;0;0;0;0;0;0;0;0;0;0;0;0;0;0;0;0;0;0;0;0;0;0;0;0;0
57036;Attilloncourt;44;57;0;0;0;0;0;0;0;0;0;0;0;0;0;0;0;0;0;0;0;0;1;0;0;0;0;0;0;1;0;0;0;0;0;0;0;0;0
57037;Aube;44;57;0;0;0;0;0;0;0;0;0;0;0;0;0;0;0;0;0;0;0;0;0;0;0;0;0;1;2;0;1;0;1;0;0;0;0;0;0
57038;Audun-le-Tiche;44;57;0;1;0;0;0;0;0;0;0;1;0;0;0;0;0;5;0;1;0;0;9;1;0;1;5;3;2;4;5;0;10;3;0;16;4;0;11
57039;Augny;44;57;0;0;0;0;0;0;0;0;0;0;0;0;0;0;0;0;0;1;0;0;6;1;0;0;4;1;9;7;5;1;2;0;0;12;2;1;3
57040;Aulnois-sur-Seille;44;57;0;0;0;0;0;0;0;0;0;0;0;0;0;0;0;0;0;0;0;0;1;0;0;0;1;1;0;1;1;0;0;0;0;1;0;0;0
57041;Aumetz;44;57;0;1;0;0;0;0;0;0;0;0;0;0;0;0;0;2;0;1;0;0;2;0;0;1;5;7;5;3;3;3;3;0;0;4;1;0;3
57042;Avricourt;44;57;0;0;0;0;0;0;0;0;0;0;0;0;0;0;0;0;0;1;0;0;0;0;0;0;0;0;0;3;1;0;0;0;0;1;0;0;0
57043;Ay-sur-Moselle;44;57;0;0;0;0;0;0;0;0;0;0;0;0;0;0;0;0;0;0;0;1;6;0;0;0;1;3;2;2;1;0;1;0;0;4;2;0;0
57044;Azoudange;44;57;0;0;0;0;0;0;0;0;0;0;0;0;0;0;0;0;0;0;0;0;0;0;0;0;0;0;0;0;0;0;0;0;0;0;0;0;0
57045;Bacourt;44;57;0;0;0;0;0;0;0;0;0;0;0;0;0;0;0;0;0;0;0;0;0;0;0;0;0;0;0;0;0;0;0;0;0;0;0;0;0
57046;Baerenthal;44;57;0;0;0;0;0;0;0;0;0;0;0;0;0;0;0;1;0;0;0;1;1;0;0;0;0;0;1;0;2;0;1;0;0;7;1;0;0
57047;Bambiderstroff;44;57;0;0;0;0;0;0;0;0;0;0;0;0;0;0;0;0;0;0;0;1;0;0;0;0;1;0;2;1;1;0;2;0;0;0;0;0;1
57048;Bannay;44;57;0;0;0;0;0;0;0;0;0;0;0;0;0;0;0;0;0;0;0;0;0;0;0;0;0;0;0;0;0;1;0;0;0;0;0;0;0
57049;Le Ban-Saint-Martin;44;57;0;0;0;0;0;0;0;0;0;0;0;0;0;0;0;1;0;1;0;0;4;0;1;2;3;6;2;6;3;1;5;0;3;11;6;1;2
57050;Barchain;44;57;0;0;0;0;0;0;0;0;0;0;0;0;0;0;0;0;0;0;0;0;0;0;0;0;0;0;0;0;0;0;0;0;0;0;0;0;0
57051;Baronville;44;57;0;0;0;0;0;0;0;0;0;0;0;0;0;0;0;0;0;0;0;0;1;0;0;0;0;0;2;0;1;1;0;0;0;1;0;0;0
57052;Barst;44;57;0;0;0;0;0;0;0;0;0;0;0;0;0;0;0;0;0;0;0;0;0;0;0;0;0;0;0;1;2;0;0;0;0;1;0;0;1
57053;Bassing;44;57;0;0;0;0;0;0;0;0;0;0;0;0;0;0;0;0;0;0;0;0;0;0;0;0;0;0;0;0;0;0;0;0;0;0;0;0;0
57054;Baudrecourt;44;57;0;0;0;0;0;0;0;0;0;0;0;0;0;0;0;0;0;0;0;0;0;0;0;0;1;0;2;0;1;0;0;0;0;0;1;0;1
57055;Bazoncourt;44;57;0;0;0;0;0;0;0;0;0;0;0;0;0;0;0;0;0;0;0;0;0;0;0;0;0;0;1;0;0;0;1;0;0;0;0;0;0
57056;Bébing;44;57;0;0;0;0;0;0;0;0;0;0;0;0;0;0;0;0;0;0;0;0;1;0;0;0;0;0;0;0;0;0;0;0;0;0;0;0;0
57057;Béchy;44;57;0;0;0;0;0;0;0;0;0;0;0;0;0;0;0;0;0;0;0;0;1;0;0;0;0;0;0;1;2;0;1;0;0;0;0;0;1
57058;Behren-lès-Forbach;44;57;0;1;0;0;0;0;0;0;0;0;0;0;0;0;1;3;2;1;0;0;11;1;0;1;10;14;6;5;3;1;7;0;0;3;2;0;3
57059;Bellange;44;57;0;0;0;0;0;0;0;0;0;0;0;0;0;0;0;0;0;0;0;0;1;0;0;0;0;0;0;0;0;0;0;0;0;0;0;0;0
57060;Bénestroff;44;57;0;0;0;0;0;0;0;0;0;0;0;0;0;0;0;0;0;0;0;1;1;0;0;0;0;1;1;1;0;0;1;0;0;2;0;0;0
57061;Béning-lès-Saint-Avold;44;57;0;0;0;0;0;0;0;0;0;0;0;0;0;0;0;0;0;0;0;1;2;0;0;0;1;5;0;2;1;0;1;1;0;1;1;0;2
57062;Berg-sur-Moselle;44;57;0;0;0;0;0;0;0;0;0;0;0;0;0;0;0;0;0;0;0;0;0;0;0;0;0;1;0;0;0;0;0;0;0;0;0;0;0
57063;Bérig-Vintrange;44;57;0;0;0;0;0;0;0;0;0;0;0;0;0;0;0;0;0;0;0;0;0;0;0;0;0;1;1;0;1;0;0;0;0;0;0;0;0
57064;Berling;44;57;0;0;0;0;0;0;0;0;0;0;0;0;0;0;0;0;0;0;0;0;1;0;0;0;0;1;0;0;1;1;1;0;0;0;0;0;0
57065;Bermering;44;57;0;0;0;0;0;0;0;0;0;0;0;0;0;0;0;0;0;0;0;0;1;0;0;0;1;0;1;0;0;0;0;0;0;0;0;0;0
57066;Berthelming;44;57;0;0;0;0;0;0;0;0;0;0;0;0;0;0;0;0;0;0;1;0;1;0;0;0;0;2;1;1;1;0;1;0;0;1;0;0;1
57067;Bertrange;44;57;0;0;0;0;0;0;0;0;0;0;0;0;0;0;0;0;0;0;0;0;2;0;0;1;0;0;2;1;3;2;4;0;0;1;3;0;0
57069;Berviller-en-Moselle;44;57;0;0;0;0;0;0;0;0;0;0;0;0;0;0;0;0;0;0;0;0;1;0;0;0;0;0;0;0;0;0;1;0;0;1;0;0;1
57070;Bettange;44;57;0;0;0;0;0;0;0;0;0;0;0;0;0;0;0;0;0;0;0;0;1;0;0;0;3;2;0;0;0;0;0;0;0;0;0;0;0
57071;Bettborn;44;57;0;0;0;0;0;0;0;0;0;0;0;0;0;0;0;0;0;0;0;0;0;0;0;0;2;1;0;0;1;0;0;0;0;0;0;0;0
57072;Bettelainville;44;57;0;0;0;0;0;0;0;0;0;0;0;0;0;0;0;0;0;0;0;0;1;0;0;0;1;2;0;1;3;0;1;0;0;0;0;0;0
57073;Betting;44;57;0;0;0;0;0;0;0;0;0;0;0;0;0;0;0;0;1;0;0;0;4;1;0;0;2;0;0;0;1;1;2;0;1;5;1;0;1
57074;Bettviller;44;57;0;0;0;0;0;0;0;0;0;0;0;0;0;0;0;0;0;0;0;0;1;0;0;0;2;2;1;0;2;0;0;0;1;2;0;0;0
57075;Beux;44;57;0;0;0;0;0;0;0;0;0;0;0;0;0;0;0;0;0;0;0;0;1;0;0;0;0;3;1;0;0;0;0;0;0;0;0;0;0
57076;Beyren-lès-Sierck;44;57;0;0;0;0;0;0;0;0;0;0;0;0;0;0;0;0;0;0;0;0;1;0;0;0;1;0;0;1;0;0;0;0;0;1;0;0;0
57077;Bezange-la-Petite;44;57;0;0;0;0;0;0;0;0;0;0;0;0;0;0;0;0;0;0;0;0;0;0;0;0;0;0;0;0;0;0;0;0;0;0;0;0;0
57079;Bibiche;44;57;0;0;0;0;0;0;0;0;0;0;0;0;0;0;0;0;0;0;0;0;0;0;0;0;1;0;1;0;1;0;0;0;0;0;0;1;0
57080;Bickenholtz;44;57;0;0;0;0;0;0;0;0;0;0;0;0;0;0;0;0;0;0;0;0;0;0;0;0;0;0;0;0;0;0;0;0;0;0;0;0;0
57081;Bidestroff;44;57;0;0;0;0;0;0;0;0;0;0;0;0;0;0;0;0;0;0;0;0;0;0;0;0;0;0;0;0;0;0;0;0;0;1;0;0;1
57082;Biding;44;57;0;0;0;0;0;0;0;0;0;0;0;0;0;0;0;0;0;0;0;0;0;0;0;0;0;0;0;4;1;0;0;0;0;0;1;0;1
57083;Bining;44;57;0;0;0;0;0;0;0;0;0;0;0;0;0;0;0;0;0;0;0;0;0;0;0;0;0;1;1;0;0;0;0;0;0;1;0;0;0
57084;Bioncourt;44;57;0;0;0;0;0;0;0;0;0;0;0;0;0;0;0;0;0;0;0;0;1;0;0;0;0;0;1;2;0;0;1;0;0;0;0;0;0
57085;Bionville-sur-Nied;44;57;0;0;0;0;0;0;0;0;0;0;0;0;0;0;0;0;0;0;0;1;0;0;0;0;0;0;0;0;1;0;0;0;0;0;0;0;0
57086;Belles-Forêts;44;57;0;0;0;0;0;0;0;0;0;0;0;0;0;0;0;0;0;0;0;0;0;0;0;0;0;0;0;0;0;0;0;0;0;0;0;0;0
57087;Bisten-en-Lorraine;44;57;0;0;0;0;0;0;0;0;0;0;0;0;0;0;0;0;0;0;0;0;2;0;0;0;0;0;1;0;0;0;0;0;0;0;0;0;0
57088;Bistroff;44;57;0;0;0;0;0;0;0;0;0;0;0;0;0;0;0;0;0;0;0;0;0;0;0;0;0;1;1;0;0;1;0;0;0;0;0;0;1
57089;Bitche;44;57;0;1;0;0;0;0;0;0;0;1;0;0;0;0;0;6;1;1;0;0;12;1;0;3;8;3;5;10;3;7;6;0;0;13;4;3;5
57090;Blanche-Église;44;57;0;0;0;0;0;0;0;0;0;0;0;0;0;0;0;0;0;0;0;0;0;0;0;0;0;0;0;0;0;0;0;0;0;0;0;0;0
57091;Bliesbruck;44;57;0;0;0;0;0;0;0;0;0;0;0;0;0;0;0;1;0;0;1;0;3;0;0;0;0;0;0;0;1;0;0;0;0;3;0;0;0
57092;Blies-Ébersing;44;57;0;0;0;0;0;0;0;0;0;0;0;0;0;0;0;0;0;0;0;0;0;0;0;0;0;0;2;0;0;1;2;0;0;1;0;0;2
57093;Blies-Guersviller;44;57;0;0;0;0;0;0;0;0;0;0;0;0;0;0;0;0;0;0;0;0;0;0;0;0;0;0;0;0;3;0;0;0;0;2;1;0;0
57095;Boucheporn;44;57;0;0;0;0;0;0;0;0;0;0;0;0;0;0;0;0;0;0;0;0;2;0;0;0;1;0;1;0;0;0;1;0;0;0;0;0;0
57096;Boulange;44;57;0;0;0;0;0;0;0;0;0;0;0;0;0;0;0;1;0;1;0;0;1;0;0;0;5;4;2;5;0;1;1;0;0;1;1;0;1
57097;Boulay-Moselle;44;57;0;1;0;0;0;0;0;0;0;1;0;0;1;0;0;5;1;1;0;0;13;2;0;4;5;9;8;6;7;3;10;2;1;14;4;1;5
57098;Bourgaltroff;44;57;0;0;0;0;0;0;0;0;0;0;0;0;0;0;0;0;0;0;0;0;0;0;0;0;1;0;1;1;1;0;0;0;0;0;0;0;0
57099;Bourdonnay;44;57;0;0;0;0;0;0;0;0;0;0;0;0;0;0;0;0;0;0;1;0;0;0;0;0;0;0;0;0;0;0;0;0;0;0;0;0;1
57100;Bourscheid;44;57;0;0;0;0;0;0;0;0;0;0;0;0;0;0;0;0;0;0;0;0;1;0;0;0;0;1;0;0;0;0;0;0;0;0;0;0;0
57101;Bousbach;44;57;0;0;0;0;0;0;0;0;0;0;0;0;0;0;0;1;0;0;0;0;0;0;0;0;0;2;0;2;2;2;1;0;0;2;0;0;3
57102;Bousse;44;57;0;0;0;0;0;0;0;0;0;0;0;0;0;0;0;1;1;0;0;1;1;0;0;0;3;2;2;1;3;2;5;0;0;2;1;0;2
57103;Bousseviller;44;57;0;0;0;0;0;0;0;0;0;0;0;0;0;0;0;0;0;0;0;0;0;0;0;0;1;1;0;1;0;0;0;0;0;0;0;0;0
57104;Boust;44;57;0;0;0;0;0;0;0;0;0;0;0;0;0;0;0;0;0;0;0;0;2;0;0;0;2;2;2;0;1;0;1;0;0;1;0;0;0
57105;Boustroff;44;57;0;0;0;0;0;0;0;0;0;0;0;0;0;0;0;0;0;0;0;0;0;0;0;0;0;0;0;1;0;0;0;0;0;0;0;0;0
57106;Bouzonville;44;57;0;1;0;0;0;0;0;0;0;1;0;0;0;0;0;6;2;1;0;0;11;0;0;3;8;8;3;2;3;4;7;1;3;13;3;2;3
57107;Bréhain;44;57;0;0;0;0;0;0;0;0;0;0;0;0;0;0;0;0;0;0;0;0;1;0;0;0;0;0;0;0;0;0;0;0;0;0;0;0;0
57108;Breidenbach;44;57;0;0;0;0;0;0;0;0;0;0;0;0;0;0;0;0;0;0;0;0;0;0;0;0;0;0;0;0;0;0;0;0;0;0;0;0;0
57109;Breistroff-la-Grande;44;57;0;0;0;0;0;0;0;0;0;0;0;0;0;0;0;0;0;0;0;0;2;0;0;0;0;1;0;2;0;0;0;0;0;1;0;0;1
57110;Brettnach;44;57;0;0;0;0;0;0;0;0;0;0;0;0;0;0;0;1;0;0;0;0;1;0;0;0;0;1;0;0;0;0;1;0;0;0;0;0;2
57111;Bronvaux;44;57;0;0;0;0;0;0;0;0;0;0;0;0;0;0;0;0;0;0;0;0;0;0;0;0;0;1;0;0;2;0;0;0;0;0;0;0;0
57112;Brouck;44;57;0;0;0;0;0;0;0;0;0;0;0;0;0;0;0;0;0;0;0;0;1;0;0;0;0;0;0;0;0;0;0;0;0;0;0;0;0
57113;Brouderdorff;44;57;0;0;0;0;0;0;0;0;0;0;0;0;0;0;0;0;0;0;0;0;0;0;0;0;2;0;0;0;1;0;3;0;0;1;0;0;0
57114;Brouviller;44;57;0;0;0;0;0;0;0;0;0;0;0;0;0;0;0;0;0;0;0;0;0;0;0;0;0;0;0;2;0;0;0;0;0;1;0;0;1
57115;Brulange;44;57;0;0;0;0;0;0;0;0;0;0;0;0;0;0;0;0;0;0;0;0;0;0;0;0;0;1;0;0;0;0;0;0;0;1;0;0;0
57116;Buchy;44;57;0;0;0;0;0;0;0;0;0;0;0;0;0;0;0;0;0;0;0;0;0;0;0;0;0;1;0;1;0;0;0;0;0;0;0;0;0
57117;Buding;44;57;0;0;0;0;0;0;0;0;0;0;0;0;0;0;0;0;0;0;0;0;0;0;0;0;0;0;1;0;1;0;0;0;0;0;0;0;0
57118;Budling;44;57;0;0;0;0;0;0;0;0;0;0;0;0;0;0;0;0;0;0;0;0;0;0;0;0;0;0;0;0;0;1;0;0;0;1;0;0;0
57119;Buhl-Lorraine;44;57;0;0;0;0;0;0;0;0;0;0;0;0;0;0;0;0;0;0;0;0;8;0;0;0;7;1;2;0;2;2;1;0;0;0;0;0;1
57120;Burlioncourt;44;57;0;0;0;0;0;0;0;0;0;0;0;0;0;0;0;0;0;0;0;0;0;0;0;0;1;0;0;1;0;0;0;0;0;0;0;0;0
57121;Burtoncourt;44;57;0;0;0;0;0;0;0;0;0;0;0;0;0;0;0;0;0;0;0;0;0;0;0;0;2;0;0;1;0;0;0;0;0;0;0;0;0
57122;Cappel;44;57;0;0;0;0;0;0;0;0;0;0;0;0;0;0;0;0;0;0;0;0;1;0;0;0;0;1;0;1;0;0;1;0;0;2;0;0;1
57123;Carling;44;57;0;0;0;0;0;0;0;0;0;0;0;0;0;0;0;1;0;1;0;0;6;0;0;0;7;5;8;4;4;1;5;1;1;9;1;0;7
57124;Cattenom;44;57;0;0;0;0;0;0;0;0;0;0;0;0;0;0;0;2;1;1;0;0;3;1;0;2;6;2;3;5;4;2;3;0;0;5;0;0;2
57125;Chailly-lès-Ennery;44;57;0;0;0;0;0;0;0;0;0;0;0;0;0;0;0;0;0;0;0;0;0;0;0;0;0;1;0;0;0;0;0;0;0;0;0;0;0
57126;Chambrey;44;57;0;0;0;0;0;0;0;0;0;0;0;0;0;0;0;0;0;0;0;0;0;0;0;0;0;2;0;2;0;0;0;0;0;0;0;0;0
57127;Chanville;44;57;0;0;0;0;0;0;0;0;0;0;0;0;0;0;0;0;0;0;0;0;0;0;0;0;1;1;0;0;1;0;0;0;0;0;0;0;0
57128;Charleville-sous-Bois;44;57;0;0;0;0;0;0;0;0;0;0;0;0;0;0;0;0;0;0;0;0;0;0;0;0;1;1;0;1;1;0;0;0;0;0;0;0;0
57129;Charly-Oradour;44;57;0;0;0;0;0;0;0;0;0;0;0;0;0;0;0;0;0;0;0;0;0;0;0;0;0;0;1;1;2;0;0;0;1;0;1;0;0
57130;Château-Bréhain;44;57;0;0;0;0;0;0;0;0;0;0;0;0;0;0;0;0;0;0;0;0;0;0;0;0;0;0;0;0;0;0;1;0;0;0;0;0;0
57131;Château-Rouge;44;57;0;0;0;0;0;0;0;0;0;0;0;0;0;0;0;0;0;0;0;0;1;0;0;0;0;0;1;0;0;0;0;0;0;0;0;0;0
57132;Château-Salins;44;57;0;1;0;0;0;0;0;0;0;3;0;0;0;0;0;5;0;1;0;0;7;1;0;2;3;5;9;7;2;6;4;3;0;8;1;1;1
57133;Château-Voué;44;57;0;0;0;0;0;0;0;0;0;0;0;0;0;0;0;0;0;0;0;0;0;0;0;0;1;0;0;0;1;0;0;0;0;0;0;0;0
57134;Châtel-Saint-Germain;44;57;0;0;0;0;0;0;0;0;0;0;0;0;0;0;0;0;0;0;0;0;6;0;0;0;1;1;2;5;1;4;2;0;0;5;9;0;1
57136;Chémery-les-Deux;44;57;0;0;0;0;0;0;0;0;0;0;0;0;0;0;0;0;0;0;0;0;2;0;0;0;0;1;0;0;1;0;0;0;0;0;0;0;0
57137;Cheminot;44;57;0;0;0;0;0;0;0;0;0;0;0;0;0;0;0;0;0;0;0;0;1;0;0;0;1;0;2;0;1;0;1;0;0;2;0;0;0
57138;Chenois;44;57;0;0;0;0;0;0;0;0;0;0;0;0;0;0;0;0;0;0;0;0;0;0;0;0;0;0;0;0;0;0;0;0;0;0;0;0;0
57139;Chérisey;44;57;0;0;0;0;0;0;0;0;0;0;0;0;0;0;0;0;0;0;0;0;0;0;0;0;0;1;0;0;0;0;0;0;0;2;0;0;0
57140;Chesny;44;57;0;0;0;0;0;0;0;0;0;0;0;0;0;0;0;0;0;0;0;0;1;0;0;0;0;0;0;0;0;0;0;0;0;0;1;0;0
57141;Chicourt;44;57;0;0;0;0;0;0;0;0;0;0;0;0;0;0;0;0;0;0;0;0;0;0;0;0;0;0;0;0;0;0;0;0;0;0;0;0;0
57142;Chieulles;44;57;0;0;0;0;0;0;0;0;0;0;0;0;0;0;0;0;0;0;0;0;0;0;0;0;0;1;0;1;0;0;0;0;0;0;1;0;0
57143;Clouange;44;57;0;0;0;0;0;0;0;0;0;0;0;0;0;0;0;3;1;1;0;0;10;1;0;1;8;3;3;10;4;3;9;1;0;12;3;2;6
57144;Cocheren;44;57;0;0;0;0;0;0;0;0;0;0;0;0;0;0;0;1;0;0;0;2;3;0;0;0;3;5;2;4;0;2;5;0;0;3;2;0;0
57145;Coincy;44;57;0;0;0;0;0;0;0;0;0;0;0;0;0;0;0;0;0;0;0;0;1;0;0;0;0;1;0;0;1;0;0;0;0;0;0;0;0
57146;Coin-lès-Cuvry;44;57;0;0;0;0;0;0;0;0;0;0;0;0;0;0;0;0;0;0;0;0;0;0;0;0;1;0;2;1;0;0;0;0;0;0;0;0;1
57147;Coin-sur-Seille;44;57;0;0;0;0;0;0;0;0;0;0;0;0;0;0;0;0;0;0;0;0;0;0;0;0;0;0;0;0;0;0;0;0;0;0;0;0;0
57148;Colligny;44;57;0;0;0;0;0;0;0;0;0;0;0;0;0;0;0;0;0;0;0;0;0;0;0;0;2;1;0;0;2;0;0;0;0;1;0;0;0
57149;Colmen;44;57;0;0;0;0;0;0;0;0;0;0;0;0;0;0;0;0;0;0;0;0;0;0;0;0;0;0;0;1;0;0;0;0;0;0;0;0;0
57150;Condé-Northen;44;57;0;0;0;0;0;0;0;0;0;0;0;0;0;0;0;0;0;0;0;0;0;0;0;0;0;0;2;3;0;0;0;0;0;2;0;0;0
57151;Conthil;44;57;0;0;0;0;0;0;0;0;0;0;0;0;0;0;0;0;0;0;0;0;1;0;0;0;0;1;0;0;0;0;0;0;0;0;0;0;0
57152;Contz-les-Bains;44;57;0;0;0;0;0;0;0;0;0;0;0;0;0;0;0;0;0;0;0;0;0;0;0;0;1;2;0;1;0;0;0;0;0;0;0;0;0
57153;Corny-sur-Moselle;44;57;0;0;0;0;0;0;0;0;0;0;0;0;0;0;0;0;0;0;0;0;2;0;0;1;2;4;7;7;3;0;2;0;0;4;0;0;4
57154;Coume;44;57;0;0;0;0;0;0;0;0;0;0;0;0;0;0;0;0;0;0;0;0;1;0;0;0;1;1;2;0;4;0;0;0;0;0;0;0;1
57155;Courcelles-Chaussy;44;57;0;1;0;0;0;0;0;0;0;1;0;0;0;0;0;1;0;1;0;0;4;0;0;1;9;5;0;6;2;2;6;1;0;5;2;1;1
57156;Courcelles-sur-Nied;44;57;0;0;0;0;0;0;0;0;0;0;0;0;0;0;0;0;0;0;1;0;1;0;0;0;4;2;2;2;2;0;2;0;0;2;0;0;0
57158;Craincourt;44;57;0;0;0;0;0;0;0;0;0;0;0;0;0;0;0;0;0;0;0;0;1;0;0;0;2;0;1;1;0;0;0;0;0;0;0;0;0
57159;Créhange;44;57;0;0;0;0;0;0;0;0;0;0;0;0;0;0;0;2;0;1;0;0;7;1;0;1;6;2;7;7;6;1;7;0;1;7;1;0;0
57160;Creutzwald;44;57;1;1;0;0;0;0;0;0;0;1;0;0;0;0;1;8;4;1;0;0;20;3;1;4;24;22;8;19;11;1;26;1;8;35;6;6;12
57161;Cutting;44;57;0;0;0;0;0;0;0;0;0;0;0;0;0;0;0;0;0;0;0;0;0;0;0;0;0;0;0;0;0;0;0;0;0;0;0;0;0
57162;Cuvry;44;57;0;0;0;0;0;0;0;0;0;0;0;0;0;0;0;0;0;0;0;0;2;0;0;0;1;1;0;1;1;0;1;0;0;0;0;0;0
57163;Dabo;44;57;0;1;0;0;0;0;0;0;0;0;0;0;0;0;0;2;0;1;0;0;3;0;0;0;3;2;8;6;3;0;4;0;0;7;1;0;0
57165;Dalem;44;57;0;0;0;0;0;0;0;0;0;0;0;0;0;0;0;0;0;0;0;0;0;0;0;0;1;0;0;1;0;0;1;0;0;0;0;0;0
57166;Dalhain;44;57;0;0;0;0;0;0;0;0;0;0;0;0;0;0;0;0;0;0;0;0;0;0;0;0;0;0;0;0;2;0;0;0;0;0;0;0;0
57167;Dalstein;44;57;0;0;0;0;0;0;0;0;0;0;0;0;0;0;0;0;0;0;0;0;0;0;0;0;0;0;1;0;0;0;0;0;0;1;0;0;1
57168;Danne-et-Quatre-Vents;44;57;0;0;0;0;0;0;0;0;0;0;0;0;0;0;0;0;0;0;0;0;0;0;0;0;0;0;0;0;0;0;0;0;0;0;0;0;1
57169;Dannelbourg;44;57;0;0;0;0;0;0;0;0;0;0;0;0;0;0;0;0;0;0;0;0;0;0;0;0;1;1;0;2;0;0;1;0;0;0;0;0;0
57171;Delme;44;57;0;1;0;0;0;0;0;0;0;0;0;0;0;0;0;2;2;1;0;0;1;0;0;0;2;2;4;3;1;0;2;1;0;3;1;0;3
57172;Denting;44;57;0;0;0;0;0;0;0;0;0;0;0;0;0;0;0;0;0;0;0;0;1;0;0;0;0;1;0;1;1;0;0;0;0;0;0;0;0
57173;Desseling;44;57;0;0;0;0;0;0;0;0;0;0;0;0;0;0;0;0;0;0;0;0;0;0;0;0;0;0;0;0;0;0;0;0;0;0;0;0;0
57174;Destry;44;57;0;0;0;0;0;0;0;0;0;0;0;0;0;0;0;0;0;0;0;0;0;0;0;0;0;0;1;0;0;0;0;0;0;0;0;0;0
57175;Diane-Capelle;44;57;0;0;0;0;0;0;0;0;0;0;0;0;0;0;0;0;0;0;0;0;0;0;0;0;0;0;0;0;0;0;0;0;0;0;0;0;0
57176;Diebling;44;57;0;0;0;0;0;0;0;0;0;0;0;0;0;0;0;1;0;0;1;0;3;1;0;0;2;1;1;4;0;1;2;0;0;2;0;0;3
57177;Dieuze;44;57;0;1;0;0;0;0;0;0;0;1;0;0;0;0;0;5;4;1;0;0;8;2;0;3;3;0;5;9;1;2;9;1;3;9;2;2;6
57178;Diffembach-lès-Hellimer;44;57;0;0;0;0;0;0;0;0;0;0;0;0;0;0;0;0;0;0;0;0;1;0;0;0;0;0;0;0;0;0;1;0;0;0;0;0;0
57179;Distroff;44;57;0;0;0;0;0;0;0;0;0;0;0;0;0;0;0;1;0;0;0;1;2;0;0;0;3;2;0;1;3;0;3;0;0;0;0;0;2
57180;Dolving;44;57;0;0;0;0;0;0;0;0;0;0;0;0;0;0;0;1;0;0;0;0;0;0;0;0;1;0;0;0;0;0;0;0;0;0;0;0;0
57181;Domnom-lès-Dieuze;44;57;0;0;0;0;0;0;0;0;0;0;0;0;0;0;0;0;0;0;0;0;0;0;0;0;0;0;0;0;0;0;0;0;0;0;0;0;0
57182;Donjeux;44;57;0;0;0;0;0;0;0;0;0;0;0;0;0;0;0;0;0;0;0;0;0;0;0;0;0;0;1;1;0;0;0;0;0;0;0;0;0
57183;Donnelay;44;57;0;0;0;0;0;0;0;0;0;0;0;0;0;0;0;0;0;0;0;0;0;0;0;0;0;1;0;0;0;0;0;0;0;0;0;0;0
57186;Ébersviller;44;57;0;0;0;0;0;0;0;0;0;0;0;0;0;0;0;0;0;0;0;1;2;0;0;0;2;0;3;2;2;0;1;0;0;1;0;0;0
57187;Éblange;44;57;0;0;0;0;0;0;0;0;0;0;0;0;0;0;0;0;0;0;0;0;0;0;0;0;0;2;1;0;0;0;1;0;0;2;0;0;0
57188;Éguelshardt;44;57;0;0;0;0;0;0;0;0;0;0;0;0;0;0;0;0;0;0;1;0;0;0;0;0;0;1;0;2;1;0;0;0;0;2;0;0;1
57189;Eincheville;44;57;0;0;0;0;0;0;0;0;0;0;0;0;0;0;0;0;0;0;0;0;0;0;0;0;0;0;0;0;1;0;1;0;0;0;0;0;1
57190;Elvange;44;57;0;0;0;0;0;0;0;0;0;0;0;0;0;0;0;0;0;0;0;0;0;0;0;0;0;0;2;1;0;0;0;0;0;1;0;0;0
57191;Elzange;44;57;0;0;0;0;0;0;0;0;0;0;0;0;0;0;0;0;0;0;0;0;1;0;0;0;0;1;1;0;0;0;0;0;0;0;0;0;0
57192;Enchenberg;44;57;0;0;0;0;0;0;0;0;0;0;0;0;0;0;0;0;0;0;1;0;0;0;0;0;0;0;1;1;3;0;1;0;0;2;0;0;0
57193;Ennery;44;57;0;0;0;0;0;0;0;0;0;0;0;0;0;0;0;1;1;1;0;0;7;1;0;3;2;0;2;7;4;0;3;0;0;7;1;0;3
57194;Entrange;44;57;0;0;0;0;0;0;0;0;0;0;0;0;0;0;0;0;0;0;0;0;1;0;0;0;1;2;1;5;1;0;1;0;0;1;0;0;1
57195;Epping;44;57;0;0;0;0;0;0;0;0;0;0;0;0;0;0;0;0;0;0;0;0;3;0;0;0;1;1;1;0;1;0;1;0;0;1;0;0;1
57196;Erching;44;57;0;0;0;0;0;0;0;0;0;0;0;0;0;0;0;0;0;0;0;0;0;0;0;0;1;0;1;0;0;1;0;0;0;0;0;0;0
57197;Ernestviller;44;57;0;0;0;0;0;0;0;0;0;0;0;0;0;0;0;0;0;0;0;0;0;0;0;0;1;0;0;0;0;0;1;0;0;0;0;0;0
57198;Erstroff;44;57;0;0;0;0;0;0;0;0;0;0;0;0;0;0;0;0;0;0;0;0;1;0;0;0;0;0;2;1;1;0;0;0;0;0;0;0;1
57199;Escherange;44;57;0;0;0;0;0;0;0;0;0;0;0;0;0;0;0;0;0;0;0;0;0;0;0;0;0;1;1;0;1;0;0;0;0;2;0;0;0
57200;Les Étangs;44;57;0;0;0;0;0;0;0;0;0;0;0;0;0;0;0;0;0;0;0;0;0;0;0;0;1;0;0;2;0;0;0;0;0;0;1;0;0
57201;Etting;44;57;0;0;0;0;0;0;0;0;0;0;0;0;0;0;0;1;0;0;0;0;0;0;0;0;0;0;0;1;0;0;0;0;0;1;0;0;0
57202;Etzling;44;57;0;0;0;0;0;0;0;0;0;0;0;0;0;0;0;1;0;0;0;1;1;0;0;0;4;2;0;2;0;0;0;0;0;1;0;0;1
57203;Évrange;44;57;0;0;0;0;0;0;0;0;0;0;0;0;0;0;0;0;0;0;0;0;0;0;0;0;0;0;0;0;0;1;0;0;0;0;0;0;1
57204;Failly;44;57;0;0;0;0;0;0;0;0;0;0;0;0;0;0;0;0;0;0;0;0;0;0;0;0;2;0;0;2;1;0;0;0;0;0;0;0;0
57205;Falck;44;57;0;0;0;0;0;0;0;0;0;0;0;0;0;0;0;1;1;0;0;1;3;0;0;1;2;1;1;1;0;0;4;0;0;6;1;0;2
57206;Fameck;44;57;0;1;0;0;0;0;0;0;0;0;0;0;0;0;0;5;2;1;0;0;13;3;0;2;13;16;8;9;14;1;19;0;0;15;5;3;6
57207;Farébersviller;44;57;0;1;0;0;0;0;0;0;0;0;0;0;1;0;0;3;1;1;0;0;4;0;0;2;15;7;4;4;8;0;9;0;0;11;0;0;4
57208;Farschviller;44;57;0;0;0;0;0;0;0;0;0;0;0;0;0;0;0;1;0;0;0;1;3;0;0;0;3;2;5;2;4;0;1;0;0;0;0;0;0
57209;Faulquemont;44;57;0;1;0;0;0;0;0;0;0;1;0;0;0;1;0;5;1;1;0;0;7;1;0;2;16;7;6;9;7;1;10;2;0;17;1;2;6
57210;Fénétrange;44;57;0;1;0;0;0;0;0;0;0;1;0;0;0;0;0;2;0;1;0;0;3;0;0;1;0;0;0;2;0;1;1;0;0;3;1;0;0
57211;Fèves;44;57;0;0;0;0;0;0;0;0;0;0;0;0;0;0;0;0;0;0;0;0;1;1;0;0;1;1;2;2;4;0;0;0;0;6;1;0;1
57212;Féy;44;57;0;0;0;0;0;0;0;0;0;0;0;0;0;0;0;0;0;0;0;0;1;0;0;0;1;5;0;0;1;0;0;0;0;2;0;0;0
57213;Filstroff;44;57;0;0;0;0;0;0;0;0;0;0;0;0;0;0;0;0;0;0;0;0;3;0;0;0;0;1;0;0;0;0;1;0;0;0;0;0;0
57214;Fixem;44;57;0;0;0;0;0;0;0;0;0;0;0;0;0;0;0;0;0;0;0;0;1;0;0;0;1;0;0;0;0;0;0;0;0;0;0;0;0
57215;Flastroff;44;57;0;0;0;0;0;0;0;0;0;0;0;0;0;0;0;1;0;0;0;0;0;0;0;0;0;1;0;1;2;0;0;0;0;0;0;0;0
57216;Fleisheim;44;57;0;0;0;0;0;0;0;0;0;0;0;0;0;0;0;0;0;0;0;0;0;0;0;0;1;1;0;0;0;0;0;0;0;0;0;0;0
57217;Flétrange;44;57;0;0;0;0;0;0;0;0;0;0;0;0;0;0;0;0;0;0;0;0;0;0;0;0;3;1;1;1;1;0;0;0;0;1;0;0;0
57218;Fleury;44;57;0;0;0;0;0;0;0;0;0;0;0;0;0;0;0;0;0;0;0;0;1;0;0;0;3;0;2;3;0;0;1;0;0;2;0;0;0
57219;Flévy;44;57;0;0;0;0;0;0;0;0;0;0;0;0;0;0;0;0;0;0;0;0;0;0;0;0;3;0;1;1;0;0;0;0;0;1;0;0;0
57220;Flocourt;44;57;0;0;0;0;0;0;0;0;0;0;0;0;0;0;0;0;0;0;0;0;0;0;0;0;0;0;0;0;0;0;0;0;0;0;0;0;0
57221;Florange;44;57;1;0;0;0;0;0;0;0;0;1;0;0;1;0;0;7;4;1;0;0;27;3;0;2;21;15;9;20;13;3;13;3;0;18;6;1;12
57222;Folkling;44;57;0;0;0;0;0;0;0;0;0;0;0;0;0;0;0;1;0;0;0;0;1;0;0;0;4;0;0;4;0;2;1;0;0;2;0;0;1
57224;Folschviller;44;57;0;1;0;0;0;0;0;0;0;0;0;0;0;0;0;2;0;1;0;0;6;1;0;1;6;12;7;5;7;0;6;0;0;8;2;1;5
57225;Fonteny;44;57;0;0;0;0;0;0;0;0;0;0;0;0;0;0;0;0;0;0;0;0;0;0;0;0;0;0;0;0;0;0;0;0;0;0;0;0;0
57226;Fontoy;44;57;0;1;0;0;0;0;0;0;0;1;0;0;0;0;0;3;0;1;0;0;2;1;0;1;1;4;2;4;2;3;5;0;0;6;1;0;3
57227;Forbach;44;57;1;0;0;0;0;1;0;1;0;3;0;2;0;1;0;10;5;1;1;2;31;4;2;8;43;76;27;24;22;10;47;2;24;71;10;5;22
57228;Fossieux;44;57;0;0;0;0;0;0;0;0;0;0;0;0;0;0;0;0;0;0;0;0;0;0;0;0;1;0;0;0;0;0;0;0;0;0;0;0;0
57229;Foulcrey;44;57;0;0;0;0;0;0;0;0;0;0;0;0;0;0;0;0;0;0;0;0;0;0;0;0;0;1;1;0;1;0;0;0;0;0;0;0;0
57230;Fouligny;44;57;0;0;0;0;0;0;0;0;0;0;0;0;0;0;0;0;0;0;0;0;0;0;0;0;1;0;0;1;0;0;1;0;0;0;0;0;0
57231;Foville;44;57;0;0;0;0;0;0;0;0;0;0;0;0;0;0;0;0;0;0;0;0;1;0;0;0;0;1;0;0;0;0;0;0;0;0;0;0;0
57232;Francaltroff;44;57;0;0;0;0;0;0;0;0;0;0;0;0;0;0;0;0;0;0;1;0;4;1;0;0;0;1;5;0;2;0;1;0;0;2;0;0;0
57233;Fraquelfing;44;57;0;0;0;0;0;0;0;0;0;0;0;0;0;0;0;0;0;0;0;0;0;0;0;0;0;0;0;0;0;0;0;0;0;0;0;0;0
57234;Frauenberg;44;57;0;0;0;0;0;0;0;0;0;0;0;0;0;0;0;0;0;0;0;0;0;0;0;0;0;0;0;0;1;0;0;0;0;1;0;0;1
57235;Freistroff;44;57;0;0;0;0;0;0;0;0;0;0;0;0;0;0;0;0;0;0;1;0;3;0;0;0;0;0;1;1;1;0;0;0;0;4;0;0;0
57236;Frémery;44;57;0;0;0;0;0;0;0;0;0;0;0;0;0;0;0;0;0;0;0;0;0;0;0;0;1;1;0;0;0;0;0;0;0;0;0;0;0
57237;Frémestroff;44;57;0;0;0;0;0;0;0;0;0;0;0;0;0;0;0;0;0;0;0;0;0;0;0;0;0;1;1;0;2;0;0;0;0;0;0;0;1
57238;Fresnes-en-Saulnois;44;57;0;0;0;0;0;0;0;0;0;0;0;0;0;0;0;0;0;0;0;0;0;0;0;0;0;1;0;0;0;0;0;0;0;0;0;0;0
57239;Freybouse;44;57;0;0;0;0;0;0;0;0;0;0;0;0;0;0;0;0;0;0;0;0;1;0;0;0;0;1;1;0;1;1;0;0;0;1;0;0;1
57240;Freyming-Merlebach;44;57;1;0;0;0;0;0;0;0;0;1;0;0;0;0;0;9;4;2;0;0;14;1;2;3;26;20;11;20;11;7;31;1;2;40;8;2;11
57241;Fribourg;44;57;0;0;0;0;0;0;0;0;0;0;0;0;0;0;0;0;0;0;0;0;0;0;0;0;0;0;0;0;0;0;0;0;0;0;0;0;0
57242;Gandrange;44;57;0;0;0;0;0;0;0;0;0;0;0;0;1;0;0;0;0;1;0;0;6;0;0;0;4;4;6;8;1;0;4;0;0;3;0;0;1
57244;Garrebourg;44;57;0;0;0;0;0;0;0;0;0;0;0;0;0;0;0;0;0;0;0;0;1;0;0;0;2;0;1;1;1;1;1;0;0;1;0;0;0
57245;Gavisse;44;57;0;0;0;0;0;0;0;0;0;0;0;0;0;0;0;0;0;0;0;0;0;0;0;0;0;2;1;0;0;0;0;0;0;1;0;0;0
57246;Gelucourt;44;57;0;0;0;0;0;0;0;0;0;0;0;0;0;0;0;0;0;0;0;0;0;0;0;0;0;0;0;0;0;0;0;0;0;0;0;0;0
57247;Gerbécourt;44;57;0;0;0;0;0;0;0;0;0;0;0;0;0;0;0;0;0;0;0;0;1;0;0;0;1;0;0;0;0;0;0;0;0;0;0;0;0
57248;Givrycourt;44;57;0;0;0;0;0;0;0;0;0;0;0;0;0;0;0;0;0;0;0;0;0;0;0;0;0;0;0;0;0;0;0;0;0;0;0;0;0
57249;Glatigny;44;57;0;0;0;0;0;0;0;0;0;0;0;0;0;0;0;0;0;0;0;0;1;0;0;0;1;0;0;1;0;1;0;0;0;0;1;0;0
57250;Goetzenbruck;44;57;0;0;0;0;0;0;0;0;0;0;0;0;0;0;0;1;0;0;1;0;2;1;0;1;1;2;1;3;0;0;4;0;0;4;0;0;3
57251;Goin;44;57;0;0;0;0;0;0;0;0;0;0;0;0;0;0;0;0;0;0;0;0;0;0;4;1;2;0;1;2;0;0;0;0;0;1;0;0;1
57252;Gomelange;44;57;0;0;0;0;0;0;0;0;0;0;0;0;0;0;0;0;0;0;0;1;1;0;0;0;1;0;0;0;1;0;0;0;0;1;0;0;0
57253;Gondrexange;44;57;0;0;0;0;0;0;0;0;0;0;0;0;0;0;0;1;0;0;0;0;0;0;0;0;0;0;0;0;0;0;0;0;0;2;0;0;0
57254;Gorze;44;57;0;0;0;0;0;0;0;0;0;0;0;0;0;0;0;0;0;0;1;0;2;0;0;0;3;1;3;2;0;0;1;0;0;0;0;0;0
57255;Gosselming;44;57;0;0;0;0;0;0;0;0;0;0;0;0;0;0;0;0;0;0;0;1;0;0;0;0;1;0;1;0;0;0;0;0;0;0;1;0;0
57256;Gravelotte;44;57;0;0;0;0;0;0;0;0;0;0;0;0;0;0;0;0;0;0;0;0;4;0;0;0;1;0;3;0;0;1;0;0;0;1;1;0;1
57257;Grémecey;44;57;0;0;0;0;0;0;0;0;0;0;0;0;0;0;0;0;0;0;0;0;0;0;0;0;0;0;0;1;0;0;0;0;0;0;0;0;0
57258;Gréning;44;57;0;0;0;0;0;0;0;0;0;0;0;0;0;0;0;0;0;0;0;0;0;0;0;0;1;0;0;0;0;0;0;0;0;0;0;0;0
57259;Grindorff-Bizing;44;57;0;0;0;0;0;0;0;0;0;0;0;0;0;0;0;0;0;0;0;0;3;0;0;0;0;1;1;0;0;0;0;0;0;0;0;0;0
57260;Grosbliederstroff;44;57;0;1;0;0;0;0;0;0;0;0;0;0;0;0;0;2;1;1;0;0;6;1;0;2;4;3;8;4;0;2;6;1;0;15;2;0;3
57261;Gros-Réderching;44;57;0;0;0;0;0;0;0;0;0;0;0;0;0;0;0;1;0;0;0;1;1;0;0;0;1;0;2;3;1;0;2;1;0;2;0;0;2
57262;Grostenquin;44;57;0;1;0;0;0;0;0;0;0;1;0;0;0;0;0;1;0;0;1;0;1;0;0;0;1;1;2;0;0;0;1;0;0;4;0;0;1
57263;Grundviller;44;57;0;0;0;0;0;0;0;0;0;0;0;0;0;0;0;0;0;0;0;0;1;0;0;1;4;0;0;1;0;2;2;0;0;1;0;0;0
57264;Guebenhouse;44;57;0;0;0;0;0;0;0;0;0;0;0;0;0;0;0;0;0;0;0;0;1;0;0;0;1;0;1;0;0;0;1;0;0;0;0;0;0
57265;Guébestroff;44;57;0;0;0;0;0;0;0;0;0;0;0;0;0;0;0;0;0;0;0;0;0;0;0;0;0;0;1;0;0;0;0;0;0;0;0;0;0
57266;Guéblange-lès-Dieuze;44;57;0;0;0;0;0;0;0;0;0;0;0;0;0;0;0;0;0;0;0;0;0;0;0;0;0;0;0;0;0;0;0;0;0;1;0;0;0
57267;Le Val-de-Guéblange;44;57;0;0;0;0;0;0;0;0;0;0;0;0;0;0;0;0;1;0;1;0;1;0;0;0;0;1;0;0;2;0;1;0;0;0;0;0;1
57268;Guébling;44;57;0;0;0;0;0;0;0;0;0;0;0;0;0;0;0;0;0;0;0;0;0;0;0;0;0;1;0;0;0;0;0;0;0;0;0;0;0
57269;Guénange;44;57;0;1;0;0;0;0;0;0;0;0;0;0;0;0;0;4;2;1;0;0;7;1;0;2;2;10;3;13;6;1;8;1;0;8;1;0;5
57270;Val-de-Bride;44;57;0;0;0;0;0;0;0;0;0;0;0;0;0;0;0;0;0;0;0;0;0;0;0;0;1;2;1;0;1;0;0;0;0;0;0;0;0
57271;Guenviller;44;57;0;0;0;0;0;0;0;0;0;0;0;0;0;0;0;0;0;0;0;0;0;0;0;0;1;1;0;1;1;1;1;0;0;0;0;0;0
57272;Guermange;44;57;0;0;0;0;0;0;0;0;0;0;0;0;0;0;0;0;0;0;0;0;0;0;0;0;0;0;0;0;1;0;0;0;0;0;0;0;0
57273;Guerstling;44;57;0;0;0;0;0;0;0;0;0;0;0;0;0;0;0;0;0;0;0;0;0;0;0;0;0;1;0;0;0;0;0;0;0;0;0;0;1
57274;Guerting;44;57;0;0;0;0;0;0;0;0;0;0;0;0;0;0;0;1;0;0;0;0;2;0;0;0;0;1;0;1;2;0;1;0;0;1;0;0;0
57275;Guessling-Hémering;44;57;0;0;0;0;0;0;0;0;0;0;0;0;0;0;0;1;0;0;1;0;3;0;0;0;2;1;1;0;0;1;0;0;0;0;1;0;1
57276;Guinglange;44;57;0;0;0;0;0;0;0;0;0;0;0;0;0;0;0;0;0;0;0;0;1;0;0;0;0;1;1;0;0;0;0;0;0;0;0;0;1
57277;Guinkirchen;44;57;0;0;0;0;0;0;0;0;0;0;0;0;0;0;0;0;0;0;0;0;1;0;0;0;0;0;1;1;0;0;0;0;0;0;0;0;0
57278;Guinzeling;44;57;0;0;0;0;0;0;0;0;0;0;0;0;0;0;0;0;0;0;0;0;0;0;0;0;0;0;0;0;0;0;0;0;0;0;0;0;1
57280;Guntzviller;44;57;0;0;0;0;0;0;0;0;0;0;0;0;0;0;0;0;0;0;0;0;0;0;0;0;0;0;0;0;1;0;1;0;0;2;0;0;0
57281;Haboudange;44;57;0;0;0;0;0;0;0;0;0;0;0;0;0;0;0;0;0;0;0;0;0;0;0;0;0;0;0;0;0;0;0;0;0;0;1;0;0
57282;Hagen;44;57;0;0;0;0;0;0;0;0;0;0;0;0;0;0;0;0;0;0;0;0;0;0;0;0;0;0;1;0;0;0;0;0;0;0;0;0;1
57283;Hagondange;44;57;1;0;0;0;0;0;0;0;0;0;0;1;0;0;0;9;3;1;0;0;14;1;0;2;11;15;12;16;5;2;20;1;13;28;12;2;8
57284;Hallering;44;57;0;0;0;0;0;0;0;0;0;0;0;0;0;0;0;0;0;0;0;0;0;0;0;0;0;0;0;1;0;0;0;0;0;0;0;0;0
57286;Halstroff;44;57;0;0;0;0;0;0;0;0;0;0;0;0;0;0;0;0;0;0;0;0;0;0;0;0;1;0;0;0;0;0;1;0;0;0;0;0;0
57287;Basse-Ham;44;57;0;0;0;0;0;0;0;0;0;0;0;0;0;0;0;0;0;0;0;1;8;1;0;0;5;6;9;3;1;1;4;1;0;2;0;0;3
57288;Ham-sous-Varsberg;44;57;0;0;0;0;0;0;0;0;0;0;0;0;0;0;0;2;1;1;0;0;3;1;0;0;1;5;5;1;3;1;4;0;0;3;3;1;10
57289;Hambach;44;57;0;0;0;0;0;0;0;0;0;0;0;0;0;0;0;1;0;1;0;0;5;0;1;0;5;2;1;5;1;0;3;0;0;5;0;0;0
57290;Hampont;44;57;0;0;0;0;0;0;0;0;0;0;0;0;0;0;0;0;0;0;0;0;0;0;0;0;0;1;0;0;0;0;0;0;0;0;0;0;1
57291;Hangviller;44;57;0;0;0;0;0;0;0;0;0;0;0;0;0;0;0;1;0;0;0;0;1;0;0;0;0;0;1;0;0;0;0;0;0;1;0;0;1
57292;Hannocourt;44;57;0;0;0;0;0;0;0;0;0;0;0;0;0;0;0;0;0;0;0;0;0;0;0;0;0;0;0;0;0;0;0;0;0;0;0;0;0
57293;Han-sur-Nied;44;57;0;0;0;0;0;0;0;0;0;0;0;0;0;0;0;0;0;0;0;0;0;0;0;0;0;0;0;0;0;0;0;0;0;1;0;0;0
57294;Hanviller;44;57;0;0;0;0;0;0;0;0;0;0;0;0;0;0;0;0;0;0;0;0;0;0;0;0;0;0;0;1;0;0;0;0;0;0;0;0;0
57295;Haraucourt-sur-Seille;44;57;0;0;0;0;0;0;0;0;0;0;0;0;0;0;0;0;0;0;0;0;0;0;0;0;0;1;0;0;0;0;0;0;0;0;0;0;0
57296;Hargarten-aux-Mines;44;57;0;0;0;0;0;0;0;0;0;0;0;0;0;0;0;0;0;0;0;0;2;0;0;0;2;2;1;4;1;1;0;0;0;0;0;0;0
57297;Harprich;44;57;0;0;0;0;0;0;0;0;0;0;0;0;0;0;0;0;0;0;0;0;0;0;0;0;1;1;2;0;0;0;0;0;0;0;0;0;0
57298;Harreberg;44;57;0;0;0;0;0;0;0;0;0;0;0;0;0;0;0;0;0;0;0;0;0;0;0;0;0;1;0;0;1;0;0;0;0;0;0;0;0
57299;Hartzviller;44;57;0;0;0;0;0;0;0;0;0;0;0;0;0;0;0;1;0;0;0;1;1;0;0;0;1;0;2;0;0;1;1;0;0;1;0;0;0
57300;Haselbourg;44;57;0;0;0;0;0;0;0;0;0;0;0;0;0;0;0;0;0;0;0;0;0;0;0;0;0;0;1;0;0;0;0;0;0;1;0;0;0
57301;Haspelschiedt;44;57;0;0;0;0;0;0;0;0;0;0;0;0;0;0;0;0;0;0;0;0;0;0;0;0;0;1;0;1;1;0;1;0;0;2;0;0;0
57302;Hattigny;44;57;0;0;0;0;0;0;0;0;0;0;0;0;0;0;0;0;0;0;1;0;0;0;0;0;0;0;0;0;0;1;0;0;0;2;0;1;1
57303;Hauconcourt;44;57;0;0;0;0;0;0;0;0;0;0;0;0;0;0;0;1;0;0;0;0;6;1;1;0;1;0;2;2;2;2;2;0;2;11;3;0;0
57304;Haut-Clocher;44;57;0;0;0;0;0;0;0;0;0;0;0;0;0;0;0;0;0;0;0;0;1;0;0;0;0;0;0;0;0;0;1;0;0;1;0;0;0
57305;Havange;44;57;0;0;0;0;0;0;0;0;0;0;0;0;0;0;0;0;0;0;0;0;1;0;0;0;1;0;0;2;0;0;0;1;0;0;0;0;1
57306;Hayange;44;57;1;0;0;0;0;0;0;0;0;3;0;1;0;0;0;9;2;2;0;0;15;2;0;3;16;17;9;16;8;6;22;1;1;33;4;2;20
57307;Hayes;44;57;0;0;0;0;0;0;0;0;0;0;0;0;0;0;0;0;0;0;0;0;0;0;0;0;0;0;0;1;0;1;0;0;0;0;0;0;0
57308;Hazembourg;44;57;0;0;0;0;0;0;0;0;0;0;0;0;0;0;0;0;0;0;0;0;0;0;0;0;0;1;0;0;1;0;0;0;0;0;0;0;0
57309;Heining-lès-Bouzonville;44;57;0;0;0;0;0;0;0;0;0;0;0;0;0;0;0;0;0;0;0;0;0;0;0;0;2;0;0;0;0;1;0;0;0;0;0;0;0
57310;Hellering-lès-Fénétrange;44;57;0;0;0;0;0;0;0;0;0;0;0;0;0;0;0;0;0;0;0;0;0;0;0;0;0;1;0;1;0;0;0;0;0;0;0;0;0
57311;Hellimer;44;57;0;0;0;0;0;0;0;0;0;0;0;0;0;0;0;1;0;0;1;0;1;1;0;0;3;0;1;0;0;0;1;0;0;0;0;0;0
57312;Helstroff;44;57;0;0;0;0;0;0;0;0;0;0;0;0;0;0;0;0;0;0;0;0;0;0;0;0;1;0;3;1;0;0;2;0;0;1;0;0;0
57313;Hémilly;44;57;0;0;0;0;0;0;0;0;0;0;0;0;0;0;0;0;0;0;0;0;0;0;0;0;3;0;0;0;0;0;0;0;0;0;0;0;0
57314;Héming;44;57;0;0;0;0;0;0;0;0;0;0;0;0;0;0;0;0;0;1;0;0;3;0;0;0;0;1;1;2;1;0;1;0;0;1;1;0;0
57315;Henridorff;44;57;0;0;0;0;0;0;0;0;0;0;0;0;0;0;0;1;0;0;0;0;0;0;0;0;0;0;0;1;0;0;0;0;0;1;0;0;0
57316;Henriville;44;57;0;0;0;0;0;0;0;0;0;0;0;0;0;0;0;0;0;0;0;0;2;0;0;0;0;1;2;3;3;0;1;0;0;2;0;0;1
57317;Hérange;44;57;0;0;0;0;0;0;0;0;0;0;0;0;0;0;0;0;0;0;0;0;2;0;0;0;0;0;0;0;0;0;0;0;0;0;0;0;0
57318;Hermelange;44;57;0;0;0;0;0;0;0;0;0;0;0;0;0;0;0;0;0;0;0;0;0;0;0;0;0;0;0;0;4;0;0;0;0;0;0;0;0
57319;Herny;44;57;0;0;0;0;0;0;0;0;0;0;0;0;0;0;0;0;0;0;0;1;2;0;0;0;4;1;1;1;2;0;1;0;0;0;0;0;0
57320;Hertzing;44;57;0;0;0;0;0;0;0;0;0;0;0;0;0;0;0;0;0;0;0;0;0;0;0;0;0;0;1;0;0;0;0;0;0;0;0;0;0
57321;Hesse;44;57;0;0;0;0;0;0;0;0;0;0;0;0;0;0;0;0;0;0;0;0;1;0;0;0;1;2;0;2;1;0;0;0;0;3;0;0;0
57322;Hestroff;44;57;0;0;0;0;0;0;0;0;0;0;0;0;0;0;0;0;0;0;0;0;0;0;0;0;0;0;1;0;0;0;0;0;0;1;0;0;0
57323;Hettange-Grande;44;57;0;1;0;0;0;0;0;0;0;0;0;0;0;0;0;5;1;1;0;0;10;0;0;3;4;2;8;6;6;1;9;1;0;16;6;1;8
57324;Hilbesheim;44;57;0;0;0;0;0;0;0;0;0;0;0;0;0;0;0;1;0;0;0;0;1;0;0;0;1;0;2;2;1;0;0;0;0;0;0;0;0
57325;Hilsprich;44;57;0;0;0;0;0;0;0;0;0;0;0;0;0;0;0;1;0;0;0;0;0;0;0;0;1;1;2;0;0;0;0;0;0;1;1;0;0
57326;Hinckange;44;57;0;0;0;0;0;0;0;0;0;0;0;0;0;0;0;0;0;0;0;0;0;0;0;0;2;0;0;1;0;0;0;0;0;0;0;0;2
57328;Holacourt;44;57;0;0;0;0;0;0;0;0;0;0;0;0;0;0;0;0;0;0;0;0;0;0;0;0;1;0;0;0;1;0;0;0;0;0;0;0;0
57329;Holling;44;57;0;0;0;0;0;0;0;0;0;0;0;0;0;0;0;0;0;0;0;0;0;0;0;0;0;1;1;0;0;1;0;0;0;0;1;0;0
57330;Holving;44;57;0;0;0;0;0;0;0;0;0;0;0;0;0;0;0;0;0;0;0;0;1;0;0;0;0;1;0;3;1;0;0;0;0;1;0;0;1
57331;Hombourg-Budange;44;57;0;0;0;0;0;0;0;0;0;0;0;0;0;0;0;0;1;0;0;0;0;0;0;0;0;0;2;2;1;1;1;0;0;1;0;0;0
57332;Hombourg-Haut;44;57;0;0;0;0;0;0;0;0;0;0;0;0;1;0;0;1;2;1;0;2;10;0;0;2;6;8;5;8;12;4;7;0;0;8;0;1;5
57333;Hommarting;44;57;0;0;0;0;0;0;0;0;0;0;0;0;0;0;0;0;0;0;0;0;1;0;0;0;1;0;0;2;0;0;0;0;0;0;0;0;0
57334;Hommert;44;57;0;0;0;0;0;0;0;0;0;0;0;0;0;0;0;0;0;0;0;0;0;0;0;0;0;2;0;0;0;0;1;0;0;0;0;0;0
57335;Honskirch;44;57;0;0;0;0;0;0;0;0;0;0;0;0;0;0;0;0;0;0;0;0;0;0;0;0;0;1;2;0;0;0;0;0;0;0;0;0;0
57336;L'Hôpital;44;57;1;0;0;0;0;0;0;0;0;0;0;0;0;0;0;3;4;1;0;0;13;2;0;2;5;10;10;5;7;0;7;0;0;11;3;1;8
57337;Hoste;44;57;0;0;0;0;0;0;0;0;0;0;0;0;0;0;0;0;0;0;0;0;0;0;0;0;0;0;1;1;0;0;0;0;0;0;0;0;0
57338;Hottviller;44;57;0;0;0;0;0;0;0;0;0;0;0;0;0;0;0;0;0;0;0;0;0;0;0;0;1;0;2;1;0;0;0;0;0;2;0;0;0
57339;Hultehouse;44;57;0;0;0;0;0;0;0;0;0;0;0;0;0;0;0;0;0;0;0;0;0;0;0;0;1;0;2;1;0;0;2;0;0;1;0;0;0
57340;Hundling;44;57;0;0;0;0;0;0;0;0;0;0;0;0;0;0;0;1;0;0;1;0;1;0;0;1;3;0;1;3;2;2;2;0;0;3;1;1;0
57341;Hunting;44;57;0;0;0;0;0;0;0;0;0;0;0;0;0;0;0;0;0;0;0;0;1;0;0;0;0;0;0;0;0;1;0;0;0;0;0;0;0
57342;Ibigny;44;57;0;0;0;0;0;0;0;0;0;0;0;0;0;0;0;0;0;0;0;0;0;0;0;0;0;0;1;0;0;0;0;0;0;0;0;0;0
57343;Illange;44;57;0;0;0;0;0;0;0;0;0;0;0;0;0;0;0;0;0;0;0;1;2;0;0;0;1;1;1;4;5;0;2;0;0;5;0;0;1
57344;Imling;44;57;0;0;0;0;0;0;0;0;0;0;0;0;0;0;0;0;0;0;0;0;1;0;0;0;1;1;1;1;1;0;0;0;0;3;0;0;0
57345;Inglange;44;57;0;0;0;0;0;0;0;0;0;0;0;0;0;0;0;0;0;0;0;0;0;0;0;0;0;0;0;0;0;0;1;0;0;0;0;0;0
57346;Insming;44;57;0;0;0;0;0;0;0;0;0;0;0;0;0;0;0;3;0;0;0;1;1;0;0;1;1;0;1;0;0;0;3;3;0;4;0;0;1
57347;Insviller;44;57;0;0;0;0;0;0;0;0;0;0;0;0;0;0;0;0;0;0;0;0;1;0;0;0;0;0;0;0;0;0;0;0;0;1;0;0;0
57348;Ippling;44;57;0;0;0;0;0;0;0;0;0;0;0;0;0;0;0;0;0;0;0;0;0;0;0;0;2;1;0;2;1;1;0;0;0;0;0;0;0
57349;Jallaucourt;44;57;0;0;0;0;0;0;0;0;0;0;0;0;0;0;0;0;0;0;0;0;1;0;0;0;0;0;0;1;0;0;0;0;0;0;0;0;0
57350;Jouy-aux-Arches;44;57;0;0;0;0;0;0;0;0;0;0;0;0;0;0;0;0;0;0;0;0;5;0;0;0;5;1;5;8;1;4;2;0;0;23;1;0;3
57351;Jury;44;57;0;0;0;0;0;0;0;0;0;0;0;0;0;0;0;0;1;0;0;0;2;2;0;0;1;1;6;1;2;1;0;0;0;2;1;0;2
57352;Jussy;44;57;0;0;0;0;0;0;0;0;0;0;0;0;0;0;0;0;0;0;0;0;0;0;0;0;1;1;2;3;0;3;0;0;0;2;1;0;1
57353;Juvelize;44;57;0;0;0;0;0;0;0;0;0;0;0;0;0;0;0;0;0;0;0;0;0;0;0;0;0;0;0;0;0;0;0;0;0;0;0;0;0
57354;Juville;44;57;0;0;0;0;0;0;0;0;0;0;0;0;0;0;0;0;0;0;0;0;0;0;0;0;1;0;1;0;0;0;1;0;0;0;0;0;0
57355;Kalhausen;44;57;0;0;0;0;0;0;0;0;0;0;0;0;0;0;0;1;0;0;1;0;1;0;0;0;0;0;1;1;1;0;0;0;0;1;0;0;0
57356;Kanfen;44;57;0;0;0;0;0;0;0;0;0;0;0;0;0;0;0;0;0;0;0;0;0;0;0;0;1;1;0;0;1;0;1;0;0;1;0;0;0
57357;Kappelkinger;44;57;0;0;0;0;0;0;0;0;0;0;0;0;0;0;0;0;0;0;0;0;2;0;0;0;1;1;0;0;0;0;0;0;0;0;0;0;0
57358;Kédange-sur-Canner;44;57;0;0;0;0;0;0;0;0;0;0;0;0;0;0;0;1;1;1;0;0;3;0;0;0;1;2;1;2;0;0;3;0;0;1;0;0;0
57359;Kemplich;44;57;0;0;0;0;0;0;0;0;0;0;0;0;0;0;0;0;0;0;0;0;0;0;0;0;0;0;0;1;0;0;0;0;0;1;0;0;0
57360;Kerbach;44;57;0;0;0;0;0;0;0;0;0;0;0;0;0;0;0;1;0;0;0;0;2;0;0;0;1;0;1;0;0;0;1;0;0;0;0;0;0
57361;Kerling-lès-Sierck;44;57;0;0;0;0;0;0;0;0;0;0;0;0;0;0;0;0;1;0;0;0;2;0;0;0;2;0;1;1;1;0;0;0;0;0;0;0;0
57362;Kerprich-aux-Bois;44;57;0;0;0;0;0;0;0;0;0;0;0;0;0;0;0;0;0;0;0;0;1;0;0;0;0;0;0;0;0;0;0;0;0;0;0;0;0
57364;Kirsch-lès-Sierck;44;57;0;0;0;0;0;0;0;0;0;0;0;0;0;0;0;0;0;0;0;0;1;0;0;0;0;0;0;0;0;0;0;0;0;0;0;0;1
57365;Kirschnaumen;44;57;0;0;0;0;0;0;0;0;0;0;0;0;0;0;0;0;0;0;0;0;0;0;0;0;2;0;1;0;0;0;0;0;0;2;0;0;0
57366;Kirviller;44;57;0;0;0;0;0;0;0;0;0;0;0;0;0;0;0;0;0;0;0;0;0;0;0;0;0;0;1;0;0;0;0;0;0;0;0;0;0
57367;Klang;44;57;0;0;0;0;0;0;0;0;0;0;0;0;0;0;0;0;0;0;0;0;0;0;0;0;0;0;0;1;1;0;0;0;0;0;0;0;0
57368;Knutange;44;57;1;0;0;0;0;0;0;0;0;0;0;0;0;0;0;1;1;1;0;0;6;2;0;1;3;5;2;7;2;1;6;0;0;10;1;0;3
57370;Koenigsmacker;44;57;0;0;0;0;0;0;0;0;0;0;0;0;0;0;0;2;0;1;0;0;1;0;0;1;1;2;2;2;7;0;4;1;0;2;1;0;3
57371;Haute-Kontz;44;57;0;0;0;0;0;0;0;0;0;0;0;0;0;0;0;0;0;0;0;0;0;0;0;0;1;1;0;0;2;0;0;0;0;0;0;0;0
57372;Kuntzig;44;57;0;0;0;0;0;0;0;0;0;0;0;0;0;0;0;0;0;0;0;0;2;0;1;0;1;3;0;1;0;0;0;0;0;0;0;0;1
57373;Lachambre;44;57;0;0;0;0;0;0;0;0;0;0;0;0;0;0;0;0;0;0;0;0;1;0;0;0;1;2;0;0;1;0;5;0;0;0;1;0;2
57374;Lafrimbolle;44;57;0;0;0;0;0;0;0;0;0;0;0;0;0;0;0;0;0;0;0;0;0;0;0;0;0;2;1;0;0;0;0;0;0;0;0;0;0
57375;Lagarde;44;57;0;0;0;0;0;0;0;0;0;0;0;0;0;0;0;0;0;0;0;0;0;0;0;0;0;0;0;1;0;0;0;0;0;2;1;0;0
57376;Lambach;44;57;0;0;0;0;0;0;0;0;0;0;0;0;0;0;0;0;0;0;0;0;3;0;0;0;3;0;1;0;0;0;1;0;0;1;0;0;0
57377;Landange;44;57;0;0;0;0;0;0;0;0;0;0;0;0;0;0;0;0;0;0;0;0;0;0;0;0;3;0;0;0;0;0;0;0;0;0;0;0;0
57379;Landroff;44;57;0;0;0;0;0;0;0;0;0;0;0;0;0;0;0;0;0;0;0;0;0;0;0;0;0;1;0;1;1;0;1;0;0;0;0;0;0
57380;Laneuveville-lès-Lorquin;44;57;0;0;0;0;0;0;0;0;0;0;0;0;0;0;0;0;0;0;0;0;0;0;0;0;0;1;0;0;1;0;0;0;0;0;0;0;0
57381;Laneuveville-en-Saulnois;44;57;0;0;0;0;0;0;0;0;0;0;0;0;0;0;0;0;0;0;0;0;0;0;0;0;2;1;1;1;1;0;0;0;0;0;0;0;0
57382;Langatte;44;57;0;0;0;0;0;0;0;0;0;0;0;0;0;0;0;1;0;0;0;0;1;0;0;0;1;0;1;1;2;0;2;0;0;1;0;0;2
57383;Languimberg;44;57;0;0;0;0;0;0;0;0;0;0;0;0;0;0;0;0;0;0;0;1;1;0;0;0;0;0;1;0;0;0;0;0;0;1;0;0;0
57384;Laning;44;57;0;0;0;0;0;0;0;0;0;0;0;0;0;0;0;0;0;0;0;0;0;0;0;0;0;1;0;0;1;0;0;0;0;0;0;0;0
57385;Laquenexy;44;57;0;0;0;0;0;0;0;0;0;0;0;0;0;0;0;0;0;0;0;0;0;0;0;0;1;1;2;0;1;0;1;0;0;0;0;0;1
57386;Laudrefang;44;57;0;0;0;0;0;0;0;0;0;0;0;0;0;0;0;0;0;0;0;0;0;0;0;1;2;3;1;1;2;0;0;0;0;0;0;0;0
57387;Laumesfeld;44;57;0;0;0;0;0;0;0;0;0;0;0;0;0;0;0;0;0;0;0;0;1;0;0;0;1;0;0;0;0;0;0;0;0;0;0;0;0
57388;Launstroff;44;57;0;0;0;0;0;0;0;0;0;0;0;0;0;0;0;0;0;0;0;0;0;0;0;0;0;1;2;0;0;0;0;0;0;0;0;0;0
57389;Lelling;44;57;0;0;0;0;0;0;0;0;0;0;0;0;0;0;0;0;0;0;0;0;1;0;0;0;1;1;0;2;1;0;0;0;0;0;0;0;2
57390;Lemberg;44;57;0;1;0;0;0;0;0;0;0;0;0;0;0;0;0;0;1;1;0;0;4;0;0;1;3;0;3;1;2;1;3;0;0;4;1;0;2
57391;Lemoncourt;44;57;0;0;0;0;0;0;0;0;0;0;0;0;0;0;0;0;0;0;0;0;0;0;0;0;0;0;0;0;1;0;0;0;0;0;0;0;0
57392;Lemud;44;57;0;0;0;0;0;0;0;0;0;0;0;0;0;0;0;0;0;0;0;0;1;0;0;0;1;0;1;1;0;0;4;0;0;1;0;0;0
57393;Lengelsheim;44;57;0;0;0;0;0;0;0;0;0;0;0;0;0;0;0;0;0;0;0;0;0;0;0;0;0;0;1;0;1;0;0;0;0;0;0;0;0
57394;Léning;44;57;0;0;0;0;0;0;0;0;0;0;0;0;0;0;0;1;0;0;0;0;0;0;0;0;0;0;0;0;0;0;0;0;0;1;0;0;1
57395;Lesse;44;57;0;0;0;0;0;0;0;0;0;0;0;0;0;0;0;0;0;0;0;0;0;0;0;0;0;0;0;0;1;0;0;0;0;0;0;0;0
57396;Lessy;44;57;0;0;0;0;0;0;0;0;0;0;0;0;0;0;0;0;0;0;0;0;0;0;0;0;0;1;2;1;1;0;0;0;0;1;1;0;0
57397;Ley;44;57;0;0;0;0;0;0;0;0;0;0;0;0;0;0;0;0;0;0;0;0;0;0;0;0;0;0;0;2;0;0;1;0;0;0;0;0;0
57398;Leyviller;44;57;0;0;0;0;0;0;0;0;0;0;0;0;0;0;0;0;0;0;0;0;2;0;0;0;2;1;0;1;2;0;0;0;0;0;0;0;0
57399;Lezey;44;57;0;0;0;0;0;0;0;0;0;0;0;0;0;0;0;0;0;0;0;0;0;0;0;0;0;0;0;0;1;0;0;0;0;0;0;0;0
57401;Lidrezing;44;57;0;0;0;0;0;0;0;0;0;0;0;0;0;0;0;0;0;0;0;0;0;0;0;0;0;0;0;0;0;0;0;0;0;0;0;0;0
57402;Liederschiedt;44;57;0;0;0;0;0;0;0;0;0;0;0;0;0;0;0;0;0;0;0;0;0;0;0;0;0;0;0;0;1;0;0;0;0;1;0;0;0
57403;Liéhon;44;57;0;0;0;0;0;0;0;0;0;0;0;0;0;0;0;0;0;0;0;0;0;0;0;0;0;0;1;1;1;0;0;0;0;0;0;0;0
57404;Lindre-Basse;44;57;0;0;0;0;0;0;0;0;0;0;0;0;0;0;0;0;0;0;0;0;0;0;0;0;0;0;0;1;0;0;0;0;0;1;0;0;0
57405;Lindre-Haute;44;57;0;0;0;0;0;0;0;0;0;0;0;0;0;0;0;0;0;0;0;0;0;0;0;0;0;0;0;0;1;0;0;0;0;0;0;0;1
57406;Liocourt;44;57;0;0;0;0;0;0;0;0;0;0;0;0;0;0;0;0;0;0;0;0;0;0;0;0;0;0;1;0;0;0;0;0;0;0;0;0;0
57407;Lixheim;44;57;0;0;0;0;0;0;0;0;0;0;0;0;0;0;0;1;0;0;0;1;3;0;0;0;0;1;2;1;0;0;1;0;0;0;0;0;0
57408;Lixing-lès-Rouhling;44;57;0;0;0;0;0;0;0;0;0;0;0;0;0;0;0;1;0;0;0;0;1;0;0;0;1;0;1;2;2;0;0;0;0;0;0;0;0
57409;Lixing-lès-Saint-Avold;44;57;0;0;0;0;0;0;0;0;0;0;0;0;0;0;0;0;0;0;0;1;0;0;0;2;4;1;0;0;1;2;1;0;0;4;0;0;0
57410;Lhor;44;57;0;0;0;0;0;0;0;0;0;0;0;0;0;0;0;1;0;0;0;0;0;0;0;0;0;0;0;0;0;0;0;0;0;0;0;0;0
57411;Lommerange;44;57;0;0;0;0;0;0;0;0;0;0;0;0;0;0;0;0;0;0;0;0;2;0;0;0;0;0;0;0;0;0;0;0;0;2;0;0;1
57412;Longeville-lès-Metz;44;57;0;0;0;0;0;0;0;0;0;0;0;0;0;0;0;2;1;1;0;0;7;1;1;2;6;4;3;7;1;1;4;3;0;12;12;1;6
57413;Longeville-lès-Saint-Avold;44;57;0;0;0;0;0;0;0;0;0;0;0;0;0;0;0;2;0;1;0;0;14;2;1;1;8;5;8;4;2;1;8;0;0;17;0;1;4
57414;Lorquin;44;57;0;1;0;0;0;0;0;0;0;1;0;0;0;0;0;1;0;1;0;0;0;0;0;0;1;2;4;1;0;0;4;0;0;3;1;0;1
57415;Lorry-lès-Metz;44;57;0;0;0;0;0;0;0;0;0;0;0;0;0;0;0;0;0;0;0;0;0;0;0;0;2;2;2;4;1;0;2;0;0;0;1;0;0
57416;Lorry-Mardigny;44;57;0;0;0;0;0;0;0;0;0;0;0;0;0;0;0;0;0;0;0;0;0;0;0;0;2;3;1;1;3;0;2;0;0;0;1;0;0
57417;Lostroff;44;57;0;0;0;0;0;0;0;0;0;0;0;0;0;0;0;0;0;0;0;0;0;0;0;0;0;0;0;0;0;0;0;0;0;0;0;0;0
57418;Loudrefing;44;57;0;0;0;0;0;0;0;0;0;0;0;0;0;0;0;0;0;0;0;0;1;0;0;0;1;1;0;0;1;0;0;0;0;1;0;0;1
57419;Loupershouse;44;57;0;0;0;0;0;0;0;0;0;0;0;0;0;0;0;0;0;0;0;0;2;0;0;0;2;2;1;2;1;0;1;0;0;0;1;0;1
57421;Loutzviller;44;57;0;0;0;0;0;0;0;0;0;0;0;0;0;0;0;0;0;0;0;0;0;0;0;0;0;0;0;0;1;0;0;0;0;0;0;0;0
57422;Louvigny;44;57;0;0;0;0;0;0;0;0;0;0;0;0;0;0;0;0;0;0;0;0;5;0;1;0;1;0;2;2;3;0;3;0;0;2;0;0;1
57423;Lubécourt;44;57;0;0;0;0;0;0;0;0;0;0;0;0;0;0;0;0;0;0;0;0;1;0;0;0;0;0;0;0;1;0;0;0;0;0;0;0;0
57424;Lucy;44;57;0;0;0;0;0;0;0;0;0;0;0;0;0;0;0;0;0;0;0;0;1;0;0;0;0;0;0;1;1;0;0;0;0;0;0;0;0
57425;Luppy;44;57;0;0;0;0;0;0;0;0;0;0;0;0;0;0;0;0;0;0;0;0;0;0;0;0;1;2;0;1;2;0;0;0;0;0;0;0;0
57426;Luttange;44;57;0;0;0;0;0;0;0;0;0;0;0;0;0;0;0;0;0;0;0;1;1;0;0;0;1;0;1;0;1;0;0;0;0;0;1;0;1
57427;Lutzelbourg;44;57;0;0;0;0;0;0;0;0;0;0;0;0;0;0;0;1;0;0;1;0;0;0;0;0;0;1;1;0;0;1;2;0;0;2;0;0;1
57428;Macheren;44;57;0;0;0;0;0;0;0;0;0;0;0;0;0;0;0;0;1;0;0;0;3;1;0;2;8;6;1;2;4;2;4;0;0;6;0;0;2
57430;Mainvillers;44;57;0;0;0;0;0;0;0;0;0;0;0;0;0;0;0;0;0;0;0;0;0;0;0;0;0;0;2;0;0;0;0;0;0;0;0;0;1
57431;Maizeroy;44;57;0;0;0;0;0;0;0;0;0;0;0;0;0;0;0;0;0;0;0;0;1;0;0;0;1;1;1;1;0;0;0;0;0;2;0;0;0
57432;Maizery;44;57;0;0;0;0;0;0;0;0;0;0;0;0;0;0;0;0;0;0;0;0;1;0;0;0;1;0;0;1;0;0;0;0;0;0;0;0;0
57433;Maizières-lès-Metz;44;57;0;1;0;0;0;0;0;0;0;1;0;0;1;0;0;6;2;1;0;0;16;1;0;2;15;14;9;19;4;4;17;1;1;19;4;2;8
57434;Maizières-lès-Vic;44;57;0;0;0;0;0;0;0;0;0;0;0;0;0;0;0;0;0;0;0;1;0;0;0;0;0;1;0;1;0;0;1;0;0;1;0;0;0
57436;Malaucourt-sur-Seille;44;57;0;0;0;0;0;0;0;0;0;0;0;0;0;0;0;0;0;0;0;0;1;0;0;0;0;0;0;0;0;0;0;0;0;0;0;0;0
57437;Malling;44;57;0;0;0;0;0;0;0;0;0;0;0;0;0;0;0;0;0;0;0;0;1;0;0;0;1;0;3;0;1;0;0;0;0;3;0;0;0
57438;Malroy;44;57;0;0;0;0;0;0;0;0;0;0;0;0;0;0;0;0;0;0;0;0;1;0;0;0;0;0;0;0;0;0;2;0;0;4;0;0;1
57439;Manderen;44;57;0;0;0;0;0;0;0;0;0;0;0;0;0;0;0;0;0;0;0;0;2;0;0;0;0;1;1;1;0;0;0;0;0;1;0;0;1
57440;Manhoué;44;57;0;0;0;0;0;0;0;0;0;0;0;0;0;0;0;0;0;0;0;0;1;0;0;0;1;0;0;1;0;0;0;0;0;0;0;0;0
57441;Manom;44;57;0;0;0;0;0;0;0;0;0;0;0;0;0;0;0;0;0;0;1;0;5;0;0;0;1;2;2;5;2;2;5;1;1;9;3;1;1
57442;Many;44;57;0;0;0;0;0;0;0;0;0;0;0;0;0;0;0;0;0;0;0;0;0;0;0;0;1;0;2;1;2;1;0;0;0;0;0;0;0
57443;Marange-Silvange;44;57;0;0;0;0;0;0;0;0;0;0;0;0;0;0;0;1;0;1;0;0;10;0;0;2;7;8;7;11;5;5;12;0;0;13;4;0;3
57444;Marange-Zondrange;44;57;0;0;0;0;0;0;0;0;0;0;0;0;0;0;0;0;0;0;0;0;0;0;0;0;0;0;0;0;1;0;1;0;0;0;0;0;0
57445;Marieulles;44;57;0;0;0;0;0;0;0;0;0;0;0;0;0;0;0;0;0;0;0;0;0;0;0;0;0;1;2;3;1;1;0;0;0;1;1;0;0
57446;Marimont-lès-Bénestroff;44;57;0;0;0;0;0;0;0;0;0;0;0;0;0;0;0;0;0;0;0;0;0;0;0;1;0;0;0;0;0;0;0;0;0;0;0;0;0
57447;Marly;44;57;0;0;0;0;0;0;0;0;0;0;0;0;0;0;0;6;2;1;0;0;23;4;0;2;11;21;29;25;12;4;13;1;0;20;6;2;9
57448;Marsal;44;57;0;0;0;0;0;0;0;0;0;0;0;0;0;0;0;0;0;0;0;0;0;0;0;0;0;0;0;1;0;0;0;0;0;1;0;0;0
57449;Marsilly;44;57;0;0;0;0;0;0;0;0;0;0;0;0;0;0;0;0;0;0;0;0;0;0;0;0;2;0;1;1;1;0;0;0;0;0;0;0;0
57451;Marthille;44;57;0;0;0;0;0;0;0;0;0;0;0;0;0;0;0;0;0;0;0;0;0;0;0;0;1;0;0;0;0;0;0;0;0;0;0;0;0
57452;La Maxe;44;57;0;0;0;0;0;0;0;0;0;0;0;0;0;0;0;0;0;0;0;0;1;0;0;0;2;0;1;5;1;1;1;0;1;1;1;0;1
57453;Maxstadt;44;57;0;0;0;0;0;0;0;0;0;0;0;0;0;0;0;0;0;0;0;1;0;0;0;0;1;0;0;0;1;0;0;0;0;0;0;0;0
57454;Mécleuves;44;57;0;0;0;0;0;0;0;0;0;0;0;0;0;0;0;0;0;0;0;0;0;0;0;0;2;7;3;0;0;0;0;0;0;0;0;1;1
57455;Mégange;44;57;0;0;0;0;0;0;0;0;0;0;0;0;0;0;0;0;0;0;0;0;0;0;0;0;0;0;0;1;1;0;0;0;0;0;0;0;0
57456;Meisenthal;44;57;0;0;0;0;0;0;0;0;0;0;0;0;0;0;0;0;0;0;0;1;2;0;0;0;1;2;1;2;0;1;0;0;0;2;0;0;1
57457;Menskirch;44;57;0;0;0;0;0;0;0;0;0;0;0;0;0;0;0;0;0;0;0;0;0;0;0;0;0;0;0;1;0;0;0;0;0;0;0;0;0
57459;Merschweiller;44;57;0;0;0;0;0;0;0;0;0;0;0;0;0;0;0;0;0;0;0;0;1;0;0;0;0;0;1;0;0;0;0;0;0;0;0;0;0
57460;Merten;44;57;0;0;0;0;0;0;0;0;0;0;0;0;0;0;0;1;0;0;1;0;2;0;1;0;0;2;2;3;1;1;2;0;0;2;1;0;1
57461;Métairies-Saint-Quirin;44;57;0;0;0;0;0;0;0;0;0;0;0;0;0;0;0;0;0;0;0;0;0;0;0;0;3;0;0;0;0;0;0;0;0;0;0;0;0
57462;Metting;44;57;0;0;0;0;0;0;0;0;0;0;0;0;0;0;0;0;0;0;0;1;3;0;0;0;0;0;0;1;1;0;0;0;0;1;0;0;0
57463;Metz;44;57;7;1;1;1;1;1;1;0;0;20;0;3;0;0;0;87;11;12;0;0;131;5;17;23;170;182;79;190;101;54;182;10;73;537;156;19;96
57464;Metzeresche;44;57;0;0;0;0;0;0;0;0;0;0;0;0;0;0;0;0;0;0;0;0;0;0;0;0;1;2;0;0;2;0;0;0;0;0;0;0;2
57465;Metzervisse;44;57;0;1;0;0;0;0;0;0;0;1;0;0;0;0;0;2;0;1;0;0;5;0;0;1;1;3;0;5;3;1;1;0;0;4;0;0;1
57466;Metzing;44;57;0;0;0;0;0;0;0;0;0;0;0;0;0;0;0;0;0;0;0;0;4;0;0;0;1;1;1;1;2;1;0;0;0;1;0;0;0
57467;Mey;44;57;0;0;0;0;0;0;0;0;0;0;0;0;0;0;0;0;0;0;0;0;0;0;0;0;1;0;0;0;0;0;0;0;0;0;1;0;0
57468;Mittelbronn;44;57;0;0;0;0;0;0;0;0;0;0;0;0;0;0;0;1;0;0;0;0;0;0;0;0;0;0;2;1;0;0;2;0;0;0;0;0;1
57469;Mittersheim;44;57;0;0;0;0;0;0;0;0;0;0;0;0;0;0;0;2;0;0;0;1;3;0;0;0;0;0;1;2;1;0;2;0;0;2;0;0;0
57470;Molring;44;57;0;0;0;0;0;0;0;0;0;0;0;0;0;0;0;0;0;0;0;0;0;0;0;0;0;0;0;0;0;0;0;0;0;0;0;0;0
57471;Momerstroff;44;57;0;0;0;0;0;0;0;0;0;0;0;0;0;0;0;0;0;0;0;0;0;0;0;0;0;0;0;2;0;0;0;0;0;0;2;0;0
57472;Moncheux;44;57;0;0;0;0;0;0;0;0;0;0;0;0;0;0;0;0;0;0;0;0;0;0;0;0;0;0;0;0;0;0;0;0;0;1;0;0;0
57473;Moncourt;44;57;0;0;0;0;0;0;0;0;0;0;0;0;0;0;0;0;0;0;0;0;0;0;0;0;0;0;0;0;0;0;0;0;0;0;0;0;0
57474;Mondelange;44;57;0;0;0;0;0;0;0;0;0;0;0;0;1;0;0;1;1;1;0;0;11;2;0;2;7;5;5;6;5;1;14;2;1;17;3;1;4
57475;Mondorff;44;57;0;0;0;0;0;0;0;0;0;0;0;0;0;0;0;0;0;0;0;0;0;0;0;0;0;0;0;0;0;0;0;0;0;2;0;0;0
57476;Monneren;44;57;0;0;0;0;0;0;0;0;0;0;0;0;0;0;0;0;0;0;0;0;1;0;0;0;0;1;0;1;1;0;0;0;0;1;0;0;0
57477;Montbronn;44;57;0;0;0;0;0;0;0;0;0;0;0;0;0;0;0;1;1;0;1;0;3;0;0;1;3;2;1;4;1;0;2;0;0;3;1;0;1
57478;Montdidier;44;57;0;0;0;0;0;0;0;0;0;0;0;0;0;0;0;0;0;0;0;0;1;0;0;0;0;0;1;0;0;0;0;0;0;0;0;0;0
57479;Montenach;44;57;0;0;0;0;0;0;0;0;0;0;0;0;0;0;0;0;0;0;0;0;1;0;0;0;0;1;0;0;1;0;0;0;0;1;0;0;0
57480;Montigny-lès-Metz;44;57;0;0;0;0;0;0;0;0;0;1;0;1;1;0;0;14;3;2;0;0;13;0;1;1;19;21;12;26;23;7;34;9;1;37;15;4;17
57481;Montois-la-Montagne;44;57;0;0;0;0;0;0;0;0;0;0;0;0;0;0;0;0;1;1;0;0;1;0;0;0;2;4;2;8;1;0;3;0;0;2;2;1;4
57482;Montoy-Flanville;44;57;0;0;0;0;0;0;0;0;0;0;0;0;0;0;0;0;0;0;0;0;4;0;0;0;5;2;2;2;3;1;0;0;0;2;0;0;0
57483;Morhange;44;57;0;1;0;0;0;0;0;0;0;0;0;0;1;0;0;5;2;1;0;0;8;1;0;2;10;16;4;7;0;1;8;2;0;13;1;1;2
57484;Morsbach;44;57;0;0;0;0;0;0;0;0;0;0;0;0;0;0;0;1;0;0;0;1;11;3;0;0;7;10;1;2;2;2;4;0;0;6;2;0;3
57485;Morville-lès-Vic;44;57;0;0;0;0;0;0;0;0;0;0;0;0;0;0;0;0;0;0;0;0;0;0;0;0;1;0;3;0;0;1;0;0;0;0;1;0;0
57486;Morville-sur-Nied;44;57;0;0;0;0;0;0;0;0;0;0;0;0;0;0;0;0;0;0;0;0;1;0;0;0;1;0;0;1;0;0;0;0;0;0;0;0;0
57487;Moulins-lès-Metz;44;57;0;0;0;0;0;0;0;0;0;0;0;0;0;0;0;4;0;1;1;0;18;1;1;0;5;8;4;6;5;0;8;0;0;26;3;2;4
57488;Moussey;44;57;0;1;0;0;0;0;0;0;0;0;0;0;0;0;0;0;0;0;1;0;3;0;0;0;0;0;0;0;1;0;1;0;0;2;0;0;1
57489;Mouterhouse;44;57;0;0;0;0;0;0;0;0;0;0;0;0;0;0;0;0;0;0;0;0;0;0;0;0;0;0;2;0;0;0;0;0;0;1;0;0;0
57490;Moyenvic;44;57;0;0;0;0;0;0;0;0;0;0;0;0;0;0;0;0;0;0;0;0;0;0;0;0;0;0;1;1;0;0;0;0;0;0;0;0;0
57491;Moyeuvre-Grande;44;57;1;0;0;0;0;0;0;0;0;1;0;0;1;0;0;4;2;1;0;0;4;0;0;2;8;11;6;13;1;1;10;0;0;10;1;0;3
57492;Moyeuvre-Petite;44;57;0;0;0;0;0;0;0;0;0;0;0;0;0;0;0;0;0;0;0;0;1;0;0;0;1;0;0;1;0;0;0;0;0;1;0;0;2
57493;Mulcey;44;57;0;0;0;0;0;0;0;0;0;0;0;0;0;0;0;0;0;0;0;0;0;0;0;0;0;0;0;0;0;0;0;0;0;1;0;0;0
57494;Munster;44;57;0;0;0;0;0;0;0;0;0;0;0;0;0;0;0;1;0;0;0;0;0;0;0;0;0;1;0;1;0;1;0;0;0;0;0;0;0
57495;Narbéfontaine;44;57;0;0;0;0;0;0;0;0;0;0;0;0;0;0;0;0;0;0;0;0;1;0;0;0;0;0;0;0;0;0;0;0;0;0;0;0;0
57496;Nébing;44;57;0;0;0;0;0;0;0;0;0;0;0;0;0;0;0;1;0;0;0;1;0;0;0;0;2;0;1;2;1;0;0;0;0;0;0;0;0
57497;Nelling;44;57;0;0;0;0;0;0;0;0;0;0;0;0;0;0;0;0;0;0;0;0;1;0;0;0;0;0;0;0;1;0;1;0;0;0;0;0;1
57498;Neufchef;44;57;0;0;0;0;0;0;0;0;0;0;0;0;0;0;0;2;0;0;0;1;5;0;0;1;3;6;0;3;2;0;7;0;0;4;0;0;1
57499;Neufgrange;44;57;0;0;0;0;0;0;0;0;0;0;0;0;0;0;0;1;0;0;0;0;0;0;0;0;1;1;1;1;3;1;2;0;0;0;0;0;1
57500;Neufmoulins;44;57;0;0;0;0;0;0;0;0;0;0;0;0;0;0;0;0;0;0;0;0;0;0;0;0;0;0;0;0;0;0;0;0;0;2;0;0;0
57501;Neufvillage;44;57;0;0;0;0;0;0;0;0;0;0;0;0;0;0;0;0;0;0;0;0;0;0;0;0;1;0;0;0;0;0;0;0;0;0;0;0;0
57502;Neunkirchen-lès-Bouzonville;44;57;0;0;0;0;0;0;0;0;0;0;0;0;0;0;0;0;0;0;0;0;0;0;0;0;0;0;0;0;0;0;0;0;0;0;0;0;2
57504;Niderhoff;44;57;0;0;0;0;0;0;0;0;0;0;0;0;0;0;0;0;0;0;0;1;0;0;0;0;0;1;0;0;1;0;0;0;0;1;0;0;0
57505;Niderviller;44;57;0;0;0;0;0;0;0;0;0;0;0;0;0;0;0;1;0;0;0;1;4;0;0;0;0;1;1;0;0;0;3;0;0;4;0;0;3
57506;Niederstinzel;44;57;0;0;0;0;0;0;0;0;0;0;0;0;0;0;0;0;0;0;0;0;0;0;0;0;0;1;1;0;0;0;1;0;0;1;0;0;0
57507;Niedervisse;44;57;0;0;0;0;0;0;0;0;0;0;0;0;0;0;0;0;0;0;0;0;0;0;0;0;2;0;0;0;0;1;1;0;0;0;0;0;0
57508;Nilvange;44;57;0;0;0;0;0;0;0;0;0;0;0;0;0;0;0;2;0;0;0;0;5;0;0;1;3;6;7;8;0;0;10;0;0;6;0;1;3
57509;Nitting;44;57;0;0;0;0;0;0;0;0;0;0;0;0;0;0;0;0;0;0;0;0;1;0;0;0;0;0;1;2;0;0;0;0;0;0;0;0;0
57510;Noisseville;44;57;0;0;0;0;0;0;0;0;0;0;0;0;0;0;0;0;0;1;0;0;3;0;0;0;2;3;2;1;2;0;2;0;0;2;1;0;0
57511;Norroy-le-Veneur;44;57;0;0;0;0;0;0;0;0;0;0;0;0;0;0;0;1;0;0;0;0;5;0;0;0;3;3;6;10;2;1;0;3;0;0;2;0;0
57512;Nouilly;44;57;0;0;0;0;0;0;0;0;0;0;0;0;0;0;0;0;0;0;0;0;0;0;0;0;0;0;1;1;1;0;0;0;0;0;0;0;0
57513;Nousseviller-lès-Bitche;44;57;0;0;0;0;0;0;0;0;0;0;0;0;0;0;0;0;0;0;0;0;0;0;0;0;0;0;0;0;0;0;0;0;0;0;0;0;0
57514;Nousseviller-Saint-Nabor;44;57;0;0;0;0;0;0;0;0;0;0;0;0;0;0;0;0;2;0;0;0;0;0;0;0;2;1;0;1;1;0;2;0;0;0;0;0;2
57515;Novéant-sur-Moselle;44;57;0;0;0;0;0;0;0;0;0;0;0;0;0;0;0;0;1;1;0;0;1;0;0;0;5;3;1;5;2;0;4;0;0;0;0;0;1
57516;Oberdorff;44;57;0;0;0;0;0;0;0;0;0;0;0;0;0;0;0;0;0;0;0;0;0;0;0;0;0;0;0;1;0;0;1;0;0;0;0;0;0
57517;Obergailbach;44;57;0;0;0;0;0;0;0;0;0;0;0;0;0;0;0;0;0;0;0;0;0;0;0;0;0;0;1;1;0;0;1;0;0;0;0;0;0
57518;Oberstinzel;44;57;0;0;0;0;0;0;0;0;0;0;0;0;0;0;0;0;0;0;0;0;0;0;0;0;0;1;0;0;0;1;0;0;0;0;0;0;0
57519;Obervisse;44;57;0;0;0;0;0;0;0;0;0;0;0;0;0;0;0;0;0;0;0;0;0;0;0;0;1;0;0;2;0;0;0;0;0;0;0;0;0
57520;Obreck;44;57;0;0;0;0;0;0;0;0;0;0;0;0;0;0;0;0;0;0;0;0;0;0;0;0;0;0;0;0;0;0;0;0;0;0;0;0;0
57521;Oeting;44;57;0;0;0;0;0;0;0;0;0;0;0;0;0;0;0;1;0;0;0;0;2;1;0;1;8;6;1;2;4;1;1;1;1;5;0;0;1
57523;Ogy;44;57;0;0;0;0;0;0;0;0;0;0;0;0;0;0;0;0;0;0;0;0;0;0;0;0;0;0;1;1;2;0;0;0;0;0;0;0;0
57524;Ommeray;44;57;0;0;0;0;0;0;0;0;0;0;0;0;0;0;0;0;0;0;0;0;0;0;0;0;0;0;0;2;0;0;0;0;0;0;0;0;0
57525;Oriocourt;44;57;0;0;0;0;0;0;0;0;0;0;0;0;0;0;0;0;0;0;0;0;0;0;0;0;0;0;1;0;0;0;0;0;0;0;0;0;0
57526;Ormersviller;44;57;0;0;0;0;0;0;0;0;0;0;0;0;0;0;0;0;0;0;0;0;1;0;0;0;1;0;2;1;0;0;1;0;0;0;0;0;0
57527;Orny;44;57;0;0;0;0;0;0;0;0;0;0;0;0;0;0;0;0;0;0;0;0;0;0;0;0;1;1;2;0;0;0;0;0;0;0;0;0;0
57528;Oron;44;57;0;0;0;0;0;0;0;0;0;0;0;0;0;0;0;0;0;0;0;0;0;0;0;0;0;0;0;0;0;0;0;0;0;0;0;0;0
57529;Ottange;44;57;0;1;0;0;0;0;0;0;0;0;0;0;0;0;0;1;1;1;0;0;2;0;0;1;1;0;2;0;0;0;1;2;0;5;2;0;1
57530;Ottonville;44;57;0;0;0;0;0;0;0;0;0;0;0;0;0;0;0;0;0;0;0;0;0;0;0;0;0;0;1;0;3;0;0;0;0;3;0;0;0
57531;Oudrenne;44;57;0;0;0;0;0;0;0;0;0;0;0;0;0;0;0;0;0;0;0;0;0;0;0;0;1;0;3;1;0;0;0;0;0;1;0;0;0
57532;Pagny-lès-Goin;44;57;0;0;0;0;0;0;0;0;0;0;0;0;0;0;0;0;0;0;0;0;0;0;0;0;0;0;0;1;0;0;0;0;0;0;0;0;0
57533;Pange;44;57;0;0;0;0;0;0;0;0;0;0;0;0;0;0;0;0;0;0;0;1;0;0;0;0;1;0;1;1;2;0;0;0;0;0;0;0;0
57534;Peltre;44;57;0;0;0;0;0;0;0;0;0;0;0;0;0;0;0;0;0;1;0;0;3;0;0;0;4;2;5;8;2;2;2;0;0;3;1;0;0
57535;Petit-Réderching;44;57;0;0;0;0;0;0;0;0;0;0;0;0;0;0;0;0;0;0;1;0;2;0;0;0;3;2;4;1;0;2;0;0;0;4;0;0;0
57536;Petit-Tenquin;44;57;0;0;0;0;0;0;0;0;0;0;0;0;0;0;0;0;0;0;0;0;0;0;0;0;0;0;0;1;0;0;0;0;0;0;0;0;0
57537;Petite-Rosselle;44;57;1;0;0;0;0;0;0;0;0;0;0;0;0;0;0;3;4;1;0;0;6;0;0;2;8;10;4;7;4;1;7;0;0;5;0;1;6
57538;Pettoncourt;44;57;0;0;0;0;0;0;0;0;0;0;0;0;0;0;0;0;0;0;0;0;0;0;0;0;2;0;1;1;0;0;0;0;0;0;0;0;0
57539;Pévange;44;57;0;0;0;0;0;0;0;0;0;0;0;0;0;0;0;0;0;0;0;0;0;0;0;0;0;0;0;0;0;0;0;0;0;0;0;0;0
57540;Phalsbourg;44;57;0;1;0;0;0;0;0;0;0;1;0;0;0;0;0;5;0;1;0;0;14;1;0;5;7;4;9;3;7;1;8;1;1;23;2;3;9
57541;Philippsbourg;44;57;0;0;0;0;0;0;0;0;0;0;0;0;0;0;0;1;0;0;1;0;0;0;0;0;0;0;1;1;2;0;1;0;0;4;0;0;0
57542;Piblange;44;57;0;0;0;0;0;0;0;0;0;0;0;0;0;0;0;0;0;0;0;0;2;0;0;0;1;2;0;1;3;0;2;0;0;0;1;0;0
57543;Pierrevillers;44;57;0;0;0;0;0;0;0;0;0;0;0;0;0;0;0;0;1;0;0;0;3;0;0;0;1;5;0;0;3;1;2;0;0;2;1;0;0
57544;Plaine-de-Walsch;44;57;0;0;0;0;0;0;0;0;0;0;0;0;0;0;0;0;0;0;0;0;0;0;0;0;1;0;0;0;0;0;2;0;0;0;0;0;0
57545;Plappeville;44;57;0;0;0;0;0;0;0;0;0;0;0;0;0;0;0;0;0;0;0;0;0;0;0;0;3;2;2;4;1;1;1;0;0;2;3;0;0
57546;Plesnois;44;57;0;0;0;0;0;0;0;0;0;0;0;0;0;0;0;0;0;0;0;0;0;0;0;0;2;1;1;2;2;1;2;2;0;0;0;0;1
57547;Pommérieux;44;57;0;0;0;0;0;0;0;0;0;0;0;0;0;0;0;0;0;0;0;0;0;0;0;0;1;1;1;1;3;0;0;0;0;1;1;1;0
57548;Pontoy;44;57;0;0;0;0;0;0;0;0;0;0;0;0;0;0;0;0;0;0;0;0;3;0;0;0;0;1;0;2;0;1;0;0;0;1;0;1;3
57549;Pontpierre;44;57;0;0;0;0;0;0;0;0;0;0;0;0;0;0;0;0;0;0;0;0;0;0;0;0;3;1;1;1;0;0;1;0;0;3;0;0;0
57550;Porcelette;44;57;0;0;0;0;0;0;0;0;0;0;0;0;0;0;0;1;0;0;0;1;5;0;0;0;3;4;2;3;3;1;3;0;0;3;0;0;2
57551;Postroff;44;57;0;0;0;0;0;0;0;0;0;0;0;0;0;0;0;0;0;0;0;0;0;0;0;0;1;0;0;0;0;0;0;0;0;0;0;0;0
57552;Pouilly;44;57;0;0;0;0;0;0;0;0;0;0;0;0;0;0;0;0;0;0;0;0;0;0;0;0;0;0;1;0;0;0;0;0;0;0;0;0;0
57553;Pournoy-la-Chétive;44;57;0;0;0;0;0;0;0;0;0;0;0;0;0;0;0;0;0;0;0;0;3;0;0;0;0;0;0;1;0;0;0;0;0;1;0;0;0
57554;Pournoy-la-Grasse;44;57;0;0;0;0;0;0;0;0;0;0;0;0;0;0;0;0;0;0;0;0;0;0;0;0;2;2;0;0;0;0;0;0;0;2;1;0;0
57555;Prévocourt;44;57;0;0;0;0;0;0;0;0;0;0;0;0;0;0;0;0;0;0;0;0;0;0;0;0;0;0;0;0;0;0;0;0;0;0;0;0;0
57556;Puttelange-aux-Lacs;44;57;0;1;0;0;0;0;0;0;0;1;0;0;0;0;0;4;2;1;0;0;2;2;0;3;15;11;2;10;1;3;7;1;0;12;0;2;3
57557;Puttelange-lès-Thionville;44;57;0;0;0;0;0;0;0;0;0;0;0;0;0;0;0;1;0;0;0;0;1;0;0;0;0;0;0;1;0;2;0;0;0;1;0;0;0
57558;Puttigny;44;57;0;0;0;0;0;0;0;0;0;0;0;0;0;0;0;0;0;0;0;0;0;0;0;0;0;0;0;0;0;0;0;0;0;0;0;0;1
57559;Puzieux;44;57;0;0;0;0;0;0;0;0;0;0;0;0;0;0;0;0;0;0;0;0;0;0;0;0;1;1;0;0;1;0;0;0;0;1;0;0;0
57560;Racrange;44;57;0;0;0;0;0;0;0;0;0;0;0;0;0;0;0;1;1;0;0;0;1;0;0;0;1;2;0;0;1;4;0;0;0;0;1;0;0
57561;Rahling;44;57;0;0;0;0;0;0;0;0;0;0;0;0;0;0;0;1;0;0;0;0;0;0;0;0;0;0;0;0;0;0;3;0;0;1;0;0;0
57562;Ranguevaux;44;57;0;0;0;0;0;0;0;0;0;0;0;0;0;0;0;0;0;0;0;1;1;0;0;0;1;2;0;1;1;1;2;0;0;0;0;0;0
57563;Raville;44;57;0;0;0;0;0;0;0;0;0;0;0;0;0;0;0;0;0;0;0;0;0;0;0;0;0;0;0;0;1;0;0;0;0;0;0;0;0
57564;Réchicourt-le-Château;44;57;0;0;0;0;0;0;0;0;0;0;0;0;0;0;0;0;0;0;0;1;1;0;0;0;0;0;0;1;0;0;0;0;0;1;0;0;0
57565;Rédange;44;57;0;0;0;0;0;0;0;0;0;0;0;0;0;0;0;1;0;0;0;1;1;0;1;0;1;1;0;1;0;0;1;0;0;0;1;0;0
57566;Réding;44;57;0;0;0;0;0;0;0;0;0;0;0;0;0;0;0;1;0;1;0;0;2;0;0;0;3;0;4;5;2;0;3;0;0;2;0;0;2
57567;Rémelfang;44;57;0;0;0;0;0;0;0;0;0;0;0;0;0;0;0;0;0;0;0;0;2;1;1;0;0;0;0;0;0;1;0;0;0;1;0;0;0
57568;Rémelfing;44;57;0;0;0;0;0;0;0;0;0;0;0;0;0;0;0;0;0;0;0;0;1;0;0;0;0;0;0;2;0;0;1;0;0;3;0;0;2
57569;Rémeling;44;57;0;0;0;0;0;0;0;0;0;0;0;0;0;0;0;0;0;0;0;0;0;0;0;0;0;1;2;0;1;0;0;0;0;1;0;0;0
57570;Rémering;44;57;0;0;0;0;0;0;0;0;0;0;0;0;0;0;0;0;0;0;0;0;0;0;0;0;0;0;0;1;0;0;0;0;0;0;0;0;0
57571;Rémering-lès-Puttelange;44;57;0;0;0;0;0;0;0;0;0;0;0;0;0;0;0;1;0;0;0;0;0;0;0;0;1;0;1;1;0;2;3;0;0;3;0;0;1
57572;Rémilly;44;57;0;1;0;0;0;0;0;0;0;1;0;0;0;0;0;2;0;1;0;0;5;1;0;1;2;0;3;3;3;1;2;3;0;8;2;1;4
57573;Réning;44;57;0;0;0;0;0;0;0;0;0;0;0;0;0;0;0;0;0;0;0;0;1;0;0;0;0;0;0;0;0;0;0;0;0;0;0;0;0
57574;Basse-Rentgen;44;57;0;0;0;0;0;0;0;0;0;0;0;0;0;0;0;0;0;0;0;0;0;0;0;0;1;0;0;0;1;0;0;0;0;1;0;0;0
57575;Retonfey;44;57;0;0;0;0;0;0;0;0;0;0;0;0;0;0;0;0;0;0;0;0;1;0;0;0;3;1;10;2;2;0;2;0;0;0;1;1;0
57576;Rettel;44;57;0;1;0;0;0;0;0;0;0;0;0;0;0;0;0;0;1;0;0;0;3;1;0;0;1;1;3;3;1;0;1;1;0;6;0;1;0
57577;Reyersviller;44;57;0;0;0;0;0;0;0;0;0;0;0;0;0;0;0;0;0;0;0;0;0;0;0;0;0;1;1;0;0;0;1;0;0;3;0;0;0
57578;Rezonville;44;57;0;0;0;0;0;0;0;0;0;0;0;0;0;0;0;0;0;0;0;0;0;0;0;0;1;1;0;3;0;0;0;0;0;1;0;0;0
57579;Rhodes;44;57;0;0;0;0;0;0;0;0;0;0;0;0;0;0;0;0;0;0;0;0;0;0;0;0;0;0;0;0;0;0;0;0;0;4;0;0;0
57580;Riche;44;57;0;0;0;0;0;0;0;0;0;0;0;0;0;0;0;0;0;0;0;0;0;0;0;0;0;0;0;0;0;0;1;0;0;0;0;0;0
57581;Richeling;44;57;0;0;0;0;0;0;0;0;0;0;0;0;0;0;0;0;0;0;0;0;0;0;0;0;0;0;0;3;0;1;0;0;0;0;0;0;0
57582;Richemont;44;57;0;0;0;0;0;0;0;0;0;0;0;0;0;0;0;0;0;1;0;0;7;0;0;0;3;3;4;2;4;0;3;0;0;4;1;0;4
57583;Richeval;44;57;0;0;0;0;0;0;0;0;0;0;0;0;0;0;0;0;0;0;0;0;0;0;0;0;0;0;0;0;0;0;0;0;0;0;0;0;0
57584;Rimling;44;57;0;0;0;0;0;0;0;0;0;0;0;0;0;0;0;1;0;0;0;0;1;0;0;0;1;0;0;1;1;0;0;0;0;1;0;0;1
57585;Ritzing;44;57;0;0;0;0;0;0;0;0;0;0;0;0;0;0;0;0;0;0;0;0;1;0;0;0;0;0;0;0;0;0;0;0;0;1;0;0;0
57586;Rochonvillers;44;57;0;0;0;0;0;0;0;0;0;0;0;0;0;0;0;0;0;0;0;0;0;0;0;0;0;1;0;0;0;0;0;0;0;0;0;0;0
57587;Rodalbe;44;57;0;0;0;0;0;0;0;0;0;0;0;0;0;0;0;0;0;0;0;0;0;0;0;0;1;2;0;0;0;0;1;0;0;0;0;0;0
57588;Rodemack;44;57;0;0;0;0;0;0;0;0;0;0;0;0;0;0;0;0;0;0;0;1;2;0;0;0;0;0;0;0;1;0;0;0;0;2;0;0;0
57589;Rohrbach-lès-Bitche;44;57;0;1;0;0;0;0;0;0;0;1;0;0;0;0;0;5;2;1;0;0;6;2;0;2;3;4;5;1;2;2;6;1;0;6;3;1;2
57590;Rolbing;44;57;0;0;0;0;0;0;0;0;0;0;0;0;0;0;0;0;0;0;0;0;1;0;0;0;0;0;0;1;0;0;0;0;0;0;0;0;0
57591;Rombas;44;57;1;0;0;0;0;0;0;0;0;1;0;0;0;0;0;7;4;1;0;0;10;2;0;3;4;12;6;11;6;4;14;1;0;29;3;0;6
57592;Romelfing;44;57;0;0;0;0;0;0;0;0;0;0;0;0;0;0;0;0;0;0;0;0;0;0;0;0;2;2;0;0;0;0;0;0;0;0;0;0;0
57593;Roncourt;44;57;0;0;0;0;0;0;0;0;0;0;0;0;0;0;0;0;0;0;0;1;0;0;0;0;1;5;2;0;1;0;1;0;0;1;1;0;1
57594;Roppeviller;44;57;0;0;0;0;0;0;0;0;0;0;0;0;0;0;0;0;0;0;0;0;0;0;0;0;0;0;0;0;0;0;0;0;0;1;0;0;0
57595;Rorbach-lès-Dieuze;44;57;0;0;0;0;0;0;0;0;0;0;0;0;0;0;0;0;0;0;0;0;0;0;0;0;0;0;0;0;0;0;0;0;0;0;0;0;0
57596;Rosbruck;44;57;0;0;0;0;0;0;0;0;0;0;0;0;0;0;0;0;0;0;0;0;1;2;1;0;2;3;1;3;0;0;1;0;0;1;1;0;0
57597;Rosselange;44;57;0;0;0;0;0;0;0;0;0;0;0;0;0;0;0;0;0;0;0;1;6;0;0;0;2;5;3;3;3;1;4;0;0;1;1;0;2
57598;Rouhling;44;57;0;0;0;0;0;0;0;0;0;0;0;0;0;0;0;1;0;0;1;0;1;0;0;0;2;2;3;1;2;0;3;0;0;1;0;0;2
57599;Roupeldange;44;57;0;0;0;0;0;0;0;0;0;0;0;0;0;0;0;0;0;0;0;0;0;0;0;1;1;1;0;0;0;0;0;0;0;0;0;0;0
57600;Roussy-le-Village;44;57;0;0;0;0;0;0;0;0;0;0;0;0;0;0;0;0;0;0;0;0;0;0;0;0;0;1;0;0;0;0;0;0;0;1;0;0;0
57601;Rozérieulles;44;57;0;0;0;0;0;0;0;0;0;0;0;0;0;0;0;0;0;0;0;0;0;0;0;0;1;2;1;4;3;1;1;1;0;2;0;0;2
57602;Rurange-lès-Thionville;44;57;0;0;0;0;0;0;0;0;0;0;0;0;0;0;0;0;0;0;0;0;0;0;0;0;3;2;1;4;3;1;4;0;0;1;0;0;2
57603;Russange;44;57;0;0;0;0;0;0;0;0;0;0;0;0;0;0;0;0;0;0;0;0;1;0;0;0;2;2;0;1;0;0;1;0;0;1;0;0;2
57604;Rustroff;44;57;0;0;0;0;0;0;0;0;0;0;0;0;0;0;0;0;0;0;0;0;0;0;0;0;0;0;2;0;1;0;0;0;0;0;0;0;0
57605;Sailly-Achâtel;44;57;0;0;0;0;0;0;0;0;0;0;0;0;0;0;0;0;0;0;0;0;0;0;0;0;0;1;0;1;0;0;0;0;0;0;0;0;0
57606;Saint-Avold;44;57;1;0;0;0;1;0;0;0;0;2;0;1;0;0;0;8;6;1;0;3;21;2;6;5;27;24;17;16;14;7;33;3;62;64;23;4;21
57607;Sainte-Barbe;44;57;0;0;0;0;0;0;0;0;0;0;0;0;0;0;0;0;0;0;0;0;0;0;0;0;0;4;1;0;1;0;0;0;0;1;0;0;1
57609;Saint-Epvre;44;57;0;0;0;0;0;0;0;0;0;0;0;0;0;0;0;0;0;0;0;0;0;0;0;0;0;0;0;0;0;0;0;0;0;0;0;0;0
57610;Saint-François-Lacroix;44;57;0;0;0;0;0;0;0;0;0;0;0;0;0;0;0;0;0;0;0;0;0;0;0;0;0;0;0;2;0;0;0;0;0;0;0;0;0
57611;Saint-Georges;44;57;0;0;0;0;0;0;0;0;0;0;0;0;0;0;0;0;0;0;0;0;0;0;0;0;1;0;0;0;0;0;0;0;0;0;0;0;0
57612;Saint-Hubert;44;57;0;0;0;0;0;0;0;0;0;0;0;0;0;0;0;0;0;0;0;0;1;0;0;0;0;0;0;0;3;0;0;0;0;0;0;0;0
57613;Saint-Jean-de-Bassel;44;57;0;0;0;0;0;0;0;0;0;0;0;0;0;0;0;0;0;0;0;0;0;0;0;0;0;1;0;0;0;0;0;0;0;0;0;0;0
57614;Saint-Jean-Kourtzerode;44;57;0;0;0;0;0;0;0;0;0;0;0;0;0;0;0;0;1;0;0;0;1;0;0;0;1;1;2;1;0;2;2;0;0;1;0;0;1
57615;Saint-Jean-Rohrbach;44;57;0;0;0;0;0;0;0;0;0;0;0;0;0;0;0;0;1;0;0;1;2;0;0;0;4;4;4;2;0;2;2;0;0;0;0;0;1
57616;Saint-Julien-lès-Metz;44;57;0;0;0;0;0;0;0;0;0;1;0;0;0;0;0;6;0;1;0;0;2;0;0;0;13;7;3;11;2;7;5;2;3;24;5;1;4
57617;Saint-Jure;44;57;0;0;0;0;0;0;0;0;0;0;0;0;0;0;0;0;0;0;0;0;0;0;0;0;1;1;0;0;0;0;0;0;0;0;0;0;0
57618;Saint-Louis;44;57;0;0;0;0;0;0;0;0;0;0;0;0;0;0;0;1;0;0;0;0;0;0;0;0;0;0;4;0;0;0;0;0;0;0;0;0;0
57619;Saint-Louis-lès-Bitche;44;57;0;0;0;0;0;0;0;0;0;0;0;0;0;0;0;0;0;0;1;0;1;0;0;0;0;0;0;0;0;0;0;0;0;0;0;0;0
57620;Sainte-Marie-aux-Chênes;44;57;0;0;0;0;0;0;0;0;0;0;0;0;0;0;0;2;0;1;0;0;5;1;1;2;1;8;9;8;2;4;8;1;4;16;4;2;4
57621;Saint-Médard;44;57;0;0;0;0;0;0;0;0;0;0;0;0;0;0;0;0;0;0;0;0;0;0;0;0;0;0;0;0;0;0;0;0;0;0;0;0;0
57622;Saint-Privat-la-Montagne;44;57;0;0;0;0;0;0;0;0;0;0;0;0;0;0;0;0;0;0;1;0;3;1;0;1;3;10;4;5;2;0;2;0;0;4;1;0;3
57623;Saint-Quirin;44;57;0;0;0;0;0;0;0;0;0;0;0;0;0;0;0;0;0;0;0;1;1;0;0;0;0;3;2;1;1;0;0;0;0;3;0;0;0
57624;Sainte-Ruffine;44;57;0;0;0;0;0;0;0;0;0;0;0;0;0;0;0;0;0;0;0;0;0;0;0;0;1;0;1;0;0;0;0;0;0;0;1;0;1
57625;Salonnes;44;57;0;0;0;0;0;0;0;0;0;0;0;0;0;0;0;0;0;0;0;0;0;0;0;0;0;1;0;0;0;0;0;0;0;0;0;0;1
57626;Sanry-lès-Vigy;44;57;0;0;0;0;0;0;0;0;0;0;0;0;0;0;0;0;0;0;0;0;1;0;0;0;0;0;1;0;2;0;1;0;0;1;0;0;0
57627;Sanry-sur-Nied;44;57;0;0;0;0;0;0;0;0;0;0;0;0;0;0;0;0;0;0;0;0;0;0;0;0;0;2;0;0;2;0;0;0;0;0;0;0;0
57628;Sarralbe;44;57;0;1;0;0;0;0;0;0;0;0;0;0;0;0;0;5;4;1;0;0;9;1;0;4;10;7;9;8;8;2;10;1;0;14;5;2;6
57629;Sarraltroff;44;57;0;0;0;0;0;0;0;0;0;0;0;0;0;0;0;1;0;0;1;0;2;0;0;0;1;0;1;1;1;0;2;0;0;1;0;0;1
57630;Sarrebourg;44;57;1;1;0;0;1;0;0;0;0;3;0;1;0;0;0;9;6;2;0;0;24;5;0;10;16;19;12;14;13;7;27;2;7;51;14;3;10
57631;Sarreguemines;44;57;1;1;0;1;1;0;1;0;0;5;0;1;0;0;0;15;7;2;2;0;43;6;4;10;39;31;23;27;15;14;48;4;17;94;20;3;24
57633;Sarreinsming;44;57;0;0;0;0;0;0;0;0;0;0;0;0;0;0;0;1;0;0;1;0;0;0;0;0;2;2;0;0;2;0;0;0;0;1;0;0;1
57634;Saulny;44;57;0;0;0;0;0;0;0;0;0;0;0;0;0;0;0;0;0;0;0;0;0;0;0;0;0;1;1;3;2;1;0;0;0;1;0;0;0
57635;Schalbach;44;57;0;0;0;0;0;0;0;0;0;0;0;0;0;0;0;0;0;0;0;0;0;0;0;0;0;1;1;0;1;0;0;0;0;0;0;0;0
57636;Schmittviller;44;57;0;0;0;0;0;0;0;0;0;0;0;0;0;0;0;0;0;0;0;0;0;0;0;0;0;0;1;0;0;0;0;0;0;0;0;0;0
57637;Schneckenbusch;44;57;0;0;0;0;0;0;0;0;0;0;0;0;0;0;0;0;0;0;0;0;0;0;0;0;0;0;0;0;1;0;0;0;0;0;0;0;0
57638;Schoeneck;44;57;0;0;0;0;0;0;0;0;0;0;0;0;0;0;0;1;0;0;0;1;2;1;0;0;1;4;0;5;2;1;3;0;0;0;0;0;3
57639;Schorbach;44;57;0;0;0;0;0;0;0;0;0;0;0;0;0;0;0;0;0;0;0;0;0;0;0;0;0;0;0;0;0;1;0;0;0;0;0;0;0
57640;Schwerdorff;44;57;0;0;0;0;0;0;0;0;0;0;0;0;0;0;0;0;0;0;0;0;0;0;0;0;0;1;1;1;1;0;1;0;0;0;0;0;0
57641;Schweyen;44;57;0;0;0;0;0;0;0;0;0;0;0;0;0;0;0;0;0;0;0;0;0;0;0;0;0;0;1;0;1;0;0;0;0;0;0;0;0
57642;Scy-Chazelles;44;57;0;0;0;0;0;0;0;0;0;0;0;0;0;0;0;2;0;0;0;0;6;1;0;0;1;1;6;4;3;4;3;0;7;2;2;1;4
57643;Secourt;44;57;0;0;0;0;0;0;0;0;0;0;0;0;0;0;0;0;0;0;0;0;0;0;0;0;0;0;0;0;0;0;0;0;0;0;0;0;0
57644;Seingbouse;44;57;0;0;0;0;0;0;0;0;0;0;0;0;0;0;0;1;0;0;1;0;2;0;0;0;2;1;2;0;2;1;2;0;0;2;1;1;2
57645;Semécourt;44;57;0;0;0;0;0;0;0;0;0;0;0;0;0;0;0;0;0;0;0;0;4;0;0;0;1;2;3;5;1;0;4;0;0;16;0;1;0
57647;Serémange-Erzange;44;57;0;0;0;0;0;0;0;0;0;0;0;0;0;0;0;1;1;1;0;0;5;0;1;0;2;4;1;8;1;0;5;1;0;5;3;0;3
57648;Servigny-lès-Raville;44;57;0;0;0;0;0;0;0;0;0;0;0;0;0;0;0;0;0;0;0;0;0;0;0;0;0;2;2;2;1;0;1;0;0;0;0;0;2
57649;Servigny-lès-Sainte-Barbe;44;57;0;0;0;0;0;0;0;0;0;0;0;0;0;0;0;0;0;0;0;0;0;0;0;0;0;1;2;0;2;0;0;0;0;0;0;0;2
57650;Sierck-les-Bains;44;57;0;0;0;0;0;0;0;0;0;1;0;0;0;0;0;4;0;1;0;0;1;0;0;2;0;3;2;0;2;1;5;0;0;7;1;0;2
57651;Siersthal;44;57;0;0;0;0;0;0;0;0;0;0;0;0;0;0;0;0;0;0;0;0;1;0;0;0;0;0;2;2;0;1;1;0;0;0;0;1;1
57652;Sillegny;44;57;0;0;0;0;0;0;0;0;0;0;0;0;0;0;0;0;0;0;0;0;3;0;0;0;0;1;1;2;0;0;0;0;0;0;1;0;1
57653;Silly-en-Saulnois;44;57;0;0;0;0;0;0;0;0;0;0;0;0;0;0;0;0;0;0;0;0;0;0;0;0;0;0;0;0;0;0;0;0;0;0;0;0;0
57654;Silly-sur-Nied;44;57;0;0;0;0;0;0;0;0;0;0;0;0;0;0;0;0;0;0;0;0;3;0;0;0;1;1;0;0;1;0;0;0;0;0;0;0;2
57655;Solgne;44;57;0;0;0;0;0;0;0;0;0;0;0;0;0;0;0;0;0;0;0;1;3;0;0;0;4;2;3;2;4;0;2;0;0;2;0;0;1
57656;Sorbey;44;57;0;0;0;0;0;0;0;0;0;0;0;0;0;0;0;0;0;0;0;0;1;0;0;0;2;1;2;1;0;0;0;0;0;0;0;0;0
57657;Sotzeling;44;57;0;0;0;0;0;0;0;0;0;0;0;0;0;0;0;0;0;0;0;0;0;0;0;0;0;0;1;0;0;0;0;0;0;0;0;0;0
57658;Soucht;44;57;0;0;0;0;0;0;0;0;0;0;0;0;0;0;0;1;0;0;0;1;1;0;0;0;1;0;1;2;0;0;2;0;0;1;0;0;1
57659;Spicheren;44;57;0;0;0;0;0;0;0;0;0;0;0;0;0;0;0;1;0;0;0;1;2;0;0;0;8;5;7;8;2;2;3;0;1;6;1;0;4
57660;Stiring-Wendel;44;57;1;0;0;0;0;0;0;0;0;0;0;0;0;0;0;5;3;2;0;0;13;1;0;3;18;23;5;15;13;1;19;0;3;20;2;2;18
57661;Sturzelbronn;44;57;0;0;0;0;0;0;0;0;0;0;0;0;0;0;0;0;0;0;1;0;0;0;0;0;0;0;0;0;0;0;0;0;0;2;0;0;0
57662;Suisse;44;57;0;0;0;0;0;0;0;0;0;0;0;0;0;0;0;0;0;0;0;0;2;0;0;0;0;1;0;0;0;0;1;0;0;0;0;0;0
57663;Talange;44;57;0;0;0;0;0;0;0;0;0;0;0;0;0;0;0;2;1;1;0;0;13;1;1;2;6;10;13;5;10;1;10;0;1;17;2;0;8
57664;Tarquimpol;44;57;0;0;0;0;0;0;0;0;0;0;0;0;0;0;0;0;0;0;0;0;0;0;0;0;0;0;1;0;0;0;0;0;0;0;0;0;0
57665;Tenteling;44;57;0;0;0;0;0;0;0;0;0;0;0;0;0;0;0;0;0;0;0;0;3;0;0;0;3;1;4;2;2;0;1;0;0;1;0;0;0
57666;Terville;44;57;0;0;0;0;0;0;0;0;0;0;0;0;0;0;0;2;2;1;0;0;13;0;2;0;2;3;6;4;6;2;8;1;1;16;2;1;8
57667;Téterchen;44;57;0;0;0;0;0;0;0;0;0;0;0;0;0;0;0;0;0;0;0;1;0;0;0;0;3;0;1;1;0;1;1;2;0;0;0;0;2
57668;Teting-sur-Nied;44;57;0;0;0;0;0;0;0;0;0;0;0;0;0;0;0;1;0;0;0;1;2;0;0;0;5;1;3;1;0;0;2;0;0;0;0;0;1
57669;Théding;44;57;0;0;0;0;0;0;0;0;0;0;0;0;0;0;0;2;1;0;0;0;6;0;0;0;5;11;5;0;5;0;4;0;0;4;0;1;3
57670;Thicourt;44;57;0;0;0;0;0;0;0;0;0;0;0;0;0;0;0;0;0;0;0;0;0;0;0;0;0;0;0;1;0;0;0;0;0;0;0;0;0
57671;Thimonville;44;57;0;0;0;0;0;0;0;0;0;0;0;0;0;0;0;0;0;0;0;0;0;0;0;0;1;0;0;0;0;0;0;0;0;0;0;0;0
57672;Thionville;44;57;1;0;0;1;1;1;1;0;0;3;0;2;0;0;0;25;7;3;1;0;60;4;7;11;22;26;36;32;24;16;68;10;23;171;47;8;38
57673;Thonville;44;57;0;0;0;0;0;0;0;0;0;0;0;0;0;0;0;0;0;0;0;0;1;0;0;0;1;0;0;0;0;0;0;0;0;1;1;0;0
57674;Tincry;44;57;0;0;0;0;0;0;0;0;0;0;0;0;0;0;0;0;0;0;0;0;0;0;0;0;1;0;1;0;0;0;1;0;0;0;0;0;0
57675;Torcheville;44;57;0;0;0;0;0;0;0;0;0;0;0;0;0;0;0;0;0;0;0;0;0;0;0;0;0;0;0;0;0;0;0;0;0;0;0;0;0
57676;Tragny;44;57;0;0;0;0;0;0;0;0;0;0;0;0;0;0;0;0;0;0;0;0;0;0;0;0;0;0;0;0;0;0;0;0;0;0;0;0;0
57677;Trémery;44;57;0;0;0;0;0;0;0;0;0;0;0;0;0;0;0;0;0;0;0;1;2;0;0;0;0;1;1;1;4;0;1;0;0;2;0;1;0
57678;Tressange;44;57;0;0;0;0;0;0;0;0;0;0;0;0;0;0;0;0;0;0;0;1;3;0;0;0;1;2;0;0;0;0;4;0;0;2;0;0;3
57679;Tritteling-Redlach;44;57;0;0;0;0;0;0;0;0;0;0;0;0;0;0;0;0;0;0;0;0;0;0;0;1;1;4;1;0;0;1;1;0;0;0;0;0;0
57680;Troisfontaines;44;57;0;0;0;0;0;0;0;0;0;0;0;0;0;0;0;1;0;1;0;0;2;0;0;1;0;1;1;3;0;0;2;0;0;2;4;0;0
57681;Tromborn;44;57;0;0;0;0;0;0;0;0;0;0;0;0;0;0;0;0;0;0;0;0;0;0;0;0;0;0;0;0;1;0;2;0;0;0;0;0;0
57682;Turquestein-Blancrupt;44;57;0;0;0;0;0;0;0;0;0;0;0;0;0;0;0;0;0;0;0;0;0;0;0;0;0;0;0;0;1;0;0;0;0;0;1;0;0
57683;Uckange;44;57;0;1;0;0;0;0;0;0;0;0;0;0;0;0;0;2;0;1;0;0;14;1;0;3;19;7;3;9;6;4;10;0;1;10;1;0;4
57684;Vahl-Ebersing;44;57;0;0;0;0;0;0;0;0;0;0;0;0;0;0;0;0;0;0;0;0;4;0;0;0;1;1;0;0;0;0;0;0;0;0;0;0;0
57685;Vahl-lès-Bénestroff;44;57;0;0;0;0;0;0;0;0;0;0;0;0;0;0;0;0;0;0;0;0;0;0;0;0;0;0;1;0;0;0;0;0;0;0;0;0;0
57686;Vahl-lès-Faulquemont;44;57;0;0;0;0;0;0;0;0;0;0;0;0;0;0;0;0;0;0;0;0;0;0;0;0;0;0;0;0;1;1;0;0;0;0;0;0;0
57687;Vallerange;44;57;0;0;0;0;0;0;0;0;0;0;0;0;0;0;0;0;0;0;0;0;0;0;0;0;0;0;0;0;0;0;0;0;0;0;0;0;0
57689;Valmestroff;44;57;0;0;0;0;0;0;0;0;0;0;0;0;0;0;0;0;0;0;0;0;0;0;0;0;1;0;0;0;0;0;0;0;0;1;0;0;1
57690;Valmont;44;57;0;0;0;0;0;0;0;0;0;0;0;1;0;0;0;1;0;1;0;0;2;0;0;0;5;8;1;4;1;1;8;1;0;1;0;0;3
57691;Valmunster;44;57;0;0;0;0;0;0;0;0;0;0;0;0;0;0;0;0;0;0;0;0;0;0;0;0;0;0;0;1;1;0;0;0;0;0;0;0;0
57692;Vannecourt;44;57;0;0;0;0;0;0;0;0;0;0;0;0;0;0;0;0;0;0;0;0;0;0;0;0;0;0;0;0;0;0;0;0;0;0;0;0;0
57693;Vantoux;44;57;0;0;0;0;0;0;0;0;0;0;0;0;0;0;0;0;0;0;0;0;0;0;0;0;0;2;1;1;1;0;0;0;0;1;1;0;0
57694;Vany;44;57;0;0;0;0;0;0;0;0;0;0;0;0;0;0;0;0;0;0;0;0;0;0;0;0;1;0;0;0;0;0;0;0;0;0;0;0;0
57695;Varize;44;57;0;0;0;0;0;0;0;0;0;0;0;0;0;0;0;0;0;0;0;0;0;0;0;0;0;1;0;3;1;0;0;0;0;1;0;0;1
57696;Varsberg;44;57;0;0;0;0;0;0;0;0;0;0;0;0;0;0;0;0;0;0;0;1;0;0;0;0;0;1;0;2;3;1;0;0;0;0;0;0;2
57697;Vasperviller;44;57;0;0;0;0;0;0;0;0;0;0;0;0;0;0;0;0;0;0;0;0;0;0;0;0;0;0;2;1;0;0;0;0;0;0;0;0;0
57698;Vatimont;44;57;0;0;0;0;0;0;0;0;0;0;0;0;0;0;0;0;0;0;0;0;0;0;0;0;1;0;0;0;1;0;0;0;0;1;0;0;0
57700;Vaudreching;44;57;0;0;0;0;0;0;0;0;0;0;0;0;0;0;0;0;0;0;0;0;1;0;0;0;1;0;2;1;0;1;0;0;0;2;0;0;0
57701;Vaux;44;57;0;0;0;0;0;0;0;0;0;0;0;0;0;0;0;0;0;0;0;0;0;0;0;0;1;0;1;5;2;0;0;0;0;2;0;0;2
57702;Vaxy;44;57;0;0;0;0;0;0;0;0;0;0;0;0;0;0;0;0;0;0;0;0;0;0;0;0;0;0;2;0;0;0;0;0;0;0;0;0;0
57703;Veckersviller;44;57;0;0;0;0;0;0;0;0;0;0;0;0;0;0;0;1;0;0;0;0;1;0;0;0;0;0;1;0;0;0;0;0;0;0;0;0;0
57704;Veckring;44;57;0;0;0;0;0;0;0;0;0;0;0;0;0;0;0;0;0;0;0;0;0;0;0;0;0;1;0;0;1;1;1;0;0;1;0;0;2
57705;Velving;44;57;0;0;0;0;0;0;0;0;0;0;0;0;0;0;0;0;0;0;0;0;0;0;0;0;1;0;0;0;0;0;0;0;0;0;0;0;0
57706;Vergaville;44;57;0;0;0;0;0;0;0;0;0;0;0;0;0;0;0;0;0;0;0;0;1;0;0;0;2;0;0;0;1;0;0;0;0;0;0;0;0
57707;Vernéville;44;57;0;0;0;0;0;0;0;0;0;0;0;0;0;0;0;0;0;0;0;1;1;0;0;0;3;2;2;3;1;0;0;0;0;0;0;0;0
57708;Verny;44;57;0;1;0;0;0;0;0;0;0;1;0;0;0;0;0;1;0;1;0;0;2;0;0;1;0;2;0;6;2;0;5;1;0;3;0;0;1
57709;Vescheim;44;57;0;0;0;0;0;0;0;0;0;0;0;0;0;0;0;0;0;0;0;0;0;0;0;0;0;1;1;0;0;0;0;0;0;0;0;0;0
57711;Vibersviller;44;57;0;0;0;0;0;0;0;0;0;0;0;0;0;0;0;0;0;0;0;0;1;0;0;0;2;0;0;1;0;0;0;0;0;1;0;0;0
57712;Vic-sur-Seille;44;57;0;1;0;0;0;0;0;0;0;0;0;0;0;0;0;0;0;1;0;0;2;0;0;1;6;0;1;0;0;0;2;0;0;5;0;0;0
57713;Vieux-Lixheim;44;57;0;0;0;0;0;0;0;0;0;0;0;0;0;0;0;0;0;0;0;0;1;0;0;0;0;0;3;0;0;0;1;0;0;1;0;0;0
57714;Haute-Vigneulles;44;57;0;0;0;0;0;0;0;0;0;0;0;0;0;0;0;0;0;0;0;0;2;0;0;0;0;1;1;1;0;0;0;0;0;0;0;0;0
57715;Vigny;44;57;0;0;0;0;0;0;0;0;0;0;0;0;0;0;0;0;0;0;0;0;0;0;0;0;0;2;1;1;1;0;0;0;0;0;0;0;0
57716;Vigy;44;57;0;1;0;0;0;0;0;0;0;1;0;0;0;0;0;1;0;1;0;0;4;0;0;0;0;2;0;3;0;1;1;4;0;4;0;0;0
57717;Viller;44;57;0;0;0;0;0;0;0;0;0;0;0;0;0;0;0;0;0;0;0;0;0;0;0;0;1;0;1;2;1;0;0;0;0;0;0;0;0
57718;Villers-Stoncourt;44;57;0;0;0;0;0;0;0;0;0;0;0;0;0;0;0;0;0;0;0;0;1;0;0;0;0;1;1;0;2;0;0;0;0;0;0;0;0
57719;Villers-sur-Nied;44;57;0;0;0;0;0;0;0;0;0;0;0;0;0;0;0;0;0;0;0;0;1;0;0;0;0;1;0;0;0;0;0;0;0;0;0;0;0
57720;Villing;44;57;0;0;0;0;0;0;0;0;0;0;0;0;0;0;0;0;0;0;0;0;0;0;0;0;1;0;0;1;0;0;1;0;0;0;1;0;0
57721;Vilsberg;44;57;0;0;0;0;0;0;0;0;0;0;0;0;0;0;0;1;0;0;0;0;1;0;0;0;0;0;0;0;0;0;0;0;0;0;0;0;0
57722;Vionville;44;57;0;0;0;0;0;0;0;0;0;0;0;0;0;0;0;0;0;0;0;0;1;0;0;0;2;0;1;2;0;0;0;0;0;0;1;0;0
57723;Virming;44;57;0;0;0;0;0;0;0;0;0;0;0;0;0;0;0;0;0;0;0;0;0;0;0;0;0;0;1;0;1;0;1;0;0;0;0;0;0
57724;Vitry-sur-Orne;44;57;0;0;0;0;0;0;0;0;0;0;0;0;0;0;0;0;0;0;0;0;3;0;0;1;3;4;5;3;2;2;1;0;0;0;1;1;0
57725;Vittersbourg;44;57;0;0;0;0;0;0;0;0;0;0;0;0;0;0;0;0;0;0;0;0;0;0;0;0;2;3;1;0;1;0;1;0;0;1;0;0;0
57726;Vittoncourt;44;57;0;0;0;0;0;0;0;0;0;0;0;0;0;0;0;0;0;0;0;0;0;0;0;0;0;1;1;1;0;0;0;0;0;0;0;0;0
57727;Viviers;44;57;0;0;0;0;0;0;0;0;0;0;0;0;0;0;0;0;0;0;0;0;0;0;0;0;0;0;0;0;1;0;0;0;0;0;0;0;0
57728;Voimhaut;44;57;0;0;0;0;0;0;0;0;0;0;0;0;0;0;0;0;0;0;0;0;0;0;0;0;1;0;1;0;1;0;0;0;0;0;0;0;0
57730;Volmerange-lès-Boulay;44;57;0;0;0;0;0;0;0;0;0;0;0;0;0;0;0;0;0;0;0;0;0;0;0;0;1;3;1;0;3;1;0;0;0;0;1;0;0
57731;Volmerange-les-Mines;44;57;0;0;0;0;0;0;0;0;0;0;0;0;0;0;0;1;0;1;0;0;3;0;0;0;2;0;1;1;0;1;1;0;0;5;4;1;1
57732;Volmunster;44;57;0;1;0;0;0;0;0;0;0;0;0;0;0;0;0;2;0;1;0;0;3;0;0;0;1;1;0;1;0;0;3;0;0;3;1;0;1
57733;Volstroff;44;57;0;0;0;0;0;0;0;0;0;0;0;0;0;0;0;0;0;0;0;0;0;0;0;1;0;1;0;1;3;0;1;0;0;2;0;0;2
57734;Voyer;44;57;0;0;0;0;0;0;0;0;0;0;0;0;0;0;0;0;0;0;0;0;0;0;0;0;0;0;0;0;1;0;1;0;0;0;0;0;0
57736;Vry;44;57;0;0;0;0;0;0;0;0;0;0;0;0;0;0;0;0;0;0;0;0;1;0;0;1;2;1;2;2;0;2;1;0;0;1;0;0;0
57737;Vulmont;44;57;0;0;0;0;0;0;0;0;0;0;0;0;0;0;0;0;0;0;0;0;0;0;0;0;0;0;0;0;0;0;0;0;0;0;0;0;0
57738;Waldhouse;44;57;0;0;0;0;0;0;0;0;0;0;0;0;0;0;0;0;0;0;0;0;1;0;0;0;0;0;0;0;0;0;0;0;0;1;0;0;0
57739;Waldweistroff;44;57;0;0;0;0;0;0;0;0;0;0;0;0;0;0;0;1;0;0;0;1;1;0;0;0;0;0;0;2;1;0;2;0;0;0;0;0;0
57740;Waldwisse;44;57;0;0;0;0;0;0;0;0;0;0;0;0;0;0;0;1;0;0;1;0;0;0;0;0;0;0;1;0;0;1;2;0;0;0;0;0;1
57741;Walschbronn;44;57;0;0;0;0;0;0;0;0;0;0;0;0;0;0;0;1;0;0;0;1;0;0;0;0;0;1;1;1;1;0;1;0;0;1;0;0;0
57742;Walscheid;44;57;0;0;0;0;0;0;0;0;0;0;0;0;0;0;0;1;1;0;1;0;3;0;0;0;1;3;4;3;0;0;2;0;0;2;0;0;1
57743;Waltembourg;44;57;0;0;0;0;0;0;0;0;0;0;0;0;0;0;0;0;0;0;0;0;0;0;0;0;1;0;1;0;0;0;0;0;0;0;0;0;0
57745;Wiesviller;44;57;0;0;0;0;0;0;0;0;0;0;0;0;0;0;0;1;0;0;0;0;0;0;0;0;1;1;0;1;1;1;4;0;0;2;0;0;0
57746;Willerwald;44;57;0;0;0;0;0;0;0;0;0;0;0;0;0;0;0;1;0;0;0;1;3;0;0;0;5;2;2;1;3;2;1;0;0;0;0;0;2
57747;Wintersbourg;44;57;0;0;0;0;0;0;0;0;0;0;0;0;0;0;0;0;0;0;0;0;0;0;0;0;0;0;1;0;0;0;0;0;0;0;0;0;0
57748;Wittring;44;57;0;0;0;0;0;0;0;0;0;0;0;0;0;0;0;1;0;0;0;1;1;0;0;0;2;0;0;1;2;0;0;0;0;1;0;0;1
57749;Voelfling-lès-Bouzonville;44;57;0;0;0;0;0;0;0;0;0;0;0;0;0;0;0;0;0;0;0;0;1;0;0;0;0;0;0;0;0;0;0;0;0;0;0;0;0
57750;Woelfling-lès-Sarreguemines;44;57;0;0;0;0;0;0;0;0;0;0;0;0;0;0;0;0;0;0;0;1;0;0;0;0;0;1;1;1;1;0;0;0;0;1;0;0;0
57751;Woippy;44;57;1;0;0;0;0;0;0;1;0;0;0;0;0;1;0;5;2;2;0;0;27;6;8;6;19;32;21;25;17;7;13;1;1;34;7;1;5
57752;Woustviller;44;57;0;0;0;0;0;0;0;0;0;0;0;0;0;0;0;2;0;0;1;0;6;1;0;4;8;1;3;4;7;1;6;0;0;4;1;0;6
57753;Wuisse;44;57;0;0;0;0;0;0;0;0;0;0;0;0;0;0;0;0;0;0;0;0;0;0;0;0;0;0;0;0;0;0;0;0;0;0;0;0;0
57754;Xanrey;44;57;0;0;0;0;0;0;0;0;0;0;0;0;0;0;0;0;0;0;0;0;0;0;0;0;0;0;1;0;0;0;0;0;0;0;0;0;0
57755;Xocourt;44;57;0;0;0;0;0;0;0;0;0;0;0;0;0;0;0;0;0;0;0;0;0;0;0;0;0;0;0;0;1;0;0;0;0;0;0;0;0
57756;Xouaxange;44;57;0;0;0;0;0;0;0;0;0;0;0;0;0;0;0;0;0;0;0;0;0;0;0;0;0;0;2;1;0;0;0;0;0;1;0;0;0
57757;Yutz;44;57;1;0;0;0;0;0;0;0;0;0;0;0;0;0;0;8;3;1;0;1;19;3;2;4;15;17;14;23;13;4;34;7;3;27;12;3;16
57759;Zarbeling;44;57;0;0;0;0;0;0;0;0;0;0;0;0;0;0;0;0;0;0;0;0;0;0;0;0;1;0;0;0;0;0;0;0;0;0;0;0;0
57760;Zetting;44;57;0;0;0;0;0;0;0;0;0;0;0;0;0;0;0;0;0;0;0;0;0;0;0;0;0;0;0;0;1;0;1;0;0;2;0;0;1
57761;Zilling;44;57;0;0;0;0;0;0;0;0;0;0;0;0;0;0;0;1;0;0;0;0;0;0;0;0;0;0;0;0;0;0;0;0;0;0;0;0;1
57762;Zimming;44;57;0;0;0;0;0;0;0;0;0;0;0;0;0;0;0;0;0;0;0;0;0;0;0;0;0;1;1;0;1;0;0;0;0;0;0;0;0
57763;Zommange;44;57;0;0;0;0;0;0;0;0;0;0;0;0;0;0;0;0;0;0;0;0;0;0;0;0;0;0;0;0;0;0;0;1;0;0;0;0;0
57764;Zoufftgen;44;57;0;0;0;0;0;0;0;0;0;0;0;0;0;0;0;1;0;0;0;1;1;0;0;0;1;0;0;0;0;0;1;0;0;1;1;0;0
57765;Diesen;44;57;0;0;0;0;0;0;0;0;0;0;0;0;0;0;0;0;0;0;0;1;1;0;0;0;1;0;2;2;3;0;0;0;1;0;0;0;0
57767;Stuckange;44;57;0;0;0;0;0;0;0;0;0;0;0;0;0;0;0;0;0;0;0;0;0;0;0;0;0;0;1;1;0;0;1;0;0;4;1;0;0
58001;Achun;27;58;0;0;0;0;0;0;0;0;0;0;0;0;0;0;0;0;0;0;0;0;0;0;0;0;0;0;1;0;0;0;0;0;0;0;0;0;0
58002;Alligny-Cosne;27;58;0;0;0;0;0;0;0;0;0;0;0;0;0;0;0;0;0;0;0;1;3;0;0;0;3;1;2;0;2;0;0;0;0;0;0;0;0
58003;Alligny-en-Morvan;27;58;0;0;0;0;0;0;0;0;0;0;0;0;0;0;0;0;0;1;0;0;0;0;0;0;2;3;2;2;1;0;0;0;0;0;0;0;0
58004;Alluy;27;58;0;0;0;0;0;0;0;0;0;0;0;0;0;0;0;0;0;0;0;0;0;1;0;0;1;1;1;2;0;0;0;2;0;2;0;0;0
58005;Amazy;27;58;0;0;0;0;0;0;0;0;0;0;0;0;0;0;0;0;0;0;0;0;1;0;0;0;1;1;0;0;0;1;0;0;0;0;0;0;0
58006;Anlezy;27;58;0;0;0;0;0;0;0;0;0;0;0;0;0;0;0;0;0;0;0;1;0;0;0;0;2;0;1;0;0;0;0;0;0;0;0;0;0
58007;Annay;27;58;0;0;0;0;0;0;0;0;0;0;0;0;0;0;0;0;0;0;0;0;1;0;0;0;2;0;0;0;0;0;0;0;0;1;0;0;0
58008;Anthien;27;58;0;0;0;0;0;0;0;0;0;0;0;0;0;0;0;0;0;0;0;0;0;0;0;0;1;1;3;0;0;0;0;0;0;0;0;0;0
58009;Arbourse;27;58;0;0;0;0;0;0;0;0;0;0;0;0;0;0;0;0;0;0;0;0;0;0;0;0;0;1;0;0;0;0;0;0;0;0;0;0;0
58010;Arleuf;27;58;0;0;0;0;0;0;0;0;0;0;0;0;0;0;0;0;0;0;0;1;1;0;0;0;2;1;5;4;1;0;0;0;0;2;0;0;0
58011;Armes;27;58;0;0;0;0;0;0;0;0;0;0;0;0;0;0;0;0;1;0;0;0;0;0;0;0;0;0;0;0;0;0;1;0;0;0;0;0;0
58012;Arquian;27;58;0;0;0;0;0;0;0;0;0;0;0;0;0;0;0;0;0;0;0;1;1;0;0;0;0;0;1;2;2;0;0;0;0;0;2;0;0
58013;Arthel;27;58;0;0;0;0;0;0;0;0;0;0;0;0;0;0;0;0;0;0;0;0;0;0;0;0;1;0;0;0;0;0;0;0;0;0;0;0;0
58014;Arzembouy;27;58;0;0;0;0;0;0;0;0;0;0;0;0;0;0;0;0;0;0;0;0;0;0;0;0;0;0;0;0;0;0;0;0;0;0;0;0;0
58015;Asnan;27;58;0;0;0;0;0;0;0;0;0;0;0;0;0;0;0;0;0;0;0;0;0;0;0;0;1;0;1;0;0;1;0;0;0;0;0;0;0
58016;Asnois;27;58;0;0;0;0;0;0;0;0;0;0;0;0;0;0;0;0;0;0;0;0;0;0;0;0;0;1;0;0;0;0;0;0;0;0;0;0;0
58017;Aunay-en-Bazois;27;58;0;0;0;0;0;0;0;0;0;0;0;0;0;0;0;0;0;0;0;1;1;0;0;0;1;0;2;0;0;0;0;0;0;0;0;0;0
58018;Authiou;27;58;0;0;0;0;0;0;0;0;0;0;0;0;0;0;0;0;0;0;0;0;0;0;0;0;0;0;0;0;0;0;0;0;0;0;0;0;0
58019;Avrée;27;58;0;0;0;0;0;0;0;0;0;0;0;0;0;0;0;0;0;0;0;0;1;0;0;0;0;0;0;0;0;0;0;0;0;0;0;0;0
58020;Avril-sur-Loire;27;58;0;0;0;0;0;0;0;0;0;0;0;0;0;0;0;0;0;0;0;0;1;0;0;0;1;0;2;1;1;0;1;0;0;0;0;0;0
58021;Azy-le-Vif;27;58;0;0;0;0;0;0;0;0;0;0;0;0;0;0;0;0;0;0;0;0;0;0;0;0;0;0;0;0;0;0;0;0;0;0;0;0;0
58022;Balleray;27;58;0;0;0;0;0;0;0;0;0;0;0;0;0;0;0;0;0;0;0;0;0;0;0;0;0;0;0;1;1;0;0;0;0;0;0;0;0
58023;Bazoches;27;58;0;0;0;0;0;0;0;0;0;0;0;0;0;0;0;0;0;0;0;1;0;0;0;0;0;1;0;0;1;0;1;0;0;1;0;0;1
58024;Bazolles;27;58;0;0;0;0;0;0;0;0;0;0;0;0;0;0;0;0;0;0;0;1;1;0;0;0;0;0;1;0;0;0;1;0;0;2;0;0;0
58025;Béard;27;58;0;0;0;0;0;0;0;0;0;0;0;0;0;0;0;0;0;0;0;0;0;0;0;0;0;0;0;0;0;0;0;0;0;0;0;0;0
58026;Beaulieu;27;58;0;0;0;0;0;0;0;0;0;0;0;0;0;0;0;0;0;0;0;0;0;0;0;0;0;0;0;0;0;0;0;0;0;0;0;0;0
58027;Beaumont-la-Ferrière;27;58;0;0;0;0;0;0;0;0;0;0;0;0;0;0;0;0;0;0;0;1;0;0;0;0;0;0;0;0;0;0;0;0;0;0;0;0;0
58028;Beaumont-Sardolles;27;58;0;0;0;0;0;0;0;0;0;0;0;0;0;0;0;0;0;0;0;0;0;0;0;0;1;0;0;1;0;0;0;0;0;1;1;0;0
58029;Beuvron;27;58;0;0;0;0;0;0;0;0;0;0;0;0;0;0;0;0;0;0;0;0;0;0;0;0;0;0;0;0;0;0;0;0;0;0;0;0;0
58030;Biches;27;58;0;0;0;0;0;0;0;0;0;0;0;0;0;0;0;0;0;0;0;1;0;0;0;0;1;0;1;1;1;0;0;0;0;1;1;0;0
58031;Billy-Chevannes;27;58;0;0;0;0;0;0;0;0;0;0;0;0;0;0;0;0;0;0;0;0;0;0;0;0;1;0;0;1;1;0;0;0;0;0;0;0;0
58032;Billy-sur-Oisy;27;58;0;0;0;0;0;0;0;0;0;0;0;0;0;0;0;0;0;0;0;1;0;0;0;0;2;0;0;0;1;0;1;0;0;0;0;0;1
58033;Bitry;27;58;0;0;0;0;0;0;0;0;0;0;0;0;0;0;0;0;0;0;0;0;1;0;0;0;0;0;0;0;0;0;0;0;0;0;0;0;0
58034;Blismes;27;58;0;0;0;0;0;0;0;0;0;0;0;0;0;0;0;0;0;0;0;1;0;0;0;0;0;0;0;0;0;0;0;1;0;0;0;0;0
58035;Bona;27;58;0;0;0;0;0;0;0;0;0;0;0;0;0;0;0;0;0;0;0;0;0;0;0;0;0;1;1;0;0;0;0;0;0;0;0;0;0
58036;Bouhy;27;58;0;0;0;0;0;0;0;0;0;0;0;0;0;0;0;0;0;0;0;1;1;0;0;0;1;0;1;1;0;0;0;0;0;0;1;0;0
58037;Brassy;27;58;0;0;0;0;0;0;0;0;0;0;0;0;0;0;0;0;0;0;0;1;3;0;0;0;1;1;2;4;1;0;0;0;0;0;0;0;0
58038;Breugnon;27;58;0;0;0;0;0;0;0;0;0;0;0;0;0;0;0;0;0;0;0;0;0;0;0;0;2;0;0;0;2;0;0;0;0;0;0;0;0
58039;Brèves;27;58;0;0;0;0;0;0;0;0;0;0;0;0;0;0;0;0;0;0;0;0;0;0;0;0;1;1;0;0;0;0;0;0;0;0;1;0;0
58040;Brinay;27;58;0;0;0;0;0;0;0;0;0;0;0;0;0;0;0;0;0;0;0;0;0;0;0;0;1;0;0;0;0;0;0;0;0;1;0;0;0
58041;Brinon-sur-Beuvron;27;58;0;1;0;0;0;0;0;0;0;0;0;0;1;0;0;1;0;0;0;1;0;0;0;0;0;0;0;1;1;1;0;2;0;2;0;0;0
58042;Bulcy;27;58;0;0;0;0;0;0;0;0;0;0;0;0;0;0;0;0;0;0;0;0;0;0;0;0;0;0;0;1;0;0;0;0;0;0;0;0;0
58043;Bussy-la-Pesle;27;58;0;0;0;0;0;0;0;0;0;0;0;0;0;0;0;0;0;0;0;0;0;0;0;0;0;0;0;0;0;0;0;0;0;0;0;0;0
58044;La Celle-sur-Loire;27;58;0;0;0;0;0;0;0;0;0;0;0;0;0;0;0;0;0;0;0;0;2;0;0;0;3;1;2;0;1;0;1;0;0;2;1;0;1
58045;La Celle-sur-Nièvre;27;58;0;0;0;0;0;0;0;0;0;0;0;0;0;0;0;0;0;0;0;0;0;0;0;0;0;0;0;0;0;0;0;0;0;0;0;0;0
58046;Cercy-la-Tour;27;58;0;1;0;0;0;0;0;0;0;0;0;0;1;0;0;1;1;1;0;0;5;0;0;1;2;3;2;2;3;0;3;4;0;6;1;0;3
58047;Cervon;27;58;0;0;0;0;0;0;0;0;0;0;0;0;0;0;0;0;0;0;0;1;3;0;0;0;1;2;1;5;1;0;0;0;0;0;0;0;0
58048;Cessy-les-Bois;27;58;0;0;0;0;0;0;0;0;0;0;0;0;0;0;0;0;0;0;0;0;0;0;0;0;1;0;0;0;0;0;0;0;0;0;0;0;0
58049;Chalaux;27;58;0;0;0;0;0;0;0;0;0;0;0;0;0;0;0;0;0;0;0;0;0;0;0;0;0;0;0;0;0;0;0;0;0;0;0;0;0
58050;Challement;27;58;0;0;0;0;0;0;0;0;0;0;0;0;0;0;0;0;0;0;0;0;0;0;0;0;0;0;1;0;0;0;0;0;0;0;0;0;0
58051;Challuy;27;58;0;0;0;0;0;0;0;0;0;0;0;0;0;0;0;1;0;1;0;0;6;1;0;0;4;6;1;3;1;0;0;4;0;3;1;0;0
58052;Champallement;27;58;0;0;0;0;0;0;0;0;0;0;0;0;0;0;0;0;0;0;0;0;0;0;0;0;0;0;0;0;0;0;0;0;0;0;0;0;0
58053;Champlemy;27;58;0;0;0;0;0;0;0;0;0;0;0;0;0;0;0;0;0;0;1;0;0;0;0;0;1;0;1;3;1;0;0;0;0;2;0;0;0
58054;Champlin;27;58;0;0;0;0;0;0;0;0;0;0;0;0;0;0;0;0;0;0;0;0;0;0;0;0;0;0;0;0;0;0;0;0;0;0;0;0;0
58055;Champvert;27;58;0;0;0;0;0;0;0;0;0;0;0;0;0;0;0;0;0;0;0;1;0;0;0;0;0;3;1;0;1;0;1;0;0;1;0;0;0
58056;Champvoux;27;58;0;0;0;0;0;0;0;0;0;0;0;0;0;0;0;0;0;0;0;0;1;0;0;0;0;0;0;1;1;0;0;0;0;0;0;0;0
58057;Chantenay-Saint-Imbert;27;58;0;0;0;0;0;0;0;0;0;0;0;0;0;0;0;0;0;1;0;0;5;0;0;0;4;3;1;3;0;1;2;0;0;3;0;0;1
58058;La Chapelle-Saint-André;27;58;0;0;0;0;0;0;0;0;0;0;0;0;0;0;0;0;0;1;0;0;0;0;0;0;3;1;0;0;0;0;0;0;0;0;0;0;0
58059;La Charité-sur-Loire;27;58;0;1;0;0;0;0;0;0;0;0;1;1;1;0;0;6;2;1;0;0;14;1;0;3;5;8;5;9;7;3;12;2;1;19;6;1;3
58060;Charrin;27;58;0;0;0;0;0;0;0;0;0;0;0;0;0;0;0;0;0;0;0;1;0;0;0;0;1;0;1;0;0;0;0;0;0;1;2;0;0
58061;Chasnay;27;58;0;0;0;0;0;0;0;0;0;0;0;0;0;0;0;0;0;0;0;0;0;0;0;0;0;0;3;0;0;0;0;0;0;1;0;0;0
58062;Château-Chinon (Ville);27;58;0;1;0;0;0;0;0;0;0;0;2;1;1;0;0;4;1;1;0;0;5;0;0;1;3;1;2;1;3;1;3;3;0;7;2;2;1
58063;Château-Chinon (Campagne);27;58;0;0;0;0;0;0;0;0;0;0;0;0;0;0;0;0;0;0;0;0;1;0;0;0;1;3;1;2;0;0;2;0;0;1;0;0;0
58064;Châteauneuf-Val-de-Bargis;27;58;0;0;0;0;0;0;0;0;0;0;0;0;0;0;0;0;0;1;0;0;2;0;0;0;3;0;2;4;1;0;2;0;0;1;0;0;0
58065;Châtillon-en-Bazois;27;58;0;1;0;0;0;0;0;0;0;0;1;0;1;0;0;2;1;1;0;0;2;0;0;1;3;0;5;4;2;3;2;0;0;2;4;0;0
58066;Châtin;27;58;0;0;0;0;0;0;0;0;0;0;0;0;0;0;0;0;0;0;0;0;2;0;0;0;0;1;0;0;1;0;0;0;0;0;0;0;0
58067;Chaulgnes;27;58;0;0;0;0;0;0;0;0;0;0;0;0;0;0;0;0;0;0;1;0;0;0;0;0;4;1;5;4;2;2;4;0;0;1;0;0;1
58068;Chaumard;27;58;0;0;0;0;0;0;0;0;0;0;0;0;0;0;0;0;0;0;0;1;1;0;0;0;1;0;1;0;0;0;0;0;0;0;1;0;0
58069;Chaumot;27;58;0;0;0;0;0;0;0;0;0;0;0;0;0;0;0;0;0;0;0;0;0;0;0;0;0;0;0;0;0;0;0;0;0;0;0;0;0
58070;Chazeuil;27;58;0;0;0;0;0;0;0;0;0;0;0;0;0;0;0;0;0;0;0;0;1;0;0;0;0;0;0;0;0;0;0;0;0;0;0;0;0
58071;Chevannes-Changy;27;58;0;0;0;0;0;0;0;0;0;0;0;0;0;0;0;0;0;0;0;1;0;0;0;0;0;0;1;0;0;0;0;0;0;0;0;0;0
58072;Chevenon;27;58;0;0;0;0;0;0;0;0;0;0;0;0;0;0;0;0;0;0;0;1;1;0;0;0;0;0;0;1;0;0;0;0;0;1;0;0;0
58073;Chevroches;27;58;0;0;0;0;0;0;0;0;0;0;0;0;0;0;0;0;0;0;0;0;1;0;0;0;1;0;0;0;0;0;0;0;0;0;0;0;0
58074;Chiddes;27;58;0;0;0;0;0;0;0;0;0;0;0;0;0;0;0;0;0;0;0;1;1;0;0;0;1;0;0;1;1;0;1;0;0;1;1;0;0
58075;Chitry-les-Mines;27;58;0;0;0;0;0;0;0;0;0;0;0;0;0;0;0;0;0;0;0;0;0;0;0;0;1;0;0;1;0;0;1;0;0;0;0;0;0
58076;Chougny;27;58;0;0;0;0;0;0;0;0;0;0;0;0;0;0;0;0;0;0;0;0;0;0;0;0;0;0;0;0;0;0;0;0;0;0;0;0;0
58077;Ciez;27;58;0;0;0;0;0;0;0;0;0;0;0;0;0;0;0;0;0;0;0;0;0;0;0;0;0;0;0;2;0;0;0;0;0;1;0;0;0
58078;Cizely;27;58;0;0;0;0;0;0;0;0;0;0;0;0;0;0;0;0;0;0;0;0;0;0;0;0;0;0;1;1;0;0;0;0;0;0;0;0;0
58079;Clamecy;27;58;0;1;0;0;1;0;0;0;0;0;3;1;1;0;0;5;5;1;0;0;13;2;0;3;6;6;9;6;3;1;7;1;3;19;5;1;0
58080;La Collancelle;27;58;0;0;0;0;0;0;0;0;0;0;0;0;0;0;0;0;0;0;0;0;0;0;0;0;0;0;1;0;0;1;1;0;0;2;0;0;0
58081;Colméry;27;58;0;0;0;0;0;0;0;0;0;0;0;0;0;0;0;0;0;0;0;1;0;0;0;0;1;0;0;3;0;0;0;0;0;0;0;0;0
58082;Corancy;27;58;0;0;0;0;0;0;0;0;0;0;0;0;0;0;0;0;0;0;0;1;0;0;0;0;0;0;0;2;0;0;0;0;0;0;1;1;0
58083;Corbigny;27;58;0;1;0;0;0;0;0;0;0;0;1;0;1;0;0;4;0;1;0;0;4;2;0;3;4;2;1;2;3;0;5;2;0;10;2;1;1
58084;Corvol-d'Embernard;27;58;0;0;0;0;0;0;0;0;0;0;0;0;0;0;0;0;0;0;0;0;0;0;0;0;0;0;0;1;0;0;0;0;0;0;0;0;0
58085;Corvol-l'Orgueilleux;27;58;0;0;0;0;0;0;0;0;0;0;0;0;0;0;0;0;0;0;0;1;1;0;0;0;3;1;0;2;2;0;1;0;0;1;0;0;0
58086;Cosne-Cours-sur-Loire;27;58;1;1;0;0;0;0;0;0;0;0;3;1;1;0;0;8;2;2;0;0;23;3;1;5;8;19;12;19;9;4;19;2;5;32;10;4;9
58087;Cossaye;27;58;0;0;0;0;0;0;0;0;0;0;0;0;0;0;0;0;0;0;0;1;0;0;0;0;1;1;0;2;1;0;0;0;0;1;0;0;0
58088;Coulanges-lès-Nevers;27;58;0;0;0;0;0;0;0;0;0;0;0;0;0;0;0;2;0;1;0;0;2;0;0;1;2;4;5;4;2;1;3;0;0;2;0;1;1
58089;Couloutre;27;58;0;0;0;0;0;0;0;0;0;0;0;0;0;0;0;0;0;0;0;1;0;0;0;0;3;0;0;0;0;0;0;0;0;0;0;0;0
58090;Courcelles;27;58;0;0;0;0;0;0;0;0;0;0;0;0;0;0;0;0;0;0;0;0;0;0;0;0;1;1;2;1;0;0;0;0;0;1;0;0;0
58092;Crux-la-Ville;27;58;0;0;0;0;0;0;0;0;0;0;0;0;0;0;0;0;0;0;0;1;0;0;0;0;3;0;1;1;3;0;0;1;0;1;0;0;0
58093;Cuncy-lès-Varzy;27;58;0;0;0;0;0;0;0;0;0;0;0;0;0;0;0;0;0;0;0;0;0;0;0;0;1;0;0;0;0;0;0;0;0;0;0;0;0
58094;Dampierre-sous-Bouhy;27;58;0;0;0;0;0;0;0;0;0;0;0;0;0;0;0;0;0;0;1;0;0;0;0;0;1;0;0;0;0;0;1;0;0;2;0;0;1
58095;Decize;27;58;0;1;0;0;0;0;0;0;0;0;1;1;1;0;0;9;1;1;0;0;11;1;1;3;6;2;4;8;2;0;12;3;2;24;9;2;3
58096;Devay;27;58;0;0;0;0;0;0;0;0;0;0;0;0;0;0;0;0;0;0;0;0;1;0;0;0;0;0;0;0;1;0;0;0;0;1;2;0;0
58097;Diennes-Aubigny;27;58;0;0;0;0;0;0;0;0;0;0;0;0;0;0;0;0;0;0;0;0;0;0;0;0;0;0;0;0;0;0;0;0;0;0;0;0;0
58098;Dirol;27;58;0;0;0;0;0;0;0;0;0;0;0;0;0;0;0;0;0;0;0;0;0;0;0;0;0;1;0;0;0;0;0;0;0;0;0;0;0
58099;Dommartin;27;58;0;0;0;0;0;0;0;0;0;0;0;0;0;0;0;0;0;0;0;0;0;0;0;0;0;0;1;0;0;0;0;0;0;0;0;0;0
58101;Dompierre-sur-Nièvre;27;58;0;0;0;0;0;0;0;0;0;0;0;0;0;0;0;0;0;0;0;0;0;0;0;0;1;1;0;0;1;0;0;0;0;0;0;0;0
58102;Donzy;27;58;0;1;0;0;0;0;0;0;0;0;1;0;1;0;0;3;0;1;0;0;2;1;0;0;2;5;2;3;2;0;3;2;0;3;5;0;1
58103;Dornecy;27;58;0;0;0;0;0;0;0;0;0;0;0;0;0;0;0;0;0;0;0;1;0;0;0;0;3;2;0;0;0;0;2;0;0;2;0;0;0
58104;Dornes;27;58;0;1;0;0;0;0;0;0;0;0;1;0;1;0;0;1;0;1;0;0;3;1;0;1;2;3;0;1;2;0;4;1;0;2;1;0;4
58105;Druy-Parigny;27;58;0;0;0;0;0;0;0;0;0;0;0;0;0;0;0;0;0;0;0;0;0;0;0;0;0;0;1;0;1;0;1;1;0;0;0;0;0
58106;Dun-les-Places;27;58;0;0;0;0;0;0;0;0;0;0;0;0;0;0;0;0;0;0;0;1;0;0;0;0;2;0;1;0;1;1;0;0;0;1;0;0;0
58107;Dun-sur-Grandry;27;58;0;0;0;0;0;0;0;0;0;0;0;0;0;0;0;0;0;0;0;0;0;0;0;0;0;0;1;0;0;0;0;0;0;1;0;0;0
58108;Empury;27;58;0;0;0;0;0;0;0;0;0;0;0;0;0;0;0;0;0;0;0;0;0;0;0;0;0;1;0;0;1;1;0;0;0;0;0;0;0
58109;Entrains-sur-Nohain;27;58;0;0;0;0;0;0;0;0;0;0;0;0;0;0;0;1;0;1;0;0;0;0;0;1;2;1;2;3;1;0;3;0;0;0;1;0;0
58110;Epiry;27;58;0;0;0;0;0;0;0;0;0;0;0;0;0;0;0;0;0;0;0;1;1;0;0;0;1;0;0;1;1;0;0;0;0;1;0;0;0
58111;Fâchin;27;58;0;0;0;0;0;0;0;0;0;0;0;0;0;0;0;0;0;0;0;0;0;0;0;0;0;0;1;0;0;0;0;0;0;0;0;0;0
58112;La Fermeté;27;58;0;0;0;0;0;0;0;0;0;0;0;0;0;0;0;0;0;0;0;1;0;0;0;0;2;1;0;0;0;0;0;0;0;2;0;0;0
58113;Fertrève;27;58;0;0;0;0;0;0;0;0;0;0;0;0;0;0;0;0;0;0;0;0;0;0;0;0;0;0;0;0;0;0;0;0;0;0;1;0;0
58114;Fléty;27;58;0;0;0;0;0;0;0;0;0;0;0;0;0;0;0;0;0;0;0;0;0;0;0;0;0;0;0;0;0;0;0;0;0;0;0;0;0
58115;Fleury-sur-Loire;27;58;0;0;0;0;0;0;0;0;0;0;0;0;0;0;0;0;0;0;0;1;0;0;0;0;0;1;0;0;0;0;0;0;0;3;0;0;0
58116;Flez-Cuzy;27;58;0;0;0;0;0;0;0;0;0;0;0;0;0;0;0;0;0;0;0;0;0;0;0;0;1;0;0;0;1;1;0;0;0;1;0;0;0
58117;Fourchambault;27;58;0;1;0;0;0;0;0;0;0;0;0;0;1;0;0;4;1;1;0;0;1;1;0;2;7;9;5;6;6;2;7;0;0;8;2;1;4
58118;Fours;27;58;0;0;0;0;0;0;0;0;0;0;0;0;0;0;0;1;0;1;0;0;2;0;0;0;1;1;1;1;1;0;1;0;0;0;1;0;0
58119;Frasnay-Reugny;27;58;0;0;0;0;0;0;0;0;0;0;0;0;0;0;0;0;0;0;0;0;0;0;0;0;0;0;1;0;0;0;0;0;0;0;0;0;0
58120;Gâcogne;27;58;0;0;0;0;0;0;0;0;0;0;0;0;0;0;0;0;0;0;1;0;0;0;0;0;0;0;1;1;0;0;0;0;0;1;0;0;0
58121;Garchizy;27;58;0;0;0;0;0;0;0;0;0;0;0;0;0;0;0;0;0;1;0;0;2;0;0;0;9;3;4;6;6;0;5;0;0;0;0;0;2
58122;Garchy;27;58;0;0;0;0;0;0;0;0;0;0;0;0;0;0;0;0;0;0;1;0;1;0;0;0;1;1;3;0;0;0;0;0;0;1;0;0;1
58123;Germenay;27;58;0;0;0;0;0;0;0;0;0;0;0;0;0;0;0;0;0;0;0;0;0;0;0;0;0;0;1;1;0;0;0;0;0;0;0;0;0
58124;Germigny-sur-Loire;27;58;0;0;0;0;0;0;0;0;0;0;0;0;0;0;0;0;0;0;0;0;0;0;0;0;1;1;0;0;2;0;0;0;0;1;0;0;0
58125;Gien-sur-Cure;27;58;0;0;0;0;0;0;0;0;0;0;0;0;0;0;0;0;0;0;0;0;0;0;0;0;0;0;0;0;0;0;0;0;0;0;0;0;0
58126;Gimouille;27;58;0;0;0;0;0;0;0;0;0;0;0;0;0;0;0;0;0;0;0;0;1;0;0;0;1;0;0;1;0;0;0;0;0;0;0;0;0
58127;Giry;27;58;0;0;0;0;0;0;0;0;0;0;0;0;0;0;0;0;0;0;0;0;0;0;0;0;0;0;0;1;0;0;0;0;0;0;0;0;0
58128;Glux-en-Glenne;27;58;0;0;0;0;0;0;0;0;0;0;0;0;0;0;0;0;0;0;0;1;0;0;0;0;0;0;1;0;0;0;0;0;0;1;1;0;0
58129;Gouloux;27;58;0;0;0;0;0;0;0;0;0;0;0;0;0;0;0;0;0;0;0;0;0;0;0;0;0;0;0;0;0;0;0;0;0;0;0;0;0
58130;Grenois;27;58;0;0;0;0;0;0;0;0;0;0;0;0;0;0;0;0;0;0;0;0;0;0;0;0;0;0;1;0;0;0;0;0;0;0;1;0;0
58131;Guérigny;27;58;0;1;0;0;0;0;0;0;0;0;1;0;0;0;0;2;1;1;0;0;4;1;0;1;1;5;2;4;2;0;3;1;0;8;0;0;2
58132;Guipy;27;58;0;0;0;0;0;0;0;0;0;0;0;0;0;0;0;0;0;0;0;1;0;0;0;0;0;1;1;0;0;0;0;0;0;0;0;0;0
58133;Héry;27;58;0;0;0;0;0;0;0;0;0;0;0;0;0;0;0;0;0;0;0;0;0;0;0;0;0;0;0;0;0;0;0;0;0;0;0;0;1
58134;Imphy;27;58;0;1;0;0;0;0;0;0;0;0;0;0;1;0;0;3;1;1;0;0;3;1;0;2;2;3;1;1;4;0;5;1;0;5;2;1;1
58135;Isenay;27;58;0;0;0;0;0;0;0;0;0;0;0;0;0;0;0;0;0;0;0;0;0;0;0;0;0;0;0;0;0;0;0;0;0;0;0;0;0
58136;Jailly;27;58;0;0;0;0;0;0;0;0;0;0;0;0;0;0;0;0;0;0;0;0;0;0;0;0;0;0;0;0;0;0;0;0;0;0;0;0;0
58137;Lamenay-sur-Loire;27;58;0;0;0;0;0;0;0;0;0;0;0;0;0;0;0;0;0;0;0;0;0;0;0;0;0;0;0;0;0;0;0;0;0;0;0;0;0
58138;Langeron;27;58;0;0;0;0;0;0;0;0;0;0;0;0;0;0;0;0;0;0;0;0;1;0;0;0;1;0;3;0;0;0;0;0;0;1;0;0;0
58139;Lanty;27;58;0;0;0;0;0;0;0;0;0;0;0;0;0;0;0;0;0;0;0;0;0;0;0;0;1;1;1;0;0;0;0;0;0;0;0;0;0
58140;Larochemillay;27;58;0;0;0;0;0;0;0;0;0;0;0;0;0;0;0;0;0;0;0;1;0;0;0;0;0;0;0;0;0;0;0;0;0;1;0;0;0
58141;Lavault-de-Frétoy;27;58;0;0;0;0;0;0;0;0;0;0;0;0;0;0;0;0;0;0;0;0;0;0;0;0;0;0;1;0;0;0;0;0;0;0;0;0;0
58142;Limanton;27;58;0;0;0;0;0;0;0;0;0;0;0;0;0;0;0;0;0;0;0;1;1;0;0;0;1;0;0;1;0;0;0;0;0;1;0;0;0
58143;Limon;27;58;0;0;0;0;0;0;0;0;0;0;0;0;0;0;0;0;0;0;0;0;0;0;0;0;0;1;0;1;0;0;0;0;0;0;0;0;0
58144;Livry;27;58;0;0;0;0;0;0;0;0;0;0;0;0;0;0;0;0;0;0;0;1;1;0;0;0;2;1;2;2;0;0;1;0;0;2;1;0;0
58145;Lormes;27;58;0;1;0;0;0;0;0;0;0;0;1;0;1;0;0;2;0;1;0;0;4;0;0;0;7;1;4;2;2;1;2;4;0;5;4;0;0
58146;Lucenay-lès-Aix;27;58;0;0;0;0;0;0;0;0;0;0;0;0;0;0;0;2;0;1;0;0;2;0;0;0;2;4;1;2;1;1;1;2;0;2;0;0;0
58147;Lurcy-le-Bourg;27;58;0;0;0;0;0;0;0;0;0;0;0;0;0;0;0;0;0;0;0;1;0;0;0;0;0;0;0;0;0;0;0;0;0;1;0;0;0
58148;Luthenay-Uxeloup;27;58;0;0;0;0;0;0;0;0;0;0;0;0;0;0;0;0;0;0;0;1;1;0;0;0;0;0;0;1;1;0;0;0;0;2;1;0;0
58149;Luzy;27;58;0;1;0;0;0;0;0;0;0;0;1;0;1;0;0;3;1;1;0;0;9;1;0;2;3;2;4;2;2;0;6;5;0;5;4;0;2
58150;Lys;27;58;0;0;0;0;0;0;0;0;0;0;0;0;0;0;0;0;0;0;0;0;0;0;0;0;1;0;0;0;2;0;0;0;0;0;0;0;0
58151;La Machine;27;58;0;1;0;0;0;0;0;0;0;0;0;0;1;0;0;3;1;1;0;0;5;1;0;1;2;4;3;3;3;2;3;0;0;5;2;0;0
58152;Magny-Cours;27;58;0;0;0;0;0;0;0;0;0;0;0;0;0;0;0;0;0;1;0;0;5;0;0;2;0;2;1;1;0;0;3;2;1;2;1;0;2
58153;Magny-Lormes;27;58;0;0;0;0;0;0;0;0;0;0;0;0;0;0;0;0;0;0;0;0;0;0;0;0;1;0;0;0;0;0;0;0;0;0;0;0;0
58154;La Maison-Dieu;27;58;0;0;0;0;0;0;0;0;0;0;0;0;0;0;0;0;0;0;0;0;0;0;0;0;0;0;1;0;0;0;0;0;0;0;0;0;0
58155;La Marche;27;58;0;0;0;0;0;0;0;0;0;0;0;0;0;0;0;0;0;0;0;0;1;0;0;0;0;0;0;1;2;1;1;0;0;1;0;0;0
58156;Marcy;27;58;0;0;0;0;0;0;0;0;0;0;0;0;0;0;0;0;0;0;0;0;0;0;0;0;1;0;0;1;0;0;0;0;0;0;0;0;0
58157;Marigny-l'Église;27;58;0;0;0;0;0;0;0;0;0;0;0;0;0;0;0;0;0;0;1;0;0;0;0;0;0;0;1;2;2;0;0;0;0;0;0;0;0
58158;Mars-sur-Allier;27;58;0;0;0;0;0;0;0;0;0;0;0;0;0;0;0;0;0;0;0;0;0;0;0;0;1;1;1;0;0;1;1;0;0;0;1;0;0
58159;Marigny-sur-Yonne;27;58;0;0;0;0;0;0;0;0;0;0;0;0;0;0;0;0;0;0;0;0;1;0;0;0;0;0;0;1;0;0;0;0;0;2;1;0;0
58160;Marzy;27;58;0;0;0;0;0;0;0;0;0;0;0;0;0;0;0;0;1;1;0;0;11;1;0;0;10;6;3;4;6;2;5;0;0;10;4;1;1
58161;Maux;27;58;0;0;0;0;0;0;0;0;0;0;0;0;0;0;0;0;0;0;0;0;0;0;0;0;0;0;0;0;0;0;0;0;0;0;1;0;0
58162;Menestreau;27;58;0;0;0;0;0;0;0;0;0;0;0;0;0;0;0;0;0;0;0;0;0;0;0;0;2;0;1;0;0;0;0;0;0;0;0;0;0
58163;Menou;27;58;0;0;0;0;0;0;0;0;0;0;0;0;0;0;0;0;0;0;0;1;0;0;0;0;2;0;0;1;0;0;0;0;0;0;0;0;0
58164;Mesves-sur-Loire;27;58;0;0;0;0;0;0;0;0;0;0;0;0;0;0;0;0;0;0;0;1;1;0;0;0;1;0;1;1;0;0;0;0;0;2;1;0;0
58165;Metz-le-Comte;27;58;0;0;0;0;0;0;0;0;0;0;0;0;0;0;0;0;0;0;0;0;0;0;0;0;1;0;0;1;0;0;0;0;0;0;0;0;0
58166;Mhère;27;58;0;0;0;0;0;0;0;0;0;0;0;0;0;0;0;0;0;0;0;1;0;0;0;0;0;0;0;3;0;1;0;0;0;2;0;0;0
58168;Millay;27;58;0;0;0;0;0;0;0;0;0;0;0;0;0;0;0;0;0;0;0;1;1;0;0;0;0;0;0;0;0;0;0;0;0;1;0;0;0
58169;Moissy-Moulinot;27;58;0;0;0;0;0;0;0;0;0;0;0;0;0;0;0;0;0;0;0;0;0;0;0;0;0;0;0;0;0;0;0;0;0;0;0;0;0
58170;Monceaux-le-Comte;27;58;0;0;0;0;0;0;0;0;0;0;0;0;0;0;0;0;0;0;0;1;0;0;0;0;1;0;0;0;0;0;0;0;0;1;1;0;0
58171;Montapas;27;58;0;0;0;0;0;0;0;0;0;0;0;0;0;0;0;0;0;0;0;1;0;0;0;0;1;0;0;0;1;0;0;0;0;0;1;0;0
58172;Montambert;27;58;0;0;0;0;0;0;0;0;0;0;0;0;0;0;0;0;0;0;0;0;0;0;0;0;0;0;0;0;0;0;0;0;0;1;0;0;0
58173;Montaron;27;58;0;0;0;0;0;0;0;0;0;0;0;0;0;0;0;0;0;0;0;0;0;0;0;0;0;0;0;0;0;0;1;0;0;0;0;0;0
58174;Montenoison;27;58;0;0;0;0;0;0;0;0;0;0;0;0;0;0;0;0;0;0;0;0;0;0;0;0;0;0;1;0;0;0;0;1;0;0;0;0;0
58175;Mont-et-Marré;27;58;0;0;0;0;0;0;0;0;0;0;0;0;0;0;0;0;0;0;0;0;1;0;0;0;3;0;0;0;0;0;0;0;0;1;0;0;0
58176;Montigny-aux-Amognes;27;58;0;0;0;0;0;0;0;0;0;0;0;0;0;0;0;0;0;0;1;0;1;0;0;0;0;1;1;1;1;0;1;0;0;0;0;0;0
58177;Montigny-en-Morvan;27;58;0;0;0;0;0;0;0;0;0;0;0;0;0;0;0;0;0;0;0;0;0;0;0;0;1;1;0;0;0;0;0;1;0;1;0;0;0
58178;Montigny-sur-Canne;27;58;0;0;0;0;0;0;0;0;0;0;0;0;0;0;0;0;0;0;0;0;0;0;0;0;0;0;0;1;0;0;1;0;0;0;0;0;0
58179;Montreuillon;27;58;0;0;0;0;0;0;0;0;0;0;0;0;0;0;0;0;0;0;0;1;1;0;0;0;2;1;0;0;0;0;1;0;0;1;0;0;0
58180;Montsauche-les-Settons;27;58;0;1;0;0;0;0;0;0;0;0;1;0;1;0;0;1;0;1;0;0;2;0;0;0;5;0;2;3;0;0;1;1;0;5;1;0;0
58181;Moraches;27;58;0;0;0;0;0;0;0;0;0;0;0;0;0;0;0;0;0;0;0;0;0;0;0;0;1;0;0;0;0;1;0;0;0;0;0;0;0
58182;Moulins-Engilbert;27;58;0;1;0;0;0;0;0;0;0;0;1;0;1;0;0;2;0;1;0;0;3;0;0;1;3;3;3;4;4;0;3;1;0;4;1;0;0
58183;Mouron-sur-Yonne;27;58;0;0;0;0;0;0;0;0;0;0;0;0;0;0;0;0;0;0;0;0;0;0;0;0;0;0;0;0;0;0;0;0;0;0;1;0;0
58184;Moussy;27;58;0;0;0;0;0;0;0;0;0;0;0;0;0;0;0;0;0;0;0;0;1;0;0;0;0;0;0;0;0;0;0;0;0;0;0;0;0
58185;Moux-en-Morvan;27;58;0;0;0;0;0;0;0;0;0;0;0;0;0;0;0;0;0;1;0;0;1;0;0;0;4;0;0;0;2;0;2;0;0;7;0;1;1
58186;Murlin;27;58;0;0;0;0;0;0;0;0;0;0;0;0;0;0;0;0;0;0;0;0;0;0;0;0;0;0;0;2;0;0;0;0;0;1;0;0;0
58187;Myennes;27;58;0;0;0;0;0;0;0;0;0;0;0;0;0;0;0;0;0;0;0;1;2;0;0;0;2;1;3;2;1;0;0;0;0;3;0;0;1
58188;Nannay;27;58;0;0;0;0;0;0;0;0;0;0;0;0;0;0;0;0;0;0;0;0;0;0;0;0;0;0;0;0;0;0;0;0;0;0;0;0;0
58189;Narcy;27;58;0;0;0;0;0;0;0;0;0;0;0;0;0;0;0;0;0;0;1;0;1;0;0;0;0;0;3;2;1;0;0;0;0;1;0;0;0
58190;Neuffontaines;27;58;0;0;0;0;0;0;0;0;0;0;0;0;0;0;0;0;0;0;0;0;0;0;0;0;0;0;0;0;0;0;0;0;0;0;0;0;0
58191;Neuilly;27;58;0;0;0;0;0;0;0;0;0;0;0;0;0;0;0;0;0;0;0;0;0;0;0;0;0;0;0;2;0;0;1;0;0;0;0;0;0
58192;Neuville-lès-Decize;27;58;0;0;0;0;0;0;0;0;0;0;0;0;0;0;0;0;0;0;0;0;0;0;0;0;0;0;0;0;0;0;0;0;0;0;0;0;0
58193;Neuvy-sur-Loire;27;58;0;0;0;0;0;0;0;0;0;0;0;0;0;0;0;0;0;1;0;0;5;0;0;1;7;2;1;1;0;0;4;2;0;2;1;0;1
58194;Nevers;27;58;1;0;0;1;1;1;1;1;0;0;13;1;2;0;0;27;10;4;0;0;43;6;3;12;36;40;23;34;22;11;64;5;8;128;46;5;24
58195;La Nocle-Maulaix;27;58;0;0;0;0;0;0;0;0;0;0;0;0;0;0;0;0;0;0;0;1;1;0;0;0;0;0;1;0;1;0;1;0;0;2;0;0;0
58196;Nolay;27;58;0;0;0;0;0;0;0;0;0;0;0;0;0;0;0;0;0;0;0;1;0;0;0;0;1;0;0;0;0;0;0;0;0;0;0;0;0
58197;Nuars;27;58;0;0;0;0;0;0;0;0;0;0;0;0;0;0;0;0;0;0;0;0;0;0;0;0;2;1;1;0;0;0;0;0;0;0;0;0;0
58198;Oisy;27;58;0;0;0;0;0;0;0;0;0;0;0;0;0;0;0;0;0;0;0;0;1;0;0;0;2;0;1;0;0;0;0;0;0;0;0;0;0
58199;Onlay;27;58;0;0;0;0;0;0;0;0;0;0;0;0;0;0;0;0;0;0;0;1;0;0;0;0;2;0;0;1;0;0;0;0;0;1;0;0;0
58200;Ouagne;27;58;0;0;0;0;0;0;0;0;0;0;0;0;0;0;0;0;0;0;0;0;0;0;0;0;0;0;1;0;0;0;0;0;0;0;0;0;1
58201;Oudan;27;58;0;0;0;0;0;0;0;0;0;0;0;0;0;0;0;0;0;0;0;0;0;0;0;0;1;0;1;1;0;0;0;0;0;1;0;0;0
58202;Ougny;27;58;0;0;0;0;0;0;0;0;0;0;0;0;0;0;0;0;0;0;0;0;0;0;0;0;0;0;0;0;0;0;0;0;0;0;0;0;0
58203;Oulon;27;58;0;0;0;0;0;0;0;0;0;0;0;0;0;0;0;0;0;0;0;0;0;0;0;0;1;0;0;0;0;0;0;0;0;0;0;0;0
58204;Ourouër;27;58;0;0;0;0;0;0;0;0;0;0;0;0;0;0;0;0;0;0;0;0;0;0;0;0;0;1;1;2;0;0;0;0;0;0;0;0;0
58205;Ouroux-en-Morvan;27;58;0;0;0;0;0;0;0;0;0;0;0;0;0;0;0;1;0;0;0;1;1;0;0;0;3;0;1;1;2;0;1;0;0;1;0;0;0
58206;Parigny-la-Rose;27;58;0;0;0;0;0;0;0;0;0;0;0;0;0;0;0;0;0;0;0;0;1;0;0;0;1;1;0;0;0;0;0;0;0;0;0;0;0
58207;Parigny-les-Vaux;27;58;0;0;0;0;0;0;0;0;0;0;0;0;0;0;0;0;0;0;0;0;0;0;0;0;1;2;1;0;1;0;1;0;0;1;0;0;0
58208;Pazy;27;58;0;0;0;0;0;0;0;0;0;0;0;0;0;0;0;0;0;0;0;0;0;0;0;0;0;1;0;0;0;0;0;0;0;0;0;0;0
58209;Perroy;27;58;0;0;0;0;0;0;0;0;0;0;0;0;0;0;0;0;0;0;0;0;0;0;0;0;0;0;1;0;0;0;0;0;0;1;0;0;0
58210;Planchez;27;58;0;0;0;0;0;0;0;0;0;0;0;0;0;0;0;0;0;0;1;0;1;0;0;0;0;0;0;1;0;0;0;0;0;0;0;0;0
58211;Poil;27;58;0;0;0;0;0;0;0;0;0;0;0;0;0;0;0;0;0;0;0;1;0;0;0;0;0;0;0;0;1;0;0;0;0;1;0;0;0
58212;Poiseux;27;58;0;0;0;0;0;0;0;0;0;0;0;0;0;0;0;0;0;0;0;0;0;0;0;0;0;0;2;0;0;0;0;0;0;1;1;0;0
58213;Pougny;27;58;0;0;0;0;0;0;0;0;0;0;0;0;0;0;0;0;0;0;0;0;4;0;0;0;0;0;1;0;0;0;0;0;0;1;1;0;0
58214;Pougues-les-Eaux;27;58;0;0;0;0;0;0;0;0;0;0;1;0;0;0;0;2;0;1;0;0;1;0;0;1;0;4;4;1;3;1;5;0;0;7;1;0;2
58215;Pouilly-sur-Loire;27;58;0;1;0;0;0;0;0;0;0;0;1;0;1;0;0;2;0;1;0;0;2;0;0;1;4;7;3;2;0;0;4;0;0;3;4;0;3
58216;Pouques-Lormes;27;58;0;0;0;0;0;0;0;0;0;0;0;0;0;0;0;0;0;0;0;0;0;0;0;0;0;0;0;0;0;0;0;0;0;0;0;0;0
58217;Pousseaux;27;58;0;0;0;0;0;0;0;0;0;0;0;0;0;0;0;0;0;0;0;0;0;0;0;0;3;0;0;0;0;0;0;0;0;0;0;0;0
58218;Prémery;27;58;0;1;0;0;0;0;0;0;0;0;0;1;1;0;0;2;1;1;0;0;3;1;0;1;4;3;3;5;3;1;4;3;0;7;2;0;2
58219;Préporché;27;58;0;0;0;0;0;0;0;0;0;0;0;0;0;0;0;0;0;0;0;0;0;0;0;0;1;1;0;3;1;0;0;0;0;1;1;0;0
58220;Raveau;27;58;0;0;0;0;0;0;0;0;0;0;0;0;0;0;0;0;0;0;0;1;0;0;0;0;0;1;2;1;0;0;0;0;0;0;0;0;1
58221;Rémilly;27;58;0;0;0;0;0;0;0;0;0;0;0;0;0;0;0;0;0;0;0;0;0;0;0;0;0;0;0;0;0;0;0;0;0;1;0;0;0
58222;Rix;27;58;0;0;0;0;0;0;0;0;0;0;0;0;0;0;0;0;0;0;0;0;0;0;0;0;2;0;0;0;0;0;0;0;0;0;0;0;0
58223;Rouy;27;58;0;0;0;0;0;0;0;0;0;0;0;0;0;0;0;0;0;0;0;1;1;0;0;0;2;0;3;3;0;0;0;0;0;6;1;1;0
58224;Ruages;27;58;0;0;0;0;0;0;0;0;0;0;0;0;0;0;0;0;0;0;0;0;1;0;0;0;0;0;0;1;0;0;0;0;0;0;0;0;0
58225;Saincaize-Meauce;27;58;0;0;0;0;0;0;0;0;0;0;0;0;0;0;0;0;0;0;0;0;0;0;0;0;0;2;1;1;0;0;0;0;0;1;0;0;0
58226;Saint-Agnan;27;58;0;0;0;0;0;0;0;0;0;0;0;0;0;0;0;0;0;0;0;0;0;0;0;0;1;0;0;0;0;0;0;0;0;1;0;0;0
58227;Saint-Amand-en-Puisaye;27;58;0;1;0;0;0;0;0;0;0;0;0;0;0;0;0;2;0;1;0;0;2;1;0;0;1;1;0;2;0;0;3;0;0;6;2;0;0
58228;Saint-Andelain;27;58;0;0;0;0;0;0;0;0;0;0;0;0;0;0;0;0;0;0;0;0;0;0;0;0;1;1;0;0;1;0;1;0;0;0;0;0;0
58229;Saint-André-en-Morvan;27;58;0;0;0;0;0;0;0;0;0;0;0;0;0;0;0;0;0;0;0;0;1;0;0;0;0;2;1;1;0;0;0;0;0;0;1;0;0
58230;Saint-Aubin-des-Chaumes;27;58;0;0;0;0;0;0;0;0;0;0;0;0;0;0;0;0;0;0;0;0;0;0;0;0;1;0;0;0;0;0;0;0;0;0;1;0;0
58231;Saint-Aubin-les-Forges;27;58;0;0;0;0;0;0;0;0;0;0;0;0;0;0;0;0;0;0;0;0;2;0;0;0;1;0;1;0;0;0;0;0;0;1;0;0;0
58232;Saint-Benin-d'Azy;27;58;0;1;0;0;0;0;0;0;0;0;1;0;1;0;0;1;1;1;0;0;6;0;0;0;1;1;2;2;1;0;3;2;0;1;1;0;2
58233;Saint-Benin-des-Bois;27;58;0;0;0;0;0;0;0;0;0;0;0;0;0;0;0;0;0;0;0;1;0;0;0;0;1;0;0;0;0;0;0;0;0;0;0;0;0
58234;Saint-Bonnot;27;58;0;0;0;0;0;0;0;0;0;0;0;0;0;0;0;0;0;0;0;0;0;0;0;0;0;1;0;0;0;0;0;0;0;0;0;0;0
58235;Saint-Brisson;27;58;0;0;0;0;0;0;0;0;0;0;0;0;0;0;0;0;0;0;0;1;1;0;0;0;1;0;0;0;0;0;1;0;0;1;0;0;0
58236;Sainte-Colombe-des-Bois;27;58;0;0;0;0;0;0;0;0;0;0;0;0;0;0;0;0;0;0;0;0;0;0;0;0;0;0;0;0;0;0;0;0;0;0;0;0;0
58237;Saint-Didier;27;58;0;0;0;0;0;0;0;0;0;0;0;0;0;0;0;0;0;0;0;0;0;0;0;0;0;0;0;0;0;0;0;0;0;0;0;0;0
58238;Saint-Éloi;27;58;0;0;0;0;0;0;0;0;0;0;0;0;0;0;0;0;0;0;0;1;7;0;0;0;3;1;7;6;4;0;2;1;0;0;0;0;0
58239;Saint-Firmin;27;58;0;0;0;0;0;0;0;0;0;0;0;0;0;0;0;0;0;0;0;0;0;0;0;0;1;0;0;0;0;0;0;0;0;0;0;0;0
58240;Saint-Franchy;27;58;0;0;0;0;0;0;0;0;0;0;0;0;0;0;0;0;0;0;0;0;0;0;0;0;0;0;1;1;0;0;0;0;0;0;0;1;0
58241;Saint-Germain-Chassenay;27;58;0;0;0;0;0;0;0;0;0;0;0;0;0;0;0;0;0;0;0;0;1;0;0;0;1;0;1;1;0;0;1;0;0;0;0;0;0
58242;Saint-Germain-des-Bois;27;58;0;0;0;0;0;0;0;0;0;0;0;0;0;0;0;0;0;0;0;0;0;0;0;0;0;0;1;0;0;0;0;0;0;0;0;0;0
58243;Saint-Gratien-Savigny;27;58;0;0;0;0;0;0;0;0;0;0;0;0;0;0;0;0;0;0;0;0;3;0;0;0;0;0;0;0;0;0;0;0;0;0;0;0;0
58244;Saint-Hilaire-en-Morvan;27;58;0;0;0;0;0;0;0;0;0;0;0;0;0;0;0;0;0;0;0;0;1;0;0;0;1;0;1;0;0;0;0;0;0;0;0;0;0
58245;Saint-Hilaire-Fontaine;27;58;0;0;0;0;0;0;0;0;0;0;0;0;0;0;0;0;0;0;0;1;0;0;0;0;0;0;0;0;0;0;0;0;0;0;0;0;0
58246;Saint-Honoré-les-Bains;27;58;0;0;0;0;0;0;0;0;0;0;0;0;0;0;0;0;0;1;0;0;2;0;0;0;4;0;2;1;2;0;1;0;0;2;0;0;0
58247;Saint-Jean-aux-Amognes;27;58;0;0;0;0;0;0;0;0;0;0;0;0;0;0;0;0;0;0;0;0;1;0;0;0;0;0;0;6;1;0;0;0;0;0;0;0;0
58248;Saint-Laurent-l'Abbaye;27;58;0;0;0;0;0;0;0;0;0;0;0;0;0;0;0;0;0;0;0;1;0;0;0;0;1;0;0;2;1;0;0;0;0;0;0;0;0
58249;Saint-Léger-de-Fougeret;27;58;0;0;0;0;0;0;0;0;0;0;0;0;0;0;0;0;0;0;0;0;0;0;0;0;1;0;0;0;0;0;0;0;0;0;0;0;0
58250;Saint-Léger-des-Vignes;27;58;0;0;0;0;0;0;0;0;0;0;0;0;0;0;0;0;2;1;0;0;1;1;0;0;0;1;0;1;1;2;3;1;0;3;1;0;0
58251;Saint-Loup;27;58;0;0;0;0;0;0;0;0;0;0;0;0;0;0;0;0;0;0;0;0;2;0;0;0;0;1;0;1;0;0;0;0;0;0;2;0;0
58252;Saint-Malo-en-Donziois;27;58;0;0;0;0;0;0;0;0;0;0;0;0;0;0;0;0;0;0;0;0;1;0;0;0;1;1;0;0;0;0;0;0;0;0;0;0;0
58253;Sainte-Marie;27;58;0;0;0;0;0;0;0;0;0;0;0;0;0;0;0;0;0;0;0;0;0;0;0;0;0;1;0;0;0;0;0;0;0;0;0;0;0
58254;Saint-Martin-d'Heuille;27;58;0;0;0;0;0;0;0;0;0;0;0;0;0;0;0;0;0;0;0;0;0;0;0;0;3;0;0;2;1;0;0;0;0;0;1;0;0
58255;Saint-Martin-du-Puy;27;58;0;0;0;0;0;0;0;0;0;0;0;0;0;0;0;0;0;0;0;1;0;0;0;0;0;1;0;0;1;0;0;0;0;1;0;0;0
58256;Saint-Martin-sur-Nohain;27;58;0;0;0;0;0;0;0;0;0;0;0;0;0;0;0;0;0;0;0;0;1;0;0;0;1;0;0;0;0;0;0;0;0;0;0;0;0
58257;Saint-Maurice;27;58;0;0;0;0;0;0;0;0;0;0;0;0;0;0;0;0;0;0;0;0;0;0;0;0;0;0;0;0;0;0;0;0;0;0;0;0;0
58258;Saint-Ouen-sur-Loire;27;58;0;0;0;0;0;0;0;0;0;0;0;0;0;0;0;0;0;0;0;0;0;0;0;0;2;0;0;2;1;0;0;0;0;0;0;0;0
58259;Saint-Parize-en-Viry;27;58;0;0;0;0;0;0;0;0;0;0;0;0;0;0;0;0;0;0;0;0;0;0;0;0;2;0;0;1;0;0;0;0;0;0;0;0;0
58260;Saint-Parize-le-Châtel;27;58;0;0;0;0;0;0;0;0;0;0;0;0;0;0;0;0;0;0;0;1;4;0;0;0;1;2;0;1;1;0;2;0;0;1;2;0;1
58261;Saint-Père;27;58;0;0;0;0;0;0;0;0;0;0;0;0;0;0;0;0;0;0;0;0;0;0;0;0;3;2;3;6;2;1;1;0;0;0;0;0;0
58262;Saint-Péreuse;27;58;0;0;0;0;0;0;0;0;0;0;0;0;0;0;0;0;0;0;0;1;0;0;0;0;1;1;1;1;1;0;0;0;0;0;0;0;0
58263;Saint-Pierre-du-Mont;27;58;0;0;0;0;0;0;0;0;0;0;0;0;0;0;0;0;0;0;0;0;0;0;0;0;1;1;0;0;0;0;0;0;0;0;0;0;0
58264;Saint-Pierre-le-Moûtier;27;58;0;1;0;0;0;0;0;0;0;0;1;0;0;0;0;2;1;1;0;0;6;1;0;2;1;3;1;3;1;0;2;3;0;4;3;0;0
58265;Saint-Quentin-sur-Nohain;27;58;0;0;0;0;0;0;0;0;0;0;0;0;0;0;0;0;0;0;0;0;0;0;0;0;0;0;0;0;0;0;0;0;0;0;0;0;0
58266;Saint-Révérien;27;58;0;0;0;0;0;0;0;0;0;0;0;0;0;0;0;0;0;0;0;1;0;0;0;0;0;1;0;0;1;0;0;0;0;0;0;0;0
58267;Saint-Saulge;27;58;0;1;0;0;0;0;0;0;0;0;1;0;1;0;0;1;0;1;0;0;2;1;0;0;2;1;3;1;1;0;2;3;0;2;5;0;0
58268;Saint-Seine;27;58;0;0;0;0;0;0;0;0;0;0;0;0;0;0;0;0;0;0;0;0;0;0;0;0;1;0;0;1;0;0;1;0;0;0;0;0;0
58269;Saint-Sulpice;27;58;0;0;0;0;0;0;0;0;0;0;0;0;0;0;0;0;0;0;0;1;3;0;0;0;0;1;0;0;1;0;0;0;0;0;1;0;0
58270;Saint-Vérain;27;58;0;0;0;0;0;0;0;0;0;0;0;0;0;0;0;0;0;0;0;1;0;0;0;0;2;0;0;2;1;0;1;0;0;0;1;0;0
58271;Saizy;27;58;0;0;0;0;0;0;0;0;0;0;0;0;0;0;0;0;0;0;0;0;0;0;0;0;0;0;0;0;0;0;0;0;0;0;0;0;0
58272;Sardy-lès-Épiry;27;58;0;0;0;0;0;0;0;0;0;0;0;0;0;0;0;0;0;0;0;0;0;0;0;0;1;0;0;2;0;0;0;0;0;0;0;0;0
58273;Sauvigny-les-Bois;27;58;0;0;0;0;0;0;0;0;0;0;0;0;0;0;0;0;0;0;0;1;4;1;0;0;0;0;1;3;1;0;0;0;0;4;0;0;0
58274;Savigny-Poil-Fol;27;58;0;0;0;0;0;0;0;0;0;0;0;0;0;0;0;0;0;0;0;0;0;0;0;0;1;0;0;0;0;0;0;0;0;0;0;0;0
58275;Saxi-Bourdon;27;58;0;0;0;0;0;0;0;0;0;0;0;0;0;0;0;0;0;0;0;0;0;0;0;0;1;2;2;1;1;0;0;0;0;0;0;0;0
58276;Sémelay;27;58;0;0;0;0;0;0;0;0;0;0;0;0;0;0;0;0;0;0;0;1;0;0;0;0;1;2;0;0;0;0;0;0;0;1;0;0;0
58277;Sermages;27;58;0;0;0;0;0;0;0;0;0;0;0;0;0;0;0;0;0;0;0;0;0;0;0;0;0;1;0;0;1;1;0;0;0;0;0;0;0
58278;Sermoise-sur-Loire;27;58;0;0;0;0;0;0;0;0;0;0;0;0;0;0;0;0;1;0;0;0;2;0;0;1;6;4;1;3;0;2;1;0;0;1;1;0;1
58279;Sichamps;27;58;0;0;0;0;0;0;0;0;0;0;0;0;0;0;0;0;0;0;0;0;1;0;0;0;0;0;0;1;0;1;0;0;0;0;0;0;0
58280;Sougy-sur-Loire;27;58;0;0;0;0;0;0;0;0;0;0;0;0;0;0;0;0;0;0;1;0;0;0;0;0;2;2;1;2;0;0;0;0;0;3;1;0;0
58281;Suilly-la-Tour;27;58;0;0;0;0;0;0;0;0;0;0;0;0;0;0;0;0;0;0;0;1;3;0;0;0;0;1;0;0;0;0;1;0;0;2;0;0;0
58282;Surgy;27;58;0;0;0;0;0;0;0;0;0;0;0;0;0;0;0;0;0;0;0;1;0;0;0;0;0;0;0;3;0;0;0;0;0;1;0;0;0
58283;Taconnay;27;58;0;0;0;0;0;0;0;0;0;0;0;0;0;0;0;0;0;0;0;0;0;0;0;0;1;0;0;0;0;0;0;0;0;0;0;0;0
58284;Talon;27;58;0;0;0;0;0;0;0;0;0;0;0;0;0;0;0;0;0;0;0;0;1;0;0;0;0;0;0;0;0;0;0;0;0;0;0;0;0
58285;Tamnay-en-Bazois;27;58;0;0;0;0;0;0;0;0;0;0;0;0;0;0;0;0;0;0;0;1;0;0;0;0;0;1;0;0;1;0;0;0;0;1;0;0;0
58286;Tannay;27;58;0;1;0;0;0;0;0;0;0;0;1;0;0;0;0;1;0;1;0;0;1;0;0;0;4;0;1;3;0;0;2;2;0;2;0;0;0
58287;Tazilly;27;58;0;0;0;0;0;0;0;0;0;0;0;0;0;0;0;0;0;0;1;0;0;0;0;0;0;0;0;0;0;0;0;0;0;2;0;0;0
58288;Teigny;27;58;0;0;0;0;0;0;0;0;0;0;0;0;0;0;0;0;0;0;0;0;0;0;0;0;1;0;0;0;0;0;0;0;0;0;1;0;0
58289;Ternant;27;58;0;0;0;0;0;0;0;0;0;0;0;0;0;0;0;0;0;0;0;0;0;0;0;0;0;0;0;1;0;0;0;0;0;2;1;0;0
58290;Thaix;27;58;0;0;0;0;0;0;0;0;0;0;0;0;0;0;0;0;0;0;0;0;1;0;0;0;1;0;0;0;0;0;0;0;0;0;0;0;0
58291;Thianges;27;58;0;0;0;0;0;0;0;0;0;0;0;0;0;0;0;0;0;0;0;0;1;0;0;0;0;0;0;0;0;0;0;0;0;0;0;0;0
58292;Tintury;27;58;0;0;0;0;0;0;0;0;0;0;0;0;0;0;0;0;0;0;0;0;0;0;0;0;0;0;0;0;0;0;1;0;0;1;1;0;0
58293;Toury-Lurcy;27;58;0;0;0;0;0;0;0;0;0;0;0;0;0;0;0;0;0;1;0;0;0;0;0;0;2;1;1;0;1;0;0;0;0;1;0;0;0
58294;Toury-sur-Jour;27;58;0;0;0;0;0;0;0;0;0;0;0;0;0;0;0;0;0;0;0;0;1;0;0;0;0;0;0;0;0;0;0;0;0;0;0;0;0
58295;Tracy-sur-Loire;27;58;0;0;0;0;0;0;0;0;0;0;0;0;0;0;0;0;0;0;1;0;0;0;0;0;3;0;1;0;1;0;0;0;0;2;0;0;0
58296;Tresnay;27;58;0;0;0;0;0;0;0;0;0;0;0;0;0;0;0;0;0;0;0;0;0;0;0;0;0;1;0;0;1;0;0;0;0;2;0;0;0
58297;Trois-Vèvres;27;58;0;0;0;0;0;0;0;0;0;0;0;0;0;0;0;0;0;0;0;1;1;0;0;0;0;0;0;0;0;0;0;0;0;0;1;0;0
58298;Tronsanges;27;58;0;0;0;0;0;0;0;0;0;0;0;0;0;0;0;0;0;0;0;0;2;0;0;0;1;0;0;1;0;0;0;0;0;2;0;0;0
58299;Trucy-l'Orgueilleux;27;58;0;0;0;0;0;0;0;0;0;0;0;0;0;0;0;0;0;0;0;0;0;0;0;0;1;0;1;0;0;0;1;0;0;0;0;0;0
58300;Urzy;27;58;0;0;0;0;0;0;0;0;0;0;0;0;0;0;0;0;0;0;0;0;0;0;0;0;2;1;0;4;1;2;2;0;0;1;0;0;2
58301;Vandenesse;27;58;0;0;0;0;0;0;0;0;0;0;0;0;0;0;0;0;0;0;0;1;2;0;0;0;0;0;1;2;0;0;2;0;0;0;0;0;0
58302;Varennes-lès-Narcy;27;58;0;0;0;0;0;0;0;0;0;0;0;0;0;0;0;0;0;0;0;0;1;0;0;0;0;2;1;2;0;0;0;0;0;2;0;0;1
58303;Varennes-Vauzelles;27;58;0;1;0;0;0;0;0;0;0;0;0;0;0;0;0;5;2;1;0;1;19;2;2;0;7;9;11;12;7;4;8;1;0;20;0;1;2
58304;Varzy;27;58;0;1;0;0;0;0;0;0;0;0;1;0;1;0;0;1;1;1;0;0;3;0;0;1;7;2;3;1;1;1;1;0;0;6;3;0;1
58305;Vauclaix;27;58;0;0;0;0;0;0;0;0;0;0;0;0;0;0;0;0;0;0;0;0;0;0;0;0;0;0;0;0;0;0;0;0;0;0;0;0;0
58306;Verneuil;27;58;0;0;0;0;0;0;0;0;0;0;0;0;0;0;0;0;0;0;0;1;0;0;0;0;0;0;0;0;1;0;1;0;0;0;0;0;1
58307;Vielmanay;27;58;0;0;0;0;0;0;0;0;0;0;0;0;0;0;0;0;0;0;0;0;1;0;0;0;0;2;0;1;0;0;0;0;0;0;0;0;0
58308;Vignol;27;58;0;0;0;0;0;0;0;0;0;0;0;0;0;0;0;0;0;0;0;0;0;0;0;0;0;0;0;0;0;0;0;0;0;0;0;0;0
58309;Villapourçon;27;58;0;0;0;0;0;0;0;0;0;0;0;0;0;0;0;0;0;0;0;1;0;0;0;0;1;0;0;1;0;1;1;0;0;1;0;0;0
58310;Villiers-le-Sec;27;58;0;0;0;0;0;0;0;0;0;0;0;0;0;0;0;0;0;0;0;0;0;0;0;0;0;0;0;0;0;0;0;0;0;0;0;0;0
58311;Ville-Langy;27;58;0;0;0;0;0;0;0;0;0;0;0;0;0;0;0;0;0;0;0;0;0;0;0;0;1;1;0;1;0;0;0;0;0;1;0;0;0
58312;Villiers-sur-Yonne;27;58;0;0;0;0;0;0;0;0;0;0;0;0;0;0;0;0;0;0;0;0;0;0;0;0;0;1;0;0;1;0;0;0;0;0;0;0;1
58313;Vitry-Laché;27;58;0;0;0;0;0;0;0;0;0;0;0;0;0;0;0;0;0;0;0;0;0;0;0;0;0;0;0;0;0;1;0;0;0;0;0;0;0
59001;Abancourt;32;59;0;0;0;0;0;0;0;0;0;0;0;0;0;0;0;0;0;0;0;1;0;0;0;0;0;0;1;1;1;0;0;0;0;0;0;0;0
59002;Abscon;32;59;0;0;0;0;0;0;0;0;0;0;0;0;0;0;0;0;1;1;0;0;3;0;0;1;5;4;1;8;5;1;8;0;0;3;2;0;4
59003;Aibes;32;59;0;0;0;0;0;0;0;0;0;0;0;0;0;0;0;0;0;0;0;0;0;0;0;0;0;0;2;0;0;0;0;0;0;0;0;0;0
59004;Aix;32;59;0;0;0;0;0;0;0;0;0;0;0;0;0;0;0;0;0;0;0;0;0;0;0;0;1;3;1;1;3;0;2;0;0;1;1;0;0
59005;Allennes-les-Marais;32;59;0;0;0;0;0;0;0;0;0;0;0;0;0;0;0;0;0;1;0;0;2;0;0;1;2;0;2;6;3;4;6;0;0;3;0;0;1
59006;Amfroipret;32;59;0;0;0;0;0;0;0;0;0;0;0;0;0;0;0;0;0;0;0;0;1;0;0;0;1;0;1;3;0;0;0;0;0;1;0;0;0
59007;Anhiers;32;59;0;0;0;0;0;0;0;0;0;0;0;0;0;0;0;0;0;0;0;0;0;0;0;0;1;2;0;0;1;1;0;0;0;2;0;0;0
59008;Aniche;32;59;1;0;0;0;0;0;0;0;0;1;0;0;0;0;0;5;3;1;0;0;7;1;0;4;5;8;2;15;7;4;11;1;0;18;3;2;5
59009;Villeneuve-d'Ascq;32;59;2;0;0;0;0;0;0;1;0;1;0;1;0;0;0;31;7;6;0;0;33;3;7;16;28;49;31;64;54;28;48;10;7;243;80;7;32
59010;Anneux;32;59;0;0;0;0;0;0;0;0;0;0;0;0;0;0;0;0;0;0;0;0;0;0;0;0;0;0;0;0;0;1;0;0;0;0;0;0;0
59011;Annoeullin;32;59;0;1;0;0;0;0;0;0;0;1;0;0;1;0;0;6;2;1;0;0;5;2;0;2;4;9;5;11;14;7;15;3;0;14;9;4;9
59012;Anor;32;59;0;0;0;0;0;0;0;0;0;0;0;0;0;0;0;0;0;1;0;0;4;0;0;0;5;2;3;3;1;3;5;0;0;1;1;0;2
59013;Anstaing;32;59;0;0;0;0;0;0;0;0;0;0;0;0;0;0;0;0;0;0;0;0;1;0;0;1;0;1;2;0;1;1;1;0;0;3;1;0;3
59014;Anzin;32;59;1;0;0;0;0;0;0;0;0;1;0;1;0;0;0;8;2;1;0;1;13;1;0;3;12;17;8;17;11;14;20;3;3;32;8;1;7
59015;Arleux;32;59;0;1;0;0;0;0;0;0;0;1;0;0;0;0;0;4;1;1;0;0;6;1;0;1;4;3;4;3;0;0;5;0;0;4;2;1;2
59016;Armbouts-Cappel;32;59;0;0;0;0;0;0;0;0;0;0;0;0;0;0;0;0;0;0;0;1;2;0;0;0;1;1;2;3;1;0;2;0;0;1;0;0;0
59017;Armentières;32;59;1;0;0;0;0;0;0;0;0;2;0;1;0;0;0;11;7;1;0;0;17;2;0;7;13;29;15;36;14;14;42;5;6;73;16;3;14
59018;Arnèke;32;59;0;0;0;0;0;0;0;0;0;0;0;0;0;0;0;2;1;1;0;0;2;1;0;1;0;2;5;2;2;0;1;0;0;4;1;0;1
59019;Artres;32;59;0;0;0;0;0;0;0;0;0;0;0;0;0;0;0;0;0;1;0;0;1;0;0;0;4;0;1;4;0;0;0;0;0;3;0;0;0
59021;Assevent;32;59;0;0;0;0;0;0;0;0;0;0;0;0;0;0;0;0;0;0;0;1;2;0;0;0;0;0;1;3;0;0;4;0;0;1;0;0;2
59022;Attiches;32;59;0;0;0;0;0;0;0;0;0;0;0;0;0;0;0;0;0;1;0;0;3;0;0;0;4;1;7;7;5;0;2;0;0;4;0;0;1
59023;Aubencheul-au-Bac;32;59;0;0;0;0;0;0;0;0;0;0;0;0;0;0;0;0;0;0;0;0;1;0;0;0;0;2;0;1;0;2;0;0;0;3;0;0;0
59024;Auberchicourt;32;59;0;0;0;0;0;0;0;0;0;0;0;0;0;0;0;0;0;1;0;0;3;0;0;2;5;3;4;2;0;0;8;1;0;5;2;0;1
59025;Aubers;32;59;0;0;0;0;0;0;0;0;0;0;0;0;0;0;0;0;0;1;0;0;1;0;0;0;0;0;1;1;2;1;3;0;0;3;0;0;1
59026;Aubigny-au-Bac;32;59;0;0;0;0;0;0;0;0;0;0;0;0;0;0;0;0;0;1;0;0;2;1;0;1;3;2;2;3;1;2;1;2;0;5;1;0;0
59027;Aubry-du-Hainaut;32;59;0;0;0;0;0;0;0;0;0;0;0;0;0;0;0;0;0;0;0;0;2;0;0;0;1;1;1;5;2;0;4;0;0;5;2;0;1
59028;Auby;32;59;1;0;0;0;0;0;0;0;0;0;0;0;0;0;0;3;2;1;0;0;4;0;0;1;3;3;5;3;6;3;9;2;0;5;2;0;2
59029;Auchy-lez-Orchies;32;59;0;0;0;0;0;0;0;0;0;0;0;0;0;0;0;0;0;0;0;0;2;0;0;0;1;2;2;2;2;0;0;0;0;2;0;0;0
59031;Audignies;32;59;0;0;0;0;0;0;0;0;0;0;0;0;0;0;0;0;0;0;0;0;1;0;0;0;0;0;1;0;0;0;0;0;0;0;0;0;0
59032;Aulnoy-lez-Valenciennes;32;59;0;0;0;0;0;0;0;0;0;0;0;0;0;0;0;2;1;1;0;0;10;0;0;1;4;3;4;3;0;4;5;0;0;9;4;1;4
59033;Aulnoye-Aymeries;32;59;1;0;0;0;0;0;0;0;0;0;0;1;0;1;0;8;2;1;0;0;7;1;0;3;3;3;4;5;5;3;13;1;3;22;4;3;4
59034;Avelin;32;59;0;0;0;0;0;0;0;0;0;0;0;0;0;0;0;0;0;0;0;1;2;0;0;2;1;6;4;4;6;1;3;0;0;8;1;1;2
59035;Avesnelles;32;59;0;0;0;0;0;0;0;0;0;0;0;0;0;0;0;0;1;1;0;0;7;2;0;2;1;1;1;2;3;1;1;0;0;2;1;0;1
59036;Avesnes-sur-Helpe;32;59;0;1;0;1;1;1;0;0;0;3;0;1;0;0;0;8;3;1;0;0;7;1;0;3;1;3;4;6;1;2;12;6;0;22;5;1;4
59037;Avesnes-les-Aubert;32;59;0;1;0;0;0;0;0;0;0;1;0;1;1;0;0;4;1;1;0;0;7;0;0;1;5;3;2;4;4;3;5;0;0;5;1;0;2
59038;Avesnes-le-Sec;32;59;0;0;0;0;0;0;0;0;0;0;0;0;0;0;0;0;0;1;0;0;1;0;0;0;1;0;1;1;1;1;3;0;0;0;0;0;0
59039;Awoingt;32;59;0;0;0;0;0;0;0;0;0;0;0;0;0;0;0;0;0;0;0;0;3;0;0;0;0;2;2;1;0;1;0;0;0;1;1;0;1
59041;Bachant;32;59;0;0;0;0;0;0;0;0;0;0;0;0;0;0;0;0;1;1;0;0;3;1;0;0;4;1;3;6;2;1;6;0;0;2;1;0;1
59042;Bachy;32;59;0;0;0;0;0;0;0;0;0;0;0;0;0;0;0;0;1;1;0;0;1;0;0;0;1;0;4;1;1;1;3;0;0;0;1;0;1
59043;Bailleul;32;59;1;1;0;0;0;0;0;0;0;1;0;1;0;0;0;9;2;1;0;0;22;2;0;4;11;9;25;17;11;7;23;2;2;24;10;3;5
59044;Baisieux;32;59;0;1;0;0;0;0;0;0;0;0;0;0;0;0;0;3;1;1;0;0;3;0;0;2;5;6;4;5;5;1;4;1;0;10;7;2;4
59045;Baives;32;59;0;0;0;0;0;0;0;0;0;0;0;0;0;0;0;0;0;0;0;0;0;0;0;0;0;0;0;0;0;0;0;0;0;0;0;0;0
59046;Bambecque;32;59;0;0;0;0;0;0;0;0;0;0;0;0;0;0;0;0;0;0;0;0;1;0;0;0;2;0;0;1;1;0;0;0;0;2;0;0;0
59047;Banteux;32;59;0;0;0;0;0;0;0;0;0;0;0;0;0;0;0;0;0;0;0;0;0;0;0;0;1;0;0;0;0;0;1;0;0;0;0;0;0
59048;Bantigny;32;59;0;0;0;0;0;0;0;0;0;0;0;0;0;0;0;0;0;0;0;0;1;0;0;0;0;0;0;0;1;0;1;0;0;0;0;0;0
59049;Bantouzelle;32;59;0;0;0;0;0;0;0;0;0;0;0;0;0;0;0;0;0;0;0;0;2;0;0;0;0;0;0;0;0;0;0;0;0;0;1;0;0
59050;Bas-Lieu;32;59;0;0;0;0;0;0;0;0;0;0;0;0;0;0;0;0;0;0;0;0;1;0;0;0;0;0;0;1;1;0;0;0;0;2;0;0;0
59051;La Bassée;32;59;0;1;0;0;0;0;0;0;0;1;0;1;0;0;0;9;4;1;0;0;12;1;0;3;2;6;6;11;5;1;11;2;0;18;9;3;4
59052;Bauvin;32;59;0;0;0;0;0;0;0;0;0;0;0;0;0;0;0;1;2;1;0;0;4;1;0;2;0;7;1;4;3;2;6;0;0;4;4;0;7
59053;Bavay;32;59;0;1;0;0;0;0;0;0;0;1;0;0;0;0;0;5;3;1;0;0;9;1;0;3;2;1;6;6;2;3;6;2;0;10;3;0;6
59054;Bavinchove;32;59;0;0;0;0;0;0;0;0;0;0;0;0;0;0;0;0;0;0;0;0;1;0;0;0;0;4;2;3;0;0;1;0;0;3;0;0;0
59055;Bazuel;32;59;0;0;0;0;0;0;0;0;0;0;0;0;0;0;0;0;0;0;0;0;1;0;0;0;3;2;0;1;0;0;0;0;0;0;0;0;0
59056;Beaucamps-Ligny;32;59;0;0;0;0;0;0;0;0;0;0;0;0;0;0;0;0;0;0;0;0;1;0;0;0;0;0;0;1;0;0;1;0;0;1;0;0;2
59057;Beaudignies;32;59;0;0;0;0;0;0;0;0;0;0;0;0;0;0;0;0;0;0;0;0;1;0;0;0;2;1;0;1;1;1;0;0;0;0;0;0;0
59058;Beaufort;32;59;0;0;0;0;0;0;0;0;0;0;0;0;0;0;0;0;0;0;0;0;0;0;0;0;0;2;3;0;0;2;0;0;0;2;2;0;0
59059;Beaumont-en-Cambrésis;32;59;0;0;0;0;0;0;0;0;0;0;0;0;0;0;0;0;0;0;0;0;1;0;0;0;1;0;1;0;0;0;0;0;0;0;0;0;0
59060;Beaurain;32;59;0;0;0;0;0;0;0;0;0;0;0;0;0;0;0;0;0;0;0;0;1;0;0;0;1;0;0;1;0;0;1;0;0;0;0;0;0
59061;Beaurepaire-sur-Sambre;32;59;0;0;0;0;0;0;0;0;0;0;0;0;0;0;0;0;0;0;0;0;0;0;0;0;0;0;0;0;0;0;0;0;0;2;0;0;0
59062;Beaurieux;32;59;0;0;0;0;0;0;0;0;0;0;0;0;0;0;0;0;0;0;0;0;1;0;0;0;0;1;0;0;0;0;0;0;0;0;1;0;0
59063;Beauvois-en-Cambrésis;32;59;0;0;0;0;0;0;0;0;0;0;0;0;0;0;0;0;1;1;0;0;2;0;1;2;4;3;0;5;1;2;5;0;0;8;0;0;1
59064;Bellaing;32;59;0;0;0;0;0;0;0;0;0;0;0;0;0;0;0;1;0;0;0;0;2;0;0;0;0;5;2;1;2;0;1;0;0;1;0;0;0
59065;Bellignies;32;59;0;0;0;0;0;0;0;0;0;0;0;0;0;0;0;0;0;0;1;0;1;0;0;0;1;0;1;1;1;0;2;0;0;1;0;0;0
59066;Bérelles;32;59;0;0;0;0;0;0;0;0;0;0;0;0;0;0;0;0;0;0;0;0;0;0;0;0;0;0;0;1;0;0;0;0;0;0;0;0;0
59067;Bergues;32;59;0;0;0;0;0;0;0;0;0;1;0;0;0;0;0;9;3;1;0;0;1;0;0;2;1;2;3;1;6;0;9;1;0;17;4;1;1
59068;Berlaimont;32;59;0;0;0;0;0;0;0;0;0;1;0;0;0;0;0;1;2;1;0;0;1;0;0;2;5;1;0;3;5;4;6;0;0;4;2;0;0
59069;Bermerain;32;59;0;0;0;0;0;0;0;0;0;0;0;0;0;0;0;0;0;1;0;0;0;0;0;0;1;0;0;2;1;0;1;0;0;1;0;0;0
59070;Bermeries;32;59;0;0;0;0;0;0;0;0;0;0;0;0;0;0;0;0;0;0;1;0;0;0;0;0;0;0;0;1;0;0;0;0;0;0;1;0;0
59071;Bersée;32;59;0;0;0;0;0;0;0;0;0;0;0;0;0;0;0;0;0;0;0;1;3;0;0;0;0;1;6;4;2;1;2;0;0;1;0;0;3
59072;Bersillies;32;59;0;0;0;0;0;0;0;0;0;0;0;0;0;0;0;0;0;0;0;0;0;0;0;0;0;0;0;2;0;1;0;0;0;0;0;0;0
59073;Berthen;32;59;0;0;0;0;0;0;0;0;0;0;0;0;0;0;0;0;0;0;0;0;1;0;0;0;0;0;0;1;0;0;1;0;0;4;0;0;1
59074;Bertry;32;59;0;0;0;0;0;0;0;0;0;0;0;0;0;0;0;0;0;1;0;0;1;0;0;0;1;3;7;8;0;0;4;0;0;4;3;0;0
59075;Béthencourt;32;59;0;0;0;0;0;0;0;0;0;0;0;0;0;0;0;0;1;1;0;0;0;0;0;0;0;1;0;1;1;1;0;0;0;0;0;0;1
59076;Bettignies;32;59;0;0;0;0;0;0;0;0;0;0;0;0;0;0;0;0;0;0;0;0;1;0;0;0;1;0;0;0;0;0;1;0;0;3;0;0;0
59077;Bettrechies;32;59;0;0;0;0;0;0;0;0;0;0;0;0;0;0;0;0;0;0;0;0;0;0;1;0;0;0;0;0;0;1;0;0;0;0;0;0;0
59078;Beugnies;32;59;0;0;0;0;0;0;0;0;0;0;0;0;0;0;0;0;0;0;0;0;1;0;0;0;3;0;1;1;1;0;2;2;0;2;0;0;0
59079;Beuvrages;32;59;0;0;0;0;0;0;0;0;0;0;0;0;0;0;0;1;0;1;0;0;5;0;1;2;4;4;3;7;5;3;2;0;0;3;0;0;3
59080;Beuvry-la-Forêt;32;59;0;0;0;0;0;0;0;0;0;0;0;0;0;0;0;0;0;0;0;1;2;1;0;0;5;4;4;7;3;2;2;0;0;8;0;2;2
59081;Bévillers;32;59;0;0;0;0;0;0;0;0;0;0;0;0;0;0;0;0;0;0;0;0;0;0;0;0;0;0;0;2;1;0;0;0;0;1;0;0;0
59082;Bierne;32;59;0;0;0;0;0;0;0;0;0;0;0;0;0;0;0;0;0;0;0;0;3;0;0;0;0;2;3;3;3;3;1;0;0;3;2;0;0
59083;Bissezeele;32;59;0;0;0;0;0;0;0;0;0;0;0;0;0;0;0;0;0;0;0;0;0;0;0;0;0;0;1;0;1;1;0;0;0;0;0;0;0
59084;Blaringhem;32;59;0;0;0;0;0;0;0;0;0;0;0;0;0;0;0;1;0;1;0;0;3;0;0;1;0;3;5;2;0;0;3;0;0;2;0;0;0
59085;Blécourt;32;59;0;0;0;0;0;0;0;0;0;0;0;0;0;0;0;0;0;0;0;0;0;0;0;0;0;0;0;1;0;0;0;0;0;0;0;0;0
59086;Boeschepe;32;59;0;0;0;0;0;0;0;0;0;0;0;0;0;0;0;0;1;1;0;0;5;1;0;0;12;2;4;3;2;6;4;1;0;8;3;1;0
59087;Boëseghem;32;59;0;0;0;0;0;0;0;0;0;0;0;0;0;0;0;0;0;0;0;0;2;0;0;0;0;3;2;0;0;3;1;0;0;0;0;0;1
59088;Bois-Grenier;32;59;0;0;0;0;0;0;0;0;0;0;0;0;0;0;0;0;0;0;0;0;2;1;0;1;2;1;4;3;2;1;2;0;0;1;2;0;1
59089;Bollezeele;32;59;0;1;0;0;0;0;0;0;0;0;0;0;0;0;0;1;0;1;0;0;3;0;0;1;0;1;2;0;2;1;1;2;0;3;0;0;1
59090;Bondues;32;59;0;0;0;0;0;0;0;0;0;0;0;0;0;0;0;9;3;1;0;0;13;0;3;4;5;14;11;15;8;9;12;1;5;29;26;1;11
59091;Borre;32;59;0;0;0;0;0;0;0;0;0;0;0;0;0;0;0;0;0;0;0;0;2;0;0;0;1;1;1;2;2;0;1;0;0;1;0;0;0
59092;Bouchain;32;59;0;1;0;0;0;0;0;0;0;1;0;0;0;0;0;5;2;1;0;0;6;0;0;2;4;5;3;1;2;2;6;0;1;9;2;1;3
59093;Boulogne-sur-Helpe;32;59;0;0;0;0;0;0;0;0;0;0;0;0;0;0;0;0;0;0;0;0;0;0;0;0;1;0;0;0;1;0;0;0;0;1;0;0;0
59094;Bourbourg;32;59;0;1;0;0;0;0;0;0;0;1;0;0;0;0;0;6;3;1;0;0;4;1;0;3;8;5;4;6;6;2;9;3;0;10;1;2;1
59096;Bourghelles;32;59;0;0;0;0;0;0;0;0;0;0;0;0;0;0;0;0;0;0;0;0;1;0;0;0;1;1;1;4;2;0;5;0;0;0;0;0;2
59097;Boursies;32;59;0;0;0;0;0;0;0;0;0;0;0;0;0;0;0;0;0;0;0;0;0;0;0;0;0;0;0;0;1;0;0;0;0;0;0;0;0
59098;Bousbecque;32;59;0;0;0;0;0;0;0;0;0;0;0;0;0;0;0;2;1;1;0;0;5;0;0;1;5;6;6;3;8;1;7;3;0;6;4;0;1
59099;Bousies;32;59;0;1;0;0;0;0;0;0;0;0;0;0;0;0;0;0;0;1;0;0;3;1;0;1;1;0;0;0;0;2;4;0;0;2;0;0;0
59100;Bousignies;32;59;0;0;0;0;0;0;0;0;0;0;0;0;0;0;0;0;0;0;0;0;0;0;0;0;1;2;1;1;1;0;0;0;0;0;0;0;0
59101;Bousignies-sur-Roc;32;59;0;0;0;0;0;0;0;0;0;0;0;0;0;0;0;0;0;0;0;0;0;0;0;0;1;0;0;1;0;0;0;0;0;0;0;0;0
59102;Boussières-en-Cambrésis;32;59;0;0;0;0;0;0;0;0;0;0;0;0;0;0;0;0;0;0;0;0;0;0;0;0;0;0;1;0;2;0;0;0;0;0;0;0;0
59103;Boussières-sur-Sambre;32;59;0;0;0;0;0;0;0;0;0;0;0;0;0;0;0;0;0;0;0;0;2;0;0;0;0;0;0;0;0;0;0;0;0;0;0;0;1
59104;Boussois;32;59;0;0;0;0;0;0;0;0;0;0;0;0;0;0;0;0;0;1;0;0;5;0;0;2;1;3;2;2;1;2;6;0;0;3;2;0;3
59105;Bouvignies;32;59;0;0;0;0;0;0;0;0;0;0;0;0;0;0;0;0;1;0;0;0;0;0;0;0;1;2;1;5;1;0;2;0;0;0;0;1;2
59106;Bouvines;32;59;0;0;0;0;0;0;0;0;0;0;0;0;0;0;0;0;0;0;0;0;1;1;0;0;0;0;0;2;0;0;0;0;0;4;0;0;0
59107;Bray-Dunes;32;59;0;0;0;0;0;0;0;0;0;0;0;0;0;0;0;4;1;1;0;0;3;0;0;2;2;2;2;4;2;0;7;1;0;48;8;0;2
59108;Briastre;32;59;0;0;0;0;0;0;0;0;0;0;0;0;0;0;0;0;0;0;0;0;0;0;0;0;1;1;1;1;0;0;1;0;0;0;0;0;2
59109;Brillon;32;59;0;0;0;0;0;0;0;0;0;0;0;0;0;0;0;0;0;0;0;0;1;0;0;0;1;1;2;1;1;0;1;0;0;1;0;0;0
59110;Brouckerque;32;59;0;0;0;0;0;0;0;0;0;0;0;0;0;0;0;0;0;0;0;0;1;0;0;1;1;1;1;0;1;1;2;0;0;2;0;0;0
59111;Broxeele;32;59;0;0;0;0;0;0;0;0;0;0;0;0;0;0;0;0;0;0;0;0;0;0;0;0;0;0;0;0;0;0;0;0;0;1;0;0;0
59112;Bruay-sur-l'Escaut;32;59;0;0;0;0;0;0;0;0;0;0;0;0;0;0;0;2;1;1;0;1;14;0;0;2;10;5;11;18;10;10;16;0;0;9;4;1;6
59113;Bruille-lez-Marchiennes;32;59;0;0;0;0;0;0;0;0;0;0;0;0;0;0;0;0;0;0;0;1;0;0;0;0;2;4;1;3;2;0;1;0;0;0;0;0;0
59114;Bruille-Saint-Amand;32;59;0;0;0;0;0;0;0;0;0;0;0;0;0;0;0;0;0;0;0;0;2;0;0;1;3;3;2;3;1;3;1;0;0;4;1;0;2
59115;Brunémont;32;59;0;0;0;0;0;0;0;0;0;0;0;0;0;0;0;0;0;0;0;0;1;0;0;0;0;0;1;1;0;0;0;0;0;1;0;0;0
59116;Bry;32;59;0;0;0;0;0;0;0;0;0;0;0;0;0;0;0;0;0;0;0;0;0;0;0;0;1;0;0;1;0;0;0;0;0;0;0;0;0
59117;Bugnicourt;32;59;0;0;0;0;0;0;0;0;0;0;0;0;0;0;0;0;0;0;0;0;0;1;0;0;1;0;0;1;0;1;1;0;0;1;0;0;0
59118;Busigny;32;59;0;1;0;0;0;0;0;0;0;0;0;0;0;0;0;0;0;1;0;0;7;0;0;0;3;1;3;8;0;2;3;0;0;1;0;0;0
59119;Buysscheure;32;59;0;0;0;0;0;0;0;0;0;0;0;0;0;0;0;0;1;0;0;0;1;0;0;0;0;0;2;1;1;1;0;0;0;1;0;0;0
59120;Caëstre;32;59;0;0;0;0;0;0;0;0;0;0;0;0;0;0;0;0;0;0;0;1;6;0;0;1;5;4;5;2;3;3;3;0;0;4;0;0;0
59121;Cagnoncles;32;59;0;0;0;0;0;0;0;0;0;0;0;0;0;0;0;0;0;0;0;0;0;0;0;0;2;1;0;1;2;1;0;0;0;0;0;0;0
59122;Cambrai;32;59;1;0;0;1;1;1;0;0;0;6;0;1;0;0;0;15;7;2;0;0;43;4;7;16;29;24;44;43;28;20;72;4;9;134;34;7;27
59123;Camphin-en-Carembault;32;59;0;0;0;0;0;0;0;0;0;0;0;0;0;0;0;0;0;0;0;1;1;0;0;0;1;0;1;3;5;0;1;0;0;3;0;0;0
59124;Camphin-en-Pévèle;32;59;0;0;0;0;0;0;0;0;0;0;0;0;0;0;0;0;0;0;0;0;0;0;0;0;1;1;2;4;1;1;2;3;0;1;1;0;2
59125;Cantaing-sur-Escaut;32;59;0;0;0;0;0;0;0;0;0;0;0;0;0;0;0;0;0;0;0;0;0;0;0;0;0;0;1;0;1;0;0;0;0;0;0;0;0
59126;Cantin;32;59;0;0;0;0;0;0;0;0;0;0;0;0;0;0;0;0;1;1;0;0;1;0;0;0;0;2;3;0;1;1;1;0;0;1;0;0;0
59127;Capelle;32;59;0;0;0;0;0;0;0;0;0;0;0;0;0;0;0;0;0;0;0;0;0;0;0;0;0;1;0;1;0;0;0;1;0;0;0;0;0
59128;Capinghem;32;59;0;0;0;0;0;0;0;0;0;0;0;0;1;0;0;0;0;0;0;0;2;0;0;0;1;4;3;2;2;2;2;0;0;6;3;0;1
59129;Cappelle-en-Pévèle;32;59;0;0;0;0;0;0;0;0;0;0;0;0;0;0;0;0;0;0;0;1;1;0;0;0;2;3;2;4;1;1;4;1;0;1;1;0;2
59130;Cappelle-Brouck;32;59;0;0;0;0;0;0;0;0;0;0;0;0;0;0;0;0;0;0;0;0;1;0;0;0;0;0;4;1;0;0;1;0;0;2;1;0;1
59131;Cappelle-la-Grande;32;59;0;0;0;0;0;0;0;0;0;0;0;0;0;0;0;1;1;1;0;0;5;0;0;2;4;2;3;6;1;0;9;1;0;6;0;1;3
59132;Carnières;32;59;0;1;0;0;0;0;0;0;0;0;0;0;0;0;0;0;0;1;0;0;3;0;0;0;1;2;0;0;4;1;2;0;0;1;0;0;0
59133;Carnin;32;59;0;0;0;0;0;0;0;0;0;0;0;0;0;0;0;0;0;0;0;0;1;0;0;0;1;3;2;3;2;0;2;0;0;0;0;0;1
59134;Cartignies;32;59;0;0;0;0;0;0;0;0;0;0;0;0;0;0;0;0;0;0;1;0;1;0;0;0;5;0;1;1;0;0;3;0;0;1;0;0;0
59135;Cassel;32;59;0;1;0;0;0;0;0;0;0;1;0;0;0;0;0;5;0;1;0;0;1;0;0;1;2;2;1;2;4;1;1;0;0;18;1;0;0
59136;Le Cateau-Cambrésis;32;59;0;1;0;0;0;0;0;0;0;1;0;1;0;0;0;6;2;1;0;0;10;2;0;5;8;2;6;5;4;2;7;5;0;24;6;2;1
59137;Catillon-sur-Sambre;32;59;0;0;0;0;0;0;0;0;0;0;0;0;0;0;0;0;0;1;0;0;0;0;0;0;0;0;2;2;0;0;0;0;0;2;0;0;0
59138;Cattenières;32;59;0;0;0;0;0;0;0;0;0;0;0;0;0;0;0;0;0;0;0;0;1;0;0;0;0;0;0;0;0;0;1;1;0;0;0;0;0
59139;Caudry;32;59;0;1;0;0;0;0;0;0;0;1;0;1;0;0;0;11;1;1;0;0;17;3;1;6;8;12;9;20;15;2;23;3;5;38;12;4;12
59140;Caullery;32;59;0;0;0;0;0;0;0;0;0;0;0;0;0;0;0;0;0;0;0;0;0;0;0;0;0;0;1;1;1;3;0;0;0;0;1;0;0
59141;Cauroir;32;59;0;0;0;0;0;0;0;0;0;0;0;0;0;0;0;0;0;0;0;0;0;0;0;0;1;0;0;0;1;1;0;0;0;0;0;0;0
59142;Cerfontaine;32;59;0;0;0;0;0;0;0;0;0;0;0;0;0;0;0;0;0;0;0;0;1;0;0;0;0;0;2;1;0;0;1;1;0;0;0;0;1
59143;La Chapelle-d'Armentières;32;59;0;0;0;0;0;0;0;0;0;0;0;0;0;0;0;4;2;1;0;0;10;0;0;2;6;9;13;12;4;5;8;0;1;10;6;0;4
59144;Château-l'Abbaye;32;59;0;0;0;0;0;0;0;0;0;0;0;0;0;0;0;0;0;0;0;0;0;0;0;0;2;0;1;4;1;0;0;0;0;0;0;0;0
59145;Chemy;32;59;0;0;0;0;0;0;0;0;0;0;0;0;0;0;0;0;0;0;0;0;1;0;0;0;1;0;0;0;1;0;1;0;0;0;2;0;1
59146;Chéreng;32;59;0;0;0;0;0;0;0;0;0;0;0;0;0;0;0;0;0;1;0;0;4;0;0;0;2;3;4;2;0;1;2;0;0;3;2;0;1
59147;Choisies;32;59;0;0;0;0;0;0;0;0;0;0;0;0;0;0;0;0;0;0;0;0;0;0;0;0;0;0;0;0;0;0;0;0;0;0;0;0;0
59148;Clairfayts;32;59;0;0;0;0;0;0;0;0;0;0;0;0;0;0;0;0;0;0;0;0;0;0;0;0;0;0;1;1;0;0;0;0;0;0;0;0;0
59149;Clary;32;59;0;1;0;0;0;0;0;0;0;1;0;0;0;0;0;0;0;0;0;1;4;0;0;0;2;0;1;5;1;0;2;0;0;0;0;0;0
59150;Cobrieux;32;59;0;0;0;0;0;0;0;0;0;0;0;0;0;0;0;0;0;0;0;0;0;0;0;0;1;3;1;0;1;0;0;0;0;0;0;0;1
59151;Colleret;32;59;0;0;0;0;0;0;0;0;0;0;0;0;0;0;0;0;0;1;0;0;2;0;0;0;1;0;1;2;0;0;4;4;0;1;0;0;2
59152;Comines;32;59;1;0;0;0;0;0;0;0;0;0;0;0;0;0;0;8;3;1;0;0;11;2;1;2;12;14;13;22;8;5;18;3;2;19;4;0;8
59153;Condé-sur-l'Escaut;32;59;1;0;0;0;0;0;0;0;0;1;0;1;0;0;0;6;1;1;0;1;10;1;0;3;6;4;1;7;5;15;10;2;0;33;7;2;5
59155;Coudekerque-Branche;32;59;1;0;0;0;0;0;0;0;0;1;0;1;0;0;0;8;6;1;0;0;24;3;0;5;9;15;12;20;10;7;25;1;2;27;7;4;13
59156;Courchelettes;32;59;0;0;0;0;0;0;0;0;0;0;0;0;0;0;0;1;0;0;0;0;1;0;0;1;0;0;2;2;1;0;3;0;0;2;1;0;2
59157;Cousolre;32;59;0;1;0;0;0;0;0;0;0;0;0;0;0;0;0;1;1;1;0;0;4;0;0;1;5;3;2;5;0;0;3;0;0;7;0;0;2
59158;Coutiches;32;59;0;0;0;0;0;0;0;0;0;0;0;0;0;0;0;0;0;1;0;0;2;1;0;0;2;1;7;6;4;2;3;0;0;2;1;0;3
59159;Craywick;32;59;0;0;0;0;0;0;0;0;0;0;0;0;0;0;0;0;0;0;0;0;5;1;0;0;0;0;0;0;1;0;0;0;0;2;0;0;1
59160;Crespin;32;59;0;0;0;0;0;0;0;0;0;0;0;0;0;0;0;0;0;1;0;0;4;0;0;1;1;2;2;3;2;1;11;0;0;5;0;0;4
59161;Crèvecoeur-sur-l'Escaut;32;59;0;0;0;0;0;0;0;0;0;0;0;0;0;0;0;0;0;1;0;0;0;0;0;0;2;1;3;1;0;0;0;1;0;1;0;0;0
59162;Crochte;32;59;0;0;0;0;0;0;0;0;0;0;0;0;0;0;0;0;0;0;0;0;1;0;0;0;0;0;0;1;0;0;0;0;0;0;0;0;1
59163;Croix;32;59;1;0;0;0;0;0;0;0;0;0;0;0;0;0;0;14;4;1;0;0;8;2;0;7;7;20;10;28;14;12;22;4;4;45;24;3;20
59164;Croix-Caluyau;32;59;0;0;0;0;0;0;0;0;0;0;0;0;0;0;0;0;0;0;0;0;0;0;0;0;0;0;0;0;0;0;0;0;0;1;0;0;0
59165;Cuincy;32;59;0;0;0;0;0;0;0;0;0;1;0;0;0;0;0;1;2;1;0;0;12;1;0;1;1;7;4;12;11;1;8;2;1;8;3;0;6
59166;Curgies;32;59;0;0;0;0;0;0;0;0;0;0;0;0;0;0;0;0;0;1;0;0;0;0;0;0;1;2;2;2;2;0;1;0;0;0;1;0;1
59167;Cuvillers;32;59;0;0;0;0;0;0;0;0;0;0;0;0;0;0;0;0;0;0;0;0;1;0;0;0;0;0;0;0;0;0;0;0;0;0;0;0;0
59168;Cysoing;32;59;0;1;0;0;0;0;0;0;0;0;0;0;0;0;0;8;1;1;0;0;3;0;0;2;1;4;4;5;4;2;11;4;0;13;9;2;2
59169;Damousies;32;59;0;0;0;0;0;0;0;0;0;0;0;0;0;0;0;0;0;0;0;0;0;0;0;0;0;1;0;0;0;0;0;0;0;0;0;0;0
59170;Dechy;32;59;0;0;0;0;0;0;0;0;0;0;0;0;0;0;0;0;1;1;0;0;9;1;0;2;2;4;2;6;4;1;3;0;0;6;2;1;0
59171;Dehéries;32;59;0;0;0;0;0;0;0;0;0;0;0;0;0;0;0;0;0;0;0;0;0;0;0;0;0;0;0;0;0;0;0;0;0;0;0;0;0
59172;Denain;32;59;1;0;0;0;0;0;0;0;0;2;0;1;0;1;0;10;6;1;0;0;13;3;0;5;20;28;14;24;11;11;32;2;1;49;7;2;7
59173;Deûlémont;32;59;0;0;0;0;0;0;0;0;0;0;0;0;0;0;0;0;0;0;0;0;1;0;0;0;2;2;2;1;3;0;4;0;0;4;0;0;0
59174;Dimechaux;32;59;0;0;0;0;0;0;0;0;0;0;0;0;0;0;0;0;0;0;0;0;0;0;0;0;0;0;0;0;0;0;1;0;0;1;0;0;0
59175;Dimont;32;59;0;0;0;0;0;0;0;0;0;0;0;0;0;0;0;0;0;0;0;0;0;0;0;0;0;0;1;1;0;0;1;0;0;0;0;0;1
59176;Doignies;32;59;0;0;0;0;0;0;0;0;0;0;0;0;0;0;0;0;0;0;0;0;0;0;0;0;0;0;0;0;0;0;1;0;0;1;0;0;2
59177;Dompierre-sur-Helpe;32;59;0;0;0;0;0;0;0;0;0;0;0;0;0;0;0;0;1;1;0;0;2;0;1;0;2;0;1;2;0;0;1;0;0;1;0;0;0
59178;Douai;32;59;2;1;1;1;1;1;1;1;0;6;0;1;0;0;0;23;9;3;1;0;31;3;10;19;14;26;31;29;25;19;55;3;18;135;37;8;21
59179;Douchy-les-Mines;32;59;1;0;0;0;0;0;0;0;0;1;0;0;0;0;0;1;2;1;0;0;11;1;0;2;5;11;6;10;3;5;9;1;0;10;0;0;9
59180;Le Doulieu;32;59;0;0;0;0;0;0;0;0;0;0;0;0;0;0;0;0;0;0;0;0;0;0;0;0;3;1;1;3;2;3;1;1;0;1;1;0;1
59181;Dourlers;32;59;0;0;0;0;0;0;0;0;0;0;0;0;0;0;0;0;0;0;1;0;0;0;0;0;3;0;2;3;2;0;0;0;0;3;0;0;0
59182;Drincham;32;59;0;0;0;0;0;0;0;0;0;0;0;0;0;0;0;0;0;0;0;0;1;0;0;0;0;0;2;1;0;0;1;0;0;0;0;0;0
59183;Dunkerque;32;59;3;0;0;1;1;1;1;1;0;10;0;1;0;1;0;44;9;8;0;0;53;5;13;30;27;65;34;62;44;36;137;10;35;308;60;11;61
59184;Ebblinghem;32;59;0;0;0;0;0;0;0;0;0;0;0;0;0;0;0;0;0;0;0;0;0;0;0;0;0;0;0;0;0;0;0;0;0;2;0;0;0
59185;Écaillon;32;59;0;0;0;0;0;0;0;0;0;0;0;0;0;0;0;0;0;0;0;0;0;0;0;0;0;2;0;0;0;0;1;0;0;3;1;0;0
59186;Eccles;32;59;0;0;0;0;0;0;0;0;0;0;0;0;0;0;0;0;0;0;0;0;0;0;0;0;0;0;0;1;0;0;0;0;0;0;0;0;0
59187;Éclaibes;32;59;0;0;0;0;0;0;0;0;0;0;0;0;0;0;0;0;0;0;0;0;0;0;0;0;0;1;0;0;0;0;0;0;0;1;1;0;0
59188;Écuélin;32;59;0;0;0;0;0;0;0;0;0;0;0;0;0;0;0;0;0;0;0;0;0;0;0;0;0;0;0;1;0;0;0;0;0;0;0;0;1
59189;Eecke;32;59;0;0;0;0;0;0;0;0;0;0;0;0;0;0;0;0;1;0;0;0;0;0;0;0;1;2;1;0;1;1;1;1;0;2;0;0;0
59190;Élesmes;32;59;0;0;0;0;0;0;0;0;0;0;0;0;0;0;0;0;0;0;0;0;0;0;0;0;0;0;1;2;0;0;1;0;0;1;0;0;0
59191;Élincourt;32;59;0;0;0;0;0;0;0;0;0;0;0;0;0;0;0;0;1;0;0;1;0;0;0;0;0;0;1;2;0;1;1;0;0;0;0;0;0
59192;Émerchicourt;32;59;0;0;0;0;0;0;0;0;0;0;0;0;0;0;0;0;0;0;0;0;1;0;0;0;2;0;1;1;1;0;1;0;0;1;0;0;0
59193;Emmerin;32;59;0;0;0;0;0;0;0;0;0;0;0;0;0;0;0;1;0;0;0;1;3;0;0;0;3;2;5;8;3;1;3;0;0;3;2;0;1
59194;Englefontaine;32;59;0;0;0;0;0;0;0;0;0;0;0;0;0;0;0;0;0;0;0;1;3;0;0;0;4;0;1;2;1;0;0;0;0;2;1;0;1
59195;Englos;32;59;0;0;0;0;0;0;0;0;0;0;0;0;0;0;0;1;0;0;0;0;3;0;0;0;1;0;0;2;1;1;2;0;0;5;2;0;2
59196;Ennetières-en-Weppes;32;59;0;0;0;0;0;0;0;0;0;0;0;0;0;0;0;2;0;0;0;0;2;0;0;0;1;1;1;4;0;1;0;0;0;8;1;0;1
59197;Ennevelin;32;59;0;0;0;0;0;0;0;0;0;0;0;0;0;0;0;0;0;0;0;0;2;0;0;0;2;4;5;11;3;2;1;0;0;2;0;0;1
59198;Eppe-Sauvage;32;59;0;0;0;0;0;0;0;0;0;0;0;0;0;0;0;0;0;0;0;0;1;0;0;0;0;0;0;0;1;0;0;0;0;4;0;0;0
59199;Erchin;32;59;0;0;0;0;0;0;0;0;0;0;0;0;0;0;0;0;0;0;0;0;1;0;0;0;0;1;1;2;1;1;3;0;0;1;0;0;0
59200;Eringhem;32;59;0;0;0;0;0;0;0;0;0;0;0;0;0;0;0;0;0;0;0;0;1;0;0;1;0;0;0;1;0;0;2;0;0;0;0;0;2
59201;Erquinghem-le-Sec;32;59;0;0;0;0;0;0;0;0;0;0;0;0;0;0;0;0;0;0;0;0;1;0;0;0;0;1;0;0;0;1;1;0;0;1;3;0;0
59202;Erquinghem-Lys;32;59;0;0;0;0;0;0;0;0;0;0;0;0;0;0;0;0;2;1;0;0;5;0;0;1;5;5;3;11;3;4;9;0;0;9;1;0;2
59203;Erre;32;59;0;0;0;0;0;0;0;0;0;0;0;0;0;0;0;0;0;0;0;1;1;0;0;0;0;1;0;0;1;2;1;0;0;2;0;0;1
59204;Escarmain;32;59;0;0;0;0;0;0;0;0;0;0;0;0;0;0;0;0;0;0;0;0;0;0;0;0;0;0;0;1;1;1;1;0;0;0;1;0;0
59205;Escaudain;32;59;1;0;0;0;0;0;0;0;0;0;0;0;0;0;0;1;3;1;0;0;9;0;1;1;9;10;4;9;5;5;9;0;0;6;1;1;4
59206;Escaudoeuvres;32;59;0;0;0;0;0;0;0;0;0;0;0;0;0;0;0;3;0;1;0;0;3;0;0;1;2;1;3;4;2;1;3;0;0;4;0;0;2
59207;Escautpont;32;59;0;0;0;0;0;0;0;0;0;0;0;0;0;0;0;0;1;1;0;0;3;0;0;1;1;0;1;2;5;1;4;0;0;3;2;0;2
59208;Escobecques;32;59;0;0;0;0;0;0;0;0;0;0;0;0;0;0;0;0;0;0;0;0;0;0;0;0;1;1;0;0;0;0;0;0;0;0;0;0;0
59209;Esnes;32;59;0;0;0;0;0;0;0;0;0;0;0;0;0;0;0;0;0;0;1;0;1;0;0;0;0;0;1;0;0;0;1;0;0;0;0;0;2
59210;Esquelbecq;32;59;0;0;0;0;0;0;0;0;0;0;0;0;0;0;0;0;1;1;0;0;3;0;0;0;3;1;1;5;3;0;3;0;0;7;0;0;0
59211;Esquerchin;32;59;0;0;0;0;0;0;0;0;0;0;0;0;0;0;0;0;0;0;0;0;2;0;0;0;1;0;0;0;1;0;3;0;0;1;0;0;0
59212;Estaires;32;59;0;1;0;0;0;0;0;0;0;0;0;0;0;0;0;8;3;1;0;0;9;1;0;2;4;8;5;6;5;6;9;1;0;10;4;0;7
59213;Estourmel;32;59;0;0;0;0;0;0;0;0;0;0;0;0;0;0;0;0;0;0;0;0;0;0;1;0;0;0;0;2;0;0;0;0;0;1;0;0;0
59214;Estrées;32;59;0;0;0;0;0;0;0;0;0;0;0;0;0;0;0;0;0;0;0;0;1;0;0;0;0;1;0;1;3;0;1;0;0;0;0;0;0
59215;Estreux;32;59;0;0;0;0;0;0;0;0;0;0;0;0;0;0;0;0;0;0;0;0;1;0;0;0;0;1;0;1;4;0;1;0;0;1;0;0;0
59216;Eswars;32;59;0;0;0;0;0;0;0;0;0;0;0;0;0;0;0;0;0;0;0;0;0;0;0;0;0;0;2;0;0;0;0;0;0;0;0;0;0
59217;Eth;32;59;0;0;0;0;0;0;0;0;0;0;0;0;0;0;0;0;0;0;0;0;0;0;0;0;0;0;0;1;0;0;0;0;0;0;0;0;1
59218;Étroeungt;32;59;0;0;0;0;0;0;0;0;0;0;0;0;0;0;0;0;0;0;0;1;2;0;0;0;5;0;2;3;0;1;2;1;0;0;0;0;0
59219;Estrun;32;59;0;0;0;0;0;0;0;0;0;0;0;0;0;0;0;0;0;0;0;0;1;0;0;0;2;0;1;1;1;1;0;0;0;0;1;0;1
59220;Faches-Thumesnil;32;59;1;0;0;0;0;0;0;0;0;0;0;0;0;0;0;4;4;1;0;0;15;0;0;3;11;18;17;26;12;6;23;1;0;32;11;1;11
59221;Famars;32;59;0;0;0;0;0;0;0;0;0;0;0;0;0;0;0;0;0;0;0;0;1;0;0;0;1;1;0;0;0;2;2;0;0;4;0;0;2
59222;Faumont;32;59;0;0;0;0;0;0;0;0;0;0;0;0;0;0;0;0;0;0;0;1;2;0;0;0;2;4;1;2;4;1;1;0;0;4;0;0;1
59223;Le Favril;32;59;0;0;0;0;0;0;0;0;0;0;0;0;0;0;0;0;0;0;0;0;0;0;0;0;1;0;1;1;1;2;0;0;0;0;0;0;1
59224;Féchain;32;59;0;0;0;0;0;0;0;0;0;0;0;0;0;0;0;0;0;1;0;0;1;0;0;0;1;1;3;4;0;0;3;0;0;4;0;0;0
59225;Feignies;32;59;0;0;0;0;0;0;0;0;0;0;0;0;0;0;0;2;1;1;0;0;11;1;0;3;5;2;3;11;3;3;8;3;0;9;2;1;2
59226;Felleries;32;59;0;0;0;0;0;0;0;0;0;0;0;0;0;0;0;0;1;0;1;0;0;0;0;0;1;1;1;1;0;0;1;0;0;2;0;0;2
59227;Fenain;32;59;0;0;0;0;0;0;0;0;0;0;0;0;0;0;0;1;0;1;0;0;4;0;0;2;1;6;4;9;8;0;8;1;0;3;0;0;2
59228;Férin;32;59;0;0;0;0;0;0;0;0;0;0;0;0;0;0;0;0;1;0;0;0;3;0;0;1;1;1;0;0;0;1;2;0;0;3;1;0;1
59229;Féron;32;59;0;0;0;0;0;0;0;0;0;0;0;0;0;0;0;0;0;0;0;0;0;0;0;0;1;0;0;0;0;1;0;0;0;1;0;0;0
59230;Ferrière-la-Grande;32;59;0;0;0;0;0;0;0;0;0;0;0;0;0;0;0;2;0;1;0;0;8;0;0;2;4;2;5;6;3;2;5;0;0;5;0;0;5
59231;Ferrière-la-Petite;32;59;0;0;0;0;0;0;0;0;0;0;0;0;0;0;0;0;0;0;0;1;0;0;1;0;1;0;0;0;2;0;1;0;0;1;0;0;0
59232;La Flamengrie;32;59;0;0;0;0;0;0;0;0;0;0;0;0;0;0;0;0;0;0;0;0;0;0;0;0;0;1;0;0;0;0;0;0;0;2;1;0;0
59233;Flaumont-Waudrechies;32;59;0;0;0;0;0;0;0;0;0;0;0;0;0;0;0;0;0;0;0;0;0;0;0;0;2;0;1;1;0;0;0;0;0;0;0;0;0
59234;Flers-en-Escrebieux;32;59;0;0;0;0;0;0;0;0;0;0;0;0;0;0;0;1;2;1;0;1;2;1;1;2;6;9;10;8;7;9;14;0;0;14;1;1;1
59236;Flesquières;32;59;0;0;0;0;0;0;0;0;0;0;0;0;0;0;0;0;0;0;0;0;0;0;0;0;0;1;1;1;0;0;0;0;0;0;0;0;0
59237;Flêtre;32;59;0;0;0;0;0;0;0;0;0;0;0;0;0;0;0;0;0;0;0;0;2;0;0;0;1;1;1;0;1;0;0;0;0;1;0;0;0
59238;Flines-lès-Mortagne;32;59;0;0;0;0;0;0;0;0;0;0;0;0;0;0;0;0;0;0;0;0;0;0;0;0;1;0;2;3;1;2;0;1;0;4;1;0;0
59239;Flines-lez-Raches;32;59;0;0;0;0;0;0;0;0;0;0;0;0;0;0;0;3;1;1;0;0;2;1;0;2;6;7;3;10;0;4;9;1;0;6;1;0;3
59240;Floursies;32;59;0;0;0;0;0;0;0;0;0;0;0;0;0;0;0;0;0;0;0;0;0;0;0;0;0;0;0;0;0;0;0;0;0;0;0;0;0
59241;Floyon;32;59;0;0;0;0;0;0;0;0;0;0;0;0;0;0;0;0;0;0;0;0;0;0;0;0;2;0;0;0;2;0;1;0;0;1;0;0;0
59242;Fontaine-au-Bois;32;59;0;0;0;0;0;0;0;0;0;0;0;0;0;0;0;0;0;0;0;0;1;0;0;0;1;0;0;2;0;0;0;0;0;0;0;0;0
59243;Fontaine-au-Pire;32;59;0;0;0;0;0;0;0;0;0;0;0;0;0;0;0;0;0;0;1;0;0;0;0;0;4;1;5;1;1;2;2;0;0;1;1;1;0
59244;Fontaine-Notre-Dame;32;59;0;0;0;0;0;0;0;0;0;0;0;0;0;0;0;0;0;0;0;0;4;1;0;2;3;1;6;3;1;0;1;0;0;6;0;1;0
59246;Forest-en-Cambrésis;32;59;0;0;0;0;0;0;0;0;0;0;0;0;0;0;0;0;0;0;0;0;1;0;0;0;1;0;0;0;0;0;0;0;0;1;0;0;0
59247;Forest-sur-Marque;32;59;0;0;0;0;0;0;0;0;0;0;0;0;0;0;0;0;0;0;0;0;0;0;0;0;0;2;2;1;2;0;1;0;0;5;0;0;0
59249;Fourmies;32;59;1;1;0;0;0;0;0;0;0;1;0;2;0;0;0;9;2;1;0;0;15;2;0;5;15;7;8;11;8;1;18;2;2;24;4;1;9
59250;Fournes-en-Weppes;32;59;0;0;0;0;0;0;0;0;0;1;0;0;0;0;0;2;0;1;0;0;3;0;0;1;1;2;1;0;2;1;3;0;0;4;6;1;2
59251;Frasnoy;32;59;0;0;0;0;0;0;0;0;0;0;0;0;0;0;0;0;0;0;0;0;0;0;0;0;1;0;4;1;0;0;0;0;0;0;0;0;0
59252;Frelinghien;32;59;0;0;0;0;0;0;0;0;0;0;0;0;0;0;0;0;0;1;0;0;3;0;0;0;2;2;7;4;2;0;7;0;0;2;0;0;3
59253;Fresnes-sur-Escaut;32;59;1;0;0;0;0;0;0;0;0;0;0;0;0;0;0;2;3;1;0;0;9;1;0;2;11;3;4;5;3;0;16;0;0;13;1;0;5
59254;Fressain;32;59;0;0;0;0;0;0;0;0;0;0;0;0;0;0;0;0;0;0;0;0;0;0;0;0;1;1;0;2;2;0;1;0;0;1;1;0;0
59255;Fressies;32;59;0;0;0;0;0;0;0;0;0;0;0;0;0;0;0;0;0;0;0;0;0;0;0;0;1;0;0;0;0;0;1;0;0;1;0;0;0
59256;Fretin;32;59;0;0;0;0;0;0;0;0;0;0;0;0;0;0;0;1;0;1;0;0;5;0;0;1;2;0;3;11;8;2;3;0;0;6;3;1;4
59257;Fromelles;32;59;0;0;0;0;0;0;0;0;0;0;0;0;0;0;0;0;0;0;0;0;1;0;0;0;2;3;2;1;1;0;0;0;0;0;0;0;0
59258;Genech;32;59;0;0;0;0;0;0;0;0;0;0;0;0;0;0;0;0;0;0;1;0;2;0;0;0;1;1;2;5;0;0;3;1;0;4;4;0;2
59259;Ghissignies;32;59;0;0;0;0;0;0;0;0;0;0;0;0;0;0;0;0;0;0;0;0;0;0;0;0;1;0;1;0;1;0;0;0;0;0;0;0;0
59260;Ghyvelde;32;59;0;1;0;0;0;0;0;0;0;0;0;0;0;0;0;0;0;1;0;0;4;1;0;0;2;9;5;4;2;0;2;1;0;7;0;0;2
59261;Glageon;32;59;0;0;0;0;0;0;0;0;0;0;0;0;0;0;0;0;0;0;0;1;3;0;0;0;3;1;1;3;2;0;1;0;0;6;0;0;1
59262;Godewaersvelde;32;59;0;0;0;0;0;0;0;0;0;0;0;0;0;0;0;0;0;0;1;0;3;0;0;0;2;2;3;0;2;2;1;0;0;10;1;0;2
59263;Goeulzin;32;59;0;0;0;0;0;0;0;0;0;0;0;0;0;0;0;0;0;0;0;0;0;0;0;0;0;1;0;1;2;0;0;0;0;0;1;0;0
59264;Gognies-Chaussée;32;59;0;0;0;0;0;0;0;0;0;0;0;0;0;0;0;0;0;0;0;0;0;0;0;0;1;0;0;0;1;0;2;0;0;4;1;0;0
59265;Gommegnies;32;59;0;0;0;0;0;0;0;0;0;0;0;0;0;0;0;0;0;1;0;0;3;0;0;1;6;2;4;5;0;2;3;0;0;4;0;0;2
59266;Gondecourt;32;59;0;0;0;0;0;0;0;0;0;0;0;0;0;0;0;1;1;1;0;0;5;0;0;0;1;4;5;10;2;2;6;0;0;5;2;0;3
59267;Gonnelieu;32;59;0;0;0;0;0;0;0;0;0;0;0;0;0;0;0;0;0;0;0;0;0;0;0;0;0;0;0;1;0;0;0;0;0;0;0;0;0
59268;La Gorgue;32;59;0;0;0;0;0;0;0;0;0;0;0;0;0;0;0;0;1;1;0;0;14;1;0;2;3;6;5;13;3;5;11;0;0;8;3;0;2
59269;Gouzeaucourt;32;59;0;0;0;0;0;0;0;0;0;0;0;0;0;0;0;2;0;1;0;0;2;1;0;1;2;2;2;1;1;2;2;0;1;2;0;0;0
59270;Grand-Fayt;32;59;0;0;0;0;0;0;0;0;0;0;0;0;0;0;0;0;0;0;0;0;0;0;0;0;1;0;0;1;0;0;0;0;0;0;0;0;0
59271;Grande-Synthe;32;59;1;0;0;0;0;0;0;0;0;0;0;1;0;0;0;7;2;1;0;0;11;3;1;5;12;11;5;7;6;5;17;2;4;29;0;1;7
59272;Grand-Fort-Philippe;32;59;0;0;0;0;0;0;0;0;0;0;0;0;0;0;0;1;1;1;0;0;1;0;0;1;1;0;1;4;1;3;7;0;0;4;0;0;4
59273;Gravelines;32;59;1;0;0;0;0;0;0;0;0;1;0;1;0;0;0;8;2;1;0;2;10;3;0;5;4;3;5;5;6;2;17;1;1;25;6;5;8
59274;La Groise;32;59;0;0;0;0;0;0;0;0;0;0;0;0;0;0;0;0;0;0;0;0;0;0;0;0;0;0;1;3;2;0;0;0;0;1;0;0;0
59275;Gruson;32;59;0;0;0;0;0;0;0;0;0;0;0;0;0;0;0;0;0;0;0;0;1;0;0;0;0;1;0;1;0;2;1;0;0;1;3;0;0
59276;Guesnain;32;59;0;0;0;0;0;0;0;0;0;0;0;0;1;0;0;0;0;1;0;0;5;0;0;1;1;2;3;5;1;0;3;0;0;4;2;0;3
59277;Gussignies;32;59;0;0;0;0;0;0;0;0;0;0;0;0;0;0;0;0;0;0;0;0;0;0;0;0;1;0;0;0;0;0;0;0;0;1;0;0;1
59278;Hallennes-lez-Haubourdin;32;59;0;1;0;0;0;0;0;0;0;0;0;0;0;0;0;0;2;1;0;0;4;1;0;1;5;3;4;9;2;4;6;1;0;12;1;0;4
59279;Halluin;32;59;1;0;0;0;0;0;0;0;0;1;0;1;0;0;0;8;4;1;0;0;19;1;1;4;10;16;30;23;21;14;27;1;1;44;11;2;12
59280;Hamel;32;59;0;0;0;0;0;0;0;0;0;0;0;0;0;0;0;0;0;0;0;0;0;0;0;0;0;1;0;0;0;0;0;0;0;1;0;0;0
59281;Hantay;32;59;0;0;0;0;0;0;0;0;0;0;0;0;0;0;0;0;0;0;0;0;0;0;0;0;0;2;2;1;0;1;0;0;0;1;0;0;1
59282;Hardifort;32;59;0;0;0;0;0;0;0;0;0;0;0;0;0;0;0;0;0;0;0;0;0;0;0;0;0;0;0;1;0;2;0;0;0;1;0;0;0
59283;Hargnies;32;59;0;0;0;0;0;0;0;0;0;0;0;0;0;0;0;0;0;0;0;0;3;0;0;0;1;0;1;1;0;0;1;0;0;0;1;0;0
59284;Hasnon;32;59;0;0;0;0;0;0;0;0;0;0;0;0;0;0;0;0;2;1;0;0;5;0;0;1;2;13;5;5;4;5;3;0;0;7;0;0;1
59285;Haspres;32;59;0;0;0;0;0;0;0;0;0;0;0;0;0;0;0;0;2;1;0;0;3;0;0;1;4;0;2;5;2;1;5;1;0;4;0;0;0
59286;Haubourdin;32;59;1;1;0;0;0;0;0;0;0;0;0;1;0;0;0;9;3;1;0;0;14;1;2;2;10;24;15;29;11;7;21;2;1;16;8;2;7
59287;Haucourt-en-Cambrésis;32;59;0;0;0;0;0;0;0;0;0;0;0;0;0;0;0;0;0;0;0;0;1;0;0;0;0;0;0;0;1;0;0;0;0;0;0;0;0
59288;Haulchin;32;59;0;0;0;0;0;0;0;0;0;0;0;0;0;0;0;0;1;0;1;0;2;0;0;0;2;3;1;5;1;1;6;0;0;4;0;0;0
59289;Haussy;32;59;0;0;0;0;0;0;0;0;0;0;0;0;0;0;0;0;0;1;0;0;0;0;0;0;1;2;0;1;1;1;1;0;0;0;0;0;0
59290;Haut-Lieu;32;59;0;0;0;0;0;0;0;0;0;0;0;0;0;0;0;0;0;0;0;0;0;0;0;0;0;0;1;0;1;0;0;0;0;0;0;0;0
59291;Hautmont;32;59;1;0;0;0;0;0;0;0;0;1;0;0;0;0;0;5;2;1;0;0;13;2;0;4;6;12;5;18;8;5;16;3;1;31;3;1;8
59292;Haveluy;32;59;0;0;0;0;0;0;0;0;0;0;0;0;0;0;0;0;0;1;0;0;1;2;0;1;3;6;0;6;1;0;3;0;0;2;1;0;1
59293;Haverskerque;32;59;0;0;0;0;0;0;0;0;0;0;0;0;0;0;0;0;0;0;0;0;1;0;0;0;3;1;1;1;0;0;3;0;0;4;0;0;1
59294;Haynecourt;32;59;0;0;0;0;0;0;0;0;0;0;0;0;0;0;0;0;0;0;0;0;0;0;0;0;0;0;0;0;0;0;0;0;0;0;0;0;0
59295;Hazebrouck;32;59;1;1;0;0;1;1;0;0;0;5;0;1;0;0;0;13;1;1;0;0;16;2;0;5;15;28;24;16;11;13;34;6;5;41;14;6;10
59296;Hecq;32;59;0;0;0;0;0;0;0;0;0;0;0;0;0;0;0;0;0;0;0;0;0;0;0;0;0;0;0;0;0;0;1;0;0;0;0;0;0
59297;Hélesmes;32;59;0;0;0;0;0;0;0;0;0;0;0;0;0;0;0;0;0;1;0;0;3;0;0;0;1;4;4;3;2;2;3;0;0;2;0;0;0
59299;Hem;32;59;1;0;0;0;0;0;0;0;0;0;0;1;0;0;0;5;0;1;0;0;18;0;0;5;8;9;13;19;17;9;15;1;0;20;10;1;6
59300;Hem-Lenglet;32;59;0;0;0;0;0;0;0;0;0;0;0;0;0;0;0;0;0;0;0;0;1;0;0;0;0;1;1;0;0;0;0;0;0;0;0;0;0
59301;Hergnies;32;59;0;0;0;0;0;0;0;0;0;0;0;0;0;0;0;0;2;1;0;0;3;0;0;1;4;1;2;1;1;1;10;0;0;4;1;1;1
59302;Hérin;32;59;0;0;0;0;0;0;0;0;0;0;0;0;0;0;0;1;1;1;0;0;2;0;0;2;0;3;2;1;2;1;12;0;0;4;1;1;2
59303;Herlies;32;59;0;0;0;0;0;0;0;0;0;0;0;0;0;0;0;0;0;0;0;0;1;0;0;1;1;1;3;1;2;2;4;1;0;2;3;0;3
59304;Herrin;32;59;0;0;0;0;0;0;0;0;0;0;0;0;0;0;0;0;0;0;0;0;0;0;0;0;0;1;1;0;0;0;0;0;0;1;0;0;0
59305;Herzeele;32;59;0;0;0;0;0;0;0;0;0;0;0;0;0;0;0;0;0;1;0;0;1;0;0;0;2;0;1;3;1;0;4;0;0;3;0;1;1
59306;Hestrud;32;59;0;0;0;0;0;0;0;0;0;0;0;0;0;0;0;0;0;0;0;0;0;0;0;0;0;0;2;0;0;0;0;0;0;1;0;0;0
59307;Holque;32;59;0;0;0;0;0;0;0;0;0;0;0;0;0;0;0;0;0;0;0;0;2;0;0;0;0;0;0;0;0;0;2;0;0;0;0;0;0
59308;Hondeghem;32;59;0;0;0;0;0;0;0;0;0;0;0;0;0;0;0;0;0;0;0;0;2;0;0;0;3;0;3;0;2;0;1;0;0;2;0;0;1
59309;Hondschoote;32;59;0;1;0;0;0;0;0;0;0;1;0;0;0;0;0;2;1;1;0;0;4;0;0;1;1;0;1;1;1;1;5;0;0;3;1;0;3
59310;Hon-Hergies;32;59;0;0;0;0;0;0;0;0;0;0;0;0;0;0;0;0;0;0;0;0;0;0;0;0;1;1;2;0;0;0;0;0;0;3;0;0;1
59311;Honnechy;32;59;0;0;0;0;0;0;0;0;0;0;0;0;0;0;0;0;0;0;0;0;0;0;0;0;0;1;1;0;0;0;0;0;0;0;0;0;0
59312;Honnecourt-sur-Escaut;32;59;0;0;0;0;0;0;0;0;0;0;0;0;0;0;0;0;0;1;0;0;0;0;0;0;0;0;0;0;1;0;1;0;0;0;0;0;0
59313;Hordain;32;59;0;0;0;0;0;0;0;0;0;0;0;0;0;0;0;0;0;0;0;0;4;0;0;0;0;1;1;1;2;1;1;0;0;2;0;0;1
59314;Hornaing;32;59;0;0;0;0;0;0;0;0;0;0;0;0;0;0;0;0;2;1;0;0;4;1;0;0;1;2;1;3;5;2;3;0;0;2;0;0;2
59315;Houdain-lez-Bavay;32;59;0;0;0;0;0;0;0;0;0;0;0;0;0;0;0;0;0;0;0;0;0;0;0;0;2;2;1;0;0;0;1;0;0;1;0;0;0
59316;Houplin-Ancoisne;32;59;0;0;0;0;0;0;0;0;0;0;0;0;0;0;0;0;0;1;0;0;1;0;0;2;5;4;4;3;4;3;3;0;0;1;0;0;2
59317;Houplines;32;59;0;0;0;0;0;0;0;0;0;0;0;0;0;0;0;1;2;1;0;0;9;2;0;1;3;15;7;9;7;4;11;2;0;4;3;1;4
59318;Houtkerque;32;59;0;0;0;0;0;0;0;0;0;0;0;0;0;0;0;0;0;0;0;0;0;0;0;0;1;1;1;1;0;1;1;0;0;0;0;0;0
59319;Hoymille;32;59;0;1;0;0;0;0;0;0;0;0;0;0;0;0;0;0;0;1;0;0;1;0;0;1;2;0;2;3;0;2;1;1;0;2;1;0;0
59320;Illies;32;59;0;0;0;0;0;0;0;0;0;0;0;0;0;0;0;0;0;0;0;1;0;0;0;0;0;3;1;3;1;1;2;0;0;1;1;0;0
59321;Inchy;32;59;0;0;0;0;0;0;0;0;0;0;0;0;0;0;0;0;0;1;0;0;0;0;0;0;1;2;2;0;2;0;1;0;0;2;0;0;1
59322;Iwuy;32;59;0;1;0;0;0;0;0;0;0;0;0;0;0;0;0;1;2;1;0;0;3;0;0;1;0;2;2;2;2;3;8;1;0;5;1;0;2
59323;Jenlain;32;59;0;0;0;0;0;0;0;0;0;0;0;0;0;0;0;0;1;1;0;0;1;0;0;1;1;1;2;3;0;0;0;0;0;2;2;0;0
59324;Jeumont;32;59;1;0;0;0;0;0;0;0;0;1;0;0;0;0;1;6;2;1;0;0;16;1;0;4;7;6;7;5;4;4;14;2;2;10;2;1;5
59325;Jolimetz;32;59;0;0;0;0;0;0;0;0;0;0;0;0;0;0;0;0;0;0;0;0;0;0;0;0;0;0;2;1;1;0;2;0;0;2;0;0;0
59326;Killem;32;59;0;0;0;0;0;0;0;0;0;0;0;0;0;0;0;0;0;0;0;0;0;0;0;0;0;1;3;0;3;0;1;0;0;1;0;0;0
59327;Lallaing;32;59;0;0;0;0;0;0;0;0;0;0;0;0;1;0;0;1;2;1;0;0;6;1;0;2;4;3;3;6;9;3;10;0;0;5;2;0;2
59328;Lambersart;32;59;1;0;0;0;0;0;0;0;0;0;0;0;0;0;0;16;5;3;0;0;11;0;0;8;9;22;10;18;18;10;25;1;0;44;31;6;19
59329;Lambres-lez-Douai;32;59;0;0;0;0;0;0;0;0;0;0;0;0;0;0;0;1;0;1;0;0;4;1;0;1;1;4;2;4;5;1;7;1;0;12;2;0;3
59330;Landas;32;59;0;0;0;0;0;0;0;0;0;0;0;0;0;0;0;0;0;1;0;0;2;0;0;1;1;4;4;5;3;3;3;0;0;2;1;0;0
59331;Landrecies;32;59;0;1;0;0;0;0;0;0;0;1;0;1;0;0;0;3;3;1;0;0;4;1;0;2;1;1;4;8;4;0;7;3;0;10;3;1;5
59332;Lannoy;32;59;1;0;0;0;0;1;0;0;0;0;0;0;0;0;0;6;1;1;0;0;0;0;0;1;2;2;0;1;1;3;7;0;0;5;2;1;3
59333;Larouillies;32;59;0;0;0;0;0;0;0;0;0;0;0;0;0;0;0;0;0;0;0;0;1;0;0;0;0;0;0;1;0;0;0;0;0;0;0;0;0
59334;Lauwin-Planque;32;59;0;0;0;0;0;0;0;0;0;0;0;0;0;0;0;0;1;0;0;0;0;0;0;0;1;3;2;2;1;1;4;0;1;1;0;0;1
59335;Lecelles;32;59;0;0;0;0;0;0;0;0;0;0;0;0;0;0;0;0;0;0;0;1;1;0;0;0;2;0;2;5;6;2;5;0;0;0;3;0;1
59336;Lécluse;32;59;0;0;0;0;0;0;0;0;0;0;0;0;0;0;0;0;0;1;0;0;3;0;0;1;2;2;1;4;2;0;1;0;0;3;0;0;0
59337;Lederzeele;32;59;0;0;0;0;0;0;0;0;0;0;0;0;0;0;0;0;0;0;0;0;1;0;0;0;0;0;0;0;3;0;2;0;0;1;0;0;0
59338;Ledringhem;32;59;0;0;0;0;0;0;0;0;0;0;0;0;0;0;0;0;0;0;0;0;1;0;0;0;1;0;2;0;1;0;1;0;0;2;0;0;0
59339;Leers;32;59;1;0;0;0;0;0;0;0;0;0;0;0;0;0;0;5;3;1;0;0;7;0;0;3;5;12;10;12;7;1;13;1;0;13;4;2;8
59340;Leffrinckoucke;32;59;0;0;0;0;0;0;0;0;0;0;0;0;0;0;0;0;0;1;0;0;5;0;0;0;0;1;0;4;1;1;0;0;0;5;0;0;2
59341;Lesdain;32;59;0;0;0;0;0;0;0;0;0;0;0;0;0;0;0;0;0;0;0;0;0;0;0;0;0;0;1;2;1;0;0;0;0;0;0;0;1
59342;Lez-Fontaine;32;59;0;0;0;0;0;0;0;0;0;0;0;0;0;0;0;0;0;0;0;0;0;0;0;0;0;0;0;1;1;0;0;0;0;1;0;0;0
59343;Lesquin;32;59;1;0;0;0;0;0;0;0;0;0;0;0;0;0;0;4;1;1;0;0;9;2;7;4;1;10;9;13;7;5;10;1;5;25;6;1;4
59344;Leval;32;59;0;0;0;0;0;0;0;0;0;0;0;0;0;0;0;0;0;0;0;0;3;1;0;0;0;0;1;3;2;2;3;0;0;3;0;0;1
59345;Lewarde;32;59;0;0;0;0;0;0;0;0;0;0;0;0;0;0;0;0;0;1;0;0;4;0;0;1;3;1;0;0;0;1;1;0;0;0;0;0;2
59346;Lezennes;32;59;0;0;0;0;0;0;0;0;0;0;0;0;0;0;0;1;2;1;0;0;5;2;0;1;4;4;4;4;3;10;6;0;0;17;4;0;5
59347;Liessies;32;59;0;0;0;0;0;0;0;0;0;0;0;0;0;0;0;0;0;0;0;1;0;0;0;0;2;0;0;0;0;1;0;0;0;4;0;0;1
59348;Lieu-Saint-Amand;32;59;0;0;0;0;0;0;0;0;0;0;0;0;0;0;0;0;0;0;0;0;3;1;0;0;1;1;0;0;1;0;2;1;0;1;0;0;0
59349;Ligny-en-Cambrésis;32;59;0;0;0;0;0;0;0;0;0;0;0;0;0;0;0;0;1;1;0;0;1;0;0;1;1;1;1;3;2;2;5;0;0;1;1;0;0
59350;Lille;32;59;6;0;0;1;1;1;0;1;2;41;0;5;5;0;0;188;25;20;0;0;137;23;40;53;117;289;134;221;140;125;301;21;102;1541;340;44;116
59351;Limont-Fontaine;32;59;0;0;0;0;0;0;0;0;0;0;0;0;0;0;0;0;0;0;0;0;0;0;0;0;0;0;1;2;0;0;4;0;0;0;0;0;1
59352;Linselles;32;59;0;0;0;0;0;0;0;0;0;0;0;0;0;0;0;5;2;1;0;0;8;0;0;1;5;5;8;7;8;3;9;1;0;10;6;0;6
59353;Locquignol;32;59;0;0;0;0;0;0;0;0;0;0;0;0;0;0;0;0;0;0;0;0;0;0;0;0;1;0;0;0;0;1;0;0;0;7;0;0;0
59354;Loffre;32;59;0;0;0;0;0;0;0;0;0;0;0;0;0;0;0;0;0;0;0;0;1;0;0;0;0;1;1;0;0;0;0;0;0;1;0;1;1
59356;Lompret;32;59;0;0;0;0;0;0;0;0;0;0;0;0;0;0;0;0;1;0;0;0;1;0;0;0;0;0;3;3;3;1;0;0;0;2;1;0;1
59357;La Longueville;32;59;0;0;0;0;0;0;0;0;0;0;0;0;0;0;0;0;0;0;0;1;3;0;0;0;3;1;1;5;2;3;2;0;0;1;0;0;1
59358;Looberghe;32;59;0;0;0;0;0;0;0;0;0;0;0;0;0;0;0;0;0;0;0;0;0;0;0;0;0;2;0;2;1;1;3;0;0;1;0;0;0
59359;Loon-Plage;32;59;1;0;0;0;0;0;0;0;0;0;0;0;0;0;0;4;1;1;0;0;4;0;0;1;5;4;0;4;1;3;9;1;0;11;1;1;6
59360;Loos;32;59;1;0;0;0;0;0;0;0;0;1;0;0;0;0;0;8;3;2;0;0;15;0;1;4;9;22;9;18;11;11;21;8;1;50;14;3;6
59361;Lourches;32;59;0;0;0;0;0;0;0;0;0;0;0;0;0;0;0;0;1;1;0;0;3;0;0;2;6;3;3;3;0;4;1;0;0;4;0;0;2
59363;Louvignies-Quesnoy;32;59;0;0;0;0;0;0;0;0;0;0;0;0;0;0;0;0;0;0;0;0;1;0;0;0;3;1;0;1;0;2;0;0;0;4;0;0;0
59364;Louvil;32;59;0;0;0;0;0;0;0;0;0;0;0;0;0;0;0;0;0;0;0;0;0;0;0;0;0;1;0;1;1;0;0;0;0;1;1;0;2
59365;Louvroil;32;59;0;0;0;0;0;0;0;0;0;0;0;0;0;0;0;2;0;1;0;0;9;1;2;2;4;3;2;4;4;2;10;0;0;26;0;1;5
59366;Lynde;32;59;0;0;0;0;0;0;0;0;0;0;0;0;0;0;0;0;0;0;0;0;1;0;0;0;3;1;3;0;0;0;1;0;0;0;0;0;0
59367;Lys-lez-Lannoy;32;59;0;0;0;0;0;0;0;0;0;1;0;0;0;0;0;2;4;1;0;0;13;2;0;3;10;21;16;20;18;8;15;2;0;24;8;2;12
59368;La Madeleine;32;59;1;0;0;0;0;0;0;0;0;1;0;1;0;0;0;21;6;2;0;0;16;1;3;6;3;44;8;30;7;11;25;10;10;57;47;4;14
59369;Maing;32;59;0;0;0;0;0;0;0;0;0;0;0;0;0;0;0;1;0;1;0;0;2;1;0;3;4;1;4;2;0;3;5;0;0;4;0;0;1
59370;Mairieux;32;59;0;0;0;0;0;0;0;0;0;0;0;0;0;0;0;0;0;0;0;0;5;0;1;0;1;0;1;0;1;3;2;0;0;2;0;0;0
59371;Le Maisnil;32;59;0;0;0;0;0;0;0;0;0;0;0;0;0;0;0;0;0;0;0;0;0;0;0;0;1;0;2;0;1;0;0;0;0;2;0;0;0
59372;Malincourt;32;59;0;0;0;0;0;0;0;0;0;0;0;0;0;0;0;0;0;0;0;0;0;0;0;0;0;0;0;0;2;0;0;0;0;0;0;0;0
59374;Marbaix;32;59;0;0;0;0;0;0;0;0;0;0;0;0;0;0;0;0;0;0;0;0;0;0;0;0;0;0;0;0;1;0;2;0;0;1;0;0;0
59375;Marchiennes;32;59;0;0;0;0;0;0;0;0;0;1;0;0;0;0;0;2;1;1;0;0;6;1;0;2;2;6;5;8;2;4;5;1;0;7;2;0;3
59377;Marcoing;32;59;0;1;0;0;0;0;0;0;0;0;0;0;0;0;0;2;0;1;0;0;7;0;0;0;3;2;2;4;1;0;5;1;0;0;1;0;1
59378;Marcq-en-Baroeul;32;59;1;0;0;0;0;0;0;0;0;1;0;0;0;0;0;25;4;4;0;0;23;1;7;5;10;28;17;38;22;11;44;14;4;85;78;8;34
59379;Marcq-en-Ostrevent;32;59;0;0;0;0;0;0;0;0;0;0;0;0;0;0;0;0;0;0;0;0;1;0;0;0;0;0;0;3;0;0;1;0;0;0;0;0;0
59381;Maresches;32;59;0;0;0;0;0;0;0;0;0;0;0;0;0;0;0;0;0;0;0;0;3;0;0;0;0;0;0;4;0;1;1;0;0;0;1;0;0
59382;Maretz;32;59;0;0;0;0;0;0;0;0;0;0;0;0;0;0;0;0;0;1;0;0;2;0;0;1;1;1;1;3;0;2;2;0;0;1;0;0;0
59383;Marly;32;59;0;0;0;0;0;0;0;0;0;1;0;0;0;0;0;3;2;1;0;0;14;1;0;2;6;12;4;17;17;8;18;3;1;20;5;0;6
59384;Maroilles;32;59;0;0;0;0;0;0;0;0;0;0;0;0;0;0;0;0;0;1;0;0;1;0;0;1;3;0;3;1;2;0;5;3;0;5;2;0;1
59385;Marpent;32;59;0;0;0;0;0;0;0;0;0;0;0;0;0;0;0;0;0;1;0;0;3;0;0;3;2;2;1;2;1;1;8;1;1;1;2;0;3
59386;Marquette-lez-Lille;32;59;1;0;0;0;0;0;0;0;0;0;0;0;0;0;0;4;1;1;0;0;8;1;1;2;3;12;11;8;13;5;10;1;0;17;12;1;6
59387;Marquette-en-Ostrevant;32;59;0;0;0;0;0;0;0;0;0;0;0;0;0;0;0;0;1;1;0;0;1;0;0;0;2;0;1;1;0;0;5;0;0;2;2;0;4
59388;Marquillies;32;59;0;0;0;0;0;0;0;0;0;0;0;0;0;0;0;0;0;1;0;0;2;0;0;0;0;1;2;2;3;0;5;0;0;1;1;0;2
59389;Masnières;32;59;0;0;0;0;0;0;0;0;0;1;0;0;0;0;0;0;0;1;0;0;1;0;0;1;1;6;4;3;1;1;4;0;0;5;0;0;3
59390;Masny;32;59;0;0;0;0;0;0;0;0;0;0;0;0;0;0;0;0;1;1;0;0;6;0;0;2;3;5;1;4;4;3;5;0;0;6;0;0;1
59391;Mastaing;32;59;0;0;0;0;0;0;0;0;0;0;0;0;0;0;0;0;0;0;0;0;1;0;0;0;0;1;0;0;0;0;0;0;0;0;0;0;0
59392;Maubeuge;32;59;1;0;0;0;1;0;0;0;0;5;0;2;0;1;0;14;6;3;0;1;38;3;3;15;23;13;9;26;14;15;41;2;14;89;17;2;24
59393;Maulde;32;59;0;0;0;0;0;0;0;0;0;0;0;0;0;0;0;0;0;0;0;0;2;0;0;0;0;1;2;1;2;3;3;0;0;0;0;0;0
59394;Maurois;32;59;0;0;0;0;0;0;0;0;0;0;0;0;0;0;0;0;0;0;1;0;1;0;0;0;1;0;0;0;0;1;0;0;0;0;0;0;0
59395;Mazinghien;32;59;0;0;0;0;0;0;0;0;0;0;0;0;0;0;0;0;0;0;0;0;0;0;0;0;1;0;0;0;0;0;1;0;0;0;0;0;0
59396;Mecquignies;32;59;0;0;0;0;0;0;0;0;0;0;0;0;0;0;0;0;0;0;0;0;1;0;0;0;4;0;3;2;0;0;1;0;0;0;0;0;2
59397;Merckeghem;32;59;0;0;0;0;0;0;0;0;0;0;0;0;0;0;0;0;0;0;0;0;2;0;0;0;1;0;0;0;0;1;2;0;0;0;0;0;0
59398;Mérignies;32;59;0;0;0;0;0;0;0;0;0;0;0;0;0;0;0;0;0;0;0;0;0;0;0;0;0;3;7;4;1;0;6;0;0;2;2;0;2
59399;Merris;32;59;0;0;0;0;0;0;0;0;0;0;0;0;0;0;0;0;0;0;0;0;5;0;0;0;1;3;1;1;1;0;1;0;0;3;1;0;0
59400;Merville;32;59;0;1;0;0;0;0;0;0;0;1;0;1;0;0;0;5;1;1;0;0;11;2;0;7;8;8;11;10;9;5;16;1;0;18;5;2;7
59401;Méteren;32;59;0;0;0;0;0;0;0;0;0;0;0;0;0;0;0;0;0;0;0;1;6;0;0;0;5;3;4;2;5;3;5;0;0;5;1;0;1
59402;Millam;32;59;0;0;0;0;0;0;0;0;0;0;0;0;0;0;0;0;0;0;0;0;0;0;0;0;1;1;0;2;0;0;1;0;0;1;0;1;0
59403;Millonfosse;32;59;0;0;0;0;0;0;0;0;0;0;0;0;0;0;0;0;0;0;0;0;1;0;0;0;1;1;2;3;1;1;0;0;0;0;0;0;1
59405;Moeuvres;32;59;0;0;0;0;0;0;0;0;0;0;0;0;0;0;0;0;0;0;0;0;0;0;0;0;0;3;3;1;0;1;0;0;0;0;0;0;0
59406;Monceau-Saint-Waast;32;59;0;0;0;0;0;0;0;0;0;0;0;0;0;0;0;0;0;0;0;0;1;0;0;0;0;0;0;3;0;0;0;0;0;0;0;0;0
59407;Monchaux-sur-Écaillon;32;59;0;0;0;0;0;0;0;0;0;0;0;0;0;0;0;0;0;0;0;0;0;0;0;0;0;0;0;0;1;0;0;0;0;0;0;0;0
59408;Moncheaux;32;59;0;0;0;0;0;0;0;0;0;0;0;0;0;0;0;0;0;0;1;0;2;0;0;0;2;2;1;5;2;0;5;0;0;1;0;0;1
59409;Monchecourt;32;59;0;0;0;0;0;0;0;0;0;0;0;0;0;0;0;0;0;1;0;0;3;0;0;1;1;1;3;4;0;0;1;0;0;5;0;0;1
59410;Mons-en-Baroeul;32;59;1;0;0;0;0;0;0;0;0;0;0;0;0;0;0;7;4;1;0;0;5;0;0;6;8;14;13;26;10;3;10;1;0;24;9;2;10
59411;Mons-en-Pévèle;32;59;0;0;0;0;0;0;0;0;0;0;0;0;0;0;0;0;0;0;0;1;1;0;0;0;5;1;3;2;2;2;0;1;0;2;2;0;1
59412;Montay;32;59;0;0;0;0;0;0;0;0;0;0;0;0;0;0;0;0;0;0;0;0;0;0;0;0;2;0;0;1;0;1;0;0;0;0;0;0;0
59413;Montigny-en-Cambrésis;32;59;0;0;0;0;0;0;0;0;0;0;0;0;0;0;0;0;0;0;0;0;0;0;0;0;1;1;0;1;0;0;0;0;0;0;0;0;1
59414;Montigny-en-Ostrevent;32;59;0;0;0;0;0;0;0;0;0;0;0;0;0;0;0;1;0;1;0;0;1;1;0;0;4;3;3;1;4;2;4;1;0;4;0;0;1
59415;Montrécourt;32;59;0;0;0;0;0;0;0;0;0;0;0;0;0;0;0;0;0;0;0;0;0;0;0;0;0;1;0;1;0;0;1;0;0;0;0;0;0
59416;Morbecque;32;59;0;0;0;0;0;0;0;0;0;0;0;0;0;0;0;0;0;0;0;1;2;0;0;1;5;4;7;1;1;1;2;0;0;3;1;0;1
59418;Mortagne-du-Nord;32;59;0;1;0;0;0;0;0;0;0;0;0;0;0;0;0;0;1;1;0;0;4;0;0;2;1;3;4;1;0;3;2;0;0;3;2;0;1
59419;Mouchin;32;59;0;0;0;0;0;0;0;0;0;0;0;0;0;0;0;0;1;0;0;0;2;0;0;0;2;3;2;2;1;2;3;0;0;4;0;0;0
59420;Moustier-en-Fagne;32;59;0;0;0;0;0;0;0;0;0;0;0;0;0;0;0;0;0;0;0;0;0;0;0;0;0;0;0;0;0;0;0;0;0;0;0;0;0
59421;Mouvaux;32;59;0;0;0;0;0;0;0;0;0;0;0;0;0;0;0;9;2;1;0;0;7;0;0;3;8;11;10;20;6;4;22;2;0;14;24;3;10
59422;Naves;32;59;0;0;0;0;0;0;0;0;0;0;0;0;0;0;0;0;0;0;0;0;0;0;0;0;0;1;1;1;0;0;0;0;0;1;0;0;0
59423;Neuf-Berquin;32;59;0;0;0;0;0;0;0;0;0;0;0;0;0;0;0;0;0;0;0;0;2;0;0;0;1;1;1;2;0;1;2;0;0;1;0;0;0
59424;Neuf-Mesnil;32;59;0;0;0;0;0;0;0;0;0;0;0;0;0;0;0;0;0;0;0;0;1;0;0;0;1;0;2;4;2;0;3;0;0;3;0;0;3
59425;Neuville-en-Avesnois;32;59;0;0;0;0;0;0;0;0;0;0;0;0;0;0;0;0;0;0;0;0;0;0;0;0;0;0;0;2;0;0;1;0;0;0;0;0;0
59426;Neuville-en-Ferrain;32;59;0;0;0;0;0;0;0;0;0;0;0;0;0;0;0;5;2;1;0;0;11;2;1;2;6;8;8;16;6;4;12;1;0;13;4;1;7
59427;La Neuville;32;59;0;0;0;0;0;0;0;0;0;0;0;0;0;0;0;0;0;0;0;0;0;0;0;0;0;2;2;0;0;2;0;0;0;1;1;0;0
59428;Neuville-Saint-Rémy;32;59;0;0;0;0;0;0;0;0;0;1;0;0;0;0;0;2;2;1;0;0;4;1;0;1;1;1;6;8;3;2;6;0;0;2;1;0;1
59429;Neuville-sur-Escaut;32;59;0;0;0;0;0;0;0;0;0;0;0;0;0;0;0;0;0;1;0;0;2;0;0;1;2;3;0;3;2;1;4;0;0;0;2;0;0
59430;Neuvilly;32;59;0;0;0;0;0;0;0;0;0;0;0;0;0;0;0;0;0;0;0;1;0;0;0;0;1;0;1;3;0;2;2;0;0;4;0;0;0
59431;Nieppe;32;59;0;0;0;0;0;0;0;0;0;0;0;0;0;0;0;4;2;1;0;0;7;1;0;1;1;4;12;14;5;4;10;2;2;13;4;0;2
59432;Niergnies;32;59;0;0;0;0;0;0;0;0;0;0;0;0;0;0;0;0;0;0;0;0;0;0;0;1;0;1;1;1;0;0;0;0;0;0;0;0;1
59433;Nieurlet;32;59;0;0;0;0;0;0;0;0;0;0;0;0;0;0;0;0;0;0;0;0;0;0;0;0;1;0;1;0;0;1;1;1;0;2;0;0;0
59434;Nivelle;32;59;0;0;0;0;0;0;0;0;0;0;0;0;0;0;0;0;3;0;0;0;2;0;0;0;2;0;1;3;2;0;2;0;0;3;0;0;0
59435;Nomain;32;59;0;0;0;0;0;0;0;0;0;0;0;0;0;0;0;0;0;1;0;0;2;0;0;0;5;2;3;2;3;2;2;0;0;2;0;0;1
59436;Noordpeene;32;59;0;0;0;0;0;0;0;0;0;0;0;0;0;0;0;0;0;0;0;0;1;0;0;0;0;2;3;1;0;1;1;0;0;1;0;0;0
59437;Noyelles-lès-Seclin;32;59;0;0;0;0;0;0;0;0;0;0;0;0;0;0;0;1;0;0;0;1;2;0;0;0;1;2;2;1;1;1;0;0;0;2;0;0;0
59438;Noyelles-sur-Escaut;32;59;0;0;0;0;0;0;0;0;0;0;0;0;0;0;0;0;0;0;0;0;0;0;1;0;1;0;1;0;1;0;0;0;0;1;0;0;0
59439;Noyelles-sur-Sambre;32;59;0;0;0;0;0;0;0;0;0;0;0;0;0;0;0;0;0;0;0;0;0;0;0;0;0;0;1;0;0;0;0;0;0;0;0;0;0
59440;Noyelles-sur-Selle;32;59;0;0;0;0;0;0;0;0;0;0;0;0;0;0;0;0;0;0;0;0;0;0;0;0;1;0;0;3;1;0;0;0;0;1;0;0;0
59441;Obies;32;59;0;0;0;0;0;0;0;0;0;0;0;0;0;0;0;0;0;0;0;0;1;0;0;0;1;0;1;2;1;0;1;0;0;0;1;0;1
59442;Obrechies;32;59;0;0;0;0;0;0;0;0;0;0;0;0;0;0;0;0;0;0;0;0;0;0;0;0;0;0;1;0;0;0;0;0;0;0;0;0;1
59443;Ochtezeele;32;59;0;0;0;0;0;0;0;0;0;0;0;0;0;0;0;0;0;0;0;0;0;0;0;0;0;1;0;0;1;0;0;0;0;0;0;0;1
59444;Odomez;32;59;0;0;0;0;0;0;0;0;0;0;0;0;0;0;0;0;0;0;0;0;1;0;0;0;1;0;1;0;1;0;0;0;0;3;1;0;1
59445;Ohain;32;59;0;0;0;0;0;0;0;0;0;0;0;0;0;0;0;0;0;0;0;1;1;0;0;0;3;0;0;4;1;1;3;0;0;1;1;0;1
59446;Oisy;32;59;0;0;0;0;0;0;0;0;0;0;0;0;0;0;0;0;0;0;0;0;0;0;0;0;0;0;0;1;0;3;0;0;0;0;0;0;0
59447;Onnaing;32;59;1;0;0;0;0;0;0;0;0;0;0;0;0;0;0;2;2;1;0;0;7;1;0;3;11;8;3;12;3;4;7;1;3;12;3;1;5
59448;Oost-Cappel;32;59;0;0;0;0;0;0;0;0;0;0;0;0;0;0;0;0;0;0;0;0;1;0;0;0;1;1;0;0;0;0;0;0;0;2;0;0;0
59449;Orchies;32;59;0;1;0;0;0;0;0;0;0;1;0;0;0;0;0;9;3;1;0;0;15;2;0;5;5;7;4;6;12;3;23;1;1;22;10;2;10
59450;Ors;32;59;0;0;0;0;0;0;0;0;0;0;0;0;0;0;0;0;1;0;0;1;0;0;1;0;0;0;1;0;0;0;0;0;0;2;1;0;0
59451;Orsinval;32;59;0;0;0;0;0;0;0;0;0;0;0;0;0;0;0;0;0;0;0;0;1;0;0;0;0;1;1;0;1;1;0;0;0;2;1;0;0
59452;Ostricourt;32;59;0;0;0;0;0;0;0;0;0;0;0;0;0;0;0;2;4;1;0;0;4;1;0;2;3;4;8;5;4;3;4;0;0;7;0;0;3
59453;Oudezeele;32;59;0;0;0;0;0;0;0;0;0;0;0;0;0;0;0;0;0;0;0;0;0;0;0;0;0;1;1;1;1;0;0;0;0;1;0;0;0
59454;Oxelaëre;32;59;0;0;0;0;0;0;0;0;0;0;0;0;0;0;0;0;0;0;0;0;2;0;0;0;0;0;0;0;0;0;3;0;0;2;0;0;0
59455;Paillencourt;32;59;0;0;0;0;0;0;0;0;0;0;0;0;0;0;0;0;0;1;0;0;1;0;0;1;0;1;0;0;1;0;0;0;0;3;0;0;0
59456;Pecquencourt;32;59;1;0;0;0;0;0;0;0;0;0;0;0;0;0;0;3;1;1;0;0;0;0;0;2;0;5;0;6;1;2;5;0;0;5;0;0;3
59457;Pérenchies;32;59;0;0;0;0;0;0;0;0;0;0;0;0;0;0;0;5;1;1;0;0;3;0;0;2;6;10;9;13;9;4;9;2;0;10;4;0;5
59458;Péronne-en-Mélantois;32;59;0;0;0;0;0;0;0;0;0;0;0;0;0;0;0;0;0;0;0;0;0;0;0;0;0;1;1;1;1;1;0;1;1;1;0;0;0
59459;Petite-Forêt;32;59;0;0;0;0;0;0;0;0;0;0;0;0;0;0;0;0;2;1;0;0;7;2;0;0;4;7;5;6;8;3;5;0;1;13;0;1;2
59461;Petit-Fayt;32;59;0;0;0;0;0;0;0;0;0;0;0;0;0;0;0;0;0;0;0;0;0;0;0;0;0;0;0;0;1;0;1;0;0;0;0;0;0
59462;Phalempin;32;59;0;1;0;0;0;0;0;0;0;1;0;0;0;0;0;2;1;1;0;0;3;0;0;2;2;5;9;7;5;0;5;1;0;4;4;0;4
59463;Pitgam;32;59;0;0;0;0;0;0;0;0;0;0;0;0;0;0;0;0;0;0;0;1;2;0;0;0;0;1;0;2;0;0;2;0;0;1;0;0;0
59464;Poix-du-Nord;32;59;0;0;0;0;0;0;0;0;0;0;0;0;0;0;0;0;0;1;0;0;2;0;0;0;4;1;2;5;3;1;1;0;0;3;0;0;2
59465;Pommereuil;32;59;0;0;0;0;0;0;0;0;0;0;0;0;0;0;0;0;0;0;0;0;0;0;0;0;3;0;1;0;0;2;4;0;0;0;0;0;1
59466;Pont-à-Marcq;32;59;0;1;0;0;0;0;0;0;0;1;0;0;0;0;0;6;0;1;0;0;6;1;0;1;2;3;3;5;5;0;5;2;0;7;1;1;2
59467;Pont-sur-Sambre;32;59;0;0;0;0;0;0;0;0;0;0;0;0;0;0;0;0;0;1;0;0;1;0;0;2;2;1;1;2;0;1;4;2;0;8;1;0;1
59468;Potelle;32;59;0;0;0;0;0;0;0;0;0;0;0;0;0;0;0;0;0;0;0;0;1;0;0;0;2;1;0;0;0;0;0;0;0;0;0;0;0
59469;Pradelles;32;59;0;0;0;0;0;0;0;0;0;0;0;0;0;0;0;0;0;0;0;0;2;0;0;0;1;0;1;0;0;0;0;0;0;1;1;0;1
59470;Prémesques;32;59;0;0;0;0;0;0;0;0;0;0;0;0;0;0;0;0;0;0;0;0;1;0;0;0;5;4;2;3;4;0;1;0;0;3;2;0;3
59471;Préseau;32;59;0;0;0;0;0;0;0;0;0;0;0;0;0;0;0;0;0;1;0;0;0;0;0;0;2;1;2;4;2;0;2;0;0;0;0;0;0
59472;Preux-au-Bois;32;59;0;0;0;0;0;0;0;0;0;0;0;0;0;0;0;0;0;0;0;1;1;0;0;0;2;0;1;2;0;0;0;0;0;0;0;0;0
59473;Preux-au-Sart;32;59;0;0;0;0;0;0;0;0;0;0;0;0;0;0;0;0;0;0;0;0;0;0;0;0;2;0;0;0;0;0;1;0;0;1;0;0;1
59474;Prisches;32;59;0;0;0;0;0;0;0;0;0;0;0;0;0;0;0;0;0;0;1;0;0;0;0;0;0;1;0;1;2;0;2;1;0;0;0;0;0
59475;Prouvy;32;59;0;0;0;0;0;0;0;0;0;0;0;0;0;0;0;0;3;1;0;0;6;1;0;4;1;1;4;3;5;6;4;0;1;5;1;0;0
59476;Proville;32;59;0;0;0;0;0;0;0;0;0;0;0;0;0;0;0;2;2;1;0;0;5;1;0;1;1;3;6;6;3;0;4;1;0;4;1;0;1
59477;Provin;32;59;0;0;0;0;0;0;0;0;0;0;0;0;0;0;0;1;0;1;0;0;3;0;0;1;3;2;6;8;5;0;7;0;0;4;2;0;1
59478;Quaëdypre;32;59;0;0;0;0;0;0;0;0;0;0;0;0;0;0;0;0;0;0;0;0;4;1;0;1;1;2;3;2;3;4;3;3;1;4;0;0;3
59479;Quarouble;32;59;0;0;0;0;0;0;0;0;0;0;0;0;0;0;0;1;1;1;0;0;3;0;0;1;3;0;0;3;1;1;4;1;0;3;1;1;2
59480;Quérénaing;32;59;0;0;0;0;0;0;0;0;0;0;0;0;0;0;0;0;0;0;0;0;1;0;0;0;0;1;0;1;0;1;2;3;0;0;0;0;0
59481;Le Quesnoy;32;59;0;1;0;0;0;0;0;0;0;2;0;1;0;0;0;8;2;1;0;0;6;1;0;4;3;2;4;7;2;0;10;2;0;28;3;2;8
59482;Quesnoy-sur-Deûle;32;59;0;1;0;0;0;0;0;0;0;1;0;0;0;0;0;6;1;1;0;0;5;1;2;2;2;6;9;9;6;1;10;5;1;9;4;0;6
59483;Quiévelon;32;59;0;0;0;0;0;0;0;0;0;0;0;0;0;0;0;0;0;0;0;0;1;0;0;0;0;0;0;1;0;0;0;0;0;0;0;0;0
59484;Quiévrechain;32;59;0;0;0;0;0;0;0;0;0;0;0;0;0;0;0;4;2;1;0;0;4;1;0;2;5;3;2;6;4;4;12;0;0;8;4;2;2
59485;Quiévy;32;59;0;0;0;0;0;0;0;0;0;0;0;0;0;0;0;0;0;1;0;0;1;0;0;1;1;1;2;3;3;0;4;0;0;0;0;0;2
59486;Râches;32;59;0;0;0;0;0;0;0;0;0;0;0;0;0;0;0;0;0;1;0;0;3;0;0;1;1;3;2;0;3;0;8;0;0;6;3;0;0
59487;Radinghem-en-Weppes;32;59;0;0;0;0;0;0;0;0;0;0;0;0;0;0;0;0;0;0;0;0;1;0;0;0;0;1;1;2;1;2;1;0;0;0;1;0;1
59488;Raillencourt-Sainte-Olle;32;59;0;0;0;0;0;0;0;0;0;0;0;0;0;0;0;0;1;1;0;0;0;0;0;0;3;1;9;0;2;1;4;0;0;1;1;0;0
59489;Raimbeaucourt;32;59;0;0;0;0;0;0;0;0;0;0;0;0;0;0;0;0;1;1;0;0;4;0;0;1;3;4;4;11;1;2;8;0;0;2;5;0;1
59490;Rainsars;32;59;0;0;0;0;0;0;0;0;0;0;0;0;0;0;0;0;0;0;0;0;1;0;0;0;1;0;1;1;0;0;0;0;0;0;0;0;0
59491;Raismes;32;59;1;0;0;0;0;0;0;0;0;1;0;0;0;0;0;3;2;1;0;0;9;0;1;2;9;4;5;17;7;3;13;2;0;19;4;1;3
59492;Ramillies;32;59;0;0;0;0;0;0;0;0;0;0;0;0;0;0;0;0;0;0;0;0;0;0;0;0;0;0;1;0;0;0;2;0;0;0;0;0;1
59493;Ramousies;32;59;0;0;0;0;0;0;0;0;0;0;0;0;0;0;0;0;0;0;0;0;0;0;0;0;1;1;0;2;0;0;0;0;0;0;0;0;0
59494;Raucourt-au-Bois;32;59;0;0;0;0;0;0;0;0;0;0;0;0;0;0;0;0;0;0;0;0;0;0;0;0;0;0;0;0;0;0;0;0;0;0;0;0;0
59495;Recquignies;32;59;0;0;0;0;0;0;0;0;0;0;0;0;0;0;0;0;0;0;0;1;1;0;0;0;1;1;2;4;2;1;1;0;0;2;0;0;2
59496;Rejet-de-Beaulieu;32;59;0;0;0;0;0;0;0;0;0;0;0;0;0;0;0;0;0;0;0;0;0;0;0;0;0;0;0;0;0;0;0;0;0;0;0;0;0
59497;Renescure;32;59;0;0;0;0;0;0;0;0;0;0;0;0;0;0;0;1;1;1;0;0;6;0;0;0;0;1;3;2;2;0;2;0;0;5;1;1;0
59498;Reumont;32;59;0;0;0;0;0;0;0;0;0;0;0;0;0;0;0;0;0;0;0;0;0;0;0;0;0;1;0;0;1;1;0;0;0;0;0;0;0
59499;Rexpoëde;32;59;0;0;0;0;0;0;0;0;0;0;0;0;0;0;0;0;0;0;0;1;3;0;0;1;2;2;3;1;1;0;5;3;0;3;0;0;3
59500;Ribécourt-la-Tour;32;59;0;0;0;0;0;0;0;0;0;0;0;0;0;0;0;0;0;0;0;0;0;0;0;0;1;0;0;2;0;0;1;0;0;0;0;0;1
59501;Rieulay;32;59;0;0;0;0;0;0;0;0;0;0;0;0;0;0;0;0;0;0;0;0;0;0;0;0;1;0;1;1;1;1;2;0;0;3;0;1;1
59502;Rieux-en-Cambrésis;32;59;0;0;0;0;0;0;0;0;0;0;0;0;0;0;0;0;1;1;0;0;1;0;0;0;2;1;2;1;1;0;3;0;0;2;0;0;0
59503;Robersart;32;59;0;0;0;0;0;0;0;0;0;0;0;0;0;0;0;0;0;0;0;0;2;0;0;0;0;1;0;1;0;0;0;0;0;0;0;0;0
59504;Roeulx;32;59;0;0;0;0;0;0;0;0;0;0;0;0;0;0;0;1;1;1;0;0;2;0;0;0;1;2;3;2;2;0;4;0;0;3;1;0;1
59505;Rombies-et-Marchipont;32;59;0;0;0;0;0;0;0;0;0;0;0;0;0;0;0;0;0;0;0;0;0;0;0;0;0;0;0;0;1;1;1;0;0;1;1;0;0
59506;Romeries;32;59;0;0;0;0;0;0;0;0;0;0;0;0;0;0;0;0;1;0;0;0;0;0;0;0;2;0;0;0;1;0;0;0;0;0;0;0;0
59507;Ronchin;32;59;0;0;0;0;0;0;0;0;0;1;0;0;1;0;0;9;2;1;0;0;15;0;2;4;7;26;8;23;17;3;15;2;0;24;15;4;5
59508;Roncq;32;59;0;0;0;0;0;0;0;0;0;0;0;0;0;0;0;6;4;1;0;0;28;2;2;3;16;13;20;25;13;9;22;1;0;32;6;2;12
59509;Roost-Warendin;32;59;0;0;0;0;0;0;0;0;0;0;0;0;0;0;0;1;4;1;0;0;4;0;0;3;2;3;5;9;3;2;11;0;0;10;2;1;1
59511;Rosult;32;59;0;0;0;0;0;0;0;0;0;0;0;0;0;0;0;0;0;0;0;1;3;0;0;0;0;1;2;3;2;1;3;0;0;2;0;0;2
59512;Roubaix;32;59;1;0;0;0;1;1;0;1;0;7;0;3;1;1;0;34;13;8;1;0;112;7;7;26;161;192;90;145;108;147;103;3;10;382;66;15;38
59513;Roucourt;32;59;0;0;0;0;0;0;0;0;0;0;0;0;0;0;0;0;0;0;0;0;0;0;0;0;0;0;0;0;0;1;0;0;0;0;0;0;0
59514;Rousies;32;59;0;0;0;0;0;0;0;0;0;0;0;0;0;0;0;1;0;1;0;0;3;0;0;3;4;1;1;10;5;3;7;1;0;5;1;0;2
59515;Rouvignies;32;59;0;0;0;0;0;0;0;0;0;0;0;0;0;0;0;0;0;0;0;0;4;0;0;0;0;1;3;0;1;0;1;0;0;2;0;0;0
59516;Rubrouck;32;59;0;0;0;0;0;0;0;0;0;0;0;0;0;0;0;0;0;0;0;0;0;0;0;0;5;1;0;3;1;1;1;0;0;0;1;0;0
59517;Les Rues-des-Vignes;32;59;0;0;0;0;0;0;0;0;0;0;0;0;0;0;0;0;0;0;0;0;0;0;0;0;0;3;0;0;1;0;0;0;1;3;0;0;0
59518;Ruesnes;32;59;0;0;0;0;0;0;0;0;0;0;0;0;0;0;0;0;0;0;0;0;0;0;0;0;0;0;0;1;0;0;0;0;0;0;0;0;0
59519;Rumegies;32;59;0;0;0;0;0;0;0;0;0;0;0;0;0;0;0;0;1;0;0;0;1;0;0;0;1;6;3;1;3;0;1;0;0;3;0;0;0
59520;Rumilly-en-Cambrésis;32;59;0;0;0;0;0;0;0;0;0;0;0;0;0;0;0;0;0;0;0;1;0;0;0;0;0;1;1;2;1;0;2;0;0;1;0;0;0
59521;Sailly-lez-Cambrai;32;59;0;0;0;0;0;0;0;0;0;0;0;0;0;0;0;0;0;0;0;0;3;0;0;0;1;0;0;0;0;1;0;0;0;0;0;0;1
59522;Sailly-lez-Lannoy;32;59;0;0;0;0;0;0;0;0;0;0;0;0;0;0;0;0;0;0;0;0;0;0;0;0;1;0;0;0;3;0;2;0;0;1;6;0;1
59523;Sainghin-en-Mélantois;32;59;0;0;0;0;0;0;0;0;0;0;0;0;0;0;0;1;0;1;0;0;5;0;0;1;2;1;3;5;3;2;5;0;0;3;2;0;2
59524;Sainghin-en-Weppes;32;59;0;0;0;0;0;0;0;0;0;0;0;0;0;0;0;2;1;1;0;0;5;0;0;2;2;10;6;9;6;3;6;1;0;11;4;0;4
59525;Sains-du-Nord;32;59;0;1;0;0;0;0;0;0;0;0;0;0;0;0;0;0;0;1;0;0;4;0;0;1;3;3;2;4;3;2;5;2;0;3;0;0;1
59526;Saint-Amand-les-Eaux;32;59;1;1;0;0;0;0;0;0;0;1;0;1;0;0;0;10;2;1;0;0;24;2;0;4;14;10;11;20;18;5;41;6;1;48;11;2;14
59527;Saint-André-lez-Lille;32;59;1;0;0;0;0;0;0;0;0;1;0;0;0;0;0;8;2;1;0;0;19;1;1;2;2;11;11;13;8;7;11;2;0;22;11;1;7
59528;Saint-Aubert;32;59;0;0;0;0;0;0;0;0;0;0;0;0;0;0;0;0;0;0;0;1;4;0;0;1;1;4;2;1;2;0;3;0;0;2;1;0;0
59529;Saint-Aubin;32;59;0;0;0;0;0;0;0;0;0;0;0;0;0;0;0;0;0;0;0;0;0;0;0;0;0;1;0;2;0;0;0;0;0;1;0;0;0
59530;Saint-Aybert;32;59;0;0;0;0;0;0;0;0;0;0;0;0;0;0;0;0;0;0;0;0;0;0;0;0;0;1;0;0;0;0;3;0;0;0;0;0;0
59531;Saint-Benin;32;59;0;0;0;0;0;0;0;0;0;0;0;0;0;0;0;0;1;0;0;0;0;0;0;0;0;0;0;1;0;0;0;0;0;0;0;0;0
59532;Saint-Georges-sur-l'Aa;32;59;0;0;0;0;0;0;0;0;0;0;0;0;0;0;0;0;0;0;0;0;1;0;0;0;0;2;0;0;0;0;0;0;0;0;0;0;0
59533;Saint-Hilaire-lez-Cambrai;32;59;0;0;0;0;0;0;0;0;0;0;0;0;0;0;0;0;0;1;0;0;2;0;0;0;2;1;1;2;0;1;5;0;0;2;0;0;0
59534;Saint-Hilaire-sur-Helpe;32;59;0;0;0;0;0;0;0;0;0;0;0;0;0;0;0;0;0;0;0;0;0;0;0;0;1;0;0;3;2;0;0;1;0;2;0;0;0
59535;Saint-Jans-Cappel;32;59;0;0;0;0;0;0;0;0;0;0;0;0;0;0;0;0;0;0;0;0;1;0;0;2;2;1;1;3;0;0;3;0;0;7;0;0;0
59536;Sainte-Marie-Cappel;32;59;0;0;0;0;0;0;0;0;0;0;0;0;0;0;0;0;0;0;0;0;1;0;0;0;1;0;1;0;0;0;2;0;0;1;0;0;0
59537;Saint-Martin-sur-Écaillon;32;59;0;0;0;0;0;0;0;0;0;0;0;0;0;0;0;0;0;0;0;0;1;0;0;0;1;0;0;0;1;0;0;0;0;0;0;0;0
59538;Saint-Momelin;32;59;0;0;0;0;0;0;0;0;0;0;0;0;0;0;0;0;0;0;0;0;0;0;0;0;0;0;0;0;0;0;0;0;0;1;0;0;0
59539;Saint-Pierre-Brouck;32;59;0;0;0;0;0;0;0;0;0;0;0;0;0;0;0;0;0;0;0;1;1;0;0;1;1;1;1;0;0;0;0;0;0;0;0;0;0
59541;Saint-Python;32;59;0;0;0;0;0;0;0;0;0;0;0;0;0;0;0;0;0;0;0;0;4;0;0;0;3;0;0;1;0;0;2;0;0;1;0;0;0
59542;Saint-Remy-Chaussée;32;59;0;0;0;0;0;0;0;0;0;0;0;0;0;0;0;0;0;0;0;0;0;0;0;0;0;0;1;1;2;0;0;0;0;0;0;0;0
59543;Saint-Remy-du-Nord;32;59;0;0;0;0;0;0;0;0;0;0;0;0;0;0;0;0;0;0;0;0;0;0;0;1;1;1;0;1;1;1;4;0;0;1;2;0;0
59544;Saint-Saulve;32;59;0;0;0;0;0;0;0;0;0;0;0;0;0;0;0;8;1;1;0;0;15;1;0;3;7;1;5;9;5;3;15;3;3;11;2;1;5
59545;Saint-Souplet;32;59;0;0;0;0;0;0;0;0;0;0;0;0;0;0;0;0;0;1;0;0;2;0;0;0;3;2;3;3;0;1;0;0;0;0;0;0;0
59546;Saint-Sylvestre-Cappel;32;59;0;0;0;0;0;0;0;0;0;0;0;0;0;0;0;0;0;0;0;1;3;0;0;0;1;0;1;3;2;0;1;0;0;5;0;0;1
59547;Saint-Vaast-en-Cambrésis;32;59;0;0;0;0;0;0;0;0;0;0;0;0;0;0;0;0;0;0;0;0;0;0;1;0;1;0;2;1;0;1;0;0;0;0;0;0;0
59548;Saint-Waast;32;59;0;0;0;0;0;0;0;0;0;0;0;0;0;0;0;0;0;0;0;0;1;0;0;0;1;1;0;2;1;0;1;0;0;3;0;0;0
59549;Salesches;32;59;0;0;0;0;0;0;0;0;0;0;0;0;0;0;0;0;0;0;0;0;0;0;0;0;1;2;0;2;0;1;0;0;0;0;0;0;0
59550;Salomé;32;59;0;0;0;0;0;0;0;0;0;0;0;0;0;0;0;0;0;0;0;1;2;0;0;0;1;6;1;5;4;0;5;0;0;1;0;0;0
59551;Saméon;32;59;0;0;0;0;0;0;0;0;0;0;0;0;0;0;0;0;0;0;0;0;0;0;0;0;3;1;5;5;0;2;1;1;0;1;2;0;2
59552;Sancourt;32;59;0;0;0;0;0;0;0;0;0;0;0;0;0;0;0;0;0;0;0;0;0;0;0;0;1;0;1;0;1;0;0;0;0;2;0;0;0
59553;Santes;32;59;0;0;0;0;0;0;0;0;0;0;0;0;0;0;0;2;0;1;0;0;7;0;0;2;1;4;5;6;4;8;3;1;0;6;4;0;1
59554;Sars-et-Rosières;32;59;0;0;0;0;0;0;0;0;0;0;0;0;0;0;0;0;0;0;0;0;0;0;0;0;0;0;3;1;2;0;0;0;0;3;0;0;1
59555;Sars-Poteries;32;59;0;0;0;0;0;0;0;0;0;0;0;0;0;0;0;0;0;1;0;0;2;0;0;1;6;1;4;2;0;0;3;0;0;5;0;0;0
59556;Sassegnies;32;59;0;0;0;0;0;0;0;0;0;0;0;0;0;0;0;0;0;0;0;0;0;0;0;0;0;0;0;2;0;1;0;0;0;0;0;0;0
59557;Saultain;32;59;0;0;0;0;0;0;0;0;0;0;0;0;0;0;0;0;1;1;0;0;1;0;0;0;3;2;1;6;1;1;6;4;0;5;2;0;1
59558;Saulzoir;32;59;0;0;0;0;0;0;0;0;0;0;0;0;0;0;0;0;1;1;0;0;2;1;0;0;3;2;4;2;3;1;2;1;0;1;0;0;1
59559;Sebourg;32;59;0;0;0;0;0;0;0;0;0;0;0;0;0;0;0;0;0;1;0;0;1;0;0;0;2;0;0;1;1;0;2;0;0;3;3;0;0
59560;Seclin;32;59;1;0;0;0;0;0;0;0;0;1;0;1;0;0;0;13;3;1;0;0;33;2;4;7;9;16;19;23;12;10;14;4;4;49;12;2;9
59562;Sémeries;32;59;0;0;0;0;0;0;0;0;0;0;0;0;0;0;0;0;0;0;0;0;1;0;0;0;1;1;0;0;0;0;0;0;0;0;1;0;0
59563;Semousies;32;59;0;0;0;0;0;0;0;0;0;0;0;0;0;0;0;0;0;0;0;0;0;0;0;0;0;0;1;0;0;0;1;0;0;0;0;0;0
59564;La Sentinelle;32;59;0;0;0;0;0;0;0;0;0;0;0;0;0;0;0;1;2;1;0;0;1;0;0;1;1;3;5;3;3;2;5;0;0;10;0;0;0
59565;Sepmeries;32;59;0;0;0;0;0;0;0;0;0;0;0;0;0;0;0;0;0;0;0;0;1;0;0;0;1;0;2;1;0;1;2;0;0;2;0;0;1
59566;Sequedin;32;59;0;0;0;0;0;0;0;0;0;0;0;0;0;0;0;0;0;0;0;1;6;0;0;0;1;2;2;5;3;0;2;0;0;6;1;1;3
59567;Séranvillers-Forenville;32;59;0;0;0;0;0;0;0;0;0;0;0;0;0;0;0;0;0;0;0;0;1;0;0;0;0;2;0;0;0;0;0;0;0;0;0;0;0
59568;Sercus;32;59;0;0;0;0;0;0;0;0;0;0;0;0;0;0;0;0;0;0;0;0;0;0;0;0;1;1;1;0;1;1;0;0;0;1;0;0;0
59569;Sin-le-Noble;32;59;2;0;0;0;0;0;0;0;0;1;0;1;1;0;0;7;2;2;0;0;14;4;1;2;5;17;7;19;11;5;23;2;1;15;3;3;7
59570;Socx;32;59;0;0;0;0;0;0;0;0;0;0;0;0;0;0;0;0;0;0;0;0;4;1;0;0;3;2;2;2;0;1;1;0;0;3;0;1;1
59571;Solesmes;32;59;0;1;0;0;0;0;0;0;0;1;0;1;0;0;0;6;4;1;0;0;7;1;0;2;4;4;2;9;1;3;10;2;0;9;5;1;3
59572;Solre-le-Château;32;59;0;1;0;0;0;0;0;0;0;1;0;0;0;0;0;3;0;1;0;0;1;0;1;2;2;2;0;4;1;4;3;1;0;3;1;0;1
59573;Solrinnes;32;59;0;0;0;0;0;0;0;0;0;0;0;0;0;0;0;0;0;0;0;0;0;0;0;0;0;0;0;0;0;0;0;0;0;0;0;0;0
59574;Somain;32;59;1;0;0;0;0;0;0;0;0;1;0;1;0;0;0;10;4;2;0;0;11;2;0;4;10;8;9;12;6;3;16;3;1;24;5;2;7
59575;Sommaing;32;59;0;0;0;0;0;0;0;0;0;0;0;0;0;0;0;0;0;0;0;0;0;0;0;0;0;1;0;0;0;0;0;1;0;0;0;0;0
59576;Spycker;32;59;0;0;0;0;0;0;0;0;0;0;0;0;0;0;0;0;0;0;1;0;3;0;1;1;1;6;0;2;0;1;3;0;0;0;2;0;1
59577;Staple;32;59;0;0;0;0;0;0;0;0;0;0;0;0;0;0;0;0;0;0;0;0;0;0;0;0;0;1;2;1;0;0;1;0;0;1;0;0;0
59578;Steenbecque;32;59;0;0;0;0;0;0;0;0;0;0;0;0;0;0;0;0;0;1;0;0;1;0;0;0;4;1;3;4;1;0;1;0;0;6;0;0;0
59579;Steene;32;59;0;0;0;0;0;0;0;0;0;0;0;0;0;0;0;0;0;0;0;0;1;0;0;1;1;4;1;1;1;4;2;0;0;2;1;0;1
59580;Steenvoorde;32;59;0;1;0;0;0;0;0;0;0;1;0;0;0;0;0;6;0;1;0;0;3;1;0;2;5;6;5;3;3;2;6;1;1;8;3;1;2
59581;Steenwerck;32;59;0;0;0;0;0;0;0;0;0;0;0;0;0;0;0;2;2;1;0;0;3;0;1;1;2;3;9;3;1;0;2;0;0;4;3;0;4
59582;Strazeele;32;59;0;0;0;0;0;0;0;0;0;0;0;0;0;0;0;0;0;0;0;0;2;0;0;0;0;1;1;3;0;3;2;0;0;1;1;0;1
59583;Taisnières-en-Thiérache;32;59;0;0;0;0;0;0;0;0;0;0;0;0;0;0;0;0;0;0;0;0;1;0;0;0;3;0;1;0;0;1;1;0;0;0;0;0;0
59584;Taisnières-sur-Hon;32;59;0;0;0;0;0;0;0;0;0;0;0;0;0;0;0;0;0;0;0;0;1;0;0;0;1;0;2;1;0;0;0;0;0;3;0;0;0
59585;Templemars;32;59;0;0;0;0;0;0;0;0;0;0;0;0;0;0;0;0;0;1;0;0;6;0;0;1;5;4;7;14;6;2;6;2;0;7;5;0;1
59586;Templeuve-en-Pévèle;32;59;0;0;0;0;0;0;0;0;0;1;0;0;1;0;0;4;2;1;0;0;5;0;0;2;6;6;6;10;3;2;8;1;0;6;4;1;3
59587;Terdeghem;32;59;0;0;0;0;0;0;0;0;0;0;0;0;0;0;0;0;0;0;0;0;1;0;0;0;0;0;1;0;1;0;3;1;0;4;0;0;1
59588;Téteghem-Coudekerque-Village;32;59;0;0;0;0;0;0;0;0;0;0;0;0;0;0;0;2;1;1;0;0;13;1;0;3;9;5;7;11;4;5;3;1;0;8;6;1;5
59589;Thiant;32;59;0;0;0;0;0;0;0;0;0;0;0;0;0;0;0;2;0;1;0;0;2;0;0;1;3;2;3;3;3;5;4;0;0;4;2;0;0
59590;Thiennes;32;59;0;0;0;0;0;0;0;0;0;0;0;0;0;0;0;0;0;0;0;0;1;0;0;0;1;0;1;1;0;0;2;0;0;1;0;0;0
59591;Thivencelle;32;59;0;0;0;0;0;0;0;0;0;0;0;0;0;0;0;0;0;0;0;0;0;0;0;0;3;0;0;0;1;0;1;0;0;1;0;0;1
59592;Thumeries;32;59;0;1;0;0;0;0;0;0;0;0;0;0;0;0;0;3;1;1;0;0;5;0;0;1;3;9;2;1;3;2;6;0;0;6;1;0;2
59593;Thun-l'Évêque;32;59;0;0;0;0;0;0;0;0;0;0;0;0;0;0;0;0;0;0;0;0;0;0;0;0;0;1;1;0;0;0;0;0;0;0;0;0;0
59594;Thun-Saint-Amand;32;59;0;0;0;0;0;0;0;0;0;0;0;0;0;0;0;0;0;0;0;0;0;0;0;0;1;1;1;0;1;1;0;0;0;0;0;0;1
59595;Thun-Saint-Martin;32;59;0;0;0;0;0;0;0;0;0;0;0;0;0;0;0;0;0;0;0;0;1;0;0;0;0;0;2;0;1;1;0;0;0;1;0;0;0
59596;Tilloy-lez-Marchiennes;32;59;0;0;0;0;0;0;0;0;0;0;0;0;0;0;0;0;0;0;0;0;0;0;0;0;0;1;1;0;0;0;0;0;0;0;0;0;1
59597;Tilloy-lez-Cambrai;32;59;0;0;0;0;0;0;0;0;0;0;0;0;0;0;0;0;1;0;0;0;3;0;0;0;1;1;1;2;0;0;1;0;0;0;0;0;0
59598;Toufflers;32;59;0;0;0;0;0;0;0;0;0;0;0;0;0;0;0;0;1;0;0;1;2;0;2;0;5;5;6;5;2;0;4;0;0;3;0;1;1
59599;Tourcoing;32;59;2;0;0;0;1;1;1;0;0;8;0;2;1;1;0;23;8;7;0;0;90;5;8;19;89;129;84;140;97;76;96;8;13;267;48;13;55
59600;Tourmignies;32;59;0;0;0;0;0;0;0;0;0;0;0;0;0;0;0;0;0;0;0;0;0;0;0;0;0;2;1;0;1;0;0;0;0;0;0;0;0
59601;Trélon;32;59;0;1;0;0;0;0;0;0;0;1;0;0;0;0;0;1;0;1;0;0;2;0;0;1;5;5;2;5;0;0;3;0;0;6;0;0;4
59602;Tressin;32;59;0;0;0;0;0;0;0;0;0;0;0;0;0;0;0;0;0;0;0;0;0;0;0;0;2;2;4;4;1;1;2;0;0;4;0;0;0
59603;Trith-Saint-Léger;32;59;1;0;0;0;0;0;0;0;0;1;0;0;0;0;0;1;1;1;0;1;11;1;0;2;3;5;10;11;5;6;9;1;0;6;1;0;4
59604;Troisvilles;32;59;0;0;0;0;0;0;0;0;0;0;0;0;0;0;0;0;0;1;0;0;1;0;0;0;1;1;1;1;0;0;2;0;0;1;0;0;0
59605;Uxem;32;59;0;0;0;0;0;0;0;0;0;0;0;0;0;0;0;0;0;0;0;0;2;0;0;0;0;0;2;0;3;0;2;0;0;0;1;0;1
59606;Valenciennes;32;59;1;1;0;1;1;1;1;1;0;15;0;3;0;0;0;29;2;4;0;0;36;5;8;24;35;47;31;34;38;36;84;5;41;255;57;12;24
59607;Vendegies-au-Bois;32;59;0;0;0;0;0;0;0;0;0;0;0;0;0;0;0;0;0;0;0;0;0;0;0;0;0;0;0;1;1;0;1;0;0;0;0;0;0
59608;Vendegies-sur-Écaillon;32;59;0;0;0;0;0;0;0;0;0;0;0;0;0;0;0;0;0;0;0;0;0;0;0;0;1;0;0;1;0;1;2;1;0;1;1;0;0
59609;Vendeville;32;59;0;0;0;0;0;0;0;0;0;0;0;0;0;0;0;0;0;0;0;0;5;3;0;0;1;2;4;2;3;1;2;0;0;6;0;0;2
59610;Verchain-Maugré;32;59;0;0;0;0;0;0;0;0;0;0;0;0;0;0;0;0;0;0;0;0;1;0;0;0;1;1;3;2;0;0;2;0;0;1;0;0;0
59611;Verlinghem;32;59;0;0;0;0;0;0;0;0;0;0;0;0;0;0;0;2;0;1;0;0;3;1;0;0;2;1;1;1;2;2;2;1;0;2;1;0;0
59612;Vertain;32;59;0;0;0;0;0;0;0;0;0;0;0;0;0;0;0;0;0;0;0;0;1;0;0;0;2;0;2;1;1;0;0;0;0;0;0;0;1
59613;Vicq;32;59;0;0;0;0;0;0;0;0;0;0;0;0;0;0;0;0;0;0;1;0;1;0;0;0;1;0;0;4;3;1;1;0;0;4;1;0;0
59614;Viesly;32;59;0;0;0;0;0;0;0;0;0;0;0;0;0;0;0;0;0;1;0;0;0;0;0;0;0;0;2;2;1;0;4;0;0;0;0;0;1
59615;Vieux-Berquin;32;59;0;0;0;0;0;0;0;0;0;0;0;0;0;0;0;1;0;0;1;0;3;0;0;1;4;3;3;2;0;3;3;0;0;0;1;0;1
59616;Vieux-Condé;32;59;1;0;0;0;0;0;0;0;0;0;0;0;0;0;0;4;1;1;1;0;9;0;0;2;11;5;3;8;11;3;15;1;0;16;0;1;8
59617;Vieux-Mesnil;32;59;0;0;0;0;0;0;0;0;0;0;0;0;0;0;0;0;0;0;0;0;1;0;0;0;1;0;0;1;0;0;1;0;0;0;0;0;0
59618;Vieux-Reng;32;59;0;0;0;0;0;0;0;0;0;0;0;0;0;0;0;0;0;0;0;0;1;0;0;0;2;0;1;2;0;0;1;0;0;1;1;0;1
59619;Villereau;32;59;0;0;0;0;0;0;0;0;0;0;0;0;0;0;0;0;0;0;0;0;0;0;0;0;1;1;0;1;0;2;0;0;0;1;1;0;1
59620;Villers-au-Tertre;32;59;0;0;0;0;0;0;0;0;0;0;0;0;0;0;0;0;0;0;0;0;0;0;0;0;0;0;0;0;0;0;0;0;0;0;0;0;0
59622;Villers-en-Cauchies;32;59;0;0;0;0;0;0;0;0;0;0;0;0;0;0;0;0;0;1;0;0;4;0;0;0;1;3;2;1;0;0;2;0;0;0;1;0;0
59623;Villers-Guislain;32;59;0;0;0;0;0;0;0;0;0;0;0;0;0;0;0;0;0;0;0;1;1;0;0;0;1;1;1;0;0;0;0;0;0;2;0;0;0
59624;Villers-Outréaux;32;59;0;0;0;0;0;0;0;0;0;0;0;0;0;0;0;1;0;1;0;0;5;1;0;1;2;4;1;2;1;4;5;1;0;6;0;0;0
59625;Villers-Plouich;32;59;0;0;0;0;0;0;0;0;0;0;0;0;0;0;0;0;0;0;0;0;0;0;0;0;1;2;0;2;0;0;0;0;0;0;0;0;0
59626;Villers-Pol;32;59;0;0;0;0;0;0;0;0;0;0;0;0;0;0;0;0;0;0;0;0;0;0;0;0;2;0;0;0;0;1;2;0;0;2;1;0;1
59627;Villers-Sire-Nicole;32;59;0;0;0;0;0;0;0;0;0;0;0;0;0;0;0;0;0;0;0;1;1;0;0;0;1;2;1;1;1;0;1;0;0;1;0;0;0
59628;Volckerinckhove;32;59;0;0;0;0;0;0;0;0;0;0;0;0;0;0;0;0;0;0;0;0;1;0;0;0;1;1;2;2;1;0;1;0;0;1;0;0;0
59629;Vred;32;59;0;0;0;0;0;0;0;0;0;0;0;0;0;0;0;0;1;1;0;0;0;0;0;0;0;1;1;3;2;1;1;0;0;3;1;0;0
59630;Wahagnies;32;59;0;0;0;0;0;0;0;0;0;0;0;0;0;0;0;0;0;1;0;0;1;0;0;1;1;4;1;2;8;0;3;0;0;5;0;0;1
59631;Walincourt-Selvigny;32;59;0;0;0;0;0;0;0;0;0;0;0;0;0;0;0;2;1;1;0;0;2;0;0;1;2;2;1;4;2;1;2;0;0;3;0;0;1
59632;Wallers;32;59;1;0;0;0;0;0;0;0;0;0;0;0;0;0;0;1;2;2;0;0;5;0;0;1;8;3;3;9;6;2;4;1;0;5;1;0;4
59633;Wallers-en-Fagne;32;59;0;0;0;0;0;0;0;0;0;0;0;0;0;0;0;0;0;0;0;0;0;0;0;0;1;0;0;0;0;0;0;0;0;1;0;0;0
59634;Wallon-Cappel;32;59;0;0;0;0;0;0;0;0;0;0;0;0;0;0;0;0;0;0;0;0;1;0;0;0;1;1;2;2;1;0;2;0;0;0;0;0;0
59635;Wambaix;32;59;0;0;0;0;0;0;0;0;0;0;0;0;0;0;0;0;0;0;0;0;0;0;0;0;2;1;0;0;1;0;1;0;0;0;0;0;0
59636;Wambrechies;32;59;1;0;0;0;0;0;0;0;0;0;0;0;0;0;0;4;1;1;0;0;7;3;2;3;6;7;11;21;13;7;13;1;1;20;12;2;6
59637;Wandignies-Hamage;32;59;0;0;0;0;0;0;0;0;0;0;0;0;0;0;0;0;0;0;0;0;1;0;0;0;2;1;1;2;1;2;1;0;0;0;0;0;1
59638;Wannehain;32;59;0;0;0;0;0;0;0;0;0;0;0;0;0;0;0;0;0;0;0;0;0;0;0;0;0;0;2;1;0;0;0;1;0;0;0;0;0
59639;Wargnies-le-Grand;32;59;0;0;0;0;0;0;0;0;0;0;0;0;0;0;0;0;0;0;0;1;2;0;1;0;1;1;2;0;1;0;2;0;0;3;0;0;0
59640;Wargnies-le-Petit;32;59;0;0;0;0;0;0;0;0;0;0;0;0;0;0;0;0;0;0;0;0;2;0;0;1;0;1;0;0;1;1;0;0;0;1;0;0;0
59641;Warhem;32;59;0;0;0;0;0;0;0;0;0;0;0;0;0;0;0;0;0;0;0;1;2;0;0;0;0;1;1;1;1;0;4;0;0;1;1;0;0
59642;Warlaing;32;59;0;0;0;0;0;0;0;0;0;0;0;0;0;0;0;0;0;0;0;0;0;0;0;0;0;0;0;0;1;0;0;0;0;0;0;0;0
59643;Warneton;32;59;0;0;0;0;0;0;0;0;0;0;0;0;0;0;0;0;0;0;0;0;1;0;0;0;0;1;3;0;0;0;1;0;0;0;0;0;0
59645;Wasnes-au-Bac;32;59;0;0;0;0;0;0;0;0;0;0;0;0;0;0;0;0;0;0;0;0;1;0;0;0;0;0;1;0;0;0;1;0;0;0;0;0;1
59646;Wasquehal;32;59;1;0;0;0;0;0;0;0;0;1;0;0;0;0;0;10;4;2;0;0;12;1;1;4;11;27;20;22;16;15;23;0;1;48;26;7;11
59647;Watten;32;59;0;1;0;0;0;0;0;0;0;0;0;0;0;0;0;2;2;1;0;0;3;1;0;1;3;0;0;3;0;0;5;0;0;3;1;0;1
59648;Wattignies;32;59;1;0;0;0;0;0;0;0;0;1;0;0;0;0;0;9;2;1;0;0;9;1;1;1;2;21;7;12;5;7;14;0;1;23;11;2;3
59649;Wattignies-la-Victoire;32;59;0;0;0;0;0;0;0;0;0;0;0;0;0;0;0;0;0;0;0;0;0;0;0;0;0;0;0;0;0;0;0;0;0;0;0;0;1
59650;Wattrelos;32;59;2;0;0;0;0;0;0;0;0;1;0;2;0;0;0;12;7;3;0;0;34;3;1;8;39;55;34;78;33;20;54;3;1;88;17;5;19
59651;Wavrechain-sous-Denain;32;59;0;0;0;0;0;0;0;0;0;0;0;0;0;0;0;0;0;0;0;0;1;0;0;0;4;2;2;2;1;1;2;0;0;0;0;0;1
59652;Wavrechain-sous-Faulx;32;59;0;0;0;0;0;0;0;0;0;0;0;0;0;0;0;0;0;0;0;0;0;0;0;0;0;0;0;0;0;0;0;0;0;0;0;0;0
59653;Wavrin;32;59;0;0;0;0;0;0;0;0;0;0;0;0;0;0;0;6;2;1;0;0;12;1;0;1;10;11;13;15;10;1;10;1;0;10;5;0;3
59654;Waziers;32;59;1;0;0;0;0;0;0;0;0;0;0;0;0;0;0;2;3;1;0;0;7;1;0;1;4;7;4;2;5;1;9;0;1;10;0;1;2
59655;Wemaers-Cappel;32;59;0;0;0;0;0;0;0;0;0;0;0;0;0;0;0;0;0;0;0;0;0;0;0;0;0;0;0;2;0;0;0;0;0;1;0;0;0
59656;Wervicq-Sud;32;59;0;0;0;0;0;0;0;0;0;0;0;0;0;0;0;1;2;1;0;0;6;2;0;1;5;2;3;7;5;2;3;0;0;4;4;0;2
59657;West-Cappel;32;59;0;0;0;0;0;0;0;0;0;0;0;0;0;0;0;0;0;0;0;0;0;0;0;0;1;0;1;3;0;0;1;0;0;0;0;0;0
59658;Wicres;32;59;0;0;0;0;0;0;0;0;0;0;0;0;0;0;0;0;0;0;0;0;0;0;0;0;0;0;0;0;0;0;0;0;0;0;0;0;0
59659;Wignehies;32;59;0;0;0;0;0;0;0;0;0;0;0;0;0;0;0;0;0;1;0;0;5;1;0;0;1;0;1;4;0;0;2;0;0;3;0;0;0
59660;Willems;32;59;0;0;0;0;0;0;0;0;0;0;0;0;0;0;0;0;0;0;0;1;4;0;0;1;1;2;2;1;2;2;7;0;0;6;3;1;2
59661;Willies;32;59;0;0;0;0;0;0;0;0;0;0;0;0;0;0;0;0;0;0;0;0;0;0;0;0;1;0;0;0;0;1;0;0;0;1;0;0;1
59662;Winnezeele;32;59;0;0;0;0;0;0;0;0;0;0;0;0;0;0;0;0;0;0;0;0;1;0;0;0;1;0;0;0;1;0;3;1;0;2;0;0;0
59663;Wormhout;32;59;0;1;0;0;0;0;0;0;0;1;0;0;0;0;0;5;4;1;0;0;6;1;0;2;6;3;5;3;3;1;8;2;0;13;6;2;4
59664;Wulverdinghe;32;59;0;0;0;0;0;0;0;0;0;0;0;0;0;0;0;0;0;0;0;0;0;0;0;0;0;0;1;0;1;0;0;0;0;0;0;0;1
59665;Wylder;32;59;0;0;0;0;0;0;0;0;0;0;0;0;0;0;0;0;0;0;0;0;0;0;0;0;0;0;0;0;0;0;0;0;0;0;0;0;0
59666;Zegerscappel;32;59;0;0;0;0;0;0;0;0;0;0;0;0;0;0;0;0;1;0;0;1;0;0;0;0;1;0;3;1;1;1;2;0;0;0;1;0;1
59667;Zermezeele;32;59;0;0;0;0;0;0;0;0;0;0;0;0;0;0;0;0;0;0;0;0;0;0;0;0;0;0;0;0;0;0;0;0;0;0;0;0;1
59668;Zuydcoote;32;59;0;0;0;0;0;0;0;0;0;0;0;0;0;0;0;0;0;0;0;0;0;0;0;0;2;0;2;0;0;1;1;0;0;3;2;1;0
59669;Zuytpeene;32;59;0;0;0;0;0;0;0;0;0;0;0;0;0;0;0;0;0;0;0;0;0;0;0;0;0;1;0;0;0;1;1;0;0;0;0;0;0
59670;Don;32;59;0;0;0;0;0;0;0;0;0;0;0;0;0;0;0;0;0;0;0;1;1;0;0;0;0;1;2;1;2;1;2;0;0;1;0;0;0
60001;Abancourt;32;60;0;0;0;0;0;0;0;0;0;0;0;0;0;0;0;0;0;0;1;0;1;0;0;0;3;0;1;1;1;0;0;0;0;1;0;0;0
60002;Abbecourt;32;60;0;0;0;0;0;0;0;0;0;0;0;0;0;0;0;0;0;0;0;0;1;0;0;0;2;1;4;2;0;2;0;0;0;1;0;1;0
60003;Abbeville-Saint-Lucien;32;60;0;0;0;0;0;0;0;0;0;0;0;0;0;0;0;0;0;0;0;0;0;0;0;0;0;0;0;0;0;0;0;0;0;0;0;0;0
60004;Achy;32;60;0;0;0;0;0;0;0;0;0;0;0;0;0;0;0;0;0;0;0;0;0;0;0;0;0;0;4;0;1;1;0;0;0;0;1;0;0
60005;Acy-en-Multien;32;60;0;0;0;0;0;0;0;0;0;0;0;0;0;0;0;2;0;1;0;0;1;0;0;0;0;1;1;0;1;0;0;2;0;0;2;0;0
60006;Les Ageux;32;60;0;0;0;0;0;0;0;0;0;0;0;0;0;0;0;0;0;0;0;0;5;0;0;0;4;3;4;3;4;0;0;0;0;2;0;0;1
60007;Agnetz;32;60;0;0;0;0;0;0;0;0;0;0;0;0;0;0;0;0;0;1;0;0;0;0;0;0;3;2;3;3;5;1;6;0;0;1;3;0;4
60008;Airion;32;60;0;0;0;0;0;0;0;0;0;0;0;0;0;0;0;0;0;0;0;0;0;0;0;0;0;0;1;1;0;1;0;0;0;0;0;0;0
60009;Allonne;32;60;0;0;0;0;0;0;0;0;0;0;0;0;0;0;0;0;0;0;0;1;3;0;0;0;4;3;6;1;1;0;4;0;0;4;0;0;2
60010;Amblainville;32;60;0;0;0;0;0;0;0;0;0;0;0;0;0;0;0;0;0;1;0;0;3;0;0;0;3;1;2;2;3;3;2;0;0;3;1;0;2
60011;Amy;32;60;0;0;0;0;0;0;0;0;0;0;0;0;0;0;0;0;1;0;0;0;0;0;0;0;0;1;1;0;2;0;0;0;0;0;0;0;0
60012;Andeville;32;60;0;0;0;0;0;0;0;0;0;0;0;0;0;0;0;0;0;1;0;0;7;0;0;1;3;1;3;5;5;3;2;1;0;3;2;0;3
60013;Angicourt;32;60;0;0;0;0;0;0;0;0;0;0;0;0;0;0;0;0;0;0;0;0;2;0;0;0;3;5;1;2;1;0;0;0;0;0;0;0;1
60014;Angivillers;32;60;0;0;0;0;0;0;0;0;0;0;0;0;0;0;0;0;0;0;0;0;1;0;0;0;0;0;1;0;0;0;0;0;0;0;1;0;0
60015;Angy;32;60;0;0;0;0;0;0;0;0;0;0;0;0;0;0;0;0;0;0;0;0;1;1;0;0;0;2;1;0;2;2;3;0;0;3;1;0;1
60016;Ansacq;32;60;0;0;0;0;0;0;0;0;0;0;0;0;0;0;0;0;0;0;0;0;0;0;0;0;0;1;0;0;0;1;0;0;0;0;0;0;0
60017;Ansauvillers;32;60;0;0;0;0;0;0;0;0;0;0;0;0;0;0;0;0;0;1;0;0;3;0;0;0;2;2;1;2;1;1;0;0;0;0;0;0;1
60019;Antheuil-Portes;32;60;0;0;0;0;0;0;0;0;0;0;0;0;0;0;0;0;0;0;1;0;0;0;0;0;0;0;0;0;0;0;0;0;0;0;0;0;0
60020;Antilly;32;60;0;0;0;0;0;0;0;0;0;0;0;0;0;0;0;0;0;0;0;0;1;0;0;0;0;0;1;0;0;0;0;0;0;1;0;0;0
60021;Appilly;32;60;0;0;0;0;0;0;0;0;0;0;0;0;0;0;0;0;0;0;1;0;0;0;0;0;0;0;0;1;1;0;1;0;0;1;0;0;0
60022;Apremont;32;60;0;0;0;0;0;0;0;0;0;0;0;0;0;0;0;0;0;0;0;0;0;0;0;0;1;0;0;0;0;0;0;0;0;2;1;0;0
60023;Armancourt;32;60;0;0;0;0;0;0;0;0;0;0;0;0;0;0;0;0;0;0;0;0;1;0;0;0;1;2;2;0;1;0;1;0;0;1;0;0;1
60024;Arsy;32;60;0;0;0;0;0;0;0;0;0;0;0;0;0;0;0;0;0;0;1;0;4;0;0;0;0;2;1;1;2;1;0;0;0;0;0;0;0
60025;Attichy;32;60;0;1;0;0;0;0;0;0;0;0;1;0;0;0;0;0;0;1;0;0;2;1;0;1;3;3;1;3;2;1;2;0;0;3;0;0;0
60026;Auchy-la-Montagne;32;60;0;0;0;0;0;0;0;0;0;0;0;0;0;0;0;0;0;0;1;0;0;0;0;0;3;0;0;1;2;0;0;0;0;2;0;0;0
60027;Auger-Saint-Vincent;32;60;0;0;0;0;0;0;0;0;0;0;0;0;0;0;0;0;1;0;0;0;1;0;0;0;2;0;0;0;0;0;0;0;0;1;0;0;0
60028;Aumont-en-Halatte;32;60;0;0;0;0;0;0;0;0;0;0;0;0;0;0;0;0;0;0;0;0;0;0;0;0;0;0;0;0;0;2;0;0;0;0;0;0;1
60029;Auneuil;32;60;0;1;0;0;0;0;0;0;0;0;1;0;0;0;0;2;1;1;0;0;6;1;0;1;6;3;4;4;1;2;3;1;0;3;0;0;2
60030;Auteuil;32;60;0;0;0;0;0;0;0;0;0;0;0;0;0;0;0;0;0;0;0;0;2;0;0;0;1;1;0;3;3;0;0;0;0;0;0;0;0
60031;Autheuil-en-Valois;32;60;0;0;0;0;0;0;0;0;0;0;0;0;0;0;0;0;0;0;0;0;0;0;0;0;0;0;1;1;0;0;0;0;0;0;0;0;0
60032;Autrêches;32;60;0;0;0;0;0;0;0;0;0;0;0;0;0;0;0;0;0;1;0;0;0;0;0;0;3;0;3;3;1;0;0;0;0;0;0;0;1
60033;Avilly-Saint-Léonard;32;60;0;0;0;0;0;0;0;0;0;0;0;0;0;0;0;0;0;0;0;0;0;0;0;0;1;0;1;1;1;1;0;0;0;0;1;0;0
60034;Avrechy;32;60;0;0;0;0;0;0;0;0;0;0;0;0;0;0;0;0;1;0;0;0;1;0;0;0;0;1;1;4;2;1;2;0;0;2;0;0;2
60035;Avricourt;32;60;0;0;0;0;0;0;0;0;0;0;0;0;0;0;0;0;0;0;0;0;1;0;0;0;0;0;0;0;0;0;0;0;0;0;0;0;0
60036;Avrigny;32;60;0;0;0;0;0;0;0;0;0;0;0;0;0;0;0;0;0;0;1;0;2;0;3;0;0;0;1;0;0;0;0;0;0;0;0;0;0
60037;Baboeuf;32;60;0;0;0;0;0;0;0;0;0;0;0;0;0;0;0;0;0;0;0;1;0;0;0;0;1;0;1;0;0;0;1;0;0;0;0;0;0
60038;Bachivillers;32;60;0;0;0;0;0;0;0;0;0;0;0;0;0;0;0;0;0;0;0;0;0;0;0;0;1;0;2;0;0;0;4;0;0;1;1;0;0
60039;Bacouël;32;60;0;0;0;0;0;0;0;0;0;0;0;0;0;0;0;0;0;0;1;0;1;0;0;0;0;0;1;0;1;0;0;0;0;0;0;0;0
60040;Bailleul-le-Soc;32;60;0;0;0;0;0;0;0;0;0;0;0;0;0;0;0;0;0;0;0;1;1;0;0;0;0;2;2;2;2;1;2;0;0;0;0;0;0
60041;Bailleul-sur-Thérain;32;60;0;0;0;0;0;0;0;0;0;0;0;0;0;0;0;0;0;1;0;0;2;0;0;0;3;0;2;0;2;1;2;0;0;2;2;0;0
60042;Bailleval;32;60;0;0;0;0;0;0;0;0;0;0;0;0;0;0;0;0;0;0;0;0;3;0;0;0;3;2;2;5;5;0;0;0;0;0;1;0;1
60043;Bailly;32;60;0;0;0;0;0;0;0;0;0;0;0;0;0;0;0;0;0;0;0;0;0;0;0;0;0;2;1;2;0;1;1;0;0;1;0;0;0
60044;Balagny-sur-Thérain;32;60;0;0;0;0;0;0;0;0;0;0;0;0;0;0;0;0;0;1;0;0;2;0;0;0;1;1;2;5;6;2;4;0;0;2;0;0;0
60045;Barbery;32;60;0;0;0;0;0;0;0;0;0;0;0;0;0;0;0;0;0;0;0;1;2;0;0;0;2;0;2;3;0;2;0;0;0;1;0;0;0
60046;Bargny;32;60;0;0;0;0;0;0;0;0;0;0;0;0;0;0;0;0;0;0;0;0;0;0;0;0;0;0;0;0;0;0;0;0;0;1;0;0;0
60047;Baron;32;60;0;0;0;0;0;0;0;0;0;0;0;0;0;0;0;0;0;0;0;1;0;0;0;0;0;1;2;2;4;2;2;0;0;1;0;0;0
60048;Baugy;32;60;0;0;0;0;0;0;0;0;0;0;0;0;0;0;0;0;0;0;0;0;1;0;0;0;0;0;0;1;0;0;0;0;0;0;0;0;0
60049;Bazancourt;32;60;0;0;0;0;0;0;0;0;0;0;0;0;0;0;0;0;0;0;0;0;0;0;0;0;0;0;0;0;0;0;0;0;0;0;0;0;0
60050;Bazicourt;32;60;0;0;0;0;0;0;0;0;0;0;0;0;0;0;0;0;0;0;0;0;1;0;0;0;0;1;1;0;0;1;0;0;0;0;0;0;0
60051;Beaudéduit;32;60;0;0;0;0;0;0;0;0;0;0;0;0;0;0;0;0;0;0;0;0;0;0;0;0;0;0;2;1;0;0;0;0;0;0;0;0;0
60052;Beaugies-sous-Bois;32;60;0;0;0;0;0;0;0;0;0;0;0;0;0;0;0;0;0;0;0;0;0;0;0;0;0;0;0;0;0;0;0;0;0;0;0;0;0
60053;Beaulieu-les-Fontaines;32;60;0;0;0;0;0;0;0;0;0;0;0;0;0;0;0;0;0;0;0;1;1;0;0;0;0;0;1;1;0;0;2;0;0;0;0;0;1
60054;Beaumont-les-Nonains;32;60;0;0;0;0;0;0;0;0;0;0;0;0;0;0;0;0;0;0;0;0;0;0;0;0;1;1;1;2;3;1;0;0;0;0;0;0;0
60055;Beaurains-lès-Noyon;32;60;0;0;0;0;0;0;0;0;0;0;0;0;0;0;0;0;0;0;0;0;0;0;0;0;1;0;0;0;1;0;0;0;0;0;0;0;0
60056;Beaurepaire;32;60;0;0;0;0;0;0;0;0;0;0;0;0;0;0;0;0;0;0;0;0;0;0;0;0;0;0;0;0;0;0;0;0;0;0;0;0;0
60057;Beauvais;32;60;1;1;0;1;1;1;1;0;0;0;14;2;0;0;0;33;8;7;0;0;76;7;13;27;89;84;55;63;46;55;104;7;22;183;48;10;46
60058;Beauvoir;32;60;0;0;0;0;0;0;0;0;0;0;0;0;0;0;0;0;0;0;0;0;0;0;0;0;0;1;1;1;0;0;0;0;0;0;0;0;0
60059;Béhéricourt;32;60;0;0;0;0;0;0;0;0;0;0;0;0;0;0;0;0;0;0;0;0;0;0;0;0;0;1;0;0;0;0;0;0;0;0;0;0;0
60060;Belle-Église;32;60;0;0;0;0;0;0;0;0;0;0;0;0;0;0;0;0;0;0;0;0;0;0;0;0;2;0;2;0;1;1;0;0;0;3;2;0;4
60061;Belloy;32;60;0;0;0;0;0;0;0;0;0;0;0;0;0;0;0;0;0;0;0;0;0;0;0;0;0;0;0;0;0;0;0;0;0;0;0;0;0
60062;Berlancourt;32;60;0;0;0;0;0;0;0;0;0;0;0;0;0;0;0;0;0;0;0;0;0;0;0;0;1;0;2;2;1;0;0;0;0;0;0;0;0
60063;Berneuil-en-Bray;32;60;0;0;0;0;0;0;0;0;0;0;0;0;0;0;0;0;0;0;0;0;0;0;0;0;1;0;4;1;1;2;0;1;0;0;1;0;0
60064;Berneuil-sur-Aisne;32;60;0;0;0;0;0;0;0;0;0;0;0;0;0;0;0;0;0;0;0;0;3;0;0;1;1;1;1;2;2;1;0;0;0;1;1;0;0
60065;Berthecourt;32;60;0;0;0;0;0;0;0;0;0;0;0;0;0;0;0;0;1;0;0;1;3;0;0;0;2;2;5;1;3;1;1;0;0;3;0;0;0
60066;Béthancourt-en-Valois;32;60;0;0;0;0;0;0;0;0;0;0;0;0;0;0;0;0;0;0;0;0;0;0;0;0;1;0;0;2;1;0;0;0;0;0;0;0;0
60067;Béthisy-Saint-Martin;32;60;0;0;0;0;0;0;0;0;0;0;0;0;0;0;0;0;1;0;0;0;4;0;0;0;2;1;0;1;1;0;2;0;0;0;0;0;0
60068;Béthisy-Saint-Pierre;32;60;0;0;0;0;0;0;0;0;0;0;0;0;0;0;0;2;2;1;0;0;2;0;0;1;5;2;1;8;3;4;4;0;0;4;3;0;1
60069;Betz;32;60;0;1;0;0;0;0;0;0;0;0;0;0;0;0;0;0;0;1;0;0;1;0;0;1;2;1;0;0;1;0;1;0;0;2;1;0;0
60070;Bienville;32;60;0;0;0;0;0;0;0;0;0;0;0;0;0;0;0;0;0;0;0;0;0;0;0;0;0;2;0;2;0;1;0;0;0;1;0;0;0
60071;Biermont;32;60;0;0;0;0;0;0;0;0;0;0;0;0;0;0;0;0;0;0;0;0;0;0;0;0;1;0;0;0;0;0;0;0;0;1;0;0;0
60072;Bitry;32;60;0;0;0;0;0;0;0;0;0;0;0;0;0;0;0;0;0;0;0;0;0;0;0;0;0;0;0;1;0;0;0;0;0;0;0;0;0
60073;Blacourt;32;60;0;0;0;0;0;0;0;0;0;0;0;0;0;0;0;0;0;0;0;0;0;0;0;0;3;0;0;3;0;0;1;0;0;0;0;0;0
60074;Blaincourt-lès-Précy;32;60;0;0;0;0;0;0;0;0;0;0;0;0;0;0;0;0;0;0;0;0;1;0;0;0;1;0;0;2;2;1;1;0;0;1;0;0;1
60075;Blancfossé;32;60;0;0;0;0;0;0;0;0;0;0;0;0;0;0;0;0;0;0;0;0;0;0;0;0;0;0;0;0;0;0;0;0;0;0;0;0;0
60076;Blargies;32;60;0;0;0;0;0;0;0;0;0;0;0;0;0;0;0;0;0;0;0;0;0;0;0;0;1;0;1;3;1;0;2;0;0;0;0;0;0
60077;Blicourt;32;60;0;0;0;0;0;0;0;0;0;0;0;0;0;0;0;0;0;0;0;0;0;0;0;0;0;0;0;1;3;0;2;0;0;0;0;0;0
60078;Blincourt;32;60;0;0;0;0;0;0;0;0;0;0;0;0;0;0;0;0;0;0;0;0;0;0;0;0;0;0;0;0;0;0;0;0;0;1;0;0;0
60079;Boissy-Fresnoy;32;60;0;0;0;0;0;0;0;0;0;0;0;0;0;0;0;0;0;0;0;0;2;0;0;0;1;0;2;0;1;1;1;0;0;0;0;0;1
60080;Boissy-le-Bois;32;60;0;0;0;0;0;0;0;0;0;0;0;0;0;0;0;0;0;0;0;0;0;0;0;0;0;0;1;2;1;0;1;0;0;0;0;0;0
60081;Bonlier;32;60;0;0;0;0;0;0;0;0;0;0;0;0;0;0;0;0;0;0;0;0;2;0;0;0;3;1;1;2;0;1;0;0;0;0;0;0;0
60082;Bonneuil-les-Eaux;32;60;0;0;0;0;0;0;0;0;0;0;0;0;0;0;0;0;0;0;0;1;2;0;0;0;1;1;2;1;1;0;0;0;0;0;0;0;0
60083;Bonneuil-en-Valois;32;60;0;0;0;0;0;0;0;0;0;0;0;0;0;0;0;0;1;0;0;1;0;0;0;1;2;1;1;0;1;0;2;0;0;1;0;0;0
60084;Bonnières;32;60;0;0;0;0;0;0;0;0;0;0;0;0;0;0;0;0;0;0;0;0;0;0;0;0;1;1;1;0;1;0;0;0;0;0;0;0;0
60085;Bonvillers;32;60;0;0;0;0;0;0;0;0;0;0;0;0;0;0;0;0;0;0;0;0;0;0;0;0;0;0;0;0;1;0;0;0;0;0;0;0;0
60086;Boran-sur-Oise;32;60;0;0;0;0;0;0;0;0;0;0;0;0;0;0;0;2;0;1;0;0;4;0;0;2;3;1;3;2;3;2;3;0;0;4;0;0;1
60087;Borest;32;60;0;0;0;0;0;0;0;0;0;0;0;0;0;0;0;0;0;0;0;0;0;0;0;0;1;0;1;0;1;0;0;0;0;0;0;0;1
60088;Bornel;32;60;0;0;0;0;0;0;0;0;0;0;0;0;0;0;0;1;0;1;0;0;9;0;0;1;11;5;10;9;4;5;4;0;0;6;2;0;2
60089;Boubiers;32;60;0;0;0;0;0;0;0;0;0;0;0;0;0;0;0;0;0;0;0;0;1;0;0;0;0;0;0;1;1;1;0;0;0;0;1;0;0
60090;Bouconvillers;32;60;0;0;0;0;0;0;0;0;0;0;0;0;0;0;0;0;0;0;0;0;3;0;0;0;2;0;1;0;0;0;0;0;0;2;1;0;0
60091;Bouillancy;32;60;0;0;0;0;0;0;0;0;0;0;0;0;0;0;0;0;0;0;0;0;1;0;0;0;1;2;0;0;0;0;0;0;0;0;0;0;0
60092;Boullarre;32;60;0;0;0;0;0;0;0;0;0;0;0;0;0;0;0;0;0;0;0;0;0;0;0;0;2;0;0;0;1;0;0;0;0;0;0;0;0
60093;Boulogne-la-Grasse;32;60;0;0;0;0;0;0;0;0;0;0;0;0;0;0;0;0;0;0;0;0;0;0;0;0;0;0;1;3;0;1;0;0;0;0;0;0;0
60094;Boursonne;32;60;0;0;0;0;0;0;0;0;0;0;0;0;0;0;0;0;0;0;0;1;0;0;0;0;0;0;0;0;0;0;0;0;0;1;0;0;0
60095;Boury-en-Vexin;32;60;0;0;0;0;0;0;0;0;0;0;0;0;0;0;0;0;0;0;0;0;0;0;0;0;1;1;1;2;0;1;0;0;0;0;1;0;1
60096;Boutavent;32;60;0;0;0;0;0;0;0;0;0;0;0;0;0;0;0;0;0;0;0;0;1;0;0;0;0;0;1;0;2;0;0;0;0;0;0;0;0
60097;Boutencourt;32;60;0;0;0;0;0;0;0;0;0;0;0;0;0;0;0;0;0;0;0;0;0;0;0;0;1;0;0;1;0;0;0;0;0;0;0;0;0
60098;Bouvresse;32;60;0;0;0;0;0;0;0;0;0;0;0;0;0;0;0;0;0;0;0;0;0;0;0;0;1;2;2;1;0;0;0;0;0;0;0;0;1
60099;Braisnes-sur-Aronde;32;60;0;0;0;0;0;0;0;0;0;0;0;0;0;0;0;0;0;0;0;0;0;0;0;0;0;0;0;0;0;1;0;0;0;0;0;0;0
60100;Brasseuse;32;60;0;0;0;0;0;0;0;0;0;0;0;0;0;0;0;0;0;0;0;0;0;0;0;0;0;0;0;0;1;0;0;0;0;0;0;0;1
60101;Brégy;32;60;0;0;0;0;0;0;0;0;0;0;0;0;0;0;0;0;0;0;0;0;0;0;0;0;0;1;4;3;0;0;0;0;0;1;0;0;0
60102;Brenouille;32;60;0;1;0;0;0;0;0;0;0;0;0;0;0;0;0;0;0;0;0;0;0;0;0;0;1;2;2;2;0;0;2;0;0;2;2;0;3
60103;Bresles;32;60;0;1;0;0;0;0;0;0;0;0;1;0;0;0;0;3;2;1;0;0;7;1;0;1;5;5;14;7;3;4;7;2;0;6;2;1;4
60104;Breteuil;32;60;0;1;0;0;0;0;0;0;0;0;1;0;1;0;0;6;3;1;0;0;14;1;0;2;4;1;7;5;2;0;8;1;2;14;5;1;2
60105;Brétigny;32;60;0;0;0;0;0;0;0;0;0;0;0;0;0;0;0;0;0;0;0;0;1;0;0;0;0;2;0;1;0;0;0;0;0;0;0;0;0
60106;Breuil-le-Sec;32;60;0;0;0;0;0;0;0;0;0;0;0;0;0;0;0;0;0;1;0;0;3;1;0;0;5;1;3;4;4;1;4;0;0;0;2;0;1
60107;Breuil-le-Vert;32;60;0;0;0;0;0;0;0;0;0;0;0;0;0;0;0;0;0;0;0;0;3;1;0;1;6;3;3;7;4;3;2;1;0;8;4;0;2
60108;Briot;32;60;0;0;0;0;0;0;0;0;0;0;0;0;0;0;0;0;0;0;0;0;0;0;0;0;0;0;0;3;0;0;0;0;0;0;0;0;1
60109;Brombos;32;60;0;0;0;0;0;0;0;0;0;0;0;0;0;0;0;0;0;0;0;0;0;0;0;0;0;0;1;0;0;0;1;0;0;0;0;0;0
60110;Broquiers;32;60;0;0;0;0;0;0;0;0;0;0;0;0;0;0;0;0;0;0;0;0;0;0;0;0;0;0;0;1;0;0;0;0;0;0;0;0;1
60111;Broyes;32;60;0;0;0;0;0;0;0;0;0;0;0;0;0;0;0;0;0;0;0;0;1;0;0;0;0;0;1;1;0;0;0;0;0;0;0;0;0
60112;Brunvillers-la-Motte;32;60;0;0;0;0;0;0;0;0;0;0;0;0;0;0;0;0;0;0;0;0;0;0;0;0;0;0;0;0;1;0;0;0;0;0;1;0;0
60113;Bucamps;32;60;0;0;0;0;0;0;0;0;0;0;0;0;0;0;0;0;0;0;0;0;0;0;0;0;0;0;0;0;0;1;0;0;0;0;0;0;0
60114;Buicourt;32;60;0;0;0;0;0;0;0;0;0;0;0;0;0;0;0;0;0;0;0;0;0;0;0;0;1;0;0;0;0;0;0;0;0;0;0;0;0
60115;Bulles;32;60;0;0;0;0;0;0;0;0;0;0;0;0;0;0;0;0;0;1;0;0;1;0;0;0;2;2;2;1;1;0;1;0;0;0;0;0;0
60116;Bury;32;60;0;0;0;0;0;0;0;0;0;0;0;0;0;0;0;0;0;1;0;0;7;0;0;1;2;1;5;1;4;1;3;0;0;1;1;1;3
60117;Bussy;32;60;0;0;0;0;0;0;0;0;0;0;0;0;0;0;0;0;0;0;0;0;2;0;0;0;0;0;2;1;0;0;0;0;0;0;0;0;1
60118;Caisnes;32;60;0;0;0;0;0;0;0;0;0;0;0;0;0;0;0;0;0;0;0;0;0;0;0;0;0;1;0;0;2;1;0;0;0;1;0;0;0
60119;Cambronne-lès-Ribécourt;32;60;0;0;0;0;0;0;0;0;0;0;0;0;0;0;0;0;0;0;0;0;3;0;0;1;1;2;2;1;2;1;0;0;0;2;1;0;3
60120;Cambronne-lès-Clermont;32;60;0;0;0;0;0;0;0;0;0;0;0;0;0;0;0;0;0;0;0;0;0;0;0;0;1;2;2;0;2;0;0;0;0;0;1;0;0
60121;Campagne;32;60;0;0;0;0;0;0;0;0;0;0;0;0;0;0;0;0;0;0;0;0;0;0;0;0;0;0;0;0;0;0;1;0;0;0;0;0;0
60122;Campeaux;32;60;0;0;0;0;0;0;0;0;0;0;0;0;0;0;0;0;0;0;0;0;1;0;0;0;2;1;5;2;0;0;0;0;0;0;0;0;0
60123;Campremy;32;60;0;0;0;0;0;0;0;0;0;0;0;0;0;0;0;0;0;0;0;0;0;0;0;0;1;2;1;1;1;0;0;0;0;0;0;0;1
60124;Candor;32;60;0;0;0;0;0;0;0;0;0;0;0;0;0;0;0;0;0;0;0;0;0;0;0;1;0;0;0;1;0;0;0;0;0;0;0;0;0
60125;Canly;32;60;0;0;0;0;0;0;0;0;0;0;0;0;0;0;0;0;0;0;1;0;1;0;0;0;0;0;0;3;1;1;3;0;0;0;1;0;0
60126;Cannectancourt;32;60;0;0;0;0;0;0;0;0;0;0;0;0;0;0;0;0;0;0;0;0;0;0;0;0;0;2;2;0;0;0;0;0;0;0;0;0;0
60127;Canny-sur-Matz;32;60;0;0;0;0;0;0;0;0;0;0;0;0;0;0;0;0;0;0;0;0;0;0;0;0;0;1;1;0;1;0;0;0;0;0;0;0;0
60128;Canny-sur-Thérain;32;60;0;0;0;0;0;0;0;0;0;0;0;0;0;0;0;0;0;0;0;0;0;0;0;0;3;0;0;1;0;0;0;0;0;0;0;0;0
60129;Carlepont;32;60;0;0;0;0;0;0;0;0;0;0;0;0;0;0;0;0;0;0;0;1;1;0;0;0;2;2;3;2;0;0;1;0;0;0;1;0;0
60130;Catenoy;32;60;0;1;0;0;0;0;0;0;0;0;0;0;0;0;0;0;0;0;0;1;2;0;0;0;1;1;2;2;1;1;0;0;0;2;0;0;0
60131;Catheux;32;60;0;0;0;0;0;0;0;0;0;0;0;0;0;0;0;0;0;0;0;0;0;0;0;0;0;1;0;0;0;0;0;0;0;0;0;0;0
60132;Catigny;32;60;0;0;0;0;0;0;0;0;0;0;0;0;0;0;0;0;0;0;0;0;0;0;0;0;0;0;0;0;0;0;0;0;0;0;0;0;0
60133;Catillon-Fumechon;32;60;0;0;0;0;0;0;0;0;0;0;0;0;0;0;0;0;0;0;0;0;1;0;0;0;0;0;0;0;0;0;1;0;0;0;0;0;0
60134;Cauffry;32;60;0;0;0;0;0;0;0;0;0;0;0;0;0;0;0;0;0;0;0;0;4;0;0;0;2;3;2;4;0;4;2;0;0;2;0;1;2
60135;Cauvigny;32;60;0;0;0;0;0;0;0;0;0;0;0;0;0;0;0;0;0;0;0;1;3;0;0;0;2;3;5;5;5;3;1;0;0;0;2;0;3
60136;Cempuis;32;60;0;0;0;0;0;0;0;0;0;0;0;0;0;0;0;0;0;0;0;0;0;0;0;0;0;1;1;4;3;1;0;0;0;0;0;0;0
60137;Cernoy;32;60;0;0;0;0;0;0;0;0;0;0;0;0;0;0;0;0;0;0;0;0;0;0;0;0;0;0;0;0;0;1;0;0;0;0;1;0;1
60138;Chamant;32;60;0;0;0;0;0;0;0;0;0;0;0;0;0;0;0;0;0;0;0;0;2;1;1;0;1;0;0;1;1;2;0;2;0;2;1;0;0
60139;Chambly;32;60;0;1;0;0;0;0;0;0;0;0;1;0;0;0;0;11;2;2;0;0;25;5;1;1;9;7;14;24;17;10;13;3;2;32;14;4;18
60140;Chambors;32;60;0;0;0;0;0;0;0;0;0;0;0;0;0;0;0;0;0;0;0;0;1;0;0;0;0;0;0;1;2;0;0;0;0;0;1;0;0
60141;Chantilly;32;60;1;1;0;0;0;0;0;0;0;0;1;0;0;0;0;13;2;1;0;0;6;1;1;4;8;10;14;11;7;9;28;11;1;53;25;1;23
60142;La Chapelle-en-Serval;32;60;0;0;0;0;0;0;0;0;0;0;0;0;0;0;0;2;0;1;0;0;3;0;0;1;2;2;5;5;1;3;4;1;0;9;4;1;3
60143;Chaumont-en-Vexin;32;60;0;1;0;0;0;0;0;0;0;0;1;0;0;0;0;5;1;1;0;0;7;0;0;1;6;3;2;6;4;0;3;1;0;10;7;0;4
60144;Chavençon;32;60;0;0;0;0;0;0;0;0;0;0;0;0;0;0;0;0;0;0;0;0;0;0;0;0;0;0;0;2;0;0;0;0;0;0;0;0;1
60145;Chelles;32;60;0;0;0;0;0;0;0;0;0;0;0;0;0;0;0;0;0;0;0;0;1;0;0;0;1;0;2;0;0;0;1;0;0;1;0;0;0
60146;Chepoix;32;60;0;0;0;0;0;0;0;0;0;0;0;0;0;0;0;0;0;0;0;0;0;0;0;0;0;0;0;0;1;0;0;0;0;0;0;0;0
60147;Chevincourt;32;60;0;0;0;0;0;0;0;0;0;0;0;0;0;0;0;0;0;0;0;0;0;0;0;0;0;0;0;1;2;0;0;0;0;0;0;0;0
60148;Chèvreville;32;60;0;0;0;0;0;0;0;0;0;0;0;0;0;0;0;0;0;0;0;0;0;0;0;0;2;0;0;0;1;0;0;0;0;1;0;0;0
60149;Chevrières;32;60;0;0;0;0;0;0;0;0;0;0;0;0;0;0;0;1;0;1;0;0;3;0;0;2;3;2;4;7;3;0;3;1;0;3;2;0;1
60150;Chiry-Ourscamp;32;60;0;0;0;0;0;0;0;0;0;0;0;0;0;0;0;0;0;1;0;0;0;0;0;0;5;0;1;4;3;0;1;0;0;3;2;0;0
60151;Choisy-au-Bac;32;60;0;1;0;0;0;0;0;0;0;0;0;0;0;0;0;1;0;1;0;0;6;1;0;2;4;4;1;3;5;1;2;0;0;6;6;1;3
60152;Choisy-la-Victoire;32;60;0;0;0;0;0;0;0;0;0;0;0;0;0;0;0;0;0;0;0;0;0;0;0;0;0;0;1;1;1;0;1;0;0;0;1;0;0
60153;Choqueuse-les-Bénards;32;60;0;0;0;0;0;0;0;0;0;0;0;0;0;0;0;0;0;0;0;0;0;0;0;0;0;1;0;1;0;0;0;0;0;0;0;0;0
60154;Cinqueux;32;60;0;0;0;0;0;0;0;0;0;0;0;0;0;0;0;0;0;1;0;0;4;0;0;0;1;0;0;2;2;1;3;1;0;0;1;0;2
60155;Cires-lès-Mello;32;60;0;1;0;0;0;0;0;0;0;0;0;0;0;0;0;2;0;1;0;0;4;0;0;1;2;4;4;2;2;2;2;0;0;4;1;0;4
60156;Clairoix;32;60;0;0;0;0;0;0;0;0;0;0;0;0;0;0;0;0;0;0;0;1;4;0;1;0;4;3;1;5;7;3;3;1;0;6;0;0;0
60157;Clermont;32;60;0;1;0;0;0;0;0;0;0;0;6;1;0;0;0;12;4;2;0;0;12;0;4;6;4;4;6;9;8;5;20;2;1;35;20;4;10
60158;Coivrel;32;60;0;0;0;0;0;0;0;0;0;0;0;0;0;0;0;0;0;0;0;0;0;0;0;0;0;0;0;1;0;0;1;0;0;0;0;0;0
60159;Compiègne;32;60;1;0;0;1;1;1;1;0;0;0;8;1;0;0;0;41;6;4;1;0;43;4;12;11;17;31;11;34;19;32;60;3;24;130;58;10;23
60160;Conchy-les-Pots;32;60;0;0;0;0;0;0;0;0;0;0;0;0;0;0;0;0;0;0;1;0;2;0;0;0;1;1;1;1;1;0;0;0;0;2;0;0;1
60161;Conteville;32;60;0;0;0;0;0;0;0;0;0;0;0;0;0;0;0;0;0;0;0;0;0;0;0;0;0;0;1;0;0;0;0;0;0;0;0;0;0
60162;Corbeil-Cerf;32;60;0;0;0;0;0;0;0;0;0;0;0;0;0;0;0;0;0;0;0;0;0;0;0;0;0;0;0;1;1;0;0;0;0;1;0;0;0
60163;Cormeilles;32;60;0;0;0;0;0;0;0;0;0;0;0;0;0;0;0;0;0;0;0;0;1;0;0;0;0;2;0;1;0;0;0;0;0;0;0;0;0
60164;Le Coudray-Saint-Germer;32;60;0;1;0;0;0;0;0;0;0;0;0;0;0;0;0;0;0;1;0;0;2;0;0;0;2;0;2;3;1;0;1;0;0;0;2;0;1
60165;Le Coudray-sur-Thelle;32;60;0;0;0;0;0;0;0;0;0;0;0;0;0;0;0;0;0;0;0;0;2;0;0;0;1;0;0;1;0;1;0;0;0;0;0;0;0
60166;Coudun;32;60;0;0;0;0;0;0;0;0;0;0;0;0;0;0;0;0;0;0;0;1;2;0;0;0;0;2;0;3;1;1;2;0;0;2;0;0;1
60167;Couloisy;32;60;0;0;0;0;0;0;0;0;0;0;0;0;0;0;0;0;0;0;0;0;0;0;0;1;2;0;0;0;0;1;0;0;0;1;0;0;2
60168;Courcelles-Epayelles;32;60;0;0;0;0;0;0;0;0;0;0;0;0;0;0;0;0;0;0;0;0;1;0;0;0;0;0;1;0;0;1;0;0;0;0;0;0;1
60169;Courcelles-lès-Gisors;32;60;0;0;0;0;0;0;0;0;0;0;0;0;0;0;0;0;0;0;1;0;5;0;0;1;2;2;0;1;1;1;0;0;0;1;0;0;0
60170;Courteuil;32;60;0;0;0;0;0;0;0;0;0;0;0;0;0;0;0;0;0;0;0;0;0;0;0;0;1;2;0;1;0;1;0;0;0;0;0;0;0
60171;Courtieux;32;60;0;0;0;0;0;0;0;0;0;0;0;0;0;0;0;0;0;0;0;0;0;0;0;0;0;0;0;0;0;0;0;0;0;0;0;0;0
60172;Coye-la-Forêt;32;60;0;0;0;0;0;0;0;0;0;0;0;0;0;0;0;3;0;1;0;0;2;0;0;0;1;1;3;5;3;4;3;3;0;5;6;0;2
60173;Cramoisy;32;60;0;0;0;0;0;0;0;0;0;0;0;0;0;0;0;0;0;0;0;0;0;0;0;0;1;2;0;4;1;2;0;0;0;0;0;0;0
60174;Crapeaumesnil;32;60;0;0;0;0;0;0;0;0;0;0;0;0;0;0;0;0;0;0;0;0;0;0;0;0;0;0;0;0;0;0;0;0;0;0;0;0;1
60175;Creil;32;60;1;0;0;0;0;1;0;1;0;0;5;0;0;1;0;23;3;3;1;0;39;3;3;14;31;34;14;39;34;35;45;3;11;131;18;7;13
60176;Crépy-en-Valois;32;60;0;1;0;0;0;0;0;0;0;0;1;1;0;0;0;12;5;1;0;0;22;2;0;10;8;6;11;26;18;8;20;6;2;42;13;3;11
60177;Cressonsacq;32;60;0;0;0;0;0;0;0;0;0;0;0;0;0;0;0;0;0;0;0;0;0;0;0;0;0;0;0;0;0;0;0;0;0;1;1;0;0
60178;Crèvecoeur-le-Grand;32;60;0;1;0;0;0;0;0;0;0;0;0;0;1;0;0;4;3;1;0;0;7;1;0;1;1;10;0;3;2;1;6;2;0;6;2;1;3
60179;Crèvecoeur-le-Petit;32;60;0;0;0;0;0;0;0;0;0;0;0;0;0;0;0;0;0;0;0;0;0;0;0;0;0;2;1;1;0;0;0;0;0;0;0;0;0
60180;Crillon;32;60;0;0;0;0;0;0;0;0;0;0;0;0;0;0;0;0;0;0;1;0;2;0;0;0;1;1;2;0;1;1;0;0;0;1;0;0;1
60181;Crisolles;32;60;0;0;0;0;0;0;0;0;0;0;0;0;0;0;0;0;0;0;1;0;0;0;0;0;0;2;2;1;0;0;1;0;0;0;0;0;1
60182;Le Crocq;32;60;0;0;0;0;0;0;0;0;0;0;0;0;0;0;0;0;0;0;0;0;0;0;0;0;2;0;1;0;0;0;0;0;0;0;0;0;0
60183;Croissy-sur-Celle;32;60;0;0;0;0;0;0;0;0;0;0;0;0;0;0;0;0;0;0;0;0;0;0;0;0;0;0;0;0;1;0;0;0;0;0;0;0;0
60184;Croutoy;32;60;0;0;0;0;0;0;0;0;0;0;0;0;0;0;0;0;0;0;0;0;0;0;0;0;0;0;0;0;0;0;0;0;0;0;1;0;0
60185;Crouy-en-Thelle;32;60;0;0;0;0;0;0;0;0;0;0;0;0;0;0;0;0;0;0;0;0;1;0;0;0;0;2;2;4;1;0;0;0;0;1;0;0;0
60186;Cuignières;32;60;0;0;0;0;0;0;0;0;0;0;0;0;0;0;0;0;0;0;0;0;1;0;0;0;0;0;1;0;0;0;0;0;0;0;0;0;0
60187;Cuigy-en-Bray;32;60;0;0;0;0;0;0;0;0;0;0;0;0;0;0;0;0;0;0;0;0;0;0;0;0;1;1;3;4;2;0;1;0;0;1;3;0;0
60188;Cuise-la-Motte;32;60;0;0;0;0;0;0;0;0;0;0;0;0;0;0;0;5;1;1;0;0;4;1;0;1;1;4;1;4;1;0;6;0;0;2;4;0;3
60189;Cuts;32;60;0;0;0;0;0;0;0;0;0;0;0;0;0;0;0;0;0;0;0;1;0;0;0;0;0;2;1;3;1;0;1;3;0;1;0;0;0
60190;Cuvergnon;32;60;0;0;0;0;0;0;0;0;0;0;0;0;0;0;0;0;0;0;0;0;0;0;0;0;0;0;0;1;0;0;0;0;0;0;0;1;1
60191;Cuvilly;32;60;0;0;0;0;0;0;0;0;0;0;0;0;0;0;0;0;0;0;1;0;3;0;0;0;0;1;0;1;0;1;1;0;0;2;0;0;0
60192;Cuy;32;60;0;0;0;0;0;0;0;0;0;0;0;0;0;0;0;0;0;0;0;0;0;0;0;0;0;0;1;0;1;1;0;0;0;0;1;0;0
60193;Daméraucourt;32;60;0;0;0;0;0;0;0;0;0;0;0;0;0;0;0;0;0;0;0;0;0;0;0;0;1;1;0;1;1;0;0;0;0;0;0;0;0
60194;Dargies;32;60;0;0;0;0;0;0;0;0;0;0;0;0;0;0;0;0;0;0;0;0;0;0;0;0;1;0;0;0;0;0;2;0;0;0;0;0;0
60195;Delincourt;32;60;0;0;0;0;0;0;0;0;0;0;0;0;0;0;0;0;0;0;0;0;0;0;0;0;3;0;0;1;0;1;0;0;0;0;0;0;0
60196;Le Déluge;32;60;0;0;0;0;0;0;0;0;0;0;0;0;0;0;0;0;0;0;0;0;1;0;0;0;2;0;1;2;2;0;2;0;0;0;1;0;0
60197;Dieudonné;32;60;0;0;0;0;0;0;0;0;0;0;0;0;0;0;0;0;0;0;0;0;0;0;0;0;2;0;3;2;1;0;0;0;0;0;1;0;0
60198;Dives;32;60;0;0;0;0;0;0;0;0;0;0;0;0;0;0;0;0;0;0;0;0;0;0;0;0;0;0;0;0;1;1;1;0;0;0;0;0;0
60199;Doméliers;32;60;0;0;0;0;0;0;0;0;0;0;0;0;0;0;0;0;0;0;0;0;1;0;0;0;0;1;0;0;1;0;0;0;0;0;0;0;0
60200;Domfront;32;60;0;0;0;0;0;0;0;0;0;0;0;0;0;0;0;0;0;0;0;0;0;0;0;0;0;0;0;0;0;0;0;0;0;0;0;0;0
60201;Dompierre;32;60;0;0;0;0;0;0;0;0;0;0;0;0;0;0;0;0;0;0;0;0;1;0;0;0;0;0;0;1;0;0;0;0;0;0;0;0;0
60203;Duvy;32;60;0;0;0;0;0;0;0;0;0;0;0;0;0;0;0;0;0;0;1;0;1;0;0;0;0;0;0;0;0;0;0;0;0;1;0;0;2
60204;Écuvilly;32;60;0;0;0;0;0;0;0;0;0;0;0;0;0;0;0;0;0;0;0;0;0;0;0;0;0;0;0;0;1;0;0;0;0;0;0;0;1
60205;Élencourt;32;60;0;0;0;0;0;0;0;0;0;0;0;0;0;0;0;0;0;0;0;0;0;0;0;0;0;0;0;0;0;0;0;0;0;0;0;0;0
60206;Élincourt-Sainte-Marguerite;32;60;0;0;0;0;0;0;0;0;0;0;0;0;0;0;0;0;0;0;1;0;2;0;0;0;0;1;2;3;4;0;1;0;0;0;0;0;1
60207;Éméville;32;60;0;0;0;0;0;0;0;0;0;0;0;0;0;0;0;0;0;0;0;0;0;0;0;0;0;0;0;1;0;0;0;0;0;0;0;0;0
60208;Énencourt-Léage;32;60;0;0;0;0;0;0;0;0;0;0;0;0;0;0;0;0;0;0;0;0;0;0;0;0;0;0;0;0;0;1;0;0;0;0;0;0;0
60209;Énencourt-le-Sec;32;60;0;0;0;0;0;0;0;0;0;0;0;0;0;0;0;0;0;0;0;0;0;0;0;0;0;0;0;1;1;0;0;0;0;0;0;0;0
60210;Épineuse;32;60;0;0;0;0;0;0;0;0;0;0;0;0;0;0;0;0;0;0;0;0;0;0;0;0;0;0;1;1;1;1;0;0;0;0;0;0;0
60211;Éragny-sur-Epte;32;60;0;0;0;0;0;0;0;0;0;0;0;0;0;0;0;0;0;0;1;0;1;0;0;0;1;1;0;2;1;0;0;0;0;0;0;0;0
60212;Ercuis;32;60;0;0;0;0;0;0;0;0;0;0;0;0;0;0;0;0;0;1;0;0;4;0;0;0;2;1;3;3;1;2;1;0;0;0;1;0;1
60213;Ermenonville;32;60;0;0;0;0;0;0;0;0;0;0;0;0;0;0;0;0;0;1;0;0;2;0;0;1;2;3;1;3;1;1;0;1;0;3;0;0;0
60214;Ernemont-Boutavent;32;60;0;0;0;0;0;0;0;0;0;0;0;0;0;0;0;0;0;0;0;0;0;0;0;0;1;0;1;0;0;0;0;0;0;0;0;0;0
60215;Erquery;32;60;0;0;0;0;0;0;0;0;0;0;0;0;0;0;0;0;0;0;0;0;0;0;0;0;1;0;1;0;1;0;0;0;0;0;0;0;1
60216;Erquinvillers;32;60;0;0;0;0;0;0;0;0;0;0;0;0;0;0;0;0;0;0;0;0;1;0;0;0;0;0;1;1;1;0;0;0;0;0;0;0;0
60217;Escames;32;60;0;0;0;0;0;0;0;0;0;0;0;0;0;0;0;0;0;0;0;0;0;0;0;0;0;0;0;2;0;0;0;0;0;1;0;0;0
60218;Esches;32;60;0;0;0;0;0;0;0;0;0;0;0;0;0;0;0;0;0;0;0;0;3;0;0;0;3;0;0;2;1;0;2;0;0;1;0;1;3
60219;Escles-Saint-Pierre;32;60;0;0;0;0;0;0;0;0;0;0;0;0;0;0;0;0;0;0;0;0;0;0;0;0;1;0;1;0;1;0;0;0;0;0;0;0;0
60220;Espaubourg;32;60;0;0;0;0;0;0;0;0;0;0;0;0;0;0;0;0;0;0;0;0;0;0;0;0;2;1;1;1;1;1;2;0;0;1;0;0;0
60221;Esquennoy;32;60;0;0;0;0;0;0;0;0;0;0;0;0;0;0;0;0;0;0;0;0;1;0;0;0;0;1;0;0;0;1;1;0;0;0;0;0;0
60222;Essuiles;32;60;0;0;0;0;0;0;0;0;0;0;0;0;0;0;0;0;0;0;0;0;0;0;0;0;1;2;1;0;1;0;0;0;0;1;1;0;1
60223;Estrées-Saint-Denis;32;60;0;1;0;0;0;0;0;0;0;0;1;0;0;0;0;4;1;1;0;0;9;1;0;1;4;1;1;9;3;0;6;2;0;6;5;0;3
60224;Étavigny;32;60;0;0;0;0;0;0;0;0;0;0;0;0;0;0;0;0;0;0;0;0;0;0;0;0;0;0;1;1;0;0;0;0;0;0;1;0;0
60225;Étouy;32;60;0;0;0;0;0;0;0;0;0;0;0;0;0;0;0;0;0;0;0;1;0;0;0;1;1;1;0;0;2;0;1;0;0;1;0;0;0
60226;Ève;32;60;0;0;0;0;0;0;0;0;0;0;0;0;0;0;0;0;0;0;0;0;0;0;0;0;0;1;0;1;0;0;0;0;0;0;0;0;0
60227;Évricourt;32;60;0;0;0;0;0;0;0;0;0;0;0;0;0;0;0;0;0;0;0;0;0;0;0;0;1;0;0;0;0;0;0;0;0;1;0;0;0
60228;Fay-les-Étangs;32;60;0;0;0;0;0;0;0;0;0;0;0;0;0;0;0;0;0;0;0;0;0;0;0;0;1;1;0;1;1;1;0;0;0;0;0;0;0
60229;Le Fayel;32;60;0;0;0;0;0;0;0;0;0;0;0;0;0;0;0;0;0;0;0;0;0;0;0;0;1;0;0;1;0;1;0;0;0;1;0;0;1
60230;Le Fay-Saint-Quentin;32;60;0;0;0;0;0;0;0;0;0;0;0;0;0;0;0;0;0;0;0;0;0;0;0;0;3;1;2;1;0;1;0;0;0;0;0;0;1
60231;Feigneux;32;60;0;0;0;0;0;0;0;0;0;0;0;0;0;0;0;0;0;0;0;0;0;0;0;0;0;0;1;0;0;0;0;0;0;0;1;0;0
60232;Ferrières;32;60;0;0;0;0;0;0;0;0;0;0;0;0;0;0;0;0;0;0;1;0;0;0;0;0;2;1;2;1;0;1;1;1;0;0;0;0;1
60233;Feuquières;32;60;0;0;0;0;0;0;0;0;0;0;0;0;0;0;0;1;0;1;0;0;3;0;0;1;4;1;0;0;1;0;2;0;0;1;1;0;1
60234;Fitz-James;32;60;0;0;0;0;0;0;0;0;0;0;0;0;0;0;0;0;0;1;0;0;6;2;1;0;5;0;3;2;1;1;4;2;0;2;2;0;1
60235;Flavacourt;32;60;0;0;0;0;0;0;0;0;0;0;0;0;0;0;0;0;0;0;0;0;3;0;0;0;0;0;4;2;1;0;0;0;0;0;0;0;1
60236;Flavy-le-Meldeux;32;60;0;0;0;0;0;0;0;0;0;0;0;0;0;0;0;0;0;0;0;0;0;0;0;0;1;0;0;0;0;0;0;0;0;0;0;0;0
60237;Fléchy;32;60;0;0;0;0;0;0;0;0;0;0;0;0;0;0;0;0;0;0;0;0;0;0;0;0;0;0;0;0;0;0;0;0;0;0;0;0;0
60238;Fleurines;32;60;0;0;0;0;0;0;0;0;0;0;0;0;0;0;0;0;1;1;0;0;1;0;0;0;1;3;2;3;6;0;2;0;0;3;3;0;1
60239;Fleury;32;60;0;0;0;0;0;0;0;0;0;0;0;0;0;0;0;0;0;0;0;0;1;0;0;0;1;0;2;0;2;0;1;0;0;1;1;0;2
60240;Fontaine-Bonneleau;32;60;0;0;0;0;0;0;0;0;0;0;0;0;0;0;0;0;0;0;0;0;0;0;0;0;1;1;0;0;2;1;0;0;0;0;0;0;0
60241;Fontaine-Chaalis;32;60;0;0;0;0;0;0;0;0;0;0;0;0;0;0;0;0;0;0;0;0;0;0;0;0;0;0;1;1;0;0;0;0;0;2;0;0;0
60242;Fontaine-Lavaganne;32;60;0;0;0;0;0;0;0;0;0;0;0;0;0;0;0;0;0;0;0;0;1;0;0;0;2;0;0;0;1;1;0;0;0;1;0;0;0
60243;Fontaine-Saint-Lucien;32;60;0;0;0;0;0;0;0;0;0;0;0;0;0;0;0;0;0;0;0;0;0;0;0;0;0;0;2;1;0;0;0;0;0;0;0;0;0
60244;Fontenay-Torcy;32;60;0;0;0;0;0;0;0;0;0;0;0;0;0;0;0;0;0;0;0;0;1;0;0;0;0;0;0;0;0;0;0;0;0;0;0;0;0
60245;Formerie;32;60;0;1;0;0;0;0;0;0;0;0;1;0;0;0;0;4;1;1;0;0;5;1;0;1;2;3;2;3;1;0;4;2;0;7;2;1;3
60247;Fouilleuse;32;60;0;0;0;0;0;0;0;0;0;0;0;0;0;0;0;0;0;0;0;0;0;0;0;0;0;1;0;0;0;0;0;0;0;0;0;0;0
60248;Fouilloy;32;60;0;0;0;0;0;0;0;0;0;0;0;0;0;0;0;0;0;0;0;0;0;0;0;0;0;0;1;2;0;0;0;0;0;0;0;0;0
60249;Foulangues;32;60;0;0;0;0;0;0;0;0;0;0;0;0;0;0;0;0;0;0;0;0;0;0;0;0;3;0;1;0;0;0;0;0;0;1;0;0;0
60250;Fouquenies;32;60;0;0;0;0;0;0;0;0;0;0;0;0;0;0;0;0;0;0;0;0;0;0;0;0;0;1;1;3;1;0;0;1;0;0;0;0;0
60251;Fouquerolles;32;60;0;0;0;0;0;0;0;0;0;0;0;0;0;0;0;0;0;0;0;0;0;0;0;0;0;0;1;0;0;0;0;0;0;0;0;0;0
60252;Fournival;32;60;0;0;0;0;0;0;0;0;0;0;0;0;0;0;0;0;0;0;0;0;2;0;0;0;0;1;2;2;0;0;0;0;0;0;1;0;0
60253;Francastel;32;60;0;0;0;0;0;0;0;0;0;0;0;0;0;0;0;0;0;0;0;0;1;0;0;0;0;2;1;1;1;0;0;0;0;0;0;0;0
60254;Francières;32;60;0;0;0;0;0;0;0;0;0;0;0;0;0;0;0;0;0;0;0;0;0;0;0;0;0;0;0;1;0;0;0;0;0;0;0;0;0
60255;Fréniches;32;60;0;0;0;0;0;0;0;0;0;0;0;0;0;0;0;0;0;0;0;0;0;0;0;0;1;0;0;0;2;0;0;0;0;0;0;0;0
60256;Fresneaux-Montchevreuil;32;60;0;0;0;0;0;0;0;0;0;0;0;0;0;0;0;0;0;0;0;1;1;0;0;1;4;2;0;1;0;0;0;0;0;3;0;0;1
60257;Fresne-Léguillon;32;60;0;0;0;0;0;0;0;0;0;0;0;0;0;0;0;0;0;0;0;1;0;0;0;0;1;0;1;0;0;1;1;0;0;1;1;0;0
60258;Fresnières;32;60;0;0;0;0;0;0;0;0;0;0;0;0;0;0;0;0;0;0;0;0;0;0;0;0;0;0;0;0;0;0;1;0;0;2;0;0;0
60259;Fresnoy-en-Thelle;32;60;0;0;0;0;0;0;0;0;0;0;0;0;0;0;0;0;0;0;0;0;1;0;0;0;1;0;1;0;2;0;1;0;0;0;0;0;0
60260;Fresnoy-la-Rivière;32;60;0;0;0;0;0;0;0;0;0;0;0;0;0;0;0;0;0;0;0;0;1;0;0;0;2;0;0;0;0;1;0;0;0;0;0;0;0
60261;Fresnoy-le-Luat;32;60;0;0;0;0;0;0;0;0;0;0;0;0;0;0;0;0;0;0;0;0;0;0;0;0;1;0;1;1;2;0;0;0;0;0;0;0;0
60262;Le Frestoy-Vaux;32;60;0;0;0;0;0;0;0;0;0;0;0;0;0;0;0;0;0;0;0;0;0;0;0;0;0;0;0;1;0;0;0;0;0;0;0;0;0
60263;Frétoy-le-Château;32;60;0;0;0;0;0;0;0;0;0;0;0;0;0;0;0;0;0;0;0;0;2;0;0;0;1;0;0;0;1;0;0;0;0;0;0;0;0
60264;Frocourt;32;60;0;0;0;0;0;0;0;0;0;0;0;0;0;0;0;0;0;0;0;0;0;0;0;0;1;0;0;1;0;0;0;0;0;0;0;0;0
60265;Froissy;32;60;0;1;0;0;0;0;0;0;0;0;1;0;0;0;0;2;0;1;0;0;1;0;0;1;0;0;0;0;2;0;1;0;0;3;0;0;0
60267;Le Gallet;32;60;0;0;0;0;0;0;0;0;0;0;0;0;0;0;0;0;0;0;0;0;0;0;0;0;0;0;1;0;0;0;0;0;0;0;0;0;0
60268;Gannes;32;60;0;0;0;0;0;0;0;0;0;0;0;0;0;0;0;0;0;0;0;0;0;0;0;0;0;0;1;1;0;0;0;0;0;0;0;0;0
60269;Gaudechart;32;60;0;0;0;0;0;0;0;0;0;0;0;0;0;0;0;0;0;0;0;0;0;0;0;0;0;1;0;0;0;0;0;0;0;0;0;0;0
60270;Genvry;32;60;0;0;0;0;0;0;0;0;0;0;0;0;0;0;0;0;0;0;0;0;1;0;0;0;0;0;1;0;2;1;0;0;0;0;0;0;0
60271;Gerberoy;32;60;0;0;0;0;0;0;0;0;0;0;0;0;0;0;0;0;0;0;0;0;0;0;0;0;0;0;0;0;0;0;0;0;0;5;0;0;0
60272;Gilocourt;32;60;0;0;0;0;0;0;0;0;0;0;0;0;0;0;0;0;0;0;0;0;1;0;0;0;1;1;0;0;2;0;0;0;0;0;0;0;0
60273;Giraumont;32;60;0;0;0;0;0;0;0;0;0;0;0;0;0;0;0;0;0;0;0;0;0;0;0;0;0;1;0;0;1;0;0;0;0;0;0;0;0
60274;Glaignes;32;60;0;0;0;0;0;0;0;0;0;0;0;0;0;0;0;0;0;0;0;0;0;0;0;0;0;0;0;1;0;0;1;0;0;1;0;0;0
60275;Glatigny;32;60;0;0;0;0;0;0;0;0;0;0;0;0;0;0;0;0;0;0;0;0;0;0;0;0;0;0;0;0;0;0;0;0;0;2;0;0;0
60276;Godenvillers;32;60;0;0;0;0;0;0;0;0;0;0;0;0;0;0;0;0;0;0;0;0;1;0;0;0;1;0;1;1;0;0;0;0;0;0;0;0;0
60277;Goincourt;32;60;0;0;0;0;0;0;0;0;0;0;0;0;0;0;0;0;1;0;0;1;3;0;0;0;2;2;4;3;0;1;5;0;0;3;0;1;1
60278;Golancourt;32;60;0;0;0;0;0;0;0;0;0;0;0;0;0;0;0;0;0;0;0;0;1;0;0;0;0;1;0;0;0;1;1;0;0;0;0;0;0
60279;Gondreville;32;60;0;0;0;0;0;0;0;0;0;0;0;0;0;0;0;0;0;0;0;0;0;0;0;0;0;0;0;0;0;0;0;0;0;1;0;0;0
60280;Gourchelles;32;60;0;0;0;0;0;0;0;0;0;0;0;0;0;0;0;0;0;0;0;0;0;0;0;0;0;0;0;1;0;0;0;0;0;0;0;0;0
60281;Gournay-sur-Aronde;32;60;0;0;0;0;0;0;0;0;0;0;0;0;0;0;0;0;0;0;0;1;3;0;0;0;1;0;1;1;0;0;0;0;0;2;0;0;0
60282;Gouvieux;32;60;0;0;0;0;0;0;0;0;0;0;0;0;0;0;0;7;0;1;0;0;11;0;2;1;6;8;3;10;13;11;9;5;0;15;13;1;6
60283;Gouy-les-Groseillers;32;60;0;0;0;0;0;0;0;0;0;0;0;0;0;0;0;0;0;0;0;0;0;0;0;0;0;0;0;0;0;0;0;0;0;0;0;0;0
60284;Grandfresnoy;32;60;0;0;0;0;0;0;0;0;0;0;0;0;0;0;0;0;0;1;0;0;0;0;0;0;3;0;4;4;4;1;1;0;0;0;3;0;1
60285;Grandvillers-aux-Bois;32;60;0;0;0;0;0;0;0;0;0;0;0;0;0;0;0;0;0;0;0;0;0;0;0;0;0;1;0;0;0;0;1;0;0;0;0;0;1
60286;Grandvilliers;32;60;0;1;0;0;0;0;0;0;0;0;1;0;0;0;0;5;1;1;0;0;9;1;0;2;4;6;2;5;2;0;5;1;0;9;3;2;0
60287;Grandrû;32;60;0;0;0;0;0;0;0;0;0;0;0;0;0;0;0;0;0;0;0;0;0;0;0;0;0;0;0;0;0;1;0;0;0;0;0;0;0
60288;Grémévillers;32;60;0;0;0;0;0;0;0;0;0;0;0;0;0;0;0;0;0;0;0;0;0;0;0;0;0;0;1;0;0;0;1;0;0;0;0;0;0
60289;Grez;32;60;0;0;0;0;0;0;0;0;0;0;0;0;0;0;0;0;0;0;0;0;0;0;0;0;0;1;0;0;0;0;0;0;0;0;0;0;2
60290;Guignecourt;32;60;0;0;0;0;0;0;0;0;0;0;0;0;0;0;0;0;0;0;0;0;2;0;0;0;3;0;1;1;1;0;0;0;0;0;0;0;0
60291;Guiscard;32;60;0;1;0;0;0;0;0;0;0;0;0;0;0;0;0;3;1;1;0;0;1;1;0;2;2;4;6;4;2;0;2;0;0;2;1;0;1
60292;Gury;32;60;0;0;0;0;0;0;0;0;0;0;0;0;0;0;0;0;0;0;0;0;0;0;0;0;0;1;0;1;0;0;0;0;0;0;0;0;0
60293;Hadancourt-le-Haut-Clocher;32;60;0;0;0;0;0;0;0;0;0;0;0;0;0;0;0;0;0;0;0;0;0;0;0;0;0;1;1;0;0;1;0;0;0;1;1;0;0
60294;Hainvillers;32;60;0;0;0;0;0;0;0;0;0;0;0;0;0;0;0;0;0;0;0;0;0;0;0;0;0;0;0;0;0;0;0;0;0;0;0;0;0
60295;Halloy;32;60;0;0;0;0;0;0;0;0;0;0;0;0;0;0;0;0;1;0;0;0;1;0;0;0;1;0;1;1;2;0;0;0;0;0;1;0;0
60296;Hannaches;32;60;0;0;0;0;0;0;0;0;0;0;0;0;0;0;0;0;0;0;0;0;0;0;0;0;1;0;0;0;0;0;0;0;0;0;0;0;0
60297;Le Hamel;32;60;0;0;0;0;0;0;0;0;0;0;0;0;0;0;0;0;0;0;0;0;0;0;0;0;0;0;0;0;0;0;0;0;0;0;0;0;0
60298;Hanvoile;32;60;0;0;0;0;0;0;0;0;0;0;0;0;0;0;0;0;0;0;0;1;1;0;0;0;1;2;2;1;1;0;1;0;0;0;0;0;0
60299;Hardivillers;32;60;0;0;0;0;0;0;0;0;0;0;0;0;0;0;0;0;0;0;0;0;2;0;0;0;0;1;1;1;0;0;0;0;0;0;0;0;0
60300;Hardivillers-en-Vexin;32;60;0;0;0;0;0;0;0;0;0;0;0;0;0;0;0;0;0;0;0;0;0;0;0;0;0;0;1;0;0;0;0;0;0;0;1;0;0
60301;Haucourt;32;60;0;0;0;0;0;0;0;0;0;0;0;0;0;0;0;0;0;0;0;0;0;0;0;0;0;0;0;0;0;0;0;0;0;0;0;0;0
60302;Haudivillers;32;60;0;0;0;0;0;0;0;0;0;0;0;0;0;0;0;0;0;0;0;1;2;0;0;0;1;2;1;2;0;1;1;0;0;1;1;0;0
60303;Hautbos;32;60;0;0;0;0;0;0;0;0;0;0;0;0;0;0;0;0;0;0;0;0;0;0;0;0;2;0;0;0;0;0;0;0;0;0;0;0;0
60304;Haute-Épine;32;60;0;0;0;0;0;0;0;0;0;0;0;0;0;0;0;0;0;0;0;0;0;0;0;0;1;0;0;0;0;0;0;0;0;1;0;0;0
60305;Hautefontaine;32;60;0;0;0;0;0;0;0;0;0;0;0;0;0;0;0;0;0;0;0;0;0;0;0;0;0;0;0;1;0;0;0;0;0;3;0;0;0
60306;Hécourt;32;60;0;0;0;0;0;0;0;0;0;0;0;0;0;0;0;0;0;0;0;0;0;0;0;0;1;0;0;0;0;0;1;0;0;0;1;0;0
60307;Heilles;32;60;0;0;0;0;0;0;0;0;0;0;0;0;0;0;0;0;0;0;1;0;0;0;0;0;1;1;2;1;1;0;1;0;0;1;1;0;1
60308;Hémévillers;32;60;0;0;0;0;0;0;0;0;0;0;0;0;0;0;0;0;0;0;0;0;0;0;0;0;3;3;0;1;0;1;1;0;0;0;2;0;0
60309;Hénonville;32;60;0;0;0;0;0;0;0;0;0;0;0;0;0;0;0;0;0;0;0;1;0;0;0;0;3;0;3;3;2;3;0;0;0;0;2;0;2
60310;Herchies;32;60;0;0;0;0;0;0;0;0;0;0;0;0;0;0;0;0;0;0;0;0;0;0;0;0;0;1;0;1;1;0;0;0;0;0;0;0;0
60311;La Hérelle;32;60;0;0;0;0;0;0;0;0;0;0;0;0;0;0;0;0;0;0;0;0;1;0;0;0;1;0;0;0;0;1;0;0;0;0;0;0;0
60312;Héricourt-sur-Thérain;32;60;0;0;0;0;0;0;0;0;0;0;0;0;0;0;0;0;0;0;0;0;1;0;0;0;0;0;1;0;0;0;1;0;0;0;0;0;0
60313;Hermes;32;60;0;0;0;0;0;0;0;0;0;0;0;0;0;0;0;0;0;1;0;0;3;0;0;1;3;2;3;10;5;0;6;0;0;6;1;0;2
60314;Hétomesnil;32;60;0;0;0;0;0;0;0;0;0;0;0;0;0;0;0;0;0;0;0;0;1;0;0;0;0;0;0;0;0;0;1;0;0;0;0;0;0
60315;Hodenc-en-Bray;32;60;0;0;0;0;0;0;0;0;0;0;0;0;0;0;0;0;0;0;0;0;0;0;0;0;1;1;1;0;1;0;1;0;0;0;0;1;0
60316;Hodenc-l'Évêque;32;60;0;0;0;0;0;0;0;0;0;0;0;0;0;0;0;0;0;0;0;0;0;0;0;0;0;0;0;0;0;0;0;0;0;0;0;0;0
60317;Hondainville;32;60;0;0;0;0;0;0;0;0;0;0;0;0;0;0;0;0;0;0;0;0;0;0;0;0;1;0;2;3;1;0;0;0;0;0;0;0;0
60318;Houdancourt;32;60;0;0;0;0;0;0;0;0;0;0;0;0;0;0;0;0;0;0;0;0;1;0;0;0;2;2;1;0;0;0;0;0;0;0;1;0;0
60319;La Houssoye;32;60;0;0;0;0;0;0;0;0;0;0;0;0;0;0;0;0;0;0;1;0;2;0;0;0;1;2;1;1;1;0;0;0;0;2;0;0;0
60320;Ivors;32;60;0;0;0;0;0;0;0;0;0;0;0;0;0;0;0;0;0;0;0;0;0;0;0;0;1;0;0;1;0;0;1;0;0;0;0;0;0
60321;Ivry-le-Temple;32;60;0;0;0;0;0;0;0;0;0;0;0;0;0;0;0;0;0;0;0;1;3;0;1;0;2;0;1;1;1;0;1;0;0;1;0;0;1
60322;Jaméricourt;32;60;0;0;0;0;0;0;0;0;0;0;0;0;0;0;0;0;0;0;0;0;0;0;0;0;1;0;1;0;0;1;0;0;0;0;0;0;0
60323;Janville;32;60;0;0;0;0;0;0;0;0;0;0;0;0;0;0;0;0;0;0;0;0;0;0;0;0;2;1;2;0;0;1;0;0;0;0;1;0;1
60324;Jaulzy;32;60;0;0;0;0;0;0;0;0;0;0;0;0;0;0;0;0;0;0;0;0;1;0;0;0;4;0;0;3;0;0;0;0;0;2;0;0;0
60325;Jaux;32;60;0;0;0;0;0;0;0;0;0;0;0;0;0;0;0;0;0;0;0;1;8;1;0;1;4;12;4;4;1;3;2;0;0;12;1;0;1
60326;Jonquières;32;60;0;0;0;0;0;0;0;0;0;0;0;0;0;0;0;0;0;0;0;0;2;0;0;0;1;0;1;5;2;1;0;0;0;0;2;0;0
60327;Jouy-sous-Thelle;32;60;0;0;0;0;0;0;0;0;0;0;0;0;0;0;0;0;0;1;0;0;4;0;0;1;1;1;3;6;1;1;1;0;0;0;0;0;0
60328;Juvignies;32;60;0;0;0;0;0;0;0;0;0;0;0;0;0;0;0;0;0;0;0;0;0;0;0;0;0;0;0;0;1;0;1;0;0;0;0;0;0
60329;Laberlière;32;60;0;0;0;0;0;0;0;0;0;0;0;0;0;0;0;0;0;0;0;0;1;0;0;0;1;1;0;0;2;0;0;0;0;0;0;0;0
60330;Laboissière-en-Thelle;32;60;0;0;0;0;0;0;0;0;0;0;0;0;0;0;0;0;0;0;0;1;6;0;0;0;0;1;2;0;3;0;2;0;0;0;1;0;0
60331;Labosse;32;60;0;0;0;0;0;0;0;0;0;0;0;0;0;0;0;0;0;0;0;0;0;0;0;0;0;0;1;1;0;0;0;0;0;0;1;0;1
60332;Labruyère;32;60;0;0;0;0;0;0;0;0;0;0;0;0;0;0;0;0;0;0;0;0;1;0;0;0;0;2;0;1;3;0;0;0;0;0;1;0;2
60333;Lachapelle-aux-Pots;32;60;0;0;0;0;0;0;0;0;0;0;0;0;0;0;0;2;0;1;0;0;3;0;0;1;0;0;3;0;4;0;2;0;0;1;0;0;1
60334;Lachapelle-Saint-Pierre;32;60;0;0;0;0;0;0;0;0;0;0;0;0;0;0;0;0;0;0;0;0;1;0;0;0;0;1;2;1;1;0;1;0;0;1;2;0;1
60335;Lachapelle-sous-Gerberoy;32;60;0;0;0;0;0;0;0;0;0;0;0;0;0;0;0;0;0;0;0;0;0;0;0;0;0;0;0;0;0;0;0;0;0;0;0;0;0
60336;Lachaussée-du-Bois-d'Écu;32;60;0;0;0;0;0;0;0;0;0;0;0;0;0;0;0;0;0;0;0;0;0;0;0;0;0;1;1;1;2;0;0;0;0;0;0;0;0
60337;Lachelle;32;60;0;0;0;0;0;0;0;0;0;0;0;0;0;0;0;0;0;0;0;0;3;0;0;0;0;1;1;1;2;0;0;0;0;0;1;0;0
60338;Lacroix-Saint-Ouen;32;60;0;1;0;0;0;0;0;0;0;0;0;0;0;0;0;5;2;1;0;0;11;0;0;2;10;3;6;5;5;5;7;2;2;8;10;1;5
60339;Lafraye;32;60;0;0;0;0;0;0;0;0;0;0;0;0;0;0;0;0;0;0;0;0;2;0;0;0;0;0;0;1;2;0;0;0;0;0;0;0;0
60340;Lagny;32;60;0;0;0;0;0;0;0;0;0;0;0;0;0;0;0;0;0;0;1;0;0;0;0;0;1;0;1;0;0;2;0;0;0;0;0;0;0
60341;Lagny-le-Sec;32;60;0;0;0;0;0;0;0;0;0;0;0;0;0;0;0;0;0;0;0;0;3;0;0;0;3;1;0;5;1;0;2;0;0;3;0;0;0
60342;Laigneville;32;60;0;0;0;0;0;0;0;0;0;0;0;0;0;0;0;0;0;1;0;0;4;2;0;1;10;5;2;7;7;4;5;0;0;4;2;1;6
60343;Lalande-en-Son;32;60;0;0;0;0;0;0;0;0;0;0;0;0;0;0;0;0;0;0;0;0;0;0;0;0;0;2;3;0;2;0;1;0;0;0;0;0;0
60344;Lalandelle;32;60;0;0;0;0;0;0;0;0;0;0;0;0;0;0;0;0;0;0;0;0;0;0;0;0;0;0;0;2;0;1;0;0;0;0;2;0;0
60345;Lamécourt;32;60;0;0;0;0;0;0;0;0;0;0;0;0;0;0;0;0;0;0;0;0;0;0;0;0;0;0;0;0;1;0;0;0;0;0;0;0;0
60346;Lamorlaye;32;60;0;0;0;0;0;0;0;0;0;0;0;0;0;0;0;8;1;1;0;0;16;1;3;3;5;9;7;13;8;9;16;5;0;22;26;4;9
60347;Lannoy-Cuillère;32;60;0;0;0;0;0;0;0;0;0;0;0;0;0;0;0;0;0;0;0;0;1;0;0;0;0;1;0;0;0;0;0;0;0;0;0;0;0
60348;Larbroye;32;60;0;0;0;0;0;0;0;0;0;0;0;0;0;0;0;0;0;0;0;0;0;0;0;0;0;2;0;1;0;0;0;0;0;0;0;0;1
60350;Lassigny;32;60;0;1;0;0;0;0;0;0;0;0;1;0;0;0;0;2;0;1;0;0;6;0;0;1;0;3;2;2;0;2;3;0;0;2;0;0;0
60351;Lataule;32;60;0;0;0;0;0;0;0;0;0;0;0;0;0;0;0;0;0;0;0;0;0;0;0;0;0;0;0;0;1;0;0;0;0;0;0;0;0
60352;Lattainville;32;60;0;0;0;0;0;0;0;0;0;0;0;0;0;0;0;0;0;0;0;0;0;0;0;0;1;1;0;0;0;0;0;0;0;0;0;0;0
60353;Lavacquerie;32;60;0;0;0;0;0;0;0;0;0;0;0;0;0;0;0;0;0;0;0;0;0;0;0;0;0;0;0;0;0;1;0;0;0;0;0;0;0
60354;Laverrière;32;60;0;0;0;0;0;0;0;0;0;0;0;0;0;0;0;0;0;0;0;0;0;0;0;0;0;0;0;0;0;0;0;0;0;0;0;0;0
60355;Laversines;32;60;0;0;0;0;0;0;0;0;0;0;0;0;0;0;0;0;0;0;0;0;0;0;0;0;1;1;0;0;1;1;0;0;0;0;0;0;0
60356;Lavilletertre;32;60;0;0;0;0;0;0;0;0;0;0;0;0;0;0;0;0;0;0;0;1;0;0;0;0;0;1;2;2;1;1;0;0;0;0;2;0;0
60357;Léglantiers;32;60;0;0;0;0;0;0;0;0;0;0;0;0;0;0;0;0;0;0;0;0;1;0;0;0;2;1;0;1;1;0;1;0;0;0;2;0;0
60358;Lévignen;32;60;0;0;0;0;0;0;0;0;0;0;0;0;0;0;0;0;0;0;0;0;2;0;0;1;2;0;0;3;0;0;0;0;0;1;0;0;0
60359;Lhéraule;32;60;0;0;0;0;0;0;0;0;0;0;0;0;0;0;0;0;0;0;0;0;0;0;0;0;0;1;0;2;0;0;0;0;0;0;0;0;0
60360;Liancourt;32;60;0;1;0;0;0;0;0;0;0;0;1;0;0;0;0;8;3;1;0;0;6;2;0;2;7;4;2;4;6;4;10;1;0;12;5;1;4
60361;Liancourt-Saint-Pierre;32;60;0;0;0;0;0;0;0;0;0;0;0;0;0;0;0;0;0;0;0;1;1;0;0;0;0;0;0;1;0;1;1;0;0;0;0;0;1
60362;Libermont;32;60;0;0;0;0;0;0;0;0;0;0;0;0;0;0;0;0;0;0;0;0;0;0;0;0;0;0;0;0;0;0;0;0;0;0;0;0;1
60363;Lierville;32;60;0;0;0;0;0;0;0;0;0;0;0;0;0;0;0;0;0;0;0;0;1;0;0;0;1;0;0;1;3;0;0;0;0;3;1;0;1
60364;Lieuvillers;32;60;0;0;0;0;0;0;0;0;0;0;0;0;0;0;0;0;0;0;0;1;2;0;0;0;1;0;0;2;0;0;0;0;0;0;1;0;0
60365;Lihus;32;60;0;0;0;0;0;0;0;0;0;0;0;0;0;0;0;0;0;0;0;0;0;0;0;0;0;0;0;0;1;0;0;0;0;0;0;0;0
60366;Litz;32;60;0;0;0;0;0;0;0;0;0;0;0;0;0;0;0;0;0;0;0;0;2;0;0;0;2;0;1;1;0;0;1;0;0;0;0;0;1
60367;Loconville;32;60;0;0;0;0;0;0;0;0;0;0;0;0;0;0;0;0;0;0;0;0;0;0;0;0;1;0;0;0;0;0;0;0;0;0;0;0;0
60368;Longueil-Annel;32;60;0;0;0;0;0;0;0;0;0;0;0;0;0;0;0;0;1;1;0;0;7;0;0;0;3;9;2;6;5;4;4;0;0;5;2;0;2
60369;Longueil-Sainte-Marie;32;60;0;0;0;0;0;0;0;0;0;0;0;0;0;0;0;0;0;1;0;0;4;0;2;0;2;4;3;3;3;1;1;0;1;3;2;0;2
60370;Lormaison;32;60;0;0;0;0;0;0;0;0;0;0;0;0;0;0;0;0;0;0;0;0;2;0;0;0;2;1;1;2;0;1;0;0;0;1;0;0;0
60371;Loueuse;32;60;0;0;0;0;0;0;0;0;0;0;0;0;0;0;0;0;0;0;0;0;0;0;0;0;0;0;2;2;1;0;0;0;0;0;0;0;0
60372;Luchy;32;60;0;0;0;0;0;0;0;0;0;0;0;0;0;0;0;0;0;0;0;0;1;0;0;0;0;0;1;5;1;0;0;0;0;0;0;0;0
60373;Machemont;32;60;0;0;0;0;0;0;0;0;0;0;0;0;0;0;0;0;0;0;0;0;0;0;0;0;1;0;0;0;0;1;0;0;0;1;1;0;0
60374;Maignelay-Montigny;32;60;0;1;0;0;0;0;0;0;0;0;0;0;0;0;0;2;1;1;0;0;2;1;0;1;2;2;1;10;2;2;6;0;0;4;1;0;2
60375;Maimbeville;32;60;0;0;0;0;0;0;0;0;0;0;0;0;0;0;0;0;0;0;0;0;0;0;0;0;2;0;1;3;0;0;0;0;0;0;0;0;0
60376;Maisoncelle-Saint-Pierre;32;60;0;0;0;0;0;0;0;0;0;0;0;0;0;0;0;0;0;0;0;0;1;0;0;0;0;0;1;1;0;1;0;0;0;0;0;0;0
60377;Maisoncelle-Tuilerie;32;60;0;0;0;0;0;0;0;0;0;0;0;0;0;0;0;0;0;0;0;0;1;0;0;0;0;0;1;0;0;1;0;0;0;0;0;0;0
60378;Marest-sur-Matz;32;60;0;0;0;0;0;0;0;0;0;0;0;0;0;0;0;0;0;0;0;0;0;0;0;0;1;0;1;1;0;0;0;0;0;0;0;0;0
60379;Mareuil-la-Motte;32;60;0;0;0;0;0;0;0;0;0;0;0;0;0;0;0;0;0;0;0;0;0;0;0;0;2;0;2;0;1;0;1;0;0;1;1;0;0
60380;Mareuil-sur-Ourcq;32;60;0;0;0;0;0;0;0;0;0;0;0;0;0;0;0;1;0;1;0;0;2;0;0;0;4;0;3;4;3;0;3;0;0;2;1;0;1
60381;Margny-aux-Cerises;32;60;0;0;0;0;0;0;0;0;0;0;0;0;0;0;0;0;0;0;0;0;0;0;0;0;0;0;0;0;0;0;0;0;0;0;0;0;0
60382;Margny-lès-Compiègne;32;60;0;0;0;0;0;0;0;0;0;0;0;1;0;0;0;6;0;1;0;0;9;1;1;3;6;9;3;5;6;4;15;0;4;20;7;2;4
60383;Margny-sur-Matz;32;60;0;0;0;0;0;0;0;0;0;0;0;0;0;0;0;0;0;0;0;0;1;0;0;0;1;0;1;0;1;1;2;0;0;2;1;0;0
60385;Marolles;32;60;0;0;0;0;0;0;0;0;0;0;0;0;0;0;0;0;0;0;0;0;0;0;0;0;1;0;0;0;1;1;0;0;0;1;0;0;1
60386;Marquéglise;32;60;0;0;0;0;0;0;0;0;0;0;0;0;0;0;0;0;0;0;0;0;0;0;0;1;0;0;0;0;0;0;0;0;0;0;0;0;0
60387;Marseille-en-Beauvaisis;32;60;0;1;0;0;0;0;0;0;0;0;0;0;0;0;0;2;0;1;0;0;2;0;0;1;1;1;0;1;3;1;3;1;0;4;1;0;3
60388;Martincourt;32;60;0;0;0;0;0;0;0;0;0;0;0;0;0;0;0;0;0;0;0;0;0;0;0;0;0;0;0;0;0;0;1;0;0;0;0;0;0
60389;Maucourt;32;60;0;0;0;0;0;0;0;0;0;0;0;0;0;0;0;0;0;0;0;0;0;0;0;0;0;0;0;0;0;2;0;0;0;0;0;0;1
60390;Maulers;32;60;0;0;0;0;0;0;0;0;0;0;0;0;0;0;0;0;0;0;0;0;0;0;0;0;0;0;0;0;0;0;0;0;0;0;0;0;0
60391;Maysel;32;60;0;0;0;0;0;0;0;0;0;0;0;0;0;0;0;0;0;0;0;0;0;0;0;0;0;0;0;0;1;0;0;0;0;0;0;0;0
60392;Mélicocq;32;60;0;0;0;0;0;0;0;0;0;0;0;0;0;0;0;0;0;0;0;0;1;0;0;0;1;0;2;1;1;0;0;0;0;1;0;0;0
60393;Mello;32;60;0;0;0;0;0;0;0;0;0;0;0;0;0;0;0;0;0;0;0;0;2;0;0;0;1;1;0;1;2;0;0;0;0;1;0;0;0
60394;Ménévillers;32;60;0;0;0;0;0;0;0;0;0;0;0;0;0;0;0;0;0;0;0;0;0;0;0;0;0;0;0;0;0;0;1;0;0;0;0;0;0
60395;Méru;32;60;0;1;0;0;0;0;0;0;0;0;3;1;0;1;0;11;4;1;0;0;24;2;2;4;15;19;8;18;16;7;21;5;4;38;8;1;8
60396;Méry-la-Bataille;32;60;0;0;0;0;0;0;0;0;0;0;0;0;0;0;0;0;0;0;0;0;1;0;0;0;2;0;0;0;1;2;0;0;0;1;0;0;0
60397;Le Mesnil-Conteville;32;60;0;0;0;0;0;0;0;0;0;0;0;0;0;0;0;0;0;0;0;0;0;0;0;0;0;0;0;0;0;0;0;0;0;0;0;0;0
60398;Le Mesnil-en-Thelle;32;60;0;0;0;0;0;0;0;0;0;0;0;0;0;0;0;0;0;1;0;0;4;0;0;0;2;2;1;4;5;1;2;0;0;2;1;0;2
60399;Le Mesnil-Saint-Firmin;32;60;0;0;0;0;0;0;0;0;0;0;0;0;0;0;0;0;0;0;0;0;0;0;0;0;0;0;1;1;0;0;0;0;0;0;0;0;0
60400;Le Mesnil-sur-Bulles;32;60;0;0;0;0;0;0;0;0;0;0;0;0;0;0;0;0;0;0;0;0;0;0;0;0;0;0;1;2;0;0;0;0;0;0;0;0;0
60401;Le Mesnil-Théribus;32;60;0;0;0;0;0;0;0;0;0;0;0;0;0;0;0;0;0;0;0;0;1;0;0;0;0;2;2;1;0;0;0;0;0;1;0;0;0
60402;Le Meux;32;60;0;0;0;0;0;0;0;0;0;0;0;0;0;0;0;0;0;1;0;0;3;0;1;0;2;3;4;3;2;2;1;0;0;2;1;0;1
60403;Milly-sur-Thérain;32;60;0;0;0;0;0;0;0;0;0;0;0;0;0;0;0;1;0;1;0;0;2;0;0;1;3;2;4;3;3;1;6;0;0;3;1;0;2
60404;Mogneville;32;60;0;0;0;0;0;0;0;0;0;0;0;0;0;0;0;0;0;0;0;0;2;0;0;0;3;8;0;2;3;0;0;0;0;4;1;0;1
60405;Moliens;32;60;0;0;0;0;0;0;0;0;0;0;0;0;0;0;0;0;0;0;0;1;2;0;0;0;2;1;3;3;3;1;3;0;0;1;1;0;2
60406;Monceaux;32;60;0;0;0;0;0;0;0;0;0;0;0;0;0;0;0;0;0;0;0;0;2;0;0;0;6;1;2;2;1;0;1;0;0;0;0;0;1
60407;Monceaux-l'Abbaye;32;60;0;0;0;0;0;0;0;0;0;0;0;0;0;0;0;0;0;0;0;0;0;0;0;0;1;0;0;0;0;0;0;0;0;0;0;0;0
60408;Monchy-Humières;32;60;0;0;0;0;0;0;0;0;0;0;0;0;0;0;0;0;0;0;0;1;2;0;0;0;0;1;2;3;1;0;0;0;0;1;1;0;0
60409;Monchy-Saint-Éloi;32;60;0;0;0;0;0;0;0;0;0;0;0;0;0;0;0;0;0;0;0;0;2;0;0;1;1;0;0;3;0;0;3;0;0;3;0;0;1
60410;Mondescourt;32;60;0;0;0;0;0;0;0;0;0;0;0;0;0;0;0;0;0;0;0;0;0;0;0;0;0;3;2;0;0;0;0;0;0;0;0;0;0
60411;Monneville;32;60;0;0;0;0;0;0;0;0;0;0;0;0;0;0;0;0;0;0;0;1;2;0;0;0;0;1;2;2;1;0;0;0;0;0;0;0;1
60412;Montagny-en-Vexin;32;60;0;0;0;0;0;0;0;0;0;0;0;0;0;0;0;0;0;0;1;0;2;0;0;0;1;1;2;1;2;3;1;0;0;1;0;0;1
60413;Montagny-Sainte-Félicité;32;60;0;0;0;0;0;0;0;0;0;0;0;0;0;0;0;0;0;0;0;0;0;0;0;0;1;1;1;1;1;0;1;0;0;0;0;0;0
60414;Montataire;32;60;0;0;0;0;0;0;0;0;0;0;0;1;0;0;0;4;0;1;0;0;9;2;1;5;35;12;10;22;7;19;12;3;1;18;4;2;3
60415;Montépilloy;32;60;0;0;0;0;0;0;0;0;0;0;0;0;0;0;0;0;0;0;0;0;0;0;0;0;0;0;0;0;0;0;0;0;0;0;0;0;0
60416;Montgérain;32;60;0;0;0;0;0;0;0;0;0;0;0;0;0;0;0;0;0;0;0;0;1;0;0;0;0;0;0;0;0;0;0;0;0;0;0;0;0
60418;Montiers;32;60;0;0;0;0;0;0;0;0;0;0;0;0;0;0;0;0;0;0;0;0;1;0;1;0;1;0;1;0;0;0;0;0;0;1;1;0;0
60420;Montjavoult;32;60;0;0;0;0;0;0;0;0;0;0;0;0;0;0;0;0;0;0;0;0;0;0;0;0;2;1;0;0;2;0;0;0;0;0;0;0;0
60421;Mont-l'Évêque;32;60;0;0;0;0;0;0;0;0;0;0;0;0;0;0;0;0;0;0;0;0;1;0;0;0;0;1;0;0;0;0;0;0;0;0;0;0;0
60422;Montlognon;32;60;0;0;0;0;0;0;0;0;0;0;0;0;0;0;0;0;0;0;0;0;0;0;0;0;1;0;0;1;0;0;0;0;0;1;1;0;0
60423;Montmacq;32;60;0;0;0;0;0;0;0;0;0;0;0;0;0;0;0;0;0;0;0;0;0;0;0;0;0;0;0;0;0;1;1;0;0;1;1;0;0
60424;Montmartin;32;60;0;0;0;0;0;0;0;0;0;0;0;0;0;0;0;0;0;0;0;0;0;0;0;0;0;0;1;0;1;0;0;0;0;0;0;0;1
60425;Montreuil-sur-Brêche;32;60;0;0;0;0;0;0;0;0;0;0;0;0;0;0;0;0;0;0;0;0;0;0;0;0;1;0;1;1;3;2;3;0;0;0;0;0;0
60426;Montreuil-sur-Thérain;32;60;0;0;0;0;0;0;0;0;0;0;0;0;0;0;0;0;0;0;0;0;0;0;0;0;1;0;0;1;1;0;0;0;0;0;0;0;0
60427;Monts;32;60;0;0;0;0;0;0;0;0;0;0;0;0;0;0;0;0;0;0;0;0;0;0;0;0;0;0;0;0;0;0;0;0;0;1;1;0;1
60428;Le Mont-Saint-Adrien;32;60;0;0;0;0;0;0;0;0;0;0;0;0;0;0;0;0;0;0;0;0;0;0;0;0;0;2;0;1;0;0;1;0;0;0;0;0;0
60429;Morangles;32;60;0;0;0;0;0;0;0;0;0;0;0;0;0;0;0;0;0;0;0;0;0;0;0;0;3;1;1;0;1;0;0;0;0;0;1;0;2
60430;Morienval;32;60;0;0;0;0;0;0;0;0;0;0;0;0;0;0;0;0;0;0;0;1;2;0;0;0;7;0;1;2;2;0;2;0;0;0;0;0;0
60431;Morlincourt;32;60;0;0;0;0;0;0;0;0;0;0;0;0;0;0;0;0;1;0;0;0;1;0;0;0;1;2;0;0;0;0;0;0;0;1;0;0;0
60432;Mortefontaine;32;60;0;0;0;0;0;0;0;0;0;0;0;0;0;0;0;0;0;0;0;1;1;0;0;1;1;1;1;0;0;0;0;0;0;0;0;0;0
60433;Mortefontaine-en-Thelle;32;60;0;0;0;0;0;0;0;0;0;0;0;0;0;0;0;0;0;0;0;0;0;1;0;0;0;0;3;3;2;2;0;0;0;2;1;0;1
60434;Mortemer;32;60;0;0;0;0;0;0;0;0;0;0;0;0;0;0;0;0;0;0;0;0;0;0;0;0;0;1;0;0;0;0;0;0;0;0;0;0;1
60435;Morvillers;32;60;0;0;0;0;0;0;0;0;0;0;0;0;0;0;0;0;0;0;0;0;1;0;0;0;0;0;2;2;0;3;2;0;0;0;0;0;0
60436;Mory-Montcrux;32;60;0;0;0;0;0;0;0;0;0;0;0;0;0;0;0;0;0;0;0;0;1;0;0;0;1;0;0;0;0;0;0;0;0;0;0;0;0
60437;Mouchy-le-Châtel;32;60;0;0;0;0;0;0;0;0;0;0;0;0;0;0;0;0;0;0;0;0;0;0;0;0;0;0;0;0;0;0;0;0;0;0;0;0;0
60438;Moulin-sous-Touvent;32;60;0;0;0;0;0;0;0;0;0;0;0;0;0;0;0;0;0;0;0;0;0;0;0;0;0;0;0;1;0;0;0;0;0;0;0;0;0
60439;Mouy;32;60;0;1;0;0;0;0;0;0;0;0;1;0;0;0;0;8;2;1;0;0;5;0;0;3;9;6;5;8;5;2;8;2;0;16;3;1;6
60440;Moyenneville;32;60;0;0;0;0;0;0;0;0;0;0;0;0;0;0;0;0;0;0;0;0;1;0;0;0;0;1;0;1;1;1;1;0;0;0;0;0;0
60441;Moyvillers;32;60;0;0;0;0;0;0;0;0;0;0;0;0;0;0;0;0;0;0;0;0;1;1;0;1;1;2;2;2;0;0;1;1;0;2;1;1;2
60442;Muidorge;32;60;0;0;0;0;0;0;0;0;0;0;0;0;0;0;0;0;0;0;0;0;0;0;0;0;0;0;0;1;0;0;0;0;0;0;0;0;0
60443;Muirancourt;32;60;0;0;0;0;0;0;0;0;0;0;0;0;0;0;0;0;0;0;0;0;1;0;0;0;2;1;1;1;4;0;0;0;0;0;0;0;0
60444;Mureaumont;32;60;0;0;0;0;0;0;0;0;0;0;0;0;0;0;0;0;0;0;0;0;0;0;0;0;0;0;0;0;0;0;0;0;0;0;0;0;0
60445;Nampcel;32;60;0;0;0;0;0;0;0;0;0;0;0;0;0;0;0;0;0;0;0;1;1;0;0;0;1;0;0;0;0;0;0;0;0;0;0;0;0
60446;Nanteuil-le-Haudouin;32;60;0;1;0;0;0;0;0;0;0;0;1;0;0;0;0;4;0;1;0;0;5;0;0;2;3;7;4;5;3;2;6;0;0;6;5;0;5
60447;Néry;32;60;0;0;0;0;0;0;0;0;0;0;0;0;0;0;0;0;0;0;0;0;1;0;0;0;0;1;0;1;0;0;1;0;0;0;0;0;0
60448;Neufchelles;32;60;0;0;0;0;0;0;0;0;0;0;0;0;0;0;0;0;0;0;0;0;0;0;0;0;1;0;2;1;1;0;0;0;0;0;0;0;1
60449;Neufvy-sur-Aronde;32;60;0;0;0;0;0;0;0;0;0;0;0;0;0;0;0;0;0;0;0;0;0;0;0;0;0;0;0;0;1;0;0;0;0;0;0;0;0
60450;Neuilly-en-Thelle;32;60;0;0;0;0;0;0;0;0;0;0;1;0;0;0;0;5;0;1;0;0;6;0;0;1;7;1;6;6;5;4;8;1;0;9;7;0;7
60451;Neuilly-sous-Clermont;32;60;0;0;0;0;0;0;0;0;0;0;0;0;0;0;0;0;0;0;0;0;2;0;0;0;0;3;1;0;1;1;1;0;0;1;1;0;1
60452;Neuville-Bosc;32;60;0;0;0;0;0;0;0;0;0;0;0;0;0;0;0;0;0;0;0;0;0;0;0;0;0;0;0;0;1;1;0;0;0;0;0;0;0
60453;La Neuville-d'Aumont;32;60;0;0;0;0;0;0;0;0;0;0;0;0;0;0;0;0;0;0;0;0;1;0;0;0;1;0;0;1;2;0;0;0;0;1;0;0;0
60454;La Neuville-en-Hez;32;60;0;0;0;0;0;0;0;0;0;0;0;0;0;0;0;0;0;1;0;0;0;0;0;0;1;2;1;7;2;0;1;0;0;0;1;0;1
60455;La Neuville-Garnier;32;60;0;0;0;0;0;0;0;0;0;0;0;0;0;0;0;0;0;0;0;0;1;0;0;0;1;0;2;1;2;0;0;0;0;0;0;0;0
60456;La Neuville-Roy;32;60;0;1;0;0;0;0;0;0;0;0;0;0;0;0;0;0;0;0;0;1;1;0;0;2;1;0;1;2;0;0;1;0;0;0;1;0;0
60457;La Neuville-Saint-Pierre;32;60;0;0;0;0;0;0;0;0;0;0;0;0;0;0;0;0;0;0;0;0;0;0;0;0;0;2;2;0;0;0;0;0;0;0;0;0;0
60458;La Neuville-sur-Oudeuil;32;60;0;0;0;0;0;0;0;0;0;0;0;0;0;0;0;0;0;0;0;0;0;0;0;0;1;0;0;0;1;1;0;0;0;0;0;0;1
60459;La Neuville-sur-Ressons;32;60;0;0;0;0;0;0;0;0;0;0;0;0;0;0;0;0;0;0;0;0;1;0;0;0;0;0;0;0;0;0;0;0;0;0;0;0;0
60460;La Neuville-Vault;32;60;0;0;0;0;0;0;0;0;0;0;0;0;0;0;0;0;0;0;0;0;0;0;0;0;1;0;0;0;0;0;0;0;0;0;0;0;0
60461;Nivillers;32;60;0;0;0;0;0;0;0;0;0;0;0;0;0;0;0;0;0;0;0;0;0;0;0;0;0;0;0;1;0;0;0;0;0;0;0;0;0
60462;Noailles;32;60;0;1;0;0;0;0;0;0;0;0;1;0;0;0;0;4;1;1;0;0;5;0;0;1;5;4;3;5;3;4;2;2;0;10;4;1;5
60463;Nogent-sur-Oise;32;60;0;0;0;0;0;0;0;0;0;0;0;1;0;0;0;4;2;2;1;0;30;2;3;6;13;15;7;21;17;20;14;4;1;29;6;2;11
60464;Nointel;32;60;0;0;0;0;0;0;0;0;0;0;0;0;0;0;0;0;0;0;0;0;0;0;0;0;3;0;1;2;2;0;0;0;0;0;1;0;1
60465;Noirémont;32;60;0;0;0;0;0;0;0;0;0;0;0;0;0;0;0;0;0;0;0;0;0;0;0;0;0;0;0;1;2;0;0;0;0;0;0;0;0
60466;Noroy;32;60;0;0;0;0;0;0;0;0;0;0;0;0;0;0;0;0;1;0;0;0;0;0;0;0;1;0;0;2;0;1;0;0;0;1;0;0;1
60468;Nourard-le-Franc;32;60;0;0;0;0;0;0;0;0;0;0;0;0;0;0;0;0;0;0;0;0;3;0;0;0;0;0;0;0;0;0;0;0;0;0;0;0;0
60469;Novillers;32;60;0;0;0;0;0;0;0;0;0;0;0;0;0;0;0;0;0;0;0;0;2;0;0;0;0;1;2;2;1;0;0;0;0;0;1;0;0
60470;Noyers-Saint-Martin;32;60;0;0;0;0;0;0;0;0;0;0;0;0;0;0;0;0;0;1;0;0;1;0;0;0;0;0;0;3;2;2;1;1;0;1;0;0;1
60471;Noyon;32;60;0;1;0;0;0;0;0;0;0;0;1;1;0;1;0;13;2;1;0;0;23;2;1;9;15;20;6;28;11;16;28;3;5;54;10;6;6
60472;Offoy;32;60;0;0;0;0;0;0;0;0;0;0;0;0;0;0;0;0;0;0;0;0;0;0;0;0;1;0;0;0;0;0;0;0;0;0;0;0;0
60473;Ognes;32;60;0;0;0;0;0;0;0;0;0;0;0;0;0;0;0;0;0;0;0;0;0;0;0;0;1;1;0;1;0;1;0;0;0;1;0;0;0
60474;Ognolles;32;60;0;0;0;0;0;0;0;0;0;0;0;0;0;0;0;0;0;0;0;0;0;0;0;0;0;0;0;1;0;0;2;0;0;0;0;0;0
60475;Ognon;32;60;0;0;0;0;0;0;0;0;0;0;0;0;0;0;0;0;0;0;0;0;0;0;0;0;0;0;0;0;0;0;0;0;0;1;0;0;0
60476;Omécourt;32;60;0;0;0;0;0;0;0;0;0;0;0;0;0;0;0;0;0;0;0;0;0;0;0;0;0;1;1;0;0;0;0;0;0;0;0;0;0
60477;Ons-en-Bray;32;60;0;0;0;0;0;0;0;0;0;0;0;0;0;0;0;0;0;0;0;1;5;1;0;0;1;1;3;6;0;0;2;0;0;1;1;0;0
60478;Ormoy-le-Davien;32;60;0;0;0;0;0;0;0;0;0;0;0;0;0;0;0;0;0;0;0;0;0;0;0;0;0;0;2;0;0;0;0;0;0;0;0;0;1
60479;Ormoy-Villers;32;60;0;0;0;0;0;0;0;0;0;0;0;0;0;0;0;0;0;0;0;1;4;0;0;0;0;1;1;1;1;0;0;0;0;0;2;0;0
60480;Oroër;32;60;0;0;0;0;0;0;0;0;0;0;0;0;0;0;0;0;0;0;0;0;0;0;0;0;0;0;1;0;0;1;1;0;0;0;1;0;0
60481;Orrouy;32;60;0;0;0;0;0;0;0;0;0;0;0;0;0;0;0;0;1;0;0;1;0;0;0;0;0;0;0;0;0;0;0;0;0;0;1;0;1
60482;Orry-la-Ville;32;60;0;1;0;0;0;0;0;0;0;0;0;0;0;0;0;3;0;1;0;0;1;0;0;1;1;3;2;2;3;1;3;0;0;8;4;0;5
60483;Orvillers-Sorel;32;60;0;0;0;0;0;0;0;0;0;0;0;0;0;0;0;0;0;0;0;1;1;0;0;0;1;3;1;1;0;0;1;0;0;0;0;0;0
60484;Oudeuil;32;60;0;0;0;0;0;0;0;0;0;0;0;0;0;0;0;0;0;0;0;0;0;0;0;0;1;0;0;0;0;1;0;0;0;0;0;0;0
60485;Oursel-Maison;32;60;0;0;0;0;0;0;0;0;0;0;0;0;0;0;0;0;0;0;0;0;0;0;0;0;0;1;1;0;0;0;0;0;0;0;0;0;0
60486;Paillart;32;60;0;0;0;0;0;0;0;0;0;0;0;0;0;0;0;0;0;0;0;0;1;0;0;0;1;0;0;0;0;1;1;0;0;3;0;0;1
60487;Parnes;32;60;0;0;0;0;0;0;0;0;0;0;0;0;0;0;0;0;0;0;0;0;1;0;0;1;1;2;1;0;1;0;0;0;0;0;0;0;0
60488;Passel;32;60;0;0;0;0;0;0;0;0;0;0;0;0;0;0;0;0;0;0;0;0;2;0;0;0;0;0;2;0;1;2;0;0;0;0;0;0;0
60489;Péroy-les-Gombries;32;60;0;0;0;0;0;0;0;0;0;0;0;0;0;0;0;0;0;0;0;0;2;0;0;0;3;2;1;2;1;0;0;0;0;1;2;0;1
60490;Pierrefitte-en-Beauvaisis;32;60;0;0;0;0;0;0;0;0;0;0;0;0;0;0;0;0;0;0;0;0;0;0;0;0;0;2;1;0;0;0;0;0;0;0;0;0;0
60491;Pierrefonds;32;60;0;0;0;0;0;0;0;0;0;0;0;0;0;0;0;0;0;1;0;0;2;0;0;0;1;2;3;2;3;1;0;1;0;10;3;0;2
60492;Pimprez;32;60;0;0;0;0;0;0;0;0;0;0;0;0;0;0;0;0;0;0;0;0;1;0;0;0;0;2;1;2;1;0;0;0;0;0;0;0;1
60493;Pisseleu;32;60;0;0;0;0;0;0;0;0;0;0;0;0;0;0;0;0;0;0;0;0;0;0;0;0;0;1;0;0;1;0;1;0;0;0;0;0;1
60494;Plailly;32;60;0;0;0;0;0;0;0;0;0;0;0;0;0;0;0;0;0;1;0;0;2;0;0;0;1;1;1;3;1;2;3;0;0;4;1;0;1
60495;Plainval;32;60;0;0;0;0;0;0;0;0;0;0;0;0;0;0;0;0;0;0;0;0;0;0;0;0;0;2;0;0;1;0;0;0;0;0;1;0;0
60496;Plainville;32;60;0;0;0;0;0;0;0;0;0;0;0;0;0;0;0;0;0;0;0;0;0;0;0;0;1;0;0;1;0;0;0;0;0;0;0;0;0
60497;Le Plessier-sur-Bulles;32;60;0;0;0;0;0;0;0;0;0;0;0;0;0;0;0;0;0;0;0;0;0;0;0;0;0;0;0;2;0;0;0;0;0;0;0;0;0
60498;Le Plessier-sur-Saint-Just;32;60;0;0;0;0;0;0;0;0;0;0;0;0;0;0;0;0;0;0;0;0;0;0;0;0;1;0;0;1;0;0;0;0;0;0;1;0;0
60499;Plessis-de-Roye;32;60;0;0;0;0;0;0;0;0;0;0;0;0;0;0;0;0;0;0;0;0;0;0;0;0;0;0;0;0;0;0;0;0;0;0;0;0;1
60500;Le Plessis-Belleville;32;60;0;0;0;0;0;0;0;0;0;0;0;0;0;0;0;6;1;1;0;0;13;1;4;3;7;3;3;4;6;4;7;1;7;11;4;1;3
60501;Le Plessis-Brion;32;60;0;0;0;0;0;0;0;0;0;0;0;0;0;0;0;0;0;0;0;0;1;0;0;0;1;1;0;2;3;2;1;1;0;0;2;0;1
60502;Le Plessis-Patte-d'Oie;32;60;0;0;0;0;0;0;0;0;0;0;0;0;0;0;0;0;0;0;0;0;0;0;0;0;0;0;0;0;0;0;0;0;0;0;0;0;0
60503;Le Ployron;32;60;0;0;0;0;0;0;0;0;0;0;0;0;0;0;0;0;0;0;0;0;1;0;0;0;0;0;0;0;1;0;0;0;0;0;0;0;0
60504;Ponchon;32;60;0;0;0;0;0;0;0;0;0;0;0;0;0;0;0;0;0;0;0;0;0;0;0;0;4;1;1;7;4;0;3;0;0;0;1;0;1
60505;Pontarmé;32;60;0;0;0;0;0;0;0;0;0;0;0;0;0;0;0;0;0;0;0;0;3;0;0;0;3;1;2;0;2;1;1;0;0;0;0;0;1
60506;Pont-l'Évêque;32;60;0;0;0;0;0;0;0;0;0;0;0;0;0;0;0;0;0;0;0;1;0;0;0;1;2;1;0;6;0;0;0;0;0;2;0;0;0
60507;Pontoise-lès-Noyon;32;60;0;0;0;0;0;0;0;0;0;0;0;0;0;0;0;0;0;0;0;0;1;0;0;0;0;1;0;0;1;0;0;0;0;0;0;0;0
60508;Pontpoint;32;60;0;0;0;0;0;0;0;0;0;0;0;0;0;0;0;0;0;0;0;0;7;1;0;0;2;2;2;8;5;3;3;0;0;3;3;0;1
60509;Pont-Sainte-Maxence;32;60;1;1;0;0;0;0;0;0;0;0;1;0;0;0;0;11;2;1;0;0;17;1;0;4;5;15;6;17;11;4;21;1;0;41;13;4;10
60510;Porcheux;32;60;0;0;0;0;0;0;0;0;0;0;0;0;0;0;0;0;0;0;0;0;1;0;0;0;0;1;0;1;0;0;0;0;0;0;0;0;0
60511;Porquéricourt;32;60;0;0;0;0;0;0;0;0;0;0;0;0;0;0;0;0;0;0;0;0;0;0;0;0;0;0;2;2;2;0;0;0;0;0;0;0;0
60512;Pouilly;32;60;0;0;0;0;0;0;0;0;0;0;0;0;0;0;0;0;0;0;0;0;0;0;0;0;1;0;0;0;0;0;0;0;0;0;0;0;0
60513;Précy-sur-Oise;32;60;0;0;0;0;0;0;0;0;0;0;0;0;0;0;0;2;0;1;0;0;3;0;0;1;2;5;4;8;3;2;3;0;0;0;8;0;2
60514;Prévillers;32;60;0;0;0;0;0;0;0;0;0;0;0;0;0;0;0;0;0;0;0;0;0;0;0;0;0;0;0;0;0;0;1;0;0;0;0;0;0
60515;Pronleroy;32;60;0;0;0;0;0;0;0;0;0;0;0;0;0;0;0;0;0;0;0;0;0;0;0;0;0;2;0;1;1;0;1;0;0;0;0;0;0
60516;Puiseux-en-Bray;32;60;0;0;0;0;0;0;0;0;0;0;0;0;0;0;0;0;0;0;0;0;1;0;0;0;0;0;1;2;0;1;1;0;0;0;0;0;0
60517;Puiseux-le-Hauberger;32;60;0;0;0;0;0;0;0;0;0;0;0;0;0;0;0;0;0;0;0;0;2;0;0;0;1;3;0;5;1;0;2;0;0;1;1;0;1
60518;Puits-la-Vallée;32;60;0;0;0;0;0;0;0;0;0;0;0;0;0;0;0;0;0;0;0;0;0;0;0;0;0;0;0;0;0;0;0;0;0;0;0;0;0
60519;Quesmy;32;60;0;0;0;0;0;0;0;0;0;0;0;0;0;0;0;0;0;0;0;0;0;0;0;0;0;0;0;0;0;0;0;0;0;0;0;0;1
60520;Le Quesnel-Aubry;32;60;0;0;0;0;0;0;0;0;0;0;0;0;0;0;0;0;0;0;0;0;1;0;0;0;1;1;1;0;1;0;0;0;0;0;0;0;0
60521;Quincampoix-Fleuzy;32;60;0;0;0;0;0;0;0;0;0;0;0;0;0;0;0;0;0;0;0;0;0;0;0;0;1;0;1;4;1;0;0;0;0;2;0;0;0
60522;Quinquempoix;32;60;0;0;0;0;0;0;0;0;0;0;0;0;0;0;0;0;0;0;0;0;1;0;0;0;1;0;0;1;0;0;0;0;0;0;1;0;0
60523;Rainvillers;32;60;0;0;0;0;0;0;0;0;0;0;0;0;0;0;0;0;0;0;0;1;2;0;0;1;2;2;0;3;0;1;1;0;0;1;0;0;0
60524;Rantigny;32;60;0;0;0;0;0;0;0;0;0;0;0;0;0;0;0;1;0;1;0;0;3;0;0;2;6;5;8;9;2;1;3;0;0;11;5;0;1
60525;Raray;32;60;0;0;0;0;0;0;0;0;0;0;0;0;0;0;0;0;0;0;0;0;0;0;0;0;0;0;1;0;0;0;0;0;0;0;1;0;0
60526;Ravenel;32;60;0;0;0;0;0;0;0;0;0;0;0;0;0;0;0;0;0;0;0;1;4;0;0;0;1;2;0;5;1;0;2;0;0;1;0;0;0
60527;Réez-Fosse-Martin;32;60;0;0;0;0;0;0;0;0;0;0;0;0;0;0;0;0;0;0;0;0;0;0;0;0;1;0;0;0;0;0;0;0;0;0;0;0;0
60528;Reilly;32;60;0;0;0;0;0;0;0;0;0;0;0;0;0;0;0;0;0;0;0;0;0;0;0;0;1;0;0;0;0;1;0;0;0;1;0;0;0
60529;Rémécourt;32;60;0;0;0;0;0;0;0;0;0;0;0;0;0;0;0;0;0;0;0;0;0;0;0;0;0;0;0;0;0;0;0;0;0;0;0;0;0
60530;Rémérangles;32;60;0;0;0;0;0;0;0;0;0;0;0;0;0;0;0;0;0;0;0;0;0;0;0;0;0;0;0;0;0;0;0;0;0;0;0;0;0
60531;Remy;32;60;0;0;0;0;0;0;0;0;0;0;0;0;0;0;0;0;0;1;0;0;1;0;0;0;4;2;0;2;4;0;1;0;0;2;1;0;0
60532;Ressons-l'Abbaye;32;60;0;0;0;0;0;0;0;0;0;0;0;0;1;0;0;0;0;0;0;0;0;0;0;0;0;0;2;0;0;0;0;0;0;1;0;0;0
60533;Ressons-sur-Matz;32;60;0;1;0;0;0;0;0;0;0;0;0;0;0;0;0;4;1;1;0;0;4;0;0;1;1;1;3;3;0;1;4;2;0;5;5;0;2
60534;Rethondes;32;60;0;0;0;0;0;0;0;0;0;0;0;0;0;0;0;0;0;0;0;1;0;0;0;0;0;3;2;2;0;0;0;0;0;1;0;0;0
60535;Reuil-sur-Brêche;32;60;0;0;0;0;0;0;0;0;0;0;0;0;0;0;0;0;0;0;0;0;0;0;0;0;0;0;1;1;3;0;0;0;0;0;0;0;0
60536;Rhuis;32;60;0;0;0;0;0;0;0;0;0;0;0;0;0;0;0;0;0;0;0;0;1;0;0;0;1;0;0;1;0;0;1;0;0;0;0;0;0
60537;Ribécourt-Dreslincourt;32;60;0;1;0;0;0;0;0;0;0;0;1;0;0;0;0;5;0;1;0;0;4;1;0;1;0;5;4;7;9;1;7;0;0;9;5;0;1
60538;Ricquebourg;32;60;0;0;0;0;0;0;0;0;0;0;0;0;0;0;0;0;0;0;0;0;1;0;0;0;1;0;0;0;1;0;0;0;0;0;0;0;0
60539;Rieux;32;60;0;0;0;0;0;0;0;0;0;0;0;0;0;0;0;0;0;1;0;0;4;0;0;2;5;4;3;3;1;1;3;0;0;3;1;0;1
60540;Rivecourt;32;60;0;0;0;0;0;0;0;0;0;0;0;0;0;0;0;0;0;0;0;0;0;0;0;0;1;2;1;2;0;0;2;0;0;0;0;0;0
60541;Roberval;32;60;0;0;0;0;0;0;0;0;0;0;0;0;0;0;0;0;0;0;0;0;2;0;0;0;0;1;0;1;1;0;0;0;0;0;0;0;0
60542;Rochy-Condé;32;60;0;0;0;0;0;0;0;0;0;0;0;0;0;0;0;0;0;0;1;0;0;0;0;0;4;1;1;3;0;0;4;0;0;0;0;0;1
60543;Rocquemont;32;60;0;0;0;0;0;0;0;0;0;0;0;0;0;0;0;0;0;0;0;0;0;0;0;0;0;0;0;0;0;0;0;0;0;0;0;0;0
60544;Rocquencourt;32;60;0;0;0;0;0;0;0;0;0;0;0;0;0;0;0;0;0;0;0;0;0;0;0;0;0;1;0;1;0;0;1;0;0;0;0;0;0
60545;Romescamps;32;60;0;0;0;0;0;0;0;0;0;0;0;0;0;0;0;0;0;0;0;0;1;0;0;0;0;1;3;2;0;0;1;0;0;0;0;0;1
60546;Rosières;32;60;0;0;0;0;0;0;0;0;0;0;0;0;0;0;0;0;0;0;0;0;0;0;0;0;0;0;0;0;1;0;0;0;0;0;0;0;0
60547;Rosoy;32;60;0;0;0;0;0;0;0;0;0;0;0;0;0;0;0;0;0;0;0;0;1;0;0;0;2;1;0;2;1;0;1;0;0;0;0;0;1
60548;Rosoy-en-Multien;32;60;0;0;0;0;0;0;0;0;0;0;0;0;0;0;0;0;0;0;0;0;0;0;0;0;0;0;0;0;1;2;0;0;0;0;2;0;0
60549;Rotangy;32;60;0;0;0;0;0;0;0;0;0;0;0;0;0;0;0;0;0;0;0;0;0;0;0;0;0;0;0;0;0;0;0;0;0;0;0;0;0
60550;Rothois;32;60;0;0;0;0;0;0;0;0;0;0;0;0;0;0;0;0;0;0;0;0;0;0;0;0;1;0;1;1;0;0;0;0;0;0;0;0;0
60551;Rousseloy;32;60;0;0;0;0;0;0;0;0;0;0;0;0;0;0;0;0;0;0;0;0;1;0;0;0;0;1;0;1;1;0;1;0;0;0;0;0;0
60552;Rouville;32;60;0;0;0;0;0;0;0;0;0;0;0;0;0;0;0;0;0;0;0;0;0;0;0;0;0;0;0;0;0;0;0;0;0;0;0;0;0
60553;Rouvillers;32;60;0;0;0;0;0;0;0;0;0;0;0;0;0;0;0;0;0;0;0;0;1;0;0;0;0;0;0;1;0;0;0;0;0;0;1;0;0
60554;Rouvres-en-Multien;32;60;0;0;0;0;0;0;0;0;0;0;0;0;0;0;0;0;0;0;0;0;0;0;0;0;0;0;1;1;1;0;0;0;0;0;0;0;0
60555;Rouvroy-les-Merles;32;60;0;0;0;0;0;0;0;0;0;0;0;0;0;0;0;0;0;0;0;0;0;0;0;0;0;0;0;0;0;0;0;0;0;0;0;0;0
60556;Royaucourt;32;60;0;0;0;0;0;0;0;0;0;0;0;0;0;0;0;0;0;0;0;0;0;0;0;0;0;1;0;1;1;0;0;0;0;0;0;0;0
60557;Roy-Boissy;32;60;0;0;0;0;0;0;0;0;0;0;0;0;0;0;0;0;0;0;0;0;0;0;0;0;0;0;0;0;0;0;0;0;0;0;0;0;0
60558;Roye-sur-Matz;32;60;0;0;0;0;0;0;0;0;0;0;0;0;0;0;0;0;0;0;1;0;1;0;0;0;2;0;1;2;0;0;1;0;0;0;0;0;0
60559;La Rue-Saint-Pierre;32;60;0;0;0;0;0;0;0;0;0;0;0;0;0;0;0;0;0;0;0;0;0;0;0;0;3;5;4;1;0;0;0;0;0;1;0;0;1
60560;Rully;32;60;0;0;0;0;0;0;0;0;0;0;0;0;0;0;0;0;0;0;0;1;0;0;0;0;0;0;0;1;0;2;1;0;0;0;1;0;0
60561;Russy-Bémont;32;60;0;0;0;0;0;0;0;0;0;0;0;0;0;0;0;0;0;0;0;0;0;0;0;0;0;0;0;2;0;0;0;0;0;0;0;0;0
60562;Sacy-le-Grand;32;60;0;0;0;0;0;0;0;0;0;0;0;0;0;0;0;0;0;0;0;1;1;0;0;0;3;0;1;5;2;4;1;0;0;3;3;0;4
60563;Sacy-le-Petit;32;60;0;0;0;0;0;0;0;0;0;0;0;0;0;0;0;0;0;0;0;0;2;0;0;0;0;0;1;1;1;0;0;0;0;0;1;0;0
60564;Sains-Morainvillers;32;60;0;0;0;0;0;0;0;0;0;0;0;0;0;0;0;0;0;0;0;0;0;0;0;0;0;0;0;1;0;0;0;0;0;0;0;0;0
60565;Saint-André-Farivillers;32;60;0;0;0;0;0;0;0;0;0;0;0;0;0;0;0;0;0;0;0;0;1;0;0;0;1;2;0;1;2;0;0;0;0;0;0;0;1
60566;Saint-Arnoult;32;60;0;0;0;0;0;0;0;0;0;0;0;0;0;0;0;0;0;0;0;0;0;0;0;0;0;0;0;0;1;0;0;0;0;0;0;0;0
60567;Saint-Aubin-en-Bray;32;60;0;0;0;0;0;0;0;0;0;0;0;0;0;0;0;0;0;0;0;0;3;0;0;0;4;0;4;3;0;0;0;0;0;2;1;0;1
60568;Saint-Aubin-sous-Erquery;32;60;0;0;0;0;0;0;0;0;0;0;0;0;0;0;0;0;0;0;0;0;1;0;0;0;0;0;1;1;1;0;0;0;0;0;0;0;0
60569;Saint-Crépin-aux-Bois;32;60;0;0;0;0;0;0;0;0;0;0;0;0;0;0;0;0;0;0;0;0;0;0;0;0;0;0;0;1;1;0;0;0;0;0;0;0;0
60570;Saint-Crépin-Ibouvillers;32;60;0;1;0;0;0;0;0;0;0;0;0;0;0;0;0;0;0;1;0;0;1;0;0;1;2;2;4;4;3;2;1;0;0;4;2;0;4
60571;Saint-Deniscourt;32;60;0;0;0;0;0;0;0;0;0;0;0;0;0;0;0;0;0;0;0;0;0;0;0;0;0;0;0;0;0;0;1;0;0;0;0;0;0
60572;Saint-Étienne-Roilaye;32;60;0;0;0;0;0;0;0;0;0;0;0;0;0;0;0;0;0;0;0;0;1;0;0;1;0;0;0;2;0;0;0;0;0;1;0;0;0
60573;Sainte-Eusoye;32;60;0;0;0;0;0;0;0;0;0;0;0;0;0;0;0;0;0;0;0;0;0;0;0;0;1;0;0;0;0;0;0;0;1;0;0;0;0
60574;Saint-Félix;32;60;0;0;0;0;0;0;0;0;0;0;0;0;0;0;0;0;0;0;0;0;0;0;0;0;1;0;2;2;0;2;0;0;0;2;1;0;0
60575;Sainte-Geneviève;32;60;0;0;0;0;0;0;0;0;0;0;0;0;0;0;0;0;0;1;0;0;10;2;0;1;4;5;8;7;7;4;6;0;0;7;4;0;3
60576;Saint-Germain-la-Poterie;32;60;0;0;0;0;0;0;0;0;0;0;0;0;0;0;0;0;0;0;0;0;1;0;0;0;0;0;0;0;1;0;0;0;0;0;0;0;0
60577;Saint-Germer-de-Fly;32;60;0;0;0;0;0;0;0;0;0;0;0;0;0;0;0;0;0;1;0;0;8;0;0;1;4;3;4;3;2;1;2;0;0;3;0;0;2
60578;Saintines;32;60;0;0;0;0;0;0;0;0;0;0;0;0;0;0;0;0;0;0;0;1;0;0;0;0;4;0;0;0;0;0;0;0;0;0;0;0;1
60579;Saint-Jean-aux-Bois;32;60;0;0;0;0;0;0;0;0;0;0;0;0;0;0;0;0;0;0;0;0;0;0;0;0;0;0;0;0;0;0;0;0;0;1;0;0;0
60581;Saint-Just-en-Chaussée;32;60;0;1;0;0;0;0;0;0;0;0;1;0;0;0;0;7;5;1;0;0;8;2;0;6;3;4;2;6;5;4;13;3;1;15;8;1;5
60582;Saint-Léger-aux-Bois;32;60;0;0;0;0;0;0;0;0;0;0;0;0;0;0;0;0;0;0;0;0;0;0;0;0;1;2;2;1;1;0;1;0;0;0;0;0;2
60583;Saint-Léger-en-Bray;32;60;0;0;0;0;0;0;0;0;0;0;0;0;0;0;0;0;0;0;0;0;1;0;0;0;0;2;0;1;2;0;0;0;0;1;0;0;0
60584;Saint-Leu-d'Esserent;32;60;0;1;0;0;0;0;0;0;0;0;1;0;0;0;0;4;1;1;0;0;5;0;0;1;12;9;1;7;5;9;8;1;0;6;1;0;6
60585;Saint-Martin-aux-Bois;32;60;0;0;0;0;0;0;0;0;0;0;0;0;0;0;0;0;0;0;0;0;0;0;0;0;0;0;0;1;1;0;1;0;0;1;0;0;0
60586;Saint-Martin-le-Noeud;32;60;0;0;0;0;0;0;0;0;0;0;0;0;0;0;0;0;0;0;0;1;1;0;0;0;0;0;0;1;0;1;1;0;0;1;0;0;0
60587;Saint-Martin-Longueau;32;60;0;0;0;0;0;0;0;0;0;0;0;0;0;0;0;0;0;0;0;0;9;1;0;0;2;2;1;3;2;1;3;0;0;1;2;0;2
60588;Saint-Maur;32;60;0;0;0;0;0;0;0;0;0;0;0;0;0;0;0;0;0;0;0;0;1;1;0;0;0;0;0;0;0;0;0;0;0;0;0;0;0
60589;Saint-Maximin;32;60;0;0;0;0;0;0;0;0;0;0;0;1;0;0;0;1;0;1;0;0;23;5;3;1;2;2;6;5;5;2;6;0;1;32;1;1;5
60590;Saint-Omer-en-Chaussée;32;60;0;0;0;0;0;0;0;0;0;0;0;0;0;0;0;0;0;0;0;1;3;0;0;0;0;3;3;1;2;2;0;0;0;2;0;0;1
60591;Saint-Paul;32;60;0;0;0;0;0;0;0;0;0;0;0;0;0;0;0;0;1;0;0;1;2;0;0;0;1;1;4;4;2;1;0;0;0;2;1;0;0
60592;Saint-Pierre-es-Champs;32;60;0;0;0;0;0;0;0;0;0;0;0;0;0;0;0;0;0;0;0;0;0;0;0;0;1;0;4;2;2;0;1;0;0;0;0;0;1
60593;Saint-Pierre-lès-Bitry;32;60;0;0;0;0;0;0;0;0;0;0;0;0;0;0;0;0;0;0;0;0;0;0;0;0;0;0;0;2;0;0;0;0;0;0;0;0;0
60594;Saint-Quentin-des-Prés;32;60;0;0;0;0;0;0;0;0;0;0;0;0;0;0;0;0;0;0;0;0;3;0;0;0;0;1;0;0;1;1;0;0;0;0;0;0;0
60595;Saint-Remy-en-l'Eau;32;60;0;0;0;0;0;0;0;0;0;0;0;0;0;0;0;0;0;0;0;1;0;0;0;0;0;0;0;0;0;0;0;0;0;0;0;0;0
60596;Saint-Samson-la-Poterie;32;60;0;0;0;0;0;0;0;0;0;0;0;0;0;0;0;0;0;0;0;0;0;0;0;0;0;0;0;1;1;0;0;0;0;0;0;0;0
60597;Saint-Sauveur;32;60;0;0;0;0;0;0;0;0;0;0;0;0;0;0;0;0;1;1;0;0;3;0;0;0;5;3;3;4;0;0;1;0;0;0;2;0;1
60598;Saint-Sulpice;32;60;0;0;0;0;0;0;0;0;0;0;0;0;0;0;0;0;0;0;0;0;0;0;0;0;1;1;1;5;2;0;1;0;0;0;0;0;0
60599;Saint-Thibault;32;60;0;0;0;0;0;0;0;0;0;0;0;0;0;0;0;0;0;0;0;0;1;0;0;0;1;2;1;2;1;0;0;0;0;0;0;0;0
60600;Saint-Vaast-de-Longmont;32;60;0;0;0;0;0;0;0;0;0;0;0;0;0;0;0;0;0;0;0;0;0;0;0;0;2;0;0;2;2;1;1;0;0;0;2;0;1
60601;Saint-Vaast-lès-Mello;32;60;0;0;0;0;0;0;0;0;0;0;0;0;0;0;0;0;0;0;0;0;4;0;0;0;2;1;3;1;1;0;3;0;0;0;0;0;1
60602;Saint-Valery;32;60;0;0;0;0;0;0;0;0;0;0;0;0;0;0;0;0;0;0;0;0;0;0;0;0;0;0;2;0;0;0;0;0;0;0;0;0;0
60603;Salency;32;60;0;0;0;0;0;0;0;0;0;0;0;0;0;0;0;0;0;0;0;0;1;0;0;0;1;0;0;3;2;0;0;0;0;0;1;0;0
60604;Sarcus;32;60;0;0;0;0;0;0;0;0;0;0;0;0;0;0;0;0;0;0;0;0;0;0;0;0;1;0;0;0;0;0;0;0;0;0;0;0;0
60605;Sarnois;32;60;0;0;0;0;0;0;0;0;0;0;0;0;0;0;0;0;0;0;0;0;0;0;0;0;2;0;1;1;0;0;1;0;0;0;0;0;0
60608;Le Saulchoy;32;60;0;0;0;0;0;0;0;0;0;0;0;0;0;0;0;0;0;0;0;0;0;0;0;0;0;0;0;0;0;0;0;0;0;0;0;0;0
60609;Savignies;32;60;0;0;0;0;0;0;0;0;0;0;0;0;0;0;0;0;0;0;1;0;1;0;0;0;0;1;1;3;2;1;2;0;0;3;0;0;2
60610;Sempigny;32;60;0;0;0;0;0;0;0;0;0;0;0;0;0;0;0;0;0;0;0;0;1;0;0;0;1;1;1;2;0;2;1;0;0;0;0;0;1
60611;Senantes;32;60;0;0;0;0;0;0;0;0;0;0;0;0;0;0;0;0;0;0;0;0;0;0;0;0;1;0;4;1;2;0;0;0;0;0;0;0;1
60612;Senlis;32;60;0;1;0;1;1;0;0;0;0;0;6;0;0;0;0;14;4;1;1;0;20;1;0;5;12;17;7;18;11;21;21;9;2;48;25;4;14
60613;Senots;32;60;0;0;0;0;0;0;0;0;0;0;0;0;0;0;0;0;0;0;0;0;0;0;0;0;1;0;1;0;0;0;0;0;0;0;2;0;0
60614;Serans;32;60;0;0;0;0;0;0;0;0;0;0;0;0;0;0;0;0;0;0;0;0;0;0;0;1;0;0;0;0;0;0;0;0;0;0;0;0;0
60615;Sérévillers;32;60;0;0;0;0;0;0;0;0;0;0;0;0;0;0;0;0;0;0;0;0;0;0;0;0;0;0;1;0;0;0;0;0;0;0;0;0;0
60616;Sérifontaine;32;60;0;0;0;0;0;0;0;0;0;0;1;0;0;0;0;0;0;1;0;0;8;0;0;0;6;5;6;1;4;0;3;0;0;1;1;0;0
60617;Sermaize;32;60;0;0;0;0;0;0;0;0;0;0;0;0;0;0;0;0;0;0;0;0;0;0;0;0;2;1;0;1;0;0;0;0;0;0;0;0;0
60618;Séry-Magneval;32;60;0;0;0;0;0;0;0;0;0;0;0;0;0;0;0;0;0;0;0;0;0;0;0;0;0;0;0;0;2;0;0;0;0;0;0;0;1
60619;Silly-le-Long;32;60;0;0;0;0;0;0;0;0;0;0;0;0;0;0;0;0;0;0;0;0;1;0;1;1;0;1;2;2;1;1;0;0;0;1;1;0;1
60620;Silly-Tillard;32;60;0;0;0;0;0;0;0;0;0;0;0;0;0;0;0;0;0;0;0;0;1;0;0;0;0;2;0;2;0;2;0;0;0;0;0;0;1
60621;Solente;32;60;0;0;0;0;0;0;0;0;0;0;0;0;0;0;0;0;0;0;0;0;0;0;0;0;0;1;0;0;0;0;1;0;0;0;0;0;0
60622;Sommereux;32;60;0;0;0;0;0;0;0;0;0;0;0;0;0;0;0;0;0;0;0;0;2;0;0;0;1;1;0;2;1;0;0;0;0;0;0;0;0
60623;Songeons;32;60;0;1;0;0;0;0;0;0;0;0;0;0;1;0;0;3;0;1;0;0;3;1;0;1;0;3;2;6;0;0;3;1;0;1;2;0;2
60624;Sully;32;60;0;0;0;0;0;0;0;0;0;0;0;0;0;0;0;0;0;0;0;0;1;0;0;0;0;0;2;0;0;0;0;0;0;1;0;0;0
60625;Suzoy;32;60;0;0;0;0;0;0;0;0;0;0;0;0;0;0;0;0;0;0;0;0;0;0;0;0;1;1;0;3;0;0;0;0;0;0;1;0;0
60626;Talmontiers;32;60;0;0;0;0;0;0;0;0;0;0;0;0;0;0;0;0;0;0;0;1;2;0;0;0;1;0;1;4;1;0;1;0;0;0;1;0;0
60627;Tartigny;32;60;0;0;0;0;0;0;0;0;0;0;0;0;0;0;0;0;0;0;0;0;0;0;0;0;0;0;1;0;0;0;0;0;0;0;0;0;0
60628;Therdonne;32;60;0;0;0;0;0;0;0;0;0;0;0;0;0;0;0;0;0;0;0;1;0;0;0;0;4;3;1;3;3;2;0;0;0;0;0;0;3
60629;Thérines;32;60;0;0;0;0;0;0;0;0;0;0;0;0;0;0;0;0;0;0;0;0;0;0;0;0;0;0;0;2;0;0;0;0;0;0;1;0;0
60630;Thibivillers;32;60;0;0;0;0;0;0;0;0;0;0;0;0;0;0;0;0;0;0;0;0;0;0;0;0;0;0;0;0;1;0;0;0;0;0;0;0;0
60631;Thiers-sur-Thève;32;60;0;0;0;0;0;0;0;0;0;0;0;0;0;0;0;0;0;0;0;0;3;0;0;0;3;1;3;2;1;0;0;0;0;2;0;0;1
60632;Thiescourt;32;60;0;0;0;0;0;0;0;0;0;0;0;0;0;0;0;0;0;0;0;1;1;0;0;0;2;3;2;1;3;0;1;0;0;0;0;0;0
60633;Thieuloy-Saint-Antoine;32;60;0;0;0;0;0;0;0;0;0;0;0;0;0;0;0;0;0;0;0;0;1;0;0;0;0;0;0;1;0;0;0;0;0;0;0;0;1
60634;Thieux;32;60;0;0;0;0;0;0;0;0;0;0;0;0;0;0;0;0;0;0;0;1;0;0;0;0;0;0;0;1;0;0;0;0;0;0;0;0;0
60635;Thiverny;32;60;0;0;0;0;0;0;0;0;0;0;0;0;0;0;0;0;0;0;0;0;4;0;0;0;1;0;0;1;2;2;1;0;0;4;0;1;0
60636;Thourotte;32;60;0;0;0;0;0;0;0;0;0;0;1;0;0;0;0;4;1;1;0;0;6;1;0;2;5;5;3;8;10;3;6;1;0;15;2;2;2
60637;Thury-en-Valois;32;60;0;0;0;0;0;0;0;0;0;0;0;0;0;0;0;0;0;0;0;1;0;0;0;0;0;0;0;0;0;0;1;0;0;0;0;0;0
60638;Thury-sous-Clermont;32;60;0;0;0;0;0;0;0;0;0;0;0;0;0;0;0;0;0;0;0;0;1;0;0;0;5;0;2;0;3;0;0;0;0;0;0;0;0
60639;Tillé;32;60;0;0;0;0;0;0;0;0;0;0;0;0;0;0;0;0;0;0;1;0;0;1;7;3;4;1;4;6;1;1;1;0;0;8;0;0;3
60640;Tourly;32;60;0;0;0;0;0;0;0;0;0;0;0;0;0;0;0;0;0;0;0;0;0;0;0;0;1;0;0;0;0;0;0;0;0;0;1;0;0
60641;Tracy-le-Mont;32;60;0;0;0;0;0;0;0;0;0;0;0;0;0;0;0;0;1;1;0;0;2;0;0;0;4;4;3;2;2;1;4;0;0;0;1;0;0
60642;Tracy-le-Val;32;60;0;0;0;0;0;0;0;0;0;0;0;0;0;0;0;0;1;0;0;0;2;0;0;0;5;1;1;2;1;1;1;0;0;0;0;0;0
60643;Tricot;32;60;0;0;0;0;0;0;0;0;0;0;0;0;0;0;0;1;0;1;0;0;2;0;0;1;0;4;0;0;3;2;3;0;0;1;0;0;0
60644;Trie-Château;32;60;0;0;0;0;0;0;0;0;0;0;0;0;0;0;0;0;0;1;0;0;5;1;0;2;3;1;4;0;2;2;1;0;0;4;0;1;1
60645;Trie-la-Ville;32;60;0;0;0;0;0;0;0;0;0;0;0;0;0;0;0;0;0;0;0;0;2;0;0;0;0;0;2;0;1;0;0;0;0;0;0;0;0
60646;Troissereux;32;60;0;0;0;0;0;0;0;0;0;0;0;0;0;0;0;0;1;1;0;0;4;0;0;0;2;4;2;4;1;0;1;0;0;2;3;0;1
60647;Trosly-Breuil;32;60;0;0;0;0;0;0;0;0;0;0;0;0;0;0;0;0;0;0;0;0;8;0;0;0;3;5;2;3;3;1;5;0;0;0;2;0;3
60648;Troussencourt;32;60;0;0;0;0;0;0;0;0;0;0;0;0;0;0;0;0;0;0;0;0;0;0;0;0;1;0;0;2;0;0;0;0;0;0;1;0;0
60649;Troussures;32;60;0;0;0;0;0;0;0;0;0;0;0;0;0;0;0;0;0;0;0;0;0;0;0;0;0;0;0;0;0;0;0;0;0;0;0;0;0
60650;Trumilly;32;60;0;0;0;0;0;0;0;0;0;0;0;0;0;0;0;0;0;0;0;0;0;0;0;0;0;0;1;0;0;0;0;0;0;0;0;0;1
60651;Ully-Saint-Georges;32;60;0;0;0;0;0;0;0;0;0;0;0;0;0;0;0;0;0;0;1;0;5;0;0;0;3;1;1;8;2;2;2;0;0;2;4;0;0
60652;Valdampierre;32;60;0;0;0;0;0;0;0;0;0;0;0;0;0;0;0;0;0;0;0;1;2;0;0;0;1;0;0;1;3;1;1;0;0;0;0;0;2
60653;Valescourt;32;60;0;0;0;0;0;0;0;0;0;0;0;0;0;0;0;0;0;0;0;0;0;0;0;1;1;0;0;0;1;0;0;0;0;0;0;0;0
60654;Vandélicourt;32;60;0;0;0;0;0;0;0;0;0;0;0;0;0;0;0;0;0;0;0;0;0;0;0;0;0;0;0;0;0;0;1;0;0;0;0;0;0
60655;Varesnes;32;60;0;0;0;0;0;0;0;0;0;0;0;0;0;0;0;0;0;0;0;0;0;0;0;0;0;1;0;1;0;0;0;1;0;0;0;0;0
60656;Varinfroy;32;60;0;0;0;0;0;0;0;0;0;0;0;0;0;0;0;0;0;0;0;0;0;0;0;0;1;0;1;0;1;0;0;0;0;0;0;0;1
60657;Vauchelles;32;60;0;0;0;0;0;0;0;0;0;0;0;0;0;0;0;0;0;0;0;0;0;0;0;0;0;0;0;0;0;0;0;0;0;1;0;0;0
60658;Vauciennes;32;60;0;0;0;0;0;0;0;0;0;0;0;0;0;0;0;0;0;0;0;0;0;0;0;0;0;0;0;2;0;0;0;0;0;0;0;0;0
60659;Vaudancourt;32;60;0;0;0;0;0;0;0;0;0;0;0;0;0;0;0;0;0;0;0;0;1;0;0;0;0;0;0;0;1;0;0;0;0;0;0;0;0
60660;Le Vaumain;32;60;0;0;0;0;0;0;0;0;0;0;0;0;0;0;0;0;0;0;0;0;1;0;0;0;0;1;0;2;0;0;0;0;0;0;0;0;0
60661;Vaumoise;32;60;0;0;0;0;0;0;0;0;0;0;0;0;0;0;0;0;0;0;0;1;0;0;0;1;1;2;1;1;0;0;0;0;0;0;1;0;1
60662;Le Vauroux;32;60;0;0;0;0;0;0;0;0;0;0;0;0;0;0;0;0;0;0;0;0;0;0;0;0;0;0;1;0;0;0;1;0;0;0;1;0;0
60663;Velennes;32;60;0;0;0;0;0;0;0;0;0;0;0;0;0;0;0;0;0;0;0;0;0;0;0;0;0;0;0;1;0;0;0;0;0;0;0;0;0
60664;Vendeuil-Caply;32;60;0;0;0;0;0;0;0;0;0;0;0;0;0;0;0;0;0;0;0;0;0;0;0;0;1;2;2;1;0;1;2;0;0;0;0;0;0
60665;Venette;32;60;0;0;0;0;0;0;0;0;0;0;0;0;0;0;0;0;0;0;0;1;8;0;1;1;3;4;5;4;2;0;3;1;0;8;1;2;4
60666;Ver-sur-Launette;32;60;0;0;0;0;0;0;0;0;0;0;0;0;0;0;0;0;0;0;0;0;0;0;0;0;3;1;1;4;1;1;0;0;0;2;3;0;0
60667;Verberie;32;60;0;1;0;0;0;0;0;0;0;0;0;0;1;0;0;4;0;1;0;0;6;1;0;2;9;5;5;8;3;2;5;1;0;10;4;1;3
60668;Verderel-lès-Sauqueuse;32;60;0;0;0;0;0;0;0;0;0;0;0;0;0;0;0;0;0;0;0;0;0;0;1;0;1;1;2;0;0;0;1;0;0;0;1;0;0
60669;Verderonne;32;60;0;0;0;0;0;0;0;0;0;0;0;0;0;0;0;0;0;0;0;0;0;0;0;0;0;0;1;3;0;0;1;0;0;0;1;0;0
60670;Verneuil-en-Halatte;32;60;0;0;0;0;0;0;0;0;0;0;0;0;0;0;0;0;0;1;0;0;5;0;0;0;4;8;6;8;7;7;5;1;0;3;2;1;4
60671;Versigny;32;60;0;0;0;0;0;0;0;0;0;0;0;0;0;0;0;0;0;0;0;0;0;0;0;1;2;0;1;1;0;0;0;0;0;0;0;0;0
60672;Vez;32;60;0;0;0;0;0;0;0;0;0;0;0;0;0;0;0;0;0;0;0;0;0;0;0;0;0;0;0;0;0;0;0;0;0;0;0;0;0
60673;Viefvillers;32;60;0;0;0;0;0;0;0;0;0;0;0;0;0;0;0;0;0;0;0;0;1;0;0;0;0;1;0;1;0;0;0;0;0;0;0;0;0
60674;Vieux-Moulin;32;60;0;0;0;0;0;0;0;0;0;0;0;0;0;0;0;0;0;0;0;1;0;0;0;0;1;0;1;0;0;1;0;0;0;3;1;0;0
60675;Vignemont;32;60;0;0;0;0;0;0;0;0;0;0;0;0;0;0;0;0;0;0;0;0;0;0;0;0;1;4;2;1;0;2;0;0;0;0;1;0;1
60676;Ville;32;60;0;0;0;0;0;0;0;0;0;0;0;0;0;0;0;0;0;0;0;0;0;0;0;0;1;1;5;2;1;0;0;0;0;0;0;0;0
60677;Villembray;32;60;0;0;0;0;0;0;0;0;0;0;0;0;0;0;0;0;0;0;0;0;0;0;0;0;0;1;1;0;1;0;0;0;0;0;0;0;0
60678;Villeneuve-les-Sablons;32;60;0;0;0;0;0;0;0;0;0;0;0;0;0;0;0;0;0;0;0;1;0;0;0;0;2;1;2;5;2;1;3;0;0;3;3;0;2
60679;La Villeneuve-sous-Thury;32;60;0;0;0;0;0;0;0;0;0;0;0;0;0;0;0;0;0;0;0;0;0;0;0;0;0;0;1;0;0;0;0;0;0;0;0;0;0
60680;Villeneuve-sur-Verberie;32;60;0;0;0;0;0;0;0;0;0;0;0;0;0;0;0;0;0;0;0;0;1;0;0;0;3;0;4;2;1;0;0;0;0;3;0;0;2
60681;Villers-Saint-Barthélemy;32;60;0;0;0;0;0;0;0;0;0;0;0;0;0;0;0;0;0;0;0;0;2;0;0;0;1;0;2;2;1;0;0;0;0;0;1;0;0
60682;Villers-Saint-Frambourg;32;60;0;0;0;0;0;0;0;0;0;0;0;0;0;0;0;0;0;0;0;0;0;0;0;0;0;0;0;1;2;0;0;0;0;1;0;0;1
60683;Villers-Saint-Genest;32;60;0;0;0;0;0;0;0;0;0;0;0;0;0;0;0;0;0;0;0;0;0;0;0;0;1;0;0;1;0;0;0;0;0;0;0;0;0
60684;Villers-Saint-Paul;32;60;0;0;0;0;0;0;0;0;0;0;0;0;0;0;0;3;0;1;0;0;2;1;0;1;6;7;1;10;1;1;6;0;0;9;4;0;2
60685;Villers-Saint-Sépulcre;32;60;0;0;0;0;0;0;0;0;0;0;0;0;0;0;0;0;0;0;0;1;3;0;0;0;0;2;1;1;1;0;1;0;0;1;1;0;1
60686;Villers-sous-Saint-Leu;32;60;0;0;0;0;0;0;0;0;0;0;0;0;0;0;0;0;1;0;0;0;3;0;0;0;0;1;3;5;1;2;2;0;0;2;1;0;2
60687;Villers-sur-Auchy;32;60;0;0;0;0;0;0;0;0;0;0;0;0;0;0;0;0;0;0;0;0;0;0;0;0;0;0;2;3;0;0;0;0;0;0;0;0;0
60688;Villers-sur-Bonnières;32;60;0;0;0;0;0;0;0;0;0;0;0;0;0;0;0;0;0;0;0;0;0;0;0;0;0;0;1;0;0;0;0;0;0;0;0;0;0
60689;Villers-sur-Coudun;32;60;0;0;0;0;0;0;0;0;0;0;0;0;0;0;0;0;0;0;0;0;0;0;0;0;0;0;0;1;1;3;0;0;0;1;2;0;0
60690;Villers-sur-Trie;32;60;0;0;0;0;0;0;0;0;0;0;0;0;0;0;0;0;1;0;0;0;0;0;0;0;1;0;1;2;1;0;0;0;0;0;1;0;0
60691;Villers-Vermont;32;60;0;0;0;0;0;0;0;0;0;0;0;0;0;0;0;0;0;0;0;0;0;0;0;0;0;0;2;1;1;0;0;0;0;0;0;0;0
60692;Villers-Vicomte;32;60;0;0;0;0;0;0;0;0;0;0;0;0;0;0;0;0;0;0;0;0;1;0;0;0;0;0;0;0;0;0;0;0;0;0;0;0;0
60693;Villeselve;32;60;0;0;0;0;0;0;0;0;0;0;0;0;0;0;0;0;0;0;0;0;0;0;0;0;0;0;1;0;0;0;1;0;0;1;0;0;0
60694;Villotran;32;60;0;0;0;0;0;0;0;0;0;0;0;0;0;0;0;0;0;0;0;0;0;0;0;1;0;1;0;1;0;0;1;0;0;0;0;0;0
60695;Vineuil-Saint-Firmin;32;60;0;0;0;0;0;0;0;0;0;0;0;0;0;0;0;0;0;1;0;0;1;0;0;0;1;0;1;2;3;2;2;1;0;3;3;1;2
60697;Vrocourt;32;60;0;0;0;0;0;0;0;0;0;0;0;0;0;0;0;0;0;0;0;0;0;0;0;0;0;0;0;0;0;0;0;0;0;0;0;0;0
60698;Wacquemoulin;32;60;0;0;0;0;0;0;0;0;0;0;0;0;0;0;0;0;0;0;0;0;0;0;0;0;0;1;1;0;1;0;0;0;0;0;0;0;0
60699;Wambez;32;60;0;0;0;0;0;0;0;0;0;0;0;0;0;0;0;0;0;0;0;0;0;0;0;0;1;0;1;1;2;0;0;0;0;0;0;0;0
60700;Warluis;32;60;0;0;0;0;0;0;0;0;0;0;0;0;0;0;0;0;0;0;0;1;3;0;1;1;2;1;1;1;3;2;1;0;0;2;1;0;0
60701;Wavignies;32;60;0;0;0;0;0;0;0;0;0;0;0;0;0;0;0;0;0;0;0;1;1;0;0;2;1;1;3;0;1;0;2;0;0;0;1;0;0
60702;Welles-Pérennes;32;60;0;0;0;0;0;0;0;0;0;0;0;0;0;0;0;0;0;0;0;0;1;0;0;0;0;0;0;2;0;0;0;0;0;0;1;0;0
60703;Aux Marais;32;60;0;0;0;0;0;0;0;0;0;0;0;0;0;0;0;0;0;0;0;0;1;0;0;0;0;3;1;1;1;0;0;0;0;0;1;0;0
61001;Alençon;28;61;1;1;0;1;1;1;1;1;0;0;12;1;3;0;0;35;8;3;0;0;41;5;3;15;30;39;25;27;20;16;37;6;9;85;24;5;22
61002;Almenêches;28;61;0;0;0;0;0;0;0;0;0;0;0;0;0;0;0;0;0;0;1;0;2;0;0;0;0;1;1;0;1;0;1;2;0;2;0;0;0
61004;Antoigny;28;61;0;0;0;0;0;0;0;0;0;0;0;0;0;0;0;0;0;0;0;0;0;0;0;0;0;0;0;1;0;0;0;0;0;0;0;0;0
61005;Appenai-sous-Bellême;28;61;0;0;0;0;0;0;0;0;0;0;0;0;0;0;0;0;0;0;0;0;0;0;0;0;2;0;1;1;0;0;0;0;0;0;0;0;0
61006;Argentan;28;61;0;1;0;1;1;1;0;0;0;0;4;1;2;0;0;13;3;2;0;0;22;2;2;4;10;8;12;8;4;2;25;3;5;35;12;6;7
61007;Athis-Val de Rouvre;28;61;0;1;0;0;0;0;0;0;0;0;0;0;0;0;0;5;0;1;2;0;8;0;0;2;9;3;9;9;2;1;8;0;0;5;1;1;3
61008;Aube;28;61;0;0;0;0;0;0;0;0;0;0;0;0;0;0;0;1;0;1;0;0;1;0;0;0;4;3;5;1;3;1;1;0;0;7;0;0;1
61009;Aubry-en-Exmes;28;61;0;0;0;0;0;0;0;0;0;0;0;0;0;0;0;0;0;0;0;0;0;0;0;0;1;0;1;1;0;1;0;0;0;0;0;0;0
61010;Aubry-le-Panthou;28;61;0;0;0;0;0;0;0;0;0;0;0;0;0;0;0;0;0;0;0;0;0;0;0;0;1;0;1;0;0;0;0;0;0;0;0;0;0
61011;Aubusson;28;61;0;0;0;0;0;0;0;0;0;0;0;0;0;0;0;0;0;0;0;0;0;0;0;0;0;0;3;0;0;0;0;0;0;0;0;0;0
61012;Auguaise;28;61;0;0;0;0;0;0;0;0;0;0;0;0;0;0;0;0;0;0;0;0;0;0;0;0;0;1;2;1;1;0;0;0;0;0;0;0;0
61013;Aunay-les-Bois;28;61;0;0;0;0;0;0;0;0;0;0;0;0;0;0;0;0;0;0;0;0;0;0;0;0;1;0;0;0;0;0;0;0;0;0;1;0;0
61014;Aunou-le-Faucon;28;61;0;0;0;0;0;0;0;0;0;0;0;0;0;0;0;0;0;0;0;0;0;0;0;0;0;0;0;1;0;0;0;0;0;0;0;0;0
61015;Aunou-sur-Orne;28;61;0;0;0;0;0;0;0;0;0;0;0;0;0;0;0;0;0;0;0;0;0;0;0;0;0;1;0;0;0;0;0;0;0;1;0;0;0
61017;Les Authieux-du-Puits;28;61;0;0;0;0;0;0;0;0;0;0;0;0;0;0;0;0;0;0;0;0;0;0;0;0;0;0;0;0;0;0;0;0;0;0;0;0;0
61018;Avernes-Saint-Gourgon;28;61;0;0;0;0;0;0;0;0;0;0;0;0;0;0;0;0;0;0;0;0;0;0;0;0;0;0;0;0;0;0;0;0;0;0;0;0;0
61019;Avernes-sous-Exmes;28;61;0;0;0;0;0;0;0;0;0;0;0;0;0;0;0;0;0;0;0;0;0;0;0;0;1;0;0;0;0;0;0;0;0;0;0;0;0
61020;Avoine;28;61;0;0;0;0;0;0;0;0;0;0;0;0;0;0;0;0;0;0;0;0;0;0;0;0;1;1;0;1;0;0;0;0;0;0;0;0;0
61021;Avrilly;28;61;0;0;0;0;0;0;0;0;0;0;0;0;0;0;0;0;0;0;0;0;0;0;0;0;0;0;0;0;0;0;0;0;0;0;0;0;0
61023;Bailleul;28;61;0;0;0;0;0;0;0;0;0;0;0;0;0;0;0;0;0;0;0;0;0;0;0;0;0;1;0;1;1;1;0;0;0;0;0;0;0
61024;Banvou;28;61;0;0;0;0;0;0;0;0;0;0;0;0;0;0;0;0;0;0;0;0;0;0;0;0;2;1;1;2;0;0;1;0;0;0;0;0;0
61026;Barville;28;61;0;0;0;0;0;0;0;0;0;0;0;0;0;0;0;0;0;0;0;0;0;0;0;0;2;0;1;1;0;1;0;0;0;0;0;0;0
61028;Bazoches-au-Houlme;28;61;0;0;0;0;0;0;0;0;0;0;0;0;0;0;0;0;1;0;0;1;0;0;0;0;0;0;0;2;0;0;0;0;0;1;0;0;1
61029;Bazoches-sur-Hoëne;28;61;0;1;0;0;0;0;0;0;0;0;0;0;0;0;0;0;0;0;0;1;4;0;0;0;3;2;1;6;2;0;3;0;0;0;0;0;0
61030;La Bazoque;28;61;0;0;0;0;0;0;0;0;0;0;0;0;0;0;0;0;0;0;0;0;0;0;0;0;0;0;0;0;0;0;0;0;0;0;0;0;0
61032;Beaufai;28;61;0;0;0;0;0;0;0;0;0;0;0;0;0;0;0;0;0;0;0;0;0;0;0;0;0;2;0;1;0;0;0;0;0;0;2;0;0
61034;Beaulieu;28;61;0;0;0;0;0;0;0;0;0;0;0;0;0;0;0;0;0;0;0;0;1;0;0;0;0;1;0;0;0;0;0;0;0;0;0;0;0
61035;Beauvain;28;61;0;0;0;0;0;0;0;0;0;0;0;0;0;0;0;0;0;0;0;0;1;0;0;0;0;1;3;1;0;0;0;0;0;1;0;0;0
61036;Belfonds;28;61;0;0;0;0;0;0;0;0;0;0;0;0;0;0;0;0;0;0;0;0;0;0;0;0;0;0;0;1;0;0;0;0;0;0;0;0;0
61037;Bellavilliers;28;61;0;0;0;0;0;0;0;0;0;0;0;0;0;0;0;0;0;0;0;0;0;0;0;0;0;0;0;0;0;0;0;1;0;0;0;0;1
61038;Bellême;28;61;0;1;0;0;0;0;0;0;0;0;1;1;0;0;0;6;1;1;0;0;3;1;0;2;4;1;2;3;3;2;6;1;0;8;2;1;1
61039;La Bellière;28;61;0;0;0;0;0;0;0;0;0;0;0;0;0;0;0;0;0;0;0;0;0;0;0;0;0;0;0;0;0;0;0;0;0;0;0;0;1
61040;Bellou-en-Houlme;28;61;0;0;0;0;0;0;0;0;0;0;0;0;0;0;0;0;0;0;1;0;3;0;0;0;0;1;2;2;0;0;2;0;0;4;0;0;0
61041;Bellou-le-Trichard;28;61;0;0;0;0;0;0;0;0;0;0;0;0;0;0;0;0;0;0;0;0;0;0;0;0;1;1;0;2;0;0;0;0;0;0;0;0;0
61043;Berd'huis;28;61;0;0;0;0;0;0;0;0;0;0;0;0;0;0;0;0;0;1;0;0;4;0;0;0;3;1;1;3;1;2;1;0;0;0;0;0;0
61044;Berjou;28;61;0;0;0;0;0;0;0;0;0;0;0;0;0;0;0;0;0;0;0;0;0;0;0;0;0;0;0;0;0;0;0;0;0;0;0;0;0
61046;Bizou;28;61;0;0;0;0;0;0;0;0;0;0;0;0;0;0;0;0;0;0;0;0;0;0;0;0;0;0;1;0;0;0;0;0;0;0;0;0;1
61048;Boëcé;28;61;0;0;0;0;0;0;0;0;0;0;0;0;0;0;0;0;0;0;0;0;0;0;0;0;0;0;0;0;1;0;0;0;0;0;0;0;0
61049;Boissei-la-Lande;28;61;0;0;0;0;0;0;0;0;0;0;0;0;0;0;0;0;0;0;0;0;0;0;0;0;0;0;0;0;0;0;0;0;0;0;0;0;0
61050;Cour-Maugis sur Huisne;28;61;0;0;0;0;0;0;0;0;0;0;0;0;0;0;0;0;0;0;1;0;2;0;0;0;4;0;1;0;3;1;0;0;0;3;1;0;1
61051;Boitron;28;61;0;0;0;0;0;0;0;0;0;0;0;0;0;0;0;0;0;0;0;0;0;0;0;0;0;0;1;1;1;0;0;0;0;0;0;0;0
61052;Bonnefoi;28;61;0;0;0;0;0;0;0;0;0;0;0;0;0;0;0;0;0;0;0;0;1;0;0;0;1;0;2;0;0;0;0;0;0;0;0;0;0
61053;Bonsmoulins;28;61;0;0;0;0;0;0;0;0;0;0;0;0;0;0;0;0;0;0;0;1;1;0;0;0;0;0;1;1;0;1;0;0;0;0;1;0;0
61054;Le Bosc-Renoult;28;61;0;0;0;0;0;0;0;0;0;0;0;0;0;0;0;0;0;0;0;0;0;0;0;0;0;0;1;0;0;0;0;0;0;0;0;0;0
61055;Boucé;28;61;0;0;0;0;0;0;0;0;0;0;0;0;0;0;0;0;0;0;0;1;1;0;0;0;0;1;1;0;1;0;2;0;0;0;0;0;0
61056;Le Bouillon;28;61;0;0;0;0;0;0;0;0;0;0;0;0;0;0;0;0;0;0;0;0;0;0;0;0;0;0;0;0;0;0;1;0;0;0;0;0;0
61057;Le Bourg-Saint-Léonard;28;61;0;0;0;0;0;0;0;0;0;0;0;0;0;0;0;0;0;0;1;0;1;0;0;0;1;1;1;1;0;0;1;0;0;2;0;0;0
61060;Brethel;28;61;0;0;0;0;0;0;0;0;0;0;0;0;0;0;0;0;0;0;0;0;1;0;0;0;0;0;2;0;0;1;0;0;0;1;1;0;0
61061;Bretoncelles;28;61;0;0;0;0;0;0;0;0;0;0;0;0;2;0;0;1;0;1;0;0;3;1;0;0;4;4;3;3;0;1;2;0;0;1;1;0;1
61062;Brieux;28;61;0;0;0;0;0;0;0;0;0;0;0;0;0;0;0;0;0;0;0;0;0;0;0;0;0;0;0;0;0;0;0;0;0;0;1;0;0
61063;Briouze;28;61;0;1;0;0;0;0;0;0;0;0;0;0;0;0;0;5;1;1;0;0;4;0;0;1;0;2;4;1;2;1;3;4;0;2;1;0;2
61064;Brullemail;28;61;0;0;0;0;0;0;0;0;0;0;0;0;0;0;0;0;0;0;0;0;0;0;0;0;1;0;2;0;0;0;0;0;0;0;0;0;0
61066;Buré;28;61;0;0;0;0;0;0;0;0;0;0;0;0;0;0;0;0;0;0;0;0;0;0;0;0;1;1;0;0;0;0;0;0;0;1;0;0;0
61067;Bures;28;61;0;0;0;0;0;0;0;0;0;0;0;0;0;0;0;0;0;0;0;0;0;0;0;0;2;0;1;0;0;0;0;0;0;0;0;0;0
61068;Bursard;28;61;0;0;0;0;0;0;0;0;0;0;0;0;0;0;0;0;0;0;0;0;1;0;0;0;0;1;1;0;0;0;1;0;0;0;0;0;0
61069;Cahan;28;61;0;0;0;0;0;0;0;0;0;0;0;0;0;0;0;0;0;0;0;0;1;0;0;0;0;0;0;0;1;0;0;0;0;1;0;0;0
61070;Caligny;28;61;0;0;0;0;0;0;0;0;0;0;0;0;0;0;0;0;0;0;0;0;2;0;0;0;0;0;3;1;1;0;1;0;1;2;0;0;1
61071;Camembert;28;61;0;0;0;0;0;0;0;0;0;0;0;0;0;0;0;0;0;0;0;0;0;0;0;0;1;1;0;0;0;0;0;0;0;0;0;0;0
61072;Canapville;28;61;0;0;0;0;0;0;0;0;0;0;0;0;0;0;0;0;0;0;0;0;0;0;0;0;0;0;0;0;0;0;0;1;0;0;0;0;0
61074;Carrouges;28;61;0;1;0;0;0;0;0;0;0;0;0;0;1;0;0;4;0;1;0;0;2;0;0;1;4;1;0;2;0;0;2;2;0;1;3;0;0
61075;Ceaucé;28;61;0;0;0;0;0;0;0;0;0;0;0;0;0;0;0;1;0;0;0;1;3;0;0;0;3;2;2;2;1;0;2;3;0;3;0;0;2
61076;Le Cercueil;28;61;0;0;0;0;0;0;0;0;0;0;0;0;0;0;0;0;0;0;0;0;0;0;0;0;0;0;0;0;1;0;0;0;0;0;0;0;0
61077;Cerisé;28;61;0;0;0;0;0;0;0;0;0;0;0;0;0;0;0;0;0;0;0;0;7;1;0;0;3;2;2;2;1;0;2;1;0;2;0;0;1
61078;Cerisy-Belle-Étoile;28;61;0;0;0;0;0;0;0;0;0;0;0;0;0;0;0;0;0;0;1;0;1;0;0;0;2;1;0;1;0;0;2;0;1;1;0;0;0
61079;Ceton;28;61;0;0;0;0;0;0;0;0;0;0;0;0;0;0;0;3;0;1;0;0;1;0;0;0;4;3;3;3;3;1;3;0;0;2;0;0;0
61080;Chahains;28;61;0;0;0;0;0;0;0;0;0;0;0;0;0;0;0;0;0;0;0;0;0;0;0;0;0;0;0;1;0;0;0;0;0;0;0;0;0
61081;Chailloué;28;61;0;0;0;0;0;0;0;0;0;0;0;0;0;0;0;0;0;0;0;1;5;0;0;0;2;1;4;1;0;0;0;1;0;3;1;0;0
61082;Le Chalange;28;61;0;0;0;0;0;0;0;0;0;0;0;0;0;0;0;0;1;0;0;0;0;0;0;0;1;0;1;0;0;0;0;0;0;0;0;0;0
61083;Chambois;28;61;0;0;0;0;0;0;0;0;0;0;0;0;0;0;0;0;0;0;0;1;1;0;0;0;0;1;1;0;2;0;1;0;0;0;0;0;0
61084;Champcerie;28;61;0;0;0;0;0;0;0;0;0;0;0;0;0;0;0;0;0;0;0;0;0;0;0;0;0;0;0;0;0;0;0;0;0;0;0;0;0
61085;Le Champ-de-la-Pierre;28;61;0;0;0;0;0;0;0;0;0;0;0;0;0;0;0;0;0;0;0;0;0;0;0;0;0;0;0;0;0;0;0;0;0;0;2;0;0
61086;Les Champeaux;28;61;0;0;0;0;0;0;0;0;0;0;0;0;0;0;0;0;0;0;0;0;0;0;0;0;0;0;0;1;0;0;0;0;0;0;1;0;0
61087;Champeaux-sur-Sarthe;28;61;0;0;0;0;0;0;0;0;0;0;0;0;0;0;0;0;0;0;0;0;1;0;0;0;0;0;2;1;0;0;0;0;0;0;0;0;0
61088;Champ-Haut;28;61;0;0;0;0;0;0;0;0;0;0;0;0;0;0;0;0;0;0;0;0;0;0;0;0;0;0;0;1;0;0;0;0;0;0;0;0;0
61089;Champosoult;28;61;0;0;0;0;0;0;0;0;0;0;0;0;0;0;0;0;0;0;0;0;0;0;0;0;0;0;0;1;0;0;0;0;0;0;0;0;0
61091;Champsecret;28;61;0;0;0;0;0;0;0;0;0;0;0;0;0;0;0;0;0;0;0;1;0;0;0;0;1;3;2;3;0;0;1;0;0;0;0;0;0
61092;Chandai;28;61;0;0;0;0;0;0;0;0;0;0;0;0;0;0;0;0;0;0;0;1;4;0;0;0;2;0;7;2;1;0;2;0;0;2;0;0;0
61093;Chanu;28;61;0;0;0;0;0;0;0;0;0;0;0;0;0;0;0;0;1;0;0;1;2;0;0;0;0;2;2;2;0;1;2;0;0;0;0;0;1
61094;La Chapelle-au-Moine;28;61;0;0;0;0;0;0;0;0;0;0;0;0;0;0;0;0;0;0;0;0;2;0;0;0;0;1;0;1;0;0;0;0;0;1;0;0;0
61095;La Chapelle-Biche;28;61;0;0;0;0;0;0;0;0;0;0;0;0;0;0;0;0;0;0;0;0;0;0;0;0;1;0;1;1;0;0;0;0;0;0;0;0;0
61096;Rives d'Andaine;28;61;0;0;0;0;0;0;0;0;0;0;0;0;0;0;0;4;2;0;0;2;3;0;0;1;3;4;5;6;2;0;10;1;0;6;1;0;1
61097;La Chapelle-Montligeon;28;61;0;0;0;0;0;0;0;0;0;0;0;0;0;0;0;0;0;0;0;1;0;0;0;0;0;0;3;2;1;0;1;0;0;1;1;1;0
61098;La Chapelle-près-Sées;28;61;0;0;0;0;0;0;0;0;0;0;0;0;0;0;0;0;0;0;0;0;1;0;0;0;1;3;1;2;2;0;0;0;0;1;0;0;0
61099;La Chapelle-Souëf;28;61;0;0;0;0;0;0;0;0;0;0;0;0;0;0;0;0;0;0;0;0;1;0;0;0;2;0;1;0;0;0;0;0;0;1;0;0;0
61100;La Chapelle-Viel;28;61;0;0;0;0;0;0;0;0;0;0;0;0;0;0;0;0;0;0;0;0;0;0;0;0;1;0;0;2;1;0;0;0;0;0;0;0;0
61101;Le Château-d'Almenêches;28;61;0;0;0;0;0;0;0;0;0;0;0;0;0;0;0;0;0;0;0;0;0;0;0;0;1;0;1;1;0;0;0;0;0;0;0;0;0
61102;Le Châtellier;28;61;0;0;0;0;0;0;0;0;0;0;0;0;0;0;0;0;0;0;0;0;0;0;0;0;0;0;0;0;0;0;0;0;0;0;0;0;0
61103;Chaumont;28;61;0;0;0;0;0;0;0;0;0;0;0;0;0;0;0;0;0;0;0;0;0;0;0;0;0;1;0;0;0;0;0;0;0;0;0;0;0
61104;La Chaux;28;61;0;0;0;0;0;0;0;0;0;0;0;0;0;0;0;0;0;0;0;0;0;0;0;0;0;0;0;0;0;0;0;0;0;0;0;1;0
61105;Chemilli;28;61;0;0;0;0;0;0;0;0;0;0;0;0;0;0;0;0;0;0;0;0;0;0;0;0;0;1;0;0;0;0;0;0;0;0;0;0;0
61107;Ciral;28;61;0;0;0;0;0;0;0;0;0;0;0;0;0;0;0;1;0;0;1;0;1;0;0;0;2;0;1;1;0;0;1;0;0;0;1;0;0
61108;Cisai-Saint-Aubin;28;61;0;0;0;0;0;0;0;0;0;0;0;0;0;0;0;0;0;0;0;0;0;0;0;0;1;0;1;0;0;0;0;0;0;0;0;0;0
61110;La Cochère;28;61;0;0;0;0;0;0;0;0;0;0;0;0;0;0;0;0;0;0;0;0;1;0;0;0;0;0;0;0;0;0;0;0;0;0;0;0;0
61111;Colombiers;28;61;0;0;0;0;0;0;0;0;0;0;0;0;0;0;0;0;0;0;0;0;1;0;0;0;1;0;3;0;0;0;0;0;0;0;0;0;0
61113;Comblot;28;61;0;0;0;0;0;0;0;0;0;0;0;0;0;0;0;0;0;0;0;0;0;0;0;0;0;0;0;0;0;0;0;0;0;0;0;0;1
61114;Commeaux;28;61;0;0;0;0;0;0;0;0;0;0;0;0;0;0;0;0;0;0;0;0;0;0;0;0;1;0;1;0;1;0;0;0;0;0;0;0;0
61116;Sablons sur Huisne;28;61;0;0;0;0;0;0;0;0;0;0;0;0;0;0;0;0;0;0;0;1;1;0;0;0;4;3;6;6;0;1;4;0;0;4;1;0;0
61117;Condé-sur-Sarthe;28;61;0;0;0;0;0;0;0;0;0;0;0;0;0;0;0;1;0;0;0;0;6;1;0;1;4;4;9;1;4;0;7;2;0;6;0;2;1
61118;Corbon;28;61;0;0;0;0;0;0;0;0;0;0;0;0;0;0;0;0;0;0;0;0;1;0;0;0;0;0;0;0;0;0;0;0;0;0;1;0;0
61120;Coudehard;28;61;0;0;0;0;0;0;0;0;0;0;0;0;0;0;0;0;0;0;0;0;0;0;0;0;0;0;1;0;0;1;0;0;0;0;0;0;0
61121;Coulimer;28;61;0;0;0;0;0;0;0;0;0;0;0;0;0;0;0;0;0;0;0;0;1;0;0;0;1;0;1;0;0;0;0;0;0;1;0;0;0
61122;Coulmer;28;61;0;0;0;0;0;0;0;0;0;0;0;0;0;0;0;0;0;0;0;0;1;0;0;0;0;0;1;0;0;0;0;0;0;0;0;0;0
61123;Coulonces;28;61;0;0;0;0;0;0;0;0;0;0;0;0;0;0;0;0;0;0;0;0;1;0;0;0;0;2;1;1;0;0;0;0;0;0;0;0;0
61124;La Coulonche;28;61;0;0;0;0;0;0;0;0;0;0;0;0;0;0;0;0;0;0;0;0;1;0;0;0;0;0;1;0;0;0;0;0;0;1;0;0;0
61126;Coulonges-sur-Sarthe;28;61;0;0;0;0;0;0;0;0;0;0;0;0;0;0;0;0;1;0;0;0;1;0;0;0;0;1;1;1;0;0;0;0;0;0;0;0;0
61129;Courgeon;28;61;0;0;0;0;0;0;0;0;0;0;0;0;0;0;0;0;0;0;0;0;0;0;0;0;0;0;0;2;2;0;0;0;0;0;0;0;0
61130;Courgeoût;28;61;0;0;0;0;0;0;0;0;0;0;0;0;0;0;0;0;0;0;0;0;0;0;0;1;0;3;1;0;1;0;0;0;0;0;0;0;0
61131;Courménil;28;61;0;0;0;0;0;0;0;0;0;0;0;0;0;0;0;0;0;0;0;0;0;0;0;0;0;0;0;0;1;0;0;0;0;0;0;0;0
61133;Courtomer;28;61;0;1;0;0;0;0;0;0;0;0;0;1;1;0;0;2;0;0;0;1;2;0;0;0;4;1;4;3;0;0;1;0;0;3;1;0;0
61137;Craménil;28;61;0;0;0;0;0;0;0;0;0;0;0;0;0;0;0;0;0;0;0;0;0;0;0;0;0;0;1;0;0;0;0;0;0;1;0;0;0
61138;Croisilles;28;61;0;0;0;0;0;0;0;0;0;0;0;0;0;0;0;0;0;0;0;0;1;0;0;0;1;0;0;1;1;0;1;0;0;0;0;0;0
61139;Crouttes;28;61;0;0;0;0;0;0;0;0;0;0;0;0;0;0;0;0;0;0;0;0;0;0;0;0;1;0;0;0;0;0;1;0;0;0;0;0;0
61140;Crulai;28;61;0;0;0;0;0;0;0;0;0;0;0;0;0;0;0;0;0;0;0;1;1;0;0;0;3;2;0;2;0;0;2;0;0;1;1;0;0
61141;Cuissai;28;61;0;0;0;0;0;0;0;0;0;0;0;0;0;0;0;0;0;0;0;0;0;0;0;0;1;1;2;0;0;0;0;0;0;1;1;0;0
61142;Dame-Marie;28;61;0;0;0;0;0;0;0;0;0;0;0;0;0;0;0;0;0;0;0;0;0;0;0;0;0;0;0;0;1;0;0;0;0;0;0;0;0
61143;Damigny;28;61;0;0;0;0;0;0;0;0;0;0;0;0;0;0;0;3;0;1;0;0;4;1;0;2;1;3;2;3;1;0;3;0;1;3;0;0;2
61145;Domfront en Poiraie;28;61;0;1;0;0;0;0;0;0;0;0;4;0;0;0;0;7;2;1;0;0;9;2;0;2;5;2;8;9;2;0;8;4;0;18;4;0;2
61146;Dompierre;28;61;0;0;0;0;0;0;0;0;0;0;0;0;0;0;0;0;0;0;0;0;0;0;0;0;0;0;1;2;0;0;0;0;0;1;0;0;0
61148;Durcet;28;61;0;0;0;0;0;0;0;0;0;0;0;0;0;0;0;0;0;0;0;0;0;0;0;0;0;0;0;1;0;0;0;0;0;0;0;0;0
61149;Échalou;28;61;0;0;0;0;0;0;0;0;0;0;0;0;0;0;0;0;0;0;0;0;0;0;0;0;0;0;0;0;0;0;1;0;0;0;0;0;0
61150;Échauffour;28;61;0;0;0;0;0;0;0;0;0;0;0;0;0;0;0;1;0;0;1;0;3;0;0;0;1;2;1;1;0;0;0;0;0;1;0;0;0
61151;Écorcei;28;61;0;0;0;0;0;0;0;0;0;0;0;0;0;0;0;0;0;0;0;0;0;0;0;0;0;1;0;0;2;0;0;0;0;1;0;0;0
61152;Écorches;28;61;0;0;0;0;0;0;0;0;0;0;0;0;0;0;0;0;0;0;0;0;0;0;0;0;0;0;0;0;0;0;0;0;0;0;0;0;0
61153;Écouché-les-Vallées;28;61;0;1;0;0;0;0;0;0;0;0;0;0;0;0;0;3;0;1;0;0;4;0;0;1;1;1;3;5;4;0;4;5;0;2;2;0;1
61154;Eperrais;28;61;0;0;0;0;0;0;0;0;0;0;0;0;0;0;0;0;0;0;0;0;0;0;0;0;0;1;1;0;1;0;0;0;0;1;0;0;0
61156;Essay;28;61;0;0;0;0;0;0;0;0;0;0;0;0;0;0;0;0;0;0;0;1;2;0;0;1;2;2;0;1;1;0;1;0;0;0;0;0;0
61157;Exmes;28;61;0;1;0;0;0;0;0;0;0;0;0;0;0;0;0;0;0;0;1;0;0;0;0;0;1;0;0;2;2;0;0;0;0;1;0;0;0
61158;Faverolles;28;61;0;0;0;0;0;0;0;0;0;0;0;0;0;0;0;0;0;0;0;0;0;0;0;0;0;0;1;1;0;0;0;0;0;0;0;0;0
61159;Fay;28;61;0;0;0;0;0;0;0;0;0;0;0;0;0;0;0;0;0;0;0;0;0;0;0;0;1;0;0;0;0;0;0;0;0;0;0;0;0
61160;Feings;28;61;0;0;0;0;0;0;0;0;0;0;0;0;0;0;0;0;0;0;0;0;0;0;0;0;0;1;1;2;0;0;0;0;0;2;0;0;0
61161;Fel;28;61;0;0;0;0;0;0;0;0;0;0;0;0;0;0;0;0;0;0;0;0;0;0;0;0;0;0;1;1;0;0;0;0;0;0;0;0;0
61162;La Ferrière-au-Doyen;28;61;0;0;0;0;0;0;0;0;0;0;0;0;0;0;0;0;0;0;0;0;0;0;0;0;1;0;0;1;0;0;0;0;0;0;0;0;0
61163;La Ferrière-aux-Étangs;28;61;0;0;0;0;0;0;0;0;0;0;0;0;0;0;0;1;0;1;0;0;0;0;0;1;0;0;3;3;1;0;1;0;1;3;0;0;0
61164;La Ferrière-Béchet;28;61;0;0;0;0;0;0;0;0;0;0;0;0;0;0;0;0;0;0;0;0;0;0;0;0;2;1;1;1;0;0;0;0;0;0;2;0;0
61165;La Ferrière-Bochard;28;61;0;0;0;0;0;0;0;0;0;0;0;0;0;0;0;0;0;0;1;0;1;0;0;0;0;0;4;0;1;0;1;0;0;1;0;0;2
61166;Ferrières-la-Verrerie;28;61;0;0;0;0;0;0;0;0;0;0;0;0;0;0;0;0;0;0;0;0;0;0;0;0;2;0;0;0;0;0;0;0;0;0;0;0;0
61167;La Ferté-en-Ouche;28;61;0;1;0;0;0;0;0;0;0;0;0;0;0;0;0;2;0;1;2;0;4;0;0;1;6;3;2;7;7;2;6;1;0;7;1;0;1
61168;La Ferté-Macé;28;61;0;1;0;0;0;0;0;0;0;0;1;1;1;0;0;9;2;1;0;0;12;3;0;2;3;8;1;7;2;2;11;3;2;16;5;4;4
61169;Flers;28;61;0;1;0;0;1;0;0;0;0;0;2;1;6;0;0;18;5;1;2;0;15;4;0;8;13;11;8;16;9;4;25;7;9;50;9;5;10
61170;Fleuré;28;61;0;0;0;0;0;0;0;0;0;0;0;0;0;0;0;0;0;0;0;0;0;0;0;0;0;1;1;0;0;0;0;0;0;1;0;0;1
61171;Fontaine-les-Bassets;28;61;0;0;0;0;0;0;0;0;0;0;0;0;0;0;0;0;0;0;0;0;0;0;0;0;0;0;0;0;0;0;0;0;0;0;0;0;0
61172;Fontenai-les-Louvets;28;61;0;0;0;0;0;0;0;0;0;0;0;0;0;0;0;0;0;0;0;0;0;0;0;0;0;1;0;0;0;0;0;0;0;0;0;0;0
61173;Fontenai-sur-Orne;28;61;0;0;0;0;0;0;0;0;0;0;0;0;0;0;0;0;0;0;0;0;0;2;0;0;0;1;0;0;1;0;0;0;0;0;0;0;0
61176;Francheville;28;61;0;0;0;0;0;0;0;0;0;0;0;0;0;0;0;0;0;0;0;0;0;0;0;0;0;0;0;0;0;1;0;0;0;0;0;0;0
61178;La Fresnaie-Fayel;28;61;0;0;0;0;0;0;0;0;0;0;0;0;0;0;0;0;0;0;0;0;0;0;0;0;0;0;0;1;0;1;0;0;0;0;0;0;0
61180;Fresnay-le-Samson;28;61;0;0;0;0;0;0;0;0;0;0;0;0;0;0;0;0;0;0;0;0;0;0;0;0;0;1;0;0;0;0;0;0;0;0;0;0;0
61181;Gacé;28;61;0;1;0;0;0;0;0;0;0;0;1;1;0;0;0;6;1;1;0;0;4;1;0;2;7;2;0;4;3;0;5;2;0;6;3;1;2
61182;Gandelain;28;61;0;0;0;0;0;0;0;0;0;0;0;0;0;0;0;0;0;0;0;0;0;0;0;0;0;0;3;1;2;0;0;0;0;1;1;0;0
61183;Gâprée;28;61;0;0;0;0;0;0;0;0;0;0;0;0;0;0;0;0;0;0;0;0;0;0;0;0;0;0;0;0;0;0;0;0;0;0;0;0;0
61187;Les Genettes;28;61;0;0;0;0;0;0;0;0;0;0;0;0;0;0;0;0;0;0;0;0;0;0;0;0;0;1;0;0;0;0;0;0;0;0;0;0;0
61188;La Genevraie;28;61;0;0;0;0;0;0;0;0;0;0;0;0;0;0;0;0;0;0;0;0;0;0;0;0;0;0;0;1;0;0;0;0;0;0;0;0;0
61189;Giel-Courteilles;28;61;0;0;0;0;0;0;0;0;0;0;0;0;0;0;0;0;0;0;0;0;0;0;0;0;1;1;1;0;0;0;0;0;0;1;0;0;0
61190;Ginai;28;61;0;0;0;0;0;0;0;0;0;0;0;0;0;0;0;0;0;0;0;0;0;0;0;0;0;1;0;0;0;0;0;0;0;0;0;0;0
61192;Godisson;28;61;0;0;0;0;0;0;0;0;0;0;0;0;0;0;0;0;0;0;0;0;0;0;0;0;0;0;0;0;0;0;0;0;0;0;0;0;0
61193;La Gonfrière;28;61;0;0;0;0;0;0;0;0;0;0;0;0;0;0;0;0;0;0;0;0;0;0;0;0;0;0;0;1;1;0;0;0;0;0;1;0;0
61194;Goulet;28;61;0;0;0;0;0;0;0;0;0;0;0;0;0;0;0;0;0;0;0;0;0;0;0;0;0;0;0;1;0;0;0;0;0;0;0;0;0
61195;Le Grais;28;61;0;0;0;0;0;0;0;0;0;0;0;0;0;0;0;0;0;0;0;0;0;0;0;0;0;0;0;0;0;0;0;0;0;0;0;0;0
61196;Le Gué-de-la-Chaîne;28;61;0;0;0;0;0;0;0;0;0;0;0;0;0;0;0;0;0;0;1;0;1;0;0;0;3;0;1;0;1;0;1;0;0;1;0;0;0
61197;Guêprei;28;61;0;0;0;0;0;0;0;0;0;0;0;0;0;0;0;0;0;0;0;0;0;0;0;0;0;0;0;0;1;0;0;0;0;0;0;0;0
61198;Guerquesalles;28;61;0;0;0;0;0;0;0;0;0;0;0;0;0;0;0;0;0;0;0;0;0;0;0;0;0;0;0;0;0;0;0;0;1;1;0;0;0
61199;Habloville;28;61;0;0;0;0;0;0;0;0;0;0;0;0;0;0;0;0;0;0;0;0;0;0;0;0;1;0;0;1;1;1;0;0;0;0;0;0;0
61202;Hauterive;28;61;0;0;0;0;0;0;0;0;0;0;0;0;0;0;0;0;0;0;0;0;1;0;0;0;0;1;0;0;0;0;0;0;0;0;0;0;0
61203;Héloup;28;61;0;0;0;0;0;0;0;0;0;0;0;0;0;0;0;0;0;0;0;0;0;0;0;0;0;0;2;1;2;0;1;0;0;1;0;0;0
61206;L'Hôme-Chamondot;28;61;0;0;0;0;0;0;0;0;0;0;0;0;0;0;0;0;0;0;0;0;0;0;0;0;1;0;1;0;0;0;1;0;0;0;1;0;0
61207;Igé;28;61;0;0;0;0;0;0;0;0;0;0;0;0;0;0;0;0;0;0;1;0;1;0;0;0;0;0;2;2;1;0;1;0;0;0;0;0;0
61208;Irai;28;61;0;0;0;0;0;0;0;0;0;0;0;0;0;0;0;0;0;0;0;0;2;0;0;0;2;0;0;1;0;0;0;0;0;2;1;0;0
61209;Joué-du-Bois;28;61;0;0;0;0;0;0;0;0;0;0;0;0;0;0;0;0;0;0;1;0;1;0;0;0;0;0;2;0;0;0;1;0;0;2;0;0;0
61210;Joué-du-Plain;28;61;0;0;0;0;0;0;0;0;0;0;0;0;0;0;0;0;0;0;0;0;0;0;0;0;1;0;0;0;1;0;0;0;0;0;0;0;0
61211;Juvigny Val d'Andaine;28;61;0;0;0;0;0;0;0;0;0;0;0;0;0;0;0;1;0;0;1;2;6;0;0;0;1;1;4;5;1;1;1;0;0;4;0;0;0
61212;Juvigny-sur-Orne;28;61;0;0;0;0;0;0;0;0;0;0;0;0;0;0;0;0;0;0;0;0;0;0;0;0;0;0;0;0;0;0;0;0;0;0;0;0;0
61213;Lalacelle;28;61;0;0;0;0;0;0;0;0;0;0;0;0;0;0;0;0;0;0;0;0;1;0;0;0;0;2;1;3;1;0;0;0;0;1;0;0;0
61214;L'Aigle;28;61;0;1;0;0;0;0;0;0;0;0;2;1;4;0;0;12;3;1;0;0;13;0;1;5;6;7;23;8;9;2;20;1;3;29;9;4;7
61215;Laleu;28;61;0;0;0;0;0;0;0;0;0;0;0;0;0;0;0;0;0;0;0;0;0;0;0;0;0;1;0;1;0;1;0;0;0;1;0;0;0
61216;La Lande-de-Goult;28;61;0;0;0;0;0;0;0;0;0;0;0;0;0;0;0;0;0;0;0;0;0;0;0;0;0;0;0;1;0;0;1;0;0;0;0;0;0
61217;La Lande-de-Lougé;28;61;0;0;0;0;0;0;0;0;0;0;0;0;0;0;0;0;0;0;0;0;0;0;0;0;0;0;0;0;0;0;0;0;0;0;0;0;0
61218;La Lande-Patry;28;61;0;0;0;0;0;0;0;0;0;0;0;0;0;0;0;0;1;0;0;0;6;0;0;1;1;1;6;3;0;0;1;0;0;1;0;0;0
61219;La Lande-Saint-Siméon;28;61;0;0;0;0;0;0;0;0;0;0;0;0;0;0;0;0;0;0;0;0;0;0;0;0;1;1;0;0;0;0;0;0;0;0;0;0;0
61221;Landigou;28;61;0;0;0;0;0;0;0;0;0;0;0;0;0;0;0;0;0;0;0;0;0;0;0;0;1;0;1;0;0;0;1;0;0;0;0;0;0
61222;Landisacq;28;61;0;0;0;0;0;0;0;0;0;0;0;0;0;0;0;0;0;0;0;0;2;0;0;0;1;2;0;1;1;1;1;0;0;2;0;0;0
61224;Larré;28;61;0;0;0;0;0;0;0;0;0;0;0;0;0;0;0;0;0;0;0;0;0;0;0;0;1;0;2;1;0;0;0;0;0;0;0;0;0
61225;Lignères;28;61;0;0;0;0;0;0;0;0;0;0;0;0;0;0;0;0;0;0;0;0;0;0;0;0;0;0;0;0;0;0;0;0;0;0;0;0;0
61227;Lignou;28;61;0;0;0;0;0;0;0;0;0;0;0;0;0;0;0;0;0;0;0;0;0;0;0;0;0;0;0;0;0;0;0;0;0;0;0;0;0
61228;Livaie;28;61;0;0;0;0;0;0;0;0;0;0;0;0;0;0;0;0;0;0;0;0;1;0;0;0;0;0;2;0;0;1;0;0;0;0;0;0;0
61229;Loisail;28;61;0;0;0;0;0;0;0;0;0;0;0;0;0;0;0;0;0;0;0;0;0;0;0;0;0;0;0;0;0;0;0;0;0;0;0;0;0
61230;Longny les Villages;28;61;0;1;0;0;0;0;0;0;0;0;0;0;0;0;0;2;1;1;0;1;4;0;0;1;7;7;11;6;5;0;6;0;0;6;6;0;4
61231;Longuenoë;28;61;0;0;0;0;0;0;0;0;0;0;0;0;0;0;0;0;0;0;0;0;0;0;0;0;0;0;1;0;0;0;0;0;0;0;0;0;0
61232;Lonlay-l'Abbaye;28;61;0;0;0;0;0;0;0;0;0;0;0;0;0;0;0;2;0;0;0;1;2;0;0;0;2;1;4;4;1;0;2;7;0;1;0;0;0
61233;Lonlay-le-Tesson;28;61;0;0;0;0;0;0;0;0;0;0;0;0;0;0;0;0;0;0;0;0;0;0;0;0;1;1;1;0;0;0;0;0;0;0;0;0;0
61234;Lonrai;28;61;0;0;0;0;0;0;0;0;0;0;0;0;0;0;0;0;0;0;0;0;2;0;0;0;1;1;2;4;2;0;2;0;0;0;0;0;1
61237;Lougé-sur-Maire;28;61;0;0;0;0;0;0;0;0;0;0;0;0;0;0;0;0;0;0;0;0;0;0;0;0;1;0;2;0;0;0;0;0;0;0;0;0;1
61238;Louvières-en-Auge;28;61;0;0;0;0;0;0;0;0;0;0;0;0;0;0;0;0;0;0;0;0;1;0;0;0;0;0;0;0;1;0;0;0;1;0;0;0;0
61240;Macé;28;61;0;0;0;0;0;0;0;0;0;0;0;0;0;0;0;0;0;0;0;0;0;0;0;0;0;2;0;2;0;0;0;0;0;0;1;0;0
61241;La Madeleine-Bouvet;28;61;0;0;0;0;0;0;0;0;0;0;0;0;0;0;0;0;0;0;0;0;0;0;0;0;1;2;0;2;0;0;0;0;0;1;0;0;0
61242;Le Mage;28;61;0;0;0;0;0;0;0;0;0;0;0;0;0;0;0;0;0;0;0;0;0;0;0;0;0;0;0;1;2;0;0;0;0;0;0;0;0
61243;Magny-le-Désert;28;61;0;0;0;0;0;0;0;0;0;0;0;0;0;0;0;0;0;0;0;0;3;0;0;0;2;1;2;1;4;0;1;0;0;0;0;0;0
61244;Mahéru;28;61;0;0;0;0;0;0;0;0;0;0;0;0;0;0;0;0;0;0;0;0;1;0;0;0;1;1;1;0;2;0;0;0;0;0;1;0;0
61248;Mantilly;28;61;0;0;0;0;0;0;0;0;0;0;0;0;0;0;0;0;0;0;1;0;2;0;0;0;0;0;0;1;1;0;1;0;0;1;0;0;0
61251;Marchemaisons;28;61;0;0;0;0;0;0;0;0;0;0;0;0;0;0;0;0;0;0;0;0;0;0;0;0;0;1;0;0;0;0;0;0;0;0;0;0;0
61252;Mardilly;28;61;0;0;0;0;0;0;0;0;0;0;0;0;0;0;0;0;0;0;0;0;0;0;0;0;0;0;0;0;0;0;0;0;0;0;0;0;0
61255;Mauves-sur-Huisne;28;61;0;0;0;0;0;0;0;0;0;0;0;0;0;0;0;0;0;0;0;1;2;0;0;0;0;0;3;0;0;0;1;0;0;1;0;0;0
61256;Médavy;28;61;0;0;0;0;0;0;0;0;0;0;0;0;0;0;0;0;0;0;0;0;0;0;0;0;0;0;0;0;1;0;0;0;0;0;0;0;0
61257;Méhoudin;28;61;0;0;0;0;0;0;0;0;0;0;0;0;0;0;0;0;0;0;0;0;0;0;0;0;0;0;1;0;0;0;0;0;0;0;0;0;0
61258;Le Mêle-sur-Sarthe;28;61;0;1;0;0;0;0;0;0;0;0;0;0;0;0;0;5;0;1;0;0;3;0;0;1;0;1;3;1;1;0;2;0;0;3;3;0;1
61259;Le Ménil-Bérard;28;61;0;0;0;0;0;0;0;0;0;0;0;0;0;0;0;0;0;0;0;0;0;0;0;0;0;0;1;0;0;0;0;0;0;0;0;0;1
61260;Le Ménil-de-Briouze;28;61;0;0;0;0;0;0;0;0;0;0;0;0;0;0;0;0;0;0;0;0;0;0;0;0;0;0;1;1;1;1;0;0;0;0;0;0;1
61261;Le Ménil-Broût;28;61;0;0;0;0;0;0;0;0;0;0;0;0;0;0;0;0;0;0;0;0;1;0;0;0;0;0;0;0;1;0;0;0;0;1;0;0;0
61262;Le Ménil-Ciboult;28;61;0;0;0;0;0;0;0;0;0;0;0;0;0;0;0;0;0;0;0;0;0;0;0;0;0;1;0;1;1;0;0;0;1;0;0;0;0
61263;Ménil-Erreux;28;61;0;0;0;0;0;0;0;0;0;0;0;0;0;0;0;0;0;0;0;0;1;1;0;0;1;0;2;0;0;0;0;0;0;0;1;0;0
61264;Ménil-Froger;28;61;0;0;0;0;0;0;0;0;0;0;0;0;0;0;0;0;0;0;0;0;0;0;0;0;0;0;0;0;0;0;0;0;0;0;0;0;0
61265;Ménil-Gondouin;28;61;0;0;0;0;0;0;0;0;0;0;0;0;0;0;0;0;0;0;0;0;0;0;0;0;1;0;1;1;0;0;0;0;0;2;0;0;0
61266;Le Ménil-Guyon;28;61;0;0;0;0;0;0;0;0;0;0;0;0;0;0;0;0;0;0;0;0;0;0;0;0;1;0;0;1;0;0;0;0;0;0;0;0;0
61267;Ménil-Hermei;28;61;0;0;0;0;0;0;0;0;0;0;0;0;0;0;0;0;0;0;0;0;1;0;0;0;0;0;1;1;1;0;0;0;0;0;0;0;0
61268;Ménil-Hubert-en-Exmes;28;61;0;0;0;0;0;0;0;0;0;0;0;0;0;0;0;0;0;0;0;0;0;0;0;0;0;1;0;0;0;0;1;0;0;0;0;0;0
61269;Ménil-Hubert-sur-Orne;28;61;0;0;0;0;0;0;0;0;0;0;0;0;0;0;0;0;0;0;0;1;1;0;0;0;2;2;2;2;0;0;0;0;0;1;0;0;0
61271;Le Ménil-Scelleur;28;61;0;0;0;0;0;0;0;0;0;0;0;0;0;0;0;0;0;0;0;0;0;0;0;0;0;0;0;0;0;0;0;0;0;0;0;0;0
61272;Le Ménil-Vicomte;28;61;0;0;0;0;0;0;0;0;0;0;0;0;0;0;0;0;0;0;0;0;0;0;0;0;0;0;0;0;0;0;0;0;0;0;0;0;0
61273;Ménil-Vin;28;61;0;0;0;0;0;0;0;0;0;0;0;0;0;0;0;0;0;0;0;0;1;0;0;0;0;0;0;0;0;1;0;0;0;0;0;0;0
61274;Les Menus;28;61;0;0;0;0;0;0;0;0;0;0;0;0;0;0;0;0;0;0;0;0;0;0;0;0;0;0;1;1;0;0;0;0;0;0;0;0;0
61275;Le Merlerault;28;61;0;1;0;0;0;0;0;0;0;0;0;0;0;0;0;2;0;1;0;0;3;1;0;0;2;1;2;4;1;0;2;0;0;1;1;0;0
61276;Merri;28;61;0;0;0;0;0;0;0;0;0;0;0;0;0;0;0;0;0;0;0;0;0;0;0;0;0;2;1;0;1;0;0;0;0;0;0;0;0
61277;La Mesnière;28;61;0;0;0;0;0;0;0;0;0;0;0;0;0;0;0;0;0;0;0;0;1;0;0;0;0;2;1;0;0;0;0;0;0;0;0;0;0
61278;Messei;28;61;0;1;0;0;0;0;0;0;0;0;0;0;0;0;0;4;0;0;0;1;0;0;0;0;1;1;3;3;0;0;1;0;0;1;0;0;0
61279;Mieuxcé;28;61;0;0;0;0;0;0;0;0;0;0;0;0;0;0;0;0;0;0;0;0;1;0;0;0;1;0;0;3;2;0;1;0;0;0;3;0;0
61281;Moncy;28;61;0;0;0;0;0;0;0;0;0;0;0;0;0;0;0;0;0;0;0;0;0;0;0;0;0;1;1;1;0;0;0;0;0;1;0;0;0
61283;Montabard;28;61;0;0;0;0;0;0;0;0;0;0;0;0;0;0;0;0;0;0;0;0;0;0;0;0;0;0;1;1;1;0;0;0;0;0;0;0;0
61284;Montchevrel;28;61;0;0;0;0;0;0;0;0;0;0;0;0;0;0;0;0;0;0;0;0;2;0;0;0;1;0;0;0;1;0;0;0;0;0;0;0;0
61285;Montgaroult;28;61;0;0;0;0;0;0;0;0;0;0;0;0;0;0;0;0;0;0;0;0;0;0;0;0;0;0;0;1;0;0;0;0;0;0;0;0;0
61286;Montgaudry;28;61;0;0;0;0;0;0;0;0;0;0;0;0;0;0;0;0;0;0;0;0;0;0;0;0;0;0;0;0;0;0;0;0;0;0;0;0;0
61287;Montilly-sur-Noireau;28;61;0;0;0;0;0;0;0;0;0;0;0;0;0;0;0;0;0;0;0;0;1;0;0;0;1;0;1;0;0;0;0;0;0;0;0;0;0
61288;Montmerrei;28;61;0;0;0;0;0;0;0;0;0;0;0;0;0;0;0;0;0;0;0;0;0;0;0;0;0;1;0;0;1;0;0;0;0;0;0;0;0
61289;Mont-Ormel;28;61;0;0;0;0;0;0;0;0;0;0;0;0;0;0;0;0;0;0;0;0;0;0;0;0;0;0;0;1;0;0;0;0;0;0;0;0;0
61290;Montreuil-au-Houlme;28;61;0;0;0;0;0;0;0;0;0;0;0;0;0;0;0;0;0;0;0;0;0;0;0;0;0;1;0;1;0;0;0;0;0;0;0;0;0
61291;Montreuil-la-Cambe;28;61;0;0;0;0;0;0;0;0;0;0;0;0;0;0;0;0;0;0;0;0;0;0;0;0;2;0;1;0;0;0;0;0;0;0;0;0;0
61292;Montsecret-Clairefougère;28;61;0;0;0;0;0;0;0;0;0;0;0;0;0;0;0;0;0;0;1;0;0;0;0;0;0;0;0;1;1;0;1;0;0;0;0;0;0
61293;Mortagne-au-Perche;28;61;0;1;0;0;0;0;0;0;0;0;0;1;1;0;0;8;1;1;0;0;4;2;0;3;4;4;6;2;4;1;7;5;2;11;8;4;4
61294;Mortrée;28;61;0;1;0;0;0;0;0;0;0;0;0;0;0;0;0;3;0;0;0;1;4;0;0;0;1;3;1;8;0;0;2;1;0;5;0;0;0
61295;La Motte-Fouquet;28;61;0;0;0;0;0;0;0;0;0;0;0;0;0;0;0;0;0;0;0;0;0;0;0;0;1;0;1;0;0;0;0;0;0;0;0;0;0
61297;Moulins-la-Marche;28;61;0;1;0;0;0;0;0;0;0;0;0;0;0;0;0;4;1;1;0;0;1;0;0;0;4;1;0;2;0;0;1;3;0;1;1;0;1
61298;Moulins-sur-Orne;28;61;0;0;0;0;0;0;0;0;0;0;0;0;0;0;0;0;0;0;0;0;0;0;0;0;1;0;0;1;0;0;0;1;0;0;0;0;0
61299;Moussonvilliers;28;61;0;0;0;0;0;0;0;0;0;0;0;0;0;0;0;0;0;0;0;0;0;0;0;0;1;0;0;0;1;0;0;0;0;0;0;0;0
61300;Moutiers-au-Perche;28;61;0;0;0;0;0;0;0;0;0;0;0;0;0;0;0;0;0;0;0;1;1;0;0;0;2;0;0;1;0;0;1;0;0;1;0;0;1
61301;Neauphe-sous-Essai;28;61;0;0;0;0;0;0;0;0;0;0;0;0;0;0;0;0;0;0;0;0;0;0;0;0;0;0;0;0;0;0;0;0;0;0;0;0;0
61302;Neauphe-sur-Dive;28;61;0;0;0;0;0;0;0;0;0;0;0;0;0;0;0;0;0;0;0;0;1;0;0;0;1;1;0;0;0;0;0;0;0;0;0;0;0
61303;Nécy;28;61;0;0;0;0;0;0;0;0;0;0;0;0;0;0;0;0;0;0;1;0;1;0;0;0;1;2;1;0;0;0;1;0;0;1;0;0;0
61304;Neuilly-le-Bisson;28;61;0;0;0;0;0;0;0;0;0;0;0;0;0;0;0;0;0;0;0;0;0;0;0;0;1;0;0;1;2;0;1;0;0;0;0;0;0
61307;Neuville-sur-Touques;28;61;0;0;0;0;0;0;0;0;0;0;0;0;0;0;0;0;0;0;0;0;1;0;0;0;0;0;0;0;0;0;0;0;0;0;0;0;0
61308;Neuvy-au-Houlme;28;61;0;0;0;0;0;0;0;0;0;0;0;0;0;0;0;0;0;0;0;0;0;0;0;0;0;1;1;0;0;1;0;0;0;0;0;0;0
61309;Perche en Nocé;28;61;0;1;0;0;0;0;0;0;0;0;0;0;0;0;0;2;0;0;2;0;0;0;0;0;6;0;6;4;5;0;1;0;0;5;1;0;1
61310;Nonant-le-Pin;28;61;0;0;0;0;0;0;0;0;0;0;0;0;0;0;0;0;0;0;1;0;2;0;0;0;1;1;2;1;0;0;1;0;0;1;0;0;0
61311;Normandel;28;61;0;0;0;0;0;0;0;0;0;0;0;0;0;0;0;0;0;0;0;0;0;0;0;0;0;0;0;1;0;0;0;0;0;0;0;0;0
61314;Occagnes;28;61;0;0;0;0;0;0;0;0;0;0;0;0;0;0;0;0;0;0;1;0;0;0;0;0;1;0;1;2;0;0;0;0;0;1;0;0;0
61315;Omméel;28;61;0;0;0;0;0;0;0;0;0;0;0;0;0;0;0;0;0;0;0;0;0;0;0;0;1;0;0;0;0;0;0;0;0;0;0;0;0
61316;Ommoy;28;61;0;0;0;0;0;0;0;0;0;0;0;0;0;0;0;0;0;0;0;0;0;0;0;0;0;1;1;0;0;0;0;0;0;0;0;0;1
61317;Orgères;28;61;0;0;0;0;0;0;0;0;0;0;0;0;0;0;0;0;0;0;0;0;0;0;0;0;0;0;0;1;0;0;0;1;0;0;0;0;0
61318;Origny-le-Butin;28;61;0;0;0;0;0;0;0;0;0;0;0;0;0;0;0;0;0;0;0;0;0;0;0;0;0;0;0;0;0;0;0;0;0;0;0;0;0
61319;Origny-le-Roux;28;61;0;0;0;0;0;0;0;0;0;0;0;0;0;0;0;0;0;0;0;0;0;0;0;0;0;0;0;2;1;0;1;0;0;0;0;0;0
61321;Pacé;28;61;0;0;0;0;0;0;0;0;0;0;0;0;0;0;0;0;0;0;0;0;1;0;0;0;0;0;0;0;0;0;1;0;0;1;0;0;0
61322;Parfondeval;28;61;0;0;0;0;0;0;0;0;0;0;0;0;0;0;0;0;0;0;0;0;0;0;0;0;0;0;0;0;0;0;0;0;0;0;0;0;0
61323;Le Pas-Saint-l'Homer;28;61;0;0;0;0;0;0;0;0;0;0;0;0;0;0;0;0;0;0;0;0;1;0;0;0;1;1;0;0;1;0;0;0;0;0;0;0;0
61324;Passais Villages;28;61;0;1;0;0;0;0;0;0;0;0;0;0;0;0;0;3;0;0;0;2;2;0;0;0;3;3;2;2;2;0;3;1;0;1;0;0;0
61325;La Perrière;28;61;0;0;0;0;0;0;0;0;0;0;0;0;0;0;0;0;0;0;1;0;0;0;0;0;0;0;0;0;0;0;0;0;0;1;2;0;0
61326;Perrou;28;61;0;0;0;0;0;0;0;0;0;0;0;0;0;0;0;0;0;0;1;0;1;0;0;0;0;0;0;0;0;0;0;0;0;1;0;0;0
61327;Pervenchères;28;61;0;1;0;0;0;0;0;0;0;0;0;0;0;0;0;0;0;0;0;1;0;0;0;0;2;0;2;2;0;0;1;0;1;1;0;0;0
61328;Le Pin-au-Haras;28;61;0;0;0;0;0;0;0;0;0;0;0;0;0;0;0;0;0;0;0;1;1;0;0;0;0;0;0;0;0;0;0;0;0;1;0;0;0
61329;Le Pin-la-Garenne;28;61;0;0;0;0;0;0;0;0;0;0;0;0;0;0;0;0;0;0;0;1;1;0;0;1;2;1;2;0;1;0;1;0;0;1;0;0;1
61330;Planches;28;61;0;0;0;0;0;0;0;0;0;0;0;0;0;0;0;0;0;0;0;0;2;0;0;0;1;1;0;2;0;0;0;0;0;2;0;0;0
61331;Le Plantis;28;61;0;0;0;0;0;0;0;0;0;0;0;0;0;0;0;0;0;0;0;0;0;0;0;0;0;0;0;1;0;0;0;0;0;0;1;0;0
61332;Pointel;28;61;0;0;0;0;0;0;0;0;0;0;0;0;0;0;0;0;0;0;0;0;1;0;0;0;1;0;1;1;0;0;0;1;1;0;0;0;0
61333;Pontchardon;28;61;0;0;0;0;0;0;0;0;0;0;0;0;0;0;0;0;0;0;0;0;0;0;0;0;0;0;0;0;0;0;0;0;0;0;0;0;0
61336;Pouvrai;28;61;0;0;0;0;0;0;0;0;0;0;0;0;0;0;0;0;0;0;0;0;0;0;0;0;1;1;0;0;0;0;0;0;0;0;0;0;0
61339;Putanges-le-Lac;28;61;0;1;0;0;0;0;0;0;0;0;1;0;0;0;0;4;0;1;0;0;4;0;0;2;4;3;10;3;2;1;4;1;1;5;1;0;1
61341;Écouves;28;61;0;0;0;0;0;0;0;0;0;0;0;0;0;0;0;0;0;0;2;0;3;0;0;0;2;1;2;2;1;0;1;0;0;1;1;0;0
61342;Rai;28;61;0;0;0;0;0;0;0;0;0;0;0;0;0;0;0;0;0;0;1;0;4;1;0;0;1;2;3;5;2;0;2;0;0;0;2;0;0
61344;Rânes;28;61;0;0;0;0;0;0;0;0;0;0;0;0;0;0;0;0;0;0;0;1;1;0;0;0;0;2;0;4;0;1;3;2;0;1;0;0;0
61345;Rémalard en Perche;28;61;0;1;0;0;0;0;0;0;0;0;0;0;0;0;0;5;0;1;0;0;6;0;0;0;6;2;3;6;3;0;6;7;0;3;5;0;1
61346;Le Renouard;28;61;0;0;0;0;0;0;0;0;0;0;0;0;0;0;0;0;0;0;0;0;1;0;0;0;0;0;4;1;0;0;0;0;0;0;0;0;0
61347;Résenlieu;28;61;0;0;0;0;0;0;0;0;0;0;0;0;0;0;0;0;0;0;0;0;0;0;0;0;0;0;0;0;0;0;0;0;0;0;0;0;0
61348;Réveillon;28;61;0;0;0;0;0;0;0;0;0;0;0;0;0;0;0;0;0;0;0;0;0;0;0;0;2;0;2;1;0;0;0;0;0;0;0;0;0
61349;Ri;28;61;0;0;0;0;0;0;0;0;0;0;0;0;0;0;0;0;0;0;0;0;0;0;0;0;0;0;1;0;0;0;0;0;0;0;0;0;0
61350;La Roche-Mabile;28;61;0;0;0;0;0;0;0;0;0;0;0;0;0;0;0;0;0;0;0;0;0;0;0;0;1;0;0;1;1;0;0;0;0;0;0;0;0
61351;Roiville;28;61;0;0;0;0;0;0;0;0;0;0;0;0;0;0;0;0;0;0;0;0;0;0;0;0;2;0;0;0;0;0;0;0;0;0;0;0;0
61352;Rônai;28;61;0;0;0;0;0;0;0;0;0;0;0;0;0;0;0;0;0;0;0;0;0;0;0;0;0;0;0;1;0;0;0;0;0;1;0;0;0
61357;Rouperroux;28;61;0;0;0;0;0;0;0;0;0;0;0;0;0;0;0;0;0;0;0;0;1;0;0;0;0;0;0;0;0;0;0;0;0;0;0;0;0
61358;Sai;28;61;0;0;0;0;0;0;0;0;0;0;0;0;0;0;0;0;0;0;0;0;0;0;0;0;0;0;0;0;1;0;0;0;0;0;0;0;0
61360;Saint-Agnan-sur-Sarthe;28;61;0;0;0;0;0;0;0;0;0;0;0;0;0;0;0;0;0;0;0;0;0;0;0;0;0;0;0;0;0;0;0;0;0;0;0;0;0
61361;Saint-André-de-Briouze;28;61;0;0;0;0;0;0;0;0;0;0;0;0;0;0;0;0;0;0;0;0;0;0;0;0;0;0;2;1;0;0;0;0;0;0;0;0;0
61362;Saint-André-de-Messei;28;61;0;0;0;0;0;0;0;0;0;0;0;0;0;0;0;0;0;0;0;0;3;0;0;0;1;0;2;1;0;0;0;0;0;0;0;0;0
61363;Saint-Aquilin-de-Corbion;28;61;0;0;0;0;0;0;0;0;0;0;0;0;0;0;0;0;0;0;0;0;0;0;0;0;0;0;1;1;0;0;0;0;0;0;0;0;0
61365;Saint-Aubin-d'Appenai;28;61;0;0;0;0;0;0;0;0;0;0;0;0;0;0;0;0;0;0;0;0;0;0;0;0;1;0;1;0;1;0;0;0;0;0;1;0;0
61366;Saint-Aubin-de-Bonneval;28;61;0;0;0;0;0;0;0;0;0;0;0;0;0;0;0;0;0;0;0;0;0;0;0;0;0;0;0;0;0;0;1;0;0;0;0;0;1
61367;Saint-Aubin-de-Courteraie;28;61;0;0;0;0;0;0;0;0;0;0;0;0;0;0;0;0;0;0;0;0;0;0;0;0;0;0;0;2;1;0;0;0;0;0;0;0;0
61369;Saint-Bômer-les-Forges;28;61;0;0;0;0;0;0;0;0;0;0;0;0;0;0;0;0;0;0;1;0;2;0;0;0;1;1;6;2;1;0;2;0;0;2;0;0;0
61370;Saint-Brice;28;61;0;0;0;0;0;0;0;0;0;0;0;0;0;0;0;0;0;0;0;0;0;0;0;0;0;0;0;0;0;0;0;0;0;1;0;0;0
61371;Saint-Brice-sous-Rânes;28;61;0;0;0;0;0;0;0;0;0;0;0;0;0;0;0;0;0;0;0;0;0;0;0;0;0;0;1;0;0;0;0;0;0;0;0;0;0
61372;Saint-Céneri-le-Gérei;28;61;0;0;0;0;0;0;0;0;0;0;0;0;0;0;0;0;0;0;0;0;0;0;0;0;0;0;0;0;0;0;0;0;0;4;2;0;0
61373;Sainte-Céronne-lès-Mortagne;28;61;0;0;0;0;0;0;0;0;0;0;0;0;0;0;0;0;0;0;0;0;0;0;0;0;2;2;1;1;1;0;0;0;0;0;0;0;0
61374;Saint-Christophe-de-Chaulieu;28;61;0;0;0;0;0;0;0;0;0;0;0;0;0;0;0;0;0;0;0;0;0;0;0;0;0;0;1;0;0;0;0;0;0;0;0;0;0
61375;Boischampré;28;61;0;0;0;0;0;0;0;0;0;0;0;0;0;0;0;0;0;0;0;0;1;0;0;0;3;1;3;4;0;0;1;0;0;0;0;0;1
61376;Saint-Clair-de-Halouze;28;61;0;0;0;0;0;0;0;0;0;0;0;0;0;0;0;0;0;0;0;1;2;0;0;0;0;1;2;2;3;0;2;0;0;0;0;0;0
61379;Saint-Cyr-la-Rosière;28;61;0;0;0;0;0;0;0;0;0;0;0;0;0;0;0;0;0;0;0;0;0;0;0;1;0;0;1;0;0;0;0;0;0;1;0;0;0
61381;Saint-Denis-sur-Huisne;28;61;0;0;0;0;0;0;0;0;0;0;0;0;0;0;0;0;0;0;0;0;0;0;0;0;0;0;1;0;0;0;0;0;0;0;0;0;0
61382;Saint-Denis-sur-Sarthon;28;61;0;0;0;0;0;0;0;0;0;0;0;0;0;0;0;2;0;0;0;1;2;0;0;0;1;2;2;1;0;0;1;0;0;1;0;0;0
61383;Saint-Didier-sous-Écouves;28;61;0;0;0;0;0;0;0;0;0;0;0;0;0;0;0;0;0;0;0;0;0;0;0;0;0;0;0;0;0;0;0;0;0;0;0;0;1
61384;Saint-Ellier-les-Bois;28;61;0;0;0;0;0;0;0;0;0;0;0;0;0;0;0;0;0;0;0;0;0;0;0;0;0;0;0;0;0;0;0;0;0;0;0;0;0
61385;Saint-Evroult-de-Montfort;28;61;0;0;0;0;0;0;0;0;0;0;0;0;0;0;0;0;0;0;0;0;0;0;0;0;0;1;1;1;0;0;0;0;0;0;0;0;0
61386;Saint-Evroult-Notre-Dame-du-Bois;28;61;0;0;0;0;0;0;0;0;0;0;0;0;0;0;0;0;0;0;1;0;0;0;0;0;0;0;3;3;0;0;0;0;0;1;0;0;0
61387;Saint-Fraimbault;28;61;0;0;0;0;0;0;0;0;0;0;0;0;0;0;0;0;0;0;1;0;0;0;0;0;0;2;2;2;0;0;2;0;0;2;0;0;0
61388;Saint-Fulgent-des-Ormes;28;61;0;0;0;0;0;0;0;0;0;0;0;0;0;0;0;0;0;0;0;0;0;0;0;0;0;0;0;0;0;0;0;0;0;0;0;0;0
61389;Sainte-Gauburge-Sainte-Colombe;28;61;0;0;0;0;0;0;0;0;0;0;0;0;0;0;0;2;0;1;0;0;2;0;0;0;1;3;1;1;2;0;2;0;0;4;0;0;1
61390;Saint-Georges-d'Annebecq;28;61;0;0;0;0;0;0;0;0;0;0;0;0;0;0;0;0;0;0;0;0;1;0;0;0;0;0;0;0;0;0;0;0;0;0;0;0;0
61391;Saint-Georges-des-Groseillers;28;61;0;0;0;0;0;0;0;0;0;0;0;0;1;0;0;0;0;0;1;0;5;2;0;0;0;6;3;5;3;2;2;0;0;5;0;2;1
61392;Saint-Germain-d'Aunay;28;61;0;0;0;0;0;0;0;0;0;0;0;0;0;0;0;0;0;0;0;0;0;0;0;0;0;0;1;0;0;0;0;0;0;0;0;0;0
61393;Saint-Germain-de-Clairefeuille;28;61;0;0;0;0;0;0;0;0;0;0;0;0;0;0;0;0;0;0;0;0;0;0;0;0;0;0;1;0;0;0;0;0;0;1;0;0;0
61394;Saint-Germain-de-la-Coudre;28;61;0;0;0;0;0;0;0;0;0;0;0;0;0;0;0;0;0;0;0;1;1;0;0;0;4;1;2;2;0;1;1;0;0;2;0;0;0
61395;Saint-Germain-des-Grois;28;61;0;0;0;0;0;0;0;0;0;0;0;0;0;0;0;0;0;0;0;0;0;0;0;0;2;1;0;2;2;0;0;0;0;0;0;0;0
61396;Saint-Germain-de-Martigny;28;61;0;0;0;0;0;0;0;0;0;0;0;0;0;0;0;0;0;0;0;0;0;0;0;0;2;0;1;0;0;0;0;0;0;0;0;0;0
61397;Saint-Germain-du-Corbéis;28;61;0;0;0;0;0;0;0;0;0;0;0;0;0;0;0;3;0;1;0;0;8;0;0;3;1;7;7;4;2;0;2;0;0;2;2;0;1
61398;Saint-Germain-le-Vieux;28;61;0;0;0;0;0;0;0;0;0;0;0;0;0;0;0;0;0;0;0;0;0;0;0;0;0;0;0;0;0;0;0;0;0;0;0;0;0
61399;Saint-Gervais-des-Sablons;28;61;0;0;0;0;0;0;0;0;0;0;0;0;0;0;0;0;0;0;0;0;0;0;0;0;0;0;0;2;0;0;0;0;0;0;0;0;0
61400;Saint-Gervais-du-Perron;28;61;0;0;0;0;0;0;0;0;0;0;0;0;0;0;0;0;0;0;0;0;1;0;0;0;1;0;1;0;1;0;1;0;0;0;0;0;0
61401;Saint-Gilles-des-Marais;28;61;0;0;0;0;0;0;0;0;0;0;0;0;0;0;0;0;0;0;0;0;0;0;0;0;0;0;0;0;0;0;0;0;0;3;0;0;0
61402;Saint-Hilaire-de-Briouze;28;61;0;0;0;0;0;0;0;0;0;0;0;0;0;0;0;0;0;0;0;0;0;0;0;0;0;1;0;0;0;0;0;0;0;1;0;0;0
61403;Saint-Hilaire-la-Gérard;28;61;0;0;0;0;0;0;0;0;0;0;0;0;0;0;0;0;0;0;0;0;0;0;0;0;0;0;1;0;0;0;0;0;0;0;0;0;0
61404;Saint-Hilaire-le-Châtel;28;61;0;0;0;0;0;0;0;0;0;0;0;0;0;0;0;0;2;0;0;0;3;0;0;0;2;1;2;1;1;0;0;0;0;1;0;0;0
61405;Saint-Hilaire-sur-Erre;28;61;0;0;0;0;0;0;0;0;0;0;0;0;0;0;0;1;0;0;0;0;0;0;0;0;1;2;1;0;0;0;0;0;0;1;1;0;0
61406;Saint-Hilaire-sur-Risle;28;61;0;0;0;0;0;0;0;0;0;0;0;0;0;0;0;0;0;0;0;1;0;0;0;0;0;1;1;0;0;0;0;0;0;0;0;0;0
61407;Sainte-Honorine-la-Chardonne;28;61;0;0;0;0;0;0;0;0;0;0;0;0;0;0;0;0;0;0;0;0;0;0;0;0;3;0;0;0;0;0;0;0;0;2;0;0;0
61408;Sainte-Honorine-la-Guillaume;28;61;0;0;0;0;0;0;0;0;0;0;0;0;0;0;0;0;0;0;0;1;1;0;0;0;1;1;0;2;0;0;0;0;0;1;1;0;0
61411;Saint-Jouin-de-Blavou;28;61;0;0;0;0;0;0;0;0;0;0;0;0;0;0;0;0;0;0;0;0;0;0;0;0;2;0;0;0;0;0;1;0;0;1;0;0;0
61412;Saint-Julien-sur-Sarthe;28;61;0;0;0;0;0;0;0;0;0;0;0;0;0;0;0;0;0;0;0;0;4;1;0;0;1;0;1;1;1;0;1;3;0;0;0;0;0
61413;Saint-Lambert-sur-Dive;28;61;0;0;0;0;0;0;0;0;0;0;0;0;0;0;0;0;0;0;0;0;1;0;0;0;0;0;0;0;0;0;0;0;0;0;0;0;0
61414;Saint-Langis-lès-Mortagne;28;61;0;0;0;0;0;0;0;0;0;0;4;0;1;0;0;0;0;0;0;0;2;1;0;0;1;2;3;6;2;1;1;0;0;4;0;0;0
61415;Saint-Léger-sur-Sarthe;28;61;0;0;0;0;0;0;0;0;0;0;0;0;0;0;0;0;0;0;0;0;0;0;0;0;1;1;1;2;2;0;0;0;0;0;1;0;0
61416;Saint-Léonard-des-Parcs;28;61;0;0;0;0;0;0;0;0;0;0;0;0;0;0;0;0;0;0;0;0;0;0;0;0;0;0;0;0;0;0;0;0;0;0;0;0;0
61418;Saint-Mard-de-Réno;28;61;0;0;0;0;0;0;0;0;0;0;0;0;0;0;0;0;0;0;1;0;1;0;0;0;2;0;0;1;0;0;0;0;0;0;0;0;0
61419;Sainte-Marguerite-de-Carrouges;28;61;0;0;0;0;0;0;0;0;0;0;0;0;0;0;0;0;0;0;0;0;0;0;0;0;0;1;1;1;0;0;0;0;0;0;0;0;0
61420;Sainte-Marie-la-Robert;28;61;0;0;0;0;0;0;0;0;0;0;0;0;0;0;0;0;0;0;0;0;0;0;0;0;0;0;0;0;0;0;0;0;0;0;0;0;0
61421;Saint-Mars-d'Égrenne;28;61;0;0;0;0;0;0;0;0;0;0;0;0;0;0;0;0;0;0;0;1;2;0;0;0;2;0;2;0;1;0;1;0;0;1;1;0;0
61422;Les Aspres;28;61;0;0;0;0;0;0;0;0;0;0;0;0;0;0;0;0;0;0;1;0;2;0;0;0;1;3;1;2;1;0;1;0;0;2;1;0;0
61423;Saint-Martin-d'Écublei;28;61;0;0;0;0;0;0;0;0;0;0;0;0;0;0;0;0;0;0;0;0;0;0;0;0;0;1;1;4;1;0;0;0;0;1;0;0;1
61424;Saint-Martin-des-Landes;28;61;0;0;0;0;0;0;0;0;0;0;0;0;0;0;0;0;0;0;0;0;1;0;0;0;1;0;1;1;0;0;0;0;0;0;0;0;0
61425;Saint-Martin-des-Pézerits;28;61;0;0;0;0;0;0;0;0;0;0;0;0;0;0;0;0;0;0;0;0;0;0;0;0;1;0;0;0;0;1;0;0;0;0;1;0;0
61426;Saint-Martin-du-Vieux-Bellême;28;61;0;0;0;0;0;0;0;0;0;0;0;0;0;0;0;0;0;0;0;0;1;0;0;0;1;2;2;0;1;0;0;0;0;0;0;0;0
61427;Saint-Martin-l'Aiguillon;28;61;0;0;0;0;0;0;0;0;0;0;0;0;0;0;0;0;0;0;0;0;0;0;0;0;1;0;0;0;1;0;0;0;0;0;0;0;0
61429;Saint-Maurice-lès-Charencey;28;61;0;0;0;0;0;0;0;0;0;0;0;0;0;0;0;0;0;0;0;1;2;0;0;1;1;1;2;1;3;0;1;0;0;1;0;0;0
61432;Saint-Michel-Tuboeuf;28;61;0;0;0;0;0;0;0;0;0;0;0;0;0;0;0;0;0;0;0;0;1;0;0;0;2;3;5;2;1;0;0;0;0;1;0;0;0
61433;Saint-Nicolas-des-Bois;28;61;0;0;0;0;0;0;0;0;0;0;0;0;0;0;0;0;0;0;0;0;0;0;0;0;0;1;0;0;0;0;0;0;0;0;0;0;0
61435;Saint-Nicolas-de-Sommaire;28;61;0;0;0;0;0;0;0;0;0;0;0;0;0;0;0;0;0;0;0;0;0;0;0;0;1;0;1;0;0;0;0;0;0;0;0;0;0
61436;Sainte-Opportune;28;61;0;0;0;0;0;0;0;0;0;0;0;0;0;0;0;0;0;0;0;0;1;0;0;0;0;0;0;0;0;0;0;0;0;0;0;0;0
61437;Saint-Ouen-de-la-Cour;28;61;0;0;0;0;0;0;0;0;0;0;0;0;0;0;0;0;0;0;0;0;0;0;0;0;0;0;0;0;0;0;0;0;0;0;0;0;0
61438;Saint-Ouen-de-Sécherouvre;28;61;0;0;0;0;0;0;0;0;0;0;0;0;0;0;0;0;0;0;0;0;0;0;0;0;1;1;0;1;0;0;0;0;0;0;0;0;0
61439;Saint-Ouen-le-Brisoult;28;61;0;0;0;0;0;0;0;0;0;0;0;0;0;0;0;0;0;0;0;0;0;0;0;0;0;0;0;0;0;1;0;0;0;0;0;0;0
61440;Saint-Ouen-sur-Iton;28;61;0;0;0;0;0;0;0;0;0;0;0;0;0;0;0;0;0;0;1;0;2;0;0;0;1;0;2;2;0;0;2;0;1;1;0;0;0
61442;Saint-Patrice-du-Désert;28;61;0;0;0;0;0;0;0;0;0;0;0;0;0;0;0;0;0;0;0;0;2;0;0;0;0;0;1;0;0;0;0;0;0;0;0;0;0
61443;Saint-Paul;28;61;0;0;0;0;0;0;0;0;0;0;0;0;0;0;0;0;0;0;0;0;0;0;0;0;0;0;1;1;0;0;0;0;0;2;0;0;0
61444;Saint-Philbert-sur-Orne;28;61;0;0;0;0;0;0;0;0;0;0;0;0;0;0;0;0;0;0;0;0;0;0;0;0;0;0;0;0;0;0;0;0;0;2;0;0;0
61445;Saint-Pierre-d'Entremont;28;61;0;0;0;0;0;0;0;0;0;0;0;0;0;0;0;0;0;0;1;0;0;0;0;0;1;0;1;2;1;0;1;0;0;0;0;0;0
61446;Saint-Pierre-des-Loges;28;61;0;0;0;0;0;0;0;0;0;0;0;0;0;0;0;0;0;0;0;0;0;0;0;0;0;0;0;0;1;0;0;0;0;2;0;0;0
61447;Saint-Pierre-du-Regard;28;61;0;0;0;0;0;0;0;0;0;0;0;0;0;0;0;0;0;0;1;0;1;0;0;0;2;1;1;1;1;0;1;0;0;2;0;0;0
61448;Saint-Pierre-la-Bruyère;28;61;0;0;0;0;0;0;0;0;0;0;0;0;0;0;0;0;0;0;0;0;0;0;0;0;0;1;1;0;2;0;0;0;0;0;0;0;0
61449;Saint-Pierre-la-Rivière;28;61;0;0;0;0;0;0;0;0;0;0;0;0;0;0;0;0;0;0;0;0;0;0;0;0;0;0;0;0;1;0;0;0;0;0;0;0;0
61450;Saint-Quentin-de-Blavou;28;61;0;0;0;0;0;0;0;0;0;0;0;0;0;0;0;0;0;0;0;0;0;0;0;0;0;0;0;0;0;0;0;0;0;0;0;0;0
61451;Saint-Quentin-les-Chardonnets;28;61;0;0;0;0;0;0;0;0;0;0;0;0;0;0;0;0;0;0;0;0;0;0;0;0;0;0;0;2;0;0;0;0;0;0;0;0;0
61452;Saint-Roch-sur-Égrenne;28;61;0;0;0;0;0;0;0;0;0;0;0;0;0;0;0;0;0;0;0;0;0;0;0;0;0;0;0;0;0;0;0;0;0;0;0;0;0
61453;Saint-Sauveur-de-Carrouges;28;61;0;0;0;0;0;0;0;0;0;0;0;0;0;0;0;0;0;0;0;0;0;0;0;0;0;0;0;0;0;1;0;0;0;0;0;0;0
61454;Sainte-Scolasse-sur-Sarthe;28;61;0;0;0;0;0;0;0;0;0;0;0;0;0;0;0;0;0;0;0;1;1;0;0;0;1;0;2;2;0;0;1;0;0;2;0;0;0
61456;Saint-Sulpice-sur-Risle;28;61;0;0;0;0;0;0;0;0;0;0;0;0;0;0;0;0;0;1;0;0;3;2;0;0;1;3;2;4;2;0;1;1;0;3;0;0;1
61457;Saint-Symphorien-des-Bruyères;28;61;0;0;0;0;0;0;0;0;0;0;0;0;0;0;0;0;0;0;0;0;0;0;0;0;0;0;0;1;0;0;0;0;0;0;0;0;0
61459;Saires-la-Verrerie;28;61;0;0;0;0;0;0;0;0;0;0;0;0;0;0;0;0;0;0;0;0;1;0;0;0;1;0;1;1;0;0;1;0;0;0;0;0;0
61460;Sap-en-Auge;28;61;0;0;0;0;0;0;0;0;0;0;0;0;0;0;0;2;0;1;0;0;3;0;0;0;4;2;3;4;1;0;2;0;0;3;2;0;2
61461;Le Sap-André;28;61;0;0;0;0;0;0;0;0;0;0;0;0;0;0;0;0;0;0;0;0;0;0;0;0;1;0;0;1;0;0;0;0;0;0;0;0;0
61462;Sarceaux;28;61;0;0;0;0;0;0;0;0;0;0;0;0;0;0;0;0;0;0;0;0;3;0;0;0;1;1;3;0;1;0;3;0;0;0;0;0;0
61463;Les Monts d'Andaine;28;61;0;0;0;0;0;0;0;0;0;0;0;0;0;0;0;0;0;0;1;0;3;0;0;0;2;3;4;3;1;0;4;0;1;2;0;0;0
61464;Sées;28;61;0;1;0;0;0;0;0;0;0;0;1;0;0;0;0;8;3;1;0;0;8;1;0;3;5;10;10;8;5;1;6;5;0;15;6;2;3
61466;La Selle-la-Forge;28;61;0;0;0;0;0;0;0;0;0;0;0;0;0;0;0;0;0;0;0;0;3;0;0;1;8;0;4;1;1;0;1;0;0;1;0;0;0
61467;Semallé;28;61;0;0;0;0;0;0;0;0;0;0;0;0;0;0;0;0;0;0;0;0;1;0;0;0;0;0;2;1;2;0;0;0;0;1;0;0;0
61468;Sentilly;28;61;0;0;0;0;0;0;0;0;0;0;0;0;0;0;0;0;0;0;0;0;0;0;0;0;1;0;0;0;0;0;0;0;0;0;0;0;0
61471;Sérigny;28;61;0;0;0;0;0;0;0;0;0;0;0;0;1;0;0;0;1;0;0;0;1;0;0;0;0;0;1;2;0;0;0;0;0;0;0;0;1
61472;Sévigny;28;61;0;0;0;0;0;0;0;0;0;0;0;0;0;0;0;0;0;0;0;0;0;0;0;0;0;0;0;0;1;0;0;0;0;0;0;0;0
61473;Sevrai;28;61;0;0;0;0;0;0;0;0;0;0;0;0;0;0;0;0;0;0;0;0;2;0;0;0;0;0;2;0;0;0;0;0;0;1;0;0;0
61474;Silly-en-Gouffern;28;61;0;0;0;0;0;0;0;0;0;0;0;0;0;0;0;0;0;0;0;0;2;0;0;0;0;1;1;0;1;0;0;0;0;0;0;0;0
61475;Soligny-la-Trappe;28;61;0;0;0;0;0;0;0;0;0;0;0;0;0;0;0;0;0;0;1;0;1;0;0;0;2;2;3;1;0;0;2;0;0;0;0;0;0
61476;Suré;28;61;0;0;0;0;0;0;0;0;0;0;0;0;0;0;0;0;0;0;0;0;1;0;0;0;1;1;1;0;0;0;0;0;0;0;0;0;0
61477;Survie;28;61;0;0;0;0;0;0;0;0;0;0;0;0;0;0;0;0;0;0;0;0;0;0;0;0;0;0;0;1;0;0;0;0;0;1;0;0;0
61479;Tanques;28;61;0;0;0;0;0;0;0;0;0;0;0;0;0;0;0;0;0;0;0;0;0;0;0;0;0;0;0;0;0;0;0;0;0;0;0;0;0
61480;Tanville;28;61;0;0;0;0;0;0;0;0;0;0;0;0;0;0;0;0;0;0;0;0;0;0;0;0;0;0;2;0;0;0;0;0;0;0;0;0;0
61481;Tellières-le-Plessis;28;61;0;0;0;0;0;0;0;0;0;0;0;0;0;0;0;0;0;0;0;0;0;0;0;0;0;0;0;1;1;0;0;0;0;0;0;0;0
61482;Tessé-Froulay;28;61;0;0;0;0;0;0;0;0;0;0;0;0;0;0;0;0;0;0;0;0;0;0;0;0;0;0;1;0;0;0;0;0;0;0;0;0;0
61483;Bagnoles de l'Orne Normandie;28;61;0;1;0;0;0;0;0;0;0;0;0;0;0;0;0;2;0;1;1;0;2;0;0;1;1;1;3;2;1;0;7;1;0;20;3;1;1
61484;Val-au-Perche;28;61;0;1;0;0;0;0;0;0;0;0;1;0;2;0;0;5;1;1;0;0;10;0;0;1;14;3;6;5;5;0;5;3;2;3;3;0;1
61485;Ticheville;28;61;0;0;0;0;0;0;0;0;0;0;0;0;0;0;0;0;0;0;0;0;1;0;0;0;1;1;2;1;0;0;0;1;0;0;0;0;0
61486;Tinchebray-Bocage;28;61;0;1;0;0;0;0;0;0;0;0;0;0;1;0;0;5;1;1;1;0;12;1;0;4;8;6;7;10;3;0;9;8;0;11;0;1;2
61487;Torchamp;28;61;0;0;0;0;0;0;0;0;0;0;0;0;0;0;0;0;0;0;0;0;0;0;0;0;0;0;2;0;0;0;0;0;0;3;0;0;0
61488;Touquettes;28;61;0;0;0;0;0;0;0;0;0;0;0;0;0;0;0;0;0;0;0;0;0;0;0;0;0;0;2;0;0;0;0;0;0;0;1;0;0
61490;Tournai-sur-Dive;28;61;0;0;0;0;0;0;0;0;0;0;0;0;0;0;0;0;0;0;0;0;0;0;0;0;1;0;0;1;0;0;0;0;0;0;0;0;0
61491;Tourouvre au Perche;28;61;0;1;0;0;0;0;0;0;0;0;0;1;0;0;0;5;0;1;0;1;4;0;0;1;6;5;8;11;2;0;6;1;0;3;3;0;0
61492;Trémont;28;61;0;0;0;0;0;0;0;0;0;0;0;0;0;0;0;0;0;0;0;0;0;0;0;0;0;1;0;0;0;0;0;0;0;0;0;0;0
61493;La Trinité-des-Laitiers;28;61;0;0;0;0;0;0;0;0;0;0;0;0;0;0;0;0;0;0;0;0;0;0;0;0;0;0;0;0;0;0;0;0;0;0;0;0;0
61494;Trun;28;61;0;1;0;0;0;0;0;0;0;0;0;0;0;0;0;2;0;1;0;0;4;0;0;1;0;1;3;4;1;0;2;1;0;2;2;0;2
61496;Urou-et-Crennes;28;61;0;0;0;0;0;0;0;0;0;0;0;0;0;0;0;0;0;0;0;0;1;1;0;0;3;2;3;3;2;0;1;0;0;1;0;0;0
61497;Valframbert;28;61;0;0;0;0;0;0;0;0;0;0;0;0;0;0;0;0;0;0;1;0;9;1;0;2;2;1;1;4;0;0;3;0;0;4;2;0;2
61498;Vaunoise;28;61;0;0;0;0;0;0;0;0;0;0;0;0;0;0;0;0;0;0;0;0;0;0;0;0;0;0;0;0;0;0;0;0;0;1;0;0;0
61499;Les Ventes-de-Bourse;28;61;0;0;0;0;0;0;0;0;0;0;0;0;0;0;0;0;0;0;0;0;0;0;0;0;0;0;0;0;0;0;0;0;0;0;0;0;0
61500;La Ventrouze;28;61;0;0;0;0;0;0;0;0;0;0;0;0;0;0;0;0;0;0;0;0;0;0;0;0;0;0;0;1;1;0;0;0;0;0;0;0;0
61501;Verrières;28;61;0;0;0;0;0;0;0;0;0;0;0;0;0;0;0;0;0;0;1;0;1;0;0;0;0;1;0;3;0;0;0;0;0;1;0;0;0
61502;Vidai;28;61;0;0;0;0;0;0;0;0;0;0;0;0;0;0;0;0;0;0;0;0;0;0;0;0;1;0;0;1;0;0;1;0;0;0;0;0;0
61503;Vieux-Pont;28;61;0;0;0;0;0;0;0;0;0;0;0;0;0;0;0;0;0;0;0;0;0;0;0;0;0;0;0;0;0;0;0;0;0;0;0;0;0
61504;Villebadin;28;61;0;0;0;0;0;0;0;0;0;0;0;0;0;0;0;0;0;0;0;0;0;0;0;0;1;1;0;0;0;0;0;0;0;0;0;0;0
61505;Villedieu-lès-Bailleul;28;61;0;0;0;0;0;0;0;0;0;0;0;0;0;0;0;0;0;0;0;0;1;0;0;0;0;0;0;1;1;0;0;0;0;1;0;0;0
61507;Villiers-sous-Mortagne;28;61;0;0;0;0;0;0;0;0;0;0;0;0;0;0;0;0;0;0;0;0;0;0;0;0;0;0;3;0;0;0;0;0;0;0;0;0;0
61508;Vimoutiers;28;61;0;1;0;0;0;0;0;0;0;0;1;1;1;0;0;8;2;1;0;0;9;1;0;2;6;2;6;6;3;0;8;1;0;12;4;1;5
61510;Vitrai-sous-Laigle;28;61;0;0;0;0;0;0;0;0;0;0;0;0;0;0;0;0;0;0;0;0;1;0;0;0;2;1;1;1;2;1;0;0;0;0;0;0;0
61512;Les Yveteaux;28;61;0;0;0;0;0;0;0;0;0;0;0;0;0;0;0;0;0;0;0;0;0;0;0;0;0;0;1;0;0;0;0;0;0;0;0;0;0
62001;Ablain-Saint-Nazaire;32;62;0;0;0;0;0;0;0;0;0;0;0;0;0;0;0;0;0;0;0;0;0;0;1;0;3;0;1;1;1;2;3;0;0;2;0;0;1
62002;Ablainzevelle;32;62;0;0;0;0;0;0;0;0;0;0;0;0;0;0;0;0;0;0;0;0;0;0;0;0;0;1;0;1;0;0;0;0;0;0;0;0;0
62003;Acheville;32;62;0;0;0;0;0;0;0;0;0;0;0;0;0;0;0;0;0;0;0;0;0;0;0;0;0;0;0;1;1;1;4;0;0;1;0;0;2
62004;Achicourt;32;62;1;0;0;0;0;0;0;0;0;0;0;0;0;0;0;5;1;1;0;0;10;2;0;2;6;6;5;13;7;1;11;0;0;2;1;0;4
62005;Achiet-le-Grand;32;62;0;0;0;0;0;0;0;0;0;0;0;0;0;0;0;0;0;0;0;1;1;0;0;0;0;0;1;2;1;0;2;0;0;0;1;0;0
62006;Achiet-le-Petit;32;62;0;0;0;0;0;0;0;0;0;0;0;0;0;0;0;0;0;0;0;0;0;0;0;0;0;0;0;1;0;0;0;0;0;1;0;0;1
62007;Acq;32;62;0;0;0;0;0;0;0;0;0;0;0;0;0;0;0;0;0;0;0;0;0;0;0;0;0;0;1;0;2;1;1;0;0;0;1;0;0
62008;Acquin-Westbécourt;32;62;0;0;0;0;0;0;0;0;0;0;0;0;0;0;0;0;0;0;0;0;1;0;0;0;2;0;1;0;1;1;1;0;0;0;0;0;2
62009;Adinfer;32;62;0;0;0;0;0;0;0;0;0;0;0;0;0;0;0;0;0;0;0;0;1;0;0;0;0;0;0;0;2;0;0;0;0;0;0;0;0
62010;Affringues;32;62;0;0;0;0;0;0;0;0;0;0;0;0;0;0;0;0;0;0;0;0;0;0;0;0;0;0;0;0;0;0;0;0;0;0;0;0;0
62011;Agnez-lès-Duisans;32;62;0;0;0;0;0;0;0;0;0;0;0;0;0;0;0;0;0;0;0;0;0;0;0;0;0;0;1;2;0;1;1;0;0;0;1;0;3
62012;Agnières;32;62;0;0;0;0;0;0;0;0;0;0;0;0;0;0;0;0;0;0;0;0;0;0;0;0;0;0;0;0;0;1;0;0;0;0;0;0;0
62013;Agny;32;62;0;0;0;0;0;0;0;0;0;0;0;0;0;0;0;0;0;0;0;0;2;0;0;0;0;2;1;3;0;0;3;0;0;2;1;0;0
62014;Aire-sur-la-Lys;32;62;0;1;0;0;0;0;0;0;0;0;1;0;0;0;0;8;1;1;0;0;14;2;0;4;6;8;6;8;15;6;31;5;0;23;7;4;8
62015;Airon-Notre-Dame;32;62;0;0;0;0;0;0;0;0;0;0;0;0;0;0;0;0;0;0;0;0;0;0;0;0;0;0;0;0;0;0;0;0;0;0;1;0;0
62016;Airon-Saint-Vaast;32;62;0;0;0;0;0;0;0;0;0;0;0;0;0;0;0;0;0;0;0;0;0;0;0;0;0;0;0;0;0;0;0;0;0;0;0;0;0
62017;Aix-en-Ergny;32;62;0;0;0;0;0;0;0;0;0;0;0;0;0;0;0;0;0;0;0;0;0;0;0;0;1;0;0;0;0;0;0;0;0;0;0;0;0
62018;Aix-en-Issart;32;62;0;0;0;0;0;0;0;0;0;0;0;0;0;0;0;0;0;0;0;0;0;0;0;0;0;1;0;0;0;0;0;0;0;0;0;0;0
62019;Aix-Noulette;32;62;0;0;0;0;0;0;0;0;0;0;0;0;0;0;0;0;0;1;0;0;8;0;0;1;2;5;5;7;2;4;6;1;0;5;3;0;2
62020;Alembon;32;62;0;0;0;0;0;0;0;0;0;0;0;0;0;0;0;0;0;0;0;0;0;0;0;0;0;2;0;1;4;2;0;0;0;0;0;0;0
62021;Alette;32;62;0;0;0;0;0;0;0;0;0;0;0;0;0;0;0;0;0;0;0;0;1;0;0;0;0;1;1;1;0;2;1;0;0;0;0;0;0
62022;Alincthun;32;62;0;0;0;0;0;0;0;0;0;0;0;0;0;0;0;0;0;0;0;0;2;0;0;0;0;1;1;0;0;1;1;0;0;0;0;0;0
62023;Allouagne;32;62;0;0;0;0;0;0;0;0;0;0;0;0;0;0;0;0;2;1;0;0;2;0;0;0;3;1;5;7;7;1;7;0;0;1;2;0;2
62024;Alquines;32;62;0;0;0;0;0;0;0;0;0;0;0;0;0;0;0;0;0;0;1;0;3;0;1;0;3;2;6;2;0;1;1;0;0;2;0;0;1
62025;Ambleteuse;32;62;0;0;0;0;0;0;0;0;0;0;0;0;0;0;0;0;0;1;0;0;0;0;0;0;3;2;1;2;1;0;2;0;0;6;3;0;1
62026;Ambricourt;32;62;0;0;0;0;0;0;0;0;0;0;0;0;0;0;0;0;0;0;0;0;0;0;0;0;0;1;0;0;0;0;0;0;0;0;0;0;0
62027;Ambrines;32;62;0;0;0;0;0;0;0;0;0;0;0;0;0;0;0;0;0;0;0;0;0;0;0;0;0;0;1;0;0;0;0;0;0;0;0;0;0
62028;Ames;32;62;0;0;0;0;0;0;0;0;0;0;0;0;0;0;0;0;0;0;0;0;0;0;0;1;0;0;1;2;0;0;0;0;0;1;0;1;0
62029;Amettes;32;62;0;0;0;0;0;0;0;0;0;0;0;0;0;0;0;0;0;0;0;0;0;0;0;0;0;0;0;2;3;0;3;0;0;0;0;0;0
62030;Amplier;32;62;0;0;0;0;0;0;0;0;0;0;0;0;0;0;0;0;0;0;0;0;0;0;0;0;1;0;0;0;1;0;1;0;0;0;0;0;0
62031;Andres;32;62;0;0;0;0;0;0;0;0;0;0;0;0;0;0;0;0;0;0;0;0;1;0;0;0;0;1;3;4;1;2;2;0;0;1;0;0;2
62032;Angres;32;62;0;0;0;0;0;0;0;0;0;0;0;0;0;0;0;1;1;1;0;0;4;0;0;1;4;0;1;5;4;6;4;0;0;7;1;1;1
62033;Annay;32;62;0;0;0;0;0;0;0;0;0;0;0;0;0;0;0;1;1;1;0;0;4;1;1;1;1;3;2;4;9;4;10;0;0;10;1;0;2
62034;Annequin;32;62;0;0;0;0;0;0;0;0;0;0;0;0;0;0;0;0;0;0;0;0;4;0;0;0;2;3;2;2;0;1;5;0;0;1;0;0;1
62035;Annezin;32;62;0;0;0;0;0;0;0;0;0;0;0;0;0;0;0;1;0;1;0;0;7;0;0;2;4;6;6;12;4;8;9;1;0;5;2;1;3
62036;Anvin;32;62;0;0;0;0;0;0;0;0;0;0;0;0;0;0;0;1;0;1;0;0;2;0;0;0;0;1;0;3;0;0;3;0;0;0;0;0;0
62037;Anzin-Saint-Aubin;32;62;0;0;0;0;0;0;0;0;0;0;0;0;0;0;0;1;0;0;0;0;3;1;0;0;1;0;1;1;3;2;2;0;0;2;2;0;1
62038;Ardres;32;62;0;1;0;0;0;0;0;0;0;0;1;0;0;0;0;5;1;1;0;0;7;2;0;3;2;4;2;7;2;2;8;1;0;17;2;1;5
62039;Arleux-en-Gohelle;32;62;0;0;0;0;0;0;0;0;0;0;0;0;0;0;0;0;0;0;0;0;2;0;0;0;2;1;1;0;0;0;1;0;0;0;1;0;2
62040;Arques;32;62;0;0;0;0;0;0;0;0;0;0;0;0;0;0;0;8;5;1;0;0;10;2;0;2;11;7;9;11;10;6;21;2;0;18;0;0;3
62041;Arras;32;62;4;0;0;1;1;1;1;1;0;0;20;2;0;0;0;38;3;5;0;0;30;7;7;17;21;37;32;33;21;25;86;9;19;182;43;13;33
62042;Athies;32;62;0;0;0;0;0;0;0;0;0;0;0;0;0;0;0;0;0;0;0;0;1;0;0;0;0;2;1;1;2;0;2;0;0;0;0;0;0
62043;Les Attaques;32;62;0;0;0;0;0;0;0;0;0;0;0;0;0;0;0;0;2;1;0;0;6;0;0;1;2;2;5;1;1;4;3;0;0;4;0;0;1
62044;Attin;32;62;0;0;0;0;0;0;0;0;0;0;0;0;0;0;0;0;0;0;0;0;4;1;0;0;0;1;0;1;0;0;0;0;0;5;1;0;0
62045;Aubigny-en-Artois;32;62;0;1;0;0;0;0;0;0;0;0;1;0;0;0;0;4;1;1;0;0;2;1;0;1;1;1;1;2;2;1;5;1;0;2;0;0;4
62046;Aubin-Saint-Vaast;32;62;0;0;0;0;0;0;0;0;0;0;0;0;0;0;0;0;0;0;0;0;3;0;0;0;0;0;0;2;0;1;0;0;0;1;0;0;2
62047;Aubrometz;32;62;0;0;0;0;0;0;0;0;0;0;0;0;0;0;0;0;0;0;0;0;0;0;0;0;1;1;0;0;0;0;0;0;0;0;0;0;0
62048;Auchel;32;62;1;0;0;0;0;0;0;0;0;0;1;0;0;0;0;5;4;2;0;0;11;1;0;3;7;15;7;10;4;8;14;1;0;15;4;1;2
62049;Auchy-au-Bois;32;62;0;0;0;0;0;0;0;0;0;0;0;0;0;0;0;0;0;0;0;0;0;0;0;0;0;0;0;0;1;0;0;0;0;1;0;0;0
62050;Auchy-lès-Hesdin;32;62;0;0;0;0;0;0;0;0;0;0;0;0;0;0;0;1;0;1;0;0;1;0;0;1;0;0;1;0;1;0;3;0;0;2;0;0;1
62051;Auchy-les-Mines;32;62;1;0;0;0;0;0;0;0;0;0;0;0;0;0;0;1;5;1;0;0;5;1;1;2;3;3;5;6;1;4;7;0;0;14;0;1;5
62052;Audembert;32;62;0;0;0;0;0;0;0;0;0;0;0;0;0;0;0;0;0;0;0;0;0;0;0;0;0;0;1;1;0;0;0;0;0;2;0;0;0
62053;Audincthun;32;62;0;0;0;0;0;0;0;0;0;0;0;0;0;0;0;0;0;0;0;0;1;0;0;0;1;1;4;2;0;3;1;0;0;3;0;0;0
62054;Audinghen;32;62;0;0;0;0;0;0;0;0;0;0;0;0;0;0;0;0;0;0;0;0;0;0;0;0;1;1;0;0;0;0;0;0;0;6;0;0;0
62055;Audrehem;32;62;0;0;0;0;0;0;0;0;0;0;0;0;0;0;0;0;0;0;0;0;1;0;0;0;0;1;1;2;1;0;0;0;0;0;0;0;0
62056;Audresselles;32;62;0;0;0;0;0;0;0;0;0;0;0;0;0;0;0;0;0;0;0;0;0;0;0;0;2;2;0;1;1;1;1;0;0;12;0;0;0
62057;Audruicq;32;62;0;1;0;0;0;0;0;0;0;0;1;0;0;0;0;4;1;1;0;0;5;2;0;3;7;1;2;6;2;2;11;1;0;8;5;1;4
62058;Aumerval;32;62;0;0;0;0;0;0;0;0;0;0;0;0;0;0;0;0;0;0;0;0;0;0;0;0;1;0;1;0;0;0;0;0;0;0;0;0;0
62059;Autingues;32;62;0;0;0;0;0;0;0;0;0;0;0;0;0;0;0;0;1;0;0;0;2;0;0;0;0;0;0;3;0;1;1;4;0;1;0;0;0
62060;Auxi-le-Château;32;62;0;1;0;0;0;0;0;0;0;0;0;0;0;0;0;3;3;1;0;0;3;1;0;2;2;2;2;3;0;3;5;2;0;6;1;0;1
62061;Averdoingt;32;62;0;0;0;0;0;0;0;0;0;0;0;0;0;0;0;0;0;0;0;0;0;0;0;0;0;0;1;0;0;0;1;0;0;1;0;0;0
62062;Avesnes;32;62;0;0;0;0;0;0;0;0;0;0;0;0;0;0;0;0;0;0;0;0;0;0;0;0;0;0;0;0;0;0;0;0;0;0;0;0;0
62063;Avesnes-le-Comte;32;62;0;1;0;0;0;0;0;0;0;0;1;0;0;0;0;3;2;1;0;0;6;1;0;4;1;2;2;3;1;1;6;2;0;4;2;1;2
62064;Avesnes-lès-Bapaume;32;62;0;0;0;0;0;0;0;0;0;0;0;0;0;0;0;0;0;0;0;0;1;0;0;0;0;0;0;0;0;1;0;0;0;0;0;0;0
62065;Avion;32;62;1;0;0;0;0;0;0;0;0;0;1;0;0;0;0;4;2;1;0;0;10;2;0;5;8;19;10;16;11;10;26;1;0;30;3;1;3
62066;Avondance;32;62;0;0;0;0;0;0;0;0;0;0;0;0;0;0;0;0;0;0;0;0;0;0;0;0;0;0;0;0;0;0;0;0;0;0;0;0;0
62067;Avroult;32;62;0;0;0;0;0;0;0;0;0;0;0;0;0;0;0;0;0;0;0;0;1;0;0;0;2;0;0;0;1;0;1;0;0;2;0;0;1
62068;Ayette;32;62;0;0;0;0;0;0;0;0;0;0;0;0;0;0;0;0;0;0;0;0;0;0;0;0;0;0;1;0;0;0;0;0;0;0;0;0;0
62069;Azincourt;32;62;0;0;0;0;0;0;0;0;0;0;0;0;0;0;0;0;0;0;0;0;1;0;0;0;1;1;0;0;0;0;0;0;0;2;0;0;0
62070;Bailleul-aux-Cornailles;32;62;0;0;0;0;0;0;0;0;0;0;0;0;0;0;0;0;0;0;0;0;1;0;0;0;1;0;1;2;1;0;0;0;0;0;0;0;0
62071;Bailleul-lès-Pernes;32;62;0;0;0;0;0;0;0;0;0;0;0;0;0;0;0;0;0;0;0;0;1;0;0;0;1;0;1;0;0;0;1;0;0;0;0;0;1
62072;Bailleulmont;32;62;0;0;0;0;0;0;0;0;0;0;0;0;0;0;0;0;0;0;0;1;0;0;0;0;0;0;0;0;0;0;0;0;0;0;0;0;0
62073;Bailleul-Sir-Berthoult;32;62;0;0;0;0;0;0;0;0;0;0;0;0;0;0;0;0;0;1;0;0;2;0;0;0;1;0;2;1;1;0;4;0;0;2;0;0;1
62074;Bailleulval;32;62;0;0;0;0;0;0;0;0;0;0;0;0;0;0;0;0;0;0;0;0;0;0;0;0;1;0;1;1;0;0;0;0;0;1;0;0;0
62075;Baincthun;32;62;0;0;0;0;0;0;0;0;0;0;0;0;0;0;0;1;0;0;0;0;2;0;0;0;2;2;3;1;2;5;1;0;0;1;3;0;0
62076;Bainghen;32;62;0;0;0;0;0;0;0;0;0;0;0;0;0;0;0;0;0;0;0;0;0;0;0;0;0;0;1;0;0;0;1;0;0;0;0;0;0
62077;Bajus;32;62;0;0;0;0;0;0;0;0;0;0;0;0;0;0;0;0;0;0;0;0;0;0;0;0;0;0;0;0;0;0;1;0;0;1;0;0;0
62078;Balinghem;32;62;0;0;0;0;0;0;0;0;0;0;0;0;0;0;0;0;0;0;0;0;1;0;0;0;0;1;1;0;1;2;2;0;0;4;0;0;0
62079;Bancourt;32;62;0;0;0;0;0;0;0;0;0;0;0;0;0;0;0;0;0;0;0;0;0;0;0;0;0;0;0;0;0;0;0;0;0;1;0;0;0
62080;Bapaume;32;62;0;1;0;0;0;0;0;0;0;0;1;1;0;0;0;6;2;1;0;0;13;1;0;2;4;0;5;5;1;1;11;2;0;13;5;3;4
62081;Baralle;32;62;0;0;0;0;0;0;0;0;0;0;0;0;0;0;0;0;0;0;0;0;1;0;0;1;1;1;0;0;0;0;2;0;0;0;0;0;0
62082;Barastre;32;62;0;0;0;0;0;0;0;0;0;0;0;0;0;0;0;0;0;0;0;0;0;0;0;0;1;1;1;0;1;0;0;0;0;0;0;0;1
62083;Barlin;32;62;1;0;0;0;0;0;0;0;0;0;0;0;0;0;0;3;3;1;0;0;12;1;0;4;5;5;3;7;3;2;12;1;0;5;4;2;4
62084;Barly;32;62;0;0;0;0;0;0;0;0;0;0;0;0;0;0;0;0;0;0;0;0;0;0;0;0;0;1;0;0;0;0;0;0;0;0;0;0;0
62085;Basseux;32;62;0;0;0;0;0;0;0;0;0;0;0;0;0;0;0;0;0;0;0;0;0;0;0;0;0;0;0;0;0;0;0;2;0;0;0;0;0
62086;Bavincourt;32;62;0;0;0;0;0;0;0;0;0;0;0;0;0;0;0;0;0;0;0;1;2;0;0;0;0;0;1;1;1;0;2;0;0;0;1;0;0
62087;Bayenghem-lès-Éperlecques;32;62;0;0;0;0;0;0;0;0;0;0;0;0;0;0;0;0;0;0;0;0;1;0;0;0;0;0;0;1;0;2;0;0;0;0;0;0;0
62088;Bayenghem-lès-Seninghem;32;62;0;0;0;0;0;0;0;0;0;0;0;0;0;0;0;0;0;0;0;0;1;0;0;0;0;0;0;1;0;0;1;0;0;0;0;0;0
62089;Bazinghen;32;62;0;0;0;0;0;0;0;0;0;0;0;0;0;0;0;0;0;0;0;0;0;0;0;0;0;0;1;2;0;0;0;0;0;2;0;0;0
62090;Béalencourt;32;62;0;0;0;0;0;0;0;0;0;0;0;0;0;0;0;0;0;0;0;0;0;0;0;0;0;0;0;0;0;0;0;0;0;0;0;0;0
62091;Beaudricourt;32;62;0;0;0;0;0;0;0;0;0;0;0;0;0;0;0;0;0;0;0;0;0;0;0;0;0;0;0;0;1;0;0;0;0;0;0;0;1
62092;Beaufort-Blavincourt;32;62;0;0;0;0;0;0;0;0;0;0;0;0;0;0;0;0;0;0;0;0;0;0;0;0;0;0;0;3;1;1;1;0;0;0;0;0;0
62093;Beaulencourt;32;62;0;0;0;0;0;0;0;0;0;0;0;0;0;0;0;0;0;0;1;0;0;0;0;0;0;0;0;0;0;0;1;0;0;0;0;0;0
62094;Beaumerie-Saint-Martin;32;62;0;0;0;0;0;0;0;0;0;0;0;0;0;0;0;0;0;0;0;0;0;0;0;0;0;1;1;0;1;0;1;0;0;0;0;0;1
62095;Beaumetz-lès-Aire;32;62;0;0;0;0;0;0;0;0;0;0;0;0;0;0;0;0;0;0;0;0;0;0;0;0;0;0;0;1;0;0;0;0;0;1;0;0;1
62096;Beaumetz-lès-Cambrai;32;62;0;0;0;0;0;0;0;0;0;0;0;0;0;0;0;0;0;0;1;0;1;0;0;0;0;2;1;2;0;0;1;0;0;0;0;0;0
62097;Beaumetz-lès-Loges;32;62;0;1;0;0;0;0;0;0;0;0;0;0;0;0;0;2;0;1;0;0;2;0;0;1;0;1;0;4;2;1;3;0;0;1;1;0;0
62099;Beaurains;32;62;0;0;0;0;0;0;0;0;0;0;0;0;0;0;0;1;1;1;0;0;10;1;0;1;2;7;10;11;5;5;9;1;0;8;1;0;4
62100;Beaurainville;32;62;0;0;0;0;0;0;0;0;0;0;0;0;0;0;0;1;1;1;0;0;6;1;0;1;1;1;4;7;1;3;5;1;0;3;1;0;2
62101;Beauvois;32;62;0;0;0;0;0;0;0;0;0;0;0;0;0;0;0;0;0;0;0;0;0;0;0;0;0;0;0;0;1;0;0;0;0;0;0;0;0
62102;Bécourt;32;62;0;0;0;0;0;0;0;0;0;0;0;0;0;0;0;0;0;0;0;0;1;0;0;0;0;2;2;0;0;0;0;0;0;0;1;0;1
62103;Béhagnies;32;62;0;0;0;0;0;0;0;0;0;0;0;0;0;0;0;0;0;0;0;0;0;0;0;0;0;0;0;1;0;0;0;0;0;2;0;0;0
62104;Bellebrune;32;62;0;0;0;0;0;0;0;0;0;0;0;0;0;0;0;0;0;0;0;0;1;0;0;0;0;0;1;0;0;0;0;0;0;0;0;0;0
62105;Belle-et-Houllefort;32;62;0;0;0;0;0;0;0;0;0;0;0;0;0;0;0;0;0;0;0;0;1;0;0;0;0;0;0;0;0;0;0;0;0;0;0;0;0
62106;Bellonne;32;62;0;0;0;0;0;0;0;0;0;0;0;0;0;0;0;0;0;0;0;0;1;0;0;0;0;0;0;0;1;0;1;0;0;0;0;0;0
62107;Bénifontaine;32;62;0;0;0;0;0;0;0;0;0;0;0;0;0;0;0;0;0;0;0;0;0;0;0;0;0;1;1;0;0;0;0;0;0;3;1;0;1
62108;Berck;32;62;1;0;0;0;0;0;0;0;0;0;1;1;0;0;0;9;2;2;0;0;13;3;0;4;13;22;13;13;13;8;28;4;0;84;23;4;8
62109;Bergueneuse;32;62;0;0;0;0;0;0;0;0;0;0;0;0;0;0;0;0;0;0;0;0;0;0;0;0;0;0;0;0;0;0;0;0;0;0;0;0;0
62111;Berlencourt-le-Cauroy;32;62;0;0;0;0;0;0;0;0;0;0;0;0;0;0;0;0;0;0;0;0;0;0;0;1;0;1;0;1;0;0;0;0;0;0;0;0;0
62112;Berles-au-Bois;32;62;0;0;0;0;0;0;0;0;0;0;0;0;0;0;0;0;0;0;0;0;1;0;0;0;0;0;0;2;0;0;0;0;0;0;0;0;0
62113;Berles-Monchel;32;62;0;0;0;0;0;0;0;0;0;0;0;0;0;0;0;0;0;0;0;0;0;0;0;0;2;2;0;0;1;0;0;0;0;1;0;0;0
62114;Bermicourt;32;62;0;0;0;0;0;0;0;0;0;0;0;0;0;0;0;0;0;0;0;0;1;0;0;0;0;0;0;0;0;0;0;0;0;0;0;0;0
62115;Berneville;32;62;0;0;0;0;0;0;0;0;0;0;0;0;0;0;0;0;0;0;0;0;0;0;0;0;0;1;2;0;0;0;0;0;0;2;0;0;0
62116;Bernieulles;32;62;0;0;0;0;0;0;0;0;0;0;0;0;0;0;0;0;0;0;0;0;1;0;0;0;0;0;0;0;0;0;0;0;0;0;0;0;0
62117;Bertincourt;32;62;0;1;0;0;0;0;0;0;0;0;0;0;0;0;0;1;0;1;0;0;2;0;0;1;0;1;1;1;1;0;2;0;0;0;0;0;0
62118;Béthonsart;32;62;0;0;0;0;0;0;0;0;0;0;0;0;0;0;0;0;0;0;0;0;0;0;0;0;0;0;0;1;0;0;1;0;0;0;0;0;0
62119;Béthune;32;62;2;1;0;1;1;1;0;0;0;0;7;1;0;0;0;16;6;2;0;0;33;3;5;16;20;27;37;26;20;27;49;5;18;107;28;9;28
62120;Beugin;32;62;0;0;0;0;0;0;0;0;0;0;0;0;0;0;0;0;0;0;0;0;0;0;0;0;0;0;0;0;0;0;0;0;0;0;0;0;2
62121;Beugnâtre;32;62;0;0;0;0;0;0;0;0;0;0;0;0;0;0;0;0;0;0;0;0;0;0;0;0;0;0;0;0;0;0;0;0;0;0;0;0;0
62122;Beugny;32;62;0;0;0;0;0;0;0;0;0;0;0;0;0;0;0;0;0;0;0;0;0;0;0;0;0;0;0;0;1;0;0;0;0;0;0;0;0
62123;Beussent;32;62;0;0;0;0;0;0;0;0;0;0;0;0;0;0;0;0;0;0;0;1;0;0;0;0;0;1;0;0;2;1;1;0;0;1;0;0;0
62124;Beutin;32;62;0;0;0;0;0;0;0;0;0;0;0;0;0;0;0;0;0;0;0;1;0;0;0;0;1;1;1;0;0;1;1;0;0;0;0;0;0
62125;Beuvrequen;32;62;0;0;0;0;0;0;0;0;0;0;0;0;0;0;0;0;0;0;0;0;0;0;0;0;1;0;0;2;0;0;0;0;0;2;0;0;0
62126;Beuvry;32;62;1;0;0;0;0;0;0;0;0;0;1;0;0;0;0;2;2;1;0;0;9;0;0;1;6;12;6;14;12;7;16;0;0;10;4;0;6
62127;Bezinghem;32;62;0;0;0;0;0;0;0;0;0;0;0;0;0;0;0;0;0;0;0;0;0;0;0;0;0;0;0;0;0;0;0;0;0;0;1;0;2
62128;Biache-Saint-Vaast;32;62;0;0;0;0;0;0;0;0;0;0;0;0;0;0;0;2;0;1;0;0;1;0;0;1;4;3;5;4;2;1;7;0;0;6;1;0;2
62129;Biefvillers-lès-Bapaume;32;62;0;0;0;0;0;0;0;0;0;0;0;0;0;0;0;0;0;0;0;0;0;0;0;0;0;0;0;0;1;0;0;0;0;1;0;0;0
62130;Bienvillers-au-Bois;32;62;0;0;0;0;0;0;0;0;0;0;0;0;0;0;0;0;0;0;0;1;1;0;0;1;1;3;1;2;0;0;1;0;0;0;0;0;0
62131;Bihucourt;32;62;0;0;0;0;0;0;0;0;0;0;0;0;0;0;0;0;0;0;0;0;1;0;0;0;1;1;0;1;0;0;1;0;0;0;1;0;0
62132;Billy-Berclau;32;62;0;0;0;0;0;0;0;0;0;0;0;0;0;0;0;1;1;1;0;0;3;0;0;1;2;3;5;5;3;2;9;0;0;3;4;0;2
62133;Billy-Montigny;32;62;0;0;0;0;0;0;0;0;0;0;0;0;0;0;0;3;5;1;0;0;7;1;1;3;4;11;5;5;4;7;15;2;0;16;3;1;6
62134;Bimont;32;62;0;0;0;0;0;0;0;0;0;0;0;0;0;0;0;0;0;0;0;0;1;0;0;0;0;0;1;0;0;0;0;0;0;0;0;0;0
62135;Blairville;32;62;0;0;0;0;0;0;0;0;0;0;0;0;0;0;0;0;0;0;0;0;2;0;0;0;0;0;0;1;0;0;1;0;0;0;0;0;0
62137;Blangerval-Blangermont;32;62;0;0;0;0;0;0;0;0;0;0;0;0;0;0;0;0;0;0;0;0;0;0;0;0;0;0;0;0;0;0;0;0;0;0;0;0;0
62138;Blangy-sur-Ternoise;32;62;0;0;0;0;0;0;0;0;0;0;0;0;0;0;0;0;0;0;0;1;6;0;0;0;0;0;0;2;0;1;3;0;0;1;0;0;0
62139;Blendecques;32;62;0;0;0;0;0;0;0;0;0;0;0;0;0;0;0;3;1;1;0;0;9;1;0;2;7;3;5;2;3;1;6;0;0;8;0;0;4
62140;Bléquin;32;62;0;0;0;0;0;0;0;0;0;0;0;0;0;0;0;0;0;0;0;0;0;0;0;0;0;0;0;1;0;0;3;0;0;1;0;0;1
62141;Blessy;32;62;0;0;0;0;0;0;0;0;0;0;0;0;0;0;0;0;0;0;0;0;0;0;0;0;1;2;1;0;1;2;0;0;0;0;0;1;0
62142;Blingel;32;62;0;0;0;0;0;0;0;0;0;0;0;0;0;0;0;0;0;0;0;0;0;0;0;0;0;0;0;0;0;0;0;0;0;0;0;0;1
62143;Boffles;32;62;0;0;0;0;0;0;0;0;0;0;0;0;0;0;0;0;0;0;0;0;0;0;0;0;0;0;0;0;0;0;0;0;0;0;0;0;0
62144;Boiry-Becquerelle;32;62;0;0;0;0;0;0;0;0;0;0;0;0;0;0;0;0;0;0;0;0;0;0;0;0;0;0;0;1;2;0;1;0;0;0;0;0;0
62145;Boiry-Notre-Dame;32;62;0;0;0;0;0;0;0;0;0;0;0;0;0;0;0;0;0;0;0;0;0;0;0;0;0;0;2;4;0;1;0;0;0;0;0;0;0
62146;Boiry-Saint-Martin;32;62;0;0;0;0;0;0;0;0;0;0;0;0;0;0;0;0;0;0;0;0;0;0;0;0;0;1;1;0;0;1;0;0;0;0;0;0;0
62147;Boiry-Sainte-Rictrude;32;62;0;0;0;0;0;0;0;0;0;0;0;0;0;0;0;0;0;0;0;0;1;0;0;0;0;0;1;0;0;0;0;0;0;0;0;0;0
62148;Bois-Bernard;32;62;0;0;0;0;0;0;0;0;0;0;0;0;0;0;0;0;1;0;0;0;1;0;0;0;1;0;1;0;2;2;1;0;0;1;0;0;1
62149;Boisdinghem;32;62;0;0;0;0;0;0;0;0;0;0;0;0;0;0;0;0;0;0;0;0;0;0;0;0;0;1;1;1;0;0;0;0;0;0;0;0;0
62150;Boisjean;32;62;0;0;0;0;0;0;0;0;0;0;0;0;0;0;0;0;0;0;0;0;1;0;0;0;0;1;0;2;0;0;0;0;0;1;0;0;0
62151;Boisleux-au-Mont;32;62;0;0;0;0;0;0;0;0;0;0;0;0;0;0;0;0;0;0;0;1;0;0;0;0;0;0;2;1;1;0;3;0;0;0;0;0;0
62152;Boisleux-Saint-Marc;32;62;0;0;0;0;0;0;0;0;0;0;0;0;0;0;0;0;0;0;0;0;0;0;0;0;0;0;1;0;1;0;0;0;0;0;0;0;0
62153;Bomy;32;62;0;0;0;0;0;0;0;0;0;0;0;0;0;0;0;0;0;0;0;0;1;0;0;0;1;0;0;0;1;0;2;0;0;0;0;0;0
62154;Bonnières;32;62;0;0;0;0;0;0;0;0;0;0;0;0;0;0;0;0;0;0;1;0;0;0;0;0;0;1;1;0;0;1;0;0;0;0;0;0;0
62155;Bonningues-lès-Ardres;32;62;0;0;0;0;0;0;0;0;0;0;0;0;0;0;0;0;0;0;0;0;1;0;0;0;4;0;0;0;0;0;0;0;0;1;0;0;0
62156;Bonningues-lès-Calais;32;62;0;0;0;0;0;0;0;0;0;0;0;0;0;0;0;0;0;0;0;0;1;0;0;0;0;0;0;1;1;0;0;0;0;0;0;0;0
62157;Boubers-lès-Hesmond;32;62;0;0;0;0;0;0;0;0;0;0;0;0;0;0;0;0;0;0;0;0;0;0;0;0;0;0;0;0;0;0;0;0;0;0;0;0;0
62158;Boubers-sur-Canche;32;62;0;0;0;0;0;0;0;0;0;0;0;0;0;0;0;0;0;1;0;0;0;0;0;0;1;1;1;0;0;0;0;0;0;1;0;0;0
62160;Boulogne-sur-Mer;32;62;3;0;0;1;1;1;1;0;0;0;10;1;0;0;0;28;6;4;0;0;13;1;5;9;40;57;13;41;22;17;72;6;15;148;44;6;17
62161;Bouquehault;32;62;0;0;0;0;0;0;0;0;0;0;0;0;0;0;0;0;0;0;0;0;0;0;0;0;0;0;1;0;0;1;0;0;0;0;0;0;0
62162;Bourecq;32;62;0;0;0;0;0;0;0;0;0;0;0;0;0;0;0;0;0;0;0;0;1;0;0;0;1;0;0;0;0;0;0;0;0;1;0;0;1
62163;Bouret-sur-Canche;32;62;0;0;0;0;0;0;0;0;0;0;0;0;0;0;0;0;0;0;0;0;0;0;0;0;0;0;0;0;0;0;0;0;0;0;1;0;0
62164;Bourlon;32;62;0;0;0;0;0;0;0;0;0;0;0;0;0;0;0;0;0;0;1;0;1;0;0;0;2;0;0;2;0;0;1;0;0;2;1;0;0
62165;Bournonville;32;62;0;0;0;0;0;0;0;0;0;0;0;0;0;0;0;0;0;0;0;0;0;0;0;0;1;0;1;0;2;0;0;0;0;0;0;0;0
62166;Bours;32;62;0;0;0;0;0;0;0;0;0;0;0;0;0;0;0;0;0;0;0;0;0;0;0;0;1;0;1;1;0;0;0;0;0;1;0;0;1
62167;Boursin;32;62;0;0;0;0;0;0;0;0;0;0;0;0;0;0;0;0;0;0;0;0;0;0;0;0;1;0;1;0;0;0;0;0;0;0;1;0;0
62168;Bourthes;32;62;0;0;0;0;0;0;0;0;0;0;0;0;0;0;0;0;0;0;0;0;2;0;0;1;2;0;3;2;1;1;1;0;0;0;0;1;0
62169;Bouvelinghem;32;62;0;0;0;0;0;0;0;0;0;0;0;0;0;0;0;0;0;0;0;0;0;0;0;0;0;1;2;1;0;0;0;0;0;0;0;0;0
62170;Bouvigny-Boyeffles;32;62;0;0;0;0;0;0;0;0;0;0;0;0;0;0;0;0;0;1;0;0;1;0;0;1;0;1;3;5;1;0;6;0;0;1;1;0;1
62171;Boyaval;32;62;0;0;0;0;0;0;0;0;0;0;0;0;0;0;0;0;0;0;0;0;1;0;0;0;0;0;0;0;0;0;0;0;0;1;0;0;0
62172;Boyelles;32;62;0;0;0;0;0;0;0;0;0;0;0;0;0;0;0;0;0;0;0;1;0;0;0;0;0;0;0;0;0;0;2;0;0;0;0;0;0
62173;Brebières;32;62;0;0;0;0;0;0;0;0;0;0;0;0;0;0;0;2;1;1;0;0;9;1;0;1;1;1;6;6;6;1;9;0;0;4;1;0;4
62174;Brêmes;32;62;0;0;0;0;0;0;0;0;0;0;0;0;0;0;0;0;0;0;0;0;1;0;0;0;2;1;0;3;1;1;4;0;0;2;0;0;0
62175;Brévillers;32;62;0;0;0;0;0;0;0;0;0;0;0;0;0;0;0;0;0;0;0;0;0;0;0;0;0;1;1;0;0;0;0;0;0;0;0;0;0
62176;Bréxent-Énocq;32;62;0;0;0;0;0;0;0;0;0;0;0;0;0;0;0;0;1;0;0;0;1;0;0;0;1;0;0;1;1;0;0;0;0;3;0;0;0
62177;Brimeux;32;62;0;0;0;0;0;0;0;0;0;0;0;0;0;0;0;0;0;1;0;0;0;0;0;0;0;0;3;0;1;0;2;1;0;1;0;0;0
62178;Bruay-la-Buissière;32;62;1;0;0;0;0;0;0;0;0;0;2;1;0;0;0;14;7;2;0;0;30;1;1;6;13;9;11;18;17;8;33;1;4;56;9;3;9
62179;Brunembert;32;62;0;0;0;0;0;0;0;0;0;0;0;0;0;0;0;0;0;0;0;0;0;0;0;0;1;0;1;1;0;0;0;0;0;1;0;0;0
62180;Brias;32;62;0;0;0;0;0;0;0;0;0;0;0;0;0;0;0;0;0;0;0;0;1;0;0;0;0;0;1;0;0;0;0;0;0;0;0;0;0
62181;Bucquoy;32;62;0;0;0;0;0;0;0;0;0;0;0;0;0;0;0;3;0;1;0;0;1;0;0;1;0;0;2;2;3;1;2;1;0;2;0;0;0
62182;Buire-au-Bois;32;62;0;0;0;0;0;0;0;0;0;0;0;0;0;0;0;0;0;0;0;0;0;0;0;0;0;0;0;0;0;0;0;0;0;0;1;0;0
62183;Buire-le-Sec;32;62;0;0;0;0;0;0;0;0;0;0;0;0;0;0;0;0;0;0;0;0;1;0;0;0;0;0;0;4;0;0;1;0;0;1;1;0;0
62184;Buissy;32;62;0;0;0;0;0;0;0;0;0;0;0;0;0;0;0;0;0;0;0;0;0;0;0;0;0;0;0;1;1;0;0;0;0;0;0;0;1
62185;Bullecourt;32;62;0;0;0;0;0;0;0;0;0;0;0;0;0;0;0;0;0;0;0;0;0;0;0;0;0;0;1;0;0;1;0;0;0;2;0;0;0
62186;Bully-les-Mines;32;62;1;0;0;0;0;0;0;0;0;0;1;0;0;0;0;5;0;1;0;0;12;1;1;3;8;13;3;11;6;6;20;1;0;15;4;0;6
62187;Buneville;32;62;0;0;0;0;0;0;0;0;0;0;0;0;0;0;0;0;0;0;0;0;1;0;0;0;0;0;1;0;0;0;0;1;0;0;0;0;0
62188;Burbure;32;62;0;0;0;0;0;0;0;0;0;0;0;0;0;0;0;0;2;1;0;0;1;0;0;1;2;3;4;5;2;1;5;0;0;1;0;0;4
62189;Bus;32;62;0;0;0;0;0;0;0;0;0;0;0;0;0;0;0;0;0;0;0;0;0;0;0;0;0;0;0;0;0;0;0;0;0;0;0;0;0
62190;Busnes;32;62;0;0;0;0;0;0;0;0;0;0;0;0;0;0;0;0;0;0;0;0;0;0;0;0;1;1;1;0;1;0;3;0;0;1;0;0;0
62191;Caffiers;32;62;0;0;0;0;0;0;0;0;0;0;0;0;0;0;0;0;0;0;0;0;0;0;0;0;0;0;0;0;0;1;0;0;0;0;1;0;0
62192;Cagnicourt;32;62;0;0;0;0;0;0;0;0;0;0;0;0;0;0;0;0;0;1;0;0;1;0;0;0;0;1;0;1;2;0;0;0;0;0;0;0;0
62193;Calais;32;62;3;0;0;0;1;1;0;1;0;0;5;2;0;1;0;29;12;4;0;0;64;4;10;18;31;56;33;71;45;32;122;7;12;217;37;10;34
62194;Calonne-Ricouart;32;62;1;0;0;0;0;0;0;0;0;0;0;0;0;0;0;2;0;1;0;0;2;1;0;1;0;3;3;5;5;6;5;0;0;6;1;0;3
62195;Calonne-sur-la-Lys;32;62;0;0;0;0;0;0;0;0;0;0;0;0;0;0;0;0;0;1;0;0;1;0;0;0;1;2;2;1;2;2;2;0;0;2;1;0;1
62196;La Calotterie;32;62;0;0;0;0;0;0;0;0;0;0;0;0;0;0;0;0;0;0;0;0;3;0;0;0;0;2;4;1;0;0;1;0;0;1;0;0;0
62197;Camblain-Châtelain;32;62;0;0;0;0;0;0;0;0;0;0;0;0;0;0;0;0;0;0;0;0;3;0;0;0;2;1;0;1;4;3;3;0;0;4;0;0;1
62198;Cambligneul;32;62;0;0;0;0;0;0;0;0;0;0;0;0;0;0;0;0;0;0;0;0;0;0;0;0;0;2;0;1;1;1;0;0;0;0;0;0;0
62199;Camblain-l'Abbé;32;62;0;0;0;0;0;0;0;0;0;0;0;0;0;0;0;0;0;0;0;0;2;0;0;0;4;0;1;0;0;0;1;0;0;0;1;0;0
62200;Cambrin;32;62;0;0;0;0;0;0;0;0;0;0;0;0;0;0;0;0;1;1;0;0;0;0;0;0;5;0;4;3;1;1;2;0;0;4;0;0;0
62201;Camiers;32;62;0;0;0;0;0;0;0;0;0;0;0;0;0;0;0;0;0;1;0;0;1;0;0;1;3;2;1;3;3;1;6;0;0;14;2;1;0
62202;Campagne-lès-Boulonnais;32;62;0;0;0;0;0;0;0;0;0;0;0;0;0;0;0;0;1;0;0;0;2;0;0;0;0;0;1;1;1;2;0;0;0;0;1;0;0
62203;Campagne-lès-Guines;32;62;0;0;0;0;0;0;0;0;0;0;0;0;0;0;0;0;0;0;0;0;0;0;0;0;1;0;0;1;0;1;0;0;0;0;0;0;0
62204;Campagne-lès-Hesdin;32;62;0;1;0;0;0;0;0;0;0;0;1;0;0;0;0;1;0;1;0;0;1;0;0;1;3;1;2;0;1;0;2;2;0;2;1;0;0
62205;Campagne-lès-Wardrecques;32;62;0;0;0;0;0;0;0;0;0;0;0;0;0;0;0;0;0;0;0;0;1;0;0;0;3;1;2;4;0;1;4;0;0;0;0;0;1
62206;Campigneulles-les-Grandes;32;62;0;0;0;0;0;0;0;0;0;0;0;0;0;0;0;0;0;0;0;0;0;0;0;0;0;0;0;1;1;0;1;0;0;0;0;0;0
62207;Campigneulles-les-Petites;32;62;0;0;0;0;0;0;0;0;0;0;0;0;0;0;0;0;1;0;0;0;1;0;0;0;1;0;0;1;1;0;1;0;0;0;2;0;0
62208;Canettemont;32;62;0;0;0;0;0;0;0;0;0;0;0;0;0;0;0;0;0;0;0;0;0;0;0;0;0;0;0;0;1;0;0;0;0;0;0;0;0
62209;Canlers;32;62;0;0;0;0;0;0;0;0;0;0;0;0;0;0;0;0;0;0;0;0;0;0;0;0;1;0;0;1;0;0;0;0;0;0;0;0;0
62210;Canteleux;32;62;0;0;0;0;0;0;0;0;0;0;0;0;0;0;0;0;0;0;0;0;0;0;0;0;0;0;0;0;0;0;0;0;0;0;0;0;0
62211;Capelle-Fermont;32;62;0;0;0;0;0;0;0;0;0;0;0;0;0;0;0;0;0;0;0;0;0;0;0;0;0;0;1;2;0;0;0;0;0;0;0;0;1
62212;Capelle-lès-Hesdin;32;62;0;0;0;0;0;0;0;0;0;0;0;0;0;0;0;0;0;0;0;0;0;0;0;0;1;3;0;0;0;0;0;0;0;0;0;0;0
62213;Carency;32;62;0;0;0;0;0;0;0;0;0;0;0;0;0;0;0;0;0;0;0;0;0;0;0;0;2;0;1;4;0;0;2;0;0;1;0;0;0
62214;Carly;32;62;0;0;0;0;0;0;0;0;0;0;0;0;0;0;0;0;0;0;0;0;1;0;0;0;0;0;1;0;1;0;1;0;0;1;0;0;0
62215;Carvin;32;62;1;0;0;0;0;0;0;0;0;0;1;1;0;0;0;9;9;1;0;0;22;3;1;5;9;10;17;23;12;7;37;3;1;33;12;1;11
62216;La Cauchie;32;62;0;0;0;0;0;0;0;0;0;0;0;0;0;0;0;0;0;0;0;0;1;0;0;0;0;2;2;0;0;1;0;0;0;0;0;0;0
62217;Cauchy-à-la-Tour;32;62;0;0;0;0;0;0;0;0;0;0;0;0;0;0;0;0;1;1;0;0;1;0;0;1;1;3;3;4;2;1;6;0;0;3;1;0;1
62218;Caucourt;32;62;0;0;0;0;0;0;0;0;0;0;0;0;0;0;0;0;0;0;0;0;0;0;0;0;2;0;1;0;1;0;0;0;0;1;0;0;0
62219;Caumont;32;62;0;0;0;0;0;0;0;0;0;0;0;0;0;0;0;0;0;0;0;0;1;0;0;0;0;0;0;0;0;0;0;0;0;0;0;0;0
62220;Cavron-Saint-Martin;32;62;0;0;0;0;0;0;0;0;0;0;0;0;0;0;0;0;0;0;0;0;1;0;0;0;1;0;3;1;0;2;0;0;0;0;0;0;0
62221;Chelers;32;62;0;0;0;0;0;0;0;0;0;0;0;0;0;0;0;0;0;0;0;0;0;0;0;0;0;0;2;0;0;0;0;0;0;0;0;0;0
62222;Chériennes;32;62;0;0;0;0;0;0;0;0;0;0;0;0;0;0;0;0;0;0;0;0;0;0;0;0;0;0;0;0;0;0;0;0;0;2;0;0;0
62223;Chérisy;32;62;0;0;0;0;0;0;0;0;0;0;0;0;0;0;0;0;0;0;0;1;0;0;0;0;0;0;0;0;0;0;0;0;0;0;0;0;0
62224;Chocques;32;62;0;0;0;0;0;0;0;0;0;0;0;0;0;0;0;2;2;1;0;0;6;0;0;1;2;2;1;5;4;1;4;0;0;2;0;0;0
62225;Clairmarais;32;62;0;0;0;0;0;0;0;0;0;0;0;0;0;0;0;0;0;0;0;0;0;0;0;0;1;1;1;0;0;0;1;0;0;3;0;1;1
62227;Clenleu;32;62;0;0;0;0;0;0;0;0;0;0;0;0;0;0;0;0;0;0;0;0;1;0;0;0;0;0;0;0;0;0;0;0;0;0;0;0;0
62228;Clerques;32;62;0;0;0;0;0;0;0;0;0;0;0;0;0;0;0;0;0;0;0;0;1;0;0;0;0;0;0;0;0;0;0;0;0;0;0;0;0
62229;Cléty;32;62;0;0;0;0;0;0;0;0;0;0;0;0;0;0;0;0;0;0;0;0;4;0;0;0;2;1;0;0;1;1;1;0;0;0;0;0;1
62230;Colembert;32;62;0;1;0;0;0;0;0;0;0;0;0;0;0;0;0;0;0;0;0;1;3;0;0;0;5;1;3;1;0;3;2;0;0;1;0;0;0
62231;Colline-Beaumont;32;62;0;0;0;0;0;0;0;0;0;0;0;0;0;0;0;0;0;0;0;0;0;0;0;0;0;0;0;0;0;0;0;0;0;0;0;0;0
62232;La Comté;32;62;0;0;0;0;0;0;0;0;0;0;0;0;0;0;0;0;0;0;0;0;0;0;0;0;1;0;4;2;1;0;2;0;0;0;1;0;1
62233;Conchil-le-Temple;32;62;0;0;0;0;0;0;0;0;0;0;0;0;0;0;0;0;0;0;0;1;0;0;0;1;0;0;1;1;1;0;1;0;0;2;0;0;0
62234;Conchy-sur-Canche;32;62;0;0;0;0;0;0;0;0;0;0;0;0;0;0;0;0;0;0;0;0;0;0;0;0;0;0;1;0;0;0;0;0;0;0;0;0;0
62235;Condette;32;62;0;0;0;0;0;0;0;0;0;0;0;0;0;0;0;1;0;1;0;0;2;0;0;0;0;4;2;1;3;6;1;2;0;1;3;0;1
62236;Contes;32;62;0;0;0;0;0;0;0;0;0;0;0;0;0;0;0;0;0;0;0;0;0;0;0;0;0;2;0;0;0;0;0;0;0;0;0;0;0
62237;Conteville-lès-Boulogne;32;62;0;0;0;0;0;0;0;0;0;0;0;0;0;0;0;0;0;0;0;0;0;0;0;0;0;0;1;2;2;0;0;0;0;0;0;0;0
62238;Conteville-en-Ternois;32;62;0;0;0;0;0;0;0;0;0;0;0;0;0;0;0;0;0;0;0;0;0;0;0;0;0;0;0;1;0;0;1;0;0;0;0;0;0
62239;Coquelles;32;62;0;0;0;0;0;0;0;0;0;0;0;0;0;0;0;4;0;1;0;0;8;1;0;1;3;0;4;5;5;1;7;0;0;31;1;0;4
62240;Corbehem;32;62;0;0;0;0;0;0;0;0;0;0;0;0;0;0;0;0;0;1;0;0;2;0;0;1;1;0;1;0;0;2;2;0;0;1;0;0;0
62241;Cormont;32;62;0;0;0;0;0;0;0;0;0;0;0;0;0;0;0;0;0;0;0;0;0;0;0;0;0;1;0;0;0;1;0;0;0;4;0;0;0
62242;Couin;32;62;0;0;0;0;0;0;0;0;0;0;0;0;0;0;0;0;0;0;0;0;0;0;0;0;0;0;0;0;0;0;0;0;0;0;0;0;0
62243;Coullemont;32;62;0;0;0;0;0;0;0;0;0;0;0;0;0;0;0;0;0;0;0;0;0;0;0;0;0;0;0;1;0;0;0;0;0;0;0;0;0
62244;Coulogne;32;62;0;0;0;0;0;0;0;0;0;0;0;0;0;0;0;3;2;1;0;0;12;0;0;1;7;7;2;8;3;1;9;0;0;6;1;0;4
62245;Coulomby;32;62;0;0;0;0;0;0;0;0;0;0;0;0;0;0;0;0;0;0;0;0;2;1;0;0;0;0;1;1;0;2;0;0;0;1;0;0;1
62246;Coupelle-Neuve;32;62;0;0;0;0;0;0;0;0;0;0;0;0;0;0;0;0;0;0;0;0;0;0;0;0;0;0;0;0;0;0;0;0;0;0;0;0;0
62247;Coupelle-Vieille;32;62;0;0;0;0;0;0;0;0;0;0;0;0;0;0;0;0;0;0;0;0;0;0;0;0;2;0;1;0;1;0;1;0;0;1;0;0;0
62248;Courcelles-le-Comte;32;62;0;0;0;0;0;0;0;0;0;0;0;0;0;0;0;0;0;0;0;0;0;0;0;0;0;0;0;3;0;0;0;0;0;1;0;0;0
62249;Courcelles-lès-Lens;32;62;0;0;0;0;0;0;0;0;0;0;0;0;0;0;0;1;1;1;0;0;4;1;1;1;1;3;9;4;4;4;8;0;1;7;3;0;4
62250;Courrières;32;62;0;0;0;0;0;0;0;0;0;0;0;0;0;0;0;1;1;1;0;0;11;1;0;4;12;10;14;8;8;8;12;1;3;10;4;2;4
62251;Courset;32;62;0;0;0;0;0;0;0;0;0;0;0;0;0;0;0;0;0;0;0;0;0;0;0;0;0;2;2;0;1;0;0;0;0;2;0;0;1
62252;La Couture;32;62;0;1;0;0;0;0;0;0;0;0;0;0;0;0;0;0;1;0;0;1;2;0;0;1;2;3;2;3;2;3;3;0;0;0;0;0;1
62253;Couturelle;32;62;0;0;0;0;0;0;0;0;0;0;0;0;0;0;0;0;0;0;0;0;0;0;0;0;0;0;0;2;0;0;0;0;0;0;0;0;0
62254;Coyecques;32;62;0;0;0;0;0;0;0;0;0;0;0;0;0;0;0;0;0;0;0;0;2;1;0;1;1;0;1;0;0;1;1;0;0;0;0;0;0
62255;Crémarest;32;62;0;0;0;0;0;0;0;0;0;0;0;0;0;0;0;0;0;0;0;0;0;0;0;0;1;1;1;1;2;2;1;0;0;0;0;0;0
62256;Crépy;32;62;0;0;0;0;0;0;0;0;0;0;0;0;0;0;0;0;0;0;0;0;0;0;0;0;0;0;0;0;0;0;1;0;0;0;0;0;0
62257;Créquy;32;62;0;0;0;0;0;0;0;0;0;0;0;0;0;0;0;0;0;0;0;0;0;0;0;0;0;0;0;2;0;2;2;0;0;0;0;0;0
62258;Croisette;32;62;0;0;0;0;0;0;0;0;0;0;0;0;0;0;0;0;0;0;0;0;0;0;0;0;2;0;1;1;1;0;0;0;0;0;0;0;0
62259;Croisilles;32;62;0;1;0;0;0;0;0;0;0;0;1;0;0;0;0;1;0;1;0;0;3;0;0;0;1;3;0;0;4;0;1;1;0;0;0;0;1
62260;Croix-en-Ternois;32;62;0;0;0;0;0;0;0;0;0;0;0;0;0;0;0;0;0;0;0;0;2;0;0;0;0;0;0;0;0;0;0;0;0;0;0;0;0
62261;Cucq;32;62;0;0;0;0;0;0;0;0;0;0;0;0;0;0;0;0;0;2;0;0;3;0;1;1;4;10;7;8;7;4;5;1;1;20;11;1;5
62262;Cuinchy;32;62;0;0;0;0;0;0;0;0;0;0;0;0;0;0;0;0;1;1;0;0;3;0;0;1;3;1;0;1;0;5;1;0;0;0;0;0;0
62263;Dainville;32;62;0;0;0;0;0;0;0;0;0;0;0;0;0;0;0;3;2;1;0;0;8;1;0;2;0;7;3;7;4;1;6;1;0;3;3;1;2
62264;Dannes;32;62;0;0;0;0;0;0;0;0;0;0;0;0;0;0;0;0;0;0;0;1;0;0;0;0;1;1;1;3;2;2;1;0;0;0;0;0;2
62265;Delettes;32;62;0;0;0;0;0;0;0;0;0;0;0;0;0;0;0;0;0;0;0;0;1;0;0;0;1;0;3;0;0;1;1;0;0;2;0;0;2
62266;Denier;32;62;0;0;0;0;0;0;0;0;0;0;0;0;0;0;0;0;0;0;0;0;0;0;0;0;0;0;1;0;0;0;0;0;0;0;0;0;0
62267;Dennebroeucq;32;62;0;0;0;0;0;0;0;0;0;0;0;0;0;0;0;0;0;0;0;0;1;0;0;0;0;0;1;1;0;1;1;0;0;2;0;0;1
62268;Desvres;32;62;0;1;0;0;0;0;0;0;0;0;1;0;0;0;0;5;3;1;0;0;12;1;0;3;4;4;3;3;3;3;10;5;2;8;3;1;4
62269;Diéval;32;62;0;0;0;0;0;0;0;0;0;0;0;0;0;0;0;0;0;0;0;1;1;0;0;0;1;2;2;0;0;2;3;0;0;0;1;0;0
62270;Divion;32;62;0;0;0;0;0;0;0;0;0;0;0;0;0;0;0;2;3;1;0;0;9;1;0;2;3;3;2;1;5;7;6;0;0;9;0;0;1
62271;Dohem;32;62;0;0;0;0;0;0;0;0;0;0;0;0;0;0;0;0;1;0;0;1;0;0;0;0;1;0;3;0;0;0;1;0;0;1;0;0;0
62272;Douchy-lès-Ayette;32;62;0;0;0;0;0;0;0;0;0;0;0;0;0;0;0;0;0;0;0;0;1;0;0;0;0;0;0;2;0;0;0;0;0;0;0;0;0
62273;Doudeauville;32;62;0;0;0;0;0;0;0;0;0;0;0;0;0;0;0;0;0;0;0;0;0;0;0;0;1;0;2;0;0;0;1;0;0;0;0;0;1
62274;Dourges;32;62;0;0;0;0;0;0;0;0;0;0;0;1;0;0;0;0;1;1;0;0;5;0;0;2;10;16;6;3;0;7;10;0;0;10;3;0;2
62275;Douriez;32;62;0;0;0;0;0;0;0;0;0;0;0;0;0;0;0;0;0;0;0;0;1;0;0;0;0;0;0;0;0;1;0;0;0;0;0;0;0
62276;Douvrin;32;62;0;0;0;0;0;0;0;0;0;0;1;0;0;0;0;0;0;1;0;0;6;0;0;1;1;4;4;6;4;6;12;0;1;6;1;0;2
62277;Drocourt;32;62;0;0;0;0;0;0;0;0;0;0;0;0;0;0;0;0;1;1;0;0;2;0;0;0;1;3;3;3;3;3;4;0;0;2;1;0;2
62278;Drouvin-le-Marais;32;62;0;0;0;0;0;0;0;0;0;0;0;0;0;0;0;0;0;0;0;0;0;0;0;0;0;0;0;2;1;0;2;0;0;0;0;0;1
62279;Duisans;32;62;0;0;0;0;0;0;0;0;0;0;0;0;0;0;0;0;0;0;0;0;1;0;0;0;2;3;3;2;4;2;2;0;0;1;1;0;0
62280;Dury;32;62;0;0;0;0;0;0;0;0;0;0;0;0;0;0;0;0;0;0;0;0;0;0;0;0;0;0;2;0;1;1;0;0;0;1;0;0;0
62281;Echinghen;32;62;0;0;0;0;0;0;0;0;0;0;0;0;0;0;0;0;0;0;0;0;1;0;0;0;0;1;0;1;1;0;1;0;0;2;0;0;0
62282;Éclimeux;32;62;0;0;0;0;0;0;0;0;0;0;0;0;0;0;0;0;0;0;0;0;0;0;0;0;1;1;0;0;0;0;0;0;0;0;0;0;0
62283;Écoivres;32;62;0;0;0;0;0;0;0;0;0;0;0;0;0;0;0;0;0;0;0;0;0;0;0;0;0;0;0;0;0;0;0;0;0;0;0;0;0
62284;Écourt-Saint-Quentin;32;62;0;0;0;0;0;0;0;0;0;0;0;0;0;0;0;1;2;1;0;0;2;0;0;0;0;1;3;1;4;0;2;1;0;4;1;0;0
62285;Écoust-Saint-Mein;32;62;0;0;0;0;0;0;0;0;0;0;0;0;0;0;0;0;0;0;0;0;1;0;0;0;0;0;1;1;0;0;1;0;0;0;0;0;0
62286;Ecquedecques;32;62;0;0;0;0;0;0;0;0;0;0;0;0;0;0;0;0;0;0;0;0;1;0;0;0;0;0;0;0;0;0;1;0;0;0;0;0;0
62288;Ecques;32;62;0;0;0;0;0;0;0;0;0;0;0;0;0;0;0;0;0;0;1;0;2;0;0;1;0;2;1;4;0;1;3;0;0;2;0;0;0
62289;Écuires;32;62;0;1;0;0;0;0;0;0;0;0;5;0;0;0;0;0;0;0;0;0;2;1;0;0;0;0;0;0;0;0;2;1;0;1;1;0;1
62290;Écurie;32;62;0;0;0;0;0;0;0;0;0;0;0;0;0;0;0;0;0;0;0;0;1;0;0;0;2;0;0;0;0;1;0;0;0;2;0;0;2
62291;Éleu-dit-Leauwette;32;62;0;0;0;0;0;0;0;0;0;0;0;0;0;0;0;0;0;1;0;0;3;0;0;0;2;4;1;1;4;2;4;0;0;2;2;0;1
62292;Elnes;32;62;0;0;0;0;0;0;0;0;0;0;0;0;0;0;0;0;0;0;0;0;0;0;0;0;0;0;0;0;1;0;0;0;0;2;0;0;0
62293;Embry;32;62;0;0;0;0;0;0;0;0;0;0;0;0;0;0;0;0;0;0;0;1;0;0;0;0;0;0;0;0;0;0;0;0;0;0;0;0;0
62294;Enguinegatte;32;62;0;0;0;0;0;0;0;0;0;0;0;0;0;0;0;0;0;0;0;0;0;0;0;0;0;0;0;0;1;0;1;0;0;0;0;0;0
62295;Enquin-les-Mines;32;62;0;0;0;0;0;0;0;0;0;0;0;0;0;0;0;0;0;0;0;0;2;0;0;1;0;0;0;0;0;2;1;0;0;0;0;0;0
62296;Enquin-sur-Baillons;32;62;0;0;0;0;0;0;0;0;0;0;0;0;0;0;0;0;0;0;0;0;0;0;0;0;0;0;1;3;1;0;0;0;0;0;0;0;0
62297;Éperlecques;32;62;0;0;0;0;0;0;0;0;0;0;0;0;0;0;0;0;1;1;0;0;5;2;0;4;8;2;3;1;1;2;3;1;0;3;0;0;1
62298;Épinoy;32;62;0;0;0;0;0;0;0;0;0;0;0;0;0;0;0;0;0;0;0;0;1;0;0;0;0;2;0;0;1;0;0;0;0;0;0;0;1
62299;Eps;32;62;0;0;0;0;0;0;0;0;0;0;0;0;0;0;0;0;0;0;0;0;0;0;0;0;0;0;0;0;0;0;0;0;0;0;0;0;0
62300;Équihen-Plage;32;62;0;0;0;0;0;0;0;0;0;0;0;0;0;0;0;0;0;1;0;0;2;0;0;1;1;0;0;3;2;0;3;0;0;3;1;0;0
62301;Équirre;32;62;0;0;0;0;0;0;0;0;0;0;0;0;0;0;0;0;0;0;0;0;0;0;0;0;0;0;0;0;0;0;0;0;0;0;0;0;0
62302;Ergny;32;62;0;0;0;0;0;0;0;0;0;0;0;0;0;0;0;0;0;0;0;0;1;0;0;0;0;1;1;1;0;1;0;0;0;0;1;0;0
62303;Érin;32;62;0;0;0;0;0;0;0;0;0;0;0;0;0;0;0;0;0;0;0;0;0;0;0;0;0;0;1;0;0;1;1;0;0;0;0;0;0
62304;Erny-Saint-Julien;32;62;0;0;0;0;0;0;0;0;0;0;0;0;0;0;0;0;0;0;0;0;0;0;0;0;1;0;0;1;0;1;0;0;0;0;0;0;1
62306;Ervillers;32;62;0;0;0;0;0;0;0;0;0;0;0;0;0;0;0;0;0;0;0;0;2;0;0;0;1;0;2;0;1;0;3;0;0;2;1;0;1
62307;Escalles;32;62;0;0;0;0;0;0;0;0;0;0;0;0;0;0;0;0;0;0;0;0;0;0;0;0;0;0;0;0;0;0;1;0;0;6;0;0;0
62308;Escoeuilles;32;62;0;0;0;0;0;0;0;0;0;0;0;0;0;0;0;0;0;0;0;0;0;0;0;0;2;0;0;0;0;0;0;0;0;0;0;0;0
62309;Esquerdes;32;62;0;0;0;0;0;0;0;0;0;0;0;0;0;0;0;0;0;0;0;1;2;0;0;1;1;0;3;2;3;2;6;0;0;2;0;0;1
62310;Essars;32;62;0;0;0;0;0;0;0;0;0;0;0;0;0;0;0;0;0;0;0;0;0;0;0;0;1;1;2;1;0;0;4;0;0;2;3;0;2
62311;Estevelles;32;62;0;0;0;0;0;0;0;0;0;0;0;0;0;0;0;0;0;0;0;0;2;0;0;0;1;0;1;1;1;0;3;0;0;2;1;0;1
62312;Estrée;32;62;0;0;0;0;0;0;0;0;0;0;0;0;0;0;0;0;0;0;0;0;0;0;0;1;1;0;2;0;0;0;0;0;0;0;0;0;0
62313;Estrée-Blanche;32;62;0;0;0;0;0;0;0;0;0;0;0;0;0;0;0;0;2;0;0;1;1;0;0;1;1;1;2;4;0;0;1;0;0;1;0;0;2
62314;Estrée-Cauchy;32;62;0;0;0;0;0;0;0;0;0;0;0;0;0;0;0;0;0;0;0;0;1;0;0;0;0;0;0;0;1;0;1;0;0;0;0;0;0
62315;Estréelles;32;62;0;0;0;0;0;0;0;0;0;0;0;0;0;0;0;0;0;0;0;0;2;0;0;0;0;1;1;0;0;0;0;0;0;0;0;0;0
62316;Estrée-Wamin;32;62;0;0;0;0;0;0;0;0;0;0;0;0;0;0;0;0;0;0;0;0;0;0;0;0;0;0;0;0;0;1;0;0;0;0;0;0;0
62317;Étaing;32;62;0;0;0;0;0;0;0;0;0;0;0;0;0;0;0;0;0;0;0;0;0;0;0;0;0;0;0;1;0;0;0;0;0;0;0;0;0
62318;Étaples;32;62;0;1;0;0;0;0;0;0;0;0;1;1;0;0;0;7;4;1;0;0;14;2;1;4;10;16;14;18;8;1;22;2;1;23;8;5;10
62319;Éterpigny;32;62;0;0;0;0;0;0;0;0;0;0;0;0;0;0;0;0;0;0;0;0;0;0;0;0;0;0;0;0;0;0;0;0;0;0;0;0;0
62320;Étrun;32;62;0;0;0;0;0;0;0;0;0;0;0;0;0;0;0;0;0;0;0;0;0;0;0;0;1;0;0;2;1;1;0;0;0;1;0;0;0
62321;Évin-Malmaison;32;62;0;0;0;0;0;0;0;0;0;0;0;0;0;0;0;1;1;1;0;0;4;0;0;1;1;5;2;2;1;3;3;0;0;5;2;0;2
62322;Famechon;32;62;0;0;0;0;0;0;0;0;0;0;0;0;0;0;0;0;0;0;0;0;0;0;0;0;0;1;0;0;0;0;0;0;0;0;0;0;0
62323;Fampoux;32;62;0;0;0;0;0;0;0;0;0;0;0;0;0;0;0;0;0;0;0;0;0;0;0;0;0;1;4;3;2;1;2;0;0;1;0;0;0
62324;Farbus;32;62;0;0;0;0;0;0;0;0;0;0;0;0;0;0;0;0;0;0;0;0;0;0;0;0;0;0;1;2;2;1;0;0;0;0;0;0;0
62325;Fauquembergues;32;62;0;1;0;0;0;0;0;0;0;0;1;0;0;0;0;2;0;1;0;0;1;0;0;0;1;0;1;4;1;2;3;1;0;2;0;0;1
62326;Favreuil;32;62;0;0;0;0;0;0;0;0;0;0;0;0;0;0;0;0;0;0;0;0;0;0;0;0;0;0;0;0;0;0;0;0;0;0;0;0;0
62327;Febvin-Palfart;32;62;0;0;0;0;0;0;0;0;0;0;0;0;0;0;0;0;0;0;0;0;2;0;0;0;2;0;3;0;0;1;1;0;0;1;0;0;0
62328;Ferfay;32;62;0;0;0;0;0;0;0;0;0;0;0;0;0;0;0;0;1;0;0;1;0;0;0;0;0;1;0;0;0;1;1;0;0;0;0;0;0
62329;Ferques;32;62;0;0;0;0;0;0;0;0;0;0;0;0;0;0;0;0;0;0;0;0;1;0;0;0;1;1;3;1;2;0;3;0;0;1;0;0;2
62330;Festubert;32;62;0;0;0;0;0;0;0;0;0;0;0;0;0;0;0;0;0;0;0;0;1;0;1;0;0;1;5;1;0;0;2;0;0;3;0;0;0
62331;Feuchy;32;62;0;0;0;0;0;0;0;0;0;0;0;0;0;0;0;0;0;0;0;0;2;0;0;0;0;1;0;3;0;1;0;0;0;2;0;0;2
62332;Ficheux;32;62;0;0;0;0;0;0;0;0;0;0;0;0;0;0;0;0;0;0;0;0;0;0;0;0;1;1;1;1;2;0;0;0;0;1;0;0;1
62333;Fiefs;32;62;0;0;0;0;0;0;0;0;0;0;0;0;0;0;0;0;0;0;0;0;0;0;0;0;0;0;1;1;0;0;1;0;0;0;0;0;0
62334;Fiennes;32;62;0;0;0;0;0;0;0;0;0;0;0;0;0;0;0;0;0;0;0;0;1;0;0;0;1;0;2;1;0;0;0;0;0;0;1;0;0
62335;Fillièvres;32;62;0;0;0;0;0;0;0;0;0;0;0;0;0;0;0;1;0;0;0;1;0;0;0;0;0;2;0;2;0;1;1;0;0;1;0;0;0
62336;Fléchin;32;62;0;0;0;0;0;0;0;0;0;0;0;0;0;0;0;0;0;0;0;1;1;0;0;0;0;0;0;0;0;0;0;1;0;2;0;0;0
62337;Flers;32;62;0;0;0;0;0;0;0;0;0;0;0;0;0;0;0;0;0;0;0;0;0;0;0;0;1;0;1;1;0;0;0;0;0;0;0;0;0
62338;Fleurbaix;32;62;0;0;0;0;0;0;0;0;0;0;0;0;0;0;0;1;1;1;0;0;1;0;1;1;2;3;6;5;5;2;4;1;0;3;6;0;3
62339;Fleury;32;62;0;0;0;0;0;0;0;0;0;0;0;0;0;0;0;0;0;0;0;0;0;0;0;0;0;0;0;0;0;0;0;0;0;0;0;0;0
62340;Floringhem;32;62;0;0;0;0;0;0;0;0;0;0;0;0;0;0;0;0;0;0;0;0;2;0;0;0;1;0;2;0;0;2;2;0;0;1;0;0;0
62341;Foncquevillers;32;62;0;1;0;0;0;0;0;0;0;0;0;0;0;0;0;0;0;1;0;0;1;0;0;0;1;0;0;2;2;0;2;0;0;0;0;0;0
62342;Fontaine-lès-Boulans;32;62;0;0;0;0;0;0;0;0;0;0;0;0;0;0;0;0;0;0;0;0;0;0;0;0;0;0;0;0;0;0;0;0;0;0;0;0;0
62343;Fontaine-lès-Croisilles;32;62;0;0;0;0;0;0;0;0;0;0;0;0;0;0;0;0;0;0;0;0;1;0;0;0;1;0;2;0;0;0;0;0;0;0;0;0;0
62344;Fontaine-lès-Hermans;32;62;0;0;0;0;0;0;0;0;0;0;0;0;0;0;0;0;0;0;0;0;0;0;0;0;0;0;0;1;0;0;0;0;0;0;0;0;0
62345;Fontaine-l'Étalon;32;62;0;0;0;0;0;0;0;0;0;0;0;0;0;0;0;0;0;0;0;0;0;0;0;0;0;0;0;0;0;0;0;0;0;0;0;0;0
62346;Fortel-en-Artois;32;62;0;0;0;0;0;0;0;0;0;0;0;0;0;0;0;0;0;0;0;1;0;0;0;0;0;0;1;1;0;0;1;0;0;0;0;0;0
62347;Fosseux;32;62;0;0;0;0;0;0;0;0;0;0;0;0;0;0;0;0;0;0;0;0;0;0;0;0;0;0;0;0;0;0;0;0;0;0;0;0;0
62348;Foufflin-Ricametz;32;62;0;0;0;0;0;0;0;0;0;0;0;0;0;0;0;0;0;0;0;0;1;0;0;0;2;0;0;0;0;0;0;0;0;0;0;0;0
62349;Fouquereuil;32;62;0;0;0;0;0;0;0;0;0;0;0;0;0;0;0;0;0;0;0;0;1;0;0;0;3;0;2;2;2;0;2;0;0;1;1;0;1
62350;Fouquières-lès-Béthune;32;62;0;0;0;0;0;0;0;0;0;0;0;0;0;0;0;0;0;0;0;0;3;0;0;0;0;0;4;2;1;0;1;0;0;3;1;0;0
62351;Fouquières-lès-Lens;32;62;0;0;0;0;0;0;0;0;0;0;0;0;0;0;0;0;2;1;0;0;3;0;0;2;2;3;0;10;4;1;5;0;0;5;0;0;4
62352;Framecourt;32;62;0;0;0;0;0;0;0;0;0;0;0;0;0;0;0;0;0;0;0;0;0;0;0;0;0;0;0;0;0;0;0;0;0;0;0;0;0
62353;Frémicourt;32;62;0;0;0;0;0;0;0;0;0;0;0;0;0;0;0;0;0;0;0;0;0;0;0;0;1;0;0;0;0;0;0;0;0;0;0;0;0
62354;Frencq;32;62;0;0;0;0;0;0;0;0;0;0;0;0;0;0;0;0;0;0;0;1;0;0;0;0;2;2;0;1;0;0;2;1;0;1;0;0;0
62355;Fresnes-lès-Montauban;32;62;0;0;0;0;0;0;0;0;0;0;0;0;0;0;0;0;0;0;0;0;2;1;0;0;1;1;1;3;4;1;2;0;0;4;1;0;0
62356;Fresnicourt-le-Dolmen;32;62;0;0;0;0;0;0;0;0;0;0;0;0;0;0;0;0;0;0;0;0;0;0;1;0;0;0;3;0;0;0;1;0;0;1;1;0;0
62357;Fresnoy;32;62;0;0;0;0;0;0;0;0;0;0;0;0;0;0;0;0;0;0;0;0;0;0;0;0;0;0;0;0;0;0;0;0;0;0;0;0;0
62358;Fresnoy-en-Gohelle;32;62;0;0;0;0;0;0;0;0;0;0;0;0;0;0;0;0;0;0;0;0;1;0;0;0;0;1;0;0;0;0;0;0;0;0;0;0;0
62359;Fressin;32;62;0;0;0;0;0;0;0;0;0;0;0;0;0;0;0;0;0;0;0;0;0;0;0;0;0;0;1;2;1;1;3;0;0;1;0;0;0
62360;Fréthun;32;62;0;1;0;0;0;0;0;0;0;0;0;0;0;0;0;0;0;1;0;0;3;1;1;0;2;1;2;2;1;0;2;0;0;2;0;0;1
62361;Frévent;32;62;0;1;0;0;0;0;0;0;0;0;1;1;0;0;0;6;2;1;0;0;5;1;0;2;2;4;1;6;0;2;4;4;0;5;0;0;3
62362;Frévillers;32;62;0;0;0;0;0;0;0;0;0;0;0;0;0;0;0;0;0;0;0;0;0;0;0;0;0;0;0;1;0;0;0;0;0;0;0;0;0
62363;Frévin-Capelle;32;62;0;0;0;0;0;0;0;0;0;0;0;0;0;0;0;0;0;0;0;0;1;0;0;0;1;0;1;3;0;1;1;0;0;1;0;0;0
62364;Fruges;32;62;0;1;0;0;0;0;0;0;0;0;1;0;0;0;0;4;2;1;0;0;7;1;0;2;5;2;2;3;2;4;6;7;0;5;1;1;2
62365;Galametz;32;62;0;0;0;0;0;0;0;0;0;0;0;0;0;0;0;0;0;0;0;0;0;0;0;0;0;3;0;1;0;0;1;0;0;0;0;0;0
62366;Gauchin-Légal;32;62;0;0;0;0;0;0;0;0;0;0;0;0;0;0;0;0;0;0;0;0;1;0;0;0;0;0;0;1;1;2;1;0;0;1;0;0;1
62367;Gauchin-Verloingt;32;62;0;0;0;0;0;0;0;0;0;0;0;0;0;0;0;0;0;0;0;0;0;0;0;0;0;2;1;0;1;0;0;0;0;0;0;0;0
62368;Gaudiempré;32;62;0;0;0;0;0;0;0;0;0;0;0;0;0;0;0;0;0;0;0;0;1;0;0;0;0;0;0;0;0;0;0;0;0;0;0;0;0
62369;Gavrelle;32;62;0;0;0;0;0;0;0;0;0;0;0;0;0;0;0;0;0;0;0;0;2;0;0;0;0;0;0;1;4;0;2;0;0;1;1;0;2
62370;Gennes-Ivergny;32;62;0;0;0;0;0;0;0;0;0;0;0;0;0;0;0;0;0;0;0;0;0;0;0;0;0;0;0;0;0;0;0;0;0;0;1;0;0
62371;Givenchy-en-Gohelle;32;62;0;0;0;0;0;0;0;0;0;0;0;0;0;0;0;0;0;0;0;1;1;0;0;0;2;7;1;5;2;1;0;0;0;2;2;0;1
62372;Givenchy-le-Noble;32;62;0;0;0;0;0;0;0;0;0;0;0;0;0;0;0;0;0;0;0;0;1;0;0;0;0;0;0;0;0;1;0;0;0;0;0;0;0
62373;Givenchy-lès-la-Bassée;32;62;0;0;0;0;0;0;0;0;0;0;0;0;0;0;0;0;0;0;0;0;0;0;0;0;1;0;1;1;1;1;0;0;0;0;0;0;0
62374;Gomiécourt;32;62;0;0;0;0;0;0;0;0;0;0;0;0;0;0;0;0;0;0;0;0;0;0;0;0;0;0;0;0;0;0;0;0;0;0;0;0;0
62375;Gommecourt;32;62;0;0;0;0;0;0;0;0;0;0;0;0;0;0;0;0;0;0;0;0;0;0;0;0;0;0;0;1;0;0;0;0;0;0;0;0;0
62376;Gonnehem;32;62;0;0;0;0;0;0;0;0;0;0;0;0;0;0;0;0;0;0;1;0;0;0;0;1;2;1;2;5;1;2;5;0;0;5;1;0;2
62377;Gosnay;32;62;0;0;0;0;0;0;0;0;0;0;0;0;0;0;0;0;0;0;1;0;0;0;0;0;1;0;1;1;2;0;2;0;0;1;0;0;1
62378;Gouves;32;62;0;0;0;0;0;0;0;0;0;0;0;0;0;0;0;0;0;0;0;0;0;0;0;0;2;0;0;0;0;0;0;0;0;0;0;0;0
62379;Gouy-en-Artois;32;62;0;0;0;0;0;0;0;0;0;0;0;0;0;0;0;0;0;0;0;0;0;0;0;0;1;1;1;3;1;0;0;0;0;0;0;0;0
62380;Gouy-Servins;32;62;0;0;0;0;0;0;0;0;0;0;0;0;0;0;0;0;0;0;0;0;0;0;0;0;0;0;0;1;0;0;0;0;0;0;0;0;0
62381;Gouy-en-Ternois;32;62;0;0;0;0;0;0;0;0;0;0;0;0;0;0;0;0;0;0;0;0;0;0;0;0;0;1;0;0;0;0;0;0;0;1;0;0;0
62382;Gouy-Saint-André;32;62;0;0;0;0;0;0;0;0;0;0;0;0;0;0;0;0;0;0;0;0;0;0;0;0;0;1;2;0;0;0;0;0;0;1;0;0;0
62383;Gouy-sous-Bellonne;32;62;0;0;0;0;0;0;0;0;0;0;0;0;0;0;0;0;0;0;0;0;0;0;1;0;1;1;0;0;0;0;3;0;0;2;1;0;0
62384;Graincourt-lès-Havrincourt;32;62;0;0;0;0;0;0;0;0;0;0;0;0;0;0;0;0;0;0;1;0;0;0;0;0;1;1;0;1;0;0;0;0;0;1;1;0;0
62385;Grand-Rullecourt;32;62;0;0;0;0;0;0;0;0;0;0;0;0;0;0;0;0;0;0;0;1;1;0;0;0;0;0;1;0;0;1;1;0;0;1;0;0;0
62386;Grenay;32;62;0;0;0;0;0;0;0;0;0;0;0;0;0;0;0;0;3;1;0;0;5;0;0;1;4;6;3;6;4;2;15;0;0;9;0;0;1
62387;Grévillers;32;62;0;0;0;0;0;0;0;0;0;0;0;0;0;0;0;0;0;0;0;0;0;0;0;0;1;0;0;0;1;0;0;0;0;0;0;0;0
62388;Grigny;32;62;0;0;0;0;0;0;0;0;0;0;0;0;0;0;0;0;0;0;0;0;0;0;0;0;0;0;0;0;1;1;0;0;0;0;0;0;0
62389;Grincourt-lès-Pas;32;62;0;0;0;0;0;0;0;0;0;0;0;0;0;0;0;0;0;0;0;0;0;0;0;0;0;0;0;0;0;0;0;0;0;0;0;0;0
62390;Groffliers;32;62;0;0;0;0;0;0;0;0;0;0;0;0;0;0;0;0;0;0;0;1;2;1;0;0;0;2;1;5;4;5;0;0;0;3;0;0;0
62391;Guarbecque;32;62;0;0;0;0;0;0;0;0;0;0;0;0;0;0;0;0;1;0;0;0;1;0;0;0;1;0;1;2;0;1;2;0;0;1;0;0;0
62392;Guémappe;32;62;0;0;0;0;0;0;0;0;0;0;0;0;0;0;0;0;0;0;0;0;1;0;0;0;0;0;0;0;0;0;0;0;0;1;0;0;0
62393;Guemps;32;62;0;0;0;0;0;0;0;0;0;0;0;0;0;0;0;0;0;0;0;0;1;0;0;0;1;1;0;2;0;0;1;0;0;0;0;0;0
62395;Guigny;32;62;0;0;0;0;0;0;0;0;0;0;0;0;0;0;0;0;0;0;0;0;0;0;0;0;0;0;0;0;0;0;0;0;0;0;0;0;0
62396;Guinecourt;32;62;0;0;0;0;0;0;0;0;0;0;0;0;0;0;0;0;0;0;0;0;0;0;0;0;0;0;0;0;0;0;0;0;0;0;0;0;0
62397;Guînes;32;62;0;1;0;0;0;0;0;0;0;0;1;0;0;0;0;3;1;1;0;0;5;2;0;2;2;7;4;9;7;4;12;0;0;6;2;0;3
62398;Guisy;32;62;0;0;0;0;0;0;0;0;0;0;0;0;0;0;0;0;0;0;0;0;0;0;0;0;0;1;0;0;0;0;0;0;0;0;0;0;0
62399;Habarcq;32;62;0;0;0;0;0;0;0;0;0;0;0;0;0;0;0;0;0;0;0;1;2;0;0;0;0;0;0;3;2;0;1;0;0;1;0;0;1
62400;Haillicourt;32;62;0;0;0;0;0;0;0;0;0;0;0;0;0;0;0;0;2;1;0;0;8;1;0;2;4;6;2;5;5;5;10;0;0;4;4;0;5
62401;Haisnes;32;62;0;0;0;0;0;0;0;0;0;0;0;1;0;0;0;1;1;1;0;0;6;0;0;1;1;2;2;3;5;2;4;0;0;3;0;0;0
62402;Halinghen;32;62;0;0;0;0;0;0;0;0;0;0;0;0;0;0;0;0;0;0;0;0;0;0;0;0;0;0;1;1;0;0;0;0;0;0;1;0;0
62403;Hallines;32;62;0;0;0;0;0;0;0;0;0;0;0;0;0;0;0;0;0;0;0;0;1;0;0;0;1;0;0;3;0;1;2;0;0;0;0;0;0
62404;Halloy;32;62;0;0;0;0;0;0;0;0;0;0;0;0;0;0;0;0;0;0;0;0;0;0;0;0;0;0;0;0;0;0;0;0;0;1;0;0;0
62405;Hamblain-les-Prés;32;62;0;0;0;0;0;0;0;0;0;0;0;0;0;0;0;0;0;0;0;0;0;0;0;0;0;1;0;1;1;0;0;0;0;0;0;0;0
62406;Hamelincourt;32;62;0;0;0;0;0;0;0;0;0;0;0;0;0;0;0;0;0;0;0;0;0;0;0;0;0;0;0;1;0;0;0;0;0;0;0;0;0
62407;Ham-en-Artois;32;62;0;0;0;0;0;0;0;0;0;0;0;0;0;0;0;0;0;0;0;0;1;0;0;0;0;2;1;1;2;0;0;0;0;0;0;0;0
62408;Hames-Boucres;32;62;0;0;0;0;0;0;0;0;0;0;0;0;0;0;0;0;0;0;0;0;1;0;0;0;2;3;2;0;1;0;0;1;0;1;0;0;2
62409;Hannescamps;32;62;0;0;0;0;0;0;0;0;0;0;0;0;0;0;0;0;0;0;0;0;1;0;0;0;1;0;0;1;1;1;1;0;0;0;0;0;0
62410;Haplincourt;32;62;0;0;0;0;0;0;0;0;0;0;0;0;0;0;0;0;0;0;0;0;0;0;0;0;0;0;0;0;1;0;0;0;0;0;1;1;0
62411;Haravesnes;32;62;0;0;0;0;0;0;0;0;0;0;0;0;0;0;0;0;0;0;0;0;1;0;0;0;0;0;0;0;0;0;0;0;0;0;0;0;0
62412;Hardinghen;32;62;0;0;0;0;0;0;0;0;0;0;0;0;0;0;0;1;0;1;0;0;0;0;0;0;1;0;2;2;2;1;2;0;0;2;0;0;1
62413;Harnes;32;62;0;0;0;0;0;0;0;0;0;0;0;0;0;0;0;4;5;1;0;0;12;1;0;3;7;10;8;12;14;6;15;2;2;11;4;1;5
62414;Haucourt;32;62;0;0;0;0;0;0;0;0;0;0;0;0;0;0;0;0;0;0;0;0;0;0;0;0;1;1;1;0;0;0;0;0;0;0;0;0;1
62415;Haute-Avesnes;32;62;0;0;0;0;0;0;0;0;0;0;0;0;0;0;0;0;0;0;0;0;2;0;0;0;1;0;2;1;1;1;2;0;0;1;0;0;0
62416;Hautecloque;32;62;0;0;0;0;0;0;0;0;0;0;0;0;0;0;0;0;0;0;0;0;0;0;0;0;0;0;0;2;2;0;0;0;0;0;0;0;0
62418;Hauteville;32;62;0;0;0;0;0;0;0;0;0;0;0;0;0;0;0;0;0;0;0;0;1;0;0;0;0;0;0;1;1;0;0;0;0;0;0;0;1
62419;Haut-Loquin;32;62;0;0;0;0;0;0;0;0;0;0;0;0;0;0;0;0;0;0;0;0;1;0;0;0;0;0;0;0;0;0;0;0;0;0;0;0;0
62421;Havrincourt;32;62;0;0;0;0;0;0;0;0;0;0;0;0;0;0;0;0;0;0;1;0;1;0;0;0;0;0;2;0;0;0;0;0;0;1;0;0;0
62422;Hébuterne;32;62;0;0;0;0;0;0;0;0;0;0;0;0;0;0;0;0;0;0;0;0;0;0;0;0;0;0;0;2;2;1;1;0;0;1;1;0;0
62423;Helfaut;32;62;0;0;0;0;0;0;0;0;0;0;0;0;0;0;0;0;0;0;0;0;1;0;0;0;0;1;2;2;0;0;2;0;0;1;0;0;0
62424;Hendecourt-lès-Cagnicourt;32;62;0;0;0;0;0;0;0;0;0;0;0;0;0;0;0;0;0;0;0;0;0;0;0;0;0;0;0;1;0;0;0;0;0;0;1;0;0
62425;Hendecourt-lès-Ransart;32;62;0;0;0;0;0;0;0;0;0;0;0;0;0;0;0;0;0;0;0;0;0;0;0;0;1;1;0;0;0;0;0;0;0;0;0;0;0
62426;Héninel;32;62;0;0;0;0;0;0;0;0;0;0;0;0;0;0;0;0;0;0;0;0;0;0;0;0;0;0;0;1;0;1;0;0;0;0;0;0;0
62427;Hénin-Beaumont;32;62;1;0;0;0;0;0;0;0;0;0;2;1;0;0;1;14;5;3;0;0;34;3;4;6;12;25;10;31;22;21;40;4;13;65;14;2;12
62428;Hénin-sur-Cojeul;32;62;0;0;0;0;0;0;0;0;0;0;0;0;0;0;0;0;0;0;0;0;2;0;0;0;0;0;0;0;0;0;0;0;0;0;0;0;1
62429;Henneveux;32;62;0;0;0;0;0;0;0;0;0;0;0;0;0;0;0;0;0;0;0;0;0;0;0;0;1;1;3;0;1;1;0;0;0;0;0;0;0
62430;Hénu;32;62;0;0;0;0;0;0;0;0;0;0;0;0;0;0;0;0;0;0;0;0;0;0;0;0;0;0;0;0;0;0;0;0;0;1;0;0;0
62431;Herbelles;32;62;0;0;0;0;0;0;0;0;0;0;0;0;0;0;0;0;0;0;0;0;0;0;0;0;1;0;0;1;0;0;1;0;0;1;0;0;0
62432;Herbinghen;32;62;0;0;0;0;0;0;0;0;0;0;0;0;0;0;0;0;0;0;0;0;1;0;0;0;0;0;1;1;0;1;0;0;0;1;1;0;0
62433;Héricourt;32;62;0;0;0;0;0;0;0;0;0;0;0;0;0;0;0;0;0;0;0;0;0;0;0;0;0;0;0;0;0;0;0;0;0;0;0;0;0
62434;La Herlière;32;62;0;0;0;0;0;0;0;0;0;0;0;0;0;0;0;0;0;0;0;0;0;0;0;0;0;0;0;1;1;0;0;0;0;0;0;0;0
62435;Herlincourt;32;62;0;0;0;0;0;0;0;0;0;0;0;0;0;0;0;0;0;0;0;0;0;0;0;0;0;0;1;1;0;0;0;0;0;0;0;0;0
62436;Herlin-le-Sec;32;62;0;0;0;0;0;0;0;0;0;0;0;0;0;0;0;0;0;0;0;0;0;0;0;0;0;1;0;0;0;0;0;0;0;0;0;0;0
62437;Herly;32;62;0;0;0;0;0;0;0;0;0;0;0;0;0;0;0;0;0;0;0;0;0;0;0;0;0;1;3;0;1;0;0;0;0;0;0;0;0
62438;Hermaville;32;62;0;0;0;0;0;0;0;0;0;0;0;0;0;0;0;0;0;0;0;0;1;0;0;0;3;1;1;3;1;0;1;0;0;1;0;0;1
62439;Hermelinghen;32;62;0;0;0;0;0;0;0;0;0;0;0;0;0;0;0;0;0;0;0;0;0;0;0;0;0;0;1;0;0;0;0;0;0;0;0;0;0
62440;Hermies;32;62;0;0;0;0;0;0;0;0;0;0;0;0;0;0;0;2;0;1;0;0;1;0;0;1;1;0;0;3;0;0;1;0;0;1;0;0;1
62441;Hermin;32;62;0;0;0;0;0;0;0;0;0;0;0;0;0;0;0;0;0;0;0;0;0;0;0;0;0;0;0;0;1;0;0;0;0;0;0;0;0
62442;Hernicourt;32;62;0;0;0;0;0;0;0;0;0;0;0;0;0;0;0;0;0;0;0;0;0;0;0;0;1;0;0;1;2;0;1;0;0;0;0;0;0
62443;Hersin-Coupigny;32;62;0;1;0;0;0;0;0;0;0;0;1;0;0;0;0;1;1;1;0;0;6;1;0;2;1;4;7;7;6;2;10;0;0;4;2;0;1
62444;Hervelinghen;32;62;0;0;0;0;0;0;0;0;0;0;0;0;0;0;0;0;0;0;0;0;0;0;0;0;0;0;0;2;0;1;0;0;0;0;0;0;0
62445;Hesdigneul-lès-Béthune;32;62;0;0;0;0;0;0;0;0;0;0;0;0;0;0;0;0;0;1;0;0;1;0;0;0;2;0;0;3;0;0;1;0;0;2;0;0;1
62446;Hesdigneul-lès-Boulogne;32;62;0;0;0;0;0;0;0;0;0;0;0;0;0;0;0;0;0;0;0;1;1;0;0;0;0;0;0;1;1;0;2;0;0;2;0;0;0
62447;Hesdin;32;62;0;1;0;0;0;0;0;0;0;0;1;1;0;0;0;9;3;1;0;0;3;1;0;3;0;1;0;2;2;0;12;1;1;15;7;3;2
62448;Hesdin-l'Abbé;32;62;0;0;0;0;0;0;0;0;0;0;0;0;0;0;0;0;0;0;0;0;0;1;0;1;4;1;4;1;2;1;3;0;1;2;1;0;0
62449;Hesmond;32;62;0;0;0;0;0;0;0;0;0;0;0;0;0;0;0;0;0;0;0;0;0;0;0;0;1;0;0;2;0;0;0;0;0;0;0;0;0
62450;Hestrus;32;62;0;0;0;0;0;0;0;0;0;0;0;0;0;0;0;0;0;0;0;0;1;0;0;0;0;0;0;1;1;0;0;0;0;0;1;0;0
62451;Heuchin;32;62;0;1;0;0;0;0;0;0;0;0;0;0;0;0;0;0;0;0;0;1;1;0;0;0;0;0;0;1;0;0;1;0;0;1;0;0;1
62452;Heuringhem;32;62;0;0;0;0;0;0;0;0;0;0;0;0;0;0;0;0;0;0;0;0;1;0;0;0;3;1;0;2;1;0;3;0;0;1;0;0;0
62453;Hézecques;32;62;0;0;0;0;0;0;0;0;0;0;0;0;0;0;0;0;0;0;0;0;0;0;0;0;0;0;0;0;0;0;0;0;0;0;0;0;0
62454;Hinges;32;62;0;0;0;0;0;0;0;0;0;0;0;0;0;0;0;0;0;0;0;0;1;0;0;1;1;2;2;8;4;4;5;0;0;2;1;0;3
62455;Hocquinghen;32;62;0;0;0;0;0;0;0;0;0;0;0;0;0;0;0;0;0;0;0;0;0;0;0;0;0;0;0;0;0;0;0;0;0;0;0;0;0
62456;Houchin;32;62;0;0;0;0;0;0;0;0;0;0;0;0;0;0;0;0;0;0;0;0;0;0;0;0;1;3;0;2;3;0;0;0;0;0;0;0;0
62457;Houdain;32;62;0;1;0;0;0;0;0;0;0;0;0;0;0;0;0;3;2;1;0;0;5;0;0;1;1;5;2;6;3;4;12;1;0;4;1;0;3
62458;Houlle;32;62;0;0;0;0;0;0;0;0;0;0;0;0;0;0;0;0;0;0;0;0;1;0;0;0;2;0;4;0;1;0;0;0;0;4;0;0;0
62459;Houvin-Houvigneul;32;62;0;0;0;0;0;0;0;0;0;0;0;0;0;0;0;0;0;0;0;0;0;0;0;0;0;0;0;0;0;0;0;0;0;0;0;0;0
62460;Hubersent;32;62;0;0;0;0;0;0;0;0;0;0;0;0;0;0;0;0;0;0;0;0;0;0;0;0;0;0;1;0;0;1;0;0;0;0;0;0;0
62461;Huby-Saint-Leu;32;62;0;0;0;0;0;0;0;0;0;0;0;0;0;0;0;0;0;0;0;0;0;0;0;0;1;0;0;0;0;0;0;0;0;2;0;0;0
62462;Huclier;32;62;0;0;0;0;0;0;0;0;0;0;0;0;0;0;0;0;0;0;0;0;0;0;0;0;0;0;0;0;1;0;0;0;0;0;0;0;0
62463;Hucqueliers;32;62;0;1;0;0;0;0;0;0;0;0;1;0;0;0;0;2;0;1;0;0;1;0;0;1;0;1;1;0;0;0;2;2;0;1;0;0;1
62464;Hulluch;32;62;0;0;0;0;0;0;0;0;0;0;0;0;0;0;0;0;1;1;0;0;4;0;0;1;2;1;2;2;1;2;6;0;0;4;0;0;1
62465;Humbercamps;32;62;0;0;0;0;0;0;0;0;0;0;0;0;0;0;0;0;0;0;0;0;0;0;0;0;0;0;0;0;0;0;0;0;0;0;0;0;0
62466;Humbert;32;62;0;0;0;0;0;0;0;0;0;0;0;0;0;0;0;0;0;0;0;0;0;0;0;0;2;0;1;0;1;1;0;0;0;0;0;0;0
62467;Humeroeuille;32;62;0;0;0;0;0;0;0;0;0;0;0;0;0;0;0;0;0;0;0;0;0;0;0;0;0;0;1;0;0;0;0;0;0;0;0;0;0
62468;Humières;32;62;0;0;0;0;0;0;0;0;0;0;0;0;0;0;0;0;0;0;0;0;3;0;0;0;0;0;0;0;1;0;0;0;0;3;0;0;0
62469;Inchy-en-Artois;32;62;0;0;0;0;0;0;0;0;0;0;0;0;0;0;0;0;0;0;0;1;1;0;0;0;1;0;0;1;1;0;1;2;0;2;0;0;0
62470;Incourt;32;62;0;0;0;0;0;0;0;0;0;0;0;0;0;0;0;0;0;0;0;0;0;0;0;0;0;0;0;0;0;0;0;0;0;0;0;0;0
62471;Inghem;32;62;0;0;0;0;0;0;0;0;0;0;0;0;0;0;0;0;0;0;0;0;2;0;0;0;0;0;0;2;0;0;0;0;0;1;0;0;0
62472;Inxent;32;62;0;0;0;0;0;0;0;0;0;0;0;0;0;0;0;0;0;0;0;0;0;0;0;0;0;0;0;1;0;0;0;0;0;1;0;0;0
62473;Isbergues;32;62;0;1;0;0;0;0;0;0;0;0;1;0;0;0;0;5;2;1;0;0;7;0;0;2;3;5;5;8;5;3;13;0;0;8;1;1;4
62474;Isques;32;62;0;0;0;0;0;0;0;0;0;0;0;0;0;0;0;0;1;0;0;0;0;0;0;0;1;2;1;0;0;1;2;0;0;0;1;0;0
62475;Ivergny;32;62;0;0;0;0;0;0;0;0;0;0;0;0;0;0;0;0;0;0;1;0;0;0;0;0;0;0;0;0;0;0;0;0;0;0;0;0;0
62476;Izel-lès-Équerchin;32;62;0;0;0;0;0;0;0;0;0;0;0;0;0;0;0;0;0;0;0;0;0;0;0;0;1;0;0;2;1;0;0;0;0;4;0;0;0
62477;Izel-lès-Hameau;32;62;0;0;0;0;0;0;0;0;0;0;0;0;0;0;0;0;0;0;0;0;1;0;0;0;1;0;3;0;1;1;2;0;0;1;0;0;0
62478;Journy;32;62;0;0;0;0;0;0;0;0;0;0;0;0;0;0;0;0;0;0;0;0;0;0;0;1;0;0;0;1;0;0;0;0;0;0;0;0;0
62479;Labeuvrière;32;62;0;0;0;0;0;0;0;0;0;0;0;0;0;0;0;0;0;0;0;0;4;0;0;0;2;3;0;2;3;1;2;0;0;1;0;0;1
62480;Labourse;32;62;0;0;0;0;0;0;0;0;0;0;0;0;0;0;0;0;0;1;0;0;2;1;0;0;4;2;4;1;0;1;5;0;0;1;1;0;1
62481;Labroye;32;62;0;0;0;0;0;0;0;0;0;0;0;0;0;0;0;0;0;0;0;0;0;0;0;0;0;0;0;0;0;0;0;0;0;2;0;0;0
62483;Lacres;32;62;0;0;0;0;0;0;0;0;0;0;0;0;0;0;0;0;0;0;0;0;0;0;0;0;1;0;0;1;0;1;0;0;0;0;1;0;0
62484;Lagnicourt-Marcel;32;62;0;0;0;0;0;0;0;0;0;0;0;0;0;0;0;0;0;0;0;0;1;0;0;0;0;0;0;1;0;0;1;0;0;0;0;0;1
62485;Laires;32;62;0;0;0;0;0;0;0;0;0;0;0;0;0;0;0;0;0;0;0;0;0;0;0;0;1;0;1;0;0;1;0;0;0;0;0;0;0
62486;Lambres;32;62;0;0;0;0;0;0;0;0;0;0;0;0;0;0;0;0;0;0;0;0;2;0;0;0;0;1;0;2;1;0;2;0;0;3;0;0;1
62487;Landrethun-le-Nord;32;62;0;0;0;0;0;0;0;0;0;0;0;0;0;0;0;0;0;0;0;0;3;0;0;0;0;2;1;0;1;0;3;0;0;0;1;0;0
62488;Landrethun-lès-Ardres;32;62;0;0;0;0;0;0;0;0;0;0;0;0;0;0;0;0;0;0;0;0;0;0;0;0;4;0;0;1;1;1;1;0;0;1;0;0;1
62489;Lapugnoy;32;62;0;0;0;0;0;0;0;0;0;0;0;0;0;0;0;0;3;1;0;0;1;0;0;1;1;1;3;1;6;1;6;0;0;2;1;0;1
62490;Lattre-Saint-Quentin;32;62;0;0;0;0;0;0;0;0;0;0;0;0;0;0;0;0;0;0;0;0;0;0;0;0;1;0;2;0;0;0;0;0;0;1;0;0;0
62491;Laventie;32;62;0;1;0;0;0;0;0;0;0;0;1;0;0;0;0;3;3;1;0;0;5;1;0;2;0;4;3;6;2;5;5;2;0;8;4;1;3
62492;Lebiez;32;62;0;0;0;0;0;0;0;0;0;0;0;0;0;0;0;0;1;0;0;0;1;0;0;0;1;0;1;0;0;0;0;0;0;1;0;0;0
62493;Lebucquière;32;62;0;0;0;0;0;0;0;0;0;0;0;0;0;0;0;0;0;0;0;0;0;0;0;0;0;0;1;0;0;1;0;0;0;0;0;0;0
62494;Léchelle;32;62;0;0;0;0;0;0;0;0;0;0;0;0;0;0;0;0;0;0;0;0;0;0;0;0;0;0;0;0;0;0;0;0;0;0;0;0;0
62495;Ledinghem;32;62;0;0;0;0;0;0;0;0;0;0;0;0;0;0;0;0;0;0;0;0;0;0;0;0;0;0;1;1;0;0;1;0;0;2;0;0;0
62496;Lefaux;32;62;0;0;0;0;0;0;0;0;0;0;0;0;0;0;0;0;0;0;0;0;0;0;0;0;0;0;0;0;1;0;1;0;0;0;0;0;0
62497;Leforest;32;62;0;0;0;0;0;0;0;0;0;0;0;0;0;0;0;2;1;1;0;0;6;1;0;3;2;6;1;7;3;3;10;2;0;9;2;0;8
62498;Lens;32;62;2;0;0;0;1;1;0;1;0;0;5;2;0;1;0;24;6;3;0;0;31;4;7;17;27;33;29;29;32;27;53;8;23;140;38;5;26
62499;Lépine;32;62;0;0;0;0;0;0;0;0;0;0;0;0;0;0;0;0;0;0;0;0;1;0;0;0;0;0;0;1;0;0;1;0;0;0;0;0;0
62500;Lespesses;32;62;0;0;0;0;0;0;0;0;0;0;0;0;0;0;0;0;0;0;0;0;0;0;0;0;1;0;1;0;0;0;0;0;0;1;0;0;0
62501;Lespinoy;32;62;0;0;0;0;0;0;0;0;0;0;0;0;0;0;0;0;0;0;0;0;0;0;0;0;0;0;0;1;0;0;2;0;0;0;0;0;0
62502;Lestrem;32;62;0;0;0;0;0;0;0;0;0;0;0;0;0;0;0;1;3;1;0;0;6;1;0;3;0;5;4;9;1;3;7;0;0;10;2;0;4
62503;Leubringhen;32;62;0;0;0;0;0;0;0;0;0;0;0;0;0;0;0;0;0;0;0;0;1;0;0;0;0;0;2;0;0;0;0;0;0;0;1;0;0
62504;Leulinghem;32;62;0;0;0;0;0;0;0;0;0;0;0;0;0;0;0;0;0;0;0;0;0;0;0;0;1;1;1;0;1;1;0;0;0;1;0;0;0
62505;Leulinghen-Bernes;32;62;0;0;0;0;0;0;0;0;0;0;0;0;0;0;0;0;0;0;0;0;0;0;0;0;0;0;0;3;0;0;0;0;0;2;0;0;0
62506;Licques;32;62;0;0;0;0;0;0;0;0;0;0;0;0;0;0;0;1;0;1;0;0;5;0;0;2;1;0;4;0;1;1;8;1;0;2;0;0;1
62507;Liencourt;32;62;0;0;0;0;0;0;0;0;0;0;0;0;0;0;0;0;0;0;0;0;1;0;0;0;0;0;0;0;1;0;0;0;0;1;0;0;0
62508;Lières;32;62;0;0;0;0;0;0;0;0;0;0;0;0;0;0;0;0;0;0;0;0;1;0;0;0;2;0;0;2;0;0;1;0;0;0;0;0;0
62509;Liettres;32;62;0;0;0;0;0;0;0;0;0;0;0;0;0;0;0;0;0;0;0;0;1;0;0;0;0;0;0;0;0;0;0;0;0;0;0;0;0
62510;Liévin;32;62;1;0;0;0;0;0;0;0;0;0;1;1;0;0;0;10;5;2;0;0;30;2;2;7;8;27;16;26;15;21;48;4;2;67;13;3;18
62511;Lignereuil;32;62;0;0;0;0;0;0;0;0;0;0;0;0;0;0;0;0;0;0;0;0;0;0;0;0;0;0;0;0;0;0;0;0;0;0;0;0;0
62512;Ligny-lès-Aire;32;62;0;0;0;0;0;0;0;0;0;0;0;0;0;0;0;0;0;0;0;0;2;0;0;0;1;0;2;0;0;0;2;0;0;0;0;0;0
62513;Ligny-sur-Canche;32;62;0;0;0;0;0;0;0;0;0;0;0;0;0;0;0;0;0;0;0;0;1;0;0;0;1;0;0;0;0;0;0;0;0;0;0;0;0
62514;Ligny-Saint-Flochel;32;62;0;0;0;0;0;0;0;0;0;0;0;0;0;0;0;0;0;0;0;0;1;0;0;0;0;4;1;1;0;1;0;0;0;0;0;0;0
62515;Ligny-Thilloy;32;62;0;0;0;0;0;0;0;0;0;0;0;0;0;0;0;0;0;0;0;0;0;0;0;0;0;0;0;0;1;0;0;0;0;0;0;0;0
62516;Lillers;32;62;1;1;0;0;0;0;0;0;0;0;2;1;0;0;0;8;4;1;0;0;14;2;0;4;4;9;9;10;6;10;22;2;0;15;5;2;8
62517;Linghem;32;62;0;0;0;0;0;0;0;0;0;0;0;0;0;0;0;0;0;0;0;0;0;0;0;0;0;0;0;1;0;0;1;0;0;0;0;0;0
62518;Linzeux;32;62;0;0;0;0;0;0;0;0;0;0;0;0;0;0;0;0;0;0;0;0;0;0;0;0;0;0;0;1;0;0;0;0;0;0;0;0;0
62519;Lisbourg;32;62;0;0;0;0;0;0;0;0;0;0;0;0;0;0;0;0;0;0;0;0;0;0;0;0;0;1;0;0;2;0;0;0;0;0;0;0;0
62520;Locon;32;62;0;0;0;0;0;0;0;0;0;0;0;0;0;0;0;0;0;0;0;0;3;0;0;0;1;1;2;4;2;4;4;0;0;1;0;0;1
62521;La Loge;32;62;0;0;0;0;0;0;0;0;0;0;0;0;0;0;0;0;0;0;0;0;0;0;0;0;1;0;0;0;1;0;0;0;0;1;0;0;0
62522;Loison-sur-Créquoise;32;62;0;0;0;0;0;0;0;0;0;0;0;0;0;0;0;0;0;0;0;0;1;0;0;0;0;0;1;0;0;0;0;0;0;0;0;0;0
62523;Loison-sous-Lens;32;62;0;0;0;0;0;0;0;0;0;0;0;0;0;0;0;1;2;1;0;0;7;0;2;1;4;14;6;7;4;6;8;0;1;10;1;0;7
62524;Longfossé;32;62;0;0;0;0;0;0;0;0;0;0;0;0;0;0;0;0;1;0;0;0;3;1;0;0;3;1;5;2;1;0;3;0;0;2;0;0;1
62525;Longuenesse;32;62;0;1;0;0;0;0;0;0;0;0;4;1;0;0;0;2;2;1;0;0;7;0;0;3;10;11;7;9;9;11;17;3;2;14;2;2;6
62526;Longueville;32;62;0;0;0;0;0;0;0;0;0;0;0;0;0;0;0;0;0;0;0;0;0;0;0;0;0;0;0;0;0;0;0;0;0;0;0;0;0
62527;Longvilliers;32;62;0;0;0;0;0;0;0;0;0;0;0;0;0;0;0;0;1;0;0;0;1;0;0;0;0;0;0;0;0;0;0;0;0;0;0;0;0
62528;Loos-en-Gohelle;32;62;0;0;0;0;0;0;0;0;0;0;0;0;0;0;0;2;4;1;0;0;12;1;0;2;4;6;5;10;3;8;7;1;0;7;1;0;4
62529;Lorgies;32;62;0;0;0;0;0;0;0;0;0;0;0;0;0;0;0;0;2;0;0;0;2;0;0;0;3;7;4;1;2;1;1;0;0;1;1;0;1
62530;Lottinghen;32;62;0;0;0;0;0;0;0;0;0;0;0;0;0;0;0;0;0;0;0;0;0;0;0;0;1;0;2;1;0;0;1;0;0;1;0;0;0
62531;Louches;32;62;0;0;0;0;0;0;0;0;0;0;0;0;0;0;0;0;0;0;0;0;0;0;0;0;3;0;0;0;1;1;2;0;0;1;0;0;1
62532;Lozinghem;32;62;0;0;0;0;0;0;0;0;0;0;0;0;0;0;0;0;0;0;0;0;1;0;0;0;1;0;0;0;0;1;2;0;0;0;0;0;1
62533;Lugy;32;62;0;0;0;0;0;0;0;0;0;0;0;0;0;0;0;0;0;0;0;0;0;0;0;0;0;0;0;0;0;0;1;0;0;1;0;0;0
62534;Lumbres;32;62;0;1;0;0;0;0;0;0;0;0;1;0;0;0;0;5;4;1;0;0;6;1;0;4;3;3;4;2;2;2;7;2;0;7;4;1;1
62535;La Madelaine-sous-Montreuil;32;62;0;0;0;0;0;0;0;0;0;0;0;0;0;0;0;0;0;0;0;0;0;0;0;0;0;1;1;0;0;0;0;0;0;2;0;0;0
62536;Magnicourt-en-Comte;32;62;0;0;0;0;0;0;0;0;0;0;0;0;0;0;0;0;0;0;0;0;2;0;0;0;2;0;0;0;0;0;2;0;0;0;0;0;0
62537;Magnicourt-sur-Canche;32;62;0;0;0;0;0;0;0;0;0;0;0;0;0;0;0;0;0;0;0;0;1;0;0;0;0;0;0;0;0;0;0;0;0;0;0;0;0
62538;Maintenay;32;62;0;0;0;0;0;0;0;0;0;0;0;0;0;0;0;0;0;0;0;0;0;0;0;0;2;0;1;0;0;0;0;0;0;1;0;0;1
62539;Maisnil;32;62;0;0;0;0;0;0;0;0;0;0;0;0;0;0;0;0;0;0;0;0;0;0;0;0;2;1;1;0;1;0;0;0;0;0;0;0;0
62540;Maisnil-lès-Ruitz;32;62;0;0;0;0;0;0;0;0;0;0;0;0;0;0;0;0;0;0;0;0;1;0;0;0;0;2;1;2;0;0;5;0;0;0;0;0;1
62541;Maisoncelle;32;62;0;0;0;0;0;0;0;0;0;0;0;0;0;0;0;0;0;0;0;0;0;0;0;0;0;0;0;2;0;0;0;0;0;0;0;0;0
62542;Maizières;32;62;0;0;0;0;0;0;0;0;0;0;0;0;0;0;0;0;0;0;1;0;0;0;0;0;0;0;2;1;0;0;0;0;0;0;0;0;0
62543;Mametz;32;62;0;0;0;0;0;0;0;0;0;0;0;0;0;0;0;0;0;0;0;1;3;0;0;1;1;0;0;2;1;1;2;0;0;2;0;0;1
62544;Manin;32;62;0;0;0;0;0;0;0;0;0;0;0;0;0;0;0;0;0;0;0;0;0;0;0;0;0;0;0;0;0;0;0;0;0;0;0;0;0
62545;Maninghem;32;62;0;0;0;0;0;0;0;0;0;0;0;0;0;0;0;0;0;0;0;0;0;0;0;0;0;0;2;1;0;2;1;0;0;2;0;0;0
62546;Maninghen-Henne;32;62;0;0;0;0;0;0;0;0;0;0;0;0;0;0;0;0;0;0;0;0;0;0;0;0;1;0;2;0;1;0;0;0;0;0;0;0;0
62547;Marant;32;62;0;0;0;0;0;0;0;0;0;0;0;0;0;0;0;0;0;0;0;0;0;0;0;0;0;0;0;0;0;0;0;0;0;0;0;0;0
62548;Marck;32;62;0;0;0;0;0;0;0;0;0;0;0;0;0;0;0;4;1;1;0;0;11;1;0;5;1;10;5;8;3;8;14;1;0;16;1;1;6
62549;Marconne;32;62;0;0;0;0;0;0;0;0;0;0;0;0;0;0;0;0;0;0;0;0;2;0;0;0;0;1;2;1;2;0;0;3;0;1;0;0;3
62550;Marconnelle;32;62;0;0;0;0;0;0;0;0;0;0;0;0;0;0;0;0;0;0;0;0;5;0;0;0;0;1;2;0;1;1;1;0;0;2;0;0;0
62551;Marenla;32;62;0;0;0;0;0;0;0;0;0;0;0;0;0;0;0;0;0;0;0;0;0;0;0;0;0;0;1;0;0;0;0;0;0;0;0;0;0
62552;Maresquel-Ecquemicourt;32;62;0;0;0;0;0;0;0;0;0;0;0;0;0;0;0;0;0;1;0;0;1;0;0;0;1;1;0;2;0;0;6;0;0;1;0;0;0
62553;Marest;32;62;0;0;0;0;0;0;0;0;0;0;0;0;0;0;0;0;0;0;0;0;0;0;0;0;2;1;0;1;1;0;0;0;0;1;0;0;0
62554;Maresville;32;62;0;0;0;0;0;0;0;0;0;0;0;0;0;0;0;0;0;0;0;0;0;0;0;0;0;0;1;0;0;0;0;0;0;0;0;0;0
62555;Marles-les-Mines;32;62;1;0;0;0;0;0;0;0;0;0;0;0;0;0;0;1;1;1;0;0;4;0;0;1;2;2;3;4;6;1;11;1;0;5;1;0;0
62556;Marles-sur-Canche;32;62;0;0;0;0;0;0;0;0;0;0;0;0;0;0;0;0;0;0;0;0;0;0;0;0;0;0;0;0;1;0;0;0;0;0;1;0;0
62557;Maroeuil;32;62;0;0;0;0;0;0;0;0;0;0;0;0;0;0;0;0;0;1;0;0;3;0;0;2;1;2;3;3;4;0;3;0;0;2;2;0;2
62558;Marquay;32;62;0;0;0;0;0;0;0;0;0;0;0;0;0;0;0;0;0;0;0;0;0;0;0;0;0;0;0;0;0;0;0;0;0;0;0;0;0
62559;Marquion;32;62;0;1;0;0;0;0;0;0;0;0;1;0;0;0;0;2;1;1;0;0;1;1;0;1;1;1;1;3;1;0;2;0;0;3;4;0;1
62560;Marquise;32;62;0;1;0;0;0;0;0;0;0;0;1;0;0;0;0;5;1;1;0;0;7;1;0;3;3;2;7;8;7;0;12;6;0;8;8;1;3
62561;Martinpuich;32;62;0;0;0;0;0;0;0;0;0;0;0;0;0;0;0;0;0;0;0;0;1;0;0;0;0;0;0;0;0;0;1;0;0;0;0;0;1
62562;Matringhem;32;62;0;0;0;0;0;0;0;0;0;0;0;0;0;0;0;0;0;0;0;0;0;0;0;0;1;0;0;0;0;0;0;0;0;1;0;0;0
62563;Mazingarbe;32;62;0;0;0;0;0;0;0;0;0;0;0;0;0;0;0;2;1;1;0;1;6;1;0;1;6;8;2;10;5;6;14;0;0;10;2;0;3
62564;Mazinghem;32;62;0;0;0;0;0;0;0;0;0;0;0;0;0;0;0;0;0;0;0;0;0;0;0;0;2;3;0;1;0;0;0;0;0;1;1;0;0
62565;Mencas;32;62;0;0;0;0;0;0;0;0;0;0;0;0;0;0;0;0;0;0;0;0;0;0;0;0;0;0;0;0;0;0;0;0;0;0;0;0;0
62566;Menneville;32;62;0;0;0;0;0;0;0;0;0;0;0;0;0;0;0;0;0;0;0;0;0;0;0;0;1;0;3;0;2;0;0;0;0;0;2;0;0
62567;Mentque-Nortbécourt;32;62;0;0;0;0;0;0;0;0;0;0;0;0;0;0;0;0;0;0;0;0;1;0;0;0;1;0;0;0;0;1;0;0;0;0;0;0;0
62568;Mercatel;32;62;0;0;0;0;0;0;0;0;0;0;0;0;0;0;0;0;0;0;0;0;2;0;0;0;1;2;0;4;1;0;1;0;0;1;0;0;1
62569;Merck-Saint-Liévin;32;62;0;0;0;0;0;0;0;0;0;0;0;0;0;0;0;0;0;0;0;0;1;0;0;0;0;1;3;2;0;0;1;0;0;1;0;0;0
62570;Méricourt;32;62;0;0;0;0;0;0;0;0;0;0;0;0;0;0;0;2;2;1;0;0;8;1;0;4;3;5;6;8;5;5;16;0;0;8;2;1;4
62571;Merlimont;32;62;0;1;0;0;0;0;0;0;0;0;0;0;0;0;0;0;1;2;0;0;4;1;0;0;1;2;6;12;8;1;2;0;0;14;8;0;2
62572;Metz-en-Couture;32;62;0;0;0;0;0;0;0;0;0;0;0;0;0;0;0;0;0;1;0;0;1;0;0;0;0;1;0;1;0;0;1;0;0;0;0;0;0
62573;Meurchin;32;62;0;0;0;0;0;0;0;0;0;0;0;0;0;0;0;0;0;1;0;0;0;0;0;1;2;3;0;4;3;4;4;0;0;3;0;1;2
62574;Mingoval;32;62;0;0;0;0;0;0;0;0;0;0;0;0;0;0;0;0;0;0;0;0;0;0;0;0;0;0;0;0;0;0;0;0;0;0;0;0;0
62576;Moncheaux-lès-Frévent;32;62;0;0;0;0;0;0;0;0;0;0;0;0;0;0;0;0;0;0;0;0;0;0;0;0;0;0;0;0;0;0;0;0;0;1;0;0;0
62577;Monchel-sur-Canche;32;62;0;0;0;0;0;0;0;0;0;0;0;0;0;0;0;0;0;0;0;0;0;0;0;0;0;0;0;1;0;0;0;0;0;1;0;0;0
62578;Monchiet;32;62;0;0;0;0;0;0;0;0;0;0;0;0;0;0;0;0;0;0;0;0;0;0;0;0;0;0;0;0;0;0;0;0;0;0;0;0;0
62579;Monchy-au-Bois;32;62;0;0;0;0;0;0;0;0;0;0;0;0;0;0;0;0;0;0;0;0;0;0;0;0;1;2;0;1;0;0;2;0;0;0;0;0;0
62580;Monchy-Breton;32;62;0;0;0;0;0;0;0;0;0;0;0;0;0;0;0;0;0;0;0;0;1;0;0;0;0;1;0;1;0;0;0;0;0;0;0;0;0
62581;Monchy-Cayeux;32;62;0;0;0;0;0;0;0;0;0;0;0;0;0;0;0;0;0;0;0;0;0;0;0;0;0;0;0;0;1;0;1;0;0;0;0;0;0
62582;Monchy-le-Preux;32;62;0;0;0;0;0;0;0;0;0;0;0;0;0;0;0;0;0;0;0;0;3;0;0;0;3;2;1;2;1;1;1;0;0;1;0;0;0
62583;Mondicourt;32;62;0;0;0;0;0;0;0;0;0;0;0;0;0;0;0;0;0;0;0;1;0;0;0;0;0;2;2;1;2;0;1;0;0;0;0;0;0
62584;Mont-Bernanchon;32;62;0;0;0;0;0;0;0;0;0;0;0;0;0;0;0;0;0;0;0;0;0;0;0;0;2;0;1;1;1;0;3;0;0;0;0;0;2
62585;Montcavrel;32;62;0;0;0;0;0;0;0;0;0;0;0;0;0;0;0;0;0;0;0;0;0;0;0;0;1;1;0;0;0;0;0;0;0;1;0;0;0
62586;Montenescourt;32;62;0;0;0;0;0;0;0;0;0;0;0;0;0;0;0;0;0;0;0;0;2;0;0;0;0;0;2;1;2;0;1;0;0;0;0;0;0
62587;Montigny-en-Gohelle;32;62;0;0;0;0;0;0;0;0;0;0;0;0;0;0;0;1;2;1;0;0;8;2;0;3;3;5;6;7;5;4;11;0;0;5;0;0;1
62588;Montreuil;32;62;0;0;0;0;1;0;0;0;0;0;0;0;0;0;0;7;1;1;0;0;2;0;0;3;2;0;1;1;1;1;8;1;1;21;9;2;6
62589;Mont-Saint-Éloi;32;62;0;0;0;0;0;0;0;0;0;0;0;0;0;0;0;0;0;0;0;1;2;0;0;0;1;0;2;0;0;0;1;0;0;0;0;0;1
62590;Monts-en-Ternois;32;62;0;0;0;0;0;0;0;0;0;0;0;0;0;0;0;0;0;0;0;0;0;0;0;0;0;0;1;0;0;0;0;0;0;0;0;0;0
62591;Morchies;32;62;0;0;0;0;0;0;0;0;0;0;0;0;0;0;0;0;0;0;0;0;0;0;0;0;0;0;0;0;0;0;0;0;0;0;0;0;0
62592;Moringhem;32;62;0;0;0;0;0;0;0;0;0;0;0;0;0;0;0;0;0;0;0;0;1;0;0;0;1;0;1;0;0;1;0;0;0;1;0;0;1
62593;Morval;32;62;0;0;0;0;0;0;0;0;0;0;0;0;0;0;0;0;0;0;0;0;0;0;0;0;0;0;0;0;1;1;0;0;0;0;0;0;0
62594;Mory;32;62;0;0;0;0;0;0;0;0;0;0;0;0;0;0;0;0;0;0;0;0;0;0;0;0;0;2;0;0;0;0;0;0;0;0;0;0;0
62595;Moulle;32;62;0;0;0;0;0;0;0;0;0;0;0;0;0;0;0;1;0;0;0;1;2;0;0;1;4;2;0;1;1;2;1;0;0;1;0;0;1
62596;Mouriez;32;62;0;0;0;0;0;0;0;0;0;0;0;0;0;0;0;0;0;0;0;0;0;0;0;0;0;1;0;0;0;0;0;0;0;0;0;0;0
62597;Moyenneville;32;62;0;0;0;0;0;0;0;0;0;0;0;0;0;0;0;0;0;0;0;0;0;0;0;0;1;0;0;1;1;0;0;0;0;0;0;0;0
62598;Muncq-Nieurlet;32;62;0;0;0;0;0;0;0;0;0;0;0;0;0;0;0;0;0;0;0;0;1;0;0;2;2;1;0;0;2;1;5;0;0;2;2;0;1
62599;Nabringhen;32;62;0;0;0;0;0;0;0;0;0;0;0;0;0;0;0;0;0;0;0;0;0;0;0;0;0;0;0;0;0;0;0;0;0;0;0;0;0
62600;Nédon;32;62;0;0;0;0;0;0;0;0;0;0;0;0;0;0;0;0;0;0;0;0;1;0;0;0;1;0;0;0;2;0;0;0;0;0;0;0;0
62601;Nédonchel;32;62;0;0;0;0;0;0;0;0;0;0;0;0;0;0;0;0;0;0;0;0;0;0;0;0;0;1;0;0;3;0;0;0;0;0;0;0;0
62602;Nempont-Saint-Firmin;32;62;0;0;0;0;0;0;0;0;0;0;0;0;0;0;0;0;0;0;0;0;1;1;0;0;0;0;1;0;1;1;0;0;0;0;0;0;1
62603;Nesles;32;62;0;0;0;0;0;0;0;0;0;0;0;0;0;0;0;0;1;0;0;0;0;0;0;0;1;1;0;1;1;0;1;0;0;1;1;0;1
62604;Neufchâtel-Hardelot;32;62;0;1;0;0;0;0;0;0;0;0;0;0;0;0;0;2;0;1;0;1;1;0;0;2;2;4;5;3;3;2;5;1;0;20;10;1;2
62605;Neulette;32;62;0;0;0;0;0;0;0;0;0;0;0;0;0;0;0;0;0;0;0;0;0;0;0;0;0;0;0;0;0;0;0;0;0;0;0;0;0
62606;Neuve-Chapelle;32;62;0;0;0;0;0;0;0;0;0;0;0;0;0;0;0;0;1;0;0;0;0;0;0;1;1;0;1;2;1;0;1;0;0;1;2;0;1
62607;Neuville-au-Cornet;32;62;0;0;0;0;0;0;0;0;0;0;0;0;0;0;0;0;0;0;0;0;0;0;0;0;0;0;0;0;0;0;1;0;0;0;0;0;0
62608;Neuville-Bourjonval;32;62;0;0;0;0;0;0;0;0;0;0;0;0;0;0;0;0;0;0;0;0;0;0;0;0;0;0;0;0;0;0;0;0;0;0;0;0;0
62609;Neuville-Saint-Vaast;32;62;0;0;0;0;0;0;0;0;0;0;0;0;0;0;0;0;0;1;0;0;0;0;0;0;0;2;3;2;1;2;1;0;0;1;0;0;0
62610;Neuville-sous-Montreuil;32;62;0;0;0;0;0;0;0;0;0;0;0;0;0;0;0;0;0;0;0;0;0;0;0;0;1;3;1;1;2;1;1;0;0;0;0;0;2
62611;Neuville-Vitasse;32;62;0;0;0;0;0;0;0;0;0;0;0;0;0;0;0;0;0;0;0;0;1;0;0;0;0;0;0;1;1;0;0;0;0;1;0;0;0
62612;Neuvireuil;32;62;0;0;0;0;0;0;0;0;0;0;0;0;0;0;0;0;0;0;0;0;1;0;0;0;1;0;0;1;0;0;1;0;0;1;0;0;0
62613;Nielles-lès-Bléquin;32;62;0;0;0;0;0;0;0;0;0;0;0;0;0;0;0;0;1;0;0;1;3;0;0;0;1;3;1;0;1;1;2;0;0;0;0;0;1
62614;Nielles-lès-Ardres;32;62;0;0;0;0;0;0;0;0;0;0;0;0;0;0;0;0;0;0;0;0;1;0;0;0;1;0;1;3;0;0;0;0;0;0;0;0;0
62615;Nielles-lès-Calais;32;62;0;0;0;0;0;0;0;0;0;0;0;0;0;0;0;0;0;0;0;0;0;0;0;0;0;1;0;1;1;0;1;0;0;0;0;0;0
62616;Noeux-lès-Auxi;32;62;0;0;0;0;0;0;0;0;0;0;0;0;0;0;0;0;0;0;0;0;0;0;0;0;0;0;2;0;0;0;0;0;0;0;0;0;0
62617;Noeux-les-Mines;32;62;1;0;0;0;0;0;0;0;0;0;0;1;0;0;0;7;2;1;0;0;11;1;0;1;11;12;12;13;3;8;23;2;0;29;7;1;12
62618;Nordausques;32;62;0;0;0;0;0;0;0;0;0;0;0;0;0;0;0;0;0;0;0;0;3;0;0;0;0;4;1;1;2;1;2;0;0;1;0;0;1
62619;Noreuil;32;62;0;0;0;0;0;0;0;0;0;0;0;0;0;0;0;0;0;0;0;0;0;0;0;0;0;0;0;0;1;0;2;0;0;0;0;0;0
62620;Norrent-Fontes;32;62;0;1;0;0;0;0;0;0;0;0;0;0;0;0;0;1;0;0;0;1;1;0;0;1;1;0;2;0;2;0;3;0;0;3;0;0;0
62621;Nortkerque;32;62;0;0;0;0;0;0;0;0;0;0;0;0;0;0;0;0;0;0;0;0;1;0;0;0;2;1;0;2;0;0;2;0;0;0;0;0;1
62622;Nort-Leulinghem;32;62;0;0;0;0;0;0;0;0;0;0;0;0;0;0;0;0;0;0;0;0;0;0;0;0;0;1;0;1;0;0;0;0;0;0;0;0;1
62623;Nouvelle-Église;32;62;0;0;0;0;0;0;0;0;0;0;0;0;0;0;0;0;0;0;0;0;0;0;0;0;0;0;0;0;2;0;0;0;0;1;0;0;1
62624;Noyelles-Godault;32;62;0;0;0;0;0;0;0;0;0;0;0;0;0;0;0;2;2;1;0;0;12;1;0;3;4;3;5;2;3;1;10;1;0;23;0;1;5
62625;Noyelles-lès-Humières;32;62;0;0;0;0;0;0;0;0;0;0;0;0;0;0;0;0;0;0;0;0;0;0;0;0;0;0;0;1;0;1;0;0;0;0;0;0;0
62626;Noyelles-lès-Vermelles;32;62;0;0;0;0;0;0;0;0;0;0;0;0;0;0;0;0;0;1;0;0;2;0;0;1;2;0;3;3;0;2;4;0;0;3;0;0;1
62627;Noyelles-sous-Bellonne;32;62;0;0;0;0;0;0;0;0;0;0;0;0;0;0;0;0;0;0;0;0;0;0;0;0;0;0;0;0;1;0;2;0;0;0;0;0;0
62628;Noyelles-sous-Lens;32;62;0;0;0;0;0;0;0;0;0;0;0;0;0;0;0;1;2;1;0;0;5;1;0;2;2;2;4;3;5;5;10;0;0;4;1;0;1
62629;Noyellette;32;62;0;0;0;0;0;0;0;0;0;0;0;0;0;0;0;0;0;0;0;0;0;0;0;0;0;1;2;1;1;0;1;0;0;0;0;0;0
62630;Noyelle-Vion;32;62;0;0;0;0;0;0;0;0;0;0;0;0;0;0;0;0;0;0;0;0;0;0;0;0;0;2;0;0;0;0;0;0;0;0;0;0;0
62631;Nuncq-Hautecôte;32;62;0;0;0;0;0;0;0;0;0;0;0;0;0;0;0;0;0;0;0;0;1;0;0;0;0;0;2;0;0;1;1;0;0;0;0;0;0
62632;Oblinghem;32;62;0;0;0;0;0;0;0;0;0;0;0;0;0;0;0;0;0;0;0;0;0;0;0;0;0;0;0;0;0;0;0;0;0;0;0;0;0
62633;Oeuf-en-Ternois;32;62;0;0;0;0;0;0;0;0;0;0;0;0;0;0;0;0;0;0;0;0;2;0;0;0;0;0;2;0;0;0;0;0;0;1;0;0;0
62634;Offekerque;32;62;0;0;0;0;0;0;0;0;0;0;0;0;0;0;0;0;0;0;0;0;2;0;0;0;1;1;0;2;0;0;0;0;0;1;0;0;1
62635;Offin;32;62;0;0;0;0;0;0;0;0;0;0;0;0;0;0;0;0;0;0;0;0;0;0;0;0;1;0;0;0;0;0;0;0;0;0;0;0;0
62636;Offrethun;32;62;0;0;0;0;0;0;0;0;0;0;0;0;0;0;0;0;0;0;0;0;0;0;0;0;1;0;0;1;0;1;0;0;0;0;0;0;0
62637;Oignies;32;62;0;0;0;0;0;0;0;0;0;0;0;0;0;0;0;6;3;1;0;0;4;0;0;3;9;8;7;9;8;7;15;1;0;14;5;1;7
62638;Oisy-le-Verger;32;62;0;0;0;0;0;0;0;0;0;0;0;0;0;0;0;0;0;0;0;1;0;0;0;1;0;2;0;2;0;0;3;0;0;1;0;0;1
62639;Oppy;32;62;0;0;0;0;0;0;0;0;0;0;0;0;0;0;0;0;0;0;0;0;0;0;0;0;0;1;0;0;4;1;0;0;0;0;0;0;0
62640;Orville;32;62;0;0;0;0;0;0;0;0;0;0;0;0;0;0;0;0;0;0;0;1;1;0;0;0;0;0;0;0;0;2;0;0;0;0;0;0;0
62641;Ostreville;32;62;0;0;0;0;0;0;0;0;0;0;0;0;0;0;0;0;0;0;0;0;0;0;0;0;0;0;1;0;0;1;0;0;0;0;0;0;0
62642;Ourton;32;62;0;0;0;0;0;0;0;0;0;0;0;0;0;0;0;0;0;0;0;0;1;0;0;0;2;0;0;1;0;2;1;0;0;1;0;1;0
62643;Outreau;32;62;1;0;0;0;0;0;0;0;0;0;1;0;0;0;0;3;1;1;0;0;13;3;1;2;6;11;9;13;11;4;13;2;0;15;8;2;5
62644;Ouve-Wirquin;32;62;0;0;0;0;0;0;0;0;0;0;0;0;0;0;0;0;0;0;0;0;1;0;0;0;0;2;0;0;0;0;1;0;0;0;0;0;1
62645;Oye-Plage;32;62;0;1;0;0;0;0;0;0;0;0;0;0;0;0;0;2;0;1;0;0;5;0;0;1;8;5;2;2;2;3;8;1;0;8;1;1;6
62646;Palluel;32;62;0;0;0;0;0;0;0;0;0;0;0;0;0;0;0;0;0;0;0;0;1;0;0;0;0;0;0;0;1;2;0;0;0;1;0;0;0
62647;Le Parcq;32;62;0;1;0;0;0;0;0;0;0;0;0;0;0;0;0;0;0;0;0;1;1;0;0;0;0;0;2;0;2;0;0;0;0;2;0;0;0
62648;Parenty;32;62;0;0;0;0;0;0;0;0;0;0;0;0;0;0;0;0;0;0;0;0;0;0;0;0;0;1;0;0;0;1;2;0;0;0;0;0;0
62649;Pas-en-Artois;32;62;0;1;0;0;0;0;0;0;0;0;0;0;0;0;0;1;0;1;0;0;1;0;0;1;0;0;1;0;1;1;0;0;0;1;0;0;0
62650;Pelves;32;62;0;0;0;0;0;0;0;0;0;0;0;0;0;0;0;0;0;0;0;0;0;0;0;0;0;0;1;0;1;1;0;0;0;1;0;0;0
62651;Penin;32;62;0;0;0;0;0;0;0;0;0;0;0;0;0;0;0;0;0;0;0;0;0;0;0;0;0;0;0;1;0;0;1;0;0;1;0;0;0
62652;Pernes;32;62;0;0;0;0;0;0;0;0;0;0;1;0;0;0;0;3;2;1;0;0;6;0;0;2;4;4;2;0;2;1;8;0;0;2;0;0;3
62653;Pernes-lès-Boulogne;32;62;0;0;0;0;0;0;0;0;0;0;0;0;0;0;0;0;0;0;0;0;1;0;0;0;1;1;0;0;2;0;0;0;0;1;0;0;0
62654;Peuplingues;32;62;0;0;0;0;0;0;0;0;0;0;0;0;0;0;0;0;0;0;0;0;0;0;0;0;0;1;0;1;0;1;0;0;0;0;2;0;0
62655;Pierremont;32;62;0;0;0;0;0;0;0;0;0;0;0;0;0;0;0;0;0;0;0;0;0;0;0;0;0;0;0;0;2;0;1;0;0;0;0;0;0
62656;Pihem;32;62;0;0;0;0;0;0;0;0;0;0;0;0;0;0;0;0;0;0;0;0;1;0;0;0;1;1;3;0;0;0;1;0;0;0;0;0;1
62657;Pihen-lès-Guînes;32;62;0;0;0;0;0;0;0;0;0;0;0;0;0;0;0;0;0;0;0;0;1;0;0;0;0;1;0;0;0;1;0;0;0;0;0;0;1
62658;Pittefaux;32;62;0;0;0;0;0;0;0;0;0;0;0;0;0;0;0;0;0;0;0;0;0;0;0;0;0;0;0;0;0;1;0;0;0;0;0;0;0
62659;Planques;32;62;0;0;0;0;0;0;0;0;0;0;0;0;0;0;0;0;0;0;0;0;0;0;0;0;0;0;0;0;0;1;0;0;0;0;0;0;0
62660;Plouvain;32;62;0;0;0;0;0;0;0;0;0;0;0;0;0;0;0;0;0;0;0;0;1;0;0;0;0;0;0;0;1;1;3;0;0;0;2;0;0
62661;Bouin-Plumoison;32;62;0;0;0;0;0;0;0;0;0;0;0;0;0;0;0;0;0;0;0;0;1;0;0;0;0;1;0;0;0;0;1;0;0;1;1;0;0
62662;Polincove;32;62;0;0;0;0;0;0;0;0;0;0;0;0;0;0;0;0;0;0;0;0;2;0;0;0;3;0;0;0;0;0;2;1;0;0;0;0;0
62663;Pommera;32;62;0;0;0;0;0;0;0;0;0;0;0;0;0;0;0;0;0;0;0;0;1;0;0;0;0;2;1;0;0;0;1;0;0;0;0;0;2
62664;Pommier;32;62;0;0;0;0;0;0;0;0;0;0;0;0;0;0;0;0;0;0;0;0;0;0;0;0;0;1;0;0;1;0;0;0;0;0;0;0;0
62665;Le Ponchel;32;62;0;0;0;0;0;0;0;0;0;0;0;0;0;0;0;0;0;0;0;0;0;0;0;0;1;0;0;0;2;0;0;0;0;0;0;0;0
62666;Pont-à-Vendin;32;62;0;0;0;0;0;0;0;0;0;0;1;0;0;0;0;0;2;1;0;0;5;0;0;0;1;3;3;4;5;4;6;0;0;3;0;0;3
62667;Le Portel;32;62;0;0;0;0;0;0;0;0;0;0;0;0;0;0;0;6;0;1;0;0;3;1;0;1;4;11;5;7;4;2;11;1;0;17;6;1;3
62668;Prédefin;32;62;0;0;0;0;0;0;0;0;0;0;0;0;0;0;0;0;0;0;0;0;0;0;0;0;0;0;0;0;1;0;0;0;0;0;0;0;0
62669;Pressy;32;62;0;0;0;0;0;0;0;0;0;0;0;0;0;0;0;0;0;0;0;0;1;0;0;0;1;0;0;1;0;0;0;0;0;1;0;0;0
62670;Preures;32;62;0;0;0;0;0;0;0;0;0;0;0;0;0;0;0;0;0;0;0;0;0;0;0;0;1;1;4;2;0;1;1;0;0;0;0;0;0
62671;Pronville;32;62;0;0;0;0;0;0;0;0;0;0;0;0;0;0;0;0;0;0;0;0;1;0;0;0;2;0;0;0;1;0;0;0;0;0;0;0;1
62672;Puisieux;32;62;0;0;0;0;0;0;0;0;0;0;0;0;0;0;0;0;0;0;0;0;1;0;0;0;0;0;1;1;0;0;1;0;0;0;0;0;0
62673;Quéant;32;62;0;0;0;0;0;0;0;0;0;0;0;0;0;0;0;0;0;0;0;0;4;0;0;0;1;0;0;1;0;0;3;0;0;0;0;0;0
62674;Quelmes;32;62;0;0;0;0;0;0;0;0;0;0;0;0;0;0;0;0;0;0;0;0;0;0;0;0;0;0;1;0;0;1;0;0;0;0;1;0;0
62675;Quercamps;32;62;0;0;0;0;0;0;0;0;0;0;0;0;0;0;0;0;0;0;0;0;0;0;0;0;0;1;0;0;0;1;0;0;0;0;0;0;0
62676;Quernes;32;62;0;0;0;0;0;0;0;0;0;0;0;0;0;0;0;0;1;0;0;0;0;0;0;0;1;0;0;1;1;1;3;0;0;0;0;0;0
62677;Le Quesnoy-en-Artois;32;62;0;0;0;0;0;0;0;0;0;0;0;0;0;0;0;0;0;0;0;0;0;0;0;0;0;0;2;0;0;0;0;0;0;0;0;0;0
62678;Quesques;32;62;0;0;0;0;0;0;0;0;0;0;0;0;0;0;0;0;1;0;0;0;1;0;0;0;0;1;2;2;2;0;1;0;0;1;1;0;0
62679;Questrecques;32;62;0;0;0;0;0;0;0;0;0;0;0;0;0;0;0;0;0;0;0;0;0;0;0;0;0;0;2;0;0;0;0;0;0;1;0;0;0
62680;Quiéry-la-Motte;32;62;0;0;0;0;0;0;0;0;0;0;0;0;0;0;0;0;0;0;0;0;0;0;0;0;0;1;1;1;0;0;0;0;0;1;0;0;1
62681;Quiestède;32;62;0;0;0;0;0;0;0;0;0;0;0;0;0;0;0;0;0;0;0;0;1;0;0;0;2;0;1;0;0;0;1;0;0;0;0;0;0
62682;Quilen;32;62;0;0;0;0;0;0;0;0;0;0;0;0;0;0;0;0;0;0;0;0;0;0;0;0;0;0;0;0;0;0;0;0;0;0;0;0;0
62683;Quoeux-Haut-Maînil;32;62;0;0;0;0;0;0;0;0;0;0;0;0;0;0;0;0;0;0;0;0;0;0;0;0;0;0;0;0;0;0;1;0;0;0;0;0;0
62684;Racquinghem;32;62;0;0;0;0;0;0;0;0;0;0;0;0;0;0;0;1;1;1;0;0;4;0;0;1;0;1;0;0;0;0;5;0;0;1;0;0;1
62685;Radinghem;32;62;0;0;0;0;0;0;0;0;0;0;0;0;0;0;0;0;0;0;0;0;0;0;0;0;0;0;0;0;0;2;0;0;0;0;0;0;0
62686;Ramecourt;32;62;0;0;0;0;0;0;0;0;0;0;0;0;0;0;0;0;0;0;0;0;4;1;0;0;0;1;2;0;0;1;1;0;0;0;0;0;0
62688;Rang-du-Fliers;32;62;0;0;0;0;0;0;0;0;0;0;0;0;0;0;0;0;0;1;0;0;4;0;0;2;1;8;8;7;1;2;6;0;0;15;4;1;4
62689;Ransart;32;62;0;0;0;0;0;0;0;0;0;0;0;0;0;0;0;0;0;0;0;0;0;0;0;0;0;0;0;3;0;0;0;0;0;0;0;0;0
62690;Raye-sur-Authie;32;62;0;0;0;0;0;0;0;0;0;0;0;0;0;0;0;0;0;0;0;0;0;0;0;0;0;0;0;0;0;0;0;0;0;0;0;0;0
62691;Saint-Augustin;32;62;0;0;0;0;0;0;0;0;0;0;0;0;0;0;0;0;0;0;0;0;1;0;0;0;0;2;2;2;0;0;0;0;0;2;1;0;0
62692;Rebergues;32;62;0;0;0;0;0;0;0;0;0;0;0;0;0;0;0;0;0;0;0;0;0;0;0;0;2;0;0;0;0;0;0;0;0;0;0;0;0
62693;Rebreuve-Ranchicourt;32;62;0;0;0;0;0;0;0;0;0;0;0;0;0;0;0;0;0;0;0;0;2;0;0;0;0;2;1;1;0;1;1;4;0;2;1;0;0
62694;Rebreuve-sur-Canche;32;62;0;0;0;0;0;0;0;0;0;0;0;0;0;0;0;0;0;0;0;0;0;0;0;0;0;0;0;0;1;1;0;0;0;1;0;0;0
62695;Rebreuviette;32;62;0;0;0;0;0;0;0;0;0;0;0;0;0;0;0;0;0;0;0;0;0;0;0;0;0;0;0;0;0;0;0;0;0;0;0;0;0
62696;Reclinghem;32;62;0;0;0;0;0;0;0;0;0;0;0;0;0;0;0;0;0;0;0;0;0;0;0;0;0;0;0;0;0;0;1;0;0;2;0;0;0
62697;Récourt;32;62;0;0;0;0;0;0;0;0;0;0;0;0;0;0;0;0;0;0;0;0;0;0;0;0;0;0;0;1;0;0;0;0;0;0;0;0;0
62698;Recques-sur-Course;32;62;0;0;0;0;0;0;0;0;0;0;0;0;0;0;0;0;0;0;0;0;0;0;0;0;0;0;1;0;0;2;0;0;0;0;1;0;0
62699;Recques-sur-Hem;32;62;0;0;0;0;0;0;0;0;0;0;0;0;0;0;0;0;0;0;0;0;1;0;0;0;0;0;1;0;1;0;1;0;0;1;1;0;1
62700;Regnauville;32;62;0;0;0;0;0;0;0;0;0;0;0;0;0;0;0;0;0;0;0;0;0;0;0;0;0;1;0;0;0;0;0;0;0;0;0;0;0
62701;Rely;32;62;0;0;0;0;0;0;0;0;0;0;0;0;0;0;0;0;0;0;0;0;0;0;0;0;0;1;1;0;0;2;1;0;0;0;0;0;0
62702;Remilly-Wirquin;32;62;0;0;0;0;0;0;0;0;0;0;0;0;0;0;0;0;0;0;0;0;0;0;0;0;0;0;0;0;0;0;1;0;0;1;1;0;0
62703;Rémy;32;62;0;0;0;0;0;0;0;0;0;0;0;0;0;0;0;0;0;0;0;0;0;0;0;0;0;0;0;1;0;0;0;0;0;0;1;0;0
62704;Renty;32;62;0;0;0;0;0;0;0;0;0;0;0;0;0;0;0;0;0;0;0;0;0;0;0;0;1;0;1;0;1;1;2;0;0;0;0;0;1
62705;Rety;32;62;0;0;0;0;0;0;0;0;0;0;0;0;0;0;0;0;0;0;0;0;1;0;0;0;5;1;4;3;1;0;4;0;0;1;0;0;1
62706;Richebourg;32;62;0;0;0;0;0;0;0;0;0;0;0;0;0;0;0;0;0;1;0;0;3;0;1;2;1;2;4;6;3;0;2;0;0;2;2;0;0
62708;Riencourt-lès-Bapaume;32;62;0;0;0;0;0;0;0;0;0;0;0;0;0;0;0;0;0;0;0;0;0;0;0;0;0;0;0;0;0;0;0;0;0;0;0;0;0
62709;Riencourt-lès-Cagnicourt;32;62;0;0;0;0;0;0;0;0;0;0;0;0;0;0;0;0;0;0;0;0;0;0;0;0;0;2;1;1;0;0;0;0;0;0;0;0;0
62710;Rimboval;32;62;0;0;0;0;0;0;0;0;0;0;0;0;0;0;0;0;0;0;0;0;0;0;0;0;1;1;0;1;0;0;1;0;0;0;0;0;0
62711;Rinxent;32;62;0;0;0;0;0;0;0;0;0;0;0;0;0;0;0;1;1;1;0;0;7;1;0;1;2;4;6;3;3;1;4;0;0;5;1;0;2
62712;Rivière;32;62;0;0;0;0;0;0;0;0;0;0;0;0;0;0;0;0;0;0;0;1;1;0;0;0;7;0;1;4;0;0;1;0;0;2;0;0;1
62713;Robecq;32;62;0;0;0;0;0;0;0;0;0;0;0;0;0;0;0;0;0;0;0;0;0;0;0;1;3;1;3;0;1;1;2;0;0;3;1;0;0
62714;Roclincourt;32;62;0;0;0;0;0;0;0;0;0;0;0;0;0;0;0;0;0;0;0;0;1;0;0;0;1;1;2;2;0;0;3;0;0;1;0;0;1
62715;Rocquigny;32;62;0;0;0;0;0;0;0;0;0;0;0;0;0;0;0;0;0;0;0;0;0;0;0;0;0;0;0;0;0;0;1;0;0;0;0;0;0
62716;Rodelinghem;32;62;0;0;0;0;0;0;0;0;0;0;0;0;0;0;0;0;0;0;0;0;0;0;0;0;0;0;0;0;0;1;1;0;0;0;0;0;0
62717;Roëllecourt;32;62;0;0;0;0;0;0;0;0;0;0;0;0;0;0;0;0;0;0;0;0;2;0;0;0;1;0;2;3;0;0;1;0;0;0;0;0;0
62718;Roeux;32;62;0;0;0;0;0;0;0;0;0;0;0;0;0;0;0;0;0;1;0;0;1;0;0;0;0;0;1;1;1;0;5;0;0;2;0;0;1
62719;Rollancourt;32;62;0;0;0;0;0;0;0;0;0;0;0;0;0;0;0;0;0;0;0;0;0;0;0;0;1;1;0;0;0;0;0;0;0;0;1;0;0
62720;Rombly;32;62;0;0;0;0;0;0;0;0;0;0;0;0;0;0;0;0;0;0;0;0;1;0;0;0;0;0;0;0;0;0;0;0;0;2;0;0;0
62721;Roquetoire;32;62;0;0;0;0;0;0;0;0;0;0;0;0;0;0;0;0;1;0;0;0;0;0;0;0;1;0;3;1;2;1;1;0;0;4;0;0;0
62722;Rougefay;32;62;0;0;0;0;0;0;0;0;0;0;0;0;0;0;0;0;0;0;0;0;0;0;0;0;0;0;0;0;0;0;0;0;0;0;0;0;0
62723;Roussent;32;62;0;0;0;0;0;0;0;0;0;0;0;0;0;0;0;0;0;0;0;0;0;0;0;0;0;0;0;0;0;1;1;0;0;0;0;0;0
62724;Rouvroy;32;62;1;0;0;0;0;0;0;0;0;0;1;0;0;0;0;1;3;1;0;0;5;1;0;2;8;5;4;10;5;3;7;0;0;12;1;1;2
62725;Royon;32;62;0;0;0;0;0;0;0;0;0;0;0;0;0;0;0;0;0;0;0;0;0;0;0;0;0;0;0;0;0;0;0;0;0;0;0;0;0
62726;Ruisseauville;32;62;0;0;0;0;0;0;0;0;0;0;0;0;0;0;0;0;0;0;0;0;0;0;0;0;1;0;0;0;0;0;0;0;0;0;0;0;0
62727;Ruitz;32;62;0;0;0;0;0;0;0;0;0;0;0;0;0;0;0;0;1;0;0;0;4;1;1;0;1;2;1;6;5;1;7;0;0;4;0;0;0
62728;Rumaucourt;32;62;0;0;0;0;0;0;0;0;0;0;0;0;0;0;0;0;0;0;0;0;2;0;0;0;1;0;1;3;2;0;0;0;0;0;0;0;0
62729;Rumilly;32;62;0;0;0;0;0;0;0;0;0;0;0;0;0;0;0;0;0;0;0;0;0;0;0;0;0;0;1;0;0;0;0;0;0;1;1;0;0
62730;Ruminghem;32;62;0;0;0;0;0;0;0;0;0;0;0;0;0;0;0;0;0;0;0;1;2;0;0;0;5;2;0;1;2;0;2;0;0;0;1;0;2
62731;Ruyaulcourt;32;62;0;0;0;0;0;0;0;0;0;0;0;0;0;0;0;0;0;0;0;0;1;0;0;0;0;1;0;0;0;0;0;0;0;0;0;0;0
62732;Sachin;32;62;0;0;0;0;0;0;0;0;0;0;0;0;0;0;0;0;0;0;0;0;0;0;0;0;1;1;1;0;0;0;0;0;0;0;0;0;0
62733;Sailly-au-Bois;32;62;0;0;0;0;0;0;0;0;0;0;0;0;0;0;0;0;0;0;0;0;1;0;0;0;0;1;0;0;0;0;0;0;0;0;0;0;0
62734;Sailly-en-Ostrevent;32;62;0;0;0;0;0;0;0;0;0;0;0;0;0;0;0;0;0;0;0;0;1;0;0;0;0;0;1;1;1;0;1;0;0;1;0;0;0
62735;Sailly-Labourse;32;62;0;0;0;0;0;0;0;0;0;0;0;0;0;0;0;0;1;0;0;0;3;0;0;2;2;2;1;4;1;2;5;0;0;4;1;1;0
62736;Sailly-sur-la-Lys;32;62;0;0;0;0;0;0;0;0;0;0;0;0;0;0;0;0;0;1;0;0;2;0;0;1;2;1;3;2;4;4;3;0;0;6;1;0;3
62737;Sains-en-Gohelle;32;62;0;0;0;0;0;0;0;0;0;0;0;0;0;0;0;1;1;1;0;0;12;1;0;2;1;10;3;7;3;3;8;0;0;5;0;1;3
62738;Sains-lès-Fressin;32;62;0;0;0;0;0;0;0;0;0;0;0;0;0;0;0;0;0;0;0;0;0;0;0;0;0;0;0;0;0;0;0;0;0;0;0;0;0
62739;Sains-lès-Marquion;32;62;0;0;0;0;0;0;0;0;0;0;0;0;0;0;0;0;1;0;0;0;0;0;0;0;1;1;2;0;0;1;0;0;0;0;0;0;0
62740;Sains-lès-Pernes;32;62;0;0;0;0;0;0;0;0;0;0;0;0;0;0;0;0;0;0;0;0;0;0;0;0;0;0;0;1;0;1;0;0;0;1;0;0;0
62741;Saint-Amand;32;62;0;0;0;0;0;0;0;0;0;0;0;0;0;0;0;0;0;0;0;0;0;0;0;0;0;0;0;2;0;1;0;0;0;0;0;0;0
62742;Saint-Aubin;32;62;0;0;0;0;0;0;0;0;0;0;0;0;0;0;0;0;0;0;0;0;1;0;0;0;0;0;0;0;0;0;0;0;0;1;0;0;1
62743;Sainte-Austreberthe;32;62;0;0;0;0;0;0;0;0;0;0;0;0;0;0;0;0;0;0;0;0;1;1;0;0;0;1;2;0;0;0;0;0;0;0;1;0;0
62744;Sainte-Catherine;32;62;0;0;0;0;0;0;0;0;0;0;0;0;0;0;0;1;1;1;0;0;4;0;0;0;2;4;2;4;3;2;2;3;0;6;2;0;2
62745;Saint-Denoeux;32;62;0;0;0;0;0;0;0;0;0;0;0;0;0;0;0;0;0;0;0;0;0;0;0;0;0;0;0;0;0;0;0;0;0;0;0;0;0
62746;Saint-Étienne-au-Mont;32;62;0;0;0;0;0;0;0;0;0;0;0;0;0;0;0;1;0;1;0;0;5;0;0;2;4;6;2;6;4;2;8;0;0;6;3;0;3
62747;Saint-Floris;32;62;0;0;0;0;0;0;0;0;0;0;0;0;0;0;0;0;0;0;0;0;0;0;0;0;1;0;1;0;0;2;0;0;0;0;2;0;0
62748;Saint-Folquin;32;62;0;0;0;0;0;0;0;0;0;0;0;0;0;0;0;0;0;0;0;0;2;0;0;0;1;0;2;4;1;0;1;0;0;7;0;0;2
62749;Saint-Georges;32;62;0;0;0;0;0;0;0;0;0;0;0;0;0;0;0;0;0;0;0;0;1;0;0;0;0;0;0;0;0;0;0;0;0;1;0;0;0
62750;Saint-Hilaire-Cottes;32;62;0;0;0;0;0;0;0;0;0;0;0;0;0;0;0;0;0;0;0;0;0;0;0;0;2;2;0;1;1;2;2;0;0;0;1;0;1
62751;Saint-Inglevert;32;62;0;0;0;0;0;0;0;0;0;0;0;0;0;0;0;0;0;0;0;0;0;0;0;0;3;0;1;1;1;1;1;0;0;2;1;0;0
62752;Saint-Josse;32;62;0;0;0;0;0;0;0;0;0;0;0;0;0;0;0;0;2;0;0;1;0;0;0;0;2;1;4;3;2;1;0;0;0;5;2;0;1
62753;Saint-Laurent-Blangy;32;62;0;0;0;0;0;0;0;0;0;0;0;0;0;0;0;3;1;1;0;0;8;1;0;1;3;7;10;13;15;5;8;1;3;9;4;0;3
62754;Saint-Léger;32;62;0;0;0;0;0;0;0;0;0;0;0;0;0;0;0;0;0;0;0;0;1;0;0;0;0;0;0;0;0;0;0;0;0;0;0;0;0
62755;Saint-Léonard;32;62;0;0;0;0;0;0;0;0;0;0;0;0;0;0;0;1;0;1;0;0;8;1;2;0;0;2;4;3;3;1;5;0;0;4;0;0;2
62756;Sainte-Marie-Kerque;32;62;0;0;0;0;0;0;0;0;0;0;0;0;0;0;0;0;0;0;0;1;3;0;0;0;2;2;2;0;2;1;3;0;0;2;0;0;0
62757;Saint-Martin-lez-Tatinghem;32;62;0;0;0;0;0;0;0;0;0;0;0;0;0;0;0;1;0;1;0;0;10;2;0;1;4;4;8;5;5;1;9;2;0;11;4;1;2
62758;Saint-Martin-Boulogne;32;62;1;0;0;0;0;0;0;0;0;0;0;1;0;0;0;4;1;1;0;0;20;3;0;1;8;15;12;14;7;1;6;2;1;15;4;1;4
62759;Saint-Martin-Choquel;32;62;0;0;0;0;0;0;0;0;0;0;0;0;0;0;0;0;0;0;0;0;2;0;0;0;2;1;0;1;0;0;1;0;0;2;0;0;1
62760;Saint-Martin-d'Hardinghem;32;62;0;0;0;0;0;0;0;0;0;0;0;0;0;0;0;0;0;0;0;0;3;0;0;1;1;0;0;0;0;0;0;5;0;1;0;0;0
62761;Saint-Martin-sur-Cojeul;32;62;0;0;0;0;0;0;0;0;0;0;0;0;0;0;0;0;0;0;0;0;0;0;0;0;0;2;0;0;1;0;0;0;0;0;0;0;0
62762;Saint-Michel-sous-Bois;32;62;0;0;0;0;0;0;0;0;0;0;0;0;0;0;0;0;0;0;0;0;1;0;0;0;0;0;0;0;0;0;0;0;0;0;0;0;1
62763;Saint-Michel-sur-Ternoise;32;62;0;0;0;0;0;0;0;0;0;0;0;0;0;0;0;0;1;0;0;0;3;1;0;0;0;2;0;2;1;0;2;0;0;2;0;0;1
62764;Saint-Nicolas;32;62;1;0;0;0;0;0;0;0;0;0;0;0;0;0;0;0;1;1;0;0;2;0;0;1;4;4;3;6;2;1;7;1;0;4;0;0;1
62765;Saint-Omer;32;62;2;0;0;1;1;1;0;0;0;0;1;0;0;0;0;11;4;2;0;0;8;1;1;7;18;16;8;13;8;12;33;4;6;70;18;5;16
62766;Saint-Omer-Capelle;32;62;0;0;0;0;0;0;0;0;0;0;0;0;0;0;0;0;0;0;0;0;0;0;0;0;0;2;1;2;0;0;3;0;0;0;0;0;0
62767;Saint-Pol-sur-Ternoise;32;62;0;1;0;0;0;0;0;0;0;0;4;1;0;0;0;9;2;1;0;0;10;0;0;4;5;5;3;1;2;2;16;2;4;10;9;2;2
62768;Saint-Rémy-au-Bois;32;62;0;0;0;0;0;0;0;0;0;0;0;0;0;0;0;0;0;0;0;0;0;0;0;0;1;0;0;1;0;0;0;0;0;1;0;0;0
62769;Saint-Tricat;32;62;0;0;0;0;0;0;0;0;0;0;0;0;0;0;0;0;0;0;0;0;0;0;0;0;1;0;0;0;1;0;1;0;0;0;1;0;0
62770;Saint-Venant;32;62;0;1;0;0;0;0;0;0;0;0;1;0;0;0;0;2;2;1;0;0;5;0;1;1;2;2;1;2;5;1;7;2;0;2;2;0;3
62771;Sallaumines;32;62;2;0;0;0;0;0;0;0;0;0;0;0;0;0;0;1;4;1;0;0;10;0;0;5;3;7;3;4;12;6;9;0;0;11;2;1;3
62772;Salperwick;32;62;0;0;0;0;0;0;0;0;0;0;0;0;0;0;0;0;0;0;0;0;1;0;0;0;0;0;0;0;0;0;1;0;0;2;1;0;0
62773;Samer;32;62;0;1;0;0;0;0;0;0;0;0;0;0;0;0;0;2;1;1;0;0;6;0;0;1;2;3;4;5;3;2;7;1;0;9;4;0;2
62774;Sangatte;32;62;0;0;0;0;0;0;0;0;0;0;0;0;0;0;0;0;0;1;1;0;4;1;0;2;2;4;0;2;2;2;6;0;0;9;1;0;2
62775;Sanghen;32;62;0;0;0;0;0;0;0;0;0;0;0;0;0;0;0;0;0;0;0;0;0;0;0;0;1;0;0;0;0;0;0;0;0;1;0;0;1
62776;Sapignies;32;62;0;0;0;0;0;0;0;0;0;0;0;0;0;0;0;0;0;0;0;0;0;0;0;0;0;0;0;0;1;0;1;0;0;0;0;0;0
62777;Le Sars;32;62;0;0;0;0;0;0;0;0;0;0;0;0;0;0;0;0;0;0;0;0;0;0;0;0;0;0;0;1;0;0;1;0;0;0;1;0;0
62778;Sars-le-Bois;32;62;0;0;0;0;0;0;0;0;0;0;0;0;0;0;0;0;0;0;0;0;0;0;0;0;0;0;2;0;0;0;0;0;0;0;0;0;0
62779;Sarton;32;62;0;0;0;0;0;0;0;0;0;0;0;0;0;0;0;0;0;0;0;0;0;0;0;0;0;0;0;0;0;0;0;0;0;0;0;0;0
62780;Sauchy-Cauchy;32;62;0;0;0;0;0;0;0;0;0;0;0;0;0;0;0;0;0;0;0;0;0;0;0;0;1;0;0;0;0;1;0;0;0;0;0;0;0
62781;Sauchy-Lestrée;32;62;0;0;0;0;0;0;0;0;0;0;0;0;0;0;0;0;0;0;0;0;2;0;0;0;0;0;0;0;0;0;0;0;0;0;0;0;0
62782;Saudemont;32;62;0;0;0;0;0;0;0;0;0;0;0;0;0;0;0;0;0;0;0;0;1;0;0;0;0;0;1;0;1;1;1;0;0;0;0;0;0
62783;Saulchoy;32;62;0;0;0;0;0;0;0;0;0;0;0;0;0;0;0;0;1;0;0;0;1;0;0;0;0;0;0;0;0;0;0;0;0;1;0;0;0
62784;Saulty;32;62;0;0;0;0;0;0;0;0;0;0;0;0;0;0;0;0;0;0;0;0;3;0;0;0;1;2;0;1;0;0;2;0;0;0;0;0;0
62785;Savy-Berlette;32;62;0;0;0;0;0;0;0;0;0;0;0;0;0;0;0;0;0;0;0;0;1;0;0;0;0;2;0;2;2;1;2;0;0;2;0;0;1
62786;Selles;32;62;0;0;0;0;0;0;0;0;0;0;0;0;0;0;0;0;0;0;0;0;0;0;0;0;1;0;0;1;2;0;0;0;0;0;0;0;0
62787;Sempy;32;62;0;0;0;0;0;0;0;0;0;0;0;0;0;0;0;0;0;0;0;0;0;0;0;0;0;0;2;1;0;0;0;0;0;0;0;0;0
62788;Seninghem;32;62;0;0;0;0;0;0;0;0;0;0;0;0;0;0;0;0;0;0;0;0;1;0;0;0;3;0;1;2;1;0;0;0;0;0;2;0;1
62789;Senlecques;32;62;0;0;0;0;0;0;0;0;0;0;0;0;0;0;0;0;0;0;0;0;1;0;0;0;0;1;0;0;0;0;0;0;0;0;0;0;0
62790;Senlis;32;62;0;0;0;0;0;0;0;0;0;0;0;0;0;0;0;0;0;0;0;0;0;0;0;0;0;0;0;1;0;0;0;0;0;0;0;0;0
62791;Séricourt;32;62;0;0;0;0;0;0;0;0;0;0;0;0;0;0;0;0;0;0;0;0;0;0;0;0;0;0;0;0;0;0;0;0;0;0;0;0;0
62792;Serques;32;62;0;0;0;0;0;0;0;0;0;0;0;0;0;0;0;0;0;0;0;1;0;0;0;0;0;2;1;1;0;0;1;0;0;0;0;0;1
62793;Servins;32;62;0;0;0;0;0;0;0;0;0;0;0;0;0;0;0;0;0;0;0;0;0;0;0;0;0;1;1;0;1;3;2;0;0;1;0;0;1
62794;Setques;32;62;0;0;0;0;0;0;0;0;0;0;0;0;0;0;0;0;0;0;0;0;1;0;0;0;1;0;1;0;1;1;0;0;0;1;0;0;0
62795;Sibiville;32;62;0;0;0;0;0;0;0;0;0;0;0;0;0;0;0;0;0;0;0;0;0;0;0;0;0;0;0;1;0;0;0;0;0;0;0;0;0
62796;Simencourt;32;62;0;0;0;0;0;0;0;0;0;0;0;0;0;0;0;0;0;0;0;0;3;0;0;0;0;2;0;2;1;0;1;0;0;2;0;0;0
62797;Siracourt;32;62;0;0;0;0;0;0;0;0;0;0;0;0;0;0;0;0;0;0;0;0;0;0;0;0;0;2;0;0;0;0;1;0;0;0;0;0;0
62798;Sombrin;32;62;0;0;0;0;0;0;0;0;0;0;0;0;0;0;0;0;0;0;0;0;0;0;0;0;0;1;1;2;0;0;0;0;0;0;0;0;0
62799;Sorrus;32;62;0;0;0;0;0;0;0;0;0;0;0;0;0;0;0;0;0;0;0;0;0;0;0;0;0;1;2;1;0;0;0;0;0;0;1;0;1
62800;Souastre;32;62;0;0;0;0;0;0;0;0;0;0;0;0;0;0;0;0;0;0;0;0;1;0;0;0;0;0;0;0;1;0;0;0;0;1;0;0;0
62801;Souchez;32;62;0;0;0;0;0;0;0;0;0;0;0;0;0;0;0;1;1;1;0;0;2;0;0;1;0;1;3;4;5;2;5;0;0;2;1;0;3
62802;Le Souich;32;62;0;0;0;0;0;0;0;0;0;0;0;0;0;0;0;0;0;0;0;0;0;0;0;0;0;0;0;0;0;0;0;0;0;0;1;0;0
62803;Surques;32;62;0;0;0;0;0;0;0;0;0;0;0;0;0;0;0;0;0;0;0;0;0;0;0;0;0;0;1;0;0;2;1;0;0;0;0;0;0
62804;Sus-Saint-Léger;32;62;0;0;0;0;0;0;0;0;0;0;0;0;0;0;0;0;0;0;0;0;0;0;0;0;1;0;1;1;1;0;0;0;0;0;0;0;0
62805;Tangry;32;62;0;0;0;0;0;0;0;0;0;0;0;0;0;0;0;0;0;0;0;0;0;0;0;0;0;0;1;0;1;0;1;0;0;0;0;0;0
62806;Tardinghen;32;62;0;0;0;0;0;0;0;0;0;0;0;0;0;0;0;0;0;0;0;0;0;0;0;0;0;1;0;0;0;0;0;0;0;1;1;0;0
62808;Teneur;32;62;0;0;0;0;0;0;0;0;0;0;0;0;0;0;0;0;0;0;0;0;0;0;0;0;0;0;0;0;0;0;0;0;0;0;0;0;0
62809;Ternas;32;62;0;0;0;0;0;0;0;0;0;0;0;0;0;0;0;0;0;0;0;0;0;0;0;0;0;1;1;0;0;0;0;0;0;0;0;0;0
62810;Thélus;32;62;0;0;0;0;0;0;0;0;0;0;0;0;0;0;0;0;0;0;0;0;0;0;0;0;0;2;1;3;1;1;3;0;0;1;0;0;0
62811;Thérouanne;32;62;0;0;0;0;0;0;0;0;0;0;0;0;0;0;0;3;1;1;0;0;4;0;0;0;0;1;1;0;1;0;5;0;0;0;1;0;1
62812;Thiembronne;32;62;0;0;0;0;0;0;0;0;0;0;0;0;0;0;0;0;0;0;0;0;1;0;0;0;2;0;2;2;2;0;0;0;0;1;0;0;0
62813;La Thieuloye;32;62;0;0;0;0;0;0;0;0;0;0;0;0;0;0;0;0;0;0;0;0;0;0;0;0;0;0;0;0;0;0;1;0;0;1;0;0;0
62814;Thièvres;32;62;0;0;0;0;0;0;0;0;0;0;0;0;0;0;0;0;0;0;0;0;0;0;0;0;0;0;0;0;0;0;0;0;0;0;0;0;0
62815;Tigny-Noyelle;32;62;0;0;0;0;0;0;0;0;0;0;0;0;0;0;0;0;0;0;0;0;0;0;0;0;0;0;1;0;0;1;0;0;0;0;0;0;0
62816;Tilloy-lès-Hermaville;32;62;0;0;0;0;0;0;0;0;0;0;0;0;0;0;0;0;0;0;0;0;0;0;0;0;0;0;0;0;0;0;0;0;0;0;0;0;0
62817;Tilloy-lès-Mofflaines;32;62;0;0;0;0;0;0;0;0;0;0;0;0;0;0;0;0;0;0;0;0;5;0;0;0;1;1;3;2;1;0;1;0;0;0;0;0;0
62818;Tilly-Capelle;32;62;0;0;0;0;0;0;0;0;0;0;0;0;0;0;0;0;0;0;0;0;0;0;0;0;0;0;0;0;0;0;0;0;0;0;0;0;0
62819;Tilques;32;62;0;0;0;0;0;0;0;0;0;0;0;0;0;0;0;0;0;0;0;0;4;0;0;0;0;1;1;2;1;1;4;0;0;2;0;0;2
62820;Tincques;32;62;0;0;0;0;0;0;0;0;0;0;0;0;0;0;0;1;0;0;0;1;4;0;0;1;3;1;4;2;0;0;5;0;0;0;0;0;1
62821;Tingry;32;62;0;0;0;0;0;0;0;0;0;0;0;0;0;0;0;0;0;0;0;0;0;0;0;0;1;0;0;0;0;3;0;0;0;0;0;0;1
62822;Tollent;32;62;0;0;0;0;0;0;0;0;0;0;0;0;0;0;0;0;0;0;0;0;0;0;0;0;0;0;0;0;0;0;0;0;0;0;0;0;0
62823;Torcy;32;62;0;0;0;0;0;0;0;0;0;0;0;0;0;0;0;0;0;0;0;0;1;0;0;0;0;0;0;0;0;0;0;0;0;1;0;0;0
62824;Tortefontaine;32;62;0;0;0;0;0;0;0;0;0;0;0;0;0;0;0;0;0;0;0;0;0;0;0;0;0;0;0;0;0;0;0;0;0;0;0;0;0
62825;Tortequesne;32;62;0;0;0;0;0;0;0;0;0;0;0;0;0;0;0;0;0;0;0;0;0;0;1;0;0;0;1;0;2;1;0;0;0;1;0;0;0
62826;Le Touquet-Paris-Plage;32;62;1;0;0;0;0;0;0;0;0;0;1;0;0;0;0;9;1;1;0;0;2;0;1;2;0;8;5;4;4;5;14;1;0;74;29;2;6
62827;Tournehem-sur-la-Hem;32;62;0;0;0;0;0;0;0;0;0;0;0;0;0;0;0;1;0;1;0;0;1;0;0;0;5;0;0;0;1;0;2;0;0;1;0;0;0
62828;Tramecourt;32;62;0;0;0;0;0;0;0;0;0;0;0;0;0;0;0;0;0;0;0;0;0;0;0;0;0;0;0;0;1;0;1;0;0;0;0;0;0
62829;Le Transloy;32;62;0;0;0;0;0;0;0;0;0;0;0;0;0;0;0;0;0;0;0;0;2;0;0;0;0;0;0;1;0;0;0;0;0;1;0;0;0
62830;Trescault;32;62;0;0;0;0;0;0;0;0;0;0;0;0;0;0;0;0;0;0;0;0;1;0;0;0;0;0;0;1;0;0;0;0;0;0;0;0;0
62831;Troisvaux;32;62;0;0;0;0;0;0;0;0;0;0;0;0;0;0;0;0;0;0;0;0;0;0;0;0;1;0;0;1;0;0;1;0;0;0;0;0;0
62832;Tubersent;32;62;0;0;0;0;0;0;0;0;0;0;0;0;0;0;0;0;0;0;0;0;0;0;0;0;1;1;1;0;1;0;0;0;0;0;3;0;0
62833;Vacquerie-le-Boucq;32;62;0;0;0;0;0;0;0;0;0;0;0;0;0;0;0;0;0;0;0;0;0;0;0;0;0;0;0;0;0;0;0;0;0;0;0;0;0
62834;Vacqueriette-Erquières;32;62;0;0;0;0;0;0;0;0;0;0;0;0;0;0;0;0;0;0;0;0;0;0;0;0;1;0;0;0;0;0;0;0;0;0;0;0;0
62835;Valhuon;32;62;0;0;0;0;0;0;0;0;0;0;0;0;0;0;0;0;0;0;0;0;0;0;0;0;1;0;0;0;0;1;1;0;0;1;1;0;0
62836;Vaudricourt;32;62;0;0;0;0;0;0;0;0;0;0;0;0;0;0;0;0;0;0;0;0;0;0;0;0;0;0;0;0;0;2;0;0;0;0;0;0;1
62837;Vaudringhem;32;62;0;0;0;0;0;0;0;0;0;0;0;0;0;0;0;0;0;0;0;0;2;0;0;0;0;2;1;0;1;2;0;0;0;0;0;0;0
62838;Vaulx;32;62;0;0;0;0;0;0;0;0;0;0;0;0;0;0;0;0;0;0;0;0;0;0;0;0;0;0;0;0;0;0;0;0;0;0;0;0;0
62839;Vaulx-Vraucourt;32;62;0;0;0;0;0;0;0;0;0;0;0;0;0;0;0;0;0;0;0;1;1;0;0;0;1;0;0;1;1;4;2;0;0;1;1;0;0
62840;Vélu;32;62;0;0;0;0;0;0;0;0;0;0;0;0;0;0;0;0;0;0;0;0;0;0;0;0;0;0;0;1;0;0;0;0;0;0;0;0;0
62841;Vendin-lès-Béthune;32;62;0;0;0;0;0;0;0;0;0;0;0;0;0;0;0;0;1;0;0;0;1;0;0;2;1;2;3;4;3;3;1;0;0;3;2;0;2
62842;Vendin-le-Vieil;32;62;0;0;0;0;0;0;0;0;0;0;0;0;0;0;0;1;3;2;0;0;3;1;0;3;6;10;7;8;6;7;17;0;0;16;5;1;8
62843;Verchin;32;62;0;0;0;0;0;0;0;0;0;0;0;0;0;0;0;0;0;0;0;0;0;0;0;0;0;0;0;0;0;0;0;0;0;0;1;0;0
62844;Verchocq;32;62;0;0;0;0;0;0;0;0;0;0;0;0;0;0;0;0;0;0;0;0;0;0;0;0;1;0;1;1;2;2;0;0;0;2;0;0;0
62845;Verlincthun;32;62;0;0;0;0;0;0;0;0;0;0;0;0;0;0;0;0;0;0;0;0;0;0;0;0;0;1;1;0;0;0;1;0;0;1;0;0;0
62846;Vermelles;32;62;0;0;0;0;0;0;0;0;0;0;0;0;0;0;0;1;1;1;0;0;7;0;0;2;1;1;9;8;6;4;8;0;0;4;3;0;3
62847;Verquigneul;32;62;0;0;0;0;0;0;0;0;0;0;0;0;0;0;0;0;0;0;0;0;1;0;0;0;1;4;2;1;1;0;2;0;0;1;0;0;2
62848;Verquin;32;62;0;0;0;0;0;0;0;0;0;0;0;0;0;0;0;0;2;1;0;0;1;0;0;0;3;4;2;9;9;0;4;0;0;3;2;0;0
62849;Verton;32;62;0;0;0;0;0;0;0;0;0;0;0;0;0;0;0;0;1;1;0;0;6;0;0;1;3;2;4;5;2;2;1;0;0;4;4;0;2
62850;Vieil-Hesdin;32;62;0;0;0;0;0;0;0;0;0;0;0;0;0;0;0;0;0;0;0;0;0;0;0;0;1;0;0;1;0;1;0;0;0;0;0;0;0
62851;Vieille-Chapelle;32;62;0;0;0;0;0;0;0;0;0;0;0;0;0;0;0;0;0;0;0;0;1;0;0;0;1;0;0;1;1;1;0;0;0;1;0;0;1
62852;Vieille-Église;32;62;0;0;0;0;0;0;0;0;0;0;0;0;0;0;0;0;0;0;0;1;2;0;0;1;2;2;1;2;1;0;2;0;0;1;1;0;0
62853;Vieil-Moutier;32;62;0;0;0;0;0;0;0;0;0;0;0;0;0;0;0;0;0;0;0;0;0;0;0;0;1;2;1;2;1;0;0;0;0;1;0;0;0
62854;Villers-au-Bois;32;62;0;0;0;0;0;0;0;0;0;0;0;0;0;0;0;0;0;0;0;0;0;0;0;0;0;0;0;1;0;0;0;0;0;0;0;0;0
62855;Villers-au-Flos;32;62;0;0;0;0;0;0;0;0;0;0;0;0;0;0;0;0;0;0;0;0;0;0;0;0;0;0;0;0;0;0;0;0;0;1;0;0;0
62856;Villers-Brûlin;32;62;0;0;0;0;0;0;0;0;0;0;0;0;0;0;0;0;0;0;0;0;0;0;0;0;0;0;1;0;2;0;1;0;0;1;0;0;0
62857;Villers-Châtel;32;62;0;0;0;0;0;0;0;0;0;0;0;0;0;0;0;0;0;0;0;0;0;0;0;0;0;0;0;0;0;0;0;0;0;0;0;0;0
62858;Villers-lès-Cagnicourt;32;62;0;0;0;0;0;0;0;0;0;0;0;0;0;0;0;0;0;0;0;0;2;0;0;0;0;0;0;2;0;0;0;0;0;1;0;0;1
62859;Villers-l'Hôpital;32;62;0;0;0;0;0;0;0;0;0;0;0;0;0;0;0;0;1;0;0;0;0;0;0;0;0;0;0;1;0;0;1;0;0;0;0;0;0
62860;Villers-Sir-Simon;32;62;0;0;0;0;0;0;0;0;0;0;0;0;0;0;0;0;0;0;0;0;0;0;0;0;1;0;1;0;0;0;0;0;0;0;0;0;0
62861;Vimy;32;62;0;1;0;0;0;0;0;0;0;0;1;0;0;0;0;3;1;1;0;0;3;0;0;2;1;6;5;8;2;0;9;2;0;2;2;1;3
62862;Vincly;32;62;0;0;0;0;0;0;0;0;0;0;0;0;0;0;0;0;0;0;0;0;0;0;0;0;0;0;0;1;0;0;0;0;0;0;0;0;0
62863;Violaines;32;62;0;0;0;0;0;0;0;0;0;0;0;0;0;0;0;0;2;1;0;0;4;0;0;2;6;5;3;3;6;2;5;0;0;4;1;0;3
62864;Vis-en-Artois;32;62;0;1;0;0;0;0;0;0;0;0;0;0;0;0;0;0;0;1;0;0;1;0;0;0;1;0;1;0;1;0;1;0;0;1;0;0;0
62865;Vitry-en-Artois;32;62;0;1;0;0;0;0;0;0;0;0;1;0;0;0;0;4;1;1;0;0;7;2;1;3;2;1;3;7;2;4;8;3;0;8;5;2;3
62866;Waben;32;62;0;0;0;0;0;0;0;0;0;0;0;0;0;0;0;0;0;0;0;0;2;0;0;0;0;0;1;1;1;0;0;0;0;2;0;0;1
62867;Wacquinghen;32;62;0;0;0;0;0;0;0;0;0;0;0;0;0;0;0;0;0;0;0;0;1;0;0;0;0;0;0;0;1;0;1;0;0;2;0;0;0
62868;Wail;32;62;0;0;0;0;0;0;0;0;0;0;0;0;0;0;0;0;0;0;0;0;0;0;0;0;0;0;0;0;0;0;1;0;0;2;0;0;0
62869;Wailly;32;62;0;0;0;0;0;0;0;0;0;0;0;0;0;0;0;0;0;0;0;0;0;0;0;0;1;1;1;1;0;0;3;0;0;1;2;0;0
62870;Wailly-Beaucamp;32;62;0;0;0;0;0;0;0;0;0;0;0;0;0;0;0;0;0;0;1;0;2;0;0;0;0;0;1;1;0;0;2;1;0;2;0;0;1
62871;Wambercourt;32;62;0;0;0;0;0;0;0;0;0;0;0;0;0;0;0;0;0;0;0;0;0;0;0;0;0;0;0;0;0;0;0;0;0;0;0;0;0
62872;Wamin;32;62;0;0;0;0;0;0;0;0;0;0;0;0;0;0;0;0;0;0;0;0;0;0;0;0;0;0;0;1;1;0;0;0;0;1;0;0;0
62873;Wancourt;32;62;0;0;0;0;0;0;0;0;0;0;0;0;0;0;0;0;0;0;0;0;1;1;0;0;0;1;0;0;0;0;2;0;0;2;0;0;0
62874;Wanquetin;32;62;0;0;0;0;0;0;0;0;0;0;0;0;0;0;0;0;0;0;0;0;0;0;0;0;1;0;1;2;2;0;0;0;0;1;0;0;0
62875;Wardrecques;32;62;0;0;0;0;0;0;0;0;0;0;0;0;0;0;0;0;0;0;0;1;1;0;0;0;1;0;2;1;1;2;4;0;0;1;1;0;1
62876;Warlencourt-Eaucourt;32;62;0;0;0;0;0;0;0;0;0;0;0;0;0;0;0;0;0;0;0;0;0;0;0;0;0;0;1;0;1;0;1;0;0;0;0;0;0
62877;Warlincourt-lès-Pas;32;62;0;0;0;0;0;0;0;0;0;0;0;0;0;0;0;0;0;0;0;0;1;0;0;0;0;0;0;1;0;0;1;0;0;0;0;0;0
62878;Warlus;32;62;0;0;0;0;0;0;0;0;0;0;0;0;0;0;0;0;0;0;0;0;0;0;0;0;0;2;2;1;0;0;1;0;0;0;0;0;0
62879;Warluzel;32;62;0;0;0;0;0;0;0;0;0;0;0;0;0;0;0;0;0;0;0;0;0;0;0;0;0;0;0;1;0;0;0;0;0;0;0;0;0
62880;Le Wast;32;62;0;0;0;0;0;0;0;0;0;0;0;0;0;0;0;0;0;0;0;0;0;0;0;0;0;0;0;0;0;0;0;0;0;0;0;0;0
62881;Beauvoir-Wavans;32;62;0;0;0;0;0;0;0;0;0;0;0;0;0;0;0;0;0;0;0;0;0;0;0;0;1;0;2;1;0;0;0;0;0;0;0;0;0
62882;Wavrans-sur-l'Aa;32;62;0;0;0;0;0;0;0;0;0;0;0;0;0;0;0;0;1;0;0;0;0;0;0;0;2;1;1;1;1;0;1;0;0;4;0;0;1
62883;Wavrans-sur-Ternoise;32;62;0;0;0;0;0;0;0;0;0;0;0;0;0;0;0;0;0;0;0;0;0;0;0;0;0;0;0;0;0;0;0;0;0;1;0;0;0
62885;Westrehem;32;62;0;0;0;0;0;0;0;0;0;0;0;0;0;0;0;0;0;0;0;0;0;0;0;0;0;0;0;0;0;1;1;0;0;0;0;0;0
62886;Wicquinghem;32;62;0;0;0;0;0;0;0;0;0;0;0;0;0;0;0;0;0;0;0;0;0;0;0;0;0;0;0;0;0;0;1;0;0;0;0;0;0
62887;Widehem;32;62;0;0;0;0;0;0;0;0;0;0;0;0;0;0;0;0;0;0;0;0;1;0;0;0;0;0;0;0;0;0;0;0;0;0;0;0;0
62888;Wierre-au-Bois;32;62;0;0;0;0;0;0;0;0;0;0;0;0;0;0;0;0;0;0;0;0;0;0;0;0;1;0;0;0;0;0;0;0;0;0;0;0;0
62889;Wierre-Effroy;32;62;0;0;0;0;0;0;0;0;0;0;0;0;0;0;0;0;0;0;0;0;0;0;0;0;1;1;0;1;1;0;0;0;0;3;0;0;0
62890;Willeman;32;62;0;0;0;0;0;0;0;0;0;0;0;0;0;0;0;0;0;0;0;0;0;0;0;0;0;0;0;0;1;0;1;0;0;0;0;0;0
62891;Willencourt;32;62;0;0;0;0;0;0;0;0;0;0;0;0;0;0;0;0;0;0;0;0;0;0;0;0;0;1;0;0;0;0;0;0;0;0;0;0;0
62892;Willerval;32;62;0;0;0;0;0;0;0;0;0;0;0;0;0;0;0;0;0;0;0;0;1;0;0;0;0;0;0;1;1;0;2;0;0;0;0;0;0
62893;Wimereux;32;62;1;0;0;0;0;0;0;0;0;0;0;0;0;0;0;7;0;1;0;0;3;0;0;1;6;5;3;4;4;7;7;2;0;33;15;0;2
62894;Wimille;32;62;0;0;0;0;0;0;0;0;0;0;0;0;0;0;0;0;1;1;0;0;7;0;0;1;0;10;7;7;3;5;4;0;0;10;2;0;0
62895;Wingles;32;62;0;0;0;0;0;0;0;0;0;0;0;0;0;0;0;4;2;1;0;0;5;2;0;4;6;7;4;6;5;4;12;1;0;15;3;2;4
62896;Wirwignes;32;62;0;0;0;0;0;0;0;0;0;0;0;0;0;0;0;0;0;0;0;0;0;0;0;0;1;1;2;1;1;0;0;0;0;2;0;0;0
62897;Wismes;32;62;0;0;0;0;0;0;0;0;0;0;0;0;0;0;0;0;0;0;0;0;1;0;0;0;1;1;2;1;0;1;0;0;0;1;0;0;0
62898;Wisques;32;62;0;0;0;0;0;0;0;0;0;0;0;0;0;0;0;0;0;0;0;0;0;0;0;0;0;0;0;0;0;0;0;0;0;0;0;0;0
62899;Wissant;32;62;0;0;0;0;0;0;0;0;0;0;0;0;0;0;0;0;0;1;0;0;1;0;0;0;2;3;3;2;1;0;1;0;0;16;2;0;1
62900;Witternesse;32;62;0;0;0;0;0;0;0;0;0;0;0;0;0;0;0;0;0;0;0;0;2;0;0;0;0;0;1;0;0;0;0;0;0;0;0;0;0
62901;Wittes;32;62;0;0;0;0;0;0;0;0;0;0;0;0;0;0;0;0;0;0;0;0;0;0;0;0;0;1;1;0;0;2;1;0;0;2;0;0;1
62902;Wizernes;32;62;0;0;0;0;0;0;0;0;0;0;0;0;0;0;0;1;1;1;0;0;2;1;0;2;4;4;4;6;4;2;7;3;0;4;0;0;2
62903;Zoteux;32;62;0;0;0;0;0;0;0;0;0;0;0;0;0;0;0;0;0;0;0;0;3;0;0;0;3;0;2;3;2;0;0;0;0;2;0;0;0
62904;Zouafques;32;62;0;0;0;0;0;0;0;0;0;0;0;0;0;0;0;0;0;0;1;0;0;0;0;1;1;0;1;0;0;1;0;0;0;2;0;0;0
62905;Zudausques;32;62;0;0;0;0;0;0;0;0;0;0;0;0;0;0;0;0;0;0;0;0;1;0;0;0;2;1;4;1;1;2;4;0;0;1;0;0;0
62906;Zutkerque;32;62;0;0;0;0;0;0;0;0;0;0;0;0;0;0;0;0;0;0;0;0;1;0;0;0;1;1;1;0;1;0;3;0;0;1;0;0;2
62907;Libercourt;32;62;0;0;0;0;0;0;0;0;0;0;0;0;0;0;0;1;3;1;0;0;12;3;0;4;1;10;3;8;7;2;10;0;0;13;3;0;3
62908;La Capelle-lès-Boulogne;32;62;0;0;0;0;0;0;0;0;0;0;0;0;0;0;0;1;0;0;0;1;2;0;0;0;0;1;2;2;2;1;1;1;0;2;4;0;1
62909;Ytres;32;62;0;0;0;0;0;0;0;0;0;0;0;0;0;0;0;0;0;0;1;0;2;0;0;0;0;0;0;1;0;2;0;0;0;0;0;0;1
63001;Aigueperse;84;63;0;1;0;0;0;0;0;0;0;1;0;0;0;0;0;2;2;1;0;0;10;1;0;1;3;4;7;6;2;1;6;0;0;3;2;1;2
63002;Aix-la-Fayette;84;63;0;0;0;0;0;0;0;0;0;0;0;0;0;0;0;0;0;0;0;0;1;0;0;0;0;0;1;0;0;0;0;0;0;0;0;0;0
63003;Ambert;84;63;0;1;0;0;0;0;0;0;0;2;0;1;0;0;0;8;2;1;0;0;21;3;0;4;16;13;9;7;11;3;11;4;2;26;8;1;2
63004;Les Ancizes-Comps;84;63;0;1;0;0;0;0;0;0;0;0;0;0;0;0;0;1;0;1;0;0;8;1;0;2;1;4;1;2;1;1;3;0;0;6;0;1;1
63005;Antoingt;84;63;0;0;0;0;0;0;0;0;0;0;0;0;0;0;0;0;0;0;0;1;2;0;0;0;0;0;0;2;0;0;1;0;0;0;0;0;0
63006;Anzat-le-Luguet;84;63;0;0;0;0;0;0;0;0;0;0;0;0;0;0;0;0;0;0;0;1;0;0;0;0;0;0;0;0;0;0;0;0;0;1;0;0;0
63007;Apchat;84;63;0;0;0;0;0;0;0;0;0;0;0;0;0;0;0;0;0;0;0;0;0;0;0;0;1;0;0;0;1;0;0;0;0;0;0;0;0
63008;Arconsat;84;63;0;0;0;0;0;0;0;0;0;0;0;0;0;0;0;0;0;0;0;0;0;0;0;0;1;1;2;1;1;0;0;0;0;1;0;0;0
63009;Ardes;84;63;0;1;0;0;0;0;0;0;0;0;0;0;0;0;0;1;0;1;0;0;0;0;0;0;2;0;1;3;3;0;1;0;0;5;0;0;0
63010;Arlanc;84;63;0;1;0;0;0;0;0;0;0;0;0;0;1;0;0;3;1;1;0;0;7;0;0;0;7;3;9;4;6;0;3;0;0;2;1;1;0
63011;Ars-les-Favets;84;63;0;0;0;0;0;0;0;0;0;0;0;0;0;0;0;0;0;0;0;0;0;0;0;0;0;2;1;0;0;0;0;0;0;1;0;0;0
63012;Artonne;84;63;0;0;0;0;0;0;0;0;0;0;0;0;0;0;0;0;0;0;0;1;1;0;0;0;0;1;0;1;0;0;0;0;0;1;0;0;0
63013;Aubiat;84;63;0;0;0;0;0;0;0;0;0;0;0;0;0;0;0;0;0;0;0;0;0;0;0;0;0;3;5;1;1;0;1;0;0;2;1;0;1
63014;Aubière;84;63;0;0;0;0;0;0;0;0;0;0;0;0;0;0;0;16;3;1;0;0;35;3;3;3;8;29;14;16;19;6;18;2;3;43;11;4;4
63015;Aubusson-d'Auvergne;84;63;0;0;0;0;0;0;0;0;0;0;0;0;0;0;0;0;0;0;0;0;0;0;0;0;2;0;1;0;0;0;0;0;0;2;0;0;0
63016;Augerolles;84;63;0;0;0;0;0;0;0;0;0;0;0;0;0;0;0;0;0;1;0;0;2;0;0;0;3;1;4;2;1;0;1;0;0;2;1;0;1
63017;Augnat;84;63;0;0;0;0;0;0;0;0;0;0;0;0;0;0;0;0;0;0;0;0;0;0;0;0;0;0;0;0;0;0;0;0;0;0;0;0;0
63019;Aulnat;84;63;0;0;0;0;0;0;0;0;0;0;0;0;0;0;0;2;0;1;0;0;4;0;6;3;10;8;3;4;3;0;5;0;0;7;1;3;2
63020;Aurières;84;63;0;0;0;0;0;0;0;0;0;0;0;0;0;0;0;0;0;0;0;0;1;0;0;0;1;2;1;2;2;0;1;0;0;1;1;0;0
63021;Authezat;84;63;0;0;0;0;0;0;0;0;0;0;0;0;0;0;0;0;0;0;0;1;0;0;0;0;2;3;1;1;0;1;0;0;0;2;0;0;0
63022;Auzat-la-Combelle;84;63;0;0;0;0;0;0;0;0;0;0;0;0;0;0;0;0;0;1;0;1;5;0;0;1;3;3;2;2;3;0;3;0;0;2;1;0;2
63023;Auzelles;84;63;0;0;0;0;0;0;0;0;0;0;0;0;0;0;0;0;1;0;0;0;0;0;0;0;2;1;1;1;0;0;0;0;0;2;0;0;0
63024;Avèze;84;63;0;0;0;0;0;0;0;0;0;0;0;0;0;0;0;0;0;0;0;1;1;0;0;0;0;1;0;0;0;0;0;0;0;0;0;0;0
63025;Ayat-sur-Sioule;84;63;0;0;0;0;0;0;0;0;0;0;0;0;0;0;0;0;0;0;0;0;0;0;0;0;0;0;2;0;0;0;0;0;0;0;0;0;0
63026;Aydat;84;63;0;0;0;0;0;0;0;0;0;0;0;0;0;0;0;0;0;1;0;0;0;0;0;0;5;4;4;2;1;1;2;0;0;7;2;0;1
63027;Baffie;84;63;0;0;0;0;0;0;0;0;0;0;0;0;0;0;0;0;0;0;0;0;0;0;0;0;0;0;0;0;0;0;0;0;0;0;0;0;0
63028;Bagnols;84;63;0;0;0;0;0;0;0;0;0;0;0;0;0;0;0;0;1;0;0;1;2;0;0;0;0;0;0;0;0;0;1;1;0;0;0;0;0
63029;Bansat;84;63;0;0;0;0;0;0;0;0;0;0;0;0;0;0;0;0;0;0;0;0;0;0;0;0;1;1;1;0;0;0;0;0;0;0;0;0;0
63030;Bas-et-Lezat;84;63;0;0;0;0;0;0;0;0;0;0;0;0;0;0;0;0;0;0;0;0;0;0;0;0;1;0;1;3;0;0;0;0;0;0;0;0;0
63031;Beaulieu;84;63;0;0;0;0;0;0;0;0;0;0;0;0;0;0;0;0;0;0;1;0;0;0;0;0;1;2;0;1;1;0;1;0;0;1;0;0;0
63032;Beaumont;84;63;0;0;0;0;0;0;0;0;0;0;0;0;0;0;0;8;2;1;1;0;17;0;0;2;9;24;13;19;9;3;10;3;0;13;10;3;7
63033;Beaumont-lès-Randan;84;63;0;0;0;0;0;0;0;0;0;0;0;0;0;0;0;0;0;0;0;0;2;0;0;0;0;1;1;1;0;0;1;0;0;0;0;0;0
63034;Beauregard-l'Évêque;84;63;0;0;0;0;0;0;0;0;0;0;0;0;0;0;0;0;0;1;0;0;0;0;0;1;0;2;2;3;1;0;1;0;0;0;0;0;0
63035;Beauregard-Vendon;84;63;0;0;0;0;0;0;0;0;0;0;0;0;0;0;0;0;0;0;0;0;3;0;0;0;3;3;1;2;2;0;2;0;0;2;0;0;1
63036;Bergonne;84;63;0;0;0;0;0;0;0;0;0;0;0;0;0;0;0;0;0;0;0;0;1;0;0;0;0;0;1;1;0;0;0;0;0;0;0;0;0
63037;Bertignat;84;63;0;0;0;0;0;0;0;0;0;0;0;0;0;0;0;0;0;0;0;1;1;0;0;0;1;0;1;1;0;0;1;1;0;1;0;0;0
63038;Besse-et-Saint-Anastaise;84;63;0;1;0;0;0;0;0;0;0;1;0;1;0;0;0;2;1;1;0;1;4;2;0;1;3;1;6;2;2;1;6;4;0;27;2;0;1
63039;Beurières;84;63;0;0;0;0;0;0;0;0;0;0;0;0;0;0;0;0;0;0;0;0;0;0;0;0;2;0;0;0;1;0;0;0;0;1;0;0;0
63040;Billom;84;63;0;1;0;0;0;0;0;0;0;1;0;0;0;0;0;5;1;1;0;0;12;2;0;2;9;9;9;4;6;2;9;2;0;10;8;1;4
63041;Biollet;84;63;0;0;0;0;0;0;0;0;0;0;0;0;0;0;0;0;0;0;0;1;0;0;0;0;1;0;0;1;0;0;1;0;0;0;0;0;0
63042;Blanzat;84;63;0;0;0;0;0;0;0;0;0;0;0;0;0;0;0;0;0;1;0;0;5;1;0;3;5;5;8;7;1;0;5;0;0;7;1;0;1
63043;Blot-l'Église;84;63;0;0;0;0;0;0;0;0;0;0;0;0;0;0;0;0;0;0;1;0;2;0;0;0;0;1;1;0;0;0;0;0;0;1;0;0;0
63044;Bongheat;84;63;0;0;0;0;0;0;0;0;0;0;0;0;0;0;0;0;0;0;0;0;0;0;0;0;1;3;0;0;1;0;0;0;0;0;1;0;0
63045;Bort-l'Étang;84;63;0;0;0;0;0;0;0;0;0;0;0;0;0;0;0;0;0;0;0;0;0;0;0;0;2;2;0;1;0;1;1;0;0;2;0;0;0
63046;Boudes;84;63;0;0;0;0;0;0;0;0;0;0;0;0;0;0;0;0;0;0;0;0;0;0;0;0;0;0;0;2;1;0;0;0;0;0;0;0;0
63047;La Bourboule;84;63;0;1;0;0;0;0;0;0;0;1;0;0;0;0;0;3;1;1;0;0;7;1;0;1;3;8;3;5;7;1;4;1;0;22;3;2;2
63048;Bourg-Lastic;84;63;0;1;0;0;0;0;0;0;0;1;0;0;1;0;0;1;0;1;0;0;3;1;0;0;0;1;3;0;1;0;1;0;0;5;0;0;0
63049;Bouzel;84;63;0;0;0;0;0;0;0;0;0;0;0;0;0;0;0;0;0;0;0;0;0;0;0;0;0;1;2;1;0;0;1;0;0;1;0;0;0
63050;Brassac-les-Mines;84;63;0;1;0;0;0;0;0;0;0;0;0;0;0;0;0;3;4;1;0;0;4;1;0;1;5;7;4;7;2;0;5;2;1;8;1;1;1
63051;Brenat;84;63;0;0;0;0;0;0;0;0;0;0;0;0;0;0;0;0;0;0;0;0;3;0;0;0;1;1;2;3;1;0;0;0;0;1;0;0;1
63052;Le Breuil-sur-Couze;84;63;0;0;0;0;0;0;0;0;0;0;0;0;0;0;0;0;0;0;0;1;0;0;0;0;2;1;1;2;0;0;2;0;0;1;0;0;2
63053;Briffons;84;63;0;0;0;0;0;0;0;0;0;0;0;0;0;0;0;0;0;0;0;0;0;0;0;0;0;0;0;0;1;0;1;0;0;0;0;0;0
63054;Le Broc;84;63;0;0;0;0;0;0;0;0;0;0;0;0;0;0;0;0;2;0;0;0;1;0;0;0;0;0;0;4;2;0;0;0;0;1;2;0;0
63055;Bromont-Lamothe;84;63;0;0;0;0;0;0;0;0;0;0;0;0;0;0;0;0;1;0;0;1;3;0;0;0;2;3;2;1;1;0;2;0;0;1;1;0;0
63056;Brousse;84;63;0;0;0;0;0;0;0;0;0;0;0;0;0;0;0;0;0;0;0;0;1;0;0;0;2;1;1;0;2;0;1;0;0;0;0;0;0
63057;Le Brugeron;84;63;0;0;0;0;0;0;0;0;0;0;0;0;0;0;0;0;0;0;0;1;1;0;0;0;1;0;4;0;0;0;0;0;0;0;0;0;0
63058;Bulhon;84;63;0;0;0;0;0;0;0;0;0;0;0;0;0;0;0;0;0;0;0;0;0;0;0;0;2;1;0;1;2;0;2;0;0;0;1;0;1
63059;Busséol;84;63;0;0;0;0;0;0;0;0;0;0;0;0;0;0;0;0;0;0;0;0;0;0;0;0;0;0;1;0;0;0;0;0;0;0;0;0;0
63060;Bussières;84;63;0;0;0;0;0;0;0;0;0;0;0;0;0;0;0;0;0;0;0;0;0;0;0;0;1;0;0;0;1;0;0;0;0;0;0;0;0
63061;Bussières-et-Pruns;84;63;0;0;0;0;0;0;0;0;0;0;0;0;0;0;0;0;0;0;0;0;0;0;0;0;0;1;1;0;2;1;1;0;0;0;1;0;0
63062;Buxières-sous-Montaigut;84;63;0;0;0;0;0;0;0;0;0;0;0;0;0;0;0;0;0;0;0;0;1;0;0;0;0;1;0;0;0;0;0;0;0;1;0;0;0
63063;Cébazat;84;63;0;0;0;0;0;0;0;0;0;0;0;0;0;0;0;5;2;1;0;0;16;3;0;3;13;19;5;9;10;2;11;2;0;11;9;1;7
63064;La Celle;84;63;0;0;0;0;0;0;0;0;0;0;0;0;0;0;0;0;0;0;0;0;0;0;0;0;0;0;0;0;0;0;0;0;0;0;0;0;0
63065;Ceilloux;84;63;0;0;0;0;0;0;0;0;0;0;0;0;0;0;0;0;0;0;0;0;0;0;0;0;2;0;1;1;0;0;0;0;0;0;0;0;0
63066;Celles-sur-Durolle;84;63;0;0;0;0;0;0;0;0;0;0;0;0;0;0;0;0;0;0;0;1;6;0;1;0;5;4;3;1;2;1;2;0;0;0;0;0;2
63067;La Cellette;84;63;0;0;0;0;0;0;0;0;0;0;0;0;0;0;0;0;0;0;0;0;0;0;0;0;0;0;1;0;1;0;1;0;0;0;0;0;0
63069;Le Cendre;84;63;0;0;0;0;0;0;0;0;0;0;0;0;0;0;0;1;0;1;0;0;6;1;0;2;3;5;7;3;3;2;4;0;0;7;2;1;4
63070;Ceyrat;84;63;0;0;0;0;0;0;0;0;0;0;0;0;0;0;0;3;0;1;0;1;3;0;0;1;2;12;5;8;3;2;9;3;0;9;5;0;2
63071;Ceyssat;84;63;0;0;0;0;0;0;0;0;0;0;0;0;0;0;0;0;0;0;0;0;1;0;0;0;0;2;2;1;1;0;0;0;0;1;0;0;0
63072;Chabreloche;84;63;0;0;0;0;0;0;0;0;0;0;0;0;0;0;0;1;1;1;0;0;3;0;0;1;1;1;1;1;1;0;1;0;0;2;0;0;1
63073;Chadeleuf;84;63;0;0;0;0;0;0;0;0;0;0;0;0;0;0;0;0;0;0;0;1;0;0;0;0;0;0;1;0;0;0;0;0;0;1;0;0;0
63074;Chalus;84;63;0;0;0;0;0;0;0;0;0;0;0;0;0;0;0;0;0;0;0;0;0;0;0;0;0;0;1;0;0;0;0;0;0;0;0;0;0
63075;Chamalières;84;63;0;1;0;0;0;0;0;0;0;2;0;1;0;0;0;15;2;2;0;0;12;1;0;5;5;17;9;10;6;3;31;2;0;30;25;4;14
63076;Chambon-sur-Dolore;84;63;0;0;0;0;0;0;0;0;0;0;0;0;0;0;0;0;0;0;0;0;0;0;0;0;0;0;0;0;0;0;0;0;0;0;0;0;0
63077;Chambon-sur-Lac;84;63;0;0;0;0;0;0;0;0;0;0;0;0;0;0;0;0;0;0;0;1;0;0;0;0;0;3;2;0;0;0;0;0;0;10;1;0;0
63078;Chaméane;84;63;0;0;0;0;0;0;0;0;0;0;0;0;0;0;0;0;0;0;0;0;0;0;0;0;0;1;0;0;0;0;0;0;0;1;0;0;0
63079;Champagnat-le-Jeune;84;63;0;0;0;0;0;0;0;0;0;0;0;0;0;0;0;0;0;0;0;0;0;0;0;0;1;0;0;0;0;0;0;0;0;1;0;0;0
63080;Champeix;84;63;0;1;0;0;0;0;0;0;0;0;0;0;0;0;0;1;1;1;0;0;5;2;0;1;2;4;3;0;2;0;4;0;0;7;1;1;2
63081;Champétières;84;63;0;0;0;0;0;0;0;0;0;0;0;0;0;0;0;0;0;0;0;0;0;0;0;0;3;1;1;1;0;0;0;0;0;0;1;0;0
63082;Champs;84;63;0;0;0;0;0;0;0;0;0;0;0;0;0;0;0;1;0;0;0;1;0;0;0;0;0;0;1;3;1;0;0;0;0;1;0;0;0
63083;Chanat-la-Mouteyre;84;63;0;0;0;0;0;0;0;0;0;0;0;0;0;0;0;0;1;0;0;1;2;0;0;0;0;0;2;1;0;0;1;0;0;1;0;0;0
63084;Chanonat;84;63;0;0;0;0;0;0;0;0;0;0;0;0;0;0;0;0;0;0;0;0;0;0;0;0;7;4;5;4;1;0;4;0;0;0;1;0;1
63085;Chapdes-Beaufort;84;63;0;0;0;0;0;0;0;0;0;0;0;0;0;0;0;0;0;0;0;1;2;0;0;0;2;2;5;0;0;0;1;0;0;2;0;0;2
63086;La Chapelle-Agnon;84;63;0;0;0;0;0;0;0;0;0;0;0;0;0;0;0;0;0;0;0;1;1;0;0;0;1;0;1;0;0;1;0;0;0;1;0;0;0
63087;La Chapelle-Marcousse;84;63;0;0;0;0;0;0;0;0;0;0;0;0;0;0;0;0;0;0;0;0;0;0;0;0;0;0;0;0;0;0;0;0;0;0;0;0;0
63088;La Chapelle-sur-Usson;84;63;0;0;0;0;0;0;0;0;0;0;0;0;0;0;0;0;0;0;0;0;0;0;0;0;0;0;0;0;0;0;0;0;0;2;0;0;0
63089;Chappes;84;63;0;0;0;0;0;0;0;0;0;0;0;0;0;0;0;0;0;1;0;0;2;1;0;0;1;3;5;1;1;0;2;0;0;2;1;0;1
63090;Chaptuzat;84;63;0;0;0;0;0;0;0;0;0;0;0;0;0;0;0;0;0;0;0;0;1;0;0;0;0;0;0;1;0;0;1;0;0;0;0;0;0
63091;Charbonnier-les-Mines;84;63;0;0;0;0;0;0;0;0;0;0;0;0;0;0;0;0;0;1;0;0;7;0;0;0;2;2;1;1;0;2;2;0;0;1;0;0;0
63092;Charbonnières-les-Varennes;84;63;0;0;0;0;0;0;0;0;0;0;0;0;0;0;0;0;0;0;1;1;2;0;0;0;1;2;4;5;0;0;3;1;0;1;0;0;1
63093;Charbonnières-les-Vieilles;84;63;0;0;0;0;0;0;0;0;0;0;0;0;0;0;0;0;0;0;0;1;1;0;0;0;0;5;4;2;1;0;1;0;0;3;1;0;0
63094;Charensat;84;63;0;0;0;0;0;0;0;0;0;0;0;0;0;0;0;0;1;1;0;0;0;0;0;0;0;1;1;2;0;1;0;0;0;1;0;0;0
63095;Charnat;84;63;0;0;0;0;0;0;0;0;0;0;0;0;0;0;0;0;0;0;0;0;0;0;0;0;1;0;0;1;0;0;0;0;0;0;0;0;0
63096;Chas;84;63;0;0;0;0;0;0;0;0;0;0;0;0;0;0;0;0;0;0;0;0;1;0;0;0;0;2;1;0;3;0;1;0;0;1;0;0;0
63097;Chassagne;84;63;0;0;0;0;0;0;0;0;0;0;0;0;0;0;0;0;0;0;0;0;0;0;0;0;0;0;0;0;0;0;0;0;0;0;0;0;0
63098;Chastreix;84;63;0;0;0;0;0;0;0;0;0;0;0;0;0;0;0;0;0;0;0;1;0;0;0;0;0;0;0;0;0;0;0;0;0;2;0;0;0
63099;Châteaugay;84;63;0;0;0;0;0;0;0;0;0;0;0;0;0;0;0;0;0;1;0;0;8;1;0;0;9;6;7;12;5;0;5;0;1;8;1;0;1
63100;Châteauneuf-les-Bains;84;63;0;0;0;0;0;0;0;0;0;0;0;0;0;0;0;0;0;0;1;0;0;0;0;0;0;0;0;0;0;0;0;0;0;3;0;0;0
63101;Château-sur-Cher;84;63;0;0;0;0;0;0;0;0;0;0;0;0;0;0;0;0;0;0;0;0;0;0;0;0;0;0;0;0;0;0;0;0;0;0;0;0;0
63102;Châteldon;84;63;0;0;0;0;0;0;0;0;0;0;0;0;0;0;0;0;0;1;0;0;1;0;0;0;0;0;0;1;0;0;1;0;0;3;1;0;1
63103;Châtel-Guyon;84;63;0;0;0;0;0;0;0;0;0;0;0;0;0;0;0;3;1;1;0;0;5;0;0;2;13;13;7;11;3;0;13;1;0;15;2;1;4
63104;La Chaulme;84;63;0;0;0;0;0;0;0;0;0;0;0;0;0;0;0;0;0;0;0;0;0;0;0;0;0;0;0;0;0;0;0;0;0;1;0;0;0
63105;Chaumont-le-Bourg;84;63;0;0;0;0;0;0;0;0;0;0;0;0;0;0;0;0;0;0;0;1;1;0;0;0;0;1;1;0;0;0;0;0;0;1;0;0;0
63106;Chauriat;84;63;0;0;0;0;0;0;0;0;0;0;0;0;0;0;0;0;0;1;0;0;3;0;0;0;1;3;6;5;2;0;1;0;0;1;0;0;0
63107;Chavaroux;84;63;0;0;0;0;0;0;0;0;0;0;0;0;0;0;0;0;0;0;0;0;0;0;0;1;2;3;0;0;1;0;0;0;0;0;0;0;0
63108;Le Cheix;84;63;0;0;0;0;0;0;0;0;0;0;0;0;0;0;0;0;0;0;0;1;3;0;0;0;2;0;2;1;0;0;1;0;0;0;0;0;0
63109;Chidrac;84;63;0;0;0;0;0;0;0;0;0;0;0;0;0;0;0;0;0;0;0;0;0;0;0;0;1;1;3;1;1;0;1;0;0;1;0;1;0
63110;Cisternes-la-Forêt;84;63;0;0;0;0;0;0;0;0;0;0;0;0;0;0;0;0;0;0;0;0;0;0;0;0;1;2;1;1;1;0;0;0;0;0;0;0;0
63111;Clémensat;84;63;0;0;0;0;0;0;0;0;0;0;0;0;0;0;0;0;0;0;0;0;0;0;0;0;0;0;1;0;1;0;0;0;0;1;0;0;0
63112;Clerlande;84;63;0;0;0;0;0;0;0;0;0;0;0;0;0;0;0;0;0;0;0;0;0;0;0;0;0;0;0;1;0;0;1;0;0;0;0;0;0
63113;Clermont-Ferrand;84;63;2;0;0;1;1;1;1;1;0;26;0;4;2;0;0;167;12;14;0;0;136;10;12;50;148;295;110;135;135;40;212;12;42;663;165;36;98
63114;Collanges;84;63;0;0;0;0;0;0;0;0;0;0;0;0;0;0;0;0;0;0;0;0;1;0;0;0;1;0;1;0;0;0;0;0;0;0;0;0;0
63115;Combrailles;84;63;0;0;0;0;0;0;0;0;0;0;0;0;0;0;0;0;0;0;0;0;0;0;0;0;0;0;0;0;0;0;0;0;0;0;0;0;0
63116;Combronde;84;63;0;1;0;0;0;0;0;0;0;1;0;0;0;0;0;1;0;1;0;0;8;1;0;2;3;1;9;6;2;1;6;1;1;2;2;0;2
63117;Compains;84;63;0;0;0;0;0;0;0;0;0;0;0;0;0;0;0;0;0;0;0;1;0;0;0;0;0;1;1;0;0;0;0;0;0;4;0;0;0
63118;Condat-en-Combraille;84;63;0;0;0;0;0;0;0;0;0;0;0;0;0;0;0;0;0;0;0;1;2;0;0;0;0;1;3;0;1;0;1;0;0;1;0;0;1
63119;Condat-lès-Montboissier;84;63;0;0;0;0;0;0;0;0;0;0;0;0;0;0;0;0;0;0;1;0;0;0;0;0;1;1;1;1;0;0;0;0;0;0;0;0;0
63120;Corent;84;63;0;0;0;0;0;0;0;0;0;0;0;0;0;0;0;0;0;0;0;0;0;0;0;0;2;3;2;2;3;0;0;0;0;1;0;0;1
63121;Coudes;84;63;0;0;0;0;0;0;0;0;0;0;0;0;0;0;0;0;0;1;0;0;0;0;1;1;3;5;2;0;7;0;3;0;0;0;0;0;1
63122;Courgoul;84;63;0;0;0;0;0;0;0;0;0;0;0;0;0;0;0;0;0;0;0;0;0;0;0;0;0;0;0;0;0;0;0;0;0;0;0;0;0
63123;Cournols;84;63;0;0;0;0;0;0;0;0;0;0;0;0;0;0;0;0;0;0;0;0;0;0;0;0;0;0;1;0;0;0;0;0;0;0;0;0;0
63124;Cournon-d'Auvergne;84;63;1;0;0;0;0;0;0;0;0;0;0;1;0;0;0;16;2;2;0;0;41;2;1;6;15;24;22;25;20;7;34;6;1;39;21;4;15
63125;Courpière;84;63;0;1;0;0;0;0;0;0;0;1;0;0;0;0;0;4;1;1;0;0;15;1;0;3;7;8;6;1;5;1;8;3;0;14;6;1;5
63126;Le Crest;84;63;0;0;0;0;0;0;0;0;0;0;0;0;0;0;0;0;0;0;0;0;1;0;0;0;4;1;1;2;2;0;1;0;0;1;0;0;0
63127;Creste;84;63;0;0;0;0;0;0;0;0;0;0;0;0;0;0;0;0;0;0;0;0;0;0;0;0;0;0;0;0;0;1;0;0;0;0;0;0;0
63128;Crevant-Laveine;84;63;0;0;0;0;0;0;0;0;0;0;0;0;0;0;0;0;0;0;0;1;1;0;0;0;5;1;3;1;2;0;0;0;0;2;0;0;0
63129;Cros;84;63;0;0;0;0;0;0;0;0;0;0;0;0;0;0;0;0;0;0;0;0;0;0;0;0;0;1;0;1;0;0;1;0;0;1;0;0;0
63130;La Crouzille;84;63;0;0;0;0;0;0;0;0;0;0;0;0;0;0;0;0;0;0;0;0;2;0;0;0;0;0;0;3;2;0;0;0;0;0;0;0;0
63131;Culhat;84;63;0;0;0;0;0;0;0;0;0;0;0;0;0;0;0;0;0;0;1;0;2;0;0;0;2;0;2;4;6;1;0;0;0;1;0;0;0
63132;Cunlhat;84;63;0;1;0;0;0;0;0;0;0;1;0;0;1;0;0;1;2;1;0;0;2;0;0;0;4;1;3;2;1;1;2;2;0;4;0;0;0
63133;Dallet;84;63;0;0;0;0;0;0;0;0;0;0;0;0;0;0;0;0;0;1;0;0;3;0;0;0;2;2;0;2;1;0;2;0;0;4;0;0;0
63134;Dauzat-sur-Vodable;84;63;0;0;0;0;0;0;0;0;0;0;0;0;0;0;0;0;0;0;0;0;0;0;0;0;1;0;1;0;0;0;0;0;0;0;0;0;0
63135;Davayat;84;63;0;0;0;0;0;0;0;0;0;0;0;0;0;0;0;0;0;0;0;0;0;0;0;0;0;4;0;1;1;1;0;0;0;1;0;0;0
63136;Domaize;84;63;0;0;0;0;0;0;0;0;0;0;0;0;0;0;0;0;0;0;0;0;0;0;0;0;0;0;0;1;0;0;0;0;0;1;0;0;0
63137;Doranges;84;63;0;0;0;0;0;0;0;0;0;0;0;0;0;0;0;0;0;0;0;1;0;0;0;0;0;0;0;0;0;0;0;0;0;0;0;0;0
63138;Dorat;84;63;0;0;0;0;0;0;0;0;0;0;0;0;0;0;0;0;1;0;0;0;1;0;0;0;1;1;0;0;0;0;0;0;0;0;0;0;0
63139;Dore-l'Église;84;63;0;0;0;0;0;0;0;0;0;0;0;0;0;0;0;0;0;0;0;1;1;0;0;0;1;1;1;0;1;0;0;0;0;4;1;0;0
63140;Durmignat;84;63;0;0;0;0;0;0;0;0;0;0;0;0;0;0;0;0;0;0;0;0;0;0;0;0;1;0;0;0;2;0;0;0;0;0;0;0;0
63141;Durtol;84;63;0;0;0;0;0;0;0;0;0;0;0;0;0;0;0;2;0;1;0;0;1;0;0;1;0;3;1;3;0;1;1;0;0;3;1;0;1
63142;Échandelys;84;63;0;0;0;0;0;0;0;0;0;0;0;0;0;0;0;0;0;0;1;0;0;0;0;0;0;0;1;1;0;0;0;0;0;1;1;0;0
63143;Effiat;84;63;0;0;0;0;0;0;0;0;0;0;0;0;0;0;0;0;0;0;1;0;1;0;0;0;2;0;5;1;0;0;0;0;0;2;0;0;1
63144;Égliseneuve-d'Entraigues;84;63;0;0;0;0;0;0;0;0;0;0;0;0;0;0;0;0;0;1;0;0;1;0;0;0;0;0;0;3;0;2;1;3;0;3;1;0;0
63145;Égliseneuve-des-Liards;84;63;0;0;0;0;0;0;0;0;0;0;0;0;0;0;0;0;0;0;0;0;0;0;0;0;0;0;1;0;1;0;0;0;0;1;0;0;0
63146;Égliseneuve-près-Billom;84;63;0;0;0;0;0;0;0;0;0;0;0;0;0;0;0;0;0;0;0;1;1;0;0;0;0;0;2;0;1;0;0;0;0;1;0;0;0
63147;Églisolles;84;63;0;0;0;0;0;0;0;0;0;0;0;0;0;0;0;0;0;0;0;0;1;0;0;0;0;0;5;1;0;0;0;0;0;0;0;0;0
63148;Ennezat;84;63;0;1;0;0;0;0;0;0;0;0;0;0;0;0;0;1;0;1;0;0;6;0;0;1;2;3;6;3;4;0;3;0;0;2;0;0;1
63149;Entraigues;84;63;0;0;0;0;0;0;0;0;0;0;0;0;0;0;0;0;0;0;1;0;1;0;0;0;3;3;1;1;1;0;0;0;0;1;0;0;0
63150;Enval;84;63;0;0;0;0;0;0;0;0;0;0;0;0;0;0;0;0;0;0;0;1;5;0;0;0;3;4;4;1;3;0;1;0;0;1;0;1;0
63151;Escoutoux;84;63;0;0;0;0;0;0;0;0;0;0;0;0;0;0;0;0;0;0;0;0;2;0;0;0;2;1;6;0;0;0;1;0;0;4;1;0;1
63152;Espinasse;84;63;0;0;0;0;0;0;0;0;0;0;0;0;1;0;0;0;0;0;0;1;0;0;0;0;1;0;0;0;0;0;1;0;0;1;0;0;0
63153;Espinchal;84;63;0;0;0;0;0;0;0;0;0;0;0;0;0;0;0;0;0;0;0;1;0;0;0;0;0;0;0;1;0;0;0;0;0;0;0;0;0
63154;Espirat;84;63;0;0;0;0;0;0;0;0;0;0;0;0;0;0;0;0;0;0;0;0;1;0;0;0;1;1;2;1;0;0;1;0;0;1;0;0;0
63155;Estandeuil;84;63;0;0;0;0;0;0;0;0;0;0;0;0;0;0;0;0;0;0;0;0;0;0;0;0;1;0;0;1;1;0;0;0;0;1;0;0;1
63156;Esteil;84;63;0;0;0;0;0;0;0;0;0;0;0;0;0;0;0;0;0;0;0;0;1;0;0;0;0;0;0;0;0;0;0;0;0;0;0;0;0
63157;Fayet-le-Château;84;63;0;0;0;0;0;0;0;0;0;0;0;0;0;0;0;0;0;0;0;0;0;0;0;0;2;0;3;1;1;0;0;0;0;0;0;0;0
63158;Fayet-Ronaye;84;63;0;0;0;0;0;0;0;0;0;0;0;0;0;0;0;0;0;0;0;0;0;0;0;0;0;0;0;0;0;0;0;0;0;0;0;0;0
63159;Fernoël;84;63;0;0;0;0;0;0;0;0;0;0;0;0;0;0;0;0;0;0;0;0;0;0;0;0;0;0;0;0;1;0;0;0;0;0;0;0;0
63160;Aulhat-Flat;84;63;0;0;0;0;0;0;0;0;0;0;0;0;0;0;0;0;0;0;0;0;0;0;0;0;0;0;0;0;4;0;0;0;0;0;0;0;0
63161;La Forie;84;63;0;0;0;0;0;0;0;0;0;0;0;0;0;0;0;0;0;0;1;0;0;0;0;0;2;1;1;0;0;0;0;0;0;1;0;0;0
63162;Fournols;84;63;0;0;0;0;0;0;0;0;0;0;0;0;0;0;0;0;0;0;1;0;0;0;0;0;1;1;1;1;0;0;1;0;0;2;0;0;0
63163;Gelles;84;63;0;0;0;0;0;0;0;0;0;0;0;0;0;0;0;0;0;1;0;0;3;0;0;0;3;2;5;5;3;0;3;0;0;3;0;0;1
63164;Gerzat;84;63;1;0;0;0;0;0;0;0;0;0;0;0;0;0;0;7;0;1;0;0;25;3;3;4;23;21;11;11;12;2;13;4;0;21;7;5;9
63165;Giat;84;63;0;0;0;0;0;0;0;0;0;0;0;0;0;0;0;2;0;1;0;0;4;0;0;1;1;1;4;1;2;0;5;2;0;2;0;0;1
63166;Gignat;84;63;0;0;0;0;0;0;0;0;0;0;0;0;0;0;0;0;0;0;0;0;0;0;0;0;0;1;0;1;1;0;1;0;0;0;0;0;0
63167;Gimeaux;84;63;0;0;0;0;0;0;0;0;0;0;0;0;0;0;0;0;0;0;0;1;2;0;0;0;0;1;4;2;0;0;0;0;0;1;0;0;0
63168;Glaine-Montaigut;84;63;0;0;0;0;0;0;0;0;0;0;0;0;0;0;0;0;0;0;1;0;0;0;0;0;1;2;1;0;0;0;0;0;0;1;0;0;1
63169;La Godivelle;84;63;0;0;0;0;0;0;0;0;0;0;0;0;0;0;0;0;0;0;0;0;0;0;0;0;0;0;0;0;0;0;0;0;0;0;0;0;0
63170;La Goutelle;84;63;0;0;0;0;0;0;0;0;0;0;0;0;0;0;0;0;0;0;0;1;2;0;0;0;2;1;0;1;1;0;0;0;0;1;0;0;0
63171;Gouttières;84;63;0;0;0;0;0;0;0;0;0;0;0;0;0;0;0;0;1;0;1;0;1;0;0;0;1;0;0;1;0;0;0;0;0;1;0;0;0
63172;Grandeyrolles;84;63;0;0;0;0;0;0;0;0;0;0;0;0;0;0;0;0;0;0;0;0;0;0;0;0;0;0;0;1;0;0;0;0;0;0;0;0;0
63173;Grandrif;84;63;0;0;0;0;0;0;0;0;0;0;0;0;0;0;0;0;0;0;1;0;0;0;0;0;1;1;0;0;0;0;0;0;0;1;0;0;0
63174;Grandval;84;63;0;0;0;0;0;0;0;0;0;0;0;0;0;0;0;0;0;0;0;0;1;0;0;0;0;0;0;0;0;0;0;0;0;0;0;0;0
63175;Herment;84;63;0;1;0;0;0;0;0;0;0;0;0;0;0;0;0;0;0;0;0;1;1;0;0;0;0;0;1;2;1;0;1;0;0;0;0;0;0
63176;Heume-l'Église;84;63;0;0;0;0;0;0;0;0;0;0;0;0;0;0;0;0;0;0;0;0;0;0;0;0;0;0;0;0;0;0;0;0;0;0;0;0;0
63177;Isserteaux;84;63;0;0;0;0;0;0;0;0;0;0;0;0;0;0;0;0;0;0;0;0;0;0;0;0;1;0;0;2;1;0;0;0;0;1;0;0;0
63178;Issoire;84;63;0;1;0;0;0;0;0;0;0;4;0;1;0;0;0;15;4;1;0;0;38;4;1;9;13;31;14;14;10;7;36;4;7;61;13;5;18
63179;Job;84;63;0;0;0;0;0;0;0;0;0;0;0;0;0;0;0;0;0;1;0;0;1;0;0;0;2;3;4;1;3;0;1;0;0;2;0;0;0
63180;Joze;84;63;0;0;0;0;0;0;0;0;0;0;0;0;0;0;0;0;0;1;0;0;2;0;0;1;2;3;0;1;1;0;2;0;0;3;0;0;1
63181;Jozerand;84;63;0;0;0;0;0;0;0;0;0;0;0;0;0;0;0;0;0;0;0;0;0;0;0;0;2;0;1;0;1;0;0;0;0;1;0;0;0
63182;Jumeaux;84;63;0;0;0;0;0;0;0;0;0;1;0;0;0;0;0;0;0;1;0;0;2;0;0;0;1;1;1;0;0;0;1;0;0;1;1;0;1
63183;Labessette;84;63;0;0;0;0;0;0;0;0;0;0;0;0;0;0;0;0;0;0;0;0;0;0;0;0;0;0;0;0;0;0;0;0;0;0;0;0;0
63184;Lachaux;84;63;0;0;0;0;0;0;0;0;0;0;0;0;0;0;0;0;0;0;1;0;1;0;0;0;0;0;1;0;0;0;0;0;0;0;0;0;0
63185;Lamontgie;84;63;0;0;0;0;0;0;0;0;0;0;0;0;0;0;0;0;0;0;0;1;1;0;0;0;0;0;2;1;2;0;1;0;0;0;0;0;1
63186;Landogne;84;63;0;0;0;0;0;0;0;0;0;0;0;0;0;0;0;0;0;0;0;0;0;0;0;0;0;1;0;0;1;0;1;0;0;0;0;0;0
63187;Lapeyrouse;84;63;0;0;0;0;0;0;0;0;0;0;0;0;0;0;0;0;0;0;0;1;2;0;0;0;0;0;1;2;1;0;0;0;0;2;0;0;0
63188;Laps;84;63;0;0;0;0;0;0;0;0;0;0;0;0;0;0;0;0;0;0;0;0;0;0;0;0;0;0;0;1;0;1;0;0;0;0;0;0;0
63189;Laqueuille;84;63;0;0;0;0;0;0;0;0;0;0;0;0;0;0;0;0;0;1;0;0;0;0;0;0;0;2;1;0;3;0;1;0;0;0;0;0;0
63190;Larodde;84;63;0;0;0;0;0;0;0;0;0;0;0;0;0;0;0;0;0;0;0;1;0;0;0;0;0;0;1;2;0;0;0;0;0;1;1;0;0
63191;Lastic;84;63;0;0;0;0;0;0;0;0;0;0;0;0;0;0;0;0;0;0;0;0;0;0;0;0;0;0;0;0;0;0;0;0;0;0;0;0;0
63192;La Tour-d'Auvergne;84;63;0;1;0;0;0;0;0;0;0;0;0;0;0;0;0;1;0;1;0;0;1;0;0;0;1;0;1;2;1;0;3;3;0;4;0;1;0
63193;Lempdes;84;63;0;0;0;0;0;0;0;0;0;0;0;0;0;0;0;3;1;1;0;0;30;2;1;4;17;11;15;10;15;3;12;2;0;21;3;3;10
63194;Lempty;84;63;0;0;0;0;0;0;0;0;0;0;0;0;0;0;0;0;0;0;0;0;0;0;0;0;4;1;2;1;0;0;0;0;0;0;1;0;0
63195;Lezoux;84;63;0;1;0;0;0;0;0;0;0;1;0;0;0;0;0;2;2;1;0;0;15;1;0;2;7;10;5;8;9;1;7;2;0;12;4;1;3
63196;Limons;84;63;0;0;0;0;0;0;0;0;0;0;0;0;0;0;0;0;0;0;0;0;1;0;0;0;2;0;0;0;1;0;2;0;0;2;0;0;1
63197;Lisseuil;84;63;0;0;0;0;0;0;0;0;0;0;0;0;0;0;0;0;0;0;0;0;0;0;0;0;0;0;1;0;0;0;0;0;0;0;0;0;0
63198;Loubeyrat;84;63;0;0;0;0;0;0;0;0;0;0;0;0;0;0;0;0;0;0;0;1;2;0;0;0;1;1;1;2;1;0;1;0;0;4;0;0;0
63199;Ludesse;84;63;0;0;0;0;0;0;0;0;0;0;0;0;0;0;0;0;0;0;0;0;1;0;0;0;0;0;3;4;2;0;0;0;0;0;1;0;0
63200;Lussat;84;63;0;0;0;0;0;0;0;0;0;0;0;0;0;0;0;0;0;0;1;0;1;0;0;0;1;3;2;0;4;0;2;0;0;1;0;0;1
63201;Luzillat;84;63;0;0;0;0;0;0;0;0;0;1;0;0;0;0;0;0;0;0;0;1;1;0;0;0;1;1;2;1;3;0;1;0;0;2;2;0;1
63202;Madriat;84;63;0;0;0;0;0;0;0;0;0;0;0;0;0;0;0;0;0;0;0;0;0;0;0;0;0;0;1;0;0;1;0;0;0;0;0;0;0
63203;Malauzat;84;63;0;0;0;0;0;0;0;0;0;0;0;0;0;0;0;0;0;0;0;0;3;1;0;0;1;2;1;1;0;1;1;0;0;0;0;0;0
63204;Malintrat;84;63;0;0;0;0;0;0;0;0;0;0;0;0;0;0;0;0;0;0;0;0;1;0;0;0;1;4;4;2;1;0;1;0;0;1;0;0;0
63205;Manglieu;84;63;0;0;0;0;0;0;0;0;0;0;0;0;0;0;0;0;0;0;0;1;2;0;0;0;1;0;0;1;0;0;0;0;0;0;0;0;0
63206;Manzat;84;63;0;0;0;0;0;0;0;0;0;1;0;0;0;0;0;1;1;1;0;0;2;0;0;1;3;1;9;1;4;2;1;1;0;5;1;0;2
63207;Marat;84;63;0;0;0;0;0;0;0;0;0;0;0;0;0;0;0;0;0;0;1;0;1;0;0;0;0;0;4;2;0;0;1;0;0;1;1;0;0
63208;Marcillat;84;63;0;0;0;0;0;0;0;0;0;0;0;0;0;0;0;0;0;0;0;0;1;0;0;0;0;0;2;1;0;0;0;0;0;0;0;0;0
63209;Mareugheol;84;63;0;0;0;0;0;0;0;0;0;0;0;0;0;0;0;0;0;0;0;0;0;0;0;0;0;0;1;0;0;0;0;0;0;0;0;0;0
63210;Maringues;84;63;0;1;0;0;0;0;0;0;0;0;0;0;0;0;0;2;0;1;0;0;7;1;0;1;7;4;5;2;6;0;5;0;1;7;1;0;1
63211;Marsac-en-Livradois;84;63;0;0;0;0;0;0;0;0;0;0;0;0;0;0;0;0;0;1;0;0;4;0;0;0;3;3;7;4;2;1;3;0;0;3;1;0;0
63212;Marsat;84;63;0;0;0;0;0;0;0;0;0;0;0;0;0;0;0;0;0;0;0;1;2;0;0;0;2;2;0;2;1;0;1;0;0;2;0;0;0
63213;Les Martres-d'Artière;84;63;0;0;0;0;0;0;0;0;0;0;0;0;0;0;0;0;0;1;0;0;6;0;0;0;10;5;3;3;3;1;1;0;0;2;0;0;2
63214;Les Martres-de-Veyre;84;63;0;0;0;0;0;0;0;0;0;1;0;0;0;0;0;3;0;1;0;0;12;1;0;2;4;9;16;4;8;2;6;2;0;7;6;0;3
63215;Martres-sur-Morge;84;63;0;0;0;0;0;0;0;0;0;0;0;0;0;0;0;0;0;0;0;0;0;0;0;0;1;0;3;2;1;0;1;0;0;0;0;0;1
63216;Mauzun;84;63;0;0;0;0;0;0;0;0;0;0;0;0;0;0;0;0;0;0;0;0;0;0;0;0;1;0;0;0;0;0;0;0;0;0;0;0;0
63218;Mayres;84;63;0;0;0;0;0;0;0;0;0;0;0;0;0;0;0;0;0;0;0;0;0;0;0;0;0;1;0;1;0;0;0;0;0;0;0;0;0
63219;Mazaye;84;63;0;0;0;0;0;0;0;0;0;0;0;0;0;0;0;0;0;0;0;0;3;0;0;0;2;2;1;1;1;1;0;0;0;1;1;0;0
63220;Mazoires;84;63;0;0;0;0;0;0;0;0;0;0;0;0;0;0;0;0;0;0;0;0;0;0;0;0;0;0;0;0;0;0;0;0;0;0;0;0;0
63221;Medeyrolles;84;63;0;0;0;0;0;0;0;0;0;0;0;0;0;0;0;0;0;0;0;0;0;0;0;0;0;0;0;0;0;0;0;0;0;0;0;0;0
63222;Meilhaud;84;63;0;0;0;0;0;0;0;0;0;0;0;0;0;0;0;0;0;0;0;0;0;0;0;0;1;3;1;3;0;0;1;0;0;0;0;0;0
63223;Menat;84;63;0;1;0;0;0;0;0;0;0;0;0;0;0;0;0;0;0;0;0;1;1;0;0;0;0;1;2;1;1;0;1;1;0;3;0;0;0
63224;Ménétrol;84;63;0;0;0;0;0;0;0;0;0;0;0;0;0;0;0;1;0;0;0;0;4;1;0;0;4;8;1;1;2;0;4;1;0;5;0;1;2
63225;Messeix;84;63;0;0;0;0;0;0;0;0;0;0;0;0;0;0;0;1;0;1;0;0;2;0;0;0;1;1;1;3;2;1;2;0;0;2;0;0;1
63226;Mezel;84;63;0;0;0;0;0;0;0;0;0;0;0;0;0;0;0;0;0;1;0;0;2;0;0;1;1;4;5;3;2;0;3;0;0;3;2;0;1
63227;Mirefleurs;84;63;0;0;0;0;0;0;0;0;0;0;0;0;0;0;0;0;0;0;0;1;5;0;0;1;10;8;1;2;3;1;3;0;0;4;1;0;1
63228;Miremont;84;63;0;0;0;0;0;0;0;0;0;0;0;0;0;0;0;0;0;0;1;0;0;0;0;0;0;0;0;0;0;0;0;0;0;4;0;0;0
63229;Moissat;84;63;0;0;0;0;0;0;0;0;0;0;0;0;0;0;0;0;0;0;0;1;2;0;0;0;4;1;1;2;2;0;1;0;0;1;0;0;1
63230;Le Monestier;84;63;0;0;0;0;0;0;0;0;0;0;0;0;0;0;0;0;0;0;0;0;0;0;0;0;0;0;2;0;0;0;0;0;0;1;0;0;0
63231;La Monnerie-le-Montel;84;63;0;0;0;0;0;0;0;0;0;0;0;0;0;0;0;2;0;1;0;0;8;1;0;2;5;5;2;4;1;1;3;0;0;5;0;1;0
63232;Mons;84;63;0;0;0;0;0;0;0;0;0;0;0;0;0;0;0;0;0;0;0;0;0;0;0;0;0;1;5;1;2;0;0;0;0;1;0;0;0
63233;Montaigut;84;63;0;0;0;0;0;0;0;0;0;1;0;0;0;0;0;0;0;1;0;0;2;0;0;0;0;0;0;0;1;0;0;0;0;5;0;0;0
63234;Montaigut-le-Blanc;84;63;0;0;0;0;0;0;0;0;0;0;0;0;0;0;0;0;0;0;0;1;1;0;0;0;1;0;4;3;1;1;2;0;0;0;1;0;0
63235;Montcel;84;63;0;0;0;0;0;0;0;0;0;0;0;0;0;0;0;0;0;0;0;0;0;0;0;0;0;0;3;1;0;2;1;0;0;0;0;0;0
63236;Mont-Dore;84;63;0;0;0;0;0;0;0;0;0;1;0;0;1;0;0;4;0;1;0;0;3;0;0;0;2;2;4;6;6;1;3;1;0;34;7;0;2
63237;Montel-de-Gelat;84;63;0;0;0;0;0;0;0;0;0;0;0;0;0;0;0;0;0;0;0;1;0;0;0;0;2;0;1;1;1;0;1;2;0;1;0;0;0
63238;Montfermy;84;63;0;0;0;0;0;0;0;0;0;0;0;0;0;0;0;0;0;0;0;0;0;0;0;0;0;0;2;0;0;0;0;0;0;1;0;0;0
63239;Montmorin;84;63;0;0;0;0;0;0;0;0;0;0;0;0;0;0;0;0;0;0;0;0;1;0;0;0;1;1;1;2;0;0;0;0;0;0;2;0;0
63240;Montpensier;84;63;0;0;0;0;0;0;0;0;0;0;0;0;0;0;0;0;0;0;0;0;0;0;0;0;0;0;1;0;0;0;0;0;0;1;1;0;0
63241;Montpeyroux;84;63;0;0;0;0;0;0;0;0;0;0;0;0;0;0;0;0;0;0;0;0;0;0;0;0;1;0;0;0;0;0;1;0;0;4;1;0;0
63242;Moriat;84;63;0;0;0;0;0;0;0;0;0;0;0;0;0;0;0;0;0;0;0;0;1;0;0;0;1;1;1;1;0;0;0;0;0;0;0;0;0
63243;Moureuille;84;63;0;0;0;0;0;0;0;0;0;0;0;0;0;0;0;0;0;0;0;0;0;0;0;0;0;1;2;0;0;0;1;0;0;1;0;0;0
63244;Chambaron sur Morge;84;63;0;0;0;0;0;0;0;0;0;0;0;0;0;0;0;0;0;0;0;0;0;0;0;0;1;5;3;4;4;1;1;0;0;2;1;0;0
63245;Mozac;84;63;0;0;0;0;0;0;0;0;1;0;0;0;0;0;0;4;0;1;0;0;11;2;0;0;1;6;9;7;6;0;6;6;1;7;5;1;2
63246;Murat-le-Quaire;84;63;0;0;0;0;0;0;0;0;0;0;0;0;0;0;0;0;0;0;0;0;1;0;0;0;3;2;2;0;2;0;0;0;0;1;1;0;0
63247;Murol;84;63;0;0;0;0;0;0;0;0;0;0;0;0;0;0;0;0;0;1;0;0;2;0;0;0;1;3;1;3;3;0;1;0;0;10;0;2;0
63248;Nébouzat;84;63;0;0;0;0;0;0;0;0;0;0;0;0;0;0;0;0;0;0;1;0;2;0;0;0;2;3;2;4;1;0;1;0;0;3;0;0;0
63249;Néronde-sur-Dore;84;63;0;0;0;0;0;0;0;0;0;0;0;0;0;0;0;0;0;0;0;0;3;0;0;0;3;1;1;1;3;1;1;0;0;1;0;0;1
63250;Neschers;84;63;0;0;0;0;0;0;0;0;0;0;0;0;0;0;0;0;0;0;0;1;0;0;0;0;3;0;0;1;2;0;0;0;0;0;0;0;0
63251;Neuf-Église;84;63;0;0;0;0;0;0;0;0;0;0;0;0;0;0;0;0;0;0;0;0;0;0;0;0;0;1;0;0;1;0;0;0;0;0;0;0;0
63252;Neuville;84;63;0;0;0;0;0;0;0;0;0;0;0;0;0;0;0;0;0;0;0;0;0;0;0;0;0;0;1;1;1;0;0;0;0;0;2;0;1
63253;Noalhat;84;63;0;0;0;0;0;0;0;0;0;0;0;0;0;0;0;0;0;0;0;0;0;0;0;0;1;0;0;0;0;0;1;0;0;0;0;0;0
63254;Nohanent;84;63;0;0;0;0;0;0;0;0;0;0;0;0;0;0;0;0;1;1;0;0;3;1;1;0;1;1;0;1;0;1;3;0;0;2;3;0;1
63255;Nonette-Orsonnette;84;63;0;0;0;0;0;0;0;0;0;0;0;0;0;0;0;0;0;0;0;1;0;0;0;0;2;0;0;0;0;0;0;0;0;2;0;0;0
63256;Novacelles;84;63;0;0;0;0;0;0;0;0;0;0;0;0;0;0;0;0;0;0;0;0;0;0;0;0;2;0;0;0;0;0;0;0;0;1;0;0;0
63257;Olby;84;63;0;0;0;0;0;0;0;0;0;0;0;0;0;0;0;0;0;1;0;0;4;0;0;0;1;2;2;1;1;0;1;0;0;0;0;0;0
63258;Olliergues;84;63;0;1;0;0;0;0;0;0;0;0;0;0;0;0;0;2;0;1;0;0;2;0;0;0;3;1;4;2;0;0;2;0;0;1;0;0;0
63259;Olloix;84;63;0;0;0;0;0;0;0;0;0;0;0;0;0;0;0;0;0;0;0;0;0;0;0;0;0;0;0;1;1;0;0;0;0;0;0;0;0
63260;Olmet;84;63;0;0;0;0;0;0;0;0;0;0;0;0;0;0;0;0;0;0;0;1;0;0;0;0;0;0;0;0;1;0;0;0;0;0;0;0;0
63261;Orbeil;84;63;0;0;0;0;0;0;0;0;0;0;0;0;0;0;0;0;0;0;0;0;1;0;0;0;2;2;0;0;0;0;0;0;0;0;1;0;0
63262;Orcet;84;63;0;0;0;0;0;0;0;0;0;0;0;0;0;0;0;0;0;1;0;0;3;0;0;0;6;4;1;6;3;2;1;0;0;5;2;0;1
63263;Orcines;84;63;0;0;0;0;0;0;0;0;0;0;0;0;0;0;0;0;0;1;0;0;4;0;0;0;1;6;10;5;3;0;3;0;0;14;4;0;2
63264;Orcival;84;63;0;0;0;0;0;0;0;0;0;0;0;0;0;0;0;0;0;0;0;1;0;0;0;0;0;1;0;1;1;0;1;0;0;5;0;0;0
63265;Orléat;84;63;0;0;0;0;0;0;0;0;0;0;0;0;0;0;0;0;0;0;0;1;6;0;0;0;4;1;6;2;5;0;2;0;0;4;1;0;0
63267;Palladuc;84;63;0;0;0;0;0;0;0;0;0;0;0;0;0;0;0;0;0;0;1;0;1;0;0;0;1;2;1;3;0;0;2;0;0;0;1;0;0
63268;Pardines;84;63;0;0;0;0;0;0;0;0;0;0;0;0;0;0;0;0;0;0;0;0;0;0;0;0;1;0;0;0;2;0;0;0;0;0;0;0;0
63269;Parent;84;63;0;0;0;0;0;0;0;0;0;0;0;0;0;0;0;0;0;0;0;0;0;0;0;0;2;2;0;0;1;0;0;0;0;0;0;0;0
63270;Parentignat;84;63;0;0;0;0;0;0;0;0;0;0;0;0;0;0;0;0;0;0;0;1;0;0;0;0;5;0;1;2;0;0;0;0;0;0;1;0;0
63271;Paslières;84;63;0;0;0;0;0;0;0;0;0;0;0;0;0;0;0;0;0;0;0;1;2;0;0;0;2;0;4;3;4;0;0;0;0;3;1;0;1
63272;Pérignat-lès-Sarliève;84;63;0;0;0;0;0;0;0;0;0;0;0;0;0;0;0;0;0;1;0;0;2;0;0;2;1;11;0;3;0;0;3;0;0;1;3;0;1
63273;Pérignat-sur-Allier;84;63;0;0;0;0;0;0;0;0;0;0;0;0;0;0;0;0;0;0;0;1;1;0;0;0;3;5;3;3;3;1;2;0;0;4;2;0;2
63274;Perpezat;84;63;0;0;0;0;0;0;0;0;0;0;0;0;0;0;0;0;0;0;0;0;1;0;0;0;0;0;0;4;0;0;1;0;0;2;0;0;0
63275;Perrier;84;63;0;0;0;0;0;0;0;0;0;0;0;0;0;0;0;0;0;0;0;1;3;0;0;1;0;0;0;2;0;0;0;0;0;2;1;0;0
63276;Peschadoires;84;63;0;0;0;0;0;0;0;0;0;0;0;0;0;0;0;0;2;1;0;0;9;0;0;1;9;3;2;1;3;1;2;0;0;5;1;0;4
63277;Peslières;84;63;0;0;0;0;0;0;0;0;0;0;0;0;0;0;0;0;0;0;0;0;0;0;0;0;0;1;0;0;0;0;0;0;0;0;0;0;0
63278;Pessat-Villeneuve;84;63;0;0;0;0;0;0;0;0;0;0;0;0;0;0;0;0;0;0;0;0;1;0;0;0;2;2;1;0;2;0;1;0;0;1;1;0;0
63279;Picherande;84;63;0;0;0;0;0;0;0;0;0;0;0;0;0;0;0;0;0;0;0;1;2;0;0;0;3;1;1;0;1;0;0;0;0;3;0;0;0
63280;Pignols;84;63;0;0;0;0;0;0;0;0;0;0;0;0;0;0;0;0;0;0;0;0;0;0;0;0;0;0;1;0;0;1;0;0;0;0;0;0;0
63281;Pionsat;84;63;0;1;0;0;0;0;0;0;0;0;0;0;0;0;0;1;0;1;0;0;4;0;0;0;4;2;2;1;0;0;2;0;0;2;2;1;0
63282;Plauzat;84;63;0;0;0;0;0;0;0;0;0;0;0;0;0;0;0;0;0;1;0;0;3;0;0;0;3;4;4;2;2;1;1;0;0;4;2;0;2
63283;Pontaumur;84;63;0;1;0;0;0;0;0;0;0;1;0;0;0;0;0;2;1;1;0;0;6;1;0;1;0;1;1;1;1;1;3;1;0;2;2;0;0
63284;Pont-du-Château;84;63;0;1;0;0;0;0;0;0;0;1;0;0;0;0;0;7;2;1;0;0;17;1;1;3;17;23;12;33;16;6;15;7;0;19;8;2;8
63285;Pontgibaud;84;63;0;1;0;0;0;0;0;0;0;0;0;0;0;0;0;2;1;1;0;0;4;0;0;2;0;3;2;3;5;0;3;5;0;1;0;0;1
63286;Pouzol;84;63;0;0;0;0;0;0;0;0;0;0;0;0;0;0;0;0;0;0;0;0;0;0;0;0;0;0;1;0;1;0;0;0;0;0;0;0;0
63287;Les Pradeaux;84;63;0;0;0;0;0;0;0;0;0;0;0;0;0;0;0;0;0;0;0;0;0;0;0;0;0;3;1;0;0;0;2;0;0;1;0;0;1
63288;Prompsat;84;63;0;0;0;0;0;0;0;0;0;0;0;0;0;0;0;0;0;0;0;0;0;0;0;0;1;0;1;0;0;0;0;0;0;2;0;0;0
63289;Prondines;84;63;0;0;0;0;0;0;0;0;0;0;0;0;0;0;0;0;0;0;0;0;0;0;0;0;0;0;1;0;0;1;1;0;0;1;0;0;0
63290;Pulvérières;84;63;0;0;0;0;0;0;0;0;0;0;0;0;0;0;0;0;0;0;0;0;0;0;0;0;0;2;2;1;0;0;0;0;0;2;0;0;0
63291;Puy-Guillaume;84;63;0;1;0;0;0;0;0;0;0;0;0;0;0;0;0;2;1;1;0;0;7;1;0;2;1;4;3;4;3;2;7;2;0;12;4;3;3
63292;Puy-Saint-Gulmier;84;63;0;0;0;0;0;0;0;0;0;0;0;0;0;0;0;0;0;0;0;0;0;0;0;0;0;1;1;0;0;0;0;0;0;0;0;0;0
63293;Le Quartier;84;63;0;0;0;0;0;0;0;0;0;0;0;0;0;0;0;0;0;0;0;0;0;0;0;0;0;0;0;0;0;0;0;0;0;0;0;0;0
63294;Queuille;84;63;0;0;0;0;0;0;0;0;0;0;0;0;0;0;0;0;1;0;0;0;0;0;0;0;0;0;0;0;0;0;0;0;0;0;0;0;0
63295;Randan;84;63;0;1;0;0;0;0;0;0;0;0;0;0;0;0;0;1;0;1;0;0;5;0;0;1;3;3;2;4;3;2;2;1;0;2;4;0;2
63296;Ravel;84;63;0;0;0;0;0;0;0;0;0;0;0;0;0;0;0;0;0;0;0;0;0;0;0;0;3;1;2;4;1;0;0;0;0;1;0;0;0
63297;Reignat;84;63;0;0;0;0;0;0;0;0;0;0;0;0;0;0;0;0;0;0;0;0;0;0;0;0;0;1;0;1;2;0;0;0;0;0;0;0;0
63298;La Renaudie;84;63;0;0;0;0;0;0;0;0;0;0;0;0;0;0;0;0;0;0;0;1;0;0;0;0;0;0;1;0;0;0;0;0;0;2;0;0;0
63299;Rentières;84;63;0;0;0;0;0;0;0;0;0;0;0;0;0;0;0;0;0;0;0;0;0;0;0;0;0;1;0;0;1;0;0;0;0;0;0;0;0
63300;Riom;84;63;1;0;1;0;1;1;0;0;0;5;0;1;0;0;0;12;4;1;0;0;26;2;2;8;22;32;15;21;13;6;35;4;4;67;24;3;13
63301;Ris;84;63;0;0;0;0;0;0;0;0;0;0;0;0;0;0;0;0;0;0;1;0;2;0;0;0;2;0;5;1;2;1;0;0;0;3;0;0;0
63302;La Roche-Blanche;84;63;0;0;0;0;0;0;0;0;0;0;0;0;0;0;0;1;0;1;0;0;14;0;0;1;12;9;8;9;6;5;6;0;0;3;0;1;2
63303;Roche-Charles-la-Mayrand;84;63;0;0;0;0;0;0;0;0;0;0;0;0;0;0;0;0;0;0;0;0;0;0;0;0;0;0;0;0;0;1;0;0;0;0;0;0;0
63304;Roche-d'Agoux;84;63;0;0;0;0;0;0;0;0;0;0;0;0;0;0;0;0;1;0;0;0;0;0;0;0;1;0;0;0;0;0;0;0;0;0;0;0;0
63305;Rochefort-Montagne;84;63;0;1;0;0;0;0;0;0;0;1;0;0;1;0;0;1;0;1;0;0;0;0;0;0;2;2;1;1;3;0;3;4;0;1;1;0;1
63306;La Roche-Noire;84;63;0;0;0;0;0;0;0;0;0;0;0;0;0;0;0;0;0;0;0;0;0;0;0;0;1;0;3;4;3;0;0;0;0;0;2;0;0
63307;Romagnat;84;63;0;1;0;0;0;0;0;0;0;0;0;0;0;0;0;3;0;1;0;0;11;1;2;2;9;23;15;13;6;2;7;1;0;10;6;0;4
63308;Royat;84;63;0;0;0;0;0;0;0;0;0;0;0;0;0;0;0;3;1;1;0;0;5;0;0;0;1;6;1;10;4;2;11;1;0;11;9;2;3
63309;Saillant;84;63;0;0;0;0;0;0;0;0;0;0;0;0;0;0;0;0;0;0;1;0;0;0;0;0;1;2;1;1;1;0;0;0;0;1;0;0;0
63310;Sainte-Agathe;84;63;0;0;0;0;0;0;0;0;0;0;0;0;0;0;0;0;0;0;0;0;0;0;0;0;0;1;0;0;0;0;0;0;0;0;0;0;0
63311;Saint-Agoulin;84;63;0;0;0;0;0;0;0;0;0;0;0;0;0;0;0;0;0;0;0;0;0;0;0;0;0;0;0;1;1;0;1;0;0;1;1;0;0
63312;Saint-Alyre-d'Arlanc;84;63;0;0;0;0;0;0;0;0;0;0;0;0;0;0;0;0;0;0;0;1;0;0;0;0;2;0;0;0;0;0;0;0;0;2;0;0;0
63313;Saint-Alyre-ès-Montagne;84;63;0;0;0;0;0;0;0;0;0;0;0;0;0;0;0;0;0;0;0;1;0;0;0;0;0;0;1;0;0;0;0;0;0;2;0;0;0
63314;Saint-Amant-Roche-Savine;84;63;0;1;0;0;0;0;0;0;0;0;0;0;0;0;0;0;0;1;0;0;0;0;0;0;1;1;2;0;0;0;1;0;0;2;0;0;0
63315;Saint-Amant-Tallende;84;63;0;1;0;0;0;0;0;0;0;1;0;0;0;0;0;2;0;1;0;0;1;0;0;1;0;3;1;4;3;0;4;0;0;3;2;0;2
63317;Saint-André-le-Coq;84;63;0;0;0;0;0;0;0;0;0;0;0;0;0;0;0;0;0;0;0;0;0;0;0;0;1;1;0;2;1;0;0;0;0;1;0;0;0
63318;Saint-Angel;84;63;0;0;0;0;0;0;0;0;0;0;0;0;0;0;0;0;0;0;0;0;0;0;0;0;1;1;3;2;2;0;0;0;0;1;0;0;0
63319;Saint-Anthème;84;63;0;1;0;0;0;0;0;0;0;0;0;0;0;0;0;1;1;1;0;0;3;0;1;0;2;1;3;1;1;0;2;0;0;3;1;0;0
63320;Saint-Avit;84;63;0;0;0;0;0;0;0;0;0;0;0;0;0;0;0;0;0;0;0;1;3;1;0;0;0;0;0;0;0;0;1;0;0;0;0;0;0
63321;Saint-Babel;84;63;0;0;0;0;0;0;0;0;0;0;0;0;0;0;0;0;0;0;0;0;4;0;1;0;2;0;3;2;3;0;0;0;0;2;0;0;0
63322;Saint-Beauzire;84;63;0;0;0;0;0;0;0;0;0;0;0;0;0;0;0;0;0;1;0;0;1;0;0;1;5;3;5;5;2;1;5;0;1;3;3;0;1
63323;Saint-Bonnet-le-Bourg;84;63;0;0;0;0;0;0;0;0;0;0;0;0;0;0;0;0;0;0;0;0;0;0;0;0;0;0;0;0;0;0;0;0;0;0;0;0;0
63324;Saint-Bonnet-le-Chastel;84;63;0;0;0;0;0;0;0;0;0;0;0;0;0;0;0;0;0;0;0;1;0;0;0;0;2;0;1;0;2;0;1;0;0;1;0;0;0
63325;Saint-Bonnet-lès-Allier;84;63;0;0;0;0;0;0;0;0;0;0;0;0;0;0;0;0;0;0;0;0;0;0;0;0;0;2;1;2;0;0;0;0;0;0;1;0;0
63326;Saint-Bonnet-près-Orcival;84;63;0;0;0;0;0;0;0;0;0;0;0;0;0;0;0;0;0;0;0;1;0;0;0;0;0;0;2;1;0;0;0;0;0;1;0;0;0
63327;Saint-Bonnet-près-Riom;84;63;0;0;0;0;0;0;0;0;0;0;0;0;0;0;0;0;0;0;0;1;3;1;0;0;5;1;6;5;2;0;1;0;0;3;0;0;2
63328;Sainte-Catherine;84;63;0;0;0;0;0;0;0;0;0;0;0;0;0;0;0;0;0;0;0;0;1;0;0;0;0;0;0;0;0;0;0;0;0;1;0;0;0
63329;Sainte-Christine;84;63;0;0;0;0;0;0;0;0;0;0;0;0;0;0;0;0;0;0;0;0;0;0;0;0;0;0;2;0;0;0;1;0;0;0;0;0;0
63330;Saint-Cirgues-sur-Couze;84;63;0;0;0;0;0;0;0;0;0;0;0;0;0;0;0;0;0;0;0;1;1;0;0;0;2;0;0;0;0;0;0;0;0;0;0;0;0
63331;Saint-Clément-de-Valorgue;84;63;0;0;0;0;0;0;0;0;0;0;0;0;0;0;0;0;0;0;0;0;1;0;0;0;0;0;2;1;0;0;0;0;0;1;0;0;0
63332;Saint-Clément-de-Régnat;84;63;0;0;0;0;0;0;0;0;0;0;0;0;0;0;0;0;0;0;0;0;2;0;0;0;1;2;0;0;1;2;0;0;0;0;0;0;0
63333;Saint-Denis-Combarnazat;84;63;0;0;0;0;0;0;0;0;0;0;0;0;0;0;0;0;0;0;0;0;0;0;0;0;0;0;0;0;0;0;0;0;0;0;0;0;0
63334;Saint-Dier-d'Auvergne;84;63;0;1;0;0;0;0;0;0;0;0;0;0;0;0;0;1;0;1;0;0;2;0;0;0;3;1;2;2;0;0;1;0;0;2;0;0;1
63335;Saint-Diéry;84;63;0;0;0;0;0;0;0;0;0;0;0;0;0;0;0;0;0;0;0;1;0;0;0;0;0;0;1;0;1;1;0;0;0;0;0;0;0
63336;Saint-Donat;84;63;0;0;0;0;0;0;0;0;0;0;0;0;0;0;0;0;0;0;0;1;0;0;0;0;0;0;1;1;0;0;0;0;0;0;0;0;0
63337;Saint-Éloy-la-Glacière;84;63;0;0;0;0;0;0;0;0;0;0;0;0;0;0;0;0;0;0;0;0;0;0;0;0;0;0;0;0;0;0;0;0;0;0;0;0;0
63338;Saint-Éloy-les-Mines;84;63;0;1;0;0;0;0;0;0;0;0;0;1;0;0;0;6;1;1;0;0;12;1;1;1;2;8;4;8;2;1;11;3;1;7;6;1;2
63339;Saint-Étienne-des-Champs;84;63;0;0;0;0;0;0;0;0;0;0;0;0;0;0;0;0;0;0;0;0;0;0;0;0;0;0;0;1;0;0;0;0;0;0;0;0;0
63340;Saint-Étienne-sur-Usson;84;63;0;0;0;0;0;0;0;0;0;0;0;0;0;0;0;0;0;0;0;0;0;0;0;0;2;0;0;1;1;0;0;0;0;0;0;0;0
63341;Saint-Ferréol-des-Côtes;84;63;0;0;0;0;0;0;0;0;0;0;0;0;0;0;0;0;0;0;0;0;3;0;0;0;0;2;1;1;0;0;0;0;0;1;0;0;0
63342;Saint-Floret;84;63;0;0;0;0;0;0;0;0;0;0;0;0;0;0;0;0;0;0;0;1;0;0;0;0;2;1;0;0;1;0;0;0;0;0;0;0;0
63343;Saint-Flour;84;63;0;0;0;0;0;0;0;0;0;0;0;0;0;0;0;0;0;0;0;0;1;0;0;0;0;0;1;0;0;0;0;0;0;1;0;0;0
63344;Saint-Gal-sur-Sioule;84;63;0;0;0;0;0;0;0;0;0;0;0;0;0;0;0;0;0;0;0;0;0;0;0;0;0;0;0;0;0;0;0;0;0;0;1;0;0
63345;Saint-Genès-Champanelle;84;63;0;0;0;0;0;0;0;0;0;0;0;0;0;0;0;0;0;1;0;0;4;0;0;0;3;5;5;6;6;0;4;0;0;5;2;0;0
63346;Saint-Genès-Champespe;84;63;0;0;0;0;0;0;0;0;0;0;0;0;0;0;0;0;0;0;0;1;0;0;0;0;0;0;2;2;2;0;0;0;0;1;0;0;0
63347;Saint-Genès-du-Retz;84;63;0;0;0;0;0;0;0;0;0;0;0;0;0;0;0;0;0;0;0;0;0;0;0;0;2;0;2;1;2;0;0;0;0;1;0;0;0
63348;Saint-Genès-la-Tourette;84;63;0;0;0;0;0;0;0;0;0;0;0;0;0;0;0;0;0;0;0;1;0;0;0;0;0;2;1;0;0;0;0;0;0;0;0;0;0
63349;Saint-Georges-de-Mons;84;63;0;0;0;0;0;0;0;0;0;0;0;0;0;0;0;2;0;1;0;0;3;0;0;0;1;2;5;3;2;0;2;0;0;3;2;0;0
63350;Saint-Georges-sur-Allier;84;63;0;0;0;0;0;0;0;0;0;0;0;0;0;0;0;0;0;0;0;0;1;0;0;0;4;1;1;3;0;0;0;0;0;0;2;0;0
63351;Saint-Germain-près-Herment;84;63;0;0;0;0;0;0;0;0;0;0;0;0;0;0;0;0;0;0;0;0;0;0;0;0;0;0;0;0;0;0;0;0;0;1;0;0;0
63352;Saint-Germain-Lembron;84;63;0;1;0;0;0;0;0;0;0;1;0;0;0;0;0;1;0;1;0;0;5;1;0;1;4;2;3;2;4;1;5;1;0;2;2;0;2
63353;Saint-Germain-l'Herm;84;63;0;1;0;0;0;0;0;0;0;0;0;0;0;0;0;1;0;1;0;0;2;0;0;0;0;1;2;1;2;0;1;0;0;1;0;0;0
63354;Saint-Gervais-d'Auvergne;84;63;0;1;0;0;0;0;0;0;0;1;0;0;0;0;0;2;0;1;0;0;4;1;0;1;3;2;2;2;0;0;4;4;0;5;2;1;0
63355;Saint-Gervais-sous-Meymont;84;63;0;0;0;0;0;0;0;0;0;0;0;0;0;0;0;0;0;0;0;0;0;0;0;0;1;2;2;0;0;0;0;0;0;0;0;0;0
63356;Saint-Gervazy;84;63;0;0;0;0;0;0;0;0;0;0;0;0;0;0;0;0;0;0;0;0;0;0;0;0;2;1;0;1;0;0;1;0;0;0;0;0;0
63357;Saint-Hérent;84;63;0;0;0;0;0;0;0;0;0;0;0;0;0;0;0;0;0;0;0;0;0;0;0;0;0;0;0;0;0;0;0;0;0;0;0;0;0
63358;Saint-Hilaire-la-Croix;84;63;0;0;0;0;0;0;0;0;0;0;0;0;0;0;0;0;0;0;0;0;0;0;0;0;0;0;0;1;0;0;2;0;0;1;0;0;0
63359;Saint-Hilaire-les-Monges;84;63;0;0;0;0;0;0;0;0;0;0;0;0;0;0;0;0;0;0;0;0;0;0;0;0;0;0;1;1;0;0;0;0;0;0;0;0;0
63360;Saint-Hilaire;84;63;0;0;0;0;0;0;0;0;0;0;0;0;0;0;0;0;0;0;0;0;1;0;0;0;0;0;0;1;0;0;0;0;0;0;0;0;0
63362;Saint-Ignat;84;63;0;0;0;0;0;0;0;0;0;0;0;0;0;0;0;0;0;0;0;0;1;0;0;0;0;3;2;1;2;0;0;0;0;0;0;0;1
63363;Saint-Jacques-d'Ambur;84;63;0;0;0;0;0;0;0;0;0;0;0;0;0;0;0;0;0;0;0;0;1;0;0;0;0;0;0;0;1;0;0;0;0;2;0;0;0
63364;Saint-Jean-d'Heurs;84;63;0;0;0;0;0;0;0;0;0;0;0;0;0;0;0;0;0;0;0;0;0;0;0;0;1;3;2;0;1;0;1;0;0;1;0;0;0
63365;Saint-Jean-des-Ollières;84;63;0;0;0;0;0;0;0;0;0;0;0;0;0;0;0;0;0;0;0;1;2;0;0;0;0;0;3;1;0;0;0;0;0;1;1;0;0
63366;Saint-Jean-en-Val;84;63;0;0;0;0;0;0;0;0;0;0;0;0;0;0;0;0;0;0;0;0;1;0;0;0;2;1;0;0;0;0;1;0;0;1;0;0;0
63367;Saint-Jean-Saint-Gervais;84;63;0;0;0;0;0;0;0;0;0;0;0;0;0;0;0;0;0;0;0;0;0;0;0;0;0;0;0;0;0;0;0;0;0;0;0;0;0
63368;Saint-Julien-de-Coppel;84;63;0;0;0;0;0;0;0;0;0;0;0;0;0;0;0;0;0;0;0;1;4;0;0;0;3;1;1;2;0;0;1;0;0;2;0;0;0
63369;Saint-Julien-la-Geneste;84;63;0;0;0;0;0;0;0;0;0;0;0;0;0;0;0;0;0;0;0;0;0;0;0;0;0;0;0;0;0;0;0;0;0;0;0;0;0
63370;Saint-Julien-Puy-Lavèze;84;63;0;0;0;0;0;0;0;0;0;0;0;0;0;0;0;0;0;0;0;0;3;0;0;0;2;1;0;0;0;0;1;0;0;1;0;0;1
63371;Saint-Just;84;63;0;0;0;0;0;0;0;0;0;0;0;0;0;0;0;0;0;0;0;0;0;0;0;0;0;0;0;0;0;0;0;0;0;0;0;0;0
63372;Saint-Laure;84;63;0;0;0;0;0;0;0;0;0;0;0;0;0;0;0;0;1;0;0;0;0;0;0;0;3;1;2;0;0;0;0;0;0;0;0;0;0
63373;Saint-Maigner;84;63;0;0;0;0;0;0;0;0;0;0;0;0;0;0;0;0;0;0;0;0;0;0;0;0;0;1;0;1;0;0;0;0;0;1;1;0;0
63374;Saint-Martin-des-Olmes;84;63;0;0;0;0;0;0;0;0;0;0;0;0;0;0;0;0;0;0;0;0;1;0;0;0;3;0;2;0;1;0;1;0;0;0;0;0;0
63375;Saint-Martin-des-Plains;84;63;0;0;0;0;0;0;0;0;0;0;0;0;0;0;0;0;0;0;0;0;0;0;0;0;0;0;1;0;0;0;0;0;0;1;0;0;0
63376;Saint-Martin-d'Ollières;84;63;0;0;0;0;0;0;0;0;0;0;0;0;0;0;0;0;0;0;0;1;0;0;0;0;0;0;0;0;0;0;0;0;0;0;0;0;0
63377;Saint-Maurice-près-Pionsat;84;63;0;0;0;0;0;0;0;0;0;0;0;0;0;0;0;0;1;0;0;1;2;0;0;0;0;0;0;1;1;1;1;0;0;0;0;0;0
63378;Saint-Maurice;84;63;0;0;0;0;0;0;0;0;0;0;0;0;0;0;0;0;0;0;0;0;0;0;0;0;1;1;1;1;0;0;0;0;0;0;0;0;1
63379;Saint-Myon;84;63;0;0;0;0;0;0;0;0;0;0;0;0;0;0;0;0;0;0;0;0;0;0;0;0;0;2;1;1;1;0;0;0;0;1;0;0;0
63380;Saint-Nectaire;84;63;0;0;0;0;0;0;0;0;0;0;0;0;0;0;0;0;0;1;0;0;2;0;0;0;1;0;4;1;0;1;0;0;0;8;1;0;0
63381;Saint-Ours;84;63;0;0;0;0;0;0;0;0;0;0;0;0;0;0;0;0;0;1;0;0;3;1;0;1;1;2;2;3;2;0;1;0;0;6;1;0;0
63382;Saint-Pardoux;84;63;0;0;0;0;0;0;0;0;0;0;0;0;0;0;0;0;0;1;0;0;3;0;0;0;0;1;2;1;1;0;1;1;0;1;0;0;0
63383;Saint-Pierre-Colamine;84;63;0;0;0;0;0;0;0;0;0;0;0;0;0;0;0;0;0;0;0;0;1;0;0;0;2;0;0;1;1;0;0;0;0;0;0;0;0
63384;Saint-Pierre-la-Bourlhonne;84;63;0;0;0;0;0;0;0;0;0;0;0;0;0;0;0;0;0;0;0;0;0;0;0;0;0;0;0;0;1;0;0;0;0;1;0;0;0
63385;Saint-Pierre-le-Chastel;84;63;0;0;0;0;0;0;0;0;0;0;0;0;0;0;0;0;0;0;0;0;1;0;0;0;0;2;2;1;0;1;0;0;0;2;0;0;0
63386;Saint-Pierre-Roche;84;63;0;0;0;0;0;0;0;0;0;0;0;0;0;0;0;0;0;0;0;0;2;0;0;0;0;4;0;0;1;0;0;0;0;1;0;0;0
63387;Saint-Priest-Bramefant;84;63;0;0;0;0;0;0;0;0;0;0;0;0;0;0;0;0;0;0;0;0;0;0;0;0;1;2;3;1;1;1;0;0;0;1;0;0;0
63388;Saint-Priest-des-Champs;84;63;0;0;0;0;0;0;0;0;0;0;0;0;0;0;0;0;1;1;0;0;1;0;0;0;2;3;4;0;0;0;1;0;0;1;0;0;0
63389;Saint-Quentin-sur-Sauxillanges;84;63;0;0;0;0;0;0;0;0;0;0;0;0;0;0;0;0;0;0;0;0;0;0;0;0;0;0;0;0;1;0;0;0;0;1;0;0;0
63390;Saint-Quintin-sur-Sioule;84;63;0;0;0;0;0;0;0;0;0;0;0;0;0;0;0;0;0;0;0;0;0;0;0;0;2;1;0;1;0;0;0;0;0;1;0;0;0
63391;Saint-Rémy-de-Blot;84;63;0;0;0;0;0;0;0;0;0;0;0;0;0;0;0;0;0;0;0;0;0;0;0;0;2;0;0;1;0;0;0;0;0;3;0;0;0
63392;Saint-Rémy-de-Chargnat;84;63;0;0;0;0;0;0;0;0;0;0;0;0;0;0;0;0;0;0;0;1;0;0;0;0;3;2;1;1;2;0;3;0;0;0;0;0;1
63393;Saint-Rémy-sur-Durolle;84;63;0;1;0;0;0;0;0;0;0;0;0;0;0;0;0;1;0;1;0;0;4;0;1;0;5;1;3;4;4;1;2;0;0;9;1;0;0
63394;Saint-Romain;84;63;0;0;0;0;0;0;0;0;0;0;0;0;0;0;0;0;0;0;1;0;0;0;0;0;1;0;2;1;0;0;0;0;0;0;0;0;0
63395;Saint-Sandoux;84;63;0;0;0;0;0;0;0;0;0;0;0;0;0;0;0;0;0;0;1;0;0;0;0;0;2;1;0;1;0;0;1;0;0;0;1;0;1
63396;Saint-Saturnin;84;63;0;0;0;0;0;0;0;0;0;0;0;0;0;0;0;0;0;0;1;0;1;0;0;0;2;3;2;0;4;0;1;0;0;2;0;0;0
63397;Saint-Sauves-d'Auvergne;84;63;0;0;0;0;0;0;0;0;0;0;0;0;0;0;0;0;0;1;0;0;5;0;0;1;0;1;2;4;2;0;3;5;0;1;0;0;1
63398;Saint-Sauveur-la-Sagne;84;63;0;0;0;0;0;0;0;0;0;0;0;0;0;0;0;0;0;0;0;0;0;0;0;0;0;0;1;0;0;0;0;0;0;0;0;0;0
63399;Saint-Sulpice;84;63;0;0;0;0;0;0;0;0;0;0;0;0;0;0;0;0;0;0;0;0;0;0;0;0;0;0;0;0;0;0;0;0;0;0;0;0;0
63400;Saint-Sylvestre-Pragoulin;84;63;0;0;0;0;0;0;0;0;0;0;0;0;0;0;0;0;0;0;0;0;1;0;0;0;5;2;0;2;0;0;0;0;0;2;0;0;0
63401;Saint-Victor-la-Rivière;84;63;0;0;0;0;0;0;0;0;0;0;0;0;0;0;0;0;0;0;0;0;0;0;0;0;0;0;0;1;0;0;0;0;0;1;0;0;0
63402;Saint-Victor-Montvianeix;84;63;0;0;0;0;0;0;0;0;0;0;0;0;0;0;0;0;0;0;0;0;0;0;0;0;3;1;2;0;0;0;0;0;0;2;0;0;0
63403;Saint-Vincent;84;63;0;0;0;0;0;0;0;0;0;0;0;0;0;0;0;0;0;0;0;0;4;0;0;0;2;2;1;0;0;0;0;0;0;0;0;0;0
63404;Saint-Yvoine;84;63;0;0;0;0;0;0;0;0;0;0;0;0;0;0;0;0;0;0;0;0;0;0;0;0;1;0;1;2;1;1;1;0;0;1;0;0;2
63405;Sallèdes;84;63;0;0;0;0;0;0;0;0;0;0;0;0;0;0;0;0;0;0;0;0;1;0;0;0;0;0;3;2;0;1;1;0;0;2;1;0;0
63406;Sardon;84;63;0;0;0;0;0;0;0;0;0;0;0;0;0;0;0;0;0;0;0;0;1;0;0;0;0;0;0;1;0;0;0;0;0;0;0;0;0
63407;Saulzet-le-Froid;84;63;0;0;0;0;0;0;0;0;0;0;0;0;0;0;0;0;0;0;0;0;0;0;0;0;0;1;1;2;2;0;0;0;0;5;0;0;0
63408;Sauret-Besserve;84;63;0;0;0;0;0;0;0;0;0;0;0;0;0;0;0;0;0;0;0;0;0;0;0;0;0;1;0;0;0;0;0;0;0;0;0;0;0
63409;Saurier;84;63;0;0;0;0;0;0;0;0;0;0;0;0;0;0;0;0;0;0;0;1;1;0;0;0;0;0;0;0;0;0;0;0;0;0;0;0;0
63410;Sauvagnat;84;63;0;0;0;0;0;0;0;0;0;0;0;0;0;0;0;0;0;0;0;0;1;0;0;0;0;0;0;1;0;0;0;0;0;0;0;0;0
63411;Sauvagnat-Sainte-Marthe;84;63;0;0;0;0;0;0;0;0;0;0;0;0;0;0;0;0;0;0;0;0;2;0;0;0;1;1;3;0;1;0;0;0;0;0;0;0;0
63412;Sauvessanges;84;63;0;0;0;0;0;0;0;0;0;0;0;0;0;0;0;0;0;0;0;1;0;0;0;0;2;1;2;1;0;0;0;0;0;0;0;0;0
63413;La Sauvetat;84;63;0;0;0;0;0;0;0;0;0;0;0;0;0;0;0;0;0;0;0;1;1;0;0;0;1;1;2;0;3;0;3;0;0;1;0;0;0
63414;Sauviat;84;63;0;0;0;0;0;0;0;0;0;0;0;0;0;0;0;0;0;0;0;0;0;0;0;0;2;1;0;1;0;1;2;0;0;0;0;0;0
63415;Sauxillanges;84;63;0;1;0;0;0;0;0;0;0;0;0;0;0;0;0;2;1;1;0;0;2;0;0;0;1;4;1;2;2;0;5;0;0;3;1;0;0
63416;Savennes;84;63;0;0;0;0;0;0;0;0;0;0;0;0;0;0;0;0;0;0;0;0;0;0;0;0;0;0;0;0;0;0;0;0;0;0;0;0;0
63417;Sayat;84;63;0;0;0;0;0;0;0;0;0;0;0;0;0;0;0;0;0;1;0;0;1;0;0;1;7;2;6;7;2;1;2;0;0;4;3;0;2
63418;Sermentizon;84;63;0;0;0;0;0;0;0;0;0;0;0;0;0;0;0;0;0;0;0;1;1;0;0;0;3;3;0;2;1;0;2;0;0;2;1;0;0
63419;Servant;84;63;0;0;0;0;0;0;0;0;0;0;0;0;0;0;0;0;0;0;1;0;1;0;0;0;2;0;1;0;1;1;1;0;0;1;0;0;0
63420;Seychalles;84;63;0;0;0;0;0;0;0;0;0;0;0;0;0;0;0;0;0;0;0;1;0;0;0;0;1;1;1;1;4;1;1;0;0;3;0;0;0
63421;Singles;84;63;0;0;0;0;0;0;0;0;0;0;0;0;0;0;0;0;0;0;0;0;0;0;0;0;0;1;1;0;0;1;0;0;0;0;0;0;0
63422;Solignat;84;63;0;0;0;0;0;0;0;0;0;0;0;0;0;0;0;0;0;0;0;0;0;0;0;0;4;0;0;1;0;0;1;0;0;1;1;0;1
63423;Sugères;84;63;0;0;0;0;0;0;0;0;0;0;0;0;0;0;0;0;1;0;0;1;0;0;0;0;0;1;1;1;2;1;0;0;0;1;0;0;0
63424;Surat;84;63;0;0;0;0;0;0;0;0;0;0;0;0;0;0;0;0;0;0;0;0;2;0;0;0;0;2;0;0;0;0;1;0;0;1;0;0;0
63425;Tallende;84;63;0;0;0;0;0;0;0;0;0;0;0;0;0;0;0;0;0;0;1;0;1;0;0;1;1;4;7;1;2;0;2;0;0;2;2;0;3
63426;Tauves;84;63;0;1;0;0;0;0;0;0;0;0;0;0;0;0;0;1;0;1;0;0;3;0;0;0;2;3;3;1;2;1;1;0;0;1;0;0;0
63427;Teilhède;84;63;0;0;0;0;0;0;0;0;0;0;0;0;0;0;0;0;0;0;0;0;2;0;0;0;0;1;0;0;1;0;0;0;0;0;0;0;0
63428;Teilhet;84;63;0;0;0;0;0;0;0;0;0;0;0;0;0;0;0;0;0;0;0;0;0;0;0;0;0;0;0;0;1;0;0;0;0;1;0;0;0
63429;Ternant-les-Eaux;84;63;0;0;0;0;0;0;0;0;0;0;0;0;0;0;0;0;0;0;0;0;0;0;0;0;0;0;0;0;0;0;0;0;0;0;0;0;0
63430;Thiers;84;63;0;1;0;0;1;0;0;0;0;4;0;1;0;0;0;14;4;2;0;0;33;3;1;6;36;30;13;9;13;7;19;2;6;54;7;5;7
63431;Thiolières;84;63;0;0;0;0;0;0;0;0;0;0;0;0;0;0;0;0;0;0;0;0;1;0;0;0;0;0;0;0;0;0;0;0;0;0;0;0;0
63432;Thuret;84;63;0;0;0;0;0;0;0;0;0;0;0;0;0;0;0;0;0;0;0;0;2;0;0;0;0;3;1;3;1;0;0;0;0;2;0;0;0
63433;Tortebesse;84;63;0;0;0;0;0;0;0;0;0;0;0;0;0;0;0;0;0;0;0;0;0;0;0;0;0;0;0;0;0;0;0;0;0;0;0;0;0
63434;Tours-sur-Meymont;84;63;0;0;0;0;0;0;0;0;0;0;0;0;0;0;0;0;0;0;0;1;0;0;0;0;1;1;1;2;1;0;0;0;0;1;0;0;0
63435;Tourzel-Ronzières;84;63;0;0;0;0;0;0;0;0;0;0;0;0;0;0;0;0;0;0;0;0;0;0;0;0;1;0;0;0;0;0;0;0;0;1;0;0;0
63436;Tralaigues;84;63;0;0;0;0;0;0;0;0;0;0;0;0;0;0;0;0;0;0;0;0;0;0;0;0;1;0;0;0;0;0;0;0;0;0;0;0;0
63437;Trémouille-Saint-Loup;84;63;0;0;0;0;0;0;0;0;0;0;0;0;0;0;0;0;0;0;0;0;2;0;0;0;0;0;0;0;0;0;0;0;0;0;0;1;0
63438;Trézioux;84;63;0;0;0;0;0;0;0;0;0;0;0;0;0;0;0;0;0;0;0;0;1;0;0;0;1;2;2;0;0;0;1;0;0;1;0;0;0
63439;Usson;84;63;0;0;0;0;0;0;0;0;0;0;0;0;0;0;0;0;0;0;0;0;0;0;0;0;0;0;0;0;2;0;0;0;0;0;0;0;0
63440;Valbeleix;84;63;0;0;0;0;0;0;0;0;0;0;0;0;0;0;0;0;0;0;0;1;0;0;0;0;0;0;1;0;0;0;0;0;0;0;0;0;0
63441;Valcivières;84;63;0;0;0;0;0;0;0;0;0;0;0;0;0;0;0;0;0;0;0;0;1;0;0;0;2;0;3;0;0;0;1;0;0;0;0;0;0
63442;Valz-sous-Châteauneuf;84;63;0;0;0;0;0;0;0;0;0;0;0;0;0;0;0;0;0;0;0;0;0;0;0;0;0;0;0;1;0;0;0;0;0;0;0;0;0
63443;Varennes-sur-Morge;84;63;0;0;0;0;0;0;0;0;0;0;0;0;0;0;0;0;0;0;0;0;1;0;0;0;0;0;1;1;1;0;0;0;0;1;1;0;0
63444;Varennes-sur-Usson;84;63;0;0;0;0;0;0;0;0;0;0;0;0;0;0;0;0;0;0;0;0;1;0;0;0;1;0;0;0;0;0;0;0;0;0;0;0;0
63445;Vassel;84;63;0;0;0;0;0;0;0;0;0;0;0;0;0;0;0;0;0;0;0;0;0;0;0;0;0;0;1;0;1;0;0;0;0;0;0;0;0
63446;Vensat;84;63;0;0;0;0;0;0;0;0;0;0;0;0;0;0;0;0;0;0;0;0;0;0;0;0;0;0;0;0;1;0;2;0;0;0;0;0;0
63447;Vergheas;84;63;0;0;0;0;0;0;0;0;0;0;0;0;0;0;0;0;0;0;0;0;0;0;0;0;1;0;0;0;0;0;0;0;0;0;0;0;0
63448;Vernet-la-Varenne;84;63;0;0;0;0;0;0;0;0;0;0;0;0;0;0;0;0;0;1;0;0;3;0;0;0;4;0;3;0;0;0;1;0;0;3;2;0;0
63449;Le Vernet-Sainte-Marguerite;84;63;0;0;0;0;0;0;0;0;0;0;0;0;0;0;0;0;0;0;0;0;1;0;0;0;1;0;2;0;1;0;0;0;0;1;0;0;0
63450;Verneugheol;84;63;0;0;0;0;0;0;0;0;0;0;0;0;0;0;0;0;0;0;0;0;0;0;0;0;0;0;0;0;0;0;0;0;0;0;0;1;0
63451;Vernines;84;63;0;0;0;0;0;0;0;0;0;0;0;0;0;0;0;0;0;0;0;0;1;0;0;0;1;0;1;2;0;0;0;0;0;0;0;0;0
63452;Verrières;84;63;0;0;0;0;0;0;0;0;0;0;0;0;0;0;0;0;0;0;0;0;0;0;0;0;0;0;0;0;0;0;0;0;0;0;0;0;0
63453;Vertaizon;84;63;0;1;0;0;0;0;0;0;0;1;0;0;0;0;0;2;0;1;0;0;6;1;0;1;8;10;4;7;2;3;2;0;0;5;2;0;3
63454;Vertolaye;84;63;0;0;0;0;0;0;0;0;0;0;0;0;0;0;0;0;0;1;0;0;3;0;0;0;1;1;1;2;2;0;3;0;0;3;1;0;0
63455;Veyre-Monton;84;63;0;1;0;0;0;0;0;0;0;0;0;0;0;0;0;0;1;1;0;1;12;1;1;0;7;13;7;11;2;2;2;0;0;3;5;0;1
63456;Vichel;84;63;0;0;0;0;0;0;0;0;0;0;0;0;0;0;0;0;0;0;0;0;0;0;0;0;1;0;1;0;0;0;1;0;0;0;0;0;0
63457;Vic-le-Comte;84;63;0;1;0;0;0;0;0;0;0;1;0;0;0;0;0;4;1;1;0;1;6;2;0;2;7;4;6;9;2;2;7;0;1;14;2;2;4
63458;Villeneuve;84;63;0;0;0;0;0;0;0;0;0;0;0;0;0;0;0;0;0;0;0;0;0;0;0;0;0;0;0;0;1;0;0;0;0;0;0;0;1
63459;Villeneuve-les-Cerfs;84;63;0;0;0;0;0;0;0;0;0;0;0;0;0;0;0;0;0;0;0;0;1;0;0;0;0;1;0;1;1;0;0;0;0;0;0;0;0
63460;Villosanges;84;63;0;0;0;0;0;0;0;0;0;0;0;0;0;0;0;0;0;0;0;1;0;0;0;0;1;0;1;0;1;0;0;0;0;0;0;0;0
63461;Vinzelles;84;63;0;0;0;0;0;0;0;0;0;0;0;0;0;0;0;0;0;0;0;0;0;0;0;0;1;0;0;1;1;1;0;0;0;0;0;0;0
63462;Virlet;84;63;0;0;0;0;0;0;0;0;0;0;0;0;0;0;0;0;0;0;0;0;0;0;0;0;3;0;2;0;2;1;0;0;0;0;0;0;0
63463;Viscomtat;84;63;0;0;0;0;0;0;0;0;0;0;0;0;0;0;0;0;0;0;0;1;2;0;0;0;1;0;4;1;1;0;1;0;0;2;0;0;1
63464;Vitrac;84;63;0;0;0;0;0;0;0;0;0;0;0;0;0;0;0;0;0;0;0;0;0;0;0;0;0;1;0;0;0;0;0;0;0;0;0;0;0
63465;Viverols;84;63;0;1;0;0;0;0;0;0;0;0;0;0;1;0;0;1;0;1;0;0;2;0;0;0;3;0;2;1;1;0;1;0;0;2;1;0;1
63466;Vodable;84;63;0;0;0;0;0;0;0;0;0;0;0;0;0;0;0;0;0;0;0;0;0;0;0;0;1;0;0;0;0;0;0;0;0;1;0;0;0
63467;Voingt;84;63;0;0;0;0;0;0;0;0;0;0;0;0;0;0;0;0;0;0;0;0;1;0;0;0;0;0;0;0;0;0;0;0;0;0;0;0;0
63468;Vollore-Montagne;84;63;0;0;0;0;0;0;0;0;0;0;0;0;0;0;0;0;0;0;0;1;1;0;0;1;1;0;4;0;1;0;0;0;0;1;0;0;0
63469;Vollore-Ville;84;63;0;0;0;0;0;0;0;0;0;0;0;0;0;0;0;0;0;0;0;1;1;0;0;0;1;0;1;2;2;1;2;0;0;1;0;0;0
63470;Volvic;84;63;0;1;0;0;0;0;0;0;0;1;0;0;0;0;0;2;2;1;0;0;2;0;0;1;8;9;2;9;7;1;4;0;1;6;1;0;1
63471;Youx;84;63;0;0;0;0;0;0;0;0;0;0;0;0;0;0;0;0;0;0;0;0;0;0;0;0;2;5;2;0;0;0;1;0;0;3;0;0;0
63472;Yronde-et-Buron;84;63;0;0;0;0;0;0;0;0;0;0;0;0;0;0;0;0;0;0;0;0;0;0;0;0;3;1;0;0;1;0;0;0;0;2;1;0;0
63473;Yssac-la-Tourette;84;63;0;0;0;0;0;0;0;0;0;0;0;0;0;0;0;0;0;0;0;0;0;0;0;0;0;0;0;1;2;0;1;0;0;0;0;0;0
64001;Aast;75;64;0;0;0;0;0;0;0;0;0;0;0;0;0;0;0;0;0;0;0;0;0;0;0;0;0;1;0;0;0;0;0;0;0;1;0;0;0
64002;Abère;75;64;0;0;0;0;0;0;0;0;0;0;0;0;0;0;0;0;0;0;0;0;2;0;0;0;1;1;0;0;1;0;0;0;0;0;0;0;0
64003;Abidos;75;64;0;0;0;0;0;0;0;0;0;0;0;0;0;0;0;0;0;0;0;0;2;0;1;0;0;4;2;0;1;0;0;0;0;1;0;0;0
64004;Abitain;75;64;0;0;0;0;0;0;0;0;0;0;0;0;0;0;0;0;0;0;0;0;0;0;0;0;2;1;0;0;1;0;0;0;0;0;0;0;0
64005;Abos;75;64;0;0;0;0;0;0;0;0;0;0;0;0;0;0;0;0;0;0;0;0;4;0;0;0;2;5;1;1;1;0;1;0;0;0;1;0;0
64006;Accous;75;64;0;0;0;0;0;0;0;0;0;0;0;0;0;0;0;0;0;0;0;1;0;0;0;0;2;0;0;1;0;0;2;0;0;1;0;0;1
64007;Agnos;75;64;0;0;0;0;0;0;0;0;0;0;0;0;0;0;0;0;0;0;0;0;3;0;0;0;1;0;1;1;0;0;0;0;0;1;0;0;0
64008;Ahaxe-Alciette-Bascassan;75;64;0;0;0;0;0;0;0;0;0;0;0;0;0;0;0;0;0;0;0;0;1;0;0;0;2;0;0;1;1;0;0;0;0;0;0;0;0
64009;Ahetze;75;64;0;0;0;0;0;0;0;0;0;0;0;0;0;0;0;0;0;0;0;0;2;0;0;0;2;8;9;3;5;0;4;0;0;3;4;0;2
64010;Aïcirits-Camou-Suhast;75;64;0;0;0;0;0;0;0;0;0;0;0;0;0;0;0;0;0;0;0;0;4;0;0;0;0;1;3;2;0;1;3;0;0;0;1;0;0
64011;Aincille;75;64;0;0;0;0;0;0;0;0;0;0;0;0;0;0;0;0;0;0;0;0;0;0;0;0;0;0;0;0;0;0;0;0;0;0;0;0;0
64012;Ainharp;75;64;0;0;0;0;0;0;0;0;0;0;0;0;0;0;0;0;0;0;0;0;0;0;0;0;0;0;1;0;0;0;0;1;0;0;0;0;0
64013;Ainhice-Mongelos;75;64;0;0;0;0;0;0;0;0;0;0;0;0;0;0;0;0;0;0;0;0;0;0;0;0;1;0;0;0;0;0;0;0;0;0;0;0;0
64014;Ainhoa;75;64;0;0;0;0;0;0;0;0;0;0;0;0;0;0;0;0;0;0;1;0;1;0;0;0;6;1;5;2;0;0;1;0;0;2;0;0;1
64015;Alçay-Alçabéhéty-Sunharette;75;64;0;0;0;0;0;0;0;0;0;0;0;0;0;0;0;0;0;0;0;0;1;0;0;0;1;0;1;0;0;0;0;0;0;0;0;0;0
64016;Aldudes;75;64;0;0;0;0;0;0;0;0;0;0;0;0;0;0;0;0;0;1;0;0;0;0;0;0;2;2;2;0;0;0;0;0;0;3;0;0;0
64017;Alos-Sibas-Abense;75;64;0;0;0;0;0;0;0;0;0;0;0;0;0;0;0;0;1;0;0;0;2;0;0;0;1;0;1;0;2;0;0;0;0;1;0;0;0
64018;Amendeuix-Oneix;75;64;0;0;0;0;0;0;0;0;0;0;0;0;0;0;0;0;0;0;0;0;2;2;0;0;1;3;1;0;0;0;2;0;0;3;0;0;0
64019;Amorots-Succos;75;64;0;0;0;0;0;0;0;0;0;0;0;0;0;0;0;0;0;0;0;0;0;0;0;0;2;0;0;0;0;0;0;0;0;0;1;0;0
64020;Ance;75;64;0;0;0;0;0;0;0;0;0;0;0;0;0;0;0;0;0;0;0;0;0;0;0;0;0;0;0;0;1;0;0;0;0;0;0;0;0
64021;Andoins;75;64;0;0;0;0;0;0;0;0;0;0;0;0;0;0;0;0;0;0;0;0;0;0;0;0;2;3;4;1;0;1;0;0;0;0;2;0;1
64022;Andrein;75;64;0;0;0;0;0;0;0;0;0;0;0;0;0;0;0;0;0;0;0;0;0;0;0;0;0;0;2;0;0;0;0;0;0;1;0;0;1
64023;Angaïs;75;64;0;0;0;0;0;0;0;0;0;0;0;0;0;0;0;0;0;0;0;1;0;0;0;0;1;2;0;0;2;0;0;0;0;0;2;0;2
64024;Anglet;75;64;1;0;0;0;0;0;0;0;0;0;1;0;0;0;0;30;3;3;0;0;58;4;9;7;41;79;60;68;58;26;70;11;12;161;132;10;45
64025;Angous;75;64;0;0;0;0;0;0;0;0;0;0;0;0;0;0;0;0;0;0;0;0;0;0;0;0;0;0;1;0;0;0;0;0;0;0;0;0;0
64026;Anhaux;75;64;0;0;0;0;0;0;0;0;0;0;0;0;0;0;0;0;0;0;0;0;0;0;0;0;0;0;2;0;1;0;0;0;0;0;1;0;0
64027;Anos;75;64;0;0;0;0;0;0;0;0;0;0;0;0;0;0;0;0;0;0;0;0;1;0;0;0;2;0;0;1;0;0;0;0;0;1;1;0;0
64028;Anoye;75;64;0;0;0;0;0;0;0;0;0;0;0;0;0;0;0;0;0;0;0;0;1;0;0;0;1;0;0;0;1;0;0;0;0;0;0;0;0
64029;Aramits;75;64;0;1;0;0;0;0;0;0;0;0;0;0;0;0;0;0;0;1;0;0;2;1;0;0;4;1;1;1;0;1;1;0;0;2;0;0;0
64031;Arancou;75;64;0;0;0;0;0;0;0;0;0;0;0;0;0;0;0;0;0;0;0;0;0;0;0;0;0;0;1;0;0;0;0;0;0;0;0;0;1
64032;Araujuzon;75;64;0;0;0;0;0;0;0;0;0;0;0;0;0;0;0;0;0;0;0;0;1;0;0;0;0;0;2;0;1;0;0;0;0;2;1;0;0
64033;Araux;75;64;0;0;0;0;0;0;0;0;0;0;0;0;0;0;0;0;0;0;0;0;0;0;0;0;0;0;0;0;0;0;0;0;0;0;0;0;0
64034;Arbérats-Sillègue;75;64;0;0;0;0;0;0;0;0;0;0;0;0;0;0;0;0;0;0;0;0;0;0;0;0;1;1;2;0;4;0;1;0;0;1;0;0;0
64035;Arbonne;75;64;0;0;0;0;0;0;0;0;0;0;0;0;0;0;0;0;0;0;0;0;3;0;0;0;5;7;9;7;6;3;2;1;0;2;4;0;3
64036;Arbouet-Sussaute;75;64;0;0;0;0;0;0;0;0;0;0;0;0;0;0;0;0;0;0;0;0;0;0;0;0;0;1;2;0;1;0;0;0;0;0;0;0;0
64037;Arbus;75;64;0;0;0;0;0;0;0;0;0;0;0;0;0;0;0;0;0;0;0;0;1;0;0;0;3;3;3;3;2;0;0;0;0;2;0;0;0
64038;Arcangues;75;64;0;0;0;0;0;0;0;0;0;0;0;0;0;0;0;0;0;0;0;0;4;0;0;0;4;10;9;6;7;1;3;0;0;9;4;0;3
64039;Aren;75;64;0;0;0;0;0;0;0;0;0;0;0;0;0;0;0;0;0;0;0;0;0;0;0;0;1;1;1;0;1;0;0;0;0;0;0;0;0
64040;Arette;75;64;0;0;0;0;0;0;0;0;0;0;0;0;0;0;0;0;0;1;0;1;2;0;0;0;3;2;3;1;2;0;1;0;0;12;2;0;0
64041;Aressy;75;64;0;0;0;0;0;0;0;0;0;0;0;0;0;0;0;0;1;0;0;0;3;0;0;0;2;0;1;1;2;0;1;0;0;1;0;0;0
64042;Argagnon;75;64;0;0;0;0;0;0;0;0;0;0;0;0;0;0;0;0;0;0;1;0;0;0;0;0;1;2;2;1;0;0;2;0;0;2;0;0;1
64043;Argelos;75;64;0;0;0;0;0;0;0;0;0;0;0;0;0;0;0;0;0;0;0;0;0;0;0;0;0;0;0;0;0;0;0;0;0;1;0;0;0
64044;Arget;75;64;0;0;0;0;0;0;0;0;0;0;0;0;0;0;0;0;0;0;0;0;0;0;0;0;0;0;1;1;1;0;0;0;0;0;0;0;0
64045;Arhansus;75;64;0;0;0;0;0;0;0;0;0;0;0;0;0;0;0;0;0;0;0;0;0;0;0;0;0;0;0;0;0;0;0;0;0;0;0;0;0
64046;Armendarits;75;64;0;0;0;0;0;0;0;0;0;0;0;0;0;0;0;0;0;0;0;0;1;0;0;0;2;1;1;1;0;0;0;0;0;0;0;0;0
64047;Arnéguy;75;64;0;0;0;0;0;0;0;0;0;0;0;0;0;0;0;0;0;0;0;1;0;0;0;0;1;0;1;0;1;0;1;0;0;1;0;0;0
64048;Arnos;75;64;0;0;0;0;0;0;0;0;0;0;0;0;0;0;0;0;0;0;0;0;1;0;0;1;0;0;1;0;1;0;0;0;0;1;0;0;0
64049;Aroue-Ithorots-Olhaïby;75;64;0;0;0;0;0;0;0;0;0;0;0;0;0;0;0;0;0;0;0;0;0;0;0;0;0;0;0;0;0;0;0;0;0;3;0;0;0
64050;Arrast-Larrebieu;75;64;0;0;0;0;0;0;0;0;0;0;0;0;0;0;0;0;0;0;0;0;0;0;0;0;0;0;0;0;1;0;0;0;0;0;1;0;0
64051;Arraute-Charritte;75;64;0;0;0;0;0;0;0;0;0;0;0;0;0;0;0;0;0;0;0;0;0;0;0;0;1;0;3;0;1;0;1;0;0;0;0;0;0
64052;Arricau-Bordes;75;64;0;0;0;0;0;0;0;0;0;0;0;0;0;0;0;0;0;0;0;0;0;0;0;0;0;0;0;0;0;0;0;0;0;0;1;0;0
64053;Arrien;75;64;0;0;0;0;0;0;0;0;0;0;0;0;0;0;0;0;0;0;0;0;1;0;0;0;0;1;0;0;0;0;0;0;0;0;0;0;0
64054;Arros-de-Nay;75;64;0;0;0;0;0;0;0;0;0;0;0;0;0;0;0;0;0;0;0;0;0;0;0;0;4;2;3;2;0;1;2;0;0;1;1;0;0
64056;Arrosès;75;64;0;0;0;0;0;0;0;0;0;0;0;0;0;0;0;0;0;0;0;0;0;0;0;0;0;1;0;0;0;0;0;0;0;1;0;0;0
64057;Arthez-de-Béarn;75;64;0;1;0;0;0;0;0;0;0;0;0;0;0;0;0;1;0;1;0;0;4;0;0;1;1;2;4;1;1;0;4;1;0;2;2;0;1
64058;Arthez-d'Asson;75;64;0;0;0;0;0;0;0;0;0;0;0;0;0;0;0;0;0;0;0;1;0;0;0;0;4;0;0;0;2;1;1;0;0;0;0;0;0
64059;Artigueloutan;75;64;0;0;0;0;0;0;0;0;0;0;0;0;0;0;0;0;0;0;0;1;1;0;0;0;0;0;3;1;1;1;1;0;0;1;2;0;0
64060;Artiguelouve;75;64;0;0;0;0;0;0;0;0;0;0;0;0;0;0;0;0;1;0;0;0;1;0;0;0;3;1;8;2;1;0;2;0;0;3;2;0;0
64061;Artix;75;64;0;1;0;0;0;0;0;0;0;0;0;0;0;0;0;3;0;1;0;0;3;1;0;1;9;8;5;6;6;1;10;1;4;8;3;0;1
64062;Arudy;75;64;0;1;0;0;0;0;0;0;0;0;1;0;0;0;0;3;1;1;0;0;7;1;0;2;4;7;3;4;1;1;6;1;0;3;3;1;4
64063;Arzacq-Arraziguet;75;64;0;1;0;0;0;0;0;0;0;0;1;0;0;0;0;2;1;1;0;0;4;1;0;1;2;3;0;3;1;0;4;2;0;5;2;1;3
64064;Asasp-Arros;75;64;0;0;0;0;0;0;0;0;0;0;0;0;0;0;0;0;0;1;0;0;5;0;0;0;2;1;0;3;0;0;0;0;0;1;0;0;0
64065;Ascain;75;64;0;0;0;0;0;0;0;0;0;0;0;0;0;0;0;0;0;1;0;0;5;0;0;1;10;15;10;16;9;1;7;2;0;14;8;1;2
64066;Ascarat;75;64;0;0;0;0;0;0;0;0;0;0;0;0;0;0;0;0;1;0;0;0;0;0;0;0;1;2;3;0;0;0;0;0;0;0;0;0;0
64067;Assat;75;64;0;0;0;0;0;0;0;0;0;0;0;0;0;0;0;0;0;1;0;0;5;1;0;0;3;3;4;6;1;1;3;0;0;3;1;1;2
64068;Asson;75;64;0;0;0;0;0;0;0;0;0;0;0;0;0;0;0;0;0;1;0;0;4;0;0;0;10;4;9;1;3;1;2;0;0;2;0;0;0
64069;Aste-Béon;75;64;0;0;0;0;0;0;0;0;0;0;0;0;0;0;0;0;0;0;0;0;0;0;0;0;0;0;1;2;0;0;0;0;0;1;0;0;0
64070;Astis;75;64;0;0;0;0;0;0;0;0;0;0;0;0;0;0;0;0;0;0;0;0;0;0;0;0;3;1;0;1;0;0;0;0;0;1;0;0;1
64071;Athos-Aspis;75;64;0;0;0;0;0;0;0;0;0;0;0;0;0;0;0;0;0;0;0;0;0;0;0;0;2;0;1;0;1;0;0;0;0;0;0;0;0
64072;Aubertin;75;64;0;0;0;0;0;0;0;0;0;0;0;0;0;0;0;0;0;0;0;0;0;0;0;0;3;1;0;2;0;0;1;0;0;1;3;0;0
64073;Aubin;75;64;0;0;0;0;0;0;0;0;0;0;0;0;0;0;0;0;0;0;0;0;0;0;0;0;1;3;1;0;1;0;0;0;0;1;1;0;0
64074;Aubous;75;64;0;0;0;0;0;0;0;0;0;0;0;0;0;0;0;0;0;0;0;0;0;0;0;0;0;0;0;0;0;0;0;0;0;0;0;0;0
64075;Audaux;75;64;0;0;0;0;0;0;0;0;0;0;0;0;0;0;0;0;0;0;0;0;0;0;0;0;0;0;0;0;0;0;1;0;0;1;0;0;0
64077;Auga;75;64;0;0;0;0;0;0;0;0;0;0;0;0;0;0;0;0;0;0;0;0;0;0;0;0;0;0;0;0;0;0;0;0;0;0;0;0;0
64078;Auriac;75;64;0;0;0;0;0;0;0;0;0;0;0;0;0;0;0;0;0;0;0;0;3;0;0;0;2;0;1;3;1;0;2;0;0;0;0;0;1
64079;Aurions-Idernes;75;64;0;0;0;0;0;0;0;0;0;0;0;0;0;0;0;0;0;0;0;0;0;0;0;0;0;0;1;0;0;0;0;0;0;0;0;0;0
64080;Aussevielle;75;64;0;0;0;0;0;0;0;0;0;0;0;0;0;0;0;0;0;0;0;0;1;0;0;0;0;1;1;0;0;0;1;0;0;1;0;0;0
64081;Aussurucq;75;64;0;0;0;0;0;0;0;0;0;0;0;0;0;0;0;0;0;0;0;0;0;0;0;0;1;0;1;0;0;0;0;0;0;2;0;0;0
64082;Auterrive;75;64;0;0;0;0;0;0;0;0;0;0;0;0;0;0;0;0;0;0;0;0;1;0;0;1;0;0;0;0;0;0;0;0;0;1;0;0;0
64083;Autevielle-Saint-Martin-Bideren;75;64;0;0;0;0;0;0;0;0;0;0;0;0;0;0;0;0;0;0;0;0;0;0;0;0;0;0;0;0;1;0;0;0;0;0;0;0;0
64084;Aydie;75;64;0;0;0;0;0;0;0;0;0;0;0;0;0;0;0;0;0;0;0;0;0;0;0;0;0;0;0;1;0;0;0;0;0;0;0;0;0
64085;Aydius;75;64;0;0;0;0;0;0;0;0;0;0;0;0;0;0;0;0;0;0;0;0;0;0;0;0;0;0;0;1;0;0;0;0;0;0;0;0;0
64086;Ayherre;75;64;0;0;0;0;0;0;0;0;0;0;0;0;0;0;0;0;0;0;0;0;1;0;0;0;2;3;4;2;3;0;1;0;0;4;1;0;1
64087;Baigts-de-Béarn;75;64;0;0;0;0;0;0;0;0;0;0;0;0;0;0;0;0;0;0;0;1;3;0;0;0;0;1;3;0;2;0;1;0;0;0;0;0;0
64088;Balansun;75;64;0;0;0;0;0;0;0;0;0;0;0;0;0;0;0;0;0;0;0;0;1;0;0;0;0;0;0;0;0;0;0;0;0;0;0;0;0
64089;Baleix;75;64;0;0;0;0;0;0;0;0;0;0;0;0;0;0;0;0;0;0;0;0;1;0;0;0;0;0;0;0;0;0;0;0;0;0;0;0;0
64090;Baliracq-Maumusson;75;64;0;0;0;0;0;0;0;0;0;0;0;0;0;0;0;0;0;0;0;0;0;0;0;0;0;0;1;0;0;0;0;0;0;0;0;0;0
64091;Baliros;75;64;0;0;0;0;0;0;0;0;0;0;0;0;0;0;0;0;0;0;0;0;0;0;0;0;2;4;1;0;1;0;0;0;0;0;0;0;0
64092;Banca;75;64;0;0;0;0;0;0;0;0;0;0;0;0;0;0;0;0;0;0;0;0;0;0;0;0;1;0;0;1;0;0;0;0;0;0;0;0;0
64093;Barcus;75;64;0;0;0;0;0;0;0;0;0;0;0;0;0;0;0;1;0;0;0;1;3;0;0;0;1;1;2;0;2;0;1;0;0;2;0;0;0
64094;Bardos;75;64;0;0;0;0;0;0;0;0;0;0;0;0;0;0;0;0;0;1;0;0;4;2;0;1;3;7;10;7;2;0;2;1;0;3;5;0;1
64095;Barinque;75;64;0;0;0;0;0;0;0;0;0;0;0;0;0;0;0;0;0;0;0;0;2;0;0;0;3;1;2;2;1;1;1;0;0;1;1;0;0
64096;Barraute-Camu;75;64;0;0;0;0;0;0;0;0;0;0;0;0;0;0;0;0;0;0;0;0;1;0;0;0;0;0;0;1;0;0;0;0;0;1;1;0;0
64097;Barzun;75;64;0;0;0;0;0;0;0;0;0;0;0;0;0;0;0;0;0;0;0;0;2;0;0;0;4;0;3;1;1;0;1;0;0;0;1;0;1
64098;Bassillon-Vauzé;75;64;0;0;0;0;0;0;0;0;0;0;0;0;0;0;0;0;0;0;0;0;1;0;0;0;0;0;1;0;0;0;0;0;0;0;0;0;0
64099;Bastanès;75;64;0;0;0;0;0;0;0;0;0;0;0;0;0;0;0;0;0;0;0;0;0;0;0;0;0;0;0;0;0;0;0;0;0;0;0;0;0
64100;Bassussarry;75;64;0;0;0;0;0;0;0;0;0;0;0;0;0;0;0;0;0;0;0;0;2;1;0;0;3;12;7;10;2;1;5;0;0;3;6;0;1
64101;Baudreix;75;64;0;0;0;0;0;0;0;0;0;0;0;0;0;0;0;0;0;0;0;0;1;0;0;0;2;2;0;1;0;0;1;0;0;1;0;0;1
64102;Bayonne;75;64;1;1;0;1;1;1;1;0;0;0;11;1;0;0;0;45;11;5;1;0;77;8;5;13;80;122;82;60;61;34;97;5;26;294;133;13;60
64103;Bédeille;75;64;0;0;0;0;0;0;0;0;0;0;0;0;0;0;0;0;0;0;0;0;1;0;0;0;0;2;1;0;1;0;0;0;0;0;0;0;0
64104;Bedous;75;64;0;1;0;0;0;0;0;0;0;0;1;0;0;0;0;2;0;1;0;0;1;0;0;0;6;3;1;1;1;0;1;0;0;4;1;0;0
64105;Béguios;75;64;0;0;0;0;0;0;0;0;0;0;0;0;0;0;0;0;0;0;0;0;1;0;0;0;0;1;2;0;1;0;0;0;0;0;0;0;0
64106;Béhasque-Lapiste;75;64;0;0;0;0;0;0;0;0;0;0;0;0;0;0;0;0;0;0;0;0;1;0;0;0;0;1;2;0;0;0;0;5;0;0;0;0;0
64107;Béhorléguy;75;64;0;0;0;0;0;0;0;0;0;0;0;0;0;0;0;0;0;0;0;0;0;0;0;0;0;0;0;0;0;0;0;0;0;0;0;0;0
64108;Bellocq;75;64;0;0;0;0;0;0;0;0;0;0;0;0;0;0;0;0;0;0;0;0;0;0;0;0;1;1;1;1;1;0;2;0;0;2;1;0;1
64109;Bénéjacq;75;64;0;0;0;0;0;0;0;0;0;0;0;0;0;0;0;1;0;1;0;0;0;0;0;0;1;5;6;7;5;0;4;0;0;5;4;0;0
64110;Béost;75;64;0;0;0;0;0;0;0;0;0;0;0;0;0;0;0;0;0;0;0;0;0;0;0;0;0;0;0;0;0;0;1;0;0;2;1;0;0
64111;Bentayou-Sérée;75;64;0;0;0;0;0;0;0;0;0;0;0;0;0;0;0;0;0;0;0;0;0;0;0;0;1;0;0;0;0;0;0;0;0;0;0;0;0
64112;Bérenx;75;64;0;0;0;0;0;0;0;0;0;0;0;0;0;0;0;0;0;0;0;0;1;0;0;0;0;2;1;1;2;0;0;0;0;0;0;0;1
64113;Bergouey-Viellenave;75;64;0;0;0;0;0;0;0;0;0;0;0;0;0;0;0;0;0;0;0;0;0;0;0;0;0;0;1;0;1;0;0;0;0;0;0;0;0
64114;Bernadets;75;64;0;0;0;0;0;0;0;0;0;0;0;0;0;0;0;0;0;0;0;0;1;0;0;0;0;1;1;2;3;2;0;0;0;0;1;0;0
64115;Berrogain-Laruns;75;64;0;0;0;0;0;0;0;0;0;0;0;0;0;0;0;0;0;0;0;0;0;0;0;0;1;0;1;0;1;0;0;0;0;0;0;0;0
64116;Bescat;75;64;0;0;0;0;0;0;0;0;0;0;0;0;0;0;0;0;0;0;0;0;0;0;0;0;3;1;1;0;0;0;0;0;0;0;2;0;0
64117;Bésingrand;75;64;0;0;0;0;0;0;0;0;0;0;0;0;0;0;0;0;0;0;0;0;0;0;0;0;0;0;0;0;0;0;0;0;0;0;0;0;0
64118;Bétracq;75;64;0;0;0;0;0;0;0;0;0;0;0;0;0;0;0;0;0;0;0;0;0;0;0;0;0;0;0;0;0;0;0;0;0;0;0;0;0
64119;Beuste;75;64;0;0;0;0;0;0;0;0;0;0;0;0;0;0;0;0;0;0;0;1;0;0;0;0;1;3;1;0;0;1;0;0;0;0;0;0;0
64120;Beyrie-sur-Joyeuse;75;64;0;0;0;0;0;0;0;0;0;0;0;0;0;0;0;0;0;0;0;0;1;0;0;0;0;0;3;0;0;0;0;0;0;0;0;0;0
64121;Beyrie-en-Béarn;75;64;0;0;0;0;0;0;0;0;0;0;0;0;0;0;0;0;0;0;0;0;0;0;0;0;0;1;3;0;0;0;0;0;0;0;0;0;0
64122;Biarritz;75;64;1;0;0;0;0;0;0;0;0;0;4;1;0;0;0;29;3;4;0;0;27;1;9;5;41;84;50;29;40;19;76;12;1;245;166;14;43
64123;Bidache;75;64;0;1;0;0;0;0;0;0;0;0;0;0;0;0;0;1;1;1;0;0;2;0;0;0;6;0;5;2;1;1;2;1;0;3;2;2;1
64124;Bidarray;75;64;0;0;0;0;0;0;0;0;0;0;0;0;0;0;0;0;0;1;0;0;0;0;0;0;1;1;9;2;1;0;0;0;0;5;1;0;0
64125;Bidart;75;64;0;0;0;0;0;0;0;0;0;0;0;0;0;0;0;6;0;1;0;0;11;2;2;2;10;26;17;17;11;3;10;2;0;44;28;3;11
64126;Bidos;75;64;0;0;0;0;0;0;0;0;0;0;0;0;0;0;0;0;0;0;0;0;4;1;0;0;0;2;2;1;0;0;3;0;0;0;1;0;0
64127;Bielle;75;64;0;0;0;0;0;0;0;0;0;0;0;0;0;0;0;0;0;0;0;1;0;0;0;0;2;0;0;1;0;0;0;0;0;1;1;0;0
64128;Bilhères;75;64;0;0;0;0;0;0;0;0;0;0;0;0;0;0;0;0;0;0;0;0;0;0;0;0;0;2;0;1;0;0;0;0;0;0;0;0;0
64129;Billère;75;64;0;0;0;0;0;0;0;0;0;0;0;0;0;0;0;10;2;2;0;0;13;0;0;4;7;28;10;19;17;1;21;1;6;15;10;1;11
64130;Biriatou;75;64;0;0;0;0;0;0;0;0;0;0;0;0;0;0;0;0;0;0;0;0;0;0;0;0;2;2;8;2;2;0;0;0;0;2;0;0;1
64131;Biron;75;64;0;0;0;0;0;0;0;0;0;0;0;0;0;0;0;0;0;0;0;0;1;0;0;0;0;2;1;1;0;0;1;0;0;1;1;0;0
64132;Bizanos;75;64;0;0;0;0;0;0;0;0;0;0;0;0;0;0;0;2;1;1;0;0;9;2;0;0;8;9;9;4;5;0;5;1;0;7;3;0;3
64133;Boeil-Bezing;75;64;0;0;0;0;0;0;0;0;0;0;0;0;0;0;0;0;0;0;1;0;1;0;0;0;2;3;0;2;2;0;2;0;0;0;2;0;0
64134;Bonloc;75;64;0;0;0;0;0;0;0;0;0;0;0;0;0;0;0;0;1;0;0;0;1;1;0;0;4;1;2;0;0;0;0;0;0;0;0;0;0
64135;Bonnut;75;64;0;0;0;0;0;0;0;0;0;0;0;0;0;0;0;0;0;0;0;0;0;0;0;0;2;1;2;1;1;0;2;0;0;0;0;0;0
64136;Borce;75;64;0;0;0;0;0;0;0;0;0;0;0;0;0;0;0;0;0;0;0;0;1;0;0;0;1;0;0;0;1;0;0;0;0;0;0;0;0
64137;Bordères;75;64;0;0;0;0;0;0;0;0;0;0;0;0;0;0;0;0;0;0;0;0;0;0;0;0;1;1;0;2;0;0;0;0;0;0;0;0;0
64138;Bordes;75;64;0;0;0;0;0;0;0;0;0;0;0;0;0;0;0;0;0;1;0;0;3;0;0;1;8;3;4;1;2;0;6;1;0;5;0;0;2
64139;Bosdarros;75;64;0;0;0;0;0;0;0;0;0;0;0;0;0;0;0;0;0;0;0;0;0;0;0;0;3;3;0;0;2;0;1;0;0;1;1;0;0
64140;Boucau;75;64;0;0;0;0;0;0;0;0;0;0;0;1;0;0;0;3;2;1;0;0;12;3;0;2;11;29;15;15;11;2;18;1;0;10;11;0;8
64141;Boueilh-Boueilho-Lasque;75;64;0;0;0;0;0;0;0;0;0;0;0;0;0;0;0;0;0;0;0;0;1;0;0;0;1;0;0;1;0;0;0;0;0;0;0;0;0
64142;Bougarber;75;64;0;0;0;0;0;0;0;0;0;0;0;0;0;0;0;0;0;0;0;0;2;0;0;0;3;5;5;0;1;1;2;0;0;1;0;0;1
64143;Bouillon;75;64;0;0;0;0;0;0;0;0;0;0;0;0;0;0;0;0;0;0;0;0;0;0;0;0;1;0;0;2;0;0;0;0;0;0;0;0;0
64144;Boumourt;75;64;0;0;0;0;0;0;0;0;0;0;0;0;0;0;0;0;0;0;0;0;0;0;0;0;0;0;0;0;0;0;0;0;0;0;0;0;0
64145;Bourdettes;75;64;0;0;0;0;0;0;0;0;0;0;0;0;0;0;0;0;0;0;0;0;1;0;0;0;4;3;6;0;1;0;2;0;0;1;0;0;1
64146;Bournos;75;64;0;0;0;0;0;0;0;0;0;0;0;0;0;0;0;0;0;0;0;0;1;0;0;0;1;1;0;0;2;0;0;0;0;1;0;0;0
64147;Briscous;75;64;0;0;0;0;0;0;0;0;0;0;0;0;0;0;0;0;0;1;0;0;3;0;0;0;4;6;8;5;6;3;2;0;0;2;1;1;3
64148;Bruges-Capbis-Mifaget;75;64;0;0;0;0;0;0;0;0;0;0;0;0;0;0;0;0;0;0;0;1;2;0;0;0;3;4;3;2;1;0;0;0;0;1;0;0;0
64149;Bugnein;75;64;0;0;0;0;0;0;0;0;0;0;0;0;0;0;0;0;0;0;0;0;1;0;0;0;0;0;1;2;1;0;0;0;0;1;0;0;0
64150;Bunus;75;64;0;0;0;0;0;0;0;0;0;0;0;0;0;0;0;0;0;0;0;0;0;0;0;0;0;1;3;0;0;0;0;0;0;0;0;0;0
64151;Burgaronne;75;64;0;0;0;0;0;0;0;0;0;0;0;0;0;0;0;0;0;0;0;0;0;0;0;0;0;0;0;0;0;0;1;0;0;0;0;0;0
64152;Buros;75;64;0;0;0;0;0;0;0;0;0;0;0;0;0;0;0;0;0;0;0;0;2;1;0;0;2;3;2;4;2;0;1;0;0;2;2;0;0
64153;Burosse-Mendousse;75;64;0;0;0;0;0;0;0;0;0;0;0;0;0;0;0;0;0;0;0;0;1;0;0;0;0;0;0;0;0;0;0;0;0;0;0;0;0
64154;Bussunarits-Sarrasquette;75;64;0;0;0;0;0;0;0;0;0;0;0;0;0;0;0;0;0;0;0;0;1;0;0;0;0;1;2;0;1;0;0;0;0;0;0;0;0
64155;Bustince-Iriberry;75;64;0;0;0;0;0;0;0;0;0;0;0;0;0;0;0;0;0;0;0;0;0;0;0;0;0;0;0;0;0;0;1;0;0;0;0;0;0
64156;Buziet;75;64;0;0;0;0;0;0;0;0;0;0;0;0;0;0;0;0;0;0;0;0;1;0;0;0;0;1;1;1;1;0;0;0;0;1;0;0;0
64157;Buzy;75;64;0;0;0;0;0;0;0;0;0;0;0;0;0;0;0;0;0;1;0;0;1;0;0;0;4;3;2;2;4;0;0;0;0;1;0;1;0
64158;Cabidos;75;64;0;0;0;0;0;0;0;0;0;0;0;0;0;0;0;0;0;0;0;0;1;0;0;0;1;0;0;0;0;0;0;0;0;0;0;0;0
64159;Cadillon;75;64;0;0;0;0;0;0;0;0;0;0;0;0;0;0;0;0;0;0;0;0;1;0;0;0;0;0;0;0;0;0;0;0;0;0;0;0;0
64160;Cambo-les-Bains;75;64;0;1;0;0;0;0;0;0;0;0;1;0;0;0;0;8;2;1;0;0;6;1;0;1;4;13;9;12;13;2;10;6;0;12;14;3;8
64161;Came;75;64;0;0;0;0;0;0;0;0;0;0;0;0;0;0;0;0;0;0;0;0;1;0;0;0;3;2;1;1;1;0;2;0;0;1;0;0;0
64162;Camou-Cihigue;75;64;0;0;0;0;0;0;0;0;0;0;0;0;0;0;0;0;0;0;0;0;0;0;0;0;0;0;0;0;0;0;0;0;0;0;0;0;0
64165;Cardesse;75;64;0;0;0;0;0;0;0;0;0;0;0;0;0;0;0;0;0;0;0;0;1;0;0;0;2;0;0;1;0;0;0;0;0;1;0;0;0
64166;Caro;75;64;0;0;0;0;0;0;0;0;0;0;0;0;0;0;0;0;0;0;0;0;0;0;0;0;0;0;1;0;0;0;0;0;0;0;0;0;0
64167;Carrère;75;64;0;0;0;0;0;0;0;0;0;0;0;0;0;0;0;0;0;0;0;0;0;0;0;0;0;1;0;0;0;1;0;0;0;0;0;0;0
64168;Carresse-Cassaber;75;64;0;0;0;0;0;0;0;0;0;0;0;0;0;0;0;0;0;0;0;1;3;0;0;0;2;1;4;2;1;0;2;0;0;4;2;0;0
64170;Castagnède;75;64;0;0;0;0;0;0;0;0;0;0;0;0;0;0;0;0;0;0;0;0;0;0;0;0;0;2;0;1;0;0;0;0;0;0;0;0;0
64171;Casteide-Cami;75;64;0;0;0;0;0;0;0;0;0;0;0;0;0;0;0;0;0;0;0;0;0;0;0;0;1;1;0;0;0;0;0;0;0;0;0;0;0
64172;Casteide-Candau;75;64;0;0;0;0;0;0;0;0;0;0;0;0;0;0;0;0;0;0;0;0;0;0;0;0;2;0;4;0;0;0;0;0;0;2;0;0;0
64173;Casteide-Doat;75;64;0;0;0;0;0;0;0;0;0;0;0;0;0;0;0;0;0;0;0;0;0;0;0;0;2;1;0;0;0;1;0;0;0;0;0;0;0
64174;Castéra-Loubix;75;64;0;0;0;0;0;0;0;0;0;0;0;0;0;0;0;0;0;0;0;0;0;0;0;0;0;0;0;0;0;0;0;0;0;1;0;0;0
64175;Castet;75;64;0;0;0;0;0;0;0;0;0;0;0;0;0;0;0;0;0;0;0;0;0;0;0;0;0;0;1;0;0;0;0;0;0;0;0;0;0
64176;Castetbon;75;64;0;0;0;0;0;0;0;0;0;0;0;0;0;0;0;0;0;0;0;0;0;0;0;0;0;0;1;0;0;0;0;0;0;0;0;0;0
64177;Castétis;75;64;0;0;0;0;0;0;0;0;0;0;0;0;0;0;0;0;0;0;0;0;2;0;0;0;1;3;2;1;1;0;1;0;0;0;0;0;0
64178;Castetnau-Camblong;75;64;0;0;0;0;0;0;0;0;0;0;0;0;0;0;0;0;0;0;0;0;0;0;0;0;1;0;2;0;0;0;1;0;0;0;0;0;0
64179;Castetner;75;64;0;0;0;0;0;0;0;0;0;0;0;0;0;0;0;0;0;0;0;0;0;0;0;0;0;0;0;0;0;0;0;0;0;0;0;0;0
64180;Castetpugon;75;64;0;0;0;0;0;0;0;0;0;0;0;0;0;0;0;0;0;0;0;0;1;0;0;0;1;1;1;0;0;0;0;0;0;0;0;0;0
64181;Castillon (Canton d'Arthez-de-Béarn);75;64;0;0;0;0;0;0;0;0;0;0;0;0;0;0;0;0;0;0;0;0;0;0;0;0;2;1;1;0;0;0;0;0;0;0;0;0;0
64182;Castillon (Canton de Lembeye);75;64;0;0;0;0;0;0;0;0;0;0;0;0;0;0;0;0;0;0;0;0;0;0;0;0;0;0;0;0;0;0;0;0;0;0;0;0;0
64183;Caubios-Loos;75;64;0;0;0;0;0;0;0;0;0;0;0;0;0;0;0;0;0;0;0;0;0;0;0;0;0;0;0;2;1;0;0;0;0;1;0;0;0
64184;Cescau;75;64;0;0;0;0;0;0;0;0;0;0;0;0;0;0;0;0;0;0;0;0;1;0;0;0;2;0;2;0;1;0;0;0;0;2;0;0;0
64185;Cette-Eygun;75;64;0;0;0;0;0;0;0;0;0;0;0;0;0;0;0;0;0;0;0;0;0;0;1;0;0;0;0;0;0;0;0;0;0;0;0;0;0
64186;Charre;75;64;0;0;0;0;0;0;0;0;0;0;0;0;0;0;0;0;0;0;0;0;2;0;0;0;2;1;1;0;0;0;0;0;0;0;0;0;0
64187;Charritte-de-Bas;75;64;0;0;0;0;0;0;0;0;0;0;0;0;0;0;0;0;0;0;0;0;0;0;0;0;1;1;4;0;0;0;0;0;0;0;1;0;0
64188;Chéraute;75;64;0;0;0;0;0;0;0;0;0;0;0;0;0;0;0;0;0;0;0;0;3;1;0;0;2;2;5;1;0;1;1;0;0;3;0;0;0
64189;Ciboure;75;64;0;0;0;0;0;0;0;0;0;0;0;0;0;0;0;7;1;1;0;0;6;1;0;1;5;15;7;7;3;2;11;1;0;32;19;2;6
64190;Claracq;75;64;0;0;0;0;0;0;0;0;0;0;0;0;0;0;0;0;0;0;0;0;2;0;0;0;0;1;0;0;0;0;1;0;0;1;0;0;0
64191;Coarraze;75;64;0;0;0;0;0;0;0;0;0;0;0;0;0;0;0;0;2;1;0;0;7;2;0;0;5;8;2;7;1;0;4;0;0;5;1;2;3
64192;Conchez-de-Béarn;75;64;0;0;0;0;0;0;0;0;0;0;0;0;0;0;0;0;0;0;0;1;0;0;0;0;1;0;1;0;0;1;0;0;0;1;0;0;0
64193;Corbère-Abères;75;64;0;0;0;0;0;0;0;0;0;0;0;0;0;0;0;0;0;0;0;0;0;0;0;0;0;0;0;0;1;0;0;0;0;0;0;0;0
64194;Coslédaà-Lube-Boast;75;64;0;0;0;0;0;0;0;0;0;0;0;0;0;0;0;0;0;0;0;0;0;0;0;0;1;1;1;2;0;0;0;0;0;1;0;0;0
64195;Coublucq;75;64;0;0;0;0;0;0;0;0;0;0;0;0;0;0;0;0;0;0;0;0;0;0;0;0;0;1;0;0;1;0;0;0;0;0;0;0;0
64196;Crouseilles;75;64;0;0;0;0;0;0;0;0;0;0;0;0;0;0;0;0;0;0;0;0;0;0;0;0;0;2;0;0;0;0;0;0;0;0;0;0;0
64197;Cuqueron;75;64;0;0;0;0;0;0;0;0;0;0;0;0;0;0;0;0;0;0;0;0;0;0;0;0;1;0;2;1;0;0;0;0;0;1;0;0;0
64198;Denguin;75;64;0;0;0;0;0;0;0;0;0;0;0;0;0;0;0;0;0;1;0;0;1;0;0;0;1;7;3;5;0;0;4;2;0;0;1;0;0
64199;Diusse;75;64;0;0;0;0;0;0;0;0;0;0;0;0;0;0;0;0;0;0;0;0;0;0;0;0;0;0;0;0;0;0;0;0;0;1;1;0;0
64200;Doazon;75;64;0;0;0;0;0;0;0;0;0;0;0;0;0;0;0;0;0;0;0;0;0;0;0;0;2;0;1;2;0;0;0;0;0;0;0;0;1
64201;Dognen;75;64;0;0;0;0;0;0;0;0;0;0;0;0;0;0;0;0;0;0;0;0;2;0;0;0;0;0;3;1;1;0;1;0;0;0;0;0;0
64202;Domezain-Berraute;75;64;0;0;0;0;0;0;0;0;0;0;0;0;0;0;0;0;0;0;0;0;1;0;0;0;0;0;0;0;2;0;1;0;0;0;0;0;0
64203;Doumy;75;64;0;0;0;0;0;0;0;0;0;0;0;0;0;0;0;0;0;0;0;0;1;0;0;0;0;0;0;0;0;0;0;0;0;1;0;0;0
64204;Eaux-Bonnes;75;64;0;0;0;0;0;0;0;0;0;0;0;0;0;0;0;1;0;0;0;2;0;0;0;0;1;1;0;0;1;0;0;0;0;16;4;1;0
64205;Escos;75;64;0;0;0;0;0;0;0;0;0;0;0;0;0;0;0;0;0;0;0;0;2;0;0;0;0;0;0;1;0;0;0;0;0;2;0;0;0
64206;Escot;75;64;0;0;0;0;0;0;0;0;0;0;0;0;0;0;0;0;0;0;0;0;0;0;0;0;0;0;0;0;0;0;0;0;0;0;0;0;0
64207;Escou;75;64;0;0;0;0;0;0;0;0;0;0;0;0;0;0;0;0;0;0;0;1;1;0;0;0;0;0;2;0;0;0;1;0;0;0;0;0;0
64208;Escoubès;75;64;0;0;0;0;0;0;0;0;0;0;0;0;0;0;0;0;0;0;0;0;0;0;0;0;0;1;0;2;0;0;0;0;0;1;0;0;1
64209;Escout;75;64;0;0;0;0;0;0;0;0;0;0;0;0;0;0;0;0;0;0;0;0;0;0;0;0;2;1;2;1;1;0;1;0;0;0;0;0;0
64210;Escurès;75;64;0;0;0;0;0;0;0;0;0;0;0;0;0;0;0;0;0;0;0;0;0;0;0;0;0;0;0;0;0;0;1;0;0;1;0;0;0
64211;Eslourenties-Daban;75;64;0;0;0;0;0;0;0;0;0;0;0;0;0;0;0;0;0;0;0;0;0;0;0;0;2;0;0;0;0;0;0;0;0;1;0;0;0
64212;Espéchède;75;64;0;0;0;0;0;0;0;0;0;0;0;0;0;0;0;0;0;0;0;0;0;0;0;0;0;0;0;0;0;0;0;0;0;0;1;0;1
64213;Espelette;75;64;0;1;0;0;0;0;0;0;0;0;0;0;0;0;0;2;0;1;0;0;3;0;0;1;7;5;6;3;3;1;1;1;0;13;1;0;0
64214;Espès-Undurein;75;64;0;0;0;0;0;0;0;0;0;0;0;0;0;0;0;0;0;0;0;1;3;0;0;0;0;3;4;1;0;1;0;0;0;0;0;0;0
64215;Espiute;75;64;0;0;0;0;0;0;0;0;0;0;0;0;0;0;0;0;0;0;0;0;0;0;0;0;1;0;0;0;0;0;0;0;0;0;0;0;0
64216;Espoey;75;64;0;0;0;0;0;0;0;0;0;0;0;0;0;0;0;0;0;0;0;0;2;0;0;0;2;2;3;2;4;0;1;0;0;3;1;0;0
64217;Esquiule;75;64;0;0;0;0;0;0;0;0;0;0;0;0;0;0;0;0;0;0;0;0;1;0;0;0;0;1;0;3;2;0;1;0;0;4;0;0;0
64218;Estérençuby;75;64;0;0;0;0;0;0;0;0;0;0;0;0;0;0;0;0;0;0;0;0;0;0;0;0;2;0;1;0;0;0;1;0;0;1;0;0;0
64219;Estialescq;75;64;0;0;0;0;0;0;0;0;0;0;0;0;0;0;0;0;0;0;0;1;0;0;0;0;0;1;1;1;0;0;0;0;0;0;0;0;0
64220;Estos;75;64;0;0;0;0;0;0;0;0;0;0;0;0;0;0;0;0;0;0;0;0;1;0;0;0;2;1;0;0;1;0;0;0;0;0;1;0;1
64221;Etcharry;75;64;0;0;0;0;0;0;0;0;0;0;0;0;0;0;0;0;0;0;0;0;0;0;0;0;1;0;1;0;0;0;0;0;0;0;0;0;0
64222;Etchebar;75;64;0;0;0;0;0;0;0;0;0;0;0;0;0;0;0;0;0;0;0;0;0;0;0;0;1;0;0;0;0;0;0;0;0;0;0;0;0
64223;Etsaut;75;64;0;0;0;0;0;0;0;0;0;0;0;0;0;0;0;0;0;0;0;1;0;0;0;0;1;1;1;0;0;0;0;0;0;0;0;0;0
64224;Eysus;75;64;0;0;0;0;0;0;0;0;0;0;0;0;0;0;0;0;0;0;0;0;0;0;0;0;0;1;4;2;1;0;0;0;0;2;1;0;0
64225;Féas;75;64;0;0;0;0;0;0;0;0;0;0;0;0;0;0;0;0;0;0;0;0;0;0;0;0;2;0;2;2;0;1;2;0;0;0;0;0;0
64226;Fichous-Riumayou;75;64;0;0;0;0;0;0;0;0;0;0;0;0;0;0;0;0;0;0;0;0;0;0;0;0;0;0;0;0;0;0;0;0;0;0;0;0;0
64227;Gabaston;75;64;0;0;0;0;0;0;0;0;0;0;0;0;0;0;0;0;0;0;0;0;1;0;0;0;1;3;0;2;2;0;2;0;0;0;0;0;0
64228;Gabat;75;64;0;0;0;0;0;0;0;0;0;0;0;0;0;0;0;0;0;0;0;0;0;0;0;0;0;0;0;0;1;0;0;0;0;0;0;0;0
64229;Gamarthe;75;64;0;0;0;0;0;0;0;0;0;0;0;0;0;0;0;0;0;0;0;0;0;0;0;0;0;1;1;0;0;0;0;0;0;1;1;0;0
64230;Gan;75;64;0;1;0;0;0;0;0;0;0;0;0;0;0;0;0;2;0;1;0;0;7;2;0;1;5;8;10;10;6;2;6;3;0;9;2;1;4
64231;Garindein;75;64;0;0;0;0;0;0;0;0;0;0;0;0;0;0;0;0;0;0;0;0;0;0;0;0;0;2;1;0;1;1;1;0;0;3;0;0;0
64232;Garlède-Mondebat;75;64;0;0;0;0;0;0;0;0;0;0;0;0;0;0;0;0;0;0;0;0;1;0;0;0;0;0;0;0;0;0;0;0;0;1;0;0;0
64233;Garlin;75;64;0;1;0;0;0;0;0;0;0;0;1;0;0;0;0;2;0;1;0;0;5;1;0;1;5;0;3;4;3;1;6;1;1;2;1;1;1
64234;Garos;75;64;0;0;0;0;0;0;0;0;0;0;0;0;0;0;0;0;0;0;0;0;1;0;0;0;0;0;1;0;0;0;0;0;0;0;0;0;0
64235;Garris;75;64;0;0;0;0;0;0;0;0;0;0;0;0;0;0;0;0;0;0;0;0;1;0;0;0;1;0;0;2;0;0;0;0;0;0;0;0;0
64236;Gayon;75;64;0;0;0;0;0;0;0;0;0;0;0;0;0;0;0;0;0;0;0;0;0;0;0;0;0;0;0;0;0;0;0;0;0;1;0;0;0
64237;Gelos;75;64;0;0;0;0;0;0;0;0;0;0;0;0;0;0;0;0;0;1;0;0;5;0;0;1;15;9;9;10;9;0;6;0;0;3;3;1;3
64238;Ger;75;64;0;0;0;0;0;0;0;0;0;0;0;0;0;0;0;1;0;0;0;1;3;1;0;0;2;2;5;7;2;0;2;2;0;1;1;0;4
64239;Gerderest;75;64;0;0;0;0;0;0;0;0;0;0;0;0;0;0;0;0;0;0;0;0;1;0;0;0;1;0;0;0;0;0;0;0;0;0;0;0;0
64240;Gère-Bélesten;75;64;0;0;0;0;0;0;0;0;0;0;0;0;0;0;0;0;0;0;0;0;1;0;0;0;1;0;2;0;0;0;1;0;0;0;0;0;0
64241;Géronce;75;64;0;0;0;0;0;0;0;0;0;0;0;0;0;0;0;0;0;0;0;0;0;0;0;0;0;2;0;3;1;0;0;0;0;1;0;0;0
64242;Gestas;75;64;0;0;0;0;0;0;0;0;0;0;0;0;0;0;0;0;0;0;0;0;0;0;0;0;0;0;0;0;0;0;0;0;0;0;0;0;0
64243;Géus-d'Arzacq;75;64;0;0;0;0;0;0;0;0;0;0;0;0;0;0;0;0;0;0;0;0;0;0;0;0;0;0;0;0;0;1;0;0;0;1;0;0;0
64244;Geüs-d'Oloron;75;64;0;0;0;0;0;0;0;0;0;0;0;0;0;0;0;0;0;0;0;0;0;0;0;0;1;0;0;0;0;0;0;0;0;0;0;0;0
64245;Goès;75;64;0;0;0;0;0;0;0;0;0;0;0;0;0;0;0;0;0;0;1;0;1;0;0;0;0;0;1;0;0;0;0;0;0;0;0;0;0
64246;Gomer;75;64;0;0;0;0;0;0;0;0;0;0;0;0;0;0;0;0;0;0;0;0;0;0;0;0;0;0;1;1;0;0;0;0;0;0;0;0;0
64247;Gotein-Libarrenx;75;64;0;0;0;0;0;0;0;0;0;0;0;0;0;0;0;0;1;0;0;0;2;0;0;0;0;1;2;0;0;0;0;0;0;0;0;0;0
64249;Guéthary;75;64;0;0;0;0;0;0;0;0;0;0;0;0;0;0;0;0;0;1;0;0;1;0;0;1;1;1;2;2;3;0;3;0;0;16;7;0;3
64250;Guiche;75;64;0;0;0;0;0;0;0;0;0;0;0;0;0;0;0;0;0;0;1;0;2;0;0;0;3;1;3;2;0;0;1;0;0;1;0;0;1
64251;Guinarthe-Parenties;75;64;0;0;0;0;0;0;0;0;0;0;0;0;0;0;0;0;0;0;0;0;1;0;0;0;0;0;2;0;0;0;0;0;0;0;0;0;0
64252;Gurmençon;75;64;0;0;0;0;0;0;0;0;0;0;0;0;0;0;0;0;0;0;0;0;1;0;0;0;0;1;0;2;0;0;3;0;0;0;0;0;0
64253;Gurs;75;64;0;0;0;0;0;0;0;0;0;0;0;0;0;0;0;0;0;0;0;0;0;0;0;0;2;1;0;1;2;0;1;0;0;0;0;0;0
64254;Hagetaubin;75;64;0;0;0;0;0;0;0;0;0;0;0;0;0;0;0;0;0;0;0;0;0;0;0;0;1;3;2;0;0;0;1;0;0;1;1;0;0
64255;Halsou;75;64;0;0;0;0;0;0;0;0;0;0;0;0;0;0;0;0;1;0;1;0;0;0;0;0;0;3;1;0;0;0;0;0;0;3;2;0;0
64256;Hasparren;75;64;0;1;0;0;0;0;0;0;0;0;1;0;0;0;0;5;1;1;0;0;11;1;0;2;11;15;17;7;13;3;13;4;5;11;12;1;4
64257;Haut-de-Bosdarros;75;64;0;0;0;0;0;0;0;0;0;0;0;0;0;0;0;0;0;0;0;0;0;0;0;0;0;2;0;0;1;0;0;0;0;0;0;0;0
64258;Haux;75;64;0;0;0;0;0;0;0;0;0;0;0;0;0;0;0;0;0;0;0;0;0;0;0;0;1;0;0;0;0;0;0;0;0;1;0;0;0
64259;Hélette;75;64;0;0;0;0;0;0;0;0;0;0;0;0;0;0;0;0;0;0;0;1;2;0;0;0;4;7;4;1;0;0;0;0;0;3;0;0;0
64260;Hendaye;75;64;1;0;0;0;0;0;0;0;0;0;1;0;0;0;0;12;0;2;0;0;24;2;1;3;35;39;18;15;17;17;22;2;0;76;37;3;6
64261;Herrère;75;64;0;0;0;0;0;0;0;0;0;0;0;0;0;0;0;0;0;0;0;0;2;0;0;1;1;1;3;0;0;0;0;1;0;0;1;0;0
64262;Higuères-Souye;75;64;0;0;0;0;0;0;0;0;0;0;0;0;0;0;0;0;0;0;0;0;0;0;0;0;0;1;0;0;0;0;0;0;0;0;0;0;0
64263;L'Hôpital-d'Orion;75;64;0;0;0;0;0;0;0;0;0;0;0;0;0;0;0;0;0;0;0;0;0;0;0;0;0;0;1;0;0;0;0;0;0;0;0;0;0
64264;L'Hôpital-Saint-Blaise;75;64;0;0;0;0;0;0;0;0;0;0;0;0;0;0;0;0;0;0;0;0;0;0;0;0;0;0;0;0;0;0;0;0;0;2;0;0;0
64265;Hosta;75;64;0;0;0;0;0;0;0;0;0;0;0;0;0;0;0;0;0;0;0;0;0;0;0;0;0;0;0;0;0;0;0;0;0;0;0;0;0
64266;Hours;75;64;0;0;0;0;0;0;0;0;0;0;0;0;0;0;0;0;0;0;0;0;2;0;0;0;1;0;0;0;1;0;0;0;0;0;0;0;0
64267;Ibarrolle;75;64;0;0;0;0;0;0;0;0;0;0;0;0;0;0;0;0;0;0;0;0;0;0;0;0;0;0;0;0;0;0;0;0;0;0;0;0;0
64268;Idaux-Mendy;75;64;0;0;0;0;0;0;0;0;0;0;0;0;0;0;0;0;0;0;0;0;0;0;0;0;2;1;1;1;0;0;1;0;0;0;0;0;0
64269;Idron;75;64;0;0;0;0;0;0;0;0;0;0;0;0;0;0;0;3;1;0;0;0;6;0;0;2;8;8;5;2;4;4;2;0;0;13;4;0;3
64270;Igon;75;64;0;0;0;0;0;0;0;0;0;0;0;0;0;0;0;0;0;0;0;0;1;0;0;0;1;2;2;2;1;0;0;0;0;0;0;0;1
64271;Iholdy;75;64;0;0;0;0;0;0;0;0;0;0;0;0;0;0;0;0;0;0;1;0;4;0;0;0;2;1;2;0;0;0;3;0;0;1;0;0;0
64272;Ilharre;75;64;0;0;0;0;0;0;0;0;0;0;0;0;0;0;0;0;0;0;0;0;0;0;0;0;1;1;1;0;0;0;1;0;0;0;0;0;2
64273;Irissarry;75;64;0;1;0;0;0;0;0;0;0;0;0;0;0;0;0;0;0;0;0;1;4;0;0;0;3;1;4;1;2;1;1;2;0;4;0;0;0
64274;Irouléguy;75;64;0;0;0;0;0;0;0;0;0;0;0;0;0;0;0;0;0;0;0;0;1;1;0;0;0;0;3;1;0;0;0;0;0;1;0;0;0
64275;Ispoure;75;64;0;0;0;0;0;0;0;0;0;0;0;0;0;0;0;1;0;0;0;0;1;0;0;0;2;3;2;0;0;0;0;0;0;1;0;1;1
64276;Issor;75;64;0;0;0;0;0;0;0;0;0;0;0;0;0;0;0;0;0;0;1;0;0;0;0;0;0;0;1;1;0;0;0;0;0;0;0;0;0
64277;Isturits;75;64;0;0;0;0;0;0;0;0;0;0;0;0;0;0;0;0;0;0;0;0;0;0;0;0;1;3;0;1;1;0;0;0;0;0;0;0;0
64279;Itxassou;75;64;0;0;0;0;0;0;0;0;0;0;0;0;0;0;0;0;1;1;0;0;4;1;0;1;9;8;7;6;4;1;3;0;0;3;0;0;3
64280;Izeste;75;64;0;0;0;0;0;0;0;0;0;0;0;0;0;0;0;0;0;0;0;0;0;0;0;0;0;0;3;1;2;0;0;1;0;1;0;0;0
64281;Jasses;75;64;0;0;0;0;0;0;0;0;0;0;0;0;0;0;0;0;0;0;0;0;0;0;0;0;1;0;0;0;1;0;0;0;0;0;0;0;0
64282;Jatxou;75;64;0;0;0;0;0;0;0;0;0;0;0;0;0;0;0;0;0;0;0;0;0;0;0;0;1;2;1;1;3;0;2;1;0;1;3;0;1
64283;Jaxu;75;64;0;0;0;0;0;0;0;0;0;0;0;0;0;0;0;0;0;0;0;0;0;0;0;0;3;1;1;0;0;0;0;0;0;1;0;0;0
64284;Jurançon;75;64;0;0;0;0;0;0;0;0;0;0;0;0;0;0;0;4;1;1;0;0;19;1;0;1;10;16;14;11;8;3;18;1;0;9;5;3;6
64285;Juxue;75;64;0;0;0;0;0;0;0;0;0;0;0;0;0;0;0;0;0;0;0;0;1;0;0;0;1;1;2;0;0;0;0;0;0;0;0;0;0
64286;Laà-Mondrans;75;64;0;0;0;0;0;0;0;0;0;0;0;0;0;0;0;0;0;0;0;0;1;0;0;0;3;0;0;1;0;0;1;0;0;0;0;0;0
64287;Laàs;75;64;0;0;0;0;0;0;0;0;0;0;0;0;0;0;0;0;0;0;0;0;0;0;0;0;1;0;0;0;0;0;0;0;0;1;0;0;1
64288;Labastide-Cézéracq;75;64;0;0;0;0;0;0;0;0;0;0;0;0;0;0;0;0;0;0;0;0;1;0;0;0;1;1;3;2;0;0;0;0;0;0;0;0;0
64289;La Bastide-Clairence;75;64;0;1;0;0;0;0;0;0;0;0;0;0;0;0;0;0;0;0;0;1;3;0;1;0;3;1;5;0;2;1;2;0;0;5;1;0;1
64290;Labastide-Monréjeau;75;64;0;0;0;0;0;0;0;0;0;0;0;0;0;0;0;0;0;0;0;0;1;0;0;0;0;5;2;0;0;0;0;0;0;0;0;0;0
64291;Labastide-Villefranche;75;64;0;0;0;0;0;0;0;0;0;0;0;0;0;0;0;0;0;0;0;0;0;0;0;0;2;0;1;0;0;0;1;0;0;0;0;0;0
64292;Labatmale;75;64;0;0;0;0;0;0;0;0;0;0;0;0;0;0;0;0;0;0;0;0;1;0;0;0;1;1;0;0;1;1;0;0;0;0;0;0;0
64293;Labatut;75;64;0;0;0;0;0;0;0;0;0;0;0;0;0;0;0;0;0;0;0;0;0;0;0;0;0;1;0;0;0;0;0;0;0;0;1;0;0
64294;Labets-Biscay;75;64;0;0;0;0;0;0;0;0;0;0;0;0;0;0;0;0;0;0;0;0;0;0;0;0;0;0;1;0;0;0;0;0;0;0;1;0;0
64295;Labeyrie;75;64;0;0;0;0;0;0;0;0;0;0;0;0;0;0;0;0;0;0;0;0;1;0;0;0;0;0;0;0;0;0;0;0;0;0;0;0;0
64296;Lacadée;75;64;0;0;0;0;0;0;0;0;0;0;0;0;0;0;0;0;0;0;0;0;0;0;0;0;0;0;0;0;0;0;0;0;0;0;0;0;0
64297;Lacarre;75;64;0;0;0;0;0;0;0;0;0;0;0;0;0;0;0;0;0;0;0;0;0;0;0;0;0;0;1;2;1;0;0;0;0;0;0;0;0
64298;Lacarry-Arhan-Charritte-de-Haut;75;64;0;0;0;0;0;0;0;0;0;0;0;0;0;0;0;0;0;0;0;0;0;0;0;0;1;0;1;0;0;0;0;0;0;1;0;0;0
64299;Lacommande;75;64;0;0;0;0;0;0;0;0;0;0;0;0;0;0;0;0;0;0;0;0;0;0;0;0;1;1;1;1;1;0;0;0;0;0;0;0;0
64300;Lacq;75;64;0;0;0;0;0;0;0;0;0;0;0;0;0;0;0;0;0;0;0;1;4;0;0;3;2;2;0;0;3;0;0;0;1;2;0;1;1
64301;Lagor;75;64;0;0;0;0;0;0;0;0;0;0;0;0;0;0;0;0;0;0;0;1;2;0;0;0;0;1;0;2;0;0;1;0;0;2;0;0;1
64302;Lagos;75;64;0;0;0;0;0;0;0;0;0;0;0;0;0;0;0;0;0;0;0;0;0;0;0;0;1;3;0;0;1;0;0;0;0;0;0;0;0
64303;Laguinge-Restoue;75;64;0;0;0;0;0;0;0;0;0;0;0;0;0;0;0;0;1;0;0;0;1;0;0;0;0;0;1;1;1;0;0;1;0;0;0;0;0
64304;Lahonce;75;64;0;0;0;0;0;0;0;0;0;0;0;0;0;0;0;0;1;0;0;1;4;0;0;0;8;10;6;8;8;1;1;0;0;5;2;1;1
64305;Lahontan;75;64;0;0;0;0;0;0;0;0;0;0;0;0;0;0;0;0;0;0;1;0;1;0;0;0;2;0;1;0;1;0;0;0;0;1;0;0;0
64306;Lahourcade;75;64;0;0;0;0;0;0;0;0;0;0;0;0;0;0;0;0;0;0;0;0;0;0;1;0;1;1;3;2;0;0;1;0;0;1;1;0;0
64307;Lalongue;75;64;0;0;0;0;0;0;0;0;0;0;0;0;0;0;0;0;0;0;0;0;0;0;0;0;1;0;0;1;1;0;0;0;0;0;0;0;0
64308;Lalonquette;75;64;0;0;0;0;0;0;0;0;0;0;0;0;0;0;0;0;0;0;0;0;0;0;0;0;0;0;1;1;1;0;0;0;0;1;0;0;0
64309;Lamayou;75;64;0;0;0;0;0;0;0;0;0;0;0;0;0;0;0;0;0;0;0;0;0;0;0;0;0;4;0;0;0;0;0;0;0;0;0;0;0
64310;Lanne-en-Barétous;75;64;0;0;0;0;0;0;0;0;0;0;0;0;0;0;0;0;0;0;0;1;3;0;0;0;1;2;0;1;1;0;1;0;0;4;0;0;1
64311;Lannecaube;75;64;0;0;0;0;0;0;0;0;0;0;0;0;0;0;0;0;0;0;0;0;1;0;0;0;0;0;1;0;0;0;0;0;0;0;0;0;0
64312;Lanneplaà;75;64;0;0;0;0;0;0;0;0;0;0;0;0;0;0;0;0;0;0;0;0;0;0;0;0;1;0;0;0;0;0;0;0;0;0;0;0;0
64313;Lantabat;75;64;0;0;0;0;0;0;0;0;0;0;0;0;0;0;0;0;0;0;0;0;0;0;0;0;0;0;0;1;1;0;0;0;0;1;0;0;0
64314;Larceveau-Arros-Cibits;75;64;0;0;0;0;0;0;0;0;0;0;0;0;0;0;0;0;1;1;0;0;2;0;0;0;5;0;0;2;0;0;1;0;0;1;0;0;0
64315;Laroin;75;64;0;0;0;0;0;0;0;0;0;0;0;0;0;0;0;0;0;0;0;0;1;0;0;0;1;2;6;1;0;1;1;0;0;4;0;0;1
64316;Larrau;75;64;0;0;0;0;0;0;0;0;0;0;0;0;0;0;0;0;0;0;0;0;0;0;0;0;0;0;0;0;0;0;0;0;0;2;0;0;0
64317;Larressore;75;64;0;0;0;0;0;0;0;0;0;0;0;0;0;0;0;0;0;0;0;1;2;0;0;0;7;6;8;6;4;4;3;0;0;1;1;0;0
64318;Larreule;75;64;0;0;0;0;0;0;0;0;0;0;0;0;0;0;0;0;0;0;0;0;0;0;0;0;1;0;1;0;0;0;0;0;0;1;0;0;0
64319;Larribar-Sorhapuru;75;64;0;0;0;0;0;0;0;0;0;0;0;0;0;0;0;0;0;0;0;0;0;0;0;0;1;0;2;0;0;0;0;0;0;0;0;0;0
64320;Laruns;75;64;0;1;0;0;0;0;0;0;0;0;1;0;0;0;0;2;0;1;0;0;3;0;0;0;3;1;4;2;1;2;3;0;0;19;5;1;2
64321;Lasclaveries;75;64;0;0;0;0;0;0;0;0;0;0;0;0;0;0;0;0;0;0;0;0;0;0;0;0;0;0;1;0;1;0;0;0;0;3;0;0;0
64322;Lasse;75;64;0;0;0;0;0;0;0;0;0;0;0;0;0;0;0;0;0;0;0;0;0;0;0;0;0;1;2;1;2;0;1;0;0;1;0;0;0
64323;Lasserre;75;64;0;0;0;0;0;0;0;0;0;0;0;0;0;0;0;0;0;0;1;0;0;0;0;0;0;0;1;0;0;0;0;0;0;0;0;0;0
64324;Lasseube;75;64;0;1;0;0;0;0;0;0;0;0;0;0;0;0;0;0;0;1;0;0;4;0;0;0;2;7;5;4;3;0;1;0;0;2;0;0;0
64325;Lasseubetat;75;64;0;0;0;0;0;0;0;0;0;0;0;0;0;0;0;0;0;0;0;0;0;0;0;0;1;0;1;1;0;0;0;0;0;0;0;0;0
64326;Lay-Lamidou;75;64;0;0;0;0;0;0;0;0;0;0;0;0;0;0;0;0;0;0;0;0;0;0;0;0;0;0;0;0;0;0;1;0;0;0;0;0;0
64327;Lecumberry;75;64;0;0;0;0;0;0;0;0;0;0;0;0;0;0;0;0;0;0;0;0;0;0;0;0;0;0;2;1;0;0;0;0;0;0;0;0;0
64328;Ledeuix;75;64;0;0;0;0;0;0;0;0;0;0;0;0;0;0;0;0;1;0;0;0;2;0;0;0;1;1;1;0;1;0;1;0;0;1;4;0;0
64329;Lée;75;64;0;0;0;0;0;0;0;0;0;0;0;0;0;0;0;0;0;0;0;0;0;0;0;0;4;2;0;1;2;0;1;0;0;2;3;0;0
64330;Lées-Athas;75;64;0;0;0;0;0;0;0;0;0;0;0;0;0;0;0;0;0;0;0;0;0;0;0;0;0;0;2;0;0;0;0;0;0;0;1;0;0
64331;Lembeye;75;64;0;1;0;0;0;0;0;0;0;0;1;0;0;0;0;2;1;1;0;0;3;0;0;1;0;3;2;0;2;0;2;1;0;3;0;1;1
64332;Lème;75;64;0;0;0;0;0;0;0;0;0;0;0;0;0;0;0;0;0;0;0;0;0;0;0;0;0;0;0;0;0;0;0;0;0;0;0;0;0
64334;Léren;75;64;0;0;0;0;0;0;0;0;0;0;0;0;0;0;0;0;0;0;0;0;1;0;0;0;0;0;1;0;0;0;0;0;0;0;1;0;1
64335;Lescar;75;64;0;1;0;0;0;0;0;0;0;0;1;0;0;0;0;5;0;1;0;0;22;2;0;6;15;15;23;10;14;7;14;5;0;44;15;1;7
64336;Lescun;75;64;0;0;0;0;0;0;0;0;0;0;0;0;0;0;0;0;0;0;0;1;0;0;0;0;0;0;1;0;0;0;0;0;0;2;1;0;0
64337;Lespielle;75;64;0;0;0;0;0;0;0;0;0;0;0;0;0;0;0;0;0;0;0;0;1;0;0;1;1;0;0;0;0;0;0;0;0;0;0;0;0
64338;Lespourcy;75;64;0;0;0;0;0;0;0;0;0;0;0;0;0;0;0;0;0;0;0;0;1;0;0;0;1;0;0;0;0;0;0;0;0;0;0;0;1
64339;Lestelle-Bétharram;75;64;0;0;0;0;0;0;0;0;0;0;0;0;0;0;0;0;0;0;0;1;1;0;0;0;0;0;1;2;0;0;2;0;0;4;0;0;0
64340;Lichans-Sunhar;75;64;0;0;0;0;0;0;0;0;0;0;0;0;0;0;0;0;0;0;0;0;0;0;0;0;0;0;2;0;0;0;0;0;0;0;0;0;0
64341;Lichos;75;64;0;0;0;0;0;0;0;0;0;0;0;0;0;0;0;0;0;0;0;0;0;0;0;0;0;0;1;0;0;0;0;0;0;0;0;0;0
64342;Licq-Athérey;75;64;0;0;0;0;0;0;0;0;0;0;0;0;0;0;0;0;0;0;0;1;1;0;0;0;0;0;1;0;0;0;0;0;0;2;0;0;0
64343;Limendous;75;64;0;0;0;0;0;0;0;0;0;0;0;0;0;0;0;0;0;0;0;0;1;0;0;0;1;2;2;1;2;1;3;0;0;1;0;0;0
64344;Livron;75;64;0;0;0;0;0;0;0;0;0;0;0;0;0;0;0;0;0;0;0;0;0;0;0;0;0;2;0;0;0;0;1;0;0;0;0;0;0
64345;Lohitzun-Oyhercq;75;64;0;0;0;0;0;0;0;0;0;0;0;0;0;0;0;0;0;0;0;0;0;0;0;0;2;0;0;0;0;0;0;0;0;1;0;0;1
64346;Lombia;75;64;0;0;0;0;0;0;0;0;0;0;0;0;0;0;0;0;0;0;0;0;2;0;0;0;1;0;0;0;0;0;0;0;0;1;0;0;0
64347;Lonçon;75;64;0;0;0;0;0;0;0;0;0;0;0;0;0;0;0;0;0;0;0;0;0;0;0;0;0;0;1;0;0;0;0;0;0;0;0;0;0
64348;Lons;75;64;0;0;0;0;0;0;0;0;0;0;0;1;0;0;0;4;1;2;0;0;43;3;2;3;17;18;18;31;14;9;17;4;2;31;20;2;8
64349;Loubieng;75;64;0;0;0;0;0;0;0;0;0;0;0;0;0;0;0;0;0;0;0;0;0;0;0;0;2;1;0;1;1;0;1;0;0;1;1;0;0
64350;Louhossoa;75;64;0;0;0;0;0;0;0;0;0;0;0;0;0;0;0;0;0;0;1;0;2;0;0;0;1;3;3;1;1;1;1;0;0;1;0;0;2
64351;Lourdios-Ichère;75;64;0;0;0;0;0;0;0;0;0;0;0;0;0;0;0;0;0;0;0;0;1;0;0;0;1;0;0;0;0;0;0;0;0;1;0;0;0
64352;Lourenties;75;64;0;0;0;0;0;0;0;0;0;0;0;0;0;0;0;0;0;0;0;0;1;0;0;0;1;0;1;0;0;0;0;0;0;0;0;0;1
64353;Louvie-Juzon;75;64;0;0;0;0;0;0;0;0;0;0;0;0;0;0;0;0;0;1;0;0;3;1;0;0;3;1;4;3;1;0;2;0;0;5;1;0;2
64354;Louvie-Soubiron;75;64;0;0;0;0;0;0;0;0;0;0;0;0;0;0;0;0;0;0;0;0;1;0;0;0;0;0;0;0;0;0;0;0;0;0;0;0;0
64355;Louvigny;75;64;0;0;0;0;0;0;0;0;0;0;0;0;0;0;0;0;0;0;0;0;0;0;0;0;0;0;0;0;0;0;0;0;0;0;0;0;0
64356;Luc-Armau;75;64;0;0;0;0;0;0;0;0;0;0;0;0;0;0;0;0;0;0;0;0;0;0;0;0;1;0;1;0;0;0;0;0;0;0;0;0;0
64357;Lucarré;75;64;0;0;0;0;0;0;0;0;0;0;0;0;0;0;0;0;0;0;0;0;0;0;0;0;1;0;0;1;1;0;0;0;0;0;0;0;0
64358;Lucgarier;75;64;0;0;0;0;0;0;0;0;0;0;0;0;0;0;0;0;0;0;0;0;0;0;0;0;0;0;0;0;0;1;0;0;0;0;0;0;0
64359;Lucq-de-Béarn;75;64;0;0;0;0;0;0;0;0;0;0;0;0;0;0;0;0;0;0;0;1;1;0;0;0;0;1;2;2;1;0;0;0;0;1;0;0;0
64360;Lurbe-Saint-Christau;75;64;0;0;0;0;0;0;0;0;0;0;0;0;0;0;0;0;0;0;0;0;0;0;0;0;0;3;0;0;0;1;1;0;0;0;0;0;0
64361;Lussagnet-Lusson;75;64;0;0;0;0;0;0;0;0;0;0;0;0;0;0;0;0;0;0;0;0;0;0;0;0;0;1;0;1;0;0;0;0;0;0;0;0;0
64362;Luxe-Sumberraute;75;64;0;0;0;0;0;0;0;0;0;0;0;0;0;0;0;0;0;0;0;0;0;0;0;0;2;0;0;0;0;0;0;0;0;0;0;0;0
64363;Lys;75;64;0;0;0;0;0;0;0;0;0;0;0;0;0;0;0;0;0;0;0;0;0;0;0;0;1;1;1;0;0;0;0;0;0;0;0;0;0
64364;Macaye;75;64;0;0;0;0;0;0;0;0;0;0;0;0;0;0;0;0;0;0;1;0;2;0;0;0;0;2;0;2;2;0;0;0;0;0;0;0;0
64365;Malaussanne;75;64;0;0;0;0;0;0;0;0;0;0;0;0;0;0;0;0;0;0;0;0;2;0;0;0;1;0;0;1;0;0;1;0;0;0;0;0;0
64366;Mascaraàs-Haron;75;64;0;0;0;0;0;0;0;0;0;0;0;0;0;0;0;0;0;0;0;0;0;0;0;0;0;1;0;0;0;0;1;0;0;0;0;0;0
64367;Maslacq;75;64;0;0;0;0;0;0;0;0;0;0;0;0;0;0;0;0;0;0;0;1;0;0;0;0;1;1;0;2;2;0;1;0;0;1;0;0;2
64368;Masparraute;75;64;0;0;0;0;0;0;0;0;0;0;0;0;0;0;0;0;0;0;0;0;0;0;0;0;0;0;2;0;0;0;0;0;0;0;1;0;1
64369;Maspie-Lalonquère-Juillacq;75;64;0;0;0;0;0;0;0;0;0;0;0;0;0;0;0;0;0;0;0;0;1;0;0;0;1;1;0;0;0;0;0;0;0;1;0;0;0
64370;Maucor;75;64;0;0;0;0;0;0;0;0;0;0;0;0;0;0;0;0;0;0;0;0;0;0;0;0;3;1;1;0;0;0;0;0;0;0;0;0;0
64371;Mauléon-Licharre;75;64;0;1;0;0;0;0;0;0;0;0;1;0;0;0;0;5;1;1;0;0;9;1;0;2;5;7;3;3;7;1;14;3;0;11;5;2;3
64372;Maure;75;64;0;0;0;0;0;0;0;0;0;0;0;0;0;0;0;0;0;0;0;0;1;0;0;0;0;0;0;0;0;0;0;0;0;0;1;0;0
64373;Mazères-Lezons;75;64;0;0;0;0;0;0;0;0;0;0;0;0;0;0;0;2;0;1;0;0;6;1;0;0;1;3;1;4;2;0;1;0;0;3;0;0;0
64374;Mazerolles;75;64;0;0;0;0;0;0;0;0;0;0;0;0;0;0;0;0;0;0;1;0;2;0;0;0;2;8;7;6;4;0;2;0;0;2;1;0;1
64375;Méharin;75;64;0;0;0;0;0;0;0;0;0;0;0;0;0;0;0;0;0;0;0;0;0;0;0;0;2;0;2;1;1;1;1;0;0;0;0;0;0
64376;Meillon;75;64;0;0;0;0;0;0;0;0;0;0;0;0;0;0;0;0;0;0;0;0;0;0;0;0;3;3;1;2;1;0;0;0;0;2;0;0;0
64377;Mendionde;75;64;0;0;0;0;0;0;0;0;0;0;0;0;0;0;0;0;1;1;0;0;1;0;0;0;3;2;4;1;1;0;2;0;0;3;0;0;1
64378;Menditte;75;64;0;0;0;0;0;0;0;0;0;0;0;0;0;0;0;0;0;0;0;0;1;0;0;0;0;1;0;0;0;0;0;0;0;2;0;0;0
64379;Mendive;75;64;0;0;0;0;0;0;0;0;0;0;0;0;0;0;0;0;0;0;0;0;1;0;0;0;0;1;0;0;1;0;1;0;0;1;0;0;0
64380;Méracq;75;64;0;0;0;0;0;0;0;0;0;0;0;0;0;0;0;0;0;0;0;0;1;0;0;0;0;1;1;0;0;0;0;0;0;0;0;0;0
64381;Méritein;75;64;0;0;0;0;0;0;0;0;0;0;0;0;0;0;0;0;0;0;0;0;0;0;0;0;0;1;2;1;1;0;2;0;0;0;0;0;0
64382;Mesplède;75;64;0;0;0;0;0;0;0;0;0;0;0;0;0;0;0;0;0;0;0;0;0;0;0;0;0;0;1;0;0;0;0;0;0;0;0;0;0
64383;Mialos;75;64;0;0;0;0;0;0;0;0;0;0;0;0;0;0;0;0;0;0;0;0;0;0;0;0;0;0;0;1;0;0;0;0;0;0;0;0;0
64385;Miossens-Lanusse;75;64;0;0;0;0;0;0;0;0;0;0;0;0;0;0;0;0;0;0;0;0;0;0;0;0;1;0;0;1;0;0;0;0;0;0;0;0;2
64386;Mirepeix;75;64;0;0;0;0;0;0;0;0;0;0;0;0;0;0;0;0;0;0;0;0;1;0;0;0;2;2;2;2;0;0;0;3;0;0;0;1;1
64387;Momas;75;64;0;0;0;0;0;0;0;0;0;0;0;0;0;0;0;0;0;0;0;0;0;0;0;0;0;0;1;0;0;0;0;0;0;0;1;0;0
64388;Momy;75;64;0;0;0;0;0;0;0;0;0;0;0;0;0;0;0;0;0;0;0;0;0;0;0;0;0;0;0;0;0;0;0;0;0;0;0;0;0
64389;Monassut-Audiracq;75;64;0;0;0;0;0;0;0;0;0;0;0;0;0;0;0;0;0;0;0;0;3;0;0;0;2;0;1;0;1;0;0;0;0;0;0;0;0
64390;Moncaup;75;64;0;0;0;0;0;0;0;0;0;0;0;0;0;0;0;0;0;0;0;0;0;0;0;0;0;0;1;0;0;0;0;0;0;0;0;0;0
64391;Moncayolle-Larrory-Mendibieu;75;64;0;0;0;0;0;0;0;0;0;0;0;0;0;0;0;0;0;0;0;0;1;0;0;0;1;0;0;0;0;0;0;0;0;1;0;0;0
64392;Moncla;75;64;0;0;0;0;0;0;0;0;0;0;0;0;0;0;0;0;0;0;0;0;0;0;0;0;0;0;0;1;1;0;0;0;0;0;0;0;0
64393;Monein;75;64;0;1;0;0;0;0;0;0;0;0;1;0;0;0;0;2;1;1;0;0;6;1;0;3;7;10;9;6;3;1;5;2;1;9;5;1;4
64394;Monpezat;75;64;0;0;0;0;0;0;0;0;0;0;0;0;0;0;0;0;0;0;0;0;0;0;0;0;2;0;0;0;0;0;0;0;0;0;0;0;0
64395;Monségur;75;64;0;0;0;0;0;0;0;0;0;0;0;0;0;0;0;0;0;0;0;0;0;0;0;0;0;2;0;0;0;0;1;0;0;0;0;0;0
64396;Mont;75;64;0;0;0;0;0;0;0;0;0;0;0;0;0;0;0;0;0;0;0;0;0;0;0;0;2;3;1;3;1;0;1;0;0;2;0;0;1
64397;Montagut;75;64;0;0;0;0;0;0;0;0;0;0;0;0;0;0;0;0;0;0;0;0;0;0;0;0;1;0;0;0;0;0;0;0;0;0;0;0;0
64398;Montaner;75;64;0;0;0;0;0;0;0;0;0;0;0;0;0;0;0;0;0;1;0;0;1;0;0;0;2;1;2;0;1;0;0;0;0;1;0;0;0
64399;Montardon;75;64;0;0;0;0;0;0;0;0;0;0;0;0;0;0;0;0;1;0;0;0;4;0;0;1;4;3;6;4;4;1;3;0;0;2;1;0;3
64400;Montaut;75;64;0;0;0;0;0;0;0;0;0;0;0;0;0;0;0;0;0;0;1;0;0;0;0;0;2;4;8;1;1;0;1;0;0;2;1;1;2
64401;Mont-Disse;75;64;0;0;0;0;0;0;0;0;0;0;0;0;0;0;0;0;0;0;0;0;0;0;0;0;0;0;0;0;0;0;0;0;0;0;0;0;0
64403;Montfort;75;64;0;0;0;0;0;0;0;0;0;0;0;0;0;0;0;0;0;0;0;0;0;0;0;0;0;0;0;0;0;0;0;0;0;0;0;0;0
64404;Montory;75;64;0;0;0;0;0;0;0;0;0;0;0;0;0;0;0;0;0;1;0;0;1;0;0;0;0;0;1;1;0;0;0;0;0;0;0;0;0
64405;Morlaàs;75;64;0;1;0;0;0;0;0;0;0;0;1;0;0;0;0;3;1;1;0;0;11;1;0;3;16;9;8;9;8;5;6;3;0;7;6;1;6
64406;Morlanne;75;64;0;0;0;0;0;0;0;0;0;0;0;0;0;0;0;0;0;0;0;1;3;0;0;0;0;1;3;0;0;0;2;0;0;5;1;0;0
64407;Mouguerre;75;64;0;0;0;0;0;0;0;0;0;0;0;0;0;0;0;0;0;1;0;0;8;1;0;0;6;24;13;6;8;2;7;0;0;7;6;0;4
64408;Mouhous;75;64;0;0;0;0;0;0;0;0;0;0;0;0;0;0;0;0;0;0;0;0;0;0;0;0;0;0;1;0;1;0;0;0;0;0;0;0;0
64409;Moumour;75;64;0;0;0;0;0;0;0;0;0;0;0;0;0;0;0;0;0;0;1;0;1;0;0;0;1;1;4;0;0;0;0;0;0;0;0;0;0
64410;Mourenx;75;64;0;1;0;0;0;0;0;0;0;0;1;1;0;0;0;7;0;1;0;0;9;1;0;2;4;13;6;2;3;0;9;1;3;13;4;2;7
64411;Musculdy;75;64;0;0;0;0;0;0;0;0;0;0;0;0;0;0;0;0;0;0;0;0;0;0;0;0;0;0;0;0;0;0;0;0;0;1;0;0;0
64412;Nabas;75;64;0;0;0;0;0;0;0;0;0;0;0;0;0;0;0;0;0;0;0;0;0;0;0;0;0;0;1;0;0;0;0;0;0;0;0;0;0
64413;Narcastet;75;64;0;0;0;0;0;0;0;0;0;0;0;0;0;0;0;0;0;0;0;0;2;0;0;0;1;3;3;4;1;0;0;0;0;1;2;0;0
64414;Narp;75;64;0;0;0;0;0;0;0;0;0;0;0;0;0;0;0;0;0;0;0;0;1;0;0;0;0;0;0;1;0;0;0;0;0;0;1;0;0
64415;Navailles-Angos;75;64;0;0;0;0;0;0;0;0;0;0;0;0;0;0;0;0;0;0;0;1;1;0;0;0;1;3;4;3;1;0;3;0;0;0;0;0;0
64416;Navarrenx;75;64;0;1;0;0;0;0;0;0;0;0;1;0;0;0;0;3;0;1;0;0;3;1;0;1;1;7;2;0;1;0;4;2;0;8;5;1;2
64417;Nay;75;64;0;1;0;0;0;0;0;0;0;0;1;0;0;0;0;7;0;1;0;0;5;0;0;2;3;6;3;3;9;3;11;0;1;9;5;1;6
64418;Noguères;75;64;0;0;0;0;0;0;0;0;0;0;0;0;0;0;0;0;0;0;0;0;0;0;0;0;0;0;0;0;0;0;0;0;0;0;0;0;0
64419;Nousty;75;64;0;0;0;0;0;0;0;0;0;0;0;0;0;0;0;0;0;0;0;0;3;1;0;0;3;1;4;0;1;0;0;0;0;4;3;0;0
64420;Ogenne-Camptort;75;64;0;0;0;0;0;0;0;0;0;0;0;0;0;0;0;0;0;0;0;0;0;0;0;0;0;0;0;2;0;0;0;0;0;0;0;0;0
64421;Ogeu-les-Bains;75;64;0;0;0;0;0;0;0;0;0;0;0;0;0;0;0;0;0;1;0;0;2;0;0;1;1;3;4;3;4;0;3;0;0;2;1;0;1
64422;Oloron-Sainte-Marie;75;64;0;1;0;0;1;0;0;0;0;0;2;1;0;0;0;13;2;1;0;0;28;3;0;3;5;19;19;15;10;5;33;5;5;40;23;7;13
64423;Oraàs;75;64;0;0;0;0;0;0;0;0;0;0;0;0;0;0;0;0;0;0;0;0;0;0;0;0;0;0;0;0;1;0;0;0;0;0;0;0;0
64424;Ordiarp;75;64;0;0;0;0;0;0;0;0;0;0;0;0;0;0;0;0;0;0;0;0;2;0;0;0;1;0;2;0;1;0;0;0;0;2;0;0;0
64425;Orègue;75;64;0;0;0;0;0;0;0;0;0;0;0;0;0;0;0;0;0;0;0;0;0;0;0;0;3;1;0;0;0;0;0;0;0;0;0;0;0
64426;Orin;75;64;0;0;0;0;0;0;0;0;0;0;0;0;0;0;0;0;0;0;0;0;3;0;0;0;1;0;2;1;0;0;1;0;0;0;0;0;0
64427;Orion;75;64;0;0;0;0;0;0;0;0;0;0;0;0;0;0;0;0;0;0;0;0;0;0;0;0;0;0;0;0;0;0;0;0;0;0;0;0;0
64428;Orriule;75;64;0;0;0;0;0;0;0;0;0;0;0;0;0;0;0;0;0;0;0;0;0;0;0;0;1;0;0;1;0;0;0;0;0;0;0;0;0
64429;Orsanco;75;64;0;0;0;0;0;0;0;0;0;0;0;0;0;0;0;0;0;0;0;0;0;0;0;0;0;1;0;0;0;0;0;0;0;0;0;0;0
64430;Orthez;75;64;0;1;0;0;0;0;0;0;0;0;2;1;0;0;0;11;2;1;0;0;17;3;0;4;8;8;16;9;17;6;29;2;1;28;16;4;5
64431;Os-Marsillon;75;64;0;0;0;0;0;0;0;0;0;0;0;0;0;0;0;0;0;0;0;0;1;0;0;0;0;2;1;1;1;0;3;0;0;1;0;0;0
64432;Ossas-Suhare;75;64;0;0;0;0;0;0;0;0;0;0;0;0;0;0;0;0;0;0;0;0;0;0;0;0;0;1;1;0;0;0;0;0;0;0;0;0;0
64433;Osse-en-Aspe;75;64;0;0;0;0;0;0;0;0;0;0;0;0;0;0;0;0;0;0;0;0;1;0;0;0;0;1;1;0;0;0;0;0;0;2;0;0;0
64434;Ossenx;75;64;0;0;0;0;0;0;0;0;0;0;0;0;0;0;0;0;0;0;0;0;0;0;0;0;0;0;0;0;0;0;0;0;0;0;0;0;0
64435;Osserain-Rivareyte;75;64;0;0;0;0;0;0;0;0;0;0;0;0;0;0;0;0;0;0;0;0;0;0;0;0;0;1;0;0;4;0;1;0;0;0;0;0;0
64436;Ossès;75;64;0;0;0;0;0;0;0;0;0;0;0;0;0;0;0;0;1;0;0;1;3;0;0;0;5;2;6;0;0;0;1;0;0;3;1;0;1
64437;Ostabat-Asme;75;64;0;0;0;0;0;0;0;0;0;0;0;0;0;0;0;0;0;0;0;0;0;0;0;1;1;1;0;0;0;0;0;0;0;1;0;0;0
64438;Ouillon;75;64;0;0;0;0;0;0;0;0;0;0;0;0;0;0;0;0;0;0;0;0;0;0;0;0;1;1;2;0;1;0;0;0;0;0;0;0;1
64439;Ousse;75;64;0;0;0;0;0;0;0;0;0;0;0;0;0;0;0;0;0;0;0;0;4;0;0;0;1;1;1;1;4;0;3;1;0;2;2;0;3
64440;Ozenx-Montestrucq;75;64;0;0;0;0;0;0;0;0;0;0;0;0;0;0;0;0;0;0;0;0;1;0;0;0;0;1;1;1;0;1;0;0;0;0;0;0;0
64441;Pagolle;75;64;0;0;0;0;0;0;0;0;0;0;0;0;0;0;0;0;0;0;0;0;0;0;0;0;1;0;1;0;0;0;0;0;0;1;0;0;0
64442;Parbayse;75;64;0;0;0;0;0;0;0;0;0;0;0;0;0;0;0;0;0;0;0;0;1;0;0;0;1;2;0;0;0;0;0;0;0;1;0;0;0
64443;Pardies;75;64;0;0;0;0;0;0;0;0;0;0;0;0;0;0;0;0;2;0;0;1;4;1;0;1;2;3;1;3;1;0;2;0;0;2;2;0;1
64444;Pardies-Piétat;75;64;0;0;0;0;0;0;0;0;0;0;0;0;0;0;0;0;0;0;0;0;1;0;0;0;0;1;0;0;0;0;0;0;0;1;0;0;0
64445;Pau;75;64;2;0;1;1;1;1;1;1;0;0;17;2;0;0;0;83;9;6;0;0;56;5;6;26;66;115;73;66;60;26;151;10;33;365;158;20;80
64446;Peyrelongue-Abos;75;64;0;0;0;0;0;0;0;0;0;0;0;0;0;0;0;0;0;0;0;0;0;0;0;0;1;0;0;0;0;0;0;0;0;0;0;0;0
64447;Piets-Plasence-Moustrou;75;64;0;0;0;0;0;0;0;0;0;0;0;0;0;0;0;0;0;0;0;0;0;0;0;0;1;0;0;1;0;0;0;0;0;0;0;0;0
64448;Poey-de-Lescar;75;64;0;0;0;0;0;0;0;0;0;0;0;0;0;0;0;0;1;0;0;0;3;0;0;0;3;1;7;6;1;1;1;0;0;3;0;0;1
64449;Poey-d'Oloron;75;64;0;0;0;0;0;0;0;0;0;0;0;0;0;0;0;0;0;0;0;0;0;0;0;0;0;1;1;0;0;0;0;0;0;0;0;0;0
64450;Pomps;75;64;0;0;0;0;0;0;0;0;0;0;0;0;0;0;0;0;0;0;0;0;0;0;0;0;0;1;1;0;1;0;0;0;0;0;0;0;0
64451;Ponson-Debat-Pouts;75;64;0;0;0;0;0;0;0;0;0;0;0;0;0;0;0;0;0;0;0;0;0;0;0;0;0;1;2;0;0;0;0;0;0;0;0;0;0
64452;Ponson-Dessus;75;64;0;0;0;0;0;0;0;0;0;0;0;0;0;0;0;0;0;0;0;0;1;0;0;0;1;0;1;0;0;0;0;0;0;0;0;0;0
64453;Pontacq;75;64;0;1;0;0;0;0;0;0;0;0;1;0;0;0;0;2;1;1;0;0;8;1;0;1;1;8;6;6;1;1;7;0;0;4;2;2;3
64454;Pontiacq-Viellepinte;75;64;0;0;0;0;0;0;0;0;0;0;0;0;0;0;0;0;0;1;0;0;1;0;0;0;0;1;0;1;0;0;0;0;0;0;0;0;1
64455;Portet;75;64;0;0;0;0;0;0;0;0;0;0;0;0;0;0;0;0;0;0;0;1;0;0;0;0;0;0;1;2;1;0;0;0;0;1;0;0;0
64456;Pouliacq;75;64;0;0;0;0;0;0;0;0;0;0;0;0;0;0;0;0;0;0;0;0;0;0;0;0;0;0;0;0;0;0;0;0;0;0;0;0;0
64457;Poursiugues-Boucoue;75;64;0;0;0;0;0;0;0;0;0;0;0;0;0;0;0;0;0;0;0;0;0;0;0;0;0;0;0;0;0;0;0;0;0;2;0;0;0
64458;Préchacq-Josbaig;75;64;0;0;0;0;0;0;0;0;0;0;0;0;0;0;0;0;0;0;0;0;1;0;0;0;1;0;1;2;0;0;1;0;0;0;0;0;0
64459;Préchacq-Navarrenx;75;64;0;0;0;0;0;0;0;0;0;0;0;0;0;0;0;0;0;0;0;0;1;0;0;0;0;0;0;0;0;0;0;0;0;1;0;0;0
64460;Précilhon;75;64;0;0;0;0;0;0;0;0;0;0;0;0;0;0;0;0;0;0;0;0;0;0;0;0;1;0;0;0;2;0;1;0;0;0;0;0;0
64461;Puyoô;75;64;0;1;0;0;0;0;0;0;0;0;0;0;0;0;0;1;0;1;0;0;6;0;0;2;5;2;2;3;0;0;2;0;0;2;1;1;1
64462;Ramous;75;64;0;0;0;0;0;0;0;0;0;0;0;0;0;0;0;0;0;0;0;0;2;1;0;0;0;1;1;1;0;0;0;0;0;1;1;0;0
64463;Rébénacq;75;64;0;0;0;0;0;0;0;0;0;0;0;0;0;0;0;0;0;0;0;1;0;0;0;0;1;0;1;1;0;0;0;0;0;1;0;0;0
64464;Ribarrouy;75;64;0;0;0;0;0;0;0;0;0;0;0;0;0;0;0;0;1;0;0;0;0;0;0;0;1;0;0;0;1;0;0;0;0;0;0;0;0
64465;Riupeyrous;75;64;0;0;0;0;0;0;0;0;0;0;0;0;0;0;0;0;0;0;0;0;0;0;0;0;0;0;1;0;1;0;0;0;0;0;0;0;0
64466;Rivehaute;75;64;0;0;0;0;0;0;0;0;0;0;0;0;0;0;0;0;0;0;0;1;0;0;0;0;0;1;1;1;1;0;1;0;0;0;0;0;0
64467;Rontignon;75;64;0;0;0;0;0;0;0;0;0;0;0;0;0;0;0;0;0;0;0;0;0;0;0;0;1;0;0;2;2;0;0;0;0;1;1;0;0
64468;Roquiague;75;64;0;0;0;0;0;0;0;0;0;0;0;0;0;0;0;0;0;0;0;0;0;0;0;0;1;0;0;0;0;0;0;0;0;0;0;0;0
64469;Saint-Abit;75;64;0;0;0;0;0;0;0;0;0;0;0;0;0;0;0;0;0;0;0;0;0;0;0;0;0;2;2;0;1;0;1;0;0;0;0;0;0
64470;Saint-Armou;75;64;0;0;0;0;0;0;0;0;0;0;0;0;0;0;0;0;0;0;0;0;4;0;0;0;1;3;2;0;0;1;0;1;0;1;0;0;0
64471;Saint-Boès;75;64;0;0;0;0;0;0;0;0;0;0;0;0;0;0;0;0;0;0;0;0;0;0;0;0;1;2;3;0;0;0;0;0;0;0;0;0;1
64472;Saint-Castin;75;64;0;0;0;0;0;0;0;0;0;0;0;0;0;0;0;0;0;0;0;0;0;0;0;0;0;3;1;3;0;0;1;0;0;1;1;0;0
64473;Sainte-Colome;75;64;0;0;0;0;0;0;0;0;0;0;0;0;0;0;0;0;0;0;0;0;0;0;0;0;1;1;1;1;1;0;1;0;0;1;0;0;0
64474;Saint-Dos;75;64;0;0;0;0;0;0;0;0;0;0;0;0;0;0;0;0;0;0;0;0;0;0;0;0;0;0;0;0;2;0;0;0;0;0;0;0;0
64475;Sainte-Engrâce;75;64;0;0;0;0;0;0;0;0;0;0;0;0;0;0;0;0;0;0;0;0;0;0;0;0;1;1;0;0;0;0;0;0;0;2;0;0;0
64476;Saint-Esteben;75;64;0;0;0;0;0;0;0;0;0;0;0;0;0;0;0;0;1;0;0;0;1;0;0;0;3;0;3;1;1;1;0;0;0;0;2;0;0
64477;Saint-Étienne-de-Baïgorry;75;64;0;1;0;0;0;0;0;0;0;0;1;0;0;0;0;2;1;1;0;0;5;0;1;0;1;4;7;3;2;2;3;0;0;2;0;0;1
64478;Saint-Faust;75;64;0;0;0;0;0;0;0;0;0;0;0;0;0;0;0;0;0;0;0;0;2;0;0;0;2;0;5;1;1;0;0;0;0;1;4;0;0
64479;Saint-Girons-en-Béarn;75;64;0;0;0;0;0;0;0;0;0;0;0;0;0;0;0;0;0;0;0;0;0;0;0;0;0;1;0;0;0;0;1;0;0;0;0;0;0
64480;Saint-Gladie-Arrive-Munein;75;64;0;0;0;0;0;0;0;0;0;0;0;0;0;0;0;0;0;0;0;0;1;0;0;0;0;0;1;2;3;0;0;0;0;0;0;0;0
64481;Saint-Goin;75;64;0;0;0;0;0;0;0;0;0;0;0;0;0;0;0;0;0;0;1;0;0;0;0;0;2;0;0;0;0;1;0;0;0;1;0;0;0
64482;Saint-Jammes;75;64;0;0;0;0;0;0;0;0;0;0;0;0;0;0;0;0;0;0;0;0;1;0;0;0;0;0;1;0;1;0;1;0;0;2;0;0;1
64483;Saint-Jean-de-Luz;75;64;1;1;0;0;0;0;0;0;0;0;1;1;0;0;0;15;4;2;0;0;18;3;3;4;20;28;21;21;27;6;38;3;3;153;56;5;21
64484;Saint-Jean-le-Vieux;75;64;0;0;0;0;0;0;0;0;0;0;0;0;0;0;0;0;0;1;0;0;2;0;0;0;2;4;3;4;5;0;2;5;0;1;0;0;0
64485;Saint-Jean-Pied-de-Port;75;64;0;1;0;0;0;0;0;0;0;0;1;0;0;0;0;7;0;1;0;0;1;1;0;3;3;6;3;1;3;0;8;0;0;29;4;0;2
64486;Saint-Jean-Poudge;75;64;0;0;0;0;0;0;0;0;0;0;0;0;0;0;0;0;0;0;0;0;0;0;0;0;0;0;0;0;0;0;0;0;0;0;0;0;0
64487;Saint-Just-Ibarre;75;64;0;0;0;0;0;0;0;0;0;0;0;0;0;0;0;0;0;0;0;0;2;0;0;0;1;0;1;0;1;0;0;0;0;2;0;0;0
64488;Saint-Laurent-Bretagne;75;64;0;0;0;0;0;0;0;0;0;0;0;0;0;0;0;0;0;0;0;0;0;0;0;0;1;2;1;1;0;0;0;0;0;1;1;0;0
64489;Saint-Martin-d'Arberoue;75;64;0;0;0;0;0;0;0;0;0;0;0;0;0;0;0;0;0;0;0;0;1;0;0;0;2;2;1;0;0;0;0;0;0;1;0;0;0
64490;Saint-Martin-d'Arrossa;75;64;0;0;0;0;0;0;0;0;0;0;0;0;0;0;0;0;0;0;0;1;0;0;0;0;1;2;1;0;3;0;0;0;0;1;1;0;0
64491;Saint-Médard;75;64;0;0;0;0;0;0;0;0;0;0;0;0;0;0;0;0;0;0;0;0;0;0;0;0;0;1;4;1;1;1;0;0;0;0;1;0;0
64492;Saint-Michel;75;64;0;0;0;0;0;0;0;0;0;0;0;0;0;0;0;0;0;0;0;0;1;0;0;0;1;0;3;0;0;0;0;0;0;1;0;0;1
64493;Saint-Palais;75;64;0;1;0;0;0;0;0;0;0;0;1;1;0;0;0;8;0;1;0;0;5;2;0;3;2;4;3;3;6;3;12;1;2;7;3;1;4
64494;Saint-Pé-de-Léren;75;64;0;0;0;0;0;0;0;0;0;0;0;0;0;0;0;0;0;0;0;0;1;1;0;0;0;0;2;0;0;0;0;0;0;0;0;0;0
64495;Saint-Pée-sur-Nivelle;75;64;0;1;0;0;0;0;0;0;0;0;0;0;0;0;0;2;0;1;0;0;11;2;0;2;10;19;21;8;13;3;11;2;0;20;10;1;5
64496;Saint-Pierre-d'Irube;75;64;0;0;0;0;0;0;0;0;0;0;0;0;0;0;0;4;2;1;0;0;1;0;0;1;7;12;3;8;1;2;8;1;0;4;6;2;6
64498;Saint-Vincent;75;64;0;0;0;0;0;0;0;0;0;0;0;0;0;0;0;0;0;0;0;0;0;0;0;0;3;1;3;2;0;0;0;0;0;1;1;0;0
64499;Salies-de-Béarn;75;64;0;1;0;0;0;0;0;0;0;0;1;0;0;0;0;6;1;1;0;0;4;1;0;1;10;15;9;5;5;0;9;1;1;13;10;2;3
64500;Salles-Mongiscard;75;64;0;0;0;0;0;0;0;0;0;0;0;0;0;0;0;0;0;0;0;0;0;0;0;0;1;1;2;1;0;0;0;0;0;0;0;0;0
64501;Sallespisse;75;64;0;0;0;0;0;0;0;0;0;0;0;0;0;0;0;0;0;0;0;0;1;0;0;0;2;1;2;1;0;0;0;0;0;0;0;0;0
64502;Sames;75;64;0;0;0;0;0;0;0;0;0;0;0;0;0;0;0;0;0;0;0;0;2;0;0;0;2;0;0;1;2;0;0;0;0;2;0;0;0
64503;Samsons-Lion;75;64;0;0;0;0;0;0;0;0;0;0;0;0;0;0;0;0;0;0;0;0;1;0;0;0;0;0;0;1;0;0;0;0;0;0;0;0;0
64504;Sare;75;64;0;0;0;0;0;0;0;0;0;0;0;0;0;0;0;0;1;1;0;0;3;0;0;0;8;10;12;4;5;1;6;2;0;10;1;0;2
64505;Sarpourenx;75;64;0;0;0;0;0;0;0;0;0;0;0;0;0;0;0;0;0;0;0;0;0;0;0;0;0;0;0;0;0;0;0;0;0;0;0;0;0
64506;Sarrance;75;64;0;0;0;0;0;0;0;0;0;0;0;0;0;0;0;0;0;0;1;0;1;0;0;0;2;0;1;2;1;0;1;0;0;1;0;0;0
64507;Saubole;75;64;0;0;0;0;0;0;0;0;0;0;0;0;0;0;0;0;0;0;0;0;0;0;0;0;1;0;0;1;0;0;0;0;0;0;0;0;0
64508;Saucède;75;64;0;0;0;0;0;0;0;0;0;0;0;0;0;0;0;0;0;0;0;0;0;0;0;0;0;0;0;0;0;0;0;0;0;0;0;0;0
64509;Sauguis-Saint-Étienne;75;64;0;0;0;0;0;0;0;0;0;0;0;0;0;0;0;0;0;0;0;0;1;0;0;0;0;0;1;0;0;0;0;0;0;0;0;0;0
64510;Sault-de-Navailles;75;64;0;0;0;0;0;0;0;0;0;0;0;0;0;0;0;0;0;0;0;1;2;0;0;0;0;3;3;1;1;1;2;0;0;2;0;0;0
64511;Sauvagnon;75;64;0;0;0;0;0;0;0;0;0;0;0;0;0;0;0;1;0;1;0;0;2;0;0;2;3;4;7;5;7;1;3;0;0;6;2;0;3
64512;Sauvelade;75;64;0;0;0;0;0;0;0;0;0;0;0;0;0;0;0;0;0;0;0;0;0;0;0;0;1;1;0;0;0;0;0;0;0;0;0;0;0
64513;Sauveterre-de-Béarn;75;64;0;1;0;0;0;0;0;0;0;0;1;0;0;0;0;2;0;1;0;0;3;0;0;0;2;4;1;2;0;2;4;3;0;4;1;0;1
64514;Séby;75;64;0;0;0;0;0;0;0;0;0;0;0;0;0;0;0;0;0;0;0;0;0;0;0;0;1;1;0;0;0;0;1;0;0;0;0;0;1
64515;Sedze-Maubecq;75;64;0;0;0;0;0;0;0;0;0;0;0;0;0;0;0;0;0;0;0;0;1;0;0;0;0;0;0;0;1;0;1;0;0;0;0;0;0
64516;Sedzère;75;64;0;0;0;0;0;0;0;0;0;0;0;0;0;0;0;0;0;0;0;0;0;0;0;1;0;3;0;1;2;0;1;0;0;1;0;0;0
64517;Séméacq-Blachon;75;64;0;0;0;0;0;0;0;0;0;0;0;0;0;0;0;0;0;0;0;0;0;0;0;0;0;1;0;0;0;0;0;0;0;0;0;0;0
64518;Sendets;75;64;0;0;0;0;0;0;0;0;0;0;0;0;0;0;0;0;0;0;0;0;0;0;0;0;0;1;4;1;1;1;0;0;0;1;0;0;0
64519;Serres-Castet;75;64;0;1;0;0;0;0;0;0;0;0;0;0;0;0;0;4;1;1;0;0;22;2;0;3;5;10;17;6;12;3;5;4;1;21;13;1;4
64520;Serres-Morlaàs;75;64;0;0;0;0;0;0;0;0;0;0;0;0;0;0;0;0;0;0;0;0;0;0;0;0;0;2;1;2;0;1;1;0;0;0;0;0;1
64521;Serres-Sainte-Marie;75;64;0;0;0;0;0;0;0;0;0;0;0;0;0;0;0;0;0;0;0;0;0;0;0;0;2;1;1;0;1;0;0;0;0;0;1;0;0
64522;Sévignacq-Meyracq;75;64;0;0;0;0;0;0;0;0;0;0;0;0;0;0;0;0;0;0;0;0;1;0;0;0;2;0;2;0;0;0;1;0;0;2;1;0;0
64523;Sévignacq;75;64;0;0;0;0;0;0;0;0;0;0;0;0;0;0;0;0;0;0;0;1;2;0;0;0;4;0;0;0;0;0;1;0;0;3;0;0;0
64524;Simacourbe;75;64;0;0;0;0;0;0;0;0;0;0;0;0;0;0;0;0;0;1;0;0;1;0;0;0;2;3;1;0;0;0;0;0;0;0;0;0;0
64525;Siros;75;64;0;0;0;0;0;0;0;0;0;0;0;0;0;0;0;0;0;0;0;0;0;0;0;0;2;1;0;2;1;0;0;0;0;2;1;0;0
64526;Soumoulou;75;64;0;1;0;0;0;0;0;0;0;0;0;0;0;0;0;1;0;1;0;0;4;0;0;3;2;4;1;1;2;0;5;1;0;7;4;1;2
64527;Souraïde;75;64;0;0;0;0;0;0;0;0;0;0;0;0;0;0;0;0;0;0;0;1;1;0;0;0;8;7;6;5;2;0;3;0;0;4;0;0;0
64528;Suhescun;75;64;0;0;0;0;0;0;0;0;0;0;0;0;0;0;0;0;0;0;0;0;0;0;0;0;0;0;0;0;0;0;0;0;0;2;0;0;0
64529;Sus;75;64;0;0;0;0;0;0;0;0;0;0;0;0;0;0;0;0;0;0;0;0;0;0;0;0;0;0;0;0;2;0;0;0;0;0;1;0;0
64530;Susmiou;75;64;0;0;0;0;0;0;0;0;0;0;0;0;0;0;0;0;0;0;0;0;2;1;0;0;0;0;0;1;0;1;1;0;0;1;0;0;2
64531;Tabaille-Usquain;75;64;0;0;0;0;0;0;0;0;0;0;0;0;0;0;0;0;0;0;0;0;0;0;0;0;0;0;0;0;0;0;0;0;0;0;0;0;0
64532;Tadousse-Ussau;75;64;0;0;0;0;0;0;0;0;0;0;0;0;0;0;0;0;0;0;0;0;0;0;0;0;0;0;0;0;0;0;0;0;0;0;0;0;0
64533;Tardets-Sorholus;75;64;0;1;0;0;0;0;0;0;0;0;1;0;0;0;0;3;1;1;0;0;3;0;0;0;0;2;1;2;0;0;4;4;0;3;0;0;2
64534;Taron-Sadirac-Viellenave;75;64;0;0;0;0;0;0;0;0;0;0;0;0;0;0;0;0;0;0;0;0;0;0;0;0;0;0;0;0;0;0;0;0;0;0;0;0;0
64535;Tarsacq;75;64;0;0;0;0;0;0;0;0;0;0;0;0;0;0;0;0;0;0;0;0;2;0;0;0;3;2;1;2;1;0;1;0;0;1;0;0;0
64536;Thèze;75;64;0;1;0;0;0;0;0;0;0;0;1;0;0;0;0;0;0;1;0;0;2;0;0;0;0;1;1;0;1;0;1;0;0;1;2;0;1
64537;Trois-Villes;75;64;0;0;0;0;0;0;0;0;0;0;0;0;0;0;0;0;0;0;0;0;1;0;0;0;0;1;0;0;1;0;0;0;0;0;0;0;0
64538;Uhart-Cize;75;64;0;0;0;0;0;0;0;0;0;0;0;0;0;0;0;0;0;0;0;0;7;0;0;0;1;2;5;1;2;0;1;0;0;2;0;0;1
64539;Uhart-Mixe;75;64;0;0;0;0;0;0;0;0;0;0;0;0;0;0;0;0;0;0;0;0;3;0;0;0;1;1;0;0;0;0;0;0;0;0;0;0;0
64540;Urcuit;75;64;0;0;0;0;0;0;0;0;0;0;0;0;0;0;0;0;0;0;0;1;2;0;0;0;1;4;8;3;7;2;5;0;0;3;1;0;4
64541;Urdès;75;64;0;0;0;0;0;0;0;0;0;0;0;0;0;0;0;0;0;0;0;0;1;0;0;0;0;0;0;0;0;0;0;0;0;0;0;0;0
64542;Urdos;75;64;0;0;0;0;0;0;0;0;0;0;0;0;0;0;0;0;0;0;0;1;0;0;0;0;0;0;0;0;0;0;0;0;0;0;0;0;0
64543;Urepel;75;64;0;0;0;0;0;0;0;0;0;0;0;0;0;0;0;0;0;0;0;0;1;0;0;0;0;1;3;0;1;0;0;0;0;0;0;0;0
64544;Urost;75;64;0;0;0;0;0;0;0;0;0;0;0;0;0;0;0;0;0;0;0;0;0;0;0;0;1;0;0;0;0;0;0;0;0;0;0;0;0
64545;Urrugne;75;64;0;0;0;0;0;0;0;0;0;0;0;0;0;0;0;4;0;2;0;0;15;1;0;1;10;26;26;13;17;3;19;2;6;33;17;2;8
64546;Urt;75;64;0;0;0;0;0;0;0;0;0;0;0;0;0;0;0;1;1;1;0;0;1;1;0;1;9;8;4;3;5;0;1;2;1;4;2;0;2
64547;Ustaritz;75;64;0;1;0;0;0;0;0;0;0;0;1;0;0;0;0;5;1;1;0;0;5;2;0;3;14;16;23;15;7;3;12;2;0;11;9;2;4
64548;Uzan;75;64;0;0;0;0;0;0;0;0;0;0;0;0;0;0;0;0;0;0;0;0;0;0;0;0;0;1;0;0;0;0;0;0;0;0;1;0;0
64549;Uzein;75;64;0;0;0;0;0;0;0;0;0;0;0;0;0;0;0;0;1;0;0;0;0;0;7;0;1;1;3;2;0;0;2;0;0;4;0;0;0
64550;Uzos;75;64;0;0;0;0;0;0;0;0;0;0;0;0;0;0;0;0;0;0;0;0;1;0;0;0;2;0;2;3;1;0;1;0;0;1;1;0;0
64551;Verdets;75;64;0;0;0;0;0;0;0;0;0;0;0;0;0;0;0;0;0;0;0;0;0;0;0;0;0;1;0;2;0;0;0;0;0;0;0;0;0
64552;Vialer;75;64;0;0;0;0;0;0;0;0;0;0;0;0;0;0;0;0;0;0;0;0;0;0;0;0;0;0;0;0;0;0;0;0;0;0;0;0;0
64554;Viellenave-d'Arthez;75;64;0;0;0;0;0;0;0;0;0;0;0;0;0;0;0;0;0;0;0;0;0;0;0;0;0;0;2;1;0;0;0;0;0;0;0;0;0
64555;Viellenave-de-Navarrenx;75;64;0;0;0;0;0;0;0;0;0;0;0;0;0;0;0;0;0;0;0;0;0;0;0;0;1;0;0;2;0;0;0;0;0;0;0;0;0
64556;Vielleségure;75;64;0;0;0;0;0;0;0;0;0;0;0;0;0;0;0;0;0;0;0;0;0;0;0;0;0;0;0;2;0;0;1;0;0;0;0;0;0
64557;Vignes;75;64;0;0;0;0;0;0;0;0;0;0;0;0;0;0;0;0;0;0;0;0;1;0;0;0;0;0;0;1;1;0;0;1;0;0;0;0;0
64558;Villefranque;75;64;0;0;0;0;0;0;0;0;0;0;0;0;0;0;0;0;0;0;0;1;7;0;0;0;6;10;12;6;7;1;2;0;0;1;3;0;2
64559;Viodos-Abense-de-Bas;75;64;0;0;0;0;0;0;0;0;0;0;0;0;0;0;0;0;0;0;1;0;2;0;0;0;1;2;4;0;1;0;0;0;0;2;0;0;0
64560;Viven;75;64;0;0;0;0;0;0;0;0;0;0;0;0;0;0;0;0;0;0;0;0;0;0;0;0;0;0;1;0;0;0;0;0;0;1;0;0;0
65001;Adast;76;65;0;0;0;0;0;0;0;0;0;0;0;0;0;0;0;0;0;0;0;0;0;0;0;0;0;1;1;0;0;0;0;0;0;0;0;0;0
65002;Adé;76;65;0;0;0;0;0;0;0;0;0;0;0;0;0;0;0;0;0;0;0;1;3;0;0;0;1;2;2;3;1;0;1;0;0;0;0;0;1
65003;Adervielle-Pouchergues;76;65;0;0;0;0;0;0;0;0;0;0;0;0;0;0;0;0;0;0;0;0;0;0;0;0;1;0;0;0;0;0;1;0;0;0;0;0;0
65004;Agos-Vidalos;76;65;0;0;0;0;0;0;0;0;0;0;0;0;0;0;0;0;0;0;0;0;0;1;0;0;1;0;4;0;0;1;0;0;0;0;0;0;0
65005;Allier;76;65;0;0;0;0;0;0;0;0;0;0;0;0;0;0;0;0;0;0;0;0;0;0;0;0;0;0;1;1;0;0;0;0;0;1;0;0;0
65006;Ancizan;76;65;0;0;0;0;0;0;0;0;0;0;0;0;0;0;0;0;0;0;0;1;1;0;0;0;2;0;1;0;1;0;0;0;0;2;0;0;0
65007;Andrest;76;65;0;0;0;0;0;0;0;0;0;0;0;0;0;0;0;0;2;1;0;0;1;0;0;0;3;6;5;3;4;1;3;0;0;1;1;0;1
65009;Anères;76;65;0;0;0;0;0;0;0;0;0;0;0;0;0;0;0;0;1;0;0;0;1;0;0;0;0;2;2;2;1;0;1;0;0;0;0;0;0
65010;Angos;76;65;0;0;0;0;0;0;0;0;0;0;0;0;0;0;0;0;0;0;0;0;0;0;0;0;0;0;1;0;1;0;0;0;0;1;0;0;0
65011;Les Angles;76;65;0;0;0;0;0;0;0;0;0;0;0;0;0;0;0;0;0;0;0;0;0;0;0;0;1;0;0;2;0;0;0;0;0;0;0;0;0
65012;Anla;76;65;0;0;0;0;0;0;0;0;0;0;0;0;0;0;0;0;0;0;0;0;0;0;0;0;1;0;0;0;0;0;0;0;0;0;0;0;1
65013;Ansost;76;65;0;0;0;0;0;0;0;0;0;0;0;0;0;0;0;0;0;0;0;0;0;0;0;0;0;0;0;0;0;0;0;0;0;0;0;0;0
65014;Antichan;76;65;0;0;0;0;0;0;0;0;0;0;0;0;0;0;0;0;0;0;0;0;0;0;0;0;1;0;0;0;0;0;0;0;0;1;0;0;0
65015;Antin;76;65;0;0;0;0;0;0;0;0;0;0;0;0;0;0;0;0;0;0;0;0;0;0;0;0;0;0;0;0;0;0;0;0;0;0;0;0;0
65016;Antist;76;65;0;0;0;0;0;0;0;0;0;0;0;0;0;0;0;0;0;0;0;0;2;0;0;0;0;0;0;0;1;0;0;0;0;0;1;0;0
65017;Aragnouet;76;65;0;0;0;0;0;0;0;0;0;0;0;0;0;0;0;0;0;1;1;0;0;0;0;0;0;1;0;1;0;0;0;0;0;8;2;0;0
65018;Arbéost;76;65;0;0;0;0;0;0;0;0;0;0;0;0;0;0;0;0;0;0;0;0;0;0;0;0;1;0;0;0;0;0;0;0;0;1;0;0;0
65019;Arcizac-Adour;76;65;0;0;0;0;0;0;0;0;0;0;0;0;0;0;0;0;0;0;0;0;0;0;0;0;0;0;3;0;1;0;0;0;0;1;3;0;0
65020;Arcizac-ez-Angles;76;65;0;0;0;0;0;0;0;0;0;0;0;0;0;0;0;0;0;0;0;0;0;0;0;0;0;2;0;0;2;0;1;0;0;0;0;0;0
65021;Arcizans-Avant;76;65;0;0;0;0;0;0;0;0;0;0;0;0;0;0;0;0;0;0;0;0;0;0;0;0;0;1;1;0;0;0;2;0;0;2;1;0;0
65022;Arcizans-Dessus;76;65;0;0;0;0;0;0;0;0;0;0;0;0;0;0;0;0;0;0;0;0;0;0;0;0;0;0;0;0;0;0;0;0;0;1;0;0;0
65023;Ardengost;76;65;0;0;0;0;0;0;0;0;0;0;0;0;0;0;0;0;0;0;0;0;0;0;0;0;0;0;0;0;0;0;0;0;0;0;0;0;0
65024;Argelès-Bagnères;76;65;0;0;0;0;0;0;0;0;0;0;0;0;0;0;0;0;0;0;0;0;1;0;0;0;0;1;1;0;1;0;0;0;0;0;0;0;0
65025;Argelès-Gazost;76;65;0;1;0;0;0;0;0;0;0;0;1;0;0;0;0;5;1;1;0;0;6;0;0;3;7;7;3;5;2;4;8;2;0;14;7;2;4
65026;Aries-Espénan;76;65;0;0;0;0;0;0;0;0;0;0;0;0;0;0;0;0;0;0;0;0;0;0;0;0;0;0;0;0;0;0;0;0;0;0;0;0;0
65028;Arné;76;65;0;0;0;0;0;0;0;0;0;0;0;0;0;0;0;0;0;0;0;1;0;0;0;1;1;1;0;0;0;0;0;0;0;0;0;0;0
65029;Arras-en-Lavedan;76;65;0;0;0;0;0;0;0;0;0;0;0;0;0;0;0;0;0;0;0;1;0;0;0;0;1;0;1;3;1;0;0;0;0;1;1;0;1
65031;Arreau;76;65;0;1;0;0;0;0;0;0;0;0;1;0;0;0;0;3;0;1;0;0;4;1;0;1;3;1;5;2;2;0;2;1;0;8;3;1;1
65032;Arrens-Marsous;76;65;0;0;0;0;0;0;0;0;0;0;0;0;0;0;0;0;0;0;0;1;0;0;0;0;2;1;1;1;2;0;1;1;0;6;0;0;0
65033;Arrodets-ez-Angles;76;65;0;0;0;0;0;0;0;0;0;0;0;0;0;0;0;0;0;0;0;0;0;0;0;0;0;0;1;1;0;0;0;0;0;0;0;0;0
65034;Arrodets;76;65;0;0;0;0;0;0;0;0;0;0;0;0;0;0;0;0;0;0;0;0;0;0;0;0;0;0;1;0;0;0;0;0;0;0;0;0;0
65035;Artagnan;76;65;0;0;0;0;0;0;0;0;0;0;0;0;0;0;0;0;1;0;0;0;2;0;0;0;0;1;4;0;0;0;0;0;0;0;0;0;1
65036;Artalens-Souin;76;65;0;0;0;0;0;0;0;0;0;0;0;0;0;0;0;0;0;0;0;0;0;0;0;0;0;0;1;0;0;0;0;0;0;1;0;0;0
65037;Artiguemy;76;65;0;0;0;0;0;0;0;0;0;0;0;0;0;0;0;0;0;0;0;0;0;0;0;0;0;0;1;0;0;0;0;0;0;0;0;0;0
65038;Artigues;76;65;0;0;0;0;0;0;0;0;0;0;0;0;0;0;0;0;0;0;0;0;0;0;0;0;0;0;1;0;0;0;0;0;0;0;0;0;0
65039;Aspin-Aure;76;65;0;0;0;0;0;0;0;0;0;0;0;0;0;0;0;0;0;0;0;0;0;0;0;0;1;0;0;0;0;0;0;0;0;1;0;0;0
65040;Aspin-en-Lavedan;76;65;0;0;0;0;0;0;0;0;0;0;0;0;0;0;0;0;0;0;0;0;0;0;0;0;1;1;0;1;0;0;0;0;0;0;0;0;0
65041;Asque;76;65;0;0;0;0;0;0;0;0;0;0;0;0;0;0;0;0;0;0;0;0;0;0;0;0;0;1;1;0;1;0;0;0;0;0;0;0;0
65042;Asté;76;65;0;0;0;0;0;0;0;0;0;0;0;0;0;0;0;0;0;0;0;0;1;0;0;0;1;0;0;3;1;0;0;0;0;0;0;0;0
65043;Astugue;76;65;0;0;0;0;0;0;0;0;0;0;0;0;0;0;0;0;0;0;0;0;0;0;0;0;0;0;0;0;1;0;0;0;0;0;0;0;0
65044;Aubarède;76;65;0;0;0;0;0;0;0;0;0;0;0;0;0;0;0;0;0;0;0;0;0;0;0;0;0;1;3;1;3;1;0;0;0;0;0;0;0
65045;Aucun;76;65;0;0;0;0;0;0;0;0;0;0;0;0;0;0;0;0;0;0;0;1;0;0;0;0;0;0;3;0;0;0;0;0;0;4;0;0;0
65046;Aulon;76;65;0;0;0;0;0;0;0;0;0;0;0;0;0;0;0;0;0;0;0;0;0;0;0;0;1;0;1;0;0;0;0;0;0;1;0;0;0
65047;Aureilhan;76;65;0;0;0;0;0;0;0;0;0;0;0;0;0;0;0;4;1;1;0;0;11;0;0;3;12;17;17;12;3;1;8;0;0;8;4;0;5
65048;Aurensan;76;65;0;0;0;0;0;0;0;0;0;0;0;0;0;0;0;0;0;0;0;0;0;0;0;0;2;4;2;1;0;0;0;0;0;0;0;0;0
65049;Auriébat;76;65;0;0;0;0;0;0;0;0;0;0;0;0;0;0;0;0;0;0;0;0;0;0;0;0;3;2;0;0;1;0;0;0;0;0;0;0;0
65050;Avajan;76;65;0;0;0;0;0;0;0;0;0;0;0;0;0;0;0;0;0;0;0;0;0;0;0;0;0;0;1;0;1;0;0;0;0;1;0;0;0
65051;Aventignan;76;65;0;0;0;0;0;0;0;0;0;0;0;0;0;0;0;0;0;1;0;0;0;0;0;1;1;0;1;0;0;0;0;0;0;1;0;0;0
65052;Averan;76;65;0;0;0;0;0;0;0;0;0;0;0;0;0;0;0;0;0;0;0;0;0;0;0;0;0;0;0;1;0;0;0;0;0;0;0;0;0
65053;Aveux;76;65;0;0;0;0;0;0;0;0;0;0;0;0;0;0;0;0;0;0;0;0;0;0;0;0;0;0;0;0;0;0;0;0;0;0;0;0;0
65054;Avezac-Prat-Lahitte;76;65;0;0;0;0;0;0;0;0;0;0;0;0;0;0;0;0;0;0;0;0;0;0;0;0;2;0;5;1;2;0;1;0;0;0;0;0;1
65055;Ayros-Arbouix;76;65;0;0;0;0;0;0;0;0;0;0;0;0;0;0;0;0;0;0;0;0;0;0;0;0;0;2;1;0;1;1;1;0;0;1;0;0;0
65056;Ayzac-Ost;76;65;0;0;0;0;0;0;0;0;0;0;0;0;0;0;0;0;0;0;0;0;0;0;0;0;3;2;0;0;0;0;1;0;0;2;0;0;0
65057;Azereix;76;65;0;0;0;0;0;0;0;0;0;0;0;0;0;0;0;0;1;0;1;0;0;0;0;0;3;3;0;4;2;0;0;0;0;0;0;0;0
65058;Azet;76;65;0;0;0;0;0;0;0;0;0;0;0;0;0;0;0;0;0;0;0;0;0;0;0;0;1;0;1;0;0;0;0;0;0;0;0;0;0
65059;Bagnères-de-Bigorre;76;65;0;1;0;0;0;0;0;0;0;0;1;1;0;0;0;9;5;1;0;1;10;1;0;7;14;17;15;12;7;1;20;5;0;67;13;4;8
65060;Banios;76;65;0;0;0;0;0;0;0;0;0;0;0;0;0;0;0;0;0;0;0;0;0;0;0;0;0;0;0;0;0;0;0;0;0;0;0;0;0
65061;Barbachen;76;65;0;0;0;0;0;0;0;0;0;0;0;0;0;0;0;0;0;0;0;0;0;0;0;0;0;0;0;0;0;0;0;0;0;0;0;0;0
65062;Barbazan-Debat;76;65;0;0;0;0;0;0;0;0;0;0;0;0;0;0;0;0;1;1;0;0;2;0;1;0;3;4;5;5;5;0;2;0;0;4;1;0;3
65063;Barbazan-Dessus;76;65;0;0;0;0;0;0;0;0;0;0;0;0;0;0;0;0;0;0;0;0;0;0;0;0;1;0;1;0;0;0;1;0;0;0;1;0;0
65064;Bareilles;76;65;0;0;0;0;0;0;0;0;0;0;0;0;0;0;0;0;0;0;0;0;0;0;0;0;0;0;1;0;0;0;0;0;0;0;2;0;0
65065;Barlest;76;65;0;0;0;0;0;0;0;0;0;0;0;0;0;0;0;0;0;0;0;0;0;0;0;0;1;2;0;0;0;0;0;0;0;1;0;0;0
65066;Barrancoueu;76;65;0;0;0;0;0;0;0;0;0;0;0;0;0;0;0;0;0;0;0;0;0;0;0;0;0;0;0;0;0;0;0;0;0;0;0;0;0
65067;Barry;76;65;0;0;0;0;0;0;0;0;0;0;0;0;0;0;0;0;0;0;0;0;0;0;0;0;0;0;2;0;0;0;0;0;0;0;0;0;0
65068;Barthe;76;65;0;0;0;0;0;0;0;0;0;0;0;0;0;0;0;0;0;0;0;0;0;0;0;0;0;0;0;0;0;0;0;0;0;0;0;0;0
65069;La Barthe-de-Neste;76;65;0;0;0;0;0;0;0;0;0;0;1;0;0;0;0;0;1;1;0;0;2;0;0;0;3;4;6;0;1;0;4;0;0;4;1;0;1
65070;Bartrès;76;65;0;0;0;0;0;0;0;0;0;0;0;0;0;0;0;0;0;0;0;0;0;0;0;0;1;2;1;0;0;0;0;0;0;2;0;0;2
65071;Batsère;76;65;0;0;0;0;0;0;0;0;0;0;0;0;0;0;0;0;0;0;0;0;0;0;0;0;0;0;0;0;0;0;0;0;0;0;0;0;0
65072;Bazet;76;65;0;0;0;0;0;0;0;0;0;0;0;0;0;0;0;0;0;1;0;0;1;0;0;1;3;5;5;6;2;1;2;0;0;1;3;0;1
65073;Bazillac;76;65;0;0;0;0;0;0;0;0;0;0;0;0;0;0;0;0;0;0;0;0;0;0;0;0;1;5;0;2;0;0;0;0;0;0;0;0;1
65074;Bazordan;76;65;0;0;0;0;0;0;0;0;0;0;0;0;0;0;0;0;0;0;0;0;0;0;0;0;0;0;0;0;1;0;1;0;0;0;0;0;0
65075;Bazus-Aure;76;65;0;0;0;0;0;0;0;0;0;0;0;0;0;0;0;0;0;0;0;0;0;0;0;0;0;0;1;0;1;0;0;0;0;0;0;0;0
65076;Bazus-Neste;76;65;0;0;0;0;0;0;0;0;0;0;0;0;0;0;0;0;0;0;0;0;0;0;0;0;0;0;0;0;0;0;1;0;0;0;0;0;0
65077;Beaucens;76;65;0;0;0;0;0;0;0;0;0;0;0;0;0;0;0;0;0;0;0;0;1;0;0;0;0;2;2;0;1;0;0;0;0;3;0;0;0
65078;Beaudéan;76;65;0;0;0;0;0;0;0;0;0;0;0;0;0;0;0;0;0;0;0;0;0;0;0;0;1;3;2;0;1;1;0;0;0;1;1;0;0
65079;Bégole;76;65;0;0;0;0;0;0;0;0;0;0;0;0;0;0;0;0;0;0;0;0;0;0;0;0;1;0;0;1;0;0;0;0;0;0;0;0;0
65080;Bénac;76;65;0;0;0;0;0;0;0;0;0;0;0;0;0;0;0;0;0;1;0;0;0;0;0;0;2;0;2;1;1;0;0;0;0;1;0;0;0
65081;Benqué;76;65;0;0;0;0;0;0;0;0;0;0;0;0;0;0;0;0;0;0;0;0;0;0;0;0;0;0;1;0;0;1;0;0;0;0;0;0;0
65082;Berbérust-Lias;76;65;0;0;0;0;0;0;0;0;0;0;0;0;0;0;0;0;0;0;0;0;0;0;0;0;0;1;0;0;0;0;0;0;0;0;0;0;0
65083;Bernac-Debat;76;65;0;0;0;0;0;0;0;0;0;0;0;0;0;0;0;0;0;1;0;0;2;0;0;0;4;0;0;1;1;1;0;0;0;0;0;0;0
65084;Bernac-Dessus;76;65;0;0;0;0;0;0;0;0;0;0;0;0;0;0;0;0;0;0;0;0;0;0;0;0;0;0;2;1;0;0;0;0;0;0;0;0;0
65085;Bernadets-Debat;76;65;0;0;0;0;0;0;0;0;0;0;0;0;0;0;0;0;0;0;0;0;1;0;0;0;2;0;1;0;0;0;0;0;0;1;0;0;0
65086;Bernadets-Dessus;76;65;0;0;0;0;0;0;0;0;0;0;0;0;0;0;0;0;0;0;0;0;0;0;0;0;0;0;0;1;0;0;0;0;0;0;0;0;0
65087;Bertren;76;65;0;0;0;0;0;0;0;0;0;0;0;0;0;0;0;0;0;0;0;0;1;0;0;0;1;0;0;1;0;0;0;0;0;0;0;0;0
65088;Betbèze;76;65;0;0;0;0;0;0;0;0;0;0;0;0;0;0;0;0;0;0;0;0;0;0;0;0;0;0;0;0;0;0;0;0;0;0;0;0;0
65089;Betpouey;76;65;0;0;0;0;0;0;0;0;0;0;0;0;0;0;0;0;0;0;0;0;0;0;0;0;1;0;0;0;0;0;0;0;0;1;0;0;0
65090;Betpouy;76;65;0;0;0;0;0;0;0;0;0;0;0;0;0;0;0;0;0;0;0;0;0;0;0;0;0;0;1;0;0;0;0;0;0;1;0;0;0
65091;Bettes;76;65;0;0;0;0;0;0;0;0;0;0;0;0;0;0;0;0;0;0;0;0;0;0;0;0;0;0;0;0;0;0;0;0;0;0;0;0;0
65092;Beyrède-Jumet;76;65;0;0;0;0;0;0;0;0;0;0;0;0;0;0;0;0;0;0;0;0;0;0;0;0;0;1;0;1;0;0;1;0;0;0;0;0;0
65093;Bize;76;65;0;0;0;0;0;0;0;0;0;0;0;0;0;0;0;0;0;0;0;0;0;0;0;0;0;1;0;0;0;0;0;0;0;0;0;0;1
65094;Bizous;76;65;0;0;0;0;0;0;0;0;0;0;0;0;0;0;0;0;0;0;0;0;0;0;0;0;2;0;1;0;0;0;1;0;0;0;0;0;0
65095;Bonnefont;76;65;0;0;0;0;0;0;0;0;0;0;0;0;0;0;0;0;0;0;0;1;2;0;0;0;0;1;0;1;1;0;0;0;0;0;0;0;0
65096;Bonnemazon;76;65;0;0;0;0;0;0;0;0;0;0;0;0;0;0;0;0;0;0;0;0;0;0;0;0;0;0;0;2;0;0;0;0;0;0;0;0;0
65097;Bonrepos;76;65;0;0;0;0;0;0;0;0;0;0;0;0;0;0;0;0;0;0;0;0;0;0;0;0;0;1;1;0;0;0;0;0;0;0;0;0;0
65098;Boô-Silhen;76;65;0;0;0;0;0;0;0;0;0;0;0;0;0;0;0;0;0;0;0;0;0;0;0;0;1;1;0;0;0;0;0;0;0;1;0;0;0
65099;Bordères-Louron;76;65;0;0;0;0;0;0;0;0;0;0;0;0;0;0;0;0;0;0;1;0;1;0;0;0;1;1;1;0;0;0;0;0;0;0;0;0;0
65100;Bordères-sur-l'Échez;76;65;0;0;0;0;0;0;0;0;0;0;0;0;0;0;0;0;0;1;0;0;13;0;1;1;11;15;8;12;5;1;5;4;0;6;4;1;1
65101;Bordes;76;65;0;0;0;0;0;0;0;0;0;0;0;0;0;0;0;0;0;1;0;0;2;0;0;0;4;1;3;2;0;0;2;0;0;0;0;0;1
65102;Bouilh-Devant;76;65;0;0;0;0;0;0;0;0;0;0;0;0;0;0;0;0;0;0;0;0;0;0;0;0;0;0;0;0;0;0;0;0;0;0;0;0;0
65103;Bouilh-Péreuilh;76;65;0;0;0;0;0;0;0;0;0;0;0;0;0;0;0;0;0;0;0;0;0;0;0;0;0;0;0;0;1;0;0;0;0;0;0;0;0
65104;Boulin;76;65;0;0;0;0;0;0;0;0;0;0;0;0;0;0;0;0;0;0;0;0;0;0;0;0;0;4;1;0;1;0;0;0;0;0;0;0;0
65105;Bourg-de-Bigorre;76;65;0;0;0;0;0;0;0;0;0;0;0;0;0;0;0;0;0;0;0;1;0;0;0;0;0;0;1;2;0;0;0;0;0;1;1;0;0
65106;Bourisp;76;65;0;0;0;0;0;0;0;0;0;0;0;0;0;0;0;0;0;0;0;0;0;0;0;0;1;0;0;0;0;0;0;0;0;2;0;0;0
65107;Bourréac;76;65;0;0;0;0;0;0;0;0;0;0;0;0;0;0;0;0;0;0;0;0;2;0;0;0;0;0;0;0;0;0;1;0;0;0;0;0;0
65108;Bours;76;65;0;0;0;0;0;0;0;0;0;0;0;0;0;0;0;0;0;0;0;0;0;0;0;0;1;1;1;5;0;0;1;0;0;1;0;0;0
65109;Bramevaque;76;65;0;0;0;0;0;0;0;0;0;0;0;0;0;0;0;0;0;0;0;0;0;0;0;0;1;0;0;0;0;0;0;0;0;0;0;0;0
65110;Bugard;76;65;0;0;0;0;0;0;0;0;0;0;0;0;0;0;0;0;0;0;0;0;0;0;0;0;0;0;1;0;0;0;0;0;0;0;0;0;0
65111;Bulan;76;65;0;0;0;0;0;0;0;0;0;0;0;0;0;0;0;0;0;0;0;0;0;0;0;0;0;0;1;0;0;0;0;0;0;0;0;0;0
65112;Bun;76;65;0;0;0;0;0;0;0;0;0;0;0;0;0;0;0;0;0;0;0;0;0;0;0;0;0;1;1;0;0;0;0;0;0;0;0;0;0
65113;Burg;76;65;0;0;0;0;0;0;0;0;0;0;0;0;0;0;0;0;0;0;0;0;0;0;0;0;0;0;1;2;0;0;0;0;0;0;0;0;0
65114;Buzon;76;65;0;0;0;0;0;0;0;0;0;0;0;0;0;0;0;0;0;0;0;0;0;0;0;0;1;1;0;1;0;0;0;0;0;0;0;0;0
65115;Cabanac;76;65;0;0;0;0;0;0;0;0;0;0;0;0;0;0;0;0;0;1;0;0;0;0;0;0;0;0;3;0;0;0;0;0;0;0;0;0;0
65116;Cadéac;76;65;0;0;0;0;0;0;0;0;0;0;0;0;0;0;0;0;0;0;0;0;0;0;0;0;1;0;2;1;2;1;2;0;0;1;0;1;0
65117;Cadeilhan-Trachère;76;65;0;0;0;0;0;0;0;0;0;0;0;0;0;0;0;0;0;0;0;0;0;0;0;0;0;0;0;0;0;0;0;0;0;0;0;0;0
65118;Caharet;76;65;0;0;0;0;0;0;0;0;0;0;0;0;0;0;0;0;0;0;0;0;0;0;0;0;1;0;0;0;0;0;0;0;0;0;0;0;0
65119;Caixon;76;65;0;0;0;0;0;0;0;0;0;0;0;0;0;0;0;0;0;0;0;0;2;0;0;0;2;3;1;1;2;0;0;0;0;0;0;0;0
65120;Calavanté;76;65;0;0;0;0;0;0;0;0;0;0;0;0;0;0;0;0;0;0;0;0;1;0;0;0;4;0;1;0;1;0;0;0;0;1;0;0;1
65121;Camalès;76;65;0;0;0;0;0;0;0;0;0;0;0;0;0;0;0;0;0;0;0;0;0;0;0;0;0;0;0;0;0;0;0;0;0;0;0;0;0
65122;Camous;76;65;0;0;0;0;0;0;0;0;0;0;0;0;0;0;0;0;0;0;0;0;0;0;0;0;0;0;0;0;0;0;0;0;0;0;0;0;0
65123;Campan;76;65;0;0;0;0;0;0;0;0;0;0;0;0;0;0;0;0;0;0;1;1;1;0;0;0;4;1;8;4;3;0;3;0;0;9;0;0;0
65124;Camparan;76;65;0;0;0;0;0;0;0;0;0;0;0;0;0;0;0;0;0;0;0;0;0;0;0;0;1;0;1;1;0;0;0;0;0;0;0;0;0
65125;Campistrous;76;65;0;0;0;0;0;0;0;0;0;0;0;0;0;0;0;0;0;0;0;0;0;0;0;0;0;0;0;0;0;1;0;0;0;0;1;0;0
65126;Campuzan;76;65;0;0;0;0;0;0;0;0;0;0;0;0;0;0;0;0;0;0;0;0;0;0;0;0;0;0;2;1;1;0;0;0;0;0;0;0;0
65127;Capvern;76;65;0;0;0;0;0;0;0;0;0;0;0;0;0;0;0;0;1;1;0;1;2;0;0;0;1;4;3;3;2;1;3;0;0;5;1;0;0
65128;Castelbajac;76;65;0;0;0;0;0;0;0;0;0;0;0;0;0;0;0;0;1;0;0;0;0;0;0;0;0;0;2;0;0;0;0;0;0;0;0;0;0
65129;Castelnau-Magnoac;76;65;0;1;0;0;0;0;0;0;0;0;1;0;0;0;0;1;1;1;0;0;3;1;0;1;4;3;4;1;1;0;4;1;0;2;1;0;0
65130;Castelnau-Rivière-Basse;76;65;0;1;0;0;0;0;0;0;0;0;0;0;0;0;0;0;0;1;0;0;0;0;0;0;1;0;1;2;2;1;2;0;0;2;0;0;0
65131;Castelvieilh;76;65;0;0;0;0;0;0;0;0;0;0;0;0;0;0;0;0;0;0;0;0;0;0;0;0;0;0;0;2;0;1;0;0;0;1;0;0;0
65132;Castéra-Lanusse;76;65;0;0;0;0;0;0;0;0;0;0;0;0;0;0;0;0;0;0;0;0;0;0;0;0;0;0;0;0;0;0;0;0;0;0;0;0;0
65133;Castéra-Lou;76;65;0;0;0;0;0;0;0;0;0;0;0;0;0;0;0;0;0;0;0;0;0;0;0;0;2;0;0;1;0;0;0;0;0;0;0;0;0
65134;Casterets;76;65;0;0;0;0;0;0;0;0;0;0;0;0;0;0;0;0;0;0;0;0;0;0;0;0;0;0;0;0;0;0;0;0;0;0;0;0;0
65135;Castillon;76;65;0;0;0;0;0;0;0;0;0;0;0;0;0;0;0;0;0;0;0;0;0;0;0;0;0;0;0;0;0;0;0;0;0;0;0;0;0
65136;Caubous;76;65;0;0;0;0;0;0;0;0;0;0;0;0;0;0;0;0;0;0;0;0;0;0;0;0;0;0;1;0;0;0;0;0;0;0;0;0;0
65137;Caussade-Rivière;76;65;0;0;0;0;0;0;0;0;0;0;0;0;0;0;0;0;0;0;0;0;0;0;0;0;1;0;0;0;0;0;0;0;0;0;0;0;0
65138;Cauterets;76;65;0;1;0;0;0;0;0;0;0;0;0;0;0;0;0;2;0;1;0;0;1;0;0;0;3;6;3;4;0;0;3;0;0;35;7;3;1
65139;Cazarilh;76;65;0;0;0;0;0;0;0;0;0;0;0;0;0;0;0;0;0;0;0;0;0;0;0;0;0;0;0;0;0;0;0;0;0;0;0;0;0
65140;Cazaux-Debat;76;65;0;0;0;0;0;0;0;0;0;0;0;0;0;0;0;0;0;0;0;0;0;0;0;0;0;0;1;0;0;0;0;0;0;0;0;0;0
65141;Cazaux-Fréchet-Anéran-Camors;76;65;0;0;0;0;0;0;0;0;0;0;0;0;0;0;0;0;0;0;0;0;0;0;0;0;0;0;0;0;0;0;0;0;0;0;0;0;0
65142;Chelle-Debat;76;65;0;0;0;0;0;0;0;0;0;0;0;0;0;0;0;0;1;0;0;1;0;0;0;0;0;1;0;0;1;1;2;0;0;0;1;0;0
65143;Chelle-Spou;76;65;0;0;0;0;0;0;0;0;0;0;0;0;0;0;0;0;0;0;0;0;1;0;0;0;0;0;3;1;0;0;0;0;0;0;0;0;0
65144;Cheust;76;65;0;0;0;0;0;0;0;0;0;0;0;0;0;0;0;0;0;0;0;0;0;0;0;0;0;0;1;0;0;0;0;0;0;0;0;0;0
65145;Chèze;76;65;0;0;0;0;0;0;0;0;0;0;0;0;0;0;0;0;0;0;0;0;0;0;0;0;0;0;0;0;0;0;0;0;0;0;0;0;0
65146;Chis;76;65;0;0;0;0;0;0;0;0;0;0;0;0;0;0;0;0;1;0;0;0;2;0;0;0;0;0;0;0;1;0;0;0;0;1;0;0;0
65147;Cieutat;76;65;0;0;0;0;0;0;0;0;0;0;0;0;0;0;0;0;0;0;0;1;0;0;0;0;2;3;4;0;3;0;3;0;0;0;0;0;0
65148;Cizos;76;65;0;0;0;0;0;0;0;0;0;0;0;0;0;0;0;0;0;0;0;0;0;0;0;0;1;0;0;0;0;0;0;0;0;0;1;0;0
65149;Clarac;76;65;0;0;0;0;0;0;0;0;0;0;0;0;0;0;0;0;0;0;0;0;0;0;0;0;0;0;0;0;1;0;0;0;0;0;0;0;0
65150;Clarens;76;65;0;0;0;0;0;0;0;0;0;0;0;0;0;0;0;0;0;0;0;0;1;0;0;0;3;0;0;0;0;0;0;0;0;0;0;0;0
65151;Collongues;76;65;0;0;0;0;0;0;0;0;0;0;0;0;0;0;0;0;0;0;0;0;0;0;0;0;1;2;1;0;0;0;0;0;0;0;0;0;0
65153;Coussan;76;65;0;0;0;0;0;0;0;0;0;0;0;0;0;0;0;0;0;0;0;0;0;0;0;0;0;0;0;0;0;0;0;0;0;1;0;0;0
65154;Créchets;76;65;0;0;0;0;0;0;0;0;0;0;0;0;0;0;0;0;0;0;0;1;0;0;0;0;0;0;0;0;0;0;0;0;0;0;0;0;0
65155;Devèze;76;65;0;0;0;0;0;0;0;0;0;0;0;0;0;0;0;0;0;0;0;0;1;0;0;0;0;0;0;0;0;0;0;0;0;0;0;0;0
65156;Dours;76;65;0;0;0;0;0;0;0;0;0;0;0;0;0;0;0;0;0;0;0;0;0;0;0;0;1;0;0;0;0;0;1;0;0;0;1;0;0
65157;Ens;76;65;0;0;0;0;0;0;0;0;0;0;0;0;0;0;0;0;0;0;0;0;0;0;0;0;0;0;0;0;0;0;0;0;0;0;0;0;0
65158;Esbareich;76;65;0;0;0;0;0;0;0;0;0;0;0;0;0;0;0;0;0;0;0;0;0;0;0;0;1;0;0;0;0;0;0;0;0;0;1;0;0
65159;Escala;76;65;0;0;0;0;0;0;0;0;0;0;0;0;0;0;0;0;0;0;0;0;0;0;0;0;0;1;1;0;1;0;1;0;0;0;0;0;0
65160;Escaunets;76;65;0;0;0;0;0;0;0;0;0;0;0;0;0;0;0;0;0;0;0;0;0;0;0;0;0;0;0;0;0;0;0;0;0;0;0;0;0
65161;Escondeaux;76;65;0;0;0;0;0;0;0;0;0;0;0;0;0;0;0;0;0;0;0;0;1;0;0;0;0;0;0;0;2;0;0;0;0;0;0;0;0
65162;Esconnets;76;65;0;0;0;0;0;0;0;0;0;0;0;0;0;0;0;0;0;0;0;0;0;0;0;0;1;0;0;0;0;0;0;0;0;0;0;0;0
65163;Escots;76;65;0;0;0;0;0;0;0;0;0;0;0;0;0;0;0;0;0;0;0;0;0;0;0;0;0;0;1;0;0;0;0;0;0;0;0;0;0
65164;Escoubès-Pouts;76;65;0;0;0;0;0;0;0;0;0;0;0;0;0;0;0;0;0;0;0;0;0;0;0;0;1;0;0;0;0;0;0;0;0;0;0;0;0
65165;Esparros;76;65;0;0;0;0;0;0;0;0;0;0;0;0;0;0;0;0;0;0;0;0;0;0;0;0;0;1;2;0;0;0;0;0;0;1;0;0;0
65166;Espèche;76;65;0;0;0;0;0;0;0;0;0;0;0;0;0;0;0;0;0;0;0;0;0;0;0;0;0;0;0;0;0;0;0;0;0;0;0;0;0
65167;Espieilh;76;65;0;0;0;0;0;0;0;0;0;0;0;0;0;0;0;0;0;0;0;0;0;0;0;0;0;0;0;0;0;0;0;0;0;0;0;0;0
65168;Esquièze-Sère;76;65;0;0;0;0;0;0;0;0;0;0;0;0;0;0;0;0;0;0;0;0;0;0;0;0;0;0;0;3;1;0;1;0;0;2;1;1;1
65169;Estaing;76;65;0;0;0;0;0;0;0;0;0;0;0;0;0;0;0;0;0;0;0;0;0;0;0;0;0;0;1;0;0;0;0;0;0;1;0;0;0
65170;Estampures;76;65;0;0;0;0;0;0;0;0;0;0;0;0;0;0;0;0;0;0;0;0;0;0;0;0;2;1;0;0;0;0;0;0;0;0;0;0;0
65171;Estarvielle;76;65;0;0;0;0;0;0;0;0;0;0;0;0;0;0;0;0;0;0;0;0;0;0;0;0;0;0;0;0;0;0;0;0;0;0;0;0;0
65172;Estensan;76;65;0;0;0;0;0;0;0;0;0;0;0;0;0;0;0;0;0;0;0;0;0;0;0;0;0;0;1;0;0;0;0;0;0;0;0;0;0
65173;Esterre;76;65;0;0;0;0;0;0;0;0;0;0;0;0;0;0;0;0;0;0;0;0;0;0;1;0;0;0;1;0;0;0;0;0;0;0;0;0;0
65174;Estirac;76;65;0;0;0;0;0;0;0;0;0;0;0;0;0;0;0;0;0;0;0;0;0;0;0;0;0;1;0;0;0;0;0;0;0;0;0;0;0
65175;Ferrère;76;65;0;0;0;0;0;0;0;0;0;0;0;0;0;0;0;0;0;0;0;0;0;0;0;0;0;1;0;0;0;0;0;0;0;0;0;0;0
65176;Ferrières;76;65;0;0;0;0;0;0;0;0;0;0;0;0;0;0;0;0;0;0;0;1;0;0;0;0;2;0;0;1;0;0;0;0;0;0;0;0;0
65177;Fontrailles;76;65;0;0;0;0;0;0;0;0;0;0;0;0;0;0;0;0;0;0;0;0;1;0;0;0;0;0;0;0;0;0;0;0;0;0;0;0;0
65178;Fréchède;76;65;0;0;0;0;0;0;0;0;0;0;0;0;0;0;0;0;0;0;0;0;0;0;0;0;0;0;0;0;0;0;0;0;0;0;0;0;0
65179;Fréchendets;76;65;0;0;0;0;0;0;0;0;0;0;0;0;0;0;0;0;0;0;0;0;0;0;0;0;0;0;0;0;0;0;0;0;0;0;0;0;0
65180;Fréchet-Aure;76;65;0;0;0;0;0;0;0;0;0;0;0;0;0;0;0;0;0;0;0;0;0;0;0;0;0;0;0;0;1;0;0;0;0;0;0;0;0
65181;Fréchou-Fréchet;76;65;0;0;0;0;0;0;0;0;0;0;0;0;0;0;0;0;0;0;0;0;0;0;0;0;0;0;1;1;0;0;0;0;0;0;0;0;0
65182;Gaillagos;76;65;0;0;0;0;0;0;0;0;0;0;0;0;0;0;0;0;0;0;0;0;0;0;0;0;0;0;0;0;0;0;0;0;0;0;1;0;0
65183;Galan;76;65;0;0;0;0;0;0;0;0;0;0;0;0;0;0;0;0;1;1;0;0;1;0;0;0;1;3;1;0;0;0;1;0;0;1;0;0;1
65184;Galez;76;65;0;0;0;0;0;0;0;0;0;0;0;0;0;0;0;0;0;0;0;0;1;0;0;0;0;0;0;0;0;0;0;0;0;0;1;0;0
65185;Gardères;76;65;0;0;0;0;0;0;0;0;0;0;0;0;0;0;0;0;0;0;0;1;0;0;0;0;0;1;0;3;1;0;1;0;0;0;0;0;0
65186;Gaudent;76;65;0;0;0;0;0;0;0;0;0;0;0;0;0;0;0;0;0;0;0;0;0;0;0;0;1;0;0;0;0;0;0;0;0;0;0;0;0
65187;Gaussan;76;65;0;0;0;0;0;0;0;0;0;0;0;0;0;0;0;0;0;0;0;0;0;0;0;0;1;0;0;0;0;0;1;0;0;0;0;0;0
65189;Gayan;76;65;0;0;0;0;0;0;0;0;0;0;0;0;0;0;0;0;0;0;0;0;0;0;0;0;0;1;0;0;0;0;0;0;0;0;0;0;0
65190;Gazave;76;65;0;0;0;0;0;0;0;0;0;0;0;0;0;0;0;0;0;0;0;0;0;0;0;0;0;0;0;0;0;0;0;0;0;0;0;0;0
65191;Gazost;76;65;0;0;0;0;0;0;0;0;0;0;0;0;0;0;0;0;0;0;0;0;0;0;0;0;0;0;1;1;1;0;0;0;0;0;0;0;0
65192;Gavarnie-Gèdre;76;65;0;0;0;0;0;0;0;0;0;0;0;0;0;0;0;1;0;0;0;2;0;0;0;0;0;1;0;2;1;0;0;0;0;17;0;0;0
65193;Gembrie;76;65;0;0;0;0;0;0;0;0;0;0;0;0;0;0;0;0;0;0;0;0;1;0;0;0;0;0;0;1;0;0;1;0;0;0;0;0;0
65194;Générest;76;65;0;0;0;0;0;0;0;0;0;0;0;0;0;0;0;0;0;0;0;0;0;0;0;0;0;0;1;0;1;0;0;0;0;0;0;0;0
65195;Génos;76;65;0;0;0;0;0;0;0;0;0;0;0;0;0;0;0;0;0;0;0;0;0;0;0;0;0;0;0;1;1;0;0;0;0;3;0;0;0
65196;Gensac;76;65;0;0;0;0;0;0;0;0;0;0;0;0;0;0;0;0;0;0;0;0;0;0;0;0;0;0;1;0;1;1;0;0;0;0;0;0;0
65197;Ger;76;65;0;0;0;0;0;0;0;0;0;0;0;0;0;0;0;0;0;0;0;0;0;0;0;0;0;1;1;0;0;0;0;0;0;0;0;0;0
65198;Gerde;76;65;0;0;0;0;0;0;0;0;0;0;0;0;0;0;0;0;0;0;0;0;0;0;0;0;1;0;1;2;2;0;0;0;0;3;0;0;0
65199;Germ;76;65;0;0;0;0;0;0;0;0;0;0;0;0;0;0;0;0;0;0;0;0;0;0;0;0;0;0;0;0;0;0;0;0;0;14;0;0;0
65200;Germs-sur-l'Oussouet;76;65;0;0;0;0;0;0;0;0;0;0;0;0;0;0;0;0;0;0;0;0;0;0;0;0;0;0;0;0;0;0;0;0;0;0;0;0;0
65201;Geu;76;65;0;0;0;0;0;0;0;0;0;0;0;0;0;0;0;0;0;0;0;0;0;0;0;0;0;0;1;0;1;0;0;0;0;1;0;0;0
65202;Gez;76;65;0;0;0;0;0;0;0;0;0;0;0;0;0;0;0;0;0;0;0;0;0;0;0;0;2;2;2;0;0;0;0;0;0;1;0;0;0
65203;Gez-ez-Angles;76;65;0;0;0;0;0;0;0;0;0;0;0;0;0;0;0;0;0;0;0;0;0;0;0;0;0;0;0;0;0;0;0;0;0;0;0;0;0
65204;Gonez;76;65;0;0;0;0;0;0;0;0;0;0;0;0;0;0;0;0;0;0;0;0;1;0;0;0;0;0;0;0;0;0;0;0;0;0;0;0;0
65205;Gouaux;76;65;0;0;0;0;0;0;0;0;0;0;0;0;0;0;0;0;0;0;0;0;0;0;0;0;1;0;0;0;0;0;0;0;0;0;0;0;0
65206;Goudon;76;65;0;0;0;0;0;0;0;0;0;0;0;0;0;0;0;0;0;0;0;0;1;0;0;0;0;0;0;1;0;0;0;0;0;0;0;0;0
65207;Gourgue;76;65;0;0;0;0;0;0;0;0;0;0;0;0;0;0;0;0;0;0;0;0;0;0;0;0;0;0;1;1;0;0;0;0;0;0;1;0;0
65208;Grailhen;76;65;0;0;0;0;0;0;0;0;0;0;0;0;0;0;0;0;0;0;0;0;0;0;0;0;0;0;0;0;0;0;0;0;0;0;0;0;0
65209;Grézian;76;65;0;0;0;0;0;0;0;0;0;0;0;0;0;0;0;0;0;0;0;0;0;0;0;0;1;0;1;0;0;0;0;0;0;0;0;0;0
65210;Grust;76;65;0;0;0;0;0;0;0;0;0;0;0;0;0;0;0;0;0;0;0;0;0;0;0;0;0;0;0;0;0;0;0;0;0;1;0;0;0
65211;Guchan;76;65;0;0;0;0;0;0;0;0;0;0;0;0;0;0;0;0;0;0;0;0;0;0;0;0;1;0;1;1;0;0;0;0;0;1;0;0;0
65212;Guchen;76;65;0;0;0;0;0;0;0;0;0;0;0;0;0;0;0;0;0;0;0;0;1;0;0;0;0;2;1;0;0;0;0;0;0;0;0;0;0
65213;Guizerix;76;65;0;0;0;0;0;0;0;0;0;0;0;0;0;0;0;0;0;0;0;0;0;0;0;0;0;0;0;0;0;1;0;0;0;0;0;0;0
65214;Hachan;76;65;0;0;0;0;0;0;0;0;0;0;0;0;0;0;0;0;0;0;0;0;0;0;0;0;0;1;0;0;0;0;0;0;0;0;1;0;0
65215;Hagedet;76;65;0;0;0;0;0;0;0;0;0;0;0;0;0;0;0;0;0;0;0;0;1;0;0;0;1;0;0;0;0;0;0;0;0;0;0;0;0
65216;Hauban;76;65;0;0;0;0;0;0;0;0;0;0;0;0;0;0;0;0;0;0;0;0;0;0;0;0;0;0;1;0;0;0;0;0;0;0;0;0;0
65217;Hautaget;76;65;0;0;0;0;0;0;0;0;0;0;0;0;0;0;0;0;0;0;0;0;0;0;0;0;0;0;0;0;0;0;0;0;0;0;0;0;0
65218;Hèches;76;65;0;0;0;0;0;0;0;0;0;0;0;0;0;0;0;0;0;0;0;1;1;0;0;0;2;0;4;2;0;0;0;0;0;2;0;0;1
65219;Hères;76;65;0;0;0;0;0;0;0;0;0;0;0;0;0;0;0;0;0;0;0;0;0;0;0;0;0;0;0;1;0;0;0;0;0;0;0;0;0
65220;Hibarette;76;65;0;0;0;0;0;0;0;0;0;0;0;0;0;0;0;0;0;0;0;0;0;0;0;0;0;0;0;0;1;0;0;0;0;0;0;0;0
65221;Hiis;76;65;0;0;0;0;0;0;0;0;0;0;0;0;0;0;0;0;0;0;0;0;0;0;0;0;0;1;0;2;0;0;0;0;0;0;0;0;0
65222;Hitte;76;65;0;0;0;0;0;0;0;0;0;0;0;0;0;0;0;0;0;0;0;0;1;0;0;0;0;0;0;0;0;0;0;0;0;0;0;0;0
65223;Horgues;76;65;0;0;0;0;0;0;0;0;0;0;0;0;0;0;0;0;0;0;0;0;0;0;0;1;7;3;2;1;0;2;3;0;0;1;2;0;2
65224;Houeydets;76;65;0;0;0;0;0;0;0;0;0;0;0;0;0;0;0;0;0;0;0;0;0;0;0;0;1;0;0;0;1;0;0;0;0;0;0;0;0
65225;Hourc;76;65;0;0;0;0;0;0;0;0;0;0;0;0;0;0;0;0;0;0;0;0;0;0;0;0;0;0;0;0;0;0;0;0;0;0;0;0;0
65226;Ibos;76;65;0;0;0;0;0;0;0;0;0;0;0;0;0;0;0;1;0;1;0;0;8;2;0;0;10;2;11;7;3;4;6;2;0;14;5;1;2
65228;Ilhet;76;65;0;0;0;0;0;0;0;0;0;0;0;0;0;0;0;0;0;0;0;0;0;0;0;0;0;0;0;0;0;0;0;0;0;0;0;0;0
65229;Ilheu;76;65;0;0;0;0;0;0;0;0;0;0;0;0;0;0;0;0;0;0;0;0;0;0;0;0;0;0;0;0;0;0;0;0;0;0;0;0;0
65230;Izaourt;76;65;0;0;0;0;0;0;0;0;0;0;0;0;0;0;0;0;0;0;0;0;1;0;0;0;0;0;1;1;1;0;0;0;0;0;0;0;0
65231;Izaux;76;65;0;0;0;0;0;0;0;0;0;0;0;0;0;0;0;0;0;0;0;0;0;0;0;0;0;0;3;1;1;0;0;0;0;1;0;0;0
65232;Jacque;76;65;0;0;0;0;0;0;0;0;0;0;0;0;0;0;0;0;0;0;0;0;0;0;0;0;1;0;0;0;0;0;0;0;0;1;0;0;0
65233;Jarret;76;65;0;0;0;0;0;0;0;0;0;0;0;0;0;0;0;0;0;0;0;0;0;0;0;0;0;1;2;0;1;0;0;0;0;0;1;0;0
65234;Jézeau;76;65;0;0;0;0;0;0;0;0;0;0;0;0;0;0;0;0;0;0;0;0;0;0;0;0;0;0;0;1;0;0;0;0;0;0;0;0;0
65235;Juillan;76;65;0;0;0;0;0;0;0;0;0;0;0;0;0;0;0;0;0;1;0;0;10;2;3;2;8;7;16;8;3;2;8;2;1;4;3;1;4
65236;Julos;76;65;0;0;0;0;0;0;0;0;0;0;0;0;0;0;0;0;0;0;0;0;0;0;0;0;1;1;1;1;0;0;1;0;0;1;1;0;0
65237;Juncalas;76;65;0;0;0;0;0;0;0;0;0;0;0;0;0;0;0;0;0;0;0;1;0;0;0;0;0;0;0;0;0;0;0;0;0;2;0;0;0
65238;Labassère;76;65;0;0;0;0;0;0;0;0;0;0;0;0;0;0;0;0;0;0;0;0;0;0;0;0;1;1;2;0;0;0;0;0;0;2;0;0;0
65239;Labastide;76;65;0;0;0;0;0;0;0;0;0;0;0;0;0;0;0;0;0;0;0;0;0;0;0;0;0;0;0;0;0;0;0;0;0;0;0;0;0
65240;Labatut-Rivière;76;65;0;0;0;0;0;0;0;0;0;0;0;0;0;0;0;0;0;0;0;1;0;0;0;0;0;2;1;1;0;0;0;0;0;0;0;0;0
65241;Laborde;76;65;0;0;0;0;0;0;0;0;0;0;0;0;0;0;0;0;0;0;0;0;0;0;0;0;0;0;0;0;0;0;0;0;0;0;0;0;0
65242;Lacassagne;76;65;0;0;0;0;0;0;0;0;0;0;0;0;0;0;0;0;0;0;0;0;1;0;0;0;2;1;1;0;0;0;0;0;0;0;0;0;0
65243;Lafitole;76;65;0;0;0;0;0;0;0;0;0;0;0;0;0;0;0;0;0;0;0;1;1;0;0;0;1;3;0;1;0;0;0;0;0;1;0;0;0
65244;Lagarde;76;65;0;0;0;0;0;0;0;0;0;0;0;0;0;0;0;0;0;0;0;0;1;0;0;0;1;0;1;1;0;1;1;0;0;0;0;0;0
65245;Lagrange;76;65;0;0;0;0;0;0;0;0;0;0;0;0;0;0;0;0;0;0;0;0;0;0;0;0;0;0;0;0;0;0;0;0;0;0;0;0;0
65247;Arrayou-Lahitte;76;65;0;0;0;0;0;0;0;0;0;0;0;0;0;0;0;0;0;0;0;0;0;0;0;0;0;2;0;0;0;0;0;0;0;0;0;0;0
65248;Lahitte-Toupière;76;65;0;0;0;0;0;0;0;0;0;0;0;0;0;0;0;0;0;0;0;1;0;0;0;0;0;0;4;2;0;0;1;0;0;0;1;0;1
65249;Lalanne;76;65;0;0;0;0;0;0;0;0;0;0;0;0;0;0;0;0;0;0;0;0;1;0;0;0;1;0;0;0;1;0;0;0;0;0;0;0;0
65250;Lalanne-Trie;76;65;0;0;0;0;0;0;0;0;0;0;0;0;0;0;0;0;1;0;0;0;1;0;0;0;0;0;0;0;0;0;0;0;0;1;0;0;0
65251;Laloubère;76;65;0;0;0;0;0;0;0;0;0;0;0;0;0;0;0;0;1;1;0;0;4;0;0;0;6;3;3;4;1;0;5;2;0;9;2;0;2
65252;Lamarque-Pontacq;76;65;0;0;0;0;0;0;0;0;0;0;0;0;0;0;0;0;0;0;0;1;1;0;0;0;0;6;0;1;0;0;0;0;0;0;0;0;0
65253;Lamarque-Rustaing;76;65;0;0;0;0;0;0;0;0;0;0;0;0;0;0;0;0;0;0;0;0;0;0;0;0;2;0;1;0;0;0;0;0;0;0;0;0;0
65254;Laméac;76;65;0;0;0;0;0;0;0;0;0;0;0;0;0;0;0;0;0;0;0;0;0;0;0;0;0;0;0;0;0;0;0;0;0;1;0;0;0
65255;Lançon;76;65;0;0;0;0;0;0;0;0;0;0;0;0;0;0;0;0;0;0;0;0;0;0;0;0;0;0;1;0;0;0;0;0;0;0;0;0;0
65256;Lanespède;76;65;0;0;0;0;0;0;0;0;0;0;0;0;0;0;0;0;0;0;0;0;0;0;0;0;0;0;1;0;0;0;0;0;0;0;0;0;0
65257;Lanne;76;65;0;0;0;0;0;0;0;0;0;0;0;0;0;0;0;0;0;0;0;0;2;0;0;0;2;1;5;4;2;0;1;0;0;2;0;0;0
65258;Lannemezan;76;65;0;1;0;0;0;0;0;0;0;0;3;1;0;0;0;8;3;1;0;0;13;2;3;6;10;13;10;11;6;4;19;5;2;17;5;3;7
65259;Lansac;76;65;0;0;0;0;0;0;0;0;0;0;0;0;0;0;0;0;0;0;0;0;0;0;0;0;0;0;2;1;0;0;0;0;0;0;1;0;0
65260;Lapeyre;76;65;0;0;0;0;0;0;0;0;0;0;0;0;0;0;0;0;0;0;0;0;0;0;0;0;0;0;0;0;0;0;0;0;0;0;0;0;0
65261;Laran;76;65;0;0;0;0;0;0;0;0;0;0;0;0;0;0;0;0;0;0;0;0;0;0;0;0;0;0;0;0;1;0;0;0;0;0;0;0;0
65262;Larreule;76;65;0;0;0;0;0;0;0;0;0;0;0;0;0;0;0;0;0;0;0;0;0;0;0;0;4;2;0;0;2;0;0;0;0;0;0;0;0
65263;Larroque;76;65;0;0;0;0;0;0;0;0;0;0;0;0;0;0;0;0;0;0;0;0;0;0;0;0;1;0;0;0;0;0;0;0;0;0;0;0;0
65264;Lascazères;76;65;0;0;0;0;0;0;0;0;0;0;0;0;0;0;0;0;0;0;0;1;1;0;0;0;0;0;1;0;0;0;0;0;0;1;0;0;0
65265;Laslades;76;65;0;0;0;0;0;0;0;0;0;0;0;0;0;0;0;0;0;0;0;1;2;0;0;0;1;2;1;1;0;0;0;0;0;0;0;0;0
65266;Lassales;76;65;0;0;0;0;0;0;0;0;0;0;0;0;0;0;0;0;0;0;0;0;0;0;0;0;0;0;1;0;0;0;0;0;0;0;0;0;0
65267;Lau-Balagnas;76;65;0;0;0;0;0;0;0;0;0;0;0;0;0;0;0;0;0;0;0;0;1;0;0;0;1;0;1;0;0;0;0;0;0;0;0;1;0
65268;Layrisse;76;65;0;0;0;0;0;0;0;0;0;0;0;0;0;0;0;0;0;0;0;0;1;0;0;0;0;1;1;1;0;0;0;0;0;0;0;0;0
65269;Lescurry;76;65;0;0;0;0;0;0;0;0;0;0;0;0;0;0;0;0;0;0;0;0;0;0;0;0;0;0;1;0;0;0;1;0;0;0;0;0;0
65270;Lespouey;76;65;0;0;0;0;0;0;0;0;0;0;0;0;0;0;0;0;0;0;0;0;0;0;0;0;0;0;1;0;0;0;0;0;0;0;0;0;0
65271;Lézignan;76;65;0;0;0;0;0;0;0;0;0;0;0;0;0;0;0;0;0;0;0;0;0;0;0;0;2;1;2;1;0;0;0;0;0;1;0;0;0
65272;Lhez;76;65;0;0;0;0;0;0;0;0;0;0;0;0;0;0;0;0;0;0;0;0;1;0;0;0;0;0;0;0;0;0;0;0;0;0;0;0;0
65273;Liac;76;65;0;0;0;0;0;0;0;0;0;0;0;0;0;0;0;0;0;0;0;0;1;0;0;0;0;2;1;1;0;0;0;0;0;0;0;0;0
65274;Libaros;76;65;0;0;0;0;0;0;0;0;0;0;0;0;0;0;0;0;0;0;0;0;0;0;0;0;1;0;0;0;0;0;0;0;0;0;0;0;0
65275;Lies;76;65;0;0;0;0;0;0;0;0;0;0;0;0;0;0;0;0;0;0;0;0;0;0;0;0;1;0;1;0;0;0;0;0;0;0;0;0;0
65276;Lizos;76;65;0;0;0;0;0;0;0;0;0;0;0;0;0;0;0;0;0;0;0;0;0;0;0;0;1;1;0;1;0;0;0;0;0;0;1;0;0
65277;Lombrès;76;65;0;0;0;0;0;0;0;0;0;0;0;0;0;0;0;0;0;0;0;0;1;0;0;0;0;0;1;0;0;0;0;0;0;0;0;0;0
65278;Lomné;76;65;0;0;0;0;0;0;0;0;0;0;0;0;0;0;0;0;0;0;0;0;0;0;0;0;0;0;0;0;0;0;0;0;0;0;0;0;0
65279;Lortet;76;65;0;0;0;0;0;0;0;0;0;0;0;0;0;0;0;0;0;0;0;0;0;0;0;1;0;0;0;1;0;0;0;0;0;0;0;0;0
65280;Loubajac;76;65;0;0;0;0;0;0;0;0;0;0;0;0;0;0;0;0;0;0;0;0;0;0;0;0;4;2;1;0;1;0;0;0;0;1;0;0;0
65281;Loucrup;76;65;0;0;0;0;0;0;0;0;0;0;0;0;0;0;0;0;0;0;0;0;0;0;0;0;0;0;0;0;0;0;0;0;0;1;0;0;0
65282;Loudenvielle;76;65;0;0;0;0;0;0;0;0;0;0;0;0;0;0;0;0;0;1;0;0;1;0;0;0;1;0;1;0;0;1;2;0;0;4;0;1;0
65283;Loudervielle;76;65;0;0;0;0;0;0;0;0;0;0;0;0;0;0;0;0;0;0;1;0;0;0;0;0;0;0;0;0;0;0;0;1;0;1;0;0;0
65284;Louey;76;65;0;0;0;0;0;0;0;0;0;0;0;0;0;0;0;0;0;0;0;0;1;0;0;0;1;1;0;3;1;0;1;0;0;1;1;0;1
65285;Louit;76;65;0;0;0;0;0;0;0;0;0;0;0;0;0;0;0;0;0;0;0;0;0;0;0;0;0;0;0;0;0;0;0;0;0;0;0;0;0
65286;Lourdes;76;65;1;0;0;0;0;0;0;0;0;0;2;1;1;0;0;11;3;1;1;0;24;3;2;6;18;33;17;14;15;2;36;6;2;103;23;7;13
65287;Loures-Barousse;76;65;0;1;0;0;0;0;0;0;0;0;1;0;0;0;0;1;0;1;0;0;4;0;0;1;0;2;1;1;1;0;4;0;0;4;0;0;1
65288;Lubret-Saint-Luc;76;65;0;0;0;0;0;0;0;0;0;0;0;0;0;0;0;0;0;0;0;0;0;0;0;0;0;0;1;0;0;0;0;0;0;0;0;0;0
65289;Luby-Betmont;76;65;0;0;0;0;0;0;0;0;0;0;0;0;0;0;0;0;0;0;0;0;0;0;0;0;1;0;0;0;0;0;1;0;0;0;0;0;0
65290;Luc;76;65;0;0;0;0;0;0;0;0;0;0;0;0;0;0;0;0;0;0;0;0;0;0;0;0;0;0;0;0;0;0;0;0;0;0;0;0;0
65291;Lugagnan;76;65;0;0;0;0;0;0;0;0;0;0;0;0;0;0;0;0;0;0;0;0;1;0;0;0;3;2;1;0;1;0;0;0;0;1;0;0;0
65292;Luquet;76;65;0;0;0;0;0;0;0;0;0;0;0;0;0;0;0;0;0;0;0;0;2;0;0;0;0;0;1;0;0;0;0;0;0;0;0;0;0
65293;Lustar;76;65;0;0;0;0;0;0;0;0;0;0;0;0;0;0;0;0;0;0;0;0;1;0;0;0;0;0;0;0;0;0;0;0;0;0;1;0;0
65294;Lutilhous;76;65;0;0;0;0;0;0;0;0;0;0;0;0;0;0;0;0;0;0;0;0;0;0;0;0;0;1;3;2;0;0;0;0;0;0;0;0;0
65295;Luz-Saint-Sauveur;76;65;0;1;0;0;0;0;0;0;0;0;1;0;0;0;0;2;0;1;0;0;0;0;0;0;2;5;3;2;0;1;6;0;0;18;1;0;1
65296;Madiran;76;65;0;0;0;0;0;0;0;0;0;0;0;0;0;0;0;0;0;1;0;0;2;1;0;0;0;0;0;0;0;0;1;0;0;1;0;0;0
65297;Mansan;76;65;0;0;0;0;0;0;0;0;0;0;0;0;0;0;0;0;0;0;0;0;0;0;0;0;0;0;0;0;0;0;1;0;0;0;0;0;0
65298;Marquerie;76;65;0;0;0;0;0;0;0;0;0;0;0;0;0;0;0;0;0;0;0;0;1;0;0;0;0;0;0;0;0;0;0;0;0;0;0;0;0
65299;Marsac;76;65;0;0;0;0;0;0;0;0;0;0;0;0;0;0;0;0;0;0;0;0;0;0;0;0;0;2;0;0;0;0;0;0;0;0;0;0;0
65300;Marsas;76;65;0;0;0;0;0;0;0;0;0;0;0;0;0;0;0;0;0;0;0;0;0;0;0;0;0;0;0;0;0;0;0;0;0;0;0;0;0
65301;Marseillan;76;65;0;0;0;0;0;0;0;0;0;0;0;0;0;0;0;0;0;0;0;0;0;0;0;0;1;0;1;0;0;0;0;0;0;0;0;0;0
65303;Mascaras;76;65;0;0;0;0;0;0;0;0;0;0;0;0;0;0;0;0;0;0;0;0;0;0;0;0;1;0;1;0;1;0;0;0;0;1;0;0;0
65304;Maubourguet;76;65;0;1;0;0;0;0;0;0;0;0;1;0;0;0;0;3;1;1;0;0;7;1;0;1;6;6;2;5;7;1;5;3;0;8;4;1;2
65305;Mauléon-Barousse;76;65;0;0;0;0;0;0;0;0;0;0;0;0;0;0;0;0;0;0;0;1;1;0;0;0;0;1;0;1;0;0;0;0;0;2;0;0;0
65306;Mauvezin;76;65;0;0;0;0;0;0;0;0;0;0;0;0;0;0;0;0;0;0;0;0;0;0;0;0;0;1;1;0;0;0;0;0;0;0;0;0;0
65307;Mazères-de-Neste;76;65;0;0;0;0;0;0;0;0;0;0;0;0;0;0;0;0;0;0;0;0;0;0;0;0;0;2;1;0;1;0;0;0;0;2;0;0;0
65308;Mazerolles;76;65;0;0;0;0;0;0;0;0;0;0;0;0;0;0;0;0;0;0;0;0;0;0;0;0;0;0;0;0;0;0;0;0;0;0;0;0;0
65309;Mazouau;76;65;0;0;0;0;0;0;0;0;0;0;0;0;0;0;0;0;0;0;0;0;0;0;0;0;0;0;0;0;0;0;0;0;0;0;0;0;0
65310;Mérilheu;76;65;0;0;0;0;0;0;0;0;0;0;0;0;0;0;0;0;0;0;0;0;2;0;0;0;0;0;0;0;0;0;1;0;0;0;0;0;0
65311;Mingot;76;65;0;0;0;0;0;0;0;0;0;0;0;0;0;0;0;0;0;0;0;0;0;0;0;0;0;1;1;0;0;0;0;0;0;0;0;0;0
65312;Molère;76;65;0;0;0;0;0;0;0;0;0;0;0;0;0;0;0;0;0;0;0;0;0;0;0;0;0;0;0;0;0;0;0;0;0;0;0;0;0
65313;Momères;76;65;0;0;0;0;0;0;0;0;0;0;0;0;0;0;0;0;0;0;0;0;1;0;0;0;0;1;1;1;1;0;1;0;0;1;0;0;1
65314;Monfaucon;76;65;0;0;0;0;0;0;0;0;0;0;0;0;0;0;0;0;0;0;0;0;1;0;0;0;0;1;1;0;0;1;0;0;0;0;0;0;0
65315;Monléon-Magnoac;76;65;0;0;0;0;0;0;0;0;0;0;0;0;0;0;0;0;0;1;0;0;0;0;0;0;1;1;0;1;2;0;1;0;0;1;1;0;1
65316;Monlong;76;65;0;0;0;0;0;0;0;0;0;0;0;0;0;0;0;0;0;0;0;1;0;0;0;0;1;0;0;0;0;0;0;0;0;0;0;0;0
65317;Mont;76;65;0;0;0;0;0;0;0;0;0;0;0;0;0;0;0;0;0;0;0;0;0;0;0;0;0;0;0;0;0;0;0;0;0;0;0;0;0
65318;Montastruc;76;65;0;0;0;0;0;0;0;0;0;0;0;0;0;0;0;0;0;0;0;0;3;0;0;0;1;1;1;0;0;0;0;0;0;1;0;0;0
65319;Montégut;76;65;0;0;0;0;0;0;0;0;0;0;0;0;0;0;0;0;0;0;0;0;0;0;0;0;1;0;0;0;0;0;0;0;0;0;0;0;0
65320;Montgaillard;76;65;0;0;0;0;0;0;0;0;0;0;0;0;0;0;0;0;0;1;0;0;0;0;0;0;2;4;3;1;1;0;1;0;0;0;0;0;0
65321;Montignac;76;65;0;0;0;0;0;0;0;0;0;0;0;0;0;0;0;0;0;0;0;0;0;0;0;0;0;0;1;0;0;0;0;0;0;0;0;0;0
65322;Montoussé;76;65;0;0;0;0;0;0;0;0;0;0;0;0;0;0;0;0;0;0;0;0;0;0;0;0;0;0;1;1;0;0;0;0;0;0;0;0;0
65323;Montsérié;76;65;0;0;0;0;0;0;0;0;0;0;0;0;0;0;0;0;0;0;0;0;0;0;0;0;0;0;0;2;0;0;0;0;0;0;0;0;0
65324;Moulédous;76;65;0;0;0;0;0;0;0;0;0;0;0;0;0;0;0;0;0;0;0;0;0;0;0;0;1;2;0;1;0;0;0;0;0;0;0;0;0
65325;Moumoulous;76;65;0;0;0;0;0;0;0;0;0;0;0;0;0;0;0;0;0;0;0;0;0;0;0;0;0;1;0;0;0;0;0;0;0;0;0;0;0
65326;Mun;76;65;0;0;0;0;0;0;0;0;0;0;0;0;0;0;0;0;0;0;0;0;1;0;0;0;0;1;1;0;0;0;0;0;0;0;0;0;0
65327;Nestier;76;65;0;0;0;0;0;0;0;0;0;0;0;0;0;0;0;0;0;0;0;0;0;0;0;0;0;0;1;0;0;0;1;0;0;1;0;0;0
65328;Neuilh;76;65;0;0;0;0;0;0;0;0;0;0;0;0;0;0;0;0;1;0;0;0;0;0;0;0;0;0;0;0;0;0;0;0;0;0;0;0;0
65329;Nistos;76;65;0;0;0;0;0;0;0;0;0;0;0;0;0;0;0;0;0;0;0;0;0;0;0;0;2;1;2;3;0;0;0;0;0;0;0;0;0
65330;Nouilhan;76;65;0;0;0;0;0;0;0;0;0;0;0;0;0;0;0;0;0;0;0;0;0;0;0;0;0;1;2;2;0;0;0;0;0;0;0;0;0
65331;Odos;76;65;0;0;0;0;0;0;0;0;0;0;0;0;0;0;0;0;0;1;0;0;5;2;1;0;5;5;3;1;4;0;1;0;0;4;2;0;1
65332;Oléac-Debat;76;65;0;0;0;0;0;0;0;0;0;0;0;0;0;0;0;0;0;0;0;0;0;0;0;0;0;0;2;1;0;0;0;0;0;0;0;0;0
65333;Oléac-Dessus;76;65;0;0;0;0;0;0;0;0;0;0;0;0;0;0;0;0;0;0;0;0;0;0;0;0;1;0;0;0;0;0;0;0;0;0;0;0;0
65334;Omex;76;65;0;0;0;0;0;0;0;0;0;0;0;0;0;0;0;0;0;0;0;0;0;0;0;0;0;1;1;1;1;0;1;0;0;0;0;0;0
65335;Ordizan;76;65;0;0;0;0;0;0;0;0;0;0;0;0;0;0;0;0;0;0;0;0;1;0;0;0;0;1;2;0;1;1;0;0;0;0;0;0;0
65336;Organ;76;65;0;0;0;0;0;0;0;0;0;0;0;0;0;0;0;0;0;0;0;0;0;0;0;0;0;0;0;0;0;0;0;0;0;1;0;0;0
65337;Orieux;76;65;0;0;0;0;0;0;0;0;0;0;0;0;0;0;0;0;1;0;0;0;1;0;0;0;0;0;0;0;0;0;0;0;0;0;0;0;0
65338;Orignac;76;65;0;0;0;0;0;0;0;0;0;0;0;0;0;0;0;0;0;0;0;0;1;0;0;0;1;0;0;0;0;0;0;0;0;1;0;0;0
65339;Orincles;76;65;0;0;0;0;0;0;0;0;0;0;0;0;0;0;0;0;0;0;0;0;0;0;0;0;1;0;3;1;0;0;0;0;0;0;0;0;0
65340;Orleix;76;65;0;0;0;0;0;0;0;0;0;0;0;0;0;0;0;0;0;0;0;1;2;1;0;0;3;7;5;3;4;0;2;0;0;7;1;2;2
65341;Oroix;76;65;0;0;0;0;0;0;0;0;0;0;0;0;0;0;0;0;0;0;0;0;0;0;0;0;0;0;1;1;0;0;0;0;0;0;0;0;0
65342;Osmets;76;65;0;0;0;0;0;0;0;0;0;0;0;0;0;0;0;0;0;0;0;0;0;0;0;0;0;0;0;0;0;0;0;0;0;0;0;0;1
65343;Ossen;76;65;0;0;0;0;0;0;0;0;0;0;0;0;0;0;0;0;0;0;0;0;0;0;0;0;0;1;2;1;1;0;0;0;0;0;0;0;0
65344;Ossun;76;65;0;1;0;0;0;0;0;0;0;0;1;0;0;0;0;0;0;1;0;0;1;0;0;1;5;2;6;2;4;0;6;0;0;3;0;0;0
65345;Ossun-ez-Angles;76;65;0;0;0;0;0;0;0;0;0;0;0;0;0;0;0;0;0;0;0;0;0;0;0;0;2;0;0;0;0;0;0;0;0;0;0;0;0
65346;Oueilloux;76;65;0;0;0;0;0;0;0;0;0;0;0;0;0;0;0;0;0;0;0;0;0;0;0;0;0;0;2;0;0;0;0;0;0;0;0;0;0
65347;Ourde;76;65;0;0;0;0;0;0;0;0;0;0;0;0;0;0;0;0;0;0;0;0;0;0;0;0;0;0;0;0;0;0;0;0;0;0;0;0;0
65348;Ourdis-Cotdoussan;76;65;0;0;0;0;0;0;0;0;0;0;0;0;0;0;0;0;0;0;0;0;0;0;0;0;0;0;0;0;0;0;0;0;0;0;0;0;0
65349;Ourdon;76;65;0;0;0;0;0;0;0;0;0;0;0;0;0;0;0;0;0;0;0;0;0;0;0;0;0;0;0;0;0;0;0;0;0;0;0;0;0
65350;Oursbelille;76;65;0;0;0;0;0;0;0;0;0;0;0;0;0;0;0;0;0;1;0;0;1;0;0;0;2;2;5;3;3;0;1;0;0;0;0;0;0
65351;Ousté;76;65;0;0;0;0;0;0;0;0;0;0;0;0;0;0;0;0;0;0;0;0;0;0;0;0;0;0;1;0;0;0;0;0;0;0;0;0;0
65352;Ouzous;76;65;0;0;0;0;0;0;0;0;0;0;0;0;0;0;0;0;0;0;0;0;0;0;0;0;1;0;0;0;0;0;0;0;0;0;0;0;0
65353;Ozon;76;65;0;0;0;0;0;0;0;0;0;0;0;0;0;0;0;0;0;0;0;0;0;0;0;0;0;0;1;1;1;0;0;0;0;1;0;0;0
65354;Pailhac;76;65;0;0;0;0;0;0;0;0;0;0;0;0;0;0;0;0;0;0;0;0;1;0;0;0;0;0;0;0;1;0;0;0;0;0;1;0;0
65355;Paréac;76;65;0;0;0;0;0;0;0;0;0;0;0;0;0;0;0;0;0;0;0;0;1;0;0;0;0;0;0;0;0;0;0;0;0;0;0;0;0
65356;Péré;76;65;0;0;0;0;0;0;0;0;0;0;0;0;0;0;0;0;0;0;0;0;0;0;0;0;0;0;0;0;0;0;0;0;0;0;0;0;0
65357;Peyraube;76;65;0;0;0;0;0;0;0;0;0;0;0;0;0;0;0;0;0;0;0;0;0;0;0;0;0;0;0;3;0;0;0;0;0;0;0;0;0
65358;Peyret-Saint-André;76;65;0;0;0;0;0;0;0;0;0;0;0;0;0;0;0;0;0;0;0;0;0;0;0;0;0;0;0;0;0;0;0;0;0;0;0;0;0
65359;Peyriguère;76;65;0;0;0;0;0;0;0;0;0;0;0;0;0;0;0;0;0;0;0;0;0;0;0;0;0;0;0;0;0;0;0;0;0;0;0;0;0
65360;Peyrouse;76;65;0;0;0;0;0;0;0;0;0;0;0;0;0;0;0;0;0;0;0;0;0;0;0;0;2;0;3;0;0;0;2;0;0;0;0;0;0
65361;Peyrun;76;65;0;0;0;0;0;0;0;0;0;0;0;0;0;0;0;0;0;0;0;0;0;0;0;0;0;0;0;0;0;0;0;0;0;0;0;0;0
65362;Pierrefitte-Nestalas;76;65;0;0;0;0;0;0;0;0;0;0;0;0;0;0;0;0;1;1;0;0;2;1;0;1;1;4;2;2;1;2;1;0;0;4;1;0;1
65363;Pinas;76;65;0;0;0;0;0;0;0;0;0;0;0;0;0;0;0;0;0;0;0;0;0;0;0;0;1;1;1;0;0;0;0;0;0;0;0;0;1
65364;Pintac;76;65;0;0;0;0;0;0;0;0;0;0;0;0;0;0;0;0;0;0;0;0;0;0;0;0;0;0;0;0;0;0;0;0;0;0;0;0;0
65366;Poueyferré;76;65;0;0;0;0;0;0;0;0;0;0;0;0;0;0;0;0;0;0;0;0;3;0;0;0;1;4;2;2;2;0;0;0;0;2;0;0;0
65367;Poumarous;76;65;0;0;0;0;0;0;0;0;0;0;0;0;0;0;0;0;0;0;0;0;0;0;0;0;0;0;0;1;0;0;0;0;0;0;0;0;0
65368;Pouy;76;65;0;0;0;0;0;0;0;0;0;0;0;0;0;0;0;0;0;0;0;0;0;0;0;0;0;1;0;0;0;0;0;0;0;0;0;0;0
65369;Pouyastruc;76;65;0;1;0;0;0;0;0;0;0;0;0;0;0;0;0;0;1;1;0;0;0;0;0;0;1;1;4;2;1;0;1;0;0;2;0;0;0
65370;Pouzac;76;65;0;0;0;0;0;0;0;0;0;0;0;0;0;0;0;0;0;1;0;0;3;1;1;0;2;4;4;3;3;0;1;0;0;2;0;0;1
65371;Préchac;76;65;0;0;0;0;0;0;0;0;0;0;0;0;0;0;0;0;0;0;0;0;1;0;0;0;2;0;0;0;0;0;0;0;0;0;0;0;1
65372;Pujo;76;65;0;0;0;0;0;0;0;0;0;0;0;0;0;0;0;0;0;0;0;1;1;0;0;0;0;3;1;1;3;1;0;0;0;1;1;0;0
65373;Puntous;76;65;0;0;0;0;0;0;0;0;0;0;0;0;0;0;0;0;0;0;0;1;1;0;0;0;0;0;0;0;0;0;0;0;0;0;1;0;0
65374;Puydarrieux;76;65;0;0;0;0;0;0;0;0;0;0;0;0;0;0;0;0;0;0;0;0;0;0;0;0;1;0;2;0;0;0;0;0;0;0;1;0;0
65375;Rabastens-de-Bigorre;76;65;0;1;0;0;0;0;0;0;0;0;1;0;0;0;0;3;1;1;0;0;4;1;0;1;1;2;1;4;1;0;3;2;0;7;3;0;1
65376;Recurt;76;65;0;0;0;0;0;0;0;0;0;0;0;0;0;0;0;0;0;0;0;0;0;0;0;0;0;0;0;0;0;0;0;0;0;0;0;0;0
65377;Réjaumont;76;65;0;0;0;0;0;0;0;0;0;0;0;0;0;0;0;0;0;0;0;0;0;0;0;0;1;0;1;0;1;0;0;0;0;0;0;0;0
65378;Ricaud;76;65;0;0;0;0;0;0;0;0;0;0;0;0;0;0;0;0;0;0;0;0;0;0;0;0;0;0;0;0;0;0;0;0;0;0;0;0;0
65379;Ris;76;65;0;0;0;0;0;0;0;0;0;0;0;0;0;0;0;0;0;0;0;0;0;0;0;0;0;0;0;0;0;0;0;0;0;0;0;0;0
65380;Sabalos;76;65;0;0;0;0;0;0;0;0;0;0;0;0;0;0;0;0;0;0;0;0;0;0;0;0;0;0;0;0;0;0;0;0;0;0;0;0;0
65381;Sabarros;76;65;0;0;0;0;0;0;0;0;0;0;0;0;0;0;0;0;0;0;0;0;0;0;0;0;0;0;0;0;0;0;0;0;0;0;0;0;0
65382;Sacoué;76;65;0;0;0;0;0;0;0;0;0;0;0;0;0;0;0;0;0;0;0;0;0;0;0;0;0;0;0;0;0;0;0;0;0;0;0;0;0
65383;Sadournin;76;65;0;0;0;0;0;0;0;0;0;0;0;0;0;0;0;0;0;0;0;0;0;0;0;0;1;0;1;0;1;0;0;0;0;0;0;0;0
65384;Sailhan;76;65;0;0;0;0;0;0;0;0;0;0;0;0;0;0;0;0;0;0;0;0;0;0;0;0;1;0;0;0;0;0;0;0;0;1;0;0;0
65385;Saint-Arroman;76;65;0;0;0;0;0;0;0;0;0;0;0;0;0;0;0;0;0;0;0;0;0;0;0;0;0;0;0;0;0;0;0;0;0;0;0;0;0
65386;Saint-Créac;76;65;0;0;0;0;0;0;0;0;0;0;0;0;0;0;0;0;0;0;0;0;0;0;0;0;0;0;0;0;1;0;0;0;0;0;0;0;0
65387;Saint-Lanne;76;65;0;0;0;0;0;0;0;0;0;0;0;0;0;0;0;0;0;0;0;0;0;0;0;0;0;0;1;0;1;0;0;0;0;0;0;0;0
65388;Saint-Lary-Soulan;76;65;0;0;0;0;0;0;0;0;0;0;0;0;1;0;0;4;0;1;0;1;1;0;0;0;2;1;1;1;1;0;4;0;0;48;8;1;1
65389;Saint-Laurent-de-Neste;76;65;0;1;0;0;0;0;0;0;0;0;1;0;1;0;0;0;0;1;0;0;3;0;0;1;3;2;1;1;2;1;1;0;0;4;1;0;1
65390;Saint-Lézer;76;65;0;0;0;0;0;0;0;0;0;0;0;0;0;0;0;0;0;0;0;0;1;0;0;0;1;1;3;0;3;0;0;0;0;0;0;0;1
65391;Sainte-Marie;76;65;0;0;0;0;0;0;0;0;0;0;0;0;0;0;0;0;0;0;0;0;0;0;0;0;1;0;0;0;0;0;0;0;0;0;0;0;0
65392;Saint-Martin;76;65;0;0;0;0;0;0;0;0;0;0;0;0;0;0;0;0;0;0;0;0;0;0;0;0;3;0;0;3;0;0;0;0;0;0;0;0;1
65393;Saint-Pastous;76;65;0;0;0;0;0;0;0;0;0;0;0;0;0;0;0;0;0;0;0;0;0;0;0;0;1;1;1;0;0;0;0;0;0;0;1;0;0
65394;Saint-Paul;76;65;0;0;0;0;0;0;0;0;0;0;0;0;0;0;0;0;0;0;0;0;0;0;0;0;1;2;0;1;0;0;0;0;0;0;0;0;0
65395;Saint-Pé-de-Bigorre;76;65;0;0;0;0;0;0;0;0;0;0;0;0;0;0;0;0;0;0;0;1;1;0;0;0;2;5;3;2;3;0;1;0;0;1;0;0;0
65396;Saint-Savin;76;65;0;0;0;0;0;0;0;0;0;0;0;0;0;0;0;0;0;0;0;0;0;0;0;0;0;1;1;1;2;0;0;0;0;1;0;0;0
65397;Saint-Sever-de-Rustan;76;65;0;0;0;0;0;0;0;0;0;0;0;0;0;0;0;0;0;0;1;0;0;0;0;0;0;0;0;1;0;0;0;0;0;1;0;0;0
65398;Saléchan;76;65;0;0;0;0;0;0;0;0;0;0;0;0;0;0;0;0;0;0;0;1;0;0;0;0;3;1;0;0;0;0;0;0;0;0;0;0;0
65399;Saligos;76;65;0;0;0;0;0;0;0;0;0;0;0;0;0;0;0;0;0;0;0;0;0;0;0;0;0;0;0;0;0;0;0;0;0;0;0;0;0
65400;Salles;76;65;0;0;0;0;0;0;0;0;0;0;0;0;0;0;0;0;0;0;0;0;0;0;0;0;0;0;2;0;0;0;0;0;0;3;0;0;0
65401;Salles-Adour;76;65;0;0;0;0;0;0;0;0;0;0;0;0;0;0;0;0;0;0;0;0;0;0;0;0;2;0;1;0;0;0;2;0;0;0;1;0;1
65402;Samuran;76;65;0;0;0;0;0;0;0;0;0;0;0;0;0;0;0;0;0;0;0;0;0;0;0;0;0;0;0;0;0;0;0;0;0;0;0;0;0
65403;Sanous;76;65;0;0;0;0;0;0;0;0;0;0;0;0;0;0;0;0;0;0;0;0;0;0;0;0;0;1;0;0;0;0;0;0;0;0;0;0;0
65404;Sariac-Magnoac;76;65;0;0;0;0;0;0;0;0;0;0;0;0;0;0;0;0;0;0;0;0;1;0;0;0;4;0;0;1;0;0;0;0;0;0;0;0;0
65405;Sarlabous;76;65;0;0;0;0;0;0;0;0;0;0;0;0;0;0;0;0;0;0;0;0;0;0;0;0;1;0;0;0;1;0;0;0;0;0;0;0;0
65406;Sarniguet;76;65;0;0;0;0;0;0;0;0;0;0;0;0;0;0;0;0;0;0;0;0;0;0;0;0;1;0;1;0;0;0;1;0;0;0;0;0;0
65407;Sarp;76;65;0;0;0;0;0;0;0;0;0;0;0;0;0;0;0;0;0;0;0;0;0;0;0;0;0;0;0;0;0;0;0;0;0;0;0;0;0
65408;Sarrancolin;76;65;0;0;0;0;0;0;0;0;0;0;0;0;0;0;0;1;0;1;0;0;1;0;0;0;5;1;1;2;0;1;0;0;0;2;0;0;0
65409;Sarriac-Bigorre;76;65;0;0;0;0;0;0;0;0;0;0;0;0;0;0;0;0;0;0;0;0;0;0;0;0;2;0;2;2;0;1;0;0;0;1;0;0;0
65410;Sarrouilles;76;65;0;0;0;0;0;0;0;0;0;0;0;0;0;0;0;0;0;0;0;0;1;0;0;0;2;0;2;0;1;1;1;0;0;0;0;0;0
65411;Sassis;76;65;0;0;0;0;0;0;0;0;0;0;0;0;0;0;0;0;0;0;0;0;0;0;0;0;1;0;0;0;0;0;0;0;0;0;0;0;0
65412;Sauveterre;76;65;0;0;0;0;0;0;0;0;0;0;0;0;0;0;0;0;0;0;0;0;0;0;0;0;1;0;1;0;0;0;0;0;0;0;0;0;0
65413;Sazos;76;65;0;0;0;0;0;0;0;0;0;0;0;0;0;0;0;0;0;0;0;0;0;0;0;0;0;0;0;0;0;0;0;0;0;0;1;0;0
65414;Ségalas;76;65;0;0;0;0;0;0;0;0;0;0;0;0;0;0;0;0;0;0;0;0;0;0;0;0;1;0;0;0;0;0;1;0;0;0;0;0;1
65415;Ségus;76;65;0;0;0;0;0;0;0;0;0;0;0;0;0;0;0;0;0;0;0;0;0;0;0;0;0;2;0;0;0;1;0;0;0;0;0;0;0
65416;Seich;76;65;0;0;0;0;0;0;0;0;0;0;0;0;0;0;0;0;0;0;0;0;0;0;0;0;0;1;0;0;0;0;0;0;0;0;0;0;0
65417;Séméac;76;65;0;0;0;0;0;0;0;0;0;0;0;0;0;0;0;3;2;1;0;0;18;0;0;0;12;7;11;8;12;3;3;3;0;8;3;2;5
65418;Sénac;76;65;0;0;0;0;0;0;0;0;0;0;0;0;0;0;0;0;0;0;0;0;0;0;0;0;0;0;2;0;1;0;1;0;0;1;1;0;0
65419;Sentous;76;65;0;0;0;0;0;0;0;0;0;0;0;0;0;0;0;0;0;0;0;0;0;0;0;0;0;0;0;0;0;0;0;0;0;0;0;0;0
65420;Sère-en-Lavedan;76;65;0;0;0;0;0;0;0;0;0;0;0;0;0;0;0;0;0;0;0;0;0;0;0;0;1;0;0;0;0;0;0;0;0;0;0;0;0
65421;Sère-Lanso;76;65;0;0;0;0;0;0;0;0;0;0;0;0;0;0;0;0;0;0;0;0;0;0;0;0;0;0;0;0;0;0;0;0;0;0;0;0;0
65422;Séron;76;65;0;0;0;0;0;0;0;0;0;0;0;0;0;0;0;0;0;0;0;1;1;0;0;0;1;0;0;1;0;0;0;0;0;1;1;0;0
65423;Sère-Rustaing;76;65;0;0;0;0;0;0;0;0;0;0;0;0;0;0;0;0;0;0;0;0;1;0;0;0;1;0;1;0;2;0;0;0;0;0;1;0;0
65424;Sers;76;65;0;0;0;0;0;0;0;0;0;0;0;0;0;0;0;0;0;0;0;0;0;0;0;0;0;0;0;0;0;0;0;0;0;1;0;0;0
65425;Siarrouy;76;65;0;0;0;0;0;0;0;0;0;0;0;0;0;0;0;0;0;0;0;0;2;0;0;0;1;1;1;0;1;0;2;0;0;0;0;0;1
65426;Sinzos;76;65;0;0;0;0;0;0;0;0;0;0;0;0;0;0;0;0;0;0;0;0;0;0;0;0;1;0;0;0;0;0;0;0;0;0;0;0;0
65427;Siradan;76;65;0;0;0;0;0;0;0;0;0;0;0;0;0;0;0;0;0;0;0;1;1;0;0;0;1;1;1;1;1;0;0;0;0;0;0;0;0
65428;Sireix;76;65;0;0;0;0;0;0;0;0;0;0;0;0;0;0;0;0;0;0;0;0;0;0;0;0;1;0;1;0;0;0;0;0;0;0;0;0;0
65429;Sombrun;76;65;0;0;0;0;0;0;0;0;0;0;0;0;0;0;0;0;0;0;0;0;1;0;0;0;2;0;2;0;0;0;0;0;0;0;0;0;0
65430;Soréac;76;65;0;0;0;0;0;0;0;0;0;0;0;0;0;0;0;0;0;0;0;0;0;0;0;0;0;0;0;0;0;0;0;0;0;1;0;0;0
65431;Sost;76;65;0;0;0;0;0;0;0;0;0;0;0;0;0;0;0;0;0;0;0;0;0;0;0;0;0;0;0;0;0;0;0;0;0;0;0;0;0
65432;Soublecause;76;65;0;0;0;0;0;0;0;0;0;0;0;0;0;0;0;0;0;0;0;0;1;0;0;0;0;0;0;0;0;0;0;0;0;1;0;0;0
65433;Soues;76;65;0;0;0;0;0;0;0;0;0;0;0;0;0;0;0;0;0;1;0;0;3;0;0;2;7;4;6;3;4;1;5;0;0;1;4;0;0
65435;Soulom;76;65;0;0;0;0;0;0;0;0;0;0;0;0;0;0;0;0;0;0;0;0;2;0;0;0;3;1;2;0;3;0;1;0;0;1;0;0;2
65436;Souyeaux;76;65;0;0;0;0;0;0;0;0;0;0;0;0;0;0;0;0;0;0;0;0;0;0;0;0;0;0;1;0;0;0;0;0;0;0;1;0;0
65437;Tajan;76;65;0;0;0;0;0;0;0;0;0;0;0;0;0;0;0;0;1;0;0;0;1;0;0;0;1;0;2;1;0;0;0;0;0;0;1;0;0
65438;Talazac;76;65;0;0;0;0;0;0;0;0;0;0;0;0;0;0;0;0;0;0;0;0;0;0;0;0;0;0;0;0;0;0;0;0;0;1;0;0;0
65439;Tarasteix;76;65;0;0;0;0;0;0;0;0;0;0;0;0;0;0;0;0;0;0;0;0;0;0;0;0;0;0;0;0;1;0;0;0;0;0;0;0;0
65440;Tarbes;76;65;2;1;0;1;1;1;1;1;0;0;15;2;0;0;0;37;6;5;1;0;52;9;7;22;58;105;34;40;39;18;108;5;25;184;78;12;50
65441;Thèbe;76;65;0;0;0;0;0;0;0;0;0;0;0;0;0;0;0;0;0;0;0;0;0;0;0;0;1;0;0;0;0;0;0;0;0;1;0;0;0
65442;Thermes-Magnoac;76;65;0;0;0;0;0;0;0;0;0;0;0;0;0;0;0;0;0;0;0;0;1;0;0;0;1;1;0;0;0;0;0;0;0;0;2;0;0
65443;Thuy;76;65;0;0;0;0;0;0;0;0;0;0;0;0;0;0;0;0;0;0;0;0;0;0;0;0;0;0;0;0;0;0;0;0;0;0;0;0;0
65444;Tibiran-Jaunac;76;65;0;0;0;0;0;0;0;0;0;0;0;0;0;0;0;0;0;0;0;0;0;0;0;0;2;0;0;1;0;0;0;0;0;2;0;0;0
65445;Tilhouse;76;65;0;0;0;0;0;0;0;0;0;0;0;0;0;0;0;0;0;0;0;0;0;0;0;0;0;0;1;0;0;0;0;0;0;0;0;0;0
65446;Tostat;76;65;0;0;0;0;0;0;0;0;0;0;0;0;0;0;0;0;0;0;0;0;0;0;0;0;1;2;2;0;1;2;0;0;0;1;0;0;0
65447;Tournay;76;65;0;1;0;0;0;0;0;0;0;0;1;0;0;0;0;1;1;1;0;0;4;1;0;1;2;4;5;2;0;0;6;3;0;2;1;0;1
65448;Tournous-Darré;76;65;0;0;0;0;0;0;0;0;0;0;0;0;0;0;0;0;0;0;0;0;0;0;0;0;0;2;1;0;0;0;0;0;0;0;0;0;0
65449;Tournous-Devant;76;65;0;0;0;0;0;0;0;0;0;0;0;0;0;0;0;0;0;0;0;0;0;0;0;0;0;0;0;0;0;0;0;0;0;0;0;0;0
65450;Tramezaïgues;76;65;0;0;0;0;0;0;0;0;0;0;0;0;0;0;0;0;0;0;0;0;0;0;0;0;0;0;0;0;1;0;0;0;0;0;0;0;0
65451;Trébons;76;65;0;0;0;0;0;0;0;0;0;0;0;0;0;0;0;0;0;1;0;0;0;0;0;0;2;0;2;2;1;0;0;0;0;1;0;0;0
65452;Trie-sur-Baïse;76;65;0;1;0;0;0;0;0;0;0;0;1;0;1;0;0;3;0;1;0;0;9;1;0;1;5;2;5;1;1;0;4;4;0;6;4;1;1
65453;Troubat;76;65;0;0;0;0;0;0;0;0;0;0;0;0;0;0;0;0;0;0;0;0;0;0;0;0;0;1;1;0;0;1;0;0;0;1;0;0;0
65454;Trouley-Labarthe;76;65;0;0;0;0;0;0;0;0;0;0;0;0;0;0;0;0;0;0;0;0;0;0;0;0;0;0;0;0;0;0;0;0;0;0;0;0;0
65455;Tuzaguet;76;65;0;0;0;0;0;0;0;0;0;0;0;0;0;0;0;0;0;0;1;0;0;0;0;0;0;0;2;0;0;1;1;0;0;0;1;0;1
65456;Uglas;76;65;0;0;0;0;0;0;0;0;0;0;0;0;0;0;0;0;0;0;0;0;0;0;0;0;2;0;0;0;0;0;0;0;0;0;0;0;0
65457;Ugnouas;76;65;0;0;0;0;0;0;0;0;0;0;0;0;0;0;0;0;0;0;0;0;0;0;0;0;0;0;0;0;0;0;0;0;0;0;0;0;0
65458;Uz;76;65;0;0;0;0;0;0;0;0;0;0;0;0;0;0;0;0;0;0;0;0;0;0;0;0;0;0;0;0;0;0;0;0;0;0;0;0;0
65459;Uzer;76;65;0;0;0;0;0;0;0;0;0;0;0;0;0;0;0;0;0;0;0;0;0;0;0;0;0;2;1;0;0;0;0;0;0;0;0;0;0
65460;Vic-en-Bigorre;76;65;0;1;0;0;0;0;0;0;0;0;1;0;0;0;0;5;3;1;0;0;10;1;0;2;8;11;11;12;7;2;9;2;1;14;4;0;2
65461;Vidou;76;65;0;0;0;0;0;0;0;0;0;0;0;0;0;0;0;0;0;0;0;0;0;0;0;0;0;1;0;0;0;0;0;0;0;0;0;0;0
65462;Vidouze;76;65;0;0;0;0;0;0;0;0;0;0;0;0;0;0;0;0;0;0;0;0;0;0;0;0;1;0;0;0;0;0;0;0;0;0;0;0;1
65463;Viella;76;65;0;0;0;0;0;0;0;0;0;0;0;0;0;0;0;0;0;0;0;0;0;0;0;0;1;0;0;0;1;0;0;0;0;1;0;0;0
65464;Vielle-Adour;76;65;0;0;0;0;0;0;0;0;0;0;0;0;0;0;0;0;0;0;0;0;2;0;0;0;0;3;0;1;2;0;0;0;0;0;0;0;0
65465;Vielle-Aure;76;65;0;0;0;0;0;0;0;0;0;0;1;0;0;0;0;0;0;1;0;0;0;0;0;0;2;0;1;0;1;0;1;0;0;4;1;0;0
65466;Vielle-Louron;76;65;0;0;0;0;0;0;0;0;0;0;0;0;0;0;0;0;0;0;0;0;0;0;0;0;1;0;0;0;1;0;0;0;0;0;0;0;0
65467;Vier-Bordes;76;65;0;0;0;0;0;0;0;0;0;0;0;0;0;0;0;0;0;0;0;0;0;0;0;0;0;1;1;0;0;0;0;0;0;0;0;0;0
65468;Vieuzos;76;65;0;0;0;0;0;0;0;0;0;0;0;0;0;0;0;0;0;0;0;0;0;0;0;0;1;0;0;0;0;1;0;0;0;0;0;0;0
65469;Viey;76;65;0;0;0;0;0;0;0;0;0;0;0;0;0;0;0;0;0;0;0;0;0;0;0;0;0;1;0;0;0;0;0;0;0;0;0;0;0
65470;Viger;76;65;0;0;0;0;0;0;0;0;0;0;0;0;0;0;0;0;0;0;0;0;0;0;0;0;0;0;0;0;0;0;0;0;0;0;0;0;0
65471;Vignec;76;65;0;1;0;0;0;0;0;0;0;0;0;0;0;0;0;0;0;0;0;0;0;0;0;0;2;0;1;1;1;0;0;0;0;3;1;0;0
65472;Villefranque;76;65;0;0;0;0;0;0;0;0;0;0;0;0;0;0;0;0;0;0;0;0;2;0;0;0;0;0;1;0;0;0;0;0;0;0;0;0;0
65473;Villelongue;76;65;0;0;0;0;0;0;0;0;0;0;0;0;0;0;0;0;0;0;0;0;0;0;0;0;1;1;1;0;2;0;0;0;0;0;1;0;0
65474;Villembits;76;65;0;0;0;0;0;0;0;0;0;0;0;0;0;0;0;0;0;0;0;0;0;0;0;0;0;0;1;0;0;0;0;0;0;0;0;0;0
65475;Villemur;76;65;0;0;0;0;0;0;0;0;0;0;0;0;0;0;0;0;0;0;0;0;0;0;0;0;0;0;0;0;0;0;0;0;0;0;0;0;0
65476;Villenave-près-Béarn;76;65;0;0;0;0;0;0;0;0;0;0;0;0;0;0;0;0;0;0;0;0;0;0;0;0;2;0;0;0;0;0;0;0;0;0;0;0;0
65477;Villenave-près-Marsac;76;65;0;0;0;0;0;0;0;0;0;0;0;0;0;0;0;0;0;0;0;0;0;0;0;0;0;0;1;0;1;0;0;0;0;0;0;0;0
65478;Viscos;76;65;0;0;0;0;0;0;0;0;0;0;0;0;0;0;0;0;0;0;0;0;0;0;0;0;0;0;0;0;0;0;0;0;0;0;0;0;0
65479;Visker;76;65;0;0;0;0;0;0;0;0;0;0;0;0;0;0;0;0;0;0;0;0;0;0;0;0;0;0;1;1;0;0;1;0;0;0;0;0;0
65480;Vizos;76;65;0;0;0;0;0;0;0;0;0;0;0;0;0;0;0;0;0;0;0;0;0;0;0;0;0;0;0;0;0;0;0;0;0;1;0;0;0
65481;Barèges;76;65;0;0;0;0;0;0;0;0;0;0;0;0;0;0;0;0;0;0;0;1;0;0;0;0;0;0;0;0;1;0;0;0;0;16;3;0;1
65482;Cantaous;76;65;0;0;0;0;0;0;0;0;0;0;0;0;0;0;0;0;0;0;0;0;2;0;0;0;1;0;2;0;1;0;0;0;0;2;0;0;0
66001;L'Albère;76;66;0;0;0;0;0;0;0;0;0;0;0;0;0;0;0;0;1;0;0;0;0;0;0;0;0;1;0;0;0;0;0;0;0;2;0;0;0
66002;Alénya;76;66;0;0;0;0;0;0;0;0;0;0;0;0;0;0;0;1;0;1;0;0;6;0;0;1;9;15;7;6;4;1;3;0;0;6;8;0;1
66003;Amélie-les-Bains-Palalda;76;66;0;0;0;0;0;0;0;0;0;0;0;0;0;0;0;6;0;1;0;1;3;0;0;1;11;8;4;14;3;2;10;1;0;25;10;2;3
66004;Les Angles;76;66;0;0;0;0;0;0;0;0;0;0;0;0;0;0;0;2;0;1;0;0;2;0;0;0;5;2;4;4;1;2;1;0;0;26;6;2;1
66005;Angoustrine-Villeneuve-des-Escaldes;76;66;0;0;0;0;0;0;0;0;0;0;0;0;0;0;0;0;1;0;0;1;1;0;0;0;2;2;1;3;3;0;1;0;0;2;1;0;0
66006;Ansignan;76;66;0;0;0;0;0;0;0;0;0;0;0;0;0;0;0;1;0;0;0;1;1;0;0;0;1;0;1;1;0;0;0;0;0;1;0;0;0
66007;Arboussols;76;66;0;0;0;0;0;0;0;0;0;0;0;0;0;0;0;0;0;0;0;0;0;0;0;0;1;0;0;0;0;0;0;0;0;0;0;0;0
66008;Argelès-sur-Mer;76;66;0;1;0;0;0;0;0;0;0;0;1;1;0;0;0;10;1;2;0;1;22;2;0;6;32;21;21;21;18;8;25;3;0;244;39;9;15
66009;Arles-sur-Tech;76;66;0;1;0;0;0;0;0;0;0;0;1;0;1;0;0;2;1;1;0;0;7;1;0;1;10;5;5;5;3;1;4;0;0;13;3;0;1
66010;Ayguatébia-Talau;76;66;0;0;0;0;0;0;0;0;0;0;0;0;0;0;0;0;0;0;0;0;0;0;0;0;1;0;0;1;0;0;0;0;0;0;0;0;0
66011;Bages;76;66;0;0;0;0;0;0;0;0;0;0;0;0;0;0;0;2;2;1;0;0;4;0;0;2;18;9;1;9;8;1;3;0;0;3;4;0;3
66012;Baho;76;66;0;0;0;0;0;0;0;0;0;0;0;0;0;0;0;2;0;1;0;0;4;0;0;0;6;8;4;6;9;1;4;0;0;12;7;0;0
66013;Baillestavy;76;66;0;0;0;0;0;0;0;0;0;0;0;0;0;0;0;0;0;0;0;0;0;0;0;0;1;0;0;0;0;0;0;0;0;1;0;0;0
66014;Baixas;76;66;0;0;0;0;0;0;0;0;0;0;0;0;0;0;0;1;1;1;0;0;5;0;0;1;4;10;5;7;2;0;4;0;0;2;0;0;1
66015;Banyuls-dels-Aspres;76;66;0;0;0;0;0;0;0;0;0;0;0;0;0;0;0;0;0;1;0;0;1;0;0;0;6;6;1;0;6;0;2;0;0;3;3;0;2
66016;Banyuls-sur-Mer;76;66;0;1;0;0;0;0;0;0;0;0;0;0;0;0;0;5;0;1;0;0;3;0;0;1;21;10;6;9;3;2;10;1;0;37;8;1;4
66017;Le Barcarès;76;66;0;0;0;0;0;0;0;0;0;0;0;0;0;0;0;2;1;1;0;1;5;0;0;3;16;8;9;9;6;0;9;0;0;112;24;2;7
66018;La Bastide;76;66;0;0;0;0;0;0;0;0;0;0;0;0;0;0;0;0;0;0;0;0;0;0;0;0;0;1;0;0;0;0;0;0;0;0;0;0;0
66019;Bélesta;76;66;0;0;0;0;0;0;0;0;0;0;0;0;0;0;0;1;0;0;0;1;0;0;0;0;2;1;0;0;1;0;1;0;0;3;0;0;0
66020;Bolquère;76;66;0;0;0;0;0;0;0;0;0;0;0;0;0;0;0;1;0;0;0;2;0;0;0;0;5;1;2;2;6;2;0;0;0;13;6;0;0
66021;Bompas;76;66;0;1;0;0;0;0;0;0;0;0;0;0;0;0;0;5;1;1;0;0;17;1;0;1;21;14;20;8;9;3;11;1;0;11;6;0;8
66022;Boule-d'Amont;76;66;0;0;0;0;0;0;0;0;0;0;0;0;0;0;0;0;0;0;0;0;0;0;0;0;0;0;0;0;0;0;0;0;0;1;0;0;0
66023;Bouleternère;76;66;0;0;0;0;0;0;0;0;0;0;0;0;0;0;0;1;0;0;0;1;1;0;0;0;3;2;0;2;1;1;0;0;0;2;1;0;0
66024;Le Boulou;76;66;0;1;0;0;0;0;0;0;0;0;1;0;0;0;0;5;3;1;0;0;14;2;0;3;14;16;17;9;12;3;11;1;0;35;8;1;9
66025;Bourg-Madame;76;66;0;1;0;0;0;0;0;0;0;0;0;0;0;0;0;5;0;1;0;0;4;0;0;2;12;4;5;2;4;6;3;4;0;3;8;0;2
66026;Brouilla;76;66;0;0;0;0;0;0;0;0;0;0;0;0;0;0;0;1;0;1;0;0;1;0;0;0;2;2;1;3;3;0;3;0;0;1;0;0;1
66027;La Cabanasse;76;66;0;0;0;0;0;0;0;0;0;0;0;0;0;0;0;0;0;0;0;1;4;0;0;0;2;2;4;1;1;2;0;0;0;2;3;2;0
66028;Cabestany;76;66;0;1;0;0;0;0;0;0;0;0;2;0;0;0;0;12;3;1;0;0;10;1;1;3;31;20;20;19;12;16;18;4;5;27;24;3;12
66029;Caixas;76;66;0;0;0;0;0;0;0;0;0;0;0;0;0;0;0;0;0;0;0;0;0;0;0;0;0;0;0;0;0;1;0;0;0;1;1;0;0
66030;Calce;76;66;0;0;0;0;0;0;0;0;0;0;0;0;0;0;0;1;0;0;0;0;0;0;0;0;1;0;1;0;0;0;0;0;0;1;0;0;0
66032;Calmeilles;76;66;0;0;0;0;0;0;0;0;0;0;0;0;0;0;0;0;0;0;0;0;0;0;0;0;0;0;0;0;0;0;0;0;0;0;0;0;0
66033;Camélas;76;66;0;0;0;0;0;0;0;0;0;0;0;0;0;0;0;0;0;0;0;0;0;0;0;0;3;0;0;1;1;0;0;0;0;1;1;0;0
66034;Campôme;76;66;0;0;0;0;0;0;0;0;0;0;0;0;0;0;0;0;0;0;0;0;0;0;0;0;0;1;0;0;0;0;0;0;0;0;0;0;0
66035;Campoussy;76;66;0;0;0;0;0;0;0;0;0;0;0;0;0;0;0;0;0;0;0;0;1;0;0;0;0;0;0;0;0;0;0;0;0;0;0;0;0
66036;Canaveilles;76;66;0;0;0;0;0;0;0;0;0;0;0;0;0;0;0;0;0;0;0;0;0;0;0;0;0;0;0;0;0;1;0;0;0;0;0;0;0
66037;Canet-en-Roussillon;76;66;0;1;0;0;0;0;0;0;0;0;0;0;0;0;0;10;3;2;0;1;13;1;0;5;31;22;19;28;19;10;35;3;0;213;55;4;21
66038;Canohès;76;66;0;0;0;0;0;0;0;0;0;0;0;0;0;0;0;2;3;1;0;0;9;0;0;1;13;5;11;14;12;2;7;5;0;8;8;1;4
66039;Caramany;76;66;0;0;0;0;0;0;0;0;0;0;0;0;0;0;0;1;0;0;0;1;0;0;0;0;2;0;1;0;1;0;1;0;0;1;0;0;0
66040;Casefabre;76;66;0;0;0;0;0;0;0;0;0;0;0;0;0;0;0;0;0;0;0;0;0;0;0;0;0;0;0;0;0;0;0;0;0;0;0;0;0
66041;Cases-de-Pène;76;66;0;0;0;0;0;0;0;0;0;0;0;0;0;0;0;1;0;0;0;1;1;0;0;0;6;4;1;1;1;0;0;0;0;5;1;0;0
66042;Cassagnes;76;66;0;0;0;0;0;0;0;0;0;0;0;0;0;0;0;1;0;0;0;1;1;0;0;0;1;0;0;0;2;0;1;0;0;0;1;0;1
66043;Casteil;76;66;0;0;0;0;0;0;0;0;0;0;0;0;0;0;0;0;0;0;0;0;0;0;0;0;0;0;0;0;0;0;0;0;0;1;0;0;0
66044;Castelnou;76;66;0;0;0;0;0;0;0;0;0;0;0;0;0;0;0;0;0;0;0;0;0;0;0;0;2;0;0;1;1;1;0;0;0;6;1;0;0
66045;Catllar;76;66;0;0;0;0;0;0;0;0;0;0;0;0;0;0;0;0;0;0;0;1;0;0;0;0;5;1;0;0;1;0;1;0;0;1;0;0;1
66046;Caudiès-de-Fenouillèdes;76;66;0;0;0;0;0;0;0;0;0;0;0;0;0;0;0;1;0;0;0;1;2;0;0;0;3;0;1;1;0;0;1;0;0;1;1;0;1
66047;Caudiès-de-Conflent;76;66;0;0;0;0;0;0;0;0;0;0;0;0;0;0;0;0;1;0;0;0;0;0;0;0;0;0;0;0;0;0;0;0;0;0;0;0;0
66048;Cerbère;76;66;0;0;0;0;0;0;0;0;0;0;0;0;0;0;0;1;0;1;0;0;1;0;0;0;4;1;0;2;0;0;1;0;0;14;2;0;1
66049;Céret;76;66;0;1;0;0;0;0;0;0;0;0;3;1;0;0;0;9;1;1;0;0;15;3;0;3;25;18;22;11;15;3;12;2;0;41;28;3;7
66050;Claira;76;66;0;0;0;0;0;0;0;0;0;0;0;0;0;0;0;2;0;1;0;0;15;1;0;2;14;17;16;7;12;1;7;0;0;14;6;1;4
66051;Clara;76;66;0;0;0;0;0;0;0;0;0;0;0;0;0;0;0;0;0;0;0;0;0;0;0;0;2;0;2;1;0;0;0;0;0;1;0;0;1
66052;Codalet;76;66;0;0;0;0;0;0;0;0;0;0;0;0;0;0;0;0;0;0;0;0;1;0;0;0;1;2;1;0;0;0;0;0;0;0;0;0;0
66053;Collioure;76;66;0;0;0;0;0;0;0;0;0;0;0;0;0;0;0;3;0;1;0;0;1;1;0;0;6;3;2;5;3;1;8;0;0;76;13;1;2
66054;Conat;76;66;0;0;0;0;0;0;0;0;0;0;0;0;0;0;0;0;0;0;0;0;0;0;0;0;0;1;0;0;0;0;0;0;0;0;0;0;0
66055;Corbère;76;66;0;0;0;0;0;0;0;0;0;0;0;0;0;0;0;0;1;0;0;1;1;0;0;0;2;2;2;0;3;1;2;0;0;5;3;0;1
66056;Corbère-les-Cabanes;76;66;0;0;0;0;0;0;0;0;0;0;0;0;0;0;0;0;0;1;0;0;2;0;0;0;4;2;1;1;3;0;1;0;0;1;0;0;1
66057;Corneilla-de-Conflent;76;66;0;0;0;0;0;0;0;0;0;0;0;0;0;0;0;0;0;0;0;1;1;0;0;0;1;1;0;1;0;0;0;0;0;2;1;0;0
66058;Corneilla-la-Rivière;76;66;0;0;0;0;0;0;0;0;0;0;0;0;0;0;0;1;0;1;0;0;3;0;0;0;8;4;5;8;10;0;2;0;0;3;2;0;0
66059;Corneilla-del-Vercol;76;66;0;0;0;0;0;0;0;0;0;0;0;0;0;0;0;0;0;0;0;1;0;0;0;0;2;4;6;3;4;0;4;1;0;3;0;0;3
66060;Corsavy;76;66;0;0;0;0;0;0;0;0;0;0;0;0;0;0;0;0;0;0;0;1;1;0;0;0;0;1;1;0;0;0;0;0;0;3;0;0;0
66061;Coustouges;76;66;0;0;0;0;0;0;0;0;0;0;0;0;0;0;0;0;0;0;0;1;0;0;0;0;0;0;0;0;0;0;0;0;0;1;0;0;0
66062;Dorres;76;66;0;0;0;0;0;0;0;0;0;0;0;0;0;0;0;0;0;0;0;0;0;0;0;0;1;0;0;0;0;0;0;0;0;0;0;0;0
66063;Les Cluses;76;66;0;0;0;0;0;0;0;0;0;0;0;0;0;0;0;0;0;0;0;0;0;0;0;0;2;2;0;1;0;0;0;0;0;1;2;0;0
66064;Égat;76;66;0;0;0;0;0;0;0;0;0;0;0;0;0;0;0;0;1;0;0;0;1;0;0;1;2;1;3;3;4;1;1;0;0;2;0;0;0
66065;Elne;76;66;0;1;0;0;0;0;0;0;0;0;1;0;0;0;0;10;0;1;0;0;32;2;0;2;23;17;20;22;19;6;18;1;0;35;16;2;8
66066;Enveitg;76;66;0;0;0;0;0;0;0;0;0;0;0;0;0;0;0;0;1;0;0;1;0;0;0;0;0;0;1;1;2;1;0;0;0;0;1;0;0
66067;Err;76;66;0;0;0;0;0;0;0;0;0;0;0;0;0;0;0;0;1;0;0;1;1;0;0;0;1;1;2;1;3;1;0;0;0;3;0;0;1
66068;Escaro;76;66;0;0;0;0;0;0;0;0;0;0;0;0;0;0;0;0;0;0;0;0;0;0;0;0;0;0;0;0;0;0;0;0;0;0;0;0;0
66069;Espira-de-l'Agly;76;66;0;0;0;0;0;0;0;0;0;0;0;0;0;0;0;2;0;1;0;0;3;0;0;1;12;5;7;9;4;1;5;0;0;7;4;0;3
66070;Espira-de-Conflent;76;66;0;0;0;0;0;0;0;0;0;0;0;0;0;0;0;0;0;0;0;1;1;0;0;0;3;0;1;0;0;0;0;0;0;0;0;0;0
66071;Estagel;76;66;0;0;0;0;0;0;0;0;0;0;0;0;1;0;0;3;1;1;0;0;5;1;0;2;6;1;1;2;3;0;3;2;0;8;6;0;1
66072;Estavar;76;66;0;0;0;0;0;0;0;0;0;0;0;0;0;0;0;0;0;0;0;1;2;0;0;0;6;1;2;0;0;2;0;0;0;0;1;0;0
66073;Estoher;76;66;0;0;0;0;0;0;0;0;0;0;0;0;0;0;0;0;0;0;0;0;0;0;0;0;0;0;0;2;2;0;0;0;0;0;0;0;0
66074;Eus;76;66;0;0;0;0;0;0;0;0;0;0;0;0;0;0;0;0;0;0;0;0;0;0;0;0;1;0;1;2;1;0;0;0;0;4;1;0;0
66075;Eyne;76;66;0;0;0;0;0;0;0;0;0;0;0;0;0;0;0;0;0;0;0;0;0;0;0;0;0;0;0;0;0;0;1;0;0;2;1;0;0
66076;Felluns;76;66;0;0;0;0;0;0;0;0;0;0;0;0;0;0;0;0;0;0;0;0;0;0;0;0;1;0;1;0;0;0;0;0;0;0;0;0;0
66077;Fenouillet;76;66;0;0;0;0;0;0;0;0;0;0;0;0;0;0;0;0;0;0;0;0;0;0;0;0;0;0;1;1;0;0;0;0;0;0;0;0;0
66078;Fillols;76;66;0;0;0;0;0;0;0;0;0;0;0;0;0;0;0;0;0;0;0;0;0;0;0;0;3;0;0;0;3;0;0;0;0;2;0;0;0
66079;Finestret;76;66;0;0;0;0;0;0;0;0;0;0;0;0;0;0;0;0;0;0;0;0;0;0;0;0;0;0;0;1;0;0;0;0;0;0;0;0;0
66080;Fontpédrouse;76;66;0;0;0;0;0;0;0;0;0;0;0;0;0;0;0;0;0;0;0;1;0;0;0;0;1;1;0;0;0;0;0;0;0;1;0;0;1
66081;Fontrabiouse;76;66;0;0;0;0;0;0;0;0;0;0;0;0;0;0;0;0;0;0;0;0;0;0;0;0;0;1;1;0;0;1;0;0;0;0;0;0;0
66082;Formiguères;76;66;0;1;0;0;0;0;0;0;0;0;0;0;0;0;0;1;0;1;0;0;1;0;0;0;6;2;2;1;1;1;0;0;0;5;0;0;0
66083;Fosse;76;66;0;0;0;0;0;0;0;0;0;0;0;0;0;0;0;0;0;0;0;0;0;0;0;0;1;0;0;0;1;0;0;0;0;0;0;0;0
66084;Fourques;76;66;0;0;0;0;0;0;0;0;0;0;0;0;0;0;0;1;0;1;0;0;2;0;0;0;2;0;5;1;1;1;1;0;0;1;2;0;0
66085;Fuilla;76;66;0;0;0;0;0;0;0;0;0;0;0;0;0;0;0;0;0;0;0;0;0;0;0;0;0;3;2;1;0;0;0;0;0;1;0;0;0
66086;Glorianes;76;66;0;0;0;0;0;0;0;0;0;0;0;0;0;0;0;0;0;0;0;0;0;0;0;0;0;0;0;0;0;0;0;0;0;0;0;0;0
66088;Ille-sur-Têt;76;66;0;1;0;0;0;0;0;0;0;0;1;0;1;0;0;4;1;1;0;0;5;1;1;2;19;9;10;16;4;1;12;2;0;19;5;1;8
66089;Joch;76;66;0;0;0;0;0;0;0;0;0;0;0;0;0;0;0;0;0;0;0;0;0;0;0;0;1;1;0;0;1;0;1;0;0;0;1;0;1
66090;Jujols;76;66;0;0;0;0;0;0;0;0;0;0;0;0;0;0;0;0;0;0;0;0;1;0;0;0;0;0;0;0;0;0;0;0;0;0;0;0;0
66091;Lamanère;76;66;0;0;0;0;0;0;0;0;0;0;0;0;0;0;0;0;0;0;0;0;0;0;0;0;0;0;0;0;0;0;0;0;0;1;0;0;0
66092;Lansac;76;66;0;0;0;0;0;0;0;0;0;0;0;0;0;0;0;1;0;0;0;0;0;0;0;0;1;0;0;0;0;1;0;0;0;0;0;0;0
66093;Laroque-des-Albères;76;66;0;0;0;0;0;0;0;0;0;0;0;0;0;0;0;1;0;1;0;0;4;1;0;1;8;1;5;2;5;3;3;0;0;11;8;0;1
66094;Latour-Bas-Elne;76;66;0;0;0;0;0;0;0;0;0;0;0;0;0;0;0;2;0;1;0;0;2;0;1;1;3;8;2;8;1;2;1;1;0;7;4;0;3
66095;Latour-de-Carol;76;66;0;0;0;0;0;0;0;0;0;0;0;0;0;0;0;0;0;0;0;1;0;0;0;0;3;1;2;0;0;2;0;0;0;1;0;0;0
66096;Latour-de-France;76;66;0;1;0;0;0;0;0;0;0;0;0;0;0;0;0;1;0;1;0;0;4;0;0;0;5;1;2;2;1;1;1;0;0;2;0;0;0
66097;Lesquerde;76;66;0;0;0;0;0;0;0;0;0;0;0;0;0;0;0;1;0;0;0;0;0;0;0;0;0;0;0;0;0;0;1;0;0;0;0;0;0
66098;La Llagonne;76;66;0;0;0;0;0;0;0;0;0;0;0;0;1;0;0;0;0;0;0;1;0;0;0;1;0;0;0;2;1;0;0;0;0;1;0;0;0
66099;Llauro;76;66;0;0;0;0;0;0;0;0;0;0;0;0;0;0;0;0;0;0;0;1;0;0;0;0;1;1;1;0;0;2;0;0;0;0;0;0;0
66100;Llo;76;66;0;0;0;0;0;0;0;0;0;0;0;0;0;0;0;0;0;0;0;0;0;0;0;0;1;0;1;0;1;0;0;0;0;2;0;0;1
66101;Llupia;76;66;0;0;0;0;0;0;0;0;0;0;0;0;0;0;0;0;1;0;0;0;2;1;0;0;5;4;3;4;2;2;6;0;0;6;2;0;2
66102;Mantet;76;66;0;0;0;0;0;0;0;0;0;0;0;0;0;0;0;0;0;0;0;0;0;0;0;0;0;0;0;0;0;0;0;0;0;2;0;0;0
66103;Marquixanes;76;66;0;0;0;0;0;0;0;0;0;0;0;0;0;0;0;0;0;0;0;1;1;0;0;0;1;0;0;3;1;0;0;0;0;1;1;0;0
66104;Los Masos;76;66;0;0;0;0;0;0;0;0;0;0;0;0;0;0;0;0;0;0;0;0;1;0;0;0;7;1;1;1;2;0;1;0;0;0;0;0;1
66105;Matemale;76;66;0;0;0;0;0;0;0;0;0;0;0;0;0;0;0;0;0;0;0;1;0;0;0;0;0;0;2;0;0;0;0;0;0;3;0;0;0
66106;Maureillas-las-Illas;76;66;0;0;0;0;0;0;0;0;0;0;0;0;0;0;0;1;0;1;0;0;5;0;0;1;8;3;5;5;1;0;3;0;0;8;2;0;3
66107;Maury;76;66;0;0;0;0;0;0;0;0;0;0;0;0;0;0;0;1;1;1;0;0;1;0;0;0;2;3;0;2;0;0;2;0;0;3;0;0;0
66108;Millas;76;66;0;1;0;0;0;0;0;0;0;0;1;0;0;0;0;2;1;1;0;0;4;1;0;1;13;12;10;11;3;0;10;0;0;8;4;1;1
66109;Molitg-les-Bains;76;66;0;0;0;0;0;0;0;0;0;0;0;0;0;0;0;0;0;0;0;1;0;0;0;0;0;1;1;0;1;0;0;0;0;3;0;0;0
66111;Montalba-le-Château;76;66;0;0;0;0;0;0;0;0;0;0;0;0;0;0;0;0;0;0;0;1;0;0;0;0;0;0;0;0;1;0;0;0;0;0;0;0;0
66112;Montauriol;76;66;0;0;0;0;0;0;0;0;0;0;0;0;0;0;0;0;0;0;0;0;0;0;0;0;2;1;0;0;1;0;1;0;0;2;0;0;0
66113;Montbolo;76;66;0;0;0;0;0;0;0;0;0;0;0;0;0;0;0;0;0;0;0;0;0;0;0;0;0;0;0;0;0;0;0;0;0;1;1;0;0
66114;Montescot;76;66;0;0;0;0;0;0;0;0;0;0;0;0;0;0;0;0;0;1;0;0;1;0;0;0;5;0;3;1;3;1;2;0;0;2;1;1;1
66115;Montesquieu-des-Albères;76;66;0;0;0;0;0;0;0;0;0;0;0;0;0;0;0;0;0;0;0;1;1;0;0;0;1;0;0;1;1;0;1;0;0;3;1;0;3
66116;Montferrer;76;66;0;0;0;0;0;0;0;0;0;0;0;0;0;0;0;0;0;0;0;1;0;0;0;0;1;0;0;0;1;0;0;0;0;1;0;0;0
66117;Mont-Louis;76;66;0;1;0;0;0;0;0;0;0;0;1;0;0;0;0;1;0;0;0;1;0;0;0;0;0;2;0;1;0;0;1;0;0;10;1;0;0
66118;Montner;76;66;0;0;0;0;0;0;0;0;0;0;0;0;0;0;0;1;0;0;0;1;0;0;0;0;0;0;1;0;0;0;0;0;0;2;0;0;0
66119;Mosset;76;66;0;0;0;0;0;0;0;0;0;0;0;0;0;0;0;0;0;0;0;1;1;0;0;0;1;1;3;1;1;0;0;0;0;2;0;0;0
66120;Nahuja;76;66;0;0;0;0;0;0;0;0;0;0;0;0;0;0;0;0;0;0;0;0;0;0;0;0;1;0;0;0;0;0;0;0;0;0;0;0;0
66121;Néfiach;76;66;0;0;0;0;0;0;0;0;0;0;0;0;0;0;0;0;0;1;0;0;0;0;0;0;3;1;2;1;1;0;3;0;0;2;2;0;1
66122;Nohèdes;76;66;0;0;0;0;0;0;0;0;0;0;0;0;0;0;0;0;0;0;0;0;0;0;0;0;0;0;0;1;0;0;0;0;0;0;0;0;0
66123;Nyer;76;66;0;0;0;0;0;0;0;0;0;0;0;0;0;0;0;0;0;0;0;1;0;0;0;0;0;0;0;0;2;0;0;0;0;0;0;0;0
66124;Font-Romeu-Odeillo-Via;76;66;0;1;0;0;0;0;0;0;0;0;0;0;0;0;0;2;0;1;1;0;2;0;0;1;9;3;3;4;4;3;4;0;0;22;11;1;3
66125;Olette;76;66;0;1;0;0;0;0;0;0;0;0;0;0;1;0;0;1;0;1;0;0;0;0;0;0;2;0;1;0;0;0;0;0;0;1;0;0;0
66126;Oms;76;66;0;0;0;0;0;0;0;0;0;0;0;0;0;0;0;0;0;0;0;1;0;0;0;0;1;0;0;0;1;0;0;0;0;0;0;0;0
66127;Opoul-Périllos;76;66;0;0;0;0;0;0;0;0;0;0;0;0;0;0;0;1;0;1;0;0;3;0;0;0;9;2;0;2;1;1;1;0;0;2;3;0;3
66128;Oreilla;76;66;0;0;0;0;0;0;0;0;0;0;0;0;0;0;0;0;0;0;0;0;0;0;0;0;0;0;0;0;0;0;0;0;0;0;0;0;0
66129;Ortaffa;76;66;0;0;0;0;0;0;0;0;0;0;0;0;0;0;0;1;0;0;0;1;1;0;0;0;4;9;1;4;2;0;3;0;0;6;0;0;0
66130;Osséja;76;66;0;0;0;0;0;0;0;0;0;0;0;0;0;0;0;1;0;1;0;0;1;1;0;0;10;6;5;5;1;2;2;0;0;3;0;0;0
66132;Palau-de-Cerdagne;76;66;0;0;0;0;0;0;0;0;0;0;0;0;0;0;0;0;0;0;0;0;0;0;0;0;4;2;1;0;2;1;2;0;0;1;2;0;0
66133;Palau-del-Vidre;76;66;0;0;0;0;0;0;0;0;0;0;0;0;0;0;0;1;0;1;0;0;4;0;0;1;13;6;6;4;1;0;6;0;0;6;2;0;2
66134;Passa;76;66;0;0;0;0;0;0;0;0;0;0;0;0;0;0;0;1;0;0;1;0;1;0;0;0;4;1;0;1;1;0;0;0;0;1;1;0;0
66136;Perpignan;76;66;1;0;0;1;1;1;1;1;0;0;19;3;0;0;0;78;19;13;0;2;214;17;30;38;372;239;116;180;148;73;225;18;37;639;295;27;116
66137;Le Perthus;76;66;0;1;0;0;0;0;0;0;0;0;0;0;0;0;0;1;0;1;0;0;0;0;0;0;1;1;2;0;1;0;0;0;0;8;0;0;1
66138;Peyrestortes;76;66;0;0;0;0;0;0;0;0;0;0;0;0;0;0;0;1;0;1;0;0;5;0;0;0;4;5;8;4;1;0;1;0;0;1;2;0;3
66139;Pézilla-de-Conflent;76;66;0;0;0;0;0;0;0;0;0;0;0;0;0;0;0;0;0;0;0;0;0;0;0;0;0;0;1;0;0;0;0;0;0;0;0;0;0
66140;Pézilla-la-Rivière;76;66;0;0;0;0;0;0;0;0;0;0;0;0;0;0;0;2;1;1;0;0;5;0;0;1;11;4;7;5;6;0;5;0;0;5;2;0;5
66141;Pia;76;66;0;0;0;0;0;0;0;0;0;0;0;0;0;0;0;2;3;1;0;0;24;0;0;1;27;60;22;18;19;2;9;3;0;12;8;0;9
66142;Planès;76;66;0;0;0;0;0;0;0;0;0;0;0;0;0;0;0;0;0;0;0;0;0;0;0;0;0;0;1;1;0;0;0;0;0;0;0;0;0
66143;Planèzes;76;66;0;0;0;0;0;0;0;0;0;0;0;0;0;0;0;0;0;0;0;0;0;0;0;0;0;0;0;0;0;0;0;0;0;0;0;0;0
66144;Pollestres;76;66;0;0;0;0;0;0;0;0;0;0;0;0;0;0;0;2;1;1;0;0;3;1;1;2;14;13;13;9;11;2;8;1;0;10;7;0;5
66145;Ponteilla;76;66;0;0;0;0;0;0;0;0;0;0;0;0;0;0;0;1;0;1;0;0;4;0;0;0;7;6;5;5;8;2;5;0;0;4;2;0;3
66146;Porta;76;66;0;0;0;0;0;0;0;0;0;0;0;0;0;0;0;0;1;0;0;0;0;0;0;0;0;0;0;0;0;0;0;0;0;1;0;0;0
66147;Porté-Puymorens;76;66;0;0;0;0;0;0;0;0;0;0;0;0;0;0;0;0;0;0;0;1;0;0;0;0;1;0;0;0;0;0;0;0;0;7;0;0;0
66148;Port-Vendres;76;66;0;1;0;0;0;0;0;0;0;0;1;0;0;0;0;6;2;1;0;0;2;0;1;1;6;10;4;5;4;3;6;0;0;32;10;1;3
66149;Prades;76;66;0;1;0;0;0;0;0;0;0;0;2;1;0;0;0;8;2;1;0;0;19;3;0;3;21;12;10;11;8;2;14;1;0;29;5;2;5
66150;Prats-de-Mollo-la-Preste;76;66;0;1;0;0;0;0;0;0;0;0;0;0;0;0;0;1;2;1;1;0;2;0;0;0;1;0;0;1;0;3;3;0;0;6;5;0;1
66151;Prats-de-Sournia;76;66;0;0;0;0;0;0;0;0;0;0;0;0;0;0;0;0;0;0;0;1;0;0;0;0;1;1;0;0;1;0;1;0;0;0;0;0;0
66152;Prugnanes;76;66;0;0;0;0;0;0;0;0;0;0;0;0;0;0;0;0;0;0;0;0;0;0;0;0;0;0;0;0;1;0;1;0;0;0;0;0;0
66153;Prunet-et-Belpuig;76;66;0;0;0;0;0;0;0;0;0;0;0;0;0;0;0;0;0;0;0;0;0;0;0;0;1;0;0;0;0;0;0;0;0;0;0;0;0
66154;Puyvalador;76;66;0;0;0;0;0;0;0;0;0;0;0;0;0;0;0;0;0;0;0;0;0;0;0;0;0;0;0;0;0;0;0;0;0;0;0;0;0
66155;Py;76;66;0;0;0;0;0;0;0;0;0;0;0;0;0;0;0;0;0;0;0;0;0;0;0;0;0;0;0;0;0;0;0;0;0;1;0;0;0
66156;Rabouillet;76;66;0;0;0;0;0;0;0;0;0;0;0;0;0;0;0;0;0;0;0;0;0;0;0;0;0;0;0;0;0;0;0;0;0;1;0;0;0
66157;Railleu;76;66;0;0;0;0;0;0;0;0;0;0;0;0;0;0;0;0;0;0;0;0;0;0;0;0;0;0;0;0;0;0;0;0;0;0;0;0;0
66158;Rasiguères;76;66;0;0;0;0;0;0;0;0;0;0;0;0;0;0;0;1;0;0;0;0;0;0;0;0;0;0;0;0;2;0;1;0;0;1;0;0;0
66159;Réal;76;66;0;0;0;0;0;0;0;0;0;0;0;0;0;0;0;0;0;0;0;0;0;0;0;0;0;0;0;0;0;0;0;0;0;1;0;0;0
66160;Reynès;76;66;0;0;0;0;0;0;0;0;0;0;0;0;0;0;0;0;0;0;0;1;4;0;0;0;6;2;3;1;2;1;3;0;0;6;2;0;2
66161;Ria-Sirach;76;66;0;0;0;0;0;0;0;0;0;0;0;0;0;0;0;0;0;1;0;0;2;0;0;0;9;1;0;1;2;1;3;0;0;2;0;0;1
66162;Rigarda;76;66;0;0;0;0;0;0;0;0;0;0;0;0;0;0;0;0;0;0;0;0;1;0;0;0;1;4;0;0;0;0;1;0;0;0;1;0;0
66164;Rivesaltes;76;66;0;1;0;0;0;0;0;0;0;0;1;0;0;0;0;6;2;1;0;0;20;4;0;3;34;33;27;7;18;7;23;2;0;33;15;3;12
66165;Rodès;76;66;0;0;0;0;0;0;0;0;0;0;0;0;0;0;0;0;0;0;0;1;2;0;0;0;4;1;0;2;2;2;0;0;0;2;0;0;0
66166;Sahorre;76;66;0;0;0;0;0;0;0;0;0;0;0;0;0;0;0;0;0;0;0;1;1;0;0;0;1;1;0;0;1;0;0;0;0;1;1;0;0
66167;Saillagouse;76;66;0;1;0;0;0;0;0;0;0;0;1;0;1;0;0;2;0;1;0;0;4;1;0;1;7;3;6;4;3;3;1;0;0;5;2;1;0
66168;Saint-André;76;66;0;0;0;0;0;0;0;0;0;0;0;0;0;0;0;2;0;1;0;0;4;0;0;1;7;3;2;6;3;2;5;0;0;6;6;0;2
66169;Saint-Arnac;76;66;0;0;0;0;0;0;0;0;0;0;0;0;0;0;0;0;0;0;0;0;0;0;0;0;1;0;0;0;1;1;0;0;0;0;0;0;0
66170;Sainte-Colombe-de-la-Commanderie;76;66;0;0;0;0;0;0;0;0;0;0;0;0;0;0;0;1;0;0;0;0;0;0;0;0;0;0;0;0;0;0;0;0;0;0;0;0;0
66171;Saint-Cyprien;76;66;0;1;0;0;0;0;0;0;0;0;0;0;0;0;0;6;1;2;0;0;9;0;0;5;36;28;17;19;14;1;27;1;0;129;50;4;16
66172;Saint-Estève;76;66;0;1;0;0;0;0;0;0;0;0;1;0;0;0;0;9;1;1;0;0;26;2;1;5;31;33;27;26;17;4;17;7;0;21;14;4;12
66173;Saint-Féliu-d'Amont;76;66;0;0;0;0;0;0;0;0;0;0;0;0;0;0;0;1;0;1;0;0;1;0;0;0;2;1;0;1;0;0;2;0;0;0;0;0;0
66174;Saint-Féliu-d'Avall;76;66;0;0;0;0;0;0;0;0;0;0;0;0;0;0;0;1;0;1;0;0;4;0;0;0;10;5;4;7;4;1;2;0;0;5;2;0;3
66175;Saint-Génis-des-Fontaines;76;66;0;1;0;0;0;0;0;0;0;0;0;0;0;0;0;2;0;1;0;0;6;0;1;1;6;5;3;6;6;1;7;2;0;5;4;0;2
66176;Saint-Hippolyte;76;66;0;0;0;0;0;0;0;0;0;0;0;0;0;0;0;1;0;1;0;0;3;0;0;0;9;4;9;7;4;0;3;0;0;5;6;0;3
66177;Saint-Jean-Lasseille;76;66;0;0;0;0;0;0;0;0;0;0;0;0;0;0;0;1;0;0;0;1;1;0;0;0;8;3;4;1;2;0;1;0;0;2;1;0;2
66178;Saint-Jean-Pla-de-Corts;76;66;0;0;0;0;0;0;0;0;0;0;0;0;0;0;0;1;0;1;0;0;2;0;1;0;12;6;2;2;4;3;3;0;0;10;0;0;4
66179;Saint-Laurent-de-Cerdans;76;66;0;0;0;0;0;0;0;0;0;0;0;0;0;0;0;1;1;1;0;0;1;0;0;0;5;3;0;2;0;1;2;0;0;2;1;0;0
66180;Saint-Laurent-de-la-Salanque;76;66;0;1;0;0;0;0;0;0;0;0;1;0;0;0;0;6;2;1;0;0;9;1;0;2;30;13;16;18;11;4;21;2;1;29;20;2;9
66181;Sainte-Léocadie;76;66;0;0;0;0;0;0;0;0;0;0;0;0;0;0;0;0;0;0;0;0;0;0;0;1;0;0;1;0;1;1;0;0;0;1;0;0;0
66182;Sainte-Marie;76;66;0;0;0;0;0;0;0;0;0;0;0;0;0;0;0;2;1;1;0;0;11;1;0;2;14;10;5;7;13;2;10;0;0;44;13;2;6
66183;Saint-Marsal;76;66;0;0;0;0;0;0;0;0;0;0;0;0;0;0;0;0;0;0;0;1;0;0;0;0;1;0;0;1;0;0;0;0;0;1;0;0;0
66184;Saint-Martin-de-Fenouillet;76;66;0;0;0;0;0;0;0;0;0;0;0;0;0;0;0;0;0;0;0;0;0;0;0;0;0;0;0;0;0;0;0;0;0;0;0;0;0
66185;Saint-Michel-de-Llotes;76;66;0;0;0;0;0;0;0;0;0;0;0;0;0;0;0;0;0;0;0;0;0;0;0;0;3;1;2;1;2;0;0;0;0;0;0;0;1
66186;Saint-Nazaire;76;66;0;0;0;0;0;0;0;0;0;0;0;0;0;0;0;1;0;1;0;0;5;0;0;1;3;3;6;2;7;0;4;0;0;4;4;0;3
66187;Saint-Paul-de-Fenouillet;76;66;0;1;0;0;0;0;0;0;0;0;1;0;0;0;0;3;0;1;0;0;4;0;0;1;8;4;5;2;8;0;3;0;0;5;1;0;3
66188;Saint-Pierre-dels-Forcats;76;66;0;0;0;0;0;0;0;0;0;0;0;0;0;0;0;0;0;0;0;0;1;0;0;0;0;2;1;0;2;1;0;0;0;4;0;0;1
66189;Saleilles;76;66;0;0;0;0;0;0;0;0;0;0;0;0;0;0;0;2;1;1;0;0;12;0;0;2;15;14;9;16;12;2;8;0;0;13;8;1;7
66190;Salses-le-Château;76;66;0;0;0;0;0;0;0;0;0;0;0;0;0;0;0;2;0;1;0;0;5;0;0;1;4;12;4;6;4;3;4;0;0;6;0;0;2
66191;Sansa;76;66;0;0;0;0;0;0;0;0;0;0;0;0;0;0;0;0;0;0;0;0;0;0;0;0;0;0;0;1;0;0;0;0;0;0;0;0;0
66192;Sauto;76;66;0;0;0;0;0;0;0;0;0;0;0;0;0;0;0;0;0;0;0;0;1;0;0;0;1;0;1;0;0;0;0;0;0;0;0;0;0
66193;Serdinya;76;66;0;0;0;0;0;0;0;0;0;0;0;0;0;0;0;0;0;0;0;1;0;0;0;0;0;1;0;0;0;0;0;0;0;2;0;0;0
66194;Serralongue;76;66;0;0;0;0;0;0;0;0;0;0;0;0;0;0;0;0;1;0;0;1;0;0;0;0;0;2;0;0;2;0;0;0;0;0;0;0;0
66195;Le Soler;76;66;0;1;0;0;0;0;0;0;0;0;0;0;0;0;0;3;1;1;0;0;19;1;0;2;21;21;17;10;11;1;13;1;0;17;16;1;9
66196;Sorède;76;66;0;0;0;0;0;0;0;0;0;0;0;0;0;0;0;2;0;1;0;0;2;0;0;0;4;8;4;10;2;0;3;0;0;10;6;0;2
66197;Souanyas;76;66;0;0;0;0;0;0;0;0;0;0;0;0;0;0;0;0;0;0;0;0;0;0;0;0;0;1;0;0;0;0;0;0;0;0;0;0;0
66198;Sournia;76;66;0;1;0;0;0;0;0;0;0;0;0;0;1;0;0;1;0;0;0;1;0;0;0;0;1;3;0;0;1;0;0;0;0;1;1;0;0
66199;Taillet;76;66;0;0;0;0;0;0;0;0;0;0;0;0;0;0;0;0;0;0;0;0;1;0;0;0;0;0;0;0;0;0;0;0;0;0;0;0;0
66201;Tarerach;76;66;0;0;0;0;0;0;0;0;0;0;0;0;0;0;0;1;0;0;0;0;0;0;0;0;0;0;0;1;0;0;1;0;0;0;0;0;0
66202;Targassonne;76;66;0;0;0;0;0;0;0;0;0;0;0;0;0;0;0;0;0;0;0;0;0;0;0;0;0;1;1;1;1;0;0;2;0;0;0;0;0
66203;Taulis;76;66;0;0;0;0;0;0;0;0;0;0;0;0;0;0;0;0;0;0;0;0;0;0;0;0;0;0;0;0;0;0;0;0;0;2;0;0;0
66204;Taurinya;76;66;0;0;0;0;0;0;0;0;0;0;0;0;0;0;0;0;0;0;0;0;0;0;0;0;2;0;1;3;0;0;1;0;0;2;1;0;0
66205;Tautavel;76;66;0;0;0;0;0;0;0;0;0;0;0;0;1;0;0;1;1;1;0;0;4;0;0;0;3;1;1;2;0;0;3;0;0;9;1;0;0
66206;Le Tech;76;66;0;0;0;0;0;0;0;0;0;0;0;0;0;0;0;0;0;0;0;1;1;0;0;0;0;0;0;0;0;0;0;0;0;0;0;0;0
66207;Terrats;76;66;0;0;0;0;0;0;0;0;0;0;0;0;0;0;0;1;0;0;0;1;0;0;0;0;2;0;2;1;0;0;0;0;0;0;1;0;2
66208;Théza;76;66;0;0;0;0;0;0;0;0;0;0;0;0;0;0;0;1;0;1;0;0;4;0;0;0;2;4;4;3;2;2;4;0;0;4;2;0;1
66209;Thuès-Entre-Valls;76;66;0;0;0;0;0;0;0;0;0;0;0;0;0;0;0;0;0;0;0;1;0;0;0;0;1;0;0;0;0;0;0;0;0;1;0;0;0
66210;Thuir;76;66;0;1;0;0;0;0;0;0;0;0;1;0;0;0;0;6;1;1;0;0;14;1;0;3;13;14;9;10;11;3;15;4;0;24;11;3;7
66211;Tordères;76;66;0;0;0;0;0;0;0;0;0;0;0;0;0;0;0;0;0;0;0;0;1;0;0;1;2;0;0;0;1;0;0;0;0;1;0;0;0
66212;Torreilles;76;66;0;0;0;0;0;0;0;0;0;0;0;0;0;0;0;1;1;1;0;0;3;0;0;2;16;7;9;9;6;1;4;0;0;26;6;1;4
66213;Toulouges;76;66;0;0;0;0;0;0;0;0;0;0;0;0;0;0;0;4;2;1;0;0;10;1;0;2;18;16;15;11;20;0;14;0;0;11;11;0;3
66214;Tresserre;76;66;0;0;0;0;0;0;0;0;0;0;0;0;0;0;0;0;0;0;0;1;1;0;0;0;8;4;0;3;0;1;1;0;0;2;3;0;0
66215;Trévillach;76;66;0;0;0;0;0;0;0;0;0;0;0;0;0;0;0;1;0;0;0;0;0;0;0;0;0;1;0;1;0;0;0;0;0;0;0;0;0
66216;Trilla;76;66;0;0;0;0;0;0;0;0;0;0;0;0;0;0;0;0;0;0;0;0;0;0;0;0;0;0;0;0;0;0;0;0;0;0;0;0;0
66217;Trouillas;76;66;0;0;0;0;0;0;0;0;0;0;0;0;0;0;0;1;0;0;0;1;3;0;0;0;6;7;2;5;5;1;6;0;0;2;1;0;1
66218;Ur;76;66;0;0;0;0;0;0;0;0;0;0;0;0;0;0;0;0;1;0;0;1;3;0;0;0;1;0;0;1;1;0;0;0;0;2;0;0;1
66219;Urbanya;76;66;0;0;0;0;0;0;0;0;0;0;0;0;0;0;0;0;0;0;0;0;0;0;0;0;0;0;0;0;0;0;0;0;0;0;0;0;0
66220;Valcebollère;76;66;0;0;0;0;0;0;0;0;0;0;0;0;0;0;0;0;0;0;0;0;0;0;0;0;0;0;0;0;0;0;0;0;0;0;0;0;0
66221;Valmanya;76;66;0;0;0;0;0;0;0;0;0;0;0;0;0;0;0;0;0;0;0;0;0;0;0;0;0;0;0;0;0;0;0;0;0;0;0;0;0
66222;Vernet-les-Bains;76;66;0;1;0;0;0;0;0;0;0;0;0;0;0;0;0;2;1;1;0;0;2;0;0;1;8;2;3;5;4;0;3;0;0;11;1;0;1
66223;Villefranche-de-Conflent;76;66;0;0;0;0;0;0;0;0;0;0;0;0;0;0;0;0;0;0;0;1;0;0;0;0;0;0;0;0;1;0;0;0;0;15;0;0;0
66224;Villelongue-de-la-Salanque;76;66;0;0;0;0;0;0;0;0;0;0;0;0;0;0;0;2;0;1;0;0;5;0;1;1;9;10;5;6;11;1;5;0;0;5;5;0;5
66225;Villelongue-dels-Monts;76;66;0;0;0;0;0;0;0;0;0;0;0;0;0;0;0;0;1;1;0;0;1;0;0;0;10;5;6;5;3;1;2;1;0;3;0;0;0
66226;Villemolaque;76;66;0;0;0;0;0;0;0;0;0;0;0;0;0;0;0;1;0;1;0;0;5;0;0;1;5;5;1;4;2;0;1;0;0;2;2;0;1
66227;Villeneuve-de-la-Raho;76;66;0;0;0;0;0;0;0;0;0;0;0;0;0;0;0;2;0;1;0;0;6;1;0;1;13;15;9;6;14;4;5;0;0;15;6;1;7
66228;Villeneuve-la-Rivière;76;66;0;0;0;0;0;0;0;0;0;0;0;0;0;0;0;1;0;0;0;1;1;0;0;0;4;5;1;1;1;0;1;0;0;0;1;0;2
66230;Vinça;76;66;0;0;0;0;0;0;0;0;0;0;0;0;0;0;0;3;0;1;0;0;2;0;0;0;8;2;4;3;1;0;4;0;0;8;5;0;2
66231;Vingrau;76;66;0;0;0;0;0;0;0;0;0;0;0;0;0;0;0;1;0;0;0;1;0;0;0;1;3;0;0;0;0;0;0;0;0;2;0;0;0
66232;Vira;76;66;0;0;0;0;0;0;0;0;0;0;0;0;0;0;0;0;0;0;0;0;0;0;0;0;0;0;0;0;0;0;0;0;0;0;0;0;0
66233;Vivès;76;66;0;0;0;0;0;0;0;0;0;0;0;0;0;0;0;0;0;0;0;0;0;0;0;0;2;0;0;0;0;0;0;0;0;2;0;0;0
66234;Le Vivier;76;66;0;0;0;0;0;0;0;0;0;0;0;0;0;0;0;1;0;0;0;0;1;0;0;0;1;1;0;0;1;0;0;0;0;0;0;0;0
67001;Achenheim;44;67;0;0;0;0;0;0;0;0;0;0;0;0;0;0;0;1;0;0;0;1;2;0;0;0;2;1;1;2;6;0;3;0;0;2;2;0;1
67002;Adamswiller;44;67;0;0;0;0;0;0;0;0;0;0;0;0;0;0;0;0;0;0;1;0;0;0;0;0;0;1;1;1;1;0;2;0;0;1;0;0;0
67003;Albé;44;67;0;0;0;0;0;0;0;0;0;0;0;0;0;0;0;0;0;0;0;0;0;0;0;0;1;1;5;2;0;0;1;0;0;1;0;0;0
67004;Sommerau;44;67;0;0;0;0;0;0;0;0;0;0;0;0;0;0;0;0;0;0;0;0;4;0;0;0;1;1;5;4;1;0;1;0;0;1;0;0;0
67005;Alteckendorf;44;67;0;0;0;0;0;0;0;0;0;0;0;0;0;0;0;0;0;0;0;1;0;0;0;0;0;1;1;1;1;0;1;0;0;1;1;0;0
67006;Altenheim;44;67;0;0;0;0;0;0;0;0;0;0;0;0;0;0;0;0;0;0;0;0;0;0;0;0;0;0;0;0;0;0;0;0;0;0;0;0;0
67008;Altorf;44;67;0;0;0;0;0;0;0;0;0;0;0;0;0;0;0;1;0;0;0;0;2;0;0;0;5;4;1;3;1;0;2;0;0;1;3;0;1
67009;Altwiller;44;67;0;0;0;0;0;0;0;0;0;0;0;0;0;0;0;0;0;0;0;0;1;0;0;0;0;0;1;0;0;0;1;0;0;3;1;0;1
67010;Andlau;44;67;0;0;0;0;0;0;0;0;0;0;0;0;0;0;0;1;0;1;0;0;2;0;0;1;2;4;1;3;3;1;2;0;0;8;2;0;4
67011;Artolsheim;44;67;0;0;0;0;0;0;0;0;0;0;0;0;0;0;0;1;0;0;0;1;0;0;0;0;2;3;2;0;0;0;1;0;0;0;3;0;2
67012;Aschbach;44;67;0;0;0;0;0;0;0;0;0;0;0;0;0;0;0;0;0;0;0;0;2;0;0;0;1;0;3;0;1;0;0;0;0;0;2;0;1
67013;Asswiller;44;67;0;0;0;0;0;0;0;0;0;0;0;0;0;0;0;0;0;0;0;0;0;0;0;0;0;2;0;2;0;0;0;0;0;0;0;0;0
67014;Auenheim;44;67;0;0;0;0;0;0;0;0;0;0;0;0;0;0;0;1;0;0;0;0;1;0;0;0;1;1;2;1;1;1;1;0;0;2;1;0;0
67016;Avolsheim;44;67;0;0;0;0;0;0;0;0;0;0;0;0;0;0;0;0;0;0;0;0;1;0;0;0;0;0;1;1;1;0;1;0;0;3;0;0;0
67017;Baerendorf;44;67;0;0;0;0;0;0;0;0;0;0;0;0;0;0;0;0;0;0;0;0;0;0;0;0;0;0;0;1;0;0;0;0;0;0;0;0;1
67018;Balbronn;44;67;0;0;0;0;0;0;0;0;0;0;0;0;0;0;0;0;0;0;1;0;0;0;0;0;1;1;1;2;0;0;0;0;0;2;0;0;0
67019;Baldenheim;44;67;0;0;0;0;0;0;0;0;0;0;0;0;0;0;0;1;0;0;1;0;3;0;0;0;0;2;2;2;1;1;1;0;0;2;0;0;0
67020;Barembach;44;67;0;0;0;0;0;0;0;0;0;0;0;0;0;0;0;0;1;0;0;0;2;0;0;0;1;2;2;0;0;0;0;0;0;0;2;0;1
67021;Barr;44;67;0;1;0;0;0;0;0;0;0;1;0;0;0;0;0;6;1;1;0;0;16;0;0;4;14;10;9;13;12;4;9;3;0;26;12;2;7
67022;Bassemberg;44;67;0;0;0;0;0;0;0;0;0;0;0;0;0;0;0;0;0;0;0;0;0;0;0;0;0;0;0;2;0;0;0;0;0;1;0;0;0
67023;Batzendorf;44;67;0;0;0;0;0;0;0;0;0;0;0;0;0;0;0;1;0;0;0;0;1;0;0;0;1;1;1;2;1;0;0;0;0;1;0;0;0
67025;Beinheim;44;67;0;0;0;0;0;0;0;0;0;0;0;0;0;0;0;1;0;0;1;0;4;0;0;1;0;0;5;6;3;0;3;0;0;10;0;0;2
67026;Bellefosse;44;67;0;0;0;0;0;0;0;0;0;0;0;0;0;0;0;0;0;0;0;0;0;0;0;0;0;0;0;0;0;0;0;0;0;2;0;0;0
67027;Belmont;44;67;0;0;0;0;0;0;0;0;0;0;0;0;0;0;0;0;0;0;0;0;0;0;0;0;0;0;0;0;0;0;0;0;0;0;0;0;0
67028;Benfeld;44;67;0;1;0;0;0;0;0;0;0;1;0;0;0;0;0;7;0;1;0;0;14;1;0;3;7;13;6;15;9;1;11;1;0;14;7;2;4
67029;Berg;44;67;0;0;0;0;0;0;0;0;0;0;0;0;0;0;0;0;0;0;0;0;0;0;0;0;1;0;2;0;0;0;0;0;0;2;0;0;0
67030;Bergbieten;44;67;0;0;0;0;0;0;0;0;0;0;0;0;0;0;0;0;0;0;0;0;1;0;0;0;1;3;2;0;0;0;1;0;0;0;2;0;0
67031;Bernardswiller;44;67;0;0;0;0;0;0;0;0;0;0;0;0;0;0;0;1;1;0;0;0;2;0;0;0;2;3;4;5;5;0;2;1;0;1;1;0;0
67032;Bernardvillé;44;67;0;0;0;0;0;0;0;0;0;0;0;0;0;0;0;0;0;0;0;0;0;0;0;0;0;1;0;1;0;1;0;0;0;0;0;0;0
67033;Bernolsheim;44;67;0;0;0;0;0;0;0;0;0;0;0;0;0;0;0;0;0;0;0;0;0;0;0;0;1;0;2;0;0;0;1;0;0;3;1;3;1
67034;Berstett;44;67;0;0;0;0;0;0;0;0;0;0;0;0;0;0;0;0;0;0;0;0;1;0;0;0;2;0;3;3;0;1;0;0;0;4;2;0;2
67035;Berstheim;44;67;0;0;0;0;0;0;0;0;0;0;0;0;0;0;0;0;0;0;0;0;0;0;0;0;0;1;1;2;1;0;2;0;0;0;0;0;0
67036;Bettwiller;44;67;0;0;0;0;0;0;0;0;0;0;0;0;0;0;0;0;0;0;0;0;0;0;0;0;1;0;0;1;0;0;0;0;0;0;1;0;0
67037;Biblisheim;44;67;0;0;0;0;0;0;0;0;0;0;0;0;0;0;0;0;0;0;0;0;1;0;0;0;0;0;1;0;0;0;0;1;0;0;0;0;0
67038;Bietlenheim;44;67;0;0;0;0;0;0;0;0;0;0;0;0;0;0;0;0;0;0;0;0;0;0;0;0;0;0;1;0;0;0;0;0;0;1;0;0;0
67039;Bilwisheim;44;67;0;0;0;0;0;0;0;0;0;0;0;0;0;0;0;0;0;0;0;0;1;0;0;0;0;0;2;1;0;0;0;0;0;1;0;0;0
67040;Bindernheim;44;67;0;0;0;0;0;0;0;0;0;0;0;0;0;0;0;1;0;0;0;0;1;0;0;0;1;1;4;1;1;0;1;0;0;0;0;0;0
67043;Bischheim;44;67;0;0;0;0;0;0;0;0;0;0;0;0;0;0;0;3;4;1;0;0;35;1;1;7;23;44;15;20;14;2;24;1;0;47;16;2;7
67044;Bischholtz;44;67;0;0;0;0;0;0;0;0;0;0;0;0;0;0;0;0;0;0;0;0;0;0;0;0;0;1;0;0;1;0;0;0;0;0;0;0;1
67045;Bischoffsheim;44;67;0;0;0;0;0;0;0;0;0;0;0;0;0;0;0;1;0;1;0;0;8;0;0;0;6;5;5;8;5;0;5;0;0;5;8;0;4
67046;Bischwiller;44;67;0;1;0;0;0;0;0;0;0;1;0;0;0;0;0;6;2;1;0;0;19;1;0;3;23;33;13;9;11;3;11;0;0;35;6;1;3
67047;Bissert;44;67;0;0;0;0;0;0;0;0;0;0;0;0;0;0;0;0;0;0;0;0;0;0;0;0;1;0;0;0;0;0;0;0;0;1;0;0;0
67048;Bitschhoffen;44;67;0;0;0;0;0;0;0;0;0;0;0;0;0;0;0;0;0;0;0;0;0;0;0;0;3;0;3;0;0;0;0;0;0;0;2;0;3
67049;Blaesheim;44;67;0;0;0;0;0;0;0;0;0;0;0;0;0;0;0;1;0;0;1;0;1;0;0;0;0;1;1;1;1;0;1;0;0;2;1;1;2
67050;Blancherupt;44;67;0;0;0;0;0;0;0;0;0;0;0;0;0;0;0;0;0;0;0;0;0;0;0;0;0;0;0;0;0;0;0;0;0;0;0;0;0
67051;Blienschwiller;44;67;0;0;0;0;0;0;0;0;0;0;0;0;0;0;0;0;0;0;0;0;0;0;0;0;0;0;1;0;1;0;0;0;0;1;0;0;1
67052;Boersch;44;67;0;0;0;0;0;0;0;0;0;0;0;0;0;0;0;1;0;0;1;0;2;0;0;0;3;4;6;5;1;0;2;0;0;6;2;1;0
67053;Boesenbiesen;44;67;0;0;0;0;0;0;0;0;0;0;0;0;0;0;0;0;0;0;0;0;0;0;0;0;1;0;1;1;0;0;0;0;0;0;0;0;0
67054;Bolsenheim;44;67;0;0;0;0;0;0;0;0;0;0;0;0;0;0;0;0;0;0;0;0;0;0;0;0;1;0;0;2;1;0;0;0;0;0;0;0;1
67055;Boofzheim;44;67;0;0;0;0;0;0;0;0;0;0;0;0;0;0;0;1;0;0;1;0;4;0;0;0;0;2;1;2;1;1;0;0;0;3;0;0;2
67056;Bootzheim;44;67;0;0;0;0;0;0;0;0;0;0;0;0;0;0;0;0;0;0;0;0;1;0;0;0;1;0;2;1;2;1;0;0;0;3;0;0;1
67057;Bosselshausen;44;67;0;0;0;0;0;0;0;0;0;0;0;0;0;0;0;0;0;0;0;0;0;0;0;0;0;0;0;0;0;0;0;0;0;0;1;0;0
67058;Bossendorf;44;67;0;0;0;0;0;0;0;0;0;0;0;0;0;0;0;0;0;0;0;0;0;0;0;0;1;1;0;0;0;0;1;0;0;0;0;0;1
67059;Bourg-Bruche;44;67;0;0;0;0;0;0;0;0;0;0;0;0;0;0;0;0;0;0;0;1;0;0;0;0;0;1;1;0;1;0;0;0;0;2;1;0;0
67060;Bourgheim;44;67;0;0;0;0;0;0;0;0;0;0;0;0;0;0;0;0;0;0;0;0;3;0;0;0;2;1;0;1;2;0;3;0;0;1;1;0;1
67061;Bouxwiller;44;67;0;1;0;0;0;0;0;0;0;1;0;0;0;0;0;3;1;1;0;0;9;1;0;3;4;7;4;3;4;0;7;0;0;17;2;1;4
67062;Breitenau;44;67;0;0;0;0;0;0;0;0;0;0;0;0;0;0;0;0;0;0;0;0;0;0;0;0;0;0;1;0;0;0;0;0;0;0;0;0;0
67063;Breitenbach;44;67;0;0;0;0;0;0;0;0;0;0;0;0;0;0;0;0;0;0;0;1;0;0;0;0;2;2;6;2;2;0;1;0;0;1;0;0;0
67065;Breuschwickersheim;44;67;0;0;0;0;0;0;0;0;0;0;0;0;0;0;0;1;0;0;0;1;2;0;0;0;1;1;2;2;2;0;3;0;0;3;1;0;2
67066;La Broque;44;67;0;0;0;0;0;0;0;0;0;0;0;0;0;0;0;1;0;0;0;0;2;0;0;0;0;4;4;9;3;0;3;0;0;9;4;1;2
67067;Brumath;44;67;0;1;0;0;0;0;0;0;0;1;0;0;0;0;0;9;2;1;0;0;13;1;0;3;15;32;11;17;15;2;11;4;4;31;14;0;11
67068;Buswiller;44;67;0;0;0;0;0;0;0;0;0;0;0;0;0;0;0;0;0;0;0;0;0;0;0;0;0;0;0;1;0;0;0;0;0;0;0;0;0
67069;Buhl;44;67;0;0;0;0;0;0;0;0;0;0;0;0;0;0;0;0;0;0;0;0;0;0;0;0;2;1;1;0;1;0;0;0;0;0;0;0;0
67070;Burbach;44;67;0;0;0;0;0;0;0;0;0;0;0;0;0;0;0;0;0;0;0;0;0;0;0;0;0;1;1;2;1;0;1;0;0;2;0;0;0
67071;Bust;44;67;0;0;0;0;0;0;0;0;0;0;0;0;0;0;0;0;0;0;0;0;3;0;0;0;0;0;1;0;0;0;0;0;0;0;1;0;0
67072;Butten;44;67;0;0;0;0;0;0;0;0;0;0;0;0;0;0;0;0;1;0;0;0;0;0;0;0;0;0;2;2;0;0;0;0;0;1;0;0;0
67073;Châtenois;44;67;0;0;0;0;0;0;0;0;0;0;0;0;0;0;0;2;0;1;0;0;4;1;1;3;4;4;13;5;2;0;4;1;0;13;5;1;3
67074;Cleebourg;44;67;0;0;0;0;0;0;0;0;0;0;0;0;0;0;0;0;0;0;1;0;1;0;0;0;0;1;1;1;2;0;2;0;0;2;1;0;1
67075;Climbach;44;67;0;0;0;0;0;0;0;0;0;0;0;0;0;0;0;0;0;0;0;0;0;0;0;0;0;2;2;0;0;0;1;0;0;1;0;0;0
67076;Colroy-la-Roche;44;67;0;0;0;0;0;0;0;0;0;0;0;0;0;0;0;0;0;0;0;0;1;0;0;0;0;0;0;1;0;0;0;0;0;1;0;0;1
67077;Cosswiller;44;67;0;0;0;0;0;0;0;0;0;0;0;0;0;0;0;0;0;0;0;0;2;0;0;0;0;0;1;2;0;0;0;0;0;0;2;0;0
67078;Crastatt;44;67;0;0;0;0;0;0;0;0;0;0;0;0;0;0;0;0;0;0;0;0;2;0;0;0;0;0;0;0;0;0;0;0;0;0;0;0;0
67079;Croettwiller;44;67;0;0;0;0;0;0;0;0;0;0;0;0;0;0;0;0;0;0;0;0;0;0;0;0;0;0;1;0;0;0;0;0;0;0;0;0;0
67080;Dachstein;44;67;0;0;0;0;0;0;0;0;0;0;0;0;0;0;0;0;0;0;0;0;5;0;0;0;1;3;2;1;1;0;2;0;0;3;2;0;3
67081;Dahlenheim;44;67;0;0;0;0;0;0;0;0;0;0;0;0;0;0;0;0;0;0;0;0;0;0;0;0;2;1;2;0;0;0;2;0;0;1;2;0;0
67082;Dalhunden;44;67;0;0;0;0;0;0;0;0;0;0;0;0;0;0;0;1;0;0;0;0;1;0;0;0;2;2;1;2;1;0;2;0;0;2;2;0;3
67083;Dambach;44;67;0;0;0;0;0;0;0;0;0;0;0;0;0;0;0;1;0;0;0;1;0;0;0;0;1;0;1;0;1;0;0;2;0;2;0;0;0
67084;Dambach-la-Ville;44;67;0;0;0;0;0;0;0;0;0;0;0;0;0;0;0;2;0;1;0;0;3;0;0;1;2;0;4;4;2;0;4;0;0;4;0;0;1
67085;Dangolsheim;44;67;0;0;0;0;0;0;0;0;0;0;0;0;0;0;0;0;0;0;0;0;0;0;0;0;1;1;1;1;2;0;0;0;0;1;1;0;0
67086;Daubensand;44;67;0;0;0;0;0;0;0;0;0;0;0;0;0;0;0;0;0;0;0;0;0;0;0;0;0;1;4;0;0;0;0;0;0;0;0;0;0
67087;Dauendorf;44;67;0;0;0;0;0;0;0;0;0;0;0;0;0;0;0;1;0;0;1;0;0;0;0;0;1;0;5;3;2;0;1;0;0;2;1;0;0
67088;Dehlingen;44;67;0;0;0;0;0;0;0;0;0;0;0;0;0;0;0;0;0;0;0;0;0;0;0;0;0;1;1;0;1;0;0;0;0;0;0;0;0
67089;Dettwiller;44;67;0;0;0;0;0;0;0;0;0;0;0;0;0;0;0;3;0;1;0;0;4;0;0;1;4;4;3;5;2;1;5;0;0;8;1;0;1
67090;Diebolsheim;44;67;0;0;0;0;0;0;0;0;0;0;0;0;0;0;0;0;0;0;0;0;0;0;0;0;1;0;0;0;0;0;1;0;0;1;1;0;2
67091;Diedendorf;44;67;0;0;0;0;0;0;0;0;0;0;0;0;0;0;0;0;0;0;0;0;0;0;0;0;1;0;3;1;0;0;1;0;0;0;0;0;0
67092;Dieffenbach-au-Val;44;67;0;0;0;0;0;0;0;0;0;0;0;0;0;0;0;0;0;0;0;0;0;0;0;0;0;1;0;0;0;0;0;0;0;1;1;0;0
67093;Dieffenbach-lès-Woerth;44;67;0;0;0;0;0;0;0;0;0;0;0;0;0;0;0;0;0;0;0;0;1;0;0;0;1;0;2;0;0;0;0;0;0;0;0;0;0
67094;Dieffenthal;44;67;0;0;0;0;0;0;0;0;0;0;0;0;0;0;0;0;0;0;0;0;0;0;0;0;1;0;0;1;0;0;0;0;0;0;0;0;0
67095;Diemeringen;44;67;0;0;0;0;0;0;0;0;0;0;0;0;0;0;0;3;2;1;0;0;6;0;0;3;1;3;5;2;0;2;4;1;0;7;2;1;1
67096;Dimbsthal;44;67;0;0;0;0;0;0;0;0;0;0;0;0;0;0;0;0;0;0;0;0;2;0;0;0;0;0;1;0;1;0;0;0;0;1;0;0;0
67097;Dingsheim;44;67;0;0;0;0;0;0;0;0;0;0;0;0;0;0;0;1;0;0;0;0;1;0;0;0;0;1;0;2;2;1;1;0;0;2;1;0;0
67098;Dinsheim-sur-Bruche;44;67;0;0;0;0;0;0;0;0;0;0;0;0;0;0;0;1;0;0;1;0;2;1;0;0;0;5;2;3;2;0;1;0;0;1;1;0;2
67099;Domfessel;44;67;0;0;0;0;0;0;0;0;0;0;0;0;0;0;0;0;0;0;0;0;0;0;0;0;0;0;0;2;0;0;0;0;0;2;1;0;0
67100;Donnenheim;44;67;0;0;0;0;0;0;0;0;0;0;0;0;0;0;0;0;0;0;0;0;0;0;0;0;0;0;0;1;0;0;0;0;0;0;2;0;1
67101;Dorlisheim;44;67;0;0;0;0;0;0;0;0;0;0;0;0;0;0;0;2;0;0;1;0;7;0;0;0;5;1;2;5;0;0;8;0;0;12;2;1;3
67102;Dossenheim-Kochersberg;44;67;0;0;0;0;0;0;0;0;0;0;0;0;0;0;0;0;0;0;0;0;0;0;0;0;1;0;0;1;0;0;0;1;0;0;1;0;0
67103;Dossenheim-sur-Zinsel;44;67;0;0;0;0;0;0;0;0;0;0;0;0;0;0;0;0;0;0;0;1;4;0;0;0;0;1;0;1;2;1;2;0;0;2;0;0;0
67104;Drachenbronn-Birlenbach;44;67;0;0;0;0;0;0;0;0;0;0;0;0;0;0;0;0;0;0;0;0;0;0;0;0;0;0;1;0;0;0;1;0;0;3;1;0;0
67105;Drulingen;44;67;0;1;0;0;0;0;0;0;0;1;0;0;1;0;0;4;0;1;0;0;5;1;0;2;1;0;5;6;2;0;5;1;0;4;0;0;2
67106;Drusenheim;44;67;0;1;0;0;0;0;0;0;0;1;0;0;0;0;0;6;1;1;0;0;9;1;0;1;1;3;7;2;9;0;7;0;0;13;2;1;5
67107;Duntzenheim;44;67;0;0;0;0;0;0;0;0;0;0;0;0;0;0;0;0;0;0;0;1;0;0;0;0;0;2;3;2;0;1;1;0;0;0;0;0;0
67108;Duppigheim;44;67;0;0;0;0;0;0;0;0;0;0;0;0;0;0;0;1;0;0;0;1;6;0;0;0;4;2;5;6;5;2;1;0;0;6;1;0;2
67109;Durningen;44;67;0;0;0;0;0;0;0;0;0;0;0;0;0;0;0;0;0;0;0;0;0;0;0;0;0;1;0;2;1;1;0;0;0;2;1;0;0
67110;Durrenbach;44;67;0;0;0;0;0;0;0;0;0;0;0;0;0;0;0;1;1;0;0;1;3;0;0;0;0;1;4;2;2;0;5;0;0;4;0;1;0
67111;Durstel;44;67;0;0;0;0;0;0;0;0;0;0;0;0;0;0;0;0;0;0;0;0;0;0;0;0;0;2;1;0;0;0;0;0;0;0;0;0;1
67112;Duttlenheim;44;67;0;0;0;0;0;0;0;0;0;0;0;0;0;0;0;1;0;1;0;0;11;1;0;0;1;5;4;7;4;1;3;0;0;6;2;0;3
67113;Eberbach-Seltz;44;67;0;0;0;0;0;0;0;0;0;0;0;0;0;0;0;0;0;0;0;0;1;0;0;0;0;0;1;1;0;0;0;0;0;2;1;0;1
67115;Ebersheim;44;67;0;0;0;0;0;0;0;0;0;0;0;0;0;0;0;1;0;0;1;0;2;0;0;1;2;2;2;5;2;0;3;0;0;0;1;0;5
67116;Ebersmunster;44;67;0;0;0;0;0;0;0;0;0;0;0;0;0;0;0;0;0;0;0;0;0;0;0;0;1;4;2;2;1;1;0;0;0;2;1;0;0
67117;Eckartswiller;44;67;0;0;0;0;0;0;0;0;0;0;0;0;0;0;0;0;0;0;0;0;1;0;0;0;0;0;1;0;0;1;0;0;0;1;0;0;0
67118;Eckbolsheim;44;67;0;0;0;0;0;0;0;0;0;0;0;0;0;0;0;8;1;1;0;0;10;1;4;2;9;20;8;19;15;3;13;0;2;12;13;2;5
67119;Eckwersheim;44;67;0;0;0;0;0;0;0;0;0;0;0;0;0;0;0;1;0;0;0;0;1;0;0;0;1;2;2;2;1;0;1;0;0;4;3;0;0
67120;Eichhoffen;44;67;0;0;0;0;0;0;0;0;0;0;0;0;0;0;0;0;0;0;0;1;0;0;0;0;0;1;2;1;0;0;0;0;0;2;0;0;0
67121;Elsenheim;44;67;0;0;0;0;0;0;0;0;0;0;0;0;0;0;0;0;0;0;0;0;3;0;0;0;0;2;1;1;0;0;0;0;0;2;0;0;0
67122;Wangenbourg-Engenthal;44;67;0;0;0;0;0;0;0;0;0;0;0;0;0;0;0;1;0;0;0;1;0;0;0;0;1;5;4;4;1;0;1;0;0;4;1;0;2
67123;Engwiller;44;67;0;0;0;0;0;0;0;0;0;0;0;0;0;0;0;1;0;0;0;0;0;0;0;0;2;0;0;0;0;0;0;0;0;1;0;0;0
67124;Entzheim;44;67;0;0;0;0;0;0;0;0;0;0;0;0;0;0;0;1;0;1;0;0;11;1;6;0;2;8;3;7;3;2;2;1;1;9;14;0;3
67125;Epfig;44;67;0;0;0;0;0;0;0;0;0;0;0;0;0;0;0;1;0;1;0;0;5;0;0;1;2;3;3;1;1;2;5;0;0;6;1;0;3
67126;Erckartswiller;44;67;0;0;0;0;0;0;0;0;0;0;0;0;0;0;0;0;0;0;0;0;0;0;0;0;0;1;1;0;1;0;0;0;0;0;0;0;1
67127;Ergersheim;44;67;0;0;0;0;0;0;0;0;0;0;0;0;0;0;0;0;0;0;1;0;1;0;0;0;0;1;0;0;2;0;1;0;0;2;2;0;1
67128;Ernolsheim-Bruche;44;67;0;0;0;0;0;0;0;0;0;0;0;0;0;0;0;1;0;0;1;0;0;0;0;0;1;2;6;5;2;0;2;0;1;3;2;0;3
67129;Ernolsheim-lès-Saverne;44;67;0;0;0;0;0;0;0;0;0;0;0;0;0;0;0;0;0;0;0;0;1;0;0;0;0;0;1;2;1;0;0;1;0;3;0;0;0
67130;Erstein;44;67;0;1;0;0;0;0;0;0;0;2;0;0;0;0;0;8;1;1;0;0;15;2;0;4;14;16;17;26;16;4;20;3;2;33;15;2;6
67131;Eschau;44;67;0;0;0;0;0;0;0;0;0;0;0;0;0;0;0;2;0;1;0;0;8;2;0;0;6;7;3;9;4;3;6;0;0;7;4;0;1
67132;Eschbach;44;67;0;0;0;0;0;0;0;0;0;0;0;0;0;0;0;1;0;0;0;0;0;0;0;0;0;0;4;1;2;0;1;0;0;3;4;0;0
67133;Eschbourg;44;67;0;0;0;0;0;0;0;0;0;0;0;0;0;0;0;0;0;0;0;1;0;0;0;0;0;2;0;0;0;1;0;0;0;1;2;0;1
67134;Eschwiller;44;67;0;0;0;0;0;0;0;0;0;0;0;0;0;0;0;0;0;0;0;0;0;0;0;0;0;0;0;0;1;0;0;0;0;0;2;0;0
67135;Ettendorf;44;67;0;0;0;0;0;0;0;0;0;0;0;0;0;0;0;0;0;0;0;0;1;0;0;0;2;2;2;1;1;0;0;0;0;1;1;0;0
67136;Eywiller;44;67;0;0;0;0;0;0;0;0;0;0;0;0;0;0;0;0;0;0;0;0;0;0;0;0;1;1;1;0;0;0;0;0;0;0;0;0;0
67137;Fegersheim;44;67;0;1;0;0;0;0;0;0;0;0;0;0;0;0;0;3;0;1;0;0;2;0;0;0;5;11;7;9;6;2;3;4;1;14;4;0;3
67138;Fessenheim-le-Bas;44;67;0;0;0;0;0;0;0;0;0;0;0;0;0;0;0;0;0;0;0;0;1;0;0;0;0;0;0;0;1;0;0;0;0;1;0;0;0
67139;Flexbourg;44;67;0;0;0;0;0;0;0;0;0;0;0;0;0;0;0;0;0;0;0;0;0;0;0;0;0;0;1;0;0;0;0;0;0;1;0;0;0
67140;Forstfeld;44;67;0;0;0;0;0;0;0;0;0;0;0;0;0;0;0;0;0;0;0;0;0;0;0;0;0;1;1;0;0;0;1;0;0;1;0;0;1
67141;Forstheim;44;67;0;0;0;0;0;0;0;0;0;0;0;0;0;0;0;0;0;0;0;0;1;0;0;0;2;1;2;3;2;1;1;0;0;1;0;0;1
67142;Fort-Louis;44;67;0;0;0;0;0;0;0;0;0;0;0;0;0;0;0;0;0;0;0;0;0;0;0;0;0;1;0;1;0;0;0;0;0;1;0;0;0
67143;Fouchy;44;67;0;0;0;0;0;0;0;0;0;0;0;0;0;0;0;1;0;0;0;0;2;0;0;0;0;2;1;0;0;0;1;0;0;0;1;0;0
67144;Fouday;44;67;0;0;0;0;0;0;0;0;0;0;0;0;0;0;0;0;0;0;0;0;0;0;0;0;0;0;0;0;0;0;0;0;0;2;0;0;0
67145;Friedolsheim;44;67;0;0;0;0;0;0;0;0;0;0;0;0;0;0;0;0;0;0;0;0;0;0;0;0;0;0;0;1;0;0;1;0;0;1;1;0;1
67146;Friesenheim;44;67;0;0;0;0;0;0;0;0;0;0;0;0;0;0;0;0;0;0;0;0;1;0;0;0;0;0;1;1;2;0;0;0;0;3;1;0;0
67147;Froeschwiller;44;67;0;0;0;0;0;0;0;0;0;0;0;0;0;0;0;0;0;0;0;0;3;0;0;0;0;3;1;0;0;0;1;0;0;0;0;0;1
67148;Frohmuhl;44;67;0;0;0;0;0;0;0;0;0;0;0;0;0;0;0;0;0;0;0;0;0;0;0;0;0;1;0;0;1;0;0;0;0;1;0;0;0
67149;Furchhausen;44;67;0;0;0;0;0;0;0;0;0;0;0;0;0;0;0;0;0;0;0;0;2;0;0;0;1;0;2;0;0;1;1;0;0;1;0;0;0
67150;Furdenheim;44;67;0;0;0;0;0;0;0;0;0;0;0;0;0;0;0;0;0;0;0;0;6;0;0;0;1;4;4;1;2;0;1;0;0;3;0;1;0
67151;Gambsheim;44;67;0;0;0;0;0;0;0;0;0;0;0;0;0;0;0;2;0;1;0;0;4;1;0;1;2;4;3;10;4;0;3;0;0;10;3;1;7
67152;Geispolsheim;44;67;0;1;0;0;0;0;0;0;0;0;0;0;0;0;0;5;1;2;0;0;29;2;1;1;9;18;10;24;18;3;10;2;2;30;10;2;12
67153;Geiswiller;44;67;0;0;0;0;0;0;0;0;0;0;0;0;0;0;0;0;0;0;0;0;1;0;0;0;0;0;0;0;0;1;0;0;0;0;0;0;0
67154;Gerstheim;44;67;0;0;0;0;0;0;0;0;0;0;0;0;0;0;0;3;0;0;1;0;9;0;0;0;7;7;4;3;0;0;4;0;0;4;2;0;5
67155;Gertwiller;44;67;0;0;0;0;0;0;0;0;0;0;0;0;0;0;0;0;0;0;0;0;2;1;0;1;2;1;1;2;0;0;4;0;0;0;1;0;1
67156;Geudertheim;44;67;0;0;0;0;0;0;0;0;0;0;0;0;0;0;0;1;1;0;1;0;5;0;0;0;5;1;3;6;2;1;4;0;0;4;2;0;4
67159;Goerlingen;44;67;0;0;0;0;0;0;0;0;0;0;0;0;0;0;0;0;0;0;0;0;0;0;0;0;0;0;0;0;0;1;0;0;0;0;0;0;0
67160;Goersdorf;44;67;0;0;0;0;0;0;0;0;0;0;0;0;0;0;0;0;0;0;0;1;0;0;0;0;0;4;4;1;2;1;0;0;0;5;0;0;0
67161;Gottenhouse;44;67;0;0;0;0;0;0;0;0;0;0;0;0;0;0;0;0;0;0;0;0;0;0;0;0;0;1;3;1;0;0;0;0;0;1;0;0;1
67162;Gottesheim;44;67;0;0;0;0;0;0;0;0;0;0;0;0;0;0;0;0;0;0;0;0;0;0;0;0;0;1;1;1;0;0;0;0;0;0;1;0;0
67163;Gougenheim;44;67;0;0;0;0;0;0;0;0;0;0;0;0;0;0;0;0;0;0;0;1;2;0;0;0;0;1;1;1;0;0;0;0;0;0;0;0;0
67164;Goxwiller;44;67;0;0;0;0;0;0;0;0;0;0;0;0;0;0;0;0;0;0;1;0;2;0;0;0;0;1;2;2;0;0;1;0;0;1;0;0;0
67165;Grandfontaine;44;67;0;0;0;0;0;0;0;0;0;0;0;0;0;0;0;0;0;0;0;0;0;0;0;0;1;1;3;0;0;0;1;1;0;0;0;0;1
67166;Grassendorf;44;67;0;0;0;0;0;0;0;0;0;0;0;0;0;0;0;0;0;0;0;0;0;0;0;0;0;0;1;0;0;0;1;0;0;0;0;0;0
67167;Grendelbruch;44;67;0;0;0;0;0;0;0;0;0;0;0;0;0;0;0;1;0;0;1;0;3;0;0;0;0;6;2;3;0;1;2;0;0;5;2;0;1
67168;Gresswiller;44;67;0;0;0;0;0;0;0;0;0;0;0;0;0;0;0;1;0;0;1;0;2;0;0;0;0;3;1;1;2;0;1;0;0;3;0;0;1
67169;Gries;44;67;0;0;0;0;0;0;0;0;0;0;0;0;0;0;0;1;0;1;0;0;7;1;0;0;4;4;4;7;6;1;4;0;0;2;0;0;4
67172;Griesheim-près-Molsheim;44;67;0;0;0;0;0;0;0;0;0;0;0;0;0;0;0;1;0;0;0;0;2;0;0;0;2;4;3;0;1;0;3;0;0;1;1;0;1
67173;Griesheim-sur-Souffel;44;67;0;0;0;0;0;0;0;0;0;0;0;0;0;0;0;0;0;1;0;0;1;0;0;0;1;0;2;0;2;0;0;0;0;0;1;0;2
67174;Gumbrechtshoffen;44;67;0;0;0;0;0;0;0;0;0;0;0;0;0;0;0;0;0;0;1;0;3;0;0;0;0;1;1;1;5;0;1;0;0;1;2;1;1
67176;Gundershoffen;44;67;0;0;0;0;0;0;0;0;0;0;0;0;0;0;0;4;0;1;0;0;4;1;0;0;8;11;13;6;7;4;8;0;0;7;3;0;5
67177;Gunstett;44;67;0;0;0;0;0;0;0;0;0;0;0;0;0;0;0;0;0;0;0;0;0;0;0;0;0;1;1;0;0;0;0;0;0;0;0;0;0
67178;Gungwiller;44;67;0;0;0;0;0;0;0;0;0;0;0;0;0;0;0;0;0;0;0;0;0;0;0;0;0;0;1;0;0;0;0;0;0;0;1;0;2
67179;Haegen;44;67;0;0;0;0;0;0;0;0;0;0;0;0;0;0;0;0;0;0;0;0;1;0;0;0;0;0;2;1;3;0;0;0;0;1;2;0;0
67180;Haguenau;44;67;1;1;0;0;1;1;0;0;0;5;0;1;0;0;0;17;5;3;0;0;73;5;8;11;26;50;27;30;22;9;57;8;27;129;51;12;46
67181;Handschuheim;44;67;0;0;0;0;0;0;0;0;0;0;0;0;0;0;0;0;0;0;0;0;0;0;0;0;0;1;0;0;0;0;0;1;0;3;1;0;0
67182;Hangenbieten;44;67;0;0;0;0;0;0;0;0;0;0;0;0;0;0;0;1;0;0;1;0;3;0;1;0;4;2;2;2;1;0;1;1;0;3;3;0;0
67183;Harskirchen;44;67;0;0;0;0;0;0;0;0;0;0;0;0;0;0;0;1;0;0;1;0;1;0;0;0;2;0;1;4;0;1;1;0;0;1;0;0;0
67184;Hatten;44;67;0;0;0;0;0;0;0;0;0;0;0;0;0;0;0;3;0;1;0;0;9;1;0;2;2;4;2;1;1;0;2;0;0;8;0;1;4
67185;Hattmatt;44;67;0;0;0;0;0;0;0;0;0;0;0;0;0;0;0;0;0;0;0;0;1;0;0;0;0;1;1;2;1;0;1;0;0;0;0;0;0
67186;Hegeney;44;67;0;0;0;0;0;0;0;0;0;0;0;0;0;0;0;0;0;0;0;0;0;0;0;0;0;0;1;1;0;0;0;0;0;1;0;0;0
67187;Heidolsheim;44;67;0;0;0;0;0;0;0;0;0;0;0;0;0;0;0;0;0;0;0;0;1;0;0;0;1;0;3;2;1;0;0;0;0;0;0;1;0
67188;Heiligenberg;44;67;0;0;0;0;0;0;0;0;0;0;0;0;0;0;0;0;0;0;0;1;2;0;0;0;0;1;0;0;1;0;1;0;0;2;0;0;0
67189;Heiligenstein;44;67;0;0;0;0;0;0;0;0;0;0;0;0;0;0;0;0;0;0;0;0;1;0;0;0;0;0;3;2;1;0;1;0;0;1;1;0;1
67190;Hengwiller;44;67;0;0;0;0;0;0;0;0;0;0;0;0;0;0;0;0;0;0;0;0;0;0;0;0;0;0;0;0;1;0;0;0;0;0;2;0;0
67191;Herbitzheim;44;67;0;0;0;0;0;0;0;0;0;0;0;0;0;0;0;1;0;0;0;1;2;0;0;0;1;3;3;4;2;0;2;0;0;3;0;0;3
67192;Herbsheim;44;67;0;0;0;0;0;0;0;0;0;0;0;0;0;0;0;1;0;0;0;0;2;0;0;0;1;3;1;1;1;0;0;0;0;4;0;0;0
67194;Herrlisheim;44;67;0;0;0;0;0;0;0;0;0;0;0;0;0;0;0;4;1;1;0;0;10;0;0;2;4;6;4;6;6;0;7;0;0;11;5;0;4
67195;Hessenheim;44;67;0;0;0;0;0;0;0;0;0;0;0;0;0;0;0;0;0;0;0;0;1;0;0;0;0;1;2;1;1;0;0;0;0;0;2;0;0
67196;Hilsenheim;44;67;0;0;0;0;0;0;0;0;0;0;0;0;0;0;0;1;0;0;0;1;5;0;0;1;0;9;3;6;1;1;4;0;0;2;0;0;2
67197;Hindisheim;44;67;0;0;0;0;0;0;0;0;0;0;0;0;0;0;0;1;0;0;1;0;4;0;0;0;2;0;6;5;4;0;1;0;0;2;3;1;1
67198;Hinsbourg;44;67;0;0;0;0;0;0;0;0;0;0;0;0;0;0;0;0;0;0;0;0;0;0;0;0;0;0;0;0;0;0;0;0;0;0;0;0;0
67199;Hinsingen;44;67;0;0;0;0;0;0;0;0;0;0;0;0;0;0;0;0;0;0;0;0;0;0;0;0;0;0;0;0;1;0;0;0;0;1;0;0;0
67200;Hipsheim;44;67;0;0;0;0;0;0;0;0;0;0;0;0;0;0;0;0;0;0;0;0;0;0;0;0;0;1;1;1;0;0;0;0;0;0;0;0;0
67201;Hirschland;44;67;0;0;0;0;0;0;0;0;0;0;0;0;0;0;0;0;0;0;0;0;0;0;0;0;2;1;2;0;0;0;1;0;0;0;1;0;0
67202;Hochfelden;44;67;0;1;0;0;0;0;0;0;0;1;0;0;0;0;0;4;2;1;0;0;9;1;0;2;2;3;7;5;4;2;5;1;0;9;6;1;4
67203;Hochstett;44;67;0;0;0;0;0;0;0;0;0;0;0;0;0;0;0;0;0;0;0;0;0;0;0;0;0;1;0;0;0;0;0;0;0;0;1;0;0
67204;Hoenheim;44;67;0;0;0;0;0;0;0;0;0;0;0;0;0;0;0;7;0;1;0;0;31;1;3;1;14;17;10;18;12;1;10;1;0;15;12;1;8
67205;Hoerdt;44;67;0;0;0;0;0;0;0;0;0;0;0;0;0;0;0;3;0;1;0;0;11;0;1;3;6;15;8;5;6;2;7;3;0;14;1;0;3
67206;Hoffen;44;67;0;0;0;0;0;0;0;0;0;0;0;0;0;0;0;0;0;0;0;0;1;0;0;0;3;0;6;0;1;1;2;0;0;3;0;0;1
67208;Hohengoeft;44;67;0;0;0;0;0;0;0;0;0;0;0;0;0;0;0;0;0;0;0;0;0;0;0;0;1;1;0;0;0;0;1;0;0;0;0;0;0
67209;Hohfrankenheim;44;67;0;0;0;0;0;0;0;0;0;0;0;0;0;0;0;0;0;0;0;0;0;0;0;0;1;0;2;3;0;0;2;0;0;0;0;0;0
67210;Le Hohwald;44;67;0;0;0;0;0;0;0;0;0;0;0;0;0;0;0;0;0;0;0;1;0;0;0;0;1;0;2;1;0;0;0;0;0;9;0;0;0
67212;Holtzheim;44;67;0;0;0;0;0;0;0;0;0;0;0;0;0;0;0;2;0;1;0;0;11;1;0;0;1;5;8;5;2;2;5;0;0;4;5;0;1
67213;Hunspach;44;67;0;0;0;0;0;0;0;0;0;0;0;0;0;0;0;0;0;0;0;1;0;0;0;0;0;0;0;1;0;0;0;0;0;4;0;0;1
67214;Hurtigheim;44;67;0;0;0;0;0;0;0;0;0;0;0;0;0;0;0;0;0;0;0;0;2;0;0;0;0;1;0;0;0;1;0;1;0;1;1;0;2
67215;Huttendorf;44;67;0;0;0;0;0;0;0;0;0;0;0;0;0;0;0;0;0;0;0;0;1;0;0;0;1;0;0;1;0;0;0;0;0;1;1;0;0
67216;Huttenheim;44;67;0;0;0;0;0;0;0;0;0;0;0;0;0;0;0;1;0;0;0;0;6;1;0;1;4;7;8;5;0;2;2;0;0;3;1;0;1
67217;Ichtratzheim;44;67;0;0;0;0;0;0;0;0;0;0;0;0;0;0;0;0;0;0;0;0;1;0;0;0;0;2;0;0;0;0;0;0;0;0;1;0;0
67218;Illkirch-Graffenstaden;44;67;0;0;0;0;1;0;0;0;0;3;0;0;0;0;0;17;1;1;0;0;42;4;1;8;11;44;24;44;19;13;29;4;5;68;30;5;17
67220;Ingenheim;44;67;0;0;0;0;0;0;0;0;0;0;0;0;0;0;0;0;0;0;0;0;1;0;0;0;0;0;1;0;0;0;0;0;0;0;0;0;0
67221;Ingolsheim;44;67;0;0;0;0;0;0;0;0;0;0;0;0;0;0;0;0;0;0;0;0;0;0;0;0;0;0;1;1;0;0;0;0;0;0;1;0;0
67222;Ingwiller;44;67;0;0;0;0;0;0;0;0;0;0;0;0;0;0;0;5;0;1;0;0;18;2;0;2;15;7;8;9;7;3;8;1;0;11;3;1;4
67223;Innenheim;44;67;0;0;0;0;0;0;0;0;0;0;0;0;0;0;0;1;0;0;0;0;2;0;0;0;1;0;1;2;2;0;1;0;0;1;2;0;0
67225;Issenhausen;44;67;0;0;0;0;0;0;0;0;0;0;0;0;0;0;0;0;0;0;0;0;0;0;0;1;0;1;0;1;0;0;0;0;0;0;0;0;0
67226;Ittenheim;44;67;0;0;0;0;0;0;0;0;0;0;0;0;0;0;0;2;0;1;0;0;9;1;1;1;0;4;7;7;3;0;2;0;0;7;5;0;4
67227;Itterswiller;44;67;0;0;0;0;0;0;0;0;0;0;0;0;0;0;0;0;0;0;0;0;0;0;0;0;0;0;0;0;0;0;0;0;0;1;0;1;0
67228;Neugartheim-Ittlenheim;44;67;0;0;0;0;0;0;0;0;0;0;0;0;0;0;0;0;0;0;0;0;3;0;0;0;0;1;0;0;0;0;0;0;0;0;1;0;0
67229;Jetterswiller;44;67;0;0;0;0;0;0;0;0;0;0;0;0;0;0;0;0;0;0;0;0;0;0;0;0;0;0;2;0;0;0;0;0;0;1;1;0;0
67230;Kaltenhouse;44;67;0;0;0;0;0;0;0;0;0;0;0;0;0;0;0;1;0;0;1;0;4;0;0;2;4;7;0;4;6;1;3;1;0;2;2;0;1
67231;Kauffenheim;44;67;0;0;0;0;0;0;0;0;0;0;0;0;0;0;0;0;0;0;0;0;0;0;0;0;0;0;1;0;0;0;0;0;0;0;0;0;0
67232;Keffenach;44;67;0;0;0;0;0;0;0;0;0;0;0;0;0;0;0;0;0;0;0;0;1;0;0;0;0;0;0;0;0;0;0;0;0;0;0;0;0
67233;Kertzfeld;44;67;0;0;0;0;0;0;0;0;0;0;0;0;0;0;0;1;0;0;0;0;0;0;0;0;1;3;2;1;1;0;0;0;0;1;2;0;1
67234;Keskastel;44;67;0;0;0;0;0;0;0;0;0;0;0;0;0;0;0;1;0;0;1;0;1;0;0;0;2;3;4;5;2;1;2;0;0;5;2;0;3
67235;Kesseldorf;44;67;0;0;0;0;0;0;0;0;0;0;0;0;0;0;0;0;0;0;0;0;1;0;0;0;1;0;1;0;0;0;1;0;0;0;0;0;0
67236;Kienheim;44;67;0;0;0;0;0;0;0;0;0;0;0;0;0;0;0;0;0;0;0;0;0;0;0;0;0;1;1;1;0;0;0;0;0;0;1;0;0
67237;Kilstett;44;67;0;0;0;0;0;0;0;0;0;0;0;0;0;0;0;1;1;0;1;0;4;0;0;0;2;8;9;9;6;0;4;0;0;5;2;0;1
67238;Kindwiller;44;67;0;0;0;0;0;0;0;0;0;0;0;0;0;0;0;0;1;0;0;0;0;0;0;0;1;1;1;1;0;1;1;0;0;1;0;0;0
67239;Kintzheim;44;67;0;0;0;0;0;0;0;0;0;0;0;0;0;0;0;1;0;1;0;0;0;0;0;0;1;4;1;0;2;0;2;0;0;4;0;0;2
67240;Kirchheim;44;67;0;0;0;0;0;0;0;0;0;0;0;0;0;0;0;0;0;0;0;0;4;0;0;0;1;0;1;0;1;0;0;0;0;1;1;0;0
67241;Kirrberg;44;67;0;0;0;0;0;0;0;0;0;0;0;0;0;0;0;0;0;0;0;0;0;0;0;0;0;0;1;0;0;0;0;0;0;0;0;0;0
67242;Kirrwiller;44;67;0;0;0;0;0;0;0;0;0;0;0;0;0;0;0;0;0;0;0;0;1;0;0;0;0;1;3;0;0;0;1;0;0;1;0;0;0
67244;Kleingoeft;44;67;0;0;0;0;0;0;0;0;0;0;0;0;0;0;0;0;0;0;0;0;0;0;0;0;0;0;1;1;0;0;0;0;0;0;1;0;0
67245;Knoersheim;44;67;0;0;0;0;0;0;0;0;0;0;0;0;0;0;0;0;0;0;0;0;1;0;0;0;1;0;0;0;0;0;0;0;0;0;0;0;0
67246;Kogenheim;44;67;0;0;0;0;0;0;0;0;0;0;0;0;0;0;0;1;0;0;1;0;2;0;0;0;0;1;1;3;1;0;1;0;0;2;0;0;0
67247;Kolbsheim;44;67;0;0;0;0;0;0;0;0;0;0;0;0;0;0;0;0;0;0;0;0;1;0;2;0;1;1;3;3;0;0;1;0;0;0;1;0;1
67248;Krautergersheim;44;67;0;0;0;0;0;0;0;0;0;0;0;0;0;0;0;3;0;1;0;0;5;1;0;0;1;0;15;3;3;2;2;0;0;5;1;0;0
67249;Krautwiller;44;67;0;0;0;0;0;0;0;0;0;0;0;0;0;0;0;0;0;0;0;0;0;0;0;0;0;0;0;1;0;0;0;0;0;0;1;0;0
67250;Kriegsheim;44;67;0;0;0;0;0;0;0;0;0;0;0;0;0;0;0;0;0;0;0;0;1;0;0;0;0;1;0;1;0;0;2;0;0;1;1;0;1
67252;Kurtzenhouse;44;67;0;0;0;0;0;0;0;0;0;0;0;0;0;0;0;0;0;0;0;1;1;0;0;0;3;0;2;1;1;1;2;0;0;2;0;0;0
67253;Kuttolsheim;44;67;0;0;0;0;0;0;0;0;0;0;0;0;0;0;0;0;0;0;0;0;0;0;0;0;1;0;1;2;2;0;2;0;0;1;1;0;1
67254;Kutzenhausen;44;67;0;0;0;0;0;0;0;0;0;0;0;0;0;0;0;0;0;0;0;0;0;0;0;0;0;0;1;1;3;0;1;0;0;2;1;0;0
67255;Lalaye;44;67;0;0;0;0;0;0;0;0;0;0;0;0;0;0;0;0;0;0;0;0;0;0;0;0;0;0;3;2;0;1;0;0;0;0;0;0;0
67256;Lampertheim;44;67;0;0;0;0;0;0;0;0;0;0;0;0;0;0;0;1;0;1;0;0;1;0;1;0;1;3;3;7;2;1;3;0;0;7;7;0;1
67257;Lampertsloch;44;67;0;0;0;0;0;0;0;0;0;0;0;0;0;0;0;0;0;0;0;0;1;0;1;0;0;2;2;1;1;0;2;0;0;1;1;0;0
67258;Landersheim;44;67;0;0;0;0;0;0;0;0;0;0;0;0;0;0;0;0;0;0;0;0;0;0;0;0;0;0;0;0;0;0;0;0;0;1;0;0;1
67259;Langensoultzbach;44;67;0;0;0;0;0;0;0;0;0;0;0;0;0;0;0;1;0;0;0;1;0;0;0;0;4;3;3;0;0;0;1;0;0;0;2;0;1
67260;Laubach;44;67;0;0;0;0;0;0;0;0;0;0;0;0;0;0;0;0;0;0;0;0;0;0;0;0;0;0;0;0;1;1;0;0;0;0;0;0;0
67261;Lauterbourg;44;67;0;1;0;0;0;0;0;0;0;0;0;0;0;0;0;4;0;1;0;0;2;0;0;1;0;2;0;2;1;0;7;3;0;8;0;0;3
67263;Lembach;44;67;0;0;0;0;0;0;0;0;0;0;0;0;0;0;0;2;0;0;0;1;6;0;1;1;1;6;2;2;2;0;2;0;0;7;1;0;0
67264;Leutenheim;44;67;0;0;0;0;0;0;0;0;0;0;0;0;0;0;0;0;0;0;0;0;0;0;0;0;0;2;1;1;3;0;0;0;0;2;0;0;0
67265;Lichtenberg;44;67;0;0;0;0;0;0;0;0;0;0;0;0;0;0;0;0;0;0;0;1;0;0;0;0;0;0;1;0;0;2;0;0;0;1;0;0;0
67266;Limersheim;44;67;0;0;0;0;0;0;0;0;0;0;0;0;0;0;0;0;0;0;0;0;0;0;0;0;0;1;0;3;0;0;0;0;0;1;0;0;0
67267;Lingolsheim;44;67;0;0;0;0;0;0;0;0;0;1;0;1;0;0;0;8;2;1;0;0;14;0;1;4;14;39;11;18;20;3;19;1;0;25;15;1;15
67268;Lipsheim;44;67;0;0;0;0;0;0;0;0;0;0;0;0;0;0;0;1;0;0;0;0;0;0;0;0;2;0;0;0;2;0;1;0;0;3;4;0;1
67269;Littenheim;44;67;0;0;0;0;0;0;0;0;0;0;0;0;0;0;0;0;0;0;0;0;2;0;0;0;0;0;1;1;2;0;0;0;0;0;0;0;0
67270;Lixhausen;44;67;0;0;0;0;0;0;0;0;0;0;0;0;0;0;0;0;0;0;0;0;0;0;0;0;0;0;0;0;0;0;0;0;0;0;1;0;0
67271;Lobsann;44;67;0;0;0;0;0;0;0;0;0;0;0;0;0;0;0;0;0;0;0;0;0;0;0;0;0;0;0;1;0;0;0;0;0;1;0;0;0
67272;Lochwiller;44;67;0;0;0;0;0;0;0;0;0;0;0;0;0;0;0;0;0;0;0;0;0;0;0;0;0;0;0;1;1;0;0;0;0;1;0;0;1
67273;Lohr;44;67;0;0;0;0;0;0;0;0;0;0;0;0;0;0;0;0;0;0;0;0;0;0;0;0;1;0;1;1;0;1;1;0;0;0;0;0;0
67274;Lorentzen;44;67;0;0;0;0;0;0;0;0;0;0;0;0;0;0;0;0;0;0;0;0;0;0;0;0;1;0;0;1;0;0;1;0;0;1;0;0;0
67275;Lupstein;44;67;0;0;0;0;0;0;0;0;0;0;0;0;0;0;0;0;0;0;0;0;1;0;0;0;0;4;1;1;0;0;2;0;0;2;0;0;1
67276;Lutzelhouse;44;67;0;0;0;0;0;0;0;0;0;0;0;0;0;0;0;1;0;0;0;1;2;0;0;0;6;1;4;3;2;0;1;0;0;0;1;0;0
67277;Mackenheim;44;67;0;0;0;0;0;0;0;0;0;0;0;0;0;0;0;0;0;0;0;0;0;0;0;0;0;0;2;0;1;0;0;0;0;3;0;0;0
67278;Mackwiller;44;67;0;0;0;0;0;0;0;0;0;0;0;0;0;0;0;0;0;0;0;0;0;0;0;0;0;0;1;0;2;0;1;0;0;1;0;0;0
67279;Maennolsheim;44;67;0;0;0;0;0;0;0;0;0;0;0;0;0;0;0;0;0;0;0;0;1;0;0;0;1;1;0;0;1;0;0;0;0;0;0;0;0
67280;Maisonsgoutte;44;67;0;0;0;0;0;0;0;0;0;0;0;0;0;0;0;0;0;0;0;0;2;0;0;0;0;1;4;1;1;0;0;0;0;2;0;0;0
67281;Marckolsheim;44;67;0;1;0;0;0;0;0;0;0;1;0;0;0;0;0;4;2;1;0;0;9;1;0;2;11;17;10;6;5;5;4;2;1;12;6;1;6
67282;Marlenheim;44;67;0;0;0;0;0;0;0;0;0;0;0;0;0;0;0;5;2;1;0;0;12;1;0;2;2;8;7;6;3;1;6;3;0;12;5;1;4
67283;Marmoutier;44;67;0;1;0;0;0;0;0;0;0;0;0;0;0;0;0;3;0;1;0;0;4;0;0;2;2;5;2;7;1;0;4;0;0;10;4;1;3
67285;Matzenheim;44;67;0;0;0;0;0;0;0;0;0;0;0;0;0;0;0;1;0;0;0;0;3;0;0;0;2;1;1;2;2;0;1;0;0;2;3;0;5
67286;Meistratzheim;44;67;0;0;0;0;0;0;0;0;0;0;0;0;0;0;0;1;0;0;0;0;2;0;0;0;2;1;3;3;0;1;2;0;0;3;1;0;2
67287;Melsheim;44;67;0;0;0;0;0;0;0;0;0;0;0;0;0;0;0;0;0;0;0;0;0;0;0;0;2;0;1;1;0;0;0;0;0;2;1;0;0
67288;Memmelshoffen;44;67;0;0;0;0;0;0;0;0;0;0;0;0;0;0;0;0;0;0;0;0;0;0;0;0;0;0;0;0;0;0;0;0;0;0;1;0;0
67289;Menchhoffen;44;67;0;0;0;0;0;0;0;0;0;0;0;0;0;0;0;0;1;0;0;0;2;0;0;0;0;2;1;1;0;1;0;0;0;0;0;0;1
67290;Merkwiller-Pechelbronn;44;67;0;0;0;0;0;0;0;0;0;0;0;0;0;0;0;1;0;0;0;1;2;0;0;0;0;0;0;0;2;0;1;0;0;2;0;0;1
67291;Mertzwiller;44;67;0;0;0;0;0;0;0;0;0;0;0;0;0;0;0;2;0;1;0;0;6;1;0;2;5;4;5;4;1;0;3;0;0;8;2;0;3
67292;Mietesheim;44;67;0;0;0;0;0;0;0;0;0;0;0;0;0;0;0;1;0;0;0;0;0;0;0;0;0;2;0;2;1;0;0;0;0;3;0;0;1
67293;Minversheim;44;67;0;0;0;0;0;0;0;0;0;0;0;0;0;0;0;0;0;0;0;0;0;0;0;0;2;0;1;0;0;0;0;0;0;0;0;0;2
67295;Mittelbergheim;44;67;0;0;0;0;0;0;0;0;0;0;0;0;0;0;0;0;0;0;0;0;0;0;0;0;1;0;2;1;1;0;0;0;0;2;0;0;0
67296;Mittelhausbergen;44;67;0;0;0;0;0;0;0;0;0;0;0;0;0;0;0;0;0;0;0;0;0;1;0;1;0;2;0;1;0;0;3;1;0;2;5;0;0
67298;Mittelschaeffolsheim;44;67;0;0;0;0;0;0;0;0;0;0;0;0;0;0;0;0;0;0;0;0;2;0;0;0;1;1;0;1;1;0;1;0;0;0;3;0;0
67299;Mollkirch;44;67;0;0;0;0;0;0;0;0;0;0;0;0;0;0;0;0;0;0;0;0;1;0;0;0;3;0;3;2;1;1;1;0;0;3;5;0;0
67300;Molsheim;44;67;0;1;0;0;1;0;0;0;0;5;0;1;0;0;0;11;0;1;0;0;15;3;0;4;5;3;16;7;10;3;14;2;14;34;13;1;6
67301;Mommenheim;44;67;0;0;0;0;0;0;0;0;0;0;0;0;0;0;0;2;0;0;1;0;7;1;0;1;1;2;8;5;2;0;4;0;1;7;1;0;0
67302;Monswiller;44;67;0;0;0;0;0;0;0;0;0;0;0;0;0;0;0;2;0;1;0;0;8;1;0;0;4;4;3;6;2;0;2;1;0;6;2;0;4
67303;Morsbronn-les-Bains;44;67;0;0;0;0;0;0;0;0;0;0;0;0;0;0;0;0;0;0;0;0;1;0;0;0;2;0;0;1;2;0;0;0;0;0;1;0;1
67304;Morschwiller;44;67;0;0;0;0;0;0;0;0;0;0;0;0;0;0;0;0;0;0;0;0;5;0;0;0;1;1;0;1;2;0;0;0;0;3;0;1;1
67305;Mothern;44;67;0;0;0;0;0;0;0;0;0;0;0;0;0;0;0;1;0;0;1;0;4;0;0;0;1;2;2;5;2;2;3;0;0;2;2;0;4
67306;Muhlbach-sur-Bruche;44;67;0;0;0;0;0;0;0;0;0;0;0;0;0;0;0;0;0;0;0;0;2;0;0;1;2;1;1;3;0;0;1;1;0;1;0;0;0
67307;Mulhausen;44;67;0;0;0;0;0;0;0;0;0;0;0;0;0;0;0;0;0;0;0;0;1;0;0;0;0;2;0;1;0;0;0;0;0;0;0;0;0
67308;Munchhausen;44;67;0;0;0;0;0;0;0;0;0;0;0;0;0;0;0;0;0;0;0;0;2;0;0;0;0;1;2;1;2;0;0;0;0;3;0;0;0
67309;Mundolsheim;44;67;0;1;0;0;0;0;0;0;0;0;0;0;0;0;0;4;0;1;0;0;12;0;1;1;5;11;11;16;9;3;4;0;1;14;9;1;5
67310;Mussig;44;67;0;0;0;0;0;0;0;0;0;0;0;0;0;0;0;1;0;0;0;1;1;0;0;0;1;1;2;2;1;0;0;0;0;2;1;0;1
67311;Muttersholtz;44;67;0;0;0;0;0;0;0;0;0;0;0;0;0;0;0;1;0;1;0;0;4;0;0;0;2;4;6;4;1;0;3;1;0;2;0;0;3
67312;Mutzenhouse;44;67;0;0;0;0;0;0;0;0;0;0;0;0;0;0;0;0;0;0;0;0;0;0;0;0;2;1;0;0;0;1;0;0;0;0;1;0;0
67313;Mutzig;44;67;0;0;0;0;0;0;0;0;0;1;0;0;0;0;0;5;0;1;0;0;9;0;0;2;6;19;5;4;5;0;10;1;0;17;7;0;5
67314;Natzwiller;44;67;0;0;0;0;0;0;0;0;0;0;0;0;0;0;0;0;0;0;1;0;0;0;0;0;0;0;0;0;0;0;0;0;0;2;0;0;0
67315;Neewiller-près-Lauterbourg;44;67;0;0;0;0;0;0;0;0;0;0;0;0;0;0;0;0;0;0;0;0;0;0;0;0;1;2;0;0;0;0;0;0;0;2;0;0;0
67317;Neubois;44;67;0;0;0;0;0;0;0;0;0;0;0;0;0;0;0;0;0;0;0;0;0;0;0;0;1;2;5;2;0;0;0;0;0;0;0;0;1
67319;Neuhaeusel;44;67;0;0;0;0;0;0;0;0;0;0;0;0;0;0;0;0;0;0;0;0;0;0;0;0;0;1;0;0;0;1;0;0;0;2;0;0;1
67320;Neuve-Église;44;67;0;0;0;0;0;0;0;0;0;0;0;0;0;0;0;0;0;0;0;0;5;0;0;0;1;0;3;1;1;1;0;0;0;0;0;0;0
67321;Neuviller-la-Roche;44;67;0;0;0;0;0;0;0;0;0;0;0;0;0;0;0;0;0;0;0;0;0;0;0;0;0;0;1;0;1;0;0;0;0;0;0;0;0
67322;Neuwiller-lès-Saverne;44;67;0;0;0;0;0;0;0;0;0;0;0;0;0;0;0;1;0;0;1;0;0;0;0;0;1;0;0;2;1;0;2;0;0;2;0;0;1
67324;Niederbronn-les-Bains;44;67;0;0;0;0;0;0;0;0;0;1;0;0;0;0;0;6;0;1;0;0;8;1;1;0;5;8;2;2;2;1;6;0;2;17;4;2;4
67325;Niederhaslach;44;67;0;0;0;0;0;0;0;0;0;0;0;0;0;0;0;0;0;0;1;0;5;0;0;0;1;1;2;4;3;0;3;0;0;0;0;0;0
67326;Niederhausbergen;44;67;0;0;0;0;0;0;0;0;0;0;0;0;0;0;0;0;0;0;0;0;1;0;0;0;1;1;2;5;3;0;1;0;0;3;2;0;2
67327;Niederlauterbach;44;67;0;0;0;0;0;0;0;0;0;0;0;0;0;0;0;0;0;0;0;1;0;0;0;0;0;2;2;3;0;3;0;0;0;1;1;0;0
67328;Niedermodern;44;67;0;0;0;0;0;0;0;0;0;0;0;0;0;0;0;0;1;0;0;0;4;1;0;0;2;3;6;5;1;2;0;0;0;3;2;1;0
67329;Niedernai;44;67;0;0;0;0;0;0;0;0;0;0;0;0;0;0;0;1;0;0;0;0;0;0;0;0;1;0;3;2;3;1;2;0;0;1;1;0;1
67330;Niederroedern;44;67;0;0;0;0;0;0;0;0;0;0;0;0;0;0;0;1;0;0;0;1;1;0;0;0;0;2;0;1;2;1;2;0;0;3;0;0;1
67331;Niederschaeffolsheim;44;67;0;0;0;0;0;0;0;0;0;0;0;0;0;0;0;1;0;0;0;0;2;0;0;0;3;2;5;3;2;1;3;0;0;4;0;0;1
67333;Niedersoultzbach;44;67;0;0;0;0;0;0;0;0;0;0;0;0;0;0;0;0;0;0;0;0;2;0;0;0;1;0;0;1;1;0;0;1;0;0;0;0;0
67334;Niedersteinbach;44;67;0;0;0;0;0;0;0;0;0;0;0;0;0;0;0;0;0;0;0;0;0;0;0;0;0;0;0;0;1;0;1;0;0;1;0;0;0
67335;Nordheim;44;67;0;0;0;0;0;0;0;0;0;0;0;0;0;0;0;0;0;0;0;0;1;0;0;0;1;2;0;0;1;0;1;0;0;1;0;0;0
67336;Nordhouse;44;67;0;0;0;0;0;0;0;0;0;0;0;0;0;0;0;1;0;0;1;0;3;0;0;0;1;1;5;0;3;1;2;0;0;2;2;0;0
67337;Nothalten;44;67;0;0;0;0;0;0;0;0;0;0;0;0;0;0;0;0;0;0;0;1;0;0;0;0;1;1;1;0;0;0;1;0;0;1;0;0;1
67338;Obenheim;44;67;0;0;0;0;0;0;0;0;0;0;0;0;0;0;0;1;0;0;1;0;3;0;0;0;1;1;5;2;1;0;1;0;0;5;1;0;0
67339;Betschdorf;44;67;0;0;0;0;0;0;0;0;0;0;0;0;0;0;0;3;1;1;0;0;9;2;0;1;3;4;10;7;0;2;4;0;0;9;2;0;5
67340;Oberbronn;44;67;0;0;0;0;0;0;0;0;0;0;0;0;0;0;0;1;0;0;0;1;3;0;0;0;1;1;2;1;3;0;1;0;0;6;1;0;2
67341;Oberdorf-Spachbach;44;67;0;0;0;0;0;0;0;0;0;0;0;0;0;0;0;0;0;0;0;0;0;0;0;0;0;0;0;0;0;0;0;0;0;0;1;0;0
67342;Oberhaslach;44;67;0;0;0;0;0;0;0;0;0;0;0;0;0;0;0;1;0;0;1;0;4;0;1;0;1;0;2;3;4;1;3;0;0;7;3;0;0
67343;Oberhausbergen;44;67;0;0;0;0;0;0;0;0;0;0;0;0;0;0;0;4;1;1;0;0;8;0;1;1;6;2;4;4;5;2;3;0;0;8;12;0;2
67344;Oberhoffen-lès-Wissembourg;44;67;0;0;0;0;0;0;0;0;0;0;0;0;0;0;0;0;0;0;0;0;0;0;0;0;0;0;2;0;0;0;1;0;0;0;0;0;0
67345;Oberhoffen-sur-Moder;44;67;0;0;0;0;0;0;0;0;0;0;0;0;0;0;0;1;1;1;0;0;11;1;0;0;4;5;4;6;7;2;6;0;0;10;0;1;4
67346;Oberlauterbach;44;67;0;0;0;0;0;0;0;0;0;0;0;0;0;0;0;0;0;0;0;0;1;0;0;0;0;1;0;0;0;0;0;0;0;1;1;0;0
67347;Obermodern-Zutzendorf;44;67;0;0;0;0;0;0;0;0;0;0;0;0;0;0;0;3;1;1;0;0;0;0;0;0;1;2;2;4;3;0;1;2;0;2;1;0;2
67348;Obernai;44;67;0;1;0;0;0;0;0;0;0;1;0;0;0;0;0;9;4;1;0;0;27;2;0;6;5;8;9;11;8;1;17;3;4;58;25;4;14
67349;Oberroedern;44;67;0;0;0;0;0;0;0;0;0;0;0;0;0;0;0;0;0;0;0;0;1;0;0;0;1;1;0;0;0;0;0;0;0;0;0;0;1
67350;Oberschaeffolsheim;44;67;0;0;0;0;0;0;0;0;0;0;0;0;0;0;0;1;0;0;1;0;4;0;0;0;1;5;2;8;3;0;4;0;0;4;2;0;0
67351;Seebach;44;67;0;0;0;0;0;0;0;0;0;0;0;0;0;0;0;1;0;0;0;1;1;0;0;0;1;0;2;0;0;0;3;0;0;5;1;0;1
67352;Obersoultzbach;44;67;0;0;0;0;0;0;0;0;0;0;0;0;0;0;0;0;0;0;0;0;0;0;0;0;1;1;1;0;0;0;1;0;0;0;0;0;0
67353;Obersteinbach;44;67;0;0;0;0;0;0;0;0;0;0;0;0;0;0;0;0;0;0;0;0;0;0;0;0;0;0;0;0;0;0;0;0;0;2;1;0;1
67354;Odratzheim;44;67;0;0;0;0;0;0;0;0;0;0;0;0;0;0;0;0;0;0;0;0;1;0;0;0;0;0;1;2;0;0;0;0;0;0;1;0;0
67355;Oermingen;44;67;0;0;0;0;0;0;0;0;0;0;0;0;0;0;0;1;0;0;0;1;1;0;0;0;1;0;3;2;0;0;3;0;0;2;0;0;1
67356;Offendorf;44;67;0;0;0;0;0;0;0;0;0;0;0;0;0;0;0;1;0;0;1;0;3;0;0;0;1;2;3;6;2;2;2;0;0;5;0;0;3
67358;Offwiller;44;67;0;0;0;0;0;0;0;0;0;0;0;0;0;0;0;0;0;0;1;0;1;0;0;0;0;0;0;1;1;0;0;0;0;1;1;0;0
67359;Ohlungen;44;67;0;0;0;0;0;0;0;0;0;0;0;0;0;0;0;1;0;0;0;0;1;0;0;0;1;2;1;0;1;1;2;0;0;2;0;0;1
67360;Ohnenheim;44;67;0;0;0;0;0;0;0;0;0;0;0;0;0;0;0;0;0;0;0;1;1;0;0;0;1;0;2;2;0;0;1;0;0;0;3;0;1
67361;Olwisheim;44;67;0;0;0;0;0;0;0;0;0;0;0;0;0;0;0;0;0;0;0;0;1;0;0;0;0;1;0;2;0;0;0;0;0;2;0;0;0
67362;Orschwiller;44;67;0;0;0;0;0;0;0;0;0;0;0;0;0;0;0;0;0;0;0;0;1;0;0;0;0;0;1;2;0;0;0;0;0;4;0;0;0
67363;Osthoffen;44;67;0;0;0;0;0;0;0;0;0;0;0;0;0;0;0;0;0;0;0;0;1;0;0;0;0;1;3;0;1;0;1;0;0;1;1;0;0
67364;Osthouse;44;67;0;0;0;0;0;0;0;0;0;0;0;0;0;0;0;0;0;0;1;0;1;0;0;0;0;1;5;1;0;0;0;0;0;1;0;0;0
67365;Ostwald;44;67;0;0;0;0;0;0;0;0;0;0;0;0;0;0;0;5;1;1;0;0;10;1;0;3;7;22;7;17;11;3;9;1;0;16;12;1;9
67366;Ottersthal;44;67;0;0;0;0;0;0;0;0;0;0;0;0;0;0;0;0;0;0;0;0;0;0;0;0;1;0;0;0;0;0;0;0;0;1;0;0;0
67367;Otterswiller;44;67;0;0;0;0;0;0;0;0;0;0;0;0;0;0;0;1;0;0;0;0;7;0;0;0;2;1;2;0;1;0;2;0;0;2;0;0;0
67368;Ottrott;44;67;0;0;0;0;0;0;0;0;0;0;0;0;0;0;0;1;0;1;0;0;1;0;0;0;2;0;5;4;3;1;3;0;0;7;1;0;1
67369;Ottwiller;44;67;0;0;0;0;0;0;0;0;0;0;0;0;0;0;0;0;0;0;0;0;0;0;0;0;0;1;0;0;0;1;0;0;0;0;0;0;0
67370;Petersbach;44;67;0;0;0;0;0;0;0;0;0;0;0;0;0;0;0;1;0;0;1;0;1;0;0;0;2;2;2;1;2;1;1;0;0;1;1;0;0
67371;La Petite-Pierre;44;67;0;1;0;0;0;0;0;0;0;1;0;0;0;0;0;0;0;1;0;0;0;0;0;0;1;0;0;2;0;0;1;0;0;7;0;0;1
67372;Val de Moder;44;67;0;0;0;0;0;0;0;0;0;0;0;0;0;0;0;7;2;1;1;0;13;0;0;4;9;10;9;15;9;2;10;2;0;19;8;0;7
67373;Pfalzweyer;44;67;0;0;0;0;0;0;0;0;0;0;0;0;0;0;0;0;0;0;0;0;1;0;0;0;1;0;0;2;1;0;0;0;0;0;0;0;0
67375;Pfulgriesheim;44;67;0;0;0;0;0;0;0;0;0;0;0;0;0;0;0;1;0;0;0;0;2;0;0;1;0;1;0;2;1;1;2;0;0;2;0;0;0
67377;Plaine;44;67;0;0;0;0;0;0;0;0;0;0;0;0;0;0;0;0;0;0;0;0;1;0;1;0;3;1;1;2;4;0;0;0;0;0;1;0;0
67378;Plobsheim;44;67;0;0;0;0;0;0;0;0;0;0;0;0;0;0;0;1;0;1;0;0;5;0;0;1;1;7;6;7;4;1;6;0;0;8;4;0;1
67379;Preuschdorf;44;67;0;0;0;0;0;0;0;0;0;0;0;0;0;0;0;0;0;1;0;0;5;0;0;0;0;1;3;2;1;0;2;0;0;2;0;0;1
67380;Printzheim;44;67;0;0;0;0;0;0;0;0;0;0;0;0;0;0;0;0;0;0;0;0;1;0;0;0;1;1;1;0;0;0;0;0;0;0;0;0;0
67381;Puberg;44;67;0;0;0;0;0;0;0;0;0;0;0;0;0;0;0;0;0;0;0;0;0;0;0;0;0;0;1;0;1;0;1;0;0;1;1;0;0
67382;Quatzenheim;44;67;0;0;0;0;0;0;0;0;0;0;0;0;0;0;0;0;0;0;0;1;1;0;0;0;0;1;0;1;3;0;1;0;0;2;0;0;0
67383;Rangen;44;67;0;0;0;0;0;0;0;0;0;0;0;0;0;0;0;0;0;0;0;0;1;0;0;0;0;0;1;0;1;0;0;0;0;0;0;0;0
67384;Ranrupt;44;67;0;0;0;0;0;0;0;0;0;0;0;0;0;0;0;0;0;0;0;0;1;0;0;1;1;1;0;0;0;0;0;0;0;3;0;0;0
67385;Ratzwiller;44;67;0;0;0;0;0;0;0;0;0;0;0;0;0;0;0;0;0;0;0;0;0;0;0;0;0;0;1;1;0;0;0;0;0;2;0;0;0
67386;Rauwiller;44;67;0;0;0;0;0;0;0;0;0;0;0;0;0;0;0;0;0;0;0;0;0;0;0;0;0;0;0;1;0;0;0;0;0;4;0;0;0
67387;Reichsfeld;44;67;0;0;0;0;0;0;0;0;0;0;0;0;0;0;0;0;0;0;0;0;0;0;0;0;1;0;0;0;0;0;1;0;0;0;0;0;0
67388;Reichshoffen;44;67;0;1;0;0;0;0;0;0;0;0;0;0;0;0;0;4;0;1;0;0;9;0;0;2;13;16;11;6;6;3;7;2;0;13;10;0;5
67389;Reichstett;44;67;0;0;0;0;0;0;0;0;0;0;0;0;0;0;0;4;0;1;0;0;9;1;0;1;2;9;5;11;9;2;6;0;0;6;8;1;5
67391;Reinhardsmunster;44;67;0;0;0;0;0;0;0;0;0;0;0;0;0;0;0;0;0;0;0;0;1;0;0;0;0;1;0;0;1;0;0;0;0;0;0;0;0
67392;Reipertswiller;44;67;0;0;0;0;0;0;0;0;0;0;0;0;0;0;0;1;0;0;0;0;1;0;0;0;3;0;0;1;0;4;2;0;0;1;0;0;0
67394;Retschwiller;44;67;0;0;0;0;0;0;0;0;0;0;0;0;0;0;0;0;0;0;0;0;1;0;0;0;0;0;0;0;0;0;1;0;0;0;0;0;0
67395;Reutenbourg;44;67;0;0;0;0;0;0;0;0;0;0;0;0;0;0;0;0;0;0;0;0;1;0;0;0;0;0;0;1;0;0;1;0;0;0;1;0;1
67396;Rexingen;44;67;0;0;0;0;0;0;0;0;0;0;0;0;0;0;0;0;0;0;0;0;0;0;0;0;1;1;1;0;0;0;0;0;0;1;0;0;0
67397;Rhinau;44;67;0;0;0;0;0;0;0;0;0;0;0;0;0;0;0;3;0;1;0;0;5;0;0;3;1;1;3;7;3;0;2;1;0;3;2;0;1
67398;Richtolsheim;44;67;0;0;0;0;0;0;0;0;0;0;0;0;0;0;0;0;0;0;0;0;2;0;0;0;1;2;1;0;0;0;0;0;0;1;0;0;0
67400;Riedseltz;44;67;0;0;0;0;0;0;0;0;0;0;0;0;0;0;0;1;0;0;0;0;1;0;0;0;0;1;2;3;2;1;0;0;0;0;0;0;0
67401;Rimsdorf;44;67;0;0;0;0;0;0;0;0;0;0;0;0;0;0;0;0;0;0;0;0;0;0;0;0;0;0;0;1;0;0;0;1;0;0;0;0;1
67402;Ringeldorf;44;67;0;0;0;0;0;0;0;0;0;0;0;0;0;0;0;0;0;0;0;0;0;0;0;0;0;0;0;0;0;0;0;0;0;0;0;0;0
67403;Ringendorf;44;67;0;0;0;0;0;0;0;0;0;0;0;0;0;0;0;0;0;0;0;0;1;0;0;0;0;0;1;1;0;0;1;0;0;1;1;0;0
67404;Rittershoffen;44;67;0;0;0;0;0;0;0;0;0;0;0;0;0;0;0;1;0;0;0;1;0;0;0;0;0;0;0;1;0;0;2;1;1;2;0;0;1
67405;Roeschwoog;44;67;0;0;0;0;0;0;0;0;0;0;0;0;0;0;0;2;1;1;0;0;5;1;0;1;2;2;3;2;4;2;5;0;0;6;1;1;4
67406;Rohr;44;67;0;0;0;0;0;0;0;0;0;0;0;0;0;0;0;0;0;0;0;0;0;0;0;0;0;1;0;0;2;1;0;0;0;0;0;0;0
67407;Rohrwiller;44;67;0;0;0;0;0;0;0;0;0;0;0;0;0;0;0;1;0;0;1;0;4;0;0;0;2;3;7;2;0;0;1;0;0;4;1;0;1
67408;Romanswiller;44;67;0;0;0;0;0;0;0;0;0;0;0;0;0;0;0;1;0;0;1;0;4;0;0;0;3;4;3;1;1;0;2;0;0;4;2;0;2
67409;Roppenheim;44;67;0;0;0;0;0;0;0;0;0;0;0;0;0;0;0;0;0;0;1;0;3;1;0;0;0;1;0;3;1;0;3;0;0;4;1;0;2
67410;Rosenwiller;44;67;0;0;0;0;0;0;0;0;0;0;0;0;0;0;0;0;0;0;0;0;0;0;0;0;1;0;1;1;0;0;1;0;0;0;1;0;0
67411;Rosheim;44;67;0;1;0;0;0;0;0;0;0;1;0;0;0;0;0;5;1;1;0;0;7;1;0;1;5;8;4;13;10;0;6;2;1;15;8;1;9
67412;Rossfeld;44;67;0;0;0;0;0;0;0;0;0;0;0;0;0;0;0;1;0;0;0;0;0;0;0;0;1;1;7;3;5;1;1;0;0;0;1;0;3
67413;Rosteig;44;67;0;0;0;0;0;0;0;0;0;0;0;0;0;0;0;0;0;0;0;0;0;0;0;0;0;0;0;0;0;0;1;0;0;2;0;0;0
67414;Rothau;44;67;0;0;0;0;0;0;0;0;0;0;0;0;0;0;0;3;0;1;0;0;7;0;0;0;3;1;4;1;5;0;3;0;0;3;1;0;3
67415;Rothbach;44;67;0;0;0;0;0;0;0;0;0;0;0;0;0;0;0;1;0;0;1;0;1;0;0;0;0;0;1;1;0;1;0;0;0;1;0;0;0
67416;Rott;44;67;0;0;0;0;0;0;0;0;0;0;0;0;0;0;0;0;0;0;0;0;0;0;0;0;0;0;2;2;1;0;0;0;0;1;1;0;0
67417;Rottelsheim;44;67;0;0;0;0;0;0;0;0;0;0;0;0;0;0;0;0;0;0;0;0;0;0;0;0;0;0;0;0;0;0;0;0;0;2;0;0;0
67418;Rountzenheim;44;67;0;0;0;0;0;0;0;0;0;0;0;0;0;0;0;0;0;0;1;0;1;0;0;0;0;1;3;2;0;0;2;0;0;1;0;0;0
67420;Russ;44;67;0;0;0;0;0;0;0;0;0;0;0;0;0;0;0;0;0;0;0;1;3;1;1;0;3;1;3;3;1;0;1;0;0;1;1;0;3
67421;Saales;44;67;0;1;0;0;0;0;0;0;0;0;0;0;0;0;0;1;0;1;0;0;4;0;0;0;2;0;1;1;0;0;2;0;0;1;0;0;0
67422;Saasenheim;44;67;0;0;0;0;0;0;0;0;0;0;0;0;0;0;0;0;0;0;0;0;2;0;0;0;0;0;0;0;0;0;0;0;0;1;0;0;0
67423;Saessolsheim;44;67;0;0;0;0;0;0;0;0;0;0;0;0;0;0;0;0;0;0;0;0;1;0;0;0;1;0;1;0;0;0;0;0;0;2;0;0;0
67424;Saint-Blaise-la-Roche;44;67;0;0;0;0;0;0;0;0;0;0;0;0;0;0;0;2;1;1;0;0;2;0;0;0;0;0;0;0;1;0;1;0;0;2;0;0;1
67425;Saint-Jean-Saverne;44;67;0;0;0;0;0;0;0;0;0;0;0;0;0;0;0;0;0;0;0;0;0;0;0;0;1;0;0;1;0;0;1;0;0;0;0;0;0
67426;Saint-Martin;44;67;0;0;0;0;0;0;0;0;0;0;0;0;0;0;0;0;0;0;0;0;3;1;0;0;0;1;3;2;0;0;0;0;0;0;0;0;0
67427;Saint-Maurice;44;67;0;0;0;0;0;0;0;0;0;0;0;0;0;0;0;0;0;0;0;0;1;0;0;0;0;1;0;1;1;0;0;0;0;2;0;0;0
67428;Saint-Nabor;44;67;0;0;0;0;0;0;0;0;0;0;0;0;0;0;0;0;0;0;0;0;2;0;0;0;0;0;0;2;0;0;1;0;0;0;1;0;1
67429;Saint-Pierre;44;67;0;0;0;0;0;0;0;0;0;0;0;0;0;0;0;0;1;0;0;0;0;0;0;0;1;3;2;3;0;0;1;0;0;3;0;0;0
67430;Saint-Pierre-Bois;44;67;0;0;0;0;0;0;0;0;0;0;0;0;0;0;0;0;0;0;0;0;2;0;0;0;0;2;1;1;2;0;1;0;0;2;0;0;2
67432;Salmbach;44;67;0;0;0;0;0;0;0;0;0;0;0;0;0;0;0;0;0;0;0;1;2;0;0;0;0;0;1;2;0;0;0;0;0;1;0;0;0
67433;Sand;44;67;0;0;0;0;0;0;0;0;0;0;0;0;0;0;0;1;0;0;0;0;7;0;0;0;2;3;3;3;0;1;1;0;0;0;0;0;0
67434;Sarre-Union;44;67;0;1;0;0;0;0;0;0;0;2;0;0;1;0;0;6;2;1;0;0;10;1;1;3;3;8;8;4;1;1;5;0;5;14;1;1;2
67435;Sarrewerden;44;67;0;0;0;0;0;0;0;0;0;0;0;0;0;0;0;0;0;0;0;0;2;0;0;0;0;1;0;1;0;0;0;0;0;3;0;0;0
67436;Saulxures;44;67;0;0;0;0;0;0;0;0;0;0;0;0;0;0;0;0;0;0;0;1;2;0;0;1;2;0;3;2;2;0;0;1;0;1;2;0;1
67437;Saverne;44;67;0;1;0;1;1;1;1;0;0;3;0;1;0;0;0;11;1;2;0;0;25;3;1;6;23;11;14;13;9;6;22;3;9;60;21;5;7
67438;Schaeffersheim;44;67;0;0;0;0;0;0;0;0;0;0;0;0;0;0;0;0;0;0;0;0;2;0;0;0;1;2;2;0;0;0;1;0;0;1;0;0;0
67439;Schaffhouse-sur-Zorn;44;67;0;0;0;0;0;0;0;0;0;0;0;0;0;0;0;0;0;0;0;0;0;0;0;0;0;0;0;0;2;0;1;0;0;0;0;0;0
67440;Schaffhouse-près-Seltz;44;67;0;0;0;0;0;0;0;0;0;0;0;0;0;0;0;0;0;0;0;0;1;0;0;0;0;0;1;1;1;0;2;0;0;3;0;0;0
67441;Schalkendorf;44;67;0;0;0;0;0;0;0;0;0;0;0;0;0;0;0;0;0;0;0;0;0;0;0;0;0;0;2;0;1;0;0;0;0;0;0;0;0
67442;Scharrachbergheim-Irmstett;44;67;0;0;0;0;0;0;0;0;0;0;0;0;0;0;0;1;0;0;0;1;2;0;0;0;0;0;4;1;1;1;1;0;0;2;1;0;2
67443;Scheibenhard;44;67;0;0;0;0;0;0;0;0;0;0;0;0;0;0;0;0;0;0;0;0;2;0;0;0;1;0;0;1;0;1;0;0;0;0;2;0;0
67444;Scherlenheim;44;67;0;0;0;0;0;0;0;0;0;0;0;0;0;0;0;0;0;0;0;0;0;0;0;0;0;0;1;0;0;0;0;0;0;0;0;0;0
67445;Scherwiller;44;67;0;0;0;0;0;0;0;0;0;0;0;0;0;0;0;1;0;1;0;0;7;1;0;0;4;6;16;5;2;1;6;0;0;8;1;0;2
67446;Schillersdorf;44;67;0;0;0;0;0;0;0;0;0;0;0;0;0;0;0;0;1;0;0;0;2;0;0;0;0;1;2;1;2;0;0;0;0;1;0;0;1
67447;Schiltigheim;44;67;0;0;0;0;1;1;0;0;0;5;0;1;0;0;0;27;5;2;0;0;40;2;0;12;29;99;29;37;32;11;35;3;5;133;50;7;25
67448;Schirmeck;44;67;0;1;0;0;0;0;0;0;0;1;0;1;0;0;0;4;0;1;0;0;4;0;0;2;2;4;2;3;5;1;4;1;2;10;3;0;2
67449;Schirrhein;44;67;0;0;0;0;0;0;0;0;0;0;0;0;0;0;0;1;0;1;0;0;2;0;0;0;2;4;4;3;3;0;5;1;0;4;1;0;4
67450;Schirrhoffen;44;67;0;0;0;0;0;0;0;0;0;0;0;0;0;0;0;0;0;0;0;0;2;0;0;0;1;3;1;0;1;0;2;0;0;0;1;0;2
67451;Schleithal;44;67;0;0;0;0;0;0;0;0;0;0;0;0;0;0;0;1;0;0;1;0;0;0;0;2;0;0;1;1;0;1;2;0;0;2;1;0;2
67452;Schnersheim;44;67;0;0;0;0;0;0;0;0;0;0;0;0;0;0;0;1;0;0;0;0;2;0;0;0;0;2;4;2;1;0;2;0;0;0;2;0;0
67453;Schoenau;44;67;0;0;0;0;0;0;0;0;0;0;0;0;0;0;0;0;0;0;0;1;1;0;0;0;0;1;0;0;1;0;0;0;0;0;1;0;0
67454;Schoenbourg;44;67;0;0;0;0;0;0;0;0;0;0;0;0;0;0;0;0;0;0;0;0;1;0;0;0;0;0;1;0;0;0;0;0;0;0;0;0;0
67455;Schoenenbourg;44;67;0;0;0;0;0;0;0;0;0;0;0;0;0;0;0;0;0;0;0;0;2;0;0;1;0;0;0;2;1;1;1;0;0;0;0;0;0
67456;Schopperten;44;67;0;0;0;0;0;0;0;0;0;0;0;0;0;0;0;0;0;0;0;0;0;0;0;0;0;0;1;0;0;0;0;0;0;2;0;0;1
67458;Schweighouse-sur-Moder;44;67;0;0;0;0;0;0;0;0;0;0;0;0;0;0;0;4;2;1;0;0;18;2;0;1;6;14;10;5;6;1;7;0;0;13;5;1;7
67459;Schwenheim;44;67;0;0;0;0;0;0;0;0;0;0;0;0;0;0;0;0;0;0;0;0;1;0;0;0;0;1;2;1;1;0;1;0;0;2;1;0;0
67460;Schwindratzheim;44;67;0;0;0;0;0;0;0;0;0;0;0;0;0;0;0;1;1;0;0;1;4;0;1;1;2;2;2;1;2;0;3;0;0;3;0;0;1
67461;Schwobsheim;44;67;0;0;0;0;0;0;0;0;0;0;0;0;0;0;0;0;0;0;0;0;0;0;0;0;0;1;0;0;1;0;1;0;0;0;0;0;0
67462;Sélestat;44;67;1;1;0;0;1;0;0;0;0;3;0;1;0;0;0;14;3;2;0;0;36;3;2;7;30;38;19;25;12;3;36;7;17;74;32;5;19
67463;Seltz;44;67;0;1;0;0;0;0;0;0;0;1;0;0;0;0;0;4;1;1;0;0;5;1;0;2;1;1;4;4;2;0;6;0;1;14;6;1;5
67464;Sermersheim;44;67;0;0;0;0;0;0;0;0;0;0;0;0;0;0;0;0;0;0;0;0;3;0;0;0;1;3;0;1;0;0;0;0;0;2;0;0;1
67465;Sessenheim;44;67;0;0;0;0;0;0;0;0;0;0;0;0;0;0;0;1;0;1;0;0;4;0;0;0;1;6;5;3;2;0;8;0;0;7;4;0;5
67466;Siegen;44;67;0;0;0;0;0;0;0;0;0;0;0;0;0;0;0;0;0;0;0;0;2;0;0;0;1;2;2;0;0;1;0;0;0;0;0;0;1
67467;Siewiller;44;67;0;0;0;0;0;0;0;0;0;0;0;0;0;0;0;0;0;0;0;0;0;0;0;1;0;2;1;0;0;0;0;0;0;1;1;0;0
67468;Siltzheim;44;67;0;0;0;0;0;0;0;0;0;0;0;0;0;0;0;0;0;0;0;0;1;0;0;0;0;0;1;1;0;0;1;0;0;1;0;0;0
67470;Solbach;44;67;0;0;0;0;0;0;0;0;0;0;0;0;0;0;0;0;0;0;0;0;0;0;0;0;0;0;0;0;0;0;0;0;0;0;0;0;0
67471;Souffelweyersheim;44;67;0;0;0;0;0;0;0;0;0;0;0;0;0;0;0;3;1;1;0;0;30;2;4;1;10;12;1;8;11;1;9;2;0;6;11;0;3
67472;Soufflenheim;44;67;0;1;0;0;0;0;0;0;0;0;0;0;0;0;0;3;1;1;0;0;6;1;0;2;8;11;6;9;4;0;7;1;0;19;5;1;6
67473;Soultz-les-Bains;44;67;0;0;0;0;0;0;0;0;0;0;0;0;0;0;0;1;0;0;0;0;0;0;0;0;0;2;0;2;0;0;4;0;0;5;1;0;1
67474;Soultz-sous-Forêts;44;67;0;1;0;0;0;0;0;0;0;1;0;0;0;0;0;4;1;1;0;0;7;1;0;2;0;4;5;5;2;1;6;1;1;14;2;0;4
67475;Sparsbach;44;67;0;0;0;0;0;0;0;0;0;0;0;0;0;0;0;0;0;0;0;0;0;0;0;0;0;0;0;0;0;0;0;0;0;1;0;0;0
67476;Stattmatten;44;67;0;0;0;0;0;0;0;0;0;0;0;0;0;0;0;0;0;0;0;0;1;0;0;0;1;1;2;0;0;1;1;0;0;1;0;0;1
67477;Steige;44;67;0;0;0;0;0;0;0;0;0;0;0;0;0;0;0;0;0;0;0;0;2;0;0;0;0;2;4;0;0;0;0;0;0;2;0;0;0
67478;Steinbourg;44;67;0;0;0;0;0;0;0;0;0;0;0;0;0;0;0;1;0;0;1;0;4;0;0;0;1;2;3;8;1;0;3;0;1;1;0;0;2
67479;Steinseltz;44;67;0;0;0;0;0;0;0;0;0;0;0;0;0;0;0;0;0;0;0;0;1;0;0;0;0;0;1;2;0;1;0;0;0;0;0;0;0
67480;Still;44;67;0;0;0;0;0;0;0;0;0;0;0;0;0;0;0;0;0;0;0;1;2;0;0;0;3;2;2;4;6;0;1;0;0;1;0;0;1
67481;Stotzheim;44;67;0;0;0;0;0;0;0;0;0;0;0;0;0;0;0;1;0;0;1;0;2;0;0;0;4;3;2;1;1;0;2;0;0;3;0;0;1
67482;Strasbourg;44;67;3;1;0;1;1;1;1;1;0;26;0;4;0;1;0;197;25;27;1;0;222;16;26;73;210;456;150;191;189;51;374;24;106;1229;443;66;193
67483;Struth;44;67;0;0;0;0;0;0;0;0;0;0;0;0;0;0;0;0;0;0;0;0;0;0;0;0;0;0;1;0;0;0;0;0;0;1;0;0;0
67484;Stundwiller;44;67;0;0;0;0;0;0;0;0;0;0;0;0;0;0;0;0;0;0;0;0;0;0;0;0;1;0;0;0;0;0;2;0;0;1;0;0;1
67485;Stutzheim-Offenheim;44;67;0;0;0;0;0;0;0;0;0;0;0;0;0;0;0;0;0;0;0;0;2;0;0;0;0;1;1;2;2;0;0;0;0;5;2;0;1
67486;Sundhouse;44;67;0;1;0;0;0;0;0;0;0;0;0;0;0;0;0;2;1;0;0;1;4;0;0;2;2;3;6;6;3;0;4;0;0;5;3;0;3
67487;Surbourg;44;67;0;0;0;0;0;0;0;0;0;0;0;0;0;0;0;1;0;0;0;1;3;0;0;0;3;2;5;1;0;1;3;0;0;4;6;0;1
67488;Thal-Drulingen;44;67;0;0;0;0;0;0;0;0;0;0;0;0;0;0;0;0;0;0;0;0;1;0;0;0;0;0;1;0;1;0;1;0;0;0;0;0;0
67489;Thal-Marmoutier;44;67;0;0;0;0;0;0;0;0;0;0;0;0;0;0;0;0;0;0;0;0;0;0;0;1;1;1;2;1;0;0;0;0;0;0;3;0;0
67490;Thanvillé;44;67;0;0;0;0;0;0;0;0;0;0;0;0;0;0;0;1;0;0;0;0;2;0;1;0;1;0;0;0;1;0;1;0;0;1;1;0;1
67491;Tieffenbach;44;67;0;0;0;0;0;0;0;0;0;0;0;0;0;0;0;0;0;0;1;0;0;0;0;0;1;0;0;1;0;0;1;0;0;0;0;0;0
67492;Traenheim;44;67;0;0;0;0;0;0;0;0;0;0;0;0;0;0;0;0;0;0;0;0;2;0;0;0;0;1;0;4;1;0;1;0;0;1;0;0;2
67493;Triembach-au-Val;44;67;0;0;0;0;0;0;0;0;0;0;0;0;0;0;0;0;1;0;1;0;2;0;0;0;0;1;0;1;1;0;0;0;0;2;1;0;0
67494;Trimbach;44;67;0;0;0;0;0;0;0;0;0;0;0;0;0;0;0;0;0;0;0;0;4;0;0;0;1;0;0;1;0;1;2;0;0;1;0;0;1
67495;Truchtersheim;44;67;0;1;0;0;0;0;0;0;0;1;0;0;1;0;0;3;0;1;0;0;9;1;0;4;2;4;12;6;6;2;4;2;0;9;5;1;2
67497;Uhlwiller;44;67;0;0;0;0;0;0;0;0;0;0;0;0;0;0;0;0;0;0;0;0;3;0;0;0;0;1;3;0;0;0;0;0;0;0;0;0;0
67498;Uhrwiller;44;67;0;0;0;0;0;0;0;0;0;0;0;0;0;0;0;1;0;0;0;1;0;0;0;0;0;2;1;1;0;0;0;0;0;0;0;0;0
67499;Urbeis;44;67;0;0;0;0;0;0;0;0;0;0;0;0;0;0;0;0;0;0;0;0;0;0;0;0;1;0;0;1;1;0;0;0;0;1;0;0;1
67500;Urmatt;44;67;0;0;0;0;0;0;0;0;0;0;0;0;0;0;0;1;0;0;0;1;6;1;0;1;0;0;1;3;1;0;2;1;0;1;1;0;2
67501;Uttenheim;44;67;0;0;0;0;0;0;0;0;0;0;0;0;0;0;0;0;0;0;0;0;1;0;0;0;0;1;0;2;0;0;2;0;0;0;0;0;0
67502;Uttenhoffen;44;67;0;0;0;0;0;0;0;0;0;0;0;0;0;0;0;0;0;0;0;0;0;0;0;0;1;0;3;0;0;0;0;0;0;0;0;0;0
67503;Uttwiller;44;67;0;0;0;0;0;0;0;0;0;0;0;0;0;0;0;0;0;0;0;0;0;0;0;0;1;0;1;0;0;0;0;0;0;0;0;0;0
67504;Valff;44;67;0;0;0;0;0;0;0;0;0;0;0;0;0;0;0;1;0;0;0;0;4;0;0;0;4;3;1;4;1;0;2;0;0;2;2;0;1
67505;La Vancelle;44;67;0;0;0;0;0;0;0;0;0;0;0;0;0;0;0;0;0;0;0;0;1;0;0;0;1;0;1;1;0;0;0;0;0;1;0;0;1
67506;Vendenheim;44;67;0;0;0;0;0;0;0;0;0;0;0;0;0;0;0;4;2;1;0;0;6;0;0;2;5;14;5;8;6;3;7;1;0;25;7;0;7
67507;Villé;44;67;0;1;0;0;0;0;0;0;0;1;0;0;0;0;0;5;0;1;0;0;2;0;0;2;0;0;4;1;2;0;5;2;0;15;3;1;4
67508;Voellerdingen;44;67;0;0;0;0;0;0;0;0;0;0;0;0;0;0;0;0;0;0;0;0;0;0;0;0;0;0;0;1;0;0;1;0;0;1;0;0;0
67509;Volksberg;44;67;0;0;0;0;0;0;0;0;0;0;0;0;0;0;0;0;0;0;0;0;0;0;0;0;1;1;2;0;0;0;0;0;0;1;0;0;0
67510;Wahlenheim;44;67;0;0;0;0;0;0;0;0;0;0;0;0;0;0;0;0;0;0;0;0;0;0;0;0;0;0;1;0;0;0;0;0;0;0;0;0;0
67511;Walbourg;44;67;0;0;0;0;0;0;0;0;0;0;0;0;0;0;0;0;0;0;1;0;0;0;0;1;1;1;1;1;0;0;0;0;0;0;1;0;2
67513;Waldersbach;44;67;0;0;0;0;0;0;0;0;0;0;0;0;0;0;0;0;0;0;0;0;0;0;0;0;0;0;1;0;0;0;1;0;0;2;0;0;0
67514;Waldhambach;44;67;0;0;0;0;0;0;0;0;0;0;0;0;0;0;0;0;0;0;0;0;2;0;0;0;2;0;1;1;1;0;0;0;0;3;0;0;1
67515;Waldolwisheim;44;67;0;0;0;0;0;0;0;0;0;0;0;0;0;0;0;0;0;0;1;0;1;0;0;0;2;0;1;1;2;0;0;0;0;0;1;0;0
67516;Waltenheim-sur-Zorn;44;67;0;0;0;0;0;0;0;0;0;0;0;0;0;0;0;1;0;0;0;0;3;0;0;0;0;0;1;2;0;0;0;0;0;1;0;0;0
67517;Wangen;44;67;0;0;0;0;0;0;0;0;0;0;0;0;0;0;0;0;0;0;0;0;2;0;0;0;0;0;3;1;0;1;2;0;0;0;0;0;0
67519;La Wantzenau;44;67;0;1;0;0;0;0;0;0;0;0;0;0;0;0;0;4;1;1;0;0;8;0;0;2;2;6;9;3;7;0;5;2;0;17;14;1;7
67520;Wasselonne;44;67;0;1;0;0;0;0;0;0;0;1;0;0;0;0;0;6;1;1;0;0;10;2;0;3;9;11;8;7;5;1;9;1;1;17;7;1;5
67521;Weinbourg;44;67;0;0;0;0;0;0;0;0;0;0;0;0;0;0;0;0;0;0;0;0;1;0;0;0;1;1;1;1;1;0;0;0;0;1;0;0;0
67522;Weislingen;44;67;0;0;0;0;0;0;0;0;0;0;0;0;0;0;0;0;0;0;0;0;1;0;0;0;2;0;3;0;0;0;2;0;0;1;0;0;0
67523;Weitbruch;44;67;0;0;0;0;0;0;0;0;0;0;0;0;0;0;0;2;1;0;1;0;1;0;0;1;0;4;6;5;2;1;3;0;0;3;3;0;2
67524;Weiterswiller;44;67;0;0;0;0;0;0;0;0;0;0;0;0;0;0;0;0;0;0;0;0;1;0;0;0;0;0;0;2;1;0;1;0;0;1;0;0;1
67525;Westhoffen;44;67;0;0;0;0;0;0;0;0;0;0;0;0;0;0;0;1;0;0;0;1;3;0;1;0;3;2;6;4;1;0;2;0;0;6;0;0;4
67526;Westhouse;44;67;0;0;0;0;0;0;0;0;0;0;0;0;0;0;0;1;0;0;0;0;1;0;0;0;3;1;2;2;1;0;1;0;0;1;1;0;1
67527;Westhouse-Marmoutier;44;67;0;0;0;0;0;0;0;0;0;0;0;0;0;0;0;0;0;0;0;0;1;0;0;0;1;0;1;0;0;0;0;0;0;0;1;1;0
67528;Weyer;44;67;0;0;0;0;0;0;0;0;0;0;0;0;0;0;0;0;0;0;0;0;0;0;0;0;2;2;2;1;0;0;0;0;0;1;0;0;0
67529;Weyersheim;44;67;0;0;0;0;0;0;0;0;0;0;0;0;0;0;0;1;0;1;0;0;10;2;0;2;3;5;8;6;4;1;4;1;0;4;3;1;2
67530;Wickersheim-Wilshausen;44;67;0;0;0;0;0;0;0;0;0;0;0;0;0;0;0;0;0;0;0;0;0;0;0;0;0;0;3;1;2;0;0;0;0;0;0;0;0
67531;Wildersbach;44;67;0;0;0;0;0;0;0;0;0;0;0;0;0;0;0;0;0;0;0;0;0;0;0;0;0;0;0;1;0;0;0;0;0;0;0;0;0
67532;Willgottheim;44;67;0;0;0;0;0;0;0;0;0;0;0;0;0;0;0;1;0;0;1;0;0;0;0;0;0;4;2;3;2;0;2;0;0;4;1;0;1
67534;Wilwisheim;44;67;0;0;0;0;0;0;0;0;0;0;0;0;0;0;0;0;0;0;0;0;2;0;0;0;0;0;2;1;0;0;1;0;0;2;1;0;0
67535;Wimmenau;44;67;0;0;0;0;0;0;0;0;0;0;0;0;0;0;0;1;1;0;1;0;2;1;0;0;2;3;1;3;0;0;3;0;0;3;0;0;2
67536;Windstein;44;67;0;0;0;0;0;0;0;0;0;0;0;0;0;0;0;0;0;0;0;0;0;0;0;0;0;1;0;0;0;0;0;0;0;2;2;0;0
67537;Wingen;44;67;0;0;0;0;0;0;0;0;0;0;0;0;0;0;0;0;0;0;0;0;1;0;0;0;0;0;2;0;1;0;0;0;0;1;1;0;1
67538;Wingen-sur-Moder;44;67;0;0;0;0;0;0;0;0;0;0;0;0;0;0;0;2;0;1;0;0;2;0;0;0;2;6;1;6;1;0;5;0;0;5;0;0;2
67539;Wingersheim les Quatre Bans;44;67;0;0;0;0;0;0;0;0;0;0;0;0;0;0;0;1;0;0;0;1;2;0;0;1;4;4;5;4;6;0;4;0;0;5;1;0;0
67540;Wintershouse;44;67;0;0;0;0;0;0;0;0;0;0;0;0;0;0;0;0;0;0;0;0;0;0;0;0;1;0;2;0;1;0;2;0;0;1;0;0;1
67541;Wintzenbach;44;67;0;0;0;0;0;0;0;0;0;0;0;0;0;0;0;0;0;0;0;0;1;0;0;0;0;0;1;0;0;0;0;0;0;0;0;0;0
67542;Wintzenheim-Kochersberg;44;67;0;0;0;0;0;0;0;0;0;0;0;0;0;0;0;0;0;0;0;0;1;0;0;0;0;1;1;0;0;0;0;0;0;0;0;0;0
67543;Wisches;44;67;0;0;0;0;0;0;0;0;0;0;0;0;0;0;0;2;1;1;0;0;1;0;0;0;3;3;3;2;1;1;2;0;0;3;2;0;1
67544;Wissembourg;44;67;0;1;0;0;0;0;0;0;0;2;0;1;0;0;0;9;2;1;0;0;15;2;1;3;9;8;10;5;9;4;8;3;1;43;9;1;8
67545;Witternheim;44;67;0;0;0;0;0;0;0;0;0;0;0;0;0;0;0;0;0;0;0;0;1;0;0;0;0;2;1;0;0;0;0;0;0;0;1;0;0
67546;Wittersheim;44;67;0;0;0;0;0;0;0;0;0;0;0;0;0;0;0;0;0;0;0;0;2;0;0;0;0;1;0;1;0;0;1;0;0;1;0;0;1
67547;Wittisheim;44;67;0;0;0;0;0;0;0;0;0;0;0;0;0;0;0;1;0;0;0;1;3;1;0;1;1;3;1;3;2;3;1;0;0;3;0;0;1
67548;Wiwersheim;44;67;0;0;0;0;0;0;0;0;0;0;0;0;0;0;0;0;0;0;0;0;3;0;0;0;0;1;3;3;1;2;1;0;0;2;4;0;0
67550;Woerth;44;67;0;1;0;0;0;0;0;0;0;1;0;0;0;0;0;4;1;1;0;0;6;1;0;2;1;3;4;5;2;0;5;0;0;5;2;0;6
67551;Wolfisheim;44;67;0;1;0;0;0;0;0;0;0;0;0;0;0;0;0;2;1;1;0;0;2;0;0;1;1;11;2;4;7;1;4;1;0;4;10;1;3
67552;Wolfskirchen;44;67;0;0;0;0;0;0;0;0;0;0;0;0;0;0;0;0;0;0;0;0;1;0;0;0;0;0;3;0;3;0;0;0;0;1;0;0;0
67553;Wolschheim;44;67;0;0;0;0;0;0;0;0;0;0;0;0;0;0;0;0;0;0;0;0;1;0;0;0;0;0;2;0;0;0;0;0;0;1;0;0;0
67554;Wolxheim;44;67;0;0;0;0;0;0;0;0;0;0;0;0;0;0;0;1;0;0;0;0;0;0;0;0;0;1;2;2;2;0;0;0;0;0;3;0;1
67555;Zehnacker;44;67;0;0;0;0;0;0;0;0;0;0;0;0;0;0;0;0;0;0;0;0;1;0;0;0;1;0;0;0;0;0;1;0;0;0;0;0;0
67556;Zeinheim;44;67;0;0;0;0;0;0;0;0;0;0;0;0;0;0;0;0;0;0;0;0;0;0;0;0;0;0;1;0;0;0;0;0;0;0;0;0;0
67557;Zellwiller;44;67;0;0;0;0;0;0;0;0;0;0;0;0;0;0;0;1;0;0;1;0;3;0;0;1;0;3;0;0;0;0;1;0;0;2;0;0;0
67558;Zinswiller;44;67;0;0;0;0;0;0;0;0;0;0;0;0;0;0;0;1;0;0;1;0;1;0;0;0;0;2;1;3;1;0;1;0;0;2;0;0;1
67559;Zittersheim;44;67;0;0;0;0;0;0;0;0;0;0;0;0;0;0;0;0;0;0;0;0;1;0;0;0;0;1;0;0;0;0;0;0;0;1;0;0;0
67560;Zoebersdorf;44;67;0;0;0;0;0;0;0;0;0;0;0;0;0;0;0;0;0;0;0;0;0;0;0;0;0;0;0;1;0;1;0;0;0;0;0;0;0
68001;Algolsheim;44;68;0;0;0;0;0;0;0;0;0;0;0;0;0;0;0;0;0;0;0;0;2;0;0;1;1;0;0;0;3;1;2;0;0;2;0;0;0
68002;Altenach;44;68;0;0;0;0;0;0;0;0;0;0;0;0;0;0;0;0;0;0;0;0;0;0;0;0;0;1;1;0;0;0;0;0;0;1;0;0;0
68004;Altkirch;44;68;0;1;0;0;0;0;0;0;0;0;3;1;0;0;0;8;2;1;0;0;15;1;1;4;1;7;8;4;4;0;13;3;2;31;5;1;10
68005;Ammerschwihr;44;68;0;0;0;0;0;0;0;0;0;0;0;0;0;0;0;3;0;0;0;1;1;0;0;1;0;1;1;2;1;0;2;0;0;6;0;0;3
68006;Bernwiller;44;68;0;0;0;0;0;0;0;0;0;0;0;0;0;0;0;0;0;0;0;0;2;0;0;0;0;0;2;4;2;0;0;0;0;3;0;0;0
68007;Andolsheim;44;68;0;0;0;0;0;0;0;0;0;0;0;0;0;0;0;1;0;1;0;0;1;0;0;0;4;3;1;6;2;4;2;0;0;1;2;0;1
68008;Appenwihr;44;68;0;0;0;0;0;0;0;0;0;0;0;0;0;0;0;0;0;0;0;0;0;0;0;0;0;0;2;0;0;0;0;0;0;0;1;0;0
68009;Artzenheim;44;68;0;0;0;0;0;0;0;0;0;0;0;0;0;0;0;0;0;0;0;0;3;0;0;0;1;1;1;0;0;1;0;0;0;2;0;0;0
68010;Aspach;44;68;0;0;0;0;0;0;0;0;0;0;0;0;0;0;0;0;0;0;0;0;4;0;0;0;2;0;7;0;1;0;0;0;0;1;0;0;1
68011;Aspach-le-Bas;44;68;0;0;0;0;0;0;0;0;0;0;0;0;0;0;0;0;0;0;0;1;2;0;0;2;1;1;3;4;2;0;3;0;0;3;1;0;2
68012;Aspach-Michelbach;44;68;0;0;0;0;0;0;0;0;0;0;0;0;0;0;0;1;0;0;0;0;2;0;0;0;3;3;2;0;2;0;5;1;0;3;1;0;1
68013;Attenschwiller;44;68;0;0;0;0;0;0;0;0;0;0;0;0;0;0;0;1;0;0;0;0;0;0;0;0;1;2;1;0;0;0;2;0;0;1;2;0;2
68014;Aubure;44;68;0;0;0;0;0;0;0;0;0;0;0;0;0;0;0;0;0;0;0;1;1;0;0;0;0;0;0;0;1;0;0;0;0;1;1;0;0
68015;Baldersheim;44;68;0;0;0;0;0;0;0;0;0;0;0;0;0;0;0;2;0;0;0;1;9;0;0;1;2;2;1;4;3;0;2;0;0;1;0;0;5
68016;Balgau;44;68;0;0;0;0;0;0;0;0;0;0;0;0;0;0;0;0;0;0;0;0;1;0;0;0;0;0;1;1;0;0;0;0;0;0;0;0;0
68017;Ballersdorf;44;68;0;0;0;0;0;0;0;0;0;0;0;0;0;0;0;0;0;0;0;0;1;0;0;0;0;1;0;1;0;0;1;0;0;2;0;0;1
68018;Balschwiller;44;68;0;0;0;0;0;0;0;0;0;0;0;0;0;0;0;1;1;0;1;0;0;0;0;0;0;0;2;2;2;0;0;0;0;1;0;0;0
68019;Baltzenheim;44;68;0;0;0;0;0;0;0;0;0;0;0;0;0;0;0;0;0;0;0;0;1;0;0;0;0;1;0;0;0;0;1;0;0;0;1;0;0
68020;Bantzenheim;44;68;0;0;0;0;0;0;0;0;0;0;0;0;0;0;0;1;0;1;0;0;0;0;0;1;1;1;1;0;0;0;1;0;0;1;1;0;1
68021;Bartenheim;44;68;0;0;0;0;0;0;0;0;0;0;0;0;0;0;0;1;1;1;0;0;6;0;0;2;4;6;3;4;4;1;6;0;0;10;5;0;5
68022;Battenheim;44;68;0;0;0;0;0;0;0;0;0;0;0;0;0;0;0;1;1;0;1;0;3;0;0;0;0;3;2;2;2;1;1;0;0;1;0;0;1
68023;Beblenheim;44;68;0;0;0;0;0;0;0;0;0;0;0;0;0;0;0;0;0;0;0;1;3;0;0;0;0;1;0;1;2;0;1;0;0;4;0;0;0
68024;Bellemagny;44;68;0;0;0;0;0;0;0;0;0;0;0;0;0;0;0;0;0;0;0;0;0;0;0;0;0;0;0;0;0;0;1;0;0;0;0;0;0
68025;Bendorf;44;68;0;0;0;0;0;0;0;0;0;0;0;0;0;0;0;0;0;0;0;0;0;0;0;0;0;0;0;0;0;0;0;0;0;0;0;0;0
68026;Bennwihr;44;68;0;0;0;0;0;0;0;0;0;0;0;0;0;0;0;2;0;0;1;0;3;0;0;0;1;2;5;4;2;1;1;0;0;3;0;0;2
68027;Berentzwiller;44;68;0;0;0;0;0;0;0;0;0;0;0;0;0;0;0;0;0;0;0;0;0;0;0;0;0;0;1;0;0;0;0;0;0;0;0;0;0
68028;Bergheim;44;68;0;0;0;0;0;0;0;0;0;0;0;0;0;0;0;2;0;1;0;0;2;1;0;1;4;5;6;2;5;0;2;0;0;7;1;1;1
68029;Bergholtz;44;68;0;0;0;0;0;0;0;0;0;0;0;0;0;0;0;0;0;0;0;1;3;1;0;0;0;1;4;0;1;1;2;0;0;1;1;0;0
68030;Bergholtzzell;44;68;0;0;0;0;0;0;0;0;0;0;0;0;0;0;0;0;0;0;0;0;0;0;0;0;0;1;1;0;1;0;1;0;0;0;0;0;0
68032;Berrwiller;44;68;0;0;0;0;0;0;0;0;0;0;0;0;0;0;0;0;0;0;0;0;4;0;0;0;0;3;2;1;1;0;2;0;0;3;2;0;0
68033;Bettendorf;44;68;0;0;0;0;0;0;0;0;0;0;0;0;0;0;0;0;0;0;0;0;0;0;0;0;0;1;1;0;0;0;0;0;0;0;0;0;1
68034;Bettlach;44;68;0;0;0;0;0;0;0;0;0;0;0;0;0;0;0;0;0;0;0;0;0;0;0;0;0;0;0;0;0;0;0;0;0;3;1;0;0
68035;Biederthal;44;68;0;0;0;0;0;0;0;0;0;0;0;0;0;0;0;0;0;0;0;0;0;0;0;0;0;0;0;0;0;0;0;0;0;0;0;0;0
68036;Biesheim;44;68;0;0;0;0;0;0;0;0;0;0;0;0;0;0;0;1;0;0;1;0;1;0;0;2;2;3;1;1;1;1;2;0;2;6;0;0;2
68037;Biltzheim;44;68;0;0;0;0;0;0;0;0;0;0;0;0;0;0;0;0;0;0;0;0;2;0;0;0;0;0;0;0;0;0;0;0;0;0;1;0;0
68038;Bischwihr;44;68;0;0;0;0;0;0;0;0;0;0;0;0;0;0;0;0;0;0;0;0;0;0;0;0;0;0;2;2;0;0;2;1;0;0;0;0;1
68039;Bisel;44;68;0;0;0;0;0;0;0;0;0;0;0;0;0;0;0;0;0;0;0;0;0;0;0;0;0;0;0;0;0;0;1;0;0;3;0;0;1
68040;Bitschwiller-lès-Thann;44;68;0;0;0;0;0;0;0;0;0;0;0;0;0;0;0;1;1;0;1;0;6;1;0;1;5;4;0;3;0;0;4;0;0;5;0;0;0
68041;Blodelsheim;44;68;0;1;0;0;0;0;0;0;0;0;0;0;0;0;0;1;0;0;1;0;3;0;0;0;1;4;2;0;1;0;2;0;0;3;1;0;2
68042;Blotzheim;44;68;0;0;0;0;0;0;0;0;0;0;0;0;0;0;0;3;0;1;0;0;2;0;0;1;3;4;5;3;2;0;6;1;0;6;6;0;6
68043;Bollwiller;44;68;0;1;0;0;0;0;0;0;0;0;0;0;0;0;0;3;0;1;0;0;4;0;0;1;0;6;7;0;2;1;10;0;0;4;1;0;10
68044;Le Bonhomme;44;68;0;0;0;0;0;0;0;0;0;0;0;0;0;0;0;1;0;0;1;0;1;0;0;0;1;2;2;1;0;1;0;0;0;5;0;0;1
68045;Bourbach-le-Bas;44;68;0;0;0;0;0;0;0;0;0;0;0;0;0;0;0;0;0;0;0;1;2;0;0;0;1;0;2;0;1;1;0;0;0;1;0;0;1
68046;Bourbach-le-Haut;44;68;0;0;0;0;0;0;0;0;0;0;0;0;0;0;0;0;0;0;0;0;0;0;0;0;0;0;1;0;1;0;1;0;0;1;0;0;0
68049;Bouxwiller;44;68;0;0;0;0;0;0;0;0;0;0;0;0;0;0;0;0;0;0;0;0;1;0;0;0;0;0;2;1;1;0;0;0;0;1;0;0;0
68050;Bréchaumont;44;68;0;0;0;0;0;0;0;0;0;0;0;0;0;0;0;0;0;0;0;0;1;0;0;0;1;0;0;0;0;0;0;0;0;0;3;0;0
68051;Breitenbach-Haut-Rhin;44;68;0;0;0;0;0;0;0;0;0;0;0;0;0;0;0;1;0;0;0;1;0;0;0;0;1;1;5;1;2;0;0;0;0;2;0;0;1
68052;Bretten;44;68;0;0;0;0;0;0;0;0;0;0;0;0;0;0;0;0;0;0;0;0;0;0;0;0;0;1;0;2;0;0;0;0;0;0;0;0;0
68054;Brinckheim;44;68;0;0;0;0;0;0;0;0;0;0;0;0;0;0;0;0;0;0;0;0;0;0;0;0;0;0;0;0;0;0;0;0;0;0;0;0;0
68055;Bruebach;44;68;0;0;0;0;0;0;0;0;0;0;0;0;0;0;0;0;1;0;0;0;0;0;0;0;2;3;0;4;2;0;1;0;0;1;1;0;3
68056;Brunstatt-Didenheim;44;68;0;0;0;0;0;0;0;0;0;0;0;0;0;0;0;7;0;2;0;0;13;0;0;2;7;7;10;15;13;5;8;1;0;12;10;2;10
68057;Buethwiller;44;68;0;0;0;0;0;0;0;0;0;0;0;0;0;0;0;0;0;0;0;0;0;0;0;0;0;0;0;0;0;0;0;0;0;0;0;0;0
68058;Buhl;44;68;0;0;0;0;0;0;0;0;0;0;0;0;0;0;0;1;1;1;0;0;4;0;0;1;3;14;2;3;4;0;9;0;0;5;1;0;4
68059;Burnhaupt-le-Bas;44;68;0;0;0;0;0;0;0;0;0;0;0;0;0;0;0;0;0;0;0;0;8;0;0;0;2;2;1;4;1;1;3;0;0;5;1;0;2
68060;Burnhaupt-le-Haut;44;68;0;1;0;0;0;0;0;0;0;0;0;0;0;0;0;2;0;1;0;0;1;0;0;1;0;4;6;2;4;1;2;0;0;4;0;0;4
68061;Buschwiller;44;68;0;0;0;0;0;0;0;0;0;0;0;0;0;0;0;1;0;0;0;0;0;0;0;0;1;0;0;0;1;0;1;0;0;1;0;0;1
68062;Carspach;44;68;0;0;0;0;0;0;0;0;0;0;0;0;0;0;0;1;0;0;1;0;0;1;0;0;6;3;1;2;1;0;1;0;0;4;0;0;3
68063;Cernay;44;68;0;1;0;0;0;0;0;0;0;0;1;0;0;0;0;9;1;1;0;0;24;1;3;4;13;15;7;21;11;3;19;2;8;28;10;2;16
68064;Chalampé;44;68;0;0;0;0;0;0;0;0;0;0;0;0;0;0;0;0;0;0;0;1;2;0;0;0;0;0;0;1;0;0;1;0;0;4;1;0;1
68065;Chavannes-sur-l'Étang;44;68;0;0;0;0;0;0;0;0;0;0;0;0;0;0;0;0;0;0;0;0;2;0;0;0;1;1;1;0;0;0;0;0;0;2;0;0;0
68066;Colmar;44;68;1;1;1;1;1;1;1;0;0;0;13;2;0;1;0;40;7;3;1;0;107;12;9;15;67;78;56;93;38;17;121;7;37;305;88;16;62
68067;Courtavon;44;68;0;0;0;0;0;0;0;0;0;0;0;0;0;0;0;1;0;0;0;0;1;0;0;0;0;0;1;0;0;0;0;0;0;0;0;0;1
68068;Dannemarie;44;68;0;1;0;0;0;0;0;0;0;0;1;0;0;0;0;5;2;1;0;0;8;1;0;3;2;3;7;1;2;1;9;4;0;10;3;1;3
68069;Dessenheim;44;68;0;0;0;0;0;0;0;0;0;0;0;0;0;0;0;1;0;0;1;0;1;0;0;0;0;3;1;2;2;0;1;0;0;2;0;0;0
68071;Diefmatten;44;68;0;0;0;0;0;0;0;0;0;0;0;0;0;0;0;0;0;0;0;0;1;0;0;0;0;0;1;0;3;0;0;0;0;2;0;0;1
68072;Dietwiller;44;68;0;0;0;0;0;0;0;0;0;0;0;0;0;0;0;0;0;0;0;0;2;0;0;0;0;0;1;1;0;1;1;0;0;0;1;0;0
68073;Dolleren;44;68;0;0;0;0;0;0;0;0;0;0;0;0;0;0;0;0;0;0;0;0;0;0;0;0;0;0;0;2;1;1;0;0;0;1;0;0;1
68074;Durlinsdorf;44;68;0;0;0;0;0;0;0;0;0;0;0;0;0;0;0;1;0;0;1;0;0;0;0;0;0;0;0;0;0;0;0;0;0;2;0;0;0
68075;Durmenach;44;68;0;1;0;0;0;0;0;0;0;0;0;0;0;0;0;1;0;0;0;1;0;0;0;0;2;0;0;2;1;0;2;0;0;1;0;0;0
68076;Durrenentzen;44;68;0;0;0;0;0;0;0;0;0;0;0;0;0;0;0;0;0;0;0;0;2;0;0;0;3;0;3;1;1;0;0;0;0;0;1;0;1
68077;Eglingen;44;68;0;0;0;0;0;0;0;0;0;0;0;0;0;0;0;0;0;0;0;0;1;0;0;0;1;1;1;0;0;0;1;0;0;3;0;0;0
68078;Eguisheim;44;68;0;0;0;0;0;0;0;0;0;0;0;0;0;0;0;3;1;1;0;0;1;0;0;0;0;1;2;1;2;2;1;0;0;21;1;0;1
68079;Elbach;44;68;0;0;0;0;0;0;0;0;0;0;0;0;0;0;0;0;0;0;0;0;0;0;0;0;0;0;0;0;2;1;0;0;0;0;0;0;0
68080;Emlingen;44;68;0;0;0;0;0;0;0;0;0;0;0;0;0;0;0;0;0;0;0;0;1;0;0;0;0;0;0;0;0;0;0;0;0;0;0;0;0
68081;Saint-Bernard;44;68;0;0;0;0;0;0;0;0;0;0;0;0;0;0;0;0;0;0;0;0;2;0;0;0;0;1;3;2;3;1;0;0;0;0;0;0;0
68082;Ensisheim;44;68;0;1;0;0;0;0;0;0;0;0;1;0;0;0;0;5;1;1;0;0;12;2;0;2;3;2;11;15;4;5;10;5;2;12;3;1;2
68083;Eschbach-au-Val;44;68;0;0;0;0;0;0;0;0;0;0;0;0;0;0;0;1;0;0;0;0;0;0;0;0;0;0;0;0;0;0;1;0;0;1;0;0;0
68084;Eschentzwiller;44;68;0;0;0;0;0;0;0;0;0;0;0;0;0;0;0;1;0;0;0;0;0;0;0;0;1;1;2;1;4;0;0;0;0;1;0;0;0
68085;Eteimbes;44;68;0;0;0;0;0;0;0;0;0;0;0;0;0;0;0;0;0;0;0;0;1;0;0;0;1;0;1;1;0;0;1;0;0;1;0;0;0
68086;Falkwiller;44;68;0;0;0;0;0;0;0;0;0;0;0;0;0;0;0;0;0;0;0;0;0;0;0;0;0;0;0;0;0;0;1;0;0;0;0;0;0
68087;Feldbach;44;68;0;0;0;0;0;0;0;0;0;0;0;0;0;0;0;0;0;0;0;0;0;0;0;0;1;1;2;0;0;0;0;0;0;2;0;0;0
68088;Feldkirch;44;68;0;0;0;0;0;0;0;0;0;0;0;0;0;0;0;0;0;0;0;0;5;0;0;0;2;1;0;2;1;1;0;0;2;2;1;0;0
68089;Fellering;44;68;0;1;0;0;0;0;0;0;0;0;0;0;0;0;0;1;0;1;0;0;6;0;0;1;1;3;3;4;3;1;4;0;0;5;1;0;6
68090;Ferrette;44;68;0;1;0;0;0;0;0;0;0;0;1;0;0;0;0;5;0;1;0;0;2;0;0;1;3;1;0;1;0;0;2;1;0;5;1;0;1
68091;Fessenheim;44;68;0;0;0;0;0;0;0;0;0;0;0;0;0;0;0;2;0;1;0;0;1;1;0;1;0;3;3;1;5;1;4;0;1;5;0;1;2
68092;Fislis;44;68;0;0;0;0;0;0;0;0;0;0;0;0;0;0;0;0;0;0;0;0;0;0;0;0;0;0;0;0;0;0;0;0;0;1;0;0;0
68093;Flaxlanden;44;68;0;0;0;0;0;0;0;0;0;0;0;0;0;0;0;1;0;0;0;0;1;0;0;0;0;1;0;1;0;0;0;0;0;0;1;0;2
68094;Folgensbourg;44;68;0;0;0;0;0;0;0;0;0;0;0;0;0;0;0;1;0;0;0;1;0;0;0;1;0;0;0;0;0;0;1;0;0;1;0;0;2
68095;Fortschwihr;44;68;0;0;0;0;0;0;0;0;0;0;0;0;0;0;0;1;0;0;0;0;0;0;0;0;1;0;1;5;3;0;2;0;0;3;0;0;2
68096;Franken;44;68;0;0;0;0;0;0;0;0;0;0;0;0;0;0;0;1;0;0;0;0;0;0;0;0;0;0;0;0;0;0;0;0;0;0;0;0;0
68097;Fréland;44;68;0;0;0;0;0;0;0;0;0;0;0;0;0;0;0;1;0;0;0;1;4;0;0;0;1;0;3;3;2;0;1;0;0;3;0;0;0
68098;Friesen;44;68;0;0;0;0;0;0;0;0;0;0;0;0;0;0;0;0;0;0;0;0;1;0;0;0;1;2;0;0;1;0;0;0;0;1;0;0;1
68099;Froeningen;44;68;0;0;0;0;0;0;0;0;0;0;0;0;0;0;0;0;0;0;0;0;0;0;0;0;0;1;2;0;4;0;2;1;0;2;0;0;0
68100;Fulleren;44;68;0;0;0;0;0;0;0;0;0;0;0;0;0;0;0;0;0;0;0;0;0;0;0;0;0;0;0;0;0;0;0;0;0;0;0;0;0
68101;Galfingue;44;68;0;0;0;0;0;0;0;0;0;0;0;0;0;0;0;0;0;0;0;0;0;0;0;0;1;0;1;5;1;0;1;0;0;0;0;0;1
68102;Geishouse;44;68;0;0;0;0;0;0;0;0;0;0;0;0;0;0;0;0;0;0;0;0;0;0;0;0;0;1;1;0;0;0;1;0;0;2;0;0;0
68103;Geispitzen;44;68;0;0;0;0;0;0;0;0;0;0;0;0;0;0;0;1;0;0;0;0;0;0;1;0;0;0;1;0;2;0;0;0;0;0;0;0;1
68104;Geiswasser;44;68;0;0;0;0;0;0;0;0;0;0;0;0;0;0;0;0;0;0;0;0;0;0;0;0;1;0;0;1;1;0;0;0;0;0;0;0;0
68105;Gildwiller;44;68;0;0;0;0;0;0;0;0;0;0;0;0;0;0;0;0;0;0;0;0;1;0;0;0;0;0;1;1;0;0;0;0;0;2;0;0;0
68106;Goldbach-Altenbach;44;68;0;0;0;0;0;0;0;0;0;0;0;0;0;0;0;0;0;0;0;0;0;0;1;0;0;0;0;1;0;0;1;0;0;0;1;0;0
68107;Gommersdorf;44;68;0;0;0;0;0;0;0;0;0;0;0;0;0;0;0;0;0;0;0;0;0;0;0;0;1;0;0;0;0;0;0;0;0;0;0;0;0
68109;Griesbach-au-Val;44;68;0;0;0;0;0;0;0;0;0;0;0;0;0;0;0;0;0;0;0;1;2;0;0;0;2;2;2;3;0;1;0;0;0;0;0;0;0
68110;Grussenheim;44;68;0;0;0;0;0;0;0;0;0;0;0;0;0;0;0;1;0;0;0;0;2;0;0;0;1;0;1;1;2;0;1;0;0;1;0;0;1
68111;Gueberschwihr;44;68;0;0;0;0;0;0;0;0;0;0;0;0;0;0;0;1;0;0;1;0;0;0;0;0;0;2;2;0;0;0;0;0;0;5;1;0;0
68112;Guebwiller;44;68;1;2;0;0;1;0;0;0;0;0;2;1;0;0;0;8;2;1;0;0;12;1;1;4;10;17;6;13;9;0;22;3;4;39;8;4;11
68113;Guémar;44;68;0;0;0;0;0;0;0;0;0;0;0;0;0;0;0;1;0;0;0;1;0;0;0;0;1;4;6;3;4;0;2;0;0;3;1;0;2
68114;Guevenatten;44;68;0;0;0;0;0;0;0;0;0;0;0;0;0;0;0;0;0;0;0;0;0;0;0;0;0;0;1;0;0;0;0;1;0;0;0;0;1
68115;Guewenheim;44;68;0;0;0;0;0;0;0;0;0;0;0;0;0;0;0;1;0;0;0;1;3;0;0;0;1;2;1;1;0;0;1;0;0;2;0;0;0
68116;Gundolsheim;44;68;0;0;0;0;0;0;0;0;0;0;0;0;0;0;0;0;0;0;0;0;1;0;0;0;0;0;1;0;0;0;0;0;0;3;1;0;0
68117;Gunsbach;44;68;0;0;0;0;0;0;0;0;0;0;0;0;0;0;0;0;0;0;1;0;2;0;0;0;0;2;3;1;1;0;2;0;0;4;1;0;1
68118;Habsheim;44;68;0;0;0;0;0;0;0;0;0;0;0;0;0;0;0;1;1;1;0;0;9;0;0;3;3;5;4;6;3;0;7;1;0;10;11;0;6
68119;Hagenbach;44;68;0;0;0;0;0;0;0;0;0;0;0;0;0;0;0;0;0;0;0;0;0;0;0;0;0;1;1;1;1;0;1;0;0;0;1;0;0
68120;Hagenthal-le-Bas;44;68;0;0;0;0;0;0;0;0;0;0;0;0;0;0;0;1;0;0;1;0;1;0;0;1;1;0;0;1;0;0;3;0;0;4;0;0;2
68121;Hagenthal-le-Haut;44;68;0;1;0;0;0;0;0;0;0;0;0;0;0;0;0;0;0;0;0;0;1;0;0;0;0;0;0;0;0;0;1;0;0;0;0;0;1
68122;Hartmannswiller;44;68;0;0;0;0;0;0;0;0;0;0;0;0;0;0;0;0;0;0;0;0;0;0;0;0;0;0;1;0;0;0;2;0;0;1;1;0;0
68123;Hattstatt;44;68;0;0;0;0;0;0;0;0;0;0;0;0;0;0;0;0;0;0;1;0;3;0;0;0;0;4;3;0;1;0;1;0;0;2;0;0;1
68124;Hausgauen;44;68;0;0;0;0;0;0;0;0;0;0;0;0;0;0;0;0;0;0;0;0;1;0;0;0;0;0;2;0;0;0;0;0;0;1;0;0;0
68125;Hecken;44;68;0;0;0;0;0;0;0;0;0;0;0;0;0;0;0;0;0;0;0;0;0;0;0;0;0;0;0;1;0;0;1;0;0;0;0;0;0
68126;Hégenheim;44;68;0;0;0;0;0;0;0;0;0;0;0;0;0;0;0;2;0;1;0;0;5;0;0;1;0;1;4;1;2;1;4;0;0;8;2;1;5
68127;Heidwiller;44;68;0;0;0;0;0;0;0;0;0;0;0;0;0;0;0;0;0;0;0;0;0;0;0;0;1;0;1;1;3;0;1;0;0;1;0;0;1
68128;Heimersdorf;44;68;0;0;0;0;0;0;0;0;0;0;0;0;0;0;0;0;0;0;0;0;0;0;1;0;0;1;1;0;1;0;1;0;0;1;1;0;0
68129;Heimsbrunn;44;68;0;0;0;0;0;0;0;0;0;0;0;0;0;0;0;0;0;0;1;0;1;0;0;0;3;1;1;1;1;0;2;0;0;3;0;0;1
68130;Heiteren;44;68;0;0;0;0;0;0;0;0;0;0;0;0;0;0;0;0;0;0;0;0;1;0;0;0;0;0;0;0;0;0;1;0;0;3;0;0;0
68131;Heiwiller;44;68;0;0;0;0;0;0;0;0;0;0;0;0;0;0;0;0;0;0;0;0;0;0;0;0;0;0;0;0;0;0;0;0;0;0;0;0;0
68132;Helfrantzkirch;44;68;0;0;0;0;0;0;0;0;0;0;0;0;0;0;0;0;0;0;0;0;1;0;0;0;0;0;1;0;0;0;1;0;0;1;0;0;0
68134;Herrlisheim-près-Colmar;44;68;0;0;0;0;0;0;0;0;0;0;0;0;0;0;0;1;0;0;0;1;1;0;0;0;0;1;7;2;1;0;2;0;0;4;3;0;2
68135;Hésingue;44;68;0;0;0;0;0;0;0;0;0;0;0;0;0;0;0;1;0;0;1;0;7;1;0;1;2;3;9;5;4;2;5;1;0;6;3;0;7
68136;Hettenschlag;44;68;0;0;0;0;0;0;0;0;0;0;0;0;0;0;0;0;0;0;0;0;0;0;0;0;0;0;1;1;1;0;0;0;0;2;0;0;0
68137;Hindlingen;44;68;0;0;0;0;0;0;0;0;0;0;0;0;0;0;0;0;0;0;0;0;0;0;0;0;1;0;2;2;1;1;0;0;0;1;1;0;0
68138;Hirsingue;44;68;0;0;0;0;0;0;0;0;0;0;0;0;0;0;0;3;1;1;0;0;4;1;0;1;4;1;4;2;1;0;6;1;0;7;4;2;4
68139;Hirtzbach;44;68;0;0;0;0;0;0;0;0;0;0;0;0;0;0;0;1;0;0;1;0;2;0;0;0;1;1;3;2;1;0;2;0;0;4;2;0;2
68140;Hirtzfelden;44;68;0;0;0;0;0;0;0;0;0;0;0;0;0;0;0;0;0;0;1;0;2;0;0;0;1;1;1;0;2;0;3;0;0;2;1;0;1
68141;Hochstatt;44;68;0;0;0;0;0;0;0;0;0;0;0;0;0;0;0;1;0;0;1;0;3;1;0;0;1;1;1;3;1;1;1;0;0;3;1;0;5
68142;Hohrod;44;68;0;0;0;0;0;0;0;0;0;0;0;0;0;0;0;1;0;0;0;0;0;0;0;0;0;0;1;0;0;0;0;0;0;0;0;0;1
68143;Porte du Ried;44;68;0;0;0;0;0;0;0;0;0;0;0;0;0;0;0;1;1;0;0;0;3;0;0;1;2;3;6;4;4;1;4;0;0;4;3;0;1
68144;Hombourg;44;68;0;0;0;0;0;0;0;0;0;0;0;0;0;0;0;1;1;0;0;0;1;0;0;0;1;2;0;1;0;0;0;0;0;0;0;0;1
68145;Horbourg-Wihr;44;68;0;0;0;0;0;0;0;0;0;0;0;0;0;0;0;3;0;1;0;0;6;1;0;1;3;3;9;7;8;1;8;0;1;7;6;0;7
68146;Houssen;44;68;0;0;0;0;0;0;0;0;0;0;0;0;0;0;0;1;0;0;0;1;7;0;0;0;4;2;4;5;2;1;5;0;0;10;0;1;1
68147;Hunawihr;44;68;0;0;0;0;0;0;0;0;0;0;0;0;0;0;0;0;0;0;1;0;1;0;0;0;1;0;2;1;1;0;0;0;0;4;0;0;0
68148;Hundsbach;44;68;0;0;0;0;0;0;0;0;0;0;0;0;0;0;0;0;0;0;0;0;0;0;0;0;0;0;0;0;0;0;0;0;0;0;0;0;0
68149;Huningue;44;68;0;0;0;0;0;0;0;0;0;0;0;0;0;0;0;5;0;1;0;0;6;0;0;2;1;2;2;5;5;0;12;1;0;23;1;2;9
68150;Husseren-les-Châteaux;44;68;0;0;0;0;0;0;0;0;0;0;0;0;0;0;0;0;0;0;0;0;0;0;0;0;0;0;0;0;0;0;0;0;0;0;0;0;0
68151;Husseren-Wesserling;44;68;0;0;0;0;0;0;0;0;0;0;0;0;0;0;0;0;0;0;1;0;1;0;0;0;0;3;2;2;2;0;1;0;0;4;1;0;0
68152;Illfurth;44;68;0;1;0;0;0;0;0;0;0;0;0;0;0;0;0;1;0;1;0;0;3;0;0;1;1;2;4;6;1;1;6;0;0;4;2;0;0
68153;Illhaeusern;44;68;0;0;0;0;0;0;0;0;0;0;0;0;0;0;0;1;0;0;0;0;0;0;0;0;1;0;2;0;1;0;1;0;0;3;0;0;1
68154;Illzach;44;68;0;1;0;0;0;0;0;0;0;0;0;0;0;0;0;5;1;2;0;0;41;2;2;4;15;21;16;29;16;1;21;3;2;25;3;2;5
68155;Ingersheim;44;68;0;1;0;0;0;0;0;0;0;0;0;0;0;0;0;3;0;1;0;0;8;1;0;3;4;8;4;8;3;1;8;1;0;9;4;0;3
68156;Issenheim;44;68;0;0;0;0;0;0;0;0;0;0;0;0;0;0;0;1;1;1;0;0;7;0;0;1;2;4;3;1;7;1;6;0;0;5;1;0;1
68157;Jebsheim;44;68;0;1;0;0;0;0;0;0;0;0;0;0;0;0;0;1;0;0;0;1;3;0;0;1;0;0;3;1;1;0;2;1;0;1;0;0;0
68158;Jettingen;44;68;0;0;0;0;0;0;0;0;0;0;0;0;0;0;0;0;0;0;0;0;1;0;0;0;0;0;1;0;0;0;0;0;0;2;1;0;0
68159;Jungholtz;44;68;0;0;0;0;0;0;0;0;0;0;0;0;0;0;0;1;0;0;0;1;3;0;0;0;1;2;4;1;2;0;1;1;0;1;0;0;0
68160;Kappelen;44;68;0;0;0;0;0;0;0;0;0;0;0;0;0;0;0;0;0;0;0;0;1;0;0;0;0;0;1;0;0;0;1;0;0;1;0;0;0
68161;Katzenthal;44;68;0;0;0;0;0;0;0;0;0;0;0;0;0;0;0;0;0;0;1;0;1;0;0;0;0;0;0;1;1;0;1;0;0;2;1;0;1
68162;Kaysersberg Vignoble;44;68;0;1;0;0;0;0;0;0;0;0;1;0;0;0;0;9;1;1;1;0;9;0;1;1;2;5;2;6;6;1;11;1;0;43;3;1;3
68163;Kembs;44;68;0;0;0;0;0;0;0;0;0;0;0;0;0;0;0;2;0;1;0;0;5;0;0;0;1;3;5;3;2;0;7;0;0;8;1;0;5
68165;Kiffis;44;68;0;0;0;0;0;0;0;0;0;0;0;0;0;0;0;0;0;0;0;0;1;0;0;0;0;0;0;0;0;0;0;0;0;2;0;0;0
68166;Kingersheim;44;68;0;0;0;0;0;0;0;0;0;0;0;0;0;0;0;5;2;1;1;0;22;1;3;3;24;17;11;15;9;0;18;1;0;18;12;0;12
68167;Kirchberg;44;68;0;0;0;0;0;0;0;0;0;0;0;0;0;0;0;0;0;0;0;0;4;0;0;0;0;1;1;2;0;0;0;1;0;1;0;0;0
68168;Knoeringue;44;68;0;0;0;0;0;0;0;0;0;0;0;0;0;0;0;0;0;0;0;0;0;0;0;0;0;0;0;0;0;0;0;0;0;2;0;0;0
68169;Koestlach;44;68;0;0;0;0;0;0;0;0;0;0;0;0;0;0;0;0;0;0;0;0;0;0;0;0;1;0;1;1;0;0;0;0;0;0;0;0;0
68170;Koetzingue;44;68;0;0;0;0;0;0;0;0;0;0;0;0;0;0;0;0;0;0;0;0;0;0;0;0;0;1;1;0;1;0;0;0;0;0;1;0;0
68171;Kruth;44;68;0;0;0;0;0;0;0;0;0;0;0;0;0;0;0;0;0;0;1;0;1;0;0;0;0;1;3;3;0;0;0;0;0;5;0;0;0
68172;Kunheim;44;68;0;0;0;0;0;0;0;0;0;0;0;0;0;0;0;1;0;0;0;1;2;0;0;0;3;0;1;2;1;1;3;0;0;2;1;0;2
68173;Labaroche;44;68;0;0;0;0;0;0;0;0;0;0;0;0;0;0;0;2;0;1;0;0;3;0;0;0;1;4;6;4;2;2;2;0;0;4;3;0;1
68174;Landser;44;68;0;0;0;0;0;0;0;0;0;0;0;0;0;0;0;1;0;0;1;0;0;0;0;1;0;1;0;0;1;0;1;0;0;4;1;0;0
68175;Lapoutroie;44;68;0;1;0;0;0;0;0;0;0;0;0;0;0;0;0;3;0;1;0;0;4;0;0;1;4;1;6;2;4;0;2;0;0;5;2;0;0
68176;Largitzen;44;68;0;0;0;0;0;0;0;0;0;0;0;0;0;0;0;0;0;0;0;0;1;0;0;0;0;1;0;0;0;0;0;0;0;0;2;0;0
68177;Lautenbach;44;68;0;0;0;0;0;0;0;0;0;0;0;0;0;0;0;1;0;1;0;0;1;0;0;0;1;1;1;2;1;0;1;0;0;4;0;0;0
68178;Lautenbachzell;44;68;0;0;0;0;0;0;0;0;0;0;0;0;0;0;0;0;0;0;0;0;1;0;0;0;1;3;4;4;0;0;1;0;0;2;0;0;0
68179;Lauw;44;68;0;0;0;0;0;0;0;0;0;0;0;0;0;0;0;0;0;0;1;0;2;0;0;1;0;0;1;0;2;0;2;0;0;2;0;0;0
68180;Leimbach;44;68;0;0;0;0;0;0;0;0;0;0;0;0;0;0;0;1;0;0;0;0;0;0;0;1;0;1;2;0;0;0;1;0;0;0;0;0;2
68181;Levoncourt;44;68;0;0;0;0;0;0;0;0;0;0;0;0;0;0;0;0;0;0;0;0;0;0;0;0;0;0;0;1;1;0;0;0;0;0;0;0;0
68182;Leymen;44;68;0;0;0;0;0;0;0;0;0;0;0;0;0;0;0;1;0;0;0;1;1;0;0;0;0;2;2;0;1;0;1;0;0;6;0;0;0
68183;Liebenswiller;44;68;0;0;0;0;0;0;0;0;0;0;0;0;0;0;0;0;0;0;0;0;0;0;0;0;0;0;0;0;0;0;0;0;0;1;0;0;0
68184;Liebsdorf;44;68;0;0;0;0;0;0;0;0;0;0;0;0;0;0;0;0;0;0;0;0;0;0;0;0;0;0;1;0;1;0;0;0;0;1;0;0;1
68185;Lièpvre;44;68;0;0;0;0;0;0;0;0;0;0;0;0;0;0;0;2;0;1;0;0;4;1;0;1;1;2;8;3;5;0;4;0;0;2;0;0;2
68186;Ligsdorf;44;68;0;0;0;0;0;0;0;0;0;0;0;0;0;0;0;1;0;0;0;0;0;0;0;0;1;1;0;0;0;0;0;0;0;1;0;0;0
68187;Linsdorf;44;68;0;0;0;0;0;0;0;0;0;0;0;0;0;0;0;0;0;0;0;0;1;0;0;0;0;0;0;0;0;0;1;0;0;1;0;0;0
68188;Linthal;44;68;0;0;0;0;0;0;0;0;0;0;0;0;0;0;0;2;0;0;1;0;1;0;0;0;1;1;1;1;1;1;0;0;0;3;0;0;0
68189;Logelheim;44;68;0;0;0;0;0;0;0;0;0;0;0;0;0;0;0;0;0;0;0;0;3;0;0;0;2;1;0;0;1;0;1;0;0;0;2;0;0
68190;Lucelle;44;68;0;0;0;0;0;0;0;0;0;0;0;0;0;0;0;0;0;0;0;0;2;0;0;0;0;0;0;0;0;0;0;0;0;1;0;0;0
68191;Luemschwiller;44;68;0;0;0;0;0;0;0;0;0;0;0;0;0;0;0;0;0;0;0;0;0;0;0;0;1;1;2;1;0;0;1;0;0;0;0;0;0
68192;Valdieu-Lutran;44;68;0;0;0;0;0;0;0;0;0;0;0;0;0;0;0;0;0;0;0;0;0;0;0;0;2;0;0;0;0;0;1;0;0;0;0;0;0
68193;Luttenbach-près-Munster;44;68;0;0;0;0;0;0;0;0;0;0;0;0;0;0;0;0;0;0;0;0;0;0;0;0;1;2;1;1;0;0;1;0;0;3;0;0;2
68194;Lutter;44;68;0;0;0;0;0;0;0;0;0;0;0;0;0;0;0;0;0;0;0;0;0;0;0;0;0;0;1;0;0;0;0;0;0;1;1;0;0
68195;Lutterbach;44;68;0;1;0;0;0;0;0;0;0;0;0;0;0;0;0;4;2;1;0;0;12;1;0;1;4;7;7;8;6;4;5;1;2;13;9;0;4
68196;Magny;44;68;0;0;0;0;0;0;0;0;0;0;0;0;0;0;0;0;0;0;0;0;0;0;0;0;0;0;0;2;1;0;0;0;0;0;0;0;0
68197;Magstatt-le-Bas;44;68;0;0;0;0;0;0;0;0;0;0;0;0;0;0;0;0;0;0;0;0;1;0;0;0;0;0;0;0;1;0;1;0;0;0;0;0;0
68198;Magstatt-le-Haut;44;68;0;0;0;0;0;0;0;0;0;0;0;0;0;0;0;0;0;0;0;0;0;0;0;0;0;0;0;0;0;0;0;0;0;0;0;0;0
68199;Malmerspach;44;68;0;0;0;0;0;0;0;0;0;0;0;0;0;0;0;0;0;0;0;0;1;0;0;0;0;0;0;0;1;0;1;0;0;2;0;0;0
68200;Manspach;44;68;0;0;0;0;0;0;0;0;0;0;0;0;0;0;0;0;0;0;0;0;2;0;0;0;0;1;0;1;0;0;0;0;0;0;0;0;1
68201;Masevaux-Niederbruck;44;68;0;1;0;0;0;0;0;0;0;0;1;0;0;0;0;5;3;1;0;1;6;0;0;1;3;1;12;3;5;0;8;1;0;11;3;1;6
68202;Mertzen;44;68;0;0;0;0;0;0;0;0;0;0;0;0;0;0;0;0;0;0;0;0;0;0;0;0;0;2;0;0;0;0;0;0;0;1;0;0;0
68203;Merxheim;44;68;0;0;0;0;0;0;0;0;0;0;0;0;0;0;0;1;1;0;1;0;4;0;0;0;1;1;0;1;1;0;2;0;0;3;0;0;2
68204;Metzeral;44;68;0;0;0;0;0;0;0;0;0;0;0;0;0;0;0;1;0;0;0;1;1;0;0;0;1;0;2;2;1;0;1;0;0;7;1;0;0
68205;Meyenheim;44;68;0;0;0;0;0;0;0;0;0;0;0;0;0;0;0;0;0;0;0;0;3;0;0;0;2;0;2;1;1;1;1;0;0;1;0;0;0
68207;Michelbach-le-Bas;44;68;0;0;0;0;0;0;0;0;0;0;0;0;0;0;0;0;1;0;0;0;0;0;0;0;1;1;1;2;0;0;0;0;0;0;0;0;0
68208;Michelbach-le-Haut;44;68;0;0;0;0;0;0;0;0;0;0;0;0;0;0;0;1;0;0;0;0;0;0;0;0;0;1;2;0;0;0;0;0;0;0;0;0;0
68209;Mittelwihr;44;68;0;0;0;0;0;0;0;0;0;0;0;0;0;0;0;1;0;0;1;0;3;0;0;0;0;2;0;1;1;0;1;0;0;2;1;2;1
68210;Mittlach;44;68;0;0;0;0;0;0;0;0;0;0;0;0;0;0;0;0;0;0;0;0;0;0;0;0;1;2;1;0;1;1;0;0;0;2;0;0;0
68211;Mitzach;44;68;0;0;0;0;0;0;0;0;0;0;0;0;0;0;0;0;0;0;0;0;1;0;0;0;0;1;2;0;0;0;0;0;0;0;0;0;0
68212;Moernach;44;68;0;0;0;0;0;0;0;0;0;0;0;0;0;0;0;0;0;0;0;0;0;0;0;0;0;0;0;2;1;0;0;0;0;0;1;0;0
68213;Mollau;44;68;0;0;0;0;0;0;0;0;0;0;0;0;0;0;0;0;0;0;0;0;1;0;0;0;1;1;0;0;0;0;0;0;0;1;0;0;0
68214;Montreux-Jeune;44;68;0;0;0;0;0;0;0;0;0;0;0;0;0;0;0;0;0;0;0;0;1;0;0;0;0;0;1;0;0;0;0;0;0;1;0;0;0
68215;Montreux-Vieux;44;68;0;0;0;0;0;0;0;0;0;0;0;0;0;0;0;1;0;0;0;1;0;0;0;0;0;1;0;1;0;1;1;0;0;0;0;0;1
68216;Mooslargue;44;68;0;0;0;0;0;0;0;0;0;0;0;0;0;0;0;0;0;0;0;0;0;0;0;0;0;1;0;0;0;0;1;0;0;1;0;0;0
68217;Moosch;44;68;0;0;0;0;0;0;0;0;0;0;0;0;0;0;0;1;0;0;1;0;3;0;0;0;2;2;2;1;0;1;3;1;0;3;0;0;0
68218;Morschwiller-le-Bas;44;68;0;1;0;0;0;0;0;0;0;0;0;0;0;0;0;1;0;1;0;0;2;1;0;0;2;2;8;6;5;1;6;1;0;5;3;0;2
68219;Le Haut Soultzbach;44;68;0;0;0;0;0;0;0;0;0;0;0;0;0;0;0;0;0;0;0;0;1;0;0;0;2;1;6;2;1;0;0;0;0;0;0;0;0
68221;Muespach;44;68;0;0;0;0;0;0;0;0;0;0;0;0;0;0;0;1;0;0;0;1;0;0;0;0;0;1;1;0;0;0;1;1;0;1;1;0;0
68222;Muespach-le-Haut;44;68;0;0;0;0;0;0;0;0;0;0;0;0;0;0;0;0;0;0;0;0;2;0;0;0;0;1;0;2;0;0;0;0;0;0;0;0;3
68223;Muhlbach-sur-Munster;44;68;0;0;0;0;0;0;0;0;0;0;0;0;0;0;0;0;0;0;1;0;2;0;0;0;1;2;4;0;2;2;0;0;0;1;0;0;0
68224;Mulhouse;44;68;1;0;0;1;1;1;1;1;0;0;14;4;0;1;0;63;12;11;0;0;109;7;14;35;116;190;56;103;75;22;171;9;48;482;107;19;92
68225;Munchhouse;44;68;0;0;0;0;0;0;0;0;0;0;0;0;0;0;0;1;0;0;1;0;1;0;0;0;0;1;1;3;2;1;2;0;0;0;0;0;1
68226;Munster;44;68;0;1;0;0;0;0;0;0;0;0;1;0;0;0;0;6;1;1;0;0;10;3;0;3;4;9;5;6;6;0;11;2;0;23;6;3;3
68227;Muntzenheim;44;68;0;0;0;0;0;0;0;0;0;0;1;0;0;0;0;2;1;1;0;0;2;0;0;1;1;1;4;0;1;0;1;0;0;2;1;0;1
68228;Munwiller;44;68;0;0;0;0;0;0;0;0;0;0;0;0;0;0;0;0;0;0;0;0;0;0;0;0;0;0;1;0;0;0;0;0;0;0;2;0;1
68229;Murbach;44;68;0;0;0;0;0;0;0;0;0;0;0;0;0;0;0;0;0;0;0;0;0;0;0;0;0;1;0;0;0;0;0;0;0;1;0;0;0
68230;Nambsheim;44;68;0;0;0;0;0;0;0;0;0;0;0;0;0;0;0;0;0;0;0;0;1;0;0;0;0;0;1;0;1;1;0;0;0;0;1;0;0
68231;Neuf-Brisach;44;68;0;1;0;0;0;0;0;0;0;0;1;0;0;0;0;6;1;1;0;0;2;3;0;2;2;4;1;2;0;0;4;1;0;13;4;2;2
68232;Neuwiller;44;68;0;0;0;0;0;0;0;0;0;0;0;0;0;0;0;1;0;0;0;0;1;0;0;0;0;0;1;1;0;0;0;0;0;2;0;0;0
68234;Niederentzen;44;68;0;0;0;0;0;0;0;0;0;0;0;0;0;0;0;0;0;0;0;0;3;0;0;0;1;2;0;0;1;1;0;0;0;1;0;0;0
68235;Niederhergheim;44;68;0;0;0;0;0;0;0;0;0;0;0;0;0;0;0;0;0;0;0;0;1;0;0;0;1;0;4;3;2;0;0;0;0;0;0;0;0
68237;Niedermorschwihr;44;68;0;0;0;0;0;0;0;0;0;0;0;0;0;0;0;0;0;0;0;1;0;0;0;0;0;0;1;0;1;0;0;0;0;4;0;0;0
68238;Niffer;44;68;0;0;0;0;0;0;0;0;0;0;0;0;0;0;0;0;0;0;0;0;1;0;0;0;0;0;0;0;0;0;2;0;0;0;1;0;1
68239;Oberbruck;44;68;0;0;0;0;0;0;0;0;0;0;0;0;0;0;0;1;0;0;0;1;0;0;0;0;0;0;0;0;1;0;1;0;0;2;0;0;0
68240;Illtal;44;68;0;0;0;0;0;0;0;0;0;0;0;0;0;0;0;1;1;0;0;1;2;0;0;0;0;2;4;0;1;0;2;1;0;0;0;0;1
68241;Oberentzen;44;68;0;0;0;0;0;0;0;0;0;0;0;0;0;0;0;0;0;0;0;0;2;0;0;0;0;0;0;0;2;0;0;0;0;0;0;0;0
68242;Oberhergheim;44;68;0;0;0;0;0;0;0;0;0;0;0;0;0;0;0;1;1;0;1;0;3;0;1;1;1;1;1;1;1;0;4;0;0;2;0;0;0
68243;Oberlarg;44;68;0;0;0;0;0;0;0;0;0;0;0;0;0;0;0;0;0;0;0;0;0;0;0;0;0;0;0;0;0;1;1;0;0;1;0;0;0
68244;Obermorschwihr;44;68;0;0;0;0;0;0;0;0;0;0;0;0;0;0;0;0;0;0;0;0;0;0;0;0;0;1;0;1;0;0;0;0;0;0;0;0;0
68245;Obermorschwiller;44;68;0;0;0;0;0;0;0;0;0;0;0;0;0;0;0;0;0;0;0;0;0;0;0;0;0;0;0;0;0;0;0;0;0;0;0;0;0
68246;Obersaasheim;44;68;0;0;0;0;0;0;0;0;0;0;0;0;0;0;0;0;0;0;0;0;3;0;0;0;2;0;0;0;0;0;1;0;0;1;0;0;2
68247;Oderen;44;68;0;0;0;0;0;0;0;0;0;0;0;0;0;0;0;0;0;0;1;0;0;0;0;0;0;2;0;2;0;0;0;0;0;3;0;0;2
68248;Oltingue;44;68;0;0;0;0;0;0;0;0;0;0;0;0;0;0;0;1;0;0;0;1;1;0;0;0;1;0;2;2;0;0;1;0;0;3;0;0;1
68249;Orbey;44;68;0;0;0;0;0;0;0;0;0;0;0;0;0;0;0;4;1;1;0;0;4;0;0;1;3;1;10;5;3;3;3;0;0;14;0;0;4
68250;Orschwihr;44;68;0;0;0;0;0;0;0;0;0;0;0;0;0;0;0;2;0;0;0;1;2;0;0;0;1;1;2;2;1;0;1;0;0;3;0;0;0
68251;Osenbach;44;68;0;0;0;0;0;0;0;0;0;0;0;0;0;0;0;0;0;0;0;0;0;0;0;0;2;2;2;3;3;0;1;0;0;0;0;0;0
68252;Ostheim;44;68;0;0;0;0;0;0;0;0;0;0;0;0;0;0;0;1;0;0;1;0;2;0;0;0;3;2;9;1;2;1;2;0;0;1;2;0;2
68253;Ottmarsheim;44;68;0;1;0;0;0;0;0;0;0;0;1;0;0;0;0;2;0;1;0;0;3;1;0;1;0;0;4;4;0;0;2;0;0;7;0;1;2
68254;Petit-Landau;44;68;0;0;0;0;0;0;0;0;0;0;0;0;0;0;0;1;0;0;0;0;3;0;0;0;2;2;0;1;0;0;0;0;0;0;0;0;1
68255;Pfaffenheim;44;68;0;0;0;0;0;0;0;0;0;0;0;0;0;0;0;1;0;0;1;0;1;0;0;0;1;4;1;4;0;0;2;0;0;3;0;0;1
68256;Pfastatt;44;68;0;0;0;0;0;0;0;0;0;0;0;0;0;0;0;4;1;1;0;0;7;1;0;2;7;6;6;13;9;2;15;2;0;15;11;1;5
68257;Pfetterhouse;44;68;0;1;0;0;0;0;0;0;0;0;0;0;0;0;0;1;0;0;0;1;1;0;0;1;1;1;0;1;0;0;1;0;0;2;0;0;1
68258;Pulversheim;44;68;0;0;0;0;0;0;0;0;0;0;0;0;0;0;0;1;1;0;1;0;4;0;0;0;2;4;1;3;5;1;4;0;0;5;2;0;4
68259;Raedersdorf;44;68;0;0;0;0;0;0;0;0;0;0;0;0;0;0;0;2;0;0;0;0;0;0;0;0;0;0;0;0;0;1;0;0;0;0;0;0;0
68260;Raedersheim;44;68;0;0;0;0;0;0;0;0;0;0;0;0;0;0;0;0;1;0;0;0;2;0;1;0;1;0;0;2;2;0;0;0;0;1;0;1;2
68261;Rammersmatt;44;68;0;0;0;0;0;0;0;0;0;0;0;0;0;0;0;0;0;0;0;0;0;0;0;0;0;0;1;0;0;0;0;0;0;1;0;0;0
68262;Ranspach;44;68;0;0;0;0;0;0;0;0;0;0;0;0;0;0;0;0;0;0;0;0;0;1;1;0;1;1;8;0;0;0;1;0;0;2;0;0;0
68263;Ranspach-le-Bas;44;68;0;0;0;0;0;0;0;0;0;0;0;0;0;0;0;1;0;0;1;0;0;0;0;0;0;0;0;1;0;0;1;0;0;2;0;0;1
68264;Ranspach-le-Haut;44;68;0;0;0;0;0;0;0;0;0;0;0;0;0;0;0;0;0;0;0;0;0;0;0;0;0;0;0;1;0;0;0;0;0;0;0;0;0
68265;Rantzwiller;44;68;0;0;0;0;0;0;0;0;0;0;0;0;0;0;0;0;0;0;0;0;1;0;0;0;0;3;0;0;1;0;1;1;0;0;0;0;0
68266;Réguisheim;44;68;0;0;0;0;0;0;0;0;0;0;0;0;0;0;0;1;0;0;1;0;6;0;0;0;4;3;5;6;1;3;1;0;0;2;0;0;2
68267;Reiningue;44;68;0;0;0;0;0;0;0;0;0;0;0;0;0;0;0;1;0;0;1;0;4;0;0;0;0;1;2;2;0;0;2;0;0;5;1;0;2
68268;Retzwiller;44;68;0;0;0;0;0;0;0;0;0;0;0;0;0;0;0;0;0;0;0;0;3;0;0;0;1;1;1;4;1;2;1;0;0;0;0;0;0
68269;Ribeauvillé;44;68;0;1;0;0;0;0;0;0;0;0;2;0;0;0;0;7;2;1;0;0;5;0;0;3;5;6;11;7;3;1;6;1;0;39;6;1;0
68270;Richwiller;44;68;0;0;0;0;0;0;0;0;0;0;0;0;0;0;0;1;1;1;0;0;6;0;1;1;4;6;8;8;8;7;4;1;0;4;3;0;6
68271;Riedisheim;44;68;0;0;0;0;0;0;0;0;0;0;0;0;0;0;0;6;3;1;0;0;14;0;1;5;5;7;6;9;9;2;21;1;0;17;17;3;7
68273;Riespach;44;68;0;0;0;0;0;0;0;0;0;0;0;0;0;0;0;0;0;0;0;0;1;0;0;0;1;1;0;1;0;1;2;0;0;1;0;0;0
68274;Rimbach-près-Guebwiller;44;68;0;0;0;0;0;0;0;0;0;0;0;0;0;0;0;0;0;0;0;0;1;0;0;0;0;0;0;0;0;0;0;0;0;1;0;0;0
68275;Rimbach-près-Masevaux;44;68;0;0;0;0;0;0;0;0;0;0;0;0;0;0;0;0;0;0;0;0;0;0;0;0;0;0;0;1;0;0;0;0;0;1;0;0;0
68276;Rimbachzell;44;68;0;0;0;0;0;0;0;0;0;0;0;0;0;0;0;0;0;0;0;0;0;0;0;0;1;0;0;0;1;0;0;0;0;0;0;0;0
68277;Riquewihr;44;68;0;0;0;0;0;0;0;0;0;0;0;0;0;0;0;1;0;1;1;0;0;0;0;0;2;3;2;4;3;0;1;0;0;33;3;1;1
68278;Rixheim;44;68;0;1;0;0;0;0;0;0;0;0;0;0;0;0;0;7;0;1;0;0;26;2;1;2;8;19;14;7;12;4;11;1;0;23;14;2;16
68279;Roderen;44;68;0;0;0;0;0;0;0;0;0;0;0;0;0;0;0;1;0;0;0;1;0;0;0;0;1;0;2;0;0;0;1;0;0;0;1;0;0
68280;Rodern;44;68;0;0;0;0;0;0;0;0;0;0;0;0;0;0;0;0;0;0;0;0;0;0;0;0;0;0;0;1;1;0;1;0;0;1;0;0;1
68281;Roggenhouse;44;68;0;0;0;0;0;0;0;0;0;0;0;0;0;0;0;0;0;0;0;0;1;0;0;0;0;0;1;4;0;1;0;0;0;1;0;0;0
68282;Romagny;44;68;0;0;0;0;0;0;0;0;0;0;0;0;0;0;0;0;0;0;0;0;0;0;0;0;0;0;0;1;1;1;0;0;0;0;0;0;0
68283;Rombach-le-Franc;44;68;0;0;0;0;0;0;0;0;0;0;0;0;0;0;0;1;0;0;0;1;1;0;0;0;0;2;3;1;0;1;0;0;0;1;0;0;1
68284;Roppentzwiller;44;68;0;0;0;0;0;0;0;0;0;0;0;0;0;0;0;0;0;0;0;0;0;0;0;0;0;1;2;0;0;1;1;0;0;1;0;0;0
68285;Rorschwihr;44;68;0;0;0;0;0;0;0;0;0;0;0;0;0;0;0;0;0;0;0;0;0;0;0;0;0;0;0;0;0;0;0;0;0;1;0;0;0
68286;Rosenau;44;68;0;0;0;0;0;0;0;0;0;0;0;0;0;0;0;1;0;0;1;0;3;0;0;0;3;1;0;1;0;1;2;0;0;4;1;0;2
68287;Rouffach;44;68;0;1;0;0;0;0;0;0;0;0;2;0;2;0;0;4;1;1;0;0;4;2;0;4;1;3;3;5;1;1;5;1;0;11;3;1;5
68288;Ruederbach;44;68;0;0;0;0;0;0;0;0;0;0;0;0;0;0;0;0;0;0;0;0;0;0;0;0;0;0;0;0;0;0;0;0;0;1;0;0;0
68289;Ruelisheim;44;68;0;0;0;0;0;0;0;0;0;0;0;0;0;0;0;1;2;0;1;0;3;0;0;0;1;2;4;6;3;1;3;0;0;5;0;0;2
68290;Rustenhart;44;68;0;0;0;0;0;0;0;0;0;0;0;0;0;0;0;0;0;0;0;0;0;0;1;0;0;0;2;0;0;1;0;0;0;0;0;0;0
68291;Rumersheim-le-Haut;44;68;0;0;0;0;0;0;0;0;0;0;0;0;0;0;0;1;0;0;1;0;2;0;0;0;0;3;2;0;1;0;4;0;0;0;0;0;1
68292;Saint-Amarin;44;68;0;0;0;0;0;0;0;0;0;0;1;0;0;0;0;4;0;1;0;0;3;0;0;1;1;4;3;3;1;0;4;0;0;6;0;0;2
68293;Saint-Cosme;44;68;0;0;0;0;0;0;0;0;0;0;0;0;0;0;0;0;0;0;0;0;0;0;0;0;0;0;0;0;0;1;0;0;0;0;0;0;0
68294;Sainte-Croix-aux-Mines;44;68;0;0;0;0;0;0;0;0;0;0;0;0;0;0;0;2;1;0;0;1;5;0;0;0;2;3;4;4;1;0;3;0;0;10;1;0;2
68295;Sainte-Croix-en-Plaine;44;68;0;0;0;0;0;0;0;0;0;0;0;0;0;0;0;1;2;1;0;0;9;0;0;4;3;7;8;5;7;2;4;0;0;3;2;0;2
68296;Saint-Hippolyte;44;68;0;0;0;0;0;0;0;0;0;0;0;0;0;0;0;1;0;0;0;1;4;0;0;0;1;2;2;2;1;0;4;0;0;3;0;0;0
68297;Saint-Louis;44;68;1;1;0;0;0;0;0;0;0;0;2;1;0;0;0;11;4;2;1;0;23;1;14;6;8;10;8;10;8;1;34;2;5;67;16;4;20
68298;Sainte-Marie-aux-Mines;44;68;0;1;0;0;0;0;0;0;0;0;1;1;0;0;0;5;2;1;0;0;7;0;0;2;3;8;8;6;5;3;5;1;0;23;0;1;4
68299;Saint-Ulrich;44;68;0;0;0;0;0;0;0;0;0;0;0;0;0;0;0;0;0;0;0;0;0;0;0;0;0;0;1;1;0;0;0;0;0;0;0;0;0
68300;Sausheim;44;68;0;1;0;0;0;0;0;0;0;0;0;0;0;0;0;4;2;1;0;0;27;3;0;7;2;4;8;17;7;2;9;0;2;10;10;0;7
68301;Schlierbach;44;68;0;0;0;0;0;0;0;0;0;0;0;0;0;0;0;0;0;0;0;0;3;1;0;0;1;3;3;0;1;1;1;0;0;2;0;0;2
68302;Schweighouse-Thann;44;68;0;0;0;0;0;0;0;0;0;0;0;0;0;0;0;0;0;0;0;0;2;0;0;0;0;1;2;1;0;0;0;0;0;0;0;0;0
68303;Schwoben;44;68;0;0;0;0;0;0;0;0;0;0;0;0;0;0;0;0;0;0;0;0;0;0;0;0;0;0;0;0;1;1;0;0;0;0;0;0;1
68304;Sentheim;44;68;0;0;0;0;0;0;0;0;0;0;0;0;0;0;0;0;0;0;1;0;3;1;0;0;2;1;2;3;0;0;3;0;0;0;1;0;2
68305;Seppois-le-Bas;44;68;0;0;0;0;0;0;0;0;0;0;0;0;0;0;0;1;1;1;0;0;1;0;0;0;1;1;1;1;1;2;2;0;0;4;1;0;1
68306;Seppois-le-Haut;44;68;0;0;0;0;0;0;0;0;0;0;0;0;0;0;0;1;0;0;0;0;0;0;0;0;0;2;1;0;0;0;0;0;1;0;0;0;0
68307;Sewen;44;68;0;0;0;0;0;0;0;0;0;0;0;0;0;0;0;0;0;0;0;1;1;0;0;0;2;0;0;0;1;0;1;0;0;3;0;0;0
68308;Sickert;44;68;0;0;0;0;0;0;0;0;0;0;0;0;0;0;0;0;0;0;0;0;1;0;0;0;1;1;3;0;0;1;1;0;0;0;0;0;0
68309;Sierentz;44;68;0;1;0;0;0;0;0;0;0;0;1;0;0;0;0;4;1;1;0;0;4;1;0;2;2;7;2;2;6;1;7;3;0;10;4;2;3
68311;Sondernach;44;68;0;0;0;0;0;0;0;0;0;0;0;0;0;0;0;0;0;0;0;0;2;0;0;0;0;2;6;0;2;0;1;0;0;6;0;0;0
68312;Sondersdorf;44;68;0;0;0;0;0;0;0;0;0;0;0;0;0;0;0;0;0;0;0;0;0;0;0;0;0;0;0;1;0;0;0;0;0;0;0;0;0
68313;Soppe-le-Bas;44;68;0;0;0;0;0;0;0;0;0;0;0;0;0;0;0;0;0;0;0;0;4;1;0;0;3;1;2;3;0;0;2;0;0;2;0;0;0
68315;Soultz-Haut-Rhin;44;68;0;0;0;0;0;0;0;0;0;0;1;0;0;0;0;4;2;1;0;0;14;1;0;2;11;15;8;13;5;0;13;1;0;30;4;0;7
68316;Soultzbach-les-Bains;44;68;0;0;0;0;0;0;0;0;0;0;0;0;0;0;0;1;0;0;0;0;2;0;0;0;1;1;2;2;1;0;1;0;0;1;1;0;0
68317;Soultzeren;44;68;0;0;0;0;0;0;0;0;0;0;0;0;0;0;0;1;0;0;1;0;3;0;0;0;1;4;1;1;2;1;0;0;0;5;0;0;3
68318;Soultzmatt;44;68;0;0;0;0;0;0;0;0;0;0;0;0;0;0;0;2;0;1;0;0;3;0;0;1;1;1;2;4;2;0;6;0;0;5;1;1;1
68320;Spechbach;44;68;0;0;0;0;0;0;0;0;0;0;0;0;0;0;0;1;0;0;0;0;3;1;0;0;2;3;4;2;1;0;1;0;0;1;0;0;0
68321;Staffelfelden;44;68;0;0;0;0;0;0;0;0;0;0;0;0;0;0;0;1;1;1;0;0;8;0;0;0;3;2;6;11;6;0;2;0;0;2;0;0;4
68322;Steinbach;44;68;0;0;0;0;0;0;0;0;0;0;0;0;0;0;0;1;0;0;1;0;1;0;0;0;0;5;3;2;3;0;1;0;0;1;2;0;0
68323;Steinbrunn-le-Bas;44;68;0;0;0;0;0;0;0;0;0;0;0;0;0;0;0;0;0;0;0;0;0;0;0;0;1;0;0;0;1;1;1;0;0;1;2;0;0
68324;Steinbrunn-le-Haut;44;68;0;0;0;0;0;0;0;0;0;0;0;0;0;0;0;0;0;0;0;0;0;0;0;0;0;0;1;0;1;0;0;1;0;0;0;0;0
68325;Steinsoultz;44;68;0;0;0;0;0;0;0;0;0;0;0;0;0;0;0;0;0;0;0;0;0;0;0;0;0;1;0;0;4;0;0;0;0;1;0;0;0
68326;Sternenberg;44;68;0;0;0;0;0;0;0;0;0;0;0;0;0;0;0;0;0;0;0;0;0;0;0;0;0;0;0;0;1;0;0;0;0;0;0;0;0
68327;Stetten;44;68;0;0;0;0;0;0;0;0;0;0;0;0;0;0;0;0;0;0;0;0;1;0;0;0;0;0;0;0;0;0;1;0;0;0;0;0;0
68328;Storckensohn;44;68;0;0;0;0;0;0;0;0;0;0;0;0;0;0;0;0;0;0;0;0;1;0;1;0;0;0;1;0;1;0;0;0;0;0;0;0;0
68329;Stosswihr;44;68;0;0;0;0;0;0;0;0;0;0;0;0;0;0;0;0;0;0;1;0;1;0;0;0;1;4;4;1;3;0;3;0;0;10;0;0;0
68330;Strueth;44;68;0;0;0;0;0;0;0;0;0;0;0;0;0;0;0;0;0;0;0;0;0;0;0;0;0;0;1;0;1;0;0;0;0;5;0;0;0
68331;Sundhoffen;44;68;0;0;0;0;0;0;0;0;0;0;0;0;0;0;0;1;0;0;1;0;0;0;0;1;6;4;2;3;0;1;1;0;0;5;1;0;3
68332;Tagolsheim;44;68;0;0;0;0;0;0;0;0;0;0;0;0;0;0;0;0;0;0;0;0;1;0;0;0;0;1;5;0;0;0;1;0;0;2;1;0;0
68333;Tagsdorf;44;68;0;0;0;0;0;0;0;0;0;0;0;0;0;0;0;0;0;0;0;0;0;0;0;0;0;0;0;0;1;0;0;0;0;1;0;0;0
68334;Thann;44;68;0;1;0;0;1;0;0;0;0;0;3;1;0;0;0;8;2;1;0;0;8;1;0;2;13;6;6;3;5;4;12;1;1;26;4;1;6
68335;Thannenkirch;44;68;0;0;0;0;0;0;0;0;0;0;0;0;0;0;0;0;0;0;0;1;0;0;0;0;1;1;1;1;2;0;0;0;0;4;0;0;1
68336;Traubach-le-Bas;44;68;0;0;0;0;0;0;0;0;0;0;0;0;0;0;0;0;0;0;0;0;3;0;0;0;2;1;2;0;0;0;0;0;0;0;1;0;0
68337;Traubach-le-Haut;44;68;0;0;0;0;0;0;0;0;0;0;0;0;0;0;0;0;0;0;0;0;3;0;0;0;0;1;0;1;1;0;0;0;0;0;0;0;0
68338;Turckheim;44;68;0;0;0;0;0;0;0;0;0;0;0;0;0;0;0;3;0;1;0;0;5;0;0;0;4;5;4;4;3;2;5;0;0;16;4;0;4
68340;Ueberstrass;44;68;0;0;0;0;0;0;0;0;0;0;0;0;0;0;0;0;0;0;0;0;2;0;0;0;0;1;2;1;1;0;0;0;0;2;0;0;0
68341;Uffheim;44;68;0;0;0;0;0;0;0;0;0;0;0;0;0;0;0;0;0;0;0;0;0;0;0;0;0;0;1;1;0;1;0;0;0;2;0;0;1
68342;Uffholtz;44;68;0;0;0;0;0;0;0;0;0;0;0;0;0;0;0;1;0;0;1;0;1;1;0;0;0;0;0;1;3;1;3;0;0;2;3;0;1
68343;Ungersheim;44;68;0;0;0;0;0;0;0;0;0;0;0;0;0;0;0;1;0;1;0;0;4;1;0;0;0;4;3;4;2;0;4;0;0;3;1;1;0
68344;Urbès;44;68;0;0;0;0;0;0;0;0;0;0;0;0;0;0;0;0;0;0;0;1;0;0;0;0;0;0;4;2;0;0;0;0;0;2;0;0;0
68345;Urschenheim;44;68;0;0;0;0;0;0;0;0;0;0;0;0;0;0;0;0;0;0;0;0;0;0;0;0;0;0;0;1;0;0;0;0;0;0;0;0;0
68347;Vieux-Ferrette;44;68;0;0;0;0;0;0;0;0;0;0;0;0;0;0;0;0;0;0;0;0;1;0;0;0;2;1;1;1;0;0;0;0;0;3;1;0;0
68348;Vieux-Thann;44;68;0;0;0;0;0;0;0;0;0;0;0;0;0;0;0;1;0;1;0;0;9;1;0;3;5;2;3;6;1;6;1;0;0;3;0;0;2
68349;Village-Neuf;44;68;0;0;0;0;0;0;0;0;0;0;0;0;0;0;0;1;1;1;0;0;4;0;0;1;1;1;0;0;1;0;2;0;0;8;3;0;2
68350;Voegtlinshoffen;44;68;0;0;0;0;0;0;0;0;0;0;0;0;0;0;0;0;0;0;0;0;0;0;0;0;0;2;1;0;3;0;0;0;0;1;0;0;0
68351;Vogelgrun;44;68;0;0;0;0;0;0;0;0;0;0;0;0;0;0;0;0;0;0;0;0;0;0;0;0;0;0;0;1;0;0;0;0;0;0;0;0;0
68352;Volgelsheim;44;68;0;0;0;0;0;0;0;0;0;0;0;0;0;0;0;0;0;1;0;0;10;1;0;0;0;1;5;4;0;0;2;0;0;3;2;0;2
68353;Wahlbach;44;68;0;0;0;0;0;0;0;0;0;0;0;0;0;0;0;0;0;0;0;0;1;0;0;0;0;0;0;0;0;0;0;0;0;1;0;0;0
68354;Walbach;44;68;0;0;0;0;0;0;0;0;0;0;0;0;0;0;0;0;0;0;1;0;0;0;0;0;1;1;1;3;0;0;1;0;0;1;0;0;0
68355;Waldighofen;44;68;0;0;0;0;0;0;0;0;0;0;0;0;0;0;0;2;1;1;0;0;5;1;0;2;2;2;1;2;2;0;4;0;0;3;2;0;4
68356;Walheim;44;68;0;0;0;0;0;0;0;0;0;0;0;0;0;0;0;1;0;0;0;0;3;0;0;0;0;1;3;1;2;0;1;0;0;1;1;0;0
68357;Waltenheim;44;68;0;0;0;0;0;0;0;0;0;0;0;0;0;0;0;0;0;0;0;0;0;0;0;0;0;0;0;0;0;0;0;0;0;0;0;0;1
68358;Wasserbourg;44;68;0;0;0;0;0;0;0;0;0;0;0;0;0;0;0;0;0;0;0;0;0;0;0;0;1;0;2;1;1;0;0;0;0;3;0;0;0
68359;Wattwiller;44;68;0;0;0;0;0;0;0;0;0;0;0;0;0;0;0;1;0;0;1;0;2;0;1;0;1;3;2;1;2;0;2;0;0;4;0;0;0
68360;Weckolsheim;44;68;0;0;0;0;0;0;0;0;0;0;0;0;0;0;0;0;0;0;0;0;1;0;0;0;0;0;1;0;0;0;0;0;0;0;0;0;0
68361;Wegscheid;44;68;0;0;0;0;0;0;0;0;0;0;0;0;0;0;0;0;0;0;0;0;2;0;0;0;0;0;0;0;0;0;1;0;0;2;0;0;1
68362;Wentzwiller;44;68;0;0;0;0;0;0;0;0;0;0;0;0;0;0;0;1;0;0;0;0;0;0;0;0;0;0;1;0;0;0;0;0;0;3;0;0;0
68363;Werentzhouse;44;68;0;0;0;0;0;0;0;0;0;0;0;0;0;0;0;0;0;0;1;0;1;0;0;1;0;0;0;0;0;0;0;0;0;1;0;0;2
68364;Westhalten;44;68;0;0;0;0;0;0;0;0;0;0;0;0;0;0;0;0;0;0;0;1;2;0;0;0;1;0;2;1;1;1;0;0;0;1;0;0;1
68365;Wettolsheim;44;68;0;0;0;0;0;0;0;0;0;0;0;0;0;0;0;1;0;0;0;1;5;0;0;1;3;1;2;4;3;1;2;0;1;4;3;0;0
68366;Wickerschwihr;44;68;0;0;0;0;0;0;0;0;0;0;0;0;0;0;0;0;0;0;0;0;2;0;0;0;2;2;4;1;1;1;0;0;0;0;1;0;0
68367;Widensolen;44;68;0;0;0;0;0;0;0;0;0;0;0;0;0;0;0;0;0;0;0;0;3;0;0;0;0;1;2;0;0;0;2;0;0;1;0;0;0
68368;Wihr-au-Val;44;68;0;0;0;0;0;0;0;0;0;0;0;0;0;0;0;1;0;0;0;1;2;0;0;0;2;6;5;4;1;0;1;0;0;3;0;0;2
68370;Wildenstein;44;68;0;0;0;0;0;0;0;0;0;0;0;0;0;0;0;0;0;0;0;1;0;0;0;0;0;0;0;0;0;0;0;0;0;1;0;0;0
68371;Willer;44;68;0;0;0;0;0;0;0;0;0;0;0;0;0;0;0;0;0;0;0;0;0;0;0;0;0;0;1;0;0;0;0;0;0;0;0;0;0
68372;Willer-sur-Thur;44;68;0;0;0;0;0;0;0;0;0;0;0;0;0;0;0;1;1;0;1;0;3;0;0;1;4;1;4;5;0;1;3;0;0;5;1;0;1
68373;Winkel;44;68;0;0;0;0;0;0;0;0;0;0;0;0;0;0;0;1;0;0;0;0;0;0;0;0;1;0;0;0;0;0;0;0;0;1;0;0;1
68374;Wintzenheim;44;68;0;1;0;0;0;0;0;0;0;0;0;0;0;0;0;4;1;2;0;0;13;1;1;2;10;16;10;11;6;4;11;1;0;12;3;0;3
68375;Wittelsheim;44;68;0;1;0;0;0;0;0;0;0;0;0;0;0;0;0;3;2;1;0;0;20;3;0;2;8;12;14;18;9;2;14;1;1;21;3;1;11
68376;Wittenheim;44;68;1;0;0;0;0;0;0;0;0;0;0;0;0;0;0;8;1;1;1;0;36;4;0;3;8;21;16;21;17;2;25;1;0;45;5;4;16
68377;Wittersdorf;44;68;0;0;0;0;0;0;0;0;0;0;0;0;0;0;0;0;0;0;0;0;1;0;0;0;1;0;3;1;2;1;2;0;0;0;0;0;0
68378;Wolfersdorf;44;68;0;0;0;0;0;0;0;0;0;0;0;0;0;0;0;0;0;0;0;0;2;0;0;0;1;0;0;0;0;0;0;0;0;0;0;0;0
68379;Wolfgantzen;44;68;0;0;0;0;0;0;0;0;0;0;0;0;0;0;0;0;0;0;0;0;1;0;0;1;1;2;3;1;2;0;1;0;1;1;0;0;1
68380;Wolschwiller;44;68;0;0;0;0;0;0;0;0;0;0;0;0;0;0;0;2;0;0;0;0;0;0;0;0;0;0;0;0;0;0;1;0;0;1;0;0;0
68381;Wuenheim;44;68;0;0;0;0;0;0;0;0;0;0;0;0;0;0;0;1;0;0;0;0;1;0;0;0;0;0;3;0;0;0;1;0;0;1;0;0;0
68382;Zaessingue;44;68;0;0;0;0;0;0;0;0;0;0;0;0;0;0;0;0;0;0;0;0;0;0;0;0;0;0;0;0;0;0;0;0;0;0;0;0;0
68383;Zellenberg;44;68;0;0;0;0;0;0;0;0;0;0;0;0;0;0;0;0;0;0;0;0;0;0;0;0;0;0;0;0;1;0;0;0;0;2;0;0;0
68384;Zillisheim;44;68;0;0;0;0;0;0;0;0;0;0;0;0;0;0;0;1;0;1;0;0;1;0;0;0;2;5;2;3;3;1;4;0;0;2;1;0;1
68385;Zimmerbach;44;68;0;0;0;0;0;0;0;0;0;0;0;0;0;0;0;0;0;0;0;0;1;0;0;0;0;1;1;0;1;0;1;0;0;1;1;0;1
68386;Zimmersheim;44;68;0;0;0;0;0;0;0;0;0;0;0;0;0;0;0;0;0;0;0;0;1;0;0;0;0;0;1;0;1;0;1;0;0;1;3;0;1
69001;Affoux;84;69;0;0;0;0;0;0;0;0;0;0;0;0;0;0;0;0;0;0;0;0;0;0;0;0;0;0;0;4;2;0;0;0;0;1;0;0;1
69002;Aigueperse;84;69;0;0;0;0;0;0;0;0;0;0;0;0;0;0;0;0;0;0;0;1;0;0;0;0;0;0;0;1;0;0;0;0;0;0;0;0;0
69003;Albigny-sur-Saône;84;69;0;0;0;0;0;0;0;0;0;1;0;0;0;0;0;0;0;0;1;0;9;0;0;2;2;6;2;5;3;0;2;0;0;7;3;1;1
69004;Alix;84;69;0;0;0;0;0;0;0;0;0;0;0;0;0;0;0;0;0;0;0;0;0;0;0;0;0;0;0;1;4;0;1;0;0;2;0;0;1
69005;Ambérieux;84;69;0;0;0;0;0;0;0;0;0;0;0;0;0;0;0;0;0;0;0;0;3;0;0;0;0;2;2;1;3;0;0;0;0;1;1;0;2
69006;Amplepuis;84;69;0;1;0;0;0;0;0;0;0;1;0;0;0;0;0;7;1;1;0;0;6;1;0;4;4;2;6;3;4;0;9;1;1;9;3;1;6
69007;Ampuis;84;69;0;1;0;0;0;0;0;0;0;0;0;0;0;0;0;2;0;1;0;0;3;0;0;1;7;3;8;3;9;0;2;0;0;5;2;0;2
69008;Ancy;84;69;0;0;0;0;0;0;0;0;0;0;0;0;0;0;0;0;1;0;0;0;0;0;0;0;1;1;1;0;0;1;1;0;0;1;1;0;2
69009;Anse;84;69;0;1;0;0;0;0;0;0;0;0;0;0;0;0;0;3;1;1;0;0;15;2;2;3;10;12;7;14;10;2;9;3;2;14;7;2;6
69010;L'Arbresle;84;69;0;1;0;0;0;0;0;0;0;1;0;1;0;0;0;10;2;1;0;0;9;1;0;3;12;13;8;6;7;1;13;4;8;21;11;2;9
69012;Les Ardillats;84;69;0;0;0;0;0;0;0;0;0;0;0;0;0;0;0;0;0;0;0;0;0;0;0;0;1;1;1;0;0;0;2;0;0;1;0;0;1
69013;Arnas;84;69;0;0;0;0;0;0;0;0;0;0;0;0;0;0;0;0;1;0;0;0;19;1;0;0;6;13;11;6;5;1;6;1;0;11;2;0;6
69014;Aveize;84;69;0;0;0;0;0;0;0;0;0;0;0;0;0;0;0;0;0;0;1;0;1;0;0;0;0;3;2;1;1;0;1;0;0;1;1;0;0
69015;Avenas;84;69;0;0;0;0;0;0;0;0;0;0;0;0;0;0;0;0;0;0;0;0;0;0;0;0;0;1;0;0;0;0;0;0;0;1;1;0;0
69016;Azolette;84;69;0;0;0;0;0;0;0;0;0;0;0;0;0;0;0;0;0;0;0;0;0;0;0;0;0;1;0;1;0;0;0;0;0;0;0;0;0
69017;Bagnols;84;69;0;0;0;0;0;0;0;0;0;0;0;0;0;0;0;0;0;0;0;1;3;0;0;0;2;4;3;1;3;0;0;0;0;3;0;0;1
69018;Beaujeu;84;69;0;1;0;0;0;0;0;0;0;1;0;0;0;0;0;4;1;1;0;0;4;0;0;4;1;6;6;7;3;0;4;2;0;12;4;1;4
69019;Belleville;84;69;0;1;0;0;0;0;0;0;0;1;0;1;0;0;0;11;2;1;0;0;20;1;2;9;13;11;15;9;12;0;21;4;4;30;14;3;15
69020;Belmont-d'Azergues;84;69;0;0;0;0;0;0;0;0;0;0;0;0;0;0;0;0;0;0;0;0;0;0;0;0;1;0;1;0;0;0;0;0;0;1;0;0;0
69021;Bessenay;84;69;0;0;0;0;0;0;0;0;0;0;0;0;0;0;0;1;2;1;0;0;5;0;0;0;0;5;3;10;4;0;2;1;0;3;1;0;1
69022;Bibost;84;69;0;0;0;0;0;0;0;0;0;0;0;0;0;0;0;0;0;0;0;0;2;0;0;0;0;0;1;2;0;0;0;0;0;1;0;0;1
69023;Blacé;84;69;0;0;0;0;0;0;0;0;0;0;0;0;0;0;0;0;0;0;0;0;4;0;0;0;1;6;4;2;5;0;1;0;0;4;0;0;1
69024;Le Bois-d'Oingt;84;69;0;1;0;0;0;0;0;0;0;1;0;0;0;0;0;3;1;1;0;0;4;0;1;1;2;3;8;5;1;0;5;2;0;7;7;2;2
69026;Le Breuil;84;69;0;0;0;0;0;0;0;0;0;0;0;0;0;0;0;0;0;0;0;0;1;0;0;0;3;0;0;5;0;0;1;0;0;1;0;0;2
69027;Brignais;84;69;0;1;0;0;0;0;0;0;0;0;0;0;0;0;0;12;1;1;0;0;23;3;3;3;23;21;30;45;20;7;16;3;3;30;19;4;12
69028;Brindas;84;69;0;0;0;0;0;0;0;0;0;0;0;0;0;0;0;2;0;1;0;0;8;1;0;2;10;16;20;14;10;4;8;1;0;9;5;2;9
69029;Bron;84;69;1;0;0;0;0;0;0;0;0;6;0;1;0;1;0;19;5;3;0;1;51;3;4;14;28;121;42;34;43;19;39;5;17;77;37;6;23
69030;Brullioles;84;69;0;0;0;0;0;0;0;0;0;0;0;0;0;0;0;0;0;0;1;0;1;0;0;0;1;1;7;2;1;0;2;1;0;3;0;0;0
69031;Brussieu;84;69;0;0;0;0;0;0;0;0;0;0;0;0;0;0;0;0;0;0;1;0;2;0;0;0;1;2;4;0;6;0;4;0;0;2;0;0;0
69032;Bully;84;69;0;0;0;0;0;0;0;0;0;0;0;0;0;0;0;0;0;1;0;0;6;0;0;0;2;4;9;6;4;0;2;0;0;4;0;0;3
69033;Cailloux-sur-Fontaines;84;69;0;0;0;0;0;0;0;0;0;0;0;0;0;0;0;0;0;0;1;0;5;0;0;0;4;5;8;8;8;1;3;0;0;4;4;0;2
69034;Caluire-et-Cuire;84;69;1;0;0;0;0;0;0;0;0;4;0;1;0;0;0;15;2;2;0;0;30;4;5;7;17;84;28;40;40;8;40;4;4;66;55;6;24
69035;Cenves;84;69;0;0;0;0;0;0;0;0;0;0;0;0;0;0;0;0;0;0;0;0;0;0;0;0;1;1;2;1;0;0;0;0;0;1;0;0;0
69036;Cercié;84;69;0;0;0;0;0;0;0;0;0;0;0;0;0;0;0;0;0;1;0;0;5;0;0;0;1;4;2;2;1;0;1;0;0;3;1;0;1
69037;Chambost-Allières;84;69;0;0;0;0;0;0;0;0;0;0;0;0;0;0;0;0;0;0;0;1;1;0;0;1;4;3;1;2;1;0;2;0;0;3;0;0;0
69038;Chambost-Longessaigne;84;69;0;0;0;0;0;0;0;0;0;0;0;0;0;0;0;0;0;0;0;1;2;0;0;0;2;2;1;3;3;0;2;0;0;3;1;0;0
69039;Chamelet;84;69;0;0;0;0;0;0;0;0;0;0;0;0;0;0;0;0;0;0;0;1;2;0;0;0;1;1;0;0;3;1;0;0;0;2;4;0;0
69040;Champagne-au-Mont-d'Or;84;69;0;0;0;0;0;0;0;0;0;0;0;0;0;0;0;16;1;1;0;0;5;7;5;2;17;13;9;11;13;4;9;2;0;18;26;1;3
69042;La Chapelle-sur-Coise;84;69;0;0;0;0;0;0;0;0;0;0;0;0;0;0;0;0;0;0;0;0;0;0;0;0;0;1;1;0;2;0;0;0;0;0;1;0;0
69043;Chaponost;84;69;0;0;0;0;0;0;0;0;0;0;0;0;0;0;0;5;1;1;0;0;13;0;2;1;11;12;18;18;17;4;6;4;0;14;16;1;8
69044;Charbonnières-les-Bains;84;69;0;0;0;0;0;0;0;0;0;0;0;0;0;0;0;4;0;1;0;0;2;0;1;1;15;12;4;8;5;1;7;2;0;8;15;1;3
69045;Charentay;84;69;0;0;0;0;0;0;0;0;0;0;0;0;0;0;0;0;0;0;0;1;1;0;0;0;3;2;7;1;1;0;1;0;0;2;0;0;1
69046;Charly;84;69;0;0;0;0;0;0;0;0;0;0;0;0;0;0;0;1;0;1;0;0;6;0;0;1;8;7;12;11;3;2;5;0;0;4;8;0;4
69047;Charnay;84;69;0;0;0;0;0;0;0;0;0;0;0;0;0;0;0;0;0;0;0;1;2;0;0;0;1;2;1;1;1;0;0;0;0;2;2;0;0
69048;Chassagny;84;69;0;0;0;0;0;0;0;0;0;0;0;0;0;0;0;0;0;0;1;0;3;0;0;1;4;4;4;5;5;0;1;0;0;2;1;0;1
69049;Chasselay;84;69;0;0;0;0;0;0;0;0;0;0;0;0;0;0;0;3;0;1;0;0;3;0;0;1;1;3;10;4;6;0;3;0;0;2;4;1;1
69050;Châtillon;84;69;0;0;0;0;0;0;0;0;0;0;0;0;0;0;0;1;0;1;0;0;1;1;0;3;7;6;1;6;5;2;3;0;0;7;4;0;2
69051;Chaussan;84;69;0;0;0;0;0;0;0;0;0;0;0;0;0;0;0;0;0;0;1;0;1;0;1;0;0;2;0;0;0;0;3;0;0;1;1;0;0
69052;Chazay-d'Azergues;84;69;0;0;0;0;0;0;0;0;0;1;0;0;0;0;0;3;1;1;0;0;3;1;0;1;3;1;9;7;10;1;7;1;0;7;3;0;7
69053;Chénas;84;69;0;0;0;0;0;0;0;0;0;0;0;0;0;0;0;0;0;0;1;0;1;0;0;0;0;1;1;0;2;0;0;0;0;3;0;0;0
69054;Chénelette;84;69;0;0;0;0;0;0;0;0;0;0;0;0;0;0;0;0;0;0;0;0;1;0;0;0;0;3;0;1;1;0;1;0;0;1;0;0;1
69055;Les Chères;84;69;0;0;0;0;0;0;0;0;0;0;0;0;0;0;0;0;0;0;0;1;2;0;0;0;7;5;8;3;2;0;3;0;0;4;2;0;1
69056;Chessy;84;69;0;0;0;0;0;0;0;0;0;0;0;0;0;0;0;1;0;1;0;0;1;0;0;1;4;3;4;4;2;1;4;0;0;2;1;0;3
69057;Chevinay;84;69;0;0;0;0;0;0;0;0;0;0;0;0;0;0;0;0;0;0;0;0;2;0;0;0;2;2;1;0;4;0;0;1;0;0;0;0;0
69058;Chiroubles;84;69;0;0;0;0;0;0;0;0;0;0;0;0;0;0;0;0;0;0;0;1;0;0;0;0;1;0;0;1;0;0;0;0;0;2;0;0;1
69059;Civrieux-d'Azergues;84;69;0;0;0;0;0;0;0;0;0;0;0;0;0;0;0;1;0;0;0;0;11;1;0;2;1;2;2;3;2;1;6;2;1;9;3;1;2
69060;Claveisolles;84;69;0;0;0;0;0;0;0;0;0;0;0;0;0;0;0;0;0;0;0;1;0;0;0;0;0;0;2;1;1;0;0;0;0;0;0;0;1
69061;Cogny;84;69;0;0;0;0;0;0;0;0;0;0;0;0;0;0;0;0;0;0;0;0;0;0;0;0;0;1;1;3;1;1;1;0;0;3;4;0;0
69062;Coise;84;69;0;0;0;0;0;0;0;0;0;0;0;0;0;0;0;0;0;0;0;0;0;0;0;0;0;2;3;0;0;0;1;0;0;1;0;0;0
69063;Collonges-au-Mont-d'Or;84;69;0;0;0;0;0;0;0;0;0;0;0;0;0;0;0;1;0;0;0;1;4;0;0;0;5;8;7;11;5;1;4;0;0;8;17;0;3
69064;Condrieu;84;69;0;0;0;0;0;0;0;0;0;1;0;0;0;0;0;8;3;1;0;0;4;0;0;2;6;6;6;6;8;1;9;1;0;11;3;1;4
69065;Corcelles-en-Beaujolais;84;69;0;0;0;0;0;0;0;0;0;0;0;0;0;0;0;0;0;0;1;0;5;0;0;0;0;1;6;3;3;0;0;0;0;2;0;0;0
69066;Cours;84;69;0;1;0;0;0;0;0;0;0;0;0;0;0;0;0;6;2;1;1;1;8;0;0;1;12;9;8;4;7;0;16;1;2;10;2;1;6
69067;Courzieu;84;69;0;0;0;0;0;0;0;0;0;0;0;0;0;0;0;0;0;0;1;0;2;0;0;0;3;0;4;1;6;0;0;0;0;3;0;0;0
69068;Couzon-au-Mont-d'Or;84;69;0;0;0;0;0;0;0;0;0;0;0;0;0;0;0;0;0;1;0;0;3;1;0;0;2;4;3;5;6;0;4;0;0;6;5;0;1
69069;Craponne;84;69;0;0;0;0;0;0;0;0;0;0;0;0;0;0;0;9;2;1;0;0;17;2;0;4;6;18;20;17;22;2;24;3;1;22;20;4;11
69070;Cublize;84;69;0;0;0;0;0;0;0;0;0;0;0;0;0;0;0;0;0;1;0;0;2;0;1;0;1;2;4;2;2;1;2;0;0;5;1;0;0
69071;Curis-au-Mont-d'Or;84;69;0;0;0;0;0;0;0;0;0;0;0;0;0;0;0;0;0;0;0;0;0;0;0;0;3;0;1;0;1;0;0;0;0;1;4;0;2
69072;Dardilly;84;69;0;1;0;0;0;0;0;0;0;0;0;0;0;0;0;5;0;1;0;0;13;0;1;2;7;13;10;19;23;7;9;2;0;32;20;2;5
69073;Dareizé;84;69;0;0;0;0;0;0;0;0;0;0;0;0;0;0;0;0;0;0;0;0;2;0;0;0;0;1;0;0;2;0;0;0;0;1;0;0;0
69074;Denicé;84;69;0;0;0;0;0;0;0;0;0;0;0;0;0;0;0;0;0;1;0;0;2;0;0;0;1;4;3;2;5;2;2;1;0;2;2;0;0
69075;Dième;84;69;0;0;0;0;0;0;0;0;0;0;0;0;0;0;0;0;0;0;0;0;1;0;0;0;0;0;0;0;0;0;0;0;0;0;1;0;0
69076;Dommartin;84;69;0;0;0;0;0;0;0;0;0;0;0;0;0;0;0;0;0;0;0;0;2;0;0;0;1;2;2;4;4;0;1;1;0;2;2;0;3
69077;Dracé;84;69;0;0;0;0;0;0;0;0;0;0;0;0;0;0;0;0;0;0;0;0;0;0;0;0;2;5;5;0;0;0;1;0;0;0;0;0;1
69078;Duerne;84;69;0;0;0;0;0;0;0;0;0;0;0;0;0;0;0;0;0;0;0;1;1;0;0;0;1;1;2;1;1;0;1;0;0;2;0;0;0
69080;Échalas;84;69;0;0;0;0;0;0;0;0;0;0;0;0;0;0;0;0;0;0;1;0;1;0;0;0;1;6;4;1;3;0;2;0;0;0;0;0;1
69081;Écully;84;69;1;0;0;0;0;0;0;0;0;1;0;0;0;0;0;15;2;1;0;0;10;1;3;3;5;26;7;17;12;6;20;2;0;28;22;4;18
69082;Émeringes;84;69;0;0;0;0;0;0;0;0;0;0;0;0;0;0;0;0;0;0;0;0;1;0;0;0;0;1;2;1;0;0;0;0;0;1;0;0;0
69083;Éveux;84;69;0;0;0;0;0;0;0;0;0;0;0;0;0;0;0;0;0;0;0;0;1;0;0;1;1;2;1;0;2;0;1;2;0;1;1;0;0
69084;Fleurie;84;69;0;1;0;0;0;0;0;0;0;0;0;0;0;0;0;3;0;1;0;0;3;0;0;0;2;4;2;3;2;0;2;2;0;7;2;0;1
69085;Fleurieu-sur-Saône;84;69;0;0;0;0;0;0;0;0;0;0;0;0;0;0;0;0;0;0;0;0;1;0;0;0;7;3;4;1;1;1;1;0;0;3;0;0;2
69086;Fleurieux-sur-l'Arbresle;84;69;0;0;0;0;0;0;0;0;0;0;0;0;0;0;0;0;0;0;0;1;4;0;0;0;1;4;4;5;3;1;1;0;0;3;2;1;1
69087;Fontaines-Saint-Martin;84;69;0;0;0;0;0;0;0;0;0;0;0;0;0;0;0;1;0;1;0;0;2;0;0;0;2;7;2;4;1;0;3;1;0;1;3;0;3
69088;Fontaines-sur-Saône;84;69;0;1;0;0;0;0;0;0;0;0;0;0;0;0;0;5;0;1;1;0;7;2;0;5;10;17;5;8;5;0;20;2;0;18;5;2;4
69089;Francheville;84;69;0;1;0;0;0;0;0;0;0;0;0;0;0;0;0;6;2;1;1;1;9;0;0;1;7;16;11;13;8;4;15;1;0;25;17;2;15
69090;Frontenas;84;69;0;0;0;0;0;0;0;0;0;0;0;0;0;0;0;0;0;0;0;0;0;0;0;2;3;2;2;1;0;1;0;0;0;2;0;0;0
69091;Givors;84;69;1;0;0;0;0;0;0;0;0;3;0;1;0;1;0;13;3;2;0;0;34;5;4;7;49;58;23;30;30;6;26;1;2;74;12;4;10
69092;Gleizé;84;69;0;0;0;0;0;0;0;0;0;0;0;0;0;0;0;0;1;0;0;0;15;1;1;0;9;29;12;10;7;2;3;2;0;7;1;0;5
69093;Grandris;84;69;0;0;0;0;0;0;0;0;0;0;0;0;0;0;0;0;1;1;0;0;0;0;0;0;4;2;1;2;2;0;1;0;0;2;1;0;0
69094;Grézieu-la-Varenne;84;69;0;0;0;0;0;0;0;0;0;0;0;0;0;0;0;0;0;1;0;0;8;0;0;1;6;8;26;14;9;0;6;0;0;4;5;1;5
69095;Grézieu-le-Marché;84;69;0;0;0;0;0;0;0;0;0;0;0;0;0;0;0;0;0;0;0;0;2;0;0;0;1;3;3;1;1;0;1;0;0;1;0;0;0
69096;Grigny;84;69;0;0;0;0;0;0;0;0;0;0;0;0;0;0;0;2;0;1;0;0;25;1;0;2;21;25;14;19;20;1;12;1;1;17;4;2;5
69097;Les Haies;84;69;0;0;0;0;0;0;0;0;0;0;0;0;0;0;0;0;0;0;0;0;2;0;0;0;2;1;1;1;0;0;4;0;0;3;0;0;0
69098;Les Halles;84;69;0;0;0;0;0;0;0;0;0;0;0;0;0;0;0;0;0;0;0;1;1;0;0;0;1;3;1;1;1;0;0;0;0;1;0;0;3
69099;Haute-Rivoire;84;69;0;0;0;0;0;0;0;0;0;0;0;0;0;0;0;0;0;0;0;1;3;0;0;0;5;5;5;1;6;0;1;0;0;2;0;0;0
69100;Irigny;84;69;0;1;0;0;0;0;0;0;0;0;0;0;0;0;0;2;0;1;0;0;7;0;0;1;10;22;14;18;11;2;4;2;1;11;4;2;3
69101;Jarnioux;84;69;0;0;0;0;0;0;0;0;0;0;0;0;0;0;0;0;0;0;0;0;0;0;0;0;1;2;0;2;0;0;1;0;0;2;0;0;1
69102;Joux;84;69;0;0;0;0;0;0;0;0;0;0;0;0;0;0;0;0;0;0;0;1;0;0;0;0;1;1;1;1;0;0;0;0;0;1;0;0;2
69103;Juliénas;84;69;0;0;0;0;0;0;0;0;0;0;0;0;0;0;0;1;0;0;0;1;1;0;0;0;1;3;2;2;3;0;2;0;0;2;2;0;0
69104;Jullié;84;69;0;0;0;0;0;0;0;0;0;0;0;0;0;0;0;0;0;0;0;1;0;0;0;0;0;2;0;1;1;0;0;0;0;1;0;0;0
69105;Lacenas;84;69;0;0;0;0;0;0;0;0;0;0;0;0;0;0;0;0;0;0;0;0;0;0;0;0;1;2;4;3;1;0;1;0;0;0;0;0;3
69106;Lachassagne;84;69;0;0;0;0;0;0;0;0;0;0;0;0;0;0;0;0;0;0;0;0;1;0;0;1;0;5;2;0;1;0;0;0;0;1;2;0;2
69107;Lamure-sur-Azergues;84;69;0;1;0;0;0;0;0;0;0;1;0;0;0;0;0;3;0;1;0;0;4;1;0;1;1;2;4;4;2;0;2;0;0;2;1;0;1
69108;Lancié;84;69;0;0;0;0;0;0;0;0;0;0;0;0;0;0;0;0;0;0;1;0;0;0;0;0;3;4;4;1;0;1;0;0;0;1;2;0;0
69109;Lantignié;84;69;0;0;0;0;0;0;0;0;0;0;0;0;0;0;0;0;0;0;0;0;0;0;0;0;2;2;0;0;3;0;1;0;0;0;0;0;0
69110;Larajasse;84;69;0;0;0;0;0;0;0;0;0;0;0;0;0;0;0;0;0;0;2;0;5;0;0;0;4;2;8;0;2;0;3;0;0;6;0;0;0
69111;Légny;84;69;0;0;0;0;0;0;0;0;0;0;0;0;0;0;0;0;0;0;0;0;4;1;0;1;3;1;1;0;0;1;1;1;0;2;2;0;2
69112;Lentilly;84;69;0;0;0;0;0;0;0;0;0;0;0;0;0;0;0;1;2;1;0;0;11;1;0;1;6;10;12;10;11;1;8;1;0;6;6;0;8
69113;Létra;84;69;0;0;0;0;0;0;0;0;0;0;0;0;0;0;0;0;0;0;0;1;1;0;0;0;0;3;1;1;5;0;1;0;0;1;0;0;0
69114;Liergues;84;69;0;0;0;0;0;0;0;0;0;0;0;0;0;0;0;0;0;1;0;0;4;1;0;0;8;7;3;3;6;0;4;0;0;3;2;0;4
69115;Limas;84;69;0;0;0;0;0;0;0;0;0;0;0;0;0;0;0;5;0;0;0;0;13;2;3;2;4;13;6;7;4;1;3;2;7;10;3;1;3
69116;Limonest;84;69;0;1;0;0;0;0;0;0;0;0;0;0;0;0;0;4;0;1;0;0;2;1;1;1;5;8;3;10;9;5;4;2;0;24;11;1;7
69117;Lissieu;84;69;0;0;0;0;0;0;0;0;0;0;0;0;0;0;0;0;0;1;0;0;9;0;0;1;3;4;8;6;4;4;4;0;0;5;8;1;3
69118;Loire-sur-Rhône;84;69;0;0;0;0;0;0;0;0;0;0;0;0;0;0;0;0;0;1;0;0;5;0;0;0;6;8;5;2;7;1;5;0;1;6;0;0;3
69119;Longes;84;69;0;0;0;0;0;0;0;0;0;0;0;0;0;0;0;0;0;0;1;0;3;0;0;0;0;2;1;2;2;0;0;0;0;3;1;0;1
69120;Longessaigne;84;69;0;0;0;0;0;0;0;0;0;0;0;0;0;0;0;0;0;0;0;1;0;0;0;0;0;1;3;0;2;0;0;0;0;1;0;0;0
69121;Lozanne;84;69;0;0;0;0;0;0;0;0;0;0;0;0;0;0;0;1;0;1;0;0;8;0;0;0;6;9;2;10;4;0;4;0;1;10;5;1;3
69122;Lucenay;84;69;0;0;0;0;0;0;0;0;0;0;0;0;0;0;0;0;0;0;0;1;4;0;0;0;5;6;3;3;2;1;2;0;0;2;0;0;2
69123;Lyon;84;69;10;1;1;1;1;1;1;2;2;50;0;7;0;1;1;354;48;39;4;0;307;19;54;141;302;945;335;403;364;131;775;50;260;2846;934;162;476
69124;Marchampt;84;69;0;0;0;0;0;0;0;0;0;0;0;0;0;0;0;0;0;0;0;0;0;0;0;0;0;0;0;0;1;0;0;0;0;0;1;0;0
69125;Marcilly-d'Azergues;84;69;0;0;0;0;0;0;0;0;0;0;0;0;0;0;0;0;0;0;0;1;6;0;2;0;1;2;7;1;1;0;0;0;0;1;1;0;1
69126;Marcy;84;69;0;0;0;0;0;0;0;0;0;0;0;0;0;0;0;0;0;0;0;0;0;0;0;0;1;0;0;2;2;0;1;0;0;1;2;0;0
69127;Marcy-l'Étoile;84;69;0;0;0;0;0;0;0;0;0;0;0;0;0;0;0;1;0;1;0;0;2;0;0;1;1;2;1;4;3;0;5;7;1;5;3;0;3
69130;Meaux-la-Montagne;84;69;0;0;0;0;0;0;0;0;0;0;0;0;0;0;0;0;0;0;0;0;0;0;0;0;0;0;0;0;0;0;0;0;0;5;0;0;0
69131;Messimy;84;69;0;0;0;0;0;0;0;0;0;0;0;0;0;0;0;1;0;1;0;0;11;0;0;0;4;9;17;8;11;1;4;0;0;5;3;0;7
69132;Meys;84;69;0;0;0;0;0;0;0;0;0;0;0;0;0;0;0;0;0;0;0;0;0;0;0;0;1;2;3;4;2;0;0;1;0;2;1;0;0
69133;Millery;84;69;0;0;0;0;0;0;0;0;0;0;0;0;0;0;0;1;0;1;0;0;6;0;0;1;6;9;7;8;6;1;6;1;0;6;6;0;2
69134;Moiré;84;69;0;0;0;0;0;0;0;0;0;0;0;0;0;0;0;0;0;0;0;0;0;0;0;0;0;0;0;0;0;0;0;0;0;0;0;0;0
69135;Monsols;84;69;0;0;0;0;0;0;0;0;0;0;0;0;0;0;0;2;0;1;0;0;2;0;0;0;0;2;2;2;2;0;1;1;0;3;0;0;0
69136;Montagny;84;69;0;0;0;0;0;0;0;0;0;0;0;0;0;0;0;0;0;0;1;0;6;0;0;0;7;9;8;11;5;1;4;0;1;5;2;0;3
69137;Montmelas-Saint-Sorlin;84;69;0;0;0;0;0;0;0;0;0;0;0;0;0;0;0;0;0;0;0;0;2;0;0;0;0;0;1;0;0;0;0;0;0;2;0;0;0
69138;Montromant;84;69;0;0;0;0;0;0;0;0;0;0;0;0;0;0;0;0;0;0;0;0;0;0;0;0;1;0;0;0;1;0;0;0;0;1;0;0;0
69139;Montrottier;84;69;0;0;0;0;0;0;0;0;0;0;0;0;0;0;0;0;0;1;0;0;4;0;0;0;2;2;8;3;2;0;2;0;0;2;0;0;1
69140;Morancé;84;69;0;0;0;0;0;0;0;0;0;0;0;0;0;0;0;0;0;0;0;1;3;0;0;1;4;3;3;4;5;0;1;0;0;3;2;0;2
69141;Mornant;84;69;0;1;0;0;0;0;0;0;0;1;0;0;0;0;0;6;1;1;0;0;15;2;1;4;12;5;15;15;12;0;6;1;0;14;12;3;2
69142;La Mulatière;84;69;0;0;0;0;0;0;0;0;0;0;0;0;0;0;0;0;0;1;0;0;4;0;0;2;7;13;5;4;6;0;3;0;1;9;1;1;0
69143;Neuville-sur-Saône;84;69;0;1;0;0;0;0;0;0;0;1;0;1;0;0;0;10;2;1;0;0;7;2;0;5;11;18;8;18;16;3;19;3;7;24;12;3;12
69145;Odenas;84;69;0;0;0;0;0;0;0;0;0;0;0;0;0;0;0;0;0;0;1;0;0;0;0;0;0;2;3;0;2;0;1;0;0;0;0;0;1
69146;Oingt;84;69;0;0;0;0;0;0;0;0;0;0;0;0;0;0;0;0;0;0;0;0;0;0;0;0;0;0;1;0;1;0;0;0;0;6;2;0;0
69147;Les Olmes;84;69;0;0;0;0;0;0;0;0;0;0;0;0;0;0;0;0;0;0;0;0;2;0;0;1;2;3;2;1;1;0;1;0;0;1;0;0;0
69148;Orliénas;84;69;0;0;0;0;0;0;0;0;0;0;0;0;0;0;0;0;0;0;1;0;5;0;0;0;6;5;5;4;3;0;2;1;0;5;0;0;4
69149;Oullins;84;69;1;0;0;0;0;0;0;0;0;1;0;1;0;0;0;11;0;1;1;0;22;1;0;8;27;58;35;46;30;4;28;5;7;70;25;3;24
69150;Ouroux;84;69;0;0;0;0;0;0;0;0;0;0;0;0;0;0;0;1;0;0;1;0;1;0;0;0;3;0;0;0;3;0;0;0;0;1;0;0;0
69151;Le Perréon;84;69;0;0;0;0;0;0;0;0;0;0;0;0;0;0;0;0;0;0;0;1;1;0;0;1;1;2;5;4;1;0;4;0;0;3;3;0;1
69152;Pierre-Bénite;84;69;0;0;0;0;0;0;0;0;0;0;0;0;0;0;0;6;2;1;0;0;17;2;2;2;12;32;12;17;11;3;14;2;0;28;3;3;6
69153;Poleymieux-au-Mont-d'Or;84;69;0;0;0;0;0;0;0;0;0;0;0;0;0;0;0;0;0;0;0;0;2;0;0;0;2;2;1;0;1;0;0;0;0;1;1;0;1
69154;Pollionnay;84;69;0;0;0;0;0;0;0;0;0;0;0;0;0;0;0;0;0;0;1;0;0;0;0;0;6;2;4;2;1;3;1;0;0;2;0;0;3
69155;Pomeys;84;69;0;0;0;0;0;0;0;0;0;0;0;0;0;0;0;0;0;0;0;0;2;0;0;0;1;3;2;1;2;0;3;0;0;2;0;0;0
69156;Pommiers;84;69;0;0;0;0;0;0;0;0;0;0;0;0;0;0;0;0;0;1;0;0;0;0;0;0;4;1;5;4;2;0;2;0;0;4;1;0;4
69157;Pontcharra-sur-Turdine;84;69;0;0;0;0;0;0;0;0;0;0;0;0;0;0;0;1;0;1;0;0;6;1;0;2;0;4;2;5;6;0;4;1;1;5;2;0;2
69159;Pouilly-le-Monial;84;69;0;0;0;0;0;0;0;0;0;0;0;0;0;0;0;0;0;0;0;0;4;0;0;0;4;2;2;2;1;0;2;0;0;0;0;0;0
69160;Poule-les-Écharmeaux;84;69;0;0;0;0;0;0;0;0;0;0;0;0;0;0;0;0;0;0;0;1;2;0;0;0;2;3;7;1;2;0;1;0;0;4;2;0;0
69161;Propières;84;69;0;0;0;0;0;0;0;0;0;0;0;0;0;0;0;0;0;0;0;1;0;0;0;0;0;1;2;1;1;0;2;0;0;3;0;0;0
69162;Quincié-en-Beaujolais;84;69;0;0;0;0;0;0;0;0;0;0;0;0;0;0;0;1;0;0;0;1;5;1;0;0;3;4;5;3;6;0;4;0;0;3;0;0;1
69163;Quincieux;84;69;0;0;0;0;0;0;0;0;0;0;0;0;0;0;0;1;0;1;0;0;6;0;0;0;14;9;7;9;8;1;3;0;0;6;1;0;3
69164;Ranchal;84;69;0;0;0;0;0;0;0;0;0;0;0;0;0;0;0;1;0;0;1;0;1;0;0;0;0;1;0;0;1;0;0;0;0;2;0;0;0
69165;Régnié-Durette;84;69;0;0;0;0;0;0;0;0;0;0;0;0;0;0;0;1;0;0;1;0;1;0;0;0;0;1;2;3;1;0;3;0;0;2;1;0;1
69166;Riverie;84;69;0;0;0;0;0;0;0;0;0;0;0;0;0;0;0;0;0;0;1;0;1;0;0;0;0;0;0;0;1;0;0;0;0;1;0;0;0
69167;Rivolet;84;69;0;0;0;0;0;0;0;0;0;0;0;0;0;0;0;0;0;0;0;0;2;0;0;0;0;1;2;0;0;0;0;0;0;2;0;0;0
69168;Rochetaillée-sur-Saône;84;69;0;0;0;0;0;0;0;0;0;0;0;0;0;0;0;0;0;0;0;0;0;0;0;0;0;8;1;2;3;0;2;0;2;10;0;0;0
69169;Ronno;84;69;0;0;0;0;0;0;0;0;0;0;0;0;0;0;0;0;0;0;0;0;1;0;0;0;1;2;4;0;1;0;0;0;0;2;0;0;0
69170;Rontalon;84;69;0;0;0;0;0;0;0;0;0;0;0;0;0;0;0;0;0;0;0;1;1;0;0;1;2;2;2;5;0;0;1;1;0;1;0;0;0
69171;Sain-Bel;84;69;0;0;0;0;0;0;0;0;0;0;0;0;0;0;0;1;0;1;0;0;4;1;0;1;4;11;3;5;6;0;5;1;0;8;0;1;0
69172;Salles-Arbuissonnas-en-Beaujolais;84;69;0;0;0;0;0;0;0;0;0;0;0;0;0;0;0;0;0;0;0;1;0;0;0;0;3;5;1;4;0;0;1;0;0;2;1;0;0
69173;Sarcey;84;69;0;0;0;0;0;0;0;0;0;0;0;0;0;0;0;0;0;0;0;0;4;0;0;0;2;1;3;4;5;0;1;0;0;2;1;0;1
69174;Les Sauvages;84;69;0;0;0;0;0;0;0;0;0;0;0;0;0;0;0;0;0;0;1;0;1;0;0;0;1;1;3;2;0;0;1;0;0;2;0;0;0
69175;Savigny;84;69;0;0;0;0;0;0;0;0;0;0;0;0;0;0;0;0;0;0;0;1;3;0;0;0;5;5;10;4;5;0;2;0;1;3;1;0;1
69176;Soucieu-en-Jarrest;84;69;0;0;0;0;0;0;0;0;0;0;0;0;0;0;0;1;0;1;0;0;9;0;0;1;3;6;5;14;7;0;5;1;0;4;4;0;5
69177;Sourcieux-les-Mines;84;69;0;0;0;0;0;0;0;0;0;0;0;0;0;0;0;0;0;0;0;0;3;0;0;0;1;4;3;2;8;0;1;0;0;1;0;0;3
69178;Souzy;84;69;0;0;0;0;0;0;0;0;0;0;0;0;0;0;0;0;0;0;0;0;5;1;0;0;0;3;4;2;2;0;1;0;0;1;1;0;1
69179;Saint-Andéol-le-Château;84;69;0;0;0;0;0;0;0;0;0;0;0;0;0;0;0;0;0;0;0;1;1;0;0;0;3;5;4;4;4;0;2;0;0;2;1;0;4
69180;Saint-André-la-Côte;84;69;0;0;0;0;0;0;0;0;0;0;0;0;0;0;0;0;0;0;0;0;0;0;0;0;1;0;0;1;0;0;0;0;0;0;0;0;0
69181;Saint-Appolinaire;84;69;0;0;0;0;0;0;0;0;0;0;0;0;0;0;0;0;0;0;0;0;0;0;0;0;0;2;0;0;2;0;0;0;0;1;1;0;0
69182;Saint-Bonnet-des-Bruyères;84;69;0;0;0;0;0;0;0;0;0;0;0;0;0;0;0;0;0;0;0;1;3;0;0;0;1;0;1;0;1;0;0;0;0;1;0;0;0
69183;Saint-Bonnet-le-Troncy;84;69;0;0;0;0;0;0;0;0;0;0;0;0;0;0;0;0;0;0;0;0;1;0;0;0;2;0;0;0;0;0;1;0;0;1;0;0;0
69184;Sainte-Catherine;84;69;0;0;0;0;0;0;0;0;0;0;0;0;0;0;0;0;0;0;1;0;3;0;0;1;1;1;1;1;1;0;1;0;0;2;0;0;0
69185;Saint-Christophe;84;69;0;0;0;0;0;0;0;0;0;0;0;0;0;0;0;0;0;0;0;0;0;0;0;0;1;0;1;0;0;0;0;0;0;2;0;0;0
69186;Saint-Clément-de-Vers;84;69;0;0;0;0;0;0;0;0;0;0;0;0;0;0;0;0;0;0;0;0;1;0;0;0;1;1;0;1;2;1;0;0;0;1;0;0;0
69187;Saint-Clément-les-Places;84;69;0;0;0;0;0;0;0;0;0;0;0;0;0;0;0;0;0;0;0;1;0;0;0;0;0;0;2;1;3;0;1;1;0;2;0;0;0
69188;Saint-Clément-sur-Valsonne;84;69;0;0;0;0;0;0;0;0;0;0;0;0;0;0;0;0;0;0;0;1;1;0;0;0;1;0;2;2;3;0;1;0;0;1;0;0;0
69189;Sainte-Colombe;84;69;0;0;0;0;0;0;0;0;0;0;0;0;0;0;0;3;0;1;0;0;2;0;0;0;7;4;1;5;4;0;4;0;0;13;4;1;5
69190;Sainte-Consorce;84;69;0;0;0;0;0;0;0;0;0;0;0;0;0;0;0;0;0;0;0;0;5;0;0;0;0;2;2;9;3;0;1;0;0;3;1;1;0
69191;Saint-Cyr-au-Mont-d'Or;84;69;0;0;0;0;0;0;0;0;0;0;0;0;0;0;0;3;1;1;0;0;2;0;0;1;4;6;4;6;0;0;3;0;0;6;12;0;1
69192;Saint-Cyr-le-Chatoux;84;69;0;0;0;0;0;0;0;0;0;0;0;0;0;0;0;0;0;0;0;0;0;0;0;0;1;0;1;0;0;0;0;0;0;1;0;0;0
69193;Saint-Cyr-sur-le-Rhône;84;69;0;0;0;0;0;0;0;0;0;0;0;0;0;0;0;0;0;0;0;0;0;0;0;0;2;2;4;2;2;0;0;0;0;2;0;0;1
69194;Saint-Didier-au-Mont-d'Or;84;69;0;0;0;0;0;0;0;0;0;0;0;0;0;0;0;6;0;1;0;0;7;0;0;2;7;12;5;8;6;5;4;2;0;13;16;1;5
69195;Saint-Didier-sous-Riverie;84;69;0;0;0;0;0;0;0;0;0;0;0;0;0;0;0;0;0;0;0;1;3;0;0;0;1;1;4;0;3;0;2;0;0;1;1;0;2
69196;Saint-Didier-sur-Beaujeu;84;69;0;0;0;0;0;0;0;0;0;0;0;0;0;0;0;0;0;0;0;0;4;0;0;1;5;2;1;0;3;0;0;0;0;3;0;0;0
69197;Saint-Étienne-des-Oullières;84;69;0;0;0;0;0;0;0;0;0;0;0;0;0;0;0;3;0;1;0;0;2;0;0;1;4;8;6;6;2;0;5;0;0;6;4;0;3
69198;Saint-Étienne-la-Varenne;84;69;0;0;0;0;0;0;0;0;0;0;0;0;0;0;0;0;0;0;0;0;0;0;0;0;2;1;2;2;2;0;0;0;0;2;0;0;0
69199;Saint-Fons;84;69;0;0;0;0;0;0;0;0;0;0;0;1;0;0;0;8;1;1;0;1;22;1;4;5;41;98;17;25;20;2;26;0;1;61;3;2;8
69200;Saint-Forgeux;84;69;0;0;0;0;0;0;0;0;0;0;0;0;0;0;0;0;0;0;1;0;5;0;0;0;2;2;5;3;2;0;2;0;0;2;0;0;1
69201;Sainte-Foy-l'Argentière;84;69;0;0;0;0;0;0;0;0;0;0;0;0;0;0;0;2;0;1;0;0;7;0;0;3;2;3;5;0;4;1;3;1;0;5;2;0;2
69202;Sainte-Foy-lès-Lyon;84;69;0;0;0;0;0;0;0;0;0;0;0;0;0;0;0;8;3;2;2;0;15;3;0;5;14;25;17;17;15;4;19;5;0;25;28;4;10
69203;Saint-Genis-l'Argentière;84;69;0;0;0;0;0;0;0;0;0;0;0;0;0;0;0;0;0;0;0;0;3;0;0;0;1;3;3;1;2;0;0;0;0;2;0;1;1
69204;Saint-Genis-Laval;84;69;0;1;0;0;0;0;0;0;0;1;0;0;0;0;0;10;2;1;0;1;32;2;1;5;19;35;16;33;23;7;26;3;3;32;16;5;20
69205;Saint-Genis-les-Ollières;84;69;0;0;0;0;0;0;0;0;0;0;0;0;0;0;0;1;0;1;0;0;6;0;0;1;7;4;11;9;6;1;7;0;0;4;5;0;4
69206;Saint-Georges-de-Reneins;84;69;0;0;0;0;0;0;0;0;0;0;0;0;0;0;0;2;2;1;0;0;10;1;0;2;9;18;15;9;6;0;6;4;1;9;5;1;4
69207;Saint-Germain-au-Mont-d'Or;84;69;0;0;0;0;0;0;0;0;0;0;0;0;0;0;0;0;1;1;1;0;0;0;0;1;5;8;1;3;4;1;3;1;0;6;4;0;3
69208;Saint-Germain-Nuelles;84;69;0;0;0;0;0;0;0;0;0;0;0;0;0;0;0;0;0;0;0;0;0;0;0;0;2;1;4;2;3;0;3;0;0;0;1;0;1
69209;Saint-Igny-de-Vers;84;69;0;0;0;0;0;0;0;0;0;0;0;0;0;0;0;0;0;0;0;1;1;0;0;0;2;0;2;0;1;0;1;0;0;1;0;0;0
69210;Saint-Jacques-des-Arrêts;84;69;0;0;0;0;0;0;0;0;0;0;0;0;0;0;0;0;0;0;0;0;0;0;0;0;0;0;0;0;0;0;0;0;0;1;0;0;0
69211;Saint-Jean-d'Ardières;84;69;0;0;0;0;0;0;0;0;0;0;0;0;0;0;0;0;0;0;0;0;9;2;0;1;9;11;10;10;7;0;3;0;0;9;0;1;3
69212;Saint-Jean-des-Vignes;84;69;0;0;0;0;0;0;0;0;0;0;0;0;0;0;0;0;0;0;0;0;0;0;0;0;1;2;1;0;0;0;0;0;0;0;2;0;0
69213;Saint-Jean-de-Touslas;84;69;0;0;0;0;0;0;0;0;0;0;0;0;0;0;0;0;0;0;0;1;0;0;0;0;0;2;1;0;1;0;0;0;0;3;0;0;0
69214;Saint-Jean-la-Bussière;84;69;0;0;0;0;0;0;0;0;0;0;0;0;0;0;0;0;0;0;0;1;6;0;0;1;1;1;4;1;1;0;2;0;0;2;0;0;0
69215;Saint-Julien;84;69;0;0;0;0;0;0;0;0;0;0;0;0;0;0;0;0;0;0;0;0;3;0;0;0;1;3;2;2;3;0;3;0;0;1;0;0;1
69216;Saint-Julien-sur-Bibost;84;69;0;0;0;0;0;0;0;0;0;0;0;0;0;0;0;0;0;0;1;0;2;0;0;0;3;0;3;0;1;1;0;0;0;0;0;0;0
69217;Saint-Just-d'Avray;84;69;0;0;0;0;0;0;0;0;0;0;0;0;0;0;0;0;0;1;0;0;0;0;0;0;3;3;1;3;0;0;1;0;0;1;0;0;0
69218;Saint-Lager;84;69;0;0;0;0;0;0;0;0;0;0;0;0;0;0;0;0;0;0;1;0;3;1;0;0;2;3;6;1;3;0;1;0;0;3;2;0;0
69219;Saint-Laurent-d'Agny;84;69;0;0;0;0;0;0;0;0;0;0;0;0;0;0;0;0;0;0;1;0;6;0;0;0;0;1;9;5;5;0;3;0;0;4;3;0;3
69220;Saint-Laurent-de-Chamousset;84;69;0;1;0;0;0;0;0;0;0;1;0;0;0;0;0;3;2;1;0;0;3;0;0;2;3;3;5;6;4;0;4;1;1;2;3;0;1
69222;Saint-Laurent-d'Oingt;84;69;0;0;0;0;0;0;0;0;0;0;0;0;0;0;0;0;0;0;1;0;3;1;0;0;1;1;3;3;0;0;0;1;0;3;1;0;0
69223;Saint-Loup;84;69;0;0;0;0;0;0;0;0;0;0;0;0;0;0;0;0;0;0;0;0;2;0;0;0;0;2;4;0;4;1;1;0;0;1;0;0;1
69224;Saint-Mamert;84;69;0;0;0;0;0;0;0;0;0;0;0;0;0;0;0;0;0;0;0;0;0;0;0;0;2;0;0;0;0;0;1;0;0;0;0;0;0
69225;Saint-Marcel-l'Éclairé;84;69;0;0;0;0;0;0;0;0;0;0;0;0;0;0;0;0;0;0;0;0;0;0;0;0;0;0;0;1;1;1;1;0;0;1;0;0;0
69227;Saint-Martin-en-Haut;84;69;0;0;0;0;0;0;0;0;0;0;0;0;0;0;0;4;1;1;0;0;9;1;0;1;7;5;11;7;5;1;4;2;0;9;3;0;2
69228;Saint-Maurice-sur-Dargoire;84;69;0;0;0;0;0;0;0;0;0;0;0;0;0;0;0;0;2;0;1;0;4;0;0;0;3;2;3;5;4;2;2;0;0;4;0;1;2
69229;Saint-Nizier-d'Azergues;84;69;0;0;0;0;0;0;0;0;0;0;0;0;0;0;0;0;0;0;0;1;2;0;0;0;3;2;1;0;0;0;0;0;0;2;0;0;1
69230;Sainte-Paule;84;69;0;0;0;0;0;0;0;0;0;0;0;0;0;0;0;0;0;0;0;0;0;0;0;0;1;3;2;1;0;0;0;0;0;3;0;0;0
69231;Saint-Pierre-la-Palud;84;69;0;0;0;0;0;0;0;0;0;0;0;0;0;0;0;0;0;1;0;0;2;0;1;0;2;3;3;3;4;1;3;0;0;5;0;0;1
69233;Saint-Romain-au-Mont-d'Or;84;69;0;0;0;0;0;0;0;0;0;0;0;0;0;0;0;0;0;0;1;0;4;0;0;0;2;3;0;3;2;0;1;0;0;4;2;0;1
69234;Saint-Romain-de-Popey;84;69;0;0;0;0;0;0;0;0;0;0;0;0;0;0;0;0;1;0;0;1;7;0;1;0;2;3;8;2;5;0;1;0;0;4;3;0;1
69235;Saint-Romain-en-Gal;84;69;0;0;0;0;0;0;0;0;0;0;0;0;0;0;0;0;0;0;0;0;7;0;0;3;9;0;4;4;1;3;2;2;0;6;2;0;3
69236;Saint-Romain-en-Gier;84;69;0;0;0;0;0;0;0;0;0;0;0;0;0;0;0;0;0;0;0;0;0;0;0;0;0;2;0;0;1;0;0;0;0;0;0;0;2
69237;Saint-Sorlin;84;69;0;0;0;0;0;0;0;0;0;0;0;0;0;0;0;0;0;0;0;0;0;0;0;0;1;0;1;0;0;0;0;0;0;0;0;0;0
69238;Saint-Symphorien-sur-Coise;84;69;0;1;0;0;0;0;0;0;0;1;0;1;0;0;0;5;1;1;0;0;9;1;0;3;4;9;10;4;2;2;7;2;0;11;4;2;3
69239;Saint-Vérand;84;69;0;0;0;0;0;0;0;0;0;0;0;0;0;0;0;1;0;0;1;0;0;0;0;0;1;1;2;1;2;0;1;0;0;3;1;0;1
69240;Saint-Vincent-de-Reins;84;69;0;0;0;0;0;0;0;0;0;0;0;0;0;0;0;1;0;0;0;1;1;0;0;0;0;0;1;0;0;0;2;0;0;3;0;0;1
69241;Taluyers;84;69;0;0;0;0;0;0;0;0;0;0;0;0;0;0;0;0;0;0;0;1;5;0;0;0;7;9;12;2;6;2;1;0;0;4;5;0;1
69242;Taponas;84;69;0;0;0;0;0;0;0;0;0;0;0;0;0;0;0;0;0;0;0;0;1;0;0;0;0;3;2;2;0;0;2;0;0;2;1;0;1
69243;Tarare;84;69;1;1;0;0;0;0;0;0;0;3;0;1;0;0;0;11;6;1;0;0;16;1;0;3;11;35;14;20;7;2;20;3;4;35;6;3;10
69244;Tassin-la-Demi-Lune;84;69;0;1;0;0;0;0;0;0;0;1;0;1;0;0;0;11;2;1;1;0;15;2;1;7;11;31;16;20;16;5;30;6;4;31;36;3;19
69245;Ternand;84;69;0;0;0;0;0;0;0;0;0;0;0;0;0;0;0;0;0;0;0;1;1;0;0;0;2;1;0;3;1;0;1;0;0;3;0;0;1
69246;Theizé;84;69;0;0;0;0;0;0;0;0;0;0;0;0;0;0;0;0;0;0;0;1;4;0;0;0;2;5;4;2;2;0;1;0;0;0;2;0;0
69248;Thizy-les-Bourgs;84;69;0;1;0;0;0;0;0;0;0;1;0;1;0;0;0;7;2;2;0;1;14;2;0;1;6;15;8;5;8;0;11;3;0;15;1;0;6
69249;Thurins;84;69;0;0;0;0;0;0;0;0;0;0;0;0;0;0;0;2;0;1;0;0;8;1;0;1;7;7;8;6;6;1;6;0;0;7;3;0;2
69250;La Tour-de-Salvagny;84;69;0;0;0;0;0;0;0;0;0;0;0;0;0;0;0;5;3;1;0;0;6;0;1;3;3;5;4;5;5;2;6;0;0;6;4;1;4
69251;Trades;84;69;0;0;0;0;0;0;0;0;0;0;0;0;0;0;0;0;0;0;0;0;0;0;0;0;1;0;0;0;0;0;0;0;0;3;1;0;0
69252;Trèves;84;69;0;0;0;0;0;0;0;0;0;0;0;0;0;0;0;0;0;0;0;0;1;0;0;0;2;1;2;1;1;0;0;0;0;0;0;0;1
69253;Tupin-et-Semons;84;69;0;0;0;0;0;0;0;0;0;0;0;0;0;0;0;0;0;0;0;0;1;0;0;0;0;0;1;0;0;0;0;0;0;3;0;0;1
69254;Valsonne;84;69;0;0;0;0;0;0;0;0;0;0;0;0;0;0;0;0;0;0;0;1;3;0;0;0;1;2;2;2;1;0;1;0;0;0;0;0;0
69255;Vaugneray;84;69;0;1;0;0;0;0;0;0;0;1;0;0;0;0;0;3;1;1;0;0;6;1;0;3;7;7;20;10;19;2;4;2;0;11;2;1;4
69256;Vaulx-en-Velin;84;69;1;0;0;0;0;0;0;0;0;1;0;1;0;1;0;12;3;4;0;0;82;4;12;12;97;254;53;93;85;13;30;3;3;116;19;5;12
69257;Vaux-en-Beaujolais;84;69;0;0;0;0;0;0;0;0;0;0;0;0;0;0;0;0;0;0;0;1;0;0;0;0;0;1;0;1;2;0;0;0;0;3;0;0;0
69258;Vauxrenard;84;69;0;0;0;0;0;0;0;0;0;0;0;0;0;0;0;0;0;0;0;0;1;0;0;0;0;0;0;0;0;0;0;0;0;0;0;0;0
69259;Vénissieux;84;69;1;0;0;0;0;0;0;0;0;1;0;1;0;1;0;12;6;2;0;0;90;9;7;21;59;224;47;76;85;13;46;1;1;149;20;4;35
69260;Vernaison;84;69;0;0;0;0;0;0;0;0;0;0;0;0;0;0;0;2;0;1;0;0;3;0;1;2;3;9;8;7;2;0;8;1;0;12;5;1;4
69261;Vernay;84;69;0;0;0;0;0;0;0;0;0;0;0;0;0;0;0;0;0;0;0;0;0;0;0;0;0;0;0;0;0;0;0;0;0;0;0;0;0
69263;Villechenève;84;69;0;0;0;0;0;0;0;0;0;0;0;0;0;0;0;0;0;0;0;1;2;0;0;0;1;2;2;1;2;0;1;0;0;2;2;0;1
69264;Villefranche-sur-Saône;84;69;1;1;0;1;1;1;1;0;0;5;0;1;0;0;0;23;5;4;0;0;69;6;8;13;39;95;42;53;42;15;71;4;14;153;55;10;40
69265;Ville-sur-Jarnioux;84;69;0;0;0;0;0;0;0;0;0;0;0;0;0;0;0;0;0;0;0;0;0;0;0;0;1;1;4;2;1;0;0;0;0;1;1;0;0
69266;Villeurbanne;84;69;1;0;0;0;1;0;0;2;0;3;0;2;0;1;0;56;9;8;1;0;169;7;21;42;164;549;129;201;185;38;166;6;34;443;93;30;89
69267;Villié-Morgon;84;69;0;0;0;0;0;0;0;0;0;0;0;0;0;0;0;2;0;1;0;0;5;0;0;1;1;2;3;3;1;1;2;0;0;7;0;0;1
69268;Vourles;84;69;0;0;0;0;0;0;0;0;0;0;0;0;0;0;0;1;0;1;0;0;1;0;0;2;8;5;3;7;7;3;2;1;0;8;7;1;5
69269;Yzeron;84;69;0;0;0;0;0;0;0;0;0;0;0;0;0;0;0;1;0;0;0;1;2;0;0;0;1;6;3;1;2;0;1;0;0;6;0;0;2
69270;Chaponnay;84;69;0;0;0;0;0;0;0;0;0;0;0;0;0;0;0;1;1;1;0;0;11;1;0;3;3;7;5;14;6;1;4;1;0;8;6;1;4
69271;Chassieu;84;69;1;0;0;0;0;0;0;0;0;0;0;0;0;0;0;9;1;1;0;0;30;2;6;3;11;27;18;21;24;6;10;1;2;29;16;1;9
69272;Communay;84;69;0;0;0;0;0;0;0;0;0;0;0;0;0;0;0;1;0;1;0;0;4;0;0;1;9;8;6;6;5;1;4;2;0;5;3;0;4
69273;Corbas;84;69;0;1;0;0;0;0;0;0;0;0;0;0;0;0;0;6;1;1;0;0;24;3;1;3;14;16;6;19;17;3;18;0;7;24;11;2;8
69275;Décines-Charpieu;84;69;1;0;0;0;0;0;0;0;0;0;0;0;0;0;0;13;3;1;0;0;58;4;1;8;36;72;48;64;48;6;37;3;6;76;21;6;27
69276;Feyzin;84;69;0;0;0;0;0;0;0;0;0;0;0;0;0;0;0;2;0;1;0;1;14;0;4;3;14;21;9;14;19;2;7;2;2;14;5;1;7
69277;Genas;84;69;0;1;0;0;0;0;0;0;0;0;0;0;0;0;0;9;0;1;0;0;20;3;3;2;12;25;15;27;25;5;14;1;1;19;13;1;10
69278;Genay;84;69;0;0;0;0;0;0;0;0;0;0;0;0;0;0;0;1;0;1;0;0;14;2;1;1;9;11;13;14;6;2;8;1;0;7;7;0;7
69279;Jonage;84;69;0;1;0;0;0;0;0;0;0;0;0;0;0;0;0;2;0;1;0;0;7;0;0;2;7;6;8;15;15;4;12;1;0;11;9;2;5
69280;Jons;84;69;0;0;0;0;0;0;0;0;0;0;0;0;0;0;0;0;0;0;0;0;6;1;0;0;2;5;4;6;3;2;2;0;0;7;0;0;3
69281;Marennes;84;69;0;0;0;0;0;0;0;0;0;0;0;0;0;0;0;0;0;0;0;0;1;0;0;0;4;2;5;3;4;0;2;0;0;1;1;1;2
69282;Meyzieu;84;69;1;0;0;0;0;0;0;0;0;2;0;1;0;0;1;15;5;1;1;0;48;4;3;7;34;88;36;45;40;13;31;3;17;53;31;4;24
69283;Mions;84;69;0;1;0;0;0;0;0;0;0;0;0;0;0;0;0;6;0;1;0;0;25;4;2;1;14;34;23;23;27;3;15;2;0;21;10;1;16
69284;Montanay;84;69;0;0;0;0;0;0;0;0;0;0;0;0;0;0;0;0;0;1;0;0;3;0;0;0;0;8;1;5;4;2;2;0;0;1;3;0;0
69285;Pusignan;84;69;0;0;0;0;0;0;0;0;0;0;0;0;0;0;0;1;0;1;0;0;16;0;0;1;14;19;12;20;12;1;7;0;1;16;4;1;6
69286;Rillieux-la-Pape;84;69;1;0;0;0;0;0;0;0;0;1;0;1;0;0;1;13;6;3;0;0;28;3;3;10;28;80;38;43;37;8;26;1;1;59;16;2;22
69287;Saint-Bonnet-de-Mure;84;69;0;0;0;0;0;0;0;0;0;0;0;0;0;0;0;5;2;1;0;0;15;1;1;3;6;14;14;17;12;2;14;2;4;23;12;1;14
69288;Saint-Laurent-de-Mure;84;69;0;1;0;0;0;0;0;0;0;0;0;0;0;0;0;1;0;1;0;0;11;2;2;1;8;12;15;10;11;1;5;0;1;11;2;0;7
69289;Saint-Pierre-de-Chandieu;84;69;0;0;0;0;0;0;0;0;0;0;0;0;0;0;0;2;0;1;0;0;11;0;0;3;4;8;9;16;9;0;5;2;0;8;4;0;7
69290;Saint-Priest;84;69;1;0;0;0;0;0;0;0;0;1;0;1;0;0;0;20;4;3;0;0;71;5;3;19;34;98;63;75;68;21;48;6;10;117;26;7;36
69291;Saint-Symphorien-d'Ozon;84;69;0;1;0;0;0;0;0;0;0;1;0;0;0;0;0;6;1;1;0;0;15;2;0;1;8;9;14;18;13;0;11;2;1;12;11;2;6
69292;Sathonay-Camp;84;69;0;1;0;0;0;0;0;0;0;0;0;0;0;0;0;2;0;1;0;0;7;0;0;2;3;12;10;5;7;2;7;0;0;9;3;0;4
69293;Sathonay-Village;84;69;0;0;0;0;0;0;0;0;0;0;0;0;0;0;0;0;1;0;0;1;1;0;0;0;0;2;6;1;4;0;2;0;0;3;4;0;1
69294;Sérézin-du-Rhône;84;69;0;0;0;0;0;0;0;0;0;0;0;0;0;0;0;0;0;1;0;0;4;1;0;1;3;6;2;6;4;1;5;1;0;5;5;0;3
69295;Simandres;84;69;0;0;0;0;0;0;0;0;0;0;0;0;0;0;0;0;0;0;0;0;7;0;0;0;3;8;2;4;1;1;2;2;0;3;0;0;2
69296;Solaize;84;69;0;0;0;0;0;0;0;0;0;0;0;0;0;0;0;0;0;0;0;1;4;0;1;0;3;2;4;7;5;1;3;0;0;7;2;0;3
69297;Ternay;84;69;0;0;0;0;0;0;0;0;0;0;0;0;0;0;0;2;0;1;0;0;16;1;1;2;8;17;5;10;13;1;6;0;0;7;4;0;8
69298;Toussieu;84;69;0;0;0;0;0;0;0;0;0;0;0;0;0;0;0;0;0;0;0;1;7;0;1;0;6;2;6;5;10;1;5;0;0;3;2;0;10
69299;Colombier-Saugnieu;84;69;0;0;0;0;0;0;0;0;0;0;0;0;0;0;0;2;1;2;0;0;11;1;6;0;1;6;4;3;3;2;2;0;3;6;2;1;8
70001;Abelcourt;27;70;0;0;0;0;0;0;0;0;0;0;0;0;0;0;0;0;0;0;0;0;0;0;0;0;0;0;0;2;0;0;0;0;0;0;0;0;0
70002;Aboncourt-Gesincourt;27;70;0;0;0;0;0;0;0;0;0;0;0;0;0;0;0;0;0;0;0;0;0;0;0;0;1;0;0;1;1;0;0;0;0;2;0;0;0
70003;Achey;27;70;0;0;0;0;0;0;0;0;0;0;0;0;0;0;0;0;0;0;0;0;0;0;0;0;1;0;0;0;0;0;0;0;0;0;0;0;0
70004;Adelans-et-le-Val-de-Bithaine;27;70;0;0;0;0;0;0;0;0;0;0;0;0;0;0;0;0;0;0;0;0;1;0;0;0;0;2;0;0;0;0;0;0;0;0;1;0;0
70005;Aillevans;27;70;0;0;0;0;0;0;0;0;0;0;0;0;0;0;0;0;0;0;0;0;0;0;0;0;1;0;0;0;0;0;0;0;0;0;0;0;0
70006;Aillevillers-et-Lyaumont;27;70;0;0;0;0;0;0;0;0;0;0;0;0;0;0;0;0;1;1;0;0;2;0;0;0;3;3;3;3;1;0;3;0;0;4;0;0;0
70007;Ailloncourt;27;70;0;0;0;0;0;0;0;0;0;0;0;0;0;0;0;0;0;0;0;0;0;0;0;0;1;1;1;0;0;0;0;0;0;0;0;0;0
70008;Ainvelle;27;70;0;0;0;0;0;0;0;0;0;0;0;0;0;0;0;0;0;0;0;0;0;0;0;0;0;1;0;0;0;0;0;0;0;1;0;0;0
70009;Aisey-et-Richecourt;27;70;0;0;0;0;0;0;0;0;0;0;0;0;0;0;0;0;0;0;0;0;0;0;0;0;0;0;0;0;0;0;0;0;0;0;0;0;0
70010;Alaincourt;27;70;0;0;0;0;0;0;0;0;0;0;0;0;0;0;0;0;0;0;0;0;0;0;0;0;0;0;1;0;0;0;0;0;0;0;0;0;0
70011;Amage;27;70;0;0;0;0;0;0;0;0;0;0;0;0;0;0;0;0;0;0;0;0;0;0;0;0;1;1;0;0;0;0;0;0;0;0;0;0;0
70012;Amance;27;70;0;0;0;0;0;0;0;0;0;0;0;0;0;0;0;0;1;0;1;0;1;0;0;0;0;2;0;1;0;0;1;0;0;2;0;0;0
70013;Ambiévillers;27;70;0;0;0;0;0;0;0;0;0;0;0;0;0;0;0;0;0;0;0;0;0;0;0;0;0;0;0;2;0;0;0;0;0;0;0;0;0
70014;Amblans-et-Velotte;27;70;0;0;0;0;0;0;0;0;0;0;0;0;0;0;0;0;0;0;0;0;0;0;0;0;3;0;0;1;0;0;1;0;0;0;0;0;0
70015;Amoncourt;27;70;0;0;0;0;0;0;0;0;0;0;0;0;0;0;0;0;0;0;0;0;1;0;0;0;0;0;0;1;1;0;0;0;0;0;0;0;0
70016;Amont-et-Effreney;27;70;0;0;0;0;0;0;0;0;0;0;0;0;0;0;0;0;0;0;0;0;0;0;0;0;1;0;0;0;1;1;0;0;0;1;1;0;0
70017;Anchenoncourt-et-Chazel;27;70;0;0;0;0;0;0;0;0;0;0;0;0;0;0;0;0;0;0;0;0;0;0;0;0;0;1;0;0;0;0;0;0;0;0;0;0;0
70018;Ancier;27;70;0;0;0;0;0;0;0;0;0;0;0;0;0;0;0;0;0;0;0;0;1;1;0;0;1;0;2;3;1;0;1;0;0;1;0;0;0
70019;Andelarre;27;70;0;0;0;0;0;0;0;0;0;0;0;0;0;0;0;0;0;0;0;0;0;0;0;0;1;0;0;0;0;0;0;0;0;0;0;0;0
70020;Andelarrot;27;70;0;0;0;0;0;0;0;0;0;0;0;0;0;0;0;0;0;0;0;0;1;0;0;0;0;0;2;3;0;0;0;0;0;1;0;0;0
70021;Andornay;27;70;0;0;0;0;0;0;0;0;0;0;0;0;0;0;0;0;0;0;0;0;0;0;0;0;0;0;0;0;0;0;0;0;0;0;0;0;0
70022;Angirey;27;70;0;0;0;0;0;0;0;0;0;0;0;0;0;0;0;0;0;0;0;0;0;0;0;0;0;0;0;0;0;0;0;0;0;0;0;0;0
70023;Anjeux;27;70;0;0;0;0;0;0;0;0;0;0;0;0;0;0;0;0;0;0;0;0;0;0;0;0;0;0;0;0;0;0;0;0;0;0;0;0;0
70024;Apremont;27;70;0;0;0;0;0;0;0;0;0;0;0;0;0;0;0;1;0;0;0;0;1;0;0;0;1;0;2;0;0;0;0;0;0;0;0;0;0
70025;Arbecey;27;70;0;0;0;0;0;0;0;0;0;0;0;0;0;0;0;0;0;0;0;0;0;0;0;0;0;0;2;0;1;0;0;0;0;0;0;0;1
70026;Arc-lès-Gray;27;70;0;0;0;0;0;0;0;0;0;0;0;1;0;0;0;0;1;1;0;0;8;2;0;0;4;2;4;4;3;3;6;1;2;10;0;0;2
70027;Argillières;27;70;0;0;0;0;0;0;0;0;0;0;0;0;0;0;0;0;0;0;0;0;0;0;0;0;0;0;2;0;0;0;0;0;0;0;0;0;0
70028;Aroz;27;70;0;0;0;0;0;0;0;0;0;0;0;0;0;0;0;0;0;0;0;0;0;0;0;0;0;0;0;0;0;0;0;0;0;1;0;0;0
70029;Arpenans;27;70;0;0;0;0;0;0;0;0;0;0;0;0;0;0;0;0;0;0;0;0;0;0;0;0;0;2;1;2;0;0;0;0;0;0;0;0;1
70030;Arsans;27;70;0;0;0;0;0;0;0;0;0;0;0;0;0;0;0;0;0;0;0;0;0;0;0;0;0;0;0;0;0;0;0;0;0;0;0;0;0
70031;Athesans-Étroitefontaine;27;70;0;0;0;0;0;0;0;0;0;0;0;0;0;0;0;0;0;0;0;1;2;0;0;0;0;0;2;2;0;1;1;0;0;0;0;0;0
70032;Attricourt;27;70;0;0;0;0;0;0;0;0;0;0;0;0;0;0;0;0;0;0;0;0;0;0;0;0;0;0;0;0;0;0;0;0;0;0;0;0;0
70035;Augicourt;27;70;0;0;0;0;0;0;0;0;0;0;0;0;0;0;0;0;0;0;0;0;0;0;0;0;0;0;0;0;0;0;0;0;0;0;0;0;0
70036;Aulx-lès-Cromary;27;70;0;0;0;0;0;0;0;0;0;0;0;0;0;0;0;0;0;0;0;0;0;0;0;0;1;0;0;1;1;0;0;0;0;0;0;0;0
70037;Autet;27;70;0;0;0;0;0;0;0;0;0;0;0;0;0;0;0;0;0;0;0;0;4;0;0;0;0;1;1;0;0;0;0;0;0;1;0;0;0
70038;Authoison;27;70;0;0;0;0;0;0;0;0;0;0;0;0;0;0;0;0;0;0;0;0;1;0;0;0;2;0;0;0;1;0;0;0;0;0;0;0;1
70039;Autoreille;27;70;0;0;0;0;0;0;0;0;0;0;0;0;0;0;0;0;0;0;0;0;0;0;0;0;1;1;0;1;2;0;0;0;0;0;0;0;0
70040;Autrey-lès-Cerre;27;70;0;0;0;0;0;0;0;0;0;0;0;0;0;0;0;0;0;0;0;0;1;0;0;0;0;1;0;0;1;0;0;0;0;0;0;0;0
70041;Autrey-lès-Gray;27;70;0;0;0;0;0;0;0;0;0;0;0;0;0;0;0;0;0;0;1;0;1;0;0;0;0;0;1;0;1;0;1;0;0;1;1;0;1
70042;Autrey-le-Vay;27;70;0;0;0;0;0;0;0;0;0;0;0;0;0;0;0;0;0;0;0;0;0;0;0;0;1;0;0;0;0;0;0;0;0;0;0;0;0
70043;Auvet-et-la-Chapelotte;27;70;0;0;0;0;0;0;0;0;0;0;0;0;0;0;0;0;0;0;0;0;0;0;0;0;1;1;0;2;0;0;0;0;0;0;0;0;0
70044;Auxon;27;70;0;0;0;0;0;0;0;0;0;0;0;0;0;0;0;0;0;0;0;0;0;0;0;0;1;0;1;0;1;0;1;0;0;0;0;0;0
70045;Avrigney-Virey;27;70;0;0;0;0;0;0;0;0;0;0;0;0;0;0;0;0;0;0;0;0;0;0;0;0;1;2;0;1;0;0;1;0;0;1;0;0;0
70046;Les Aynans;27;70;0;0;0;0;0;0;0;0;0;0;0;0;0;0;0;0;0;0;0;0;1;0;0;0;0;2;1;1;1;0;0;0;0;0;0;0;0
70047;Baignes;27;70;0;0;0;0;0;0;0;0;0;0;0;0;0;0;0;0;0;0;0;0;0;0;0;0;0;1;0;0;1;0;0;0;0;0;0;0;0
70048;Bard-lès-Pesmes;27;70;0;0;0;0;0;0;0;0;0;0;0;0;0;0;0;0;0;0;0;0;0;0;0;0;1;1;0;0;0;0;0;0;0;0;0;0;0
70049;Barges;27;70;0;0;0;0;0;0;0;0;0;0;0;0;0;0;0;0;0;0;0;0;0;0;0;0;0;0;1;0;0;0;0;0;0;0;0;0;0
70050;La Barre;27;70;0;0;0;0;0;0;0;0;0;0;0;0;0;0;0;0;0;0;0;0;0;0;0;0;1;0;1;0;1;0;0;0;0;0;0;0;0
70051;La Basse-Vaivre;27;70;0;0;0;0;0;0;0;0;0;0;0;0;0;0;0;0;0;0;0;0;0;0;0;0;0;0;0;0;0;0;0;0;0;0;0;0;0
70052;Bassigney;27;70;0;0;0;0;0;0;0;0;0;0;0;0;0;0;0;0;0;0;0;0;0;0;0;0;0;2;0;1;0;0;0;0;0;0;0;0;0
70053;Les Bâties;27;70;0;0;0;0;0;0;0;0;0;0;0;0;0;0;0;0;0;0;0;0;0;0;0;0;0;0;0;0;0;0;0;0;0;0;0;0;0
70054;Battrans;27;70;0;0;0;0;0;0;0;0;0;0;0;0;0;0;0;0;0;0;0;0;0;0;0;0;0;1;2;0;1;0;0;0;0;0;0;0;0
70055;Baudoncourt;27;70;0;0;0;0;0;0;0;0;0;0;0;0;0;0;0;0;0;0;0;0;2;0;0;0;1;0;0;1;2;0;1;0;0;1;1;0;1
70056;Baulay;27;70;0;0;0;0;0;0;0;0;0;0;0;0;0;0;0;0;0;0;0;0;1;0;0;0;0;0;0;0;0;0;0;0;0;1;1;0;0
70057;Bay;27;70;0;0;0;0;0;0;0;0;0;0;0;0;0;0;0;0;0;0;0;0;0;0;0;0;0;0;1;0;0;0;0;0;0;0;0;0;0
70058;Beaujeu-Saint-Vallier-Pierrejux-et-Quitteur;27;70;0;0;0;0;0;0;0;0;0;0;0;0;0;0;0;0;0;0;0;1;1;0;0;0;2;1;2;1;1;0;1;0;0;1;0;0;0
70059;Beaumotte-Aubertans;27;70;0;0;0;0;0;0;0;0;0;0;0;0;0;0;0;0;0;0;0;0;2;0;0;0;0;0;1;0;2;0;0;0;0;1;0;0;0
70060;Beaumotte-lès-Pin;27;70;0;0;0;0;0;0;0;0;0;0;0;0;0;0;0;0;0;0;0;0;1;0;0;0;1;0;0;0;1;0;0;0;0;0;0;0;0
70061;Belfahy;27;70;0;0;0;0;0;0;0;0;0;0;0;0;0;0;0;0;0;0;0;0;0;0;0;0;0;0;1;0;1;0;0;0;0;2;1;0;0
70062;Belmont;27;70;0;0;0;0;0;0;0;0;0;0;0;0;0;0;0;0;0;0;0;0;0;0;0;0;0;0;0;0;0;1;0;0;0;0;0;0;0
70063;Belonchamp;27;70;0;0;0;0;0;0;0;0;0;0;0;0;0;0;0;0;0;0;0;0;1;0;0;0;0;0;0;0;0;0;0;0;0;0;0;0;0
70064;Belverne;27;70;0;0;0;0;0;0;0;0;0;0;0;0;0;0;0;0;0;0;0;0;0;0;0;0;0;0;0;0;0;0;0;0;0;0;0;0;0
70065;Besnans;27;70;0;0;0;0;0;0;0;0;0;0;0;0;0;0;0;0;0;0;0;0;0;0;0;0;0;0;0;0;0;0;0;0;0;0;0;0;0
70066;Betaucourt;27;70;0;0;0;0;0;0;0;0;0;0;0;0;0;0;0;0;0;0;0;0;0;0;0;0;1;1;0;2;0;0;0;0;0;0;0;0;0
70067;Betoncourt-lès-Brotte;27;70;0;0;0;0;0;0;0;0;0;0;0;0;0;0;0;0;0;0;0;0;0;0;0;0;1;0;0;0;0;0;0;0;0;0;0;0;0
70069;Betoncourt-Saint-Pancras;27;70;0;0;0;0;0;0;0;0;0;0;0;0;0;0;0;0;0;0;0;0;0;0;0;0;0;0;0;0;0;0;0;0;0;0;0;0;0
70070;Betoncourt-sur-Mance;27;70;0;0;0;0;0;0;0;0;0;0;0;0;0;0;0;0;0;0;0;0;0;0;0;0;0;0;0;0;0;0;0;0;0;0;0;0;0
70071;Beulotte-Saint-Laurent;27;70;0;0;0;0;0;0;0;0;0;0;0;0;0;0;0;0;0;0;0;0;0;0;0;0;1;0;0;0;0;0;0;0;0;0;0;0;0
70072;Beveuge;27;70;0;0;0;0;0;0;0;0;0;0;0;0;0;0;0;0;0;0;0;0;0;0;0;0;0;0;0;0;0;0;0;0;0;0;0;0;0
70074;Blondefontaine;27;70;0;0;0;0;0;0;0;0;0;0;0;0;0;0;0;0;0;0;1;0;0;0;0;0;0;0;0;0;0;0;0;0;0;0;0;0;0
70075;Bonboillon;27;70;0;0;0;0;0;0;0;0;0;0;0;0;0;0;0;0;0;0;0;0;1;0;0;0;1;0;0;0;1;0;0;0;0;1;0;0;0
70076;Bonnevent-Velloreille;27;70;0;0;0;0;0;0;0;0;0;0;0;0;0;0;0;0;0;0;0;0;0;0;0;1;1;0;0;0;0;1;0;0;0;1;0;0;0
70077;Borey;27;70;0;0;0;0;0;0;0;0;0;0;0;0;0;0;0;0;0;0;0;0;0;0;0;0;0;0;0;0;0;0;0;0;0;1;0;0;0
70078;Bougey;27;70;0;0;0;0;0;0;0;0;0;0;0;0;0;0;0;0;0;0;0;0;0;0;0;0;0;0;0;0;0;0;0;0;0;0;0;0;0
70079;Bougnon;27;70;0;0;0;0;0;0;0;0;0;0;0;0;0;0;0;0;0;0;0;0;1;0;0;0;0;0;1;0;1;0;0;0;0;0;0;0;0
70080;Bouhans-et-Feurg;27;70;0;0;0;0;0;0;0;0;0;0;0;0;0;0;0;0;0;0;0;0;0;0;0;0;0;0;1;1;0;0;0;0;0;0;0;0;1
70081;Bouhans-lès-Lure;27;70;0;0;0;0;0;0;0;0;0;0;0;0;0;0;0;0;0;0;0;0;0;0;0;0;0;0;0;0;0;0;1;0;0;0;0;0;0
70082;Bouhans-lès-Montbozon;27;70;0;0;0;0;0;0;0;0;0;0;0;0;0;0;0;0;0;0;0;0;1;0;0;0;2;0;0;0;0;0;0;0;0;0;0;0;0
70083;Bouligney;27;70;0;0;0;0;0;0;0;0;0;0;0;0;0;0;0;0;0;0;0;0;0;0;0;0;0;0;1;0;1;0;1;0;0;0;0;0;0
70084;Boulot;27;70;0;0;0;0;0;0;0;0;0;0;0;0;0;0;0;0;0;0;0;0;1;0;0;0;1;1;2;1;2;0;0;0;0;2;0;0;0
70085;Boult;27;70;0;0;0;0;0;0;0;0;0;0;0;0;0;0;0;0;0;0;0;1;0;0;0;0;0;0;1;3;0;0;0;0;0;0;0;0;1
70086;Bourbévelle;27;70;0;0;0;0;0;0;0;0;0;0;0;0;0;0;0;0;0;0;0;0;0;0;0;0;0;0;0;0;0;0;0;0;0;0;0;0;0
70087;Bourguignon-lès-Conflans;27;70;0;0;0;0;0;0;0;0;0;0;0;0;0;0;0;0;0;0;0;0;0;0;0;0;0;1;1;0;0;0;0;0;0;0;0;0;0
70088;Bourguignon-lès-la-Charité;27;70;0;0;0;0;0;0;0;0;0;0;0;0;0;0;0;0;0;0;0;0;0;0;0;0;0;2;0;0;0;0;0;0;0;0;0;0;0
70089;Bourguignon-lès-Morey;27;70;0;0;0;0;0;0;0;0;0;0;0;0;0;0;0;0;0;0;0;0;0;0;0;0;0;0;0;0;0;0;0;0;0;0;0;0;0
70090;Boursières;27;70;0;0;0;0;0;0;0;0;0;0;0;0;0;0;0;0;0;0;0;0;0;0;0;0;0;0;0;0;0;0;0;0;0;0;0;0;0
70091;Bousseraucourt;27;70;0;0;0;0;0;0;0;0;0;0;0;0;0;0;0;0;0;0;0;0;0;0;0;0;0;0;0;0;0;1;0;0;0;0;0;0;0
70092;Bresilley;27;70;0;0;0;0;0;0;0;0;0;0;0;0;0;0;0;0;0;0;0;0;0;0;0;0;3;0;0;0;1;0;0;0;0;1;0;0;0
70093;Breuches;27;70;0;0;0;0;0;0;0;0;0;0;0;0;0;0;0;0;0;1;0;0;1;0;0;0;3;1;0;1;2;0;1;0;0;2;0;0;0
70094;Breuchotte;27;70;0;0;0;0;0;0;0;0;0;0;0;0;0;0;0;0;0;0;0;0;0;0;0;0;0;0;1;1;1;0;0;0;0;1;0;0;0
70095;Breurey-lès-Faverney;27;70;0;0;0;0;0;0;0;0;0;0;0;0;0;0;0;0;0;0;0;1;0;0;0;0;0;2;1;0;1;1;1;0;0;1;0;0;0
70096;Brevilliers;27;70;0;0;0;0;0;0;0;0;0;0;0;0;0;0;0;0;0;0;0;0;2;0;0;0;1;0;1;1;1;1;0;0;0;2;0;0;1
70097;Briaucourt;27;70;0;0;0;0;0;0;0;0;0;0;0;0;0;0;0;0;0;0;0;0;1;0;0;0;1;0;2;0;0;0;0;0;0;0;0;0;0
70098;Brotte-lès-Luxeuil;27;70;0;0;0;0;0;0;0;0;0;0;0;0;0;0;0;0;0;0;0;0;0;0;0;0;0;0;0;0;0;0;0;0;0;0;0;0;0
70099;Brotte-lès-Ray;27;70;0;0;0;0;0;0;0;0;0;0;0;0;0;0;0;0;0;0;0;0;0;0;0;0;0;0;0;0;0;0;0;0;0;0;0;0;0
70100;Broye-les-Loups-et-Verfontaine;27;70;0;0;0;0;0;0;0;0;0;0;0;0;0;0;0;0;0;0;0;0;0;0;0;0;0;0;0;2;0;1;0;0;0;0;0;0;0
70101;Broye-Aubigney-Montseugny;27;70;0;0;0;0;0;0;0;0;0;0;0;0;0;0;0;0;0;0;0;1;1;0;0;0;0;0;1;0;1;0;1;0;0;1;0;0;0
70102;Brussey;27;70;0;0;0;0;0;0;0;0;0;0;0;0;0;0;0;0;0;0;0;0;0;0;0;0;1;0;1;0;0;0;1;0;0;0;1;0;0
70103;La Bruyère;27;70;0;0;0;0;0;0;0;0;0;0;0;0;0;0;0;0;0;0;0;0;2;0;0;0;0;0;0;0;0;0;0;0;0;0;0;0;0
70104;Bucey-lès-Gy;27;70;0;0;0;0;0;0;0;0;0;0;0;0;0;0;0;0;1;0;0;1;2;0;0;0;1;0;3;1;0;0;1;0;0;4;0;0;1
70105;Bucey-lès-Traves;27;70;0;0;0;0;0;0;0;0;0;0;0;0;0;0;0;0;0;0;0;0;0;0;0;0;0;0;0;0;0;0;0;0;0;0;0;0;0
70106;Buffignécourt;27;70;0;0;0;0;0;0;0;0;0;0;0;0;0;0;0;0;0;0;0;0;0;0;0;0;0;1;0;0;0;0;0;0;0;0;0;0;0
70107;Bussières;27;70;0;0;0;0;0;0;0;0;0;0;0;0;0;0;0;0;0;0;0;0;0;0;0;0;1;0;0;0;0;0;1;0;0;0;0;0;0
70109;Buthiers;27;70;0;0;0;0;0;0;0;0;0;0;0;0;0;0;0;0;0;0;0;0;0;0;0;0;0;0;0;0;0;0;1;0;0;0;0;0;0
70111;Calmoutier;27;70;0;0;0;0;0;0;0;0;0;0;0;0;0;0;0;0;0;0;0;0;0;0;0;0;0;0;0;2;1;0;0;0;0;1;0;0;0
70112;Cemboing;27;70;0;0;0;0;0;0;0;0;0;0;0;0;0;0;0;0;0;0;0;0;0;0;0;0;0;0;0;0;0;0;0;0;0;0;0;0;0
70113;Cenans;27;70;0;0;0;0;0;0;0;0;0;0;0;0;0;0;0;0;0;0;0;0;0;0;0;0;0;0;0;0;0;0;0;0;0;0;0;0;0
70114;Cendrecourt;27;70;0;0;0;0;0;0;0;0;0;0;0;0;0;0;0;0;0;0;0;0;0;0;0;0;0;0;1;2;1;0;0;0;0;0;0;0;0
70115;Cerre-lès-Noroy;27;70;0;0;0;0;0;0;0;0;0;0;0;0;0;0;0;0;0;0;0;0;0;0;0;0;1;0;1;0;0;0;0;0;0;1;0;0;0
70116;Chagey;27;70;0;0;0;0;0;0;0;0;0;0;0;0;0;0;0;0;0;0;0;1;2;0;0;0;0;0;1;0;0;1;0;0;0;1;0;0;0
70117;Châlonvillars;27;70;0;0;0;0;0;0;0;0;0;0;0;0;0;0;0;0;0;0;0;0;1;0;0;0;1;1;2;0;1;1;0;0;0;2;0;0;0
70118;Chambornay-lès-Bellevaux;27;70;0;0;0;0;0;0;0;0;0;0;0;0;0;0;0;0;0;0;0;0;0;0;0;0;0;0;3;1;0;0;0;0;0;0;0;0;1
70119;Chambornay-lès-Pin;27;70;0;0;0;0;0;0;0;0;0;0;0;0;0;0;0;0;0;0;0;0;0;0;0;0;0;0;1;0;1;0;0;0;0;0;0;0;0
70120;Champagney;27;70;0;1;0;0;0;0;0;0;0;0;1;0;0;0;0;1;0;1;0;0;9;0;0;1;4;9;8;6;6;0;7;0;0;8;2;0;2
70121;Champey;27;70;0;0;0;0;0;0;0;0;0;0;0;0;0;0;0;0;0;0;0;1;2;0;0;0;1;0;0;0;2;0;0;0;0;1;0;0;0
70122;Champlitte;27;70;0;1;0;0;0;0;0;0;0;0;0;0;0;0;0;0;1;1;0;0;3;0;0;0;4;0;4;5;1;0;3;1;0;2;1;0;1
70124;Champtonnay;27;70;0;0;0;0;0;0;0;0;0;0;0;0;0;0;0;0;0;0;0;0;0;0;0;0;0;0;0;0;0;0;0;0;0;0;0;0;0
70125;Champvans;27;70;0;0;0;0;0;0;0;0;0;0;0;0;0;0;0;0;0;0;0;0;0;0;0;0;0;1;2;0;0;0;0;0;0;0;0;0;0
70126;Chancey;27;70;0;0;0;0;0;0;0;0;0;0;0;0;0;0;0;0;0;0;0;0;0;0;0;0;2;0;0;1;0;0;0;0;0;0;1;0;0
70127;Chantes;27;70;0;0;0;0;0;0;0;0;0;0;0;0;0;0;0;0;0;0;0;0;0;0;0;0;0;0;0;0;0;0;0;0;0;0;0;0;0
70128;La Chapelle-lès-Luxeuil;27;70;0;0;0;0;0;0;0;0;0;0;0;0;0;0;0;0;0;0;0;0;1;0;0;0;0;1;0;2;1;0;0;0;0;2;0;0;0
70129;La Chapelle-Saint-Quillain;27;70;0;0;0;0;0;0;0;0;0;0;0;0;0;0;0;0;0;0;0;0;0;0;0;0;2;0;0;0;0;0;0;0;0;1;0;0;0
70130;Charcenne;27;70;0;0;0;0;0;0;0;0;0;0;0;0;0;0;0;0;0;0;0;0;0;0;0;0;1;0;0;0;1;0;0;0;0;0;0;0;0
70132;Chargey-lès-Gray;27;70;0;0;0;0;0;0;0;0;0;0;0;0;0;0;0;0;0;0;0;1;1;0;0;0;0;2;2;0;2;0;0;0;0;0;1;0;0
70133;Chargey-lès-Port;27;70;0;0;0;0;0;0;0;0;0;0;0;0;0;0;0;0;0;0;0;0;0;0;0;0;2;0;0;1;0;0;1;0;0;0;0;0;0
70134;Chariez;27;70;0;0;0;0;0;0;0;0;0;0;0;0;0;0;0;0;0;0;0;0;0;0;0;0;0;1;0;0;1;0;0;0;0;0;0;0;1
70135;Charmes-Saint-Valbert;27;70;0;0;0;0;0;0;0;0;0;0;0;0;0;0;0;0;0;0;0;0;0;0;0;0;0;0;1;0;0;0;0;0;0;0;0;0;0
70136;Charmoille;27;70;0;0;0;0;0;0;0;0;0;0;0;0;0;0;0;0;0;0;0;0;0;0;0;0;1;2;2;1;0;1;0;0;0;1;0;0;1
70137;Chassey-lès-Montbozon;27;70;0;0;0;0;0;0;0;0;0;0;0;0;0;0;0;0;0;0;0;0;2;0;0;0;0;0;0;0;0;0;0;0;0;1;0;0;0
70138;Chassey-lès-Scey;27;70;0;0;0;0;0;0;0;0;0;0;0;0;0;0;0;0;0;0;0;0;0;0;0;0;0;0;0;0;0;0;0;0;0;1;0;0;0
70140;Châteney;27;70;0;0;0;0;0;0;0;0;0;0;0;0;0;0;0;0;0;0;0;0;0;0;0;0;0;0;0;0;0;0;0;0;0;0;0;0;0
70141;Châtenois;27;70;0;0;0;0;0;0;0;0;0;0;0;0;0;0;0;0;0;0;0;0;0;0;0;0;0;0;0;0;0;0;0;0;0;0;0;0;0
70142;Chaumercenne;27;70;0;0;0;0;0;0;0;0;0;0;0;0;0;0;0;0;0;0;0;0;1;0;0;0;0;0;0;0;1;1;0;0;0;0;0;0;0
70143;Chauvirey-le-Châtel;27;70;0;0;0;0;0;0;0;0;0;0;0;0;0;0;0;0;0;0;0;0;0;0;0;0;0;0;1;1;0;0;0;0;0;0;1;0;0
70144;Chauvirey-le-Vieil;27;70;0;0;0;0;0;0;0;0;0;0;0;0;0;0;0;0;0;0;0;0;0;0;0;0;0;0;0;0;0;0;0;0;0;0;0;0;0
70145;Chaux-la-Lotière;27;70;0;0;0;0;0;0;0;0;0;0;0;0;0;0;0;0;0;0;0;0;0;0;0;0;0;0;1;0;0;0;1;0;0;0;0;0;0
70146;Chaux-lès-Port;27;70;0;0;0;0;0;0;0;0;0;0;0;0;0;0;0;0;0;0;0;0;0;0;0;0;0;0;0;0;0;0;0;0;0;0;0;0;0
70147;Chavanne;27;70;0;0;0;0;0;0;0;0;0;0;0;0;0;0;0;0;0;0;0;0;0;0;0;0;0;1;1;0;0;0;0;0;0;0;0;0;0
70148;Chemilly;27;70;0;0;0;0;0;0;0;0;0;0;0;0;0;0;0;0;0;0;0;0;0;0;0;0;0;0;0;0;0;0;0;0;0;0;0;0;0
70149;Chenebier;27;70;0;0;0;0;0;0;0;0;0;0;0;0;0;0;0;0;0;0;0;0;2;0;0;0;2;1;2;1;0;1;1;0;0;1;0;0;0
70150;Chenevrey-et-Morogne;27;70;0;0;0;0;0;0;0;0;0;0;0;0;0;0;0;0;0;0;0;0;0;0;0;0;0;0;2;0;0;0;0;0;0;0;0;0;0
70151;Chevigney;27;70;0;0;0;0;0;0;0;0;0;0;0;0;0;0;0;0;0;0;0;0;0;0;0;0;0;0;0;0;0;0;0;0;0;0;0;0;0
70152;Choye;27;70;0;0;0;0;0;0;0;0;0;0;0;0;0;0;0;0;0;0;1;0;1;0;0;0;1;1;1;1;0;1;0;0;0;2;0;0;1
70153;Cintrey;27;70;0;0;0;0;0;0;0;0;0;0;0;0;0;0;0;0;0;0;1;0;0;0;0;0;1;0;1;0;0;0;0;0;0;0;0;0;0
70154;Cirey;27;70;0;0;0;0;0;0;0;0;0;0;0;0;0;0;0;0;0;0;0;0;0;0;0;0;1;1;0;0;0;0;0;0;0;0;0;0;0
70155;Citers;27;70;0;0;0;0;0;0;0;0;0;0;0;0;0;0;0;0;0;0;0;1;2;0;0;0;0;0;0;2;1;0;2;0;0;2;1;0;0
70156;Citey;27;70;0;0;0;0;0;0;0;0;0;0;0;0;0;0;0;0;0;0;0;0;0;0;0;0;0;0;0;0;0;1;0;0;0;0;0;0;0
70157;Clairegoutte;27;70;0;0;0;0;0;0;0;0;0;0;0;0;0;0;0;0;0;1;0;0;0;0;0;0;0;1;0;0;0;0;0;0;0;0;0;0;0
70158;Clans;27;70;0;0;0;0;0;0;0;0;0;0;0;0;0;0;0;0;0;0;0;0;0;0;0;0;0;0;0;0;0;0;0;0;0;0;0;0;0
70159;Cognières;27;70;0;0;0;0;0;0;0;0;0;0;0;0;0;0;0;0;0;0;0;0;0;0;0;0;0;0;0;0;1;0;0;0;0;0;0;0;0
70160;Coisevaux;27;70;0;0;0;0;0;0;0;0;0;0;0;0;0;0;0;0;0;0;0;0;1;0;0;0;0;1;0;0;0;0;1;0;0;0;0;0;0
70162;Colombe-lès-Vesoul;27;70;0;0;0;0;0;0;0;0;0;0;0;0;0;0;0;0;0;0;0;0;0;0;0;0;0;0;0;0;0;0;0;0;0;1;1;0;0
70163;Colombier;27;70;0;0;0;0;0;0;0;0;0;0;0;0;0;0;0;0;0;0;0;0;1;0;0;0;1;2;1;0;2;1;2;0;0;1;0;0;0
70164;Colombotte;27;70;0;0;0;0;0;0;0;0;0;0;0;0;0;0;0;0;0;0;0;0;1;0;0;0;0;0;0;0;0;0;0;0;0;0;0;0;0
70165;Combeaufontaine;27;70;0;1;0;0;0;0;0;0;0;0;0;0;0;0;0;0;1;1;0;0;4;0;0;0;0;1;0;1;2;0;1;0;0;2;0;0;1
70166;Comberjon;27;70;0;0;0;0;0;0;0;0;0;0;0;0;0;0;0;0;0;0;0;0;0;0;0;0;1;1;0;1;1;0;0;0;0;0;0;0;0
70167;Conflandey;27;70;0;0;0;0;0;0;0;0;0;0;0;0;0;0;0;0;0;0;0;0;1;0;0;0;0;3;0;0;0;0;0;0;0;1;0;0;0
70168;Conflans-sur-Lanterne;27;70;0;0;0;0;0;0;0;0;0;0;0;0;0;0;0;0;0;0;0;1;2;0;0;0;1;1;0;0;1;0;1;0;0;2;3;0;1
70169;Confracourt;27;70;0;0;0;0;0;0;0;0;0;0;0;0;0;0;0;0;0;0;0;0;1;0;0;0;0;0;0;1;0;0;1;0;0;0;0;0;0
70170;Contréglise;27;70;0;0;0;0;0;0;0;0;0;0;0;0;0;0;0;0;0;0;0;0;0;0;0;0;0;0;0;1;0;0;0;0;0;0;0;0;0
70171;Corbenay;27;70;0;0;0;0;0;0;0;0;0;0;0;0;0;0;0;0;0;0;0;1;5;0;0;0;1;3;4;2;1;0;1;0;0;0;0;0;1
70172;La Corbière;27;70;0;0;0;0;0;0;0;0;0;0;0;0;0;0;0;0;0;0;0;0;0;0;0;0;1;0;0;0;0;0;0;0;0;0;0;0;0
70174;Cordonnet;27;70;0;0;0;0;0;0;0;0;0;0;0;0;0;0;0;0;0;0;0;0;0;0;0;0;0;0;2;0;0;0;0;0;0;0;0;0;0
70175;Cornot;27;70;0;0;0;0;0;0;0;0;0;0;0;0;0;0;0;0;0;0;0;0;0;0;0;0;0;1;0;0;0;1;0;0;0;0;0;0;0
70176;Corravillers;27;70;0;0;0;0;0;0;0;0;0;0;0;0;0;0;0;0;0;0;1;0;0;0;0;0;0;1;0;0;0;0;0;0;0;2;0;0;0
70177;Corre;27;70;0;0;0;0;0;0;0;0;0;0;0;0;0;0;0;0;0;1;0;0;4;0;1;0;3;0;1;2;1;1;1;0;0;1;0;0;0
70178;La Côte;27;70;0;0;0;0;0;0;0;0;0;0;0;0;0;0;0;0;0;0;0;1;3;0;0;0;0;1;2;1;0;0;1;0;0;1;1;0;1
70179;Coulevon;27;70;0;0;0;0;0;0;0;0;0;0;0;0;0;0;0;0;0;0;0;0;0;0;0;0;0;0;0;0;0;0;0;0;0;0;0;0;0
70180;Courchaton;27;70;0;0;0;0;0;0;0;0;0;0;0;0;0;0;0;0;0;0;0;1;1;0;0;0;1;1;1;1;0;0;2;0;0;2;0;0;0
70181;Courcuire;27;70;0;0;0;0;0;0;0;0;0;0;0;0;0;0;0;0;0;0;0;0;0;0;0;0;1;1;0;0;0;0;0;0;0;0;0;0;0
70182;Courmont;27;70;0;0;0;0;0;0;0;0;0;0;0;0;0;0;0;0;0;0;0;0;0;0;0;0;0;0;1;0;0;0;0;0;0;2;0;0;0
70183;Courtesoult-et-Gatey;27;70;0;0;0;0;0;0;0;0;0;0;0;0;0;0;0;0;0;0;0;0;0;0;0;0;0;0;0;0;0;0;0;0;0;0;0;0;0
70184;Couthenans;27;70;0;0;0;0;0;0;0;0;0;0;0;0;0;0;0;0;0;0;0;0;1;0;0;0;0;1;0;2;1;0;1;0;0;1;0;0;0
70185;Cresancey;27;70;0;0;0;0;0;0;0;0;0;0;0;0;0;0;0;0;0;0;0;0;0;0;0;0;1;2;0;0;0;0;0;0;0;1;2;0;0
70186;La Creuse;27;70;0;0;0;0;0;0;0;0;0;0;0;0;0;0;0;0;0;0;0;0;0;0;0;0;0;0;0;0;0;1;0;0;0;0;0;0;0
70187;Crevans-et-la-Chapelle-lès-Granges;27;70;0;0;0;0;0;0;0;0;0;0;0;0;0;0;0;0;0;0;0;0;0;0;0;0;1;0;0;0;0;0;1;0;0;0;0;0;0
70188;Creveney;27;70;0;0;0;0;0;0;0;0;0;0;0;0;0;0;0;0;0;0;0;0;0;0;0;0;0;0;0;0;0;0;0;0;0;0;0;0;0
70189;Cromary;27;70;0;0;0;0;0;0;0;0;0;0;0;0;0;0;0;0;0;0;0;0;0;0;0;0;0;0;1;1;0;0;1;0;0;1;0;0;0
70190;Cubry-lès-Faverney;27;70;0;0;0;0;0;0;0;0;0;0;0;0;0;0;0;0;0;0;0;0;0;0;0;0;1;0;0;0;0;0;0;0;0;0;0;0;0
70192;Cugney;27;70;0;0;0;0;0;0;0;0;0;0;0;0;0;0;0;0;0;0;0;0;0;0;0;0;1;0;0;0;1;0;0;0;0;0;0;0;0
70193;Cult;27;70;0;0;0;0;0;0;0;0;0;0;0;0;0;0;0;0;0;0;0;0;0;0;0;0;2;1;1;1;0;1;0;0;0;0;0;0;0
70194;Cuve;27;70;0;0;0;0;0;0;0;0;0;0;0;0;0;0;0;0;0;0;0;0;1;0;0;0;0;1;0;0;0;0;0;0;0;0;0;0;0
70195;Dambenoît-lès-Colombe;27;70;0;0;0;0;0;0;0;0;0;0;0;0;0;0;0;0;0;0;0;0;1;0;0;0;3;1;0;1;0;0;0;0;0;1;1;0;0
70196;Dampierre-lès-Conflans;27;70;0;0;0;0;0;0;0;0;0;0;0;0;0;0;0;0;0;0;0;0;0;0;0;0;1;0;0;0;0;0;0;0;0;0;0;0;0
70197;Dampierre-sur-Linotte;27;70;0;0;0;0;0;0;0;0;0;0;0;0;0;0;0;0;0;0;0;1;1;0;0;0;2;1;1;0;0;0;1;0;0;1;0;0;0
70198;Dampierre-sur-Salon;27;70;0;1;0;0;0;0;0;0;0;0;1;0;0;0;0;3;1;1;0;0;5;1;0;1;1;1;7;1;0;2;4;3;0;3;1;0;0
70199;Dampvalley-lès-Colombe;27;70;0;0;0;0;0;0;0;0;0;0;0;0;0;0;0;0;0;0;0;0;0;0;0;0;0;0;0;0;0;1;0;0;0;0;0;0;0
70200;Dampvalley-Saint-Pancras;27;70;0;0;0;0;0;0;0;0;0;0;0;0;0;0;0;0;0;0;0;0;0;0;0;0;0;0;0;1;1;0;0;0;0;0;0;0;0
70201;Delain;27;70;0;0;0;0;0;0;0;0;0;0;0;0;0;0;0;0;0;0;0;0;0;0;0;0;0;0;3;2;0;0;0;0;0;0;0;0;0
70202;Demangevelle;27;70;0;0;0;0;0;0;0;0;0;0;0;0;0;0;0;0;0;0;0;1;0;0;0;0;2;0;3;1;1;0;3;0;0;0;0;0;0
70203;La Demie;27;70;0;0;0;0;0;0;0;0;0;0;0;0;0;0;0;0;0;0;0;0;1;0;0;0;0;0;0;0;0;0;0;0;0;0;0;0;0
70204;Denèvre;27;70;0;0;0;0;0;0;0;0;0;0;0;0;0;0;0;0;0;0;0;0;0;0;0;0;0;0;1;0;1;0;0;0;0;0;0;0;0
70205;Échavanne;27;70;0;0;0;0;0;0;0;0;0;0;0;0;0;0;0;0;0;0;0;0;0;0;0;0;0;0;1;0;0;0;0;0;0;0;0;0;0
70206;Échenans-sous-Mont-Vaudois;27;70;0;0;0;0;0;0;0;0;0;0;0;0;0;0;0;0;0;0;0;0;0;0;0;0;0;2;0;1;0;0;0;0;0;0;1;0;0
70207;Échenoz-la-Méline;27;70;0;0;0;0;0;0;0;0;0;0;1;0;0;0;0;0;1;0;0;0;4;0;0;1;5;7;0;4;1;0;2;0;0;3;4;0;1
70208;Échenoz-le-Sec;27;70;0;0;0;0;0;0;0;0;0;0;0;0;0;0;0;0;0;0;0;0;0;0;0;0;0;1;1;2;1;1;0;0;0;0;0;0;1
70210;Écromagny;27;70;0;0;0;0;0;0;0;0;0;0;0;0;0;0;0;0;0;0;0;0;0;0;0;0;1;0;1;0;0;0;0;1;0;0;0;0;0
70211;Écuelle;27;70;0;0;0;0;0;0;0;0;0;0;0;0;0;0;0;0;0;0;0;0;0;0;0;0;0;0;1;0;0;0;0;0;0;0;0;0;0
70213;Éhuns;27;70;0;0;0;0;0;0;0;0;0;0;0;0;0;0;0;0;0;0;0;0;1;0;0;0;1;1;0;0;0;0;0;0;0;1;0;0;0
70214;Équevilley;27;70;0;0;0;0;0;0;0;0;0;0;0;0;0;0;0;0;0;0;0;0;0;0;0;0;0;0;0;0;0;0;0;0;0;0;0;0;0
70215;Errevet;27;70;0;0;0;0;0;0;0;0;0;0;0;0;0;0;0;0;0;0;0;0;0;0;0;0;0;0;0;0;0;1;1;0;0;0;0;0;2
70216;Esboz-Brest;27;70;0;0;0;0;0;0;0;0;0;0;0;0;0;0;0;0;0;0;0;0;0;0;0;0;0;1;0;0;2;0;1;0;0;0;0;0;0
70217;Esmoulières;27;70;0;0;0;0;0;0;0;0;0;0;0;0;0;0;0;0;0;0;0;0;0;0;0;0;1;1;0;0;0;0;0;0;0;1;0;0;0
70218;Esmoulins;27;70;0;0;0;0;0;0;0;0;0;0;0;0;0;0;0;0;0;0;0;0;0;0;0;0;0;0;0;0;0;0;0;0;0;0;0;0;0
70219;Esprels;27;70;0;0;0;0;0;0;0;0;0;0;0;0;0;0;0;0;0;1;0;0;0;0;0;0;1;0;1;2;0;0;1;0;0;3;0;0;0
70220;Essertenne-et-Cecey;27;70;0;0;0;0;0;0;0;0;0;0;0;0;0;0;0;0;0;0;0;0;0;0;0;0;0;0;1;0;1;1;0;0;0;0;0;0;0
70221;Étobon;27;70;0;0;0;0;0;0;0;0;0;0;0;0;0;0;0;0;0;0;0;0;1;0;0;0;0;1;1;0;0;0;0;0;0;0;0;0;0
70222;Étrelles-et-la-Montbleuse;27;70;0;0;0;0;0;0;0;0;0;0;0;0;0;0;0;0;0;0;0;0;0;0;0;0;0;1;1;0;0;0;0;0;0;0;0;0;0
70224;Étuz;27;70;0;0;0;0;0;0;0;0;0;0;0;0;0;0;0;0;0;0;1;0;0;0;0;0;0;1;0;0;1;0;0;0;0;2;0;0;0
70225;Fahy-lès-Autrey;27;70;0;0;0;0;0;0;0;0;0;0;0;0;0;0;0;0;0;0;0;0;0;0;0;0;0;0;0;0;1;0;0;0;0;0;0;0;0
70226;Fallon;27;70;0;0;0;0;0;0;0;0;0;0;0;0;0;0;0;0;0;0;0;0;1;0;0;0;0;0;1;2;1;1;0;0;0;0;0;0;0
70227;Faucogney-et-la-Mer;27;70;0;1;0;0;0;0;0;0;0;0;0;0;0;0;0;0;0;1;0;0;1;0;0;1;0;1;0;1;1;1;2;0;0;0;0;0;0
70228;Faverney;27;70;0;1;0;0;0;0;0;0;0;0;0;0;0;0;0;1;0;1;0;0;3;0;0;1;1;1;1;1;0;0;3;1;0;4;0;0;0
70229;Faymont;27;70;0;0;0;0;0;0;0;0;0;0;0;0;0;0;0;0;0;0;0;0;1;0;0;0;0;0;0;1;0;0;0;0;0;0;0;0;0
70230;Fédry;27;70;0;0;0;0;0;0;0;0;0;0;0;0;0;0;0;0;0;0;0;0;0;0;0;0;0;0;1;0;0;0;0;0;0;0;0;0;0
70231;Ferrières-lès-Ray;27;70;0;0;0;0;0;0;0;0;0;0;0;0;0;0;0;0;0;0;0;0;0;0;0;0;0;1;0;0;0;0;0;0;0;0;0;0;0
70232;Ferrières-lès-Scey;27;70;0;0;0;0;0;0;0;0;0;0;0;0;0;0;0;0;0;0;0;0;0;0;0;0;1;0;0;0;0;0;0;0;0;0;0;0;0
70233;Les Fessey;27;70;0;0;0;0;0;0;0;0;0;0;0;0;0;0;0;0;0;0;0;0;1;0;0;0;0;0;0;0;0;0;0;0;0;0;0;0;0
70234;Filain;27;70;0;0;0;0;0;0;0;0;0;0;0;0;0;0;0;0;0;0;0;0;0;0;0;0;0;0;3;1;0;0;0;0;0;0;0;0;0
70235;Flagy;27;70;0;0;0;0;0;0;0;0;0;0;0;0;0;0;0;0;0;0;0;0;0;0;0;0;1;0;1;0;0;0;1;0;0;0;0;0;1
70236;Fleurey-lès-Faverney;27;70;0;0;0;0;0;0;0;0;0;0;0;0;0;0;0;0;0;0;0;0;1;0;0;0;2;0;1;1;0;0;0;0;0;0;0;0;1
70237;Fleurey-lès-Lavoncourt;27;70;0;0;0;0;0;0;0;0;0;0;0;0;0;0;0;0;0;0;0;0;0;0;0;0;1;0;1;1;0;0;0;0;0;0;0;0;0
70238;Fleurey-lès-Saint-Loup;27;70;0;0;0;0;0;0;0;0;0;0;0;0;0;0;0;0;0;0;0;0;0;0;0;0;0;1;1;0;0;0;0;0;0;0;0;0;0
70239;Fondremand;27;70;0;0;0;0;0;0;0;0;0;0;0;0;0;0;0;0;0;0;0;0;0;0;0;0;1;1;1;1;1;0;0;0;0;1;0;0;0
70240;Fontaine-lès-Luxeuil;27;70;0;0;0;0;0;0;0;0;0;0;0;0;0;0;0;0;0;0;0;1;2;0;0;0;0;2;2;1;2;1;2;0;0;0;0;0;2
70242;Fontenois-la-Ville;27;70;0;0;0;0;0;0;0;0;0;0;0;0;0;0;0;0;0;0;0;0;0;0;0;0;0;0;0;0;0;0;0;0;0;1;0;0;0
70243;Fontenois-lès-Montbozon;27;70;0;0;0;0;0;0;0;0;0;0;0;0;0;0;0;0;0;0;0;0;1;0;0;0;0;1;0;1;0;0;0;0;0;1;1;0;0
70244;Fouchécourt;27;70;0;0;0;0;0;0;0;0;0;0;0;0;0;0;0;0;0;0;0;0;1;0;0;0;0;0;0;0;0;0;0;0;0;2;0;0;0
70245;Fougerolles;27;70;0;0;0;0;0;0;0;0;0;0;0;0;0;0;0;3;0;1;0;0;6;1;0;2;2;4;2;3;3;1;3;1;0;9;1;0;0
70247;Fouvent-Saint-Andoche;27;70;0;0;0;0;0;0;0;0;0;0;0;0;0;0;0;0;0;0;0;1;0;0;0;0;1;1;0;0;0;0;0;0;0;1;0;0;0
70248;Frahier-et-Chatebier;27;70;0;0;0;0;0;0;0;0;0;0;0;0;0;0;0;0;0;1;0;0;2;0;0;0;2;0;3;1;1;0;2;0;0;1;0;0;0
70249;Francalmont;27;70;0;0;0;0;0;0;0;0;0;0;0;0;0;0;0;0;0;0;0;0;0;0;0;0;0;1;1;0;0;0;0;0;0;0;0;0;0
70250;Franchevelle;27;70;0;0;0;0;0;0;0;0;0;0;0;0;0;0;0;0;0;0;0;0;0;0;0;1;1;0;0;1;1;0;0;0;0;0;1;0;0
70251;Francourt;27;70;0;0;0;0;0;0;0;0;0;0;0;0;0;0;0;0;0;0;0;0;0;0;0;0;2;1;0;0;0;0;0;0;0;1;0;0;0
70252;Framont;27;70;0;0;0;0;0;0;0;0;0;0;0;0;0;0;0;0;0;0;0;0;0;0;0;0;1;0;0;0;0;0;0;0;0;0;0;0;1
70253;Frasne-le-Château;27;70;0;0;0;0;0;0;0;0;0;0;0;0;0;0;0;0;0;0;0;1;0;0;0;0;1;0;1;1;0;0;0;0;0;1;0;0;0
70254;Frédéric-Fontaine;27;70;0;0;0;0;0;0;0;0;0;0;0;0;0;0;0;0;0;0;0;0;0;0;0;0;0;0;0;0;0;1;0;0;0;0;0;0;0
70255;Fresne-Saint-Mamès;27;70;0;1;0;0;0;0;0;0;0;0;0;0;0;0;0;1;0;1;0;0;3;0;0;0;1;1;2;1;1;0;1;0;0;2;1;0;0
70256;Fresse;27;70;0;0;0;0;0;0;0;0;0;0;0;0;0;0;0;0;0;0;0;1;1;0;0;0;1;0;0;2;0;0;0;0;0;1;0;0;0
70257;Fretigney-et-Velloreille;27;70;0;0;0;0;0;0;0;0;0;0;0;0;1;0;0;0;0;0;1;0;0;0;0;0;1;0;2;2;0;0;1;0;0;2;0;0;0
70258;Froideconche;27;70;0;0;0;0;0;0;0;0;0;0;0;0;0;0;0;0;1;1;0;0;4;1;0;0;3;2;2;4;1;0;4;0;0;4;0;0;1
70259;Froideterre;27;70;0;0;0;0;0;0;0;0;0;0;0;0;0;0;0;0;0;0;0;0;0;0;0;0;0;0;0;0;0;0;0;0;0;1;0;0;0
70260;Frotey-lès-Lure;27;70;0;0;0;0;0;0;0;0;0;0;0;0;0;0;0;0;0;0;0;0;2;0;0;0;2;1;2;1;0;0;0;0;0;0;1;0;1
70261;Frotey-lès-Vesoul;27;70;0;0;0;0;0;0;0;0;0;0;0;0;0;0;0;0;0;0;1;0;2;1;0;0;2;0;0;1;1;0;2;1;0;2;1;0;0
70262;Genevreuille;27;70;0;0;0;0;0;0;0;0;0;0;0;0;0;0;0;0;0;0;0;0;0;0;0;0;0;0;0;0;0;0;0;0;0;0;0;0;0
70263;Genevrey;27;70;0;0;0;0;0;0;0;0;0;0;0;0;0;0;0;0;0;0;0;0;0;0;0;0;0;0;1;1;0;0;0;0;0;0;0;0;0
70264;Georfans;27;70;0;0;0;0;0;0;0;0;0;0;0;0;0;0;0;0;0;0;0;0;0;0;0;0;0;0;0;1;0;0;0;0;0;0;0;0;0
70265;Germigney;27;70;0;0;0;0;0;0;0;0;0;0;0;0;0;0;0;0;0;0;0;0;0;0;0;0;0;0;0;0;1;0;1;0;0;0;0;0;0
70267;Gevigney-et-Mercey;27;70;0;0;0;0;0;0;0;0;0;0;0;0;0;0;0;0;0;0;1;0;2;0;0;0;3;1;0;1;2;1;0;0;0;1;0;0;0
70268;Gézier-et-Fontenelay;27;70;0;0;0;0;0;0;0;0;0;0;0;0;0;0;0;0;0;0;0;0;1;0;0;0;0;0;1;1;0;0;0;0;0;0;0;0;0
70269;Girefontaine;27;70;0;0;0;0;0;0;0;0;0;0;0;0;0;0;0;0;0;0;0;0;0;0;0;0;0;0;0;0;0;0;0;0;0;0;0;0;0
70271;Gouhenans;27;70;0;0;0;0;0;0;0;0;0;0;0;0;0;0;0;0;0;0;0;1;1;0;0;0;0;1;1;0;0;0;1;0;0;0;0;0;1
70272;Gourgeon;27;70;0;0;0;0;0;0;0;0;0;0;0;0;0;0;0;0;0;0;0;0;0;0;0;0;1;0;0;0;1;0;1;0;0;1;0;0;0
70273;Grammont;27;70;0;0;0;0;0;0;0;0;0;0;0;0;0;0;0;0;0;0;0;0;0;0;0;0;0;0;0;0;0;0;0;0;0;0;0;0;0
70274;Grandecourt;27;70;0;0;0;0;0;0;0;0;0;0;0;0;0;0;0;0;0;0;0;0;0;0;0;0;0;0;0;0;0;0;0;0;0;0;0;0;0
70275;Grandvelle-et-le-Perrenot;27;70;0;0;0;0;0;0;0;0;0;0;0;0;0;0;0;0;0;0;0;0;1;0;0;0;0;0;0;1;0;0;0;0;0;0;0;0;0
70276;Granges-la-Ville;27;70;0;0;0;0;0;0;0;0;0;0;0;0;0;0;0;0;0;0;0;0;0;0;0;0;1;0;0;1;0;0;0;0;0;0;0;0;0
70277;Granges-le-Bourg;27;70;0;0;0;0;0;0;0;0;0;0;0;0;0;0;0;0;0;0;0;1;1;0;0;0;0;0;0;0;0;0;0;0;0;1;1;0;0
70278;Grattery;27;70;0;0;0;0;0;0;0;0;0;0;0;0;0;0;0;0;0;0;0;0;0;0;0;0;0;0;1;0;0;0;0;0;0;0;0;0;0
70279;Gray;27;70;0;1;0;0;0;0;0;0;0;0;3;0;0;0;0;8;1;1;0;2;13;1;0;6;13;11;6;8;4;7;12;1;3;31;9;4;5
70280;Gray-la-Ville;27;70;0;0;0;0;0;0;0;0;0;0;0;0;0;0;0;0;0;0;0;0;3;0;0;0;0;0;3;2;2;0;2;0;0;1;0;0;0
70282;Gy;27;70;0;1;0;0;0;0;0;0;0;0;1;0;0;0;0;3;1;1;0;0;3;0;0;1;4;4;4;2;1;0;4;4;0;3;1;0;2
70283;Haut-du-Them-Château-Lambert;27;70;0;0;0;0;0;0;0;0;0;0;0;0;1;0;0;0;0;0;0;1;0;0;0;0;0;0;2;0;1;0;0;0;0;0;1;0;1
70284;Hautevelle;27;70;0;0;0;0;0;0;0;0;0;0;0;0;0;0;0;0;0;0;0;0;0;0;0;0;0;1;1;0;1;0;0;0;0;0;0;0;0
70285;Héricourt;27;70;1;1;0;0;0;0;0;0;0;0;1;1;0;0;0;8;5;1;0;0;20;2;0;3;8;12;8;15;11;3;23;1;2;22;4;3;4
70286;Hugier;27;70;0;0;0;0;0;0;0;0;0;0;0;0;0;0;0;0;0;0;0;0;0;0;0;0;0;1;0;1;0;0;0;0;0;1;0;0;0
70287;Hurecourt;27;70;0;0;0;0;0;0;0;0;0;0;0;0;0;0;0;0;0;0;0;0;0;0;0;0;0;0;0;0;0;0;0;0;0;0;0;0;0
70288;Hyet;27;70;0;0;0;0;0;0;0;0;0;0;0;0;0;0;0;0;0;0;0;0;1;0;0;0;0;1;0;0;0;0;0;0;0;0;0;0;0
70289;Igny;27;70;0;0;0;0;0;0;0;0;0;0;0;0;0;0;0;0;0;0;0;0;0;0;0;0;1;0;0;0;1;0;0;0;0;0;0;0;0
70290;Jasney;27;70;0;0;0;0;0;0;0;0;0;0;0;0;0;0;0;0;0;0;0;0;3;0;0;0;1;2;0;0;0;0;0;0;0;0;0;0;0
70291;Jonvelle;27;70;0;0;0;0;0;0;0;0;0;0;0;0;0;0;0;0;0;0;0;1;0;0;0;0;1;0;1;1;0;0;0;0;0;0;0;0;0
70292;Jussey;27;70;0;1;0;0;0;0;0;0;0;0;1;0;0;0;0;6;2;1;0;0;4;2;0;1;3;1;6;4;2;2;2;2;0;6;3;0;2
70293;Lambrey;27;70;0;0;0;0;0;0;0;0;0;0;0;0;0;0;0;0;0;0;0;0;0;0;0;0;0;0;0;0;0;0;0;0;0;0;0;0;0
70294;Lantenot;27;70;0;0;0;0;0;0;0;0;0;0;0;0;0;0;0;0;0;0;0;0;1;0;0;0;2;0;0;1;0;0;0;0;0;0;0;0;1
70295;La Lanterne-et-les-Armonts;27;70;0;0;0;0;0;0;0;0;0;0;0;0;0;0;0;0;0;0;0;0;0;0;0;0;1;0;0;1;0;0;0;0;0;0;0;0;0
70296;Larians-et-Munans;27;70;0;0;0;0;0;0;0;0;0;0;0;0;0;0;0;0;0;0;0;0;0;0;0;0;0;0;1;0;0;0;1;0;0;2;0;0;0
70297;Larret;27;70;0;0;0;0;0;0;0;0;0;0;0;0;0;0;0;0;0;0;0;0;0;0;0;0;0;0;0;0;0;0;0;0;0;0;0;0;0
70298;Lavigney;27;70;0;0;0;0;0;0;0;0;0;0;0;0;0;0;0;0;0;0;0;0;0;0;0;0;1;0;0;0;0;0;0;0;0;0;0;0;0
70299;Lavoncourt;27;70;0;0;0;0;0;0;0;0;0;0;0;0;1;0;0;0;0;1;0;0;0;0;0;0;1;1;0;1;0;0;1;0;0;0;1;0;1
70301;Lieffrans;27;70;0;0;0;0;0;0;0;0;0;0;0;0;0;0;0;0;0;0;0;0;0;0;0;0;1;0;0;0;1;0;0;0;0;0;0;0;0
70302;Lieucourt;27;70;0;0;0;0;0;0;0;0;0;0;0;0;0;0;0;0;0;0;0;0;0;0;0;0;0;0;2;0;0;0;0;0;0;0;0;0;0
70303;Liévans;27;70;0;0;0;0;0;0;0;0;0;0;0;0;0;0;0;0;0;0;0;0;0;0;0;0;1;0;0;0;0;0;0;0;0;0;0;0;0
70304;Linexert;27;70;0;0;0;0;0;0;0;0;0;0;0;0;0;0;0;0;0;0;0;0;0;0;0;0;0;1;1;0;0;0;0;0;0;0;0;0;0
70305;Loeuilley;27;70;0;0;0;0;0;0;0;0;0;0;0;0;0;0;0;0;0;0;0;0;0;0;0;0;0;0;0;0;1;0;0;0;0;0;0;0;0
70306;Lomont;27;70;0;0;0;0;0;0;0;0;0;0;0;0;0;0;0;0;0;0;0;0;1;0;0;0;2;1;4;0;0;0;1;0;0;0;0;0;0
70307;Longevelle;27;70;0;0;0;0;0;0;0;0;0;0;0;0;0;0;0;0;0;0;0;0;0;0;0;0;0;0;0;0;0;0;0;0;0;0;0;0;0
70308;La Longine;27;70;0;0;0;0;0;0;0;0;0;0;0;0;0;0;0;0;0;0;0;1;1;0;0;0;0;0;2;0;0;1;0;0;0;0;0;0;0
70309;Loulans-Verchamp;27;70;0;0;0;0;0;0;0;0;0;0;0;0;0;0;0;0;0;0;0;1;1;0;0;0;2;0;0;1;0;0;1;0;0;0;0;0;0
70310;Lure;27;70;1;1;0;0;1;1;0;0;0;0;4;1;0;0;0;8;3;1;0;0;25;3;0;5;23;14;8;8;12;3;16;5;4;30;9;2;9
70311;Luxeuil-les-Bains;27;70;0;1;0;0;0;0;0;0;0;0;2;1;0;0;0;7;2;1;0;1;15;2;0;4;4;9;6;8;3;2;19;4;4;37;11;2;6
70312;Luze;27;70;0;0;0;0;0;0;0;0;0;0;0;0;0;0;0;0;0;0;0;0;0;0;0;0;0;1;0;0;1;0;0;0;0;0;0;0;0
70313;Lyoffans;27;70;0;0;0;0;0;0;0;0;0;0;0;0;0;0;0;0;0;0;0;0;1;0;0;0;1;0;0;1;0;1;0;0;0;1;0;0;0
70314;Magnivray;27;70;0;0;0;0;0;0;0;0;0;0;0;0;0;0;0;0;0;0;0;0;0;0;0;0;0;0;0;0;0;0;0;0;0;0;0;0;0
70315;Magnoncourt;27;70;0;0;0;0;0;0;0;0;0;0;0;0;0;0;0;0;0;0;0;0;3;0;0;0;1;1;0;1;0;0;0;0;0;0;0;0;0
70316;Le Magnoray;27;70;0;0;0;0;0;0;0;0;0;0;0;0;0;0;0;0;0;0;0;0;0;0;0;0;0;0;0;0;0;0;0;0;0;0;0;0;0
70317;Les Magny;27;70;0;0;0;0;0;0;0;0;0;0;0;0;0;0;0;0;0;0;0;0;0;0;0;0;0;0;1;0;0;0;0;0;0;1;0;0;0
70318;Magny-Danigon;27;70;0;0;0;0;0;0;0;0;0;0;0;0;0;0;0;0;0;0;0;0;0;0;0;0;1;0;0;0;0;0;0;0;0;0;0;0;0
70319;Magny-Jobert;27;70;0;0;0;0;0;0;0;0;0;0;0;0;0;0;0;0;0;0;0;0;0;0;0;0;0;0;0;0;0;0;0;0;0;0;0;0;0
70320;Magny-lès-Jussey;27;70;0;0;0;0;0;0;0;0;0;0;0;0;0;0;0;0;0;0;0;0;0;0;0;0;0;0;1;1;0;0;0;0;0;1;0;0;0
70321;Magny-Vernois;27;70;0;0;0;0;0;0;0;0;0;0;0;0;0;0;0;0;0;0;0;0;0;0;0;0;1;1;1;1;0;1;2;0;1;2;0;0;1
70322;Mailleroncourt-Charette;27;70;0;0;0;0;0;0;0;0;0;0;0;0;0;0;0;0;0;0;0;0;0;0;0;0;0;0;1;0;0;0;0;0;0;0;0;0;0
70323;Mailleroncourt-Saint-Pancras;27;70;0;0;0;0;0;0;0;0;0;0;0;0;0;0;0;0;0;0;0;0;0;0;0;0;1;0;1;1;0;0;0;0;0;1;0;0;0
70324;Mailley-et-Chazelot;27;70;0;0;0;0;0;0;0;0;0;0;0;0;0;0;0;0;1;0;0;1;1;0;0;0;1;1;1;1;0;0;0;0;0;2;0;0;0
70325;Maizières;27;70;0;0;0;0;0;0;0;0;0;0;0;0;0;0;0;0;0;0;0;1;0;0;0;0;1;0;0;0;0;0;0;0;0;1;0;0;0
70326;La Malachère;27;70;0;0;0;0;0;0;0;0;0;0;0;0;0;0;0;0;0;0;0;0;3;0;0;0;1;0;0;0;0;1;1;0;0;0;0;0;0
70327;Malans;27;70;0;0;0;0;0;0;0;0;0;0;0;0;0;0;0;0;0;0;0;0;0;0;0;0;0;1;0;0;1;0;0;0;0;0;0;0;0
70328;Malbouhans;27;70;0;0;0;0;0;0;0;0;0;0;0;0;0;0;0;0;0;0;0;0;2;0;0;0;0;0;2;0;2;0;1;0;0;0;0;0;0
70329;Malvillers;27;70;0;0;0;0;0;0;0;0;0;0;0;0;0;0;0;0;0;0;0;0;1;0;0;0;0;0;0;0;0;0;0;0;0;0;0;0;0
70330;Mandrevillars;27;70;0;0;0;0;0;0;0;0;0;0;0;0;0;0;0;0;0;0;0;0;0;0;0;0;0;0;1;0;1;0;0;0;0;0;0;0;0
70331;Mantoche;27;70;0;0;0;0;0;0;0;0;0;0;0;0;0;0;0;0;0;0;0;1;0;0;0;0;1;0;0;0;0;0;2;0;0;1;0;0;0
70332;Marast;27;70;0;0;0;0;0;0;0;0;0;0;0;0;0;0;0;0;0;0;0;0;0;0;0;0;0;0;0;0;0;0;0;0;0;0;0;0;0
70334;Marnay;27;70;0;1;0;0;0;0;0;0;0;0;1;0;0;0;0;4;1;1;0;0;8;1;0;2;6;2;5;5;3;0;3;1;0;5;2;0;1
70335;Maussans;27;70;0;0;0;0;0;0;0;0;0;0;0;0;0;0;0;0;0;0;0;0;1;0;0;0;0;0;0;0;0;0;0;0;0;0;0;0;0
70336;Mélecey;27;70;0;0;0;0;0;0;0;0;0;0;0;0;0;0;0;0;0;0;0;0;1;0;0;0;0;0;0;0;0;0;0;0;0;2;0;0;0
70337;Melin;27;70;0;0;0;0;0;0;0;0;0;0;0;0;0;0;0;0;0;0;0;0;0;0;0;0;0;0;0;1;0;0;0;0;0;0;0;0;0
70338;Melincourt;27;70;0;0;0;0;0;0;0;0;0;0;0;0;0;0;0;0;0;0;0;0;1;0;0;0;1;0;0;1;0;0;0;0;0;0;0;0;0
70339;Mélisey;27;70;0;1;0;0;0;0;0;0;0;0;1;0;0;0;0;2;1;1;0;0;11;0;0;0;1;2;6;3;1;0;4;0;0;7;0;0;1
70340;Membrey;27;70;0;0;0;0;0;0;0;0;0;0;0;0;0;0;0;0;0;0;0;0;0;0;0;0;1;0;0;0;0;0;1;0;0;1;0;0;0
70341;Menoux;27;70;0;0;0;0;0;0;0;0;0;0;0;0;0;0;0;0;0;0;0;0;0;0;0;0;0;0;0;0;0;0;0;0;0;0;0;0;0
70342;Mercey-sur-Saône;27;70;0;0;0;0;0;0;0;0;0;0;0;0;0;0;0;0;0;0;0;0;1;0;0;0;1;0;0;0;1;0;0;0;0;0;0;0;0
70343;Mersuay;27;70;0;0;0;0;0;0;0;0;0;0;0;0;0;0;0;0;0;0;0;1;0;0;0;0;1;0;0;0;0;0;0;0;0;0;0;0;0
70344;Meurcourt;27;70;0;0;0;0;0;0;0;0;0;0;0;0;0;0;0;0;0;0;0;0;1;0;0;0;1;0;1;0;2;0;0;0;0;0;0;0;2
70345;Miellin;27;70;0;0;0;0;0;0;0;0;0;0;0;0;0;0;0;0;0;0;0;0;0;0;0;0;0;1;0;0;0;0;0;0;0;0;0;0;0
70347;Mignavillers;27;70;0;0;0;0;0;0;0;0;0;0;0;0;0;0;0;0;0;0;0;0;1;0;0;0;2;0;1;0;0;0;0;0;0;0;0;0;0
70348;Moffans-et-Vacheresse;27;70;0;0;0;0;0;0;0;0;0;0;0;0;0;0;0;0;0;0;0;1;0;0;0;0;1;3;0;0;4;0;0;0;0;1;0;0;1
70349;Moimay;27;70;0;0;0;0;0;0;0;0;0;0;0;0;0;0;0;0;0;0;0;0;0;0;0;0;0;0;1;2;0;0;0;0;0;1;0;0;0
70350;Molay;27;70;0;0;0;0;0;0;0;0;0;0;0;0;0;0;0;0;0;0;0;0;0;0;0;0;0;0;0;0;0;1;0;0;0;0;0;0;0
70351;Mollans;27;70;0;0;0;0;0;0;0;0;0;0;0;0;0;0;0;0;0;0;0;1;0;0;0;0;1;0;0;0;1;0;0;0;0;0;1;0;0
70352;La Montagne;27;70;0;0;0;0;0;0;0;0;0;0;0;0;0;0;0;0;0;0;0;0;0;0;0;0;0;0;0;0;0;0;0;0;0;0;0;0;0
70353;Montagney;27;70;0;0;0;0;0;0;0;0;0;0;0;0;0;0;0;0;0;0;0;1;0;0;0;0;0;1;0;0;0;1;2;0;0;1;0;0;0
70355;Montarlot-lès-Rioz;27;70;0;0;0;0;0;0;0;0;0;0;0;0;0;0;0;0;0;0;0;0;0;0;0;0;1;0;0;1;1;0;0;0;0;0;1;0;0
70356;Montboillon;27;70;0;0;0;0;0;0;0;0;0;0;0;0;0;0;0;0;0;0;0;0;0;0;0;0;0;0;0;2;0;0;0;0;0;0;0;0;0
70357;Montbozon;27;70;0;1;0;0;0;0;0;0;0;0;0;0;0;0;0;1;1;0;0;1;0;0;0;0;0;3;0;1;1;0;2;0;0;1;0;0;0
70358;Montcey;27;70;0;0;0;0;0;0;0;0;0;0;0;0;0;0;0;0;0;0;0;0;1;0;0;0;0;0;0;0;0;0;0;0;0;0;0;0;0
70359;Montcourt;27;70;0;0;0;0;0;0;0;0;0;0;0;0;0;0;0;0;0;0;0;0;0;0;0;0;0;0;0;0;0;0;0;0;0;0;0;0;0
70360;Montdoré;27;70;0;0;0;0;0;0;0;0;0;0;0;0;0;0;0;0;1;0;0;0;1;0;0;0;0;0;1;0;1;0;0;0;0;0;0;0;0
70361;Montessaux;27;70;0;0;0;0;0;0;0;0;0;0;0;0;0;0;0;0;0;0;0;0;0;0;0;0;2;0;0;0;0;0;0;0;0;0;0;0;0
70362;Montigny-lès-Cherlieu;27;70;0;0;0;0;0;0;0;0;0;0;0;0;0;0;0;0;0;0;0;0;0;0;0;0;1;0;1;0;0;0;0;0;0;0;0;0;0
70363;Montigny-lès-Vesoul;27;70;0;0;0;0;0;0;0;0;0;0;0;0;0;0;0;0;0;0;0;0;1;0;0;0;0;0;0;2;0;1;2;0;0;0;0;0;0
70364;Montjustin-et-Velotte;27;70;0;0;0;0;0;0;0;0;0;0;0;0;0;0;0;0;0;0;0;0;1;0;0;0;0;0;0;0;0;0;1;0;0;0;0;0;0
70366;Villers-Chemin-et-Mont-lès-Étrelles;27;70;0;0;0;0;0;0;0;0;0;0;0;0;0;0;0;0;0;0;0;0;0;0;0;0;0;0;0;2;0;0;1;0;0;0;0;0;0
70367;Mont-le-Vernois;27;70;0;0;0;0;0;0;0;0;0;0;0;0;0;0;0;0;0;0;0;0;0;0;0;0;2;1;0;0;0;0;0;0;0;0;0;0;0
70368;Montot;27;70;0;0;0;0;0;0;0;0;0;0;0;0;0;0;0;0;0;0;0;0;0;0;0;0;0;0;0;0;0;0;0;0;0;0;0;0;0
70369;Mont-Saint-Léger;27;70;0;0;0;0;0;0;0;0;0;0;0;0;0;0;0;0;0;0;0;0;0;0;0;0;0;0;0;0;0;0;0;0;0;0;0;0;0
70371;Montureux-et-Prantigny;27;70;0;0;0;0;0;0;0;0;0;0;0;0;0;0;0;0;0;0;0;0;0;0;0;0;1;0;0;0;0;0;0;0;0;0;0;0;0
70372;Montureux-lès-Baulay;27;70;0;0;0;0;0;0;0;0;0;0;0;0;0;0;0;0;0;0;0;1;0;0;0;0;1;0;0;0;0;0;0;0;0;0;0;0;0
70373;La Roche-Morey;27;70;0;0;0;0;0;0;0;0;0;0;0;1;0;0;0;0;0;0;0;1;1;0;0;0;0;0;0;0;0;0;0;0;0;0;1;0;0
70374;Motey-Besuche;27;70;0;0;0;0;0;0;0;0;0;0;0;0;0;0;0;0;0;0;0;0;0;0;0;0;0;1;0;0;0;0;0;0;0;0;0;0;2
70375;Motey-sur-Saône;27;70;0;0;0;0;0;0;0;0;0;0;0;0;0;0;0;0;0;0;0;0;0;0;0;0;0;0;0;0;0;0;0;0;0;0;0;0;0
70376;Nantilly;27;70;0;0;0;0;0;0;0;0;0;0;0;0;0;0;0;0;0;0;0;1;0;0;0;0;0;0;1;2;2;0;0;0;0;1;0;0;0
70378;Navenne;27;70;0;0;0;0;0;0;0;0;0;0;0;0;0;0;0;1;0;0;0;0;4;0;1;1;0;2;1;0;2;0;2;0;0;1;0;0;0
70380;Neurey-en-Vaux;27;70;0;0;0;0;0;0;0;0;0;0;0;0;0;0;0;0;0;0;0;0;0;0;0;0;1;0;0;0;0;0;0;0;0;0;0;0;0
70381;Neurey-lès-la-Demie;27;70;0;0;0;0;0;0;0;0;0;0;0;0;0;0;0;0;0;0;0;0;0;0;0;0;0;1;0;0;0;0;0;0;0;0;0;0;0
70383;Neuvelle-lès-Cromary;27;70;0;0;0;0;0;0;0;0;0;0;0;0;0;0;0;0;0;0;0;0;0;0;0;0;0;0;0;1;0;0;1;1;0;0;0;0;0
70384;Neuvelle-lès-la-Charité;27;70;0;0;0;0;0;0;0;0;0;0;0;0;0;0;0;0;0;0;0;1;1;0;0;0;0;0;1;0;0;0;0;0;0;0;0;0;0
70385;La Neuvelle-lès-Lure;27;70;0;0;0;0;0;0;0;0;0;0;0;0;0;0;0;0;0;0;0;0;1;0;0;0;0;0;0;0;0;0;0;0;0;0;0;0;1
70386;La Neuvelle-lès-Scey;27;70;0;0;0;0;0;0;0;0;0;0;0;0;0;0;0;0;0;0;0;0;0;0;0;0;0;0;0;0;2;0;0;0;0;0;0;0;0
70387;Noidans-le-Ferroux;27;70;0;0;0;0;0;0;0;0;0;0;0;0;0;0;0;0;0;0;0;1;2;0;0;0;0;1;0;2;0;3;1;0;0;1;1;0;0
70388;Noidans-lès-Vesoul;27;70;0;0;0;0;0;0;0;0;0;0;0;0;0;0;0;1;0;0;1;0;14;2;1;0;5;8;5;4;8;2;1;1;0;2;0;0;0
70389;Noiron;27;70;0;0;0;0;0;0;0;0;0;0;0;0;0;0;0;0;0;0;0;0;1;0;0;0;1;0;0;0;0;0;0;0;0;0;0;0;0
70390;Noroy-le-Bourg;27;70;0;1;0;0;0;0;0;0;0;0;0;0;0;0;0;0;1;0;0;1;0;0;0;0;0;1;1;1;0;0;1;0;0;1;0;0;0
70392;Oigney;27;70;0;0;0;0;0;0;0;0;0;0;0;0;0;0;0;0;0;0;0;0;0;0;0;0;0;0;0;0;0;0;0;0;0;0;0;0;0
70393;Oiselay-et-Grachaux;27;70;0;0;0;0;0;0;0;0;0;0;0;0;0;0;0;0;0;0;0;1;0;0;0;0;0;0;1;0;1;1;0;0;0;1;0;0;0
70394;Onay;27;70;0;0;0;0;0;0;0;0;0;0;0;0;0;0;0;0;0;0;0;0;0;0;0;0;0;0;0;0;0;0;0;0;0;0;0;0;0
70395;Oppenans;27;70;0;0;0;0;0;0;0;0;0;0;0;0;0;0;0;0;0;0;0;0;0;0;0;0;0;0;0;0;0;0;0;0;0;0;0;0;0
70396;Oricourt;27;70;0;0;0;0;0;0;0;0;0;0;0;0;0;0;0;0;0;0;0;0;0;0;0;0;0;0;0;0;0;0;0;0;0;0;0;0;0
70397;Ormenans;27;70;0;0;0;0;0;0;0;0;0;0;0;0;0;0;0;0;0;0;0;0;0;0;0;0;0;0;0;0;0;0;0;0;0;0;0;0;0
70398;Ormoiche;27;70;0;0;0;0;0;0;0;0;0;0;0;0;0;0;0;0;0;0;0;0;0;0;0;0;0;0;0;0;0;0;0;0;0;1;0;0;0
70399;Ormoy;27;70;0;0;0;0;0;0;0;0;0;0;0;0;0;0;0;0;0;0;1;0;0;0;0;0;2;1;0;0;0;0;0;0;0;1;0;0;0
70400;Ouge;27;70;0;0;0;0;0;0;0;0;0;0;0;0;0;0;0;0;0;0;0;0;0;0;0;0;2;0;0;0;0;0;1;0;0;0;0;0;0
70401;Ovanches;27;70;0;0;0;0;0;0;0;0;0;0;0;0;0;0;0;0;0;0;0;0;0;0;0;0;0;0;0;1;0;0;0;0;0;0;0;0;0
70402;Oyrières;27;70;0;0;0;0;0;0;0;0;0;0;0;0;0;0;0;0;0;0;0;1;0;0;0;0;0;2;1;1;0;0;0;0;0;2;0;0;0
70403;Palante;27;70;0;0;0;0;0;0;0;0;0;0;0;0;0;0;0;0;0;0;0;0;0;0;0;0;1;0;0;0;1;0;0;0;0;0;0;0;0
70404;Passavant-la-Rochère;27;70;0;0;0;0;0;0;0;0;0;0;0;0;0;0;0;0;0;0;0;1;2;0;0;0;2;0;0;1;0;0;1;0;0;1;0;0;0
70405;Pennesières;27;70;0;0;0;0;0;0;0;0;0;0;0;0;0;0;0;0;0;0;0;0;0;0;0;0;0;0;0;0;0;0;0;0;0;0;0;0;0
70406;Percey-le-Grand;27;70;0;0;0;0;0;0;0;0;0;0;0;0;0;0;0;0;0;0;0;0;0;0;0;0;0;0;0;0;0;0;0;0;0;0;0;0;0
70407;Perrouse;27;70;0;0;0;0;0;0;0;0;0;0;0;0;0;0;0;0;0;0;0;0;0;0;0;0;0;0;1;0;0;0;0;0;0;0;0;0;0
70408;Pesmes;27;70;0;1;0;0;0;0;0;0;0;0;0;0;0;0;0;1;1;1;0;0;3;0;0;1;2;2;2;3;1;1;4;0;0;6;1;0;2
70409;Pierrecourt;27;70;0;0;0;0;0;0;0;0;0;0;0;0;0;0;0;0;0;0;0;0;1;0;0;0;1;0;0;0;0;0;0;0;0;0;0;0;0
70410;Pin;27;70;0;0;0;0;0;0;0;0;0;0;0;0;0;0;0;0;0;1;0;0;1;0;0;0;1;1;3;0;2;0;0;0;0;1;0;0;0
70411;La Pisseure;27;70;0;0;0;0;0;0;0;0;0;0;0;0;0;0;0;0;0;0;0;0;0;0;0;0;1;1;0;0;0;0;0;0;0;0;0;0;0
70412;Plainemont;27;70;0;0;0;0;0;0;0;0;0;0;0;0;0;0;0;0;0;0;0;0;0;0;0;0;0;0;0;0;0;0;0;0;0;0;0;0;0
70413;Plancher-Bas;27;70;0;0;0;0;0;0;0;0;0;0;0;0;0;0;0;0;0;0;0;1;5;0;0;0;5;1;6;2;2;1;3;0;0;1;2;0;1
70414;Plancher-les-Mines;27;70;0;0;0;0;0;0;0;0;0;0;0;0;0;0;0;0;0;1;0;0;0;0;0;0;1;0;2;0;1;0;2;0;0;1;0;0;1
70415;Polaincourt-et-Clairefontaine;27;70;0;0;0;0;0;0;0;0;0;0;0;0;0;0;0;0;0;0;0;1;0;0;0;0;3;0;2;0;1;0;2;0;0;0;0;0;0
70416;Pomoy;27;70;0;0;0;0;0;0;0;0;0;0;0;0;0;0;0;0;0;0;0;0;0;0;0;0;0;0;1;0;0;0;0;0;0;0;0;0;0
70417;Pontcey;27;70;0;0;0;0;0;0;0;0;0;0;0;0;0;0;0;0;0;0;0;0;1;0;0;0;1;1;0;1;0;0;1;0;0;0;0;0;0
70418;La Romaine;27;70;0;0;0;0;0;0;0;0;0;0;0;0;0;0;0;0;0;0;0;0;1;0;0;0;0;0;0;0;0;1;0;0;0;1;0;0;0
70419;Pont-du-Bois;27;70;0;0;0;0;0;0;0;0;0;0;0;0;0;0;0;0;0;0;0;0;1;0;0;0;1;0;1;0;1;0;0;0;0;0;0;0;0
70420;Pont-sur-l'Ognon;27;70;0;0;0;0;0;0;0;0;0;0;0;0;0;0;0;0;0;0;0;0;0;0;0;0;0;0;0;0;0;0;0;0;0;0;0;0;0
70421;Port-sur-Saône;27;70;0;1;0;0;0;0;0;0;0;0;1;0;0;0;0;2;1;1;0;0;6;1;0;1;4;2;3;4;5;2;3;2;0;8;0;0;2
70422;Poyans;27;70;0;0;0;0;0;0;0;0;0;0;0;0;0;0;0;0;0;0;0;0;0;0;0;0;2;0;0;0;0;0;0;0;0;0;0;0;0
70423;Preigney;27;70;0;0;0;0;0;0;0;0;0;0;0;0;0;0;0;0;0;0;0;0;0;0;0;0;0;0;0;0;0;0;1;0;0;0;0;0;0
70425;La Proiselière-et-Langle;27;70;0;0;0;0;0;0;0;0;0;0;0;0;0;0;0;0;0;0;0;0;0;0;0;0;0;0;0;0;0;0;0;0;0;0;0;0;0
70426;Provenchère;27;70;0;0;0;0;0;0;0;0;0;0;0;0;0;0;0;0;0;0;0;0;0;0;0;0;0;1;0;0;0;0;0;0;0;0;0;0;0
70427;Purgerot;27;70;0;0;0;0;0;0;0;0;0;0;0;0;0;0;0;0;0;0;0;1;0;0;0;0;0;0;3;1;1;0;0;0;0;0;0;0;0
70428;Pusey;27;70;0;0;0;0;0;0;0;0;0;0;0;0;0;0;0;0;0;0;1;0;1;1;1;1;1;0;4;6;1;0;4;0;0;2;0;1;2
70429;Pusy-et-Épenoux;27;70;0;0;0;0;0;0;0;0;0;0;0;0;0;0;0;0;0;0;0;0;2;0;0;0;0;0;0;1;2;0;0;0;0;1;0;0;0
70430;La Quarte;27;70;0;0;0;0;0;0;0;0;0;0;0;0;0;0;0;0;0;0;0;0;1;0;0;0;0;0;0;0;0;0;0;0;0;0;0;0;0
70431;Quenoche;27;70;0;0;0;0;0;0;0;0;0;0;0;0;0;0;0;0;0;0;0;0;1;0;0;0;0;0;1;0;0;0;0;0;0;1;0;0;0
70432;Quers;27;70;0;0;0;0;0;0;0;0;0;0;0;0;1;0;0;0;0;0;0;0;2;0;0;0;1;2;1;1;0;0;0;0;0;0;0;0;0
70433;Quincey;27;70;0;0;0;0;0;0;0;0;0;0;0;0;0;0;0;0;0;0;0;0;1;0;0;0;1;4;3;0;3;0;1;0;0;1;1;0;0
70435;Raddon-et-Chapendu;27;70;0;0;0;0;0;0;0;0;0;0;0;0;0;0;0;1;0;1;0;0;3;0;0;1;0;1;1;1;2;0;1;0;0;2;0;0;0
70436;Raincourt;27;70;0;0;0;0;0;0;0;0;0;0;0;0;0;0;0;0;0;0;0;0;0;0;0;0;1;0;0;0;1;0;0;1;0;0;0;0;1
70437;Ranzevelle;27;70;0;0;0;0;0;0;0;0;0;0;0;0;0;0;0;0;0;0;0;0;0;0;0;0;0;1;0;0;0;1;0;0;0;0;0;0;1
70438;Ray-sur-Saône;27;70;0;0;0;0;0;0;0;0;0;0;0;0;0;0;0;0;0;0;0;1;0;0;0;0;1;0;1;0;1;0;0;0;0;1;0;0;0
70439;Raze;27;70;0;0;0;0;0;0;0;0;0;0;0;0;0;0;0;0;0;0;0;1;0;0;0;0;1;0;4;0;0;0;0;0;0;1;0;0;0
70440;Recologne;27;70;0;0;0;0;0;0;0;0;0;0;0;0;0;0;0;0;0;0;0;0;0;0;0;0;0;0;0;0;0;0;0;0;0;0;0;0;0
70441;Recologne-lès-Rioz;27;70;0;0;0;0;0;0;0;0;0;0;0;0;0;0;0;0;0;0;0;0;0;0;0;0;0;0;1;0;0;0;0;0;0;0;0;0;0
70442;Renaucourt;27;70;0;0;0;0;0;0;0;0;0;0;0;0;0;0;0;0;0;0;0;0;1;0;0;0;0;0;0;1;0;0;0;0;0;1;0;0;0
70443;La Grande-Résie;27;70;0;0;0;0;0;0;0;0;0;0;0;0;0;0;0;0;0;0;0;0;1;0;0;0;0;0;0;0;0;0;0;0;0;0;0;0;0
70444;La Résie-Saint-Martin;27;70;0;0;0;0;0;0;0;0;0;0;0;0;0;0;0;0;0;0;0;0;0;0;0;0;2;0;2;0;0;0;0;0;0;0;0;0;1
70445;Rignovelle;27;70;0;0;0;0;0;0;0;0;0;0;0;0;0;0;0;0;0;0;0;0;0;0;0;0;0;0;0;0;0;0;0;0;0;0;0;0;0
70446;Rigny;27;70;0;0;0;0;0;0;0;0;0;0;0;0;0;0;0;0;0;0;0;0;2;0;0;0;2;1;1;1;0;1;0;0;0;3;0;0;0
70447;Rioz;27;70;0;1;0;0;0;0;0;0;0;0;1;0;0;0;0;3;1;1;0;0;8;1;0;1;3;2;4;4;3;0;4;3;1;8;1;0;3
70448;Roche-et-Raucourt;27;70;0;0;0;0;0;0;0;0;0;0;0;0;0;0;0;0;0;0;0;0;0;0;0;0;0;0;2;0;0;0;0;0;0;0;0;0;0
70449;Roche-sur-Linotte-et-Sorans-les-Cordiers;27;70;0;0;0;0;0;0;0;0;0;0;0;0;0;0;0;0;0;0;0;0;0;0;0;0;1;1;0;0;1;0;0;0;0;0;0;0;0
70450;La Rochelle;27;70;0;0;0;0;0;0;0;0;0;0;0;0;0;0;0;0;0;0;0;0;0;0;0;0;1;0;0;0;0;0;0;0;0;0;0;0;0
70451;Ronchamp;27;70;0;0;0;0;0;0;0;0;0;0;0;0;0;0;0;5;1;1;0;0;9;1;0;2;1;4;2;1;3;4;5;0;0;9;2;0;1
70452;Rosey;27;70;0;0;0;0;0;0;0;0;0;0;0;0;0;0;0;0;0;0;0;0;0;0;0;0;0;1;1;0;0;0;0;0;0;0;0;0;0
70453;La Rosière;27;70;0;0;0;0;0;0;0;0;0;0;0;0;0;0;0;0;0;0;0;0;0;0;0;0;0;0;0;0;0;0;0;0;0;1;0;0;0
70454;Rosières-sur-Mance;27;70;0;0;0;0;0;0;0;0;0;0;0;0;0;0;0;0;0;0;0;0;0;0;0;0;0;0;0;0;0;0;0;0;0;0;0;0;0
70455;Roye;27;70;0;0;0;0;0;0;0;0;0;0;0;0;0;0;0;0;0;0;0;0;2;1;0;0;1;1;0;2;1;2;0;0;0;5;0;0;3
70456;Ruhans;27;70;0;0;0;0;0;0;0;0;0;0;0;0;0;0;0;0;0;0;0;0;0;0;0;0;0;0;0;0;0;0;0;0;0;0;0;0;0
70457;Rupt-sur-Saône;27;70;0;0;0;0;0;0;0;0;0;0;0;0;0;0;0;0;0;0;0;0;0;0;0;0;0;0;0;0;0;0;0;0;0;0;0;0;0
70459;Saint-Barthélemy;27;70;0;0;0;0;0;0;0;0;0;0;0;0;0;0;0;0;0;0;0;0;4;0;0;0;4;0;1;2;0;0;1;0;0;0;0;0;0
70460;Saint-Bresson;27;70;0;0;0;0;0;0;0;0;0;0;0;0;0;0;0;0;0;0;0;1;0;0;0;0;1;0;0;0;0;0;0;0;0;1;0;0;0
70461;Saint-Broing;27;70;0;0;0;0;0;0;0;0;0;0;0;0;0;0;0;0;0;0;0;0;0;0;0;0;0;0;0;0;1;1;0;0;0;0;0;0;0
70462;Saint-Ferjeux;27;70;0;0;0;0;0;0;0;0;0;0;0;0;0;0;0;0;0;0;0;0;0;0;0;0;0;0;0;0;0;0;0;0;0;0;0;0;0
70463;Saint-Gand;27;70;0;0;0;0;0;0;0;0;0;0;0;0;0;0;0;0;0;0;0;0;0;0;0;0;0;1;0;0;0;0;0;0;0;0;0;0;0
70464;Saint-Germain;27;70;0;0;0;0;0;0;0;0;0;0;0;0;0;0;0;0;0;1;0;0;1;1;0;0;0;3;5;3;2;1;1;0;0;1;0;0;0
70466;Saint-Loup-Nantouard;27;70;0;0;0;0;0;0;0;0;0;0;0;0;0;0;0;0;0;0;0;0;1;0;0;0;0;0;0;0;0;0;0;0;0;0;0;0;0
70467;Saint-Loup-sur-Semouse;27;70;0;1;0;0;0;0;0;0;0;0;1;0;1;0;0;6;2;1;0;0;6;1;0;3;0;1;2;3;2;0;6;1;0;9;0;1;2
70468;Saint-Marcel;27;70;0;0;0;0;0;0;0;0;0;0;0;0;0;0;0;0;0;0;0;0;0;0;0;0;0;0;0;0;0;0;0;0;0;0;0;0;0
70469;Sainte-Marie-en-Chanois;27;70;0;0;0;0;0;0;0;0;0;0;0;0;0;0;0;0;0;0;0;0;1;0;0;0;0;0;0;0;1;1;0;0;0;1;0;0;0
70470;Sainte-Marie-en-Chaux;27;70;0;0;0;0;0;0;0;0;0;0;0;0;0;0;0;0;0;0;0;0;3;0;0;0;1;1;0;0;0;0;0;0;0;0;0;0;0
70471;Sainte-Reine;27;70;0;0;0;0;0;0;0;0;0;0;0;0;0;0;0;0;0;0;0;0;0;0;0;0;0;0;0;0;0;0;0;0;0;0;0;0;0
70472;Saint-Remy;27;70;0;0;0;0;0;0;0;0;0;0;0;0;0;0;0;0;0;0;0;1;0;0;0;0;1;0;0;0;0;0;0;0;0;0;0;0;0
70473;Saint-Sauveur;27;70;0;0;0;0;0;0;0;0;0;0;0;0;0;0;0;0;0;1;0;0;2;0;0;1;3;3;3;0;5;2;3;0;0;6;0;0;2
70474;Saint-Sulpice;27;70;0;0;0;0;0;0;0;0;0;0;0;0;0;0;0;0;0;0;0;0;0;0;0;0;0;0;0;1;0;0;0;0;0;0;0;0;0
70475;Saint-Valbert;27;70;0;0;0;0;0;0;0;0;0;0;0;0;0;0;0;0;0;0;0;0;1;0;0;0;1;1;0;0;0;0;0;0;0;1;1;0;0
70476;Saponcourt;27;70;0;0;0;0;0;0;0;0;0;0;0;0;0;0;0;0;0;0;0;0;0;0;0;0;0;0;0;0;1;0;0;0;0;1;0;0;0
70477;Saulnot;27;70;0;0;0;0;0;0;0;0;0;0;0;0;0;0;0;0;0;1;0;0;1;0;0;0;3;0;2;0;0;0;1;0;0;1;0;0;0
70478;Saulx;27;70;0;1;0;0;0;0;0;0;0;0;0;0;0;0;0;1;0;1;0;0;1;0;0;0;2;1;1;4;1;1;1;0;0;0;0;0;3
70479;Sauvigney-lès-Gray;27;70;0;0;0;0;0;0;0;0;0;0;0;0;0;0;0;0;0;0;0;0;0;0;0;0;0;0;0;0;0;1;0;0;0;0;0;0;0
70480;Sauvigney-lès-Pesmes;27;70;0;0;0;0;0;0;0;0;0;0;0;0;0;0;0;0;0;0;0;0;0;0;0;0;0;0;0;0;0;2;0;0;0;0;1;0;0
70481;Savoyeux;27;70;0;0;0;0;0;0;0;0;0;0;0;0;0;0;0;0;0;0;0;1;0;0;0;0;0;0;0;0;0;0;0;0;0;0;0;0;0
70482;Scey-sur-Saône-et-Saint-Albin;27;70;0;1;0;0;0;0;0;0;0;0;1;0;0;0;0;0;1;1;0;0;2;0;0;1;1;0;2;3;1;0;3;0;0;4;1;0;1
70483;Scye;27;70;0;0;0;0;0;0;0;0;0;0;0;0;0;0;0;0;0;0;0;0;0;0;0;0;1;0;0;0;0;1;0;0;0;0;0;0;0
70484;Secenans;27;70;0;0;0;0;0;0;0;0;0;0;0;0;0;0;0;0;0;0;0;0;0;0;0;0;0;0;0;0;0;0;0;0;0;0;0;0;0
70485;Selles;27;70;0;0;0;0;0;0;0;0;0;0;0;0;0;0;0;0;0;0;0;0;1;0;0;0;0;0;0;0;0;0;1;0;0;1;0;0;0
70486;Semmadon;27;70;0;0;0;0;0;0;0;0;0;0;0;0;0;0;0;0;0;0;0;0;0;0;0;0;0;0;0;0;0;0;0;0;0;0;0;0;0
70487;Senargent-Mignafans;27;70;0;0;0;0;0;0;0;0;0;0;0;0;0;0;0;0;0;0;0;0;1;0;0;0;0;0;1;1;0;0;0;0;0;0;0;0;0
70488;Senoncourt;27;70;0;0;0;0;0;0;0;0;0;0;0;0;0;0;0;0;0;0;0;0;1;0;0;0;1;0;1;0;1;0;0;0;0;0;0;0;0
70489;Servance;27;70;0;0;0;0;0;0;0;0;0;0;0;0;0;0;0;1;0;1;0;0;0;0;0;0;1;0;2;1;0;0;1;0;0;2;0;0;0
70490;Servigney;27;70;0;0;0;0;0;0;0;0;0;0;0;0;0;0;0;0;0;0;0;0;0;0;0;0;1;0;0;0;0;0;0;0;0;0;0;0;1
70491;Seveux;27;70;0;0;0;0;0;0;0;0;0;0;0;0;0;0;0;0;0;1;0;0;1;0;0;0;1;0;3;0;0;0;1;0;0;2;1;0;0
70492;Soing-Cubry-Charentenay;27;70;0;0;0;0;0;0;0;0;0;0;0;0;0;0;0;0;0;0;0;1;0;0;0;0;0;0;1;0;1;0;2;0;0;2;0;0;0
70493;Sorans-lès-Breurey;27;70;0;0;0;0;0;0;0;0;0;0;0;0;0;0;0;0;0;0;0;0;0;0;0;0;0;0;0;1;1;0;0;0;0;0;0;0;0
70494;Sornay;27;70;0;0;0;0;0;0;0;0;0;0;0;0;0;0;0;0;0;0;0;0;1;0;0;0;1;4;1;0;0;0;0;0;0;0;0;0;0
70496;Tartécourt;27;70;0;0;0;0;0;0;0;0;0;0;0;0;0;0;0;0;0;0;0;0;0;0;0;0;0;0;0;0;0;0;0;0;0;0;0;0;0
70497;Tavey;27;70;0;0;0;0;0;0;0;0;0;0;0;0;0;0;0;0;0;0;0;0;0;0;0;0;0;0;0;0;1;0;0;0;0;0;0;0;0
70498;Ternuay-Melay-et-Saint-Hilaire;27;70;0;0;0;0;0;0;0;0;0;0;0;0;0;0;0;0;0;0;0;1;0;0;0;0;1;1;2;4;1;0;0;0;0;0;0;0;0
70499;Theuley;27;70;0;0;0;0;0;0;0;0;0;0;0;0;0;0;0;0;0;0;0;0;0;0;0;0;0;1;0;1;0;0;0;0;0;0;0;0;0
70500;Thieffrans;27;70;0;0;0;0;0;0;0;0;0;0;0;0;0;0;0;0;0;0;0;0;0;0;0;0;0;1;0;0;0;0;0;0;0;0;0;0;0
70501;Thiénans;27;70;0;0;0;0;0;0;0;0;0;0;0;0;0;0;0;0;0;0;0;0;0;0;0;0;1;0;2;1;0;0;0;0;0;0;0;0;0
70502;Tincey-et-Pontrebeau;27;70;0;0;0;0;0;0;0;0;0;0;0;0;0;0;0;0;0;0;0;0;0;0;0;0;0;0;0;1;0;0;0;0;0;1;0;0;0
70503;Traitiéfontaine;27;70;0;0;0;0;0;0;0;0;0;0;0;0;0;0;0;0;0;0;0;0;1;0;0;0;0;0;0;0;0;0;0;0;0;0;0;0;0
70504;Traves;27;70;0;0;0;0;0;0;0;0;0;0;0;0;0;0;0;0;0;0;0;1;0;0;0;0;1;2;1;0;0;0;0;0;0;1;0;1;0
70505;Le Tremblois;27;70;0;0;0;0;0;0;0;0;0;0;0;0;0;0;0;0;0;0;0;0;0;0;0;1;0;0;0;0;1;0;0;0;0;0;0;0;1
70506;Trémoins;27;70;0;0;0;0;0;0;0;0;0;0;0;0;0;0;0;0;0;0;0;0;0;0;0;0;0;0;0;0;1;0;0;0;0;0;1;0;0
70507;Trésilley;27;70;0;0;0;0;0;0;0;0;0;0;0;0;0;0;0;0;0;0;0;0;0;0;0;0;0;2;0;0;0;0;0;0;0;0;0;0;0
70509;Tromarey;27;70;0;0;0;0;0;0;0;0;0;0;0;0;0;0;0;0;0;0;0;0;0;0;0;0;0;0;0;0;0;0;0;0;0;1;0;0;0
70510;Vadans;27;70;0;0;0;0;0;0;0;0;0;0;0;0;0;0;0;0;0;0;0;0;2;0;0;0;1;0;0;0;0;0;0;0;0;0;0;0;1
70511;Vaite;27;70;0;0;0;0;0;0;0;0;0;0;0;0;0;0;0;0;0;0;0;1;1;0;0;0;0;1;0;0;0;0;1;0;0;1;0;0;0
70512;La Vaivre;27;70;0;0;0;0;0;0;0;0;0;0;0;0;0;0;0;0;0;0;0;0;0;0;0;0;0;0;0;0;2;0;0;0;0;0;0;0;0
70513;Vaivre-et-Montoille;27;70;0;0;0;0;0;0;0;0;0;0;0;0;0;0;0;0;0;1;0;0;5;0;0;1;1;2;2;3;2;1;2;0;0;3;3;0;1
70514;Valay;27;70;0;0;0;0;0;0;0;0;0;0;0;0;0;0;0;0;0;0;0;1;1;0;0;0;1;1;1;2;2;0;1;0;0;0;0;0;0
70515;Le Val-de-Gouhenans;27;70;0;0;0;0;0;0;0;0;0;0;0;0;0;0;0;0;0;0;0;0;1;0;0;0;0;0;0;0;0;0;0;0;0;0;0;0;1
70516;Vallerois-le-Bois;27;70;0;0;0;0;0;0;0;0;0;0;0;0;0;0;0;0;0;0;0;1;0;0;0;0;0;1;0;0;0;0;0;0;0;0;0;0;0
70517;Vallerois-Lorioz;27;70;0;0;0;0;0;0;0;0;0;0;0;0;0;0;0;0;0;0;0;0;0;0;0;0;0;0;0;0;0;0;1;0;0;1;0;0;0
70518;Le Val-Saint-Éloi;27;70;0;0;0;0;0;0;0;0;0;0;0;0;0;0;0;0;0;0;0;0;0;0;0;0;0;0;0;0;0;0;0;0;0;1;0;0;0
70519;Vandelans;27;70;0;0;0;0;0;0;0;0;0;0;0;0;0;0;0;0;0;0;0;0;0;0;0;0;1;0;0;0;0;0;0;0;0;0;0;0;0
70520;Vanne;27;70;0;0;0;0;0;0;0;0;0;0;0;0;0;0;0;0;0;0;0;0;0;0;0;0;0;0;0;0;1;0;0;0;0;0;0;0;0
70521;Vantoux-et-Longevelle;27;70;0;0;0;0;0;0;0;0;0;0;0;0;0;0;0;0;0;0;0;0;0;0;0;0;0;0;0;0;0;0;0;0;0;0;1;0;0
70522;Varogne;27;70;0;0;0;0;0;0;0;0;0;0;0;0;0;0;0;0;0;0;0;0;0;0;0;0;0;0;0;0;0;0;0;0;0;0;1;0;0
70523;Vars;27;70;0;0;0;0;0;0;0;0;0;0;0;0;0;0;0;0;0;0;0;0;0;0;0;0;0;0;1;1;0;0;0;0;0;0;0;0;0
70524;Vauchoux;27;70;0;0;0;0;0;0;0;0;0;0;0;0;0;0;0;0;0;0;0;0;0;0;0;0;0;0;0;0;0;0;0;0;0;1;0;0;0
70525;Vauconcourt-Nervezain;27;70;0;0;0;0;0;0;0;0;0;0;0;0;0;0;0;0;0;0;1;0;0;0;0;0;0;0;0;1;0;0;1;0;0;1;0;0;0
70526;Vauvillers;27;70;0;1;0;0;0;0;0;0;0;0;0;0;0;0;0;1;0;1;0;0;2;0;0;1;0;4;1;0;1;0;2;0;0;3;0;0;1
70527;Vaux-le-Moncelot;27;70;0;0;0;0;0;0;0;0;0;0;0;0;0;0;0;0;0;0;0;0;0;0;0;0;0;0;0;0;0;0;0;0;0;0;0;0;0
70528;Velesmes-Échevanne;27;70;0;0;0;0;0;0;0;0;0;0;0;0;0;0;0;0;0;0;0;0;0;0;0;0;1;1;0;0;0;0;1;0;0;0;0;0;0
70529;Velet;27;70;0;0;0;0;0;0;0;0;0;0;0;0;0;0;0;0;0;0;0;0;2;0;0;0;0;0;0;0;0;0;0;0;0;0;0;0;0
70530;Vellechevreux-et-Courbenans;27;70;0;0;0;0;0;0;0;0;0;0;0;0;0;0;0;0;0;0;0;0;0;0;0;0;0;0;0;1;0;0;0;0;0;0;0;0;0
70531;Velleclaire;27;70;0;0;0;0;0;0;0;0;0;0;0;0;0;0;0;0;0;0;0;0;0;0;0;0;0;0;0;0;0;0;1;0;0;0;0;0;0
70532;Vellefaux;27;70;0;0;0;0;0;0;0;0;0;0;0;0;0;0;0;0;0;0;0;0;0;0;0;0;1;2;0;1;0;0;0;0;0;1;0;0;0
70533;Vellefrey-et-Vellefrange;27;70;0;0;0;0;0;0;0;0;0;0;0;0;0;0;0;0;0;0;0;0;0;0;0;0;0;0;0;0;0;0;0;0;0;0;0;0;0
70534;Vellefrie;27;70;0;0;0;0;0;0;0;0;0;0;0;0;0;0;0;0;0;0;0;0;0;0;0;0;0;0;0;0;0;0;0;0;0;0;0;0;0
70535;Velleguindry-et-Levrecey;27;70;0;0;0;0;0;0;0;0;0;0;0;0;0;0;0;0;0;0;0;0;0;0;0;0;0;0;0;0;1;0;0;0;0;0;0;0;0
70536;Velle-le-Châtel;27;70;0;0;0;0;0;0;0;0;0;0;0;0;0;0;0;0;0;0;1;0;2;0;0;0;0;0;1;1;1;0;0;0;0;1;0;0;0
70537;Velleminfroy;27;70;0;0;0;0;0;0;0;0;0;0;0;0;0;0;0;0;0;0;0;0;2;0;0;0;0;0;0;0;0;0;0;0;0;1;0;0;0
70538;Vellemoz;27;70;0;0;0;0;0;0;0;0;0;0;0;0;0;0;0;0;0;0;0;0;0;0;0;0;0;0;0;0;1;0;0;0;0;0;0;0;0
70539;Vellexon-Queutrey-et-Vaudey;27;70;0;0;0;0;0;0;0;0;0;0;0;0;0;0;0;0;0;0;0;1;1;0;0;0;0;3;0;1;1;0;1;0;0;0;0;0;1
70540;Velloreille-lès-Choye;27;70;0;0;0;0;0;0;0;0;0;0;0;0;0;0;0;0;0;0;0;0;0;0;0;0;0;0;0;0;0;0;0;0;0;0;0;0;0
70541;Velorcey;27;70;0;0;0;0;0;0;0;0;0;0;0;0;0;0;0;0;0;0;0;0;1;0;0;0;0;0;1;0;0;1;2;0;0;0;0;0;0
70542;Venère;27;70;0;0;0;0;0;0;0;0;0;0;0;0;0;0;0;0;0;0;0;0;2;0;0;0;0;0;1;0;1;0;0;0;0;0;0;0;0
70544;La Vergenne;27;70;0;0;0;0;0;0;0;0;0;0;0;0;0;0;0;0;0;0;0;0;0;0;0;0;0;0;0;0;0;0;0;0;0;1;0;0;0
70545;Venisey;27;70;0;0;0;0;0;0;0;0;0;0;0;0;0;0;0;0;0;0;0;0;1;0;0;0;0;0;1;0;0;0;0;0;0;1;0;0;0
70546;Vereux;27;70;0;0;0;0;0;0;0;0;0;0;0;0;0;0;0;0;0;0;0;0;0;0;0;0;0;1;0;0;1;0;0;0;0;1;0;0;0
70547;Verlans;27;70;0;0;0;0;0;0;0;0;0;0;0;0;0;0;0;0;0;0;0;0;0;0;0;0;0;0;0;1;1;0;0;0;0;0;0;0;0
70548;Vernois-sur-Mance;27;70;0;0;0;0;0;0;0;0;0;0;0;0;0;0;0;0;0;0;1;0;1;0;0;0;2;0;0;0;0;0;0;0;0;0;0;0;0
70549;La Vernotte;27;70;0;0;0;0;0;0;0;0;0;0;0;0;0;0;0;0;0;0;0;0;0;0;0;0;0;0;0;0;0;0;0;0;0;0;0;0;0
70550;Vesoul;27;70;1;1;0;1;1;1;1;0;0;0;13;1;0;0;0;18;3;3;0;1;19;3;2;11;12;16;15;22;12;5;40;5;8;75;14;6;12
70552;Villafans;27;70;0;0;0;0;0;0;0;0;0;0;0;0;0;0;0;0;0;0;0;0;0;0;0;0;1;0;0;0;0;0;0;0;0;0;1;0;0
70553;Villargent;27;70;0;0;0;0;0;0;0;0;0;0;0;0;0;0;0;0;0;0;0;0;0;0;0;0;1;1;0;0;0;0;0;0;0;0;0;0;0
70554;Villars-le-Pautel;27;70;0;0;0;0;0;0;0;0;0;0;0;0;0;0;0;0;0;0;0;1;0;0;0;0;0;0;0;0;0;0;0;0;0;0;0;0;0
70555;La Villedieu-en-Fontenette;27;70;0;0;0;0;0;0;0;0;0;0;0;0;0;0;0;0;0;0;0;0;0;0;0;0;0;1;1;0;0;0;0;0;0;0;0;0;0
70557;Villefrancon;27;70;0;0;0;0;0;0;0;0;0;0;0;0;0;0;0;0;0;0;0;0;0;0;0;0;0;0;0;0;0;0;0;0;0;0;0;0;0
70558;La Villeneuve-Bellenoye-et-la-Maize;27;70;0;0;0;0;0;0;0;0;0;0;0;0;0;0;0;0;0;0;0;0;0;0;0;0;0;0;0;0;1;0;0;0;0;0;0;0;0
70559;Villeparois;27;70;0;0;0;0;0;0;0;0;0;0;0;0;0;0;0;0;0;0;0;0;0;0;0;0;0;1;0;0;0;0;0;0;0;1;0;0;0
70560;Villers-Bouton;27;70;0;0;0;0;0;0;0;0;0;0;0;0;0;0;0;0;0;0;0;0;0;0;0;0;0;0;0;0;0;1;0;0;0;0;0;0;0
70561;Villersexel;27;70;0;1;0;0;0;0;0;0;0;0;1;0;0;0;0;5;2;1;0;0;6;1;0;1;2;0;2;3;3;1;3;1;0;5;2;0;2
70562;Villers-la-Ville;27;70;0;0;0;0;0;0;0;0;0;0;0;0;0;0;0;0;0;0;0;0;0;0;0;0;0;0;0;0;0;0;0;0;0;0;0;0;0
70563;Villers-le-Sec;27;70;0;0;0;0;0;0;0;0;0;0;0;0;0;0;0;0;0;0;0;0;1;0;0;0;1;1;1;1;0;0;1;0;0;0;0;0;0
70564;Villers-lès-Luxeuil;27;70;0;0;0;0;0;0;0;0;0;0;0;0;0;0;0;0;0;0;0;0;0;0;0;0;2;0;0;0;0;0;0;0;0;0;0;0;0
70565;Villers-Pater;27;70;0;0;0;0;0;0;0;0;0;0;0;0;0;0;0;0;0;0;0;0;0;0;0;0;0;1;0;1;0;0;0;0;0;0;0;0;0
70566;Villers-sur-Port;27;70;0;0;0;0;0;0;0;0;0;0;0;0;0;0;0;0;0;0;0;0;0;0;0;0;0;0;2;0;0;0;0;0;0;0;0;0;0
70567;Villers-sur-Saulnot;27;70;0;0;0;0;0;0;0;0;0;0;0;0;0;0;0;0;0;0;0;0;0;0;0;0;1;0;0;0;0;0;0;0;0;0;0;0;0
70568;Villers-Vaudey;27;70;0;0;0;0;0;0;0;0;0;0;0;0;0;0;0;0;0;0;0;0;1;0;0;0;0;0;0;0;0;0;0;0;0;0;0;0;0
70569;Vilory;27;70;0;0;0;0;0;0;0;0;0;0;0;0;0;0;0;0;0;0;0;0;0;0;0;0;1;0;0;0;0;0;0;0;0;0;0;0;0
70571;Visoncourt;27;70;0;0;0;0;0;0;0;0;0;0;0;0;0;0;0;0;0;0;0;0;0;0;0;0;0;0;0;0;0;0;0;0;0;0;0;0;0
70572;Vitrey-sur-Mance;27;70;0;1;0;0;0;0;0;0;0;0;0;0;0;0;0;1;0;0;0;1;1;0;0;0;0;0;0;0;0;0;1;1;0;1;0;0;1
70573;La Voivre;27;70;0;0;0;0;0;0;0;0;0;0;0;0;0;0;0;0;0;0;0;0;0;0;0;0;0;0;0;0;0;0;0;0;0;0;0;0;0
70574;Volon;27;70;0;0;0;0;0;0;0;0;0;0;0;0;0;0;0;0;0;0;0;0;1;0;0;0;0;0;0;0;0;0;0;0;0;0;1;0;0
70575;Voray-sur-l'Ognon;27;70;0;0;0;0;0;0;0;0;0;0;0;0;0;0;0;0;0;1;0;0;2;1;0;0;1;1;1;3;2;0;2;0;0;1;1;0;1
70576;Vougécourt;27;70;0;0;0;0;0;0;0;0;0;0;0;0;0;0;0;0;0;0;0;0;0;0;0;0;1;0;0;0;0;0;0;0;0;0;0;0;0
70577;Vouhenans;27;70;0;0;0;0;0;0;0;0;0;0;0;0;0;0;0;0;0;0;0;0;1;0;0;0;2;0;0;1;0;0;0;0;0;1;0;0;0
70578;Vregille;27;70;0;0;0;0;0;0;0;0;0;0;0;0;0;0;0;0;0;0;0;0;0;0;0;0;0;0;0;1;0;0;0;0;0;0;0;0;0
70579;Vyans-le-Val;27;70;0;0;0;0;0;0;0;0;0;0;0;0;0;0;0;0;0;0;0;0;0;0;0;0;0;1;0;1;1;0;0;0;0;0;0;0;0
70580;Vy-le-Ferroux;27;70;0;0;0;0;0;0;0;0;0;0;0;0;0;0;0;0;0;0;0;0;0;0;0;0;1;0;0;0;0;0;0;0;0;1;0;0;0
70581;Vy-lès-Lure;27;70;0;0;0;0;0;0;0;0;0;0;0;0;0;0;0;0;0;0;0;1;2;0;0;0;0;1;0;3;1;0;1;0;0;1;0;0;1
70582;Vy-lès-Rupt;27;70;0;0;0;0;0;0;0;0;0;0;0;0;0;0;0;0;0;0;0;0;0;0;0;0;0;0;0;1;0;0;0;0;0;0;0;0;0
70583;Vy-lès-Filain;27;70;0;0;0;0;0;0;0;0;0;0;0;0;0;0;0;0;0;0;0;0;0;0;0;0;0;0;0;1;0;0;0;0;0;0;0;0;0
71001;L'Abergement-de-Cuisery;27;71;0;0;0;0;0;0;0;0;0;0;0;0;0;0;0;0;1;0;0;0;2;0;0;0;0;2;1;1;1;0;0;0;0;0;0;0;0
71002;L'Abergement-Sainte-Colombe;27;71;0;0;0;0;0;0;0;0;0;0;0;0;0;0;0;0;1;0;0;0;1;0;0;0;2;2;1;5;1;0;1;0;0;1;0;0;1
71003;Allerey-sur-Saône;27;71;0;0;0;0;0;0;0;0;0;0;0;0;0;0;0;0;0;0;0;1;1;0;0;0;1;0;2;1;1;0;1;0;0;3;0;0;0
71004;Allériot;27;71;0;0;0;0;0;0;0;0;0;0;0;0;0;0;0;0;0;0;0;0;0;0;0;1;4;2;1;3;2;0;0;0;0;3;0;0;1
71005;Aluze;27;71;0;0;0;0;0;0;0;0;0;0;0;0;0;0;0;0;0;0;0;0;0;0;0;0;0;1;0;0;1;0;0;0;0;0;0;0;1
71006;Amanzé;27;71;0;0;0;0;0;0;0;0;0;0;0;0;0;0;0;0;0;0;0;0;0;0;0;0;0;0;0;0;0;0;0;0;0;0;0;0;0
71007;Ameugny;27;71;0;0;0;0;0;0;0;0;0;0;0;0;0;0;0;0;0;0;0;0;1;0;0;0;1;0;1;0;0;0;0;0;0;0;0;0;0
71008;Anglure-sous-Dun;27;71;0;0;0;0;0;0;0;0;0;0;0;0;0;0;0;0;0;0;0;0;0;0;0;0;1;0;2;0;0;0;0;0;0;0;0;0;0
71009;Anost;27;71;0;0;0;0;0;0;0;0;0;0;0;0;0;0;0;1;0;1;0;0;1;0;0;0;1;2;0;3;1;0;1;0;0;3;1;0;0
71010;Antully;27;71;0;0;0;0;0;0;0;0;0;0;0;0;0;0;0;0;0;0;0;0;0;0;0;0;1;1;0;3;2;0;1;0;0;2;0;0;1
71011;Anzy-le-Duc;27;71;0;0;0;0;0;0;0;0;0;0;0;0;0;0;0;0;0;0;0;0;1;0;0;0;0;0;0;0;2;0;1;0;0;1;0;0;0
71012;Artaix;27;71;0;0;0;0;0;0;0;0;0;0;0;0;0;0;0;0;0;0;0;0;0;0;0;0;1;0;1;0;1;0;0;0;0;0;0;0;0
71013;Authumes;27;71;0;0;0;0;0;0;0;0;0;0;0;0;0;0;0;0;0;0;0;0;2;0;0;0;0;0;2;0;0;0;0;0;0;1;0;0;0
71014;Autun;27;71;1;1;0;0;0;0;0;0;0;0;4;1;1;0;0;12;2;2;0;0;20;5;1;5;18;21;16;22;10;4;21;11;2;57;14;3;10
71015;Auxy;27;71;0;0;0;0;0;0;0;0;0;0;0;0;0;0;0;0;0;0;0;0;0;0;0;0;1;0;3;0;2;0;0;0;0;1;0;0;0
71016;Azé;27;71;0;0;0;0;0;0;0;0;0;0;0;0;0;0;0;1;0;0;0;1;2;0;0;1;0;0;1;3;2;0;1;0;0;0;0;0;3
71017;Ballore;27;71;0;0;0;0;0;0;0;0;0;0;0;0;0;0;0;0;0;0;0;0;0;0;0;0;0;0;0;0;0;0;0;0;0;0;0;0;0
71018;Bantanges;27;71;0;0;0;0;0;0;0;0;0;0;0;0;0;0;0;0;0;0;1;0;0;0;0;0;1;0;1;0;0;0;1;0;0;0;0;0;0
71019;Barizey;27;71;0;0;0;0;0;0;0;0;0;0;0;0;0;0;0;0;0;0;0;0;0;0;0;0;0;0;0;0;0;0;0;0;0;0;0;0;0
71020;Barnay;27;71;0;0;0;0;0;0;0;0;0;0;0;0;0;0;0;0;0;0;0;0;0;0;0;0;1;0;1;0;0;0;0;0;0;0;0;0;0
71021;Baron;27;71;0;0;0;0;0;0;0;0;0;0;0;0;0;0;0;0;0;0;0;0;0;0;0;0;1;1;0;0;0;0;0;0;0;1;0;0;0
71022;Baudemont;27;71;0;0;0;0;0;0;0;0;0;0;0;0;0;0;0;0;0;0;0;0;1;0;0;0;1;0;1;0;0;1;1;2;0;1;0;0;0
71023;Baudrières;27;71;0;0;0;0;0;0;0;0;0;0;0;0;0;0;0;0;0;0;0;1;0;0;0;0;1;3;3;0;0;0;1;0;0;2;1;0;1
71024;Baugy;27;71;0;0;0;0;0;0;0;0;0;0;0;0;0;0;0;0;0;0;0;0;5;0;0;0;0;0;3;0;0;0;0;0;0;3;0;0;0
71025;Beaubery;27;71;0;0;0;0;0;0;0;0;0;0;0;0;0;0;0;0;0;0;1;0;0;0;0;0;0;0;1;1;0;0;0;0;0;1;0;0;0
71026;Beaumont-sur-Grosne;27;71;0;0;0;0;0;0;0;0;0;0;0;0;0;0;0;0;0;0;0;0;0;0;0;0;0;0;3;1;0;0;0;0;0;0;0;0;0
71027;Beaurepaire-en-Bresse;27;71;0;1;0;0;0;0;0;0;0;0;0;0;0;0;0;0;0;0;0;1;2;0;0;0;0;3;0;2;0;1;1;0;0;1;0;0;2
71028;Beauvernois;27;71;0;0;0;0;0;0;0;0;0;0;0;0;0;0;0;0;0;0;0;0;0;0;0;0;0;0;0;1;1;0;0;0;0;0;0;0;0
71029;Bellevesvre;27;71;0;0;0;0;0;0;0;0;0;0;0;0;0;0;0;1;0;0;0;1;4;0;0;0;1;2;1;1;1;0;1;0;0;3;1;0;1
71030;Bergesserin;27;71;0;0;0;0;0;0;0;0;0;0;0;0;0;0;0;0;0;0;0;0;0;0;0;0;0;0;0;0;0;1;0;0;0;0;0;0;0
71031;Berzé-le-Châtel;27;71;0;0;0;0;0;0;0;0;0;0;0;0;0;0;0;0;0;0;0;0;0;0;0;0;0;0;0;0;0;0;0;0;0;0;0;0;0
71032;Berzé-la-Ville;27;71;0;0;0;0;0;0;0;0;0;0;0;0;0;0;0;0;0;0;0;0;1;0;0;0;1;1;0;2;0;0;0;0;0;1;0;0;0
71033;Bey;27;71;0;0;0;0;0;0;0;0;0;0;0;0;0;0;0;0;0;0;0;0;6;0;0;0;0;1;0;1;0;0;1;0;0;1;0;0;0
71034;Bissey-sous-Cruchaud;27;71;0;0;0;0;0;0;0;0;0;0;0;0;0;0;0;0;0;0;0;0;1;0;0;0;0;0;2;0;0;0;0;0;0;0;0;0;0
71035;Bissy-la-Mâconnaise;27;71;0;0;0;0;0;0;0;0;0;0;0;0;0;0;0;0;0;0;0;0;0;0;0;0;1;0;1;0;0;0;0;0;0;1;0;0;0
71036;Bissy-sous-Uxelles;27;71;0;0;0;0;0;0;0;0;0;0;0;0;0;0;0;0;0;0;0;0;0;0;0;0;1;0;0;0;0;0;0;0;0;0;0;0;0
71037;Bissy-sur-Fley;27;71;0;0;0;0;0;0;0;0;0;0;0;0;0;0;0;0;0;0;0;0;0;0;0;0;0;0;0;0;0;0;0;0;0;0;0;0;0
71038;Les Bizots;27;71;0;0;0;0;0;0;0;0;0;0;0;0;0;0;0;0;0;0;0;0;0;0;0;0;1;0;0;0;1;0;0;0;0;0;0;0;0
71039;Blanot;27;71;0;0;0;0;0;0;0;0;0;0;0;0;0;0;0;0;0;0;0;0;0;0;0;0;1;1;2;0;0;0;1;0;0;1;0;0;0
71040;Blanzy;27;71;0;0;0;0;0;0;0;0;0;0;0;0;0;0;0;2;3;1;0;0;9;0;0;1;5;7;3;7;7;1;9;1;0;12;0;0;2
71041;Bois-Sainte-Marie;27;71;0;0;0;0;0;0;0;0;0;0;0;0;0;0;0;0;0;0;0;0;0;0;0;0;0;0;0;0;0;0;0;0;0;1;0;0;0
71042;Bonnay;27;71;0;0;0;0;0;0;0;0;0;0;0;0;0;0;0;0;0;0;1;0;0;0;0;0;0;1;0;0;0;0;0;0;0;0;0;0;0
71043;Les Bordes;27;71;0;0;0;0;0;0;0;0;0;0;0;0;0;0;0;0;0;0;0;0;1;0;0;0;0;1;0;0;0;0;0;0;0;0;0;0;0
71044;Bosjean;27;71;0;0;0;0;0;0;0;0;0;0;0;0;0;0;0;0;0;0;0;0;0;0;0;0;3;1;1;0;1;0;0;0;0;0;0;0;0
71045;Bouhans;27;71;0;0;0;0;0;0;0;0;0;0;0;0;0;0;0;0;0;0;0;0;0;0;0;0;0;0;0;0;0;0;0;0;0;0;0;0;0
71046;La Boulaye;27;71;0;0;0;0;0;0;0;0;0;0;0;0;0;0;0;0;0;0;0;0;1;0;0;0;0;0;0;0;0;0;0;0;0;0;0;0;0
71047;Bourbon-Lancy;27;71;0;1;0;0;0;0;0;0;0;0;1;0;0;0;0;5;1;1;0;0;8;1;0;2;8;6;6;5;3;0;11;3;0;15;3;1;3
71048;Bourg-le-Comte;27;71;0;0;0;0;0;0;0;0;0;0;0;0;0;0;0;0;0;0;0;0;0;0;0;0;0;0;0;0;0;0;0;0;0;0;0;0;0
71050;Bourgvilain;27;71;0;0;0;0;0;0;0;0;0;0;0;0;0;0;0;0;0;0;0;0;0;0;0;0;2;0;0;1;0;0;0;0;0;1;0;0;0
71051;Bouzeron;27;71;0;0;0;0;0;0;0;0;0;0;0;0;0;0;0;0;0;0;0;0;0;0;0;0;0;0;0;0;0;0;1;0;0;1;0;0;0
71052;Boyer;27;71;0;0;0;0;0;0;0;0;0;0;0;0;0;0;0;0;0;0;0;1;2;0;0;0;0;2;2;2;1;1;0;0;0;4;0;0;0
71054;Bragny-sur-Saône;27;71;0;0;0;0;0;0;0;0;0;0;0;0;0;0;0;0;0;0;0;0;1;0;0;0;0;0;0;1;0;0;1;0;0;0;0;0;0
71055;Brandon;27;71;0;0;0;0;0;0;0;0;0;0;0;0;0;0;0;0;0;0;0;1;0;0;0;0;0;0;0;0;2;0;1;0;0;0;0;0;0
71056;Branges;27;71;0;0;0;0;0;0;0;0;0;0;0;0;1;0;0;0;0;1;0;0;11;0;0;0;4;6;4;2;1;2;2;1;0;2;0;0;2
71057;Bray;27;71;0;0;0;0;0;0;0;0;0;0;0;0;0;0;0;0;0;0;0;0;0;0;0;0;0;0;1;0;0;0;0;0;0;1;0;0;0
71058;Bresse-sur-Grosne;27;71;0;0;0;0;0;0;0;0;0;0;0;0;0;0;0;0;0;0;0;1;0;0;0;0;0;0;0;0;1;0;0;0;0;0;1;0;0
71059;Le Breuil;27;71;0;0;0;0;0;0;0;0;0;0;0;0;1;0;0;0;0;1;0;0;1;0;0;0;5;2;4;6;4;0;2;0;0;3;2;0;0
71060;Briant;27;71;0;0;0;0;0;0;0;0;0;0;0;0;0;0;0;0;0;0;0;0;0;0;0;0;0;1;1;1;0;0;0;0;0;1;0;0;0
71061;Brienne;27;71;0;0;0;0;0;0;0;0;0;0;0;0;0;0;0;0;0;0;0;0;0;0;0;0;0;0;2;0;0;0;0;0;0;1;0;0;0
71062;Brion;27;71;0;0;0;0;0;0;0;0;0;0;0;0;0;0;0;0;0;0;0;0;2;0;0;0;1;1;0;0;0;0;0;0;0;0;0;0;0
71063;Broye;27;71;0;0;0;0;0;0;0;0;0;0;0;0;0;0;0;0;0;0;0;1;0;0;0;0;1;0;0;1;1;0;1;0;0;1;0;0;0
71064;Bruailles;27;71;0;0;0;0;0;0;0;0;0;0;0;0;1;0;0;0;0;0;0;0;0;0;0;0;3;3;1;2;2;0;1;0;0;1;1;0;0
71065;Buffières;27;71;0;0;0;0;0;0;0;0;0;0;0;0;0;0;0;0;0;0;0;1;0;0;0;0;3;1;1;2;0;0;0;0;0;1;0;0;0
71066;Burgy;27;71;0;0;0;0;0;0;0;0;0;0;0;0;0;0;0;0;0;0;0;0;0;0;0;0;0;0;0;0;0;0;0;0;0;2;0;0;0
71067;Burnand;27;71;0;0;0;0;0;0;0;0;0;0;0;0;0;0;0;0;0;0;0;0;1;0;0;0;1;0;0;0;1;0;1;0;0;0;0;0;0
71068;Burzy;27;71;0;0;0;0;0;0;0;0;0;0;0;0;0;0;0;0;0;0;0;0;0;0;0;0;0;0;0;0;0;0;0;0;0;0;0;0;0
71069;Bussières;27;71;0;0;0;0;0;0;0;0;0;0;0;0;0;0;0;0;0;0;0;0;0;0;0;0;0;1;4;0;0;0;0;1;0;0;0;0;0
71070;Buxy;27;71;0;1;0;0;0;0;0;0;0;0;1;0;0;0;0;3;1;1;0;0;5;1;0;3;3;7;6;5;3;0;7;3;0;11;3;0;2
71071;Céron;27;71;0;0;0;0;0;0;0;0;0;0;0;0;0;0;0;0;0;0;0;0;0;0;0;0;0;0;0;0;0;0;1;0;0;0;0;0;0
71072;Cersot;27;71;0;0;0;0;0;0;0;0;0;0;0;0;0;0;0;0;0;0;0;0;0;0;0;0;0;0;1;0;0;0;0;0;0;0;0;1;0
71073;Chagny;27;71;0;1;0;0;0;0;0;0;0;0;1;0;1;0;0;9;3;1;0;0;7;1;1;3;5;3;11;11;5;0;12;1;0;19;4;2;4
71074;Chaintré;27;71;0;0;0;0;0;0;0;0;0;0;0;0;0;0;0;0;0;0;0;0;3;0;0;0;0;0;2;0;1;1;1;0;0;7;1;0;1
71075;Chalmoux;27;71;0;0;0;0;0;0;0;0;0;0;0;0;0;0;0;0;1;1;0;0;1;0;0;0;3;0;0;1;1;1;1;0;0;2;0;0;0
71076;Chalon-sur-Saône;27;71;1;0;0;1;1;1;1;1;0;0;7;2;0;1;0;34;8;6;3;0;49;6;7;19;33;43;17;29;22;16;103;5;38;215;58;13;49
71077;Chambilly;27;71;0;0;0;0;0;0;0;0;0;0;0;0;0;0;0;0;0;0;0;0;1;0;0;0;0;1;2;0;0;1;0;1;0;1;1;0;0
71078;Chamilly;27;71;0;0;0;0;0;0;0;0;0;0;0;0;0;0;0;0;0;0;0;0;0;0;0;0;0;0;0;0;1;0;0;0;0;0;0;0;0
71079;Champagnat;27;71;0;0;0;0;0;0;0;0;0;0;0;0;0;0;0;0;0;0;0;0;0;0;0;0;1;1;1;0;0;0;0;0;0;1;0;0;0
71080;Champagny-sous-Uxelles;27;71;0;0;0;0;0;0;0;0;0;0;0;0;0;0;0;0;0;0;0;0;0;0;0;0;0;0;0;0;0;0;0;0;0;0;0;0;0
71081;Champforgeuil;27;71;0;0;0;0;0;0;0;0;0;0;0;0;0;0;0;1;0;0;0;1;7;0;0;1;5;4;4;2;6;1;5;0;0;7;0;0;4
71082;Champlecy;27;71;0;0;0;0;0;0;0;0;0;0;0;0;0;0;0;0;0;0;0;0;1;0;0;0;0;0;0;0;0;0;0;0;0;2;0;0;0
71084;Chânes;27;71;0;0;0;0;0;0;0;0;0;0;0;0;0;0;0;0;0;0;0;1;0;0;0;0;2;1;1;1;1;0;0;0;0;1;0;0;0
71085;Change;27;71;0;0;0;0;0;0;0;0;0;0;0;0;0;0;0;0;0;0;0;0;1;0;0;0;0;0;0;2;0;0;0;0;0;1;0;0;0
71086;Changy;27;71;0;0;0;0;0;0;0;0;0;0;0;0;0;0;0;0;0;0;0;0;3;0;0;0;1;1;3;1;1;0;0;0;0;1;0;0;0
71087;Chapaize;27;71;0;0;0;0;0;0;0;0;0;0;0;0;0;0;0;0;0;0;0;0;0;0;0;0;0;0;0;0;0;0;0;0;0;3;0;0;0
71088;La Chapelle-au-Mans;27;71;0;0;0;0;0;0;0;0;0;0;0;0;0;0;0;0;0;0;0;0;0;0;0;0;0;0;0;1;0;0;0;0;0;1;0;0;0
71089;La Chapelle-de-Bragny;27;71;0;0;0;0;0;0;0;0;0;0;0;0;0;0;0;0;0;0;0;0;0;0;0;0;1;1;1;1;1;0;0;0;0;0;0;0;0
71090;La Chapelle-de-Guinchay;27;71;0;1;0;0;0;0;0;0;0;0;1;0;0;0;0;3;0;1;0;0;8;0;0;1;5;4;6;9;7;3;4;1;0;7;1;1;1
71091;La Chapelle-du-Mont-de-France;27;71;0;0;0;0;0;0;0;0;0;0;0;0;0;0;0;0;0;0;0;0;0;0;0;0;1;0;2;0;0;0;0;0;0;0;0;0;0
71092;La Chapelle-Naude;27;71;0;0;0;0;0;0;0;0;0;0;0;0;0;0;0;0;0;0;0;0;0;0;0;0;0;0;2;1;0;0;0;0;0;0;0;0;1
71093;La Chapelle-Saint-Sauveur;27;71;0;0;0;0;0;0;0;0;0;0;0;0;0;0;0;0;0;0;0;1;2;0;0;0;3;1;1;1;2;0;0;0;0;2;1;0;0
71094;La Chapelle-sous-Brancion;27;71;0;0;0;0;0;0;0;0;0;0;0;0;0;0;0;0;0;0;0;0;0;0;0;0;1;0;0;0;1;0;0;0;0;0;0;0;1
71095;La Chapelle-sous-Dun;27;71;0;0;0;0;0;0;0;0;0;0;0;0;0;0;0;0;0;0;1;0;0;0;0;0;3;1;0;1;1;0;1;0;0;0;1;0;0
71096;La Chapelle-sous-Uchon;27;71;0;0;0;0;0;0;0;0;0;0;0;0;0;0;0;0;0;0;0;0;0;0;0;0;2;0;0;1;0;0;0;0;0;2;0;0;0
71097;La Chapelle-Thècle;27;71;0;0;0;0;0;0;0;0;0;0;0;0;0;0;0;0;0;0;0;0;0;0;0;0;0;1;0;0;0;1;0;0;0;0;0;0;0
71098;Charbonnat;27;71;0;0;0;0;0;0;0;0;0;0;0;0;0;0;0;0;0;0;1;0;1;0;0;0;0;0;0;0;0;1;0;0;0;0;0;0;0
71099;Charbonnières;27;71;0;0;0;0;0;0;0;0;0;0;0;0;0;0;0;0;0;0;0;0;0;0;0;0;0;0;0;0;0;1;0;0;0;0;0;0;0
71100;Chardonnay;27;71;0;0;0;0;0;0;0;0;0;0;0;0;0;0;0;0;0;0;0;0;1;0;0;0;0;0;0;0;0;0;0;0;0;0;0;0;0
71101;Charette-Varennes;27;71;0;0;0;0;0;0;0;0;0;0;0;0;0;0;0;0;0;0;0;0;0;0;0;0;2;0;0;0;0;0;0;0;0;0;0;0;0
71102;La Charmée;27;71;0;0;0;0;0;0;0;0;0;0;0;0;0;0;0;0;0;0;0;0;0;0;0;0;1;0;2;0;0;0;1;0;0;0;1;0;0
71103;Charmoy;27;71;0;0;0;0;0;0;0;0;0;0;0;0;0;0;0;0;0;0;0;0;0;0;0;0;0;0;1;1;0;0;0;0;0;1;0;0;0
71104;Charnay-lès-Chalon;27;71;0;0;0;0;0;0;0;0;0;0;0;0;0;0;0;0;0;0;0;0;0;0;0;0;0;0;0;0;1;0;0;0;0;0;0;0;0
71105;Charnay-lès-Mâcon;27;71;0;0;0;0;0;0;0;0;0;0;0;0;0;0;0;9;0;1;0;0;9;1;3;3;2;10;13;9;7;4;9;5;1;9;6;3;7
71106;Charolles;27;71;0;1;0;0;0;0;0;0;0;0;4;0;0;0;0;6;2;1;0;0;13;1;0;2;2;4;4;6;1;1;11;5;0;10;6;2;3
71107;Charrecey;27;71;0;0;0;0;0;0;0;0;0;0;0;0;0;0;0;0;0;0;0;0;0;0;0;0;0;2;1;0;0;0;0;0;0;1;0;0;0
71108;Chasselas;27;71;0;0;0;0;0;0;0;0;0;0;0;0;0;0;0;0;0;0;0;0;0;0;0;0;0;0;0;0;0;0;0;0;0;0;0;0;1
71109;Chassey-le-Camp;27;71;0;0;0;0;0;0;0;0;0;0;0;0;0;0;0;0;0;0;0;0;1;0;0;0;0;0;0;0;1;0;0;0;0;1;0;0;0
71110;Chassigny-sous-Dun;27;71;0;0;0;0;0;0;0;0;0;0;0;0;0;0;0;0;0;0;0;0;0;0;0;0;2;0;3;2;0;0;0;0;0;1;0;0;0
71111;Chassy;27;71;0;0;0;0;0;0;0;0;0;0;0;0;0;0;0;0;0;0;0;0;0;0;0;0;0;0;1;0;1;0;0;0;0;1;0;0;1
71112;Château;27;71;0;0;0;0;0;0;0;0;0;0;0;0;0;0;0;0;0;0;0;0;0;0;0;0;0;0;0;0;0;0;0;0;0;0;0;0;0
71113;Châteauneuf;27;71;0;0;0;0;0;0;0;0;0;0;0;0;0;0;0;0;0;0;0;1;0;0;0;0;0;0;1;0;0;0;0;0;0;0;0;0;0
71115;Châtel-Moron;27;71;0;0;0;0;0;0;0;0;0;0;0;0;0;0;0;0;0;0;0;0;1;0;0;0;0;0;0;0;0;0;0;0;0;0;0;0;0
71116;Châtenay;27;71;0;0;0;0;0;0;0;0;0;0;0;0;0;0;0;0;0;0;0;0;0;0;0;0;0;0;4;0;0;0;0;0;0;0;0;0;0
71117;Châtenoy-en-Bresse;27;71;0;0;0;0;0;0;0;0;0;0;0;0;0;0;0;0;0;0;0;0;4;2;0;0;1;5;1;4;2;2;2;1;0;5;0;0;2
71118;Châtenoy-le-Royal;27;71;0;1;0;0;0;0;0;0;0;0;0;0;0;0;0;5;0;1;0;0;18;2;2;1;7;10;8;9;8;1;9;1;0;7;2;3;4
71119;Chaudenay;27;71;0;0;0;0;0;0;0;0;0;0;0;0;0;0;0;0;0;0;1;0;0;0;0;0;1;1;2;2;0;0;0;0;0;0;0;0;0
71120;Chauffailles;27;71;0;1;0;0;0;0;0;0;0;0;1;0;1;0;0;8;1;1;0;0;15;1;1;4;6;7;11;5;5;3;11;1;1;14;5;1;2
71121;La Chaux;27;71;0;0;0;0;0;0;0;0;0;0;0;0;0;0;0;0;0;0;0;0;1;0;0;0;0;0;1;0;2;1;0;0;0;1;0;0;0
71122;Cheilly-lès-Maranges;27;71;0;0;0;0;0;0;0;0;0;0;0;0;0;0;0;0;0;0;0;1;0;0;0;0;2;0;0;0;0;0;1;0;0;1;0;0;1
71123;Chenay-le-Châtel;27;71;0;0;0;0;0;0;0;0;0;0;0;0;0;0;0;0;0;1;0;0;1;0;0;0;0;0;0;1;0;0;0;0;0;0;0;0;0
71124;Chenôves;27;71;0;0;0;0;0;0;0;0;0;0;0;0;0;0;0;0;0;0;0;0;0;0;0;0;1;0;0;1;0;0;0;0;0;0;0;0;0
71125;Chérizet;27;71;0;0;0;0;0;0;0;0;0;0;0;0;0;0;0;0;0;0;0;0;0;0;0;0;1;0;0;0;0;0;0;0;0;0;0;0;0
71126;Chevagny-les-Chevrières;27;71;0;0;0;0;0;0;0;0;0;0;0;0;0;0;0;0;0;0;0;0;0;0;0;0;0;1;0;1;1;0;1;0;0;1;0;0;0
71127;Chevagny-sur-Guye;27;71;0;0;0;0;0;0;0;0;0;0;0;0;0;0;0;0;0;0;0;0;0;0;0;0;0;0;1;0;0;0;0;0;0;0;0;0;0
71128;Chiddes;27;71;0;0;0;0;0;0;0;0;0;0;0;0;0;0;0;0;0;0;0;0;0;0;0;0;0;0;1;0;0;0;0;0;0;0;0;0;0
71129;Chissey-en-Morvan;27;71;0;0;0;0;0;0;0;0;0;0;0;0;0;0;0;0;0;0;0;1;1;0;0;0;2;1;0;0;1;1;0;0;0;0;0;0;0
71130;Chissey-lès-Mâcon;27;71;0;0;0;0;0;0;0;0;0;0;0;0;0;0;0;0;0;0;0;0;0;0;0;0;0;1;1;0;1;0;0;0;0;0;0;0;0
71131;Ciel;27;71;0;0;0;0;0;0;0;0;0;0;0;0;0;0;0;0;0;0;0;0;3;1;0;0;0;1;2;0;1;0;2;0;0;2;1;0;0
71132;Ciry-le-Noble;27;71;0;0;0;0;0;0;0;0;0;0;0;0;0;0;0;0;0;1;0;0;2;0;0;0;0;1;0;3;0;0;2;0;0;2;0;0;0
71133;La Clayette;27;71;0;1;0;0;0;0;0;0;0;0;1;0;0;0;0;5;0;1;0;0;4;1;0;1;1;3;2;3;1;0;10;4;2;11;2;0;3
71134;Clermain;27;71;0;0;0;0;0;0;0;0;0;0;0;0;0;0;0;0;0;0;0;0;1;0;0;0;0;0;0;0;0;0;0;0;0;1;0;0;0
71135;Clessé;27;71;0;0;0;0;0;0;0;0;0;0;0;0;0;0;0;0;0;0;0;1;0;0;0;0;1;3;0;1;0;0;0;0;0;2;0;0;1
71136;Clessy;27;71;0;0;0;0;0;0;0;0;0;0;0;0;0;0;0;0;0;0;0;0;1;0;0;0;0;0;0;0;0;0;0;0;0;1;0;0;0
71137;Cluny;27;71;0;1;0;0;0;0;0;0;0;0;1;0;1;0;0;6;2;1;0;0;9;2;0;2;3;7;13;8;5;1;12;5;0;28;6;3;4
71139;Collonge-en-Charollais;27;71;0;0;0;0;0;0;0;0;0;0;0;0;0;0;0;0;0;0;0;0;0;0;0;0;0;0;1;0;0;0;0;0;0;1;0;0;0
71140;Collonge-la-Madeleine;27;71;0;0;0;0;0;0;0;0;0;0;0;0;0;0;0;0;0;0;0;0;0;0;0;0;0;0;0;0;0;0;0;0;0;0;0;0;0
71141;Colombier-en-Brionnais;27;71;0;0;0;0;0;0;0;0;0;0;0;0;0;0;0;0;0;0;0;0;2;0;0;0;0;0;1;0;0;0;0;0;0;0;0;0;0
71142;La Comelle;27;71;0;0;0;0;0;0;0;0;0;0;0;0;0;0;0;0;0;0;0;1;0;0;0;0;0;0;1;0;0;0;0;0;0;0;0;0;0
71143;Condal;27;71;0;0;0;0;0;0;0;0;0;0;0;0;0;0;0;0;0;0;0;0;0;0;0;0;1;0;0;0;0;0;0;0;0;0;0;0;1
71144;Cordesse;27;71;0;0;0;0;0;0;0;0;0;0;0;0;0;0;0;0;0;0;0;0;1;0;0;0;0;0;1;0;0;0;0;0;0;1;0;0;0
71145;Cormatin;27;71;0;0;0;0;0;0;0;0;0;0;0;0;0;0;0;0;0;0;0;1;0;0;0;0;0;3;1;1;2;0;2;0;0;4;0;0;0
71146;Cortambert;27;71;0;0;0;0;0;0;0;0;0;0;0;0;0;0;0;0;0;0;0;0;0;0;0;0;0;1;1;0;0;1;1;0;0;0;0;0;0
71147;Cortevaix;27;71;0;0;0;0;0;0;0;0;0;0;0;0;0;0;0;0;0;0;0;1;0;0;0;0;3;0;0;0;1;0;0;0;0;0;0;0;0
71148;Coublanc;27;71;0;0;0;0;0;0;0;0;0;0;0;0;0;0;0;0;0;0;0;1;0;0;0;0;1;3;2;2;1;0;1;0;0;2;0;0;0
71149;Couches;27;71;0;1;0;0;0;0;0;0;0;0;0;0;1;0;0;2;0;0;0;1;3;0;0;0;3;2;4;2;3;0;2;0;0;4;2;0;0
71150;Crêches-sur-Saône;27;71;0;0;0;0;0;0;0;0;0;0;0;0;0;0;0;4;1;1;0;0;9;2;0;1;3;5;6;4;2;3;6;1;0;16;5;2;3
71151;Créot;27;71;0;0;0;0;0;0;0;0;0;0;0;0;0;0;0;0;0;0;0;0;0;0;0;0;0;0;0;0;0;0;0;0;0;0;0;0;0
71152;Cressy-sur-Somme;27;71;0;0;0;0;0;0;0;0;0;0;0;0;0;0;0;0;0;0;1;0;1;0;0;0;0;0;0;0;0;0;1;0;0;2;0;0;0
71153;Le Creusot;27;71;1;1;0;0;1;0;0;0;0;0;2;1;1;0;0;17;8;2;0;0;30;3;3;6;24;20;17;30;13;6;40;6;15;53;15;5;19
71154;Crissey;27;71;0;0;0;0;0;0;0;0;0;0;0;0;0;0;0;1;2;0;0;1;8;1;0;0;7;5;7;6;3;0;3;1;0;1;2;0;1
71155;Cronat;27;71;0;0;0;0;0;0;0;0;0;0;0;0;0;0;0;0;0;1;0;0;3;0;0;0;0;0;0;0;0;0;2;3;0;1;0;0;0
71156;Cruzille;27;71;0;0;0;0;0;0;0;0;0;0;0;0;0;0;0;0;0;0;0;0;0;0;0;0;0;0;0;0;0;0;0;0;0;0;0;0;0
71157;Cuiseaux;27;71;0;1;0;0;0;0;0;0;0;0;1;0;1;0;0;3;0;1;0;0;4;1;0;1;3;2;3;3;2;0;4;0;0;1;0;1;2
71158;Cuisery;27;71;0;1;0;0;0;0;0;0;0;0;1;0;1;0;0;2;1;1;0;0;6;1;0;1;1;1;4;2;3;0;4;0;1;7;2;0;1
71159;Culles-les-Roches;27;71;0;0;0;0;0;0;0;0;0;0;0;0;0;0;0;0;0;0;0;0;0;0;0;0;1;0;0;0;0;0;0;0;0;0;0;0;0
71160;Curbigny;27;71;0;0;0;0;0;0;0;0;0;0;0;0;0;0;0;0;0;0;0;0;0;0;0;0;2;0;0;1;0;0;0;0;0;0;1;0;1
71161;Curdin;27;71;0;0;0;0;0;0;0;0;0;0;0;0;0;0;0;0;0;0;0;0;0;0;0;0;0;0;0;0;0;0;0;0;0;0;0;0;0
71162;Curgy;27;71;0;0;0;0;0;0;0;0;0;0;0;0;0;0;0;0;0;0;1;0;0;0;0;0;1;1;3;1;1;0;1;0;0;0;2;0;0
71163;Curtil-sous-Buffières;27;71;0;0;0;0;0;0;0;0;0;0;0;0;0;0;0;0;0;0;0;0;0;0;0;0;2;1;1;0;0;0;0;0;0;0;0;0;0
71164;Curtil-sous-Burnand;27;71;0;0;0;0;0;0;0;0;0;0;0;0;0;0;0;0;0;0;0;0;0;0;0;0;0;0;1;0;0;0;0;0;0;1;0;0;0
71165;Cussy-en-Morvan;27;71;0;0;0;0;0;0;0;0;0;0;0;0;0;0;0;0;0;0;0;1;1;0;0;0;3;1;0;1;1;0;1;0;0;1;1;0;0
71166;Cuzy;27;71;0;0;0;0;0;0;0;0;0;0;0;0;0;0;0;0;0;0;0;0;0;0;0;0;0;0;0;0;0;0;0;0;0;0;1;0;0
71167;Damerey;27;71;0;0;0;0;0;0;0;0;0;0;0;0;0;0;0;0;0;0;1;0;1;0;0;0;1;1;0;0;0;1;1;0;0;2;0;0;0
71168;Dampierre-en-Bresse;27;71;0;0;0;0;0;0;0;0;0;0;0;0;0;0;0;0;0;0;0;0;0;0;0;0;0;0;0;0;0;0;0;0;0;0;0;0;0
71169;Davayé;27;71;0;0;0;0;0;0;0;0;0;0;0;0;0;0;0;0;0;0;0;1;1;0;0;0;2;0;2;0;0;0;0;0;0;2;0;0;0
71170;Demigny;27;71;0;0;0;0;0;0;0;0;0;0;0;0;0;0;0;0;0;0;1;0;2;0;0;0;5;3;4;4;2;0;2;0;0;2;0;0;0
71171;Dennevy;27;71;0;0;0;0;0;0;0;0;0;0;0;0;0;0;0;0;0;0;0;0;1;0;0;0;2;0;0;1;1;0;1;0;0;0;1;0;0
71172;Dettey;27;71;0;0;0;0;0;0;0;0;0;0;0;0;0;0;0;0;0;0;0;0;0;0;0;0;0;0;0;0;0;0;0;0;0;1;0;0;0
71173;Devrouze;27;71;0;0;0;0;0;0;0;0;0;0;0;0;0;0;0;0;0;0;0;0;2;0;0;0;0;0;1;0;1;0;0;0;0;0;0;0;0
71174;Dezize-lès-Maranges;27;71;0;0;0;0;0;0;0;0;0;0;0;0;0;0;0;0;0;0;0;0;0;0;0;0;0;0;1;0;0;0;0;0;0;0;0;0;0
71175;Diconne;27;71;0;0;0;0;0;0;0;0;0;0;0;0;0;0;0;0;0;0;0;0;1;0;0;0;1;1;0;0;1;0;1;0;0;1;0;0;0
71176;Digoin;27;71;0;1;0;0;0;0;0;0;0;0;1;1;0;0;0;8;2;1;0;0;20;1;3;2;14;12;2;8;5;0;20;2;3;22;9;2;8
71177;Dommartin-lès-Cuiseaux;27;71;0;0;0;0;0;0;0;0;0;0;0;0;0;0;0;0;0;0;0;1;1;0;0;0;1;1;1;1;0;0;2;0;0;3;0;0;0
71178;Dompierre-les-Ormes;27;71;0;1;0;0;0;0;0;0;0;0;0;0;0;0;0;1;0;1;0;0;3;0;0;0;1;2;3;3;1;2;1;1;0;3;1;0;0
71179;Dompierre-sous-Sanvignes;27;71;0;0;0;0;0;0;0;0;0;0;0;0;0;0;0;0;0;0;0;0;0;0;0;0;0;0;0;0;0;0;0;0;0;0;0;0;0
71180;Donzy-le-National;27;71;0;0;0;0;0;0;0;0;0;0;0;0;0;0;0;0;0;0;0;0;0;0;0;0;1;0;0;0;0;0;0;0;0;0;0;0;0
71181;Donzy-le-Pertuis;27;71;0;0;0;0;0;0;0;0;0;0;0;0;0;0;0;0;0;0;0;0;0;0;0;0;1;0;1;1;1;0;0;0;0;0;0;0;0
71182;Dracy-le-Fort;27;71;0;0;0;0;0;0;0;0;0;0;0;0;0;0;0;0;1;0;0;1;1;0;1;0;4;3;3;2;3;3;1;1;0;1;2;0;0
71183;Dracy-lès-Couches;27;71;0;0;0;0;0;0;0;0;0;0;0;0;0;0;0;0;0;0;0;0;0;0;0;0;0;0;0;1;0;0;0;0;0;1;1;0;0
71184;Dracy-Saint-Loup;27;71;0;0;0;0;0;0;0;0;0;0;0;0;0;0;0;0;0;0;0;0;0;0;0;0;0;1;1;2;0;0;0;0;0;1;0;0;0
71185;Dyo;27;71;0;0;0;0;0;0;0;0;0;0;0;0;0;0;0;0;0;0;0;0;1;0;0;0;1;0;0;0;0;0;0;0;0;0;0;0;0
71186;Écuelles;27;71;0;0;0;0;0;0;0;0;0;0;0;0;0;0;0;0;0;0;0;0;0;0;0;0;0;0;0;1;0;0;0;0;0;0;1;0;0
71187;Écuisses;27;71;0;0;0;0;0;0;0;0;0;0;0;0;1;0;0;0;0;0;0;1;2;0;4;0;1;1;0;0;0;2;1;0;0;4;0;1;1
71188;Épertully;27;71;0;0;0;0;0;0;0;0;0;0;0;0;0;0;0;0;0;0;0;0;0;0;0;0;1;0;0;0;0;0;0;0;0;0;1;0;0
71189;Épervans;27;71;0;0;0;0;0;0;0;0;0;0;0;0;0;0;0;0;0;0;1;0;3;0;0;0;2;4;3;2;0;1;2;0;0;4;0;0;1
71190;Épinac;27;71;0;1;0;0;0;0;0;0;0;0;0;0;1;0;0;2;2;1;0;0;3;0;0;1;5;4;3;4;1;0;4;2;0;6;0;0;1
71191;Essertenne;27;71;0;0;0;0;0;0;0;0;0;0;0;0;0;0;0;0;0;0;0;0;1;0;0;0;0;0;1;1;1;0;1;0;0;1;1;0;0
71192;Étang-sur-Arroux;27;71;0;1;0;0;0;0;0;0;0;0;1;0;2;0;0;3;1;1;0;0;4;1;0;1;1;1;1;5;1;0;3;11;0;5;0;0;1
71193;Étrigny;27;71;0;0;0;0;0;0;0;0;0;0;0;0;0;0;0;0;0;0;0;1;1;0;0;0;3;2;1;2;0;2;0;0;0;0;1;0;0
71194;Farges-lès-Chalon;27;71;0;0;0;0;0;0;0;0;0;0;0;0;0;0;0;0;0;0;0;0;2;0;0;0;1;0;2;2;3;0;0;0;0;1;0;0;0
71195;Farges-lès-Mâcon;27;71;0;0;0;0;0;0;0;0;0;0;0;0;0;0;0;0;0;0;0;0;0;0;0;0;1;0;0;0;1;0;0;0;0;0;0;0;0
71196;Le Fay;27;71;0;0;0;0;0;0;0;0;0;0;0;0;0;0;0;0;0;0;0;1;0;0;0;0;0;0;3;1;0;0;2;0;0;1;0;0;0
71198;Flacey-en-Bresse;27;71;0;0;0;0;0;0;0;0;0;0;0;0;0;0;0;0;0;0;1;0;0;0;0;0;0;0;0;1;2;0;1;0;0;1;0;0;0
71199;Flagy;27;71;0;0;0;0;0;0;0;0;0;0;0;0;0;0;0;0;0;0;0;0;0;0;0;0;0;0;0;1;0;0;0;0;0;0;0;0;1
71200;Fleury-la-Montagne;27;71;0;0;0;0;0;0;0;0;0;0;0;0;0;0;0;0;0;0;0;0;0;0;0;0;1;3;1;0;1;0;0;0;0;1;0;1;0
71201;Fley;27;71;0;0;0;0;0;0;0;0;0;0;0;0;0;0;0;0;0;0;0;0;0;0;0;0;0;2;0;0;0;0;0;0;0;0;1;0;0
71202;Fontaines;27;71;0;0;0;0;0;0;0;0;0;0;0;0;1;0;0;0;0;1;0;0;2;0;0;0;2;5;4;3;3;0;2;0;0;4;0;0;1
71203;Fontenay;27;71;0;0;0;0;0;0;0;0;0;0;0;0;0;0;0;0;0;0;0;0;0;0;0;0;0;0;0;0;0;0;0;0;0;0;0;0;0
71204;Fragnes-La Loyère;27;71;0;0;0;0;0;0;0;0;0;0;0;0;0;0;0;0;0;0;0;0;2;0;0;0;4;1;1;3;3;3;1;0;1;2;1;0;0
71205;Frangy-en-Bresse;27;71;0;0;0;0;0;0;0;0;0;0;0;0;0;0;0;0;0;1;0;0;1;0;0;0;0;0;1;0;2;0;1;0;0;0;0;0;0
71206;La Frette;27;71;0;0;0;0;0;0;0;0;0;0;0;0;0;0;0;0;0;0;0;0;0;0;0;0;0;0;1;0;1;0;1;0;0;1;0;0;0
71207;Fretterans;27;71;0;0;0;0;0;0;0;0;0;0;0;0;0;0;0;0;0;0;0;0;0;0;0;0;0;2;1;0;1;0;0;0;0;0;0;0;0
71208;Frontenard;27;71;0;0;0;0;0;0;0;0;0;0;0;0;0;0;0;0;0;0;0;0;0;0;0;0;1;1;0;0;0;0;1;0;0;1;0;0;0
71209;Frontenaud;27;71;0;0;0;0;0;0;0;0;0;0;0;0;0;0;0;0;0;0;1;0;3;0;1;0;1;0;2;2;0;0;1;0;0;0;2;0;1
71210;Fuissé;27;71;0;0;0;0;0;0;0;0;0;0;0;0;0;0;0;0;0;0;0;1;0;0;0;0;0;0;0;1;0;0;0;0;0;1;0;0;1
71212;Génelard;27;71;0;0;0;0;0;0;0;0;0;0;0;0;0;0;0;4;0;1;0;0;2;1;0;1;2;0;1;2;2;0;4;1;0;4;0;0;1
71213;La Genête;27;71;0;0;0;0;0;0;0;0;0;0;0;0;0;0;0;0;0;0;0;0;0;0;0;0;0;0;0;1;1;0;1;0;0;1;0;0;0
71214;Genouilly;27;71;0;0;0;0;0;0;0;0;0;0;0;0;0;0;0;0;0;0;0;1;0;0;0;0;2;0;1;1;0;0;1;0;0;3;0;0;0
71215;Gergy;27;71;0;0;0;0;0;0;0;0;0;0;0;0;1;0;0;2;0;1;0;0;4;0;0;1;9;5;3;3;2;0;6;0;0;5;1;0;1
71216;Germagny;27;71;0;0;0;0;0;0;0;0;0;0;0;0;0;0;0;0;0;0;0;0;1;0;0;0;1;0;0;1;0;0;0;0;0;3;0;0;0
71217;Germolles-sur-Grosne;27;71;0;0;0;0;0;0;0;0;0;0;0;0;0;0;0;0;0;0;0;0;0;0;0;0;1;0;0;0;0;0;0;0;0;1;0;0;1
71218;Gibles;27;71;0;0;0;0;0;0;0;0;0;0;0;0;0;0;0;0;0;1;0;0;2;0;0;0;1;1;3;4;1;0;1;0;0;1;0;0;0
71219;Gigny-sur-Saône;27;71;0;0;0;0;0;0;0;0;0;0;0;0;0;0;0;0;0;0;0;0;0;0;0;0;2;1;0;0;1;0;1;0;0;1;0;0;0
71220;Gilly-sur-Loire;27;71;0;0;0;0;0;0;0;0;0;0;0;0;0;0;0;0;0;0;0;1;0;0;0;0;1;0;0;2;1;0;0;0;0;1;0;0;0
71221;Givry;27;71;0;1;0;0;0;0;0;0;0;0;0;0;1;0;0;4;1;1;0;0;3;0;0;3;5;5;6;5;7;2;7;1;0;8;14;0;4
71222;Gourdon;27;71;0;0;0;0;0;0;0;0;0;0;0;0;0;0;0;0;1;0;0;0;2;1;0;0;0;0;1;3;1;0;1;0;0;3;0;0;1
71223;La Grande-Verrière;27;71;0;0;0;0;0;0;0;0;0;0;0;0;0;0;0;0;0;0;0;1;1;0;0;0;1;0;1;1;0;0;0;0;0;0;2;0;0
71224;Grandvaux;27;71;0;0;0;0;0;0;0;0;0;0;0;0;0;0;0;0;0;0;0;0;0;0;0;0;0;0;0;0;0;0;0;0;0;0;0;0;0
71225;Granges;27;71;0;0;0;0;0;0;0;0;0;0;0;0;0;0;0;0;0;0;0;0;0;0;0;0;1;1;1;1;0;0;0;0;0;1;0;0;0
71226;Grevilly;27;71;0;0;0;0;0;0;0;0;0;0;0;0;0;0;0;0;0;0;0;0;0;0;0;0;0;0;0;0;0;0;0;0;0;0;0;0;0
71227;Grury;27;71;0;0;0;0;0;0;0;0;0;0;0;0;0;0;0;1;0;1;0;0;3;0;0;0;2;0;0;2;0;0;1;0;0;0;0;0;0
71228;Guerfand;27;71;0;0;0;0;0;0;0;0;0;0;0;0;0;0;0;0;0;0;0;0;0;0;0;0;0;0;1;0;1;0;1;0;0;0;0;0;0
71229;Les Guerreaux;27;71;0;0;0;0;0;0;0;0;0;0;0;0;0;0;0;0;0;0;0;0;0;0;0;0;0;0;0;0;0;0;0;0;0;0;0;0;0
71230;Gueugnon;27;71;0;1;0;0;0;0;0;0;0;0;1;0;0;0;0;8;3;1;0;0;16;2;1;2;5;4;7;10;4;3;15;7;0;13;4;3;7
71231;La Guiche;27;71;0;0;0;0;0;0;0;0;0;0;0;0;0;0;0;2;0;0;0;1;3;0;0;0;2;2;2;1;0;0;0;0;0;1;0;0;0
71232;Hautefond;27;71;0;0;0;0;0;0;0;0;0;0;0;0;0;0;0;0;0;0;0;0;0;0;0;0;0;0;1;1;2;0;0;0;0;2;0;0;0
71233;L'Hôpital-le-Mercier;27;71;0;0;0;0;0;0;0;0;0;0;0;0;0;0;0;0;0;0;0;0;1;0;0;0;0;0;0;0;0;0;0;0;0;1;0;0;0
71234;Huilly-sur-Seille;27;71;0;0;0;0;0;0;0;0;0;0;0;0;0;0;0;0;0;0;0;0;0;0;0;0;3;0;0;0;0;0;1;0;0;0;0;0;0
71235;Hurigny;27;71;0;0;0;0;0;0;0;0;0;0;0;0;0;0;0;0;0;1;0;0;1;1;0;0;3;5;5;2;3;0;2;1;0;2;3;0;0
71236;Igé;27;71;0;0;0;0;0;0;0;0;0;0;0;0;0;0;0;0;0;0;0;1;1;0;0;0;0;1;3;2;0;0;1;0;0;1;0;0;0
71237;Igornay;27;71;0;0;0;0;0;0;0;0;0;0;0;0;0;0;0;0;0;0;0;0;0;0;0;0;0;0;2;2;1;0;0;0;0;2;0;0;1
71238;Iguerande;27;71;0;0;0;0;0;0;0;0;0;0;0;0;0;0;0;0;0;0;0;1;2;0;0;0;3;5;1;3;4;0;2;0;0;3;2;0;1
71239;Issy-l'Évêque;27;71;0;1;0;0;0;0;0;0;0;0;0;0;0;0;0;2;0;1;0;0;3;0;0;0;1;1;0;2;1;0;2;0;0;1;0;0;0
71240;Jalogny;27;71;0;0;0;0;0;0;0;0;0;0;0;0;0;0;0;0;0;0;0;0;0;0;0;0;2;0;1;1;0;0;0;0;0;0;0;0;0
71241;Jambles;27;71;0;0;0;0;0;0;0;0;0;0;0;0;0;0;0;0;0;0;0;0;0;0;0;0;0;1;1;0;1;0;0;0;0;0;0;0;0
71242;Joncy;27;71;0;0;0;0;0;0;0;0;0;0;0;0;0;0;0;2;0;1;0;0;3;0;0;0;1;2;4;3;0;0;1;1;0;0;0;0;1
71243;Joudes;27;71;0;0;0;0;0;0;0;0;0;0;0;0;0;0;0;0;0;0;0;0;0;0;0;0;0;0;0;0;0;0;1;0;0;1;0;0;0
71244;Jouvençon;27;71;0;0;0;0;0;0;0;0;0;0;0;0;0;0;0;0;0;0;0;0;0;0;0;0;2;1;0;0;0;0;0;0;0;1;0;0;1
71245;Jugy;27;71;0;0;0;0;0;0;0;0;0;0;0;0;0;0;0;0;0;0;0;0;0;0;0;0;1;0;1;0;0;0;0;0;0;0;0;0;0
71246;Juif;27;71;0;0;0;0;0;0;0;0;0;0;0;0;0;0;0;0;0;0;0;0;0;0;0;0;1;1;0;0;0;0;0;0;0;1;0;0;0
71247;Jully-lès-Buxy;27;71;0;0;0;0;0;0;0;0;0;0;0;0;0;0;0;0;0;0;0;0;0;0;0;0;0;0;0;0;2;0;0;0;0;0;0;0;0
71248;Lacrost;27;71;0;0;0;0;0;0;0;0;0;0;0;0;0;0;0;0;0;0;0;0;2;0;0;0;2;0;0;2;1;0;1;0;0;0;2;0;0
71249;Laives;27;71;0;0;0;0;0;0;0;0;0;0;0;0;0;0;0;0;0;0;1;0;0;0;0;0;3;4;0;1;1;0;2;0;0;3;0;0;0
71250;Laizé;27;71;0;0;0;0;0;0;0;0;0;0;0;0;0;0;0;0;0;0;0;0;1;0;0;0;4;2;1;2;2;0;1;0;0;0;0;0;1
71251;Laizy;27;71;0;0;0;0;0;0;0;0;0;0;0;0;0;0;0;0;0;0;0;1;0;0;0;0;0;0;0;0;1;0;2;0;0;1;0;0;0
71252;Lalheue;27;71;0;0;0;0;0;0;0;0;0;0;0;0;0;0;0;0;0;0;0;0;1;0;0;0;0;2;0;1;1;0;1;0;0;0;0;0;0
71253;Lans;27;71;0;0;0;0;0;0;0;0;0;0;0;0;0;0;0;0;0;0;0;0;1;0;0;0;1;1;1;1;1;0;1;1;0;0;0;0;1
71254;Lays-sur-le-Doubs;27;71;0;0;0;0;0;0;0;0;0;0;0;0;0;0;0;0;0;0;0;0;0;0;0;0;0;1;1;0;1;0;0;0;0;0;0;0;0
71255;Lesme;27;71;0;0;0;0;0;0;0;0;0;0;0;0;0;0;0;0;0;0;0;0;0;0;0;0;0;0;1;2;1;0;0;0;0;0;0;0;0
71256;Lessard-en-Bresse;27;71;0;0;0;0;0;0;0;0;0;0;0;0;0;0;0;0;0;0;1;0;1;0;0;0;0;1;1;1;1;0;2;0;0;1;0;0;0
71257;Lessard-le-National;27;71;0;0;0;0;0;0;0;0;0;0;0;0;0;0;0;0;0;0;0;0;0;0;0;0;1;0;1;3;0;0;0;0;0;1;0;0;2
71258;Leynes;27;71;0;0;0;0;0;0;0;0;0;0;0;0;0;0;0;0;0;0;1;0;0;0;0;0;0;1;0;0;1;0;0;0;0;2;0;0;1
71259;Ligny-en-Brionnais;27;71;0;0;0;0;0;0;0;0;0;0;0;0;0;0;0;0;0;0;0;0;0;0;0;0;0;0;2;0;2;0;0;0;0;0;0;0;1
71261;Loisy;27;71;0;0;0;0;0;0;0;0;0;0;0;0;0;0;0;0;0;0;0;1;0;0;0;0;1;0;1;1;0;0;0;0;0;1;0;0;0
71262;Longepierre;27;71;0;0;0;0;0;0;0;0;0;0;0;0;0;0;0;0;0;0;0;0;0;0;0;0;0;0;0;0;0;0;1;0;0;0;0;0;0
71263;Louhans;27;71;0;1;0;0;0;0;0;0;0;0;3;1;1;0;0;8;2;1;0;0;19;4;1;11;12;8;10;8;3;3;24;3;4;28;15;0;6
71264;Lournand;27;71;0;0;0;0;0;0;0;0;0;0;0;0;0;0;0;0;0;0;0;0;0;0;0;0;0;2;2;0;1;0;0;0;0;2;0;0;0
71266;Lucenay-l'Évêque;27;71;0;1;0;0;0;0;0;0;0;0;0;0;0;0;0;0;0;0;1;0;0;0;0;0;0;0;1;2;0;0;1;1;0;2;1;0;1
71267;Lugny;27;71;0;1;0;0;0;0;0;0;0;0;0;0;0;0;0;2;0;1;0;0;5;0;0;1;0;1;3;1;1;0;2;0;0;4;0;0;2
71268;Lugny-lès-Charolles;27;71;0;0;0;0;0;0;0;0;0;0;0;0;0;0;0;0;0;0;0;0;0;0;0;0;0;0;1;0;0;1;0;0;0;0;0;0;0
71269;Lux;27;71;0;0;0;0;0;0;0;0;0;0;0;0;1;0;0;0;0;0;0;1;5;0;0;0;3;1;4;4;0;0;3;0;0;3;2;0;2
71270;Mâcon;27;71;1;1;0;1;1;1;1;0;0;0;11;1;0;1;0;31;4;5;2;1;47;4;5;7;56;61;27;24;23;17;69;5;23;151;38;10;35
71271;Mailly;27;71;0;0;0;0;0;0;0;0;0;0;0;0;0;0;0;0;0;0;0;0;0;0;0;0;0;0;0;0;0;0;0;0;0;1;0;0;0
71272;Malay;27;71;0;0;0;0;0;0;0;0;0;0;0;0;0;0;0;0;0;0;0;0;1;0;0;0;0;0;0;1;0;0;0;0;0;0;0;0;0
71273;Maltat;27;71;0;0;0;0;0;0;0;0;0;0;0;0;0;0;0;0;0;0;0;1;1;0;0;0;1;0;0;0;1;0;1;0;0;0;0;0;0
71274;Mancey;27;71;0;0;0;0;0;0;0;0;0;0;0;0;0;0;0;0;0;0;0;0;0;0;0;0;2;0;0;3;1;0;0;0;0;1;0;0;0
71275;Marcigny;27;71;0;1;0;0;0;0;0;0;0;0;1;0;0;0;0;5;4;1;0;0;5;1;0;1;1;2;1;3;4;0;8;3;0;5;3;0;2
71276;Marcilly-la-Gueurce;27;71;0;0;0;0;0;0;0;0;0;0;0;0;0;0;0;0;0;0;0;0;0;0;0;0;0;0;0;0;1;0;0;0;0;0;0;0;0
71277;Marcilly-lès-Buxy;27;71;0;0;0;0;0;0;0;0;0;0;0;0;0;0;0;0;0;0;0;1;1;0;0;0;3;1;3;0;2;0;1;0;0;1;0;0;0
71278;Marigny;27;71;0;0;0;0;0;0;0;0;0;0;0;0;0;0;0;0;0;0;0;0;0;0;0;0;0;0;0;0;0;0;0;0;0;0;0;0;1
71279;Le Rousset-Marizy;27;71;0;0;0;0;0;0;0;0;0;0;0;0;0;0;0;0;0;0;0;0;3;0;0;0;2;1;3;1;0;0;0;0;0;2;0;0;0
71280;Marly-sous-Issy;27;71;0;0;0;0;0;0;0;0;0;0;0;0;0;0;0;0;0;0;0;0;0;0;0;0;1;0;0;0;0;0;0;0;0;0;0;0;0
71281;Marly-sur-Arroux;27;71;0;0;0;0;0;0;0;0;0;0;0;0;0;0;0;0;0;0;0;0;0;0;0;0;0;1;0;0;1;0;0;0;0;1;0;0;0
71282;Marmagne;27;71;0;0;0;0;0;0;0;0;0;0;0;0;1;0;0;0;0;0;0;1;3;1;0;1;0;2;4;2;1;0;2;0;0;2;0;0;0
71283;Marnay;27;71;0;0;0;0;0;0;0;0;0;0;0;0;0;0;0;0;0;0;0;0;0;0;0;0;1;0;1;3;0;0;0;0;0;0;0;0;1
71284;Martailly-lès-Brancion;27;71;0;0;0;0;0;0;0;0;0;0;0;0;0;0;0;0;0;0;0;1;0;0;0;0;1;0;0;0;0;0;0;0;0;1;0;0;0
71285;Martigny-le-Comte;27;71;0;0;0;0;0;0;0;0;0;0;0;0;0;0;0;0;0;0;0;1;0;0;0;0;0;0;1;0;0;0;0;0;0;1;0;0;0
71286;Mary;27;71;0;0;0;0;0;0;0;0;0;0;0;0;0;0;0;0;0;0;0;0;0;0;0;0;1;1;0;0;0;0;0;0;0;0;0;0;0
71287;Massilly;27;71;0;0;0;0;0;0;0;0;0;0;0;0;0;0;0;0;0;0;1;0;0;0;0;0;2;0;2;0;0;0;0;0;0;0;0;0;0
71288;Massy;27;71;0;0;0;0;0;0;0;0;0;0;0;0;0;0;0;0;0;0;0;0;0;0;0;0;0;0;0;0;0;0;0;0;0;0;0;0;0
71289;Matour;27;71;0;0;0;0;0;0;0;0;0;0;0;0;0;0;0;1;1;1;0;0;3;0;0;1;5;4;4;0;2;0;2;2;0;4;3;0;0
71290;Mazille;27;71;0;0;0;0;0;0;0;0;0;0;0;0;0;0;0;0;0;0;1;0;1;0;0;0;1;1;1;0;0;0;1;0;0;0;0;0;0
71291;Melay;27;71;0;0;0;0;0;0;0;0;0;0;0;0;0;0;0;0;0;1;0;0;1;0;0;0;2;0;1;0;2;0;2;0;0;1;0;0;1
71292;Mellecey;27;71;0;0;0;0;0;0;0;0;0;0;0;0;0;0;0;0;0;0;1;0;0;0;0;0;2;2;3;4;1;0;3;0;0;2;1;0;0
71293;Ménetreuil;27;71;0;0;0;0;0;0;0;0;0;0;0;0;0;0;0;0;0;0;0;0;0;0;0;0;0;1;1;0;0;0;1;0;0;1;0;0;0
71294;Mercurey;27;71;0;0;0;0;0;0;0;0;0;0;0;0;0;0;0;0;0;1;0;0;2;0;0;1;0;2;2;2;2;0;1;3;0;4;5;0;1
71295;Mervans;27;71;0;0;0;0;0;0;0;0;0;0;0;0;0;0;0;1;2;1;0;0;5;0;0;0;3;2;4;3;2;0;4;1;0;3;0;0;3
71296;Messey-sur-Grosne;27;71;0;0;0;0;0;0;0;0;0;0;0;0;0;0;0;0;0;0;0;0;2;0;0;0;0;3;2;1;0;0;1;0;0;0;2;0;0
71297;Mesvres;27;71;0;0;0;0;0;0;0;0;0;0;0;0;0;0;0;0;0;0;0;1;1;0;0;0;0;1;3;0;2;0;1;1;0;3;1;0;0
71299;Milly-Lamartine;27;71;0;0;0;0;0;0;0;0;0;0;0;0;0;0;0;0;0;0;0;0;0;0;0;0;0;1;0;0;0;0;0;0;0;1;0;0;0
71300;Le Miroir;27;71;0;0;0;0;0;0;0;0;0;0;0;0;0;0;0;0;0;0;0;0;2;0;0;0;1;0;2;0;0;0;1;0;0;0;0;0;0
71301;Mont;27;71;0;0;0;0;0;0;0;0;0;0;0;0;0;0;0;0;0;0;0;0;0;0;0;0;0;0;0;0;0;0;0;0;0;0;0;0;0
71302;Montagny-lès-Buxy;27;71;0;0;0;0;0;0;0;0;0;0;0;0;0;0;0;0;0;0;0;0;0;0;0;0;0;1;0;0;1;0;0;0;0;1;0;0;0
71303;Montagny-près-Louhans;27;71;0;0;0;0;0;0;0;0;0;0;0;0;0;0;0;0;0;0;0;0;0;0;0;0;1;3;1;2;1;0;0;0;0;1;0;0;0
71304;Montagny-sur-Grosne;27;71;0;0;0;0;0;0;0;0;0;0;0;0;0;0;0;0;0;0;0;0;1;0;0;0;1;0;0;0;0;0;0;0;0;0;0;0;0
71305;Montbellet;27;71;0;0;0;0;0;0;0;0;0;0;0;0;0;0;0;0;0;0;0;0;2;0;0;0;2;4;0;2;1;2;1;0;0;1;0;0;1
71306;Montceau-les-Mines;27;71;1;0;0;0;0;0;0;0;0;0;2;1;0;0;0;12;4;2;0;0;35;3;4;10;25;14;13;17;14;4;52;8;5;66;11;6;15
71307;Montceaux-l'Étoile;27;71;0;0;0;0;0;0;0;0;0;0;0;0;0;0;0;0;0;0;0;1;0;0;0;0;0;1;0;0;0;0;0;0;0;0;0;0;0
71308;Montceaux-Ragny;27;71;0;0;0;0;0;0;0;0;0;0;0;0;0;0;0;0;0;0;0;0;0;0;0;0;0;0;0;0;0;0;0;0;0;0;0;0;0
71309;Montcenis;27;71;0;0;0;0;0;0;0;0;0;0;1;0;0;0;0;1;0;0;1;0;4;0;0;0;5;5;5;3;1;0;4;0;0;3;0;0;2
71310;Montchanin;27;71;0;1;0;0;0;0;0;0;0;0;0;0;1;0;0;5;2;1;0;0;9;2;0;2;12;5;4;2;6;3;8;0;0;11;1;0;5
71311;Montcony;27;71;0;0;0;0;0;0;0;0;0;0;0;0;0;0;0;0;0;0;0;0;1;0;0;0;1;0;1;1;0;0;1;0;0;1;0;0;1
71312;Montcoy;27;71;0;0;0;0;0;0;0;0;0;0;0;0;0;0;0;0;0;0;0;0;2;0;0;0;0;1;1;1;0;0;1;0;0;1;1;0;0
71313;Monthelon;27;71;0;0;0;0;0;0;0;0;0;0;0;0;0;0;0;0;0;0;0;0;1;0;0;0;0;1;0;0;0;0;0;0;0;1;0;0;1
71314;Montjay;27;71;0;0;0;0;0;0;0;0;0;0;0;0;0;0;0;0;0;0;0;0;0;0;0;0;1;0;0;0;1;0;0;0;0;0;1;0;0
71315;Mont-lès-Seurre;27;71;0;0;0;0;0;0;0;0;0;0;0;0;0;0;0;0;0;0;0;0;0;0;0;0;0;0;0;0;0;0;0;0;0;0;0;0;0
71316;Montmelard;27;71;0;0;0;0;0;0;0;0;0;0;0;0;0;0;0;0;0;0;0;1;0;0;0;0;0;0;2;1;1;0;0;0;0;0;0;0;0
71317;Montmort;27;71;0;0;0;0;0;0;0;0;0;0;0;0;0;0;0;0;0;0;0;0;0;0;0;0;0;0;0;0;0;0;0;0;0;0;0;0;0
71318;Montpont-en-Bresse;27;71;0;1;0;0;0;0;0;0;0;0;0;0;0;0;0;1;0;1;0;0;2;0;0;0;2;0;3;2;2;1;1;1;0;2;0;0;0
71319;Montret;27;71;0;1;0;0;0;0;0;0;0;0;0;0;0;0;0;0;0;1;0;0;1;0;0;0;2;3;0;3;0;0;1;0;0;0;0;0;0
71320;Mont-Saint-Vincent;27;71;0;1;0;0;0;0;0;0;0;0;0;0;0;0;0;0;0;0;0;1;0;0;0;0;0;0;0;0;0;0;0;0;0;4;0;0;0
71321;Morey;27;71;0;0;0;0;0;0;0;0;0;0;0;0;0;0;0;0;0;0;0;0;0;0;0;0;0;0;1;1;0;0;0;0;0;0;0;0;0
71322;Morlet;27;71;0;0;0;0;0;0;0;0;0;0;0;0;0;0;0;0;0;0;0;0;0;0;0;0;1;0;0;0;0;0;0;0;0;0;0;0;0
71323;Mornay;27;71;0;0;0;0;0;0;0;0;0;0;0;0;0;0;0;0;0;0;0;0;0;0;0;0;0;1;0;0;0;0;0;0;0;0;0;0;0
71324;Moroges;27;71;0;0;0;0;0;0;0;0;0;0;0;0;0;0;0;0;0;0;0;0;1;0;0;0;0;0;0;2;0;0;1;0;0;0;0;0;0
71325;La Motte-Saint-Jean;27;71;0;0;0;0;0;0;0;0;0;0;0;0;0;0;0;0;0;0;0;0;1;0;0;0;2;1;2;1;3;1;0;0;0;2;1;0;0
71326;Mouthier-en-Bresse;27;71;0;0;0;0;0;0;0;0;0;0;0;0;0;0;0;0;0;0;0;0;0;0;0;0;2;0;0;1;0;0;1;0;0;0;0;0;0
71327;Mussy-sous-Dun;27;71;0;0;0;0;0;0;0;0;0;0;0;0;0;0;0;0;0;0;0;0;0;0;0;0;0;1;1;2;0;0;0;0;0;1;0;0;1
71328;Nanton;27;71;0;0;0;0;0;0;0;0;0;0;0;0;0;0;0;0;0;1;0;0;0;0;0;0;1;0;2;1;2;0;1;0;0;1;1;0;0
71329;Navilly;27;71;0;0;0;0;0;0;0;0;0;0;0;0;0;0;0;0;0;0;0;1;1;0;0;0;1;0;0;0;0;0;1;0;0;1;0;0;0
71330;Neuvy-Grandchamp;27;71;0;0;0;0;0;0;0;0;0;0;0;0;0;0;0;0;0;0;1;0;3;0;0;0;2;1;2;1;1;0;2;0;0;0;0;0;0
71331;Nochize;27;71;0;0;0;0;0;0;0;0;0;0;0;0;0;0;0;0;0;0;0;0;0;0;0;0;0;0;1;0;0;0;0;0;0;0;0;0;0
71332;Ormes;27;71;0;0;0;0;0;0;0;0;0;0;0;0;0;0;0;0;0;0;0;0;0;0;0;0;1;1;0;2;0;0;0;0;0;0;0;0;0
71333;Oslon;27;71;0;0;0;0;0;0;0;0;0;0;0;0;0;0;0;0;0;0;0;0;1;0;0;0;1;1;0;0;3;0;0;0;0;1;0;0;0
71334;Oudry;27;71;0;0;0;0;0;0;0;0;0;0;0;0;0;0;0;0;0;0;0;0;0;0;0;1;0;0;1;0;0;0;0;0;0;0;0;0;0
71335;Ouroux-sous-le-Bois-Sainte-Marie;27;71;0;0;0;0;0;0;0;0;0;0;0;0;0;0;0;0;0;0;0;0;0;0;0;0;0;0;0;0;0;0;0;0;0;0;0;0;0
71336;Ouroux-sur-Saône;27;71;0;0;0;0;0;0;0;0;0;0;0;0;0;0;0;0;1;1;0;0;4;1;0;1;3;8;7;7;2;0;5;1;0;4;2;0;3
71337;Oyé;27;71;0;0;0;0;0;0;0;0;0;0;0;0;0;0;0;0;0;0;0;0;0;0;0;0;0;0;1;0;0;0;0;0;0;0;0;0;0
71338;Ozenay;27;71;0;0;0;0;0;0;0;0;0;0;0;0;0;0;0;0;0;0;0;1;0;0;0;0;0;0;1;0;0;0;0;0;0;1;0;0;0
71339;Ozolles;27;71;0;0;0;0;0;0;0;0;0;0;0;0;0;0;0;0;0;0;1;0;1;0;0;0;0;0;1;0;1;0;0;0;0;0;0;0;0
71340;Palinges;27;71;0;1;0;0;0;0;0;0;0;0;0;0;0;0;0;1;0;0;1;0;1;0;0;0;2;3;1;1;2;0;3;1;0;1;0;0;1
71341;Palleau;27;71;0;0;0;0;0;0;0;0;0;0;0;0;0;0;0;0;0;0;0;0;0;0;0;0;1;0;0;1;0;0;0;0;0;0;0;0;0
71342;Paray-le-Monial;27;71;1;1;0;0;0;0;0;0;0;0;2;0;1;0;0;11;3;1;0;0;21;2;2;3;6;8;14;10;6;2;21;5;4;28;10;3;11
71343;Paris-l'Hôpital;27;71;0;0;0;0;0;0;0;0;0;0;0;0;0;0;0;0;0;0;0;1;0;0;0;0;0;0;0;0;0;0;0;0;0;0;1;1;0
71344;Passy;27;71;0;0;0;0;0;0;0;0;0;0;0;0;0;0;0;0;0;0;0;0;0;0;0;0;3;0;0;0;0;0;0;0;0;0;0;0;0
71345;Péronne;27;71;0;0;0;0;0;0;0;0;0;0;0;0;0;0;0;0;0;0;0;0;3;1;0;0;2;1;2;1;0;0;0;0;0;2;0;0;1
71346;Perrecy-les-Forges;27;71;0;1;0;0;0;0;0;0;0;0;1;0;0;0;0;0;1;1;0;0;1;0;0;1;2;5;0;2;2;0;3;0;0;2;1;0;1
71347;Perreuil;27;71;0;0;0;0;0;0;0;0;0;0;0;0;0;0;0;0;0;0;0;1;0;0;0;0;1;0;1;1;0;0;0;0;0;0;0;0;0
71348;Perrigny-sur-Loire;27;71;0;0;0;0;0;0;0;0;0;0;0;0;0;0;0;0;0;0;0;0;0;0;0;0;1;0;0;0;0;0;0;0;0;1;0;0;0
71349;La Petite-Verrière;27;71;0;0;0;0;0;0;0;0;0;0;0;0;0;0;0;0;0;0;0;0;0;0;0;0;0;0;0;1;0;0;0;0;0;0;0;0;0
71350;Pierreclos;27;71;0;0;0;0;0;0;0;0;0;0;0;0;0;0;0;0;0;0;1;0;0;0;0;0;1;1;3;2;4;0;2;0;0;1;0;0;1
71351;Pierre-de-Bresse;27;71;0;1;0;0;0;0;0;0;0;0;1;0;1;0;0;4;0;1;0;0;8;1;1;0;1;0;5;1;4;0;4;2;0;4;4;1;1
71352;Le Planois;27;71;0;0;0;0;0;0;0;0;0;0;0;0;0;0;0;0;0;0;0;0;0;0;0;0;0;0;0;0;0;0;0;0;0;0;0;0;0
71353;Plottes;27;71;0;0;0;0;0;0;0;0;0;0;0;0;0;0;0;0;0;0;0;0;3;0;0;0;0;0;0;0;1;0;0;0;0;0;0;0;1
71354;Poisson;27;71;0;0;0;0;0;0;0;0;0;0;0;0;0;0;0;0;0;0;0;1;1;0;0;0;1;0;3;0;0;0;0;0;0;0;0;0;0
71355;Pontoux;27;71;0;0;0;0;0;0;0;0;0;0;0;0;0;0;0;0;0;0;0;0;0;0;0;0;0;0;0;0;0;0;0;0;0;0;1;0;0
71356;Pouilloux;27;71;0;0;0;0;0;0;0;0;0;0;0;0;0;0;0;0;0;0;0;0;3;0;0;0;1;0;2;1;0;0;0;1;0;0;0;0;0
71357;Pourlans;27;71;0;0;0;0;0;0;0;0;0;0;0;0;0;0;0;0;0;0;0;0;0;0;0;0;1;0;2;0;0;0;0;0;0;0;0;0;0
71358;Pressy-sous-Dondin;27;71;0;0;0;0;0;0;0;0;0;0;0;0;0;0;0;0;0;0;0;0;0;0;0;0;0;0;0;0;0;0;0;0;0;0;0;0;0
71359;Préty;27;71;0;0;0;0;0;0;0;0;0;0;0;0;0;0;0;0;0;0;0;1;1;0;0;0;1;3;0;1;0;0;0;0;0;0;0;0;0
71360;Prissé;27;71;0;0;0;0;0;0;0;0;0;0;0;0;0;0;0;0;0;1;0;0;1;0;0;1;4;11;5;3;1;0;3;0;0;2;0;0;0
71361;Prizy;27;71;0;0;0;0;0;0;0;0;0;0;0;0;0;0;0;0;0;0;0;0;0;0;0;0;0;0;0;0;0;0;0;0;0;0;0;0;0
71362;Pruzilly;27;71;0;0;0;0;0;0;0;0;0;0;0;0;0;0;0;0;0;0;0;0;1;0;0;0;0;0;1;0;1;0;0;0;0;1;0;0;0
71363;Le Puley;27;71;0;0;0;0;0;0;0;0;0;0;0;0;0;0;0;0;0;0;1;0;1;0;0;0;0;0;0;0;0;0;0;0;0;1;0;0;0
71364;La Racineuse;27;71;0;0;0;0;0;0;0;0;0;0;0;0;0;0;0;0;0;0;0;0;1;0;0;0;0;1;0;1;0;0;0;0;0;0;0;0;0
71365;Rancy;27;71;0;0;0;0;0;0;0;0;0;0;0;0;0;0;0;0;0;0;0;1;0;0;0;0;1;0;3;0;0;1;1;0;0;2;0;0;0
71366;Ratenelle;27;71;0;0;0;0;0;0;0;0;0;0;0;0;0;0;0;0;0;0;0;1;0;0;0;0;2;0;1;0;2;0;1;0;0;0;0;0;0
71367;Ratte;27;71;0;0;0;0;0;0;0;0;0;0;0;0;0;0;0;0;0;0;0;0;0;0;0;0;0;0;0;0;1;0;0;0;0;2;1;0;0
71368;Reclesne;27;71;0;0;0;0;0;0;0;0;0;0;0;0;0;0;0;0;0;0;0;0;0;0;0;0;1;2;0;1;0;0;0;0;0;0;0;0;1
71369;Remigny;27;71;0;0;0;0;0;0;0;0;0;0;0;0;0;0;0;0;0;0;0;0;0;0;0;0;0;0;1;1;2;0;0;0;0;1;1;0;0
71370;Rigny-sur-Arroux;27;71;0;0;0;0;0;0;0;0;0;0;0;0;0;0;0;0;0;0;1;0;3;0;0;0;0;0;0;3;1;0;0;0;0;0;0;0;1
71371;La Roche-Vineuse;27;71;0;0;0;0;0;0;0;0;0;0;1;0;0;0;0;1;0;1;0;0;3;0;0;1;2;6;4;4;0;0;2;0;0;3;2;0;2
71372;Romanèche-Thorins;27;71;0;0;0;0;0;0;0;0;0;0;0;0;0;0;0;0;0;1;0;0;4;0;0;0;5;1;3;2;4;0;7;0;0;5;3;0;2
71373;Romenay;27;71;0;0;0;0;0;0;0;0;0;0;0;0;0;0;0;1;0;1;0;0;9;0;0;0;7;3;1;4;3;1;4;0;0;2;0;0;0
71374;Rosey;27;71;0;0;0;0;0;0;0;0;0;0;0;0;0;0;0;0;0;0;0;0;0;0;0;0;0;0;0;1;1;0;0;0;0;0;0;0;0
71376;Roussillon-en-Morvan;27;71;0;0;0;0;0;0;0;0;0;0;0;0;0;0;0;0;0;0;0;0;1;0;0;0;0;0;0;1;0;0;0;0;0;1;0;0;0
71377;Royer;27;71;0;0;0;0;0;0;0;0;0;0;0;0;0;0;0;0;0;0;0;0;0;0;0;0;0;0;0;2;0;0;0;0;0;0;0;0;0
71378;Rully;27;71;0;0;0;0;0;0;0;0;0;0;0;0;0;0;0;0;0;1;0;0;4;0;0;0;1;2;1;3;2;0;2;0;0;1;0;0;0
71379;Sagy;27;71;0;0;0;0;0;0;0;0;0;0;0;0;0;0;0;0;1;1;0;0;2;0;0;0;4;3;3;2;1;0;1;0;0;1;0;0;0
71380;Saillenard;27;71;0;0;0;0;0;0;0;0;0;0;0;0;0;0;0;0;0;0;0;1;1;0;0;0;2;0;0;0;1;1;1;0;0;1;1;0;0
71381;Sailly;27;71;0;0;0;0;0;0;0;0;0;0;0;0;0;0;0;0;0;0;0;0;1;0;0;0;1;1;0;0;0;0;0;0;0;0;0;0;0
71382;Saint-Agnan;27;71;0;0;0;0;0;0;0;0;0;0;0;0;0;0;0;0;0;0;0;1;1;0;0;0;0;1;2;2;1;0;1;0;0;1;0;0;0
71383;Saint-Albain;27;71;0;0;0;0;0;0;0;0;0;0;0;0;0;0;0;0;0;0;0;0;1;0;0;0;1;2;2;1;1;0;1;0;0;3;0;0;0
71384;Saint-Ambreuil;27;71;0;0;0;0;0;0;0;0;0;0;0;0;0;0;0;1;0;0;0;0;1;0;0;0;1;0;0;0;3;0;0;0;0;2;0;0;0
71385;Saint-Amour-Bellevue;27;71;0;0;0;0;0;0;0;0;0;0;0;0;0;0;0;0;0;0;0;1;0;0;0;0;0;2;1;0;0;0;0;0;0;2;0;0;0
71386;Saint-André-en-Bresse;27;71;0;0;0;0;0;0;0;0;0;0;0;0;0;0;0;0;0;0;0;0;1;0;0;0;0;0;0;0;0;0;0;0;0;0;1;0;0
71387;Saint-André-le-Désert;27;71;0;0;0;0;0;0;0;0;0;0;0;0;0;0;0;0;0;0;0;0;1;0;0;0;2;1;0;2;0;0;0;0;0;0;0;0;0
71388;Saint-Aubin-en-Charollais;27;71;0;0;0;0;0;0;0;0;0;0;0;0;0;0;0;0;0;0;0;0;1;0;0;0;1;0;0;0;0;0;0;0;0;0;0;0;0
71389;Saint-Aubin-sur-Loire;27;71;0;0;0;0;0;0;0;0;0;0;0;0;0;0;0;0;0;0;1;0;1;0;0;0;2;1;0;0;0;0;0;0;0;1;0;0;0
71390;Saint-Berain-sous-Sanvignes;27;71;0;0;0;0;0;0;0;0;0;0;0;0;0;0;0;0;0;0;0;0;1;0;0;0;0;3;4;1;1;0;0;0;0;3;0;0;0
71391;Saint-Bérain-sur-Dheune;27;71;0;0;0;0;0;0;0;0;0;0;0;0;0;0;0;0;0;0;0;1;0;0;0;0;1;0;1;3;2;0;1;0;0;3;0;0;0
71392;Saint-Boil;27;71;0;0;0;0;0;0;0;0;0;0;0;0;0;0;0;0;0;1;0;0;2;0;0;0;0;0;0;0;0;0;0;0;0;1;0;0;0
71393;Saint-Bonnet-de-Cray;27;71;0;0;0;0;0;0;0;0;0;0;0;0;0;0;0;0;0;0;0;0;0;0;0;0;1;0;0;0;0;0;1;0;0;1;0;0;0
71394;Saint-Bonnet-de-Joux;27;71;0;0;0;0;0;0;0;0;0;0;0;0;0;0;0;1;1;1;0;0;2;0;0;0;1;3;4;2;2;0;2;2;0;1;0;0;0
71395;Saint-Bonnet-de-Vieille-Vigne;27;71;0;0;0;0;0;0;0;0;0;0;0;0;0;0;0;0;0;0;0;0;2;0;0;0;1;0;0;0;0;0;0;0;0;0;1;0;0
71396;Saint-Bonnet-en-Bresse;27;71;0;0;0;0;0;0;0;0;0;0;0;0;0;0;0;0;0;0;0;1;0;0;0;0;2;0;1;1;1;0;1;0;0;0;0;0;0
71397;Sainte-Cécile;27;71;0;0;0;0;0;0;0;0;0;0;0;0;0;0;0;0;0;0;0;0;1;0;0;0;0;1;0;0;0;0;1;0;0;1;0;0;0
71398;Saint-Christophe-en-Bresse;27;71;0;0;0;0;0;0;0;0;0;0;0;0;0;0;0;0;0;0;0;0;0;0;0;0;4;2;1;3;1;0;1;0;0;1;0;0;2
71399;Saint-Christophe-en-Brionnais;27;71;0;0;0;0;0;0;0;0;0;0;0;0;0;0;0;1;0;1;0;0;1;0;0;0;1;1;3;1;2;0;3;1;0;2;0;0;1
71400;Saint-Clément-sur-Guye;27;71;0;0;0;0;0;0;0;0;0;0;0;0;0;0;0;0;0;0;0;0;0;0;0;0;1;1;1;0;1;0;0;0;0;1;0;0;0
71401;Sainte-Croix;27;71;0;0;0;0;0;0;0;0;0;0;0;0;0;0;0;0;0;0;0;1;0;0;0;0;0;1;0;1;1;0;0;0;0;1;2;0;0
71402;Saint-Cyr;27;71;0;0;0;0;0;0;0;0;0;0;0;0;0;0;0;0;0;0;0;0;1;0;0;0;0;1;0;1;3;0;1;0;0;0;1;0;0
71403;Saint-Denis-de-Vaux;27;71;0;0;0;0;0;0;0;0;0;0;0;0;0;0;0;0;0;0;0;0;0;0;0;0;0;1;0;0;1;0;0;0;0;0;0;0;0
71404;Saint-Désert;27;71;0;0;0;0;0;0;0;0;0;0;0;0;1;0;0;0;0;0;0;1;2;0;0;0;1;0;0;1;2;1;1;0;0;1;0;0;1
71405;Saint-Didier-en-Bresse;27;71;0;0;0;0;0;0;0;0;0;0;0;0;0;0;0;0;0;0;0;0;0;0;0;0;0;1;0;0;0;0;0;0;0;0;0;0;0
71406;Saint-Didier-en-Brionnais;27;71;0;0;0;0;0;0;0;0;0;0;0;0;0;0;0;0;0;0;0;0;0;0;0;0;0;0;3;0;0;0;0;0;0;1;0;0;0
71407;Saint-Didier-sur-Arroux;27;71;0;0;0;0;0;0;0;0;0;0;0;0;0;0;0;0;0;0;0;1;0;0;0;0;0;0;1;1;0;0;0;0;0;1;0;0;0
71408;Saint-Edmond;27;71;0;0;0;0;0;0;0;0;0;0;0;0;0;0;0;0;0;0;0;0;0;0;0;0;2;0;0;1;0;0;1;0;0;0;0;0;0
71409;Saint-Émiland;27;71;0;0;0;0;0;0;0;0;0;0;0;0;0;0;0;0;0;0;1;0;0;0;0;0;1;0;2;0;1;0;0;0;0;0;0;0;0
71410;Saint-Étienne-en-Bresse;27;71;0;0;0;0;0;0;0;0;0;0;0;0;0;0;0;0;0;0;0;1;0;0;0;0;1;2;1;1;0;1;1;0;0;1;0;0;0
71411;Saint-Eugène;27;71;0;0;0;0;0;0;0;0;0;0;0;0;0;0;0;0;0;0;0;0;0;0;0;0;1;3;0;0;0;0;1;0;0;1;0;0;0
71412;Saint-Eusèbe;27;71;0;0;0;0;0;0;0;0;0;0;0;0;0;0;0;0;0;0;0;0;0;0;0;0;4;0;1;3;1;0;2;0;0;2;0;0;0
71413;Saint-Firmin;27;71;0;0;0;0;0;0;0;0;0;0;0;0;0;0;0;0;0;0;0;0;0;0;0;0;1;0;0;0;0;0;1;0;0;1;0;0;0
71414;Saint-Forgeot;27;71;0;0;0;0;0;0;0;0;0;0;0;0;0;0;0;0;0;0;0;0;1;0;0;0;1;0;0;1;0;0;0;0;0;0;0;0;0
71415;Sainte-Foy;27;71;0;0;0;0;0;0;0;0;0;0;0;0;0;0;0;0;0;0;0;0;0;0;0;0;0;0;0;0;1;0;0;0;0;0;0;0;0
71416;Saint-Gengoux-de-Scissé;27;71;0;0;0;0;0;0;0;0;0;0;0;0;0;0;0;0;0;0;1;0;1;0;0;0;1;0;1;1;2;0;0;0;0;1;0;0;0
71417;Saint-Gengoux-le-National;27;71;0;1;0;0;0;0;0;0;0;0;0;0;0;0;0;2;0;1;0;0;3;0;0;0;2;3;2;3;1;0;4;1;0;4;2;1;3
71419;Saint-Germain-du-Bois;27;71;0;1;0;0;0;0;0;0;0;0;1;0;0;0;0;4;3;1;0;0;8;1;0;1;6;7;5;4;2;1;5;2;0;2;4;0;3
71420;Saint-Germain-du-Plain;27;71;0;1;0;0;0;0;0;0;0;0;0;0;0;0;0;3;1;1;0;0;7;0;0;1;3;4;3;1;1;0;3;0;0;6;2;1;2
71421;Saint-Germain-en-Brionnais;27;71;0;0;0;0;0;0;0;0;0;0;0;0;0;0;0;0;0;0;0;0;0;0;0;0;0;0;1;0;0;0;0;0;0;0;0;0;0
71422;Saint-Germain-lès-Buxy;27;71;0;0;0;0;0;0;0;0;0;0;0;0;0;0;0;0;0;0;0;0;1;0;0;0;0;0;0;0;2;0;0;0;0;0;0;0;0
71423;Saint-Gervais-en-Vallière;27;71;0;0;0;0;0;0;0;0;0;0;0;0;0;0;0;0;0;0;0;0;0;0;0;0;2;0;1;0;0;0;0;0;0;2;0;0;0
71424;Saint-Gervais-sur-Couches;27;71;0;0;0;0;0;0;0;0;0;0;0;0;0;0;0;0;0;0;0;0;0;0;0;0;0;0;1;0;1;0;0;1;0;0;0;0;0
71425;Saint-Gilles;27;71;0;0;0;0;0;0;0;0;0;0;0;0;0;0;0;0;0;0;0;0;0;0;0;0;0;1;0;1;0;0;0;0;0;2;0;0;0
71426;Sainte-Hélène;27;71;0;0;0;0;0;0;0;0;0;0;0;0;0;0;0;0;0;0;0;0;0;0;0;0;0;1;1;1;1;0;0;0;0;1;1;0;0
71427;Saint-Huruge;27;71;0;0;0;0;0;0;0;0;0;0;0;0;0;0;0;0;0;0;0;0;0;0;0;0;0;0;0;0;0;0;0;0;0;0;0;0;0
71428;Saint-Igny-de-Roche;27;71;0;0;0;0;0;0;0;0;0;0;0;0;0;0;0;0;0;0;0;0;2;0;0;0;1;1;3;2;1;0;0;0;0;0;0;0;1
71430;Saint-Jean-de-Vaux;27;71;0;0;0;0;0;0;0;0;0;0;0;0;0;0;0;0;0;0;1;0;0;0;0;0;0;0;0;1;0;1;0;0;0;1;0;0;0
71431;Saint-Jean-de-Trézy;27;71;0;0;0;0;0;0;0;0;0;0;0;0;0;0;0;0;0;0;0;0;1;0;0;0;0;0;1;1;1;0;0;0;0;0;0;0;0
71433;Saint-Julien-de-Civry;27;71;0;0;0;0;0;0;0;0;0;0;0;0;0;0;0;0;0;0;0;1;2;0;0;0;1;0;0;3;1;0;1;1;0;2;0;0;0
71434;Saint-Julien-de-Jonzy;27;71;0;0;0;0;0;0;0;0;0;0;0;0;0;0;0;0;0;0;0;0;0;0;0;0;2;0;1;0;0;1;0;0;0;0;0;0;0
71435;Saint-Julien-sur-Dheune;27;71;0;0;0;0;0;0;0;0;0;0;0;0;0;0;0;0;0;0;0;0;0;0;0;0;0;0;0;0;0;0;0;0;0;1;0;0;0
71436;Saint-Laurent-d'Andenay;27;71;0;0;0;0;0;0;0;0;0;0;0;0;0;0;0;0;1;0;0;0;0;0;0;0;1;1;1;3;0;0;3;0;0;1;0;0;0
71437;Saint-Laurent-en-Brionnais;27;71;0;0;0;0;0;0;0;0;0;0;0;0;0;0;0;0;0;0;0;0;2;0;0;0;0;0;1;0;0;0;0;0;0;0;0;0;0
71438;Saint-Léger-du-Bois;27;71;0;0;0;0;0;0;0;0;0;0;0;0;0;0;0;0;0;0;0;1;1;0;0;0;0;0;0;5;1;0;0;0;0;2;0;0;0
71439;Saint-Léger-lès-Paray;27;71;0;0;0;0;0;0;0;0;0;0;0;0;0;0;0;0;0;0;0;0;1;0;0;0;1;2;1;1;0;0;0;0;0;1;1;0;0
71440;Saint-Léger-sous-Beuvray;27;71;0;0;0;0;0;0;0;0;0;0;0;0;0;0;0;1;0;1;0;0;2;0;0;0;0;0;0;0;0;0;1;0;0;1;0;0;0
71441;Saint-Léger-sous-la-Bussière;27;71;0;0;0;0;0;0;0;0;0;0;0;0;0;0;0;0;1;0;0;0;0;0;0;0;0;0;3;1;1;0;0;0;0;0;0;0;0
71442;Saint-Léger-sur-Dheune;27;71;0;1;0;0;0;0;0;0;0;0;0;0;1;0;0;2;1;1;0;0;4;1;0;1;3;4;2;2;3;0;4;1;0;3;1;0;1
71443;Saint-Loup-Géanges;27;71;0;0;0;0;0;0;0;0;0;0;0;0;0;0;0;0;0;0;0;1;2;0;0;0;1;0;3;2;5;0;1;0;0;2;0;0;1
71444;Saint-Loup-de-Varennes;27;71;0;0;0;0;0;0;0;0;0;0;0;0;0;0;0;0;0;0;0;0;1;0;1;0;1;3;1;2;3;4;1;0;0;2;0;0;0
71445;Saint-Marcel;27;71;0;0;0;0;0;0;0;0;0;0;0;0;0;0;0;5;2;1;0;0;15;2;1;2;7;5;7;14;4;4;10;0;0;7;4;1;8
71446;Saint-Marcelin-de-Cray;27;71;0;0;0;0;0;0;0;0;0;0;0;0;0;0;0;0;0;0;0;0;0;0;0;0;0;0;0;1;0;0;0;0;0;1;0;0;0
71447;Saint-Mard-de-Vaux;27;71;0;0;0;0;0;0;0;0;0;0;0;0;0;0;0;0;0;0;0;0;0;0;0;0;1;0;1;0;0;0;0;0;0;0;0;0;1
71448;Saint-Martin-Belle-Roche;27;71;0;0;0;0;0;0;0;0;0;0;0;0;0;0;0;1;0;0;0;1;3;0;0;0;1;1;2;3;0;0;3;0;0;2;0;0;1
71449;Saint-Martin-d'Auxy;27;71;0;0;0;0;0;0;0;0;0;0;0;0;0;0;0;0;0;0;0;0;0;0;0;0;1;0;0;0;1;0;0;0;0;0;0;0;0
71450;Saint-Martin-de-Commune;27;71;0;0;0;0;0;0;0;0;0;0;0;0;0;0;0;0;0;0;0;0;0;0;0;0;1;0;0;0;0;0;0;0;0;0;0;0;0
71451;Saint-Martin-de-Lixy;27;71;0;0;0;0;0;0;0;0;0;0;0;0;0;0;0;0;0;0;0;0;0;0;0;0;0;0;0;0;0;0;2;0;0;0;0;0;0
71452;Saint-Martin-de-Salencey;27;71;0;0;0;0;0;0;0;0;0;0;0;0;0;0;0;0;0;0;0;0;0;0;0;0;1;0;1;1;0;0;0;0;0;0;0;0;0
71453;Saint-Martin-du-Lac;27;71;0;0;0;0;0;0;0;0;0;0;0;0;0;0;0;0;0;0;0;0;0;0;0;0;0;0;0;0;1;0;0;0;0;1;1;0;0
71454;Saint-Martin-du-Mont;27;71;0;0;0;0;0;0;0;0;0;0;0;0;0;0;0;0;0;0;0;0;0;0;0;0;0;1;0;0;0;0;0;0;0;1;0;0;2
71455;Saint-Martin-du-Tartre;27;71;0;0;0;0;0;0;0;0;0;0;0;0;0;0;0;0;0;0;0;0;1;0;0;0;0;0;3;1;0;0;0;0;0;0;0;0;0
71456;Saint-Martin-en-Bresse;27;71;0;1;0;0;0;0;0;0;0;0;0;0;0;0;0;1;1;1;0;0;6;0;0;0;9;2;4;2;3;1;2;1;0;4;1;0;3
71457;Saint-Martin-en-Gâtinois;27;71;0;0;0;0;0;0;0;0;0;0;0;0;0;0;0;0;0;0;0;0;1;0;0;0;1;0;0;0;0;0;0;0;0;0;0;0;0
71458;Saint-Martin-la-Patrouille;27;71;0;0;0;0;0;0;0;0;0;0;0;0;0;0;0;0;0;0;0;0;1;0;0;0;0;0;1;0;1;0;0;0;0;0;0;0;0
71459;Saint-Martin-sous-Montaigu;27;71;0;0;0;0;0;0;0;0;0;0;0;0;0;0;0;0;0;0;0;0;0;0;0;0;1;0;1;0;1;0;0;0;0;0;0;0;0
71460;Saint-Maurice-de-Satonnay;27;71;0;0;0;0;0;0;0;0;0;0;0;0;0;0;0;0;0;0;0;0;0;0;0;0;3;2;3;1;2;0;1;0;0;1;0;0;1
71461;Saint-Maurice-des-Champs;27;71;0;0;0;0;0;0;0;0;0;0;0;0;0;0;0;0;0;0;0;0;0;0;0;0;0;0;0;1;0;0;0;0;0;0;0;0;0
71462;Saint-Maurice-en-Rivière;27;71;0;0;0;0;0;0;0;0;0;0;0;0;0;0;0;0;0;0;0;0;0;0;0;0;1;1;1;1;0;0;1;0;0;1;0;0;0
71463;Saint-Maurice-lès-Châteauneuf;27;71;0;0;0;0;0;0;0;0;0;0;0;0;0;0;0;0;0;0;0;0;1;0;0;0;0;0;3;1;2;1;2;0;0;1;1;0;0
71464;Saint-Maurice-lès-Couches;27;71;0;0;0;0;0;0;0;0;0;0;0;0;0;0;0;0;0;0;0;0;0;0;0;0;1;0;0;1;1;0;0;0;0;1;0;0;0
71465;Saint-Micaud;27;71;0;0;0;0;0;0;0;0;0;0;0;0;0;0;0;0;0;0;0;0;2;0;0;0;0;0;1;0;2;0;0;0;0;0;0;0;0
71466;Saint-Nizier-sur-Arroux;27;71;0;0;0;0;0;0;0;0;0;0;0;0;0;0;0;0;0;0;0;0;0;0;0;0;0;0;1;0;0;1;0;0;0;1;0;0;0
71468;Saint-Pierre-de-Varennes;27;71;0;0;0;0;0;0;0;0;0;0;0;0;0;0;0;0;0;0;0;1;1;0;0;0;2;3;3;2;1;0;1;0;0;3;0;0;1
71469;Saint-Pierre-le-Vieux;27;71;0;0;0;0;0;0;0;0;0;0;0;0;0;0;0;0;0;0;0;1;0;0;0;0;0;0;0;0;1;0;0;0;0;0;1;0;0
71470;Saint-Point;27;71;0;0;0;0;0;0;0;0;0;0;0;0;0;0;0;0;0;0;0;0;0;0;0;0;1;0;2;3;0;0;0;0;0;1;0;0;1
71471;Saint-Privé;27;71;0;0;0;0;0;0;0;0;0;0;0;0;0;0;0;0;0;0;0;0;0;0;0;0;0;0;0;0;0;0;0;0;0;0;0;0;0
71472;Saint-Prix;27;71;0;0;0;0;0;0;0;0;0;0;0;0;0;0;0;0;0;0;0;0;0;0;0;0;0;0;0;0;0;0;0;0;0;0;0;0;0
71473;Saint-Racho;27;71;0;0;0;0;0;0;0;0;0;0;0;0;0;0;0;0;0;0;0;0;0;0;0;0;1;0;2;0;0;0;0;0;0;1;0;0;1
71474;Sainte-Radegonde;27;71;0;0;0;0;0;0;0;0;0;0;0;0;0;0;0;0;0;0;0;0;0;0;0;0;0;0;0;0;0;0;0;0;0;0;0;0;0
71475;Saint-Rémy;27;71;0;0;0;0;0;0;0;0;0;0;1;0;1;0;0;4;3;1;0;0;7;1;0;0;4;11;7;12;1;3;5;1;0;10;3;1;6
71477;Saint-Romain-sous-Gourdon;27;71;0;0;0;0;0;0;0;0;0;0;0;0;0;0;0;0;0;0;0;0;1;0;0;0;1;1;0;1;0;0;2;0;0;1;0;0;1
71478;Saint-Romain-sous-Versigny;27;71;0;0;0;0;0;0;0;0;0;0;0;0;0;0;0;0;0;0;0;0;0;0;0;0;0;0;0;0;0;0;0;0;0;0;0;0;0
71479;Saint-Sernin-du-Bois;27;71;0;0;0;0;0;0;0;0;0;0;0;0;1;0;0;0;0;0;0;1;1;0;0;0;2;1;1;1;0;1;4;0;0;3;0;0;0
71480;Saint-Sernin-du-Plain;27;71;0;0;0;0;0;0;0;0;0;0;0;0;0;0;0;0;0;0;0;1;0;0;0;0;0;0;1;0;1;1;0;0;0;0;0;0;0
71481;Saint-Symphorien-d'Ancelles;27;71;0;0;0;0;0;0;0;0;0;0;0;0;0;0;0;0;0;0;0;0;0;0;0;0;1;1;3;1;1;0;1;0;0;3;0;0;0
71482;Saint-Symphorien-de-Marmagne;27;71;0;0;0;0;0;0;0;0;0;0;0;0;0;0;0;0;0;0;0;1;4;0;0;0;0;0;0;2;2;1;0;0;0;1;0;0;1
71483;Saint-Symphorien-des-Bois;27;71;0;0;0;0;0;0;0;0;0;0;0;0;0;0;0;0;0;0;0;0;2;0;0;0;0;2;0;0;0;0;0;0;0;0;0;0;0
71484;Saint-Usuge;27;71;0;0;0;0;0;0;0;0;0;0;0;0;0;0;0;0;0;0;0;1;2;0;0;0;6;2;3;3;0;2;2;0;0;0;0;0;0
71485;Saint-Vallerin;27;71;0;0;0;0;0;0;0;0;0;0;0;0;0;0;0;0;0;0;0;0;1;0;0;0;0;0;0;0;1;0;1;0;0;0;0;0;0
71486;Saint-Vallier;27;71;0;0;0;0;0;0;0;0;0;0;0;0;0;0;0;2;1;1;0;1;16;1;1;1;6;9;11;5;7;1;10;1;0;10;3;0;6
71487;Saint-Vérand;27;71;0;0;0;0;0;0;0;0;0;0;0;0;0;0;0;0;0;0;0;0;2;0;0;0;0;0;1;0;0;0;0;0;0;1;0;0;0
71488;Saint-Vincent-des-Prés;27;71;0;0;0;0;0;0;0;0;0;0;0;0;0;0;0;0;0;0;0;0;0;0;0;0;0;0;0;0;2;0;1;0;0;0;0;0;0
71489;Saint-Vincent-en-Bresse;27;71;0;0;0;0;0;0;0;0;0;0;0;0;0;0;0;0;0;0;0;0;1;0;0;0;2;1;0;2;0;0;1;0;0;0;1;1;3
71490;Saint-Vincent-Bragny;27;71;0;0;0;0;0;0;0;0;0;0;0;0;0;0;0;0;0;0;0;1;1;0;0;0;0;1;0;2;1;1;2;0;0;1;0;0;0
71491;Saint-Yan;27;71;0;0;0;0;0;0;0;0;0;0;0;0;0;0;0;1;0;1;0;0;3;0;1;1;3;1;4;1;2;0;3;0;0;1;0;0;1
71492;Saint-Ythaire;27;71;0;0;0;0;0;0;0;0;0;0;0;0;0;0;0;0;0;0;0;0;0;0;0;0;0;0;0;0;0;0;0;0;0;0;0;0;0
71493;Saisy;27;71;0;0;0;0;0;0;0;0;0;0;0;0;0;0;0;0;0;0;0;0;0;0;0;0;0;0;0;0;1;0;0;0;0;1;0;0;0
71494;La Salle;27;71;0;0;0;0;0;0;0;0;0;0;0;0;0;0;0;0;0;0;0;0;1;0;0;0;1;2;0;3;2;0;0;0;0;1;0;0;0
71495;Salornay-sur-Guye;27;71;0;0;0;0;0;0;0;0;0;0;0;0;0;0;0;0;0;1;0;0;0;0;0;0;1;1;2;4;1;1;3;0;0;2;0;0;0
71496;Sampigny-lès-Maranges;27;71;0;0;0;0;0;0;0;0;0;0;0;0;0;0;0;0;0;0;0;0;0;0;0;0;0;0;0;0;0;0;0;0;0;0;0;0;1
71497;Sancé;27;71;0;0;0;0;0;0;0;0;0;0;0;0;0;0;0;0;1;0;0;1;9;2;0;0;6;6;2;6;1;2;2;0;0;9;1;0;3
71498;Santilly;27;71;0;0;0;0;0;0;0;0;0;0;0;0;0;0;0;0;0;0;0;0;0;0;0;0;2;0;1;1;0;0;0;0;0;0;0;0;0
71499;Sanvignes-les-Mines;27;71;0;0;0;0;0;0;0;0;0;0;0;0;0;0;0;2;2;1;0;0;9;0;0;1;2;1;6;3;4;0;4;1;0;2;0;0;1
71500;Sarry;27;71;0;0;0;0;0;0;0;0;0;0;0;0;0;0;0;0;0;0;0;0;0;0;0;0;0;0;1;0;0;0;0;0;0;0;0;0;0
71501;Sassangy;27;71;0;0;0;0;0;0;0;0;0;0;0;0;0;0;0;0;0;0;0;0;0;0;0;0;0;1;1;0;0;0;0;0;0;0;0;0;0
71502;Sassenay;27;71;0;0;0;0;0;0;0;0;0;0;0;0;0;0;0;0;0;0;0;1;3;0;0;0;3;1;2;2;3;0;1;0;0;1;2;0;1
71503;Saules;27;71;0;0;0;0;0;0;0;0;0;0;0;0;0;0;0;0;0;0;0;0;1;0;0;0;0;0;0;0;0;0;0;0;0;0;0;0;0
71504;Saunières;27;71;0;0;0;0;0;0;0;0;0;0;0;0;0;0;0;0;0;0;0;0;0;0;0;0;1;0;1;1;1;0;0;0;0;0;0;0;0
71505;Savianges;27;71;0;0;0;0;0;0;0;0;0;0;0;0;0;0;0;0;0;0;0;0;0;0;0;0;0;0;0;0;0;0;1;0;0;0;0;0;0
71506;Savigny-en-Revermont;27;71;0;0;0;0;0;0;0;0;0;0;0;0;0;0;0;0;0;0;0;1;2;0;0;0;1;1;2;0;2;0;1;0;0;2;1;0;0
71507;Savigny-sur-Grosne;27;71;0;0;0;0;0;0;0;0;0;0;0;0;0;0;0;0;0;0;0;0;1;0;0;0;2;0;1;1;1;0;0;0;0;0;0;0;0
71508;Savigny-sur-Seille;27;71;0;0;0;0;0;0;0;0;0;0;0;0;0;0;0;0;0;0;0;0;0;0;0;0;0;1;0;1;1;0;0;0;0;0;0;0;0
71509;La Celle-en-Morvan;27;71;0;0;0;0;0;0;0;0;0;0;0;0;0;0;0;0;0;0;0;0;2;0;0;0;2;1;1;4;0;0;0;0;0;2;0;0;0
71510;Semur-en-Brionnais;27;71;0;0;0;0;0;0;0;0;0;0;0;0;0;0;0;0;0;0;0;1;1;0;0;0;0;2;0;0;0;0;2;0;0;1;1;0;0
71512;Sennecey-le-Grand;27;71;0;1;0;0;0;0;0;0;0;0;1;0;0;0;0;2;1;1;0;0;5;1;0;1;4;9;8;6;3;1;5;1;0;4;5;0;4
71513;Senozan;27;71;0;0;0;0;0;0;0;0;0;0;0;0;0;0;0;0;0;0;0;1;2;0;0;0;5;1;5;4;2;0;3;0;0;0;0;0;1
71514;Sens-sur-Seille;27;71;0;0;0;0;0;0;0;0;0;0;0;0;0;0;0;0;0;0;0;0;0;0;0;0;1;2;1;3;2;0;0;0;0;1;0;0;0
71515;Sercy;27;71;0;0;0;0;0;0;0;0;0;0;0;0;0;0;0;0;0;0;0;0;0;0;0;0;0;0;0;0;0;0;0;0;0;0;0;0;0
71516;Serley;27;71;0;0;0;0;0;0;0;0;0;0;0;0;0;0;0;0;0;0;0;0;1;0;0;0;1;0;2;1;0;0;1;0;0;1;0;0;0
71517;Sermesse;27;71;0;0;0;0;0;0;0;0;0;0;0;0;0;0;0;0;0;0;0;0;0;0;0;0;0;1;1;0;0;0;0;0;0;0;0;0;0
71518;Serrières;27;71;0;0;0;0;0;0;0;0;0;0;0;0;0;0;0;0;0;0;0;0;0;0;0;0;1;0;0;0;1;0;0;0;0;1;0;0;0
71519;Serrigny-en-Bresse;27;71;0;0;0;0;0;0;0;0;0;0;0;0;0;0;0;0;0;0;0;0;0;0;0;0;0;1;0;2;0;0;0;0;0;0;1;0;0
71520;Sevrey;27;71;0;0;0;0;0;0;0;0;0;0;0;0;0;0;0;0;0;0;0;0;8;0;0;0;0;0;0;3;0;0;0;0;1;3;0;0;1
71521;Sigy-le-Châtel;27;71;0;0;0;0;0;0;0;0;0;0;0;0;0;0;0;0;0;0;0;0;0;0;0;0;0;0;0;0;0;0;0;0;0;1;0;0;0
71522;Simandre;27;71;0;0;0;0;0;0;0;0;0;0;0;0;0;0;0;0;0;1;0;0;3;0;0;0;5;2;3;2;1;0;3;0;0;4;2;0;1
71523;Simard;27;71;0;0;0;0;0;0;0;0;0;0;0;0;0;0;0;0;0;1;0;0;3;0;0;0;5;1;1;3;0;2;1;0;0;7;0;0;0
71524;Sivignon;27;71;0;0;0;0;0;0;0;0;0;0;0;0;0;0;0;0;0;0;0;0;0;0;0;0;0;0;2;0;0;0;0;0;0;0;1;0;0
71525;Sologny;27;71;0;0;0;0;0;0;0;0;0;0;0;0;0;0;0;0;0;0;0;1;0;0;0;0;3;1;3;1;0;0;1;0;0;0;0;0;0
71526;Solutré-Pouilly;27;71;0;0;0;0;0;0;0;0;0;0;0;0;0;0;0;0;0;0;0;0;0;0;0;0;1;0;0;0;0;0;0;0;0;1;1;0;0
71527;Sommant;27;71;0;0;0;0;0;0;0;0;0;0;0;0;0;0;0;0;0;0;0;0;0;0;0;0;1;0;0;0;1;0;1;0;0;0;0;0;0
71528;Sornay;27;71;0;0;0;0;0;0;0;0;0;0;0;0;0;0;0;0;0;0;0;1;2;0;0;0;2;3;1;1;1;0;2;0;0;3;2;0;1
71529;Suin;27;71;0;0;0;0;0;0;0;0;0;0;0;0;0;0;0;0;0;0;0;0;2;0;0;0;2;1;1;0;1;0;0;0;0;0;0;0;0
71530;Sully;27;71;0;0;0;0;0;0;0;0;0;0;0;0;0;0;0;0;0;0;0;0;2;0;0;0;0;1;0;1;1;0;1;1;0;0;0;0;0
71531;La Tagnière;27;71;0;0;0;0;0;0;0;0;0;0;0;0;0;0;0;0;0;0;1;0;0;0;0;0;0;0;1;0;0;0;1;0;0;1;0;0;0
71532;Taizé;27;71;0;0;0;0;0;0;0;0;0;0;0;0;0;0;0;0;0;0;0;0;0;0;0;0;0;0;0;1;0;0;0;0;0;0;0;0;0
71533;Tancon;27;71;0;0;0;0;0;0;0;0;0;0;0;0;0;0;0;0;0;0;0;0;1;0;0;0;0;1;1;0;1;0;0;0;0;1;0;0;1
71534;Le Tartre;27;71;0;0;0;0;0;0;0;0;0;0;0;0;0;0;0;0;0;0;0;0;0;0;0;0;1;0;1;1;0;1;0;0;0;0;0;0;0
71535;Tavernay;27;71;0;0;0;0;0;0;0;0;0;0;0;0;0;0;0;0;0;0;0;0;0;0;0;0;0;0;0;1;0;0;2;0;0;0;0;0;0
71537;Thil-sur-Arroux;27;71;0;0;0;0;0;0;0;0;0;0;0;0;0;0;0;0;0;0;0;0;0;0;0;0;0;0;0;0;1;0;0;0;0;1;0;0;0
71538;Thurey;27;71;0;0;0;0;0;0;0;0;0;0;0;0;0;0;0;0;0;0;0;0;0;0;0;0;1;0;1;0;0;0;2;0;0;0;0;0;2
71539;Tintry;27;71;0;0;0;0;0;0;0;0;0;0;0;0;0;0;0;0;0;0;0;0;0;0;0;0;0;0;0;0;0;0;0;0;0;1;0;0;0
71540;Torcy;27;71;0;0;0;0;0;0;0;0;0;0;0;0;0;0;0;0;0;1;0;0;5;0;5;1;5;3;0;3;1;3;2;1;1;11;0;1;3
71541;Torpes;27;71;0;0;0;0;0;0;0;0;0;0;0;0;0;0;0;0;0;0;0;0;0;0;0;0;0;0;3;1;0;0;0;0;0;1;1;0;1
71542;Toulon-sur-Arroux;27;71;0;0;0;0;0;0;0;0;0;0;0;0;0;0;0;2;0;1;0;0;6;0;0;0;4;2;6;3;1;0;3;2;0;4;0;0;2
71543;Tournus;27;71;0;1;0;0;0;0;0;0;0;0;1;1;0;0;0;8;3;1;1;0;10;1;0;3;4;6;6;6;3;2;12;1;5;25;8;2;4
71544;Toutenant;27;71;0;0;0;0;0;0;0;0;0;0;0;0;0;0;0;0;0;0;0;0;0;0;0;0;0;0;1;0;0;0;0;0;0;1;0;0;0
71545;Tramayes;27;71;0;0;0;0;0;0;0;0;0;0;0;0;0;0;0;1;1;1;0;0;4;0;0;0;1;3;3;2;2;0;3;3;0;2;0;0;0
71546;Trambly;27;71;0;0;0;0;0;0;0;0;0;0;0;0;0;0;0;0;0;0;0;1;0;0;0;0;1;0;4;1;1;0;0;0;0;1;0;0;0
71547;Trivy;27;71;0;0;0;0;0;0;0;0;0;0;0;0;0;0;0;0;0;0;0;1;0;0;0;0;3;1;0;0;0;0;0;0;0;1;0;0;0
71548;Tronchy;27;71;0;0;0;0;0;0;0;0;0;0;0;0;0;0;0;0;0;0;0;0;0;0;0;0;0;0;1;1;0;0;0;0;0;1;0;0;0
71549;La Truchère;27;71;0;0;0;0;0;0;0;0;0;0;0;0;0;0;0;0;0;0;0;0;0;0;0;0;0;0;0;0;0;0;0;0;0;2;0;0;0
71550;Uchizy;27;71;0;0;0;0;0;0;0;0;0;0;0;0;0;0;0;0;0;0;1;0;1;0;0;0;4;0;1;1;1;0;0;0;0;3;0;0;1
71551;Uchon;27;71;0;0;0;0;0;0;0;0;0;0;0;0;0;0;0;0;0;0;0;0;0;0;0;0;1;0;0;0;0;0;0;0;0;0;0;0;0
71552;Uxeau;27;71;0;0;0;0;0;0;0;0;0;0;0;0;0;0;0;0;0;0;0;0;0;0;0;0;1;0;1;0;0;0;0;0;0;0;0;0;0
71553;Vareilles;27;71;0;0;0;0;0;0;0;0;0;0;0;0;0;0;0;0;0;0;0;0;0;0;0;0;0;0;0;0;0;0;2;0;0;1;0;0;0
71554;Varenne-l'Arconce;27;71;0;0;0;0;0;0;0;0;0;0;0;0;0;0;0;0;0;0;0;0;0;0;0;0;0;0;0;0;0;0;0;0;0;0;0;0;0
71555;Varennes-le-Grand;27;71;0;0;0;0;0;0;0;0;0;0;0;0;0;0;0;0;0;1;0;0;2;1;0;0;6;6;3;5;2;2;1;0;0;3;3;0;1
71556;Varennes-lès-Mâcon;27;71;0;0;0;0;0;0;0;0;0;0;0;0;0;0;0;0;0;0;0;0;3;1;0;0;3;0;2;3;3;0;1;0;1;2;0;0;0
71557;Varenne-Saint-Germain;27;71;0;0;0;0;0;0;0;0;0;0;0;0;0;0;0;0;0;0;0;0;3;0;0;0;0;2;1;1;0;0;1;0;0;1;0;0;0
71558;Varennes-Saint-Sauveur;27;71;0;0;0;0;0;0;0;0;0;0;0;0;0;0;0;1;0;1;0;0;4;0;0;0;4;1;1;1;0;0;3;4;0;2;2;0;1
71559;Varennes-sous-Dun;27;71;0;0;0;0;0;0;0;0;0;0;0;0;0;0;0;0;0;0;0;0;5;1;0;0;0;1;3;0;0;0;1;1;0;0;0;0;0
71561;Vauban;27;71;0;0;0;0;0;0;0;0;0;0;0;0;0;0;0;0;0;0;0;0;1;0;0;0;0;1;0;0;1;0;0;0;0;0;0;0;0
71562;Vaudebarrier;27;71;0;0;0;0;0;0;0;0;0;0;0;0;0;0;0;0;0;0;0;0;0;0;0;0;0;0;0;0;0;0;0;0;0;0;0;0;0
71563;Vaux-en-Pré;27;71;0;0;0;0;0;0;0;0;0;0;0;0;0;0;0;0;0;0;0;0;0;0;0;0;0;0;0;0;0;1;0;0;0;0;0;0;0
71564;Vendenesse-lès-Charolles;27;71;0;0;0;0;0;0;0;0;0;0;0;0;0;0;0;0;0;0;1;0;3;0;0;0;3;0;5;0;1;0;0;0;0;1;1;0;0
71565;Vendenesse-sur-Arroux;27;71;0;0;0;0;0;0;0;0;0;0;0;0;0;0;0;0;0;0;0;0;1;0;0;0;1;1;0;0;0;0;0;0;0;1;0;0;0
71566;Verdun-sur-le-Doubs;27;71;0;1;0;0;0;0;0;0;0;0;1;0;1;0;0;4;1;1;0;0;2;0;0;1;3;3;0;3;2;0;3;1;0;5;4;0;4
71567;Vergisson;27;71;0;0;0;0;0;0;0;0;0;0;0;0;0;0;0;0;0;0;0;0;0;0;0;0;0;0;0;1;0;0;0;0;0;1;0;0;0
71568;Vérissey;27;71;0;0;0;0;0;0;0;0;0;0;0;0;0;0;0;0;0;0;0;0;0;0;0;0;0;0;0;0;0;0;0;0;0;1;0;0;0
71570;Verjux;27;71;0;0;0;0;0;0;0;0;0;0;0;0;0;0;0;0;0;0;0;0;1;0;0;0;0;3;1;2;0;0;0;0;0;2;1;0;0
71571;Verosvres;27;71;0;0;0;0;0;0;0;0;0;0;0;0;0;0;0;0;0;0;0;1;1;0;0;0;1;0;1;0;0;0;1;0;0;0;1;0;0
71572;Vers;27;71;0;0;0;0;0;0;0;0;0;0;0;0;0;0;0;0;0;0;0;0;0;0;0;0;2;0;0;0;0;0;1;0;0;0;0;0;0
71573;Versaugues;27;71;0;0;0;0;0;0;0;0;0;0;0;0;0;0;0;0;0;0;0;0;0;0;0;0;0;0;0;2;0;0;0;0;0;0;0;0;0
71574;Verzé;27;71;0;0;0;0;0;0;0;0;0;0;0;0;0;0;0;0;0;0;1;0;1;0;0;0;2;1;1;3;1;0;1;0;0;1;0;0;0
71576;Le Villars;27;71;0;0;0;0;0;0;0;0;0;0;0;0;0;0;0;0;0;0;0;0;0;0;0;0;0;0;0;0;0;0;0;0;0;0;0;0;1
71577;Villegaudin;27;71;0;0;0;0;0;0;0;0;0;0;0;0;0;0;0;0;0;0;0;0;0;0;0;0;0;0;1;1;0;0;0;0;0;0;0;0;0
71578;Clux-Villeneuve;27;71;0;0;0;0;0;0;0;0;0;0;0;0;0;0;0;0;0;0;0;0;0;0;0;0;0;1;0;0;1;0;0;0;0;2;0;0;0
71579;Villeneuve-en-Montagne;27;71;0;0;0;0;0;0;0;0;0;0;0;0;0;0;0;0;0;0;0;0;0;0;0;0;0;1;0;1;1;0;0;0;0;0;0;0;0
71580;Vincelles;27;71;0;0;0;0;0;0;0;0;0;0;0;0;0;0;0;0;0;0;0;0;1;0;0;0;1;0;1;3;1;0;0;0;0;1;1;0;0
71581;Vindecy;27;71;0;0;0;0;0;0;0;0;0;0;0;0;0;0;0;0;0;0;0;0;1;0;0;0;1;0;1;0;0;0;1;0;0;0;0;0;0
71582;La Vineuse;27;71;0;0;0;0;0;0;0;0;0;0;0;0;0;0;0;0;0;0;0;0;0;0;0;0;1;0;1;0;1;0;0;0;0;0;0;0;0
71583;Vinzelles;27;71;0;0;0;0;0;0;0;0;0;0;0;0;0;0;0;0;0;0;0;1;4;0;0;0;1;1;0;1;0;0;0;0;0;2;1;0;0
71584;Viré;27;71;0;0;0;0;0;0;0;0;0;0;0;0;0;0;0;0;0;0;1;0;1;0;0;0;2;4;2;0;1;0;1;0;0;2;0;0;0
71585;Virey-le-Grand;27;71;0;0;0;0;0;0;0;0;0;0;0;0;0;0;0;0;0;0;0;1;0;0;0;0;2;0;3;3;2;0;1;0;0;1;1;0;0
71586;Viry;27;71;0;0;0;0;0;0;0;0;0;0;0;0;0;0;0;0;0;0;0;0;0;0;0;0;0;0;0;1;0;0;0;0;0;0;0;0;1
71587;Vitry-lès-Cluny;27;71;0;0;0;0;0;0;0;0;0;0;0;0;0;0;0;0;0;0;0;0;0;0;0;0;0;0;0;0;0;0;0;0;0;0;0;0;0
71588;Vitry-en-Charollais;27;71;0;0;0;0;0;0;0;0;0;0;0;0;0;0;0;0;0;0;0;0;4;0;0;0;2;1;0;1;0;0;1;0;0;6;1;0;1
71589;Vitry-sur-Loire;27;71;0;0;0;0;0;0;0;0;0;0;0;0;0;0;0;0;0;0;0;1;3;0;0;0;0;0;1;0;0;0;1;0;0;0;0;0;1
71590;Volesvres;27;71;0;0;0;0;0;0;0;0;0;0;0;0;0;0;0;0;0;0;0;0;3;0;0;0;0;0;0;2;0;0;0;0;0;0;1;0;0
71591;Fleurville;27;71;0;0;0;0;0;0;0;0;0;0;0;0;0;0;0;0;0;0;0;1;3;0;0;0;0;0;1;0;0;0;0;0;0;1;0;0;0
72001;Aigné;52;72;0;0;0;0;0;0;0;0;0;0;0;0;0;0;0;0;0;0;0;0;0;0;0;0;1;2;2;0;1;0;1;0;0;1;0;0;1
72002;Aillières-Beauvoir;52;72;0;0;0;0;0;0;0;0;0;0;0;0;0;0;0;0;0;0;0;0;0;0;0;0;0;1;0;1;0;0;1;0;0;1;1;0;1
72003;Allonnes;52;72;0;0;0;0;0;0;0;0;0;0;0;0;0;1;0;8;1;1;0;0;8;3;0;3;1;10;3;3;9;2;11;2;1;12;0;2;1
72004;Amné;52;72;0;0;0;0;0;0;0;0;0;0;0;0;0;0;0;0;0;0;0;0;0;0;0;0;1;2;1;0;1;0;0;0;0;0;0;0;0
72005;Ancinnes;52;72;0;0;0;0;0;0;0;0;0;0;0;0;0;0;0;0;0;0;1;0;2;0;0;0;0;1;2;0;0;0;1;0;0;1;0;0;1
72006;Arçonnay;52;72;0;0;0;0;0;0;0;0;0;0;0;0;0;0;0;2;0;0;0;1;3;0;0;0;4;1;6;1;2;1;5;2;0;7;1;1;1
72007;Ardenay-sur-Mérize;52;72;0;0;0;0;0;0;0;0;0;0;0;0;0;0;0;0;0;0;0;0;0;0;0;0;1;1;1;0;0;0;0;1;0;0;0;0;0
72008;Arnage;52;72;0;0;0;0;0;0;0;0;0;0;0;0;0;0;0;5;1;1;0;0;17;1;0;6;2;4;8;8;6;2;6;1;1;13;8;2;5
72009;Arthezé;52;72;0;0;0;0;0;0;0;0;0;0;0;0;0;0;0;0;0;0;0;0;0;0;0;0;0;0;0;0;0;0;0;0;0;0;0;0;0
72010;Asnières-sur-Vègre;52;72;0;0;0;0;0;0;0;0;0;0;0;0;0;0;0;0;0;0;0;0;0;0;0;0;0;1;0;1;2;0;1;0;0;0;1;0;0
72011;Assé-le-Boisne;52;72;0;0;0;0;0;0;0;0;0;0;0;0;0;0;0;0;0;0;0;1;0;0;0;0;3;1;2;0;1;0;1;0;0;1;1;0;0
72012;Assé-le-Riboul;52;72;0;0;0;0;0;0;0;0;0;0;0;0;0;0;0;0;0;0;0;1;0;0;0;1;1;1;3;0;0;1;1;0;0;0;0;0;0
72013;Aubigné-Racan;52;72;0;1;0;0;0;0;0;0;0;0;0;0;0;0;0;3;0;1;0;0;4;0;0;0;3;1;6;4;1;0;4;0;0;2;0;0;1
72015;Les Aulneaux;52;72;0;0;0;0;0;0;0;0;0;0;0;0;0;0;0;0;0;0;0;0;0;0;0;0;0;0;1;0;0;0;0;0;0;0;1;0;0
72016;Auvers-le-Hamon;52;72;0;0;0;0;0;0;0;0;0;0;0;0;0;0;0;0;0;0;0;1;4;0;0;0;2;1;2;2;1;0;1;0;0;1;0;0;0
72017;Auvers-sous-Montfaucon;52;72;0;0;0;0;0;0;0;0;0;0;0;0;0;0;0;0;0;0;0;0;0;0;0;0;1;0;0;0;0;0;0;0;0;0;0;0;0
72018;Avesnes-en-Saosnois;52;72;0;0;0;0;0;0;0;0;0;0;0;0;0;0;0;0;0;0;0;0;0;0;0;0;0;0;0;0;0;0;0;0;0;0;0;0;0
72019;Avessé;52;72;0;0;0;0;0;0;0;0;0;0;0;0;0;0;0;0;0;0;0;0;0;0;0;0;0;0;2;0;0;0;0;0;0;1;0;0;0
72020;Avezé;52;72;0;0;0;0;0;0;0;0;0;0;0;0;0;0;0;0;1;0;0;1;1;0;0;0;3;0;0;2;1;0;1;0;0;1;0;0;0
72021;Avoise;52;72;0;0;0;0;0;0;0;0;0;0;0;0;0;0;0;0;0;0;0;1;1;0;0;0;0;1;1;1;0;0;0;0;0;1;0;0;0
72022;Le Bailleul;52;72;0;0;0;0;0;0;0;0;0;0;0;0;0;0;0;0;0;0;0;1;2;0;0;0;2;3;1;0;0;1;1;0;0;0;1;0;0
72023;Ballon-Saint Mars;52;72;0;1;0;0;0;0;0;0;0;0;0;0;0;0;0;3;1;1;0;0;1;0;0;1;3;3;4;6;1;0;3;3;0;5;0;0;0
72024;La Bazoge;52;72;0;0;0;0;0;0;0;0;0;0;0;0;0;0;0;2;0;1;0;0;5;0;0;1;1;7;5;5;6;2;5;0;0;3;2;0;1
72025;Bazouges-sur-le-Loir;52;72;0;0;0;0;0;0;0;0;0;0;0;0;0;0;0;0;0;0;0;1;4;0;0;0;2;1;2;3;0;0;2;1;0;2;0;0;1
72026;Beaufay;52;72;0;0;0;0;0;0;0;0;0;0;0;0;0;0;0;0;0;0;0;1;1;0;0;0;2;4;5;2;2;0;4;0;0;2;2;0;0
72027;Beaumont-sur-Dême;52;72;0;0;0;0;0;0;0;0;0;0;0;0;0;0;0;0;0;0;0;0;0;1;0;0;0;0;1;1;1;0;0;0;0;1;0;0;0
72028;Beaumont-Pied-de-Boeuf;52;72;0;0;0;0;0;0;0;0;0;0;0;0;0;0;0;0;0;0;0;1;0;0;0;0;1;1;0;1;0;0;0;0;0;1;0;0;0
72029;Beaumont-sur-Sarthe;52;72;0;1;0;0;0;0;0;0;0;0;1;0;0;0;0;5;1;1;0;0;3;1;0;2;1;3;3;2;2;0;3;1;0;6;3;1;3
72031;Beillé;52;72;0;0;0;0;0;0;0;0;0;0;0;0;0;0;0;0;0;0;0;0;0;0;0;0;1;3;0;0;0;0;0;0;0;0;1;0;0
72032;Berfay;52;72;0;0;0;0;0;0;0;0;0;0;0;0;0;0;0;0;0;0;0;0;0;0;0;0;0;0;2;1;1;0;0;0;0;0;1;0;0
72033;Bernay-en-Champagne;52;72;0;0;0;0;0;0;0;0;0;0;0;0;0;0;0;0;0;0;0;1;1;0;0;1;2;0;3;1;0;0;0;0;0;0;0;0;1
72034;Bérus;52;72;0;0;0;0;0;0;0;0;0;0;0;0;0;0;0;0;0;0;0;0;2;0;0;0;0;0;0;1;0;1;0;0;0;1;0;0;0
72035;Bessé-sur-Braye;52;72;0;0;0;0;0;0;0;0;0;0;0;0;0;0;0;4;3;1;0;0;6;1;0;1;2;1;4;4;3;2;5;0;0;6;0;0;2
72036;Béthon;52;72;0;0;0;0;0;0;0;0;0;0;0;0;0;0;0;0;0;0;0;0;2;0;0;0;1;1;1;0;0;0;0;0;0;0;1;0;0
72037;Blèves;52;72;0;0;0;0;0;0;0;0;0;0;0;0;0;0;0;0;0;0;0;0;0;0;0;0;1;0;1;0;0;0;0;0;0;0;0;0;0
72038;Boëssé-le-Sec;52;72;0;0;0;0;0;0;0;0;0;0;0;0;0;0;0;0;0;0;1;0;0;0;0;0;1;0;1;0;0;0;1;0;0;1;0;0;0
72039;Bonnétable;52;72;0;1;0;0;0;0;0;0;0;0;0;0;0;0;0;5;2;1;0;0;5;1;0;1;6;7;9;5;2;1;8;2;0;6;4;1;3
72040;La Bosse;52;72;0;0;0;0;0;0;0;0;0;0;0;0;0;0;0;0;0;0;0;0;0;0;0;0;0;0;0;0;0;0;0;0;0;1;0;0;0
72041;Bouër;52;72;0;0;0;0;0;0;0;0;0;0;0;0;0;0;0;0;0;0;0;0;0;0;0;0;0;1;2;1;0;0;0;0;0;0;0;0;0
72042;Bouloire;52;72;0;1;0;0;0;0;0;0;0;0;1;0;0;0;0;3;2;1;0;0;5;0;0;1;2;5;4;4;3;0;2;0;0;3;3;0;1
72043;Bourg-le-Roi;52;72;0;0;0;0;0;0;0;0;0;0;0;0;0;0;0;0;0;0;0;1;1;0;0;0;1;0;0;0;0;0;0;0;0;0;0;0;0
72044;Bousse;52;72;0;0;0;0;0;0;0;0;0;0;0;0;0;0;0;0;0;0;0;0;0;0;0;0;0;1;0;0;0;0;0;0;0;0;0;0;0
72045;Brains-sur-Gée;52;72;0;0;0;0;0;0;0;0;0;0;0;0;0;0;0;0;0;0;0;0;1;0;0;0;0;1;1;0;0;0;0;0;0;2;0;0;0
72046;Le Breil-sur-Mérize;52;72;0;0;0;0;0;0;0;0;0;0;0;0;0;0;0;0;0;0;0;1;2;0;0;0;1;1;2;0;1;0;2;0;0;2;1;0;1
72047;Brette-les-Pins;52;72;0;0;0;0;0;0;0;0;0;0;0;0;0;0;0;1;0;0;0;1;2;0;1;0;2;3;2;2;2;0;4;0;0;1;5;0;1
72048;Briosne-lès-Sables;52;72;0;0;0;0;0;0;0;0;0;0;0;0;0;0;0;0;0;0;0;0;2;0;0;0;1;0;1;0;1;0;2;0;0;1;0;0;0
72049;La Bruère-sur-Loir;52;72;0;0;0;0;0;0;0;0;0;0;0;0;0;0;0;0;0;0;0;0;0;0;0;0;0;0;1;0;1;0;0;0;0;1;0;0;0
72050;Brûlon;52;72;0;1;0;0;0;0;0;0;0;0;0;0;1;0;0;3;2;1;0;0;2;1;0;1;0;3;2;2;3;0;4;1;1;0;0;1;1
72051;Cérans-Foulletourte;52;72;0;0;0;0;0;0;0;0;0;0;0;0;1;0;0;3;1;1;0;0;6;1;0;1;3;4;6;6;5;2;5;1;0;5;0;0;2
72052;Chahaignes;52;72;0;0;0;0;0;0;0;0;0;0;0;0;0;0;0;0;0;0;1;0;0;0;0;0;0;0;1;1;0;0;1;0;0;1;0;0;0
72053;Challes;52;72;0;0;0;0;0;0;0;0;0;0;0;0;0;0;0;0;0;0;1;0;0;0;0;0;0;1;0;1;2;0;3;0;0;2;0;0;0
72054;Champagné;52;72;0;0;0;0;0;0;0;0;0;0;0;0;0;0;0;2;1;1;0;0;9;0;0;1;3;4;4;7;0;2;4;0;1;10;0;1;4
72056;Champfleur;52;72;0;0;0;0;0;0;0;0;0;0;0;0;0;0;0;0;0;0;0;0;3;0;0;0;1;4;3;0;1;0;2;0;0;0;1;0;0
72057;Champrond;52;72;0;0;0;0;0;0;0;0;0;0;0;0;0;0;0;0;0;0;0;0;0;0;0;1;0;0;0;0;0;0;0;0;0;0;0;0;0
72058;Changé;52;72;0;0;0;0;0;0;0;0;0;0;0;0;0;0;0;3;1;1;0;0;9;1;0;1;12;7;12;9;14;0;12;0;0;7;4;1;4
72059;Chantenay-Villedieu;52;72;0;0;0;0;0;0;0;0;0;0;0;0;0;0;0;0;0;0;0;1;1;0;0;0;0;1;2;3;1;0;1;0;0;0;0;0;0
72060;La Chapelle-aux-Choux;52;72;0;0;0;0;0;0;0;0;0;0;0;0;0;0;0;0;0;0;0;0;0;0;0;0;0;1;0;2;0;0;0;0;0;0;0;0;0
72061;La Chapelle-d'Aligné;52;72;0;0;0;0;0;0;0;0;0;0;0;0;0;0;0;1;0;0;0;1;1;0;0;0;3;2;3;1;0;0;2;0;0;1;0;0;1
72062;La Chapelle-du-Bois;52;72;0;0;0;0;0;0;0;0;0;0;0;0;0;0;0;0;0;0;0;0;2;0;0;0;1;2;3;0;2;1;2;0;0;1;0;0;0
72063;La Chapelle-Gaugain;52;72;0;0;0;0;0;0;0;0;0;0;0;0;0;0;0;0;0;0;1;0;0;0;0;0;1;0;2;0;0;0;0;0;0;0;0;0;0
72064;La Chapelle-Huon;52;72;0;0;0;0;0;0;0;0;0;0;0;0;0;0;0;0;0;0;0;0;0;0;0;0;1;2;1;1;0;0;1;0;0;0;0;0;0
72065;La Chapelle-Saint-Aubin;52;72;0;1;0;0;0;0;0;0;0;0;0;0;0;0;0;2;0;0;1;0;11;1;0;2;2;3;6;3;2;1;4;0;0;8;2;1;2
72066;La Chapelle-Saint-Fray;52;72;0;0;0;0;0;0;0;0;0;0;0;0;0;0;0;0;0;0;0;0;0;0;0;0;0;0;0;1;1;0;1;0;0;1;0;0;0
72067;La Chapelle-Saint-Rémy;52;72;0;0;0;0;0;0;0;0;0;0;0;0;0;0;0;0;0;0;0;1;1;0;0;0;2;0;3;2;2;1;2;0;0;0;1;0;1
72068;La Chartre-sur-le-Loir;52;72;0;1;0;0;0;0;0;0;0;0;0;0;0;0;0;5;2;1;0;0;3;0;1;1;1;3;3;2;3;0;4;1;0;7;1;1;0
72070;Chassillé;52;72;0;0;0;0;0;0;0;0;0;0;0;0;0;0;0;0;0;0;0;0;1;0;0;0;1;0;0;1;1;0;0;0;0;1;1;0;0
72071;Château-du-Loir;52;72;0;0;0;0;0;0;0;0;0;0;1;1;0;0;0;8;3;1;0;0;7;1;0;2;2;4;3;0;3;1;10;4;3;16;4;2;3
72072;Château-l'Hermitage;52;72;0;0;0;0;0;0;0;0;0;0;0;0;0;0;0;0;0;0;0;0;1;0;0;0;1;0;0;0;1;0;1;0;0;0;0;0;1
72073;Chaufour-Notre-Dame;52;72;0;0;0;0;0;0;0;0;0;0;0;0;0;0;0;0;0;0;0;1;2;0;0;0;2;0;4;1;3;0;1;0;0;1;1;0;0
72074;Chemiré-en-Charnie;52;72;0;0;0;0;0;0;0;0;0;0;0;0;0;0;0;0;0;0;0;0;0;0;0;0;1;0;0;0;0;0;0;0;0;0;0;0;0
72075;Chemiré-le-Gaudin;52;72;0;0;0;0;0;0;0;0;0;0;0;0;0;0;0;0;0;0;1;0;0;0;0;0;0;1;0;4;0;0;2;0;0;0;0;0;0
72076;Chenay;52;72;0;0;0;0;0;0;0;0;0;0;0;0;0;0;0;0;0;0;0;0;0;0;0;0;0;0;0;1;0;0;0;0;0;0;0;0;0
72077;Chenu;52;72;0;0;0;0;0;0;0;0;0;0;0;0;0;0;0;0;0;0;1;0;0;0;1;0;2;1;2;2;0;0;0;0;0;2;0;0;0
72078;Chérancé;52;72;0;0;0;0;0;0;0;0;0;0;0;0;0;0;0;0;0;0;1;0;0;0;0;0;0;1;1;0;0;0;0;0;0;0;0;0;0
72079;Chérisay;52;72;0;0;0;0;0;0;0;0;0;0;0;0;0;0;0;0;0;0;0;0;1;0;0;0;1;1;0;0;0;1;0;0;0;0;0;0;0
72080;Cherré;52;72;0;0;0;0;0;0;0;0;0;0;0;0;0;0;0;0;0;0;0;1;4;0;0;0;1;1;5;3;2;3;3;0;0;1;0;0;0
72081;Cherreau;52;72;0;0;0;0;0;0;0;0;0;0;0;0;0;0;0;0;0;0;0;0;1;0;0;0;1;1;0;0;1;0;2;0;0;1;0;0;0
72082;Le Chevain;52;72;0;0;0;0;0;0;0;0;0;0;0;0;0;0;0;0;0;0;0;0;0;0;0;0;0;1;0;0;1;0;0;0;0;0;0;0;0
72083;Chevillé;52;72;0;0;0;0;0;0;0;0;0;0;0;0;0;0;0;0;0;0;0;0;0;0;0;0;0;2;2;1;0;0;0;0;0;1;2;0;0
72084;Clermont-Créans;52;72;0;0;0;0;0;0;0;0;0;0;0;0;0;0;0;0;0;0;1;0;4;0;0;0;2;1;1;3;1;0;1;0;0;2;0;0;2
72085;Cogners;52;72;0;0;0;0;0;0;0;0;0;0;0;0;0;0;0;0;0;0;0;0;0;0;0;1;0;0;1;0;0;0;0;0;0;0;0;0;0
72086;Commerveil;52;72;0;0;0;0;0;0;0;0;0;0;0;0;0;0;0;0;0;0;0;0;0;0;0;0;0;0;0;1;0;0;0;0;0;0;0;0;0
72087;Conflans-sur-Anille;52;72;0;0;0;0;0;0;0;0;0;0;0;0;0;0;0;0;0;0;0;0;2;0;0;0;1;0;0;0;0;0;0;0;0;1;0;0;0
72088;Congé-sur-Orne;52;72;0;0;0;0;0;0;0;0;0;0;0;0;0;0;0;0;0;0;1;0;0;0;0;0;0;1;4;2;0;0;0;0;0;0;0;0;0
72089;Conlie;52;72;0;1;0;0;0;0;0;0;0;0;1;0;0;0;0;4;1;1;0;0;2;1;0;1;6;0;7;4;0;1;6;3;0;4;3;0;1
72090;Connerré;52;72;0;1;0;0;0;0;0;0;0;0;1;0;0;0;0;4;0;1;0;0;3;1;0;3;0;3;2;6;0;0;7;2;0;4;4;1;2
72091;Contilly;52;72;0;0;0;0;0;0;0;0;0;0;0;0;0;0;0;0;0;0;0;0;0;0;0;0;1;0;0;1;0;0;0;0;0;0;1;0;0
72093;Cormes;52;72;0;0;0;0;0;0;0;0;0;0;0;0;0;0;0;0;0;0;1;0;2;0;0;0;2;3;2;0;0;0;2;0;0;0;0;0;0
72094;Coudrecieux;52;72;0;0;0;0;0;0;0;0;0;0;0;0;0;0;0;0;0;0;0;1;1;0;0;0;1;0;1;0;2;0;0;0;0;0;0;0;0
72095;Coulaines;52;72;0;0;0;0;0;0;0;0;0;0;0;0;0;0;0;6;1;1;0;0;4;1;0;2;3;6;4;2;4;1;7;3;0;6;3;1;2
72096;Coulans-sur-Gée;52;72;0;1;0;0;0;0;0;0;0;0;0;0;0;0;0;1;0;1;0;0;1;0;0;0;2;1;2;1;1;0;3;2;0;3;1;0;1
72097;Coulombiers;52;72;0;0;0;0;0;0;0;0;0;0;0;0;0;0;0;0;0;0;0;1;3;0;0;0;0;1;0;2;2;0;0;0;0;1;1;0;0
72098;Coulongé;52;72;0;0;0;0;0;0;0;0;0;0;0;0;0;0;0;0;0;0;0;1;0;0;0;0;1;0;0;0;0;0;1;0;0;0;0;0;0
72099;Courceboeufs;52;72;0;0;0;0;0;0;0;0;0;0;0;0;0;0;0;0;0;0;0;0;0;0;0;0;0;2;2;1;0;0;1;0;0;0;1;0;1
72100;Courcelles-la-Forêt;52;72;0;0;0;0;0;0;0;0;0;0;0;0;0;0;0;0;0;0;0;1;0;0;0;0;0;0;2;2;0;0;1;0;0;0;0;0;0
72101;Courcemont;52;72;0;0;0;0;0;0;0;0;0;0;0;0;0;0;0;0;0;0;1;0;0;0;0;0;3;0;3;1;1;0;1;0;0;0;0;0;0
72102;Courcival;52;72;0;0;0;0;0;0;0;0;0;0;0;0;0;0;0;0;0;0;0;0;0;0;0;0;0;0;0;0;0;0;0;0;0;0;0;0;0
72103;Courdemanche;52;72;0;0;0;0;0;0;0;0;0;0;0;0;0;0;0;0;0;0;0;1;1;0;0;0;1;2;0;0;3;2;2;0;0;0;1;0;0
72104;Courgains;52;72;0;0;0;0;0;0;0;0;0;0;0;0;0;0;0;0;1;0;1;0;2;0;0;0;0;1;1;0;0;0;1;0;0;0;0;0;0
72105;Courgenard;52;72;0;0;0;0;0;0;0;0;0;0;0;0;0;0;0;0;0;0;0;1;1;0;0;0;1;0;1;0;0;0;0;0;0;1;0;0;1
72106;Courtillers;52;72;0;0;0;0;0;0;0;0;0;0;0;0;0;0;0;0;0;0;0;0;0;0;0;0;1;0;1;0;1;0;0;0;0;0;0;0;0
72107;Crannes-en-Champagne;52;72;0;0;0;0;0;0;0;0;0;0;0;0;0;0;0;0;0;0;0;0;0;0;0;0;1;0;0;0;0;0;0;0;0;0;0;0;0
72108;Cré-sur-Loir;52;72;0;0;0;0;0;0;0;0;0;0;0;0;0;0;0;0;0;0;1;0;0;0;0;0;1;3;2;2;1;0;2;0;0;0;0;0;0
72109;Crissé;52;72;0;0;0;0;0;0;0;0;0;0;0;0;0;0;0;0;0;0;0;1;0;0;0;0;0;0;2;0;1;0;1;0;0;0;0;0;0
72110;Crosmières;52;72;0;0;0;0;0;0;0;0;0;0;0;0;0;0;0;0;0;0;0;1;0;0;0;0;1;1;0;0;0;0;3;0;0;1;0;0;2
72111;Cures;52;72;0;0;0;0;0;0;0;0;0;0;0;0;0;0;0;0;0;0;0;0;0;0;0;0;0;1;1;0;0;0;0;0;0;0;1;0;0
72112;Dangeul;52;72;0;0;0;0;0;0;0;0;0;0;0;0;0;0;0;0;0;0;0;0;0;0;0;0;0;1;0;0;0;0;1;1;0;1;0;0;0
72113;Degré;52;72;0;0;0;0;0;0;0;0;0;0;0;0;0;0;0;0;0;0;0;0;0;0;0;0;1;2;0;0;0;0;1;0;0;0;0;0;0
72114;Dehault;52;72;0;0;0;0;0;0;0;0;0;0;0;0;0;0;0;0;0;0;0;0;1;0;0;0;3;0;0;1;1;0;0;0;0;0;0;0;0
72115;Dissay-sous-Courcillon;52;72;0;0;0;0;0;0;0;0;0;0;0;0;0;0;0;0;0;0;0;1;2;0;0;0;1;2;0;5;3;0;1;0;0;2;0;0;0
72116;Dissé-sous-Ballon;52;72;0;0;0;0;0;0;0;0;0;0;0;0;0;0;0;0;0;0;0;0;0;0;0;0;0;0;0;0;0;0;0;0;0;0;0;0;0
72117;Dissé-sous-le-Lude;52;72;0;0;0;0;0;0;0;0;0;0;0;0;0;0;0;0;0;0;0;0;1;0;0;0;0;0;2;1;0;0;0;0;0;1;0;0;0
72118;Dollon;52;72;0;0;0;0;0;0;0;0;0;0;0;0;0;0;0;0;0;0;0;1;1;0;0;0;2;0;3;0;0;0;2;0;0;0;2;0;0
72119;Domfront-en-Champagne;52;72;0;0;0;0;0;0;0;0;0;0;0;0;0;0;0;0;0;0;0;1;3;0;0;1;2;0;4;3;0;0;2;0;0;1;0;0;0
72120;Doucelles;52;72;0;0;0;0;0;0;0;0;0;0;0;0;0;0;0;0;0;0;0;0;0;0;0;0;0;0;0;2;0;0;0;0;0;1;0;0;0
72121;Douillet;52;72;0;0;0;0;0;0;0;0;0;0;0;0;0;0;0;0;0;0;0;0;0;0;0;0;0;2;1;0;0;0;0;0;0;0;0;0;0
72122;Duneau;52;72;0;0;0;0;0;0;0;0;0;0;0;0;0;0;0;0;0;0;0;0;0;0;0;0;0;1;2;3;0;1;0;0;0;0;2;0;0
72123;Dureil;52;72;0;0;0;0;0;0;0;0;0;0;0;0;0;0;0;0;0;0;0;0;0;0;0;0;0;0;0;0;0;0;0;0;0;1;0;0;0
72124;Écommoy;52;72;0;1;0;0;0;0;0;0;0;0;1;1;0;0;0;6;1;1;0;0;7;1;0;2;8;5;5;3;3;0;5;2;0;11;5;1;5
72125;Écorpain;52;72;0;0;0;0;0;0;0;0;0;0;0;0;0;0;0;0;0;0;0;0;1;0;0;0;0;0;0;1;0;0;1;0;0;1;0;0;0
72126;Épineu-le-Chevreuil;52;72;0;0;0;0;0;0;0;0;0;0;0;0;0;0;0;0;0;0;0;0;0;0;0;0;1;2;1;0;0;0;0;0;0;0;0;0;0
72127;Étival-lès-le-Mans;52;72;0;0;0;0;0;0;0;0;0;0;0;0;0;0;0;0;0;0;1;0;3;0;0;1;2;1;2;0;1;0;3;0;0;3;2;0;0
72128;Évaillé;52;72;0;0;0;0;0;0;0;0;0;0;0;0;0;0;0;0;0;0;1;0;2;0;0;0;0;0;0;0;0;1;2;0;0;1;0;0;0
72129;Fatines;52;72;0;0;0;0;0;0;0;0;0;0;0;0;0;0;0;0;0;0;0;0;1;0;0;0;0;1;1;2;1;0;0;0;0;1;0;0;0
72130;Fay;52;72;0;0;0;0;0;0;0;0;0;0;0;0;0;0;0;0;0;0;0;0;0;0;0;0;0;1;0;1;0;0;0;0;0;0;1;0;0
72131;Fercé-sur-Sarthe;52;72;0;0;0;0;0;0;0;0;0;0;0;0;0;0;0;0;0;0;0;0;0;0;0;0;1;2;0;1;0;0;0;0;0;2;1;0;2
72132;La Ferté-Bernard;52;72;0;1;0;0;0;0;0;0;0;0;1;1;0;0;0;9;2;1;0;0;8;3;0;4;4;7;5;5;4;3;19;2;9;26;14;4;5
72133;Fillé;52;72;0;0;0;0;0;0;0;0;0;0;0;0;0;0;0;0;0;0;0;1;3;0;0;0;0;3;1;1;1;0;1;0;0;2;0;0;0
72134;Flée;52;72;0;0;0;0;0;0;0;0;0;0;0;0;0;0;0;0;0;0;0;0;0;0;0;0;1;0;0;1;0;0;0;0;0;1;0;0;1
72135;La Fontaine-Saint-Martin;52;72;0;0;0;0;0;0;0;0;0;0;0;0;0;0;0;0;0;0;0;1;1;0;0;0;1;2;2;0;0;0;0;1;0;1;0;0;0
72136;Fontenay-sur-Vègre;52;72;0;0;0;0;0;0;0;0;0;0;0;0;0;0;0;0;0;0;0;0;1;0;0;0;0;1;1;0;1;1;1;0;0;1;0;0;0
72137;Villeneuve-en-Perseigne;52;72;0;1;0;0;0;0;0;0;0;0;0;0;0;0;0;2;0;0;0;1;1;0;0;0;0;2;5;1;0;0;2;0;0;3;0;0;1
72138;Fresnay-sur-Sarthe;52;72;0;1;0;0;0;0;0;0;0;0;1;0;0;0;0;5;3;1;0;0;4;0;0;2;2;2;1;0;2;1;4;4;0;7;2;0;1
72139;Fyé;52;72;0;0;0;0;0;0;0;0;0;0;0;0;0;0;0;1;0;0;0;1;2;0;0;0;1;1;4;2;1;2;1;0;1;0;0;0;0
72141;Gesnes-le-Gandelin;52;72;0;0;0;0;0;0;0;0;0;0;0;0;0;0;0;0;0;0;0;1;1;0;0;0;1;0;5;2;0;0;3;0;0;1;0;0;0
72142;Grandchamp;52;72;0;0;0;0;0;0;0;0;0;0;0;0;0;0;0;0;0;0;0;0;1;0;0;0;0;0;0;0;0;0;0;0;0;0;0;0;0
72143;Le Grand-Lucé;52;72;0;1;0;0;0;0;0;0;0;0;1;0;1;0;0;3;2;1;0;0;5;1;0;1;1;2;4;1;3;1;4;3;0;1;3;0;3
72144;Gréez-sur-Roc;52;72;0;0;0;0;0;0;0;0;0;0;0;0;0;0;0;0;0;0;0;1;1;0;0;0;0;0;0;0;1;0;0;1;0;0;0;0;0
72145;Le Grez;52;72;0;0;0;0;0;0;0;0;0;0;0;0;0;0;0;0;0;0;0;0;0;0;0;0;0;0;0;0;0;0;0;0;0;0;0;0;0
72146;Guécélard;52;72;0;0;0;0;0;0;0;0;0;0;0;0;0;0;0;0;0;1;0;0;4;1;0;1;1;3;3;6;1;1;5;0;0;4;1;0;2
72147;La Guierche;52;72;0;0;0;0;0;0;0;0;0;0;0;0;0;0;0;0;0;0;0;1;1;0;0;0;0;2;4;1;1;0;1;0;0;1;1;0;0
72148;Jauzé;52;72;0;0;0;0;0;0;0;0;0;0;0;0;0;0;0;0;0;0;0;0;0;0;0;0;0;0;0;0;0;0;0;0;0;0;0;0;0
72149;Joué-en-Charnie;52;72;0;0;0;0;0;0;0;0;0;0;0;0;0;0;0;0;0;0;0;0;6;0;0;0;1;1;2;1;0;0;0;0;0;3;0;0;0
72150;Joué-l'Abbé;52;72;0;0;0;0;0;0;0;0;0;0;0;0;0;0;0;0;0;0;0;0;2;0;0;0;0;2;4;5;2;0;1;0;0;0;0;0;3
72151;Juigné-sur-Sarthe;52;72;0;0;0;0;0;0;0;0;0;0;0;0;0;0;0;0;0;0;0;1;3;0;0;0;3;1;3;0;0;0;0;0;0;2;1;0;1
72152;Juillé;52;72;0;0;0;0;0;0;0;0;0;0;0;0;0;0;0;0;0;0;0;0;3;0;0;0;1;0;1;0;0;0;0;0;0;0;0;0;0
72153;Jupilles;52;72;0;0;0;0;0;0;0;0;0;0;0;0;0;0;0;0;0;0;0;1;0;0;0;0;0;1;0;2;1;0;1;0;0;0;0;0;2
72154;La Flèche;52;72;1;1;0;0;1;0;0;0;0;0;5;1;0;0;0;10;2;1;0;0;19;3;1;6;3;9;15;12;9;4;25;2;6;32;17;4;10
72155;Laigné-en-Belin;52;72;0;0;0;0;0;0;0;0;0;0;0;0;0;0;0;2;1;0;0;0;1;1;0;2;1;6;3;2;3;0;2;0;0;2;2;0;0
72156;Lamnay;52;72;0;0;0;0;0;0;0;0;0;0;0;0;0;0;0;0;0;0;0;1;1;0;0;0;0;1;0;0;0;0;1;0;0;2;1;0;0
72157;Lavardin;52;72;0;0;0;0;0;0;0;0;0;0;0;0;0;0;0;0;0;0;0;0;2;0;0;0;1;0;0;0;1;0;2;0;0;0;0;0;0
72158;Lavaré;52;72;0;0;0;0;0;0;0;0;0;0;0;0;0;0;0;0;0;0;0;1;0;0;0;0;1;1;0;0;1;0;1;0;0;1;1;0;0
72159;Lavenay;52;72;0;0;0;0;0;0;0;0;0;0;0;0;0;0;0;0;0;0;0;0;1;0;0;0;2;0;0;0;0;0;0;0;0;3;0;0;0
72160;Lavernat;52;72;0;0;0;0;0;0;0;0;0;0;0;0;0;0;0;0;0;0;0;0;0;0;0;0;1;2;0;1;0;0;1;0;0;0;0;0;2
72161;Lhomme;52;72;0;0;0;0;0;0;0;0;0;0;0;0;0;0;0;0;0;0;1;0;3;0;0;0;2;4;0;1;0;1;1;0;0;2;0;0;1
72163;Ligron;52;72;0;0;0;0;0;0;0;0;0;0;0;0;0;0;0;0;0;0;0;0;0;0;0;0;1;1;2;1;1;0;0;0;0;1;0;0;1
72164;Livet-en-Saosnois;52;72;0;0;0;0;0;0;0;0;0;0;0;0;0;0;0;0;0;0;0;0;0;0;0;0;0;0;0;0;0;0;0;0;0;0;0;0;1
72165;Lombron;52;72;0;0;0;0;0;0;0;0;0;0;0;0;0;0;0;0;0;0;0;1;1;0;0;0;3;1;5;2;1;0;3;0;0;0;4;0;0
72166;Longnes;52;72;0;0;0;0;0;0;0;0;0;0;0;0;0;0;0;0;0;0;0;0;2;0;0;0;1;0;1;0;1;0;1;0;0;0;1;0;0
72167;Louailles;52;72;0;0;0;0;0;0;0;0;0;0;0;0;0;0;0;0;0;0;0;0;0;0;0;0;2;3;0;1;0;0;1;0;0;2;0;0;0
72168;Loué;52;72;0;1;0;0;0;0;0;0;0;0;1;0;0;0;0;6;2;1;0;0;5;0;0;2;1;2;4;1;4;0;3;0;0;2;6;1;1
72169;Louplande;52;72;0;0;0;0;0;0;0;0;0;0;0;0;0;0;0;0;0;0;0;1;2;0;0;0;2;1;1;4;1;0;2;0;0;0;0;0;0
72170;Louvigny;52;72;0;0;0;0;0;0;0;0;0;0;0;0;0;0;0;0;0;0;0;0;0;0;0;0;0;0;2;1;0;0;0;0;0;0;0;0;0
72171;Louzes;52;72;0;0;0;0;0;0;0;0;0;0;0;0;0;0;0;0;0;0;0;0;1;0;0;0;0;0;0;0;0;0;0;0;0;0;0;0;0
72172;Le Luart;52;72;0;0;0;0;0;0;0;0;0;0;0;0;0;0;0;1;0;0;1;0;2;0;0;1;1;1;5;2;0;2;2;0;0;2;1;0;0
72173;Luceau;52;72;0;1;0;0;0;0;0;0;0;0;0;0;0;0;0;0;0;0;0;0;8;0;0;0;2;1;3;4;2;0;1;0;0;2;0;0;0
72174;Lucé-sous-Ballon;52;72;0;0;0;0;0;0;0;0;0;0;0;0;0;0;0;0;0;0;0;0;0;0;0;0;0;1;0;1;1;0;0;0;0;0;0;0;0
72175;Luché-Pringé;52;72;0;0;0;0;0;0;0;0;0;0;0;0;0;0;0;2;0;0;0;1;2;0;0;0;2;2;2;2;0;0;2;0;0;2;1;0;1
72176;Le Lude;52;72;0;1;0;0;0;0;0;0;0;0;0;0;0;0;0;6;1;1;0;0;6;1;0;2;3;3;6;5;4;2;9;2;0;10;1;1;2
72177;Maigné;52;72;0;0;0;0;0;0;0;0;0;0;0;0;0;0;0;0;0;0;0;0;1;0;0;0;0;0;0;1;0;0;0;0;0;0;0;0;0
72178;Maisoncelles;52;72;0;0;0;0;0;0;0;0;0;0;0;0;0;0;0;0;0;0;0;0;0;0;0;0;0;0;1;0;0;0;0;0;0;0;0;0;0
72179;Malicorne-sur-Sarthe;52;72;0;1;0;0;0;0;0;0;0;0;0;0;0;0;0;4;0;1;0;0;1;0;0;1;2;3;3;3;1;0;5;0;0;4;2;0;2
72180;Mamers;52;72;0;1;0;0;0;0;0;0;0;0;5;1;0;0;0;9;2;1;0;0;8;2;1;3;3;5;7;5;5;3;9;2;2;16;5;3;4
72181;Le Mans;52;72;1;0;0;1;1;1;1;1;0;0;23;3;0;0;0;109;15;11;1;0;120;16;25;48;84;120;81;121;80;49;215;10;54;366;152;34;105
72182;Mansigné;52;72;0;0;0;0;0;0;0;0;0;0;0;0;0;0;0;2;0;1;0;0;5;0;0;0;0;1;5;5;1;0;1;1;0;3;2;0;0
72183;Marçon;52;72;0;0;0;0;0;0;0;0;0;0;0;0;0;0;0;0;1;0;0;1;1;0;0;0;1;0;5;1;0;1;1;0;0;2;1;0;0
72184;Mareil-en-Champagne;52;72;0;0;0;0;0;0;0;0;0;0;0;0;0;0;0;0;0;0;0;0;0;1;0;0;0;0;1;1;0;0;1;3;0;0;0;0;1
72185;Mareil-sur-Loir;52;72;0;0;0;0;0;0;0;0;0;0;0;0;0;0;0;0;0;0;0;0;1;0;0;0;1;0;0;0;0;0;1;0;0;0;0;0;0
72186;Maresché;52;72;0;0;0;0;0;0;0;0;0;0;0;0;0;0;0;0;0;0;0;0;4;0;0;0;1;1;2;1;0;0;2;0;0;1;1;0;0
72187;Marigné-Laillé;52;72;0;0;0;0;0;0;0;0;0;0;0;0;0;0;0;0;0;0;0;1;2;0;0;1;3;2;4;2;1;1;2;1;0;4;0;0;0
72188;Marollette;52;72;0;0;0;0;0;0;0;0;0;0;0;0;0;0;0;0;0;0;0;0;0;0;0;0;0;0;0;0;0;0;0;0;0;0;0;0;0
72189;Marolles-les-Braults;52;72;0;1;0;0;0;0;0;0;0;0;1;0;0;0;0;3;3;1;0;0;3;1;0;1;1;0;0;2;0;1;5;3;0;2;0;0;1
72190;Marolles-lès-Saint-Calais;52;72;0;0;0;0;0;0;0;0;0;0;0;0;0;0;0;0;0;0;0;0;0;0;0;0;0;2;0;0;0;0;0;0;0;1;0;0;0
72191;Mayet;52;72;0;1;0;0;0;0;0;0;0;0;0;0;0;0;0;4;1;1;0;0;2;1;0;1;6;4;4;3;2;0;7;1;0;3;1;0;3
72192;Les Mées;52;72;0;0;0;0;0;0;0;0;0;0;0;0;0;0;0;0;0;0;0;0;0;0;0;0;1;1;0;0;0;0;0;0;0;0;0;0;0
72193;Melleray;52;72;0;0;0;0;0;0;0;0;0;0;0;0;0;0;0;0;0;0;0;0;0;0;0;0;0;0;2;1;0;0;0;0;0;1;0;0;0
72194;Meurcé;52;72;0;0;0;0;0;0;0;0;0;0;0;0;0;0;0;0;0;0;0;0;0;0;0;0;1;1;0;0;0;0;0;0;0;1;0;0;0
72195;Mézeray;52;72;0;0;0;0;0;0;0;0;0;0;0;0;0;0;0;0;0;0;0;1;3;0;0;0;1;3;1;1;1;0;2;0;0;0;0;0;0
72196;Mézières-sur-Ponthouin;52;72;0;0;0;0;0;0;0;0;0;0;0;0;0;0;0;0;0;0;0;1;0;0;0;0;0;0;2;1;1;1;1;0;0;0;0;0;0
72197;Mézières-sous-Lavardin;52;72;0;0;0;0;0;0;0;0;0;0;0;0;0;0;0;0;0;0;0;0;2;0;0;0;1;2;2;0;1;0;0;0;0;1;0;0;0
72198;La Milesse;52;72;0;0;0;0;0;0;0;0;0;0;0;0;0;0;0;0;0;1;0;0;4;0;0;1;4;3;6;5;2;1;2;1;0;1;2;0;2
72199;Moitron-sur-Sarthe;52;72;0;0;0;0;0;0;0;0;0;0;0;0;0;0;0;0;0;0;0;0;1;0;0;0;0;0;0;1;1;0;0;0;0;0;0;0;0
72200;Moncé-en-Belin;52;72;0;1;0;0;0;0;0;0;0;0;0;0;0;0;0;0;0;0;0;1;4;0;0;1;0;9;4;5;2;0;4;0;0;3;6;0;1
72201;Moncé-en-Saosnois;52;72;0;0;0;0;0;0;0;0;0;0;0;0;0;0;0;0;0;0;0;1;0;0;0;0;2;0;0;0;0;0;0;0;0;0;0;0;0
72202;Monhoudou;52;72;0;0;0;0;0;0;0;0;0;0;0;0;0;0;0;0;0;0;0;0;0;0;0;0;0;0;1;0;0;0;0;0;0;0;0;0;0
72203;Montabon;52;72;0;0;0;0;0;0;0;0;0;0;0;0;0;0;0;0;0;0;0;0;0;0;0;0;0;0;0;1;0;0;0;0;0;3;0;0;0
72204;Montaillé;52;72;0;0;0;0;0;0;0;0;0;0;0;0;0;0;0;0;0;0;0;0;1;0;0;0;0;0;0;1;0;0;0;0;0;1;0;0;0
72205;Montbizot;52;72;0;0;0;0;0;0;0;0;0;0;0;0;0;0;0;1;0;0;0;1;1;0;0;0;2;1;3;3;3;0;1;0;0;2;1;0;2
72208;Montmirail;52;72;0;1;0;0;0;0;0;0;0;0;0;0;0;0;0;4;0;0;0;1;0;0;0;0;0;0;0;1;0;1;1;0;0;0;0;0;0
72209;Montreuil-le-Chétif;52;72;0;0;0;0;0;0;0;0;0;0;0;0;0;0;0;0;0;0;0;0;2;0;0;0;1;0;0;1;0;0;0;0;0;1;0;0;0
72210;Montreuil-le-Henri;52;72;0;0;0;0;0;0;0;0;0;0;0;0;0;0;0;0;0;0;0;1;1;0;0;0;0;0;1;1;0;1;0;1;0;0;0;0;1
72211;Mont-Saint-Jean;52;72;0;0;0;0;0;0;0;0;0;0;0;0;0;0;0;0;0;0;1;0;2;0;1;0;0;0;2;1;0;0;1;0;0;0;0;0;0
72212;Moulins-le-Carbonnel;52;72;0;0;0;0;0;0;0;0;0;0;0;0;0;0;0;0;0;0;0;1;0;0;0;0;0;3;1;2;0;0;1;0;0;3;0;0;0
72213;Mulsanne;52;72;0;0;0;0;0;0;0;0;0;0;0;0;0;0;0;5;0;1;0;0;7;2;0;4;2;5;9;1;3;2;4;0;0;7;0;1;2
72214;Nauvay;52;72;0;0;0;0;0;0;0;0;0;0;0;0;0;0;0;0;0;0;0;0;0;0;0;0;0;0;0;0;0;0;0;0;0;0;0;0;0
72215;Neufchâtel-en-Saosnois;52;72;0;0;0;0;0;0;0;0;0;0;0;0;0;0;0;0;0;0;0;1;2;0;0;0;1;3;1;4;2;0;1;0;0;2;2;0;0
72216;Neuvillalais;52;72;0;0;0;0;0;0;0;0;0;0;0;0;0;0;0;0;0;0;1;0;0;0;0;0;2;0;0;0;0;0;1;0;0;1;0;0;0
72217;Neuville-sur-Sarthe;52;72;0;0;0;0;0;0;0;0;0;0;0;0;0;0;0;0;0;0;1;0;1;0;1;0;3;7;8;2;2;2;3;0;0;4;1;0;1
72218;Neuvillette-en-Charnie;52;72;0;0;0;0;0;0;0;0;0;0;0;0;0;0;0;0;0;0;0;0;0;0;0;0;0;0;3;4;0;0;0;0;0;0;0;0;0
72219;Neuvy-en-Champagne;52;72;0;0;0;0;0;0;0;0;0;0;0;0;0;0;0;0;0;0;0;0;0;0;0;0;1;0;2;1;0;0;0;0;0;0;0;0;0
72220;Nogent-le-Bernard;52;72;0;0;0;0;0;0;0;0;0;0;0;0;0;0;0;0;0;0;0;1;1;0;0;0;2;2;2;0;1;0;1;0;0;0;1;0;0
72221;Nogent-sur-Loir;52;72;0;0;0;0;0;0;0;0;0;0;0;0;0;0;0;0;0;0;0;0;1;0;0;0;0;1;1;0;0;0;0;0;0;0;0;0;0
72222;Nouans;52;72;0;0;0;0;0;0;0;0;0;0;0;0;0;0;0;0;0;0;0;1;0;0;0;0;2;1;0;1;0;0;0;0;0;0;0;0;0
72223;Noyen-sur-Sarthe;52;72;0;1;0;0;0;0;0;0;0;0;0;0;0;0;0;2;0;1;0;0;4;1;0;1;1;2;5;3;2;0;5;0;0;4;2;0;1
72224;Nuillé-le-Jalais;52;72;0;0;0;0;0;0;0;0;0;0;0;0;0;0;0;0;0;0;0;0;1;0;0;0;0;0;0;0;1;0;0;0;0;1;0;0;0
72225;Oisseau-le-Petit;52;72;0;1;0;0;0;0;0;0;0;0;0;0;0;0;0;0;0;0;1;0;4;0;0;0;2;1;1;2;1;0;0;0;0;1;1;0;0
72226;Oizé;52;72;0;0;0;0;0;0;0;0;0;0;0;0;0;0;0;0;0;0;0;1;1;0;0;0;0;0;0;0;1;0;1;0;0;2;0;0;0
72227;Panon;52;72;0;0;0;0;0;0;0;0;0;0;0;0;0;0;0;0;0;0;0;0;0;0;0;0;0;0;0;0;0;0;0;0;0;0;0;0;0
72228;Parcé-sur-Sarthe;52;72;0;0;0;0;0;0;0;0;0;0;0;0;0;0;0;0;0;1;0;0;1;0;0;0;2;2;2;1;2;0;2;0;0;2;2;0;0
72229;Parennes;52;72;0;0;0;0;0;0;0;0;0;0;0;0;0;0;0;0;0;0;0;1;2;0;0;0;0;1;2;1;2;0;1;0;0;0;0;0;0
72230;Parigné-le-Pôlin;52;72;0;0;0;0;0;0;0;0;0;0;0;0;0;0;0;0;0;0;1;0;1;0;0;2;1;3;0;0;3;0;1;0;0;2;0;1;0
72231;Parigné-l'Évêque;52;72;0;1;0;0;0;0;0;0;0;0;0;0;0;0;0;3;1;1;0;0;3;1;0;1;4;3;13;6;2;0;4;2;0;4;4;1;1
72232;Notre-Dame-du-Pé;52;72;0;0;0;0;0;0;0;0;0;0;0;0;0;0;0;0;0;0;0;0;0;0;0;0;0;0;0;0;0;0;1;0;0;1;0;0;1
72233;Peray;52;72;0;0;0;0;0;0;0;0;0;0;0;0;0;0;0;0;0;0;0;0;0;0;0;0;0;0;0;0;0;0;0;0;0;0;0;0;0
72234;Pezé-le-Robert;52;72;0;0;0;0;0;0;0;0;0;0;0;0;0;0;0;0;0;0;0;0;1;0;0;0;0;0;0;0;0;0;0;0;0;0;0;0;0
72235;Piacé;52;72;0;0;0;0;0;0;0;0;0;0;0;0;0;0;0;0;0;0;1;0;0;0;0;0;0;2;2;0;2;0;1;0;0;1;0;0;0
72236;Pincé;52;72;0;0;0;0;0;0;0;0;0;0;0;0;0;0;0;0;0;0;0;0;1;0;0;0;0;0;0;0;0;1;0;0;0;0;0;0;0
72237;Pirmil;52;72;0;0;0;0;0;0;0;0;0;0;0;0;0;0;0;0;0;0;0;0;1;0;0;0;0;1;0;1;0;0;0;0;0;1;0;0;1
72238;Pizieux;52;72;0;0;0;0;0;0;0;0;0;0;0;0;0;0;0;0;0;0;0;0;0;0;0;0;0;0;0;1;0;0;0;0;0;0;0;0;0
72239;Poillé-sur-Vègre;52;72;0;0;0;0;0;0;0;0;0;0;0;0;0;0;0;0;0;0;0;1;1;0;0;0;1;1;2;0;2;0;1;0;0;1;0;0;0
72240;Poncé-sur-le-Loir;52;72;0;0;0;0;0;0;0;0;0;0;0;0;0;0;0;0;0;0;1;0;0;0;0;0;0;2;0;0;1;0;1;0;0;0;0;0;0
72241;Montfort-le-Gesnois;52;72;0;0;0;0;0;0;0;0;0;0;0;0;0;0;0;4;0;1;0;0;7;1;0;2;5;8;6;6;0;0;5;0;0;5;3;0;2
72243;Pontvallain;52;72;0;1;0;0;0;0;0;0;0;0;0;0;0;0;0;1;0;0;0;1;1;0;0;1;3;1;2;4;2;1;2;0;0;2;1;0;2
72244;Précigné;52;72;0;0;0;0;0;0;0;0;0;0;0;0;0;0;0;2;0;1;0;0;3;0;1;0;5;7;3;4;1;0;4;0;0;2;0;0;2
72245;Préval;52;72;0;0;0;0;0;0;0;0;0;0;0;0;0;0;0;0;0;0;0;0;1;0;0;0;1;2;1;0;0;0;2;0;0;0;0;0;1
72246;Prévelles;52;72;0;0;0;0;0;0;0;0;0;0;0;0;0;0;0;0;0;0;0;0;0;0;0;0;1;0;0;0;0;0;1;0;0;0;0;0;0
72247;Pruillé-le-Chétif;52;72;0;0;0;0;0;0;0;0;0;0;0;0;0;0;0;0;0;0;0;1;0;0;0;1;0;0;2;1;0;0;2;0;0;0;1;0;0
72248;Pruillé-l'Éguillé;52;72;0;0;0;0;0;0;0;0;0;0;0;0;0;0;0;0;0;0;0;1;1;0;0;0;1;2;3;0;0;1;1;0;0;2;0;0;0
72249;La Quinte;52;72;0;0;0;0;0;0;0;0;0;0;0;0;0;0;0;0;0;0;0;1;1;0;0;0;1;0;0;1;0;0;0;0;0;0;0;0;1
72250;Rahay;52;72;0;0;0;0;0;0;0;0;0;0;0;0;0;0;0;0;0;0;0;0;1;0;0;0;1;0;1;0;0;0;0;0;0;0;0;0;0
72251;René;52;72;0;0;0;0;0;0;0;0;0;0;0;0;0;0;0;0;0;0;0;1;0;0;0;0;0;0;2;0;0;0;1;0;0;0;0;0;0
72252;Requeil;52;72;0;0;0;0;0;0;0;0;0;0;0;0;0;0;0;0;0;0;0;1;1;0;0;0;0;1;3;1;2;0;2;0;0;1;0;0;2
72253;Roézé-sur-Sarthe;52;72;0;0;0;0;0;0;0;0;0;0;0;0;0;0;0;0;0;0;1;0;2;0;0;1;3;7;2;4;4;1;2;2;0;2;1;0;2
72254;Rouessé-Fontaine;52;72;0;0;0;0;0;0;0;0;0;0;0;0;0;0;0;0;0;0;0;0;1;0;0;0;0;0;0;0;0;0;0;0;0;1;0;0;0
72255;Rouessé-Vassé;52;72;0;0;0;0;0;0;0;0;0;0;0;0;0;0;0;0;0;0;1;0;1;0;0;0;2;1;0;1;1;0;1;0;0;0;0;0;0
72256;Rouez;52;72;0;0;0;0;0;0;0;0;0;0;0;0;0;0;0;0;0;0;0;1;0;0;0;0;1;0;2;1;2;0;1;0;0;1;0;0;1
72257;Rouillon;52;72;0;0;0;0;0;0;0;0;0;0;0;0;0;0;0;1;0;0;0;1;2;1;0;1;1;3;3;5;3;2;2;6;0;0;1;0;0
72259;Rouperroux-le-Coquet;52;72;0;0;0;0;0;0;0;0;0;0;0;0;0;0;0;0;0;0;0;0;0;0;0;0;1;0;0;1;0;0;2;0;0;1;0;0;0
72260;Ruaudin;52;72;0;0;0;0;0;0;0;0;0;0;0;0;0;0;0;4;2;1;0;0;5;1;0;2;0;7;7;6;0;2;4;0;0;10;1;0;6
72261;Ruillé-en-Champagne;52;72;0;0;0;0;0;0;0;0;0;0;0;0;0;0;0;0;0;0;0;0;0;0;0;0;1;1;0;0;0;0;0;0;0;2;0;0;0
72262;Ruillé-sur-Loir;52;72;0;0;0;0;0;0;0;0;0;0;0;0;0;0;0;0;1;1;0;0;3;0;0;0;1;1;2;2;0;0;1;0;0;1;0;0;1
72264;Sablé-sur-Sarthe;52;72;0;1;0;0;0;0;0;0;0;0;1;1;0;0;0;9;1;2;0;0;13;3;1;3;3;9;11;6;8;2;21;6;13;27;9;3;8
72265;Saint-Aignan;52;72;0;0;0;0;0;0;0;0;0;0;0;0;0;0;0;0;0;0;0;1;1;0;0;0;1;0;3;1;0;0;0;0;0;0;0;0;0
72266;Saint-Aubin-de-Locquenay;52;72;0;0;0;0;0;0;0;0;0;0;0;0;0;0;0;0;0;0;0;0;1;0;0;0;1;0;0;0;1;0;0;0;0;2;0;0;0
72267;Saint-Aubin-des-Coudrais;52;72;0;0;0;0;0;0;0;0;0;0;0;0;0;0;0;0;0;0;1;0;0;0;0;0;0;1;4;1;0;0;1;0;0;2;1;0;1
72268;Saint-Biez-en-Belin;52;72;0;0;0;0;0;0;0;0;0;0;0;0;0;0;0;0;0;0;0;0;0;0;0;0;0;0;0;2;0;0;0;0;0;0;0;0;1
72269;Saint-Calais;52;72;0;1;0;0;0;0;0;0;0;0;2;0;0;0;0;7;1;1;0;0;7;1;0;2;4;2;5;2;4;2;6;0;0;8;2;1;2
72270;Saint-Calez-en-Saosnois;52;72;0;0;0;0;0;0;0;0;0;0;0;0;0;0;0;0;0;0;0;0;0;0;0;0;1;0;2;0;1;0;0;0;0;0;0;0;0
72271;Saint-Célerin;52;72;0;0;0;0;0;0;0;0;0;0;0;0;0;0;0;0;0;0;0;1;0;0;0;0;2;1;2;2;0;1;0;0;0;0;0;0;0
72272;Sainte-Cérotte;52;72;0;0;0;0;0;0;0;0;0;0;0;0;0;0;0;0;0;0;0;0;2;0;0;0;1;1;1;0;0;0;1;0;0;1;0;0;0
72273;Saint-Christophe-du-Jambet;52;72;0;0;0;0;0;0;0;0;0;0;0;0;0;0;0;0;0;0;0;0;0;0;0;0;0;0;0;0;0;0;0;0;0;0;0;0;0
72274;Saint-Christophe-en-Champagne;52;72;0;0;0;0;0;0;0;0;0;0;0;0;0;0;0;0;0;0;0;0;0;0;0;0;1;0;1;0;0;0;0;0;0;0;1;0;0
72275;Saint-Corneille;52;72;0;0;0;0;0;0;0;0;0;0;0;0;0;0;0;0;0;0;0;1;1;0;0;0;0;3;1;2;0;0;3;1;0;1;0;0;1
72276;Saint-Cosme-en-Vairais;52;72;0;0;0;0;0;0;0;0;0;0;0;0;0;0;0;5;0;0;0;1;5;0;0;1;2;3;2;1;1;0;3;1;0;4;0;0;1
72277;Saint-Denis-des-Coudrais;52;72;0;0;0;0;0;0;0;0;0;0;0;0;0;0;0;0;0;0;0;0;0;0;0;0;0;0;0;0;0;0;0;0;0;0;0;0;1
72278;Saint-Denis-d'Orques;52;72;0;0;0;0;0;0;0;0;0;0;0;0;0;0;0;1;0;0;0;1;4;0;0;0;0;1;2;2;2;0;1;0;0;2;0;0;1
72279;Saint-Georges-de-la-Couée;52;72;0;0;0;0;0;0;0;0;0;0;0;0;0;0;0;0;0;0;0;1;1;0;0;0;1;0;0;1;0;0;1;0;0;0;0;0;0
72280;Saint-Georges-du-Bois;52;72;0;0;0;0;0;0;0;0;0;0;0;0;0;0;0;0;0;0;0;1;2;0;0;0;0;3;0;0;0;1;2;0;0;2;1;0;4
72281;Saint-Georges-du-Rosay;52;72;0;0;0;0;0;0;0;0;0;0;0;0;0;0;0;0;0;0;0;1;0;0;0;0;0;0;1;0;1;1;0;0;0;0;1;0;0
72282;Saint-Georges-le-Gaultier;52;72;0;0;0;0;0;0;0;0;0;0;0;0;0;0;0;0;0;0;1;0;2;0;0;0;1;1;0;2;0;0;2;0;0;0;0;0;0
72283;Saint-Germain-d'Arcé;52;72;0;0;0;0;0;0;0;0;0;0;0;0;0;0;0;0;0;0;0;1;0;0;0;0;0;0;0;0;1;0;0;0;0;0;0;0;0
72284;Saint-Germain-sur-Sarthe;52;72;0;0;0;0;0;0;0;0;0;0;0;0;0;0;0;0;0;0;0;0;1;0;0;0;0;2;1;2;0;0;0;0;0;1;0;0;0
72286;Saint-Gervais-de-Vic;52;72;0;0;0;0;0;0;0;0;0;0;0;0;0;0;0;0;0;0;0;0;1;0;0;0;0;1;0;0;0;1;1;0;0;1;0;0;0
72287;Saint-Gervais-en-Belin;52;72;0;0;0;0;0;0;0;0;0;0;0;0;0;0;0;2;0;1;0;0;4;0;0;0;3;0;0;3;2;1;2;0;0;0;0;0;1
72289;Sainte-Jamme-sur-Sarthe;52;72;0;0;0;0;0;0;0;0;0;0;0;0;0;0;0;2;1;1;0;0;3;1;0;4;1;5;3;2;3;1;4;0;0;2;0;0;0
72290;Saint-Jean-d'Assé;52;72;0;0;0;0;0;0;0;0;0;0;0;0;0;0;0;0;0;0;0;1;2;0;0;1;1;3;2;2;1;0;1;0;0;1;2;0;2
72291;Saint-Jean-de-la-Motte;52;72;0;0;0;0;0;0;0;0;0;0;0;0;0;0;0;0;0;0;0;1;0;0;0;0;2;1;3;5;0;0;1;0;0;2;0;0;0
72292;Saint-Jean-des-Échelles;52;72;0;0;0;0;0;0;0;0;0;0;0;0;0;0;0;0;0;0;0;0;0;0;0;0;0;0;1;1;0;0;0;0;0;1;0;0;0
72293;Saint-Jean-du-Bois;52;72;0;0;0;0;0;0;0;0;0;0;0;0;0;0;0;0;0;0;0;0;1;0;0;1;2;0;1;0;0;0;1;0;0;0;0;0;1
72294;Saint-Léonard-des-Bois;52;72;0;0;0;0;0;0;0;0;0;0;0;0;0;0;0;0;0;0;0;1;0;0;0;1;2;0;3;0;1;0;0;0;0;4;0;0;0
72295;Saint-Longis;52;72;0;0;0;0;0;0;0;0;0;0;0;0;0;0;0;0;0;0;0;0;1;0;0;0;2;2;1;2;0;0;1;0;0;0;0;0;0
72296;Saint-Maixent;52;72;0;0;0;0;0;0;0;0;0;0;0;0;0;0;0;0;0;0;0;1;2;0;0;0;1;1;2;1;0;0;0;0;0;0;0;0;0
72297;Saint-Marceau;52;72;0;0;0;0;0;0;0;0;0;0;0;0;0;0;0;0;0;0;0;0;0;0;0;0;0;1;0;0;0;0;2;0;0;2;0;0;0
72298;Saint-Mars-de-Locquenay;52;72;0;0;0;0;0;0;0;0;0;0;0;0;0;0;0;0;1;0;0;0;0;0;0;0;0;1;1;0;0;0;0;0;0;0;0;0;0
72299;Saint-Mars-d'Outillé;52;72;0;0;0;0;0;0;0;0;0;0;0;0;0;0;0;0;0;1;0;0;3;0;0;1;0;6;4;5;2;0;2;0;0;1;0;0;1
72300;Saint-Mars-la-Brière;52;72;0;1;0;0;0;0;0;0;0;0;0;0;0;0;0;0;0;1;0;0;3;1;0;0;1;3;5;2;2;0;6;1;0;3;3;0;0
72302;Saint-Martin-des-Monts;52;72;0;0;0;0;0;0;0;0;0;0;0;0;0;0;0;0;0;0;0;0;0;0;0;0;0;0;0;1;0;0;0;0;0;0;0;0;0
72303;Saint-Michel-de-Chavaignes;52;72;0;0;0;0;0;0;0;0;0;0;0;0;0;0;0;0;0;0;1;0;1;0;0;0;1;1;1;2;1;0;1;0;0;1;0;0;0
72304;Sainte-Osmane;52;72;0;0;0;0;0;0;0;0;0;0;0;0;0;0;0;0;0;0;0;0;0;0;0;0;0;0;0;0;0;0;0;0;0;0;0;0;0
72305;Saint-Ouen-de-Mimbré;52;72;0;0;0;0;0;0;0;0;0;0;0;0;0;0;0;0;0;0;0;0;4;1;0;0;3;4;3;1;1;0;3;0;0;2;0;0;0
72306;Saint-Ouen-en-Belin;52;72;0;0;0;0;0;0;0;0;0;0;0;0;0;0;0;0;0;0;0;1;0;0;0;0;2;2;2;3;1;1;2;0;0;2;0;0;0
72307;Saint-Ouen-en-Champagne;52;72;0;0;0;0;0;0;0;0;0;0;0;0;0;0;0;0;0;0;0;0;0;0;0;0;0;1;1;0;0;0;0;0;0;0;0;0;0
72308;Saint-Paterne;52;72;0;0;0;0;0;0;0;0;0;0;1;0;0;0;0;0;1;1;0;0;4;0;0;0;5;3;0;1;1;0;2;0;0;1;1;0;1
72309;Saint-Paul-le-Gaultier;52;72;0;0;0;0;0;0;0;0;0;0;0;0;0;0;0;0;0;0;0;0;0;0;0;0;0;0;1;0;0;0;0;0;0;0;0;0;0
72310;Saint-Pavace;52;72;0;0;0;0;0;0;0;0;0;0;0;0;0;0;0;0;2;0;0;0;3;0;0;1;3;4;4;4;0;3;1;1;0;0;3;0;1
72311;Saint-Pierre-de-Chevillé;52;72;0;0;0;0;0;0;0;0;0;0;0;0;0;0;0;0;0;0;0;1;1;0;0;0;0;1;0;0;0;0;0;0;0;0;0;0;0
72312;Saint-Pierre-des-Bois;52;72;0;0;0;0;0;0;0;0;0;0;0;0;0;0;0;0;0;0;0;0;0;0;0;0;0;0;0;1;0;0;0;0;0;0;0;0;0
72313;Saint-Pierre-des-Ormes;52;72;0;0;0;0;0;0;0;0;0;0;0;0;0;0;0;0;0;0;0;0;1;0;0;0;1;0;1;0;0;0;0;0;0;0;0;0;0
72314;Saint-Pierre-du-Lorouër;52;72;0;0;0;0;0;0;0;0;0;0;0;0;0;0;0;0;0;0;0;1;0;0;0;0;2;1;1;0;1;0;0;0;0;1;0;0;0
72315;Saint-Rémy-de-Sillé;52;72;0;0;0;0;0;0;0;0;0;0;0;0;0;0;0;0;0;0;0;0;1;0;0;0;0;0;0;1;1;0;0;1;0;0;2;0;0
72316;Saint-Rémy-des-Monts;52;72;0;0;0;0;0;0;0;0;0;0;0;0;0;0;0;0;0;0;0;1;2;0;0;0;0;1;2;0;1;0;1;0;0;1;1;0;0
72317;Saint-Rémy-du-Val;52;72;0;0;0;0;0;0;0;0;0;0;0;0;0;0;0;0;0;0;0;1;1;0;0;0;2;0;1;1;0;0;2;0;0;2;0;0;1
72319;Sainte-Sabine-sur-Longève;52;72;0;0;0;0;0;0;0;0;0;0;0;0;0;0;0;0;0;0;0;0;0;0;0;0;4;3;1;3;1;0;1;0;0;0;0;1;2
72320;Saint-Saturnin;52;72;0;0;0;0;0;0;0;0;0;0;0;0;0;0;0;0;0;0;0;0;4;1;2;1;1;0;8;5;4;3;2;5;0;20;3;1;3
72321;Saint-Symphorien;52;72;0;0;0;0;0;0;0;0;0;0;0;0;0;0;0;0;0;0;0;1;1;0;0;0;2;1;3;3;0;0;1;0;0;0;0;0;0
72322;Saint-Ulphace;52;72;0;0;0;0;0;0;0;0;0;0;0;0;0;0;0;0;0;0;0;1;0;0;0;0;0;0;0;1;0;0;0;0;0;2;0;0;0
72323;Saint-Victeur;52;72;0;0;0;0;0;0;0;0;0;0;0;0;0;0;0;0;0;0;0;0;1;0;0;0;1;0;2;1;1;0;0;0;0;0;0;0;1
72324;Saint-Vincent-des-Prés;52;72;0;0;0;0;0;0;0;0;0;0;0;0;0;0;0;0;0;0;0;0;0;0;0;0;3;1;1;2;0;0;1;0;0;0;0;0;0
72325;Saint-Vincent-du-Lorouër;52;72;0;0;0;0;0;0;0;0;0;0;0;0;0;0;0;0;0;0;0;1;1;0;0;0;3;0;0;3;1;0;3;0;0;1;0;0;0
72326;Saosnes;52;72;0;0;0;0;0;0;0;0;0;0;0;0;0;0;0;0;0;0;0;0;0;0;0;0;0;0;0;0;2;0;1;1;0;0;0;0;0
72327;Sarcé;52;72;0;0;0;0;0;0;0;0;0;0;0;0;0;0;0;0;0;0;0;0;0;0;0;0;1;0;0;0;0;0;0;0;0;2;0;0;0
72328;Sargé-lès-le-Mans;52;72;0;0;0;0;0;0;0;0;0;0;0;0;0;0;0;3;0;1;0;0;5;0;0;2;1;4;4;4;1;1;6;0;0;4;3;0;1
72329;Savigné-l'Évêque;52;72;0;1;0;0;0;0;0;0;0;0;0;0;0;0;0;3;1;1;1;0;3;1;0;1;3;4;6;7;6;0;8;0;0;3;4;0;2
72330;Savigné-sous-le-Lude;52;72;0;0;0;0;0;0;0;0;0;0;0;0;0;0;0;0;0;0;0;1;0;0;0;0;0;0;1;1;0;0;1;0;0;1;0;0;0
72331;Sceaux-sur-Huisne;52;72;0;0;0;0;0;0;0;0;0;0;0;0;0;0;0;0;0;0;1;0;2;0;0;0;0;0;4;0;0;0;1;0;0;2;1;0;0
72332;Ségrie;52;72;0;0;0;0;0;0;0;0;0;0;0;0;0;0;0;0;0;0;1;0;0;0;0;0;0;0;1;2;1;0;1;0;0;2;0;0;0
72333;Semur-en-Vallon;52;72;0;0;0;0;0;0;0;0;0;0;0;0;0;0;0;0;0;0;0;1;1;0;0;0;1;0;1;0;0;0;0;0;0;0;0;0;1
72334;Sillé-le-Guillaume;52;72;0;1;0;0;0;0;0;0;0;0;1;0;0;0;0;6;2;1;0;0;3;1;0;2;1;2;4;1;3;0;5;3;0;11;1;1;2
72335;Sillé-le-Philippe;52;72;0;0;0;0;0;0;0;0;0;0;0;0;0;0;0;0;0;0;0;1;0;0;0;0;1;0;0;3;3;0;1;0;0;2;0;0;0
72336;Solesmes;52;72;0;0;0;0;0;0;0;0;0;0;0;0;0;0;0;0;0;0;0;1;9;1;0;0;2;1;3;2;2;0;3;0;0;7;1;1;2
72337;Sougé-le-Ganelon;52;72;0;0;0;0;0;0;0;0;0;0;0;0;0;0;0;0;0;1;0;0;1;0;0;0;2;0;1;3;1;0;1;0;0;1;0;0;0
72338;Souillé;52;72;0;0;0;0;0;0;0;0;0;0;0;0;0;0;0;0;0;0;0;0;1;0;0;0;0;2;2;0;0;0;2;0;0;0;0;0;1
72339;Souligné-Flacé;52;72;0;0;0;0;0;0;0;0;0;0;0;0;0;0;0;0;0;0;0;0;0;0;0;0;0;0;1;2;0;0;1;0;0;0;0;0;0
72340;Souligné-sous-Ballon;52;72;0;0;0;0;0;0;0;0;0;0;0;0;0;0;0;0;0;0;0;1;0;0;0;0;1;2;1;2;2;1;2;0;0;0;0;0;0
72341;Soulitré;52;72;0;0;0;0;0;0;0;0;0;0;0;0;0;0;0;0;0;0;0;0;2;0;0;0;0;1;1;3;1;0;0;0;0;2;1;0;0
72342;Souvigné-sur-Même;52;72;0;0;0;0;0;0;0;0;0;0;0;0;0;0;0;0;0;0;0;0;0;0;0;0;0;0;0;1;0;0;0;0;0;0;1;0;0
72343;Souvigné-sur-Sarthe;52;72;0;0;0;0;0;0;0;0;0;0;0;0;0;0;0;0;0;0;0;0;2;0;0;0;1;0;1;2;0;0;0;0;0;0;0;0;0
72344;Spay;52;72;0;0;0;0;0;0;0;0;0;0;0;0;0;0;0;2;0;0;1;0;7;1;3;1;3;4;2;0;2;2;4;0;0;5;1;0;1
72345;Surfonds;52;72;0;0;0;0;0;0;0;0;0;0;0;0;0;0;0;0;0;0;0;0;0;0;0;0;0;0;0;0;0;0;0;0;0;2;0;0;0
72346;La Suze-sur-Sarthe;52;72;0;1;0;0;0;0;0;0;0;0;1;0;0;0;0;4;2;1;0;0;3;1;0;2;1;4;1;4;3;1;7;0;1;6;5;1;5
72347;Tassé;52;72;0;0;0;0;0;0;0;0;0;0;0;0;0;0;0;0;0;0;0;0;0;0;0;0;2;0;1;0;1;0;0;0;0;0;0;0;0
72348;Tassillé;52;72;0;0;0;0;0;0;0;0;0;0;0;0;0;0;0;0;0;0;0;0;0;0;0;0;0;0;0;0;0;0;0;0;0;0;0;0;0
72349;Teillé;52;72;0;0;0;0;0;0;0;0;0;0;0;0;0;0;0;0;0;0;0;1;0;0;0;0;1;1;1;1;1;0;0;0;0;1;0;0;0
72350;Teloché;52;72;0;0;0;0;0;0;0;0;0;0;0;0;0;0;0;0;0;0;0;1;5;0;0;1;2;3;7;4;4;0;3;0;0;2;1;0;1
72351;Tennie;52;72;0;0;0;0;0;0;0;0;0;0;0;0;0;0;0;0;0;0;1;0;1;0;0;0;1;0;3;2;2;0;2;0;0;1;0;0;0
72352;Terrehault;52;72;0;0;0;0;0;0;0;0;0;0;0;0;0;0;0;0;0;0;0;0;0;0;0;0;0;0;1;0;0;0;0;0;0;1;0;0;0
72353;Théligny;52;72;0;0;0;0;0;0;0;0;0;0;0;0;0;0;0;0;0;0;0;0;0;0;0;0;0;0;0;0;0;0;0;0;0;0;0;0;0
72354;Thoigné;52;72;0;0;0;0;0;0;0;0;0;0;0;0;0;0;0;0;0;0;0;0;0;0;0;0;0;0;1;0;0;0;0;0;0;0;0;0;0
72355;Thoiré-sous-Contensor;52;72;0;0;0;0;0;0;0;0;0;0;0;0;0;0;0;0;0;0;0;0;0;0;0;0;0;0;0;0;0;0;0;0;0;0;0;0;0
72356;Thoiré-sur-Dinan;52;72;0;0;0;0;0;0;0;0;0;0;0;0;0;0;0;0;0;0;0;1;0;0;0;0;2;0;2;4;0;0;0;0;0;1;1;0;0
72357;Thorée-les-Pins;52;72;0;0;0;0;0;0;0;0;0;0;0;0;0;0;0;0;0;0;0;1;0;0;0;0;0;3;0;1;1;0;1;0;0;1;0;0;1
72358;Thorigné-sur-Dué;52;72;0;0;0;0;0;0;0;0;0;0;0;0;0;0;0;0;0;0;0;1;3;0;0;0;2;2;5;3;4;1;2;2;0;0;0;0;0
72359;Torcé-en-Vallée;52;72;0;0;0;0;0;0;0;0;0;0;0;0;0;0;0;0;0;0;0;1;2;0;0;0;1;1;3;2;2;0;2;0;0;0;0;0;0
72360;Trangé;52;72;0;0;0;0;0;0;0;0;0;0;0;0;0;0;0;0;1;0;0;0;3;0;0;0;1;2;3;1;2;0;1;0;0;1;1;0;2
72361;Tresson;52;72;0;0;0;0;0;0;0;0;0;0;0;0;0;0;0;0;0;0;1;0;0;0;0;0;0;1;0;0;0;1;1;0;0;0;0;0;0
72362;Le Tronchet;52;72;0;0;0;0;0;0;0;0;0;0;0;0;0;0;0;0;0;0;0;0;0;0;0;0;0;0;0;0;1;0;0;0;0;0;0;0;1
72363;Tuffé Val de la Chéronne;52;72;0;0;0;0;0;0;0;0;0;0;0;0;0;0;0;2;0;1;0;0;6;0;0;0;2;1;2;2;0;0;4;0;0;3;0;0;1
72364;Vaas;52;72;0;0;0;0;0;0;0;0;0;0;0;0;0;0;0;0;0;0;1;0;3;1;0;0;3;1;3;1;1;0;3;0;0;2;0;0;1
72366;Valennes;52;72;0;0;0;0;0;0;0;0;0;0;0;0;0;0;0;0;0;0;0;1;0;0;0;0;0;0;1;0;0;1;1;0;0;1;0;0;0
72367;Vallon-sur-Gée;52;72;0;0;0;0;0;0;0;0;0;0;0;0;0;0;0;0;0;0;0;1;0;0;0;0;0;2;1;0;0;0;1;0;0;0;0;0;0
72368;Vancé;52;72;0;0;0;0;0;0;0;0;0;0;0;0;0;0;0;0;0;0;0;1;0;0;0;0;0;1;1;1;0;0;1;0;0;0;1;0;0
72369;Verneil-le-Chétif;52;72;0;0;0;0;0;0;0;0;0;0;0;0;0;0;0;0;0;0;0;1;1;0;0;0;1;1;1;0;0;0;0;1;0;1;1;0;1
72370;Vernie;52;72;0;0;0;0;0;0;0;0;0;0;0;0;0;0;0;0;0;0;0;0;0;0;0;0;1;0;2;0;1;0;0;0;0;0;0;0;0
72372;Vezot;52;72;0;0;0;0;0;0;0;0;0;0;0;0;0;0;0;0;0;0;0;0;0;0;0;0;0;0;1;0;0;0;0;0;0;0;0;0;0
72373;Vibraye;52;72;0;1;0;0;0;0;0;0;0;0;1;0;0;0;0;5;0;1;0;0;4;1;0;1;3;1;10;3;3;0;4;2;0;5;1;0;3
72374;Villaines-la-Carelle;52;72;0;0;0;0;0;0;0;0;0;0;0;0;0;0;0;0;0;0;0;0;0;0;0;0;0;0;0;0;0;0;0;0;0;0;0;0;0
72375;Villaines-la-Gonais;52;72;0;0;0;0;0;0;0;0;0;0;0;0;0;0;0;0;0;0;0;0;2;0;0;0;0;3;0;1;0;0;0;0;0;5;0;0;0
72376;Villaines-sous-Lucé;52;72;0;0;0;0;0;0;0;0;0;0;0;0;0;0;0;0;0;0;0;0;1;0;0;0;1;0;3;2;1;0;0;0;0;1;0;0;0
72377;Villaines-sous-Malicorne;52;72;0;0;0;0;0;0;0;0;0;0;0;0;0;0;0;0;0;0;0;1;2;0;0;0;1;1;2;2;1;0;1;0;0;1;0;0;0
72378;Vion;52;72;0;0;0;0;0;0;0;0;0;0;0;0;0;0;0;0;0;0;0;1;1;1;0;1;1;0;2;0;1;0;1;0;0;3;0;0;1
72379;Viré-en-Champagne;52;72;0;0;0;0;0;0;0;0;0;0;0;0;0;0;0;0;0;0;0;0;0;0;0;0;1;1;0;0;0;0;0;0;0;1;0;0;0
72380;Vivoin;52;72;0;0;0;0;0;0;0;0;0;0;0;0;0;0;0;0;0;0;0;1;0;0;0;0;0;2;1;0;1;0;1;0;0;0;1;0;0
72381;Voivres-lès-le-Mans;52;72;0;0;0;0;0;0;0;0;0;0;0;0;0;0;0;0;0;0;0;0;0;0;0;0;0;1;2;1;0;0;1;0;0;3;2;0;1
72382;Volnay;52;72;0;0;0;0;0;0;0;0;0;0;0;0;0;0;0;0;0;0;0;1;1;0;0;0;1;1;3;1;1;1;3;0;0;0;0;0;0
72383;Vouvray-sur-Huisne;52;72;0;0;0;0;0;0;0;0;0;0;0;0;0;0;0;0;0;0;0;0;0;0;0;0;0;0;0;0;0;0;0;0;0;0;0;0;0
72384;Vouvray-sur-Loir;52;72;0;0;0;0;0;0;0;0;0;0;0;0;0;0;0;0;0;0;0;1;0;1;0;0;0;1;2;2;0;0;2;0;0;3;1;1;3
72385;Yvré-le-Pôlin;52;72;0;0;0;0;0;0;0;0;0;0;0;0;0;0;0;0;0;0;0;1;2;0;0;0;1;1;2;4;2;0;4;0;0;0;1;0;1
72386;Yvré-l'Évêque;52;72;0;0;0;0;0;0;0;0;0;0;0;0;0;0;0;3;0;1;0;0;3;0;0;1;6;2;2;6;4;1;3;0;0;4;2;0;2
73001;Aiguebelette-le-Lac;84;73;0;0;0;0;0;0;0;0;0;0;0;0;0;0;0;0;0;0;0;0;0;0;0;0;0;0;1;0;0;0;0;0;0;3;0;0;0
73002;Aiguebelle;84;73;0;1;0;0;0;0;0;0;0;0;1;0;0;0;0;5;0;1;0;0;5;0;0;1;1;5;1;0;2;0;3;0;0;3;1;1;2
73003;Aigueblanche;84;73;0;0;0;0;0;0;0;0;0;0;0;0;0;0;0;1;0;1;0;0;10;1;0;2;10;8;20;6;11;2;2;0;0;6;5;1;0
73004;Aillon-le-Jeune;84;73;0;0;0;0;0;0;0;0;0;0;0;0;0;0;0;0;0;0;0;1;1;0;0;0;2;0;2;1;2;0;0;0;0;5;1;0;0
73005;Aillon-le-Vieux;84;73;0;0;0;0;0;0;0;0;0;0;0;0;0;0;0;0;0;0;0;0;0;0;0;0;0;1;0;0;2;0;0;0;0;0;0;0;1
73006;Aime-la-Plagne;84;73;0;1;0;0;0;0;0;0;0;0;1;0;0;0;0;4;0;1;0;0;3;2;0;2;15;15;28;11;5;0;14;5;0;35;10;3;7
73007;Aiton;84;73;0;0;0;0;0;0;0;0;0;0;0;0;0;0;0;0;0;0;0;0;2;0;0;0;1;1;6;0;2;0;1;0;0;1;1;0;2
73008;Aix-les-Bains;84;73;1;1;0;0;0;1;0;0;0;0;2;1;0;1;0;14;4;2;0;0;27;4;7;10;29;61;36;40;38;9;61;4;3;141;58;9;29
73010;Entrelacs;84;73;0;1;0;0;0;0;0;0;0;0;1;0;0;0;0;2;0;1;0;0;11;1;0;4;11;13;37;18;11;2;5;1;1;9;5;1;2
73011;Albertville;84;73;1;1;0;1;1;1;0;0;0;0;3;2;0;1;0;17;3;2;0;0;40;3;3;11;33;75;39;21;27;6;39;5;15;75;26;4;22
73012;Albiez-le-Jeune;84;73;0;0;0;0;0;0;0;0;0;0;0;0;0;0;0;0;0;0;0;0;0;0;0;0;0;0;0;0;1;0;0;0;0;0;0;0;0
73013;Albiez-Montrond;84;73;0;0;0;0;0;0;0;0;0;0;0;0;0;0;0;0;0;0;0;0;0;0;0;0;2;0;2;0;1;0;0;0;0;13;1;0;0
73014;Allondaz;84;73;0;0;0;0;0;0;0;0;0;0;0;0;0;0;0;0;0;0;0;0;0;0;0;0;1;0;0;0;0;0;0;0;0;0;0;0;0
73015;Les Allues;84;73;0;0;0;0;0;0;0;0;0;0;0;1;0;0;0;5;0;1;0;2;5;0;0;2;4;11;30;3;9;4;3;0;0;66;26;1;5
73017;Apremont;84;73;0;0;0;0;0;0;0;0;0;0;0;0;0;0;0;0;0;0;1;0;0;0;0;0;0;6;2;2;1;0;0;0;0;2;1;0;2
73018;Arbin;84;73;0;0;0;0;0;0;0;0;0;0;0;0;0;0;0;0;1;0;0;0;4;0;0;0;3;2;3;4;1;1;1;0;0;0;0;0;2
73019;Argentine;84;73;0;0;0;0;0;0;0;0;0;0;0;0;0;0;0;0;0;0;0;1;0;0;0;0;2;0;3;2;1;0;1;0;0;1;0;0;0
73020;Arith;84;73;0;0;0;0;0;0;0;0;0;0;0;0;0;0;0;0;0;0;0;0;1;0;0;0;0;3;3;2;1;0;0;0;0;2;0;0;1
73021;Arvillard;84;73;0;0;0;0;0;0;0;0;0;0;0;0;0;0;0;0;0;0;0;1;0;0;0;0;1;2;3;0;1;0;0;0;0;1;0;0;0
73022;Attignat-Oncin;84;73;0;0;0;0;0;0;0;0;0;0;0;0;0;0;0;0;0;0;0;0;2;0;0;0;1;2;2;1;2;0;0;0;0;0;0;0;0
73023;Aussois;84;73;0;0;0;0;0;0;0;0;0;0;0;0;0;0;0;1;0;0;0;1;1;0;0;0;1;0;2;1;0;0;1;0;0;12;0;0;1
73024;Les Avanchers-Valmorel;84;73;0;0;0;0;0;0;0;0;0;0;0;0;0;0;0;1;0;0;1;1;1;0;0;0;2;4;2;0;3;2;1;0;0;24;5;0;0
73025;Avressieux;84;73;0;0;0;0;0;0;0;0;0;0;0;0;0;0;0;0;0;0;0;0;0;1;0;0;0;2;0;0;3;0;1;0;0;0;0;0;1
73026;Avrieux;84;73;0;0;0;0;0;0;0;0;0;0;0;0;0;0;0;0;0;0;0;0;0;0;0;0;0;0;1;0;0;0;0;0;0;0;1;0;1
73027;Ayn;84;73;0;0;0;0;0;0;0;0;0;0;0;0;0;0;0;0;0;0;0;0;0;0;0;0;0;2;4;1;1;0;0;0;0;0;0;0;0
73028;La Balme;84;73;0;0;0;0;0;0;0;0;0;0;0;0;0;0;0;0;0;0;0;0;0;0;0;0;0;1;1;3;0;0;0;0;0;2;0;0;0
73029;Barberaz;84;73;0;0;0;0;0;0;0;0;0;0;2;0;0;0;0;2;1;1;0;0;5;0;0;0;5;13;6;6;11;1;6;2;0;2;4;1;3
73030;Barby;84;73;0;0;0;0;0;0;0;0;0;0;0;0;0;0;0;1;0;1;0;0;4;1;0;0;5;6;5;3;3;1;2;0;0;1;2;0;2
73031;Bassens;84;73;0;0;0;0;0;0;0;0;0;0;0;0;0;0;0;4;0;1;0;0;4;0;0;0;5;8;3;3;4;1;3;0;1;13;2;2;9
73032;La Bâthie;84;73;0;0;0;0;0;0;0;0;0;0;0;0;0;0;0;1;0;1;0;0;7;1;0;0;7;4;8;2;5;1;5;0;0;4;0;1;2
73033;La Bauche;84;73;0;0;0;0;0;0;0;0;0;0;0;0;0;0;0;0;0;0;1;0;1;0;0;0;2;0;0;2;2;0;0;0;0;1;0;0;0
73034;Beaufort;84;73;0;1;0;0;0;0;0;0;0;0;1;1;0;0;0;5;0;2;0;0;4;0;0;0;5;3;16;4;1;1;3;0;0;22;5;1;0
73036;Bellecombe-en-Bauges;84;73;0;0;0;0;0;0;0;0;0;0;0;0;0;0;0;0;1;0;0;0;0;0;0;0;3;0;3;1;1;0;1;0;0;1;2;0;0
73039;Belmont-Tramonet;84;73;0;0;0;0;0;0;0;0;0;0;0;0;0;0;0;0;0;0;0;0;0;0;0;0;1;0;2;1;0;0;0;0;0;3;1;0;1
73040;Bessans;84;73;0;0;0;0;0;0;0;0;0;0;0;0;0;0;0;0;0;1;0;0;0;0;0;0;3;0;1;1;0;0;0;0;0;5;1;0;0
73041;Betton-Bettonet;84;73;0;0;0;0;0;0;0;0;0;0;0;0;0;0;0;0;0;0;0;0;0;0;0;0;1;1;1;0;1;0;0;0;0;0;0;0;1
73042;Billième;84;73;0;0;0;0;0;0;0;0;0;0;0;0;0;0;0;0;0;0;0;0;0;0;0;0;2;0;0;2;0;0;0;0;0;0;0;0;1
73043;La Biolle;84;73;0;0;0;0;0;0;0;0;0;0;0;0;0;0;0;0;0;1;0;0;5;0;0;1;7;7;4;5;2;0;2;0;0;4;1;0;4
73045;Le Bois;84;73;0;0;0;0;0;0;0;0;0;0;0;0;0;0;0;0;0;0;0;0;0;0;0;0;1;2;1;0;2;0;0;0;0;0;0;1;0
73046;Bonneval;84;73;0;0;0;0;0;0;0;0;0;0;0;0;0;0;0;0;0;0;0;0;0;0;0;0;0;0;2;0;0;0;0;0;0;1;0;0;0
73047;Bonneval-sur-Arc;84;73;0;0;0;0;0;0;0;0;0;0;0;0;0;0;0;0;0;0;0;1;0;0;0;0;3;0;0;1;0;0;0;0;0;9;0;0;0
73048;Bonvillard;84;73;0;0;0;0;0;0;0;0;0;0;0;0;0;0;0;0;0;0;0;0;1;0;0;0;2;2;1;1;1;0;1;0;0;0;0;0;0
73049;Bonvillaret;84;73;0;0;0;0;0;0;0;0;0;0;0;0;0;0;0;0;0;0;0;0;0;0;0;0;0;1;1;0;0;0;0;0;0;0;0;0;0
73050;Bourdeau;84;73;0;0;0;0;0;0;0;0;0;0;0;0;0;0;0;0;0;0;0;0;1;0;0;0;0;0;2;0;2;0;0;0;0;6;0;0;0
73051;Le Bourget-du-Lac;84;73;0;0;0;0;0;0;0;1;0;0;0;0;0;0;0;2;0;1;0;0;7;0;0;2;3;6;13;9;13;1;6;1;3;14;8;0;5
73052;Bourget-en-Huile;84;73;0;0;0;0;0;0;0;0;0;0;0;0;0;0;0;0;0;0;0;0;0;0;0;0;0;0;1;0;0;0;0;0;0;0;0;0;0
73053;Bourgneuf;84;73;0;0;0;0;0;0;0;0;0;0;0;0;0;0;0;0;0;0;0;0;2;0;0;0;1;0;0;3;3;0;0;0;0;3;0;0;0
73054;Bourg-Saint-Maurice;84;73;0;1;0;0;0;0;0;0;0;0;1;2;0;0;0;14;2;2;0;2;9;1;1;6;14;17;35;21;19;6;13;2;0;143;28;6;7
73055;Bozel;84;73;0;1;0;0;0;0;0;0;0;0;1;0;0;0;0;3;0;1;0;0;5;0;0;1;14;12;22;6;6;3;4;1;0;12;6;1;2
73056;Bramans;84;73;0;0;0;0;0;0;0;0;0;0;0;0;0;0;0;0;0;0;1;0;1;0;0;0;1;0;1;0;1;1;0;0;0;1;0;0;0
73057;Brides-les-Bains;84;73;0;0;0;0;0;0;0;0;0;0;0;0;0;0;0;1;0;1;0;0;1;0;0;0;1;1;8;2;2;0;5;0;0;11;1;2;2
73058;La Bridoire;84;73;0;0;0;0;0;0;0;0;0;0;0;0;0;0;0;0;0;1;0;0;0;0;0;0;2;0;2;3;1;0;2;0;0;0;3;0;2
73059;Brison-Saint-Innocent;84;73;0;0;0;0;0;0;0;0;0;0;0;0;0;0;0;0;0;0;0;1;6;0;0;0;1;5;6;6;1;1;2;0;0;3;2;0;1
73061;Césarches;84;73;0;0;0;0;0;0;0;0;0;0;0;0;0;0;0;0;0;0;0;0;0;0;0;0;1;1;2;1;5;0;0;0;0;0;0;0;0
73063;Cevins;84;73;0;0;0;0;0;0;0;0;0;0;0;0;0;0;0;0;0;0;0;1;1;0;1;0;6;2;2;4;4;0;0;0;0;1;0;0;1
73064;Challes-les-Eaux;84;73;0;1;0;0;0;0;0;0;0;0;1;0;0;0;0;5;0;1;0;0;8;0;0;2;5;9;16;9;8;5;13;1;1;12;12;1;7
73065;Chambéry;84;73;1;1;1;1;1;1;1;0;0;0;14;3;0;1;0;53;10;7;0;1;45;7;11;20;59;126;52;68;54;19;110;7;34;232;96;11;47
73067;La Chambre;84;73;0;1;0;0;0;0;0;0;0;0;1;0;0;0;0;6;0;1;0;0;2;1;0;1;1;3;3;2;3;1;8;1;0;5;0;1;1
73068;Chamousset;84;73;0;1;0;0;0;0;0;0;0;0;0;0;0;0;0;0;0;0;0;0;3;0;0;0;1;2;2;0;1;0;1;0;0;0;0;0;0
73069;Chamoux-sur-Gelon;84;73;0;0;0;0;0;0;0;0;0;0;1;0;0;0;0;2;2;1;0;0;2;0;0;0;0;0;0;3;2;0;2;0;0;1;0;0;1
73070;Champagneux;84;73;0;0;0;0;0;0;0;0;0;0;0;0;0;0;0;0;0;0;0;0;2;0;0;0;0;2;2;0;1;0;1;0;0;1;0;0;3
73071;Champagny-en-Vanoise;84;73;0;0;0;0;0;0;0;0;0;0;0;0;0;0;0;1;0;0;0;1;0;0;0;0;4;1;8;1;5;2;2;0;0;18;3;0;3
73072;Champ-Laurent;84;73;0;0;0;0;0;0;0;0;0;0;0;0;0;0;0;0;0;0;0;0;0;0;0;0;0;0;0;0;0;0;0;0;0;0;0;0;0
73073;Chanaz;84;73;0;0;0;0;0;0;0;0;0;0;0;0;0;0;0;0;0;1;0;0;1;0;0;0;1;0;2;0;1;0;1;0;0;6;1;1;0
73074;La Chapelle;84;73;0;0;0;0;0;0;0;0;0;0;0;0;0;0;0;0;0;0;0;0;0;0;0;0;3;0;2;0;0;1;0;0;0;2;1;0;0
73075;La Chapelle-Blanche;84;73;0;0;0;0;0;0;0;0;0;0;0;0;0;0;0;0;0;0;0;0;2;0;0;0;1;1;1;0;2;0;1;0;0;0;0;0;0
73076;La Chapelle-du-Mont-du-Chat;84;73;0;0;0;0;0;0;0;0;0;0;0;0;0;0;0;0;0;0;0;0;0;0;0;0;1;0;0;0;1;1;0;0;0;0;1;0;0
73077;Les Chapelles;84;73;0;0;0;0;0;0;0;0;0;0;0;0;0;0;0;0;0;0;0;0;1;0;0;0;0;2;6;1;3;0;0;0;0;2;0;0;1
73078;La Chapelle-Saint-Martin;84;73;0;0;0;0;0;0;0;0;0;0;0;0;0;0;0;0;0;0;0;0;0;0;0;0;0;0;0;0;0;0;0;0;0;0;0;0;0
73079;Châteauneuf;84;73;0;0;0;0;0;0;0;0;0;0;0;0;0;0;0;0;0;0;0;1;2;0;0;0;1;2;8;1;3;0;0;0;0;1;0;0;1
73080;Le Châtel;84;73;0;0;0;0;0;0;0;0;0;0;0;0;0;0;0;0;0;0;0;0;0;0;0;0;0;0;0;0;0;0;1;0;0;1;2;0;0
73081;Le Châtelard;84;73;0;1;0;0;0;0;0;0;0;0;1;0;0;0;0;4;0;1;0;0;3;0;0;0;0;2;3;0;0;0;2;1;0;3;0;0;0
73082;La Chavanne;84;73;0;0;0;0;0;0;0;0;0;0;0;0;0;0;0;0;0;0;0;0;1;0;0;0;1;1;0;0;0;0;0;0;0;1;1;0;1
73083;Les Chavannes-en-Maurienne;84;73;0;0;0;0;0;0;0;0;0;0;0;0;0;0;0;0;0;0;0;0;3;1;0;0;0;0;0;0;0;0;0;0;0;0;0;0;0
73084;Chignin;84;73;0;0;0;0;0;0;0;0;0;0;0;0;0;0;0;0;0;0;0;1;7;0;1;0;2;2;3;2;2;0;0;0;0;1;0;0;1
73085;Chindrieux;84;73;0;1;0;0;0;0;0;0;0;0;0;0;0;0;0;2;0;1;0;0;3;0;0;1;1;2;1;4;3;1;4;0;0;4;4;0;2
73086;Cléry;84;73;0;0;0;0;0;0;0;0;0;0;0;0;0;0;0;0;0;0;0;0;0;0;0;0;0;0;1;0;0;0;0;0;0;0;0;0;0
73087;Cognin;84;73;0;0;0;0;0;0;0;0;0;0;0;0;0;0;0;4;0;1;0;0;6;0;0;3;3;8;13;6;3;1;12;1;0;11;3;2;6
73088;Cohennoz;84;73;0;0;0;0;0;0;0;0;0;0;0;0;0;0;0;0;0;0;0;0;0;0;0;0;1;1;0;0;2;0;1;0;0;3;0;0;0
73089;Coise-Saint-Jean-Pied-Gauthier;84;73;0;0;0;0;0;0;0;0;0;0;0;0;0;0;0;0;0;0;0;1;2;0;0;0;2;3;3;2;4;0;1;0;0;1;0;0;0
73090;La Compôte;84;73;0;0;0;0;0;0;0;0;0;0;0;0;0;0;0;0;0;0;0;0;0;0;0;0;1;0;3;0;0;0;1;0;0;1;0;0;1
73091;Conjux;84;73;0;0;0;0;0;0;0;0;0;0;0;0;0;0;0;0;0;0;0;0;1;0;0;0;0;0;0;0;0;0;0;0;0;1;1;0;0
73092;Corbel;84;73;0;0;0;0;0;0;0;0;0;0;0;0;0;0;0;0;0;0;0;0;0;0;0;0;0;0;0;1;0;0;0;0;0;1;0;0;0
73094;Crest-Voland;84;73;0;0;0;0;0;0;0;0;0;0;0;0;0;0;0;1;0;1;0;0;0;0;0;0;2;1;2;1;0;0;0;0;0;8;1;0;1
73095;La Croix-de-la-Rochette;84;73;0;0;0;0;0;0;0;0;0;0;0;0;0;0;0;0;0;0;0;0;3;0;0;0;0;0;3;2;0;0;0;0;0;0;0;0;0
73096;Cruet;84;73;0;0;0;0;0;0;0;0;0;0;0;0;0;0;0;0;0;0;1;0;3;0;0;0;3;1;3;6;1;1;0;0;0;3;2;0;1
73097;Curienne;84;73;0;0;0;0;0;0;0;0;0;0;0;0;0;0;0;0;0;0;0;0;0;0;0;0;0;1;1;2;1;0;0;0;0;3;0;0;0
73098;Les Déserts;84;73;0;0;0;0;0;0;0;0;0;0;0;0;0;0;0;0;0;0;1;0;0;0;0;0;0;0;7;0;0;0;0;0;0;10;2;0;0
73099;Détrier;84;73;0;0;0;0;0;0;0;0;0;0;0;0;0;0;0;0;0;0;0;0;3;0;0;0;0;0;1;0;0;0;0;0;0;2;0;0;0
73100;Domessin;84;73;0;0;0;0;0;0;0;0;0;0;0;0;0;0;0;0;0;0;0;0;6;0;0;0;4;0;7;5;8;0;1;0;0;1;0;0;0
73101;Doucy-en-Bauges;84;73;0;0;0;0;0;0;0;0;0;0;0;0;0;0;0;0;0;0;0;0;0;0;0;0;0;0;0;1;0;0;0;0;0;0;0;0;0
73103;Drumettaz-Clarafond;84;73;0;0;0;0;0;0;0;0;0;0;0;0;0;0;0;3;0;0;0;0;11;1;1;1;5;9;14;7;7;7;4;1;0;7;6;1;2
73104;Dullin;84;73;0;0;0;0;0;0;0;0;0;0;0;0;0;0;0;0;0;0;0;0;2;0;0;0;0;1;1;0;0;0;1;0;0;2;0;0;0
73105;Les Échelles;84;73;0;1;0;0;0;0;0;0;0;0;1;0;0;0;0;2;1;1;0;0;6;0;0;0;1;2;4;3;1;0;3;0;0;3;3;0;2
73106;École;84;73;0;0;0;0;0;0;0;0;0;0;0;0;0;0;0;0;0;0;1;0;1;0;0;0;2;0;2;1;0;0;1;0;0;2;0;0;0
73107;Entremont-le-Vieux;84;73;0;0;0;0;0;0;0;0;0;0;0;0;0;0;0;0;0;0;0;1;0;0;0;0;0;0;4;0;2;1;0;0;0;2;0;0;2
73109;Épierre;84;73;0;0;0;0;0;0;0;0;0;0;0;0;0;0;0;0;0;0;0;1;4;0;0;0;3;0;1;1;2;0;1;0;0;0;0;0;2
73110;Esserts-Blay;84;73;0;0;0;0;0;0;0;0;0;0;0;0;0;0;0;0;0;0;0;0;0;0;0;0;3;1;3;2;4;0;1;0;0;1;1;0;1
73111;Étable;84;73;0;0;0;0;0;0;0;0;0;0;0;0;0;0;0;0;0;0;0;0;0;0;0;0;0;2;0;1;0;0;0;0;0;2;1;0;0
73112;Feissons-sur-Isère;84;73;0;0;0;0;0;0;0;0;0;0;0;0;0;0;0;0;0;0;0;0;0;0;0;0;3;1;5;0;0;0;1;0;0;1;0;0;0
73113;Feissons-sur-Salins;84;73;0;0;0;0;0;0;0;0;0;0;0;0;0;0;0;0;0;0;0;0;0;0;0;0;1;1;2;3;0;1;1;0;0;0;0;0;0
73114;Flumet;84;73;0;0;0;0;0;0;0;0;0;0;0;0;0;0;0;3;0;1;0;0;2;0;0;0;2;2;10;2;3;2;1;0;0;9;1;0;1
73116;Fontcouverte-la-Toussuire;84;73;0;0;0;0;0;0;0;0;0;0;0;0;0;0;0;2;0;0;0;1;1;0;0;0;0;0;5;2;1;0;4;0;0;21;2;0;0
73117;Fourneaux;84;73;0;0;0;0;0;0;0;0;0;0;0;0;0;0;0;3;0;0;0;0;4;0;0;1;0;2;1;0;0;0;2;0;0;2;0;0;0
73118;Francin;84;73;0;0;0;0;0;0;0;0;0;0;0;0;0;0;0;0;0;0;0;0;2;1;0;0;0;1;5;0;2;0;2;0;0;0;2;0;1
73119;Freney;84;73;0;0;0;0;0;0;0;0;0;0;0;0;0;0;0;0;0;0;0;0;2;0;0;0;0;0;1;0;0;0;1;0;0;0;0;0;0
73120;Fréterive;84;73;0;0;0;0;0;0;0;0;0;0;0;0;0;0;0;0;0;0;0;0;0;0;0;0;0;0;1;0;0;0;0;0;0;1;1;0;0
73121;Frontenex;84;73;0;0;0;0;0;0;0;0;0;0;1;0;0;0;0;2;0;1;0;0;11;0;0;1;3;7;12;3;9;0;4;0;0;5;2;0;2
73122;Gerbaix;84;73;0;0;0;0;0;0;0;0;0;0;0;0;0;0;0;0;0;0;0;0;1;0;0;0;1;0;3;0;2;0;1;0;0;0;1;0;0
73123;La Giettaz;84;73;0;0;0;0;0;0;0;0;0;0;0;0;0;0;0;0;0;0;0;1;1;0;0;0;3;0;11;2;2;0;1;0;0;9;1;0;0
73124;Gilly-sur-Isère;84;73;0;0;0;0;0;0;0;0;0;0;0;0;0;0;0;2;0;1;0;0;11;1;0;0;11;7;11;8;6;2;5;2;1;8;7;0;3
73127;Gresin;84;73;0;0;0;0;0;0;0;0;0;0;0;0;0;0;0;0;0;0;0;0;2;0;0;0;0;0;0;0;1;0;1;0;0;2;0;0;0
73128;Grésy-sur-Aix;84;73;0;0;0;0;0;0;0;0;0;0;0;0;0;0;0;4;0;1;0;0;10;0;1;1;7;12;11;8;8;2;3;2;0;6;5;1;4
73129;Grésy-sur-Isère;84;73;0;1;0;0;0;0;0;0;0;0;0;0;0;0;0;0;0;1;0;0;0;0;0;0;5;4;5;3;1;1;1;0;0;3;1;0;0
73130;Grignon;84;73;0;0;0;0;0;0;0;0;0;0;0;0;0;0;0;0;0;0;0;1;3;0;0;0;4;3;3;4;8;1;4;0;0;2;1;0;3
73131;Hautecour;84;73;0;0;0;0;0;0;0;0;0;0;0;0;0;0;0;0;0;0;0;0;1;0;0;0;1;0;0;2;1;0;0;0;0;2;1;0;0
73132;Hauteluce;84;73;0;0;0;0;0;0;0;0;0;0;0;0;0;0;0;2;0;0;0;2;1;0;0;0;1;1;9;2;1;0;2;0;0;33;5;0;1
73133;Hauteville;84;73;0;0;0;0;0;0;0;0;0;0;0;0;0;0;0;0;0;0;0;0;0;0;0;0;0;2;2;1;0;0;1;0;0;0;0;0;0
73135;Hermillon;84;73;0;0;0;0;0;0;0;0;0;0;0;0;0;0;0;0;0;0;0;0;1;0;0;0;0;0;0;1;1;0;1;0;0;0;0;0;0
73137;Jacob-Bellecombette;84;73;0;0;0;0;0;0;0;0;0;0;0;0;0;0;0;1;0;0;0;0;1;0;0;0;2;6;2;2;2;1;1;0;0;2;2;0;1
73138;Jarrier;84;73;0;0;0;0;0;0;0;0;0;0;0;0;0;0;0;0;0;0;0;0;0;0;0;0;0;0;2;1;0;1;0;0;0;1;0;0;0
73139;Jarsy;84;73;0;0;0;0;0;0;0;0;0;0;0;0;0;0;0;0;0;0;0;0;0;0;0;0;0;3;0;1;0;0;0;0;0;0;1;0;0
73140;Jongieux;84;73;0;0;0;0;0;0;0;0;0;0;0;0;0;0;0;0;0;0;0;0;0;0;0;0;0;1;2;0;0;0;2;0;0;1;2;0;0
73141;Laissaud;84;73;0;0;0;0;0;0;0;0;0;0;0;0;0;0;0;0;0;0;0;0;1;1;0;0;2;1;3;0;2;0;2;0;0;3;1;0;2
73142;Landry;84;73;0;0;0;0;0;0;0;0;0;0;0;0;0;0;0;0;0;0;0;1;1;0;0;0;1;2;5;0;2;1;0;0;0;13;2;0;0
73143;Lanslebourg-Mont-Cenis;84;73;0;1;0;0;0;0;0;0;0;0;1;0;0;0;0;1;0;1;0;0;2;0;0;0;0;1;3;1;4;0;3;3;0;13;1;1;1
73144;Lanslevillard;84;73;0;0;0;0;0;0;0;0;0;0;0;0;0;0;0;0;0;0;0;1;0;0;0;0;0;2;1;3;2;0;2;0;0;18;0;0;0
73145;Lépin-le-Lac;84;73;0;0;0;0;0;0;0;0;0;0;0;0;0;0;0;0;0;0;0;1;0;0;0;0;1;0;1;0;0;0;1;0;0;3;2;0;0
73146;Lescheraines;84;73;0;0;0;0;0;0;0;0;0;0;0;0;0;0;0;1;0;1;0;0;4;0;0;0;0;2;8;3;0;0;1;0;0;4;3;1;0
73147;Loisieux;84;73;0;0;0;0;0;0;0;0;0;0;0;0;0;0;0;0;0;0;0;0;0;0;0;0;1;0;0;2;0;1;0;0;0;0;0;0;0
73149;Lucey;84;73;0;0;0;0;0;0;0;0;0;0;0;0;0;0;0;0;0;0;0;1;0;0;0;0;0;1;2;0;1;0;0;0;0;2;1;0;1
73150;La Plagne Tarentaise;84;73;0;0;0;0;0;0;0;0;0;0;0;1;0;0;0;5;0;1;3;1;6;0;0;1;20;11;22;24;13;3;5;0;0;104;19;5;3
73151;Les Marches;84;73;0;0;0;0;0;0;0;0;0;0;0;0;0;0;0;0;0;1;0;0;2;0;0;1;7;5;11;6;10;1;2;0;0;4;1;0;0
73152;Marcieux;84;73;0;0;0;0;0;0;0;0;0;0;0;0;0;0;0;0;0;0;0;0;1;0;0;0;0;0;0;1;0;0;2;0;0;0;0;0;0
73153;Marthod;84;73;0;0;0;0;0;0;0;0;0;0;0;0;0;0;0;0;0;0;0;1;2;0;0;0;1;4;10;1;7;0;0;0;0;1;0;0;1
73154;Mercury;84;73;0;0;0;0;0;0;0;0;0;0;0;0;0;0;0;0;1;0;0;1;4;0;0;0;4;11;5;5;5;0;2;1;0;4;0;0;4
73155;Méry;84;73;0;0;0;0;0;0;0;0;0;0;0;0;0;0;0;0;0;0;0;0;3;0;0;0;3;2;5;4;4;1;2;0;0;2;2;0;1
73156;Meyrieux-Trouet;84;73;0;0;0;0;0;0;0;0;0;0;0;0;0;0;0;0;0;0;0;0;0;0;0;0;1;0;1;0;2;1;0;0;0;0;1;0;0
73157;Modane;84;73;0;1;0;0;0;0;0;0;0;0;1;0;1;0;0;4;0;1;1;1;6;1;0;1;23;7;4;2;2;2;7;2;2;31;6;1;2
73159;Les Mollettes;84;73;0;0;0;0;0;0;0;0;0;0;0;0;0;0;0;0;0;0;0;1;1;0;0;0;1;2;1;0;1;0;0;0;0;2;0;0;1
73160;Montagnole;84;73;0;0;0;0;0;0;0;0;0;0;0;0;0;0;0;0;0;0;0;0;2;0;0;0;1;0;0;1;1;1;0;0;0;0;1;0;0
73161;Montagny;84;73;0;0;0;0;0;0;0;0;0;0;0;0;0;0;0;0;0;0;0;0;0;0;0;0;4;3;11;4;2;2;0;0;0;3;1;0;0
73162;Montailleur;84;73;0;0;0;0;0;0;0;0;0;0;0;0;0;0;0;0;0;0;0;0;0;0;0;0;1;1;4;4;0;0;1;0;0;1;0;0;0
73163;Montaimont;84;73;0;0;0;0;0;0;0;0;0;0;0;0;0;0;0;0;0;0;0;0;0;0;0;0;0;0;0;0;0;0;0;0;0;1;0;0;0
73164;Montcel;84;73;0;0;0;0;0;0;0;0;0;0;0;0;0;0;0;0;0;0;1;0;0;0;0;0;2;1;4;3;1;0;2;0;0;2;0;0;0
73166;Montendry;84;73;0;0;0;0;0;0;0;0;0;0;0;0;0;0;0;0;0;0;0;0;0;0;0;0;0;0;0;0;0;0;0;0;0;0;0;0;0
73167;Montgellafrey;84;73;0;0;0;0;0;0;0;0;0;0;0;0;0;0;0;0;0;0;0;0;0;0;0;0;1;0;0;0;0;1;0;0;0;5;0;0;0
73168;Montgilbert;84;73;0;0;0;0;0;0;0;0;0;0;0;0;0;0;0;0;0;0;0;0;0;0;0;0;0;0;0;0;0;0;0;0;0;1;0;0;0
73170;Monthion;84;73;0;0;0;0;0;0;0;0;0;0;0;0;0;0;0;0;0;0;0;0;0;0;0;0;1;1;1;0;4;0;0;0;0;1;0;0;0
73171;Montmélian;84;73;0;1;0;0;0;0;0;0;0;0;1;1;0;0;0;5;2;1;0;0;9;1;0;5;2;6;11;10;5;2;6;2;1;13;4;1;5
73173;Montricher-Albanne;84;73;0;0;0;0;0;0;0;0;0;0;0;0;0;0;0;1;0;0;0;1;0;0;0;0;1;1;2;0;1;0;0;0;0;2;0;0;1
73175;Montsapey;84;73;0;0;0;0;0;0;0;0;0;0;0;0;0;0;0;0;0;0;0;0;0;0;0;0;0;1;0;0;0;0;0;0;0;2;0;0;0
73176;Montvalezan;84;73;0;0;0;0;0;0;0;0;0;0;0;0;0;0;0;1;0;0;0;1;1;0;0;0;7;1;8;3;2;2;1;0;0;22;4;1;0
73177;Montvernier;84;73;0;0;0;0;0;0;0;0;0;0;0;0;0;0;0;0;0;0;0;0;0;0;0;0;0;0;0;0;0;0;0;0;0;0;0;0;0
73178;La Motte-en-Bauges;84;73;0;0;0;0;0;0;0;0;0;0;0;0;0;0;0;0;0;0;0;0;1;0;0;0;0;2;1;0;1;0;0;0;0;0;0;0;0
73179;La Motte-Servolex;84;73;0;1;0;0;0;0;0;0;0;0;1;0;0;0;0;11;1;1;0;0;34;1;1;6;8;21;15;32;20;2;16;6;1;22;6;1;14
73180;Motz;84;73;0;0;0;0;0;0;0;0;0;0;0;0;0;0;0;0;0;0;0;0;1;0;0;0;0;0;2;1;2;0;0;0;0;2;0;0;0
73181;Moûtiers;84;73;0;1;0;0;0;0;0;0;0;0;5;0;0;1;0;11;5;1;0;0;6;2;3;7;26;7;5;6;10;1;14;3;2;36;7;3;5
73182;Mouxy;84;73;0;0;0;0;0;0;0;0;0;0;0;0;0;0;0;0;0;0;0;0;1;0;0;0;2;8;4;0;6;1;1;0;0;2;2;0;1
73183;Myans;84;73;0;0;0;0;0;0;0;0;0;0;0;0;0;0;0;0;0;0;0;0;1;0;0;1;3;0;2;0;5;0;0;0;0;2;3;0;1
73184;Nances;84;73;0;0;0;0;0;0;0;0;0;0;0;0;0;0;0;0;0;0;0;0;0;0;0;0;0;1;0;0;1;0;0;0;0;2;2;0;2
73186;Notre-Dame-de-Bellecombe;84;73;0;0;0;0;0;0;0;0;0;0;0;0;0;0;0;0;0;0;0;1;0;0;0;0;4;0;3;2;1;0;1;0;0;14;2;0;0
73187;La Léchère;84;73;0;0;0;0;0;0;0;0;0;0;0;0;0;0;0;0;0;0;0;1;2;0;0;1;8;5;5;5;6;1;3;0;0;10;1;0;1
73188;Notre-Dame-des-Millières;84;73;0;0;0;0;0;0;0;0;0;0;0;0;0;0;0;0;0;0;0;0;2;0;0;0;0;3;6;1;4;0;2;0;0;2;1;0;0
73189;Notre-Dame-du-Cruet;84;73;0;0;0;0;0;0;0;0;0;0;0;0;0;0;0;0;0;0;0;0;0;0;0;0;3;0;1;0;0;0;0;0;0;0;0;0;0
73190;Notre-Dame-du-Pré;84;73;0;0;0;0;0;0;0;0;0;0;0;0;0;0;0;0;0;0;0;0;0;0;0;0;0;1;0;1;1;1;0;0;0;1;0;0;0
73191;Novalaise;84;73;0;0;0;0;0;0;0;0;0;0;0;0;0;0;0;1;0;1;0;0;3;1;0;1;1;4;8;5;3;1;3;1;0;6;3;1;3
73192;Le Noyer;84;73;0;0;0;0;0;0;0;0;0;0;0;0;0;0;0;0;0;0;0;0;0;0;0;0;0;0;1;1;0;0;0;0;0;1;0;0;0
73193;Ontex;84;73;0;0;0;0;0;0;0;0;0;0;0;0;0;0;0;0;0;0;0;0;0;0;0;0;1;1;0;0;0;0;0;0;0;1;0;0;0
73194;Orelle;84;73;0;0;0;0;0;0;0;0;0;0;0;0;0;0;0;0;0;0;0;1;0;0;0;0;0;0;2;1;0;0;0;0;0;5;0;0;0
73196;Pallud;84;73;0;0;0;0;0;0;0;0;0;0;0;0;0;0;0;0;0;0;0;0;0;0;0;0;0;0;1;2;1;0;1;0;0;0;1;0;1
73197;Peisey-Nancroix;84;73;0;0;0;0;0;0;0;0;0;0;0;0;0;0;0;1;0;1;0;0;1;0;0;0;5;4;5;3;2;1;1;0;0;17;1;0;3
73198;La Perrière;84;73;0;0;0;0;0;0;0;0;0;0;0;0;0;0;0;0;0;0;0;1;0;0;0;0;3;0;6;4;1;0;1;0;0;7;1;0;0
73200;Planaise;84;73;0;0;0;0;0;0;0;0;0;0;0;0;0;0;0;0;0;0;0;0;2;0;0;0;1;0;3;3;0;0;0;0;0;1;0;0;0
73201;Planay;84;73;0;0;0;0;0;0;0;0;0;0;0;0;0;0;0;0;0;0;0;0;0;0;0;0;3;2;4;0;0;0;0;1;0;2;0;1;0
73202;Plancherine;84;73;0;0;0;0;0;0;0;0;0;0;0;0;0;0;0;0;0;0;0;0;1;0;0;0;0;1;1;0;0;0;1;0;0;2;1;0;0
73203;Pontamafrey-Montpascal;84;73;0;0;0;0;0;0;0;0;0;0;0;0;0;0;0;0;0;0;0;0;3;0;0;0;0;1;4;0;3;0;0;0;0;2;0;0;0
73204;Le Pont-de-Beauvoisin;84;73;0;1;0;0;0;0;0;0;0;0;1;0;0;0;0;4;0;1;0;0;4;2;0;1;1;6;6;7;2;3;6;3;0;15;3;0;3
73205;Le Pontet;84;73;0;0;0;0;0;0;0;0;0;0;0;0;0;0;0;0;0;0;0;0;1;0;0;0;0;0;1;0;0;0;0;0;0;0;0;0;0
73206;Pralognan-la-Vanoise;84;73;0;0;0;0;0;0;0;0;0;0;0;0;0;0;0;1;0;1;0;0;1;0;0;0;2;4;5;1;1;0;2;0;0;20;4;1;0
73207;Presle;84;73;0;0;0;0;0;0;0;0;0;0;0;0;0;0;0;0;0;0;0;0;0;0;0;0;1;1;1;1;1;0;0;0;0;0;0;0;0
73208;Pugny-Chatenod;84;73;0;0;0;0;0;0;0;0;0;0;0;0;0;0;0;0;0;0;0;0;1;0;0;0;2;2;0;2;0;0;2;0;0;2;2;0;0
73210;Puygros;84;73;0;0;0;0;0;0;0;0;0;0;0;0;0;0;0;0;0;0;0;0;1;0;0;0;0;1;1;1;2;0;0;0;0;0;0;0;1
73211;Queige;84;73;0;0;0;0;0;0;0;0;0;0;0;0;0;0;0;0;0;0;0;1;0;0;0;0;3;1;5;1;4;0;0;0;0;1;0;0;1
73212;Randens;84;73;0;0;0;0;0;0;0;0;0;0;0;0;0;0;0;0;0;0;0;0;0;0;0;0;0;0;2;2;2;0;0;0;0;1;0;0;0
73213;La Ravoire;84;73;0;0;0;0;0;0;0;0;0;0;0;0;0;0;0;4;0;1;0;0;35;2;1;3;15;23;19;22;9;5;12;1;0;22;15;3;7
73214;Rochefort;84;73;0;0;0;0;0;0;0;0;0;0;0;0;0;0;0;0;0;0;0;0;1;0;0;0;1;0;0;1;2;0;0;0;0;1;0;0;0
73215;La Rochette;84;73;0;1;0;0;0;0;0;0;0;0;1;0;0;0;0;7;0;1;0;0;5;2;0;1;5;7;8;9;4;1;8;1;0;10;3;1;5
73216;Rognaix;84;73;0;0;0;0;0;0;0;0;0;0;0;0;0;0;0;0;0;0;0;0;1;0;0;0;2;0;2;1;1;0;1;0;0;0;1;0;0
73217;Rotherens;84;73;0;0;0;0;0;0;0;0;0;0;0;0;0;0;0;0;0;0;0;0;2;0;1;0;1;0;4;1;1;0;0;0;0;0;0;0;0
73218;Ruffieux;84;73;0;0;0;0;0;0;0;0;0;0;0;0;0;0;0;0;0;0;1;0;2;1;0;0;2;3;4;0;1;0;1;0;0;3;2;0;2
73219;Saint-Alban-de-Montbel;84;73;0;0;0;0;0;0;0;0;0;0;0;0;0;0;0;0;0;0;0;0;2;0;0;0;1;1;3;3;4;0;1;0;0;4;0;0;2
73220;Saint-Alban-d'Hurtières;84;73;0;0;0;0;0;0;0;0;0;0;0;0;0;0;0;0;0;0;0;0;1;0;0;0;0;0;0;1;1;0;0;0;0;2;0;0;0
73221;Saint-Alban-des-Villards;84;73;0;0;0;0;0;0;0;0;0;0;0;0;0;0;0;0;0;0;0;0;1;0;0;0;0;0;2;1;0;0;0;0;0;1;0;0;0
73222;Saint-Alban-Leysse;84;73;0;0;0;0;0;0;0;0;0;0;0;0;0;0;0;2;0;1;0;0;12;1;8;2;6;11;7;9;12;1;5;1;0;4;7;0;5
73223;Saint-André;84;73;0;0;0;0;0;0;0;0;0;0;0;0;0;0;0;0;0;0;0;0;0;0;0;0;0;0;3;0;0;0;0;0;0;1;1;0;0
73224;Saint-Avre;84;73;0;0;0;0;0;0;0;0;0;0;0;0;0;0;0;0;0;0;0;0;1;0;0;0;2;3;3;0;2;0;0;0;0;0;0;0;0
73225;Saint-Baldoph;84;73;0;0;0;0;0;0;0;0;0;0;0;0;0;0;0;1;0;1;0;0;5;0;0;0;7;5;12;4;11;0;4;1;0;3;2;1;7
73226;Saint-Béron;84;73;0;0;0;0;0;0;0;0;0;0;0;0;0;0;0;0;0;0;1;0;6;0;0;0;1;4;8;3;3;1;0;0;0;2;2;0;1
73227;Saint-Bon-Tarentaise;84;73;0;0;0;0;0;0;0;0;0;0;0;0;0;0;0;6;0;1;1;2;4;0;1;1;7;10;10;5;1;2;13;0;0;74;30;4;2
73228;Saint-Cassin;84;73;0;0;0;0;0;0;0;0;0;0;0;0;0;0;0;0;0;0;0;0;0;0;0;0;0;2;0;2;0;1;0;0;0;2;1;0;0
73229;Saint-Christophe;84;73;0;0;0;0;0;0;0;0;0;0;0;0;0;0;0;0;0;0;0;0;1;0;0;0;0;2;1;0;1;0;1;0;0;2;0;0;0
73230;Saint-Colomban-des-Villards;84;73;0;0;0;0;0;0;0;0;0;0;0;0;0;0;0;0;0;0;0;1;0;0;0;0;1;0;3;0;0;0;1;0;0;5;1;0;0
73231;Saint-Étienne-de-Cuines;84;73;0;0;0;0;0;0;0;0;0;0;0;0;0;0;0;0;1;1;0;0;2;0;0;0;0;1;1;4;0;0;3;0;0;3;0;0;0
73232;Sainte-Foy-Tarentaise;84;73;0;0;0;0;0;0;0;0;0;0;0;0;0;0;0;0;0;1;0;0;2;0;0;0;2;1;11;1;8;3;0;0;0;13;1;2;2
73233;Saint-Franc;84;73;0;0;0;0;0;0;0;0;0;0;0;0;0;0;0;0;0;0;0;0;0;0;0;0;0;0;0;0;0;0;0;0;0;1;0;0;0
73234;Saint-François-de-Sales;84;73;0;0;0;0;0;0;0;0;0;0;0;0;0;0;0;0;0;0;0;0;0;0;0;0;0;0;0;0;0;0;0;0;0;3;0;0;0
73235;Saint-François-Longchamp;84;73;0;0;0;0;0;0;0;0;0;0;0;0;0;0;0;1;0;0;1;0;1;0;0;0;0;0;0;1;0;0;2;0;0;17;2;1;0
73236;Saint-Genix-sur-Guiers;84;73;0;1;0;0;0;0;0;0;0;0;0;0;0;0;0;1;1;1;0;0;1;0;0;0;7;6;5;6;4;0;4;3;0;7;2;0;2
73237;Saint-Georges-d'Hurtières;84;73;0;0;0;0;0;0;0;0;0;0;0;0;0;0;0;0;0;0;0;0;0;0;0;0;1;0;0;0;0;0;1;0;0;1;0;0;0
73240;Sainte-Hélène-du-Lac;84;73;0;0;0;0;0;0;0;0;0;0;0;0;0;0;0;0;0;0;0;0;1;0;0;1;1;0;2;0;0;0;0;0;0;1;2;0;1
73241;Sainte-Hélène-sur-Isère;84;73;0;0;0;0;0;0;0;0;0;0;0;0;0;0;0;0;0;1;0;0;4;0;0;1;3;2;13;5;4;0;2;0;0;3;0;0;1
73242;Saint-Jean-d'Arves;84;73;0;0;0;0;0;0;0;0;0;0;0;0;0;0;0;0;0;0;0;1;0;0;0;0;2;1;3;0;1;2;0;0;0;10;0;1;0
73243;Saint-Jean-d'Arvey;84;73;0;0;0;0;0;0;0;0;0;0;0;0;0;0;0;0;0;0;0;1;1;0;0;0;1;2;2;3;3;1;2;0;0;1;0;0;1
73244;Saint-Jean-de-Belleville;84;73;0;0;0;0;0;0;0;0;0;0;0;0;0;0;0;0;0;0;0;1;1;0;0;0;1;2;2;2;2;0;0;0;0;2;0;0;0
73245;Saint-Jean-de-Chevelu;84;73;0;0;0;0;0;0;0;0;0;0;0;0;0;0;0;0;0;0;1;0;1;0;0;0;3;1;1;1;1;0;1;0;0;1;0;0;0
73246;Saint-Jean-de-Couz;84;73;0;0;0;0;0;0;0;0;0;0;0;0;0;0;0;0;0;0;0;0;0;0;0;0;1;2;0;1;0;0;1;0;0;1;0;0;0
73247;Saint-Jean-de-la-Porte;84;73;0;0;0;0;0;0;0;0;0;0;0;0;0;0;0;0;0;0;0;0;2;0;0;0;1;1;0;1;2;0;0;0;0;1;2;0;0
73248;Saint-Jean-de-Maurienne;84;73;0;1;0;0;0;0;0;0;0;0;3;1;0;1;0;11;2;1;0;0;11;5;2;5;13;9;18;10;10;5;22;2;9;26;12;3;8
73249;Saint-Jeoire-Prieuré;84;73;0;0;0;0;0;0;0;0;0;0;0;0;0;0;0;0;0;0;0;0;6;1;0;0;2;0;9;4;2;1;3;0;0;4;2;0;0
73250;Saint-Julien-Mont-Denis;84;73;0;0;0;0;0;0;0;0;0;0;0;0;0;0;0;0;0;1;0;0;6;0;0;0;3;3;2;3;1;1;3;0;0;3;0;0;2
73252;Saint-Léger;84;73;0;0;0;0;0;0;0;0;0;0;0;0;0;0;0;0;0;0;0;0;1;0;0;0;0;0;0;0;1;0;0;0;0;2;0;0;0
73253;Saint-Marcel;84;73;0;0;0;0;0;0;0;0;0;0;0;0;0;0;0;0;0;0;0;1;1;0;0;0;3;1;1;1;2;0;1;0;0;0;0;0;0
73254;Sainte-Marie-d'Alvey;84;73;0;0;0;0;0;0;0;0;0;0;0;0;0;0;0;0;0;0;0;0;0;0;0;0;0;0;0;0;0;0;1;0;0;0;0;0;0
73255;Sainte-Marie-de-Cuines;84;73;0;0;0;0;0;0;0;0;0;0;0;0;0;0;0;0;0;0;0;0;2;0;0;0;1;0;0;1;0;0;0;0;0;0;0;0;0
73256;Saint-Martin-d'Arc;84;73;0;0;0;0;0;0;0;0;0;0;0;0;0;0;0;0;0;0;0;0;0;0;0;0;0;0;0;0;1;0;0;0;0;1;0;0;0
73257;Les Belleville;84;73;0;1;0;0;0;0;0;0;0;0;0;1;0;0;0;8;0;3;0;0;2;0;0;1;12;12;14;5;13;1;7;0;0;141;24;8;5
73258;Saint-Martin-de-la-Porte;84;73;0;0;0;0;0;0;0;0;0;0;0;0;0;0;0;0;0;0;0;0;0;0;0;0;2;1;2;0;0;1;1;0;0;1;0;0;0
73259;Saint-Martin-sur-la-Chambre;84;73;0;0;0;0;0;0;0;0;0;0;0;0;0;0;0;0;0;0;0;0;1;0;1;0;0;1;0;0;0;0;0;0;0;1;0;0;1
73260;Saint-Maurice-de-Rotherens;84;73;0;0;0;0;0;0;0;0;0;0;0;0;0;0;0;0;0;0;0;0;0;0;0;0;0;1;2;1;2;0;0;0;0;0;0;0;0
73261;Saint-Michel-de-Maurienne;84;73;0;1;0;0;0;0;0;0;0;0;1;0;0;0;0;5;1;1;0;0;2;0;0;1;1;4;2;6;2;0;5;0;0;6;0;0;3
73262;Saint-Nicolas-la-Chapelle;84;73;0;0;0;0;0;0;0;0;0;0;0;0;0;0;0;0;0;0;0;0;1;0;0;0;2;1;12;1;0;0;0;0;0;3;0;0;0
73263;Saint-Offenge;84;73;0;0;0;0;0;0;0;0;0;0;0;0;0;0;0;0;0;0;0;0;0;0;0;0;1;4;1;2;1;1;0;1;0;0;1;0;0
73265;Saint-Ours;84;73;0;0;0;0;0;0;0;0;0;0;0;0;0;0;0;0;0;0;1;0;1;0;0;0;0;1;5;0;0;0;1;0;0;0;0;0;2
73266;Saint-Oyen;84;73;0;0;0;0;0;0;0;0;0;0;0;0;0;0;0;0;0;0;0;0;1;0;0;0;0;1;1;0;1;0;0;0;0;0;0;0;0
73267;Saint-Pancrace;84;73;0;0;0;0;0;0;0;0;0;0;0;0;0;0;0;0;0;0;0;0;0;0;0;0;1;2;0;0;2;0;0;0;0;0;0;0;0
73268;Saint-Paul-sur-Isère;84;73;0;0;0;0;0;0;0;0;0;0;0;0;0;0;0;0;0;0;0;0;1;0;0;0;0;2;1;2;0;0;0;0;0;0;0;0;0
73269;Saint-Paul;84;73;0;0;0;0;0;0;0;0;0;0;0;0;0;0;0;0;0;0;0;0;1;0;0;0;0;0;0;5;2;0;0;0;0;1;0;0;0
73270;Saint-Pierre-d'Albigny;84;73;0;1;0;0;0;0;0;0;0;0;1;0;0;0;0;3;0;1;0;0;5;2;1;2;3;6;5;7;3;1;6;2;0;10;10;0;1
73271;Saint-Pierre-d'Alvey;84;73;0;0;0;0;0;0;0;0;0;0;0;0;0;0;0;0;0;0;0;0;1;0;0;0;0;0;0;1;0;0;1;0;0;1;1;0;0
73272;Saint-Pierre-de-Belleville;84;73;0;0;0;0;0;0;0;0;0;0;0;0;0;0;0;0;0;0;0;0;2;0;0;0;0;0;1;1;0;0;1;0;0;1;0;0;0
73273;Saint-Pierre-de-Curtille;84;73;0;0;0;0;0;0;0;0;0;0;0;0;0;0;0;0;0;0;0;0;3;0;0;0;1;1;2;0;3;1;0;0;0;2;0;0;0
73274;Saint-Pierre-d'Entremont;84;73;0;0;0;0;0;0;0;0;0;0;0;0;0;0;0;1;0;1;0;0;0;0;0;0;3;1;5;1;1;1;1;0;0;1;1;0;0
73275;Saint-Pierre-de-Genebroz;84;73;0;0;0;0;0;0;0;0;0;0;0;0;0;0;0;0;0;0;0;0;0;0;0;0;2;0;1;3;0;1;0;0;0;0;0;0;0
73276;Saint-Pierre-de-Soucy;84;73;0;0;0;0;0;0;0;0;0;0;0;0;0;0;0;0;0;0;0;0;0;0;0;0;0;1;2;0;0;0;1;0;0;0;1;0;0
73277;Sainte-Reine;84;73;0;0;0;0;0;0;0;0;0;0;0;0;0;0;0;0;0;0;0;0;0;0;0;0;0;0;2;0;0;0;0;0;0;0;0;0;0
73278;Saint-Rémy-de-Maurienne;84;73;0;0;0;0;0;0;0;0;0;0;0;0;0;0;0;0;0;0;0;1;1;0;0;0;1;3;4;3;2;0;3;0;0;2;0;0;1
73280;Saint-Sorlin-d'Arves;84;73;0;0;0;0;0;0;0;0;0;0;0;0;0;0;0;1;0;0;0;1;1;0;0;0;2;0;1;2;0;0;1;0;0;22;2;1;0
73281;Saint-Sulpice;84;73;0;0;0;0;0;0;0;0;0;0;0;0;0;0;0;0;1;0;0;0;0;0;0;0;0;2;0;2;3;0;2;0;0;0;0;0;1
73282;Saint-Thibaud-de-Couz;84;73;0;0;0;0;0;0;0;0;0;0;0;0;0;0;0;0;0;0;0;0;0;0;0;0;2;1;5;1;1;0;2;0;0;2;1;0;0
73283;Saint-Vital;84;73;0;0;0;0;0;0;0;0;0;0;0;0;0;0;0;0;0;0;0;0;2;0;0;0;0;1;2;0;0;0;1;0;0;1;0;0;1
73284;Salins-Fontaine;84;73;0;0;0;0;0;0;0;0;0;0;0;0;0;0;0;0;0;0;0;0;2;0;0;0;2;2;5;1;5;0;1;0;0;1;1;0;0
73285;Séez;84;73;0;0;0;0;0;0;0;0;0;0;0;0;0;0;0;0;0;1;0;0;9;1;0;0;10;11;21;10;7;0;3;0;0;3;3;2;3
73286;Serrières-en-Chautagne;84;73;0;0;0;0;0;0;0;0;0;0;0;0;0;0;0;0;0;0;0;1;1;0;0;0;3;1;4;3;0;0;2;1;0;1;1;0;0
73287;Sollières-Sardières;84;73;0;0;0;0;0;0;0;0;0;0;0;0;0;0;0;0;0;0;0;0;0;0;0;0;0;0;2;0;1;0;0;1;0;1;0;0;1
73288;Sonnaz;84;73;0;0;0;0;0;0;0;0;0;0;0;0;0;0;0;0;0;0;0;0;3;0;0;0;5;6;2;2;3;0;2;0;0;2;1;0;1
73289;La Table;84;73;0;0;0;0;0;0;0;0;0;0;0;0;0;0;0;0;0;0;0;0;0;0;0;0;2;0;3;1;0;0;1;0;0;1;0;0;1
73290;Termignon;84;73;0;0;0;0;0;0;0;0;0;0;0;0;0;0;0;1;0;0;0;1;0;0;0;0;1;2;1;1;2;0;0;3;0;8;0;0;0
73292;Thénésol;84;73;0;0;0;0;0;0;0;0;0;0;0;0;0;0;0;0;0;0;0;0;1;0;0;0;0;0;1;1;0;0;0;0;0;0;0;0;0
73293;Thoiry;84;73;0;0;0;0;0;0;0;0;0;0;0;0;0;0;0;0;0;0;0;1;0;0;0;0;0;1;2;1;0;0;0;0;0;1;0;0;0
73294;La Thuile;84;73;0;0;0;0;0;0;0;0;0;0;0;0;0;0;0;0;0;0;0;0;0;0;0;0;0;0;2;1;2;0;0;0;0;2;0;0;1
73296;Tignes;84;73;0;0;0;0;0;0;0;0;0;0;0;1;0;0;0;4;0;1;0;2;1;0;0;0;5;7;10;2;5;2;4;0;0;83;17;3;1
73297;Tournon;84;73;0;0;0;0;0;0;0;0;0;0;0;0;0;0;0;0;0;0;0;0;5;0;0;0;0;2;2;0;2;0;0;0;0;2;0;1;2
73298;Tours-en-Savoie;84;73;0;0;0;0;0;0;0;0;0;0;0;0;0;0;0;0;0;0;0;1;5;0;0;0;1;1;5;0;3;1;2;0;0;3;0;1;1
73299;Traize;84;73;0;0;0;0;0;0;0;0;0;0;0;0;0;0;0;0;0;0;0;0;0;0;0;0;1;0;0;0;0;0;0;0;0;0;0;0;0
73300;Tresserve;84;73;0;0;0;0;0;0;0;0;0;0;0;0;0;0;0;0;0;0;1;0;0;0;1;0;4;6;2;3;4;0;3;0;0;13;10;0;0
73301;Trévignin;84;73;0;0;0;0;0;0;0;0;0;0;0;0;0;0;0;0;0;0;1;0;1;0;0;0;0;0;2;1;3;1;1;0;0;0;1;0;0
73302;La Trinité;84;73;0;0;0;0;0;0;0;0;0;0;0;0;0;0;0;0;0;0;0;0;1;0;0;0;0;0;2;1;0;0;0;0;0;0;0;0;0
73303;Ugine;84;73;0;1;0;0;0;0;0;0;0;0;1;0;0;0;0;5;1;1;1;0;10;1;0;2;13;18;45;9;4;3;10;2;1;13;4;1;5
73304;Val-d'Isère;84;73;0;1;0;0;0;0;0;0;0;0;0;1;0;0;0;5;0;1;0;0;2;0;0;0;4;7;9;5;3;0;2;0;0;66;13;3;4
73306;Valloire;84;73;0;0;0;0;0;0;0;0;0;0;0;0;0;0;0;3;0;1;0;0;1;0;0;0;12;4;6;3;3;2;5;0;0;42;3;0;0
73307;Valmeinier;84;73;0;0;0;0;0;0;0;0;0;0;0;0;0;0;0;1;0;0;1;0;1;0;0;0;6;0;3;1;0;0;0;0;0;18;2;0;0
73308;Venthon;84;73;0;0;0;0;0;0;0;0;0;0;0;0;0;0;0;0;0;0;0;0;0;0;0;0;0;0;1;1;2;0;1;0;0;1;0;0;0
73309;Verel-de-Montbel;84;73;0;0;0;0;0;0;0;0;0;0;0;0;0;0;0;0;0;0;0;0;0;0;0;0;0;0;0;1;1;0;0;0;0;0;1;0;0
73310;Verel-Pragondran;84;73;0;0;0;0;0;0;0;0;0;0;0;0;0;0;0;0;0;0;0;0;0;0;0;0;0;0;0;2;0;0;0;0;0;0;1;0;0
73311;Le Verneil;84;73;0;0;0;0;0;0;0;0;0;0;0;0;0;0;0;0;0;0;0;0;0;0;0;0;0;0;0;0;0;0;0;0;0;0;0;0;0
73312;Verrens-Arvey;84;73;0;0;0;0;0;0;0;0;0;0;0;0;0;0;0;0;0;0;0;0;3;0;0;0;0;1;2;1;0;0;2;0;0;1;0;0;1
73313;Verthemex;84;73;0;0;0;0;0;0;0;0;0;0;0;0;0;0;0;0;0;0;0;0;0;0;0;0;0;0;2;1;1;0;0;0;0;1;0;0;1
73314;Villard-d'Héry;84;73;0;0;0;0;0;0;0;0;0;0;0;0;0;0;0;0;0;0;0;0;0;0;0;0;0;0;1;1;1;0;0;0;0;0;1;0;0
73315;Villard-Léger;84;73;0;0;0;0;0;0;0;0;0;0;0;0;0;0;0;0;0;0;0;0;1;0;0;0;1;3;4;0;0;0;1;0;0;0;0;0;0
73316;Villard-Sallet;84;73;0;0;0;0;0;0;0;0;0;0;0;0;0;0;0;0;0;0;0;0;1;0;0;0;0;1;1;0;0;0;0;0;0;0;0;0;0
73317;Villard-sur-Doron;84;73;0;0;0;0;0;0;0;0;0;0;0;0;0;0;0;0;0;0;0;1;3;0;0;0;2;1;3;3;4;1;0;0;0;6;0;0;0
73318;Villarembert;84;73;0;0;0;0;0;0;0;0;0;0;0;0;0;0;0;0;0;0;0;1;0;0;0;0;2;1;0;0;1;0;2;0;0;17;6;1;1
73320;Villargondran;84;73;0;0;0;0;0;0;0;0;0;0;0;0;0;0;0;0;0;0;0;0;0;0;0;0;0;5;3;2;7;0;1;0;0;2;0;0;0
73322;Villarodin-Bourget;84;73;0;0;0;0;0;0;0;0;0;0;0;0;0;0;0;0;0;0;0;1;1;0;0;0;1;1;3;1;0;0;0;0;0;18;4;0;1
73323;Villaroger;84;73;0;0;0;0;0;0;0;0;0;0;0;0;0;0;0;0;0;0;0;0;1;0;0;0;0;0;5;2;2;0;0;0;0;4;0;0;1
73324;Villaroux;84;73;0;0;0;0;0;0;0;0;0;0;0;0;0;0;0;0;0;0;0;0;1;0;0;0;0;0;3;1;0;0;0;0;0;0;0;0;0
73326;Vimines;84;73;0;0;0;0;0;0;0;0;0;0;0;0;0;0;0;0;0;0;0;0;1;0;0;0;2;2;8;2;1;0;0;0;0;0;1;0;0
73327;Vions;84;73;0;0;0;0;0;0;0;0;0;0;0;0;0;0;0;0;0;0;0;0;0;0;0;0;2;1;1;1;1;0;1;0;0;0;0;0;0
73328;Viviers-du-Lac;84;73;0;0;0;0;0;0;0;0;0;0;0;0;0;0;0;1;0;1;0;0;5;0;2;2;6;10;4;10;7;1;2;0;1;10;2;1;3
73329;Voglans;84;73;0;0;0;0;0;0;0;0;0;0;0;0;0;0;0;0;0;0;0;0;9;0;2;2;4;8;15;12;6;2;3;0;0;9;2;0;3
73330;Yenne;84;73;0;1;0;0;0;0;0;0;0;0;1;0;0;0;0;2;1;1;0;0;11;1;0;3;5;6;14;14;7;2;8;1;0;10;1;2;4
74001;Abondance;84;74;0;1;0;0;0;0;0;0;0;0;1;0;0;0;0;4;0;1;0;0;3;0;0;1;3;3;9;3;3;0;3;1;0;9;5;0;3
74002;Alby-sur-Chéran;84;74;0;1;0;0;0;0;0;0;0;0;0;0;0;0;0;4;0;1;0;0;5;0;0;1;5;1;9;6;4;1;2;2;1;7;3;1;2
74003;Alex;84;74;0;0;0;0;0;0;0;0;0;0;0;0;0;0;0;0;0;0;0;0;2;0;0;0;0;2;5;1;3;0;0;0;0;1;3;0;2
74004;Allèves;84;74;0;0;0;0;0;0;0;0;0;0;0;0;0;0;0;0;0;0;0;0;0;0;0;0;1;1;2;0;2;0;0;0;0;0;0;0;0
74005;Allinges;84;74;0;0;0;0;0;0;0;0;0;0;0;0;0;0;0;0;1;0;0;1;5;1;0;1;10;5;13;13;7;1;5;0;0;3;2;0;6
74006;Allonzier-la-Caille;84;74;0;0;0;0;0;0;0;0;0;0;0;0;0;0;0;1;0;0;1;0;6;1;1;0;8;1;7;3;3;5;1;0;0;3;2;1;2
74007;Amancy;84;74;0;0;0;0;0;0;0;0;0;0;0;0;0;0;0;1;0;0;0;0;7;1;0;0;5;4;7;6;2;2;2;0;0;8;2;0;2
74008;Ambilly;84;74;0;0;0;0;0;0;0;0;0;0;0;0;0;0;0;2;0;1;0;0;4;0;0;0;4;2;4;3;5;2;4;0;0;20;5;1;4
74009;Andilly;84;74;0;0;0;0;0;0;0;0;0;0;0;0;0;0;0;0;0;0;0;0;1;1;0;0;1;2;1;0;0;0;2;0;0;2;0;0;0
74010;Annecy;84;74;1;0;0;1;1;1;1;1;0;0;15;1;0;0;0;74;6;5;0;0;30;2;13;14;50;144;52;43;51;19;117;6;38;351;154;16;77
74011;Annecy-le-Vieux;84;74;0;1;0;0;0;0;0;0;0;0;1;0;0;0;0;16;1;1;0;0;12;0;1;2;4;30;23;11;26;7;23;5;2;50;45;3;15
74012;Annemasse;84;74;1;1;0;0;1;1;0;0;0;0;5;1;0;1;0;22;6;3;0;0;28;1;8;11;54;128;43;29;24;15;64;2;11;153;65;7;64
74013;Anthy-sur-Léman;84;74;0;0;0;0;0;0;0;0;0;0;0;0;0;0;0;0;1;0;0;0;11;2;1;0;3;3;10;6;5;1;2;0;0;14;1;0;0
74014;Arâches-la-Frasse;84;74;0;0;0;0;0;0;0;0;0;0;0;0;0;0;0;4;0;1;1;1;2;0;0;0;6;7;15;5;6;2;2;0;0;57;9;2;0
74015;Arbusigny;84;74;0;0;0;0;0;0;0;0;0;0;0;0;0;0;0;0;0;0;0;0;1;0;0;0;1;1;2;0;2;0;0;0;0;0;1;0;0
74016;Archamps;84;74;0;0;0;0;0;0;0;0;0;0;0;0;0;0;0;0;0;0;0;0;1;0;0;0;2;6;2;0;2;3;1;0;0;12;12;0;2
74018;Arenthon;84;74;0;0;0;0;0;0;0;0;0;0;0;0;0;0;0;0;0;0;0;0;2;0;0;0;6;3;4;1;3;0;1;0;0;8;1;0;3
74019;Argonay;84;74;0;0;0;0;0;0;0;0;0;0;0;0;0;0;0;0;1;0;0;0;8;1;2;1;6;4;4;7;4;2;1;1;0;8;2;0;4
74020;Armoy;84;74;0;0;0;0;0;0;0;0;0;0;0;0;0;0;0;0;1;0;0;0;1;0;0;0;0;1;1;0;1;0;1;0;0;1;1;0;1
74021;Arthaz-Pont-Notre-Dame;84;74;0;0;0;0;0;0;0;0;0;0;0;0;0;0;0;0;0;0;0;1;1;0;0;0;0;3;0;1;3;0;1;0;0;2;0;0;1
74022;Aviernoz;84;74;0;0;0;0;0;0;0;0;0;0;0;0;0;0;0;0;0;0;0;0;1;0;0;0;3;4;6;4;1;0;1;0;0;2;0;0;1
74024;Ayse;84;74;0;0;0;0;0;0;0;0;0;0;0;0;0;0;0;0;0;0;0;0;8;0;0;0;2;0;10;3;4;2;2;0;0;2;0;0;1
74025;Ballaison;84;74;0;0;0;0;0;0;0;0;0;0;0;0;0;0;0;0;1;0;0;0;0;0;0;0;1;2;2;1;1;1;1;0;0;1;1;0;0
74026;La Balme-de-Sillingy;84;74;0;1;0;0;0;0;0;0;0;0;0;0;0;0;0;1;4;1;0;0;7;1;1;4;8;12;11;7;11;3;3;2;0;8;3;1;6
74027;La Balme-de-Thuy;84;74;0;0;0;0;0;0;0;0;0;0;0;0;0;0;0;0;0;0;0;0;0;0;0;0;3;0;4;1;0;0;0;0;0;1;1;0;1
74029;Bassy;84;74;0;0;0;0;0;0;0;0;0;0;0;0;0;0;0;0;0;0;0;0;2;0;0;1;0;0;2;2;0;0;0;0;0;3;1;0;0
74030;La Baume;84;74;0;0;0;0;0;0;0;0;0;0;0;0;0;0;0;0;0;0;0;0;1;0;0;0;0;1;3;0;2;2;0;0;0;0;0;0;1
74031;Beaumont;84;74;0;0;0;0;0;0;0;0;0;0;0;0;0;0;0;1;0;1;0;0;3;0;0;0;2;3;1;4;0;1;3;0;0;2;3;0;4
74032;Bellevaux;84;74;0;0;0;0;0;0;0;0;0;0;0;0;0;0;0;0;0;1;0;0;1;0;0;0;1;2;5;1;4;1;2;0;0;15;1;0;0
74033;Bernex;84;74;0;0;0;0;0;0;0;0;0;0;0;0;0;0;0;0;0;1;0;0;1;0;0;0;4;4;1;3;5;1;1;0;0;12;0;0;2
74034;Le Biot;84;74;0;0;0;0;0;0;0;0;0;0;0;0;0;0;0;0;0;0;0;1;2;0;0;0;0;1;7;3;2;1;1;0;0;3;1;1;0
74035;Bloye;84;74;0;0;0;0;0;0;0;0;0;0;0;0;0;0;0;0;0;0;0;0;0;0;0;0;2;3;0;1;2;0;1;0;0;1;0;0;0
74036;Bluffy;84;74;0;0;0;0;0;0;0;0;0;0;0;0;0;0;0;0;0;0;0;0;1;0;0;1;1;1;3;0;2;0;1;0;0;3;0;0;1
74037;Boëge;84;74;0;1;0;0;0;0;0;0;0;0;1;0;0;0;0;4;0;1;0;0;3;0;0;1;1;0;3;2;4;1;3;2;0;5;2;0;2
74038;Bogève;84;74;0;0;0;0;0;0;0;0;0;0;0;0;0;0;0;0;0;0;0;1;1;0;0;0;1;1;6;1;1;0;2;0;0;3;0;0;0
74040;Bonne;84;74;0;0;0;0;0;0;0;0;0;0;0;0;0;0;0;2;0;1;0;0;2;0;0;1;3;5;9;2;1;1;7;1;0;7;3;1;4
74041;Bonnevaux;84;74;0;0;0;0;0;0;0;0;0;0;0;0;0;0;0;0;0;0;0;0;0;0;0;0;0;1;4;2;0;2;0;0;0;0;0;0;0
74042;Bonneville;84;74;0;1;0;1;1;1;0;0;0;0;6;0;0;0;0;11;3;1;0;0;17;2;1;6;5;16;19;5;11;1;16;2;11;30;7;3;7
74043;Bons-en-Chablais;84;74;0;1;0;0;0;0;0;0;0;0;0;0;0;0;0;3;0;1;0;0;19;1;1;1;5;8;22;5;6;2;5;4;0;12;13;2;6
74044;Bossey;84;74;0;0;0;0;0;0;0;0;0;0;0;0;0;0;0;0;0;0;0;0;0;0;0;0;0;0;1;0;0;1;0;0;0;3;2;0;1
74045;Le Bouchet-Mont-Charvin;84;74;0;0;0;0;0;0;0;0;0;0;0;0;0;0;0;0;0;0;0;0;0;0;0;0;2;0;0;0;0;0;0;0;0;2;0;0;0
74046;Boussy;84;74;0;0;0;0;0;0;0;0;0;0;0;0;0;0;0;0;0;0;0;0;0;0;0;0;0;0;1;1;0;0;0;0;0;0;1;0;0
74048;Brenthonne;84;74;0;0;0;0;0;0;0;0;0;0;0;0;0;0;0;0;0;0;0;0;1;0;0;0;2;2;5;3;3;1;2;0;0;1;0;0;0
74049;Brizon;84;74;0;0;0;0;0;0;0;0;0;0;0;0;0;0;0;0;0;0;0;0;0;0;0;0;0;0;3;1;2;0;0;0;0;6;0;0;0
74050;Burdignin;84;74;0;0;0;0;0;0;0;0;0;0;0;0;0;0;0;0;0;0;0;0;0;0;0;0;2;1;4;1;1;0;0;0;0;0;3;0;0
74051;Cercier;84;74;0;0;0;0;0;0;0;0;0;0;0;0;0;0;0;0;0;0;0;0;0;0;0;0;1;0;2;2;0;0;0;0;0;1;0;0;0
74052;Cernex;84;74;0;0;0;0;0;0;0;0;0;0;0;0;0;0;0;0;0;0;0;0;1;0;0;0;3;1;2;1;1;0;0;0;0;1;1;0;0
74053;Cervens;84;74;0;0;0;0;0;0;0;0;0;0;0;0;0;0;0;0;0;0;0;0;1;0;0;0;1;4;4;1;1;0;1;0;0;1;1;0;0
74054;Chainaz-les-Frasses;84;74;0;0;0;0;0;0;0;0;0;0;0;0;0;0;0;0;0;0;0;0;1;0;0;0;1;0;1;1;0;0;1;0;0;0;0;0;0
74055;Challonges;84;74;0;0;0;0;0;0;0;0;0;0;0;0;0;0;0;0;0;0;0;1;0;0;0;0;0;2;1;1;0;0;0;0;0;1;0;0;0
74056;Chamonix-Mont-Blanc;84;74;0;1;0;0;0;0;0;0;0;0;1;1;0;0;0;13;2;2;0;2;13;0;0;3;19;9;58;23;34;10;16;2;0;165;57;6;15
74057;Champanges;84;74;0;0;0;0;0;0;0;0;0;0;0;0;0;0;0;0;0;0;0;0;0;0;0;0;2;2;8;7;0;2;1;0;0;1;1;0;0
74058;La Chapelle-d'Abondance;84;74;0;0;0;0;0;0;0;0;0;0;0;0;0;0;0;0;0;0;0;1;2;0;0;0;1;2;6;1;3;2;0;0;0;9;3;0;1
74059;La Chapelle-Rambaud;84;74;0;0;0;0;0;0;0;0;0;0;0;0;0;0;0;0;0;0;0;0;0;0;0;0;0;0;0;0;1;0;0;0;0;1;0;0;0
74060;La Chapelle-Saint-Maurice;84;74;0;0;0;0;0;0;0;0;0;0;0;0;0;0;0;0;0;0;0;0;0;0;0;0;0;0;1;0;0;0;0;0;0;2;0;0;0
74061;Chapeiry;84;74;0;0;0;0;0;0;0;0;0;0;0;0;0;0;0;0;1;0;1;0;0;0;0;0;3;1;1;1;2;1;0;0;0;0;1;0;0
74062;Charvonnex;84;74;0;0;0;0;0;0;0;0;0;0;0;0;0;0;0;0;0;0;0;0;3;0;0;1;4;4;6;2;3;0;0;0;0;3;0;0;0
74063;Châtel;84;74;0;0;0;0;0;0;0;0;0;0;0;0;0;0;0;3;0;1;0;0;3;0;1;0;5;1;8;3;3;2;3;0;0;56;6;3;1
74064;Châtillon-sur-Cluses;84;74;0;0;0;0;0;0;0;0;0;0;0;0;0;0;0;0;0;0;0;1;0;0;0;0;1;1;6;3;2;1;2;1;0;3;2;0;0
74065;Chaumont;84;74;0;0;0;0;0;0;0;0;0;0;0;0;0;0;0;0;0;0;0;0;0;0;0;0;1;0;1;2;0;0;0;0;0;1;1;0;0
74066;Chavannaz;84;74;0;0;0;0;0;0;0;0;0;0;0;0;0;0;0;0;0;0;0;0;0;0;0;0;0;0;1;0;0;0;0;0;0;0;0;0;0
74067;Chavanod;84;74;0;0;0;0;0;0;0;0;0;0;0;0;0;0;0;1;0;1;0;0;4;0;0;0;7;7;10;6;5;1;3;0;2;7;4;0;2
74068;Chêne-en-Semine;84;74;0;0;0;0;0;0;0;0;0;0;0;0;0;0;0;0;0;0;0;0;1;0;0;0;0;1;3;1;2;1;2;0;0;3;0;0;2
74069;Chênex;84;74;0;0;0;0;0;0;0;0;0;0;0;0;0;0;0;0;0;0;0;0;0;0;0;0;0;1;2;0;0;1;0;0;0;0;0;0;0
74070;Chens-sur-Léman;84;74;0;0;0;0;0;0;0;0;0;0;0;0;0;0;0;0;1;0;0;1;1;0;0;0;2;5;0;2;3;1;1;0;0;5;5;0;1
74071;Chessenaz;84;74;0;0;0;0;0;0;0;0;0;0;0;0;0;0;0;0;0;0;0;0;0;0;0;0;0;0;1;0;0;0;0;0;0;1;0;0;1
74072;Chevaline;84;74;0;0;0;0;0;0;0;0;0;0;0;0;0;0;0;0;0;0;0;0;0;0;0;0;1;0;0;0;0;0;0;0;0;0;0;0;0
74073;Chevenoz;84;74;0;0;0;0;0;0;0;0;0;0;0;0;0;0;0;0;0;0;0;0;1;0;0;0;1;1;2;1;0;0;0;0;0;0;2;0;0
74074;Chevrier;84;74;0;0;0;0;0;0;0;0;0;0;0;0;0;0;0;0;0;0;0;0;0;0;0;0;1;0;1;0;0;0;0;0;0;0;0;0;0
74075;Chilly;84;74;0;0;0;0;0;0;0;0;0;0;0;0;0;0;0;0;0;0;0;0;0;0;0;0;2;1;3;1;4;0;1;0;0;1;1;0;0
74076;Choisy;84;74;0;0;0;0;0;0;0;0;0;0;0;0;0;0;0;0;0;0;0;1;1;0;0;0;1;6;9;2;1;1;1;0;0;0;1;0;1
74077;Clarafond-Arcine;84;74;0;0;0;0;0;0;0;0;0;0;0;0;0;0;0;0;0;0;0;0;0;0;0;0;0;2;2;0;0;0;0;0;0;1;0;0;2
74078;Clermont;84;74;0;0;0;0;0;0;0;0;0;0;0;0;0;0;0;0;0;0;0;1;0;0;0;0;0;0;1;1;1;0;0;0;0;1;0;0;0
74079;Les Clefs;84;74;0;0;0;0;0;0;0;0;0;0;0;0;0;0;0;0;0;0;0;0;0;0;0;0;0;1;2;3;2;1;2;0;0;2;2;0;0
74080;La Clusaz;84;74;0;0;0;0;0;0;0;0;0;0;0;0;0;0;0;4;1;1;0;0;1;0;0;0;1;6;15;6;3;0;4;0;0;59;6;2;1
74081;Cluses;84;74;1;0;0;0;0;0;0;0;0;0;1;1;0;0;1;16;2;2;0;0;24;2;4;6;21;44;17;11;20;10;32;2;16;70;23;5;14
74082;Collonges-sous-Salève;84;74;0;0;0;0;0;0;0;0;0;0;0;0;0;0;0;2;0;1;0;0;3;0;0;1;8;4;2;0;3;2;5;1;0;12;5;1;3
74083;Combloux;84;74;0;0;0;0;0;0;0;0;0;0;0;0;0;0;0;2;1;1;0;0;5;1;0;1;17;12;21;8;4;0;4;0;1;16;10;1;7
74085;Les Contamines-Montjoie;84;74;0;0;0;0;0;0;0;0;0;0;0;0;0;0;0;2;0;0;0;1;2;0;0;0;4;5;3;5;3;0;1;0;0;30;7;1;0
74086;Contamine-Sarzin;84;74;0;0;0;0;0;0;0;0;0;0;0;0;0;0;0;0;0;0;0;0;0;0;0;0;1;0;1;1;0;0;0;0;0;0;1;0;0
74087;Contamine-sur-Arve;84;74;0;0;0;0;0;0;0;0;0;0;0;0;0;0;0;0;1;0;0;1;4;0;0;0;1;1;3;2;4;1;2;0;0;3;0;0;1
74088;Copponex;84;74;0;0;0;0;0;0;0;0;0;0;0;0;0;0;0;0;0;0;0;0;1;0;0;0;1;1;4;0;1;0;1;0;0;2;0;0;0
74089;Cordon;84;74;0;0;0;0;0;0;0;0;0;0;0;0;0;0;0;0;0;0;0;0;0;0;0;0;2;2;9;7;5;0;2;0;0;5;3;0;0
74090;Cornier;84;74;0;0;0;0;0;0;0;0;0;0;0;0;0;0;0;0;0;0;0;1;2;0;0;1;1;0;2;2;0;1;1;0;0;2;1;0;1
74091;La Côte-d'Arbroz;84;74;0;0;0;0;0;0;0;0;0;0;0;0;0;0;0;0;0;0;0;0;0;0;0;0;0;0;3;0;0;0;0;0;0;6;0;0;0
74093;Cran-Gevrier;84;74;0;0;0;0;0;0;0;0;0;0;0;0;0;0;0;8;0;2;0;0;37;4;4;4;34;80;31;27;38;9;22;3;3;38;20;4;13
74094;Cranves-Sales;84;74;0;0;0;0;0;0;0;0;0;0;0;0;0;0;0;2;0;1;0;0;6;0;0;0;10;11;12;2;5;1;5;0;0;6;6;0;9
74095;Crempigny-Bonneguête;84;74;0;0;0;0;0;0;0;0;0;0;0;0;0;0;0;0;0;0;0;0;0;0;0;0;0;0;0;1;0;0;1;0;0;0;0;0;0
74096;Cruseilles;84;74;0;1;0;0;0;0;0;0;0;0;1;0;0;0;0;5;2;1;0;0;5;0;0;2;3;7;3;9;7;3;7;2;0;16;7;1;7
74097;Cusy;84;74;0;0;0;0;0;0;0;0;0;0;0;0;0;0;0;0;0;1;0;0;5;1;0;0;3;4;8;0;1;2;2;1;0;3;1;0;3
74098;Cuvat;84;74;0;0;0;0;0;0;0;0;0;0;0;0;0;0;0;0;0;0;0;0;1;0;0;0;1;1;2;0;1;1;0;0;0;1;0;0;0
74099;Demi-Quartier;84;74;0;0;0;0;0;0;0;0;0;0;0;0;0;0;0;0;0;0;0;0;2;0;0;0;6;4;5;1;2;1;2;0;0;5;2;0;3
74100;Desingy;84;74;0;0;0;0;0;0;0;0;0;0;0;0;0;0;0;0;0;0;0;0;0;0;0;0;1;0;4;1;2;0;0;0;0;0;0;0;0
74101;Dingy-en-Vuache;84;74;0;0;0;0;0;0;0;0;0;0;0;0;0;0;0;0;0;0;0;0;0;0;0;0;0;0;0;0;2;0;0;0;0;0;0;0;0
74102;Dingy-Saint-Clair;84;74;0;0;0;0;0;0;0;0;0;0;0;0;0;0;0;0;0;0;1;0;1;0;0;0;3;1;4;2;4;1;1;0;0;3;0;0;2
74103;Domancy;84;74;0;0;0;0;0;0;0;0;0;0;0;0;0;0;0;0;0;0;0;0;9;0;0;0;0;7;12;7;6;3;1;4;0;5;4;1;2
74104;Doussard;84;74;0;0;0;0;0;0;0;0;0;0;0;0;0;0;0;1;0;1;0;0;13;1;0;0;3;7;14;8;8;0;10;1;0;14;2;1;3
74105;Douvaine;84;74;0;1;0;0;0;0;0;0;0;0;1;0;0;0;0;8;1;1;0;0;12;1;0;1;14;6;11;10;8;4;8;2;0;20;17;1;9
74106;Draillant;84;74;0;0;0;0;0;0;0;0;0;0;0;0;0;0;0;1;0;0;0;0;1;0;0;0;2;1;2;0;0;1;1;0;0;0;1;0;1
74107;Droisy;84;74;0;0;0;0;0;0;0;0;0;0;0;0;0;0;0;0;0;0;0;0;0;0;0;0;0;0;0;0;0;0;0;0;0;0;0;0;0
74108;Duingt;84;74;0;0;0;0;0;0;0;0;0;0;0;0;0;0;0;0;0;0;1;0;0;0;0;0;4;1;2;1;1;2;0;0;0;4;2;0;1
74109;Éloise;84;74;0;0;0;0;0;0;0;0;0;0;0;0;0;0;0;0;0;0;0;0;3;0;0;0;0;2;1;1;1;1;0;0;0;0;0;0;0
74110;Entremont;84;74;0;0;0;0;0;0;0;0;0;0;0;0;0;0;0;0;0;0;0;1;1;0;0;0;1;2;5;0;2;0;0;0;0;2;0;0;2
74111;Entrevernes;84;74;0;0;0;0;0;0;0;0;0;0;0;0;0;0;0;0;0;0;0;0;0;0;0;0;0;0;0;2;0;0;2;0;0;0;0;0;0
74112;Epagny Metz-Tessy;84;74;0;0;0;0;0;0;0;0;0;0;1;0;0;0;0;7;0;1;0;1;15;2;1;1;14;15;16;8;13;7;12;1;2;34;12;1;14
74114;Essert-Romand;84;74;0;0;0;0;0;0;0;0;0;0;0;0;0;0;0;0;0;0;0;0;0;0;0;0;1;4;8;3;2;1;2;0;0;5;1;0;0
74116;Etaux;84;74;0;0;0;0;0;0;0;0;0;0;0;0;0;0;0;0;0;0;0;0;3;0;0;0;4;1;7;0;1;0;4;0;0;5;2;0;1
74117;Étercy;84;74;0;0;0;0;0;0;0;0;0;0;0;0;0;0;0;0;0;0;0;0;0;0;0;0;0;0;2;2;3;0;0;0;0;0;0;0;0
74118;Étrembières;84;74;0;0;0;0;0;0;0;0;0;0;0;0;0;0;0;0;0;1;0;0;4;1;0;0;7;4;3;1;0;1;3;0;0;9;1;1;5
74119;Évian-les-Bains;84;74;1;1;0;0;0;0;0;0;0;0;1;0;0;0;0;11;2;1;0;0;4;1;0;3;8;13;8;11;8;4;19;3;1;84;26;4;14
74120;Évires;84;74;0;0;0;0;0;0;0;0;0;0;0;0;0;0;0;0;0;0;0;0;0;0;0;0;3;2;6;3;3;0;1;0;0;3;0;0;0
74121;Excenevex;84;74;0;0;0;0;0;0;0;0;0;0;0;0;0;0;0;0;1;0;1;0;0;0;0;0;2;1;4;2;1;0;0;0;0;10;1;0;1
74122;Faucigny;84;74;0;0;0;0;0;0;0;0;0;0;0;0;0;0;0;0;0;0;0;0;1;0;0;0;1;0;0;0;0;1;1;0;0;0;0;0;2
74123;Faverges-Seythenex;84;74;0;1;0;0;0;0;0;0;0;0;1;1;0;0;0;8;1;1;0;0;14;1;0;2;11;20;17;8;13;3;13;1;0;26;7;2;7
74124;Feigères;84;74;0;0;0;0;0;0;0;0;0;0;0;0;0;0;0;0;0;0;0;0;0;0;0;0;0;0;4;2;2;1;1;1;0;2;0;0;2
74126;Fessy;84;74;0;0;0;0;0;0;0;0;0;0;0;0;0;0;0;0;0;0;0;0;1;0;0;0;1;2;4;3;1;0;0;0;0;2;0;0;0
74127;Féternes;84;74;0;0;0;0;0;0;0;0;0;0;0;0;0;0;0;0;0;0;0;1;0;0;0;1;0;2;5;3;2;0;2;0;0;2;1;1;1
74128;Fillinges;84;74;0;0;0;0;0;0;0;0;0;0;0;0;0;0;0;0;0;0;0;1;3;0;0;0;6;4;9;6;3;1;4;0;0;4;4;1;2
74129;La Forclaz;84;74;0;0;0;0;0;0;0;0;0;0;0;0;0;0;0;0;0;0;0;0;1;0;0;0;0;1;2;1;0;1;0;0;0;2;0;0;0
74130;Franclens;84;74;0;0;0;0;0;0;0;0;0;0;0;0;0;0;0;0;0;0;0;0;0;0;0;0;0;0;1;0;0;0;1;0;0;0;0;0;1
74131;Frangy;84;74;0;1;0;0;0;0;0;0;0;0;1;0;0;0;0;3;0;1;0;0;3;0;0;1;3;3;6;1;4;0;7;1;0;3;4;0;1
74133;Gaillard;84;74;0;0;0;0;0;0;0;0;0;0;0;0;0;0;0;7;0;1;0;0;10;1;1;4;12;18;8;14;8;7;14;2;0;39;17;4;6
74134;Les Gets;84;74;0;0;0;0;0;0;0;0;0;0;0;0;0;0;0;3;0;1;0;0;2;0;0;0;7;3;7;3;2;2;4;0;0;52;18;0;2
74135;Giez;84;74;0;0;0;0;0;0;0;0;0;0;0;0;0;0;0;0;0;0;0;0;2;0;0;1;1;0;3;1;1;0;0;0;0;3;0;0;0
74136;Le Grand-Bornand;84;74;0;0;0;0;0;0;0;0;0;0;0;0;0;0;0;5;0;1;0;0;5;0;0;1;5;2;15;4;4;1;4;0;0;54;11;1;2
74137;Groisy;84;74;0;1;0;0;0;0;0;0;0;0;0;0;0;0;0;1;0;1;0;0;9;1;0;0;4;3;13;4;4;0;2;2;0;4;1;0;0
74138;Gruffy;84;74;0;0;0;0;0;0;0;0;0;0;0;0;0;0;0;0;0;1;0;0;2;0;0;0;3;5;4;5;0;1;2;0;0;3;2;0;1
74139;Habère-Lullin;84;74;0;0;0;0;0;0;0;0;0;0;0;0;0;0;0;0;0;0;0;0;0;0;0;0;1;4;2;2;3;0;0;0;0;4;2;0;1
74140;Habère-Poche;84;74;0;0;0;0;0;0;0;0;0;0;0;0;0;0;0;0;0;0;0;1;3;0;0;0;1;2;7;2;2;1;1;0;0;4;3;0;0
74141;Hauteville-sur-Fier;84;74;0;0;0;0;0;0;0;0;0;0;0;0;0;0;0;0;0;0;0;1;3;0;0;0;1;3;5;7;1;0;2;0;0;2;0;0;0
74142;Héry-sur-Alby;84;74;0;0;0;0;0;0;0;0;0;0;0;0;0;0;0;0;0;0;0;0;1;0;0;0;1;1;6;1;2;0;0;0;0;2;0;0;2
74143;Les Houches;84;74;0;0;0;0;0;0;0;0;0;0;0;0;0;0;0;1;0;1;0;0;6;1;0;0;7;12;32;12;14;0;4;1;0;25;10;2;3
74144;Jonzier-Épagny;84;74;0;0;0;0;0;0;0;0;0;0;0;0;0;0;0;0;0;0;0;0;0;0;0;0;0;0;0;0;0;0;0;0;0;0;0;0;1
74145;Juvigny;84;74;0;0;0;0;0;0;0;0;0;0;0;0;0;0;0;0;0;0;0;0;0;0;0;0;0;1;1;1;2;0;0;0;0;1;0;0;0
74146;Larringes;84;74;0;0;0;0;0;0;0;0;0;0;0;0;0;0;0;0;0;0;0;0;1;0;0;0;1;1;3;3;2;3;1;0;0;2;0;0;1
74147;Lathuile;84;74;0;0;0;0;0;0;0;0;0;0;0;0;0;0;0;0;0;0;0;0;1;0;0;0;0;2;1;2;1;0;1;0;0;0;0;0;0
74148;Leschaux;84;74;0;0;0;0;0;0;0;0;0;0;0;0;0;0;0;0;0;0;0;0;0;0;0;0;1;0;0;0;1;0;0;0;0;4;0;0;1
74150;Loisin;84;74;0;0;0;0;0;0;0;0;0;0;0;0;0;0;0;0;1;0;0;0;3;0;0;0;4;1;1;1;0;0;3;0;0;6;1;1;0
74151;Lornay;84;74;0;0;0;0;0;0;0;0;0;0;0;0;0;0;0;0;0;0;0;0;0;0;0;0;1;0;1;0;1;1;0;0;0;0;0;0;0
74152;Lovagny;84;74;0;0;0;0;0;0;0;0;0;0;0;0;0;0;0;0;0;0;0;1;1;0;0;0;2;1;3;3;6;0;2;0;0;5;0;0;0
74153;Lucinges;84;74;0;0;0;0;0;0;0;0;0;0;0;0;0;0;0;0;0;0;0;0;2;0;0;0;1;0;2;1;1;1;2;1;0;1;1;0;0
74154;Lugrin;84;74;0;0;0;0;0;0;0;0;0;0;0;0;0;0;0;0;0;1;0;0;1;0;0;0;1;6;4;9;1;0;2;0;0;4;4;0;2
74155;Lullin;84;74;0;0;0;0;0;0;0;0;0;0;0;0;0;0;0;0;1;0;0;1;2;0;0;0;4;2;3;0;0;0;1;0;0;3;1;0;0
74156;Lully;84;74;0;0;0;0;0;0;0;0;0;0;0;0;0;0;0;0;0;0;0;0;6;0;0;0;0;1;6;1;0;0;0;0;0;1;0;0;0
74157;Lyaud;84;74;0;0;0;0;0;0;0;0;0;0;0;0;0;0;0;0;0;0;1;0;0;0;0;0;1;1;4;0;3;0;1;0;0;1;2;0;1
74158;Machilly;84;74;0;0;0;0;0;0;0;0;0;0;0;0;0;0;0;0;0;0;0;1;0;0;0;0;1;1;0;3;0;0;0;0;0;1;0;1;0
74159;Magland;84;74;0;0;0;0;0;0;0;0;0;0;0;0;0;0;0;1;0;1;0;0;7;0;1;0;4;7;12;4;2;1;3;0;0;10;1;2;4
74160;Manigod;84;74;0;0;0;0;0;0;0;0;0;0;0;0;0;0;0;0;0;0;0;1;2;0;1;0;0;2;4;2;1;0;2;0;0;8;4;0;0
74161;Marcellaz-Albanais;84;74;0;0;0;0;0;0;0;0;0;0;0;0;0;0;0;0;0;0;0;1;0;0;0;0;4;5;3;4;2;1;2;0;0;2;4;1;3
74162;Marcellaz;84;74;0;0;0;0;0;0;0;0;0;0;0;0;0;0;0;0;0;0;0;0;1;0;0;0;2;3;2;0;1;0;0;0;0;1;0;0;1
74163;Margencel;84;74;0;0;0;0;0;0;0;0;0;0;0;0;0;0;0;0;1;1;0;0;4;2;1;0;4;4;9;8;2;2;3;1;0;11;2;2;0
74164;Marignier;84;74;0;1;0;0;0;0;0;0;0;0;0;0;0;0;0;5;0;1;0;0;17;0;0;1;9;12;14;13;5;3;11;0;3;11;3;1;7
74165;Marigny-Saint-Marcel;84;74;0;0;0;0;0;0;0;0;0;0;0;0;0;0;0;0;0;0;0;0;0;0;1;0;0;0;3;4;1;0;1;0;0;1;0;0;0
74166;Marin;84;74;0;0;0;0;0;0;0;0;0;0;0;0;0;0;0;0;1;0;0;0;4;1;0;0;1;4;4;4;7;0;1;0;0;3;1;0;1
74167;Val de Chaise;84;74;0;0;0;0;0;0;0;0;0;0;0;0;0;0;0;0;0;0;0;0;1;0;0;0;1;3;3;3;5;0;1;0;0;3;0;0;0
74168;Marlioz;84;74;0;0;0;0;0;0;0;0;0;0;0;0;0;0;0;0;1;0;0;0;1;0;1;0;0;0;1;1;1;0;0;0;0;1;0;0;0
74169;Marnaz;84;74;0;0;0;0;0;0;0;0;0;0;0;0;0;0;0;2;0;1;0;0;18;3;0;0;10;14;17;9;8;1;6;2;0;9;1;2;4
74170;Massingy;84;74;0;0;0;0;0;0;0;0;0;0;0;0;0;0;0;0;0;0;0;0;0;0;0;0;0;0;3;3;1;1;1;0;1;1;1;0;0
74171;Massongy;84;74;0;0;0;0;0;0;0;0;0;0;0;0;0;0;0;0;0;0;0;0;1;0;0;0;0;6;2;0;1;2;1;0;0;2;2;0;2
74172;Maxilly-sur-Léman;84;74;0;0;0;0;0;0;0;0;0;0;0;0;0;0;0;0;0;0;0;0;1;0;0;0;2;0;3;1;4;1;3;0;0;4;3;0;2
74173;Megève;84;74;0;1;0;0;0;0;0;0;0;0;0;0;0;0;0;8;0;1;0;0;3;0;0;1;10;16;35;11;9;5;10;1;0;88;41;3;4
74174;Mégevette;84;74;0;0;0;0;0;0;0;0;0;0;0;0;0;0;0;0;0;0;0;0;0;0;0;0;0;1;3;2;0;0;0;0;0;0;0;0;0
74175;Meillerie;84;74;0;0;0;0;0;0;0;0;0;0;0;0;0;0;0;0;0;0;0;1;0;0;0;0;0;0;0;1;0;0;0;0;0;2;1;0;0
74176;Menthon-Saint-Bernard;84;74;0;0;0;0;0;0;0;0;0;0;0;0;0;0;0;1;1;1;0;0;0;0;0;0;2;2;4;2;3;1;2;0;0;8;9;0;2
74177;Menthonnex-en-Bornes;84;74;0;0;0;0;0;0;0;0;0;0;0;0;0;0;0;0;0;0;0;0;0;0;0;0;0;1;4;0;1;0;0;0;0;2;0;0;0
74178;Menthonnex-sous-Clermont;84;74;0;0;0;0;0;0;0;0;0;0;0;0;0;0;0;0;0;0;0;0;3;0;0;0;0;0;5;2;1;0;2;0;0;1;0;0;1
74179;Mésigny;84;74;0;0;0;0;0;0;0;0;0;0;0;0;0;0;0;0;0;0;0;0;1;0;0;0;1;3;2;1;2;0;1;0;0;1;0;0;1
74180;Messery;84;74;0;0;0;0;0;0;0;0;0;0;0;0;0;0;0;0;1;1;0;0;1;0;0;0;0;1;1;1;2;1;3;1;0;9;3;1;0
74182;Meythet;84;74;0;1;0;0;0;0;0;0;0;0;0;1;0;0;0;6;0;1;0;0;23;2;3;3;21;27;27;18;18;7;9;1;1;23;3;1;9
74183;Mieussy;84;74;0;0;0;0;0;0;0;0;0;0;0;0;0;0;0;0;0;0;0;1;3;0;0;0;11;3;6;2;3;0;5;0;0;13;4;0;1
74184;Minzier;84;74;0;0;0;0;0;0;0;0;0;0;0;0;0;0;0;0;0;0;0;0;1;0;0;0;0;0;2;1;2;1;0;0;0;1;0;0;0
74185;Monnetier-Mornex;84;74;0;0;0;0;0;0;0;0;0;0;0;0;0;0;0;0;0;1;0;1;2;0;0;0;1;4;3;1;1;1;3;0;0;7;1;0;2
74186;Montagny-les-Lanches;84;74;0;0;0;0;0;0;0;0;0;0;0;0;0;0;0;0;0;0;0;0;1;0;0;0;1;0;4;0;0;0;1;0;0;2;0;0;1
74188;Montriond;84;74;0;1;0;0;0;0;0;0;0;0;0;0;0;0;0;0;0;0;0;1;5;1;0;0;3;2;6;5;2;2;0;0;0;23;3;0;1
74189;Mont-Saxonnex;84;74;0;0;0;0;0;0;0;0;0;0;0;0;0;0;0;0;0;0;0;1;2;0;0;0;1;2;4;3;2;1;2;0;0;3;4;0;1
74190;Morillon;84;74;0;0;0;0;0;0;0;0;0;0;0;0;0;0;0;0;0;0;0;0;1;0;0;0;0;0;4;2;1;0;1;0;0;19;7;2;0
74191;Morzine;84;74;0;0;0;0;0;0;0;0;0;0;0;1;0;0;0;9;0;1;0;1;5;1;0;1;10;8;28;11;12;6;8;1;0;114;24;7;3
74192;Moye;84;74;0;0;0;0;0;0;0;0;0;0;0;0;0;0;0;0;0;0;0;0;1;0;0;0;0;1;7;1;4;2;2;0;0;0;0;0;1
74193;La Muraz;84;74;0;0;0;0;0;0;0;0;0;0;0;0;0;0;0;0;0;0;0;0;0;0;0;0;0;1;1;1;1;0;1;0;0;3;1;0;0
74194;Mûres;84;74;0;0;0;0;0;0;0;0;0;0;0;0;0;0;0;0;0;0;0;0;1;0;0;1;2;4;6;3;3;0;0;0;0;1;1;0;0
74195;Musièges;84;74;0;0;0;0;0;0;0;0;0;0;0;0;0;0;0;0;0;0;0;0;1;1;0;0;1;0;4;0;0;0;0;0;0;2;0;0;0
74196;Nancy-sur-Cluses;84;74;0;0;0;0;0;0;0;0;0;0;0;0;0;0;0;0;0;0;0;0;0;0;0;0;0;2;4;1;0;0;0;0;0;2;0;0;0
74197;Nangy;84;74;0;0;0;0;0;0;0;0;0;0;0;0;0;0;0;0;0;0;0;0;1;0;0;0;2;1;3;1;0;0;2;1;0;1;1;0;3
74198;Nâves-Parmelan;84;74;0;0;0;0;0;0;0;0;0;0;0;0;0;0;0;0;0;0;1;0;2;0;0;0;2;1;4;2;0;1;0;0;0;0;0;0;0
74199;Nernier;84;74;0;0;0;0;0;0;0;0;0;0;0;0;0;0;0;0;0;0;0;0;0;0;0;0;0;0;0;0;0;0;0;0;0;7;0;0;0
74200;Neuvecelle;84;74;0;0;0;0;0;0;0;0;0;0;0;0;0;0;0;0;0;0;0;0;1;0;0;1;1;8;6;2;2;0;4;0;0;9;3;1;1
74201;Neydens;84;74;0;0;0;0;0;0;0;0;0;0;0;0;0;0;0;0;0;0;0;0;6;1;0;1;5;0;3;3;3;2;2;0;0;6;3;1;0
74202;Nonglard;84;74;0;0;0;0;0;0;0;0;0;0;0;0;0;0;0;0;0;0;0;0;0;0;0;0;1;3;2;0;2;0;1;0;0;0;1;0;0
74203;Novel;84;74;0;0;0;0;0;0;0;0;0;0;0;0;0;0;0;0;0;0;0;0;0;0;0;0;0;0;0;0;1;1;0;0;0;0;0;0;0
74204;Les Ollières;84;74;0;0;0;0;0;0;0;0;0;0;0;0;0;0;0;0;0;0;0;0;1;0;0;0;1;0;3;1;2;0;0;0;0;1;1;0;0
74205;Onnion;84;74;0;0;0;0;0;0;0;0;0;0;0;0;0;0;0;0;0;0;1;0;0;0;0;0;3;2;3;3;0;2;2;0;0;5;0;0;0
74206;Orcier;84;74;0;0;0;0;0;0;0;0;0;0;0;0;0;0;0;0;1;0;0;0;3;0;0;0;1;2;9;6;2;1;0;0;0;0;0;0;0
74208;Passy;84;74;0;1;0;0;0;0;0;0;0;0;0;0;0;0;0;1;2;2;1;0;14;1;0;2;27;23;47;36;24;9;13;0;0;30;7;3;11
74209;Peillonnex;84;74;0;0;0;0;0;0;0;0;0;0;0;0;0;0;0;0;0;0;0;1;0;0;0;0;0;4;1;1;3;0;3;0;0;1;0;0;1
74210;Perrignier;84;74;0;0;0;0;0;0;0;0;0;0;0;0;0;0;0;0;0;1;0;0;6;0;0;0;4;2;5;6;4;0;3;0;0;3;1;0;2
74211;Pers-Jussy;84;74;0;0;0;0;0;0;0;0;0;0;0;0;0;0;0;0;0;0;0;1;5;0;0;0;4;0;6;1;4;2;4;0;0;2;1;0;3
74212;Le Petit-Bornand-les-Glières;84;74;0;0;0;0;0;0;0;0;0;0;0;0;0;0;0;0;0;0;1;0;3;0;0;0;4;4;5;0;2;0;0;0;0;9;1;0;0
74213;Poisy;84;74;0;0;0;0;0;0;0;0;0;0;0;0;0;0;0;1;0;1;0;0;12;0;0;1;13;13;20;13;14;4;7;2;0;7;7;0;10
74215;Praz-sur-Arly;84;74;0;0;0;0;0;0;0;0;0;0;0;0;0;0;0;0;0;0;1;0;1;0;0;0;6;5;10;4;4;0;4;0;0;13;5;1;1
74216;Présilly;84;74;0;0;0;0;0;0;0;0;0;0;0;0;0;0;0;0;0;0;0;0;4;0;0;0;2;4;2;2;2;0;0;0;0;1;1;0;0
74217;Pringy;84;74;0;0;0;0;0;0;0;0;0;0;0;0;0;0;0;2;1;1;0;0;13;2;2;2;8;11;11;7;11;1;6;1;0;10;10;0;2
74218;Publier;84;74;0;0;0;0;0;0;0;0;0;0;0;0;0;0;0;1;1;1;0;1;5;0;0;1;4;11;7;17;6;5;13;2;1;13;11;1;9
74219;Quintal;84;74;0;0;0;0;0;0;0;0;0;0;0;0;0;0;0;0;0;0;1;0;1;0;0;0;0;2;2;3;1;0;1;1;0;2;4;0;2
74220;Reignier-Ésery;84;74;0;1;0;0;0;0;0;0;0;0;1;0;0;0;0;7;1;1;0;0;6;1;0;1;11;6;10;10;5;3;8;5;0;11;9;3;6
74221;Le Reposoir;84;74;0;0;0;0;0;0;0;0;0;0;0;0;0;0;0;0;0;0;0;0;1;0;0;0;2;0;4;1;1;0;0;0;0;1;0;0;1
74222;Reyvroz;84;74;0;0;0;0;0;0;0;0;0;0;0;0;0;0;0;0;0;0;1;0;0;0;0;0;1;1;6;0;1;0;0;0;0;3;0;0;0
74223;La Rivière-Enverse;84;74;0;0;0;0;0;0;0;0;0;0;0;0;0;0;0;0;0;0;0;0;0;0;0;0;2;1;3;2;0;0;0;0;0;0;0;0;0
74224;La Roche-sur-Foron;84;74;0;1;0;0;0;0;0;0;0;0;1;0;0;0;0;12;2;1;0;0;17;1;1;3;9;23;22;13;9;1;16;7;9;36;26;5;8
74225;Rumilly;84;74;0;1;0;0;0;0;0;0;0;0;1;1;0;0;0;12;2;1;0;0;33;2;1;8;11;39;36;19;11;4;23;5;10;46;14;2;15
74226;Saint-André-de-Boëge;84;74;0;0;0;0;0;0;0;0;0;0;0;0;0;0;0;0;1;0;0;0;0;0;0;0;1;0;2;0;0;0;0;0;0;1;0;0;0
74228;Saint-Blaise;84;74;0;0;0;0;0;0;0;0;0;0;0;0;0;0;0;0;0;0;1;0;0;0;0;0;0;0;0;0;1;0;0;0;0;0;0;0;0
74229;Saint-Cergues;84;74;0;0;0;0;0;0;0;0;0;0;0;0;0;0;0;3;0;1;0;0;7;0;0;3;1;3;7;8;0;1;6;1;0;9;4;3;5
74231;Saint-Eusèbe;84;74;0;0;0;0;0;0;0;0;0;0;0;0;0;0;0;0;0;0;0;0;0;0;0;0;0;2;4;2;3;0;1;1;0;0;0;0;1
74232;Saint-Eustache;84;74;0;0;0;0;0;0;0;0;0;0;0;0;0;0;0;0;0;0;0;0;0;0;0;0;1;1;3;0;0;1;0;0;0;0;0;0;1
74233;Saint-Félix;84;74;0;0;0;0;0;0;0;0;0;0;0;0;0;0;0;2;0;0;1;0;4;1;0;0;4;12;5;9;5;1;2;0;0;7;1;1;2
74234;Saint-Ferréol;84;74;0;0;0;0;0;0;0;0;0;0;0;0;0;0;0;0;0;0;0;0;0;0;0;0;5;3;1;1;1;1;0;0;0;0;0;0;1
74235;Saint-Germain-sur-Rhône;84;74;0;0;0;0;0;0;0;0;0;0;0;0;0;0;0;0;0;0;0;0;1;0;0;0;2;0;0;0;2;1;0;0;0;1;0;0;0
74236;Saint-Gervais-les-Bains;84;74;0;1;0;0;0;0;0;0;0;0;1;0;0;0;0;4;0;2;1;0;5;0;0;6;18;15;37;14;13;3;10;0;0;81;17;1;6
74237;Saint-Gingolph;84;74;0;0;0;0;0;0;0;0;0;0;0;0;0;0;0;1;0;1;0;0;1;0;0;0;0;1;2;0;0;0;1;0;0;10;3;0;1
74238;Saint-Jean-d'Aulps;84;74;0;0;0;0;0;0;0;0;0;0;1;0;0;0;0;1;1;1;0;0;3;0;0;0;4;2;16;3;2;0;2;0;0;16;13;1;1
74239;Saint-Jean-de-Sixt;84;74;0;0;0;0;0;0;0;0;0;0;0;0;0;0;0;0;0;1;0;0;2;0;0;1;4;1;10;4;2;1;1;0;0;7;2;0;0
74240;Saint-Jean-de-Tholome;84;74;0;0;0;0;0;0;0;0;0;0;0;0;0;0;0;0;0;0;0;0;1;0;0;0;2;3;3;3;2;1;1;0;0;1;0;0;1
74241;Saint-Jeoire;84;74;0;1;0;0;0;0;0;0;0;0;0;0;0;0;0;3;1;1;0;0;9;1;0;2;3;10;11;8;8;2;5;1;0;12;1;0;3
74242;Saint-Jorioz;84;74;0;1;0;0;0;0;0;0;0;0;0;0;0;0;0;4;0;1;0;0;4;0;0;1;3;9;14;10;5;0;8;0;0;11;12;0;4
74243;Saint-Julien-en-Genevois;84;74;0;1;0;0;0;0;0;0;0;0;1;1;0;1;0;14;1;1;0;0;10;1;1;4;14;16;6;7;5;2;14;2;0;37;21;5;8
74244;Saint-Laurent;84;74;0;0;0;0;0;0;0;0;0;0;0;0;0;0;0;0;0;0;0;0;1;0;0;0;0;2;1;0;2;0;0;0;0;1;1;0;0
74245;Saint-Martin-Bellevue;84;74;0;0;0;0;0;0;0;0;0;0;0;0;0;0;0;0;0;0;1;0;6;0;0;0;3;4;9;4;6;0;7;6;0;2;4;0;2
74249;Saint-Paul-en-Chablais;84;74;0;0;0;0;0;0;0;0;0;0;0;0;0;0;0;1;0;1;0;0;3;1;0;0;4;7;12;4;3;3;3;0;0;3;3;0;2
74250;Saint-Pierre-en-Faucigny;84;74;0;0;0;0;0;0;0;0;0;0;1;0;0;0;0;2;1;1;0;0;12;2;0;0;8;19;13;10;9;3;6;1;1;8;6;0;7
74252;Saint-Sigismond;84;74;0;0;0;0;0;0;0;0;0;0;0;0;0;0;0;0;0;0;0;0;1;0;0;0;4;0;2;0;1;0;0;0;0;1;0;0;0
74253;Saint-Sixt;84;74;0;0;0;0;0;0;0;0;0;0;0;0;0;0;0;0;0;0;0;0;1;0;0;0;3;0;1;1;1;0;0;0;0;4;1;0;0
74254;Saint-Sylvestre;84;74;0;0;0;0;0;0;0;0;0;0;0;0;0;0;0;0;0;0;0;0;0;0;0;0;0;3;4;2;0;2;0;0;0;0;0;0;0
74255;Sales;84;74;0;0;0;0;0;0;0;0;0;0;0;0;0;0;0;0;0;0;0;0;2;0;0;0;4;0;3;2;5;0;1;0;0;0;2;0;0
74256;Sallanches;84;74;0;1;0;0;0;0;0;0;0;0;4;1;0;0;0;14;2;1;0;0;33;3;4;7;22;41;52;31;38;3;29;3;5;63;36;4;22
74257;Sallenôves;84;74;0;0;0;0;0;0;0;0;0;0;0;0;0;0;0;0;0;0;0;1;1;0;0;0;2;1;2;3;0;0;2;0;0;3;0;0;1
74258;Samoëns;84;74;0;1;0;0;0;0;0;0;0;0;0;0;0;0;0;3;0;1;0;0;7;0;0;0;4;5;18;8;10;3;6;1;0;44;10;2;2
74259;Le Sappey;84;74;0;0;0;0;0;0;0;0;0;0;0;0;0;0;0;0;0;0;0;0;0;0;0;0;0;0;1;0;1;0;0;0;0;2;0;0;0
74260;Savigny;84;74;0;0;0;0;0;0;0;0;0;0;0;0;0;0;0;0;0;0;0;0;1;0;0;0;1;1;1;2;0;1;2;0;0;0;0;0;1
74261;Saxel;84;74;0;0;0;0;0;0;0;0;0;0;0;0;0;0;0;0;0;0;0;0;1;0;0;0;0;1;1;2;3;0;0;0;0;2;0;0;0
74262;Scientrier;84;74;0;0;0;0;0;0;0;0;0;0;0;0;0;0;0;0;0;0;0;0;1;0;0;0;8;1;1;0;1;3;1;0;0;0;1;0;0
74263;Sciez;84;74;0;0;0;0;0;0;0;0;0;0;0;0;0;0;0;2;1;1;0;0;8;0;0;1;6;10;20;15;7;2;7;1;0;18;18;1;5
74264;Scionzier;84;74;0;1;0;0;0;0;0;0;0;0;0;0;0;0;0;4;1;1;0;0;24;1;0;0;24;26;10;20;7;3;6;0;0;16;4;0;3
74265;Serraval;84;74;0;0;0;0;0;0;0;0;0;0;0;0;0;0;0;0;0;0;1;0;0;0;0;0;2;2;5;0;1;0;3;0;0;1;1;0;0
74266;Servoz;84;74;0;0;0;0;0;0;0;0;0;0;0;0;0;0;0;0;0;0;0;1;0;0;0;0;1;2;10;5;1;1;0;0;0;5;1;1;1
74267;Sévrier;84;74;0;0;0;0;0;0;0;0;0;0;0;0;0;0;0;4;0;1;0;0;9;1;0;0;6;11;9;3;4;1;2;2;0;25;5;3;5
74268;Seynod;84;74;0;1;0;0;0;0;0;0;0;0;5;1;0;0;0;12;2;1;1;0;37;4;9;5;27;66;49;41;33;7;20;3;1;47;20;3;17
74269;Seyssel;84;74;0;1;0;0;0;0;0;0;0;0;1;0;0;0;0;3;1;1;0;0;8;2;0;1;4;4;5;3;2;0;7;3;0;7;4;2;4
74271;Seytroux;84;74;0;0;0;0;0;0;0;0;0;0;0;0;0;0;0;0;0;0;0;0;0;0;0;0;2;1;5;2;3;0;0;0;0;1;0;0;0
74272;Sillingy;84;74;0;0;0;0;0;0;0;0;0;0;0;0;0;0;0;1;2;1;0;0;14;3;0;1;5;13;27;12;8;1;5;2;0;14;5;1;3
74273;Sixt-Fer-à-Cheval;84;74;0;0;0;0;0;0;0;0;0;0;0;0;0;0;0;0;0;0;0;1;1;0;0;0;5;0;15;3;3;1;1;0;0;7;1;0;0
74274;Val-de-Fier;84;74;0;0;0;0;0;0;0;0;0;0;0;0;0;0;0;0;0;0;0;0;0;0;0;0;1;0;2;1;1;0;0;0;0;1;0;0;3
74275;Talloires-Montmin;84;74;0;0;0;0;0;0;0;0;0;0;0;0;0;0;0;0;0;1;0;0;1;0;0;0;0;3;6;6;1;3;2;0;0;22;10;1;2
74276;Taninges;84;74;0;1;0;0;0;0;0;0;0;0;1;0;0;0;0;4;1;1;0;0;9;1;0;1;8;6;17;10;5;3;3;3;0;27;5;1;2
74278;Thyez;84;74;0;0;0;0;0;0;0;0;0;0;0;0;0;0;0;1;0;1;0;0;14;1;0;1;9;14;14;11;9;5;4;3;0;11;4;0;6
74279;Thollon-les-Mémises;84;74;0;0;0;0;0;0;0;0;0;0;0;0;0;0;0;0;1;0;0;1;1;0;0;0;1;2;2;1;1;0;0;0;0;6;4;1;0
74280;Thônes;84;74;0;1;0;0;0;0;0;0;0;0;1;0;0;0;0;7;1;1;0;0;15;2;0;1;9;16;26;8;7;3;12;4;1;25;10;3;9
74281;Thonon-les-Bains;84;74;1;0;0;1;1;0;1;0;0;0;7;1;0;0;1;25;4;2;0;0;42;3;5;7;61;72;47;43;58;19;48;10;6;143;52;8;34
74282;Thorens-Glières;84;74;0;0;0;0;0;0;0;0;0;0;0;0;0;0;0;1;0;1;0;0;1;0;0;1;5;4;2;6;3;1;3;0;0;8;1;0;1
74283;Thusy;84;74;0;0;0;0;0;0;0;0;0;0;0;0;0;0;0;0;0;0;0;0;0;0;0;0;0;1;5;4;5;1;2;0;0;0;1;0;0
74284;La Tour;84;74;0;0;0;0;0;0;0;0;0;0;0;0;0;0;0;0;0;0;0;0;1;0;0;0;2;2;5;3;4;2;2;1;0;3;1;0;0
74285;Usinens;84;74;0;0;0;0;0;0;0;0;0;0;0;0;0;0;0;0;0;0;0;0;1;0;0;0;1;0;2;0;0;0;0;0;0;0;1;0;0
74286;Vacheresse;84;74;0;0;0;0;0;0;0;0;0;0;0;0;0;0;0;0;1;0;0;1;2;0;0;0;2;2;4;2;2;1;0;0;0;4;1;0;0
74287;Vailly;84;74;0;0;0;0;0;0;0;0;0;0;0;0;0;0;0;0;0;0;0;0;0;0;0;0;2;3;2;3;1;0;1;0;0;3;0;0;0
74288;Valleiry;84;74;0;1;0;0;0;0;0;0;0;0;0;0;0;0;0;4;0;1;0;0;5;1;0;0;2;4;5;4;4;0;4;3;0;8;4;0;5
74289;Vallières;84;74;0;0;0;0;0;0;0;0;0;0;0;0;0;0;0;0;0;1;0;0;5;1;0;0;3;5;5;4;2;1;3;0;0;5;1;0;1
74290;Vallorcine;84;74;0;0;0;0;0;0;0;0;0;0;0;0;0;0;0;0;0;0;1;0;1;0;0;0;1;0;5;0;1;0;0;0;0;9;0;0;0
74291;Vanzy;84;74;0;0;0;0;0;0;0;0;0;0;0;0;0;0;0;0;0;0;0;0;0;0;0;0;1;1;1;0;0;0;1;0;0;0;0;0;0
74292;Vaulx;84;74;0;0;0;0;0;0;0;0;0;0;0;0;0;0;0;0;0;0;0;0;3;0;0;0;1;3;2;3;2;0;0;0;0;2;0;0;1
74293;Veigy-Foncenex;84;74;0;0;0;0;0;0;0;0;0;0;0;0;0;0;0;1;1;1;0;0;2;0;0;0;2;3;2;1;2;0;5;1;0;9;6;1;3
74294;Verchaix;84;74;0;0;0;0;0;0;0;0;0;0;0;0;0;0;0;0;0;0;0;1;2;0;0;0;3;2;8;0;3;2;1;0;0;10;0;1;1
74295;La Vernaz;84;74;0;0;0;0;0;0;0;0;0;0;0;0;0;0;0;0;0;0;0;0;0;0;0;0;0;0;0;0;1;0;0;0;0;1;0;1;0
74296;Vers;84;74;0;0;0;0;0;0;0;0;0;0;0;0;0;0;0;0;0;0;1;0;0;0;0;0;0;0;0;1;0;0;1;0;0;1;0;0;1
74297;Versonnex;84;74;0;0;0;0;0;0;0;0;0;0;0;0;0;0;0;0;0;0;0;0;2;0;0;0;2;2;2;0;2;0;1;0;0;1;0;0;1
74298;Vétraz-Monthoux;84;74;0;0;0;0;0;0;0;0;0;0;0;0;0;0;0;0;1;0;1;0;15;3;0;0;8;21;9;8;7;0;6;3;0;7;2;0;9
74299;Veyrier-du-Lac;84;74;0;0;0;0;0;0;0;0;0;0;0;0;0;0;0;1;0;1;0;0;1;0;0;0;6;7;6;1;3;1;1;0;0;9;10;0;1
74301;Villard;84;74;0;0;0;0;0;0;0;0;0;0;0;0;0;0;0;0;0;0;0;0;0;0;0;0;0;2;1;0;2;0;1;0;0;2;0;0;0
74302;Les Villards-sur-Thônes;84;74;0;0;0;0;0;0;0;0;0;0;0;0;0;0;0;0;0;0;0;0;2;0;0;0;2;1;6;2;2;0;1;0;0;0;0;0;0
74303;Villaz;84;74;0;0;0;0;0;0;0;0;0;0;0;0;0;0;0;1;0;1;0;0;6;0;0;0;1;9;15;8;8;0;2;0;0;5;4;0;3
74304;Ville-en-Sallaz;84;74;0;0;0;0;0;0;0;0;0;0;0;0;0;0;0;0;0;0;0;0;2;0;0;0;0;1;2;3;1;0;0;0;0;2;0;0;0
74305;Ville-la-Grand;84;74;0;0;0;0;0;0;0;0;0;0;0;1;0;0;0;6;0;1;0;0;27;4;4;2;5;18;10;9;7;0;2;3;1;26;6;3;11
74306;Villy-le-Bouveret;84;74;0;0;0;0;0;0;0;0;0;0;0;0;0;0;0;0;0;0;0;0;0;0;0;0;0;0;1;1;0;0;0;0;0;0;1;0;0
74307;Villy-le-Pelloux;84;74;0;0;0;0;0;0;0;0;0;0;0;0;0;0;0;0;0;0;0;0;1;0;0;0;2;0;2;4;1;0;1;0;0;1;0;0;2
74308;Vinzier;84;74;0;0;0;0;0;0;0;0;0;0;0;0;0;0;0;0;1;0;0;1;3;0;0;0;0;1;3;0;1;0;3;0;0;1;0;0;1
74309;Viry;84;74;0;0;0;0;0;0;0;0;0;0;0;0;0;0;0;1;0;1;0;0;4;0;0;1;2;5;10;3;2;1;4;0;0;10;1;1;3
74310;Viuz-la-Chiésaz;84;74;0;0;0;0;0;0;0;0;0;0;0;0;0;0;0;0;0;0;0;0;0;0;0;0;1;0;4;1;4;0;3;0;0;2;0;0;4
74311;Viuz-en-Sallaz;84;74;0;0;0;0;0;0;0;0;0;0;0;0;0;0;0;4;1;1;0;0;6;1;0;1;7;6;14;11;9;2;6;3;0;8;4;2;3
74312;Vougy;84;74;0;0;0;0;0;0;0;0;0;0;0;0;0;0;0;0;0;0;0;1;9;0;0;0;1;4;3;3;1;0;1;0;0;2;1;0;1
74313;Vovray-en-Bornes;84;74;0;0;0;0;0;0;0;0;0;0;0;0;0;0;0;0;0;0;0;0;0;0;0;0;1;0;1;0;1;0;0;0;0;1;0;0;0
74314;Vulbens;84;74;0;0;0;0;0;0;0;0;0;0;0;0;0;0;0;0;0;1;0;0;5;0;0;0;0;2;2;1;2;0;4;0;0;2;0;0;0
74315;Yvoire;84;74;0;0;0;0;0;0;0;0;0;0;0;0;0;0;0;0;0;0;0;1;1;0;0;0;0;0;1;0;2;0;2;0;0;16;0;0;3
75056;Paris;11;75;48;0;1;1;20;1;1;11;20;193;0;15;5;3;0;1904;208;184;3;0;764;36;705;340;4199;5737;2265;3103;2346;6726;3659;208;837;19636;8134;1268;2826
76001;Allouville-Bellefosse;28;76;0;0;0;0;0;0;0;0;0;0;0;0;0;0;0;0;0;0;0;1;1;0;0;1;0;3;3;3;2;0;3;0;0;2;0;0;1
76002;Alvimare;28;76;0;0;0;0;0;0;0;0;0;0;0;0;0;0;0;0;0;0;0;0;3;0;0;0;2;0;2;0;0;0;0;0;0;1;0;0;0
76004;Ambrumesnil;28;76;0;0;0;0;0;0;0;0;0;0;0;0;0;0;0;0;0;0;0;0;0;0;0;0;0;1;2;1;0;0;0;0;0;1;0;0;2
76005;Amfreville-la-Mi-Voie;28;76;0;0;0;0;0;0;0;0;0;0;0;0;0;0;0;0;0;1;0;0;2;0;0;0;4;3;2;0;1;1;5;0;0;2;2;0;2
76006;Amfreville-les-Champs;28;76;0;0;0;0;0;0;0;0;0;0;0;0;0;0;0;0;0;0;0;0;0;0;0;0;1;0;1;0;0;0;0;0;0;0;0;0;0
76007;Anceaumeville;28;76;0;0;0;0;0;0;0;0;0;0;0;0;0;0;0;0;0;0;0;0;0;0;0;0;0;0;0;3;2;0;0;0;0;0;1;0;0
76008;Ancourt;28;76;0;0;0;0;0;0;0;0;0;0;0;0;0;0;0;0;0;0;0;0;0;0;0;0;1;1;2;2;0;0;0;0;0;0;0;0;1
76009;Ancourteville-sur-Héricourt;28;76;0;0;0;0;0;0;0;0;0;0;0;0;0;0;0;0;0;0;0;0;0;0;0;0;0;0;0;0;0;0;0;0;0;0;0;0;1
76010;Ancretiéville-Saint-Victor;28;76;0;0;0;0;0;0;0;0;0;0;0;0;0;0;0;0;0;0;0;0;1;0;0;0;0;0;2;0;1;0;0;0;0;0;0;0;0
76011;Ancretteville-sur-Mer;28;76;0;0;0;0;0;0;0;0;0;0;0;0;0;0;0;0;0;0;0;0;0;0;0;0;0;0;0;0;0;0;0;0;0;0;1;0;0
76012;Angerville-Bailleul;28;76;0;0;0;0;0;0;0;0;0;0;0;0;0;0;0;0;0;0;0;0;1;0;0;0;0;0;0;0;0;0;0;0;0;0;0;0;0
76013;Angerville-la-Martel;28;76;0;0;0;0;0;0;0;0;0;0;0;0;0;0;0;0;0;0;0;0;2;0;0;0;2;1;4;1;2;0;2;0;0;0;0;0;0
76014;Angerville-l'Orcher;28;76;0;0;0;0;0;0;0;0;0;0;0;0;0;0;0;0;0;1;0;0;0;0;0;1;2;0;6;2;1;1;2;0;0;1;3;0;0
76015;Angiens;28;76;0;0;0;0;0;0;0;0;0;0;0;0;0;0;0;0;0;0;0;1;1;0;0;0;2;0;0;0;0;0;0;0;0;2;0;0;0
76016;Anglesqueville-la-Bras-Long;28;76;0;0;0;0;0;0;0;0;0;0;0;0;0;0;0;0;0;0;0;0;0;0;0;0;0;0;0;2;0;0;0;0;0;0;0;0;0
76017;Anglesqueville-l'Esneval;28;76;0;0;0;0;0;0;0;0;0;0;0;0;0;0;0;0;0;0;0;0;0;0;0;0;1;0;3;2;1;0;1;0;0;0;0;0;1
76018;Val-de-Saâne;28;76;0;0;0;0;0;0;0;0;0;0;0;0;0;0;0;0;1;0;0;1;2;0;0;1;1;3;1;4;0;0;3;0;0;2;0;0;2
76019;Anneville-sur-Scie;28;76;0;0;0;0;0;0;0;0;0;0;0;0;0;0;0;0;0;0;0;0;1;0;0;0;0;0;0;0;1;0;0;0;0;0;0;0;1
76020;Anneville-Ambourville;28;76;0;0;0;0;0;0;0;0;0;0;0;0;0;0;0;0;0;0;0;0;3;0;0;0;0;0;1;0;1;0;1;0;0;1;0;0;2
76021;Annouville-Vilmesnil;28;76;0;0;0;0;0;0;0;0;0;0;0;0;0;0;0;0;0;0;0;0;1;0;0;0;0;0;0;1;1;0;1;0;0;0;0;0;0
76022;Anquetierville;28;76;0;0;0;0;0;0;0;0;0;0;0;0;0;0;0;0;0;0;0;0;0;0;0;0;0;0;0;1;1;0;1;0;0;0;0;0;0
76023;Anvéville;28;76;0;0;0;0;0;0;0;0;0;0;0;0;0;0;0;0;0;0;0;0;0;0;0;0;0;0;0;1;0;0;0;0;0;0;0;0;0
76024;Ardouval;28;76;0;0;0;0;0;0;0;0;0;0;0;0;0;0;0;0;0;0;0;0;0;0;0;0;0;0;0;0;0;0;0;0;0;0;0;0;0
76025;Argueil;28;76;0;0;0;0;0;0;0;0;0;0;0;0;0;0;0;0;0;0;0;1;1;0;0;0;1;0;1;1;0;0;1;0;0;0;0;0;0
76026;Arques-la-Bataille;28;76;0;0;0;0;0;0;0;0;0;0;0;0;0;0;0;0;1;1;0;0;2;0;0;0;3;2;3;4;1;1;6;0;0;4;2;0;2
76028;Aubéguimont;28;76;0;0;0;0;0;0;0;0;0;0;0;0;0;0;0;0;0;0;0;0;0;0;0;0;2;1;1;0;1;0;0;0;0;2;0;0;1
76029;Aubermesnil-aux-Érables;28;76;0;0;0;0;0;0;0;0;0;0;0;0;0;0;0;0;0;0;0;0;0;0;0;0;2;2;2;0;1;1;0;0;0;0;0;0;0
76030;Aubermesnil-Beaumais;28;76;0;0;0;0;0;0;0;0;0;0;0;0;0;0;0;0;0;0;0;0;1;0;0;0;0;0;2;2;0;0;0;0;0;0;0;0;0
76032;Auberville-la-Manuel;28;76;0;0;0;0;0;0;0;0;0;0;0;0;0;0;0;0;0;0;0;0;0;0;0;0;0;0;0;0;0;0;0;0;0;0;0;0;0
76033;Auberville-la-Renault;28;76;0;0;0;0;0;0;0;0;0;0;0;0;0;0;0;0;0;0;0;0;0;0;0;0;0;0;0;1;0;0;1;0;0;0;0;0;0
76034;Auffay;28;76;0;0;0;0;0;0;0;0;0;0;0;0;0;0;0;3;0;1;0;0;1;1;0;1;5;5;0;6;1;4;4;1;0;6;2;1;1
76035;Aumale;28;76;0;1;0;0;0;0;0;0;0;1;0;0;0;0;0;5;2;1;0;0;7;0;0;2;4;3;2;8;2;0;11;3;0;7;6;1;2
76036;Auppegard;28;76;0;0;0;0;0;0;0;0;0;0;0;0;0;0;0;0;0;0;0;0;0;0;0;0;0;0;4;0;1;0;2;0;0;1;0;0;0
76038;Authieux-Ratiéville;28;76;0;0;0;0;0;0;0;0;0;0;0;0;0;0;0;0;0;0;0;0;1;0;0;0;0;0;0;0;1;0;1;0;0;0;0;0;0
76039;Les Authieux-sur-le-Port-Saint-Ouen;28;76;0;0;0;0;0;0;0;0;0;0;0;0;0;0;0;0;0;0;0;0;0;0;0;0;2;1;0;2;0;2;2;0;0;0;3;0;2
76040;Autigny;28;76;0;0;0;0;0;0;0;0;0;0;0;0;0;0;0;0;0;0;0;0;1;0;0;0;1;0;2;2;0;0;1;0;0;0;0;0;0
76041;Autretot;28;76;0;0;0;0;0;0;0;0;0;0;0;0;0;0;0;0;0;0;0;0;2;0;0;0;0;1;2;0;0;0;0;0;0;2;0;0;0
76042;Auvilliers;28;76;0;0;0;0;0;0;0;0;0;0;0;0;0;0;0;0;0;0;0;0;0;0;0;0;0;0;0;0;0;0;1;0;0;0;0;0;0
76043;Auzebosc;28;76;0;0;0;0;0;0;0;0;0;0;0;0;0;0;0;0;0;0;0;0;2;0;0;0;2;1;1;0;2;0;0;0;0;1;0;0;0
76044;Auzouville-Auberbosc;28;76;0;0;0;0;0;0;0;0;0;0;0;0;0;0;0;0;0;0;0;0;0;0;0;0;0;0;2;1;0;0;0;0;0;0;0;0;0
76045;Auzouville-l'Esneval;28;76;0;0;0;0;0;0;0;0;0;0;0;0;0;0;0;0;0;0;0;0;0;0;0;0;1;0;1;1;0;0;0;0;0;1;0;0;0
76046;Auzouville-sur-Ry;28;76;0;0;0;0;0;0;0;0;0;0;0;0;0;0;0;0;0;0;0;0;0;0;0;0;0;2;3;0;0;0;1;0;0;0;0;0;0
76047;Auzouville-sur-Saâne;28;76;0;0;0;0;0;0;0;0;0;0;0;0;0;0;0;0;0;0;0;0;0;0;0;0;0;0;0;0;0;0;1;0;0;1;0;0;0
76048;Avesnes-en-Bray;28;76;0;0;0;0;0;0;0;0;0;0;0;0;0;0;0;0;0;0;0;0;1;0;0;0;0;1;0;0;0;0;2;1;0;0;0;0;0
76049;Avesnes-en-Val;28;76;0;0;0;0;0;0;0;0;0;0;0;0;0;0;0;0;0;0;0;0;0;0;0;0;0;0;0;0;0;0;0;0;0;0;1;0;0
76050;Avremesnil;28;76;0;0;0;0;0;0;0;0;0;0;0;0;0;0;0;0;0;0;0;1;2;0;0;0;2;2;3;2;1;0;1;0;0;1;0;0;0
76051;Bacqueville-en-Caux;28;76;0;1;0;0;0;0;0;0;0;0;0;0;0;0;0;2;1;1;0;0;2;1;0;1;4;1;4;4;2;1;5;3;0;4;1;0;1
76052;Bailleul-Neuville;28;76;0;0;0;0;0;0;0;0;0;0;0;0;0;0;0;0;0;0;0;0;0;0;0;0;0;0;0;1;0;0;0;0;0;1;0;0;0
76053;Baillolet;28;76;0;0;0;0;0;0;0;0;0;0;0;0;0;0;0;0;0;0;0;0;0;0;0;0;0;0;0;0;0;0;0;0;0;0;0;0;0
76054;Bailly-en-Rivière;28;76;0;0;0;0;0;0;0;0;0;0;0;0;0;0;0;0;0;0;0;1;1;0;0;0;0;1;0;0;1;0;1;0;0;2;0;0;1
76055;Baons-le-Comte;28;76;0;0;0;0;0;0;0;0;0;0;0;0;0;0;0;0;0;0;0;0;1;0;0;0;1;0;0;1;1;0;1;0;0;0;0;0;0
76056;Bardouville;28;76;0;0;0;0;0;0;0;0;0;0;0;0;0;0;0;0;0;0;0;0;2;0;0;0;0;1;1;0;0;0;0;0;0;0;0;0;0
76057;Barentin;28;76;0;0;0;0;0;0;0;0;0;1;0;1;0;0;0;8;3;1;0;0;18;2;2;4;5;7;9;13;8;3;16;3;5;33;4;2;5
76058;Baromesnil;28;76;0;0;0;0;0;0;0;0;0;0;0;0;0;0;0;0;0;0;0;0;0;0;0;0;1;0;2;0;0;1;1;0;0;0;0;0;0
76059;Bazinval;28;76;0;0;0;0;0;0;0;0;0;0;0;0;0;0;0;0;0;0;0;0;1;0;0;0;2;1;0;2;0;0;0;0;0;0;1;0;0
76060;Beaubec-la-Rosière;28;76;0;0;0;0;0;0;0;0;0;0;0;0;0;0;0;0;0;0;0;0;0;0;0;0;0;0;0;1;2;0;0;0;0;0;0;0;0
76062;Beaumont-le-Hareng;28;76;0;0;0;0;0;0;0;0;0;0;0;0;0;0;0;0;0;0;0;0;1;0;0;0;0;0;0;1;0;0;0;0;0;0;0;0;0
76063;Beauval-en-Caux;28;76;0;0;0;0;0;0;0;0;0;0;0;0;0;0;0;0;0;0;0;0;0;0;0;0;1;2;1;0;2;0;0;0;0;0;0;0;0
76064;Beaurepaire;28;76;0;0;0;0;0;0;0;0;0;0;0;0;0;0;0;0;0;0;0;0;0;0;0;0;1;0;0;0;1;0;0;0;0;0;1;0;1
76065;Beaussault;28;76;0;0;0;0;0;0;0;0;0;0;0;0;0;0;0;0;0;0;0;0;2;0;0;0;1;0;1;2;0;1;0;0;0;0;0;0;0
76066;Beautot;28;76;0;0;0;0;0;0;0;0;0;0;0;0;0;0;0;0;0;0;0;0;0;0;0;0;0;0;1;0;0;0;0;0;0;0;0;0;0
76067;Beauvoir-en-Lyons;28;76;0;0;0;0;0;0;0;0;0;0;0;0;0;0;0;0;0;0;0;0;2;0;0;0;1;1;0;1;0;0;2;0;0;2;0;0;0
76068;Bec-de-Mortagne;28;76;0;0;0;0;0;0;0;0;0;0;0;0;0;0;0;0;0;0;1;0;1;0;0;0;0;0;1;1;0;0;0;1;1;0;0;0;0
76069;Belbeuf;28;76;0;0;0;0;0;0;0;0;0;0;0;0;0;0;0;0;0;0;0;0;1;0;0;2;2;2;2;7;2;1;0;0;5;1;1;0;1
76070;Bellencombre;28;76;0;0;0;0;0;0;0;0;0;1;0;0;0;0;0;0;0;0;0;1;1;0;0;0;0;1;0;2;1;0;1;0;0;0;0;1;0
76071;Bellengreville;28;76;0;0;0;0;0;0;0;0;0;0;0;0;0;0;0;0;0;0;0;0;0;0;0;0;1;1;0;0;0;0;0;0;0;1;1;0;0
76072;Belleville-en-Caux;28;76;0;0;0;0;0;0;0;0;0;0;0;0;0;0;0;0;0;0;0;0;1;0;0;0;3;0;1;1;2;0;0;0;0;0;0;0;1
76074;La Bellière;28;76;0;0;0;0;0;0;0;0;0;0;0;0;0;0;0;0;0;0;0;0;0;0;0;0;1;0;0;0;0;0;0;0;0;0;0;0;0
76075;Belmesnil;28;76;0;0;0;0;0;0;0;0;0;0;0;0;0;0;0;0;0;0;0;0;0;0;0;0;1;0;0;0;4;2;0;0;0;0;0;0;0
76076;Bénarville;28;76;0;0;0;0;0;0;0;0;0;0;0;0;0;0;0;0;0;0;0;0;0;0;0;0;0;0;0;1;0;0;0;0;0;0;0;0;0
76077;Bénesville;28;76;0;0;0;0;0;0;0;0;0;0;0;0;0;0;0;0;0;0;0;0;0;0;0;0;1;0;0;0;1;0;0;0;0;0;0;0;0
76078;Bennetot;28;76;0;0;0;0;0;0;0;0;0;0;0;0;0;0;0;0;0;0;0;0;0;0;0;0;0;0;0;0;0;0;0;0;0;0;0;0;2
76079;Bénouville;28;76;0;0;0;0;0;0;0;0;0;0;0;0;0;0;0;0;0;0;0;0;0;0;0;0;0;0;0;1;0;0;0;0;0;1;0;0;0
76080;Bermonville;28;76;0;0;0;0;0;0;0;0;0;0;0;0;0;0;0;0;0;0;0;0;0;0;0;0;0;0;1;1;1;0;1;0;0;0;0;0;1
76082;Bernières;28;76;0;0;0;0;0;0;0;0;0;0;0;0;0;0;0;0;0;0;0;0;1;0;0;0;2;1;2;3;0;0;0;0;0;0;1;0;0
76083;Bertheauville;28;76;0;0;0;0;0;0;0;0;0;0;0;0;0;0;0;0;0;0;0;0;0;0;0;0;0;0;1;0;0;0;0;0;0;0;0;0;0
76084;Bertreville;28;76;0;0;0;0;0;0;0;0;0;0;0;0;0;0;0;0;0;0;0;0;0;0;0;0;0;0;0;0;0;0;0;0;0;0;1;0;0
76085;Bertreville-Saint-Ouen;28;76;0;0;0;0;0;0;0;0;0;0;0;0;0;0;0;0;0;0;0;0;1;0;0;0;1;0;0;1;1;0;0;0;0;0;0;0;0
76086;Bertrimont;28;76;0;0;0;0;0;0;0;0;0;0;0;0;0;0;0;0;0;0;0;0;0;0;0;0;0;0;0;1;0;0;0;0;0;0;0;0;1
76087;Berville;28;76;0;0;0;0;0;0;0;0;0;0;0;0;0;0;0;0;0;0;0;0;0;0;0;0;1;0;1;2;3;2;3;0;0;1;0;0;0
76088;Berville-sur-Seine;28;76;0;0;0;0;0;0;0;0;0;0;0;0;0;0;0;0;0;0;0;0;3;0;0;0;1;1;0;0;1;0;1;0;0;2;0;0;1
76090;Beuzeville-la-Grenier;28;76;0;0;0;0;0;0;0;0;0;0;0;0;0;0;0;0;1;0;0;1;2;0;0;0;1;1;0;0;0;0;1;0;0;1;0;0;1
76091;Beuzeville-la-Guérard;28;76;0;0;0;0;0;0;0;0;0;0;0;0;0;0;0;0;0;0;0;0;0;0;0;0;0;0;0;1;0;0;0;0;0;0;0;0;0
76092;Beuzevillette;28;76;0;0;0;0;0;0;0;0;0;0;0;0;0;0;0;0;0;0;0;0;0;0;0;0;1;1;0;0;0;0;1;0;0;1;1;0;0
76093;Bézancourt;28;76;0;0;0;0;0;0;0;0;0;0;0;0;0;0;0;0;0;0;0;0;0;0;0;0;0;1;0;2;0;1;1;0;0;1;1;0;0
76094;Bierville;28;76;0;0;0;0;0;0;0;0;0;0;0;0;0;0;0;0;0;0;0;0;1;0;0;0;1;1;0;2;0;0;0;1;0;0;0;0;0
76095;Bihorel;28;76;1;0;0;0;0;0;0;0;0;1;0;0;0;0;0;5;0;1;0;0;5;1;1;2;2;10;2;5;4;4;9;1;0;3;4;1;5
76096;Biville-la-Baignarde;28;76;0;0;0;0;0;0;0;0;0;0;0;0;0;0;0;0;0;0;0;0;1;0;0;0;2;0;3;1;0;0;0;0;0;2;0;0;0
76097;Biville-la-Rivière;28;76;0;0;0;0;0;0;0;0;0;0;0;0;0;0;0;0;0;0;0;0;0;0;0;0;0;0;0;0;0;0;0;0;0;0;0;0;0
76099;Blacqueville;28;76;0;0;0;0;0;0;0;0;0;0;0;0;0;0;0;0;0;0;0;0;0;0;0;0;1;1;0;0;1;1;0;0;0;1;2;0;0
76100;Blainville-Crevon;28;76;0;0;0;0;0;0;0;0;0;1;0;0;0;0;0;0;0;1;0;0;3;0;0;0;0;0;4;3;1;1;4;0;0;1;0;0;1
76101;Blangy-sur-Bresle;28;76;0;1;0;0;0;0;0;0;0;1;0;0;0;0;0;5;0;1;0;0;5;1;0;3;4;1;3;5;5;3;6;2;1;4;2;1;4
76103;Bonsecours;28;76;1;0;0;0;0;0;0;0;0;0;0;0;0;0;0;5;2;1;0;0;2;0;0;1;1;3;2;5;2;1;9;1;0;6;5;1;5
76104;Blosseville;28;76;0;0;0;0;0;0;0;0;0;0;0;0;0;0;0;0;0;0;0;0;0;0;0;0;0;1;0;1;0;0;0;0;0;0;0;0;0
76105;Le Bocasse;28;76;0;0;0;0;0;0;0;0;0;0;0;0;0;0;0;0;0;0;0;0;1;0;0;0;2;0;3;2;1;0;1;0;0;1;0;0;0
76106;Bois-d'Ennebourg;28;76;0;0;0;0;0;0;0;0;0;0;0;0;0;0;0;0;0;0;0;0;0;0;0;0;0;0;2;1;0;0;1;0;0;0;0;0;0
76107;Bois-Guilbert;28;76;0;0;0;0;0;0;0;0;0;0;0;0;0;0;0;0;0;0;0;0;0;0;0;0;0;1;2;0;0;0;0;0;0;0;0;0;0
76108;Bois-Guillaume;28;76;0;0;0;0;0;0;0;0;0;0;0;0;0;0;0;20;3;1;0;0;16;1;1;2;9;8;9;13;4;7;17;6;1;25;19;1;9
76109;Bois-Héroult;28;76;0;0;0;0;0;0;0;0;0;0;0;0;0;0;0;0;0;0;0;0;0;0;0;0;0;0;0;0;0;0;0;0;0;0;0;0;0
76110;Bois-Himont;28;76;0;0;0;0;0;0;0;0;0;0;0;0;0;0;0;0;0;0;0;0;0;0;0;0;0;0;1;0;0;0;0;0;0;0;0;0;1
76111;Bois-l'Évêque;28;76;0;0;0;0;0;0;0;0;0;0;0;0;0;0;0;0;0;0;0;0;0;0;0;0;1;0;0;1;0;1;0;0;0;0;1;0;0
76112;Le Bois-Robert;28;76;0;0;0;0;0;0;0;0;0;0;0;0;0;0;0;0;0;0;0;0;0;0;0;0;0;0;0;1;1;1;0;0;0;0;0;0;0
76113;Boissay;28;76;0;0;0;0;0;0;0;0;0;0;0;0;0;0;0;0;0;0;0;0;0;0;0;0;0;0;2;0;2;0;1;0;0;0;0;0;0
76114;Bolbec;28;76;2;1;0;0;0;0;0;0;0;2;0;1;0;0;0;8;2;1;0;0;9;2;0;6;8;4;12;11;8;2;25;2;0;16;4;3;5
76115;Bolleville;28;76;0;0;0;0;0;0;0;0;0;0;0;0;0;0;0;0;0;0;0;0;1;0;0;0;2;0;3;1;0;0;1;0;0;0;0;0;0
76116;Boos;28;76;0;1;0;0;0;0;0;0;0;0;0;0;0;0;0;1;0;1;0;0;4;0;0;1;1;4;1;7;5;5;8;1;0;6;5;1;3
76117;Bordeaux-Saint-Clair;28;76;0;0;0;0;0;0;0;0;0;0;0;0;0;0;0;0;0;0;0;0;1;0;0;0;1;2;2;1;1;0;1;0;0;0;1;0;1
76118;Bornambusc;28;76;0;0;0;0;0;0;0;0;0;0;0;0;0;0;0;0;0;0;0;0;1;0;0;0;0;0;1;0;0;0;0;0;0;0;0;0;0
76119;Bosc-Bérenger;28;76;0;0;0;0;0;0;0;0;0;0;0;0;0;0;0;0;0;0;0;0;0;0;0;0;0;1;0;1;1;0;0;0;0;0;0;0;1
76120;Bosc-Bordel;28;76;0;0;0;0;0;0;0;0;0;0;0;0;0;0;0;0;0;0;0;0;0;0;0;0;0;0;2;1;0;0;1;0;0;2;0;0;0
76121;Bosc-Édeline;28;76;0;0;0;0;0;0;0;0;0;0;0;0;0;0;0;0;0;0;0;0;1;0;0;0;3;0;0;2;1;0;0;0;0;0;0;0;1
76122;Callengeville;28;76;0;0;0;0;0;0;0;0;0;0;0;0;0;0;0;0;0;0;0;0;0;0;0;0;1;1;2;2;0;1;1;0;0;1;0;0;0
76123;Bosc-Guérard-Saint-Adrien;28;76;0;0;0;0;0;0;0;0;0;0;0;0;0;0;0;0;0;0;0;0;0;0;0;0;0;0;1;0;1;1;0;0;0;1;1;0;0
76124;Bosc-Hyons;28;76;0;0;0;0;0;0;0;0;0;0;0;0;0;0;0;0;0;0;0;0;0;0;0;0;1;0;1;0;2;0;1;0;0;0;0;0;0
76125;Bosc-le-Hard;28;76;0;0;0;0;0;0;0;0;0;0;0;0;0;0;0;3;0;1;0;0;9;1;0;1;0;2;1;3;2;1;4;1;0;2;1;1;1
76126;Bosc-Mesnil;28;76;0;0;0;0;0;0;0;0;0;0;0;0;0;0;0;0;0;0;0;0;0;0;0;0;0;1;1;0;0;0;0;0;0;0;0;0;0
76127;Bosc-Roger-sur-Buchy;28;76;0;0;0;0;0;0;0;0;0;0;0;0;0;0;0;0;0;0;0;0;0;0;0;0;0;6;0;5;0;0;0;0;0;0;0;0;1
76128;Bosville;28;76;0;0;0;0;0;0;0;0;0;0;0;0;0;0;0;0;0;0;0;0;1;0;0;0;1;0;0;0;0;0;0;0;0;0;0;0;1
76129;Boudeville;28;76;0;0;0;0;0;0;0;0;0;0;0;0;0;0;0;0;0;0;0;0;0;0;0;0;0;0;0;0;0;1;0;1;0;1;0;0;0
76130;Bouelles;28;76;0;0;0;0;0;0;0;0;0;0;0;0;0;0;0;0;0;0;0;0;0;0;0;0;0;1;0;3;1;0;0;0;0;0;0;0;0
76131;La Bouille;28;76;0;0;0;0;0;0;0;0;0;0;0;0;0;0;0;0;0;0;0;1;1;0;0;0;0;0;0;3;0;1;3;0;0;5;0;0;0
76132;Bourdainville;28;76;0;0;0;0;0;0;0;0;0;0;0;0;0;0;0;0;0;0;0;0;0;0;0;0;1;0;0;0;0;0;1;0;0;0;0;0;0
76133;Le Bourg-Dun;28;76;0;0;0;0;0;0;0;0;0;0;0;0;0;0;0;0;0;0;0;1;0;0;0;0;0;2;1;0;0;0;0;0;0;1;0;0;0
76134;Bourville;28;76;0;0;0;0;0;0;0;0;0;0;0;0;0;0;0;0;0;0;0;0;0;0;0;0;1;0;0;2;1;0;0;0;0;0;0;0;0
76135;Bouville;28;76;0;0;0;0;0;0;0;0;0;0;0;0;0;0;0;0;0;0;1;0;0;0;0;0;2;0;2;2;2;0;1;0;0;0;0;0;0
76136;Brachy;28;76;0;0;0;0;0;0;0;0;0;0;0;0;0;0;0;0;0;0;0;1;1;0;0;0;0;2;0;1;3;0;0;0;0;0;0;0;0
76138;Bracquetuit;28;76;0;0;0;0;0;0;0;0;0;0;0;0;0;0;0;0;0;0;0;0;0;0;0;0;0;0;0;1;1;2;0;0;0;0;0;0;0
76139;Bradiancourt;28;76;0;0;0;0;0;0;0;0;0;0;0;0;0;0;0;0;0;0;0;0;0;0;0;0;1;0;0;0;0;0;0;0;0;0;0;0;0
76140;Brametot;28;76;0;0;0;0;0;0;0;0;0;0;0;0;0;0;0;0;0;0;0;0;0;0;0;0;1;2;0;1;0;0;0;0;0;0;0;0;0
76141;Bréauté;28;76;0;0;0;0;0;0;0;0;0;0;0;0;0;0;0;0;0;0;0;1;1;0;0;0;2;0;2;1;3;0;2;0;0;0;0;0;2
76142;Brémontier-Merval;28;76;0;0;0;0;0;0;0;0;0;0;0;0;0;0;0;0;0;0;0;0;1;0;0;0;0;0;0;2;1;0;0;0;0;0;0;0;0
76143;Bretteville-du-Grand-Caux;28;76;0;0;0;0;0;0;0;0;0;0;0;0;0;0;0;0;0;0;0;1;6;1;0;1;3;2;5;5;1;1;5;5;0;1;0;0;0
76144;Bretteville-Saint-Laurent;28;76;0;0;0;0;0;0;0;0;0;0;0;0;0;0;0;0;0;0;0;0;0;0;0;0;1;0;0;0;0;0;0;0;0;0;1;0;0
76146;Buchy;28;76;0;1;0;0;0;0;0;0;0;0;0;0;0;0;0;4;1;1;0;0;5;2;0;1;0;2;5;2;1;0;8;5;0;5;1;1;2
76147;Bully;28;76;0;0;0;0;0;0;0;0;0;0;0;0;0;0;0;0;0;0;0;0;0;0;0;0;0;0;2;1;0;0;1;0;0;1;0;0;0
76148;Bures-en-Bray;28;76;0;0;0;0;0;0;0;0;0;0;0;0;0;0;0;0;0;0;1;0;0;0;0;0;3;0;1;2;1;0;0;0;0;0;0;0;0
76149;Butot;28;76;0;0;0;0;0;0;0;0;0;0;0;0;0;0;0;0;0;0;0;0;0;0;0;0;0;0;0;0;0;0;0;0;0;0;0;0;0
76151;Cailleville;28;76;0;0;0;0;0;0;0;0;0;0;0;0;0;0;0;0;0;0;0;0;0;0;0;0;0;1;0;0;0;0;1;0;0;0;0;0;0
76152;Cailly;28;76;0;0;0;0;0;0;0;0;0;0;0;0;0;0;0;0;0;0;0;1;2;0;0;1;1;0;0;5;1;1;3;1;0;0;1;0;2
76153;Calleville-les-Deux-Églises;28;76;0;0;0;0;0;0;0;0;0;0;0;0;0;0;0;0;0;0;0;0;0;0;0;1;1;0;0;0;0;0;0;0;0;0;0;0;0
76154;Campneuseville;28;76;0;0;0;0;0;0;0;0;0;0;0;0;0;0;0;0;0;0;0;0;0;0;0;0;1;0;0;1;1;0;0;0;0;1;0;0;0
76155;Canehan;28;76;0;0;0;0;0;0;0;0;0;0;0;0;0;0;0;0;0;0;0;0;0;0;0;0;0;0;0;0;0;0;1;0;0;0;0;0;0
76156;Canouville;28;76;0;0;0;0;0;0;0;0;0;0;0;0;0;0;0;0;0;0;0;0;0;0;0;0;0;0;0;0;0;0;1;0;0;0;0;0;0
76157;Canteleu;28;76;1;0;0;0;0;0;0;0;0;0;0;0;0;1;0;3;0;2;2;0;18;2;0;4;26;21;11;12;16;6;12;1;0;28;1;0;8
76158;Canville-les-Deux-Églises;28;76;0;0;0;0;0;0;0;0;0;0;0;0;0;0;0;0;0;0;0;0;1;0;0;0;1;0;1;1;0;0;1;0;0;0;0;0;0
76159;Cany-Barville;28;76;0;1;0;0;0;0;0;0;0;1;0;0;0;0;0;7;1;1;0;0;5;0;0;2;1;4;5;1;4;1;7;1;3;12;3;2;3
76160;Carville-la-Folletière;28;76;0;0;0;0;0;0;0;0;0;0;0;0;0;0;0;0;0;0;0;0;0;0;0;0;0;0;0;1;1;0;0;0;0;0;0;0;0
76161;Carville-Pot-de-Fer;28;76;0;0;0;0;0;0;0;0;0;0;0;0;0;0;0;0;0;0;0;0;0;0;0;0;0;0;0;0;0;0;0;0;0;0;0;0;0
76162;Le Catelier;28;76;0;0;0;0;0;0;0;0;0;0;0;0;0;0;0;0;0;0;0;0;0;0;0;0;0;1;1;0;0;0;0;0;0;0;0;0;0
76163;Catenay;28;76;0;0;0;0;0;0;0;0;0;0;0;0;0;0;0;0;0;0;0;0;1;0;0;0;3;2;1;0;0;0;0;0;0;0;0;0;0
76164;Rives-en-Seine;28;76;0;1;0;0;0;0;0;0;0;1;0;0;0;0;0;5;0;1;1;1;5;1;0;3;1;2;5;4;3;3;9;1;0;18;5;0;2
76165;Caudebec-lès-Elbeuf;28;76;0;0;0;0;0;0;0;0;0;0;0;0;0;0;0;2;3;1;0;0;16;1;0;5;11;14;7;7;4;5;13;1;0;23;1;1;11
76166;Le Caule-Sainte-Beuve;28;76;0;0;0;0;0;0;0;0;0;0;0;0;0;0;0;0;0;0;0;0;1;0;0;0;0;0;1;1;1;0;0;0;0;0;0;0;0
76167;Cauville-sur-Mer;28;76;0;0;0;0;0;0;0;0;0;0;0;0;0;0;0;0;0;0;0;0;0;0;0;1;0;0;1;2;0;2;1;0;0;0;0;0;2
76168;Les Cent-Acres;28;76;0;0;0;0;0;0;0;0;0;0;0;0;0;0;0;0;0;0;0;0;0;0;0;0;0;0;0;1;0;0;0;0;0;0;0;0;0
76169;La Cerlangue;28;76;0;0;0;0;0;0;0;0;0;0;0;0;0;0;0;0;0;0;0;0;3;0;0;0;1;0;1;1;1;0;0;0;0;0;1;0;3
76170;La Chapelle-du-Bourgay;28;76;0;0;0;0;0;0;0;0;0;0;0;0;0;0;0;0;0;0;0;0;0;0;0;0;0;0;0;0;0;1;0;0;0;0;0;0;0
76171;La Chapelle-Saint-Ouen;28;76;0;0;0;0;0;0;0;0;0;0;0;0;0;0;0;0;0;0;0;0;0;0;0;0;0;0;0;0;1;0;0;0;0;0;0;0;1
76172;La Chapelle-sur-Dun;28;76;0;0;0;0;0;0;0;0;0;0;0;0;0;0;0;0;0;0;0;0;0;0;0;0;0;0;0;0;0;0;0;0;0;0;0;0;0
76173;La Chaussée;28;76;0;0;0;0;0;0;0;0;0;0;0;0;0;0;0;0;0;0;0;0;0;0;0;0;0;1;0;2;0;1;0;0;0;0;1;0;0
76174;Cideville;28;76;0;0;0;0;0;0;0;0;0;0;0;0;0;0;0;0;0;0;0;0;0;0;0;0;0;0;3;2;0;0;1;0;0;0;0;0;0
76175;Clais;28;76;0;0;0;0;0;0;0;0;0;0;0;0;0;0;0;0;0;0;0;0;2;0;0;0;0;0;1;0;0;1;0;0;0;0;0;0;0
76176;Clasville;28;76;0;0;0;0;0;0;0;0;0;0;0;0;0;0;0;0;0;0;0;0;2;0;0;0;1;1;0;2;0;0;0;4;0;0;0;0;0
76177;Claville-Motteville;28;76;0;0;0;0;0;0;0;0;0;0;0;0;0;0;0;0;0;0;0;0;0;0;0;0;1;0;0;1;0;1;0;0;0;0;1;0;0
76178;Cléon;28;76;1;0;0;0;0;0;0;0;0;0;0;0;0;0;0;1;0;1;0;0;5;1;0;0;7;1;0;2;3;2;4;0;1;1;2;0;1
76179;Clères;28;76;0;0;0;0;0;0;0;0;0;1;0;0;0;0;0;0;1;1;0;0;2;0;0;0;0;2;4;3;1;1;3;0;0;4;1;0;1
76180;Cleuville;28;76;0;0;0;0;0;0;0;0;0;0;0;0;0;0;0;0;0;0;0;0;0;0;0;0;1;0;1;0;0;1;0;0;0;0;0;0;0
76181;Cléville;28;76;0;0;0;0;0;0;0;0;0;0;0;0;0;0;0;0;0;0;0;0;0;0;0;0;1;0;0;0;0;0;0;0;0;0;0;0;0
76182;Cliponville;28;76;0;0;0;0;0;0;0;0;0;0;0;0;0;0;0;0;0;0;0;0;0;0;0;0;0;1;2;0;0;0;0;0;0;0;0;0;0
76183;Colleville;28;76;0;0;0;0;0;0;0;0;0;0;0;0;0;0;0;0;0;0;0;1;1;0;0;0;1;1;3;2;1;1;2;0;0;0;0;0;0
76184;Colmesnil-Manneville;28;76;0;0;0;0;0;0;0;0;0;0;0;0;0;0;0;0;0;0;0;0;0;0;0;0;0;1;1;0;0;0;0;0;0;0;0;0;0
76185;Compainville;28;76;0;0;0;0;0;0;0;0;0;0;0;0;0;0;0;0;0;0;0;0;0;0;0;0;1;0;1;0;0;0;0;0;0;0;0;0;0
76186;Conteville;28;76;0;0;0;0;0;0;0;0;0;0;0;0;0;0;0;0;0;0;0;0;3;0;0;0;0;0;1;1;0;1;1;0;0;0;0;0;0
76187;Contremoulins;28;76;0;0;0;0;0;0;0;0;0;0;0;0;0;0;0;0;0;0;0;0;0;0;0;0;1;0;0;0;0;0;0;0;0;0;0;0;0
76188;Cottévrard;28;76;0;0;0;0;0;0;0;0;0;0;0;0;0;0;0;0;0;0;0;0;1;0;0;0;0;1;1;2;0;1;0;0;0;0;0;0;0
76189;Crasville-la-Mallet;28;76;0;0;0;0;0;0;0;0;0;0;0;0;0;0;0;0;0;0;0;0;0;0;0;0;0;1;2;1;0;0;0;2;0;0;0;0;0
76190;Crasville-la-Rocquefort;28;76;0;0;0;0;0;0;0;0;0;0;0;0;0;0;0;0;0;0;0;0;0;0;0;0;1;0;1;0;0;0;0;0;0;0;0;0;0
76191;Cressy;28;76;0;0;0;0;0;0;0;0;0;0;0;0;0;0;0;0;0;0;0;0;2;0;0;0;0;1;0;1;1;0;0;0;0;0;0;0;0
76192;Criel-sur-Mer;28;76;0;0;0;0;0;0;0;0;0;0;0;0;0;0;0;1;0;1;0;0;6;0;0;2;5;7;6;4;3;4;5;1;0;8;3;0;2
76193;La Crique;28;76;0;0;0;0;0;0;0;0;0;0;0;0;0;0;0;0;0;0;0;0;0;0;0;0;0;0;0;1;0;0;0;0;0;0;0;0;0
76194;Criquebeuf-en-Caux;28;76;0;0;0;0;0;0;0;0;0;0;0;0;0;0;0;0;0;0;0;0;0;0;0;0;0;0;0;0;0;0;0;0;0;0;0;0;0
76195;Criquetot-le-Mauconduit;28;76;0;0;0;0;0;0;0;0;0;0;0;0;0;0;0;0;0;0;0;0;1;0;0;0;1;0;0;0;1;0;1;0;0;0;0;0;0
76196;Criquetot-l'Esneval;28;76;0;1;0;0;0;0;0;0;0;1;0;0;0;0;0;3;1;1;0;0;5;1;0;2;2;3;0;1;0;0;4;1;0;3;1;1;1
76197;Criquetot-sur-Longueville;28;76;0;0;0;0;0;0;0;0;0;0;0;0;0;0;0;0;0;0;0;0;0;0;0;0;0;0;2;0;1;1;0;0;0;0;1;0;0
76198;Criquetot-sur-Ouville;28;76;0;0;0;0;0;0;0;0;0;0;0;0;0;0;0;0;0;0;0;0;1;0;1;0;2;2;2;2;0;0;0;0;0;0;0;0;0
76199;Criquiers;28;76;0;0;0;0;0;0;0;0;0;0;0;0;0;0;0;0;0;0;0;0;2;0;0;0;3;0;0;2;2;0;0;0;0;0;0;0;1
76200;Critot;28;76;0;0;0;0;0;0;0;0;0;0;0;0;0;0;0;0;0;0;0;0;1;0;0;0;1;1;0;0;1;0;1;0;0;0;0;0;0
76201;Croisy-sur-Andelle;28;76;0;0;0;0;0;0;0;0;0;0;0;0;0;0;0;0;0;0;0;1;1;0;0;0;1;1;1;1;0;0;0;0;0;1;1;0;1
76202;Croixdalle;28;76;0;0;0;0;0;0;0;0;0;0;0;0;0;0;0;0;0;0;0;0;0;0;0;0;0;0;0;0;0;0;1;0;0;0;0;0;0
76203;Croix-Mare;28;76;0;0;0;0;0;0;0;0;0;0;0;0;0;0;0;0;1;0;0;0;1;0;0;0;0;1;0;2;1;1;0;0;0;0;0;0;0
76204;Cropus;28;76;0;0;0;0;0;0;0;0;0;0;0;0;0;0;0;0;0;0;0;0;0;0;0;0;0;0;1;0;0;0;0;0;0;0;0;0;0
76205;Crosville-sur-Scie;28;76;0;0;0;0;0;0;0;0;0;0;0;0;0;0;0;0;0;0;0;0;0;0;0;0;0;0;0;0;0;0;0;0;0;0;0;0;0
76206;Cuverville;28;76;0;0;0;0;0;0;0;0;0;0;0;0;0;0;0;0;0;0;0;0;0;0;0;0;0;0;1;0;0;0;0;0;0;0;0;0;0
76207;Cuverville-sur-Yères;28;76;0;0;0;0;0;0;0;0;0;0;0;0;0;0;0;0;0;0;0;0;0;0;0;0;0;0;0;0;0;1;1;0;0;0;0;0;0
76208;Cuy-Saint-Fiacre;28;76;0;0;0;0;0;0;0;0;0;0;0;0;0;0;0;0;0;0;0;0;2;0;0;0;2;2;2;1;0;0;0;0;0;0;0;0;2
76209;Dampierre-en-Bray;28;76;0;0;0;0;0;0;0;0;0;0;0;0;0;0;0;0;0;0;0;0;0;0;0;0;1;1;2;1;2;0;2;0;0;0;0;0;1
76210;Dampierre-Saint-Nicolas;28;76;0;0;0;0;0;0;0;0;0;0;0;0;0;0;0;0;0;0;0;0;0;0;0;0;1;1;1;3;0;0;0;0;0;0;0;0;0
76211;Dancourt;28;76;0;0;0;0;0;0;0;0;0;0;0;0;0;0;0;0;0;0;0;0;0;0;0;0;0;1;0;1;1;0;0;0;0;0;0;0;0
76212;Darnétal;28;76;1;0;0;0;0;0;0;0;0;0;0;0;0;0;0;7;1;1;0;0;8;2;0;3;8;18;11;17;5;3;16;2;0;12;5;2;12
76213;Daubeuf-Serville;28;76;0;0;0;0;0;0;0;0;0;0;0;0;0;0;0;0;0;0;0;0;0;0;0;0;0;0;0;2;0;0;2;0;0;0;0;0;0
76214;Dénestanville;28;76;0;0;0;0;0;0;0;0;0;0;0;0;0;0;0;0;1;0;0;0;0;0;0;0;1;0;0;0;0;1;0;0;0;0;0;0;0
76216;Déville-lès-Rouen;28;76;1;1;0;0;0;0;0;0;0;1;0;0;0;0;0;8;1;1;0;0;21;1;7;3;11;12;14;17;12;1;11;1;1;26;6;0;7
76217;Dieppe;28;76;1;0;0;1;1;1;1;1;0;6;0;1;0;0;0;20;5;4;0;0;26;4;4;12;27;47;20;32;20;14;62;3;13;150;41;9;15
76218;Doudeauville;28;76;0;0;0;0;0;0;0;0;0;0;0;0;0;0;0;0;0;0;0;0;1;0;0;0;0;0;0;0;0;0;0;0;0;0;0;0;0
76219;Doudeville;28;76;0;1;0;0;0;0;0;0;0;1;0;0;0;0;0;3;0;1;0;0;8;1;0;1;4;6;4;3;4;2;7;3;0;8;2;0;2
76220;Douvrend;28;76;0;0;0;0;0;0;0;0;0;0;0;0;0;0;0;0;0;0;0;0;1;0;0;0;1;0;1;0;2;0;0;0;0;0;0;0;1
76221;Drosay;28;76;0;0;0;0;0;0;0;0;0;0;0;0;0;0;0;0;0;0;0;0;0;0;0;0;0;0;0;2;0;0;0;0;0;0;0;0;0
76222;Duclair;28;76;0;1;0;0;0;0;0;0;0;1;0;0;0;0;0;4;1;1;0;0;7;1;0;1;4;3;2;3;5;1;6;5;0;14;4;3;5
76223;Écalles-Alix;28;76;0;0;0;0;0;0;0;0;0;0;0;0;0;0;0;0;0;0;0;0;1;0;0;0;0;2;1;1;2;0;0;1;0;0;0;0;0
76224;Écrainville;28;76;0;0;0;0;0;0;0;0;0;0;0;0;0;0;0;0;0;0;0;0;2;0;0;0;1;0;2;1;1;0;0;0;0;0;0;0;0
76225;Écretteville-lès-Baons;28;76;0;0;0;0;0;0;0;0;0;0;0;0;0;0;0;0;0;0;0;0;1;0;0;0;0;0;1;0;0;0;0;0;0;0;0;0;0
76226;Écretteville-sur-Mer;28;76;0;0;0;0;0;0;0;0;0;0;0;0;0;0;0;0;0;0;0;0;0;0;0;0;0;0;1;0;0;0;0;0;0;0;0;0;0
76227;Ectot-l'Auber;28;76;0;0;0;0;0;0;0;0;0;0;0;0;0;0;0;0;0;0;0;0;1;0;0;0;1;0;3;2;1;0;1;0;0;1;0;0;1
76228;Ectot-lès-Baons;28;76;0;0;0;0;0;0;0;0;0;0;0;0;0;0;0;0;0;0;0;0;0;0;0;0;1;0;1;0;1;0;0;0;0;0;0;0;0
76229;Elbeuf-en-Bray;28;76;0;0;0;0;0;0;0;0;0;0;0;0;0;0;0;0;0;0;0;0;1;0;0;0;1;0;1;1;1;1;0;0;0;0;0;0;0
76230;Elbeuf-sur-Andelle;28;76;0;0;0;0;0;0;0;0;0;0;0;0;0;0;0;0;0;0;0;0;0;0;0;0;2;0;0;1;0;2;0;0;0;1;1;0;0
76231;Elbeuf;28;76;1;0;0;0;0;0;0;0;0;2;0;1;0;1;0;10;2;1;0;0;17;3;2;7;15;33;11;31;10;11;36;2;3;79;16;4;12
76232;Életot;28;76;0;0;0;0;0;0;0;0;0;0;0;0;0;0;0;0;0;0;0;1;0;0;0;0;1;1;0;0;1;1;1;0;0;0;0;0;0
76233;Ellecourt;28;76;0;0;0;0;0;0;0;0;0;0;0;0;0;0;0;0;0;0;0;0;0;0;0;0;0;0;0;0;0;0;0;0;0;0;0;0;0
76234;Émanville;28;76;0;0;0;0;0;0;0;0;0;0;0;0;0;0;0;0;0;0;0;0;0;0;0;0;1;2;0;1;0;1;2;1;0;0;0;0;0
76235;Envermeu;28;76;0;1;0;0;0;0;0;0;0;1;0;0;0;0;0;2;2;1;0;0;2;1;0;1;4;3;4;2;2;1;4;4;0;4;0;0;3
76236;Envronville;28;76;0;0;0;0;0;0;0;0;0;0;0;0;0;0;0;0;0;0;0;0;0;0;0;0;0;0;1;0;0;0;0;0;0;0;0;0;0
76237;Épinay-sur-Duclair;28;76;0;0;0;0;0;0;0;0;0;0;0;0;0;0;0;0;0;0;0;0;0;0;0;0;0;1;0;1;0;0;1;0;0;0;0;0;0
76238;Épouville;28;76;0;1;0;0;0;0;0;0;0;0;0;0;0;0;0;0;0;1;0;0;6;1;0;0;5;2;3;2;1;0;5;0;0;2;0;0;2
76239;Épretot;28;76;0;0;0;0;0;0;0;0;0;0;0;0;0;0;0;0;0;0;0;0;0;0;0;0;0;0;1;2;0;1;2;0;0;0;0;0;1
76240;Épreville;28;76;0;0;0;0;0;0;0;0;0;0;0;0;0;0;0;0;0;0;0;0;3;0;0;1;2;2;2;2;2;0;2;0;0;2;0;0;1
76241;Ermenouville;28;76;0;0;0;0;0;0;0;0;0;0;0;0;0;0;0;0;0;0;0;0;0;0;0;0;1;0;0;1;0;0;0;0;0;0;0;0;0
76242;Ernemont-la-Villette;28;76;0;0;0;0;0;0;0;0;0;0;0;0;0;0;0;0;0;0;0;0;1;0;0;0;0;0;1;0;1;0;0;0;0;0;0;0;1
76243;Ernemont-sur-Buchy;28;76;0;0;0;0;0;0;0;0;0;0;0;0;0;0;0;0;0;0;0;0;0;0;0;0;0;1;0;2;0;0;0;0;0;0;0;0;0
76244;Esclavelles;28;76;0;0;0;0;0;0;0;0;0;0;0;0;0;0;0;0;0;0;0;0;1;0;0;0;1;0;0;1;0;0;0;0;0;0;0;0;0
76245;Eslettes;28;76;0;0;0;0;0;0;0;0;0;0;0;0;0;0;0;0;0;0;0;1;1;0;0;0;3;2;7;3;5;2;1;0;0;0;0;0;0
76247;Esteville;28;76;0;0;0;0;0;0;0;0;0;0;0;0;0;0;0;0;0;0;0;0;0;0;0;0;4;0;2;1;0;1;1;0;0;0;0;0;0
76248;Estouteville-Écalles;28;76;0;0;0;0;0;0;0;0;0;0;0;0;0;0;0;0;0;0;0;0;0;0;0;0;0;1;0;0;0;1;0;8;0;0;0;0;0
76249;Étaimpuis;28;76;0;0;0;0;0;0;0;0;0;0;0;0;0;0;0;0;0;0;0;0;0;0;0;0;1;0;1;3;3;0;1;0;0;1;0;0;1
76250;Étainhus;28;76;0;0;0;0;0;0;0;0;0;0;0;0;0;0;0;0;0;0;1;0;0;0;0;0;2;0;0;3;0;0;0;0;0;0;0;0;0
76251;Étalleville;28;76;0;0;0;0;0;0;0;0;0;0;0;0;0;0;0;0;0;0;0;0;0;0;0;0;3;0;0;0;0;0;0;0;0;0;0;0;0
76252;Étalondes;28;76;0;0;0;0;0;0;0;0;0;0;0;0;0;0;0;0;0;0;0;0;3;1;0;0;1;0;2;0;1;1;4;0;0;2;0;0;0
76253;Étoutteville;28;76;0;0;0;0;0;0;0;0;0;0;0;0;0;0;0;0;0;0;0;1;2;0;0;0;2;1;3;1;1;0;0;1;0;0;0;0;1
76254;Étretat;28;76;0;1;0;0;0;0;0;0;0;0;0;0;0;0;0;2;0;1;0;0;1;0;0;1;0;2;0;2;1;0;4;0;0;35;4;1;0
76255;Eu;28;76;0;0;0;0;0;0;0;0;0;2;0;0;0;0;0;10;3;1;0;0;18;1;2;7;1;3;4;6;6;7;15;4;4;14;14;4;10
76257;Fallencourt;28;76;0;0;0;0;0;0;0;0;0;0;0;0;0;0;0;0;0;0;0;0;0;0;0;0;0;0;0;0;1;0;0;0;0;0;0;0;0
76258;Fauville-en-Caux;28;76;0;1;0;0;0;0;0;0;0;1;0;0;0;0;0;5;1;1;0;0;2;1;0;2;3;4;3;2;4;0;7;4;0;6;2;1;2
76259;Fécamp;28;76;1;1;0;0;0;0;0;0;0;2;0;1;0;1;0;13;4;2;0;0;17;2;1;5;13;14;17;13;12;4;28;5;4;61;22;2;12
76260;Ferrières-en-Bray;28;76;0;0;0;0;0;0;0;0;0;0;0;0;0;0;0;0;1;0;1;0;9;2;0;0;0;2;2;1;1;1;3;2;1;6;0;0;1
76261;La Ferté-Saint-Samson;28;76;0;0;0;0;0;0;0;0;0;0;0;0;0;0;0;0;0;0;0;0;1;0;0;0;0;0;2;2;1;2;1;0;0;0;0;0;1
76262;Fesques;28;76;0;0;0;0;0;0;0;0;0;0;0;0;0;0;0;0;0;0;0;0;0;0;0;0;0;1;0;0;0;0;0;0;0;0;0;0;0
76263;La Feuillie;28;76;0;1;0;0;0;0;0;0;0;1;0;0;0;0;0;0;0;1;0;0;2;0;0;1;2;0;3;4;1;1;2;1;0;2;0;1;1
76264;Flamanville;28;76;0;0;0;0;0;0;0;0;0;0;0;0;0;0;0;0;0;0;0;0;1;0;0;0;0;0;1;0;1;0;1;0;0;0;0;0;0
76265;Flamets-Frétils;28;76;0;0;0;0;0;0;0;0;0;0;0;0;0;0;0;0;0;0;0;0;0;0;0;0;0;0;0;0;0;0;0;0;0;1;0;0;0
76266;Flocques;28;76;0;0;0;0;0;0;0;0;0;0;0;0;0;0;0;0;0;0;0;0;0;0;0;0;0;1;0;1;0;0;0;0;0;2;0;0;0
76268;Fongueusemare;28;76;0;0;0;0;0;0;0;0;0;0;0;0;0;0;0;0;0;0;0;0;0;0;0;0;0;0;0;0;0;0;0;0;0;0;0;0;0
76269;Fontaine-en-Bray;28;76;0;0;0;0;0;0;0;0;0;0;0;0;0;0;0;0;0;0;0;0;0;0;0;0;0;0;1;3;0;0;0;0;0;0;0;0;0
76270;Fontaine-la-Mallet;28;76;0;0;0;0;0;0;0;0;0;0;0;0;0;0;0;0;0;0;0;1;1;0;0;0;0;2;0;1;2;1;3;0;0;1;2;0;5
76271;Fontaine-le-Bourg;28;76;0;0;0;0;0;0;0;0;0;0;0;0;0;0;0;0;1;0;0;1;2;0;0;0;1;0;2;4;0;2;4;0;0;1;3;0;0
76272;Fontaine-le-Dun;28;76;0;1;0;0;0;0;0;0;0;0;0;0;0;0;0;1;0;1;0;0;1;0;0;2;0;0;0;1;0;0;2;0;0;2;1;0;0
76273;Fontaine-sous-Préaux;28;76;0;0;0;0;0;0;0;0;0;0;0;0;0;0;0;0;0;0;0;0;0;0;0;0;0;1;1;1;0;1;0;0;0;1;0;0;1
76274;La Fontelaye;28;76;0;0;0;0;0;0;0;0;0;0;0;0;0;0;0;0;0;0;0;0;0;0;0;0;1;0;0;0;0;0;1;0;0;0;0;0;0
76275;Fontenay;28;76;0;0;0;0;0;0;0;0;0;0;0;0;0;0;0;0;0;0;0;0;0;0;0;0;1;1;1;0;1;0;2;0;0;0;1;0;0
76276;Forges-les-Eaux;28;76;0;1;0;0;0;0;0;0;0;1;0;1;0;0;0;6;3;1;0;0;6;2;0;2;4;8;5;6;3;1;7;6;0;19;4;2;4
76278;Foucarmont;28;76;0;0;0;0;0;0;0;0;0;0;0;0;0;0;0;2;1;1;0;0;6;0;0;2;2;1;1;4;3;1;3;5;0;2;0;0;0
76279;Foucart;28;76;0;0;0;0;0;0;0;0;0;0;0;0;0;0;0;0;0;0;0;0;1;0;0;0;0;0;0;0;1;0;0;0;0;1;0;0;0
76280;Fréauville;28;76;0;0;0;0;0;0;0;0;0;0;0;0;0;0;0;0;0;0;0;0;0;0;0;0;0;1;1;0;0;0;0;0;0;0;0;0;0
76281;La Frénaye;28;76;0;0;0;0;0;0;0;0;0;0;0;0;0;0;0;0;0;0;0;1;4;0;0;1;1;2;0;0;3;0;2;0;0;2;0;0;1
76282;Freneuse;28;76;0;0;0;0;0;0;0;0;0;0;0;0;0;0;0;0;0;0;0;0;1;0;0;0;1;0;0;0;3;0;1;0;0;2;0;0;0
76283;Fresles;28;76;0;0;0;0;0;0;0;0;0;0;0;0;0;0;0;0;0;0;0;0;1;0;0;0;1;1;0;1;0;0;0;0;0;0;0;0;0
76284;Fresnay-le-Long;28;76;0;0;0;0;0;0;0;0;0;0;0;0;0;0;0;0;0;0;0;0;0;0;0;0;0;0;1;1;0;0;0;0;1;0;0;0;0
76285;Fresne-le-Plan;28;76;0;0;0;0;0;0;0;0;0;0;0;0;0;0;0;0;0;0;0;0;0;0;0;0;1;0;0;3;0;0;1;0;0;0;0;0;0
76286;Fresnoy-Folny;28;76;0;0;0;0;0;0;0;0;0;0;0;0;0;0;0;0;0;0;1;0;1;0;0;0;0;1;2;1;0;0;1;0;0;0;0;0;0
76287;Fresquiennes;28;76;0;0;0;0;0;0;0;0;0;0;0;0;0;0;0;0;0;0;0;0;1;0;0;0;2;1;1;1;0;0;2;0;0;3;1;0;0
76288;Freulleville;28;76;0;0;0;0;0;0;0;0;0;0;0;0;0;0;0;0;0;0;0;0;1;0;0;0;0;2;0;2;0;0;0;0;0;0;1;0;0
76289;Saint Martin de l'If;28;76;0;0;0;0;0;0;0;0;0;0;0;0;0;0;0;0;0;1;0;0;1;0;0;1;2;1;3;2;1;0;3;0;0;0;1;0;3
76290;Frichemesnil;28;76;0;0;0;0;0;0;0;0;0;0;0;0;0;0;0;0;0;0;0;0;0;0;0;0;0;1;1;0;0;0;0;0;0;1;0;0;0
76291;Froberville;28;76;0;0;0;0;0;0;0;0;0;0;0;0;0;0;0;0;0;0;0;0;2;0;0;0;2;0;3;1;0;0;1;0;0;0;2;0;0
76292;Fry;28;76;0;0;0;0;0;0;0;0;0;0;0;0;0;0;0;0;0;0;0;0;0;0;0;0;1;0;0;0;0;0;0;0;0;0;0;0;0
76293;Fultot;28;76;0;0;0;0;0;0;0;0;0;0;0;0;0;0;0;0;0;0;0;0;0;0;0;0;2;0;0;0;0;1;0;0;0;0;0;0;0
76294;La Gaillarde;28;76;0;0;0;0;0;0;0;0;0;0;0;0;0;0;0;0;0;0;0;0;2;0;0;0;1;0;1;1;0;0;0;1;0;1;0;0;0
76295;Gaillefontaine;28;76;0;0;0;0;0;0;0;0;0;0;0;0;0;0;0;0;0;1;0;0;2;1;0;0;2;0;0;1;0;2;2;0;0;1;0;0;1
76296;Gainneville;28;76;0;0;0;0;0;0;0;0;0;0;0;0;0;0;0;0;0;1;0;0;5;0;0;0;3;0;9;2;0;3;2;0;0;1;1;0;1
76297;Gancourt-Saint-Étienne;28;76;0;0;0;0;0;0;0;0;0;0;0;0;0;0;0;0;0;0;0;0;0;0;0;0;0;0;0;0;0;0;0;0;0;1;0;0;0
76298;Ganzeville;28;76;0;0;0;0;0;0;0;0;0;0;0;0;0;0;0;0;0;0;0;0;0;0;0;0;0;0;3;0;1;0;0;0;0;1;0;0;0
76299;Gerponville;28;76;0;0;0;0;0;0;0;0;0;0;0;0;0;0;0;0;0;0;0;0;1;0;0;0;0;0;2;0;1;0;0;0;0;0;0;0;0
76300;Gerville;28;76;0;0;0;0;0;0;0;0;0;0;0;0;0;0;0;0;0;0;0;0;1;0;0;0;1;1;1;1;0;0;1;0;0;0;0;0;0
76302;Goderville;28;76;0;1;0;0;0;0;0;0;0;1;0;0;0;0;0;6;0;1;0;0;3;0;0;2;2;2;1;4;7;1;7;0;0;7;5;1;5
76303;Gommerville;28;76;0;0;0;0;0;0;0;0;0;0;0;0;0;0;0;0;0;0;0;0;0;0;0;0;2;0;1;3;2;0;0;0;0;1;0;0;0
76304;Gonfreville-Caillot;28;76;0;0;0;0;0;0;0;0;0;0;0;0;0;0;0;0;0;0;0;0;0;0;0;0;0;2;0;0;1;0;0;0;0;1;0;0;0
76305;Gonfreville-l'Orcher;28;76;1;0;0;0;0;0;0;0;0;0;0;0;0;0;0;0;1;1;0;0;8;2;0;5;2;9;6;10;10;4;9;2;0;14;1;1;7
76306;Gonnetot;28;76;0;0;0;0;0;0;0;0;0;0;0;0;0;0;0;0;0;0;0;0;0;0;0;0;0;0;0;1;0;0;0;0;0;0;0;0;1
76307;Gonneville-la-Mallet;28;76;0;0;0;0;0;0;0;0;0;0;0;0;0;0;0;0;0;1;0;0;5;0;0;2;3;3;3;4;2;1;2;4;0;3;1;0;2
76308;Gonneville-sur-Scie;28;76;0;0;0;0;0;0;0;0;0;0;0;0;0;0;0;0;0;0;0;0;0;0;0;0;0;2;0;3;1;0;0;0;0;0;0;0;0
76309;Gonzeville;28;76;0;0;0;0;0;0;0;0;0;0;0;0;0;0;0;0;0;0;0;0;0;0;0;0;1;0;0;1;0;0;0;0;0;0;0;0;0
76311;Goupillières;28;76;0;0;0;0;0;0;0;0;0;0;0;0;0;0;0;0;0;0;0;0;1;0;0;0;1;0;2;2;0;0;2;0;0;0;0;0;0
76312;Gournay-en-Bray;28;76;0;1;0;0;0;0;0;0;0;1;0;0;0;0;0;11;5;1;0;0;13;1;0;2;8;4;11;14;3;0;12;6;3;15;6;3;7
76313;Gouy;28;76;0;0;0;0;0;0;0;0;0;0;0;0;0;0;0;0;0;0;0;0;0;0;0;0;1;0;1;0;3;0;0;0;0;0;0;0;1
76314;Graimbouville;28;76;0;0;0;0;0;0;0;0;0;0;0;0;0;0;0;0;0;0;0;0;0;0;0;0;0;0;2;0;0;0;1;0;0;1;0;0;0
76315;Grainville-la-Teinturière;28;76;0;0;0;0;0;0;0;0;0;0;0;0;0;0;0;0;0;0;0;1;4;1;0;0;3;1;3;2;1;0;1;0;0;0;0;0;0
76316;Grainville-sur-Ry;28;76;0;0;0;0;0;0;0;0;0;0;0;0;0;0;0;0;0;0;0;0;0;0;0;0;2;0;2;0;0;0;0;0;0;0;0;0;1
76317;Grainville-Ymauville;28;76;0;0;0;0;0;0;0;0;0;0;0;0;0;0;0;0;0;0;0;0;1;0;0;0;1;0;1;1;2;0;0;0;0;0;0;0;2
76318;Grand-Camp;28;76;0;0;0;0;0;0;0;0;0;0;0;0;0;0;0;0;0;0;0;0;1;0;0;0;2;0;2;0;1;1;1;0;0;1;0;0;0
76319;Grand-Couronne;28;76;0;0;0;0;0;0;0;0;0;1;0;0;0;0;0;5;0;1;0;1;11;2;1;2;18;12;9;8;13;3;9;2;0;13;5;2;8
76320;Grandcourt;28;76;0;0;0;0;0;0;0;0;0;0;0;0;0;0;0;0;0;0;1;0;0;0;0;0;0;0;1;1;0;0;0;0;0;0;0;0;0
76321;Les Grandes-Ventes;28;76;0;0;0;0;0;0;0;0;0;0;0;0;0;0;0;1;0;1;0;0;5;0;0;2;1;1;4;3;2;1;4;0;0;6;1;0;1
76322;Le Grand-Quevilly;28;76;1;0;0;0;0;0;0;0;0;1;0;0;0;0;0;12;0;2;1;0;11;1;2;5;11;29;14;18;14;4;26;4;2;25;4;4;14
76323;Graval;28;76;0;0;0;0;0;0;0;0;0;0;0;0;0;0;0;0;0;0;0;0;0;0;0;0;0;0;1;0;0;0;1;0;0;0;0;0;0
76324;Grèges;28;76;0;0;0;0;0;0;0;0;0;0;0;0;0;0;0;0;0;0;0;0;1;0;0;0;3;0;2;1;1;0;1;0;0;0;1;0;0
76325;Grémonville;28;76;0;0;0;0;0;0;0;0;0;0;0;0;0;0;0;0;0;0;0;0;0;0;0;0;0;0;1;1;1;0;1;0;0;0;0;0;0
76327;Greuville;28;76;0;0;0;0;0;0;0;0;0;0;0;0;0;0;0;0;0;0;0;0;1;0;0;0;1;0;1;1;1;0;0;0;0;0;0;0;0
76328;Grigneuseville;28;76;0;0;0;0;0;0;0;0;0;0;0;0;0;0;0;0;0;0;0;0;1;0;0;0;2;0;0;0;0;0;0;0;0;0;0;0;0
76329;Gruchet-le-Valasse;28;76;0;0;0;0;0;0;0;0;0;0;0;0;0;0;0;0;0;1;0;0;8;1;1;1;0;3;1;1;1;1;8;1;2;9;2;1;2
76330;Gruchet-Saint-Siméon;28;76;0;0;0;0;0;0;0;0;0;0;0;0;0;0;0;0;0;0;0;0;1;0;0;0;2;0;1;0;0;0;0;0;0;0;0;0;1
76331;Grugny;28;76;0;0;0;0;0;0;0;0;0;0;0;0;0;0;0;0;0;0;0;0;0;0;0;0;1;0;1;0;1;0;0;0;0;0;1;0;0
76332;Grumesnil;28;76;0;0;0;0;0;0;0;0;0;0;0;0;0;0;0;0;0;0;0;0;0;0;0;0;1;0;1;0;0;0;0;0;0;0;0;0;0
76333;Guerville;28;76;0;0;0;0;0;0;0;0;0;0;0;0;0;0;0;0;0;0;1;0;0;0;0;0;0;0;0;1;0;0;0;0;0;1;0;0;0
76334;Gueures;28;76;0;0;0;0;0;0;0;0;0;0;0;0;0;0;0;0;0;0;0;1;1;0;0;0;1;0;3;0;0;0;1;1;0;0;0;0;0
76335;Gueutteville;28;76;0;0;0;0;0;0;0;0;0;0;0;0;0;0;0;0;0;0;0;0;0;0;0;0;0;0;1;0;0;0;0;0;0;0;0;0;0
76336;Gueutteville-les-Grès;28;76;0;0;0;0;0;0;0;0;0;0;0;0;0;0;0;0;0;0;0;0;0;0;0;0;1;1;0;1;0;0;0;0;0;0;0;0;0
76338;La Hallotière;28;76;0;0;0;0;0;0;0;0;0;0;0;0;0;0;0;0;0;0;0;0;0;0;0;0;0;1;0;0;0;0;0;0;0;0;0;0;0
76339;Le Hanouard;28;76;0;0;0;0;0;0;0;0;0;0;0;0;0;0;0;0;0;0;0;0;0;0;0;0;0;0;0;1;1;0;0;0;0;2;1;0;0
76340;Harcanville;28;76;0;0;0;0;0;0;0;0;0;0;0;0;0;0;0;0;0;0;0;0;1;0;0;0;1;0;2;1;0;0;0;0;0;1;0;0;1
76341;Harfleur;28;76;1;0;0;0;0;0;0;0;0;1;0;1;0;0;0;7;1;1;0;1;4;2;0;4;5;7;10;10;8;3;8;1;6;12;0;1;5
76342;Hattenville;28;76;0;0;0;0;0;0;0;0;0;0;0;0;0;0;0;0;0;0;0;0;3;0;0;0;2;1;4;1;1;0;1;0;0;0;0;0;0
76343;Haucourt;28;76;0;0;0;0;0;0;0;0;0;0;0;0;0;0;0;0;0;0;0;0;0;0;0;0;1;0;1;1;0;0;0;0;0;0;0;0;0
76344;Haudricourt;28;76;0;0;0;0;0;0;0;0;0;0;0;0;0;0;0;0;0;0;0;0;0;0;0;0;1;1;2;0;1;0;0;0;0;1;0;0;0
76345;Haussez;28;76;0;0;0;0;0;0;0;0;0;0;0;0;0;0;0;0;0;0;0;0;0;0;0;0;1;0;0;3;0;1;0;0;0;0;0;0;0
76346;Hautot-l'Auvray;28;76;0;0;0;0;0;0;0;0;0;0;0;0;0;0;0;0;0;0;0;0;1;0;0;0;0;0;1;2;0;0;0;0;0;0;0;0;0
76347;Hautot-le-Vatois;28;76;0;0;0;0;0;0;0;0;0;0;0;0;0;0;0;0;0;0;0;0;0;0;0;0;0;0;0;0;0;0;0;0;0;0;0;0;1
76348;Hautot-Saint-Sulpice;28;76;0;0;0;0;0;0;0;0;0;0;0;0;0;0;0;0;0;0;0;0;0;0;0;0;1;1;0;1;0;0;0;0;0;0;0;0;1
76349;Hautot-sur-Mer;28;76;0;0;0;0;0;0;0;0;0;0;0;0;0;0;0;0;0;0;0;0;2;0;0;0;2;0;1;1;1;0;3;1;0;6;1;0;2
76350;Hautot-sur-Seine;28;76;0;0;0;0;0;0;0;0;0;0;0;0;0;0;0;0;0;0;0;0;0;0;0;0;1;0;0;1;0;0;1;0;0;0;1;0;1
76351;Le Havre;28;76;7;1;0;1;1;1;1;1;0;12;0;3;0;1;0;96;17;17;0;3;130;14;22;37;72;122;93;93;86;57;225;15;42;506;111;19;113
76352;La Haye;28;76;0;0;0;0;0;0;0;0;0;0;0;0;0;0;0;0;0;0;0;0;0;0;0;0;0;0;1;0;0;0;0;0;0;2;0;0;0
76353;Héberville;28;76;0;0;0;0;0;0;0;0;0;0;0;0;0;0;0;0;0;0;0;0;0;0;0;0;0;0;0;0;0;0;0;0;0;0;0;0;0
76354;Hénouville;28;76;0;0;0;0;0;0;0;0;0;0;0;0;0;0;0;0;0;0;0;0;0;0;0;0;2;0;0;2;0;0;0;0;0;1;1;0;1
76355;Héricourt-en-Caux;28;76;0;1;0;0;0;0;0;0;0;0;0;0;0;0;0;0;0;0;1;0;1;0;0;0;1;1;1;2;0;0;2;0;0;2;0;0;0
76356;Hermanville;28;76;0;0;0;0;0;0;0;0;0;0;0;0;0;0;0;0;0;0;0;0;0;0;0;0;0;0;0;0;0;0;0;0;0;0;0;0;0
76357;Hermeville;28;76;0;0;0;0;0;0;0;0;0;0;0;0;0;0;0;0;0;0;0;0;0;0;0;0;0;0;0;1;1;0;0;0;0;1;0;0;0
76358;Le Héron;28;76;0;0;0;0;0;0;0;0;0;0;0;0;0;0;0;0;0;0;0;0;0;0;0;0;0;1;0;0;0;0;0;0;0;0;0;0;0
76359;Héronchelles;28;76;0;0;0;0;0;0;0;0;0;0;0;0;0;0;0;0;0;0;0;0;0;0;0;0;2;0;0;0;0;1;0;0;0;0;0;0;0
76360;Heugleville-sur-Scie;28;76;0;0;0;0;0;0;0;0;0;0;0;0;0;0;0;0;0;0;0;0;0;0;0;1;1;0;2;4;1;1;1;0;0;0;0;0;1
76361;Heuqueville;28;76;0;0;0;0;0;0;0;0;0;0;0;0;0;0;0;0;0;0;0;0;1;0;0;0;2;0;0;1;0;0;1;0;0;0;1;0;2
76362;Heurteauville;28;76;0;0;0;0;0;0;0;0;0;0;0;0;0;0;0;0;0;0;0;0;0;0;0;0;0;1;0;0;0;0;0;0;0;1;0;0;0
76363;Hodeng-au-Bosc;28;76;0;0;0;0;0;0;0;0;0;0;0;0;0;0;0;0;0;0;0;0;0;0;0;0;0;0;0;2;0;0;0;0;0;0;0;0;0
76364;Hodeng-Hodenger;28;76;0;0;0;0;0;0;0;0;0;0;0;0;0;0;0;0;0;0;0;0;0;0;0;0;1;2;0;1;1;0;0;0;0;0;0;0;1
76365;Houdetot;28;76;0;0;0;0;0;0;0;0;0;0;0;0;0;0;0;0;0;0;0;0;0;0;0;0;0;1;0;0;0;0;0;0;0;1;0;0;0
76366;Le Houlme;28;76;1;0;0;0;0;0;0;0;0;0;0;0;0;0;0;0;0;1;0;0;8;2;0;1;6;1;10;5;3;3;7;0;0;7;2;2;4
76367;Houppeville;28;76;0;0;0;0;0;0;0;0;0;0;0;0;0;0;0;0;0;1;0;0;2;0;0;0;1;0;4;3;4;0;2;0;0;1;0;0;0
76368;Houquetot;28;76;0;0;0;0;0;0;0;0;0;0;0;0;0;0;0;0;0;0;0;0;0;0;0;0;0;0;0;0;0;0;0;0;0;0;0;0;0
76369;La Houssaye-Béranger;28;76;0;0;0;0;0;0;0;0;0;0;0;0;0;0;0;0;0;0;0;0;0;0;0;0;0;1;0;1;1;0;1;0;0;0;0;0;0
76370;Hugleville-en-Caux;28;76;0;0;0;0;0;0;0;0;0;0;0;0;0;0;0;0;0;0;0;0;0;0;0;0;0;0;0;0;0;1;0;0;0;1;0;0;0
76371;Les Ifs;28;76;0;0;0;0;0;0;0;0;0;0;0;0;0;0;0;0;0;0;0;0;0;0;0;0;0;0;0;0;0;0;0;0;0;0;0;0;0
76372;Illois;28;76;0;0;0;0;0;0;0;0;0;0;0;0;0;0;0;0;0;0;0;0;1;0;0;0;1;1;0;0;0;0;0;0;0;1;0;0;1
76373;Imbleville;28;76;0;0;0;0;0;0;0;0;0;0;0;0;0;0;0;0;0;0;0;0;1;0;0;0;1;0;2;0;0;0;0;0;0;0;0;0;0
76374;Incheville;28;76;0;0;0;0;0;0;0;0;0;0;0;0;0;0;0;0;0;1;0;0;1;0;0;0;3;1;4;3;0;0;2;0;0;1;1;0;0
76375;Ingouville;28;76;0;0;0;0;0;0;0;0;0;0;0;0;0;0;0;0;0;0;0;0;0;0;0;0;0;0;1;2;0;0;0;0;0;0;0;0;0
76377;Isneauville;28;76;0;0;0;0;0;0;0;0;0;0;0;0;0;0;0;6;0;1;0;0;2;0;0;1;0;4;5;3;1;9;5;0;0;9;3;0;0
76378;Jumièges;28;76;0;0;0;0;0;0;0;0;0;0;0;0;0;0;0;0;0;1;0;0;3;0;0;0;3;1;1;1;1;0;2;0;0;5;0;0;0
76379;Lamberville;28;76;0;0;0;0;0;0;0;0;0;0;0;0;0;0;0;0;0;0;0;0;0;0;0;0;0;0;0;0;0;0;0;0;0;0;0;0;1
76380;Lammerville;28;76;0;0;0;0;0;0;0;0;0;0;0;0;0;0;0;0;0;0;0;0;0;0;0;0;0;0;0;0;1;0;0;0;0;1;0;0;0
76381;Landes-Vieilles-et-Neuves;28;76;0;0;0;0;0;0;0;0;0;0;0;0;0;0;0;0;0;0;0;0;1;0;0;0;0;1;0;0;0;0;0;0;0;0;0;0;0
76382;Lanquetot;28;76;0;0;0;0;0;0;0;0;0;0;0;0;0;0;0;0;0;0;0;0;1;0;0;0;1;0;2;3;0;1;2;0;0;1;0;0;1
76383;Lestanville;28;76;0;0;0;0;0;0;0;0;0;0;0;0;0;0;0;0;0;0;0;0;0;0;0;0;0;0;0;0;0;0;1;0;0;0;0;0;0
76384;Lillebonne;28;76;1;0;0;0;0;0;0;0;0;1;0;1;0;0;0;11;1;1;0;1;12;1;0;4;7;3;4;6;4;4;19;1;2;22;8;4;7
76385;Limésy;28;76;0;0;0;0;0;0;0;0;0;0;0;0;0;0;0;0;0;0;0;1;4;0;0;0;2;5;0;3;1;1;3;0;0;2;2;1;1
76386;Limpiville;28;76;0;0;0;0;0;0;0;0;0;0;0;0;0;0;0;0;0;0;0;0;0;0;0;0;0;0;1;1;0;0;0;0;0;0;0;0;0
76387;Lindebeuf;28;76;0;0;0;0;0;0;0;0;0;0;0;0;0;0;0;0;0;0;0;0;1;0;0;0;0;1;0;0;0;1;0;0;0;0;0;0;0
76388;Lintot;28;76;0;0;0;0;0;0;0;0;0;0;0;0;0;0;0;0;0;0;0;0;0;0;0;0;1;1;2;0;0;0;1;0;0;0;0;0;0
76389;Lintot-les-Bois;28;76;0;0;0;0;0;0;0;0;0;0;0;0;0;0;0;0;0;0;0;0;0;0;0;0;0;0;0;0;0;0;0;0;0;0;0;0;1
76390;Les Loges;28;76;0;0;0;0;0;0;0;0;0;0;0;0;0;0;0;0;0;0;0;1;1;0;0;0;2;0;2;4;0;1;1;0;0;2;0;0;0
76391;La Londe;28;76;0;0;0;0;0;0;0;0;0;0;0;0;0;0;0;0;0;1;0;0;6;0;0;0;2;1;1;4;1;0;2;0;0;2;0;0;1
76392;Londinières;28;76;0;1;0;0;0;0;0;0;0;0;0;0;0;0;0;3;1;1;0;0;6;0;0;1;2;1;2;2;1;0;4;7;0;6;0;0;2
76393;Longmesnil;28;76;0;0;0;0;0;0;0;0;0;0;0;0;0;0;0;0;0;0;0;0;0;0;0;0;0;0;0;0;0;0;1;0;0;0;0;0;0
76394;Longroy;28;76;0;0;0;0;0;0;0;0;0;0;0;0;0;0;0;0;1;0;0;0;1;0;0;0;0;0;4;3;1;0;1;0;0;0;1;0;1
76395;Longueil;28;76;0;0;0;0;0;0;0;0;0;0;0;0;0;0;0;0;0;0;0;0;1;0;0;0;0;1;3;1;1;2;0;0;0;0;0;0;0
76396;Longuerue;28;76;0;0;0;0;0;0;0;0;0;0;0;0;0;0;0;0;0;0;0;0;1;0;0;0;0;0;0;0;0;0;0;0;0;0;0;0;0
76397;Longueville-sur-Scie;28;76;0;1;0;0;0;0;0;0;0;1;0;0;0;0;0;2;0;1;0;0;3;0;0;1;1;0;1;1;0;3;2;0;0;3;0;0;2
76398;Louvetot;28;76;0;0;0;0;0;0;0;0;0;0;0;0;0;0;0;0;0;0;0;0;0;0;0;0;3;0;0;1;0;0;0;0;0;0;1;0;2
76399;Lucy;28;76;0;0;0;0;0;0;0;0;0;0;0;0;0;0;0;0;0;0;0;0;0;0;0;0;1;0;0;0;0;0;0;0;0;1;0;0;0
76400;Luneray;28;76;0;0;0;0;0;0;0;0;0;1;0;0;0;0;0;4;1;1;0;0;6;1;0;3;1;1;4;6;3;1;4;0;0;6;3;1;3
76401;Arelaune-en-Seine;28;76;0;1;0;0;0;0;0;0;0;0;0;0;0;0;0;0;0;1;0;0;5;0;0;0;7;0;0;2;6;0;4;1;0;4;1;0;0
76402;Malaunay;28;76;0;0;0;0;0;0;0;0;0;0;0;0;0;0;0;1;0;1;0;0;11;1;1;1;2;12;9;2;8;4;8;1;0;8;0;2;2
76403;Malleville-les-Grès;28;76;0;0;0;0;0;0;0;0;0;0;0;0;0;0;0;0;0;0;0;0;0;0;0;0;0;0;0;0;0;0;0;0;0;0;0;0;0
76404;Manéglise;28;76;0;0;0;0;0;0;0;0;0;0;0;0;0;0;0;0;0;0;0;0;2;0;0;0;0;2;1;4;4;1;1;0;0;0;0;0;0
76405;Manéhouville;28;76;0;0;0;0;0;0;0;0;0;0;0;0;0;0;0;0;0;0;0;0;0;0;0;0;0;3;1;1;1;0;0;0;0;0;0;0;0
76406;Maniquerville;28;76;0;0;0;0;0;0;0;0;0;0;0;0;0;0;0;0;0;0;0;0;0;0;0;0;1;0;1;1;0;1;0;0;0;0;0;0;0
76407;Manneville-ès-Plains;28;76;0;0;0;0;0;0;0;0;0;0;0;0;0;0;0;0;0;0;0;0;0;0;0;0;0;1;0;0;1;0;0;0;0;0;0;0;0
76408;Manneville-la-Goupil;28;76;0;0;0;0;0;0;0;0;0;0;0;0;0;0;0;0;0;0;0;1;2;0;0;0;1;0;3;3;0;1;1;0;0;0;0;0;1
76409;Mannevillette;28;76;0;0;0;0;0;0;0;0;0;0;0;0;0;0;0;0;0;0;0;0;0;0;0;0;0;1;2;1;1;0;1;0;0;0;0;1;0
76410;Maromme;28;76;1;0;0;0;0;0;0;0;0;1;0;1;0;0;0;6;2;2;0;0;14;0;0;2;4;19;7;7;7;3;16;1;0;13;3;3;9
76411;Marques;28;76;0;0;0;0;0;0;0;0;0;0;0;0;0;0;0;0;0;0;0;0;0;0;0;0;0;1;0;0;0;0;0;0;0;0;0;0;0
76412;Martainville-Épreville;28;76;0;0;0;0;0;0;0;0;0;0;0;0;0;0;0;0;0;1;0;0;0;0;0;0;1;2;1;2;0;0;2;0;0;1;0;0;0
76413;Martigny;28;76;0;0;0;0;0;0;0;0;0;0;0;0;0;0;0;0;0;0;0;0;0;0;0;0;2;2;0;0;0;0;0;0;0;0;1;0;0
76414;Martin-Église;28;76;0;0;0;0;0;0;0;0;0;0;0;0;0;0;0;0;0;0;1;0;9;0;2;0;2;4;0;5;2;1;1;0;0;3;2;0;0
76415;Massy;28;76;0;0;0;0;0;0;0;0;0;0;0;0;0;0;0;0;0;0;0;0;1;0;0;0;1;0;0;1;0;1;0;0;0;1;0;0;0
76416;Mathonville;28;76;0;0;0;0;0;0;0;0;0;0;0;0;0;0;0;0;0;0;0;0;0;0;0;0;1;2;1;1;1;0;0;0;0;0;0;0;0
76417;Maucomble;28;76;0;0;0;0;0;0;0;0;0;0;0;0;0;0;0;0;0;0;0;0;2;0;0;0;0;1;0;1;0;0;0;0;0;1;0;0;0
76418;Maulévrier-Sainte-Gertrude;28;76;0;0;0;0;0;0;0;0;0;0;0;0;0;0;0;0;0;0;0;0;2;0;0;0;0;1;3;2;0;0;2;0;0;1;0;0;0
76419;Mauny;28;76;0;0;0;0;0;0;0;0;0;0;0;0;0;0;0;0;0;0;0;0;0;0;0;0;0;0;0;0;1;0;0;0;0;1;0;0;0
76420;Mauquenchy;28;76;0;0;0;0;0;0;0;0;0;0;0;0;0;0;0;0;0;0;0;0;0;0;0;0;1;0;1;1;0;1;0;0;0;0;0;0;1
76421;Mélamare;28;76;0;0;0;0;0;0;0;0;0;0;0;0;0;0;0;0;0;0;0;0;1;0;0;0;2;0;0;0;0;1;0;0;0;0;0;0;0
76422;Melleville;28;76;0;0;0;0;0;0;0;0;0;0;0;0;0;0;0;0;0;0;0;0;1;0;0;0;1;0;0;0;0;0;0;0;0;0;0;0;0
76423;Ménerval;28;76;0;0;0;0;0;0;0;0;0;0;0;0;0;0;0;0;0;0;0;0;1;0;0;0;2;0;1;1;0;0;0;2;0;0;0;0;0
76424;Ménonval;28;76;0;0;0;0;0;0;0;0;0;0;0;0;0;0;0;0;0;0;0;0;0;0;0;0;0;0;0;0;0;0;0;0;0;0;0;0;0
76425;Mentheville;28;76;0;0;0;0;0;0;0;0;0;0;0;0;0;0;0;0;0;0;0;0;0;0;0;0;0;0;0;0;0;0;0;0;0;1;0;0;0
76426;Mésangueville;28;76;0;0;0;0;0;0;0;0;0;0;0;0;0;0;0;0;0;0;0;0;0;0;0;0;0;0;0;1;0;0;0;3;0;0;0;0;0
76427;Mesnières-en-Bray;28;76;0;0;0;0;0;0;0;0;0;0;0;0;0;0;0;0;1;0;0;0;2;1;0;0;3;1;2;1;1;0;0;0;0;1;2;0;0
76428;Le Mesnil-Durdent;28;76;0;0;0;0;0;0;0;0;0;0;0;0;0;0;0;0;0;0;0;0;0;0;0;0;0;0;0;0;0;0;0;0;0;0;0;0;0
76429;Le Mesnil-Esnard;28;76;0;0;0;0;0;0;0;0;0;1;0;0;0;0;0;9;0;1;0;0;4;0;0;3;3;5;7;5;3;7;9;2;0;12;12;2;7
76430;Mesnil-Follemprise;28;76;0;0;0;0;0;0;0;0;0;0;0;0;0;0;0;0;0;0;0;0;0;0;0;0;0;0;1;1;0;0;0;0;0;0;0;0;0
76431;Le Mesnil-Lieubray;28;76;0;0;0;0;0;0;0;0;0;0;0;0;0;0;0;0;0;0;0;0;0;0;0;0;0;0;1;0;0;0;0;0;0;0;0;0;0
76432;Mesnil-Mauger;28;76;0;0;0;0;0;0;0;0;0;0;0;0;0;0;0;0;0;0;0;0;0;0;0;0;1;1;0;1;0;0;1;0;0;0;0;0;0
76433;Mesnil-Panneville;28;76;0;0;0;0;0;0;0;0;0;0;0;0;0;0;0;0;0;0;0;0;1;0;0;0;2;0;1;2;0;1;0;0;0;0;0;0;0
76434;Mesnil-Raoul;28;76;0;0;0;0;0;0;0;0;0;0;0;0;0;0;0;0;0;0;0;0;4;0;0;0;3;1;1;4;3;0;1;0;0;0;0;0;0
76435;Le Mesnil-Réaume;28;76;0;0;0;0;0;0;0;0;0;0;0;0;0;0;0;0;0;0;0;0;2;0;0;0;0;0;1;1;1;0;3;0;0;1;0;0;0
76436;Le Mesnil-sous-Jumièges;28;76;0;0;0;0;0;0;0;0;0;0;0;0;0;0;0;0;0;0;0;0;0;0;0;0;2;0;0;0;0;0;0;0;0;3;0;0;0
76437;Meulers;28;76;0;0;0;0;0;0;0;0;0;0;0;0;0;0;0;0;0;0;0;0;1;0;0;0;1;3;2;2;0;0;0;0;0;0;0;0;1
76438;Millebosc;28;76;0;0;0;0;0;0;0;0;0;0;0;0;0;0;0;0;0;0;0;0;0;0;0;0;0;0;0;0;2;0;0;0;0;0;0;0;0
76439;Mirville;28;76;0;0;0;0;0;0;0;0;0;0;0;0;0;0;0;0;0;0;0;0;0;0;0;0;0;0;1;1;0;0;0;0;0;0;0;0;0
76440;Molagnies;28;76;0;0;0;0;0;0;0;0;0;0;0;0;0;0;0;0;0;0;0;0;0;0;0;0;0;0;0;2;0;0;0;0;0;0;0;0;0
76441;Monchaux-Soreng;28;76;0;0;0;0;0;0;0;0;0;0;0;0;0;0;0;0;0;0;0;0;2;0;0;0;0;0;3;0;0;0;0;0;0;0;0;0;1
76442;Monchy-sur-Eu;28;76;0;0;0;0;0;0;0;0;0;0;0;0;0;0;0;0;0;0;0;0;0;0;0;0;1;0;2;0;1;1;1;0;0;0;0;0;1
76443;Mont-Cauvaire;28;76;0;0;0;0;0;0;0;0;0;0;0;0;0;0;0;0;0;0;0;0;0;0;0;0;1;2;0;2;2;0;3;0;0;1;0;0;0
76445;Montérolier;28;76;0;0;0;0;0;0;0;0;0;0;0;0;0;0;0;0;0;0;0;0;2;0;0;0;0;1;0;1;0;1;0;0;0;0;1;0;0
76446;Montigny;28;76;0;0;0;0;0;0;0;0;0;0;0;0;0;0;0;0;0;0;0;0;1;0;0;0;1;0;0;2;0;0;1;0;0;0;1;0;0
76447;Montivilliers;28;76;1;0;0;0;0;0;0;0;0;1;0;0;0;0;0;11;2;1;0;0;15;3;1;6;8;11;17;11;13;2;20;4;0;29;11;3;13
76448;Montmain;28;76;0;0;0;0;0;0;0;0;0;0;0;0;0;0;0;0;0;0;0;0;2;0;0;0;2;3;4;6;1;0;1;0;0;1;0;0;1
76449;Montreuil-en-Caux;28;76;0;0;0;0;0;0;0;0;0;0;0;0;0;0;0;0;1;0;0;0;0;0;0;0;2;1;0;1;0;0;1;0;0;0;0;0;0
76450;Montroty;28;76;0;0;0;0;0;0;0;0;0;0;0;0;0;0;0;0;0;0;0;0;0;0;0;0;0;0;0;0;1;1;1;0;0;0;0;0;0
76451;Mont-Saint-Aignan;28;76;1;0;0;0;0;0;0;0;0;0;0;0;0;0;0;14;0;1;0;1;7;0;1;1;2;14;8;10;10;3;10;9;1;28;13;2;10
76452;Montville;28;76;0;1;0;0;0;0;0;0;0;1;0;0;0;0;0;4;2;1;0;0;10;1;0;2;8;5;10;6;3;1;9;2;0;6;3;1;5
76453;Morgny-la-Pommeraye;28;76;0;0;0;0;0;0;0;0;0;0;0;0;0;0;0;0;0;0;0;0;0;0;0;0;0;1;3;2;1;0;1;0;0;0;0;0;0
76454;Mortemer;28;76;0;0;0;0;0;0;0;0;0;0;0;0;0;0;0;0;0;0;0;0;0;0;0;0;0;0;0;1;0;1;0;0;0;1;0;0;0
76455;Morville-sur-Andelle;28;76;0;0;0;0;0;0;0;0;0;0;0;0;0;0;0;0;0;0;0;1;0;0;0;0;0;0;1;0;0;0;0;0;0;1;0;0;0
76456;Motteville;28;76;0;0;0;0;0;0;0;0;0;0;0;0;0;0;0;0;0;1;0;0;1;0;0;0;1;0;1;1;2;1;0;0;0;2;0;0;0
76457;Moulineaux;28;76;0;0;0;0;0;0;0;0;0;0;0;0;0;0;0;0;0;0;0;1;0;0;0;0;0;2;2;1;1;2;1;0;0;3;0;0;0
76458;Muchedent;28;76;0;0;0;0;0;0;0;0;0;0;0;0;0;0;0;0;0;0;0;0;0;0;0;0;0;0;0;0;0;0;0;0;0;1;0;0;0
76459;Nesle-Hodeng;28;76;0;0;0;0;0;0;0;0;0;0;0;0;0;0;0;0;0;0;0;0;0;0;0;0;1;0;3;0;0;0;0;0;0;1;0;0;0
76460;Nesle-Normandeuse;28;76;0;0;0;0;0;0;0;0;0;0;0;0;0;0;0;0;0;0;0;0;2;1;0;0;0;0;0;1;0;0;0;0;0;0;0;0;0
76461;Neufbosc;28;76;0;0;0;0;0;0;0;0;0;0;0;0;0;0;0;0;0;0;0;0;0;0;0;0;0;2;0;2;1;0;0;0;0;0;0;0;0
76462;Neufchâtel-en-Bray;28;76;0;1;0;0;0;0;0;0;0;3;0;0;0;0;0;8;2;1;0;0;13;2;0;2;3;6;9;6;3;3;12;1;3;13;4;3;3
76463;Neuf-Marché;28;76;0;0;0;0;0;0;0;0;0;0;0;0;0;0;0;0;0;0;0;1;0;0;0;0;0;1;1;2;1;1;1;0;0;1;0;0;0
76464;La Neuville-Chant-d'Oisel;28;76;0;0;0;0;0;0;0;0;0;0;0;0;0;0;0;0;0;0;0;0;2;0;0;0;0;6;2;1;4;0;2;0;0;0;0;0;1
76465;Neuville-Ferrières;28;76;0;0;0;0;0;0;0;0;0;0;0;0;0;0;0;0;0;0;0;0;2;0;0;0;0;0;0;3;0;1;0;0;0;0;1;0;0
76467;Néville;28;76;0;0;0;0;0;0;0;0;0;0;0;0;0;0;0;0;0;0;0;1;0;0;0;0;0;2;0;3;0;0;1;0;0;0;0;0;1
76468;Nointot;28;76;0;0;0;0;0;0;0;0;0;0;0;0;0;0;0;0;0;1;0;0;0;0;0;0;2;1;0;7;0;2;1;0;0;0;0;0;1
76469;Nolléval;28;76;0;0;0;0;0;0;0;0;0;0;0;0;0;0;0;0;0;0;0;1;0;0;0;0;2;1;0;2;1;1;1;0;0;0;0;0;0
76470;Normanville;28;76;0;0;0;0;0;0;0;0;0;0;0;0;0;0;0;0;0;0;0;1;1;0;0;0;1;0;1;0;0;2;3;0;0;0;0;0;1
76471;Norville;28;76;0;0;0;0;0;0;0;0;0;0;0;0;0;0;0;0;0;0;0;0;1;0;0;0;0;1;0;0;1;0;1;0;0;0;0;0;1
76472;Notre-Dame-d'Aliermont;28;76;0;0;0;0;0;0;0;0;0;0;0;0;0;0;0;0;0;0;0;0;1;0;0;0;3;0;1;1;0;0;0;0;0;1;0;0;0
76473;Notre-Dame-de-Bliquetuit;28;76;0;0;0;0;0;0;0;0;0;0;0;0;0;0;0;0;0;0;0;0;0;0;0;0;2;0;1;1;0;1;0;0;0;1;0;0;0
76474;Notre-Dame-de-Bondeville;28;76;0;0;0;0;0;0;0;0;0;0;0;0;0;0;0;2;1;1;0;0;12;1;1;3;3;9;10;12;5;2;6;2;0;8;2;0;4
76475;Franqueville-Saint-Pierre;28;76;0;0;0;0;0;0;0;0;0;0;0;0;0;0;0;3;1;1;0;0;12;3;0;4;5;2;14;6;4;8;3;2;0;9;6;1;5
76476;Port-Jérôme-sur-Seine;28;76;0;1;0;0;0;0;0;0;0;0;0;0;0;0;0;5;0;1;0;1;12;2;0;3;4;5;2;6;5;3;13;1;19;18;4;1;6
76477;Notre-Dame-du-Bec;28;76;0;0;0;0;0;0;0;0;0;0;0;0;0;0;0;0;0;0;0;0;1;0;0;0;0;0;1;0;0;0;0;0;0;0;0;0;0
76478;Notre-Dame-du-Parc;28;76;0;0;0;0;0;0;0;0;0;0;0;0;0;0;0;0;0;0;0;0;0;0;0;0;0;0;0;0;0;0;0;0;0;0;0;0;0
76479;Nullemont;28;76;0;0;0;0;0;0;0;0;0;0;0;0;0;0;0;0;0;0;0;0;0;0;0;0;0;0;0;0;0;0;0;0;0;0;0;0;0
76480;Ocqueville;28;76;0;0;0;0;0;0;0;0;0;0;0;0;0;0;0;0;0;0;0;0;0;0;0;0;2;2;0;0;0;1;0;0;1;0;0;0;0
76481;Octeville-sur-Mer;28;76;0;0;0;0;0;0;0;0;0;0;0;0;0;0;0;1;0;1;0;0;4;0;0;1;4;5;9;8;4;2;5;1;0;4;5;0;4
76482;Offranville;28;76;0;1;0;0;0;0;0;0;0;1;0;0;0;0;0;3;0;1;0;0;3;1;0;1;1;2;7;7;2;1;7;1;0;3;2;0;2
76483;Oherville;28;76;0;0;0;0;0;0;0;0;0;0;0;0;0;0;0;0;0;0;0;0;0;0;0;0;0;0;0;0;1;1;0;0;0;0;0;0;0
76484;Oissel;28;76;1;0;0;0;0;0;0;0;0;0;0;0;0;0;0;5;0;1;0;1;8;1;0;2;14;23;16;20;6;1;12;0;0;17;1;4;7
76485;Omonville;28;76;0;0;0;0;0;0;0;0;0;0;0;0;0;0;0;0;0;0;0;0;0;0;0;0;0;0;0;0;0;0;0;0;0;0;0;0;0
76486;Orival;28;76;0;0;0;0;0;0;0;0;0;0;0;0;0;0;0;0;0;0;0;0;3;1;0;0;0;4;2;0;2;0;0;0;0;1;0;0;1
76487;Osmoy-Saint-Valery;28;76;0;0;0;0;0;0;0;0;0;0;0;0;0;0;0;0;0;0;0;0;0;0;0;0;0;0;1;1;0;0;0;0;0;0;0;0;0
76488;Ouainville;28;76;0;0;0;0;0;0;0;0;0;0;0;0;0;0;0;0;0;0;0;0;1;0;0;0;0;0;1;2;0;0;0;0;0;0;0;0;0
76489;Oudalle;28;76;0;0;0;0;0;0;0;0;0;0;0;0;0;0;0;0;0;0;0;0;2;1;1;0;0;1;0;1;3;2;0;0;0;2;0;0;0
76490;Ourville-en-Caux;28;76;0;0;0;0;0;0;0;0;0;0;0;0;0;0;0;0;0;0;1;0;4;0;0;0;1;0;2;3;0;1;2;0;0;1;0;0;1
76491;Ouville-l'Abbaye;28;76;0;0;0;0;0;0;0;0;0;0;0;0;0;0;0;0;0;0;0;1;0;0;0;0;2;0;1;3;1;0;0;0;0;0;0;0;0
76492;Ouville-la-Rivière;28;76;0;0;0;0;0;0;0;0;0;0;0;0;0;0;0;0;0;1;0;0;1;0;0;1;0;0;2;2;0;0;3;4;0;1;0;0;0
76493;Paluel;28;76;0;0;0;0;0;0;0;0;0;0;0;0;0;0;0;0;0;0;0;0;0;0;0;0;1;1;1;0;3;1;0;0;0;1;0;0;2
76494;Parc-d'Anxtot;28;76;0;0;0;0;0;0;0;0;0;0;0;0;0;0;0;0;0;0;0;0;0;0;0;0;0;0;1;3;1;0;0;0;0;0;0;0;0
76495;Pavilly;28;76;0;1;0;0;0;0;0;0;0;0;0;0;0;0;0;7;1;1;0;0;13;1;0;1;4;4;6;13;5;0;11;2;0;9;3;1;6
76497;Petit-Couronne;28;76;1;0;0;0;0;0;0;0;0;0;0;0;0;0;0;3;0;1;0;0;6;0;1;1;15;11;9;8;8;13;13;1;2;4;7;0;12
76498;Le Petit-Quevilly;28;76;1;0;0;0;0;0;0;0;0;1;0;1;0;0;0;8;4;1;0;0;27;3;2;6;32;46;27;30;23;27;28;3;0;56;7;2;10
76499;Petiville;28;76;0;0;0;0;0;0;0;0;0;0;0;0;0;0;0;0;0;0;0;0;0;0;0;0;1;3;0;3;1;0;1;0;0;1;1;0;0
76500;Pierrecourt;28;76;0;0;0;0;0;0;0;0;0;0;0;0;0;0;0;0;0;0;0;0;0;0;0;0;0;1;0;2;1;2;0;0;0;0;0;0;0
76501;Pierrefiques;28;76;0;0;0;0;0;0;0;0;0;0;0;0;0;0;0;0;0;0;0;0;0;0;0;0;0;0;1;0;0;0;0;0;0;0;0;0;0
76502;Pierreval;28;76;0;0;0;0;0;0;0;0;0;0;0;0;0;0;0;0;0;0;0;0;0;0;0;0;0;0;0;0;1;0;1;0;0;0;1;0;0
76503;Pissy-Pôville;28;76;0;0;0;0;0;0;0;0;0;0;0;0;0;0;0;0;0;0;0;0;2;0;0;0;0;1;5;0;0;1;1;0;0;3;0;0;0
76504;Pleine-Sève;28;76;0;0;0;0;0;0;0;0;0;0;0;0;0;0;0;0;0;0;0;0;0;0;0;0;0;0;1;0;0;0;0;0;0;0;0;0;0
76505;Pommereux;28;76;0;0;0;0;0;0;0;0;0;0;0;0;0;0;0;0;0;0;0;0;0;0;0;0;0;0;0;0;1;0;0;0;0;0;0;0;0
76506;Pommeréval;28;76;0;0;0;0;0;0;0;0;0;0;0;0;0;0;0;0;0;0;0;0;0;0;0;0;1;0;1;0;0;0;0;0;0;0;0;0;1
76507;Ponts-et-Marais;28;76;0;0;0;0;0;0;0;0;0;0;0;0;0;0;0;0;0;0;0;0;4;0;0;1;0;0;0;0;0;1;0;0;0;1;0;0;2
76508;La Poterie-Cap-d'Antifer;28;76;0;0;0;0;0;0;0;0;0;0;0;0;0;0;0;0;0;0;0;0;0;0;0;0;0;0;0;2;0;0;0;0;0;0;0;0;1
76509;Préaux;28;76;0;0;0;0;0;0;0;0;0;0;0;0;0;0;0;0;0;0;0;1;4;0;0;1;2;2;8;3;2;0;3;0;0;1;1;0;0
76510;Prétot-Vicquemare;28;76;0;0;0;0;0;0;0;0;0;0;0;0;0;0;0;0;0;0;0;0;0;0;0;0;0;2;0;1;0;0;0;0;0;0;0;0;0
76511;Preuseville;28;76;0;0;0;0;0;0;0;0;0;0;0;0;0;0;0;0;0;0;0;0;1;0;0;0;0;0;1;0;0;0;0;0;0;0;0;0;0
76512;Puisenval;28;76;0;0;0;0;0;0;0;0;0;0;0;0;0;0;0;0;0;0;0;0;0;0;0;0;0;0;0;0;0;0;0;0;0;0;0;0;0
76513;Quevillon;28;76;0;0;0;0;0;0;0;0;0;0;0;0;0;0;0;0;0;0;0;0;1;0;0;0;0;0;1;0;1;2;0;0;0;0;0;0;0
76514;Quévreville-la-Poterie;28;76;0;0;0;0;0;0;0;0;0;0;0;0;0;0;0;0;0;0;0;0;0;0;0;0;0;2;1;0;0;0;1;0;0;0;0;0;0
76515;Quiberville;28;76;0;0;0;0;0;0;0;0;0;0;0;0;0;0;0;0;0;0;0;0;0;0;0;0;1;1;1;1;0;1;0;0;0;7;0;0;1
76516;Quièvrecourt;28;76;0;0;0;0;0;0;0;0;0;0;0;0;0;0;0;0;0;0;0;0;0;0;0;0;1;2;0;1;0;0;1;0;0;0;0;0;0
76517;Quincampoix;28;76;0;1;0;0;0;0;0;0;0;0;0;0;0;0;0;2;1;1;0;0;5;0;0;1;2;5;4;8;3;0;4;1;0;5;3;0;1
76518;Raffetot;28;76;0;0;0;0;0;0;0;0;0;0;0;0;0;0;0;0;0;0;0;0;1;0;0;0;0;0;0;0;0;0;1;0;0;0;1;0;1
76519;Rainfreville;28;76;0;0;0;0;0;0;0;0;0;0;0;0;0;0;0;0;0;0;0;0;0;0;0;0;0;0;0;1;0;0;0;0;0;0;0;0;0
76520;Réalcamp;28;76;0;0;0;0;0;0;0;0;0;0;0;0;0;0;0;0;0;0;0;1;2;0;0;0;0;0;0;0;0;0;2;0;0;0;0;0;1
76521;Rebets;28;76;0;0;0;0;0;0;0;0;0;0;0;0;0;0;0;0;0;0;0;0;0;0;0;0;0;0;0;0;0;0;0;0;0;0;0;0;0
76522;La Remuée;28;76;0;0;0;0;0;0;0;0;0;0;0;0;0;0;0;0;0;0;0;0;0;0;0;0;1;0;1;1;1;1;0;0;0;0;0;0;0
76523;Rétonval;28;76;0;0;0;0;0;0;0;0;0;0;0;0;0;0;0;0;0;0;0;0;0;0;0;0;1;0;0;1;0;1;2;0;0;0;0;0;0
76524;Reuville;28;76;0;0;0;0;0;0;0;0;0;0;0;0;0;0;0;0;0;0;0;0;0;0;0;0;1;0;0;1;0;0;0;0;0;0;0;0;0
76525;Ricarville;28;76;0;0;0;0;0;0;0;0;0;0;0;0;0;0;0;0;0;0;0;0;0;0;0;0;0;0;0;1;0;0;0;0;0;0;0;0;0
76526;Ricarville-du-Val;28;76;0;0;0;0;0;0;0;0;0;0;0;0;0;0;0;0;0;0;0;0;1;0;0;0;0;0;0;0;0;1;0;0;0;0;0;0;0
76527;Richemont;28;76;0;0;0;0;0;0;0;0;0;0;0;0;0;0;0;0;0;0;0;0;0;0;0;0;0;1;1;1;0;0;0;0;0;1;0;0;0
76528;Rieux;28;76;0;0;0;0;0;0;0;0;0;0;0;0;0;0;0;0;0;0;0;0;0;0;0;0;0;0;0;0;0;0;0;0;0;0;0;0;0
76529;Riville;28;76;0;0;0;0;0;0;0;0;0;0;0;0;0;0;0;0;0;0;0;0;0;0;0;0;0;0;1;0;2;0;0;0;0;0;0;0;0
76530;Robertot;28;76;0;0;0;0;0;0;0;0;0;0;0;0;0;0;0;0;0;0;0;0;0;0;0;0;0;0;0;0;1;0;0;0;0;0;0;0;0
76531;Rocquefort;28;76;0;0;0;0;0;0;0;0;0;0;0;0;0;0;0;0;0;0;0;0;0;0;0;0;0;2;0;1;0;0;0;0;0;0;0;0;0
76532;Rocquemont;28;76;0;0;0;0;0;0;0;0;0;0;0;0;0;0;0;0;0;0;0;0;3;0;0;0;1;2;2;3;1;0;0;0;0;0;0;0;1
76533;Rogerville;28;76;0;0;0;0;0;0;0;0;0;0;0;0;0;0;0;0;0;0;0;0;2;0;0;0;0;1;1;0;0;0;2;0;0;0;0;0;3
76534;Rolleville;28;76;0;0;0;0;0;0;0;0;0;0;0;0;0;0;0;0;0;0;0;1;0;0;0;0;1;2;1;0;1;0;2;0;0;0;0;0;0
76535;Roncherolles-en-Bray;28;76;0;0;0;0;0;0;0;0;0;0;0;0;0;0;0;0;0;0;0;0;3;0;0;0;3;1;5;5;0;0;1;0;0;0;0;0;0
76536;Roncherolles-sur-le-Vivier;28;76;0;0;0;0;0;0;0;0;0;0;0;0;0;0;0;0;1;0;0;1;1;0;1;0;3;1;1;1;3;0;0;0;0;0;0;0;1
76537;Ronchois;28;76;0;0;0;0;0;0;0;0;0;0;0;0;0;0;0;0;0;0;0;0;1;0;0;0;0;0;0;1;0;0;0;0;0;0;0;0;1
76538;Rosay;28;76;0;0;0;0;0;0;0;0;0;0;0;0;0;0;0;0;0;0;0;0;1;0;0;0;0;0;4;1;0;0;0;0;0;0;0;0;0
76540;Rouen;28;76;4;1;1;1;1;1;1;1;0;25;0;4;0;1;0;87;17;13;1;0;83;6;23;28;98;143;89;89;70;82;204;11;73;627;172;27;98
76541;Roumare;28;76;0;0;0;0;0;0;0;0;0;0;0;0;0;0;0;0;0;0;0;0;0;0;0;0;3;1;0;1;3;0;1;0;0;2;1;0;1
76542;Routes;28;76;0;0;0;0;0;0;0;0;0;0;0;0;0;0;0;0;0;0;0;0;0;0;0;0;1;0;0;0;0;1;0;0;0;0;0;0;1
76543;Rouville;28;76;0;0;0;0;0;0;0;0;0;0;0;0;0;0;0;0;0;0;0;0;0;0;0;0;0;0;2;1;0;0;0;0;0;0;0;0;0
76544;Rouvray-Catillon;28;76;0;0;0;0;0;0;0;0;0;0;0;0;0;0;0;0;0;0;0;0;0;0;0;0;0;0;0;1;1;1;0;0;0;0;0;0;0
76545;Rouxmesnil-Bouteilles;28;76;0;0;0;0;0;0;0;0;0;0;0;0;0;0;0;0;0;0;0;0;12;1;0;1;2;2;3;11;4;1;1;0;0;7;1;0;0
76546;Royville;28;76;0;0;0;0;0;0;0;0;0;0;0;0;0;0;0;0;0;0;0;0;0;0;0;0;0;0;1;0;0;0;0;0;0;1;1;0;0
76547;La Rue-Saint-Pierre;28;76;0;0;0;0;0;0;0;0;0;0;0;0;0;0;0;0;0;0;0;0;2;0;0;0;2;0;4;2;2;0;0;0;0;0;0;1;0
76548;Ry;28;76;0;0;0;0;0;0;0;0;0;0;0;0;0;0;0;2;0;1;0;0;1;0;0;1;0;1;1;2;2;0;5;1;0;4;1;1;2
76549;Saâne-Saint-Just;28;76;0;0;0;0;0;0;0;0;0;0;0;0;0;0;0;0;0;0;0;0;0;0;0;0;0;0;0;1;1;0;0;0;0;0;0;0;0
76550;Sahurs;28;76;0;0;0;0;0;0;0;0;0;0;0;0;0;0;0;0;0;1;0;0;0;0;0;0;0;2;2;1;0;2;3;0;0;1;1;0;1
76551;Sainneville;28;76;0;0;0;0;0;0;0;0;0;0;0;0;0;0;0;0;0;0;1;0;2;0;0;0;2;1;0;1;0;1;2;0;0;0;0;0;0
76552;Sainte-Adresse;28;76;1;0;0;0;0;0;0;0;0;0;0;0;0;0;0;6;0;1;0;0;3;1;0;2;2;2;0;2;2;5;8;2;0;12;10;0;2
76553;Sainte-Agathe-d'Aliermont;28;76;0;0;0;0;0;0;0;0;0;0;0;0;0;0;0;0;0;0;0;0;0;0;0;0;0;0;0;3;0;0;1;0;0;0;0;0;0
76554;Saint-Aignan-sur-Ry;28;76;0;0;0;0;0;0;0;0;0;0;0;0;0;0;0;0;0;0;0;0;2;0;0;0;0;0;1;1;0;0;1;0;0;0;0;0;0
76555;Saint-André-sur-Cailly;28;76;0;0;0;0;0;0;0;0;0;0;0;0;0;0;0;0;0;0;0;0;1;0;0;0;0;1;1;1;2;1;1;0;0;1;0;0;1
76556;Saint-Antoine-la-Forêt;28;76;0;0;0;0;0;0;0;0;0;0;0;0;0;0;0;0;0;0;0;0;1;0;0;0;1;0;1;2;1;1;1;0;0;0;1;0;0
76557;Saint-Arnoult;28;76;0;0;0;0;0;0;0;0;0;0;0;0;0;0;0;0;0;0;0;0;0;0;0;1;0;0;3;2;0;1;1;0;0;0;0;0;0
76558;Saint-Aubin-Celloville;28;76;0;0;0;0;0;0;0;0;0;0;0;0;0;0;0;0;0;0;0;0;0;0;0;0;0;1;1;1;2;0;0;0;0;0;0;0;1
76559;Saint-Aubin-de-Crétot;28;76;0;0;0;0;0;0;0;0;0;0;0;0;0;0;0;0;0;0;0;0;1;0;0;0;1;0;2;1;0;0;0;0;0;0;0;0;0
76560;Saint-Aubin-Épinay;28;76;0;0;0;0;0;0;0;0;0;0;0;0;0;0;0;0;0;0;0;0;1;0;0;0;0;3;4;6;1;1;1;0;0;2;0;0;1
76561;Saint-Aubin-lès-Elbeuf;28;76;0;0;0;0;0;0;0;0;0;1;0;0;0;0;0;2;2;1;0;0;11;0;1;2;3;11;8;7;8;4;8;1;2;8;3;1;5
76562;Saint-Aubin-le-Cauf;28;76;0;0;0;0;0;0;0;0;0;0;0;0;0;0;0;0;0;0;0;0;1;0;0;0;1;1;1;5;0;0;1;0;0;0;1;0;1
76563;Saint-Aubin-Routot;28;76;0;0;0;0;0;0;0;0;0;0;0;0;0;0;0;0;0;0;0;0;0;0;0;0;2;1;1;0;0;1;0;0;0;0;0;1;2
76564;Saint-Aubin-sur-Mer;28;76;0;0;0;0;0;0;0;0;0;0;0;0;0;0;0;0;0;0;0;0;0;0;0;0;0;0;0;0;1;0;0;0;0;3;1;0;0
76565;Saint-Aubin-sur-Scie;28;76;0;0;0;0;0;0;0;0;0;0;0;0;0;0;0;1;1;0;0;0;1;1;0;2;1;2;2;2;0;0;0;4;1;6;0;0;0
76566;Sainte-Austreberthe;28;76;0;0;0;0;0;0;0;0;0;0;0;0;0;0;0;0;0;0;0;0;1;0;0;0;0;0;0;0;0;0;1;0;0;0;0;0;0
76567;Sainte-Beuve-en-Rivière;28;76;0;0;0;0;0;0;0;0;0;0;0;0;0;0;0;0;0;0;0;0;0;0;0;0;0;0;0;2;0;0;0;0;0;0;0;0;0
76568;Saint-Clair-sur-les-Monts;28;76;0;0;0;0;0;0;0;0;0;0;0;0;0;0;0;0;0;0;0;0;0;0;0;0;2;0;3;1;0;0;0;0;0;1;0;0;0
76569;Sainte-Colombe;28;76;0;0;0;0;0;0;0;0;0;0;0;0;0;0;0;0;0;0;0;0;1;0;0;0;0;0;0;0;1;0;0;0;0;0;0;0;0
76570;Saint-Crespin;28;76;0;0;0;0;0;0;0;0;0;0;0;0;0;0;0;0;0;0;0;0;0;0;0;0;1;0;1;0;0;0;0;0;0;0;0;0;1
76571;Sainte-Croix-sur-Buchy;28;76;0;0;0;0;0;0;0;0;0;0;0;0;0;0;0;0;1;0;0;0;0;0;0;0;0;1;0;3;1;0;1;0;0;1;0;0;0
76572;Saint-Denis-d'Aclon;28;76;0;0;0;0;0;0;0;0;0;0;0;0;0;0;0;0;0;0;0;0;0;0;0;0;0;0;0;0;0;0;0;0;0;0;0;0;0
76573;Saint-Denis-le-Thiboult;28;76;0;0;0;0;0;0;0;0;0;0;0;0;0;0;0;0;0;0;0;0;1;0;0;0;1;0;5;0;0;0;0;0;0;1;0;0;0
76574;Saint-Denis-sur-Scie;28;76;0;0;0;0;0;0;0;0;0;0;0;0;0;0;0;0;0;0;0;0;0;0;0;0;0;0;2;0;0;0;0;0;0;0;0;0;0
76575;Saint-Étienne-du-Rouvray;28;76;2;0;0;0;0;0;0;0;0;0;0;1;0;1;0;7;1;2;0;0;31;3;3;4;53;25;18;27;29;19;28;3;3;32;5;2;8
76576;Saint-Eustache-la-Forêt;28;76;0;0;0;0;0;0;0;0;0;0;0;0;0;0;0;0;0;0;0;0;2;0;0;0;0;1;2;0;1;0;1;0;0;1;0;0;1
76577;Sainte-Foy;28;76;0;0;0;0;0;0;0;0;0;0;0;0;0;0;0;0;0;0;0;0;0;0;0;0;1;1;0;0;0;0;0;0;0;1;0;0;0
76578;Sainte-Geneviève;28;76;0;0;0;0;0;0;0;0;0;0;0;0;0;0;0;0;0;0;0;0;0;0;0;0;0;0;0;0;0;2;1;0;0;1;0;0;0
76580;Saint-Georges-sur-Fontaine;28;76;0;0;0;0;0;0;0;0;0;0;0;0;0;0;0;0;0;0;0;0;2;0;0;0;0;1;3;1;1;1;0;0;0;0;1;0;0
76581;Saint-Germain-des-Essourts;28;76;0;0;0;0;0;0;0;0;0;0;0;0;0;0;0;0;0;0;0;0;1;0;0;0;0;0;0;0;0;0;0;0;0;0;0;0;0
76582;Saint-Germain-d'Étables;28;76;0;0;0;0;0;0;0;0;0;0;0;0;0;0;0;0;0;0;0;0;0;0;0;0;0;0;1;2;0;0;0;0;0;1;0;0;0
76583;Saint-Germain-sous-Cailly;28;76;0;0;0;0;0;0;0;0;0;0;0;0;0;0;0;0;0;0;0;0;0;0;0;0;0;0;1;1;0;0;0;0;0;0;0;0;0
76584;Saint-Germain-sur-Eaulne;28;76;0;0;0;0;0;0;0;0;0;0;0;0;0;0;0;0;0;0;0;0;0;0;0;0;0;0;0;1;0;0;0;0;0;0;0;0;0
76585;Saint-Gilles-de-Crétot;28;76;0;0;0;0;0;0;0;0;0;0;0;0;0;0;0;0;0;0;0;0;1;0;0;0;0;0;1;1;2;0;0;0;0;0;1;0;1
76586;Saint-Gilles-de-la-Neuville;28;76;0;0;0;0;0;0;0;0;0;0;0;0;0;0;0;0;0;0;0;0;0;0;0;0;0;0;0;0;0;0;0;0;0;0;0;0;0
76587;Sainte-Hélène-Bondeville;28;76;0;0;0;0;0;0;0;0;0;0;0;0;0;0;0;0;0;0;0;0;1;0;0;1;0;2;1;2;1;0;3;0;0;0;0;0;0
76588;Saint-Hellier;28;76;0;0;0;0;0;0;0;0;0;0;0;0;0;0;0;0;0;0;0;0;2;0;0;0;0;1;0;1;0;0;0;0;0;0;0;0;0
76589;Saint-Honoré;28;76;0;0;0;0;0;0;0;0;0;0;0;0;0;0;0;0;0;0;0;0;1;0;0;0;0;0;0;1;2;0;0;0;0;0;0;0;0
76590;Saint-Jacques-d'Aliermont;28;76;0;0;0;0;0;0;0;0;0;0;0;0;0;0;0;0;0;0;0;0;0;0;0;0;2;0;0;2;1;0;0;0;0;0;1;0;1
76591;Saint-Jacques-sur-Darnétal;28;76;0;1;0;0;0;0;0;0;0;0;0;0;0;0;0;0;0;1;0;0;4;0;0;0;6;8;11;12;4;2;2;0;0;6;1;0;3
76592;Saint-Jean-de-Folleville;28;76;0;0;0;0;0;0;0;0;0;0;0;0;0;0;0;0;0;0;0;0;0;0;0;0;1;0;0;1;0;0;1;0;0;0;1;0;0
76593;Saint-Jean-de-la-Neuville;28;76;0;0;0;0;0;0;0;0;0;0;0;0;0;0;0;0;0;0;0;0;0;0;0;0;0;2;3;1;2;0;0;0;0;0;0;0;0
76594;Saint-Jean-du-Cardonnay;28;76;0;0;0;0;0;0;0;0;0;0;0;0;0;0;0;0;0;0;0;1;6;1;0;1;4;5;6;9;2;2;1;0;1;1;0;0;0
76595;Saint-Jouin-Bruneval;28;76;0;0;0;0;0;0;0;0;0;0;0;0;0;0;0;0;0;0;0;1;1;0;0;0;2;0;1;1;1;1;2;0;0;4;2;0;0
76596;Saint-Laurent-de-Brèvedent;28;76;0;0;0;0;0;0;0;0;0;0;0;0;0;0;0;0;0;0;0;1;0;0;0;0;1;1;0;1;2;1;2;0;0;1;0;0;1
76597;Saint-Laurent-en-Caux;28;76;0;0;0;0;0;0;0;0;0;0;0;0;0;0;0;0;0;1;0;0;2;1;0;1;0;1;1;2;3;0;2;0;0;0;0;0;0
76598;Saint-Léger-aux-Bois;28;76;0;0;0;0;0;0;0;0;0;0;0;0;0;0;0;0;0;0;0;0;0;0;0;0;0;0;0;2;1;0;0;0;0;0;0;0;0
76599;Saint-Léger-du-Bourg-Denis;28;76;0;0;0;0;0;0;0;0;0;0;0;0;0;0;0;1;0;1;0;0;2;0;0;1;1;2;1;8;3;0;5;0;0;2;0;0;2
76600;Saint-Léonard;28;76;0;0;0;0;0;0;0;0;0;0;0;0;0;0;0;0;0;0;0;0;5;1;0;0;2;1;1;6;4;1;5;0;1;3;1;1;2
76602;Saint-Maclou-de-Folleville;28;76;0;0;0;0;0;0;0;0;0;0;0;0;0;0;0;0;0;0;0;0;0;0;0;0;1;0;2;0;1;0;0;0;0;0;0;0;0
76603;Saint-Maclou-la-Brière;28;76;0;0;0;0;0;0;0;0;0;0;0;0;0;0;0;0;0;0;0;0;0;0;0;0;0;1;0;0;0;0;0;0;0;0;0;0;1
76604;Saint-Mards;28;76;0;0;0;0;0;0;0;0;0;0;0;0;0;0;0;0;0;0;0;0;0;0;0;0;0;1;0;0;0;0;0;0;0;0;0;0;0
76605;Sainte-Marguerite-sur-Mer;28;76;0;0;0;0;0;0;0;0;0;0;0;0;0;0;0;0;0;0;0;0;0;0;0;0;1;1;0;0;1;0;0;0;0;3;1;0;0
76606;Morienne;28;76;0;0;0;0;0;0;0;0;0;0;0;0;0;0;0;0;0;0;0;0;0;0;0;0;0;0;0;1;0;0;0;0;0;0;0;0;0
76607;Sainte-Marguerite-sur-Fauville;28;76;0;0;0;0;0;0;0;0;0;0;0;0;0;0;0;0;0;0;0;0;0;0;0;0;0;0;0;0;0;0;0;0;0;0;0;0;0
76608;Sainte-Marguerite-sur-Duclair;28;76;0;0;0;0;0;0;0;0;0;0;0;0;0;0;0;0;0;0;0;0;1;0;0;0;1;1;2;1;2;0;2;0;0;1;0;0;0
76609;Sainte-Marie-au-Bosc;28;76;0;0;0;0;0;0;0;0;0;0;0;0;0;0;0;0;0;0;0;0;0;0;0;0;0;1;1;1;0;0;1;0;0;0;1;0;0
76610;Sainte-Marie-des-Champs;28;76;0;0;0;0;0;0;0;0;0;0;0;0;0;0;0;0;0;0;0;0;7;1;0;0;4;1;7;4;2;0;1;1;0;5;0;0;2
76611;Saint-Martin-aux-Arbres;28;76;0;0;0;0;0;0;0;0;0;0;0;0;0;0;0;0;0;0;0;0;0;0;0;0;0;0;0;1;0;0;0;0;0;0;0;0;0
76612;Saint-Martin-au-Bosc;28;76;0;0;0;0;0;0;0;0;0;0;0;0;0;0;0;0;0;0;0;0;0;0;0;0;1;1;0;0;0;0;0;0;0;0;0;0;0
76613;Saint-Martin-aux-Buneaux;28;76;0;0;0;0;0;0;0;0;0;0;0;0;0;0;0;0;0;0;1;0;1;0;0;0;1;0;2;1;1;1;2;0;0;0;0;0;1
76614;Saint-Martin-de-Boscherville;28;76;0;0;0;0;0;0;0;0;0;0;0;0;0;0;0;1;1;1;0;0;2;0;0;0;1;0;1;1;1;1;2;0;0;2;2;0;0
76615;Saint-Martin-du-Bec;28;76;0;0;0;0;0;0;0;0;0;0;0;0;0;0;0;0;0;0;0;0;0;0;0;0;0;0;0;0;0;0;0;0;0;0;0;0;0
76616;Saint-Martin-du-Manoir;28;76;0;0;0;0;0;0;0;0;0;0;0;0;0;0;0;0;0;0;0;0;0;0;0;0;0;0;0;2;1;1;0;0;0;0;0;0;1
76617;Saint-Martin-du-Vivier;28;76;0;0;0;0;0;0;0;0;0;0;0;0;0;0;0;0;0;0;0;0;0;0;0;0;0;0;0;1;1;1;3;0;0;1;1;0;1
76618;Petit-Caux;28;76;0;0;0;0;0;0;0;0;0;0;0;0;0;0;0;0;0;0;0;1;13;0;0;2;13;10;15;16;7;4;12;1;0;8;4;0;5
76619;Saint-Martin-le-Gaillard;28;76;0;0;0;0;0;0;0;0;0;0;0;0;0;0;0;0;0;0;0;0;0;0;0;0;1;1;0;1;0;0;0;0;0;1;0;0;0
76620;Saint-Martin-l'Hortier;28;76;0;0;0;0;0;0;0;0;0;0;0;0;0;0;0;0;0;0;0;0;0;0;0;0;2;0;0;1;1;0;2;0;0;0;0;0;1
76621;Saint-Martin-Osmonville;28;76;0;0;0;0;0;0;0;0;0;0;0;0;0;0;0;0;0;0;0;0;3;0;0;0;6;2;2;2;1;1;3;0;0;1;0;0;0
76622;Saint-Maurice-d'Ételan;28;76;0;0;0;0;0;0;0;0;0;0;0;0;0;0;0;0;0;0;0;0;0;0;0;0;0;1;0;1;1;0;0;0;0;1;0;0;1
76623;Saint-Michel-d'Halescourt;28;76;0;0;0;0;0;0;0;0;0;0;0;0;0;0;0;0;1;0;0;0;0;0;0;0;0;0;0;0;0;0;0;0;0;0;0;0;0
76624;Saint-Nicolas-d'Aliermont;28;76;0;0;0;0;0;0;0;0;0;0;0;0;0;0;0;3;2;1;0;0;8;0;0;1;5;1;5;3;4;0;7;1;1;3;2;0;3
76626;Saint-Nicolas-de-la-Haie;28;76;0;0;0;0;0;0;0;0;0;0;0;0;0;0;0;0;0;0;0;0;0;0;0;0;0;0;0;0;0;0;0;0;0;0;0;0;0
76627;Saint-Nicolas-de-la-Taille;28;76;0;0;0;0;0;0;0;0;0;0;0;0;0;0;0;0;0;0;0;0;2;0;0;1;1;0;2;0;1;0;1;0;0;2;0;0;1
76628;Saint-Ouen-du-Breuil;28;76;0;0;0;0;0;0;0;0;0;0;0;0;0;0;0;0;0;0;1;0;0;0;0;0;2;0;2;2;0;0;2;0;0;0;0;0;0
76629;Saint-Ouen-le-Mauger;28;76;0;0;0;0;0;0;0;0;0;0;0;0;0;0;0;0;0;0;0;0;0;0;0;0;2;0;0;1;0;0;0;0;0;0;0;0;0
76630;Saint-Ouen-sous-Bailly;28;76;0;0;0;0;0;0;0;0;0;0;0;0;0;0;0;0;0;0;0;0;0;0;0;0;0;0;0;1;0;0;0;0;0;0;0;0;0
76631;Saint-Paër;28;76;0;0;0;0;0;0;0;0;0;0;0;0;0;0;0;0;0;0;0;0;0;0;0;0;3;0;2;2;2;1;2;0;0;1;0;0;0
76632;Saint-Pierre-Bénouville;28;76;0;0;0;0;0;0;0;0;0;0;0;0;0;0;0;0;0;0;0;0;0;0;0;0;0;0;2;1;0;0;0;0;0;0;0;0;0
76634;Saint-Pierre-de-Manneville;28;76;0;0;0;0;0;0;0;0;0;0;0;0;0;0;0;0;0;0;0;0;1;0;0;0;1;1;1;1;0;0;0;0;0;0;0;0;1
76635;Saint-Pierre-des-Jonquières;28;76;0;0;0;0;0;0;0;0;0;0;0;0;0;0;0;0;0;0;0;0;0;0;0;0;0;0;0;0;0;0;0;0;0;0;0;0;0
76636;Saint-Pierre-de-Varengeville;28;76;0;0;0;0;0;0;0;0;0;0;0;0;0;0;0;0;0;1;0;0;4;0;0;1;1;1;1;6;2;1;2;0;0;4;0;0;2
76637;Saint-Pierre-en-Port;28;76;0;0;0;0;0;0;0;0;0;0;0;0;0;0;0;0;0;0;0;1;1;0;0;0;1;1;2;1;0;1;2;0;0;2;1;1;1
76638;Saint-Pierre-en-Val;28;76;0;0;0;0;0;0;0;0;0;0;0;0;0;0;0;0;0;0;0;0;2;0;0;0;0;2;2;3;0;0;1;1;0;0;1;0;0
76639;Saint-Pierre-Lavis;28;76;0;0;0;0;0;0;0;0;0;0;0;0;0;0;0;0;0;0;0;0;2;0;0;0;0;0;0;0;0;0;1;0;0;0;0;0;0
76640;Saint-Pierre-lès-Elbeuf;28;76;0;0;0;0;0;0;0;0;0;0;0;0;0;0;0;2;0;1;0;0;5;0;0;1;5;10;6;12;3;6;10;0;0;9;1;0;2
76641;Saint-Pierre-le-Vieux;28;76;0;0;0;0;0;0;0;0;0;0;0;0;0;0;0;0;0;0;0;0;0;0;0;0;0;0;0;0;0;0;0;0;0;0;0;0;0
76642;Saint-Pierre-le-Viger;28;76;0;0;0;0;0;0;0;0;0;0;0;0;0;0;0;0;0;0;0;0;0;0;0;0;0;0;0;0;1;0;0;0;0;1;0;0;0
76644;Saint-Rémy-Boscrocourt;28;76;0;0;0;0;0;0;0;0;0;0;0;0;0;0;0;0;0;0;1;0;0;0;0;0;2;0;2;3;0;0;0;0;0;0;1;0;1
76645;Saint-Riquier-en-Rivière;28;76;0;0;0;0;0;0;0;0;0;0;0;0;0;0;0;0;0;0;0;0;0;0;0;0;1;1;0;0;0;0;0;0;0;0;0;0;0
76646;Saint-Riquier-ès-Plains;28;76;0;0;0;0;0;0;0;0;0;0;0;0;0;0;0;0;0;0;0;0;1;0;0;0;2;0;0;0;1;0;0;0;0;0;0;0;0
76647;Saint-Romain-de-Colbosc;28;76;0;1;0;0;0;0;0;0;0;1;0;0;0;0;0;8;1;1;0;0;6;2;1;3;3;1;4;9;6;3;9;1;1;8;3;2;5
76648;Saint-Saëns;28;76;0;1;0;0;0;0;0;0;0;0;0;0;0;0;0;3;1;1;0;0;2;1;0;3;2;3;6;5;4;2;5;1;0;6;2;0;2
76649;Saint-Saire;28;76;0;0;0;0;0;0;0;0;0;0;0;0;0;0;0;0;0;0;0;1;0;0;0;0;2;0;2;0;0;0;1;1;0;0;0;0;0
76650;Saint-Sauveur-d'Émalleville;28;76;0;0;0;0;0;0;0;0;0;0;0;0;0;0;0;0;0;0;0;0;1;0;0;0;2;0;0;2;2;0;1;0;0;1;0;0;2
76651;Saint-Sylvain;28;76;0;0;0;0;0;0;0;0;0;0;0;0;0;0;0;0;0;0;0;0;0;0;0;1;0;0;0;0;0;0;0;0;0;0;0;0;0
76652;Saint-Vaast-d'Équiqueville;28;76;0;0;0;0;0;0;0;0;0;0;0;0;0;0;0;0;0;0;0;1;2;0;0;0;0;1;0;1;1;0;0;0;0;1;0;0;1
76653;Saint-Vaast-Dieppedalle;28;76;0;0;0;0;0;0;0;0;0;0;0;0;0;0;0;0;0;0;0;0;0;0;0;0;0;1;2;0;1;0;0;0;0;0;0;0;0
76654;Saint-Vaast-du-Val;28;76;0;0;0;0;0;0;0;0;0;0;0;0;0;0;0;0;0;0;0;0;0;0;0;0;0;0;1;1;1;0;0;0;0;0;0;0;0
76655;Saint-Valery-en-Caux;28;76;0;1;0;0;0;0;0;0;0;1;0;0;0;0;0;5;2;1;0;0;5;2;0;4;2;4;3;6;4;2;9;4;3;29;2;3;2
76656;Saint-Victor-l'Abbaye;28;76;0;0;0;0;0;0;0;0;0;0;0;0;0;0;0;0;0;0;1;0;2;0;1;0;0;1;0;2;0;1;1;0;0;1;0;0;0
76657;Saint-Vigor-d'Ymonville;28;76;0;0;0;0;0;0;0;0;0;0;0;0;0;0;0;0;0;0;0;0;3;0;0;0;2;4;0;2;1;0;3;0;1;1;0;0;1
76658;Saint-Vincent-Cramesnil;28;76;0;0;0;0;0;0;0;0;0;0;0;0;0;0;0;0;0;0;0;0;1;0;0;0;1;0;3;1;0;0;0;0;0;0;0;0;0
76660;Sandouville;28;76;0;0;0;0;0;0;0;0;0;0;0;0;0;0;0;1;0;0;0;0;3;0;1;0;2;2;0;0;1;2;0;0;0;6;0;0;0
76662;Sassetot-le-Malgardé;28;76;0;0;0;0;0;0;0;0;0;0;0;0;0;0;0;0;0;0;0;0;0;0;0;0;0;0;1;2;0;0;0;0;0;0;0;0;0
76663;Sassetot-le-Mauconduit;28;76;0;0;0;0;0;0;0;0;0;0;0;0;0;0;0;0;0;0;0;1;2;0;0;0;0;0;2;1;1;3;1;0;0;2;0;0;0
76664;Sasseville;28;76;0;0;0;0;0;0;0;0;0;0;0;0;0;0;0;0;0;0;0;0;4;0;0;0;0;0;2;1;0;0;0;0;0;0;0;0;0
76665;Sauchay;28;76;0;0;0;0;0;0;0;0;0;0;0;0;0;0;0;0;0;0;0;0;0;0;0;0;0;0;0;0;1;0;0;0;0;0;0;0;0
76666;Saumont-la-Poterie;28;76;0;0;0;0;0;0;0;0;0;0;0;0;0;0;0;0;0;0;0;0;3;0;0;0;1;0;1;2;1;0;0;0;0;0;0;0;0
76667;Sauqueville;28;76;0;0;0;0;0;0;0;0;0;0;0;0;0;0;0;0;0;0;0;0;1;0;0;0;1;0;0;0;1;0;0;0;0;1;0;0;0
76668;Saussay;28;76;0;0;0;0;0;0;0;0;0;0;0;0;0;0;0;0;0;0;0;0;0;0;0;0;0;1;0;1;1;0;0;0;0;1;0;0;0
76669;Sausseuzemare-en-Caux;28;76;0;0;0;0;0;0;0;0;0;0;0;0;0;0;0;0;0;0;0;0;1;0;0;0;0;0;0;1;0;0;0;0;0;0;0;0;1
76670;Senneville-sur-Fécamp;28;76;0;0;0;0;0;0;0;0;0;0;0;0;0;0;0;0;0;0;0;0;0;0;0;0;0;1;1;2;1;0;2;0;0;0;0;0;0
76671;Sept-Meules;28;76;0;0;0;0;0;0;0;0;0;0;0;0;0;0;0;0;0;0;0;0;0;0;0;0;0;0;0;0;0;0;0;0;0;0;0;0;0
76672;Serqueux;28;76;0;0;0;0;0;0;0;0;0;0;0;0;0;0;0;0;0;1;0;0;1;0;0;1;0;1;1;5;2;1;2;0;0;1;0;1;2
76673;Servaville-Salmonville;28;76;0;0;0;0;0;0;0;0;0;0;0;0;0;0;0;0;0;0;0;0;2;0;0;0;1;0;0;2;1;0;0;0;0;0;0;0;0
76674;Sévis;28;76;0;0;0;0;0;0;0;0;0;0;0;0;0;0;0;0;0;0;0;0;1;0;0;0;0;1;1;1;0;0;0;0;0;0;0;0;1
76675;Sierville;28;76;0;0;0;0;0;0;0;0;0;0;0;0;0;0;0;0;0;0;0;0;1;0;0;0;0;1;1;0;2;0;1;0;0;0;0;0;0
76676;Sigy-en-Bray;28;76;0;0;0;0;0;0;0;0;0;0;0;0;0;0;0;0;0;0;0;0;0;0;0;0;2;3;1;1;1;0;0;0;0;0;0;0;0
76677;Smermesnil;28;76;0;0;0;0;0;0;0;0;0;0;0;0;0;0;0;0;0;0;0;0;1;0;0;0;0;0;0;1;0;0;0;0;0;0;0;0;1
76678;Sommery;28;76;0;0;0;0;0;0;0;0;0;0;0;0;0;0;0;0;0;0;0;1;0;0;0;0;2;1;1;3;0;0;1;0;0;3;0;0;0
76679;Sommesnil;28;76;0;0;0;0;0;0;0;0;0;0;0;0;0;0;0;0;0;0;0;0;0;0;0;0;0;0;1;1;0;0;0;0;0;0;0;0;0
76680;Sorquainville;28;76;0;0;0;0;0;0;0;0;0;0;0;0;0;0;0;0;0;0;0;0;0;0;0;0;0;1;0;0;0;0;0;0;0;0;0;0;0
76681;Sotteville-lès-Rouen;28;76;1;0;0;0;0;0;0;0;0;1;0;0;0;0;0;11;5;1;0;0;32;3;7;9;25;34;20;43;23;12;39;3;6;45;17;5;10
76682;Sotteville-sous-le-Val;28;76;0;0;0;0;0;0;0;0;0;0;0;0;0;0;0;0;0;0;0;0;2;0;0;0;3;0;1;1;0;0;0;0;0;1;1;0;0
76683;Sotteville-sur-Mer;28;76;0;0;0;0;0;0;0;0;0;0;0;0;0;0;0;0;0;0;0;0;0;0;0;0;0;0;0;0;1;0;0;0;0;1;0;0;0
76684;Tancarville;28;76;0;0;0;0;0;0;0;0;0;0;0;0;0;0;0;0;0;0;0;0;2;0;0;0;1;0;0;1;0;1;3;0;2;3;0;0;1
76685;Thérouldeville;28;76;0;0;0;0;0;0;0;0;0;0;0;0;0;0;0;0;0;0;0;0;1;0;0;0;0;0;2;2;0;0;0;0;0;0;0;0;0
76686;Theuville-aux-Maillots;28;76;0;0;0;0;0;0;0;0;0;0;0;0;0;0;0;0;1;0;0;1;0;0;0;0;0;0;3;3;1;0;0;0;0;1;0;0;0
76688;Thiergeville;28;76;0;0;0;0;0;0;0;0;0;0;0;0;0;0;0;0;0;0;0;0;0;0;0;0;0;0;0;0;0;0;0;0;0;0;0;0;0
76689;Thiétreville;28;76;0;0;0;0;0;0;0;0;0;0;0;0;0;0;0;0;0;0;0;0;1;1;0;0;0;1;0;3;0;0;1;0;0;0;0;0;1
76690;Thil-Manneville;28;76;0;0;0;0;0;0;0;0;0;0;0;0;0;0;0;0;0;0;0;0;0;0;0;0;1;1;0;0;0;0;1;0;0;1;0;0;0
76691;Le Thil-Riberpré;28;76;0;0;0;0;0;0;0;0;0;0;0;0;0;0;0;0;0;0;0;0;0;0;0;0;0;2;1;0;1;1;0;0;0;1;1;0;0
76692;Thiouville;28;76;0;0;0;0;0;0;0;0;0;0;0;0;0;0;0;0;0;0;0;0;0;0;0;0;0;0;3;0;0;0;1;0;0;0;0;0;0
76693;Le Tilleul;28;76;0;0;0;0;0;0;0;0;0;0;0;0;0;0;0;0;0;0;0;0;1;0;0;0;0;0;1;0;0;1;1;0;0;2;0;0;1
76694;Tocqueville-en-Caux;28;76;0;0;0;0;0;0;0;0;0;0;0;0;0;0;0;0;0;0;0;0;0;0;0;0;0;0;0;0;0;0;0;0;0;0;0;0;0
76695;Tocqueville-les-Murs;28;76;0;0;0;0;0;0;0;0;0;0;0;0;0;0;0;0;0;0;0;0;1;0;0;0;0;0;1;0;0;0;0;0;0;0;0;0;0
76697;Torcy-le-Grand;28;76;0;0;0;0;0;0;0;0;0;0;0;0;0;0;0;0;0;0;1;0;0;0;0;0;0;1;4;0;1;0;1;0;0;2;1;0;0
76698;Torcy-le-Petit;28;76;0;0;0;0;0;0;0;0;0;0;0;0;0;0;0;0;0;0;0;0;2;0;0;0;0;4;1;1;0;0;1;0;0;0;0;0;2
76699;Le Torp-Mesnil;28;76;0;0;0;0;0;0;0;0;0;0;0;0;0;0;0;0;0;0;0;0;0;0;0;0;0;0;2;1;0;0;0;0;0;0;0;0;0
76700;Tôtes;28;76;0;1;0;0;0;0;0;0;0;1;0;0;0;0;0;3;2;1;0;0;2;1;0;1;2;2;1;6;2;0;3;3;0;4;0;1;1
76702;Touffreville-la-Corbeline;28;76;0;0;0;0;0;0;0;0;0;0;0;0;0;0;0;0;0;0;0;0;0;0;0;0;2;2;0;1;1;0;1;0;0;0;0;0;0
76703;Touffreville-sur-Eu;28;76;0;0;0;0;0;0;0;0;0;0;0;0;0;0;0;0;0;0;0;0;0;0;0;0;0;0;0;0;0;1;0;0;0;1;0;0;0
76705;Tourville-la-Rivière;28;76;0;0;0;0;0;0;0;0;0;0;0;0;0;0;0;0;1;1;0;0;6;1;1;0;1;9;3;6;1;2;6;3;0;16;1;1;4
76706;Tourville-les-Ifs;28;76;0;0;0;0;0;0;0;0;0;0;0;0;0;0;0;0;0;0;0;0;0;0;0;0;0;0;1;1;1;1;1;1;0;0;0;0;0
76707;Tourville-sur-Arques;28;76;0;0;0;0;0;0;0;0;0;0;0;0;0;0;0;0;0;0;0;0;1;0;0;0;3;1;3;1;1;0;0;0;0;0;0;0;0
76708;Toussaint;28;76;0;0;0;0;0;0;0;0;0;0;0;0;0;0;0;0;0;0;0;0;1;0;0;0;2;1;2;0;1;0;0;0;0;0;1;0;0
76709;Le Trait;28;76;0;1;0;0;0;0;0;0;0;0;0;0;0;0;0;3;3;1;0;0;6;1;1;1;2;2;1;6;3;1;11;0;0;7;0;0;5
76710;Trémauville;28;76;0;0;0;0;0;0;0;0;0;0;0;0;0;0;0;0;0;0;0;0;0;0;0;0;0;0;0;0;0;0;0;0;0;0;0;0;0
76711;Le Tréport;28;76;1;1;0;0;0;0;0;0;0;1;0;1;0;0;0;3;2;1;0;0;3;0;0;3;2;5;2;4;3;2;11;0;1;49;2;2;4
76712;La Trinité-du-Mont;28;76;0;0;0;0;0;0;0;0;0;0;0;0;0;0;0;0;0;0;0;0;0;0;0;0;0;0;0;0;0;1;0;0;0;0;0;0;1
76714;Les Trois-Pierres;28;76;0;0;0;0;0;0;0;0;0;0;0;0;0;0;0;0;1;0;0;0;0;0;0;0;0;0;0;4;0;1;0;0;0;0;0;0;1
76715;Trouville;28;76;0;0;0;0;0;0;0;0;0;0;0;0;0;0;0;0;0;0;0;0;1;0;0;0;2;0;2;1;0;0;0;0;0;2;0;0;0
76716;Turretot;28;76;0;0;0;0;0;0;0;0;0;0;0;0;0;0;0;0;0;0;0;1;3;0;0;0;1;0;0;0;0;0;1;0;0;0;0;0;0
76717;Val-de-la-Haye;28;76;0;0;0;0;0;0;0;0;0;0;0;0;0;0;0;0;0;0;1;0;0;0;0;0;0;0;0;1;0;0;1;0;0;0;0;0;0
76718;Valliquerville;28;76;0;0;0;0;0;0;0;0;0;0;0;0;0;0;0;0;0;0;0;0;5;1;0;1;4;0;7;0;2;2;0;0;0;1;0;0;1
76719;Valmont;28;76;0;1;0;0;0;0;0;0;0;1;0;0;0;0;0;3;0;1;0;0;0;0;0;1;0;2;2;3;3;1;3;4;0;3;3;0;0
76720;Varengeville-sur-Mer;28;76;0;0;0;0;0;0;0;0;0;0;0;0;0;0;0;0;0;0;0;1;1;0;0;0;1;1;0;0;1;2;3;0;0;2;2;0;2
76721;Varneville-Bretteville;28;76;0;0;0;0;0;0;0;0;0;0;0;0;0;0;0;0;0;0;0;0;0;0;0;0;0;0;0;0;3;0;0;0;0;0;0;0;0
76723;Vassonville;28;76;0;0;0;0;0;0;0;0;0;0;0;0;0;0;0;0;0;0;0;0;1;0;0;0;0;0;1;0;2;1;0;0;0;0;0;0;1
76724;Vatierville;28;76;0;0;0;0;0;0;0;0;0;0;0;0;0;0;0;0;0;0;0;0;0;0;0;0;0;0;0;0;0;0;0;0;0;0;0;0;0
76725;Vattetot-sous-Beaumont;28;76;0;0;0;0;0;0;0;0;0;0;0;0;0;0;0;0;0;0;0;0;0;0;0;0;1;0;0;2;0;0;0;0;0;0;0;0;1
76726;Vattetot-sur-Mer;28;76;0;0;0;0;0;0;0;0;0;0;0;0;0;0;0;0;0;0;0;0;0;0;0;0;0;0;1;0;0;0;0;1;0;1;0;0;0
76727;Vatteville-la-Rue;28;76;0;0;0;0;0;0;0;0;0;0;0;0;0;0;0;0;0;0;0;0;0;0;0;0;2;2;0;5;2;0;3;0;0;1;0;0;1
76728;La Vaupalière;28;76;0;0;0;0;0;0;0;0;0;0;0;0;0;0;0;0;0;0;0;0;4;0;0;0;2;1;2;4;4;2;1;0;0;1;0;0;0
76729;Veauville-lès-Baons;28;76;0;0;0;0;0;0;0;0;0;0;0;0;0;0;0;0;0;0;0;0;0;0;0;0;0;1;0;1;1;1;0;0;0;0;0;0;0
76730;Veauville-lès-Quelles;28;76;0;0;0;0;0;0;0;0;0;0;0;0;0;0;0;0;0;0;0;0;0;0;0;0;0;0;0;0;0;0;0;0;0;0;1;0;0
76731;Vénestanville;28;76;0;0;0;0;0;0;0;0;0;0;0;0;0;0;0;0;0;0;0;0;0;0;0;0;1;0;0;0;0;0;1;0;0;0;0;0;0
76732;Butot-Vénesville;28;76;0;0;0;0;0;0;0;0;0;0;0;0;0;0;0;0;0;0;0;0;0;0;0;0;0;0;0;2;0;0;0;0;0;0;0;0;1
76733;Ventes-Saint-Rémy;28;76;0;0;0;0;0;0;0;0;0;0;0;0;0;0;0;0;0;0;0;0;0;0;0;0;0;0;1;0;0;1;1;0;0;2;0;0;0
76734;Vergetot;28;76;0;0;0;0;0;0;0;0;0;0;0;0;0;0;0;0;0;0;0;0;1;0;0;0;0;0;3;1;2;1;0;0;0;0;0;0;0
76735;Veules-les-Roses;28;76;0;0;0;0;0;0;0;0;0;0;0;0;0;0;0;0;0;1;0;0;1;0;0;0;1;0;0;0;0;1;1;0;0;11;2;0;1
76736;Veulettes-sur-Mer;28;76;0;0;0;0;0;0;0;0;0;0;0;0;0;0;0;0;0;0;0;1;1;0;0;0;0;0;0;0;0;0;0;0;0;5;0;0;0
76737;Vibeuf;28;76;0;0;0;0;0;0;0;0;0;0;0;0;0;0;0;0;0;0;0;0;1;0;0;0;0;0;3;0;0;0;0;0;0;0;1;0;0
76738;Vieux-Manoir;28;76;0;0;0;0;0;0;0;0;0;0;0;0;0;0;0;0;0;0;0;0;1;0;0;0;0;3;2;0;1;0;1;1;0;1;0;0;1
76739;Vieux-Rouen-sur-Bresle;28;76;0;0;0;0;0;0;0;0;0;0;0;0;0;0;0;0;0;1;0;0;0;0;0;0;2;1;0;1;1;0;0;0;0;1;0;0;0
76740;La Vieux-Rue;28;76;0;0;0;0;0;0;0;0;0;0;0;0;0;0;0;0;0;0;0;0;0;0;0;0;1;1;2;3;1;0;2;0;0;0;0;0;1
76741;Villainville;28;76;0;0;0;0;0;0;0;0;0;0;0;0;0;0;0;0;0;0;0;0;0;0;0;0;0;0;0;0;1;0;0;0;0;2;0;0;0
76743;Villers-Écalles;28;76;0;0;0;0;0;0;0;0;0;0;0;0;0;0;0;0;1;0;0;0;2;0;0;0;3;1;4;2;0;3;1;0;0;3;1;1;0
76744;Villers-sous-Foucarmont;28;76;0;0;0;0;0;0;0;0;0;0;0;0;0;0;0;0;0;0;0;0;0;0;0;0;0;1;0;3;0;1;0;0;0;0;0;0;0
76745;Villy-sur-Yères;28;76;0;0;0;0;0;0;0;0;0;0;0;0;0;0;0;0;0;0;0;0;0;0;0;0;0;0;0;1;0;0;0;0;0;0;0;0;0
76746;Vinnemerville;28;76;0;0;0;0;0;0;0;0;0;0;0;0;0;0;0;0;0;0;0;0;1;0;0;0;1;0;1;0;1;1;0;0;0;0;0;0;2
76747;Virville;28;76;0;0;0;0;0;0;0;0;0;0;0;0;0;0;0;0;0;0;0;0;0;0;0;0;0;0;0;0;0;0;0;0;0;0;0;0;0
76748;Vittefleur;28;76;0;0;0;0;0;0;0;0;0;0;0;0;0;0;0;0;0;0;0;1;0;0;0;0;0;2;2;0;0;0;3;0;0;1;1;0;0
76749;Wanchy-Capval;28;76;0;0;0;0;0;0;0;0;0;0;0;0;0;0;0;0;0;0;0;0;2;0;0;0;0;0;1;1;0;0;0;0;0;0;0;0;0
76750;Yainville;28;76;0;0;0;0;0;0;0;0;0;0;0;0;0;0;0;0;0;0;1;0;2;0;0;0;0;0;3;2;3;0;2;0;0;2;0;0;0
76751;Yébleron;28;76;0;0;0;0;0;0;0;0;0;0;0;0;0;0;0;0;0;0;0;1;2;0;0;1;2;1;2;3;2;1;3;0;0;0;0;0;1
76752;Yerville;28;76;0;1;0;0;0;0;0;0;0;1;0;0;0;0;0;3;0;1;0;0;5;2;0;2;3;4;3;6;2;2;7;1;0;7;2;0;3
76753;Ymare;28;76;0;0;0;0;0;0;0;0;0;0;0;0;0;0;0;0;0;0;0;0;0;0;0;0;0;0;0;1;1;3;1;0;0;1;1;0;2
76754;Yport;28;76;0;0;0;0;0;0;0;0;0;0;0;0;0;0;0;0;0;0;0;1;0;0;0;0;1;1;0;0;1;0;3;0;0;8;1;0;1
76755;Ypreville-Biville;28;76;0;0;0;0;0;0;0;0;0;0;0;0;0;0;0;0;0;0;0;1;1;0;0;0;1;0;0;0;0;0;1;0;0;0;0;0;0
76756;Yquebeuf;28;76;0;0;0;0;0;0;0;0;0;0;0;0;0;0;0;0;0;0;0;0;1;0;0;0;1;0;0;1;0;0;0;0;0;0;0;0;0
76757;Yvecrique;28;76;0;0;0;0;0;0;0;0;0;0;0;0;0;0;0;0;0;0;0;0;0;0;0;0;0;1;0;2;0;0;1;0;0;0;0;1;2
76758;Yvetot;28;76;0;1;0;0;0;0;0;0;0;4;0;1;0;0;0;12;3;1;0;0;12;1;2;5;8;6;7;13;5;4;20;4;2;40;5;4;8
76759;Yville-sur-Seine;28;76;0;0;0;0;0;0;0;0;0;0;0;0;0;0;0;0;0;0;0;0;2;0;0;0;0;0;1;0;0;0;0;0;0;0;1;0;0
77001;Achères-la-Forêt;11;77;0;0;0;0;0;0;0;0;0;0;0;0;0;0;0;0;0;0;0;0;2;0;0;0;3;0;1;3;3;0;1;0;0;1;0;0;0
77002;Amillis;11;77;0;0;0;0;0;0;0;0;0;0;0;0;0;0;0;0;0;0;0;0;2;0;0;1;0;1;5;0;5;3;1;0;0;2;0;0;1
77003;Amponville;11;77;0;0;0;0;0;0;0;0;0;0;0;0;0;0;0;0;0;0;0;0;0;0;0;0;1;1;5;0;0;0;0;0;0;0;0;0;0
77004;Andrezel;11;77;0;0;0;0;0;0;0;0;0;0;0;0;0;0;0;0;0;0;0;0;0;0;0;0;0;0;2;0;1;0;0;0;0;0;0;0;0
77005;Annet-sur-Marne;11;77;0;0;0;0;0;0;0;0;0;0;0;0;0;0;0;1;0;1;0;0;8;0;0;0;6;4;3;2;4;4;5;0;0;5;4;0;5
77006;Arbonne-la-Forêt;11;77;0;0;0;0;0;0;0;0;0;0;0;0;0;0;0;0;0;0;0;0;1;0;0;0;1;1;0;1;4;0;0;0;0;4;2;0;0
77007;Argentières;11;77;0;0;0;0;0;0;0;0;0;0;0;0;0;0;0;0;0;0;0;0;0;0;0;0;2;0;0;0;0;1;1;0;0;0;0;0;1
77008;Armentières-en-Brie;11;77;0;0;0;0;0;0;0;0;0;0;0;0;0;0;0;0;0;0;0;0;0;0;0;0;2;0;1;0;0;0;1;0;0;2;0;0;0
77009;Arville;11;77;0;0;0;0;0;0;0;0;0;0;0;0;0;0;0;0;0;0;0;0;0;0;0;0;0;1;0;1;0;0;0;0;0;0;0;0;0
77010;Aubepierre-Ozouer-le-Repos;11;77;0;0;0;0;0;0;0;0;0;0;0;0;0;0;0;0;0;0;0;0;7;0;0;0;3;0;2;4;4;4;0;0;0;0;0;0;2
77011;Aufferville;11;77;0;0;0;0;0;0;0;0;0;0;0;0;0;0;0;0;0;0;0;0;0;0;0;0;6;4;1;4;2;0;0;0;0;2;0;0;0
77012;Augers-en-Brie;11;77;0;0;0;0;0;0;0;0;0;0;0;0;0;0;0;0;0;0;0;0;0;0;0;0;1;0;0;0;0;0;1;0;0;0;0;0;2
77013;Aulnoy;11;77;0;0;0;0;0;0;0;0;0;0;0;0;0;0;0;0;0;0;0;0;0;0;0;0;1;0;1;0;0;1;1;0;0;0;0;0;0
77014;Avon;11;77;0;0;0;0;0;0;0;0;0;0;0;1;0;0;0;8;2;2;1;0;8;0;1;4;18;18;14;18;14;9;13;1;0;22;15;3;10
77015;Baby;11;77;0;0;0;0;0;0;0;0;0;0;0;0;0;0;0;0;0;0;0;0;0;0;0;0;0;0;0;0;0;2;0;0;0;0;0;0;0
77016;Bagneaux-sur-Loing;11;77;0;0;0;0;0;0;0;0;0;0;0;0;0;0;0;0;0;1;0;0;2;0;0;0;0;3;3;5;1;2;1;0;0;2;0;0;1
77018;Bailly-Romainvilliers;11;77;0;0;0;0;0;0;0;0;0;0;0;0;0;0;0;5;0;1;0;0;4;0;1;2;2;6;9;10;10;4;5;6;0;9;7;4;11
77019;Balloy;11;77;0;0;0;0;0;0;0;0;0;0;0;0;0;0;0;0;0;0;0;0;0;0;0;0;0;0;0;1;0;0;0;0;0;0;0;0;0
77020;Bannost-Villegagnon;11;77;0;0;0;0;0;0;0;0;0;0;0;0;0;0;0;0;0;0;0;0;3;0;0;0;2;0;0;2;1;0;1;0;0;1;0;0;0
77021;Barbey;11;77;0;0;0;0;0;0;0;0;0;0;0;0;0;0;0;0;0;0;0;0;0;0;0;0;0;0;0;1;0;1;0;0;0;0;0;0;0
77022;Barbizon;11;77;0;0;0;0;0;0;0;0;0;0;0;0;0;0;0;0;0;1;0;0;0;0;0;0;4;0;0;2;0;3;2;0;0;13;5;0;3
77023;Barcy;11;77;0;0;0;0;0;0;0;0;0;0;0;0;0;0;0;0;0;0;0;0;0;0;0;0;1;0;1;0;0;0;0;0;0;0;0;0;1
77024;Bassevelle;11;77;0;0;0;0;0;0;0;0;0;0;0;0;0;0;0;0;0;0;0;0;1;0;0;0;3;0;0;2;1;1;0;0;0;0;0;0;1
77025;Bazoches-lès-Bray;11;77;0;0;0;0;0;0;0;0;0;0;0;0;0;0;0;0;0;0;0;1;3;0;0;0;4;3;0;2;3;1;0;0;0;1;0;0;1
77026;Beauchery-Saint-Martin;11;77;0;0;0;0;0;0;0;0;0;0;0;0;0;0;0;0;0;0;0;0;0;0;0;0;1;1;2;0;1;0;0;0;0;0;1;0;0
77027;Beaumont-du-Gâtinais;11;77;0;1;0;0;0;0;0;0;0;0;0;0;0;0;0;1;0;1;0;0;2;0;0;0;2;1;3;3;2;1;1;0;0;0;1;0;0
77028;Beautheil;11;77;0;0;0;0;0;0;0;0;0;0;0;0;0;0;0;0;0;0;0;0;0;0;0;0;1;1;2;1;0;2;1;0;0;1;0;0;0
77029;Beauvoir;11;77;0;0;0;0;0;0;0;0;0;0;0;0;0;0;0;0;0;0;0;0;0;0;0;0;2;0;0;0;0;0;0;0;0;0;0;0;0
77030;Bellot;11;77;0;0;0;0;0;0;0;0;0;0;0;0;0;0;0;0;0;0;0;1;4;0;0;0;2;1;2;2;1;0;0;0;0;1;0;0;1
77031;Bernay-Vilbert;11;77;0;0;0;0;0;0;0;0;0;0;0;0;0;0;0;0;0;0;0;0;5;0;0;0;2;1;1;2;1;2;0;0;0;1;3;0;0
77032;Beton-Bazoches;11;77;0;0;0;0;0;0;0;0;0;0;0;0;0;0;0;1;0;1;0;0;3;0;0;0;10;5;1;0;4;1;4;0;0;3;0;0;0
77033;Bezalles;11;77;0;0;0;0;0;0;0;0;0;0;0;0;0;0;0;0;0;0;0;0;0;0;0;0;0;0;0;0;0;0;0;0;0;0;0;0;0
77034;Blandy;11;77;0;0;0;0;0;0;0;0;0;0;0;0;0;0;0;0;0;0;0;1;1;0;0;0;2;0;3;2;0;0;1;0;0;2;1;0;2
77035;Blennes;11;77;0;0;0;0;0;0;0;0;0;0;0;0;0;0;0;0;0;0;0;0;0;0;0;0;0;1;2;0;2;0;0;0;0;1;1;0;0
77036;Boisdon;11;77;0;0;0;0;0;0;0;0;0;0;0;0;0;0;0;0;0;0;0;0;0;0;0;0;0;0;0;0;0;0;0;0;0;0;0;0;0
77037;Bois-le-Roi;11;77;0;0;0;0;0;0;0;0;0;0;0;0;0;0;0;3;0;1;0;0;4;0;0;2;4;2;5;11;10;0;6;2;0;12;10;1;4
77038;Boissettes;11;77;0;0;0;0;0;0;0;0;0;0;0;0;0;0;0;0;0;0;0;0;0;0;0;0;1;0;0;0;0;2;0;0;0;0;1;0;0
77039;Boissise-la-Bertrand;11;77;0;0;0;0;0;0;0;0;0;0;0;0;0;0;0;0;0;0;0;0;2;0;0;0;3;0;0;2;1;1;1;0;0;0;1;0;0
77040;Boissise-le-Roi;11;77;0;0;0;0;0;0;0;0;0;0;0;0;0;0;0;0;0;0;0;0;4;1;0;0;7;5;4;5;6;1;4;1;0;1;2;0;0
77041;Boissy-aux-Cailles;11;77;0;0;0;0;0;0;0;0;0;0;0;0;0;0;0;0;0;0;0;0;0;0;0;0;0;0;0;0;1;0;0;0;0;0;0;0;1
77042;Boissy-le-Châtel;11;77;0;0;0;0;0;0;0;0;0;0;0;0;0;0;0;0;0;1;0;0;8;1;0;1;15;7;9;2;9;1;3;0;0;5;1;0;2
77043;Boitron;11;77;0;0;0;0;0;0;0;0;0;0;0;0;0;0;0;0;0;0;0;0;1;0;0;0;0;0;0;1;0;1;0;0;0;0;0;0;1
77044;Bombon;11;77;0;0;0;0;0;0;0;0;0;0;0;0;0;0;0;0;0;0;0;0;0;0;0;0;3;0;1;2;1;0;0;0;0;1;1;0;0
77045;Bougligny;11;77;0;0;0;0;0;0;0;0;0;0;0;0;0;0;0;0;0;0;0;0;2;0;0;0;1;0;2;5;1;4;2;0;0;0;0;0;0
77046;Boulancourt;11;77;0;0;0;0;0;0;0;0;0;0;0;0;0;0;0;0;0;0;0;0;0;0;0;0;1;1;0;1;2;0;0;0;0;0;0;0;0
77047;Bouleurs;11;77;0;0;0;0;0;0;0;0;0;0;0;0;0;0;0;0;0;0;0;0;1;0;0;0;5;0;0;7;2;1;1;0;0;1;2;0;0
77048;Bourron-Marlotte;11;77;0;0;0;0;0;0;0;0;0;0;0;0;0;0;0;0;0;1;0;0;2;0;0;1;10;7;2;6;4;1;4;0;0;3;8;0;2
77049;Boutigny;11;77;0;0;0;0;0;0;0;0;0;0;0;0;0;0;0;0;0;0;0;0;1;0;0;0;0;4;1;2;1;0;2;0;0;0;2;0;0
77050;Bransles;11;77;0;0;0;0;0;0;0;0;0;0;0;0;0;0;0;0;0;0;0;0;0;0;0;0;0;1;3;2;0;0;0;0;0;0;1;0;0
77051;Bray-sur-Seine;11;77;0;1;0;0;0;0;0;0;0;0;1;0;0;0;0;7;3;1;0;0;12;1;0;3;3;2;4;4;4;1;10;0;0;12;5;2;5
77052;Bréau;11;77;0;0;0;0;0;0;0;0;0;0;0;0;0;0;0;0;0;0;0;0;1;0;0;0;0;0;1;1;0;0;0;0;0;1;1;0;0
77053;Brie-Comte-Robert;11;77;0;0;0;0;0;0;0;0;0;0;1;1;0;0;0;14;2;1;0;1;33;4;4;4;24;22;31;37;28;9;20;2;2;50;24;7;14
77054;La Brosse-Montceaux;11;77;0;0;0;0;0;0;0;0;0;0;0;0;0;0;0;0;0;0;0;0;1;0;0;1;0;0;0;2;0;0;0;0;0;1;0;0;1
77055;Brou-sur-Chantereine;11;77;0;0;0;0;0;0;0;0;0;0;0;0;0;0;0;1;0;1;0;0;3;0;0;1;2;2;3;2;6;7;5;1;0;19;3;1;4
77056;Burcy;11;77;0;0;0;0;0;0;0;0;0;0;0;0;0;0;0;0;0;0;0;0;0;0;0;0;0;0;1;0;0;0;0;0;0;0;0;0;0
77057;Bussières;11;77;0;0;0;0;0;0;0;0;0;0;0;0;0;0;0;0;0;0;0;0;1;0;0;0;0;0;1;1;3;0;1;0;0;0;2;0;0
77058;Bussy-Saint-Georges;11;77;0;0;0;0;0;0;0;0;0;0;1;0;0;0;0;16;0;1;0;0;10;0;2;7;9;17;8;21;23;24;22;3;8;48;30;7;18
77059;Bussy-Saint-Martin;11;77;0;0;0;0;0;0;0;0;0;0;0;0;0;0;0;0;0;0;0;0;0;0;0;0;3;1;4;1;2;2;0;0;0;0;1;0;0
77060;Buthiers;11;77;0;0;0;0;0;0;0;0;0;0;0;0;0;0;0;0;0;0;0;0;0;0;1;0;0;0;0;1;1;1;0;0;0;3;0;0;0
77061;Cannes-Écluse;11;77;0;0;0;0;0;0;0;0;0;0;0;0;0;0;0;0;0;0;0;1;2;0;0;0;4;0;3;5;1;1;1;0;0;1;0;0;1
77062;Carnetin;11;77;0;0;0;0;0;0;0;0;0;0;0;0;0;0;0;0;0;0;0;0;1;0;0;0;1;1;2;2;1;3;0;0;0;1;0;0;2
77063;La Celle-sur-Morin;11;77;0;0;0;0;0;0;0;0;0;0;0;0;0;0;0;0;0;0;0;0;1;0;0;0;6;1;4;1;3;0;0;0;0;0;2;0;0
77065;Cély;11;77;0;0;0;0;0;0;0;0;0;0;0;0;0;0;0;0;0;0;0;0;2;0;0;0;1;3;2;2;6;2;1;0;0;2;1;0;1
77066;Cerneux;11;77;0;0;0;0;0;0;0;0;0;0;0;0;0;0;0;0;0;0;0;0;0;0;0;0;2;0;0;1;1;0;0;0;0;0;0;0;0
77067;Cesson;11;77;0;0;0;0;0;0;0;0;0;0;0;0;0;0;0;8;0;1;0;0;5;0;0;2;6;4;8;8;12;7;12;1;0;23;8;2;8
77068;Cessoy-en-Montois;11;77;0;0;0;0;0;0;0;0;0;0;0;0;0;0;0;0;0;0;0;0;0;0;0;0;1;0;0;3;0;0;1;0;0;2;0;0;0
77069;Chailly-en-Bière;11;77;0;0;0;0;0;0;0;0;0;0;0;0;0;0;0;0;0;1;0;0;1;0;2;0;3;4;4;4;2;1;2;1;0;6;3;0;1
77070;Chailly-en-Brie;11;77;0;0;0;0;0;0;0;0;0;0;0;0;0;0;0;0;0;0;0;0;2;0;0;0;5;3;4;2;0;0;1;1;0;3;0;0;3
77071;Chaintreaux;11;77;0;0;0;0;0;0;0;0;0;0;0;0;0;0;0;0;0;0;0;0;0;0;0;0;3;2;2;0;2;0;1;0;0;1;0;0;0
77072;Chalautre-la-Grande;11;77;0;0;0;0;0;0;0;0;0;0;0;0;0;0;0;0;0;0;0;0;1;0;0;0;4;0;2;1;1;0;0;0;0;0;0;0;0
77073;Chalautre-la-Petite;11;77;0;0;0;0;0;0;0;0;0;0;0;0;0;0;0;0;0;0;0;0;0;0;0;0;2;1;1;0;2;0;1;0;0;0;0;0;0
77075;Chalifert;11;77;0;0;0;0;0;0;0;0;0;0;0;0;0;0;0;0;0;0;0;0;1;0;0;0;1;4;0;6;4;2;0;0;0;1;1;0;1
77076;Chalmaison;11;77;0;0;0;0;0;0;0;0;0;0;0;0;0;0;0;0;0;0;0;0;0;0;0;0;2;0;1;2;1;1;1;0;0;0;0;0;0
77077;Chambry;11;77;0;0;0;0;0;0;0;0;0;0;0;0;0;0;0;0;0;0;0;0;0;0;0;0;0;2;0;0;0;1;1;0;0;0;1;0;2
77078;Chamigny;11;77;0;0;0;0;0;0;0;0;0;0;0;0;0;0;0;0;0;0;0;0;0;0;0;0;1;1;0;1;2;2;0;0;0;1;1;0;2
77079;Champagne-sur-Seine;11;77;0;0;0;0;0;0;0;0;0;0;0;0;0;0;0;3;1;1;0;0;13;1;0;1;8;5;6;5;9;5;8;1;0;5;2;0;3
77080;Champcenest;11;77;0;0;0;0;0;0;0;0;0;0;0;0;0;0;0;0;0;0;0;0;0;0;0;0;0;0;0;0;0;0;0;0;0;0;0;0;0
77081;Champdeuil;11;77;0;0;0;0;0;0;0;0;0;0;0;0;0;0;0;0;0;0;0;0;0;0;0;0;0;0;0;0;2;0;0;0;0;0;0;0;3
77082;Champeaux;11;77;0;0;0;0;0;0;0;0;0;0;0;0;0;0;0;0;0;1;0;0;1;0;0;0;1;1;1;1;1;1;1;0;0;3;0;0;2
77083;Champs-sur-Marne;11;77;0;0;0;0;0;0;0;0;0;0;0;0;0;0;0;11;1;2;0;0;15;1;5;7;14;22;21;36;28;23;15;2;1;43;18;4;16
77084;Changis-sur-Marne;11;77;0;0;0;0;0;0;0;0;0;0;0;0;0;0;0;0;0;1;0;0;0;0;0;0;0;3;2;3;1;0;1;0;0;2;0;0;0
77085;Chanteloup-en-Brie;11;77;0;0;0;0;0;0;0;0;0;0;0;0;0;0;0;1;0;0;1;0;2;0;1;3;4;2;4;8;5;4;6;1;0;4;5;0;3
77086;La Chapelle-Gauthier;11;77;0;0;0;0;0;0;0;0;0;0;0;0;0;0;0;0;0;1;0;0;1;0;0;0;6;1;1;4;1;4;5;0;0;1;0;0;1
77087;La Chapelle-Iger;11;77;0;0;0;0;0;0;0;0;0;0;0;0;0;0;0;0;0;0;0;0;0;0;0;0;0;0;0;0;0;0;0;0;0;0;0;0;0
77088;La Chapelle-la-Reine;11;77;0;1;0;0;0;0;0;0;0;0;1;0;0;0;0;3;2;1;0;0;6;2;0;2;1;9;6;3;4;0;5;2;0;5;5;1;1
77089;La Chapelle-Rablais;11;77;0;0;0;0;0;0;0;0;0;0;0;0;0;0;0;0;0;0;0;0;1;0;0;0;2;2;2;0;0;0;0;0;0;2;0;0;0
77090;La Chapelle-Saint-Sulpice;11;77;0;0;0;0;0;0;0;0;0;0;0;0;0;0;0;0;0;0;0;0;0;0;0;0;0;0;0;0;1;0;0;0;0;0;0;0;0
77091;Les Chapelles-Bourbon;11;77;0;0;0;0;0;0;0;0;0;0;0;0;0;0;0;0;0;0;0;0;2;0;0;0;4;2;3;1;0;2;0;0;0;1;0;0;1
77093;La Chapelle-Moutils;11;77;0;0;0;0;0;0;0;0;0;0;0;0;0;0;0;0;0;0;0;0;0;0;0;0;2;0;3;0;0;1;1;0;0;0;0;0;0
77094;Charmentray;11;77;0;0;0;0;0;0;0;0;0;0;0;0;0;0;0;0;0;0;0;0;0;0;0;0;1;0;0;2;0;0;0;0;0;0;0;0;0
77095;Charny;11;77;0;0;0;0;0;0;0;0;0;0;0;0;0;0;0;0;0;1;0;0;1;0;0;0;2;1;0;2;3;3;1;0;0;1;0;0;2
77096;Chartrettes;11;77;0;0;0;0;0;0;0;0;0;0;0;0;0;0;0;0;1;1;0;0;2;0;1;0;2;7;3;6;4;3;1;0;0;3;4;1;2
77097;Chartronges;11;77;0;0;0;0;0;0;0;0;0;0;0;0;0;0;0;0;0;0;0;0;0;0;0;0;0;0;0;0;1;0;0;0;0;0;0;0;0
77098;Châteaubleau;11;77;0;0;0;0;0;0;0;0;0;0;0;0;0;0;0;0;0;0;0;0;0;0;0;0;0;0;0;0;0;1;0;0;0;0;0;0;0
77099;Château-Landon;11;77;0;1;0;0;0;0;0;0;0;0;1;0;0;0;0;3;2;1;0;0;2;0;0;1;10;1;3;5;6;3;4;1;0;5;3;0;2
77100;Le Châtelet-en-Brie;11;77;0;1;0;0;0;0;0;0;0;0;1;0;0;0;0;2;0;1;0;0;11;1;0;1;5;5;6;9;7;3;7;1;0;8;2;1;6
77101;Châtenay-sur-Seine;11;77;0;0;0;0;0;0;0;0;0;0;0;0;0;0;0;0;0;0;0;1;1;0;0;0;7;2;1;3;0;2;0;0;0;1;0;0;0
77102;Châtenoy;11;77;0;0;0;0;0;0;0;0;0;0;0;0;0;0;0;0;0;0;0;0;0;0;0;0;0;1;1;1;0;1;0;0;0;0;0;0;0
77103;Châtillon-la-Borde;11;77;0;0;0;0;0;0;0;0;0;0;0;0;0;0;0;0;0;0;0;0;0;0;0;0;1;0;0;1;1;0;0;0;0;0;0;0;0
77104;Châtres;11;77;0;0;0;0;0;0;0;0;0;0;0;0;0;0;0;0;0;0;0;0;0;0;0;0;0;1;2;1;0;0;0;0;0;1;0;0;1
77106;Chauffry;11;77;0;0;0;0;0;0;0;0;0;0;0;0;0;0;0;0;0;0;0;0;1;0;0;0;1;5;4;3;1;1;2;0;0;0;0;0;0
77107;Chaumes-en-Brie;11;77;0;1;0;0;0;0;0;0;0;0;0;0;0;0;0;0;0;1;0;0;4;0;0;1;9;1;7;10;8;5;2;0;0;6;3;3;2
77108;Chelles;11;77;1;1;0;0;0;0;0;0;0;0;3;1;0;1;0;26;4;3;0;0;59;5;7;12;70;108;83;155;93;87;54;5;6;117;53;10;35
77109;Chenoise;11;77;0;0;0;0;0;0;0;0;0;0;0;0;0;0;0;0;0;1;0;0;3;0;0;0;2;0;2;1;1;0;4;0;0;2;0;0;2
77110;Chenou;11;77;0;0;0;0;0;0;0;0;0;0;0;0;0;0;0;0;0;0;0;0;0;0;0;0;2;0;1;1;2;0;1;0;0;1;0;0;0
77111;Chessy;11;77;1;0;0;0;0;0;0;1;0;0;0;1;0;0;0;7;0;1;0;1;2;1;2;1;3;5;7;4;5;5;6;1;0;22;5;0;2
77112;Chevrainvilliers;11;77;0;0;0;0;0;0;0;0;0;0;0;0;0;0;0;0;0;0;0;0;2;0;0;0;1;0;1;0;1;0;0;0;0;1;0;0;0
77113;Chevru;11;77;0;0;0;0;0;0;0;0;0;0;0;0;0;0;0;0;0;0;0;0;5;0;0;0;1;3;0;4;1;0;3;0;0;3;0;0;0
77114;Chevry-Cossigny;11;77;0;0;0;0;0;0;0;0;0;0;0;0;0;0;0;0;0;1;0;0;3;0;0;0;6;3;9;12;9;2;4;0;0;3;1;0;7
77115;Chevry-en-Sereine;11;77;0;0;0;0;0;0;0;0;0;0;0;0;0;0;0;0;0;0;0;0;1;0;0;0;0;3;0;1;0;0;0;0;0;1;0;0;0
77116;Choisy-en-Brie;11;77;0;0;0;0;0;0;0;0;0;0;0;0;0;0;0;0;0;1;0;0;3;0;0;1;3;4;2;1;3;0;1;0;0;4;1;0;1
77117;Citry;11;77;0;0;0;0;0;0;0;0;0;0;0;0;0;0;0;0;0;0;0;0;0;0;0;0;0;2;1;2;2;0;0;0;0;0;1;0;0
77118;Claye-Souilly;11;77;0;0;0;0;0;0;0;0;0;0;1;0;0;0;0;8;1;1;0;0;20;2;3;4;18;17;14;19;17;16;15;2;0;42;16;3;11
77119;Clos-Fontaine;11;77;0;0;0;0;0;0;0;0;0;0;0;0;0;0;0;0;0;0;0;0;0;0;0;1;0;1;2;0;0;0;0;0;0;1;0;0;1
77120;Cocherel;11;77;0;0;0;0;0;0;0;0;0;0;0;0;0;0;0;0;0;0;0;0;1;0;0;0;2;2;2;1;1;2;1;0;0;0;0;0;1
77121;Collégien;11;77;0;0;0;0;0;0;0;0;0;0;0;0;0;0;0;2;0;1;0;0;7;0;1;0;6;2;3;7;3;6;6;0;0;17;3;2;4
77122;Combs-la-Ville;11;77;0;0;0;0;0;0;0;0;0;0;0;0;0;0;0;12;1;2;0;0;18;1;3;4;25;25;25;31;22;13;22;3;2;38;10;2;17
77123;Compans;11;77;0;0;0;0;0;0;0;0;0;0;0;0;0;0;0;0;0;0;0;0;6;0;0;0;1;0;3;5;0;3;0;0;1;3;0;0;1
77124;Conches-sur-Gondoire;11;77;0;0;0;0;0;0;0;0;0;0;0;0;0;0;0;0;0;0;0;0;1;0;0;0;0;1;2;5;3;0;1;0;0;3;0;0;2
77125;Condé-Sainte-Libiaire;11;77;0;0;0;0;0;0;0;0;0;0;0;0;0;0;0;0;1;0;0;0;2;0;0;0;1;4;0;7;1;2;1;0;0;2;1;1;1
77126;Congis-sur-Thérouanne;11;77;0;0;0;0;0;0;0;0;0;0;0;0;0;0;0;0;0;1;0;0;2;0;0;0;2;0;2;2;6;2;2;0;0;2;0;0;1
77127;Coubert;11;77;0;1;0;0;0;0;0;0;0;0;0;0;0;0;0;0;0;1;0;0;2;0;0;0;3;2;2;5;3;2;3;0;0;8;4;0;1
77128;Couilly-Pont-aux-Dames;11;77;0;0;0;0;0;0;0;0;0;0;0;0;0;0;0;0;1;1;0;0;2;0;0;1;4;6;7;4;4;3;4;1;0;7;4;0;4
77129;Coulombs-en-Valois;11;77;0;0;0;0;0;0;0;0;0;0;0;0;0;0;0;0;0;0;1;0;2;0;0;0;3;1;0;3;1;0;0;0;0;1;0;0;0
77130;Coulommes;11;77;0;0;0;0;0;0;0;0;0;0;0;0;0;0;0;0;0;0;0;0;0;0;0;0;1;1;2;2;0;1;1;1;0;0;0;0;1
77131;Coulommiers;11;77;1;1;0;0;0;0;0;0;0;0;5;1;0;0;0;10;5;2;1;0;22;2;2;7;24;30;17;30;21;14;29;4;2;62;25;5;16
77132;Coupvray;11;77;0;0;0;0;0;0;0;0;0;0;0;0;0;0;0;0;0;0;0;1;3;1;1;0;2;2;4;12;4;5;3;3;0;2;4;0;2
77133;Courcelles-en-Bassée;11;77;0;0;0;0;0;0;0;0;0;0;0;0;0;0;0;0;0;0;0;0;0;0;0;0;0;0;1;0;0;0;0;0;0;0;0;0;0
77134;Courchamp;11;77;0;0;0;0;0;0;0;0;0;0;0;0;0;0;0;0;0;0;0;0;0;0;0;0;2;0;3;0;0;0;1;0;0;0;0;0;0
77135;Courpalay;11;77;0;0;0;0;0;0;0;0;0;0;0;0;0;0;0;0;1;0;0;1;1;0;0;0;4;0;3;3;3;3;0;0;0;1;0;0;0
77136;Courquetaine;11;77;0;0;0;0;0;0;0;0;0;0;0;0;0;0;0;0;0;0;0;0;0;0;0;0;1;0;0;2;0;0;0;0;0;0;0;0;0
77137;Courtacon;11;77;0;0;0;0;0;0;0;0;0;0;0;0;0;0;0;0;0;0;0;0;0;0;0;0;0;0;0;0;0;0;0;0;0;3;1;0;0
77138;Courtomer;11;77;0;0;0;0;0;0;0;0;0;0;0;0;0;0;0;0;0;0;0;0;2;0;0;0;0;1;2;0;2;2;0;0;0;4;0;0;0
77139;Courtry;11;77;0;0;0;0;0;0;0;0;0;0;0;0;0;0;0;0;0;1;0;0;9;0;1;1;13;15;14;29;10;12;8;2;0;6;3;0;2
77140;Coutençon;11;77;0;0;0;0;0;0;0;0;0;0;0;0;0;0;0;0;0;0;0;0;0;0;0;0;0;0;2;0;0;0;0;0;0;0;0;0;0
77141;Coutevroult;11;77;0;0;0;0;0;0;0;0;0;0;0;0;0;0;0;0;0;0;0;0;2;0;0;0;0;2;1;4;0;1;0;0;0;1;1;0;0
77142;Crécy-la-Chapelle;11;77;0;1;0;0;0;0;0;0;0;0;0;0;1;0;0;8;1;1;0;0;6;1;0;1;8;7;16;12;9;5;9;2;0;16;6;2;5
77143;Crégy-lès-Meaux;11;77;0;0;0;0;0;0;0;0;0;0;0;0;0;0;0;0;0;1;0;0;8;0;0;1;2;5;2;4;4;3;2;0;0;2;3;0;1
77144;Crèvecoeur-en-Brie;11;77;0;0;0;0;0;0;0;0;0;0;0;0;0;0;0;0;0;0;0;0;0;0;0;0;0;0;0;0;0;1;0;0;0;0;0;0;0
77145;Crisenoy;11;77;0;0;0;0;0;0;0;0;0;0;0;0;0;0;0;0;0;0;0;0;0;0;0;0;0;0;3;1;0;1;0;0;0;1;1;0;2
77146;Croissy-Beaubourg;11;77;0;0;0;0;0;0;0;0;1;0;0;0;0;0;0;0;0;0;0;1;5;1;1;0;7;6;12;17;16;15;1;0;1;8;3;0;2
77147;La Croix-en-Brie;11;77;0;0;0;0;0;0;0;0;0;0;0;0;0;0;0;0;0;0;0;1;1;0;0;0;3;1;1;2;3;0;1;0;0;1;0;0;0
77148;Crouy-sur-Ourcq;11;77;0;0;0;0;0;0;0;0;0;0;0;0;0;0;0;0;0;1;0;0;3;0;0;0;4;4;3;1;1;2;2;0;0;4;0;0;1
77149;Cucharmoy;11;77;0;0;0;0;0;0;0;0;0;0;0;0;0;0;0;0;0;0;0;0;1;0;0;0;1;0;0;0;0;0;1;0;0;0;0;0;0
77150;Cuisy;11;77;0;0;0;0;0;0;0;0;0;0;0;0;0;0;0;0;0;0;0;0;2;0;0;0;0;2;0;0;2;1;0;0;0;2;0;0;1
77151;Dagny;11;77;0;0;0;0;0;0;0;0;0;0;0;0;0;0;0;0;0;0;0;0;1;0;0;0;1;0;0;0;0;0;0;0;0;0;2;0;0
77152;Dammarie-les-Lys;11;77;1;0;0;0;0;0;0;0;0;0;0;1;0;0;0;8;1;1;0;0;30;5;9;2;42;34;17;22;36;19;15;3;2;53;16;6;8
77153;Dammartin-en-Goële;11;77;0;1;0;0;0;0;0;0;0;0;1;0;0;0;0;8;2;1;0;0;8;0;1;4;12;13;5;12;14;11;9;1;0;22;13;3;7
77154;Dammartin-sur-Tigeaux;11;77;0;0;0;0;0;0;0;0;0;0;0;0;0;0;0;0;0;0;0;0;1;0;0;0;3;1;0;4;3;0;2;0;0;1;0;0;2
77155;Dampmart;11;77;0;0;0;0;0;0;0;0;0;0;0;0;0;0;0;0;1;1;0;0;2;0;0;0;8;3;10;13;6;6;1;0;0;2;1;0;3
77156;Darvault;11;77;0;0;0;0;0;0;0;0;0;0;0;0;0;0;0;0;0;0;0;0;1;0;0;0;3;2;1;2;2;0;1;0;0;3;2;0;0
77157;Dhuisy;11;77;0;0;0;0;0;0;0;0;0;0;0;0;0;0;0;0;0;0;0;0;0;0;0;0;1;1;1;0;0;0;0;0;0;0;0;0;0
77158;Diant;11;77;0;0;0;0;0;0;0;0;0;0;0;0;0;0;0;0;0;0;0;0;0;0;0;0;1;1;0;0;1;0;0;0;0;0;0;0;0
77159;Donnemarie-Dontilly;11;77;0;1;0;0;0;0;0;0;0;0;0;0;0;0;0;3;0;1;0;0;2;0;0;1;7;4;3;6;6;3;3;1;0;5;2;2;2
77161;Dormelles;11;77;0;0;0;0;0;0;0;0;0;0;0;0;0;0;0;0;0;0;0;0;1;0;0;0;3;0;1;1;2;0;0;0;0;2;0;0;1
77162;Doue;11;77;0;0;0;0;0;0;0;0;0;0;0;0;0;0;0;0;0;0;0;1;1;0;0;0;2;2;3;6;4;0;0;0;0;1;0;0;0
77163;Douy-la-Ramée;11;77;0;0;0;0;0;0;0;0;0;0;0;0;0;0;0;0;0;0;0;0;0;0;0;0;2;1;0;1;0;0;0;0;0;0;0;0;0
77164;Échouboulains;11;77;0;0;0;0;0;0;0;0;0;0;0;0;0;0;0;0;0;0;0;1;0;0;0;0;0;2;0;0;0;1;1;0;0;1;0;0;1
77165;Les Écrennes;11;77;0;0;0;0;0;0;0;0;0;0;0;0;0;0;0;0;0;0;0;0;1;0;0;0;3;1;0;1;1;0;0;0;0;0;1;0;2
77167;Égligny;11;77;0;0;0;0;0;0;0;0;0;0;0;0;0;0;0;0;0;0;0;0;1;0;0;0;1;1;1;1;0;0;1;0;0;0;1;0;0
77168;Égreville;11;77;0;0;0;0;0;0;0;0;0;0;0;0;0;0;0;1;1;1;0;0;5;1;0;2;10;6;3;4;4;2;3;0;0;7;4;0;1
77169;Émerainville;11;77;0;0;0;0;0;0;0;0;0;0;0;0;0;0;0;0;0;1;0;0;4;1;3;2;6;7;12;20;11;10;7;0;1;18;5;0;3
77171;Esbly;11;77;0;1;0;0;0;0;0;0;0;0;0;0;0;0;0;5;0;1;0;0;7;1;0;6;7;7;6;10;5;6;11;1;0;19;6;1;9
77172;Esmans;11;77;0;0;0;0;0;0;0;0;0;0;0;0;0;0;0;0;0;0;0;0;2;0;0;0;2;2;1;3;2;3;0;0;0;1;0;0;0
77173;Étrépilly;11;77;0;0;0;0;0;0;0;0;0;0;0;0;0;0;0;0;0;1;0;0;1;0;0;0;2;0;3;2;0;0;1;0;0;1;1;0;0
77174;Everly;11;77;0;0;0;0;0;0;0;0;0;0;0;0;0;0;0;0;0;0;0;1;0;0;0;0;0;1;1;2;0;0;0;0;0;1;0;0;1
77175;Évry-Grégy-sur-Yerre;11;77;0;0;0;0;0;0;0;0;0;0;0;0;0;0;0;0;0;0;0;1;3;0;0;0;6;2;7;9;4;1;1;0;0;1;2;0;0
77176;Faremoutiers;11;77;0;0;0;0;0;0;0;0;0;0;0;0;0;0;0;2;0;1;0;0;11;1;0;1;6;5;4;10;11;0;5;2;1;5;3;1;2
77177;Favières;11;77;0;0;0;0;0;0;0;0;0;0;0;0;0;0;0;0;0;0;0;0;5;0;0;0;2;1;5;1;4;2;1;0;0;0;2;0;0
77178;Faÿ-lès-Nemours;11;77;0;0;0;0;0;0;0;0;0;0;0;0;0;0;0;0;0;0;0;0;0;0;0;0;3;0;0;3;0;1;0;1;0;0;0;0;1
77179;Féricy;11;77;0;0;0;0;0;0;0;0;0;0;0;0;0;0;0;0;0;0;0;1;0;0;0;0;1;0;0;2;1;0;0;0;0;2;0;0;1
77180;Férolles-Attilly;11;77;0;0;0;0;0;0;0;0;0;0;0;0;0;0;0;0;0;0;0;0;1;0;0;0;3;0;2;2;5;0;0;1;0;0;1;0;3
77181;Ferrières-en-Brie;11;77;0;0;0;0;0;0;0;0;0;0;0;0;0;0;0;1;0;1;0;0;4;1;1;0;1;2;5;3;6;6;2;2;1;10;2;1;3
77182;La Ferté-Gaucher;11;77;0;1;0;0;0;0;0;0;0;0;1;0;0;0;0;7;3;1;0;0;14;3;0;3;8;4;7;7;7;2;8;4;0;16;6;1;5
77183;La Ferté-sous-Jouarre;11;77;0;1;0;0;0;0;0;0;0;0;1;1;0;0;0;9;2;1;0;0;10;1;0;4;9;11;13;16;12;8;12;2;0;28;10;3;8
77184;Flagy;11;77;0;0;0;0;0;0;0;0;0;0;0;0;0;0;0;0;0;0;0;0;0;0;0;0;0;0;1;0;2;0;1;0;0;0;0;0;1
77185;Fleury-en-Bière;11;77;0;0;0;0;0;0;0;0;0;0;0;0;0;0;0;0;2;0;0;1;1;0;0;0;2;2;0;2;1;0;0;0;0;0;1;1;1
77186;Fontainebleau;11;77;1;1;0;1;1;1;0;0;0;0;5;0;0;0;0;13;2;2;0;0;8;2;4;9;10;18;20;17;23;11;25;6;5;102;40;5;24
77187;Fontaine-Fourches;11;77;0;0;0;0;0;0;0;0;0;0;0;0;0;0;0;0;0;0;0;1;0;0;0;0;3;3;1;1;0;0;1;0;0;1;0;0;0
77188;Fontaine-le-Port;11;77;0;0;0;0;0;0;0;0;0;0;0;0;0;0;0;0;0;1;0;0;1;0;0;0;0;0;2;1;1;2;0;0;0;0;1;0;1
77190;Fontains;11;77;0;0;0;0;0;0;0;0;0;0;0;0;0;0;0;0;0;0;0;0;0;0;0;0;0;0;0;4;1;0;1;0;0;0;0;0;1
77191;Fontenailles;11;77;0;0;0;0;0;0;0;0;0;0;0;0;0;0;0;0;0;0;0;1;0;0;0;0;1;1;1;2;5;0;1;1;0;0;0;0;1
77192;Fontenay-Trésigny;11;77;0;0;0;0;0;0;0;0;0;0;0;0;0;0;0;3;1;1;0;0;15;2;1;2;14;4;12;18;9;6;11;2;1;19;6;3;3
77193;Forfry;11;77;0;0;0;0;0;0;0;0;0;0;0;0;0;0;0;0;0;0;0;0;0;0;0;0;1;1;0;2;0;0;3;0;0;0;0;0;0
77194;Forges;11;77;0;0;0;0;0;0;0;0;0;0;0;0;0;0;0;0;0;0;0;0;0;0;0;0;0;0;0;0;1;0;0;0;0;0;0;0;0
77195;Fouju;11;77;0;0;0;0;0;0;0;0;0;0;0;0;0;0;0;0;0;0;0;0;1;0;0;0;1;0;0;0;1;0;1;0;0;1;0;0;0
77196;Fresnes-sur-Marne;11;77;0;0;0;0;0;0;0;0;0;0;0;0;0;0;0;0;0;1;0;0;0;0;0;0;1;2;0;2;2;0;0;0;0;2;1;0;0
77197;Frétoy;11;77;0;0;0;0;0;0;0;0;0;0;0;0;0;0;0;0;0;0;0;0;0;0;0;0;0;0;0;1;0;0;0;0;0;0;0;0;0
77198;Fromont;11;77;0;0;0;0;0;0;0;0;0;0;0;0;0;0;0;0;0;0;0;0;0;0;0;0;0;0;0;0;0;0;0;0;0;1;0;0;0
77199;Fublaines;11;77;0;0;0;0;0;0;0;0;0;0;0;0;0;0;0;0;0;0;0;0;0;0;0;0;1;0;4;2;1;0;0;0;0;0;0;0;2
77200;Garentreville;11;77;0;0;0;0;0;0;0;0;0;0;0;0;0;0;0;0;0;0;0;0;0;0;0;0;1;0;0;0;0;0;0;0;0;0;0;0;0
77201;Gastins;11;77;0;0;0;0;0;0;0;0;0;0;0;0;0;0;0;0;0;0;0;1;6;0;0;0;3;2;0;3;1;2;0;0;0;1;0;0;0
77202;La Genevraye;11;77;0;0;0;0;0;0;0;0;0;0;0;0;0;0;0;0;0;0;0;0;0;0;0;0;2;1;3;2;1;1;0;0;0;1;2;0;1
77203;Germigny-l'Évêque;11;77;0;0;0;0;0;0;0;0;0;0;0;0;0;0;0;0;1;0;0;0;0;0;0;1;1;2;3;2;4;4;0;0;0;1;0;0;1
77204;Germigny-sous-Coulombs;11;77;0;0;0;0;0;0;0;0;0;0;0;0;0;0;0;0;0;0;0;0;0;0;0;0;0;1;0;0;1;0;0;0;0;0;0;0;0
77205;Gesvres-le-Chapitre;11;77;0;0;0;0;0;0;0;0;0;0;0;0;0;0;0;0;0;0;0;0;0;0;0;0;1;0;2;0;1;1;0;0;0;0;0;0;0
77206;Giremoutiers;11;77;0;0;0;0;0;0;0;0;0;0;0;0;0;0;0;0;0;0;0;0;0;0;0;0;1;0;1;1;0;0;0;0;0;0;0;0;0
77207;Gironville;11;77;0;0;0;0;0;0;0;0;0;0;0;0;0;0;0;0;0;0;0;0;0;0;0;0;0;0;2;3;0;0;0;0;0;1;0;0;0
77208;Gouaix;11;77;0;1;0;0;0;0;0;0;0;0;0;0;0;0;0;0;1;0;0;1;4;0;0;0;5;2;3;3;5;1;5;0;0;2;0;0;2
77209;Gouvernes;11;77;0;0;0;0;0;0;0;0;0;0;0;0;0;0;0;0;0;0;0;0;0;0;0;0;2;4;2;9;4;5;1;0;0;2;1;0;0
77210;La Grande-Paroisse;11;77;0;0;0;0;0;0;0;0;0;0;0;0;0;0;0;0;0;1;0;0;5;0;0;0;4;3;2;1;4;1;1;0;0;3;1;0;3
77211;Grandpuits-Bailly-Carrois;11;77;0;0;0;0;0;0;0;0;0;0;0;0;0;0;0;0;0;0;0;0;0;0;0;1;1;0;2;2;0;0;1;0;0;0;0;0;1
77212;Gravon;11;77;0;0;0;0;0;0;0;0;0;0;0;0;0;0;0;0;0;0;0;0;0;0;0;0;0;0;0;0;0;0;0;0;0;1;0;0;0
77214;Gressy;11;77;0;0;0;0;0;0;0;0;0;0;0;0;0;0;0;0;0;0;0;0;0;0;0;0;0;1;0;2;0;0;0;0;0;1;2;0;1
77215;Gretz-Armainvilliers;11;77;0;0;0;0;0;0;0;0;0;0;0;0;0;0;0;6;0;1;0;0;23;1;0;2;21;12;12;18;20;11;8;1;5;19;6;4;6
77216;Grez-sur-Loing;11;77;0;0;0;0;0;0;0;0;0;0;0;0;0;0;0;0;0;1;0;0;3;0;0;0;5;1;3;2;5;2;3;0;0;2;1;0;0
77217;Grisy-Suisnes;11;77;0;0;0;0;0;0;0;0;0;0;0;0;0;0;0;0;1;1;0;0;11;0;0;0;1;2;7;13;5;3;3;1;0;2;0;0;4
77218;Grisy-sur-Seine;11;77;0;0;0;0;0;0;0;0;0;0;0;0;0;0;0;0;0;0;0;0;1;0;0;0;3;0;0;0;0;0;0;0;0;0;0;0;0
77219;Guérard;11;77;0;0;0;0;0;0;0;0;0;0;0;0;0;0;0;0;0;1;0;0;3;0;0;0;1;2;7;5;5;0;1;0;0;1;5;0;0
77220;Guercheville;11;77;0;0;0;0;0;0;0;0;0;0;0;0;0;0;0;0;0;0;0;0;0;0;0;0;1;1;1;0;0;0;0;1;0;0;0;0;0
77221;Guermantes;11;77;0;0;0;0;0;0;0;0;0;0;0;0;0;0;0;0;0;0;0;0;0;0;0;0;1;2;1;2;1;7;0;0;0;2;3;0;1
77222;Guignes;11;77;0;0;0;0;0;0;0;0;0;0;1;0;0;0;0;2;0;1;0;0;12;0;1;1;4;3;4;7;6;3;3;1;0;3;6;0;4
77223;Gurcy-le-Châtel;11;77;0;0;0;0;0;0;0;0;0;0;0;0;0;0;0;0;0;0;0;0;0;0;0;0;1;0;0;0;1;0;0;0;0;1;0;0;1
77224;Hautefeuille;11;77;0;0;0;0;0;0;0;0;0;0;0;0;0;0;0;0;0;0;0;0;0;0;0;0;0;0;0;1;1;1;0;0;0;0;0;0;1
77225;La Haute-Maison;11;77;0;0;0;0;0;0;0;0;0;0;0;0;0;0;0;0;0;0;0;0;0;0;0;0;0;0;0;0;0;0;0;0;0;1;0;0;0
77226;Héricy;11;77;0;0;0;0;0;0;0;0;0;0;0;0;0;0;0;0;0;1;0;0;0;0;0;1;7;3;2;7;4;5;3;0;0;0;6;0;2
77227;Hermé;11;77;0;0;0;0;0;0;0;0;0;0;0;0;0;0;0;0;0;0;0;1;0;0;0;0;2;0;0;2;1;0;0;0;0;1;0;0;0
77228;Hondevilliers;11;77;0;0;0;0;0;0;0;0;0;0;0;0;0;0;0;0;0;0;0;0;0;0;0;0;0;0;1;0;0;0;0;0;0;0;0;0;1
77229;La Houssaye-en-Brie;11;77;0;0;0;0;0;0;0;0;0;0;0;0;0;0;0;0;0;1;0;0;2;0;0;0;6;2;7;3;4;2;0;0;0;1;0;0;3
77230;Ichy;11;77;0;0;0;0;0;0;0;0;0;0;0;0;0;0;0;0;0;0;0;0;0;0;0;0;1;0;0;1;4;0;0;0;0;0;0;0;0
77231;Isles-les-Meldeuses;11;77;0;0;0;0;0;0;0;0;0;0;0;0;0;0;0;0;0;1;0;0;0;0;0;0;1;4;0;4;3;0;2;0;0;1;0;0;2
77232;Isles-lès-Villenoy;11;77;0;0;0;0;0;0;0;0;0;0;0;0;0;0;0;0;0;0;0;0;0;0;1;1;1;0;4;5;0;1;0;0;0;0;1;0;0
77233;Iverny;11;77;0;0;0;0;0;0;0;0;0;0;0;0;0;0;0;0;0;0;0;0;1;0;0;0;3;1;1;1;1;0;0;0;0;1;0;0;0
77234;Jablines;11;77;0;0;0;0;0;0;0;0;0;0;0;0;0;0;0;0;0;0;0;0;0;0;0;0;1;1;1;1;1;0;0;0;0;2;3;0;0
77235;Jaignes;11;77;0;0;0;0;0;0;0;0;0;0;0;0;0;0;0;0;0;0;0;0;0;0;0;0;0;0;0;1;1;0;0;0;0;0;0;0;0
77236;Jaulnes;11;77;0;0;0;0;0;0;0;0;0;0;0;0;0;0;0;0;0;0;0;0;0;0;0;0;1;1;1;1;1;0;0;0;0;0;0;0;0
77237;Jossigny;11;77;0;0;0;0;0;0;0;0;0;0;0;0;0;0;0;0;1;0;0;0;2;0;0;0;3;2;1;2;2;3;0;0;0;2;0;0;1
77238;Jouarre;11;77;0;0;0;0;0;0;0;0;0;0;0;0;0;0;0;0;0;1;0;0;3;0;0;1;8;5;7;11;5;5;6;0;0;5;5;1;3
77239;Jouy-le-Châtel;11;77;0;1;0;0;0;0;0;0;0;0;0;0;0;0;0;1;0;1;0;0;2;0;0;1;3;3;4;9;3;0;2;0;0;5;1;0;1
77240;Jouy-sur-Morin;11;77;0;0;0;0;0;0;0;0;0;0;0;0;0;0;0;0;0;1;0;0;8;0;0;0;5;3;2;7;4;1;2;0;0;2;1;0;0
77241;Juilly;11;77;0;0;0;0;0;0;0;0;0;0;0;0;0;0;0;0;0;1;0;0;2;0;0;0;2;1;2;2;3;2;2;0;0;0;0;0;1
77242;Jutigny;11;77;0;0;0;0;0;0;0;0;0;0;0;0;0;0;0;0;0;0;0;0;0;0;1;0;2;0;0;0;0;0;0;0;0;1;0;0;0
77243;Lagny-sur-Marne;11;77;1;0;0;0;1;0;0;0;0;0;3;1;0;0;0;14;6;1;0;0;28;2;2;6;23;22;26;33;37;29;26;4;6;57;37;7;30
77244;Larchant;11;77;0;0;0;0;0;0;0;0;0;0;0;0;0;0;0;0;0;0;0;1;0;0;0;0;1;0;0;6;0;2;0;1;0;4;3;0;0
77245;Laval-en-Brie;11;77;0;0;0;0;0;0;0;0;0;0;0;0;0;0;0;0;0;0;0;0;0;0;0;0;2;1;2;2;0;1;1;0;0;0;0;0;0
77246;Léchelle;11;77;0;0;0;0;0;0;0;0;0;0;0;0;0;0;0;0;0;0;0;0;2;0;0;0;1;1;1;2;0;0;0;0;0;1;0;0;0
77247;Lescherolles;11;77;0;0;0;0;0;0;0;0;0;0;0;0;0;0;0;0;0;0;0;0;0;0;0;0;0;1;3;3;0;0;0;0;0;2;0;0;0
77248;Lesches;11;77;0;0;0;0;0;0;0;0;0;0;0;0;0;0;0;0;0;0;0;0;0;0;0;0;0;0;1;5;2;0;0;0;0;0;0;1;1
77249;Lésigny;11;77;0;0;0;0;0;0;0;0;0;0;0;0;0;0;0;6;0;1;0;0;2;1;1;2;4;2;6;12;6;8;6;2;0;14;10;1;8
77250;Leudon-en-Brie;11;77;0;0;0;0;0;0;0;0;0;0;0;0;0;0;0;0;0;0;0;0;0;0;0;0;0;0;0;0;0;1;0;0;0;0;0;0;0
77251;Lieusaint;11;77;0;0;0;0;0;0;0;1;0;0;4;0;0;0;0;9;0;1;0;0;15;0;2;4;11;10;9;10;13;10;11;1;15;47;17;1;13
77252;Limoges-Fourches;11;77;0;0;0;0;0;0;0;0;0;0;0;0;0;0;0;0;0;0;0;0;2;0;0;0;5;2;3;1;2;5;0;0;0;0;2;0;0
77253;Lissy;11;77;0;0;0;0;0;0;0;0;0;0;0;0;0;0;0;0;0;0;0;0;0;0;0;0;0;0;0;0;0;1;0;0;0;1;0;0;0
77254;Liverdy-en-Brie;11;77;0;0;0;0;0;0;0;0;0;0;0;0;0;0;0;0;0;0;0;1;2;0;0;0;1;0;0;3;3;1;1;0;0;2;1;0;0
77255;Livry-sur-Seine;11;77;0;0;0;0;0;0;0;0;0;0;0;0;0;0;0;0;0;0;1;0;1;0;0;0;1;5;3;5;1;1;1;0;0;1;2;0;0
77256;Lizines;11;77;0;0;0;0;0;0;0;0;0;0;0;0;0;0;0;0;0;0;0;0;1;0;0;0;0;0;0;0;0;0;0;0;0;0;0;0;0
77257;Lizy-sur-Ourcq;11;77;0;1;0;0;0;0;0;0;0;0;1;0;0;0;0;5;1;1;0;0;9;1;0;2;3;6;10;12;9;3;6;0;0;10;4;1;2
77258;Lognes;11;77;0;0;0;0;0;0;0;0;0;0;0;0;0;0;0;7;1;1;0;0;5;1;2;16;11;7;10;16;13;6;5;4;1;33;11;0;8
77259;Longperrier;11;77;0;0;0;0;0;0;0;0;0;0;0;0;0;0;0;0;0;0;0;0;5;0;0;0;2;3;3;4;4;1;4;0;0;1;1;2;3
77260;Longueville;11;77;0;0;0;0;0;0;0;0;0;0;0;0;0;0;0;0;0;1;0;0;1;0;0;0;2;0;1;1;1;0;3;0;0;0;0;0;1
77261;Lorrez-le-Bocage-Préaux;11;77;0;1;0;0;0;0;0;0;0;0;0;0;0;0;0;2;0;1;0;0;3;0;0;0;3;1;1;3;2;0;2;1;0;3;2;0;1
77262;Louan-Villegruis-Fontaine;11;77;0;0;0;0;0;0;0;0;0;0;0;0;0;0;0;0;0;0;0;0;2;0;0;0;2;0;1;2;2;1;2;0;0;1;1;0;0
77263;Luisetaines;11;77;0;0;0;0;0;0;0;0;0;0;0;0;0;0;0;0;0;0;0;0;1;0;0;0;2;0;1;0;1;0;1;0;0;2;0;0;0
77264;Lumigny-Nesles-Ormeaux;11;77;0;0;0;0;0;0;0;0;0;0;0;0;0;0;0;0;0;0;0;0;1;0;0;0;1;1;1;6;3;4;1;0;0;2;1;0;2
77265;Luzancy;11;77;0;0;0;0;0;0;0;0;0;0;0;0;0;0;0;0;0;1;0;0;1;0;0;0;2;2;1;3;0;5;1;0;0;0;2;0;2
77266;Machault;11;77;0;0;0;0;0;0;0;0;0;0;0;0;0;0;0;0;0;0;0;0;2;0;0;0;3;0;2;2;1;2;1;0;0;1;2;0;0
77267;La Madeleine-sur-Loing;11;77;0;0;0;0;0;0;0;0;0;0;0;0;0;0;0;0;0;0;0;0;0;0;0;0;4;1;0;0;1;0;0;0;0;0;3;0;0
77268;Magny-le-Hongre;11;77;0;0;0;0;0;0;0;0;0;0;1;0;0;0;0;4;0;1;0;0;2;0;2;2;1;5;2;7;6;4;6;1;0;12;14;1;14
77269;Maincy;11;77;0;0;0;0;0;0;0;0;0;0;0;0;0;0;0;0;0;1;0;0;1;0;0;0;1;2;3;2;3;2;1;0;0;3;1;0;1
77270;Maisoncelles-en-Brie;11;77;0;0;0;0;0;0;0;0;0;0;0;0;0;0;0;0;0;0;0;0;1;0;0;0;3;0;4;2;3;1;0;0;0;2;1;0;0
77271;Maisoncelles-en-Gâtinais;11;77;0;0;0;0;0;0;0;0;0;0;0;0;0;0;0;0;0;0;0;0;0;0;0;0;2;0;0;0;0;0;0;0;0;0;0;0;2
77272;Maison-Rouge;11;77;0;0;0;0;0;0;0;0;0;0;0;0;0;0;0;0;0;0;1;0;5;0;0;0;6;2;2;1;2;1;0;0;0;2;1;0;0
77273;Marchémoret;11;77;0;0;0;0;0;0;0;0;0;0;0;0;0;0;0;0;0;0;0;0;1;0;0;0;0;0;0;0;0;0;0;0;0;0;0;0;1
77274;Marcilly;11;77;0;0;0;0;0;0;0;0;0;0;0;0;0;0;0;0;0;0;0;0;0;0;0;0;0;1;0;0;0;0;0;0;0;0;0;0;0
77275;Les Marêts;11;77;0;0;0;0;0;0;0;0;0;0;0;0;0;0;0;0;0;0;0;0;1;0;0;0;0;0;0;0;0;0;0;0;0;0;0;0;0
77276;Mareuil-lès-Meaux;11;77;0;0;0;0;0;0;0;0;0;0;0;0;0;0;0;0;2;0;0;0;16;3;0;0;9;6;9;12;5;17;2;0;1;12;1;3;2
77277;Marles-en-Brie;11;77;0;0;0;0;0;0;0;0;0;0;0;0;0;0;0;0;0;0;0;1;3;0;0;0;3;2;6;8;2;2;1;0;0;0;0;0;2
77278;Marolles-en-Brie;11;77;0;0;0;0;0;0;0;0;0;0;0;0;0;0;0;0;0;0;0;0;0;0;0;0;0;0;0;0;1;0;0;0;0;0;0;0;0
77279;Marolles-sur-Seine;11;77;0;0;0;0;0;0;0;0;0;0;0;0;0;0;0;0;0;1;0;0;0;0;0;1;1;0;4;2;3;1;1;0;0;2;0;0;1
77280;Mary-sur-Marne;11;77;0;0;0;0;0;0;0;0;0;0;0;0;0;0;0;0;0;0;0;0;0;0;0;0;1;3;2;5;1;0;0;1;0;2;0;0;0
77281;Mauperthuis;11;77;0;0;0;0;0;0;0;0;0;0;0;0;0;0;0;0;0;0;0;0;3;0;0;0;0;0;1;2;0;0;0;1;0;1;2;0;0
77282;Mauregard;11;77;0;0;0;0;0;0;0;0;0;0;0;0;0;0;0;23;0;1;0;0;0;0;7;0;0;1;0;0;2;1;0;0;0;4;1;0;0
77283;May-en-Multien;11;77;0;0;0;0;0;0;0;0;0;0;0;0;0;0;0;0;0;0;0;1;4;0;0;0;0;1;2;0;2;1;1;0;0;1;0;0;1
77284;Meaux;11;77;1;1;0;1;1;1;1;0;0;0;10;1;0;1;0;32;10;3;0;0;74;7;8;12;72;96;56;85;69;53;74;8;16;199;42;14;40
77285;Le Mée-sur-Seine;11;77;0;0;0;0;0;0;0;0;0;0;0;0;0;0;0;7;2;2;0;0;14;0;1;4;25;16;15;21;17;7;19;1;1;37;11;3;9
77286;Meigneux;11;77;0;0;0;0;0;0;0;0;0;0;0;0;0;0;0;0;0;0;0;0;0;0;0;0;0;0;1;0;0;0;0;0;0;0;0;0;0
77287;Meilleray;11;77;0;0;0;0;0;0;0;0;0;0;0;0;0;0;0;0;0;0;0;0;2;0;0;0;1;1;2;4;1;0;1;0;0;3;0;0;0
77288;Melun;11;77;3;1;0;1;1;1;1;0;0;0;15;0;0;0;0;37;5;4;0;0;29;1;10;18;77;53;44;54;74;43;69;4;24;162;57;6;49
77289;Melz-sur-Seine;11;77;0;0;0;0;0;0;0;0;0;0;0;0;0;0;0;0;0;0;0;0;1;0;0;0;1;0;0;0;1;0;1;0;0;0;1;0;0
77290;Méry-sur-Marne;11;77;0;0;0;0;0;0;0;0;0;0;0;0;0;0;0;0;0;0;0;0;2;0;0;0;0;1;0;2;2;1;1;0;0;1;0;0;0
77291;Le Mesnil-Amelot;11;77;0;0;0;0;0;0;0;0;0;0;0;0;0;0;0;0;0;1;0;0;3;0;2;0;2;1;0;2;1;1;2;0;2;11;0;0;0
77292;Messy;11;77;0;0;0;0;0;0;0;0;0;0;0;0;0;0;0;0;0;1;0;0;2;0;0;0;2;1;2;1;0;0;0;0;0;1;0;0;0
77293;Misy-sur-Yonne;11;77;0;0;0;0;0;0;0;0;0;0;0;0;0;0;0;0;0;0;0;1;1;0;1;0;2;1;0;3;2;0;3;0;0;2;0;0;2
77294;Mitry-Mory;11;77;1;0;0;0;0;0;0;0;0;0;0;1;0;0;0;8;1;2;0;0;25;4;2;6;46;29;27;54;40;27;26;2;6;52;16;4;17
77295;Moisenay;11;77;0;0;0;0;0;0;0;0;0;0;0;0;0;0;0;0;0;0;0;1;1;0;0;0;2;3;1;2;0;1;2;0;0;0;0;0;3
77296;Moissy-Cramayel;11;77;1;0;0;0;0;0;0;0;0;0;0;0;0;0;0;6;1;1;0;0;18;3;0;3;26;18;21;29;26;20;17;2;8;27;12;4;9
77297;Mondreville;11;77;0;0;0;0;0;0;0;0;0;0;0;0;0;0;0;0;0;0;0;0;1;0;0;1;0;1;1;0;2;0;0;0;0;0;0;0;0
77298;Mons-en-Montois;11;77;0;0;0;0;0;0;0;0;0;0;0;0;0;0;0;0;0;0;0;0;1;0;0;0;0;1;0;0;0;0;2;0;0;0;0;0;1
77300;Montceaux-lès-Meaux;11;77;0;0;0;0;0;0;0;0;0;0;0;0;0;0;0;0;0;0;0;0;0;0;0;0;6;0;0;2;3;0;0;0;0;1;0;0;2
77301;Montceaux-lès-Provins;11;77;0;0;0;0;0;0;0;0;0;0;0;0;0;0;0;0;0;0;0;1;2;0;0;0;0;0;2;0;1;0;0;0;0;0;0;0;1
77302;Montcourt-Fromonville;11;77;0;0;0;0;0;0;0;0;0;0;0;0;0;0;0;0;0;0;1;0;1;0;0;1;4;3;1;3;1;1;1;0;0;3;1;0;2
77303;Montdauphin;11;77;0;0;0;0;0;0;0;0;0;0;0;0;0;0;0;0;0;0;0;0;0;0;0;1;1;0;1;0;0;0;0;1;0;0;0;0;0
77304;Montenils;11;77;0;0;0;0;0;0;0;0;0;0;0;0;0;0;0;0;0;0;0;0;1;0;0;0;0;0;0;0;0;0;0;0;0;1;0;0;0
77305;Montereau-Fault-Yonne;11;77;1;0;0;0;0;0;0;0;0;0;3;1;0;0;0;15;5;2;0;0;28;3;3;5;38;19;25;25;28;28;33;5;5;88;14;8;14
77306;Montereau-sur-le-Jard;11;77;0;0;0;0;0;0;0;0;0;0;0;0;0;0;0;0;0;0;0;0;1;0;0;0;4;0;0;2;1;3;0;0;0;1;0;0;0
77307;Montévrain;11;77;0;0;0;0;0;0;0;0;0;0;0;0;0;0;0;3;1;1;0;0;12;1;2;3;6;8;8;17;6;6;10;2;0;26;10;1;13
77308;Montgé-en-Goële;11;77;0;0;0;0;0;0;0;0;0;0;0;0;0;0;0;0;0;0;0;0;0;0;0;0;0;1;0;3;2;0;0;0;0;2;0;0;1
77309;Monthyon;11;77;0;0;0;0;0;0;0;0;0;0;0;0;0;0;0;0;0;1;0;0;3;0;0;0;2;4;5;3;4;7;2;0;0;1;1;0;1
77310;Montigny-le-Guesdier;11;77;0;0;0;0;0;0;0;0;0;0;0;0;0;0;0;0;0;0;0;0;0;0;0;0;0;0;1;2;0;0;0;0;0;0;0;0;0
77311;Montigny-Lencoup;11;77;0;0;0;0;0;0;0;0;0;0;0;0;0;0;0;0;0;0;0;1;0;0;0;0;3;1;2;3;0;0;1;0;0;2;0;0;0
77312;Montigny-sur-Loing;11;77;0;0;0;0;0;0;0;0;0;0;0;0;0;0;0;2;0;1;0;0;4;0;0;1;11;3;7;5;5;4;2;0;0;2;7;0;2
77313;Montmachoux;11;77;0;0;0;0;0;0;0;0;0;0;0;0;0;0;0;0;0;0;0;0;0;0;0;0;0;0;0;1;1;0;0;0;0;0;1;0;0
77314;Montolivet;11;77;0;0;0;0;0;0;0;0;0;0;0;0;0;0;0;0;0;0;0;0;0;0;0;0;0;1;1;1;0;0;0;0;0;0;0;0;0
77315;Montry;11;77;0;0;0;0;0;0;0;0;0;0;0;0;0;0;0;0;0;0;0;1;3;0;1;0;7;5;8;13;6;4;1;0;0;7;4;0;4
77316;Moret Loing et Orvanne;11;77;1;0;0;0;0;0;0;0;0;0;1;0;0;0;0;8;1;1;0;0;10;1;1;1;19;12;19;17;7;6;14;1;0;26;10;1;4
77317;Mormant;11;77;0;1;0;0;0;0;0;0;0;0;0;0;0;0;0;4;0;1;0;0;4;0;0;2;4;3;3;10;3;2;9;1;1;10;4;1;3
77318;Mortcerf;11;77;0;1;0;0;0;0;0;0;0;0;0;0;0;0;0;0;0;1;0;0;2;0;0;0;3;2;2;2;4;1;3;0;0;3;2;0;0
77319;Mortery;11;77;0;0;0;0;0;0;0;0;0;0;0;0;0;0;0;0;0;0;0;0;0;0;0;0;2;0;1;0;0;1;0;0;0;1;0;0;0
77320;Mouroux;11;77;0;0;0;0;0;0;0;0;0;0;0;0;0;0;0;0;1;1;0;0;9;1;0;6;14;7;11;21;4;4;8;1;0;14;5;0;5
77321;Mousseaux-lès-Bray;11;77;0;0;0;0;0;0;0;0;0;0;0;0;0;0;0;0;0;0;0;0;3;0;0;0;2;1;0;1;0;0;0;4;0;0;0;0;0
77322;Moussy-le-Neuf;11;77;0;0;0;0;0;0;0;0;0;0;0;0;0;0;0;0;0;1;0;0;7;0;0;1;2;3;3;2;1;3;1;0;1;8;4;0;2
77323;Moussy-le-Vieux;11;77;0;0;0;0;0;0;0;0;0;0;0;0;0;0;0;0;0;0;0;1;3;0;0;0;0;1;1;1;0;1;1;0;0;1;0;0;1
77325;Mouy-sur-Seine;11;77;0;0;0;0;0;0;0;0;0;0;0;0;0;0;0;0;0;0;0;0;2;0;0;0;0;0;2;4;1;0;0;0;0;0;0;0;0
77326;Nandy;11;77;0;0;0;0;0;0;0;0;0;0;0;0;0;0;0;0;0;1;1;0;2;0;0;1;4;7;4;4;4;2;6;1;0;6;2;0;2
77327;Nangis;11;77;0;1;0;0;0;0;0;0;0;0;1;0;0;0;0;10;0;1;0;0;20;3;1;5;12;8;6;7;11;5;12;1;1;25;11;3;7
77328;Nanteau-sur-Essonne;11;77;0;0;0;0;0;0;0;0;0;0;0;0;0;0;0;0;0;0;0;0;1;0;0;0;0;0;0;0;0;0;0;0;0;1;0;0;1
77329;Nanteau-sur-Lunain;11;77;0;0;0;0;0;0;0;0;0;0;0;0;0;0;0;0;0;0;0;0;1;0;0;1;2;0;0;0;0;0;0;0;0;1;1;0;1
77330;Nanteuil-lès-Meaux;11;77;0;0;0;0;0;0;0;0;0;0;0;0;0;0;0;0;0;1;0;0;9;0;0;1;16;13;9;11;4;4;5;3;0;12;3;2;5
77331;Nanteuil-sur-Marne;11;77;0;0;0;0;0;0;0;0;0;0;0;0;0;0;0;0;0;0;0;0;0;0;0;0;1;0;1;2;2;0;1;0;0;0;0;0;0
77332;Nantouillet;11;77;0;0;0;0;0;0;0;0;0;0;0;0;0;0;0;0;0;0;0;0;2;0;0;0;3;0;0;0;1;1;0;0;0;1;0;0;0
77333;Nemours;11;77;1;0;0;0;0;0;0;0;0;0;2;1;0;0;0;11;6;1;0;0;26;4;0;5;19;6;14;19;21;6;28;2;4;43;26;4;10
77335;Chauconin-Neufmontiers;11;77;0;0;0;0;0;0;0;0;0;0;0;0;0;0;0;0;0;0;0;0;5;1;0;1;1;1;1;5;1;1;5;0;0;14;0;2;3
77336;Neufmoutiers-en-Brie;11;77;0;0;0;0;0;0;0;0;0;0;0;0;0;0;0;0;0;0;0;0;1;0;0;0;0;0;1;0;3;1;0;0;0;1;1;0;0
77337;Noisiel;11;77;1;0;0;0;0;0;0;0;1;0;1;0;0;1;0;9;0;2;0;0;7;1;5;6;9;16;8;19;13;19;13;2;1;27;5;3;5
77338;Noisy-Rudignon;11;77;0;0;0;0;0;0;0;0;0;0;0;0;0;0;0;0;0;0;0;0;1;0;0;0;0;0;0;1;1;0;0;0;0;0;2;0;0
77339;Noisy-sur-École;11;77;0;0;0;0;0;0;0;0;0;0;0;0;0;0;0;0;0;0;0;0;1;0;0;0;0;2;0;2;1;4;0;0;0;2;2;0;1
77340;Nonville;11;77;0;0;0;0;0;0;0;0;0;0;0;0;0;0;0;0;0;0;0;0;0;0;0;0;1;3;1;0;3;2;0;0;0;0;1;0;0
77341;Noyen-sur-Seine;11;77;0;0;0;0;0;0;0;0;0;0;0;0;0;0;0;0;0;0;0;0;0;0;0;0;2;0;1;0;0;0;0;0;0;0;1;0;0
77342;Obsonville;11;77;0;0;0;0;0;0;0;0;0;0;0;0;0;0;0;0;0;0;0;0;1;0;0;0;0;0;0;0;0;0;0;0;0;0;0;0;0
77343;Ocquerre;11;77;0;0;0;0;0;0;0;0;0;0;0;0;0;0;0;0;0;0;0;0;1;0;0;0;3;1;0;1;1;0;2;1;0;0;1;0;0
77344;Oissery;11;77;0;0;0;0;0;0;0;0;0;0;0;0;0;0;0;0;1;0;0;0;2;0;0;1;1;1;1;1;3;4;1;0;0;0;0;0;2
77345;Orly-sur-Morin;11;77;0;0;0;0;0;0;0;0;0;0;0;0;0;0;0;0;0;0;0;1;0;0;0;0;0;2;3;1;2;0;2;0;0;1;0;0;0
77347;Les Ormes-sur-Voulzie;11;77;0;0;0;0;0;0;0;0;0;0;0;0;0;0;0;0;0;0;0;1;0;0;0;0;3;1;1;1;3;0;1;0;0;1;0;0;0
77348;Ormesson;11;77;0;0;0;0;0;0;0;0;0;0;0;0;0;0;0;0;0;0;0;0;1;0;0;0;1;1;1;2;0;0;0;0;0;0;1;0;2
77349;Othis;11;77;0;0;0;0;0;0;0;0;0;0;0;0;0;0;0;4;0;1;0;0;6;0;1;2;4;2;4;8;4;2;8;1;0;9;4;1;5
77350;Ozoir-la-Ferrière;11;77;0;0;0;0;0;0;0;0;0;0;0;0;0;0;0;10;2;1;1;0;37;2;0;5;40;39;41;40;42;37;20;3;0;42;20;5;13
77352;Ozouer-le-Voulgis;11;77;0;0;0;0;0;0;0;0;0;0;0;0;0;0;0;0;0;1;0;0;2;1;0;0;5;0;0;3;4;2;2;0;0;1;3;0;1
77353;Paley;11;77;0;0;0;0;0;0;0;0;0;0;0;0;0;0;0;0;0;0;0;0;3;0;0;0;1;0;1;1;0;0;0;1;0;0;0;0;1
77354;Pamfou;11;77;0;0;0;0;0;0;0;0;0;0;0;0;0;0;0;0;0;0;0;0;2;0;0;0;4;1;3;3;3;1;4;0;0;0;1;0;0
77355;Paroy;11;77;0;0;0;0;0;0;0;0;0;0;0;0;0;0;0;0;0;0;0;0;0;0;0;0;0;0;0;1;0;1;0;0;0;0;0;0;0
77356;Passy-sur-Seine;11;77;0;0;0;0;0;0;0;0;0;0;0;0;0;0;0;0;0;0;0;0;0;0;0;0;0;0;0;0;0;0;0;0;0;0;0;0;0
77357;Pécy;11;77;0;0;0;0;0;0;0;0;0;0;0;0;0;0;0;0;0;0;0;0;2;0;0;0;2;6;1;2;1;1;0;0;0;0;0;0;0
77358;Penchard;11;77;0;0;0;0;0;0;0;0;0;0;0;0;0;0;0;0;1;0;0;0;2;0;0;0;1;3;0;1;4;1;1;0;0;2;1;0;1
77359;Perthes;11;77;0;0;0;0;0;0;0;0;0;0;0;0;0;0;0;0;0;1;0;0;1;0;0;0;4;3;2;6;5;1;2;0;0;1;5;0;0
77360;Pézarches;11;77;0;0;0;0;0;0;0;0;0;0;0;0;0;0;0;0;0;0;0;0;2;0;0;0;0;0;1;2;0;0;0;0;0;0;0;0;1
77361;Pierre-Levée;11;77;0;0;0;0;0;0;0;0;0;0;0;0;0;0;0;0;0;0;0;1;3;0;0;0;0;0;0;4;2;1;1;0;0;0;0;0;1
77363;Le Pin;11;77;0;0;0;0;0;0;0;0;0;0;0;0;0;0;0;0;1;1;0;0;5;0;0;1;1;5;10;10;4;2;1;0;0;2;0;1;2
77364;Le Plessis-aux-Bois;11;77;0;0;0;0;0;0;0;0;0;0;0;0;0;0;0;0;0;0;0;0;0;0;0;0;0;0;0;0;0;1;0;0;0;0;0;0;0
77365;Le Plessis-Feu-Aussoux;11;77;0;0;0;0;0;0;0;0;0;0;0;0;0;0;0;0;0;0;0;0;3;0;0;0;1;0;1;2;2;0;1;0;0;0;0;0;0
77366;Le Plessis-l'Évêque;11;77;0;0;0;0;0;0;0;0;0;0;0;0;0;0;0;0;0;0;0;0;0;0;0;0;1;0;1;0;0;0;0;0;0;0;0;0;0
77367;Le Plessis-Placy;11;77;0;0;0;0;0;0;0;0;0;0;0;0;0;0;0;0;0;0;0;0;0;0;0;0;0;1;0;0;1;2;0;0;0;0;0;0;0
77368;Poigny;11;77;0;0;0;0;0;0;0;0;0;0;0;0;0;0;0;0;0;0;0;0;1;0;0;0;2;0;0;0;1;0;0;0;0;1;0;0;0
77369;Poincy;11;77;0;0;0;0;0;0;0;0;0;0;0;0;0;0;0;0;0;0;0;0;7;0;0;0;0;1;2;0;2;1;0;0;0;0;0;0;0
77370;Poligny;11;77;0;0;0;0;0;0;0;0;0;0;0;0;0;0;0;0;0;0;0;0;2;0;0;0;5;0;0;2;3;1;0;0;0;1;0;0;1
77371;Pommeuse;11;77;0;0;0;0;0;0;0;0;0;0;0;0;0;0;0;0;0;0;0;0;3;0;1;0;6;7;6;7;8;3;1;0;0;4;3;0;2
77372;Pomponne;11;77;0;0;0;0;0;0;0;0;0;0;0;0;0;0;0;0;0;0;0;0;3;0;0;1;2;4;2;7;4;0;2;0;1;4;5;0;2
77373;Pontault-Combault;11;77;1;0;0;0;0;0;0;0;0;0;0;1;0;1;0;20;6;2;0;0;33;3;7;9;92;59;64;93;62;59;51;4;17;81;32;6;38
77374;Pontcarré;11;77;0;0;0;0;0;0;0;0;0;0;0;0;0;0;0;0;0;1;0;0;4;0;0;2;2;0;4;15;3;2;3;0;0;3;2;0;1
77376;Précy-sur-Marne;11;77;0;0;0;0;0;0;0;0;0;0;0;0;0;0;0;0;0;0;0;0;0;0;0;0;0;2;1;2;1;2;0;0;0;1;0;0;1
77377;Presles-en-Brie;11;77;0;0;0;0;0;0;0;0;0;0;0;0;0;0;0;0;0;0;0;1;2;0;1;0;2;1;3;7;3;3;2;0;0;1;0;0;3
77378;Pringy;11;77;0;0;0;0;0;0;0;0;0;0;0;0;0;0;0;0;0;0;0;0;8;1;0;0;8;2;9;9;3;1;3;0;0;6;5;0;3
77379;Provins;11;77;1;1;0;0;0;0;0;0;0;0;5;1;0;0;0;11;5;2;1;1;19;2;2;5;28;8;12;11;9;5;23;2;2;60;14;1;14
77380;Puisieux;11;77;0;0;0;0;0;0;0;0;0;0;0;0;0;0;0;0;0;0;0;0;0;0;0;0;1;0;1;0;0;0;0;0;0;0;0;0;0
77381;Quiers;11;77;0;0;0;0;0;0;0;0;0;0;0;0;0;0;0;0;0;0;0;0;0;0;0;0;2;0;0;0;4;0;0;0;0;0;1;0;0
77382;Quincy-Voisins;11;77;0;0;0;0;0;0;0;0;0;0;0;0;0;0;0;0;0;1;0;0;10;0;0;2;11;14;6;10;9;7;8;0;0;7;10;1;5
77383;Rampillon;11;77;0;0;0;0;0;0;0;0;0;0;0;0;0;0;0;0;0;0;0;0;1;0;0;0;1;1;3;0;2;1;1;0;0;0;3;0;0
77384;Réau;11;77;0;0;0;0;0;0;0;0;0;0;0;0;0;0;0;0;0;0;0;0;0;0;0;0;3;3;2;3;3;2;1;0;0;5;1;0;0
77385;Rebais;11;77;0;1;0;0;0;0;0;0;0;0;1;0;0;0;0;4;1;1;0;0;13;1;0;1;5;5;6;5;1;4;3;4;0;7;3;0;1
77386;Recloses;11;77;0;0;0;0;0;0;0;0;0;0;0;0;0;0;0;0;0;0;0;0;0;0;0;0;0;3;1;1;0;1;0;0;0;1;1;0;0
77387;Remauville;11;77;0;0;0;0;0;0;0;0;0;0;0;0;0;0;0;0;0;0;0;0;0;0;0;0;1;1;0;0;3;1;1;0;0;0;0;0;0
77388;Reuil-en-Brie;11;77;0;0;0;0;0;0;0;0;0;0;0;0;0;0;0;0;0;0;0;0;1;0;0;0;1;1;2;0;0;1;2;0;0;0;1;0;0
77389;La Rochette;11;77;0;0;0;0;0;0;0;0;0;0;0;0;0;0;0;0;0;1;0;0;6;0;0;0;11;3;8;2;5;2;2;1;0;4;5;0;1
77390;Roissy-en-Brie;11;77;0;0;0;0;0;0;0;0;0;0;3;0;0;0;0;7;3;2;0;0;22;3;2;4;25;27;17;34;24;19;24;3;0;36;13;3;14
77391;Rouilly;11;77;0;0;0;0;0;0;0;0;0;0;0;0;0;0;0;0;0;0;0;0;0;0;0;0;2;1;1;1;2;0;0;0;0;1;0;0;0
77392;Rouvres;11;77;0;0;0;0;0;0;0;0;0;0;0;0;0;0;0;0;0;0;0;0;0;0;0;0;1;0;1;1;1;0;0;0;1;0;0;0;1
77393;Rozay-en-Brie;11;77;0;1;0;0;0;0;0;0;0;0;1;0;1;0;0;6;2;1;0;0;6;0;0;1;7;2;4;3;1;7;6;3;0;12;4;2;3
77394;Rubelles;11;77;0;0;0;0;0;0;0;0;0;0;0;0;0;0;0;3;0;0;0;0;3;0;0;0;4;2;0;5;2;0;2;0;0;5;1;1;1
77395;Rumont;11;77;0;0;0;0;0;0;0;0;0;0;0;0;0;0;0;0;0;0;0;0;0;0;0;0;0;0;0;1;0;0;0;0;0;0;0;0;0
77396;Rupéreux;11;77;0;0;0;0;0;0;0;0;0;0;0;0;0;0;0;0;0;0;0;0;0;0;0;0;0;0;0;0;0;0;1;0;0;0;0;0;0
77397;Saâcy-sur-Marne;11;77;0;0;0;0;0;0;0;0;0;0;0;0;0;0;0;0;0;1;0;0;5;0;0;0;4;2;4;5;2;3;3;0;0;3;1;0;3
77398;Sablonnières;11;77;0;0;0;0;0;0;0;0;0;0;0;0;0;0;0;0;0;0;0;0;2;0;0;0;5;0;2;2;1;1;0;0;0;1;0;0;2
77399;Saint-Ange-le-Viel;11;77;0;0;0;0;0;0;0;0;0;0;0;0;0;0;0;0;0;0;0;0;0;0;0;0;1;0;0;0;0;0;0;0;0;0;0;0;0
77400;Saint-Augustin;11;77;0;0;0;0;0;0;0;0;0;0;0;0;0;0;0;0;0;0;0;1;2;0;0;0;1;5;4;2;3;2;2;0;0;1;1;0;2
77401;Sainte-Aulde;11;77;0;0;0;0;0;0;0;0;0;0;0;0;0;0;0;0;0;0;0;0;1;0;0;0;2;0;0;0;3;0;0;0;0;0;0;0;0
77402;Saint-Barthélemy;11;77;0;0;0;0;0;0;0;0;0;0;0;0;0;0;0;0;0;0;0;0;1;0;0;0;1;0;1;0;1;0;0;0;0;1;0;0;0
77403;Saint-Brice;11;77;0;0;0;0;0;0;0;0;0;0;0;0;0;0;0;0;0;0;0;0;2;0;0;0;2;3;1;1;1;0;1;0;0;1;0;0;0
77404;Sainte-Colombe;11;77;0;0;0;0;0;0;0;0;0;0;0;0;0;0;0;0;0;0;0;0;1;0;0;1;1;1;1;5;1;0;2;1;0;1;1;0;1
77405;Saint-Cyr-sur-Morin;11;77;0;0;0;0;0;0;0;0;0;0;0;0;0;0;0;0;0;1;0;0;5;0;0;0;6;5;4;6;4;2;2;1;0;5;3;1;2
77406;Saint-Denis-lès-Rebais;11;77;0;0;0;0;0;0;0;0;0;0;0;0;0;0;0;0;0;0;0;0;0;0;0;0;4;2;6;0;1;0;0;0;0;0;1;0;1
77407;Saint-Fargeau-Ponthierry;11;77;0;1;0;0;0;0;0;0;0;0;1;0;0;0;0;9;3;1;1;0;11;1;0;4;15;22;15;30;31;12;10;1;0;30;20;2;14
77408;Saint-Fiacre;11;77;0;0;0;0;0;0;0;0;0;0;0;0;0;0;0;0;0;0;0;0;0;0;0;0;1;1;0;2;0;1;0;0;0;0;0;0;0
77409;Saint-Germain-Laval;11;77;0;0;0;0;0;0;0;0;0;0;0;0;0;0;0;0;0;0;0;0;7;0;0;0;1;1;4;4;5;2;3;0;0;6;1;0;1
77410;Saint-Germain-Laxis;11;77;0;0;0;0;0;0;0;0;0;0;0;0;0;0;0;0;0;0;0;0;4;0;0;0;1;1;1;0;4;1;1;0;0;3;0;0;1
77411;Saint-Germain-sous-Doue;11;77;0;0;0;0;0;0;0;0;0;0;0;0;0;0;0;0;0;0;0;0;1;0;0;0;0;0;0;1;3;0;0;0;0;0;0;0;0
77412;Saint-Germain-sur-École;11;77;0;0;0;0;0;0;0;0;0;0;0;0;0;0;0;0;0;0;0;0;0;0;0;0;0;0;0;0;2;0;0;0;0;0;1;0;1
77413;Saint-Germain-sur-Morin;11;77;0;0;0;0;0;0;0;0;0;0;0;0;0;0;0;3;0;0;0;1;3;0;0;1;3;11;4;10;7;2;5;1;0;12;5;1;7
77414;Saint-Hilliers;11;77;0;0;0;0;0;0;0;0;0;0;0;0;0;0;0;0;0;0;0;0;0;0;0;0;1;2;1;1;1;0;0;0;0;0;0;0;0
77415;Saint-Jean-les-Deux-Jumeaux;11;77;0;0;0;0;0;0;0;0;0;0;0;0;0;0;0;0;0;0;0;0;4;0;0;0;1;2;2;2;4;0;2;0;0;3;1;1;0
77416;Saint-Just-en-Brie;11;77;0;0;0;0;0;0;0;0;0;0;0;0;0;0;0;0;0;0;0;0;0;0;0;0;1;1;1;0;3;0;0;0;0;0;0;0;0
77417;Saint-Léger;11;77;0;0;0;0;0;0;0;0;0;0;0;0;0;0;0;0;0;0;0;0;1;0;0;0;0;0;0;0;0;0;0;0;0;0;0;0;0
77418;Saint-Loup-de-Naud;11;77;0;0;0;0;0;0;0;0;0;0;0;0;0;0;0;0;0;0;0;0;1;0;0;0;2;3;0;0;0;1;1;0;0;1;0;0;0
77419;Saint-Mammès;11;77;0;0;0;0;0;0;0;0;0;0;0;0;0;0;0;0;1;1;0;0;3;0;0;3;1;2;6;6;6;2;4;0;0;9;3;1;3
77420;Saint-Mard;11;77;0;0;0;0;0;0;0;0;0;0;0;0;0;0;0;2;0;1;0;0;6;1;1;1;3;4;10;11;6;7;6;0;0;6;3;0;4
77421;Saint-Mars-Vieux-Maisons;11;77;0;0;0;0;0;0;0;0;0;0;0;0;0;0;0;0;0;0;0;0;0;0;0;0;2;0;2;5;0;1;0;0;0;0;0;0;0
77423;Saint-Martin-des-Champs;11;77;0;0;0;0;0;0;0;0;0;0;0;0;0;0;0;0;0;0;0;0;1;0;0;0;2;0;0;1;2;0;3;0;0;0;0;0;0
77424;Saint-Martin-du-Boschet;11;77;0;0;0;0;0;0;0;0;0;0;0;0;0;0;0;0;0;0;0;0;0;0;0;0;0;1;1;2;2;0;0;0;0;0;0;0;0
77425;Saint-Martin-en-Bière;11;77;0;0;0;0;0;0;0;0;0;0;0;0;0;0;0;0;0;0;0;0;1;0;0;0;4;0;2;2;0;0;0;0;0;3;0;0;1
77426;Saint-Méry;11;77;0;0;0;0;0;0;0;0;0;0;0;0;0;0;0;0;0;0;0;0;0;0;0;0;0;0;0;1;0;1;0;0;0;0;0;0;0
77427;Saint-Mesmes;11;77;0;0;0;0;0;0;0;0;0;0;0;0;0;0;0;0;0;0;0;0;1;0;0;0;3;2;1;5;1;0;0;0;0;0;0;0;1
77428;Saint-Ouen-en-Brie;11;77;0;0;0;0;0;0;0;0;0;0;0;0;0;0;0;0;0;0;0;0;0;0;0;0;1;1;1;1;2;1;0;0;0;0;0;0;0
77429;Saint-Ouen-sur-Morin;11;77;0;0;0;0;0;0;0;0;0;0;0;0;0;0;0;0;0;0;0;0;0;0;0;0;0;0;0;0;0;0;0;0;0;1;0;0;0
77430;Saint-Pathus;11;77;0;0;0;0;0;0;0;0;0;0;0;0;0;0;0;2;0;1;0;0;9;0;0;1;1;3;4;12;8;3;6;1;0;11;2;0;4
77431;Saint-Pierre-lès-Nemours;11;77;0;0;0;0;0;0;0;0;0;0;0;0;0;0;0;2;0;1;0;0;6;1;1;1;7;5;6;8;7;3;3;0;0;5;3;0;6
77432;Saint-Rémy-la-Vanne;11;77;0;0;0;0;0;0;0;0;0;0;0;0;0;0;0;0;0;0;0;0;3;0;0;1;1;2;2;7;0;3;1;0;0;0;0;0;0
77433;Saints;11;77;0;0;0;0;0;0;0;0;0;0;0;0;0;0;0;0;0;0;0;0;1;0;0;0;3;3;0;4;2;2;1;0;0;2;0;0;2
77434;Saint-Sauveur-lès-Bray;11;77;0;0;0;0;0;0;0;0;0;0;0;0;0;0;0;0;1;0;0;0;0;0;0;0;0;0;1;0;1;0;0;0;0;1;0;0;0
77435;Saint-Sauveur-sur-École;11;77;0;0;0;0;0;0;0;0;0;0;0;0;0;0;0;0;0;0;0;0;3;0;0;0;4;3;1;4;2;1;0;0;0;1;1;0;0
77436;Saint-Siméon;11;77;0;0;0;0;0;0;0;0;0;0;0;0;0;0;0;0;0;0;1;0;1;0;0;1;0;1;1;0;1;0;0;0;0;1;0;0;1
77437;Saint-Soupplets;11;77;0;1;0;0;0;0;0;0;0;0;0;0;0;0;0;3;2;1;0;0;13;2;0;1;2;5;6;8;2;3;6;0;0;15;3;1;2
77438;Saint-Thibault-des-Vignes;11;77;0;0;0;0;0;0;0;0;0;0;0;0;0;0;0;0;1;1;0;0;10;1;0;0;9;3;6;22;8;7;6;1;0;14;2;1;5
77439;Salins;11;77;0;0;0;0;0;0;0;0;0;0;0;0;0;0;0;0;0;0;0;1;0;0;0;0;0;0;1;1;1;0;0;0;0;4;0;0;2
77440;Sammeron;11;77;0;0;0;0;0;0;0;0;0;0;0;0;0;0;0;0;0;0;0;0;1;0;0;0;0;4;3;1;3;2;0;0;0;3;2;1;2
77441;Samois-sur-Seine;11;77;0;0;0;0;0;0;0;0;0;0;0;0;0;0;0;0;0;1;0;0;3;0;0;0;2;2;4;1;2;0;1;0;0;8;7;0;1
77442;Samoreau;11;77;0;0;0;0;0;0;0;0;0;0;0;0;0;0;0;0;0;0;0;1;12;2;0;0;4;5;1;3;4;2;0;0;0;2;1;0;1
77443;Sancy;11;77;0;0;0;0;0;0;0;0;0;0;0;0;0;0;0;0;0;0;0;0;0;0;0;0;0;1;0;0;1;0;0;0;0;0;0;0;0
77444;Sancy-lès-Provins;11;77;0;0;0;0;0;0;0;0;0;0;0;0;0;0;0;0;0;0;0;0;0;0;0;0;1;0;2;2;0;0;0;0;0;1;0;0;0
77445;Savigny-le-Temple;11;77;0;0;0;0;0;0;0;0;0;0;0;1;0;1;0;9;2;3;1;0;18;3;4;4;22;23;20;32;31;17;25;1;2;36;21;0;13
77446;Savins;11;77;0;0;0;0;0;0;0;0;0;0;0;0;0;0;0;0;0;0;0;0;0;0;0;0;0;0;1;3;2;0;0;0;0;0;0;0;0
77447;Seine-Port;11;77;0;0;0;0;0;0;0;0;0;0;0;0;0;0;0;0;0;1;0;0;1;0;1;0;1;1;1;6;5;0;3;0;0;5;4;0;2
77448;Sept-Sorts;11;77;0;0;0;0;0;0;0;0;0;0;0;0;0;0;0;1;1;0;0;0;4;2;0;0;2;1;1;0;1;1;1;0;0;3;1;2;0
77449;Serris;11;77;0;0;0;0;0;0;0;0;0;0;0;0;0;0;0;11;1;1;0;0;1;0;3;5;6;5;4;6;12;9;9;1;2;53;21;2;8
77450;Servon;11;77;0;0;0;0;0;0;0;0;0;0;0;0;0;0;0;0;0;1;0;0;10;0;0;2;9;8;9;11;5;2;4;1;0;11;4;0;2
77451;Signy-Signets;11;77;0;0;0;0;0;0;0;0;0;0;0;0;0;0;0;0;0;0;0;0;1;0;0;0;2;0;0;2;1;1;0;0;0;0;1;0;0
77452;Sigy;11;77;0;0;0;0;0;0;0;0;0;0;0;0;0;0;0;0;0;0;0;0;0;0;0;0;0;0;0;0;0;0;0;0;0;0;0;0;0
77453;Sivry-Courtry;11;77;0;0;0;0;0;0;0;0;0;0;0;0;0;0;0;0;0;0;0;1;3;0;0;0;3;5;3;3;3;3;1;0;0;2;1;0;2
77454;Sognolles-en-Montois;11;77;0;0;0;0;0;0;0;0;0;0;0;0;0;0;0;0;0;0;0;0;0;0;0;0;0;0;2;0;0;0;0;0;0;0;1;0;0
77455;Soignolles-en-Brie;11;77;0;0;0;0;0;0;0;0;0;0;0;0;0;0;0;0;0;1;0;0;2;0;0;0;4;3;8;10;5;2;2;0;0;1;0;0;4
77456;Soisy-Bouy;11;77;0;0;0;0;0;0;0;0;0;0;0;0;0;0;0;0;0;0;0;0;2;0;0;0;0;0;1;1;2;1;0;0;0;1;0;0;0
77457;Solers;11;77;0;0;0;0;0;0;0;0;0;0;0;0;0;0;0;0;0;0;0;0;2;0;0;0;1;1;2;3;3;2;1;0;0;0;2;0;1
77458;Souppes-sur-Loing;11;77;0;0;0;0;0;0;0;0;0;0;0;0;0;0;0;5;1;1;0;0;11;1;0;2;9;7;5;9;10;5;5;2;0;11;3;1;4
77459;Sourdun;11;77;0;0;0;0;0;0;0;0;0;0;0;0;0;0;0;0;0;1;0;0;1;0;0;1;1;1;0;3;0;1;4;0;0;1;1;0;0
77460;Tancrou;11;77;0;0;0;0;0;0;0;0;0;0;0;0;0;0;0;0;0;0;0;0;1;0;0;0;2;3;0;0;0;2;0;0;0;0;0;0;0
77461;Thénisy;11;77;0;0;0;0;0;0;0;0;0;0;0;0;0;0;0;0;0;0;0;0;0;0;0;0;2;2;0;1;0;0;0;0;0;0;0;0;0
77462;Thieux;11;77;0;0;0;0;0;0;0;0;0;0;0;0;0;0;0;0;0;0;0;0;1;0;0;0;0;2;6;1;2;0;1;0;0;1;0;0;1
77463;Thomery;11;77;0;0;0;0;0;0;0;0;0;0;0;0;0;0;0;0;0;1;0;0;5;0;0;0;8;2;2;4;5;3;2;0;0;3;3;0;0
77464;Thorigny-sur-Marne;11;77;0;0;0;0;0;0;0;0;0;0;0;0;0;0;0;3;1;1;0;0;10;0;1;2;11;14;4;23;12;11;10;3;0;26;3;2;11
77465;Thoury-Férottes;11;77;0;0;0;0;0;0;0;0;0;0;0;0;0;0;0;0;0;0;0;1;1;0;0;0;3;1;2;0;2;0;0;1;0;2;1;0;1
77466;Tigeaux;11;77;0;0;0;0;0;0;0;0;0;0;0;0;0;0;0;0;0;0;0;0;0;0;0;0;1;3;1;2;0;2;0;0;0;0;1;0;0
77467;La Tombe;11;77;0;0;0;0;0;0;0;0;0;0;0;0;0;0;0;0;0;0;0;0;0;0;0;1;0;2;0;0;0;0;0;0;0;1;0;0;0
77468;Torcy;11;77;0;0;0;0;0;0;0;0;0;0;2;1;0;0;0;12;2;1;0;0;27;1;0;6;16;23;13;38;26;16;14;2;5;48;15;3;14
77469;Touquin;11;77;0;0;0;0;0;0;0;0;0;0;0;0;0;0;0;0;0;1;0;0;1;0;0;0;2;1;3;4;1;5;3;0;0;2;0;0;0
77470;Tournan-en-Brie;11;77;0;1;0;0;0;0;0;0;0;0;1;0;0;0;0;7;5;1;0;0;12;0;0;2;7;5;18;20;10;13;15;1;1;20;10;2;9
77471;Tousson;11;77;0;0;0;0;0;0;0;0;0;0;0;0;0;0;0;0;0;0;0;0;0;0;0;0;1;0;0;0;1;2;0;0;0;0;0;0;0
77472;La Trétoire;11;77;0;0;0;0;0;0;0;0;0;0;0;0;0;0;0;0;0;0;0;0;2;0;0;0;1;1;1;0;2;1;0;0;0;0;0;0;0
77473;Treuzy-Levelay;11;77;0;0;0;0;0;0;0;0;0;0;0;0;0;0;0;0;0;0;0;0;1;0;0;0;1;0;0;2;0;0;0;0;0;1;0;0;1
77474;Trilbardou;11;77;0;0;0;0;0;0;0;0;0;0;0;0;0;0;0;0;0;0;0;0;1;0;0;0;0;3;1;3;0;2;1;0;0;0;0;0;0
77475;Trilport;11;77;0;0;0;0;0;0;0;0;0;0;0;0;0;0;0;2;0;1;0;0;8;0;0;2;5;8;8;12;11;7;7;0;0;7;3;1;2
77476;Trocy-en-Multien;11;77;0;0;0;0;0;0;0;0;0;0;0;0;0;0;0;0;0;0;0;0;0;0;0;0;2;1;0;2;0;0;0;0;0;0;0;0;1
77477;Ury;11;77;0;0;0;0;0;0;0;0;0;0;0;0;0;0;0;0;0;1;0;0;2;0;0;0;1;1;3;1;2;0;1;1;0;1;0;0;1
77478;Ussy-sur-Marne;11;77;0;0;0;0;0;0;0;0;0;0;0;0;0;0;0;0;0;0;0;0;1;0;0;0;4;2;0;0;1;0;1;0;0;2;1;0;0
77479;Vaires-sur-Marne;11;77;0;0;0;0;0;0;0;0;0;0;0;0;0;0;0;8;0;1;0;0;8;0;0;2;11;12;12;18;8;4;11;4;0;15;13;3;11
77480;Valence-en-Brie;11;77;0;0;0;0;0;0;0;0;0;0;0;0;0;0;0;0;0;1;0;0;4;0;0;0;1;4;1;2;0;0;0;0;0;2;1;0;1
77481;Vanvillé;11;77;0;0;0;0;0;0;0;0;0;0;0;0;0;0;0;0;0;0;0;0;0;0;0;0;0;0;0;0;0;0;0;0;0;1;0;0;0
77482;Varennes-sur-Seine;11;77;0;0;0;0;0;0;0;0;0;0;0;0;0;0;0;0;0;1;0;0;18;2;0;0;5;3;3;3;3;1;4;0;0;14;2;1;0
77483;Varreddes;11;77;0;0;0;0;0;0;0;0;0;0;0;0;0;0;0;0;0;1;0;0;4;0;0;1;4;6;2;6;6;4;2;0;0;7;0;0;2
77484;Vaucourtois;11;77;0;0;0;0;0;0;0;0;0;0;0;0;0;0;0;0;0;0;0;0;0;0;0;0;0;2;1;1;0;0;0;0;0;0;0;0;0
77485;Le Vaudoué;11;77;0;0;0;0;0;0;0;0;0;0;0;0;0;0;0;0;0;1;0;0;1;0;0;1;2;1;0;0;4;0;1;0;0;1;1;0;0
77486;Vaudoy-en-Brie;11;77;0;0;0;0;0;0;0;0;0;0;0;0;0;0;0;0;0;0;1;0;2;0;0;0;2;2;4;1;2;0;0;0;0;1;0;0;1
77487;Vaux-le-Pénil;11;77;1;0;0;0;0;0;0;0;0;0;0;0;0;0;0;5;1;1;0;0;24;3;0;2;19;21;12;12;21;11;11;1;0;16;6;2;3
77489;Vaux-sur-Lunain;11;77;0;0;0;0;0;0;0;0;0;0;0;0;0;0;0;0;0;0;0;0;0;0;0;0;0;0;0;1;0;0;0;0;0;0;0;0;0
77490;Vendrest;11;77;0;0;0;0;0;0;0;0;0;0;0;0;0;0;0;0;0;0;0;0;1;0;0;0;0;2;2;4;0;0;0;0;0;0;0;0;0
77491;Veneux-les-Sablons;11;77;0;0;0;0;0;0;0;0;0;0;0;0;0;0;0;0;1;1;0;0;3;0;0;1;7;7;4;1;7;3;8;2;0;6;1;0;4
77492;Verdelot;11;77;0;0;0;0;0;0;0;0;0;0;0;0;0;0;0;0;0;0;0;1;2;0;0;0;5;0;1;0;0;0;0;0;0;1;0;0;2
77493;Verneuil-l'Étang;11;77;0;0;0;0;0;0;0;0;0;0;0;0;0;0;0;0;0;1;0;0;3;0;0;1;5;3;8;3;4;1;1;0;0;3;1;0;2
77494;Vernou-la-Celle-sur-Seine;11;77;0;0;0;0;0;0;0;0;0;0;0;0;0;0;0;0;0;0;0;1;1;0;0;0;5;3;0;10;3;2;3;0;0;3;4;0;0
77495;Vert-Saint-Denis;11;77;0;0;0;0;0;0;0;0;0;0;0;0;0;0;0;3;0;1;0;0;31;2;0;3;4;9;9;5;7;5;6;1;1;14;6;1;6
77496;Vieux-Champagne;11;77;0;0;0;0;0;0;0;0;0;0;0;0;0;0;0;0;0;0;0;0;0;0;0;0;0;0;0;0;0;0;0;0;0;0;0;0;0
77498;Vignely;11;77;0;0;0;0;0;0;0;0;0;0;0;0;0;0;0;0;0;0;0;0;0;0;0;0;1;0;0;1;0;1;0;0;0;0;0;0;1
77500;Villebéon;11;77;0;0;0;0;0;0;0;0;0;0;0;0;0;0;0;0;0;0;0;0;0;0;0;0;2;0;2;1;2;0;0;0;0;0;0;0;0
77501;Villecerf;11;77;0;0;0;0;0;0;0;0;0;0;0;0;0;0;0;0;0;1;0;0;0;0;0;0;1;1;0;0;2;0;1;0;0;0;1;0;0
77504;Villemaréchal;11;77;0;0;0;0;0;0;0;0;0;0;0;0;0;0;0;0;0;0;0;1;1;0;0;0;4;0;2;2;6;1;1;0;0;0;0;0;0
77505;Villemareuil;11;77;0;0;0;0;0;0;0;0;0;0;0;0;0;0;0;0;0;0;0;0;0;0;0;0;0;2;1;1;0;0;0;0;0;0;0;0;0
77506;Villemer;11;77;0;0;0;0;0;0;0;0;0;0;0;0;0;0;0;0;0;0;0;0;1;0;0;0;0;0;1;0;2;1;0;0;0;0;1;0;0
77507;Villenauxe-la-Petite;11;77;0;0;0;0;0;0;0;0;0;0;0;0;0;0;0;0;0;0;0;0;1;0;0;0;0;1;0;0;0;0;1;0;0;1;0;0;0
77508;Villeneuve-le-Comte;11;77;0;0;0;0;0;0;0;0;0;0;0;0;0;0;0;0;0;1;0;0;5;1;0;1;2;3;4;4;4;2;2;0;0;7;2;0;3
77509;Villeneuve-les-Bordes;11;77;0;0;0;0;0;0;0;0;0;0;0;0;0;0;0;0;0;0;0;1;0;0;0;0;1;0;2;0;0;0;2;0;0;0;0;0;1
77510;Villeneuve-Saint-Denis;11;77;0;0;0;0;0;0;0;0;0;0;0;0;0;0;0;0;0;0;0;0;0;0;0;0;3;0;0;2;2;0;1;0;0;0;1;0;0
77511;Villeneuve-sous-Dammartin;11;77;0;0;0;0;0;0;0;0;0;0;0;0;0;0;0;0;0;0;0;0;2;1;0;0;0;2;0;1;0;1;1;0;0;2;0;0;1
77512;Villeneuve-sur-Bellot;11;77;0;0;0;0;0;0;0;0;0;0;0;0;0;0;0;0;0;1;0;0;2;0;0;0;3;3;4;1;2;2;2;0;0;3;1;0;1
77513;Villenoy;11;77;0;0;0;0;0;0;0;0;0;0;0;0;0;0;0;0;0;1;0;0;10;0;1;2;11;6;10;9;3;3;6;0;0;1;2;0;5
77514;Villeparisis;11;77;1;0;0;0;0;0;0;0;0;0;0;0;0;0;0;10;2;1;0;0;18;2;3;7;31;42;32;45;43;33;31;3;1;58;22;6;28
77515;Villeroy;11;77;0;0;0;0;0;0;0;0;0;0;0;0;0;0;0;0;0;0;0;0;0;0;1;0;1;1;1;1;6;4;1;0;0;0;0;0;1
77516;Ville-Saint-Jacques;11;77;0;0;0;0;0;0;0;0;0;0;0;0;0;0;0;1;0;0;0;0;1;0;0;0;3;1;5;1;0;1;1;0;0;0;0;0;2
77517;Villevaudé;11;77;0;0;0;0;0;0;0;0;0;0;0;0;0;0;0;0;0;0;0;0;4;0;0;1;7;8;12;15;2;2;0;1;0;1;3;0;2
77518;Villiers-en-Bière;11;77;0;0;0;0;0;0;0;0;0;0;0;0;0;0;0;0;1;0;0;0;8;0;0;0;3;0;0;1;0;1;4;0;0;5;0;1;0
77519;Villiers-Saint-Georges;11;77;0;1;0;0;0;0;0;0;0;0;0;0;0;0;0;1;0;1;0;0;4;0;0;1;3;0;3;2;2;0;1;0;0;3;0;0;0
77520;Villiers-sous-Grez;11;77;0;0;0;0;0;0;0;0;0;0;0;0;0;0;0;0;0;0;0;1;1;0;0;0;2;0;2;1;1;0;1;0;0;2;0;0;0
77521;Villiers-sur-Morin;11;77;0;0;0;0;0;0;0;0;0;0;0;0;0;0;0;0;0;1;0;0;1;0;0;0;5;4;5;9;5;2;2;0;0;2;3;0;0
77522;Villiers-sur-Seine;11;77;0;0;0;0;0;0;0;0;0;0;0;0;0;0;0;0;0;0;0;0;0;0;0;0;0;1;0;1;0;0;0;0;0;0;0;0;0
77523;Villuis;11;77;0;0;0;0;0;0;0;0;0;0;0;0;0;0;0;0;0;0;0;0;0;0;0;0;0;0;0;1;0;0;0;0;0;0;0;0;0
77524;Vimpelles;11;77;0;0;0;0;0;0;0;0;0;0;0;0;0;0;0;0;0;0;0;0;0;0;0;0;1;0;1;2;0;0;0;0;0;0;2;0;1
77525;Vinantes;11;77;0;0;0;0;0;0;0;0;0;0;0;0;0;0;0;0;0;0;0;0;0;0;0;0;2;2;3;2;0;0;0;0;0;0;0;0;1
77526;Vincy-Manoeuvre;11;77;0;0;0;0;0;0;0;0;0;0;0;0;0;0;0;0;0;0;0;0;0;0;0;0;0;0;0;0;1;0;0;0;0;0;1;0;0
77527;Voinsles;11;77;0;0;0;0;0;0;0;0;0;0;0;0;0;0;0;0;0;0;0;0;0;0;0;0;0;2;1;1;1;0;0;0;0;0;1;0;1
77528;Voisenon;11;77;0;0;0;0;0;0;0;0;0;0;0;0;0;0;0;0;0;0;0;0;0;0;0;0;2;1;2;7;2;3;1;1;0;2;0;0;0
77529;Voulangis;11;77;0;0;0;0;0;0;0;0;0;0;0;0;0;0;0;0;0;0;0;0;3;0;0;0;2;3;2;4;4;1;1;0;0;0;1;0;2
77530;Voulton;11;77;0;0;0;0;0;0;0;0;0;0;0;0;0;0;0;0;0;0;0;0;0;0;0;0;1;0;0;0;0;0;1;0;0;0;0;0;1
77531;Voulx;11;77;0;0;0;0;0;0;0;0;0;0;0;0;0;0;0;1;2;1;0;0;2;0;0;2;1;4;3;7;2;0;3;0;0;6;3;1;0
77532;Vulaines-lès-Provins;11;77;0;0;0;0;0;0;0;0;0;0;0;0;0;0;0;0;0;0;0;0;0;0;0;0;0;0;0;0;0;0;0;0;0;0;0;0;0
77533;Vulaines-sur-Seine;11;77;0;0;0;0;0;0;0;0;0;0;0;0;0;0;0;1;0;1;0;0;5;0;0;1;2;4;1;1;1;2;2;0;0;8;4;0;2
77534;Yèbles;11;77;0;0;0;0;0;0;0;0;0;0;0;0;0;0;0;0;0;0;0;0;2;0;0;0;1;0;1;3;3;0;1;0;0;2;1;0;1
78003;Ablis;11;78;0;1;0;0;0;0;0;0;0;0;0;0;0;0;0;4;0;1;0;0;9;0;0;1;7;6;2;8;4;4;2;1;0;8;2;1;3
78005;Achères;11;78;0;0;0;0;0;0;0;0;0;0;0;0;0;0;0;6;1;1;0;0;19;2;1;7;12;25;10;25;28;17;15;2;0;36;13;6;15
78006;Adainville;11;78;0;0;0;0;0;0;0;0;0;0;0;0;0;0;0;0;0;0;0;0;0;0;0;0;2;0;1;1;2;1;1;0;0;0;1;0;0
78007;Aigremont;11;78;0;0;0;0;0;0;0;0;0;0;0;0;0;0;0;0;0;0;0;0;0;0;0;0;1;2;0;2;1;1;1;0;0;0;3;0;2
78009;Allainville;11;78;0;0;0;0;0;0;0;0;0;0;0;0;0;0;0;0;0;0;0;0;0;0;0;0;1;1;0;1;1;0;0;0;0;0;0;0;0
78010;Les Alluets-le-Roi;11;78;0;0;0;0;0;0;0;0;0;0;0;0;0;0;0;0;0;0;0;0;6;0;0;0;2;2;4;6;2;4;0;0;0;0;1;0;1
78013;Andelu;11;78;0;0;0;0;0;0;0;0;0;0;0;0;0;0;0;0;0;0;0;0;0;0;0;0;0;1;0;3;2;1;0;0;0;0;0;0;1
78015;Andrésy;11;78;0;0;0;0;0;0;0;0;0;0;0;0;0;0;0;3;0;1;0;0;11;2;0;3;9;12;14;12;10;11;11;1;0;22;12;2;7
78020;Arnouville-lès-Mantes;11;78;0;0;0;0;0;0;0;0;0;0;0;0;0;0;0;0;0;0;1;0;1;0;0;0;0;2;2;1;1;0;1;0;0;1;2;0;0
78029;Aubergenville;11;78;0;0;0;0;0;0;0;0;0;0;0;0;0;0;0;6;0;2;0;0;12;0;2;4;11;12;10;10;10;6;11;1;0;25;11;1;7
78030;Auffargis;11;78;0;0;0;0;0;0;0;0;0;0;0;0;0;0;0;0;0;0;1;0;5;0;0;0;4;2;1;3;1;0;1;0;0;3;4;0;0
78031;Auffreville-Brasseuil;11;78;0;0;0;0;0;0;0;0;0;0;0;0;0;0;0;0;0;0;0;0;2;0;0;0;1;0;0;1;1;1;0;0;0;0;2;0;0
78033;Aulnay-sur-Mauldre;11;78;0;0;0;0;0;0;0;0;0;0;0;0;0;0;0;0;0;0;0;1;4;0;0;0;0;1;6;2;0;1;1;0;0;2;0;0;0
78034;Auteuil;11;78;0;0;0;0;0;0;0;0;0;0;0;0;0;0;0;0;0;0;1;0;1;0;0;0;0;0;1;4;3;2;1;2;0;1;1;0;1
78036;Autouillet;11;78;0;0;0;0;0;0;0;0;0;0;0;0;0;0;0;0;0;0;0;0;0;0;0;0;0;2;0;0;0;0;0;0;0;0;1;0;0
78043;Bailly;11;78;0;0;0;0;0;0;0;0;0;0;0;0;0;0;0;2;0;1;0;0;0;1;0;0;2;3;4;0;1;4;0;0;0;4;5;0;3
78048;Bazainville;11;78;0;0;0;0;0;0;0;0;0;0;0;0;0;0;0;0;0;0;0;1;0;0;0;1;1;3;1;3;2;1;1;0;0;0;1;0;0
78049;Bazemont;11;78;0;0;0;0;0;0;0;0;0;0;0;0;0;0;0;0;0;0;0;1;2;0;0;0;1;0;1;2;4;3;0;0;0;1;0;1;0
78050;Bazoches-sur-Guyonne;11;78;0;0;0;0;0;0;0;0;0;0;0;0;0;0;0;0;0;0;0;0;4;0;0;0;0;0;0;1;0;1;0;0;0;2;2;0;0
78053;Béhoust;11;78;0;0;0;0;0;0;0;0;0;0;0;0;0;0;0;0;0;0;0;0;0;0;0;0;0;0;0;1;1;1;0;0;0;0;2;0;0
78057;Bennecourt;11;78;0;0;0;0;0;0;0;0;0;0;0;0;0;0;0;0;0;0;0;0;3;0;0;0;8;2;3;1;2;2;2;0;0;1;3;0;3
78062;Beynes;11;78;0;0;0;0;0;0;0;0;0;0;0;0;0;0;0;4;0;1;0;0;7;0;0;4;8;9;6;17;6;4;11;1;0;17;11;2;11
78068;Blaru;11;78;0;0;0;0;0;0;0;0;0;0;0;0;0;0;0;0;0;0;0;0;0;0;0;0;2;1;1;1;1;0;1;0;0;0;1;0;0
78070;Boinville-en-Mantois;11;78;0;0;0;0;0;0;0;0;0;0;0;0;0;0;0;0;0;0;0;0;0;0;0;0;3;0;0;0;0;1;0;0;0;0;1;0;0
78071;Boinville-le-Gaillard;11;78;0;0;0;0;0;0;0;0;0;0;0;0;0;0;0;0;0;0;0;0;2;0;0;0;1;1;2;0;1;0;0;0;0;0;3;0;2
78072;Boinvilliers;11;78;0;0;0;0;0;0;0;0;0;0;0;0;0;0;0;0;0;0;0;0;0;0;0;0;0;0;0;0;1;2;0;0;0;0;0;0;0
78073;Bois-d'Arcy;11;78;0;0;0;0;0;0;0;0;0;0;0;0;0;0;0;7;1;1;0;0;20;3;2;3;20;24;12;19;13;29;17;2;1;23;18;3;9
78076;Boissets;11;78;0;0;0;0;0;0;0;0;0;0;0;0;0;0;0;0;0;0;0;0;0;0;0;0;0;0;1;0;0;0;0;0;0;0;1;0;0
78077;La Boissière-École;11;78;0;0;0;0;0;0;0;0;0;0;0;0;0;0;0;0;0;0;1;0;0;0;0;0;2;2;0;0;3;1;0;0;0;2;1;0;1
78082;Boissy-Mauvoisin;11;78;0;0;0;0;0;0;0;0;0;0;0;0;0;0;0;0;0;0;0;0;0;0;0;0;3;0;0;1;0;2;0;0;0;0;0;0;0
78084;Boissy-sans-Avoir;11;78;0;0;0;0;0;0;0;0;0;0;0;0;0;0;0;0;0;0;0;0;0;0;0;0;0;0;2;2;0;1;0;0;0;0;0;0;0
78087;Bonnelles;11;78;0;0;0;0;0;0;0;0;0;0;0;0;0;0;0;0;0;0;0;1;7;0;0;0;0;3;1;4;2;1;3;0;0;3;0;0;4
78089;Bonnières-sur-Seine;11;78;0;1;0;0;0;0;0;0;0;0;1;0;0;0;0;6;0;1;0;0;4;0;0;3;9;2;11;11;4;6;12;0;0;20;5;2;4
78090;Bouafle;11;78;0;0;0;0;0;0;0;0;0;0;0;0;0;0;0;0;0;1;0;0;5;0;0;2;12;2;2;11;3;6;3;0;0;6;4;0;3
78092;Bougival;11;78;0;0;0;0;0;0;0;0;0;0;0;0;0;0;0;4;0;1;0;0;4;1;2;3;8;14;2;10;6;7;7;1;0;28;16;4;9
78096;Bourdonné;11;78;0;0;0;0;0;0;0;0;0;0;0;0;0;0;0;0;0;0;0;0;0;0;0;1;1;1;2;2;0;0;1;0;0;2;1;0;0
78104;Breuil-Bois-Robert;11;78;0;0;0;0;0;0;0;0;0;0;0;0;0;0;0;0;0;0;0;0;1;0;0;0;1;3;1;3;0;1;0;0;0;1;0;0;0
78107;Bréval;11;78;0;1;0;0;0;0;0;0;0;0;0;0;0;0;0;1;0;1;0;0;7;0;0;0;0;5;5;6;2;3;4;5;0;4;5;1;2
78108;Les Bréviaires;11;78;0;0;0;0;0;0;0;0;0;0;0;0;0;0;0;0;0;0;1;0;1;0;0;0;3;3;1;2;1;0;1;4;0;3;1;0;0
78113;Brueil-en-Vexin;11;78;0;0;0;0;0;0;0;0;0;0;0;0;0;0;0;0;0;0;0;1;0;0;0;0;0;0;0;1;3;0;1;0;0;1;1;0;0
78117;Buc;11;78;0;0;0;0;0;0;0;0;0;0;0;0;0;0;0;2;0;1;0;0;14;3;1;1;6;7;12;8;8;6;5;1;0;13;5;1;2
78118;Buchelay;11;78;0;0;0;0;0;0;0;0;0;0;0;0;0;0;0;3;0;0;1;0;21;3;0;1;7;10;4;10;11;6;5;0;1;11;4;0;0
78120;Bullion;11;78;0;0;0;0;0;0;0;0;0;0;0;0;0;0;0;0;0;0;0;1;0;0;0;2;0;0;1;2;2;0;2;0;0;1;0;0;0
78123;Carrières-sous-Poissy;11;78;0;0;0;0;0;0;0;0;0;0;0;0;0;0;0;3;0;1;0;1;7;2;1;3;15;21;17;18;16;12;6;3;0;26;3;0;6
78124;Carrières-sur-Seine;11;78;0;0;0;0;0;0;0;0;0;0;0;0;0;0;0;8;0;1;0;0;15;0;2;2;20;29;20;35;26;23;7;3;0;16;18;4;5
78125;La Celle-les-Bordes;11;78;0;0;0;0;0;0;0;0;0;0;0;0;0;0;0;0;0;0;0;1;0;0;0;0;1;1;3;2;1;1;1;0;0;2;1;0;1
78126;La Celle-Saint-Cloud;11;78;1;0;0;0;0;0;0;0;0;0;1;0;0;0;0;12;0;2;0;1;11;0;3;4;5;29;9;17;13;14;10;3;0;23;34;5;22
78128;Cernay-la-Ville;11;78;0;0;0;0;0;0;0;0;0;0;0;0;0;0;0;0;0;0;0;1;2;0;0;1;2;0;2;3;2;0;3;0;0;5;3;0;2
78133;Chambourcy;11;78;0;0;0;0;0;0;0;0;0;0;0;0;0;0;0;3;0;1;0;0;17;1;1;2;3;4;9;7;2;4;6;3;0;24;14;1;6
78138;Chanteloup-les-Vignes;11;78;0;0;0;0;0;0;0;0;0;0;0;0;0;0;0;1;1;1;0;0;12;2;0;4;12;13;5;13;12;10;8;0;2;22;2;0;3
78140;Chapet;11;78;0;0;0;0;0;0;0;0;0;0;0;0;0;0;0;0;0;0;0;0;1;0;0;0;1;1;2;1;1;1;0;0;0;4;0;0;1
78143;Châteaufort;11;78;0;0;0;0;0;0;0;0;0;0;0;0;0;0;0;0;0;0;0;1;3;0;0;4;0;2;0;2;1;0;1;0;0;5;4;0;3
78146;Chatou;11;78;0;0;0;0;0;0;0;0;0;0;0;0;0;0;0;13;4;2;0;0;17;3;3;5;21;38;27;25;29;25;30;5;0;48;55;7;20
78147;Chaufour-lès-Bonnières;11;78;0;0;0;0;0;0;0;0;0;0;0;0;0;0;0;0;0;0;0;0;2;0;0;0;1;0;2;1;2;0;0;0;0;1;1;0;0
78152;Chavenay;11;78;0;0;0;0;0;0;0;0;0;0;0;0;0;0;0;0;0;0;0;1;2;0;0;0;1;2;3;4;2;4;1;0;0;3;7;0;3
78158;Le Chesnay;11;78;1;0;0;0;0;0;0;0;0;0;1;0;0;0;0;20;5;2;0;1;16;2;1;5;12;15;12;20;15;17;29;6;1;58;62;5;16
78160;Chevreuse;11;78;0;1;0;0;0;0;0;0;0;0;1;0;0;0;0;4;1;1;0;0;3;0;0;1;9;4;4;7;9;3;4;1;0;14;12;1;4
78162;Choisel;11;78;0;0;0;0;0;0;0;0;0;0;0;0;0;0;0;0;0;0;0;0;0;0;0;0;0;1;0;0;0;0;0;0;0;1;0;0;0
78163;Civry-la-Forêt;11;78;0;0;0;0;0;0;0;0;0;0;0;0;0;0;0;0;0;0;0;0;1;0;0;0;2;2;1;1;2;0;0;0;0;1;0;0;1
78164;Clairefontaine-en-Yvelines;11;78;0;0;0;0;0;0;0;0;0;0;0;0;0;0;0;0;0;0;0;0;2;0;0;0;2;0;1;1;2;3;1;1;0;3;3;0;0
78165;Les Clayes-sous-Bois;11;78;0;0;0;0;0;0;0;0;0;0;0;0;0;0;0;8;1;1;0;0;14;0;0;2;14;20;19;33;18;12;13;3;0;46;16;2;16
78168;Coignières;11;78;0;0;0;0;0;0;0;0;0;0;0;0;0;0;0;1;0;1;0;0;57;5;5;1;46;29;28;27;17;52;4;0;0;59;7;0;4
78171;Condé-sur-Vesgre;11;78;0;0;0;0;0;0;0;0;0;0;0;0;0;0;0;0;0;0;0;1;0;0;0;0;0;0;0;2;1;0;3;0;0;0;1;0;1
78172;Conflans-Sainte-Honorine;11;78;1;0;0;0;0;0;0;0;0;0;1;1;0;0;0;17;6;2;0;0;32;4;0;8;42;49;23;59;41;28;38;3;3;97;38;10;23
78185;Courgent;11;78;0;0;0;0;0;0;0;0;0;0;0;0;0;0;0;0;0;0;0;0;0;0;0;0;0;0;0;0;1;0;0;0;0;0;0;0;0
78188;Cravent;11;78;0;0;0;0;0;0;0;0;0;0;0;0;0;0;0;0;0;0;0;0;1;0;0;0;1;0;2;1;2;1;0;1;0;0;2;0;1
78189;Crespières;11;78;0;0;0;0;0;0;0;0;0;0;0;0;0;0;0;1;0;0;0;1;2;0;0;0;1;1;1;2;1;0;1;0;0;3;3;0;1
78190;Croissy-sur-Seine;11;78;0;0;0;0;0;0;0;0;0;0;0;0;0;0;0;6;0;1;0;0;7;1;0;1;5;14;8;15;10;9;5;2;0;14;24;2;8
78192;Dammartin-en-Serve;11;78;0;0;0;0;0;0;0;0;0;0;0;0;0;0;0;1;0;0;0;1;2;0;0;0;1;2;4;0;2;1;1;0;0;3;2;0;2
78193;Dampierre-en-Yvelines;11;78;0;0;0;0;0;0;0;0;0;0;0;0;0;0;0;0;0;0;1;0;2;0;0;0;1;2;2;1;1;1;2;0;0;9;3;0;1
78194;Dannemarie;11;78;0;0;0;0;0;0;0;0;0;0;0;0;0;0;0;0;0;0;0;0;0;0;0;0;0;0;1;1;0;0;0;0;0;0;0;0;2
78196;Davron;11;78;0;0;0;0;0;0;0;0;0;0;0;0;0;0;0;0;0;0;0;1;3;0;0;0;0;1;0;1;1;0;0;0;0;1;0;0;0
78202;Drocourt;11;78;0;0;0;0;0;0;0;0;0;0;0;0;0;0;0;0;1;0;0;0;2;0;0;0;0;1;1;2;2;0;1;2;0;3;0;0;0
78206;Ecquevilly;11;78;0;1;0;0;0;0;0;0;0;0;0;0;0;0;0;1;0;1;0;0;9;1;1;2;6;3;6;6;6;3;5;0;0;7;7;1;2
78208;Élancourt;11;78;1;0;0;0;0;0;0;0;0;0;0;0;0;0;0;9;1;2;1;0;11;2;1;5;18;27;26;29;13;16;24;3;1;31;21;3;22
78209;Émancé;11;78;0;0;0;0;0;0;0;0;0;0;0;0;0;0;0;0;0;0;0;0;0;0;0;0;0;1;1;1;3;1;1;0;0;0;0;0;0
78217;Épône;11;78;0;0;0;0;0;0;0;0;0;0;0;0;0;0;0;1;0;1;0;0;12;1;2;3;8;14;11;15;14;10;6;1;0;12;6;1;7
78220;Les Essarts-le-Roi;11;78;0;0;0;0;0;0;0;0;0;0;0;0;0;0;0;4;0;1;0;0;14;0;0;5;10;9;8;9;9;8;9;1;0;10;7;1;2
78224;L'Étang-la-Ville;11;78;0;0;0;0;0;0;0;0;0;0;0;0;0;0;0;3;0;1;0;0;2;0;0;0;1;3;3;3;3;2;3;1;0;2;9;0;1
78227;Évecquemont;11;78;0;0;0;0;0;0;0;0;0;0;0;0;0;0;0;0;0;0;0;0;0;0;0;0;0;1;1;3;0;0;0;0;0;0;0;0;3
78230;La Falaise;11;78;0;0;0;0;0;0;0;0;0;0;0;0;0;0;0;0;0;0;0;0;1;0;0;0;0;0;0;0;1;0;1;0;0;0;0;0;0
78231;Favrieux;11;78;0;0;0;0;0;0;0;0;0;0;0;0;0;0;0;0;0;0;0;0;1;0;0;0;1;1;0;0;0;1;1;0;0;1;0;0;2
78233;Feucherolles;11;78;0;0;0;0;0;0;0;0;0;0;0;0;0;0;0;1;0;1;0;0;3;0;0;0;3;1;3;1;1;0;1;0;0;6;10;0;4
78234;Flacourt;11;78;0;0;0;0;0;0;0;0;0;0;0;0;0;0;0;0;0;0;0;0;0;0;0;0;0;1;1;0;1;1;0;0;0;0;1;0;0
78236;Flexanville;11;78;0;0;0;0;0;0;0;0;0;0;0;0;0;0;0;0;0;0;0;0;0;0;0;0;3;0;0;0;1;1;0;0;0;1;1;0;0
78237;Flins-Neuve-Église;11;78;0;0;0;0;0;0;0;0;0;0;0;0;0;0;0;0;0;0;0;0;0;0;0;0;0;0;0;0;0;0;0;0;0;0;0;0;0
78238;Flins-sur-Seine;11;78;0;0;0;0;0;0;0;0;0;0;0;0;0;0;0;2;0;1;0;0;4;2;0;1;2;2;6;6;6;1;4;0;0;19;2;1;2
78239;Follainville-Dennemont;11;78;0;0;0;0;0;0;0;0;0;0;0;0;0;0;0;0;0;0;0;0;4;0;0;0;5;3;3;6;5;2;0;0;0;3;2;0;4
78242;Fontenay-le-Fleury;11;78;1;0;0;0;0;0;0;0;0;0;0;0;0;0;0;7;0;1;0;0;13;1;0;2;13;11;10;20;11;8;12;1;0;15;18;3;7
78245;Fontenay-Mauvoisin;11;78;0;0;0;0;0;0;0;0;0;0;0;0;0;0;0;0;0;0;0;0;1;0;0;0;0;1;0;1;0;0;0;0;0;0;1;0;0
78246;Fontenay-Saint-Père;11;78;0;0;0;0;0;0;0;0;0;0;0;0;0;0;0;0;0;0;0;0;4;0;0;0;0;1;1;2;2;1;0;0;0;1;1;0;0
78251;Fourqueux;11;78;0;0;0;0;0;0;0;0;0;0;0;0;0;0;0;1;0;0;0;1;0;0;0;1;2;2;5;1;1;0;2;1;0;8;9;1;3
78255;Freneuse;11;78;0;0;0;0;0;0;0;0;0;0;0;0;0;0;0;0;0;0;0;1;20;2;1;1;10;2;8;9;8;9;3;1;0;4;5;2;6
78261;Gaillon-sur-Montcient;11;78;0;0;0;0;0;0;0;0;0;0;0;0;0;0;0;0;0;0;0;0;0;0;0;0;0;3;2;1;0;0;0;0;0;0;0;0;1
78262;Galluis;11;78;0;0;0;0;0;0;0;0;0;0;0;0;0;0;0;0;0;0;0;1;0;0;0;0;2;2;3;3;2;3;2;0;0;1;3;0;2
78263;Gambais;11;78;0;0;0;0;0;0;0;0;0;0;0;0;0;0;0;0;0;0;0;1;6;0;0;0;3;6;14;6;3;4;1;1;0;4;3;0;3
78264;Gambaiseuil;11;78;0;0;0;0;0;0;0;0;0;0;0;0;0;0;0;0;0;0;0;0;0;0;0;0;0;0;0;0;0;0;0;0;0;0;2;0;0
78265;Garancières;11;78;0;0;0;0;0;0;0;0;0;0;0;0;0;0;0;0;0;1;0;0;11;0;0;1;11;3;3;11;3;5;3;0;0;6;3;1;2
78267;Gargenville;11;78;0;0;0;0;0;0;0;0;0;0;0;0;0;0;0;3;0;1;0;0;8;0;0;2;5;12;15;19;11;3;9;1;0;9;5;1;11
78269;Gazeran;11;78;0;0;0;0;0;0;0;0;0;0;0;0;0;0;0;0;0;0;0;1;4;0;0;0;3;0;3;3;0;1;0;1;0;6;4;0;1
78276;Gommecourt;11;78;0;0;0;0;0;0;0;0;0;0;0;0;0;0;0;0;0;0;0;0;0;0;0;0;0;4;3;3;1;1;0;0;0;2;0;0;0
78278;Goupillières;11;78;0;0;0;0;0;0;0;0;0;0;0;0;0;0;0;0;0;0;0;0;0;0;0;0;1;0;2;5;0;0;0;0;0;0;0;0;0
78281;Goussonville;11;78;0;0;0;0;0;0;0;0;0;0;0;0;0;0;0;0;0;0;0;0;0;0;0;0;2;0;0;3;0;1;0;0;0;0;1;0;0
78283;Grandchamp;11;78;0;0;0;0;0;0;0;0;0;0;0;0;0;0;0;0;0;0;0;0;2;0;0;0;0;0;0;1;2;0;1;0;0;0;1;0;1
78285;Gressey;11;78;0;0;0;0;0;0;0;0;0;0;0;0;0;0;0;0;0;0;0;0;0;0;0;0;1;0;1;4;0;0;1;0;0;1;0;0;0
78289;Grosrouvre;11;78;0;0;0;0;0;0;0;0;0;0;0;0;0;0;0;0;0;0;0;1;0;0;0;0;0;0;1;4;0;1;0;1;0;0;1;0;0
78290;Guernes;11;78;0;0;0;0;0;0;0;0;0;0;0;0;0;0;0;0;0;0;0;0;0;0;0;0;0;2;0;2;2;1;1;0;0;1;0;0;4
78291;Guerville;11;78;0;1;0;0;0;0;0;0;0;0;0;0;0;0;0;0;0;1;0;0;5;0;0;0;8;2;4;7;5;2;1;0;0;2;0;0;2
78296;Guitrancourt;11;78;0;0;0;0;0;0;0;0;0;0;0;0;0;0;0;0;0;0;0;0;1;1;0;3;2;2;4;4;1;2;3;0;0;0;0;0;0
78297;Guyancourt;11;78;1;0;0;0;0;0;0;1;0;0;9;1;0;1;0;13;2;2;0;0;13;2;0;5;4;15;10;23;10;30;22;1;4;49;23;3;15
78299;Hardricourt;11;78;0;0;0;0;0;0;0;0;0;0;0;0;0;0;0;0;1;0;0;1;4;1;0;1;30;6;3;6;2;16;4;1;0;7;1;1;4
78300;Hargeville;11;78;0;0;0;0;0;0;0;0;0;0;0;0;0;0;0;0;0;0;0;0;0;0;0;0;2;1;1;0;1;0;0;0;0;0;2;0;0
78302;La Hauteville;11;78;0;0;0;0;0;0;0;0;0;0;0;0;0;0;0;0;0;0;0;0;0;0;0;0;0;1;0;0;1;0;0;0;0;0;0;0;0
78305;Herbeville;11;78;0;0;0;0;0;0;0;0;0;0;0;0;0;0;0;0;0;0;0;0;1;0;0;0;0;1;0;2;2;0;0;0;0;0;1;0;1
78307;Hermeray;11;78;0;0;0;0;0;0;0;0;0;0;0;0;0;0;0;0;0;0;1;0;1;0;0;0;1;3;2;0;3;0;0;0;0;0;0;0;0
78310;Houdan;11;78;0;0;0;0;0;0;0;0;0;0;0;0;0;0;0;8;4;1;0;0;15;0;0;3;11;7;7;7;7;6;9;2;1;23;12;2;6
78311;Houilles;11;78;1;0;0;0;0;0;0;0;0;0;2;0;0;0;0;13;4;2;0;0;49;1;1;5;61;60;45;60;33;66;39;5;1;55;48;6;17
78314;Issou;11;78;0;0;0;0;0;0;0;0;0;0;0;0;0;0;0;0;0;0;0;0;5;0;0;1;6;6;5;4;6;3;2;0;0;2;2;0;2
78317;Jambville;11;78;0;0;0;0;0;0;0;0;0;0;0;0;0;0;0;0;0;0;0;0;2;0;1;0;1;0;2;4;3;1;1;0;0;0;0;0;1
78320;Jeufosse;11;78;0;0;0;0;0;0;0;0;0;0;0;0;0;0;0;0;0;0;0;0;1;0;0;0;0;0;0;1;0;1;0;0;0;1;0;0;0
78321;Jouars-Pontchartrain;11;78;0;1;0;0;0;0;0;0;0;0;0;0;0;0;0;2;1;1;0;0;5;0;0;1;6;11;6;9;12;5;5;1;0;15;17;0;2
78322;Jouy-en-Josas;11;78;0;0;0;0;0;0;0;0;0;0;0;0;0;0;0;5;1;1;0;0;5;0;1;1;5;8;6;5;5;7;8;1;0;18;18;1;2
78324;Jouy-Mauvoisin;11;78;0;0;0;0;0;0;0;0;0;0;0;0;0;0;0;0;0;0;0;0;0;0;0;0;0;0;0;2;3;3;0;0;0;1;0;0;0
78325;Jumeauville;11;78;0;0;0;0;0;0;0;0;0;0;0;0;0;0;0;0;0;0;0;0;0;0;0;0;3;2;2;0;0;1;0;0;0;0;0;0;1
78327;Juziers;11;78;0;0;0;0;0;0;0;0;0;0;0;0;0;0;0;0;0;1;0;0;4;0;0;0;4;9;9;8;8;8;6;0;0;8;3;1;4
78329;Lainville-en-Vexin;11;78;0;0;0;0;0;0;0;0;0;0;0;0;0;0;0;0;0;0;0;0;0;1;0;0;2;0;1;0;1;1;2;0;0;1;0;0;1
78334;Lévis-Saint-Nom;11;78;0;0;0;0;0;0;0;0;0;0;0;0;0;0;0;0;0;0;0;0;2;0;0;0;5;3;2;1;0;0;0;0;0;0;0;0;0
78335;Limay;11;78;0;1;0;0;0;0;0;0;0;0;1;0;0;0;0;7;1;1;0;0;28;4;0;4;26;20;19;31;23;13;15;2;0;41;8;4;7
78337;Limetz-Villez;11;78;0;0;0;0;0;0;0;0;0;0;0;0;0;0;0;0;0;0;0;1;3;0;0;0;2;1;6;7;3;3;2;0;0;0;1;0;1
78343;Les Loges-en-Josas;11;78;0;0;0;0;0;0;0;0;0;0;0;0;0;0;0;0;0;0;1;0;4;0;0;0;3;1;2;6;2;0;0;0;0;0;6;0;0
78344;Lommoye;11;78;0;0;0;0;0;0;0;0;0;0;0;0;0;0;0;0;0;0;0;0;0;0;0;0;3;1;0;0;0;2;0;0;0;0;0;0;0
78346;Longnes;11;78;0;0;0;0;0;0;0;0;0;0;1;0;0;0;0;0;0;0;0;1;7;0;1;2;3;0;2;3;1;0;3;0;0;3;1;0;3
78349;Longvilliers;11;78;0;0;0;0;0;0;0;0;0;0;0;0;0;0;0;0;0;0;0;0;1;0;0;0;1;3;1;1;1;1;1;0;0;0;0;0;2
78350;Louveciennes;11;78;0;0;0;0;0;0;0;0;0;0;0;0;0;0;0;4;0;1;0;0;2;0;0;1;3;5;6;6;5;2;3;1;0;10;18;0;2
78354;Magnanville;11;78;0;0;0;0;0;0;0;0;0;0;0;0;0;0;0;1;1;1;0;0;10;1;0;2;25;3;7;12;7;15;5;0;0;14;2;0;2
78356;Magny-les-Hameaux;11;78;0;1;0;0;0;0;0;0;0;0;0;0;0;0;0;3;1;2;0;0;6;1;2;5;13;6;6;13;9;4;6;1;0;12;6;2;3
78358;Maisons-Laffitte;11;78;1;0;0;0;0;0;0;0;0;0;1;0;0;0;0;8;2;1;0;0;9;0;3;5;20;31;13;28;11;13;23;6;0;48;43;6;19
78361;Mantes-la-Jolie;11;78;1;0;0;0;1;1;0;0;0;0;9;1;0;0;0;23;7;3;0;0;30;3;15;15;80;43;38;48;49;58;63;8;9;186;54;12;29
78362;Mantes-la-Ville;11;78;0;0;0;0;0;0;0;0;0;0;0;0;0;0;0;5;1;2;0;0;16;0;2;4;22;14;18;24;28;22;23;2;1;52;9;3;5
78364;Marcq;11;78;0;0;0;0;0;0;0;0;0;0;0;0;0;0;0;0;0;0;0;0;1;0;0;0;3;1;0;1;1;1;0;0;0;1;1;0;0
78366;Mareil-le-Guyon;11;78;0;0;0;0;0;0;0;0;0;0;0;0;0;0;0;0;0;0;0;0;1;0;0;0;0;1;0;1;1;0;0;0;0;0;1;0;0
78367;Mareil-Marly;11;78;0;0;0;0;0;0;0;0;0;0;0;0;0;0;0;1;0;1;0;0;4;0;0;0;2;5;4;4;2;3;2;0;0;1;12;1;1
78368;Mareil-sur-Mauldre;11;78;0;0;0;0;0;0;0;0;0;0;0;0;0;0;0;0;1;0;0;1;0;0;0;0;1;2;3;2;1;2;1;0;0;3;3;2;2
78372;Marly-le-Roi;11;78;1;0;0;0;0;0;0;0;0;0;0;0;0;0;0;8;4;2;0;0;8;0;0;5;9;7;7;17;11;7;11;3;1;29;20;2;6
78380;Maule;11;78;0;1;0;0;0;0;0;0;0;0;1;0;0;0;0;7;2;1;0;0;7;0;0;3;10;10;10;9;4;9;4;2;0;23;12;2;5
78381;Maulette;11;78;0;1;0;0;0;0;0;0;0;0;0;0;0;0;0;0;0;0;0;0;4;2;0;0;0;3;1;4;2;2;1;0;0;3;4;1;0
78382;Maurecourt;11;78;0;0;0;0;0;0;0;0;0;0;0;0;0;0;0;2;0;1;0;0;9;0;1;1;3;1;5;7;7;0;2;1;0;5;7;0;1
78383;Maurepas;11;78;0;0;0;0;0;0;0;0;0;0;1;0;0;0;0;7;1;1;0;0;12;0;1;4;9;8;20;24;11;11;20;4;2;64;20;4;13
78384;Médan;11;78;0;0;0;0;0;0;0;0;0;0;0;0;0;0;0;0;0;0;1;0;0;0;0;0;3;5;1;6;2;7;2;0;0;1;1;0;0
78385;Ménerville;11;78;0;0;0;0;0;0;0;0;0;0;0;0;0;0;0;0;0;0;0;0;0;0;0;0;0;0;1;1;1;0;0;0;0;0;0;0;0
78389;Méré;11;78;0;0;0;0;0;0;0;0;0;0;0;0;0;0;0;1;0;0;0;0;5;1;0;1;9;0;3;0;4;4;2;0;0;3;3;0;1
78391;Méricourt;11;78;0;0;0;0;0;0;0;0;0;0;0;0;0;0;0;0;0;0;0;0;0;0;0;0;5;0;0;0;2;0;0;0;0;0;0;0;1
78396;Le Mesnil-le-Roi;11;78;0;0;0;0;0;0;0;0;0;0;0;0;0;0;0;1;0;1;0;0;2;1;1;0;11;15;2;8;5;4;5;3;0;6;8;2;4
78397;Le Mesnil-Saint-Denis;11;78;0;0;0;0;0;0;0;0;0;0;0;0;0;0;0;4;1;1;0;0;7;0;0;2;5;2;4;5;4;4;9;2;0;9;18;1;4
78398;Les Mesnuls;11;78;0;0;0;0;0;0;0;0;0;0;0;0;0;0;0;0;0;0;0;0;0;0;0;0;0;2;1;2;0;0;0;0;0;2;1;0;2
78401;Meulan-en-Yvelines;11;78;0;0;0;0;0;0;0;0;0;0;1;0;0;0;0;7;4;2;0;0;8;0;0;3;3;14;13;21;11;10;22;1;3;42;19;4;12
78402;Mézières-sur-Seine;11;78;0;0;0;0;0;0;0;0;0;0;0;0;0;0;0;1;1;1;0;0;6;0;0;1;10;16;1;8;8;5;4;0;0;1;3;1;3
78403;Mézy-sur-Seine;11;78;0;0;0;0;0;0;0;0;0;0;0;0;0;0;0;0;0;0;0;0;3;1;0;0;6;3;6;6;6;4;2;0;0;1;2;0;2
78404;Millemont;11;78;0;0;0;0;0;0;0;0;0;0;0;0;0;0;0;0;0;0;0;0;0;0;0;0;0;0;0;0;0;0;0;1;0;2;0;0;1
78406;Milon-la-Chapelle;11;78;0;0;0;0;0;0;0;0;0;0;0;0;0;0;0;0;0;0;0;0;0;0;0;0;0;1;1;0;0;0;1;0;0;1;0;0;0
78407;Mittainville;11;78;0;0;0;0;0;0;0;0;0;0;0;0;0;0;0;0;0;0;0;0;0;0;0;0;0;0;1;3;0;1;0;0;0;2;0;0;0
78410;Moisson;11;78;0;0;0;0;0;0;0;0;0;0;0;0;0;0;0;0;0;0;0;0;0;0;0;0;4;2;3;1;1;0;0;0;0;4;1;0;0
78413;Mondreville;11;78;0;0;0;0;0;0;0;0;0;0;0;0;0;0;0;0;0;0;0;0;0;0;0;0;0;0;0;0;1;0;0;0;0;0;0;0;1
78415;Montainville;11;78;0;0;0;0;0;0;0;0;0;0;0;0;0;0;0;0;0;0;0;0;0;0;0;0;3;1;0;1;0;2;0;0;0;1;0;0;0
78416;Montalet-le-Bois;11;78;0;0;0;0;0;0;0;0;0;0;0;0;0;0;0;0;0;0;0;1;1;0;0;0;0;0;1;1;0;1;0;0;0;1;0;0;1
78417;Montchauvet;11;78;0;0;0;0;0;0;0;0;0;0;0;0;0;0;0;0;0;0;0;0;0;0;0;0;2;0;0;1;2;0;0;1;0;1;0;0;0
78418;Montesson;11;78;0;0;0;0;0;0;0;0;0;0;0;0;0;0;0;9;2;2;0;0;25;2;0;3;26;26;17;36;27;22;9;2;1;27;20;3;7
78420;Montfort-l'Amaury;11;78;0;1;0;0;0;0;0;0;0;0;1;0;0;0;0;8;2;1;0;0;6;0;0;0;2;7;2;1;1;2;4;3;0;17;15;0;4
78423;Montigny-le-Bretonneux;11;78;0;0;0;0;0;0;0;0;0;0;0;0;0;0;0;41;0;3;0;0;30;2;7;14;12;28;15;34;25;19;42;4;20;117;42;10;18
78431;Morainvilliers;11;78;0;0;0;0;0;0;0;0;0;0;0;0;0;0;0;0;0;0;0;0;3;0;1;1;8;3;2;6;5;4;0;0;0;3;5;0;1
78437;Mousseaux-sur-Seine;11;78;0;0;0;0;0;0;0;0;0;0;0;0;0;0;0;0;0;0;0;0;1;0;0;0;0;1;3;3;2;1;0;0;0;2;0;0;0
78439;Mulcent;11;78;0;0;0;0;0;0;0;0;0;0;0;0;0;0;0;0;0;0;0;0;0;0;0;0;0;1;0;0;0;0;0;0;0;1;0;0;0
78440;Les Mureaux;11;78;1;0;0;0;0;0;0;0;0;0;4;1;1;1;0;10;4;2;0;0;39;5;1;5;43;41;25;32;41;68;25;3;3;72;18;5;11
78442;Neauphle-le-Château;11;78;0;0;0;0;0;0;0;0;0;0;1;0;0;0;0;3;0;1;0;0;4;0;0;0;5;2;5;4;1;7;8;0;0;8;12;0;3
78443;Neauphle-le-Vieux;11;78;0;0;0;0;0;0;0;0;0;0;0;0;0;0;0;0;0;0;0;1;0;0;0;0;1;0;0;1;1;0;0;0;0;1;3;0;0
78444;Neauphlette;11;78;0;0;0;0;0;0;0;0;0;0;0;0;0;0;0;0;0;0;0;0;2;1;0;0;2;2;0;0;0;0;0;0;0;0;0;0;1
78451;Nézel;11;78;0;0;0;0;0;0;0;0;0;0;0;0;0;0;0;0;0;0;0;1;1;0;0;0;1;3;2;4;3;0;2;0;0;0;0;0;1
78455;Noisy-le-Roi;11;78;0;1;0;0;0;0;0;0;0;0;0;0;0;0;0;7;0;1;0;0;3;0;1;1;1;4;3;11;4;5;7;3;0;11;17;2;9
78460;Oinville-sur-Montcient;11;78;0;0;0;0;0;0;0;0;0;0;0;0;0;0;0;0;0;0;0;0;2;0;0;0;0;1;3;1;3;2;3;0;0;1;1;0;2
78464;Orcemont;11;78;0;0;0;0;0;0;0;0;0;0;0;0;0;0;0;0;0;0;0;0;0;0;0;0;2;1;0;1;2;0;1;0;0;0;4;0;1
78465;Orgerus;11;78;0;0;0;0;0;0;0;0;0;0;0;0;0;0;0;1;0;1;0;0;2;0;1;0;4;1;3;7;3;0;5;2;0;4;3;0;3
78466;Orgeval;11;78;0;1;0;0;0;0;0;0;0;0;0;0;0;0;0;7;0;1;0;0;8;2;1;1;12;8;10;10;5;3;9;1;0;28;15;3;4
78470;Orphin;11;78;0;0;0;0;0;0;0;0;0;0;0;0;0;0;0;0;0;0;0;1;0;0;0;0;0;2;3;1;0;0;1;0;0;3;1;0;0
78472;Orsonville;11;78;0;0;0;0;0;0;0;0;0;0;0;0;0;0;0;0;0;0;0;0;1;0;0;0;2;2;2;1;0;0;0;0;0;0;0;0;0
78474;Orvilliers;11;78;0;0;0;0;0;0;0;0;0;0;0;0;0;0;0;0;0;0;1;0;0;0;0;0;0;2;1;2;1;0;0;0;0;2;0;0;0
78475;Osmoy;11;78;0;0;0;0;0;0;0;0;0;0;0;0;0;0;0;0;0;0;0;0;0;0;0;0;0;0;0;1;0;0;0;0;0;0;3;0;1
78478;Paray-Douaville;11;78;0;0;0;0;0;0;0;0;0;0;0;0;0;0;0;0;0;0;0;0;2;0;0;0;0;1;0;1;0;0;0;0;0;0;0;0;0
78481;Le Pecq;11;78;0;0;0;0;0;0;0;0;0;0;0;0;0;0;0;3;2;1;1;0;8;0;4;2;9;17;6;20;23;6;11;1;0;20;25;4;9
78484;Perdreauville;11;78;0;0;0;0;0;0;0;0;0;0;0;0;0;0;0;0;0;0;0;0;2;0;0;0;0;1;1;1;0;1;0;0;0;0;1;0;0
78486;Le Perray-en-Yvelines;11;78;0;0;0;0;0;0;0;0;0;0;0;0;0;0;0;5;1;1;0;0;14;1;1;1;9;17;9;12;7;7;5;1;0;17;21;1;5
78490;Plaisir;11;78;1;0;0;0;0;0;0;0;0;0;7;1;0;0;0;12;2;2;0;0;26;2;4;9;32;31;26;44;32;23;30;4;3;53;25;5;23
78497;Poigny-la-Forêt;11;78;0;0;0;0;0;0;0;0;0;0;0;0;0;0;0;0;0;0;0;0;0;0;0;0;3;2;0;1;1;2;0;2;0;2;0;0;0
78498;Poissy;11;78;1;0;0;0;1;1;0;1;0;0;7;1;0;0;0;21;6;3;0;0;18;2;14;9;34;31;19;41;31;26;44;5;15;90;38;10;16
78499;Ponthévrard;11;78;0;0;0;0;0;0;0;0;0;0;0;0;0;0;0;1;1;0;0;0;1;0;1;0;0;4;0;1;0;0;0;0;0;0;0;0;2
78501;Porcheville;11;78;0;0;0;0;0;0;0;0;0;0;0;0;0;0;0;0;0;1;0;0;2;0;0;0;7;4;6;10;6;4;4;0;0;9;1;0;4
78502;Le Port-Marly;11;78;0;0;0;0;0;0;0;0;0;0;0;0;0;0;0;0;1;1;0;0;14;1;1;1;4;7;5;4;3;7;3;0;0;14;5;0;4
78503;Port-Villez;11;78;0;0;0;0;0;0;0;0;0;0;0;0;0;0;0;0;0;0;0;0;1;0;0;0;0;0;0;0;0;0;1;0;0;1;0;0;0
78505;Prunay-le-Temple;11;78;0;0;0;0;0;0;0;0;0;0;0;0;0;0;0;0;0;0;0;0;1;0;0;1;2;0;1;2;1;1;0;0;0;0;1;0;0
78506;Prunay-en-Yvelines;11;78;0;0;0;0;0;0;0;0;0;0;0;0;0;0;0;0;0;0;0;0;3;0;0;0;1;1;1;3;1;0;0;0;0;1;0;0;0
78513;La Queue-les-Yvelines;11;78;0;1;0;0;0;0;0;0;0;0;0;0;0;0;0;3;0;1;0;0;3;1;1;0;5;1;3;3;5;3;3;6;0;9;7;0;2
78516;Raizeux;11;78;0;0;0;0;0;0;0;0;0;0;0;0;0;0;0;0;0;0;0;0;0;0;0;0;0;2;0;5;0;1;0;0;0;0;1;0;0
78517;Rambouillet;11;78;1;1;0;0;1;1;0;0;0;0;5;1;0;0;0;16;4;2;0;0;20;2;5;4;31;29;30;33;22;26;33;4;5;64;45;4;14
78518;Rennemoulin;11;78;0;0;0;0;0;0;0;0;0;0;0;0;0;0;0;0;0;0;0;0;0;0;0;0;0;0;0;0;0;2;1;0;0;0;0;0;0
78520;Richebourg;11;78;0;0;0;0;0;0;0;0;0;0;0;0;0;0;0;0;0;0;0;0;0;0;0;0;2;1;3;1;1;0;1;0;0;2;2;0;0
78522;Rochefort-en-Yvelines;11;78;0;0;0;0;0;0;0;0;0;0;0;0;0;0;0;0;0;0;1;0;1;0;0;0;3;0;0;0;0;2;0;0;0;6;2;0;1
78524;Rocquencourt;11;78;0;0;0;0;0;0;0;0;0;0;0;0;0;0;0;0;0;0;0;1;0;0;0;1;0;3;1;0;1;0;2;0;0;3;3;0;1
78528;Rolleboise;11;78;0;0;0;0;0;0;0;0;0;0;0;0;0;0;0;0;0;0;0;0;1;0;0;0;2;1;0;2;1;0;0;0;0;2;0;0;1
78530;Rosay;11;78;0;0;0;0;0;0;0;0;0;0;0;0;0;0;0;0;0;0;0;0;1;0;0;0;1;0;0;2;1;1;0;0;0;1;0;0;1
78531;Rosny-sur-Seine;11;78;0;0;0;0;0;0;0;0;0;0;0;0;0;0;0;0;0;1;0;0;7;0;0;4;12;13;6;12;6;6;8;4;0;10;5;2;4
78536;Sailly;11;78;0;0;0;0;0;0;0;0;0;0;0;0;0;0;0;0;0;0;0;0;0;0;0;0;0;1;0;1;0;1;1;0;0;2;1;0;0
78537;Saint-Arnoult-en-Yvelines;11;78;0;1;0;0;0;0;0;0;0;0;1;0;0;0;0;5;1;1;0;0;11;1;0;3;10;11;11;12;8;6;8;1;0;12;13;1;3
78545;Saint-Cyr-l'École;11;78;0;0;0;0;0;0;0;0;0;0;0;0;0;0;0;8;3;1;0;0;14;1;2;5;14;14;12;13;12;11;18;1;0;32;17;5;9
78548;Saint-Forget;11;78;0;0;0;0;0;0;0;0;0;0;0;0;0;0;0;0;0;0;0;0;0;0;0;0;0;0;0;1;0;0;0;0;0;0;1;0;1
78550;Saint-Germain-de-la-Grange;11;78;0;0;0;0;0;0;0;0;0;0;0;0;0;0;0;1;0;0;0;0;2;1;0;0;3;5;2;4;5;1;1;0;0;2;0;0;2
78551;Saint-Germain-en-Laye;11;78;1;1;0;0;1;1;0;1;0;0;12;1;0;0;0;33;6;2;0;0;14;1;8;8;52;44;32;52;32;66;47;7;2;140;92;13;34
78557;Saint-Hilarion;11;78;0;0;0;0;0;0;0;0;0;0;0;0;0;0;0;0;0;0;0;0;1;0;0;0;2;2;0;1;1;2;0;1;0;0;1;0;0
78558;Saint-Illiers-la-Ville;11;78;0;0;0;0;0;0;0;0;0;0;0;0;0;0;0;0;0;0;0;0;0;0;0;0;2;0;0;1;1;0;0;0;0;0;3;0;0
78559;Saint-Illiers-le-Bois;11;78;0;0;0;0;0;0;0;0;0;0;0;0;0;0;0;0;1;0;0;0;1;0;0;0;1;1;2;1;0;0;0;0;0;1;2;0;0
78561;Saint-Lambert;11;78;0;0;0;0;0;0;0;0;0;0;0;0;0;0;0;0;0;0;0;0;1;0;0;0;0;1;0;2;0;0;0;1;0;3;0;0;0
78562;Saint-Léger-en-Yvelines;11;78;0;0;0;0;0;0;0;0;0;0;0;0;0;0;0;0;0;0;0;1;1;0;0;0;4;2;2;1;0;0;3;0;0;4;6;0;2
78564;Saint-Martin-de-Bréthencourt;11;78;0;0;0;0;0;0;0;0;0;0;0;0;0;0;0;0;0;0;0;0;0;0;0;0;0;2;0;2;1;0;0;0;0;1;0;0;0
78565;Saint-Martin-des-Champs;11;78;0;0;0;0;0;0;0;0;0;0;0;0;0;0;0;0;0;0;0;0;0;0;0;0;2;0;0;0;0;1;0;0;0;0;0;0;0
78567;Saint-Martin-la-Garenne;11;78;0;0;0;0;0;0;0;0;0;0;0;0;0;0;0;0;0;0;0;0;0;0;0;0;1;0;2;2;2;2;0;0;0;1;2;0;1
78569;Sainte-Mesme;11;78;0;0;0;0;0;0;0;0;0;0;0;0;0;0;0;0;0;0;0;0;2;0;0;1;0;1;3;3;0;1;1;0;0;2;1;0;0
78571;Saint-Nom-la-Bretèche;11;78;0;0;0;0;0;0;0;0;0;0;0;0;0;0;0;3;0;1;0;0;3;0;1;1;2;4;0;8;3;3;3;1;0;11;18;1;3
78575;Saint-Rémy-lès-Chevreuse;11;78;0;0;0;0;0;0;0;0;0;0;0;0;0;0;0;7;1;1;0;0;7;1;0;2;4;5;7;6;5;4;7;3;0;10;10;2;3
78576;Saint-Rémy-l'Honoré;11;78;0;0;0;0;0;0;0;0;0;0;0;0;0;0;0;0;0;0;0;0;0;0;0;0;1;0;1;2;1;0;2;0;0;3;3;0;0
78586;Sartrouville;11;78;1;0;0;0;0;0;0;0;0;0;1;1;0;0;0;17;5;2;0;0;72;4;2;10;94;92;73;93;100;77;57;4;4;102;67;7;21
78588;Saulx-Marchais;11;78;0;0;0;0;0;0;0;0;0;0;0;0;0;0;0;0;0;0;0;0;2;0;0;0;3;1;4;4;2;2;0;0;0;0;1;0;1
78590;Senlisse;11;78;0;0;0;0;0;0;0;0;0;0;0;0;0;0;0;0;0;0;0;0;2;0;0;0;1;1;0;1;2;0;0;0;0;1;0;0;0
78591;Septeuil;11;78;0;1;0;0;0;0;0;0;0;0;0;0;0;0;0;1;1;1;0;0;3;1;0;1;6;1;4;3;2;1;7;1;0;5;4;2;3
78597;Soindres;11;78;0;0;0;0;0;0;0;0;0;0;0;0;0;0;0;0;0;0;0;0;3;0;0;0;5;1;2;2;1;1;0;0;0;1;0;0;1
78601;Sonchamp;11;78;0;0;0;0;0;0;0;0;0;0;0;0;0;0;0;0;0;0;1;0;1;0;0;0;1;2;1;0;3;1;2;0;0;0;1;0;1
78605;Tacoignières;11;78;0;0;0;0;0;0;0;0;0;0;0;0;0;0;0;0;0;0;0;1;2;0;0;0;0;1;1;4;0;1;0;0;0;2;0;0;0
78606;Le Tartre-Gaudran;11;78;0;0;0;0;0;0;0;0;0;0;0;0;0;0;0;0;0;0;0;0;0;0;0;0;0;0;0;0;0;0;0;0;0;0;0;0;0
78608;Le Tertre-Saint-Denis;11;78;0;0;0;0;0;0;0;0;0;0;0;0;0;0;0;0;0;0;0;0;1;0;0;0;0;0;1;0;1;0;0;0;0;0;0;0;0
78609;Tessancourt-sur-Aubette;11;78;0;0;0;0;0;0;0;0;0;0;0;0;0;0;0;0;0;0;0;0;1;0;1;0;2;2;1;6;3;1;1;0;0;0;1;0;1
78615;Thiverval-Grignon;11;78;0;0;0;0;0;0;0;0;0;0;0;0;0;0;0;0;0;0;0;1;0;0;0;0;1;2;0;3;0;1;0;0;0;2;2;0;0
78616;Thoiry;11;78;0;0;0;0;0;0;0;0;0;0;0;0;0;0;0;0;0;1;0;0;2;0;0;0;2;2;0;1;1;2;2;0;0;2;4;0;6
78618;Tilly;11;78;0;0;0;0;0;0;0;0;0;0;0;0;0;0;0;0;0;0;0;0;1;0;0;0;0;1;3;0;0;0;0;0;0;1;0;0;0
78620;Toussus-le-Noble;11;78;0;0;0;0;0;0;0;0;0;0;0;0;0;0;0;0;0;0;1;0;1;0;0;1;3;2;1;1;0;0;0;0;0;4;2;0;0
78621;Trappes;11;78;1;0;0;0;0;0;0;1;0;0;1;1;0;1;0;10;3;2;0;0;45;5;13;10;47;51;21;41;31;35;21;1;5;58;10;6;4
78623;Le Tremblay-sur-Mauldre;11;78;0;0;0;0;0;0;0;0;0;0;0;0;0;0;0;0;0;0;0;0;1;0;0;0;1;0;2;0;1;2;0;0;0;1;1;0;1
78624;Triel-sur-Seine;11;78;0;1;0;0;0;0;0;0;0;0;1;0;0;0;0;6;4;1;0;0;13;1;0;2;17;14;12;24;17;15;13;1;0;20;24;3;11
78638;Vaux-sur-Seine;11;78;0;0;0;0;0;0;0;0;0;0;0;0;0;0;0;0;0;1;0;0;5;0;0;1;8;8;6;12;9;5;4;0;0;4;10;0;6
78640;Vélizy-Villacoublay;11;78;1;0;0;0;0;0;0;0;0;0;0;0;0;0;0;15;1;3;1;1;9;0;4;5;14;24;9;28;19;34;22;3;1;77;13;5;17
78642;Verneuil-sur-Seine;11;78;0;0;0;0;0;0;0;0;0;0;0;0;0;0;0;8;1;1;0;0;6;0;0;3;11;16;7;15;14;14;8;1;1;21;20;2;14
78643;Vernouillet;11;78;0;0;0;0;0;0;0;0;0;0;0;0;0;0;0;3;1;1;0;0;13;1;0;3;10;17;3;11;6;5;6;1;0;11;11;1;5
78644;La Verrière;11;78;0;0;0;0;0;0;0;0;0;0;0;0;0;0;0;0;0;1;0;0;10;0;1;1;7;2;4;7;8;8;2;0;0;13;3;1;2
78646;Versailles;11;78;1;1;1;1;1;1;1;0;0;0;21;1;0;0;0;67;11;9;0;0;44;4;20;15;76;99;49;81;70;75;81;11;18;322;184;26;49
78647;Vert;11;78;0;0;0;0;0;0;0;0;0;0;0;0;0;0;0;0;0;0;0;1;2;0;0;0;1;2;1;1;1;0;1;1;0;1;1;0;2
78650;Le Vésinet;11;78;1;0;0;0;0;0;0;0;0;0;1;0;0;0;0;16;1;2;0;0;6;0;2;4;5;15;6;15;12;9;21;6;1;35;55;9;10
78653;Vicq;11;78;0;0;0;0;0;0;0;0;0;0;0;0;0;0;0;0;0;0;0;0;0;0;0;0;1;0;1;2;0;1;0;0;0;0;1;0;0
78655;Vieille-Église-en-Yvelines;11;78;0;0;0;0;0;0;0;0;0;0;0;0;0;0;0;0;0;0;0;0;0;0;0;0;0;2;1;2;2;3;0;0;0;0;0;0;0
78668;La Villeneuve-en-Chevrie;11;78;0;0;0;0;0;0;0;0;0;0;0;0;0;0;0;0;0;0;0;0;1;0;0;0;0;1;0;1;2;0;0;0;0;2;0;0;0
78672;Villennes-sur-Seine;11;78;0;0;0;0;0;0;0;0;0;0;0;0;0;0;0;3;0;1;0;0;4;0;0;2;3;7;2;4;1;4;4;2;0;11;16;0;0
78674;Villepreux;11;78;0;0;0;0;0;0;0;0;0;0;0;0;0;0;0;5;0;1;0;0;2;0;1;4;10;11;6;6;9;5;7;1;0;9;11;1;3
78677;Villette;11;78;0;0;0;0;0;0;0;0;0;0;0;0;0;0;0;0;0;0;0;0;2;0;0;0;0;2;3;1;0;0;0;0;0;0;1;0;0
78681;Villiers-le-Mahieu;11;78;0;0;0;0;0;0;0;0;0;0;0;0;0;0;0;0;0;0;0;0;1;0;1;0;0;0;0;0;2;0;0;0;0;1;0;0;0
78683;Villiers-Saint-Frédéric;11;78;0;0;0;0;0;0;0;0;0;0;0;0;0;0;0;1;0;0;0;0;5;1;0;2;7;7;3;9;6;6;1;2;0;4;3;1;1
78686;Viroflay;11;78;2;0;0;0;0;0;0;0;0;0;0;0;0;0;0;12;0;1;0;0;13;0;1;4;9;16;19;16;10;9;16;2;0;32;24;6;11
78688;Voisins-le-Bretonneux;11;78;0;0;0;0;0;0;0;0;0;0;0;0;0;0;0;6;2;1;0;0;5;1;3;3;8;9;3;8;2;6;8;1;0;22;19;2;4
79001;L'Absie;75;79;0;0;0;0;0;0;0;0;0;0;0;0;0;0;0;2;0;1;0;0;5;0;0;1;2;5;4;2;1;0;3;2;0;5;1;0;0
79002;Adilly;75;79;0;0;0;0;0;0;0;0;0;0;0;0;0;0;0;0;0;0;0;0;0;0;0;0;0;0;0;1;0;0;0;0;0;0;0;0;0
79003;Aiffres;75;79;0;0;0;0;0;0;0;0;0;0;0;0;0;0;0;2;0;1;0;0;4;0;0;1;8;10;6;4;3;1;5;3;0;3;3;1;2
79004;Aigonnay;75;79;0;0;0;0;0;0;0;0;0;0;0;0;0;0;0;0;0;0;0;0;2;0;0;0;1;1;1;0;0;1;0;0;0;0;0;0;0
79005;Airvault;75;79;0;1;0;0;0;0;0;0;0;0;1;0;0;0;0;3;1;1;0;0;7;1;0;2;2;2;7;2;3;0;5;3;0;5;2;1;3
79006;Les Alleuds;75;79;0;0;0;0;0;0;0;0;0;0;0;0;0;0;0;0;0;0;0;0;1;0;0;0;3;0;0;0;0;0;0;0;0;1;0;0;0
79007;Allonne;75;79;0;0;0;0;0;0;0;0;0;0;0;0;0;0;0;0;0;0;0;0;1;0;0;0;2;1;3;3;0;0;1;0;0;1;0;0;0
79008;Amailloux;75;79;0;0;0;0;0;0;0;0;0;0;0;0;0;0;0;0;0;0;1;0;3;0;0;0;4;2;2;1;0;1;1;0;0;3;1;0;0
79009;Amuré;75;79;0;0;0;0;0;0;0;0;0;0;0;0;0;0;0;0;0;0;0;0;0;0;0;0;2;1;2;1;0;0;0;0;0;0;0;0;0
79010;Arçais;75;79;0;0;0;0;0;0;0;0;0;0;0;0;0;0;0;0;0;0;0;1;1;0;0;0;1;1;1;1;0;0;1;0;0;5;0;0;0
79011;Ardilleux;75;79;0;0;0;0;0;0;0;0;0;0;0;0;0;0;0;0;0;0;0;0;0;0;0;0;0;0;0;0;0;0;0;0;0;0;0;0;0
79012;Ardin;75;79;0;0;0;0;0;0;0;0;0;0;0;0;0;0;0;0;0;0;0;1;1;0;0;0;2;1;1;3;2;1;1;0;0;1;1;0;0
79013;Argentonnay;75;79;0;1;0;0;0;0;0;0;0;0;0;0;1;0;0;3;0;1;0;0;11;0;0;3;5;2;8;5;1;0;3;6;0;6;0;0;1
79014;Argenton-l'Église;75;79;0;0;0;0;0;0;0;0;0;0;0;0;0;0;0;1;0;1;0;0;3;1;0;0;0;2;0;1;1;0;2;0;0;1;0;0;0
79015;Asnières-en-Poitou;75;79;0;0;0;0;0;0;0;0;0;0;0;0;0;0;0;0;0;0;0;0;0;0;0;0;1;1;1;0;2;0;0;0;0;0;0;0;0
79016;Assais-les-Jumeaux;75;79;0;0;0;0;0;0;0;0;0;0;0;0;0;0;0;1;0;0;0;1;1;0;0;0;3;1;3;0;1;0;1;0;0;2;0;0;0
79018;Aubigné;75;79;0;0;0;0;0;0;0;0;0;0;0;0;0;0;0;0;0;0;0;0;1;0;0;0;0;1;0;0;0;0;1;0;0;1;0;0;0
79019;Aubigny;75;79;0;0;0;0;0;0;0;0;0;0;0;0;0;0;0;0;0;0;0;0;1;0;0;0;1;1;0;0;0;0;0;0;0;0;0;0;0
79020;Augé;75;79;0;0;0;0;0;0;0;0;0;0;0;0;0;0;0;0;0;0;0;1;1;0;0;0;3;1;2;2;0;0;0;0;0;1;1;0;0
79022;Availles-Thouarsais;75;79;0;0;0;0;0;0;0;0;0;0;0;0;0;0;0;0;0;0;0;0;0;0;0;0;0;0;0;1;1;0;1;0;0;0;0;0;1
79023;Avon;75;79;0;0;0;0;0;0;0;0;0;0;0;0;0;0;0;0;0;0;0;0;0;0;0;0;0;0;0;0;0;0;0;0;0;1;0;0;0
79024;Azay-le-Brûlé;75;79;0;0;0;0;0;0;0;0;0;0;0;0;0;0;0;0;0;0;0;0;6;0;0;1;3;6;3;0;5;2;2;0;0;2;0;1;2
79025;Azay-sur-Thouet;75;79;0;0;0;0;0;0;0;0;0;0;0;0;0;0;0;0;0;0;1;0;2;0;0;0;3;0;4;2;3;0;2;0;0;4;1;0;0
79027;La Bataille;75;79;0;0;0;0;0;0;0;0;0;0;0;0;0;0;0;0;0;0;0;0;0;0;0;0;0;0;0;0;0;0;0;0;0;0;0;0;0
79029;Beaulieu-sous-Parthenay;75;79;0;0;0;0;0;0;0;0;0;0;0;0;0;0;0;0;0;0;0;0;0;0;0;0;1;0;2;2;0;0;1;0;0;0;0;0;0
79030;Beaussais-Vitré;75;79;0;0;0;0;0;0;0;0;0;0;0;0;0;0;0;0;0;0;0;0;0;0;0;0;0;1;4;0;0;0;0;0;0;0;0;0;0
79031;Beauvoir-sur-Niort;75;79;0;1;0;0;0;0;0;0;0;0;1;0;0;0;0;1;1;1;0;0;2;1;0;1;6;2;2;1;0;0;3;1;0;3;1;0;1
79032;Béceleuf;75;79;0;0;0;0;0;0;0;0;0;0;0;0;0;0;0;0;0;0;0;0;3;0;0;0;0;1;1;1;0;0;0;0;0;0;1;0;2
79033;Belleville;75;79;0;0;0;0;0;0;0;0;0;0;0;0;0;0;0;0;0;0;0;0;0;0;0;0;0;0;0;0;1;0;0;0;0;0;0;0;0
79034;Bessines;75;79;0;0;0;0;0;0;0;0;0;0;0;0;0;0;0;1;0;0;1;0;5;2;1;0;8;4;6;4;2;4;5;0;0;12;1;1;3
79035;Le Beugnon;75;79;0;0;0;0;0;0;0;0;0;0;0;0;0;0;0;0;0;0;0;0;0;0;0;0;4;1;0;0;0;0;0;0;0;1;0;0;0
79038;Boismé;75;79;0;0;0;0;0;0;0;0;0;0;0;0;0;0;0;0;0;0;0;1;2;0;0;0;3;0;3;0;4;1;2;0;0;1;1;0;1
79039;Boisserolles;75;79;0;0;0;0;0;0;0;0;0;0;0;0;0;0;0;0;0;0;0;0;0;0;0;0;0;0;0;0;0;0;0;0;0;0;0;0;0
79040;La Boissière-en-Gâtine;75;79;0;0;0;0;0;0;0;0;0;0;0;0;0;0;0;0;0;0;0;0;0;0;0;0;0;0;2;0;0;0;0;0;0;1;0;0;0
79042;Bougon;75;79;0;0;0;0;0;0;0;0;0;0;0;0;0;0;0;0;0;0;0;0;0;0;0;0;0;1;0;1;0;0;0;0;0;0;0;0;0
79043;Bouillé-Loretz;75;79;0;0;0;0;0;0;0;0;0;0;0;0;0;0;0;0;0;0;1;0;1;0;0;1;1;3;0;1;1;0;2;0;0;1;0;0;0
79044;Bouillé-Saint-Paul;75;79;0;0;0;0;0;0;0;0;0;0;0;0;0;0;0;0;0;0;0;0;0;0;0;0;0;0;0;0;0;0;0;0;0;2;0;0;0
79045;Bouin;75;79;0;0;0;0;0;0;0;0;0;0;0;0;0;0;0;0;0;0;0;0;1;0;0;0;1;0;0;0;0;0;0;0;0;0;0;0;0
79046;Le Bourdet;75;79;0;0;0;0;0;0;0;0;0;0;0;0;0;0;0;0;0;0;0;0;0;0;0;0;1;4;2;1;0;1;0;0;0;1;0;0;0
79047;Boussais;75;79;0;0;0;0;0;0;0;0;0;0;0;0;0;0;0;0;0;0;1;0;0;0;0;0;0;0;1;0;0;0;1;0;0;1;0;0;0
79048;La Crèche;75;79;0;0;0;0;0;0;0;0;0;0;1;0;0;0;0;3;0;1;0;0;11;1;1;5;5;8;12;8;9;1;4;3;1;7;4;0;3
79049;Bressuire;75;79;0;1;0;0;1;0;0;0;0;0;5;1;0;0;0;16;4;1;0;7;37;6;1;10;19;14;21;16;19;7;30;6;14;45;21;5;10
79050;Bretignolles;75;79;0;0;0;0;0;0;0;0;0;0;0;0;0;0;0;0;0;0;0;0;0;0;0;0;1;0;2;1;0;1;1;0;0;0;0;0;0
79051;Le Breuil-Bernard;75;79;0;0;0;0;0;0;0;0;0;0;0;0;0;0;0;0;0;0;0;0;0;0;0;0;0;0;0;0;0;0;0;0;0;0;1;0;0
79054;Brie;75;79;0;0;0;0;0;0;0;0;0;0;0;0;0;0;0;0;0;0;0;0;0;0;0;0;0;0;0;0;0;0;0;0;0;1;0;0;0
79055;Brieuil-sur-Chizé;75;79;0;0;0;0;0;0;0;0;0;0;0;0;0;0;0;0;0;0;0;0;0;0;0;0;0;0;0;0;0;0;0;0;0;0;0;0;0
79056;Brion-près-Thouet;75;79;0;0;0;0;0;0;0;0;0;0;0;0;0;0;0;0;0;0;1;0;2;0;0;0;3;1;2;0;1;0;1;0;0;1;0;0;0
79057;Brioux-sur-Boutonne;75;79;0;1;0;0;0;0;0;0;0;0;1;0;0;0;0;3;0;1;0;0;4;1;0;0;2;5;5;1;1;0;2;1;0;3;0;0;0
79058;Brûlain;75;79;0;0;0;0;0;0;0;0;0;0;0;0;0;0;0;0;0;0;0;1;0;0;0;0;1;0;2;0;1;0;1;0;0;1;2;0;0
79059;Le Busseau;75;79;0;0;0;0;0;0;0;0;0;0;0;0;0;0;0;0;0;0;0;1;4;0;0;0;2;2;1;3;2;0;0;0;0;0;1;0;0
79060;Caunay;75;79;0;0;0;0;0;0;0;0;0;0;0;0;0;0;0;0;0;0;0;0;0;0;0;0;0;1;1;1;0;0;0;0;0;1;0;0;0
79061;Celles-sur-Belle;75;79;0;1;0;0;0;0;0;0;0;0;1;0;0;0;0;4;1;1;0;0;5;1;0;1;4;11;11;4;3;1;5;1;0;6;5;0;2
79062;Cerizay;75;79;0;1;0;0;0;0;0;0;0;0;1;0;0;0;0;5;0;1;0;0;9;1;0;3;5;3;5;3;2;1;6;4;0;5;4;3;4
79063;Cersay;75;79;0;0;0;0;0;0;0;0;0;0;0;0;0;0;0;1;0;0;1;0;3;0;0;0;3;3;2;0;1;0;3;0;0;1;1;0;1
79064;Chail;75;79;0;0;0;0;0;0;0;0;0;0;0;0;0;0;0;0;1;0;0;0;2;0;0;0;1;0;0;1;0;0;0;0;0;1;0;0;0
79066;Champdeniers-Saint-Denis;75;79;0;1;0;0;0;0;0;0;0;0;0;0;0;0;0;3;1;1;0;0;3;0;0;1;2;3;2;2;1;0;5;0;0;2;2;0;2
79068;Chantecorps;75;79;0;0;0;0;0;0;0;0;0;0;0;0;0;0;0;0;0;0;0;0;1;0;0;0;0;0;2;1;0;0;0;0;0;0;1;0;0
79069;Chanteloup;75;79;0;0;0;0;0;0;0;0;0;0;0;0;0;0;0;0;0;0;0;0;0;0;0;0;1;2;2;1;0;0;1;0;0;1;0;0;2
79070;La Chapelle-Bâton;75;79;0;0;0;0;0;0;0;0;0;0;0;0;0;0;0;0;0;0;0;0;1;0;0;0;0;1;1;2;0;0;0;0;0;2;0;0;0
79071;La Chapelle-Bertrand;75;79;0;0;0;0;0;0;0;0;0;0;0;0;0;0;0;0;0;0;0;0;0;0;0;0;4;0;0;1;1;1;1;0;0;1;0;0;0
79074;La Chapelle-Pouilloux;75;79;0;0;0;0;0;0;0;0;0;0;0;0;0;0;0;0;0;0;0;0;0;0;0;0;1;1;1;0;0;0;0;0;0;0;0;0;0
79075;La Chapelle-Saint-Étienne;75;79;0;0;0;0;0;0;0;0;0;0;0;0;0;0;0;0;0;0;0;0;0;0;0;0;0;1;1;0;0;0;0;0;0;0;0;0;0
79076;La Chapelle-Saint-Laurent;75;79;0;0;0;0;0;0;0;0;0;0;0;0;0;0;0;2;0;1;0;0;5;0;0;0;1;4;8;2;6;0;5;0;0;1;3;0;1
79077;La Chapelle-Thireuil;75;79;0;0;0;0;0;0;0;0;0;0;0;0;0;0;0;0;0;0;0;0;0;0;0;0;0;0;2;0;0;0;0;0;0;0;0;0;0
79078;Prissé-la-Charrière;75;79;0;0;0;0;0;0;0;0;0;0;0;0;0;0;0;0;0;0;0;0;2;0;0;0;1;1;5;2;0;0;1;0;0;1;0;0;0
79079;Mauléon;75;79;0;1;0;0;0;0;0;0;0;0;1;0;0;0;0;5;1;1;0;1;15;1;0;2;8;6;18;10;4;1;11;3;1;9;3;1;6
79080;Châtillon-sur-Thouet;75;79;0;0;0;0;0;0;0;0;0;0;0;0;0;0;0;0;0;0;1;0;5;0;0;0;3;2;8;4;5;0;4;0;0;2;3;0;1
79081;Chauray;75;79;0;0;0;0;0;0;0;0;0;0;0;0;0;0;0;4;0;1;0;0;19;4;0;3;9;4;8;7;4;4;8;0;0;9;6;1;4
79083;Chef-Boutonne;75;79;0;1;0;0;0;0;0;0;0;0;0;0;0;0;0;3;1;1;0;0;3;1;0;1;4;3;2;3;1;0;4;4;0;8;3;2;1
79084;Chenay;75;79;0;0;0;0;0;0;0;0;0;0;0;0;0;0;0;0;0;0;0;0;1;0;0;0;0;2;1;1;0;0;1;0;0;0;1;0;0
79085;Chérigné;75;79;0;0;0;0;0;0;0;0;0;0;0;0;0;0;0;0;0;0;0;0;0;0;0;0;0;0;0;0;1;0;0;0;0;0;0;0;0
79086;Cherveux;75;79;0;0;0;0;0;0;0;0;0;0;0;0;0;0;0;0;0;0;1;0;2;0;0;0;2;5;2;4;3;0;2;0;0;1;0;0;2
79087;Chey;75;79;0;0;0;0;0;0;0;0;0;0;0;0;0;0;0;0;0;0;0;0;2;0;0;0;2;4;4;3;1;0;1;0;0;0;1;0;0
79088;Chiché;75;79;0;0;0;0;0;0;0;0;0;0;0;0;0;0;0;1;0;1;0;0;2;0;0;0;2;2;4;3;0;0;1;3;0;5;0;0;0
79089;Le Chillou;75;79;0;0;0;0;0;0;0;0;0;0;0;0;0;0;0;0;0;0;0;0;0;0;0;0;0;0;1;0;0;0;0;0;0;0;0;0;0
79090;Chizé;75;79;0;0;0;0;0;0;0;0;0;0;0;0;0;0;0;1;0;0;1;0;1;0;0;0;3;2;1;1;1;0;2;0;0;0;0;0;0
79091;Cirières;75;79;0;0;0;0;0;0;0;0;0;0;0;0;0;0;0;0;0;0;0;0;2;0;0;0;2;2;0;3;0;0;1;0;0;2;0;0;0
79092;Clavé;75;79;0;0;0;0;0;0;0;0;0;0;0;0;0;0;0;0;0;0;1;0;0;0;0;0;0;0;0;0;0;0;0;0;0;1;0;0;0
79094;Clessé;75;79;0;0;0;0;0;0;0;0;0;0;0;0;0;0;0;0;0;0;0;1;3;0;0;0;1;3;5;1;2;0;2;0;0;1;0;0;0
79095;Clussais-la-Pommeraie;75;79;0;0;0;0;0;0;0;0;0;0;0;0;0;0;0;0;0;0;0;0;1;0;0;0;3;1;2;0;0;0;0;0;0;0;4;0;0
79096;Combrand;75;79;0;0;0;0;0;0;0;0;0;0;0;0;0;0;0;1;0;0;0;0;2;0;0;0;1;1;2;1;1;0;1;0;0;1;1;0;1
79098;La Couarde;75;79;0;0;0;0;0;0;0;0;0;0;0;0;0;0;0;0;0;0;0;0;0;0;0;0;0;0;1;0;2;0;0;0;0;1;0;0;0
79100;Coulon;75;79;0;0;0;0;0;0;0;0;0;0;0;0;0;0;0;1;0;1;0;0;2;0;0;1;5;1;3;1;3;0;4;0;0;16;4;0;1
79101;Coulonges-sur-l'Autize;75;79;0;1;0;0;0;0;0;0;0;0;1;0;0;0;0;4;3;1;0;0;9;1;0;2;4;6;5;8;2;0;3;3;0;6;2;0;1
79102;Coulonges-Thouarsais;75;79;0;0;0;0;0;0;0;0;0;0;0;0;0;0;0;0;0;0;0;0;1;0;0;0;0;0;2;0;0;0;1;0;0;1;0;0;1
79103;Courlay;75;79;0;0;0;0;0;0;0;0;0;0;0;0;0;0;0;2;0;0;1;0;8;0;0;0;1;4;6;2;1;1;5;0;0;3;1;0;1
79104;Cours;75;79;0;0;0;0;0;0;0;0;0;0;0;0;0;0;0;0;0;0;0;0;1;0;0;0;2;1;0;1;0;0;0;0;0;0;0;0;0
79105;Coutières;75;79;0;0;0;0;0;0;0;0;0;0;0;0;0;0;0;0;0;0;0;0;0;0;0;0;0;0;0;0;0;0;0;0;0;0;0;0;0
79106;Couture-d'Argenson;75;79;0;0;0;0;0;0;0;0;0;0;0;0;0;0;0;0;0;0;0;1;2;0;0;0;1;0;0;2;0;0;1;0;0;0;0;0;0
79107;Crézières;75;79;0;0;0;0;0;0;0;0;0;0;0;0;0;0;0;0;0;0;0;0;0;0;0;0;0;0;0;0;0;0;0;0;0;0;0;0;0
79108;Doux;75;79;0;0;0;0;0;0;0;0;0;0;0;0;0;0;0;0;0;0;0;0;1;0;0;0;0;1;0;1;0;0;0;0;0;0;0;0;0
79109;Échiré;75;79;0;0;0;0;0;0;0;0;0;0;0;0;0;0;0;1;0;1;0;0;12;0;0;1;4;5;7;7;3;2;5;1;0;1;4;0;1
79111;Ensigné;75;79;0;0;0;0;0;0;0;0;0;0;0;0;0;0;0;0;0;0;0;0;1;0;0;0;1;1;1;0;0;0;1;0;0;0;0;0;0
79112;Épannes;75;79;0;0;0;0;0;0;0;0;0;0;0;0;0;0;0;0;0;0;0;1;1;0;0;0;2;1;3;1;0;0;2;0;0;1;1;0;0
79114;Exireuil;75;79;0;0;0;0;0;0;0;0;0;0;0;0;0;0;0;0;0;0;0;0;2;0;0;0;4;2;3;0;3;0;0;0;0;2;0;1;0
79115;Exoudun;75;79;0;0;0;0;0;0;0;0;0;0;0;0;0;0;0;0;0;0;0;0;0;0;0;0;1;0;0;0;1;0;0;0;0;0;0;0;0
79116;Faye-l'Abbesse;75;79;0;0;0;0;0;0;0;0;0;0;0;0;0;0;0;0;0;1;0;0;1;0;0;0;2;2;1;0;3;0;2;0;0;2;0;0;0
79117;Faye-sur-Ardin;75;79;0;0;0;0;0;0;0;0;0;0;0;0;0;0;0;0;0;0;0;0;2;0;0;0;1;0;0;1;0;0;1;0;0;0;0;0;0
79118;Fénery;75;79;0;0;0;0;0;0;0;0;0;0;0;0;0;0;0;0;0;0;0;0;1;0;0;0;1;0;0;0;1;1;0;0;0;0;0;0;0
79119;Fenioux;75;79;0;0;0;0;0;0;0;0;0;0;0;0;0;0;0;0;0;0;0;1;1;0;0;0;2;1;2;1;1;0;3;0;0;1;0;0;0
79120;La Ferrière-en-Parthenay;75;79;0;0;0;0;0;0;0;0;0;0;0;0;0;0;0;0;0;0;0;1;2;0;0;0;2;2;4;2;0;0;1;0;0;3;0;0;0
79121;Fomperron;75;79;0;0;0;0;0;0;0;0;0;0;0;0;0;0;0;0;0;0;0;0;2;0;0;0;0;0;1;1;0;0;1;0;0;2;0;0;0
79122;Fontenille-Saint-Martin-d'Entraigues;75;79;0;0;0;0;0;0;0;0;0;0;0;0;0;0;0;0;0;0;0;0;2;0;0;0;2;2;2;0;1;0;0;0;0;0;0;0;0
79123;La Forêt-sur-Sèvre;75;79;0;0;0;0;0;0;0;0;0;0;0;0;0;0;0;0;0;0;1;0;5;0;1;0;3;1;1;3;2;0;1;0;0;3;0;0;0
79124;Les Forges;75;79;0;0;0;0;0;0;0;0;0;0;0;0;0;0;0;0;0;0;0;0;0;0;0;0;0;1;1;0;0;0;0;0;0;1;0;0;0
79125;Fors;75;79;0;0;0;0;0;0;0;0;0;0;0;0;0;0;0;0;0;0;1;0;1;0;0;0;6;3;4;3;3;0;1;0;0;0;1;0;2
79126;Les Fosses;75;79;0;0;0;0;0;0;0;0;0;0;0;0;0;0;0;0;0;0;0;0;0;0;0;0;0;2;0;0;0;0;0;0;0;0;3;0;0
79127;La Foye-Monjault;75;79;0;0;0;0;0;0;0;0;0;0;0;0;0;0;0;0;0;0;0;0;0;0;0;0;2;0;4;1;2;0;1;0;0;1;1;0;0
79128;François;75;79;0;0;0;0;0;0;0;0;0;0;0;0;0;0;0;0;0;0;0;0;1;0;0;0;1;0;1;1;1;0;1;0;0;0;0;0;0
79129;Fressines;75;79;0;0;0;0;0;0;0;0;0;0;0;0;0;0;0;0;0;0;0;0;2;0;0;0;2;1;0;1;4;0;1;0;0;0;1;0;0
79130;Frontenay-Rohan-Rohan;75;79;0;1;0;0;0;0;0;0;0;0;1;0;0;0;0;4;0;1;0;0;5;0;0;2;2;4;5;3;5;0;2;0;0;2;2;1;1
79131;Geay;75;79;0;0;0;0;0;0;0;0;0;0;0;0;0;0;0;0;0;0;0;0;0;0;0;0;1;1;0;0;0;0;0;0;0;1;0;0;0
79132;Genneton;75;79;0;0;0;0;0;0;0;0;0;0;0;0;0;0;0;0;0;0;0;0;0;0;0;0;0;0;0;0;0;0;0;0;0;0;1;0;0
79133;Germond-Rouvre;75;79;0;0;0;0;0;0;0;0;0;0;0;0;0;0;0;0;0;0;0;0;0;0;0;0;3;1;2;2;1;0;0;0;0;1;0;0;0
79134;Glénay;75;79;0;0;0;0;0;0;0;0;0;0;0;0;0;0;0;0;0;0;0;0;0;0;0;0;0;1;0;0;0;0;0;0;0;1;0;0;0
79135;Gourgé;75;79;0;0;0;0;0;0;0;0;0;0;0;0;0;0;0;0;0;0;1;0;2;0;0;0;1;1;1;1;1;1;1;1;0;2;2;0;0
79136;Gournay-Loizé;75;79;0;0;0;0;0;0;0;0;0;0;0;0;0;0;0;0;1;0;0;0;0;0;0;0;2;1;2;3;0;0;0;0;0;0;0;0;0
79137;Granzay-Gript;75;79;0;0;0;0;0;0;0;0;0;0;0;0;0;0;0;0;0;0;0;0;1;0;0;0;0;0;3;2;1;0;0;0;0;3;0;0;1
79139;Les Groseillers;75;79;0;0;0;0;0;0;0;0;0;0;0;0;0;0;0;0;0;0;0;0;0;0;0;0;1;0;0;0;0;0;0;0;0;0;0;0;0
79140;Hanc;75;79;0;0;0;0;0;0;0;0;0;0;0;0;0;0;0;0;0;0;0;0;0;0;0;0;2;0;2;0;1;1;1;0;0;1;0;0;0
79141;Irais;75;79;0;0;0;0;0;0;0;0;0;0;0;0;0;0;0;0;0;0;0;0;1;0;0;0;1;0;2;0;0;0;0;0;0;0;0;0;1
79142;Juillé;75;79;0;0;0;0;0;0;0;0;0;0;0;0;0;0;0;0;0;0;0;0;0;0;0;0;0;0;0;0;0;0;0;0;0;0;0;0;0
79144;Juscorps;75;79;0;0;0;0;0;0;0;0;0;0;0;0;0;0;0;0;0;0;0;0;2;0;0;0;5;0;0;3;0;0;0;0;0;0;0;0;0
79145;Lageon;75;79;0;0;0;0;0;0;0;0;0;0;0;0;0;0;0;0;0;0;0;0;1;0;0;0;0;0;0;0;0;0;0;0;0;1;0;0;0
79147;Largeasse;75;79;0;0;0;0;0;0;0;0;0;0;0;0;0;0;0;0;0;0;0;1;1;0;0;0;1;1;1;0;0;0;1;0;0;1;0;0;0
79148;Lezay;75;79;0;1;0;0;0;0;0;0;0;0;0;0;0;0;0;3;0;1;0;0;4;1;0;1;5;4;5;6;0;2;5;1;0;6;1;0;1
79149;Lhoumois;75;79;0;0;0;0;0;0;0;0;0;0;0;0;0;0;0;0;0;0;0;0;0;0;0;0;0;0;1;0;0;0;0;0;0;1;0;0;0
79150;Limalonges;75;79;0;0;0;0;0;0;0;0;0;0;0;0;0;0;0;0;0;0;1;0;2;0;0;1;4;0;0;3;3;0;2;0;0;4;0;0;0
79152;Lorigné;75;79;0;0;0;0;0;0;0;0;0;0;0;0;0;0;0;0;0;0;0;0;0;0;0;0;2;0;2;0;1;1;0;0;0;0;0;0;0
79153;Loubigné;75;79;0;0;0;0;0;0;0;0;0;0;0;0;0;0;0;0;0;0;0;0;0;0;0;0;0;1;1;0;0;0;0;0;0;0;0;0;0
79154;Loubillé;75;79;0;0;0;0;0;0;0;0;0;0;0;0;0;0;0;0;0;0;1;0;0;0;0;0;2;1;0;0;1;0;1;0;0;0;0;0;0
79156;Louin;75;79;0;0;0;0;0;0;0;0;0;0;0;0;0;0;0;0;0;0;0;0;1;0;0;0;1;1;1;2;0;0;0;0;0;0;0;0;0
79157;Louzy;75;79;0;0;0;0;0;0;0;0;0;0;0;0;0;0;0;0;0;0;0;0;4;0;0;0;2;1;3;3;3;0;2;0;0;0;0;0;0
79158;Luché-sur-Brioux;75;79;0;0;0;0;0;0;0;0;0;0;0;0;0;0;0;0;0;0;0;0;0;0;0;0;0;0;0;0;0;0;0;0;0;0;0;0;0
79159;Luché-Thouarsais;75;79;0;0;0;0;0;0;0;0;0;0;0;0;0;0;0;0;0;0;1;0;0;0;0;0;0;0;0;0;0;0;0;0;0;2;0;0;0
79160;Lusseray;75;79;0;0;0;0;0;0;0;0;0;0;0;0;0;0;0;0;0;0;0;0;0;0;0;0;1;0;0;0;0;0;0;0;0;0;0;0;0
79161;Luzay;75;79;0;0;0;0;0;0;0;0;0;0;0;0;0;0;0;0;0;0;0;0;0;0;0;0;3;0;0;0;1;0;1;0;0;1;0;0;0
79162;Magné;75;79;0;0;0;0;0;0;0;0;0;0;0;0;0;0;0;1;0;1;0;0;2;0;0;2;6;3;6;3;1;0;3;0;0;6;2;0;0
79163;Mairé-Levescault;75;79;0;0;0;0;0;0;0;0;0;0;0;0;0;0;0;0;0;0;0;0;1;0;0;0;1;1;2;0;0;0;1;0;0;1;1;0;0
79164;Maisonnay;75;79;0;0;0;0;0;0;0;0;0;0;0;0;0;0;0;0;0;0;0;0;0;0;0;0;0;1;3;0;1;0;0;0;0;1;0;0;0
79165;Maisontiers;75;79;0;0;0;0;0;0;0;0;0;0;0;0;0;0;0;0;0;0;0;0;0;0;0;0;0;1;0;0;1;0;0;0;0;0;0;0;0
79166;Marigny;75;79;0;0;0;0;0;0;0;0;0;0;0;0;0;0;0;0;0;0;0;0;2;0;0;0;0;3;3;2;1;0;1;0;0;0;1;0;0
79167;Marnes;75;79;0;0;0;0;0;0;0;0;0;0;0;0;0;0;0;0;0;0;0;0;0;0;0;0;0;0;1;0;0;0;0;0;0;0;0;0;0
79168;Massais;75;79;0;0;0;0;0;0;0;0;0;0;0;0;0;0;0;0;0;0;0;1;0;0;0;0;0;0;1;2;0;0;1;0;0;0;0;0;0
79170;Mauzé-sur-le-Mignon;75;79;0;1;0;0;0;0;0;0;0;0;1;0;0;0;0;3;0;1;0;0;4;0;0;2;5;2;7;2;8;2;5;1;0;4;6;0;3
79171;Mauzé-Thouarsais;75;79;0;0;0;0;0;0;0;0;0;0;0;0;0;0;0;0;0;0;1;0;1;0;0;0;5;2;2;0;2;0;1;0;0;2;3;0;1
79172;Mazières-en-Gâtine;75;79;0;1;0;0;0;0;0;0;0;0;1;0;0;0;0;1;0;1;0;0;3;1;0;1;1;1;3;1;0;0;2;0;1;3;0;0;0
79173;Mazières-sur-Béronne;75;79;0;0;0;0;0;0;0;0;0;0;0;0;0;0;0;0;0;0;0;0;0;0;0;0;2;0;1;0;0;0;1;0;0;0;0;0;0
79174;Melle;75;79;0;1;0;0;0;0;0;0;0;0;2;1;0;0;0;8;0;1;0;0;5;1;0;3;3;3;2;3;5;0;9;1;0;5;1;2;4
79175;Melleran;75;79;0;0;0;0;0;0;0;0;0;0;0;0;0;0;0;0;0;0;0;1;2;0;0;0;3;2;3;1;0;0;0;0;0;0;0;0;0
79176;Ménigoute;75;79;0;1;0;0;0;0;0;0;0;0;0;0;0;0;0;1;0;1;0;0;2;0;0;0;1;1;0;3;3;0;3;0;0;2;0;0;2
79177;Messé;75;79;0;0;0;0;0;0;0;0;0;0;0;0;0;0;0;0;0;0;0;0;0;0;0;0;0;0;0;0;0;0;0;0;0;0;0;0;0
79178;Missé;75;79;0;0;0;0;0;0;0;0;0;0;0;0;0;0;0;0;0;0;0;0;0;0;0;1;1;1;2;0;1;0;0;0;0;0;0;0;0
79179;Moncoutant;75;79;0;1;0;0;0;0;0;0;0;0;1;0;0;0;0;3;1;1;0;0;7;1;0;1;1;3;7;3;2;1;4;3;0;3;5;0;2
79180;Montalembert;75;79;0;0;0;0;0;0;0;0;0;0;0;0;0;0;0;0;0;0;0;0;0;0;0;0;2;0;1;1;0;0;0;0;0;0;0;0;0
79183;Montravers;75;79;0;0;0;0;0;0;0;0;0;0;0;0;0;0;0;0;0;0;0;0;0;0;0;0;1;0;0;1;0;1;0;1;0;0;0;0;0
79184;La Mothe-Saint-Héray;75;79;0;1;0;0;0;0;0;0;0;0;0;0;0;0;0;3;1;1;0;0;6;0;0;1;5;3;2;1;1;0;7;3;0;2;3;0;1
79185;Mougon;75;79;0;0;0;0;0;0;0;0;0;0;0;0;0;0;0;1;0;1;0;0;5;0;0;0;2;1;3;3;2;1;2;0;0;0;0;0;1
79188;Moutiers-sous-Chantemerle;75;79;0;0;0;0;0;0;0;0;0;0;0;0;0;0;0;0;0;0;0;0;1;0;0;0;1;1;3;2;0;0;0;0;0;3;1;0;0
79189;Nanteuil;75;79;0;0;0;0;0;0;0;0;0;0;0;0;0;0;0;0;0;0;0;0;5;0;0;0;0;0;3;0;0;0;1;0;0;1;1;0;0
79190;Neuvy-Bouin;75;79;0;0;0;0;0;0;0;0;0;0;0;0;0;0;0;0;0;0;1;0;0;0;0;0;2;0;1;1;0;0;0;0;0;1;1;0;0
79191;Niort;75;79;2;0;0;1;1;1;1;1;0;0;12;2;0;0;0;36;7;7;0;1;85;9;7;13;58;50;47;46;32;26;88;11;23;163;53;14;33
79195;Nueil-les-Aubiers;75;79;0;1;0;0;0;0;0;0;0;0;0;0;0;0;0;3;0;1;0;0;6;1;0;2;2;4;12;3;4;0;6;4;0;4;4;1;2
79196;Oiron;75;79;0;0;0;0;0;0;0;0;0;0;0;0;0;0;0;0;0;0;1;0;1;0;0;0;2;0;1;0;1;0;1;0;0;0;0;0;0
79197;Oroux;75;79;0;0;0;0;0;0;0;0;0;0;0;0;0;0;0;0;0;0;0;0;0;0;0;0;0;0;0;0;0;0;0;0;0;0;0;0;0
79198;Paizay-le-Chapt;75;79;0;0;0;0;0;0;0;0;0;0;0;0;0;0;0;0;0;0;0;0;1;0;0;0;0;0;1;0;2;0;0;0;0;0;0;0;0
79199;Paizay-le-Tort;75;79;0;0;0;0;0;0;0;0;0;0;0;0;0;0;0;0;0;0;0;0;0;0;0;0;5;1;1;0;0;0;0;0;0;0;0;0;0
79200;Pamplie;75;79;0;0;0;0;0;0;0;0;0;0;0;0;0;0;0;0;0;0;0;0;2;0;0;0;1;0;0;1;1;1;0;0;0;0;0;0;0
79201;Pamproux;75;79;0;0;0;0;0;0;0;0;0;0;0;0;0;0;0;1;0;1;0;0;1;0;0;0;5;4;2;3;2;0;2;0;0;3;0;0;0
79202;Parthenay;75;79;0;1;0;0;0;0;0;0;0;0;4;1;0;0;0;10;4;2;0;0;19;4;1;5;8;7;14;10;5;1;17;4;7;41;12;4;7
79203;Pas-de-Jeu;75;79;0;0;0;0;0;0;0;0;0;0;0;0;0;0;0;0;0;0;0;0;0;0;0;0;0;0;1;1;0;0;0;0;0;1;0;0;0
79204;Périgné;75;79;0;0;0;0;0;0;0;0;0;0;0;0;0;0;0;0;0;0;1;0;1;0;0;0;2;2;2;2;0;0;2;0;0;1;0;0;0
79205;Pers;75;79;0;0;0;0;0;0;0;0;0;0;0;0;0;0;0;0;0;0;0;0;0;0;0;0;0;0;0;0;0;0;0;0;0;0;0;0;0
79207;La Petite-Boissière;75;79;0;0;0;0;0;0;0;0;0;0;0;0;0;0;0;0;0;0;0;0;2;0;0;0;1;0;1;0;1;0;0;0;0;1;0;0;0
79208;La Peyratte;75;79;0;0;0;0;0;0;0;0;0;0;0;0;0;0;0;0;0;0;0;1;2;0;0;0;2;1;3;2;1;0;1;0;0;5;0;0;0
79209;Pierrefitte;75;79;0;0;0;0;0;0;0;0;0;0;0;0;0;0;0;0;0;0;0;0;0;0;0;0;1;1;0;1;0;0;0;0;0;1;0;0;0
79210;Le Pin;75;79;0;0;0;0;0;0;0;0;0;0;0;0;0;0;0;1;0;0;1;0;0;0;0;0;0;2;2;1;1;0;1;0;0;1;0;0;0
79211;Pioussay;75;79;0;0;0;0;0;0;0;0;0;0;0;0;0;0;0;0;0;0;0;0;1;0;0;0;1;0;2;0;0;0;0;0;0;0;0;0;0
79212;Pliboux;75;79;0;0;0;0;0;0;0;0;0;0;0;0;0;0;0;0;0;0;0;0;1;0;0;0;1;0;0;2;0;0;0;0;0;0;0;0;0
79213;Pompaire;75;79;0;0;0;0;0;0;0;0;0;0;0;0;0;0;0;0;0;0;0;0;8;0;1;0;3;1;3;1;2;0;2;0;0;2;2;0;1
79214;Pouffonds;75;79;0;0;0;0;0;0;0;0;0;0;0;0;0;0;0;0;0;0;0;0;0;0;0;0;0;0;1;0;1;0;0;0;0;0;0;0;0
79215;Pougne-Hérisson;75;79;0;0;0;0;0;0;0;0;0;0;0;0;0;0;0;0;0;0;0;0;0;0;0;0;1;0;2;1;0;0;0;0;0;1;0;0;0
79216;Prahecq;75;79;0;1;0;0;0;0;0;0;0;0;1;0;0;0;0;1;0;1;0;0;3;1;0;1;3;2;4;4;2;1;4;0;0;4;2;1;2
79217;Prailles;75;79;0;0;0;0;0;0;0;0;0;0;0;0;0;0;0;0;0;0;1;0;1;0;0;0;1;0;0;1;0;0;2;0;0;1;0;0;0
79218;Pressigny;75;79;0;0;0;0;0;0;0;0;0;0;0;0;0;0;0;0;0;0;0;0;0;0;0;0;0;1;1;0;1;0;0;0;0;0;0;0;0
79219;Priaires;75;79;0;0;0;0;0;0;0;0;0;0;0;0;0;0;0;0;0;0;0;0;0;0;0;0;0;0;1;0;0;0;0;0;0;0;0;0;0
79220;Prin-Deyrançon;75;79;0;0;0;0;0;0;0;0;0;0;0;0;0;0;0;0;0;0;0;0;2;1;0;1;1;0;2;0;2;1;0;0;0;2;0;0;0
79222;Pugny;75;79;0;0;0;0;0;0;0;0;0;0;0;0;0;0;0;0;0;0;0;0;0;0;0;0;1;0;1;1;0;0;0;0;0;1;0;0;0
79223;Puihardy;75;79;0;0;0;0;0;0;0;0;0;0;0;0;0;0;0;0;0;0;0;0;0;0;0;0;0;0;0;0;0;0;0;0;0;0;0;0;0
79225;Reffannes;75;79;0;0;0;0;0;0;0;0;0;0;0;0;0;0;0;0;0;0;0;1;1;0;0;0;1;0;2;2;0;0;1;0;0;0;0;0;0
79226;Le Retail;75;79;0;0;0;0;0;0;0;0;0;0;0;0;0;0;0;0;0;0;0;0;1;0;0;0;3;0;0;0;0;0;0;0;0;1;0;0;0
79229;La Rochénard;75;79;0;0;0;0;0;0;0;0;0;0;0;0;0;0;0;0;0;0;0;0;0;0;0;0;2;0;1;0;0;0;0;0;0;0;0;0;0
79230;Rom;75;79;0;0;0;0;0;0;0;0;0;0;0;0;0;0;0;0;0;0;0;1;1;0;0;0;2;1;5;2;0;0;2;0;0;0;0;0;0
79231;Romans;75;79;0;0;0;0;0;0;0;0;0;0;0;0;0;0;0;0;0;0;0;0;0;0;0;0;1;1;0;1;1;0;0;0;0;1;0;0;0
79235;Saint-Amand-sur-Sèvre;75;79;0;0;0;0;0;0;0;0;0;0;0;0;0;0;0;1;0;0;1;0;3;0;0;0;1;0;2;1;0;0;2;1;0;0;1;0;0
79236;Saint-André-sur-Sèvre;75;79;0;0;0;0;0;0;0;0;0;0;0;0;0;0;0;1;0;0;0;0;0;0;0;0;0;0;0;1;0;0;0;0;0;1;2;0;0
79238;Saint-Aubin-du-Plain;75;79;0;0;0;0;0;0;0;0;0;0;0;0;0;0;0;0;0;0;1;0;0;0;0;0;0;0;0;2;2;0;1;0;0;1;0;0;0
79239;Saint-Aubin-le-Cloud;75;79;0;0;0;0;0;0;0;0;0;0;0;0;0;0;0;1;0;0;0;1;3;0;0;1;2;5;6;3;1;0;2;0;0;0;1;0;1
79240;Sainte-Blandine;75;79;0;0;0;0;0;0;0;0;0;0;0;0;0;0;0;0;0;0;1;0;3;0;0;0;1;0;3;1;0;1;0;0;0;0;0;0;0
79241;Saint-Christophe-sur-Roc;75;79;0;0;0;0;0;0;0;0;0;0;0;0;0;0;0;0;0;0;0;0;0;0;0;0;1;3;2;0;0;2;0;0;0;2;1;0;0
79242;Voulmentin;75;79;0;0;0;0;0;0;0;0;0;0;0;0;0;0;0;0;0;0;0;0;1;0;0;0;2;3;0;1;1;0;1;0;0;1;0;0;0
79243;Saint-Coutant;75;79;0;0;0;0;0;0;0;0;0;0;0;0;0;0;0;0;0;0;0;0;0;0;0;0;2;1;0;2;0;1;0;0;0;0;0;0;0
79244;Saint-Cyr-la-Lande;75;79;0;0;0;0;0;0;0;0;0;0;0;0;0;0;0;0;0;0;0;0;0;0;0;0;0;0;0;0;0;0;0;0;0;1;0;0;0
79246;Sainte-Eanne;75;79;0;0;0;0;0;0;0;0;0;0;0;0;0;0;0;0;0;0;0;0;1;0;0;0;3;1;0;1;0;0;0;0;0;0;0;0;1
79247;Saint-Étienne-la-Cigogne;75;79;0;0;0;0;0;0;0;0;0;0;0;0;0;0;0;0;0;0;0;0;0;0;0;0;0;0;2;0;0;0;0;0;0;0;0;0;0
79249;Saint-Gelais;75;79;0;0;0;0;0;0;0;0;0;0;0;0;0;0;0;0;0;0;0;1;2;0;0;0;3;2;1;1;3;2;1;0;0;1;1;0;3
79250;Sainte-Gemme;75;79;0;0;0;0;0;0;0;0;0;0;0;0;0;0;0;0;0;0;0;0;2;0;0;0;0;0;0;0;0;0;0;0;0;1;0;0;0
79251;Saint-Génard;75;79;0;0;0;0;0;0;0;0;0;0;0;0;0;0;0;0;0;0;0;0;0;0;0;0;0;0;1;0;0;0;0;0;0;0;0;0;0
79252;Saint-Généroux;75;79;0;0;0;0;0;0;0;0;0;0;0;0;0;0;0;0;0;0;0;0;0;0;0;0;1;0;1;0;0;0;0;0;0;2;0;0;0
79253;Saint-Georges-de-Noisné;75;79;0;0;0;0;0;0;0;0;0;0;0;0;0;0;0;0;0;0;0;1;2;0;0;0;4;1;1;1;3;0;0;0;0;2;0;0;0
79254;Saint-Georges-de-Rex;75;79;0;0;0;0;0;0;0;0;0;0;0;0;0;0;0;0;0;0;0;0;0;0;0;0;1;1;3;1;0;0;0;0;0;1;1;0;0
79255;Saint-Germain-de-Longue-Chaume;75;79;0;0;0;0;0;0;0;0;0;0;0;0;0;0;0;0;0;0;0;1;2;0;0;0;2;1;0;1;0;1;0;0;0;3;0;0;0
79256;Saint-Germier;75;79;0;0;0;0;0;0;0;0;0;0;0;0;0;0;0;0;0;0;0;0;0;0;0;0;3;1;0;1;0;0;0;0;0;1;0;0;0
79257;Saint-Hilaire-la-Palud;75;79;0;0;0;0;0;0;0;0;0;0;0;0;0;0;0;1;1;1;0;0;6;0;0;0;6;4;8;1;2;2;4;0;0;6;1;0;2
79258;Saint-Jacques-de-Thouars;75;79;0;0;0;0;0;0;0;0;0;0;0;0;0;0;0;0;0;0;0;0;0;0;0;0;1;1;3;0;0;0;1;0;0;0;0;0;0
79259;Saint-Jean-de-Thouars;75;79;0;0;0;0;0;0;0;0;0;0;0;0;0;0;0;0;0;0;0;0;5;0;0;0;3;0;3;3;0;1;3;1;0;0;1;0;1
79260;Saint-Jouin-de-Marnes;75;79;0;0;0;0;0;0;0;0;0;0;0;0;0;0;0;0;0;0;0;1;2;0;0;0;1;1;0;2;0;0;0;0;0;0;0;0;0
79261;Saint-Jouin-de-Milly;75;79;0;0;0;0;0;0;0;0;0;0;0;0;0;0;0;0;0;0;0;0;0;0;0;0;0;0;0;0;0;0;0;0;0;0;0;0;0
79263;Saint-Laurs;75;79;0;0;0;0;0;0;0;0;0;0;0;0;0;0;0;0;0;0;0;0;1;0;0;0;0;0;0;1;0;0;0;0;0;1;1;0;0
79264;Saint-Léger-de-la-Martinière;75;79;0;0;0;0;0;0;0;0;0;0;0;0;0;0;0;0;1;0;0;0;5;0;0;0;2;0;0;1;1;0;2;0;0;2;1;0;0
79265;Saint-Léger-de-Montbrun;75;79;0;0;0;0;0;0;0;0;0;0;0;0;0;0;0;0;0;0;0;0;2;0;0;0;0;3;1;1;1;2;1;0;0;3;0;0;0
79267;Saint-Lin;75;79;0;0;0;0;0;0;0;0;0;0;0;0;0;0;0;0;0;0;0;1;0;0;0;0;2;1;1;0;0;0;0;0;0;0;0;0;0
79268;Saint-Loup-Lamairé;75;79;0;0;0;0;0;0;0;0;0;0;0;0;0;0;0;0;0;0;1;0;0;0;0;0;1;2;1;0;1;0;1;0;0;2;0;0;0
79269;Saint-Maixent-de-Beugné;75;79;0;0;0;0;0;0;0;0;0;0;0;0;0;0;0;0;0;0;0;0;1;0;0;0;1;1;1;0;1;0;0;0;0;0;0;0;0
79270;Saint-Maixent-l'École;75;79;0;1;0;0;0;0;0;0;0;0;2;0;1;0;0;7;3;1;0;0;7;2;0;3;8;5;3;6;2;1;10;6;4;20;4;2;2
79271;Saint-Marc-la-Lande;75;79;0;0;0;0;0;0;0;0;0;0;0;0;0;0;0;0;0;0;0;0;0;0;0;0;1;0;0;1;0;0;0;0;0;0;0;0;0
79273;Saint-Martin-de-Bernegoue;75;79;0;0;0;0;0;0;0;0;0;0;0;0;0;0;0;0;0;0;0;0;0;0;0;0;1;0;2;2;0;0;1;0;0;0;0;0;0
79274;Saint-Martin-de-Mâcon;75;79;0;0;0;0;0;0;0;0;0;0;0;0;0;0;0;0;0;0;0;0;1;0;0;0;0;2;0;0;0;0;0;0;0;0;0;0;0
79276;Saint-Martin-de-Saint-Maixent;75;79;0;0;0;0;0;0;0;0;0;0;0;0;0;0;0;0;0;0;0;0;0;0;0;0;1;2;1;2;0;0;0;0;0;1;2;0;0
79277;Saint-Martin-de-Sanzay;75;79;0;0;0;0;0;0;0;0;0;0;0;0;0;0;0;0;0;0;0;1;2;0;0;0;1;2;0;1;1;0;0;0;0;1;0;0;0
79278;Saint-Martin-du-Fouilloux;75;79;0;0;0;0;0;0;0;0;0;0;0;0;0;0;0;0;0;0;0;0;0;0;0;0;2;0;0;0;1;0;0;0;0;0;0;0;0
79279;Saint-Martin-lès-Melle;75;79;0;0;0;0;0;0;0;0;0;0;0;0;0;0;0;0;0;0;0;0;3;1;0;0;2;2;2;2;1;0;0;0;0;1;0;0;0
79280;Saint Maurice Étusson;75;79;0;0;0;0;0;0;0;0;0;0;0;0;0;0;0;0;0;0;0;1;1;0;0;0;2;0;4;0;2;0;0;0;0;1;0;0;0
79281;Saint-Maxire;75;79;0;0;0;0;0;0;0;0;0;0;0;0;0;0;0;1;0;0;1;0;1;0;0;0;1;0;0;0;1;0;3;0;0;1;0;0;0
79282;Saint-Médard;75;79;0;0;0;0;0;0;0;0;0;0;0;0;0;0;0;0;0;0;0;0;1;0;0;0;0;0;0;0;0;0;0;0;0;0;0;0;0
79283;Sainte-Néomaye;75;79;0;0;0;0;0;0;0;0;0;0;0;0;0;0;0;0;0;0;0;0;1;0;0;0;2;0;3;0;1;2;1;0;0;1;0;0;1
79284;Sainte-Ouenne;75;79;0;0;0;0;0;0;0;0;0;0;0;0;0;0;0;0;0;0;0;0;0;0;0;0;2;3;4;0;2;0;0;0;0;0;0;0;0
79285;Saint-Pardoux;75;79;0;0;0;0;0;0;0;0;0;0;0;0;0;0;0;0;0;0;1;0;1;0;0;0;3;1;2;3;1;0;1;0;0;0;0;0;0
79286;Saint-Paul-en-Gâtine;75;79;0;0;0;0;0;0;0;0;0;0;0;0;0;0;0;0;0;0;0;0;0;0;0;0;1;1;0;2;0;0;2;0;0;0;0;0;0
79289;Saint-Pierre-des-Échaubrognes;75;79;0;0;0;0;0;0;0;0;0;0;0;0;0;0;0;0;0;0;1;0;2;0;0;0;1;0;3;3;0;0;1;0;0;2;0;0;0
79290;Saint-Pompain;75;79;0;0;0;0;0;0;0;0;0;0;0;0;0;0;0;0;0;0;0;1;1;0;0;0;0;1;0;0;2;0;0;0;0;1;0;0;0
79292;Sainte-Radegonde;75;79;0;0;0;0;0;0;0;0;0;0;0;0;0;0;0;0;1;0;0;0;1;0;0;0;2;1;2;1;0;0;3;1;0;1;0;1;0
79293;Saint-Rémy;75;79;0;0;0;0;0;0;0;0;0;0;0;0;0;0;0;0;0;0;0;1;0;0;0;0;2;2;3;1;1;1;2;0;0;1;1;0;1
79294;Saint-Romans-des-Champs;75;79;0;0;0;0;0;0;0;0;0;0;0;0;0;0;0;0;0;0;0;0;0;0;0;0;0;1;2;0;0;0;0;0;0;0;0;0;0
79295;Saint-Romans-lès-Melle;75;79;0;0;0;0;0;0;0;0;0;0;0;0;0;0;0;0;0;0;0;1;2;0;0;0;0;1;1;1;0;0;1;0;0;1;0;0;0
79297;Sainte-Soline;75;79;0;0;0;0;0;0;0;0;0;0;0;0;0;0;0;0;0;0;0;0;0;0;0;0;2;0;2;1;1;0;0;0;0;0;0;0;0
79298;Saint-Symphorien;75;79;0;0;0;0;0;0;0;0;0;0;0;0;0;0;0;0;0;0;1;0;1;0;0;0;5;1;3;2;1;0;2;0;0;3;0;0;0
79299;Saint-Varent;75;79;0;1;0;0;0;0;0;0;0;0;0;0;0;0;0;3;1;1;0;0;7;1;0;1;4;4;5;1;3;1;6;0;0;4;3;0;1
79300;Sainte-Verge;75;79;0;0;0;0;0;0;0;0;0;0;0;0;0;0;0;0;1;1;0;0;4;3;0;1;1;1;1;3;2;0;4;0;1;2;0;1;1
79301;Saint-Vincent-la-Châtre;75;79;0;0;0;0;0;0;0;0;0;0;0;0;0;0;0;0;0;0;0;1;0;0;0;0;1;1;1;0;1;0;0;0;0;0;0;0;0
79302;Saivres;75;79;0;0;0;0;0;0;0;0;0;0;0;0;0;0;0;0;0;0;0;0;0;0;0;0;1;1;2;2;0;0;2;0;0;0;1;0;1
79303;Salles;75;79;0;0;0;0;0;0;0;0;0;0;0;0;0;0;0;0;0;0;0;0;0;0;0;0;0;0;0;0;0;0;0;0;0;0;0;0;0
79304;Sansais;75;79;0;0;0;0;0;0;0;0;0;0;0;0;0;0;0;0;0;0;0;1;0;0;0;0;0;1;0;1;1;0;0;0;0;5;0;0;0
79306;Saurais;75;79;0;0;0;0;0;0;0;0;0;0;0;0;0;0;0;0;0;0;0;0;0;0;0;0;0;0;0;1;0;0;0;0;0;1;0;0;0
79307;Sauzé-Vaussais;75;79;0;1;0;0;0;0;0;0;0;0;1;0;0;0;0;4;1;1;0;0;9;1;0;0;2;3;2;3;4;2;3;0;0;7;1;0;3
79308;Sciecq;75;79;0;0;0;0;0;0;0;0;0;0;0;0;0;0;0;0;0;0;0;0;0;0;0;0;0;0;1;0;0;0;1;0;0;0;0;0;1
79309;Scillé;75;79;0;0;0;0;0;0;0;0;0;0;0;0;0;0;0;0;0;0;0;0;0;0;0;0;1;0;0;0;0;0;1;0;0;0;0;0;0
79310;Secondigné-sur-Belle;75;79;0;0;0;0;0;0;0;0;0;0;0;0;0;0;0;0;0;0;0;0;1;0;0;0;2;0;0;0;0;0;0;0;0;0;1;0;0
79311;Secondigny;75;79;0;1;0;0;0;0;0;0;0;0;0;0;0;0;0;4;1;1;0;0;3;1;0;1;1;1;3;3;2;0;3;5;0;4;1;0;1
79312;Séligné;75;79;0;0;0;0;0;0;0;0;0;0;0;0;0;0;0;0;0;0;0;0;0;0;0;0;3;0;1;0;0;0;0;0;0;0;0;0;0
79313;Sepvret;75;79;0;0;0;0;0;0;0;0;0;0;0;0;0;0;0;0;0;0;0;0;0;0;0;0;2;1;2;0;1;0;0;0;0;0;0;0;0
79314;Sompt;75;79;0;0;0;0;0;0;0;0;0;0;0;0;0;0;0;0;0;0;0;0;0;0;0;0;0;0;2;0;0;0;0;0;0;0;0;0;0
79316;Soudan;75;79;0;0;0;0;0;0;0;0;0;0;0;0;0;0;0;0;0;0;1;0;0;0;0;0;0;0;1;1;0;0;0;0;0;0;0;0;0
79318;Soutiers;75;79;0;0;0;0;0;0;0;0;0;0;0;0;0;0;0;0;0;0;0;0;0;0;0;0;2;0;0;1;0;0;0;0;0;0;0;0;0
79319;Souvigné;75;79;0;0;0;0;0;0;0;0;0;0;0;0;0;0;0;0;0;0;0;0;0;0;0;0;1;4;2;0;1;0;0;0;0;2;1;0;0
79320;Surin;75;79;0;0;0;0;0;0;0;0;0;0;0;0;0;0;0;0;0;0;0;0;0;0;0;0;1;0;3;0;1;1;1;0;0;1;0;0;0
79321;Taizé-Maulais;75;79;0;0;0;0;0;0;0;0;0;0;0;0;0;0;0;0;0;0;0;0;2;0;0;0;0;0;0;1;0;0;0;0;0;2;0;0;0
79322;Le Tallud;75;79;0;0;0;0;0;0;0;0;0;0;0;0;0;0;0;0;0;0;0;1;5;0;0;0;3;3;10;1;1;0;4;0;0;3;1;0;1
79325;Tessonnière;75;79;0;0;0;0;0;0;0;0;0;0;0;0;0;0;0;0;0;0;0;0;1;0;0;0;1;0;0;0;0;0;0;0;0;0;1;0;0
79326;Thénezay;75;79;0;1;0;0;0;0;0;0;0;0;0;0;0;0;0;1;1;1;0;0;3;0;0;0;3;1;4;2;3;1;4;0;0;5;0;0;1
79327;Thorigné;75;79;0;0;0;0;0;0;0;0;0;0;0;0;0;0;0;0;1;0;0;0;2;0;0;0;3;3;3;2;2;1;3;0;0;2;1;0;0
79328;Thorigny-sur-le-Mignon;75;79;0;0;0;0;0;0;0;0;0;0;0;0;0;0;0;0;0;0;0;0;0;0;0;0;0;0;1;0;0;0;0;0;0;0;0;0;0
79329;Thouars;75;79;1;1;0;0;0;1;0;0;0;0;2;1;0;0;0;10;1;1;1;0;19;3;1;3;4;5;8;9;6;2;17;1;4;39;17;3;6
79330;Tillou;75;79;0;0;0;0;0;0;0;0;0;0;0;0;0;0;0;0;0;0;0;1;0;0;0;0;1;0;0;0;3;0;1;0;0;0;0;0;1
79331;Tourtenay;75;79;0;0;0;0;0;0;0;0;0;0;0;0;0;0;0;0;0;0;0;0;0;0;0;0;0;0;0;0;0;0;0;0;0;0;0;0;0
79332;Trayes;75;79;0;0;0;0;0;0;0;0;0;0;0;0;0;0;0;0;0;0;0;0;0;0;0;0;0;0;0;0;0;0;0;0;0;0;0;0;0
79334;Usseau;75;79;0;0;0;0;0;0;0;0;0;0;0;0;0;0;0;0;0;0;1;0;3;0;0;0;1;1;2;3;1;1;0;0;0;1;0;0;0
79335;Vallans;75;79;0;0;0;0;0;0;0;0;0;0;0;0;0;0;0;0;0;0;0;0;0;0;0;0;0;2;1;1;2;0;0;0;0;1;0;0;1
79336;Vançais;75;79;0;0;0;0;0;0;0;0;0;0;0;0;0;0;0;0;0;0;0;0;0;0;0;0;2;0;0;0;0;0;0;0;0;0;0;0;0
79337;Le Vanneau-Irleau;75;79;0;0;0;0;0;0;0;0;0;0;0;0;0;0;0;0;0;0;0;1;0;0;0;0;0;3;3;4;2;0;1;0;0;1;0;0;0
79338;Vanzay;75;79;0;0;0;0;0;0;0;0;0;0;0;0;0;0;0;0;0;0;0;0;0;0;0;0;0;0;1;0;0;0;0;0;0;0;0;0;0
79339;Vasles;75;79;0;0;0;0;0;0;0;0;0;0;0;0;0;0;0;1;0;0;0;1;3;0;0;0;1;2;2;4;2;0;2;0;0;4;0;0;1
79340;Vausseroux;75;79;0;0;0;0;0;0;0;0;0;0;0;0;0;0;0;0;0;0;0;0;2;0;0;0;1;0;2;0;2;1;1;0;0;2;0;0;0
79341;Vautebis;75;79;0;0;0;0;0;0;0;0;0;0;0;0;0;0;0;0;0;0;0;0;0;0;0;0;0;0;0;0;0;0;0;0;0;0;0;0;0
79342;Vernoux-en-Gâtine;75;79;0;0;0;0;0;0;0;0;0;0;0;0;0;0;0;0;0;0;0;1;2;0;0;0;4;1;0;1;0;1;0;0;0;0;0;0;0
79343;Vernoux-sur-Boutonne;75;79;0;0;0;0;0;0;0;0;0;0;0;0;0;0;0;0;0;0;0;0;0;0;0;0;0;0;0;0;0;0;0;0;0;0;0;0;0
79345;Verruyes;75;79;0;0;0;0;0;0;0;0;0;0;0;0;0;0;0;0;0;0;1;0;0;0;0;0;3;1;2;1;0;1;0;1;0;2;0;0;0
79346;Le Vert;75;79;0;0;0;0;0;0;0;0;0;0;0;0;0;0;0;0;0;0;0;0;0;0;0;0;1;0;0;0;0;0;0;0;0;0;0;0;0
79347;Viennay;75;79;0;0;0;0;0;0;0;0;0;0;0;0;0;0;0;0;0;0;0;0;2;0;0;0;0;0;3;0;1;0;1;0;0;1;0;0;1
79348;Villefollet;75;79;0;0;0;0;0;0;0;0;0;0;0;0;0;0;0;0;0;0;0;0;0;0;0;0;1;0;1;0;0;0;0;0;0;1;0;0;0
79349;Villemain;75;79;0;0;0;0;0;0;0;0;0;0;0;0;0;0;0;0;0;0;0;0;0;0;0;0;2;0;1;0;0;0;1;0;0;0;0;0;0
79350;Villiers-en-Bois;75;79;0;0;0;0;0;0;0;0;0;0;0;0;0;0;0;0;0;0;0;0;0;0;0;0;0;0;0;0;0;0;0;0;0;0;0;0;0
79351;Villiers-en-Plaine;75;79;0;0;0;0;0;0;0;0;0;0;0;0;0;0;0;0;0;0;0;1;2;0;0;0;2;3;4;2;2;0;1;0;0;3;0;0;0
79352;Villiers-sur-Chizé;75;79;0;0;0;0;0;0;0;0;0;0;0;0;0;0;0;0;0;0;0;0;0;0;0;0;0;0;0;0;0;0;0;0;0;0;0;0;0
79354;Vouhé;75;79;0;0;0;0;0;0;0;0;0;0;0;0;0;0;0;0;0;0;0;0;0;0;0;0;0;0;0;0;0;0;0;0;0;2;0;0;0
79355;Vouillé;75;79;0;0;0;0;0;0;0;0;0;0;0;0;0;0;0;0;0;1;0;0;3;0;0;1;2;3;0;3;1;1;1;0;0;2;2;0;3
79357;Xaintray;75;79;0;0;0;0;0;0;0;0;0;0;0;0;0;0;0;0;0;0;0;0;1;0;0;0;0;0;3;0;1;0;0;0;0;0;0;0;0
80001;Abbeville;32;80;1;1;0;0;1;1;0;0;0;5;0;1;0;0;0;15;4;3;0;0;25;5;4;18;18;19;19;23;11;10;46;7;13;70;25;6;14
80002;Ablaincourt-Pressoir;32;80;0;0;0;0;0;0;0;0;0;0;0;0;0;0;0;0;0;0;0;0;0;0;0;0;0;0;1;0;0;0;0;0;0;0;0;0;0
80003;Acheux-en-Amiénois;32;80;0;1;0;0;0;0;0;0;0;1;0;0;0;0;0;2;0;1;0;0;3;0;0;0;0;0;2;2;0;0;1;0;0;2;1;0;1
80004;Acheux-en-Vimeu;32;80;0;0;0;0;0;0;0;0;0;0;0;0;0;0;0;0;0;0;0;0;0;0;0;0;2;0;0;2;1;0;1;0;0;0;0;0;0
80005;Agenville;32;80;0;0;0;0;0;0;0;0;0;0;0;0;0;0;0;0;0;0;0;0;0;0;0;0;0;0;0;0;0;0;0;0;0;0;0;0;0
80006;Agenvillers;32;80;0;0;0;0;0;0;0;0;0;0;0;0;0;0;0;0;0;0;0;0;0;0;0;0;0;0;0;0;0;0;1;0;0;0;0;0;0
80008;Aigneville;32;80;0;0;0;0;0;0;0;0;0;0;0;0;0;0;0;0;0;0;0;0;2;0;0;0;1;0;0;1;0;0;2;0;0;1;0;0;0
80009;Ailly-le-Haut-Clocher;32;80;0;1;0;0;0;0;0;0;0;0;0;0;1;0;0;0;0;1;0;0;1;0;0;0;0;1;1;3;0;1;1;0;0;1;1;0;0
80010;Ailly-sur-Noye;32;80;0;1;0;0;0;0;0;0;0;1;0;0;0;0;0;4;0;1;0;0;5;1;0;1;1;2;6;4;2;0;5;1;0;4;1;0;1
80011;Ailly-sur-Somme;32;80;0;0;0;0;0;0;0;0;0;0;0;0;0;0;0;1;0;1;0;0;5;0;0;2;0;2;4;4;3;0;3;0;0;4;1;0;2
80013;Airaines;32;80;0;1;0;0;0;0;0;0;0;0;0;0;0;0;0;3;1;1;0;0;5;1;0;2;1;1;1;1;0;1;5;2;0;7;0;1;6
80014;Aizecourt-le-Bas;32;80;0;0;0;0;0;0;0;0;0;0;0;0;0;0;0;0;0;0;0;0;0;0;0;0;0;0;0;0;0;0;0;0;0;0;0;0;0
80015;Aizecourt-le-Haut;32;80;0;0;0;0;0;0;0;0;0;0;0;0;0;0;0;0;0;0;0;0;0;0;0;0;0;0;0;0;0;0;0;0;0;0;0;0;0
80016;Albert;32;80;1;1;0;0;0;0;0;0;0;1;0;2;0;0;0;11;3;1;0;0;15;2;0;7;10;6;7;18;5;4;23;2;3;20;8;2;8
80017;Allaines;32;80;0;0;0;0;0;0;0;0;0;0;0;0;0;0;0;0;0;0;0;0;0;0;0;0;0;0;0;0;0;0;0;0;0;0;0;0;0
80018;Allenay;32;80;0;0;0;0;0;0;0;0;0;0;0;0;0;0;0;0;0;0;0;0;1;0;0;0;1;1;0;0;0;0;1;0;0;0;0;0;0
80019;Allery;32;80;0;0;0;0;0;0;0;0;0;0;0;0;0;0;0;0;1;0;0;1;1;0;0;0;0;1;2;2;1;0;0;0;0;1;0;0;0
80020;Allonville;32;80;0;0;0;0;0;0;0;0;0;0;0;0;0;0;0;0;0;0;0;0;0;0;0;0;0;1;0;3;1;1;0;0;0;0;0;0;0
80021;Amiens;32;80;2;0;1;1;1;1;1;1;0;20;0;3;6;1;0;78;16;11;0;0;84;8;16;41;102;108;58;89;83;60;175;14;35;391;134;19;86
80022;Andainville;32;80;0;0;0;0;0;0;0;0;0;0;0;0;0;0;0;0;0;0;0;0;0;0;0;0;1;0;1;0;0;0;0;0;0;0;0;0;0
80023;Andechy;32;80;0;0;0;0;0;0;0;0;0;0;0;0;0;0;0;0;0;0;0;0;0;0;0;0;0;0;0;0;0;0;0;0;0;0;0;0;0
80024;Argoeuves;32;80;0;0;0;0;0;0;0;0;0;0;0;0;0;0;0;0;0;0;0;0;2;0;0;0;0;0;1;0;1;1;0;0;0;1;0;0;0
80025;Argoules;32;80;0;0;0;0;0;0;0;0;0;0;0;0;0;0;0;0;0;0;0;0;0;0;0;0;1;0;0;0;0;0;0;0;0;1;0;0;0
80026;Arguel;32;80;0;0;0;0;0;0;0;0;0;0;0;0;0;0;0;0;0;0;0;0;0;0;0;0;0;0;0;0;0;0;0;0;0;0;0;0;0
80027;Armancourt;32;80;0;0;0;0;0;0;0;0;0;0;0;0;0;0;0;0;0;0;0;0;0;0;0;0;0;0;1;0;0;0;0;0;0;0;0;0;0
80028;Arquèves;32;80;0;0;0;0;0;0;0;0;0;0;0;0;0;0;0;0;0;0;0;0;0;0;0;0;0;0;0;0;0;0;0;0;0;0;0;0;0
80029;Arrest;32;80;0;0;0;0;0;0;0;0;0;0;0;0;0;0;0;0;0;0;0;1;1;0;0;0;3;0;0;2;0;0;1;0;0;0;0;0;0
80030;Arry;32;80;0;0;0;0;0;0;0;0;0;0;0;0;0;0;0;0;1;0;0;0;0;0;0;0;0;0;0;0;0;0;0;0;0;0;0;0;0
80031;Arvillers;32;80;0;0;0;0;0;0;0;0;0;0;0;0;0;0;0;0;0;0;0;1;2;0;0;0;0;1;1;3;0;0;1;0;0;0;0;0;1
80032;Assainvillers;32;80;0;0;0;0;0;0;0;0;0;0;0;0;0;0;0;0;0;0;0;0;0;0;0;0;0;0;0;1;0;0;0;0;0;0;0;0;0
80033;Assevillers;32;80;0;0;0;0;0;0;0;0;0;0;0;0;0;0;0;0;0;0;0;0;1;0;1;0;0;1;0;3;0;1;0;0;0;4;0;0;0
80034;Athies;32;80;0;0;0;0;0;0;0;0;0;0;0;0;0;0;0;0;0;0;0;1;0;0;0;0;1;0;0;1;0;0;1;0;0;0;0;0;0
80035;Aubercourt;32;80;0;0;0;0;0;0;0;0;0;0;0;0;0;0;0;0;0;0;0;0;0;0;0;0;0;0;1;0;0;0;0;0;0;0;0;0;0
80036;Aubigny;32;80;0;0;0;0;0;0;0;0;0;0;0;0;0;0;0;0;0;0;0;0;1;0;0;0;1;0;0;1;0;1;0;0;0;0;1;0;1
80037;Aubvillers;32;80;0;0;0;0;0;0;0;0;0;0;0;0;0;0;0;0;0;0;0;0;0;0;0;0;0;0;0;1;0;0;1;0;0;0;0;0;0
80038;Auchonvillers;32;80;0;0;0;0;0;0;0;0;0;0;0;0;0;0;0;0;0;0;0;0;0;0;0;0;0;0;0;1;0;0;0;0;0;0;0;0;0
80039;Ault;32;80;0;0;0;0;0;0;0;0;0;1;0;0;0;0;0;1;0;1;0;0;1;0;0;1;1;2;0;1;1;0;1;0;0;7;1;0;0
80040;Aumâtre;32;80;0;0;0;0;0;0;0;0;0;0;0;0;0;0;0;0;0;0;0;0;1;0;0;0;0;0;0;1;0;1;1;0;0;0;1;0;1
80041;Aumont;32;80;0;0;0;0;0;0;0;0;0;0;0;0;0;0;0;0;0;0;0;0;0;0;0;0;0;0;0;2;0;0;0;0;0;0;0;0;0
80042;Autheux;32;80;0;0;0;0;0;0;0;0;0;0;0;0;0;0;0;0;0;0;0;0;0;0;0;0;0;0;0;0;0;0;0;0;0;0;0;0;0
80043;Authie;32;80;0;0;0;0;0;0;0;0;0;0;0;0;0;0;0;0;0;0;0;0;0;0;0;0;0;0;0;0;1;0;0;0;0;1;0;0;0
80044;Authieule;32;80;0;0;0;0;0;0;0;0;0;0;0;0;0;0;0;0;0;0;0;0;1;0;0;0;2;0;2;0;0;0;1;0;0;0;0;0;0
80045;Authuille;32;80;0;0;0;0;0;0;0;0;0;0;0;0;0;0;0;0;0;0;0;0;0;0;0;0;0;0;0;0;0;0;0;0;0;2;0;0;0
80046;Avelesges;32;80;0;0;0;0;0;0;0;0;0;0;0;0;0;0;0;0;0;0;0;0;0;0;0;0;0;0;0;0;0;0;0;0;0;0;0;0;0
80047;Aveluy;32;80;0;0;0;0;0;0;0;0;0;0;0;0;0;0;0;0;0;0;0;0;0;0;0;0;1;0;0;0;0;0;2;0;0;0;0;0;0
80048;Avesnes-Chaussoy;32;80;0;0;0;0;0;0;0;0;0;0;0;0;0;0;0;0;0;0;0;0;0;0;0;0;0;0;0;0;0;0;0;0;0;0;0;0;0
80049;Ayencourt;32;80;0;0;0;0;0;0;0;0;0;0;0;0;0;0;0;0;0;0;0;0;0;0;0;0;0;0;2;0;0;0;0;0;0;0;0;0;0
80050;Bacouel-sur-Selle;32;80;0;0;0;0;0;0;0;0;0;0;0;0;0;0;0;0;0;0;0;0;1;0;0;0;2;0;0;1;0;0;0;0;0;1;1;0;0
80051;Bailleul;32;80;0;0;0;0;0;0;0;0;0;0;0;0;0;0;0;0;0;0;0;0;0;0;0;0;0;1;0;0;0;0;0;0;0;0;0;0;0
80052;Baizieux;32;80;0;0;0;0;0;0;0;0;0;0;0;0;0;0;0;0;0;0;0;0;0;0;0;0;1;1;0;0;0;0;0;0;0;0;0;0;0
80053;Balâtre;32;80;0;0;0;0;0;0;0;0;0;0;0;0;0;0;0;0;0;0;0;0;0;0;0;0;0;0;1;0;0;0;0;0;0;0;0;0;0
80054;Barleux;32;80;0;0;0;0;0;0;0;0;0;0;0;0;0;0;0;0;0;0;0;0;3;0;0;0;0;1;0;1;0;0;1;0;0;0;0;0;0
80055;Barly;32;80;0;0;0;0;0;0;0;0;0;0;0;0;0;0;0;0;0;0;0;0;0;0;0;0;0;1;0;0;1;0;0;0;0;0;0;0;0
80056;Bavelincourt;32;80;0;0;0;0;0;0;0;0;0;0;0;0;0;0;0;0;0;0;0;0;0;0;0;0;0;0;0;0;0;0;0;0;0;0;1;0;1
80057;Bayencourt;32;80;0;0;0;0;0;0;0;0;0;0;0;0;0;0;0;0;0;0;0;0;0;0;0;0;0;0;0;0;0;0;0;0;0;0;0;0;0
80058;Bayonvillers;32;80;0;0;0;0;0;0;0;0;0;0;0;0;0;0;0;0;0;0;0;0;1;0;0;0;0;0;0;1;0;0;0;0;0;0;0;0;1
80059;Bazentin;32;80;0;0;0;0;0;0;0;0;0;0;0;0;0;0;0;0;0;0;0;0;0;0;0;0;0;0;0;0;0;0;1;0;0;0;0;0;0
80060;Béalcourt;32;80;0;0;0;0;0;0;0;0;0;0;0;0;0;0;0;0;0;0;0;0;0;0;0;0;0;0;0;0;0;0;0;0;0;0;0;0;0
80061;Beaucamps-le-Jeune;32;80;0;0;0;0;0;0;0;0;0;0;0;0;0;0;0;0;0;0;0;0;1;0;0;0;0;0;0;0;0;0;0;0;0;0;0;0;0
80062;Beaucamps-le-Vieux;32;80;0;0;0;0;0;0;0;0;0;0;0;0;0;0;0;2;1;1;0;0;4;0;0;0;5;0;0;0;1;0;3;1;0;0;0;0;0
80063;Beauchamps;32;80;0;0;0;0;0;0;0;0;0;0;0;0;0;0;0;0;1;0;1;0;4;0;0;0;0;0;1;2;0;2;1;3;0;0;1;0;0
80064;Beaucourt-en-Santerre;32;80;0;0;0;0;0;0;0;0;0;0;0;0;0;0;0;0;0;0;0;0;0;0;0;0;0;0;1;0;1;0;0;0;0;0;0;0;0
80065;Beaucourt-sur-l'Ancre;32;80;0;0;0;0;0;0;0;0;0;0;0;0;0;0;0;0;0;0;0;0;0;0;0;0;0;0;0;0;0;0;0;0;0;0;0;0;0
80066;Beaucourt-sur-l'Hallue;32;80;0;0;0;0;0;0;0;0;0;0;0;0;0;0;0;0;0;0;0;0;0;0;0;0;0;0;0;2;0;0;0;0;0;0;0;0;0
80067;Beaufort-en-Santerre;32;80;0;0;0;0;0;0;0;0;0;0;0;0;0;0;0;0;0;0;0;0;0;0;0;0;0;1;0;0;0;1;0;0;0;0;1;0;0
80068;Beaumetz;32;80;0;0;0;0;0;0;0;0;0;0;0;0;0;0;0;0;0;0;0;0;0;0;0;0;0;0;1;0;0;0;0;0;0;0;0;0;0
80069;Beaumont-Hamel;32;80;0;0;0;0;0;0;0;0;0;0;0;0;0;0;0;0;0;0;0;0;0;0;0;0;0;0;0;0;0;0;0;0;0;0;0;0;0
80070;Beauquesne;32;80;0;0;0;0;0;0;0;0;0;0;0;0;0;0;0;0;0;0;0;1;1;0;0;0;2;1;2;1;1;0;3;1;0;0;0;0;0
80071;Beauval;32;80;0;1;0;0;0;0;0;0;0;0;0;0;0;0;0;0;0;1;0;0;1;0;0;0;1;2;0;4;1;1;2;0;0;0;0;0;2
80073;Bécordel-Bécourt;32;80;0;0;0;0;0;0;0;0;0;0;0;0;0;0;0;0;0;0;0;0;0;0;0;0;0;0;0;0;0;0;0;0;0;0;0;0;0
80074;Becquigny;32;80;0;0;0;0;0;0;0;0;0;0;0;0;0;0;0;0;0;0;0;0;0;0;0;0;0;0;0;0;0;0;0;0;0;0;0;0;0
80076;Béhen;32;80;0;0;0;0;0;0;0;0;0;0;0;0;0;0;0;0;0;0;0;0;0;0;0;0;0;0;0;2;0;0;1;0;0;0;0;0;0
80077;Béhencourt;32;80;0;0;0;0;0;0;0;0;0;0;0;0;0;0;0;0;0;0;0;0;0;0;0;0;0;0;0;1;2;0;1;0;0;0;1;0;0
80078;Bellancourt;32;80;0;0;0;0;0;0;0;0;0;0;0;0;0;0;0;0;0;0;0;0;1;0;0;0;0;1;1;1;1;0;0;0;0;0;1;0;0
80079;Belleuse;32;80;0;0;0;0;0;0;0;0;0;0;0;0;0;0;0;0;0;0;0;0;2;0;0;0;0;0;0;0;0;0;0;0;0;0;0;0;0
80080;Belloy-en-Santerre;32;80;0;0;0;0;0;0;0;0;0;0;0;0;0;0;0;0;0;0;0;0;0;0;0;0;0;0;1;0;0;0;0;0;0;0;0;0;0
80081;Belloy-Saint-Léonard;32;80;0;0;0;0;0;0;0;0;0;0;0;0;0;0;0;0;0;0;0;0;0;0;0;0;0;0;1;0;0;0;0;0;0;0;0;0;0
80082;Belloy-sur-Somme;32;80;0;0;0;0;0;0;0;0;0;0;0;0;0;0;0;0;0;0;0;0;0;0;0;0;0;0;0;1;0;0;1;2;0;0;0;0;0
80083;Bergicourt;32;80;0;0;0;0;0;0;0;0;0;0;0;0;0;0;0;0;0;0;0;0;0;0;0;0;0;0;0;1;0;0;0;0;0;0;0;0;0
80084;Bermesnil;32;80;0;0;0;0;0;0;0;0;0;0;0;0;0;0;0;0;0;0;0;0;0;0;0;0;0;0;0;0;0;0;0;0;0;0;0;0;0
80085;Bernâtre;32;80;0;0;0;0;0;0;0;0;0;0;0;0;0;0;0;0;0;0;0;0;0;0;0;0;0;0;0;0;0;0;0;0;0;0;0;0;0
80086;Bernaville;32;80;0;1;0;0;0;0;0;0;0;1;0;0;0;0;0;3;0;1;0;0;1;1;0;1;2;3;3;2;1;0;3;1;0;0;1;0;0
80087;Bernay-en-Ponthieu;32;80;0;0;0;0;0;0;0;0;0;0;0;0;0;0;0;0;0;0;0;0;1;0;0;0;0;0;0;1;0;0;1;0;0;1;0;0;1
80088;Bernes;32;80;0;0;0;0;0;0;0;0;0;0;0;0;0;0;0;0;0;0;0;0;0;0;0;0;0;1;1;0;0;1;0;0;0;0;0;0;0
80089;Berneuil;32;80;0;0;0;0;0;0;0;0;0;0;0;0;0;0;0;0;0;0;0;0;0;0;0;0;0;0;0;1;0;0;2;0;0;0;0;0;1
80090;Berny-en-Santerre;32;80;0;0;0;0;0;0;0;0;0;0;0;0;0;0;0;0;0;0;0;0;0;0;0;0;0;0;0;0;0;0;0;0;0;0;0;0;0
80092;Bertangles;32;80;0;0;0;0;0;0;0;0;0;0;0;0;0;0;0;0;0;0;0;0;0;0;0;0;0;0;0;0;0;1;1;0;0;0;0;0;0
80093;Berteaucourt-les-Dames;32;80;0;0;0;0;0;0;0;0;0;0;0;0;0;0;0;0;0;0;1;0;1;0;0;0;2;0;1;2;1;0;0;0;0;2;0;0;1
80094;Berteaucourt-lès-Thennes;32;80;0;0;0;0;0;0;0;0;0;0;0;0;0;0;0;0;0;0;0;0;0;0;0;0;0;0;0;0;2;0;1;0;0;0;0;0;0
80095;Bertrancourt;32;80;0;0;0;0;0;0;0;0;0;0;0;0;0;0;0;0;0;0;0;0;0;0;0;0;0;0;0;0;0;1;0;0;0;0;0;0;1
80096;Béthencourt-sur-Mer;32;80;0;0;0;0;0;0;0;0;0;0;0;0;0;0;0;0;0;1;0;0;1;0;0;0;0;0;1;3;1;0;3;0;0;0;0;0;1
80097;Béthencourt-sur-Somme;32;80;0;0;0;0;0;0;0;0;0;0;0;0;0;0;0;0;0;0;0;0;0;0;0;0;1;0;0;0;0;0;0;0;0;0;0;0;0
80098;Bettembos;32;80;0;0;0;0;0;0;0;0;0;0;0;0;0;0;0;0;0;0;0;0;0;0;0;0;0;0;0;0;0;0;0;0;0;0;0;0;0
80099;Bettencourt-Rivière;32;80;0;0;0;0;0;0;0;0;0;0;0;0;0;0;0;0;0;0;0;0;0;0;0;0;0;0;1;0;1;0;1;0;0;0;0;0;0
80100;Bettencourt-Saint-Ouen;32;80;0;0;0;0;0;0;0;0;0;0;0;0;0;0;0;0;0;0;0;0;0;0;0;0;0;0;0;1;0;0;1;0;0;0;0;0;1
80101;Beuvraignes;32;80;0;0;0;0;0;0;0;0;0;0;0;0;0;0;0;0;0;0;0;1;1;0;1;0;0;1;2;0;0;0;0;0;0;1;0;0;2
80102;Biaches;32;80;0;0;0;0;0;0;0;0;0;0;0;0;0;0;0;0;0;0;0;0;0;0;0;0;1;1;1;0;2;0;0;0;0;0;0;0;0
80103;Biarre;32;80;0;0;0;0;0;0;0;0;0;0;0;0;0;0;0;0;0;0;0;0;0;0;0;0;0;0;0;0;0;0;0;0;0;0;0;0;0
80104;Biencourt;32;80;0;0;0;0;0;0;0;0;0;0;0;0;0;0;0;0;0;0;0;0;0;0;0;0;0;0;0;0;0;0;1;0;0;0;0;0;0
80105;Billancourt;32;80;0;0;0;0;0;0;0;0;0;0;0;0;0;0;0;0;0;0;0;0;0;0;0;0;1;0;1;1;0;0;0;0;0;0;0;0;0
80106;Blangy-sous-Poix;32;80;0;0;0;0;0;0;0;0;0;0;0;0;0;0;0;0;0;0;0;0;0;0;0;0;0;1;0;1;1;0;0;0;0;0;0;0;0
80107;Blangy-Tronville;32;80;0;0;0;0;0;0;0;0;0;0;0;0;0;0;0;0;0;0;0;0;0;0;0;0;0;0;0;0;2;1;0;0;0;0;1;0;0
80108;Boisbergues;32;80;0;0;0;0;0;0;0;0;0;0;0;0;0;0;0;0;0;0;0;0;0;0;0;0;0;0;0;0;0;0;0;0;0;0;0;0;0
80109;Le Boisle;32;80;0;0;0;0;0;0;0;0;0;0;0;0;0;0;0;0;0;0;0;0;1;0;1;0;1;0;0;1;0;0;0;0;0;0;0;0;0
80110;Boismont;32;80;0;0;0;0;0;0;0;0;0;0;0;0;0;0;0;0;0;0;0;0;2;1;0;0;0;0;1;0;0;1;0;0;0;1;0;0;0
80112;Bonnay;32;80;0;0;0;0;0;0;0;0;0;0;0;0;0;0;0;0;0;0;0;0;0;0;0;0;0;1;1;0;0;0;0;0;0;1;0;0;1
80113;Bonneville;32;80;0;0;0;0;0;0;0;0;0;0;0;0;0;0;0;0;0;0;0;0;0;0;0;0;0;0;3;1;1;0;0;0;0;0;0;0;0
80114;Bosquel;32;80;0;0;0;0;0;0;0;0;0;0;0;0;0;0;0;0;0;0;0;0;0;0;0;0;0;0;1;1;2;0;0;0;0;0;1;0;0
80115;Bouchavesnes-Bergen;32;80;0;0;0;0;0;0;0;0;0;0;0;0;0;0;0;0;0;0;0;0;0;0;0;0;1;0;0;0;0;0;0;0;0;0;0;0;0
80116;Bouchoir;32;80;0;0;0;0;0;0;0;0;0;0;0;0;0;0;0;0;0;0;0;0;0;0;0;0;0;0;0;0;1;0;0;0;0;0;1;0;0
80117;Bouchon;32;80;0;0;0;0;0;0;0;0;0;0;0;0;0;0;0;0;0;0;0;0;0;0;0;0;0;0;0;0;1;0;0;0;0;0;0;0;1
80118;Boufflers;32;80;0;0;0;0;0;0;0;0;0;0;0;0;0;0;0;0;0;0;0;0;0;0;0;0;0;0;0;0;0;0;0;0;0;0;0;0;0
80119;Bougainville;32;80;0;0;0;0;0;0;0;0;0;0;0;0;0;0;0;0;0;0;1;0;0;0;0;0;2;0;2;1;0;0;0;0;0;1;0;0;0
80120;Bouillancourt-en-Séry;32;80;0;0;0;0;0;0;0;0;0;0;0;0;0;0;0;0;0;0;0;0;0;0;0;0;2;0;0;2;2;0;1;0;0;0;0;0;0
80121;Bouillancourt-la-Bataille;32;80;0;0;0;0;0;0;0;0;0;0;0;0;0;0;0;0;0;0;0;0;1;0;0;0;2;0;0;0;2;0;0;0;0;0;0;0;0
80122;Bouquemaison;32;80;0;0;0;0;0;0;0;0;0;0;0;0;0;0;0;0;0;0;0;1;0;0;0;0;0;0;1;2;0;0;0;0;0;1;0;0;0
80123;Bourdon;32;80;0;0;0;0;0;0;0;0;0;0;0;0;0;0;0;0;0;0;0;0;1;0;0;0;2;1;0;1;0;0;1;0;0;1;0;0;0
80124;Bourseville;32;80;0;0;0;0;0;0;0;0;0;0;0;0;0;0;0;0;0;0;0;0;1;0;0;0;1;0;0;0;1;0;2;0;0;0;1;0;2
80125;Boussicourt;32;80;0;0;0;0;0;0;0;0;0;0;0;0;0;0;0;0;0;0;0;0;0;0;0;0;0;0;0;1;0;0;0;0;0;0;0;0;0
80126;Bouttencourt;32;80;0;0;0;0;0;0;0;0;0;0;0;0;0;0;0;0;0;0;0;0;3;0;0;0;2;0;0;1;0;1;2;0;0;1;0;0;1
80127;Bouvaincourt-sur-Bresle;32;80;0;0;0;0;0;0;0;0;0;0;0;0;0;0;0;0;0;0;0;1;1;0;0;0;0;1;2;1;0;0;0;0;0;1;0;0;0
80128;Bouvincourt-en-Vermandois;32;80;0;0;0;0;0;0;0;0;0;0;0;0;0;0;0;0;0;0;0;0;1;0;0;0;0;1;0;0;0;1;0;0;0;0;0;0;0
80129;Bouzincourt;32;80;0;0;0;0;0;0;0;0;0;0;0;0;0;0;0;0;0;0;0;0;5;0;0;0;2;0;0;0;0;0;4;0;0;0;0;0;0
80130;Bovelles;32;80;0;0;0;0;0;0;0;0;0;0;0;0;0;0;0;0;0;0;0;0;0;0;0;0;0;1;0;0;0;0;0;0;0;0;0;0;0
80131;Boves;32;80;0;0;0;0;0;0;0;0;0;0;0;0;0;0;0;1;0;1;0;0;3;0;5;1;5;10;5;9;1;4;6;1;2;2;1;0;4
80132;Braches;32;80;0;0;0;0;0;0;0;0;0;0;0;0;0;0;0;0;0;0;0;0;0;0;0;0;0;1;1;0;1;0;0;0;0;0;0;0;0
80133;Brailly-Cornehotte;32;80;0;0;0;0;0;0;0;0;0;0;0;0;0;0;0;0;0;0;0;0;1;0;0;0;0;0;1;0;0;0;0;0;0;0;0;0;0
80134;Brassy;32;80;0;0;0;0;0;0;0;0;0;0;0;0;0;0;0;0;0;0;0;0;0;0;0;0;0;0;1;1;0;0;0;0;0;0;0;0;0
80135;Bray-lès-Mareuil;32;80;0;0;0;0;0;0;0;0;0;0;0;0;0;0;0;0;0;0;0;0;0;0;0;0;1;0;0;0;0;0;0;0;0;1;0;0;0
80136;Bray-sur-Somme;32;80;0;1;0;0;0;0;0;0;0;1;0;0;0;0;0;3;1;1;0;0;3;0;0;0;0;3;1;0;2;0;3;0;0;2;0;0;0
80137;Breilly;32;80;0;0;0;0;0;0;0;0;0;0;0;0;0;0;0;0;0;0;0;0;1;0;0;0;2;0;1;3;0;0;1;0;0;0;0;0;0
80138;Bresle;32;80;0;0;0;0;0;0;0;0;0;0;0;0;0;0;0;0;0;0;0;0;0;0;0;0;0;0;0;0;1;0;0;0;0;0;0;0;0
80139;Breuil;32;80;0;0;0;0;0;0;0;0;0;0;0;0;0;0;0;0;0;0;0;0;0;0;0;0;0;0;0;1;0;0;0;0;0;0;0;0;0
80140;Brévillers;32;80;0;0;0;0;0;0;0;0;0;0;0;0;0;0;0;0;0;0;0;0;0;0;0;0;0;0;0;0;0;1;0;0;0;0;0;0;0
80141;Brie;32;80;0;0;0;0;0;0;0;0;0;0;0;0;0;0;0;0;0;0;0;0;0;0;0;0;0;0;0;0;1;0;1;0;0;1;0;0;0
80142;Briquemesnil-Floxicourt;32;80;0;0;0;0;0;0;0;0;0;0;0;0;0;0;0;0;0;0;0;0;0;0;0;0;0;0;1;0;0;0;0;0;0;1;0;0;0
80143;Brocourt;32;80;0;0;0;0;0;0;0;0;0;0;0;0;0;0;0;0;0;0;0;0;0;0;0;0;0;0;0;0;0;0;0;0;0;0;0;0;0
80144;Brouchy;32;80;0;0;0;0;0;0;0;0;0;0;0;0;0;0;0;0;0;0;0;0;1;0;0;0;1;0;0;0;0;0;0;0;0;0;0;0;1
80145;Brucamps;32;80;0;0;0;0;0;0;0;0;0;0;0;0;0;0;0;0;0;0;0;0;0;0;0;0;0;0;0;0;0;1;0;0;0;0;1;0;0
80146;Brutelles;32;80;0;0;0;0;0;0;0;0;0;0;0;0;0;0;0;0;0;0;0;0;0;0;0;0;0;1;0;1;0;0;0;0;0;0;0;0;0
80147;Buigny-l'Abbé;32;80;0;0;0;0;0;0;0;0;0;0;0;0;0;0;0;0;0;0;0;0;0;0;0;0;1;0;0;1;0;0;0;0;0;0;1;0;0
80148;Buigny-lès-Gamaches;32;80;0;0;0;0;0;0;0;0;0;0;0;0;0;0;0;0;0;0;0;0;0;0;0;0;0;0;0;0;1;0;0;0;0;0;0;0;0
80149;Buigny-Saint-Maclou;32;80;0;0;0;0;0;0;0;0;0;0;0;0;0;0;0;0;0;0;0;0;2;0;0;1;0;1;3;0;2;0;0;0;0;0;0;0;0
80150;Buire-Courcelles;32;80;0;0;0;0;0;0;0;0;0;0;0;0;0;0;0;0;0;0;0;0;0;0;0;0;0;0;0;0;1;0;0;0;0;0;0;0;0
80151;Buire-sur-l'Ancre;32;80;0;0;0;0;0;0;0;0;0;0;0;0;0;0;0;0;0;0;0;0;0;0;0;0;0;0;0;1;0;0;0;0;0;0;0;0;1
80152;Bus-la-Mésière;32;80;0;0;0;0;0;0;0;0;0;0;0;0;0;0;0;0;0;0;0;0;0;0;0;0;2;0;0;0;1;0;0;0;0;0;0;0;0
80153;Bus-lès-Artois;32;80;0;0;0;0;0;0;0;0;0;0;0;0;0;0;0;0;0;0;0;0;0;0;0;0;0;0;0;0;0;0;0;0;0;0;0;0;0
80154;Bussu;32;80;0;0;0;0;0;0;0;0;0;0;0;0;0;0;0;0;0;0;0;0;0;0;0;0;0;0;0;0;0;1;0;0;0;1;0;0;0
80155;Bussus-Bussuel;32;80;0;0;0;0;0;0;0;0;0;0;0;0;0;0;0;0;0;0;0;0;1;0;0;0;1;0;0;0;0;0;1;0;0;0;0;0;0
80156;Bussy-lès-Daours;32;80;0;0;0;0;0;0;0;0;0;0;0;0;0;0;0;0;0;0;0;0;2;0;0;0;0;0;1;0;0;1;0;0;0;0;0;0;0
80157;Bussy-lès-Poix;32;80;0;0;0;0;0;0;0;0;0;0;0;0;0;0;0;0;0;0;0;0;0;0;0;0;1;0;0;0;1;0;0;0;0;0;0;0;0
80158;Buverchy;32;80;0;0;0;0;0;0;0;0;0;0;0;0;0;0;0;0;0;0;0;0;0;0;0;0;0;1;0;0;0;0;0;0;0;0;0;0;0
80159;Cachy;32;80;0;0;0;0;0;0;0;0;0;0;0;0;0;0;0;0;1;0;0;0;0;0;0;0;0;0;0;0;0;1;0;0;0;0;0;0;1
80160;Cagny;32;80;0;0;0;0;0;0;0;0;0;0;0;0;0;0;0;0;0;0;0;0;0;0;0;0;0;0;3;0;2;3;1;0;0;1;0;0;1
80161;Cahon;32;80;0;0;0;0;0;0;0;0;0;0;0;0;0;0;0;0;0;0;0;0;0;0;0;0;0;1;0;0;2;0;0;0;0;0;0;0;0
80162;Caix;32;80;0;0;0;0;0;0;0;0;0;0;0;0;0;0;0;0;0;0;0;1;0;0;0;0;0;0;2;2;1;0;0;0;0;2;0;0;1
80163;Cambron;32;80;0;0;0;0;0;0;0;0;0;0;0;0;0;0;0;0;0;0;0;0;1;0;0;0;1;1;0;0;0;0;0;0;0;0;1;0;0
80164;Camon;32;80;0;0;0;0;0;0;0;0;0;0;0;0;0;0;0;2;1;1;0;0;8;1;0;2;5;7;4;10;6;3;7;0;0;3;3;0;1
80165;Camps-en-Amiénois;32;80;0;0;0;0;0;0;0;0;0;0;0;0;0;0;0;0;0;0;0;0;0;0;0;0;0;0;0;0;0;0;0;0;0;0;0;0;0
80166;Canaples;32;80;0;0;0;0;0;0;0;0;0;0;0;0;0;0;0;0;0;1;0;0;1;0;0;0;0;2;1;0;1;0;0;0;0;0;0;0;0
80167;Canchy;32;80;0;0;0;0;0;0;0;0;0;0;0;0;0;0;0;0;0;0;0;0;1;0;0;0;0;0;1;0;1;0;0;0;0;1;0;0;0
80168;Candas;32;80;0;0;0;0;0;0;0;0;0;0;0;0;0;0;0;0;0;0;0;1;2;0;0;0;0;0;2;1;0;0;2;0;0;0;0;0;0
80169;Cannessières;32;80;0;0;0;0;0;0;0;0;0;0;0;0;0;0;0;0;0;0;0;0;0;0;0;0;0;0;1;0;0;0;0;0;0;0;0;0;0
80170;Cantigny;32;80;0;0;0;0;0;0;0;0;0;0;0;0;0;0;0;0;0;0;0;0;0;0;0;0;1;0;0;0;0;0;0;0;0;0;0;0;0
80171;Caours;32;80;0;0;0;0;0;0;0;0;0;0;0;0;0;0;0;0;0;0;0;0;0;0;0;0;0;0;0;0;0;0;1;0;0;1;2;0;0
80172;Cappy;32;80;0;0;0;0;0;0;0;0;0;0;0;0;0;0;0;0;0;0;0;0;1;0;0;0;0;0;0;1;1;0;0;0;0;2;0;0;0
80173;Cardonnette;32;80;0;0;0;0;0;0;0;0;0;0;0;0;0;0;0;0;0;0;0;0;0;0;0;0;0;0;1;0;1;0;1;0;0;0;0;0;0
80174;Le Cardonnois;32;80;0;0;0;0;0;0;0;0;0;0;0;0;0;0;0;0;0;0;0;0;1;0;0;0;0;0;0;0;0;0;0;0;0;0;0;0;0
80175;Carnoy;32;80;0;0;0;0;0;0;0;0;0;0;0;0;0;0;0;0;0;0;0;0;0;0;0;0;1;0;0;0;1;0;0;0;0;0;0;0;0
80176;Carrépuis;32;80;0;0;0;0;0;0;0;0;0;0;0;0;0;0;0;0;1;0;0;0;0;0;0;0;1;0;0;0;0;0;0;0;0;0;0;0;0
80177;Cartigny;32;80;0;0;0;0;0;0;0;0;0;0;0;0;0;0;0;0;0;0;0;1;1;0;0;0;0;1;0;2;0;0;0;0;0;0;0;0;1
80179;Caulières;32;80;0;0;0;0;0;0;0;0;0;0;0;0;0;0;0;0;0;0;0;0;2;0;0;0;0;0;1;1;0;0;0;0;0;1;0;0;0
80180;Cavillon;32;80;0;0;0;0;0;0;0;0;0;0;0;0;0;0;0;0;0;0;0;0;0;0;0;0;0;0;0;0;1;0;0;0;0;0;0;0;0
80181;Cayeux-en-Santerre;32;80;0;0;0;0;0;0;0;0;0;0;0;0;0;0;0;0;0;0;0;0;0;0;0;0;0;0;0;0;0;0;0;0;0;0;0;0;0
80182;Cayeux-sur-Mer;32;80;0;0;0;0;0;0;0;0;0;0;0;0;0;0;0;1;2;1;0;0;3;0;0;2;3;3;3;7;2;0;3;2;0;11;9;0;2
80183;Cerisy-Buleux;32;80;0;0;0;0;0;0;0;0;0;0;0;0;0;0;0;0;0;0;0;0;0;0;0;0;0;1;2;0;0;0;0;0;0;0;0;0;1
80184;Cerisy;32;80;0;0;0;0;0;0;0;0;0;0;0;0;0;0;0;0;0;0;0;0;0;0;0;0;0;0;1;0;0;0;0;0;0;0;0;0;0
80185;Champien;32;80;0;0;0;0;0;0;0;0;0;0;0;0;0;0;0;0;0;0;0;0;1;0;0;0;1;0;0;0;1;0;0;0;0;1;0;0;0
80186;Chaulnes;32;80;0;1;0;0;0;0;0;0;0;0;0;0;0;0;0;4;1;1;0;0;6;0;0;2;1;4;3;2;1;0;7;0;0;6;3;0;0
80187;La Chaussée-Tirancourt;32;80;0;0;0;0;0;0;0;0;0;0;0;0;0;0;0;0;0;0;0;0;0;0;0;0;0;0;2;0;2;1;1;0;0;0;0;0;1
80188;Chaussoy-Epagny;32;80;0;0;0;0;0;0;0;0;0;0;0;0;0;0;0;0;0;0;0;0;1;0;0;0;0;0;1;1;1;0;0;0;0;0;0;0;0
80189;La Chavatte;32;80;0;0;0;0;0;0;0;0;0;0;0;0;0;0;0;0;0;0;0;0;0;0;0;0;0;0;0;0;0;2;0;0;0;0;0;0;0
80190;Chépy;32;80;0;0;0;0;0;0;0;0;0;0;0;0;0;0;0;0;0;0;0;1;1;0;0;1;1;0;3;0;1;0;3;0;0;0;0;0;0
80191;Chilly;32;80;0;0;0;0;0;0;0;0;0;0;0;0;0;0;0;0;0;0;0;0;0;0;0;0;1;0;1;0;0;0;0;0;0;0;0;0;0
80192;Chipilly;32;80;0;0;0;0;0;0;0;0;0;0;0;0;0;0;0;0;0;0;0;0;0;0;0;0;0;0;0;0;0;1;0;0;0;1;0;0;0
80193;Chirmont;32;80;0;0;0;0;0;0;0;0;0;0;0;0;0;0;0;0;0;0;0;0;0;0;0;0;0;0;0;0;1;0;0;0;0;0;0;0;0
80194;Chuignes;32;80;0;0;0;0;0;0;0;0;0;0;0;0;0;0;0;0;0;0;0;0;0;0;0;0;0;0;1;0;0;0;0;0;0;0;0;0;0
80195;Chuignolles;32;80;0;0;0;0;0;0;0;0;0;0;0;0;0;0;0;0;0;0;0;0;0;0;0;0;0;0;0;1;0;0;0;0;0;0;0;0;0
80196;Citerne;32;80;0;0;0;0;0;0;0;0;0;0;0;0;0;0;0;0;0;0;0;0;1;0;0;0;0;0;0;0;0;0;0;0;0;0;0;0;0
80197;Cizancourt;32;80;0;0;0;0;0;0;0;0;0;0;0;0;0;0;0;0;0;0;0;0;0;0;0;0;0;0;0;0;0;0;0;0;0;0;0;0;0
80198;Clairy-Saulchoix;32;80;0;0;0;0;0;0;0;0;0;0;0;0;0;0;0;0;0;0;0;0;0;0;0;0;0;0;0;0;0;0;0;0;0;0;0;0;0
80199;Cléry-sur-Somme;32;80;0;0;0;0;0;0;0;0;0;0;0;0;0;0;0;0;0;0;0;0;0;0;0;0;0;1;3;3;1;0;1;0;0;0;0;0;0
80200;Cocquerel;32;80;0;0;0;0;0;0;0;0;0;0;0;0;0;0;0;0;0;0;0;0;0;0;0;0;0;0;0;0;0;0;0;0;0;0;1;0;0
80201;Coigneux;32;80;0;0;0;0;0;0;0;0;0;0;0;0;0;0;0;0;0;0;0;0;0;0;0;0;0;0;0;0;0;0;0;0;0;0;0;0;0
80202;Coisy;32;80;0;0;0;0;0;0;0;0;0;0;0;0;0;0;0;0;1;0;0;0;0;0;0;0;0;0;0;0;0;0;0;0;0;0;0;0;1
80203;Colincamps;32;80;0;0;0;0;0;0;0;0;0;0;0;0;0;0;0;0;0;0;0;0;1;0;0;0;0;0;0;0;0;0;0;0;0;0;0;0;0
80204;Combles;32;80;0;0;0;0;0;0;0;0;0;0;0;0;0;0;0;4;0;1;0;0;1;0;0;0;1;1;0;1;0;0;1;0;0;1;0;0;0
80205;Condé-Folie;32;80;0;0;0;0;0;0;0;0;0;0;0;0;0;0;0;0;0;0;0;1;0;1;0;0;2;1;2;1;1;0;1;0;0;2;0;0;0
80206;Contalmaison;32;80;0;0;0;0;0;0;0;0;0;0;0;0;0;0;0;0;0;0;0;0;0;0;0;0;0;0;0;0;1;0;0;0;0;0;0;0;0
80207;Contay;32;80;0;0;0;0;0;0;0;0;0;0;0;0;0;0;0;0;0;0;0;0;1;0;0;1;1;1;1;1;1;0;0;0;0;1;0;0;0
80208;Conteville;32;80;0;0;0;0;0;0;0;0;0;0;0;0;0;0;0;0;0;0;0;0;0;0;0;0;1;1;0;0;0;0;0;0;0;0;0;0;0
80209;Contoire;32;80;0;0;0;0;0;0;0;0;0;0;0;0;0;0;0;0;0;0;0;0;0;0;0;0;0;1;1;0;0;1;0;0;0;0;0;0;0
80210;Contre;32;80;0;0;0;0;0;0;0;0;0;0;0;0;0;0;0;0;0;0;0;0;0;0;0;0;0;0;0;0;0;0;0;0;0;0;2;0;0
80211;Conty;32;80;0;1;0;0;0;0;0;0;0;1;0;0;0;0;0;3;1;1;0;0;5;1;0;1;0;1;4;6;2;4;3;1;0;3;3;1;2
80212;Corbie;32;80;0;1;0;0;0;0;0;0;0;1;0;0;0;0;0;6;1;1;0;0;8;0;0;6;2;4;3;9;2;2;11;1;0;8;6;0;5
80213;Cottenchy;32;80;0;0;0;0;0;0;0;0;0;0;0;0;0;0;0;0;0;0;0;0;0;0;0;0;2;2;0;0;0;1;0;0;0;0;0;0;0
80214;Coullemelle;32;80;0;0;0;0;0;0;0;0;0;0;0;0;0;0;0;0;0;0;0;0;0;0;0;0;0;0;1;3;1;1;1;0;0;0;0;0;0
80215;Coulonvillers;32;80;0;0;0;0;0;0;0;0;0;0;0;0;0;0;0;0;0;0;0;0;1;0;0;0;0;0;0;0;0;0;0;0;0;0;0;0;0
80216;Courcelette;32;80;0;0;0;0;0;0;0;0;0;0;0;0;0;0;0;0;0;0;0;0;0;0;0;0;0;0;0;1;1;0;0;0;0;0;0;0;0
80217;Courcelles-au-Bois;32;80;0;0;0;0;0;0;0;0;0;0;0;0;0;0;0;0;0;0;0;0;0;0;0;0;0;0;0;0;0;0;0;0;0;0;0;0;0
80218;Courcelles-sous-Moyencourt;32;80;0;0;0;0;0;0;0;0;0;0;0;0;0;0;0;0;0;0;0;0;0;0;0;0;0;0;0;0;0;1;1;0;0;0;0;0;0
80219;Courcelles-sous-Thoix;32;80;0;0;0;0;0;0;0;0;0;0;0;0;0;0;0;0;0;0;0;0;0;0;0;0;0;0;0;0;0;0;0;0;0;0;0;0;0
80220;Courtemanche;32;80;0;0;0;0;0;0;0;0;0;0;0;0;0;0;0;0;0;0;0;0;0;0;0;0;0;0;0;1;0;0;0;0;0;0;0;0;0
80221;Cramont;32;80;0;0;0;0;0;0;0;0;0;0;0;0;0;0;0;0;0;0;0;0;1;0;0;0;0;0;1;0;1;0;2;0;0;0;0;0;0
80222;Crécy-en-Ponthieu;32;80;0;1;0;0;0;0;0;0;0;1;0;0;2;0;0;3;0;1;0;0;2;0;0;1;1;0;1;0;1;0;4;1;0;3;0;0;1
80223;Crémery;32;80;0;0;0;0;0;0;0;0;0;0;0;0;0;0;0;0;0;0;0;0;0;0;0;0;0;0;1;0;0;0;0;0;0;0;0;0;0
80224;Cressy-Omencourt;32;80;0;0;0;0;0;0;0;0;0;0;0;0;0;0;0;0;0;0;0;0;1;0;0;0;0;0;0;0;0;0;0;0;0;0;0;0;0
80225;Creuse;32;80;0;0;0;0;0;0;0;0;0;0;0;0;0;0;0;0;0;0;0;0;0;0;0;0;0;0;0;0;0;0;0;0;0;0;0;0;0
80226;Croix-Moligneaux;32;80;0;0;0;0;0;0;0;0;0;0;0;0;0;0;0;0;0;0;0;0;1;0;0;0;1;0;0;1;0;1;1;0;0;0;0;0;0
80227;Croixrault;32;80;0;0;0;0;0;0;0;0;0;0;0;0;0;0;0;0;0;0;0;0;3;0;0;2;0;1;0;2;0;0;1;0;0;0;0;0;0
80228;Le Crotoy;32;80;0;0;0;0;0;0;0;0;0;0;0;0;0;0;0;3;0;1;0;0;2;0;0;0;4;3;1;4;4;1;4;0;0;21;4;1;3
80229;Crouy-Saint-Pierre;32;80;0;0;0;0;0;0;0;0;0;0;0;0;0;0;0;0;0;0;0;0;0;0;0;0;0;0;0;0;0;0;0;0;0;1;0;0;0
80230;Curchy;32;80;0;0;0;0;0;0;0;0;0;0;0;0;0;0;0;0;0;0;0;0;0;0;0;0;0;0;0;1;0;0;0;0;0;0;0;0;0
80231;Curlu;32;80;0;0;0;0;0;0;0;0;0;0;0;0;0;0;0;0;0;0;0;0;0;0;0;0;0;0;0;0;0;0;1;0;0;1;0;0;0
80232;Damery;32;80;0;0;0;0;0;0;0;0;0;0;0;0;0;0;0;0;0;0;0;0;0;0;0;0;0;0;0;0;0;1;0;0;0;0;0;0;0
80233;Dancourt-Popincourt;32;80;0;0;0;0;0;0;0;0;0;0;0;0;0;0;0;0;0;0;0;0;0;0;0;0;0;0;0;1;0;0;0;0;0;0;0;0;0
80234;Daours;32;80;0;0;0;0;0;0;0;0;0;0;0;0;0;0;0;0;0;0;0;1;2;0;0;0;0;4;1;1;0;0;0;0;0;3;0;0;0
80235;Dargnies;32;80;0;0;0;0;0;0;0;0;0;0;0;0;0;0;0;0;0;1;0;0;0;0;0;1;0;1;0;3;0;0;1;0;0;0;0;0;1
80236;Davenescourt;32;80;0;0;0;0;0;0;0;0;0;0;0;0;0;0;0;0;0;0;0;1;0;0;0;0;0;1;0;1;1;0;1;0;0;1;3;0;0
80237;Démuin;32;80;0;0;0;0;0;0;0;0;0;0;0;0;0;0;0;0;0;0;0;0;1;0;0;0;0;1;0;2;1;1;2;0;0;0;1;0;0
80238;Dernancourt;32;80;0;0;0;0;0;0;0;0;0;0;0;0;0;0;0;0;0;0;0;0;0;0;0;0;0;1;0;0;0;0;1;0;0;0;0;0;0
80239;Devise;32;80;0;0;0;0;0;0;0;0;0;0;0;0;0;0;0;0;0;0;0;0;0;0;0;0;0;0;0;0;0;0;0;0;0;0;0;0;0
80240;Doingt;32;80;0;0;0;0;0;0;0;0;0;0;0;0;0;0;0;0;0;0;0;0;1;1;0;0;0;1;4;2;1;0;1;0;0;1;0;0;2
80241;Domart-en-Ponthieu;32;80;0;1;0;0;0;0;0;0;0;0;0;0;0;0;0;3;0;0;1;0;1;0;0;1;3;1;0;2;0;1;3;0;0;0;0;0;0
80242;Domart-sur-la-Luce;32;80;0;0;0;0;0;0;0;0;0;0;0;0;0;0;0;0;0;0;0;1;1;0;0;0;0;0;0;1;0;0;1;0;0;0;2;0;0
80243;Domesmont;32;80;0;0;0;0;0;0;0;0;0;0;0;0;0;0;0;0;0;0;0;0;0;0;0;0;0;0;1;0;0;0;0;0;0;0;0;0;0
80244;Dominois;32;80;0;0;0;0;0;0;0;0;0;0;0;0;0;0;0;0;0;0;0;0;0;0;0;0;0;0;0;0;0;0;0;0;0;0;0;0;0
80245;Domléger-Longvillers;32;80;0;0;0;0;0;0;0;0;0;0;0;0;0;0;0;0;0;0;0;0;0;0;0;0;0;0;0;1;0;0;0;0;0;0;1;0;1
80246;Dommartin;32;80;0;0;0;0;0;0;0;0;0;0;0;0;0;0;0;0;0;0;0;0;1;0;0;0;1;1;0;1;0;0;0;0;0;0;1;0;0
80247;Dompierre-Becquincourt;32;80;0;0;0;0;0;0;0;0;0;0;0;0;0;0;0;0;0;0;0;1;1;0;0;0;1;1;1;1;1;0;0;0;0;0;1;0;0
80248;Dompierre-sur-Authie;32;80;0;0;0;0;0;0;0;0;0;0;0;0;0;0;0;0;0;0;0;0;1;0;0;0;0;0;0;1;0;0;0;0;0;0;0;0;0
80249;Domqueur;32;80;0;0;0;0;0;0;0;0;0;0;0;0;0;0;0;0;0;0;0;0;1;0;0;0;1;0;0;1;0;0;0;0;0;0;0;0;0
80250;Domvast;32;80;0;0;0;0;0;0;0;0;0;0;0;0;0;0;0;0;0;0;0;0;1;0;0;0;0;0;1;0;0;0;1;0;0;0;0;0;0
80251;Doudelainville;32;80;0;0;0;0;0;0;0;0;0;0;0;0;0;0;0;0;0;0;0;0;0;0;0;0;3;0;1;3;0;0;0;0;0;1;0;0;0
80252;Douilly;32;80;0;0;0;0;0;0;0;0;0;0;0;0;0;0;0;0;0;0;0;0;1;0;0;0;0;0;0;1;0;0;0;0;0;0;0;0;0
80253;Doullens;32;80;0;1;0;0;0;0;0;0;0;1;0;1;0;0;0;8;2;1;0;0;13;1;0;3;6;3;2;5;1;2;18;5;0;17;6;2;5
80256;Dreuil-lès-Amiens;32;80;0;0;0;0;0;0;0;0;0;0;0;0;0;0;0;0;0;0;0;1;3;1;0;0;2;3;0;0;3;1;2;0;0;3;2;0;0
80258;Driencourt;32;80;0;0;0;0;0;0;0;0;0;0;0;0;0;0;0;0;0;0;0;0;0;0;0;0;0;0;0;0;0;0;0;0;0;0;0;0;0
80259;Dromesnil;32;80;0;0;0;0;0;0;0;0;0;0;0;0;0;0;0;0;0;0;0;0;0;0;0;0;0;0;0;0;0;0;0;0;0;0;0;0;0
80260;Drucat;32;80;0;0;0;0;0;0;0;0;0;0;0;0;0;0;0;0;0;0;0;0;0;1;0;0;0;0;1;0;0;1;0;0;0;1;0;0;0
80261;Dury;32;80;0;0;0;0;0;0;0;0;0;0;0;0;0;0;0;6;0;1;0;0;4;1;1;1;1;0;1;3;1;5;4;1;1;8;2;1;1
80262;Eaucourt-sur-Somme;32;80;0;0;0;0;0;0;0;0;0;0;0;0;0;0;0;0;0;0;0;0;0;0;0;0;0;0;0;0;0;0;0;0;0;2;0;0;0
80263;L'Échelle-Saint-Aurin;32;80;0;0;0;0;0;0;0;0;0;0;0;0;0;0;0;0;0;0;0;0;0;0;0;0;1;0;0;0;0;0;1;0;0;1;0;0;0
80264;Éclusier-Vaux;32;80;0;0;0;0;0;0;0;0;0;0;0;0;0;0;0;0;0;0;0;0;0;0;0;0;0;0;0;0;0;0;0;0;0;1;0;0;0
80265;Embreville;32;80;0;0;0;0;0;0;0;0;0;0;0;0;0;0;0;0;0;0;0;0;0;0;0;0;1;0;1;0;1;0;2;0;0;0;0;0;1
80266;Englebelmer;32;80;0;0;0;0;0;0;0;0;0;0;0;0;0;0;0;0;0;0;0;0;0;0;0;0;1;1;0;1;0;0;1;0;0;0;0;0;0
80267;Ennemain;32;80;0;0;0;0;0;0;0;0;0;0;0;0;0;0;0;0;0;0;0;0;0;0;0;0;1;0;0;0;0;0;0;0;0;0;0;0;0
80268;Épagne-Épagnette;32;80;0;0;0;0;0;0;0;0;0;0;0;0;0;0;0;0;0;0;0;0;0;0;0;0;0;0;1;1;0;0;1;0;0;1;0;0;0
80269;Épaumesnil;32;80;0;0;0;0;0;0;0;0;0;0;0;0;0;0;0;0;0;0;0;0;0;0;0;0;0;0;0;1;0;0;0;0;0;1;0;0;0
80270;Épécamps;32;80;0;0;0;0;0;0;0;0;0;0;0;0;0;0;0;0;0;0;0;0;0;0;0;0;0;0;0;0;0;0;0;0;0;0;0;0;0
80271;Épehy;32;80;0;0;0;0;0;0;0;0;0;0;0;0;0;0;0;0;0;1;0;0;1;0;1;0;0;0;0;2;2;0;4;1;0;1;0;0;1
80272;Épénancourt;32;80;0;0;0;0;0;0;0;0;0;0;0;0;0;0;0;0;0;0;0;0;2;0;0;0;0;0;0;3;0;0;0;0;0;0;0;0;0
80273;Éplessier;32;80;0;0;0;0;0;0;0;0;0;0;0;0;0;0;0;0;0;0;0;0;0;0;0;0;3;0;0;1;0;0;0;0;0;0;0;0;1
80274;Eppeville;32;80;0;0;0;0;0;0;0;0;0;0;0;0;0;0;0;0;0;0;0;0;1;0;0;0;4;0;4;7;3;0;1;0;0;3;0;0;1
80275;Équancourt;32;80;0;0;0;0;0;0;0;0;0;0;0;0;0;0;0;0;0;0;1;0;1;0;0;0;1;0;0;1;2;0;1;0;0;0;0;0;0
80276;Équennes-Éramecourt;32;80;0;0;0;0;0;0;0;0;0;0;0;0;0;0;0;0;0;0;0;0;1;0;0;0;0;0;1;0;0;0;0;0;0;0;0;0;0
80278;Erches;32;80;0;0;0;0;0;0;0;0;0;0;0;0;0;0;0;0;0;0;0;0;0;0;0;0;0;0;1;0;0;0;0;0;0;0;0;0;0
80279;Ercheu;32;80;0;0;0;0;0;0;0;0;0;0;0;0;0;0;0;0;0;0;0;1;2;0;1;0;0;1;0;2;0;1;0;0;0;0;1;0;0
80280;Ercourt;32;80;0;0;0;0;0;0;0;0;0;0;0;0;0;0;0;0;0;0;0;0;0;0;0;0;0;0;0;1;0;0;0;0;0;0;0;0;0
80281;Ergnies;32;80;0;0;0;0;0;0;0;0;0;0;0;0;0;0;0;0;0;0;0;0;0;0;0;0;1;0;1;0;0;0;0;0;0;1;1;0;0
80282;Érondelle;32;80;0;0;0;0;0;0;0;0;0;0;0;0;0;0;0;0;0;0;0;0;0;0;0;0;1;2;0;0;0;0;1;0;0;0;0;0;0
80283;Esclainvillers;32;80;0;0;0;0;0;0;0;0;0;0;0;0;0;0;0;0;0;0;0;0;1;0;0;0;1;0;0;1;1;0;0;0;0;0;0;0;0
80284;Esmery-Hallon;32;80;0;0;0;0;0;0;0;0;0;0;0;0;0;0;0;0;0;0;0;1;1;0;0;0;1;0;0;0;0;0;0;0;0;0;1;0;0
80285;Essertaux;32;80;0;0;0;0;0;0;0;0;0;0;0;0;0;0;0;0;0;0;0;0;1;0;0;0;0;0;0;1;0;0;0;0;0;0;1;0;0
80287;Estréboeuf;32;80;0;0;0;0;0;0;0;0;0;0;0;0;0;0;0;0;0;0;0;0;0;0;0;0;0;1;0;0;0;0;0;0;0;1;0;0;0
80288;Estrées-Deniécourt;32;80;0;0;0;0;0;0;0;0;0;0;0;0;0;0;0;0;0;0;0;1;1;0;0;0;1;1;0;0;0;1;0;0;0;2;0;0;0
80290;Estrées-lès-Crécy;32;80;0;0;0;0;0;0;0;0;0;0;0;0;0;0;0;0;0;0;0;0;0;0;0;0;1;0;2;1;0;0;0;1;0;0;0;0;1
80291;Estrées-sur-Noye;32;80;0;0;0;0;0;0;0;0;0;0;0;0;0;0;0;0;0;0;0;0;0;0;0;0;0;0;0;1;0;0;0;0;0;0;0;0;0
80292;Étalon;32;80;0;0;0;0;0;0;0;0;0;0;0;0;0;0;0;0;1;0;0;0;1;0;0;0;0;1;0;0;0;0;0;0;0;0;0;0;0
80293;Ételfay;32;80;0;0;0;0;0;0;0;0;0;0;0;0;0;0;0;0;0;0;0;0;0;0;0;0;0;0;2;1;1;0;0;0;0;0;1;0;0
80294;Éterpigny;32;80;0;0;0;0;0;0;0;0;0;0;0;0;0;0;0;0;0;0;0;0;1;0;0;0;0;1;0;0;0;0;0;0;0;0;0;0;0
80295;Étinehem;32;80;0;0;0;0;0;0;0;0;0;0;0;0;0;0;0;0;0;0;0;0;1;0;0;0;0;0;0;2;1;0;0;0;0;0;1;0;0
80296;L'Étoile;32;80;0;0;0;0;0;0;0;0;0;0;0;0;0;0;0;0;0;0;0;1;1;0;0;0;2;1;0;1;2;0;0;0;2;0;0;0;0
80297;Étréjust;32;80;0;0;0;0;0;0;0;0;0;0;0;0;0;0;0;0;0;0;0;0;0;0;0;0;0;0;0;0;0;0;0;0;0;0;0;0;0
80298;Étricourt-Manancourt;32;80;0;0;0;0;0;0;0;0;0;0;0;0;0;0;0;0;0;0;0;1;0;0;0;0;0;1;0;3;1;0;0;0;0;0;0;0;0
80299;La Faloise;32;80;0;0;0;0;0;0;0;0;0;0;0;0;0;0;0;0;0;0;0;0;0;0;0;0;1;0;1;0;1;0;0;0;0;2;0;0;0
80300;Falvy;32;80;0;0;0;0;0;0;0;0;0;0;0;0;0;0;0;0;0;0;0;0;0;0;0;0;0;0;0;2;0;0;0;0;0;0;0;0;0
80301;Famechon;32;80;0;0;0;0;0;0;0;0;0;0;0;0;0;0;0;0;0;0;0;0;0;0;0;0;0;0;0;0;0;0;0;0;0;0;0;0;0
80302;Faverolles;32;80;0;0;0;0;0;0;0;0;0;0;0;0;0;0;0;0;0;0;0;0;1;0;0;0;0;0;2;1;0;0;0;0;0;0;0;0;0
80303;Favières;32;80;0;0;0;0;0;0;0;0;0;0;0;0;0;0;0;0;0;0;0;0;0;0;0;0;0;0;1;0;1;0;0;0;0;3;0;0;0
80304;Fay;32;80;0;0;0;0;0;0;0;0;0;0;0;0;0;0;0;0;0;0;0;0;0;0;0;0;0;0;0;0;0;0;0;0;0;0;0;0;0
80305;Ferrières;32;80;0;0;0;0;0;0;0;0;0;0;0;0;0;0;0;0;1;0;0;0;0;0;0;0;1;0;0;1;0;0;1;0;0;0;0;0;0
80306;Fescamps;32;80;0;0;0;0;0;0;0;0;0;0;0;0;0;0;0;0;0;0;0;0;0;0;0;0;0;0;0;0;1;0;0;0;0;0;0;0;0
80307;Feuillères;32;80;0;0;0;0;0;0;0;0;0;0;0;0;0;0;0;0;0;0;0;0;0;0;0;0;0;0;0;0;0;0;0;0;0;0;0;0;0
80308;Feuquières-en-Vimeu;32;80;0;0;0;0;0;0;0;0;0;0;0;0;0;0;0;3;1;1;0;0;7;3;0;1;1;0;5;4;0;0;5;2;1;6;0;0;0
80310;Fienvillers;32;80;0;0;0;0;0;0;0;0;0;0;0;0;0;0;0;0;0;0;0;0;0;0;0;0;0;0;2;0;1;0;1;0;0;1;0;0;1
80311;Fignières;32;80;0;0;0;0;0;0;0;0;0;0;0;0;0;0;0;0;0;0;0;0;0;0;0;0;0;0;0;0;0;0;0;0;0;0;0;0;0
80312;Fins;32;80;0;0;0;0;0;0;0;0;0;0;0;0;0;0;0;0;0;0;0;0;0;0;0;0;1;0;1;0;0;0;0;0;0;0;0;0;1
80313;Flaucourt;32;80;0;0;0;0;0;0;0;0;0;0;0;0;0;0;0;0;0;0;0;0;0;0;0;0;0;1;0;0;0;1;0;0;0;0;0;0;0
80314;Flers;32;80;0;0;0;0;0;0;0;0;0;0;0;0;0;0;0;0;0;0;0;0;1;0;0;0;0;0;1;0;0;0;0;0;0;0;0;0;0
80315;Flers-sur-Noye;32;80;0;0;0;0;0;0;0;0;0;0;0;0;0;0;0;0;0;0;1;0;0;0;0;0;1;0;0;1;0;0;0;0;0;0;0;0;0
80316;Flesselles;32;80;0;0;0;0;0;0;0;0;0;0;0;0;0;0;0;0;0;1;0;0;1;0;0;0;2;1;2;2;2;1;2;0;0;4;0;0;2
80317;Fleury;32;80;0;0;0;0;0;0;0;0;0;0;0;0;0;0;0;0;0;0;0;0;0;0;0;0;2;0;0;0;0;0;0;0;0;1;0;0;0
80318;Flixecourt;32;80;0;1;0;0;0;0;0;0;0;1;0;0;0;0;0;4;0;1;0;0;4;4;0;2;2;2;2;2;3;0;5;2;0;4;5;1;2
80319;Fluy;32;80;0;0;0;0;0;0;0;0;0;0;0;0;0;0;0;0;0;0;0;0;0;0;0;0;0;0;1;0;1;0;0;0;0;1;0;0;0
80320;Folies;32;80;0;0;0;0;0;0;0;0;0;0;0;0;0;0;0;0;0;0;0;0;0;0;0;0;0;0;0;0;0;2;0;0;0;0;0;0;1
80321;Folleville;32;80;0;0;0;0;0;0;0;0;0;0;0;0;0;0;0;0;0;0;0;0;0;0;0;0;1;0;0;2;0;0;0;0;0;0;0;0;0
80322;Fonches-Fonchette;32;80;0;0;0;0;0;0;0;0;0;0;0;0;0;0;0;0;0;0;0;0;2;0;0;0;0;1;0;0;0;0;0;0;0;0;0;0;0
80324;Fontaine-le-Sec;32;80;0;0;0;0;0;0;0;0;0;0;0;0;0;0;0;0;0;0;0;0;0;0;0;0;0;0;0;0;0;0;0;0;0;0;0;0;0
80325;Fontaine-lès-Cappy;32;80;0;0;0;0;0;0;0;0;0;0;0;0;0;0;0;0;0;0;0;0;0;0;0;0;0;0;0;0;0;0;1;0;0;0;0;0;0
80326;Fontaine-sous-Montdidier;32;80;0;0;0;0;0;0;0;0;0;0;0;0;0;0;0;0;0;0;0;0;0;0;0;0;0;0;0;1;0;0;0;0;0;0;0;0;0
80327;Fontaine-sur-Maye;32;80;0;0;0;0;0;0;0;0;0;0;0;0;0;0;0;0;0;0;0;0;0;0;0;0;1;1;0;0;0;0;0;0;0;0;0;0;0
80328;Fontaine-sur-Somme;32;80;0;0;0;0;0;0;0;0;0;0;0;0;0;0;0;0;0;0;1;0;1;0;0;0;0;2;1;1;0;0;2;0;0;1;0;0;0
80329;Forceville;32;80;0;0;0;0;0;0;0;0;0;0;0;0;0;0;0;0;0;0;0;0;0;0;0;0;1;0;0;0;0;0;0;0;0;0;0;0;0
80330;Forceville-en-Vimeu;32;80;0;0;0;0;0;0;0;0;0;0;0;0;0;0;0;0;0;0;0;0;0;0;0;0;0;1;0;0;0;0;0;0;0;0;0;0;0
80331;Forest-l'Abbaye;32;80;0;0;0;0;0;0;0;0;0;0;0;0;0;0;0;0;0;0;0;0;0;0;0;0;0;0;0;0;0;0;0;0;0;0;0;0;0
80332;Forest-Montiers;32;80;0;0;0;0;0;0;0;0;0;0;0;0;0;0;0;0;0;0;0;0;2;0;0;0;1;0;0;1;0;1;0;0;0;0;1;0;1
80333;Fort-Mahon-Plage;32;80;0;0;0;0;0;0;0;0;0;0;0;0;1;0;0;1;0;1;0;0;2;0;1;0;1;3;3;9;3;0;3;0;0;23;6;0;1
80334;Fossemanant;32;80;0;0;0;0;0;0;0;0;0;0;0;0;0;0;0;0;0;0;0;0;0;0;0;0;0;0;0;0;0;0;0;0;0;0;0;0;0
80335;Foucaucourt-en-Santerre;32;80;0;0;0;0;0;0;0;0;0;0;0;0;0;0;0;0;0;0;0;0;0;0;0;0;0;0;0;1;0;0;0;0;0;1;0;0;0
80336;Foucaucourt-Hors-Nesle;32;80;0;0;0;0;0;0;0;0;0;0;0;0;0;0;0;0;0;0;0;0;0;0;0;0;0;0;0;0;0;0;0;0;0;0;0;0;0
80337;Fouencamps;32;80;0;0;0;0;0;0;0;0;0;0;0;0;0;0;0;0;0;0;0;0;0;0;0;0;0;0;0;0;0;0;0;0;0;1;0;0;2
80338;Fouilloy;32;80;0;0;0;0;0;0;0;0;0;0;0;0;0;0;0;0;0;0;0;0;5;1;0;0;1;0;1;3;1;2;3;0;0;5;0;0;1
80339;Fouquescourt;32;80;0;0;0;0;0;0;0;0;0;0;0;0;0;0;0;0;0;0;0;0;0;0;0;0;0;0;0;0;0;0;0;0;0;0;0;0;0
80340;Fourcigny;32;80;0;0;0;0;0;0;0;0;0;0;0;0;0;0;0;0;0;0;0;0;0;0;0;0;0;1;0;0;0;0;0;0;0;0;0;0;1
80341;Fourdrinoy;32;80;0;0;0;0;0;0;0;0;0;0;0;0;0;0;0;0;0;0;0;0;0;0;0;0;0;0;0;0;0;0;0;0;0;0;0;0;0
80342;Framerville-Rainecourt;32;80;0;0;0;0;0;0;0;0;0;0;0;0;0;0;0;0;0;0;0;0;0;0;0;0;0;0;0;0;2;0;0;0;0;0;0;0;0
80343;Framicourt;32;80;0;0;0;0;0;0;0;0;0;0;0;0;0;0;0;0;0;0;0;0;0;0;0;0;0;0;0;0;0;0;0;0;0;0;0;0;0
80344;Francières;32;80;0;0;0;0;0;0;0;0;0;0;0;0;0;0;0;0;0;0;0;0;1;0;0;0;0;0;0;0;0;0;0;0;0;0;0;0;0
80345;Franleu;32;80;0;0;0;0;0;0;0;0;0;0;0;0;0;0;0;0;0;0;0;0;1;0;0;0;2;0;0;2;2;0;1;0;0;0;1;0;0
80346;Franqueville;32;80;0;0;0;0;0;0;0;0;0;0;0;0;0;0;0;0;0;0;0;0;0;0;0;0;1;0;0;0;1;0;1;0;0;0;0;0;1
80347;Fransart;32;80;0;0;0;0;0;0;0;0;0;0;0;0;0;0;0;0;0;0;0;0;0;0;0;0;0;0;0;0;1;0;0;0;0;0;0;0;0
80348;Fransu;32;80;0;0;0;0;0;0;0;0;0;0;0;0;0;0;0;0;0;0;0;0;0;0;0;0;0;0;0;0;0;1;1;0;0;0;0;0;0
80349;Fransures;32;80;0;0;0;0;0;0;0;0;0;0;0;0;0;0;0;0;0;0;0;0;0;0;0;0;0;0;0;0;1;0;0;0;0;0;0;0;0
80350;Franvillers;32;80;0;0;0;0;0;0;0;0;0;0;0;0;0;0;0;0;0;0;0;0;0;0;0;0;0;0;0;0;3;0;0;0;0;0;0;0;1
80351;Fréchencourt;32;80;0;0;0;0;0;0;0;0;0;0;0;0;0;0;0;0;0;0;0;0;1;0;0;0;0;0;1;0;0;0;0;0;0;0;0;0;0
80352;Frémontiers;32;80;0;0;0;0;0;0;0;0;0;0;0;0;0;0;0;0;0;0;0;0;0;0;0;0;0;0;0;0;1;1;0;0;0;0;0;0;0
80353;Fresnes-Mazancourt;32;80;0;0;0;0;0;0;0;0;0;0;0;0;0;0;0;0;0;0;0;0;0;0;0;0;0;1;0;0;0;0;1;0;0;1;0;0;0
80354;Fresnes-Tilloloy;32;80;0;0;0;0;0;0;0;0;0;0;0;0;0;0;0;0;0;0;0;0;0;0;0;0;1;0;1;0;0;0;0;0;0;0;0;0;0
80355;Fresneville;32;80;0;0;0;0;0;0;0;0;0;0;0;0;0;0;0;0;0;0;0;0;0;0;0;0;0;0;0;0;0;0;0;0;0;0;0;0;0
80356;Fresnoy-Andainville;32;80;0;0;0;0;0;0;0;0;0;0;0;0;0;0;0;0;0;0;0;0;0;0;0;0;1;0;0;0;0;0;0;0;0;0;0;0;0
80357;Fresnoy-au-Val;32;80;0;0;0;0;0;0;0;0;0;0;0;0;0;0;0;0;0;0;0;0;0;0;0;0;0;0;0;0;0;0;0;0;0;0;0;0;0
80358;Fresnoy-en-Chaussée;32;80;0;0;0;0;0;0;0;0;0;0;0;0;0;0;0;0;0;0;0;0;0;0;0;0;0;0;0;0;1;0;0;0;0;0;0;0;0
80359;Fresnoy-lès-Roye;32;80;0;0;0;0;0;0;0;0;0;0;0;0;0;0;0;0;0;0;0;0;1;0;0;0;1;0;0;0;0;0;1;0;0;0;0;0;1
80360;Fressenneville;32;80;0;0;0;0;0;0;0;0;0;0;0;0;0;0;0;2;0;1;0;0;4;1;0;1;0;1;5;4;1;0;9;0;1;3;0;0;1
80361;Frettecuisse;32;80;0;0;0;0;0;0;0;0;0;0;0;0;0;0;0;0;0;0;0;0;0;0;0;0;0;0;0;0;0;0;0;0;0;0;0;0;0
80362;Frettemeule;32;80;0;0;0;0;0;0;0;0;0;0;0;0;0;0;0;0;0;0;0;0;0;0;0;0;0;0;0;2;0;0;0;0;0;0;0;0;0
80364;Friaucourt;32;80;0;0;0;0;0;0;0;0;0;0;0;0;0;0;0;0;0;0;0;0;0;0;0;0;0;0;2;1;0;0;4;0;0;0;0;0;0
80365;Fricamps;32;80;0;0;0;0;0;0;0;0;0;0;0;0;0;0;0;0;0;0;0;0;0;0;0;0;0;0;1;1;0;0;0;0;0;0;0;0;1
80366;Fricourt;32;80;0;0;0;0;0;0;0;0;0;0;0;0;0;0;0;0;0;0;0;0;2;0;0;0;0;0;0;1;0;0;0;0;0;1;0;0;0
80367;Frise;32;80;0;0;0;0;0;0;0;0;0;0;0;0;0;0;0;0;0;0;0;0;0;0;0;0;0;0;0;0;1;0;0;0;0;0;0;0;0
80368;Friville-Escarbotin;32;80;0;1;0;0;0;0;0;0;0;1;0;1;0;0;0;7;2;1;0;0;11;1;0;3;5;5;6;5;4;3;12;2;6;12;1;2;4
80369;Frohen-sur-Authie;32;80;0;0;0;0;0;0;0;0;0;0;0;0;0;0;0;0;0;0;0;0;1;0;0;0;0;1;0;0;1;0;0;0;0;0;0;0;0
80371;Froyelles;32;80;0;0;0;0;0;0;0;0;0;0;0;0;0;0;0;0;0;0;0;0;0;0;0;0;1;0;0;0;0;0;1;0;0;0;0;0;0
80372;Frucourt;32;80;0;0;0;0;0;0;0;0;0;0;0;0;0;0;0;0;0;0;0;0;1;0;0;0;0;0;0;0;0;0;0;0;0;0;0;0;0
80373;Gamaches;32;80;0;1;0;0;0;0;0;0;0;1;0;0;0;0;0;5;2;1;0;0;4;2;0;3;1;2;2;5;1;3;5;3;0;7;1;1;2
80374;Gapennes;32;80;0;0;0;0;0;0;0;0;0;0;0;0;0;0;0;0;0;0;0;0;0;0;0;0;1;0;1;0;0;0;0;0;0;0;0;0;0
80375;Gauville;32;80;0;0;0;0;0;0;0;0;0;0;0;0;0;0;0;0;1;0;0;0;3;1;0;0;0;1;1;0;1;0;0;0;0;0;0;0;0
80376;Gentelles;32;80;0;0;0;0;0;0;0;0;0;0;0;0;0;0;0;0;0;0;0;0;0;0;0;0;1;1;0;0;1;1;2;0;0;0;1;0;0
80377;Gézaincourt;32;80;0;0;0;0;0;0;0;0;0;0;0;0;0;0;0;0;0;0;0;0;0;0;0;0;0;0;0;0;0;0;0;0;0;0;0;0;0
80378;Ginchy;32;80;0;0;0;0;0;0;0;0;0;0;0;0;0;0;0;0;0;0;0;0;0;0;0;0;0;0;0;0;0;0;0;0;0;0;0;0;0
80379;Glisy;32;80;0;0;0;0;0;0;0;0;0;0;0;0;0;0;0;0;0;0;0;0;2;1;0;2;0;0;2;4;3;2;3;2;0;9;0;1;1
80380;Gorenflos;32;80;0;0;0;0;0;0;0;0;0;0;0;0;0;0;0;0;0;0;0;0;0;0;0;0;0;0;0;2;0;0;1;0;0;0;0;0;0
80381;Gorges;32;80;0;0;0;0;0;0;0;0;0;0;0;0;0;0;0;0;0;0;0;0;0;0;0;0;0;0;0;0;0;0;0;0;0;0;0;0;0
80383;Goyencourt;32;80;0;0;0;0;0;0;0;0;0;0;0;0;0;0;0;0;0;0;0;0;1;0;0;0;0;1;0;1;0;0;0;0;0;0;0;0;0
80384;Grandcourt;32;80;0;0;0;0;0;0;0;0;0;0;0;0;0;0;0;0;0;0;0;0;0;0;0;0;1;0;0;0;0;0;1;0;0;0;1;0;0
80385;Grand-Laviers;32;80;0;0;0;0;0;0;0;0;0;0;0;0;0;0;0;0;0;0;0;0;0;0;0;0;0;0;0;0;0;0;0;0;0;0;0;0;1
80386;Gratibus;32;80;0;0;0;0;0;0;0;0;0;0;0;0;0;0;0;0;0;0;0;0;0;0;0;0;0;0;1;1;1;0;0;0;0;0;0;0;0
80387;Grattepanche;32;80;0;0;0;0;0;0;0;0;0;0;0;0;0;0;0;0;0;0;0;0;0;0;0;0;0;0;0;0;0;0;0;0;0;0;0;0;0
80388;Grébault-Mesnil;32;80;0;0;0;0;0;0;0;0;0;0;0;0;0;0;0;0;0;0;0;0;0;0;0;0;0;0;1;0;2;0;0;0;0;0;0;0;0
80389;Grécourt;32;80;0;0;0;0;0;0;0;0;0;0;0;0;0;0;0;0;0;0;0;0;0;0;0;0;0;0;0;0;0;0;0;0;0;0;0;0;0
80390;Grivesnes;32;80;0;0;0;0;0;0;0;0;0;0;0;0;0;0;0;0;0;0;0;1;0;0;0;0;0;1;0;0;1;0;0;0;0;0;2;0;0
80391;Grivillers;32;80;0;0;0;0;0;0;0;0;0;0;0;0;0;0;0;0;0;0;0;0;0;0;0;0;0;0;0;0;0;0;0;0;0;0;0;0;0
80392;Grouches-Luchuel;32;80;0;0;0;0;0;0;0;0;0;0;0;0;0;0;0;0;0;0;0;0;0;0;0;0;2;0;0;0;0;0;0;0;0;1;0;0;2
80393;Gruny;32;80;0;0;0;0;0;0;0;0;0;0;0;0;0;0;0;0;0;0;0;0;2;0;0;0;1;0;1;2;2;0;0;0;0;2;0;0;0
80395;Guerbigny;32;80;0;0;0;0;0;0;0;0;0;0;0;0;0;0;0;0;0;0;0;0;0;0;0;0;0;1;1;1;1;0;0;0;0;1;0;0;0
80396;Gueschart;32;80;0;0;0;0;0;0;0;0;0;0;0;0;0;0;0;0;0;0;0;1;2;0;0;0;0;0;1;0;2;0;0;0;0;1;0;0;0
80397;Gueudecourt;32;80;0;0;0;0;0;0;0;0;0;0;0;0;0;0;0;0;0;0;0;0;0;0;0;0;0;0;0;0;0;0;0;0;0;0;0;0;0
80399;Guignemicourt;32;80;0;0;0;0;0;0;0;0;0;0;0;0;0;0;0;0;0;0;0;0;0;0;0;0;0;0;0;0;0;0;0;0;0;0;0;0;0
80400;Guillaucourt;32;80;0;0;0;0;0;0;0;0;0;0;0;0;0;0;0;0;0;0;1;0;0;0;0;0;2;0;1;1;0;0;0;0;0;0;0;0;0
80401;Guillemont;32;80;0;0;0;0;0;0;0;0;0;0;0;0;0;0;0;0;0;0;0;0;0;0;0;0;1;0;0;0;0;0;0;0;0;0;0;0;0
80402;Guizancourt;32;80;0;0;0;0;0;0;0;0;0;0;0;0;0;0;0;0;0;0;0;0;0;0;0;0;0;0;1;0;0;0;1;0;0;0;0;0;0
80403;Guyencourt-sur-Noye;32;80;0;0;0;0;0;0;0;0;0;0;0;0;0;0;0;0;0;0;0;0;0;0;0;0;2;0;0;0;0;0;0;0;0;0;0;0;0
80404;Guyencourt-Saulcourt;32;80;0;0;0;0;0;0;0;0;0;0;0;0;0;0;0;0;0;0;0;0;1;0;0;0;0;0;0;0;0;0;0;0;0;0;0;0;0
80405;Hailles;32;80;0;0;0;0;0;0;0;0;0;0;0;0;0;0;0;0;0;0;0;0;1;0;0;0;0;1;0;0;0;0;0;0;0;0;0;0;1
80406;Hallencourt;32;80;0;1;0;0;0;0;0;0;0;1;0;0;0;0;0;1;0;1;0;0;2;0;0;1;0;1;1;0;0;0;1;0;0;0;0;0;0
80407;Hallivillers;32;80;0;0;0;0;0;0;0;0;0;0;0;0;0;0;0;0;0;0;0;0;1;0;0;0;0;0;3;1;0;0;0;0;0;0;0;0;0
80408;Halloy-lès-Pernois;32;80;0;0;0;0;0;0;0;0;0;0;0;0;0;0;0;0;0;0;0;0;0;0;0;0;1;0;1;1;0;0;1;0;0;0;0;0;0
80409;Hallu;32;80;0;0;0;0;0;0;0;0;0;0;0;0;0;0;0;0;0;0;0;0;0;0;0;0;0;0;1;1;0;0;0;0;0;0;0;0;0
80410;Ham;32;80;0;1;0;0;0;0;0;0;0;1;0;1;0;0;0;10;1;1;0;0;7;1;0;3;2;6;2;4;0;2;9;4;1;12;5;1;4
80411;Le Hamel;32;80;0;0;0;0;0;0;0;0;0;0;0;0;0;0;0;0;0;0;0;1;0;0;0;0;0;0;1;0;0;0;0;0;0;0;0;0;0
80412;Hamelet;32;80;0;0;0;0;0;0;0;0;0;0;0;0;0;0;0;0;0;0;0;0;0;0;0;0;1;0;0;0;1;0;0;0;0;0;0;0;0
80413;Hancourt;32;80;0;0;0;0;0;0;0;0;0;0;0;0;0;0;0;0;0;0;0;0;0;0;0;0;0;0;0;0;0;0;0;0;0;0;0;0;0
80414;Hangard;32;80;0;0;0;0;0;0;0;0;0;0;0;0;0;0;0;0;0;0;0;0;0;0;0;0;0;0;0;0;0;0;0;0;0;0;0;0;0
80415;Hangest-en-Santerre;32;80;0;0;0;0;0;0;0;0;0;0;0;0;0;0;0;0;0;0;0;1;2;0;1;0;0;2;4;0;0;1;2;0;0;0;0;0;0
80416;Hangest-sur-Somme;32;80;0;0;0;0;0;0;0;0;0;0;0;0;0;0;0;0;0;0;0;1;1;0;0;0;0;0;0;0;0;0;0;0;0;1;0;0;0
80417;Harbonnières;32;80;0;0;0;0;0;0;0;0;0;0;0;0;0;0;0;0;0;1;0;0;2;0;0;0;1;3;2;1;2;0;1;0;0;3;0;0;0
80418;Hardecourt-aux-Bois;32;80;0;0;0;0;0;0;0;0;0;0;0;0;0;0;0;0;0;0;0;0;0;0;0;0;0;0;0;0;0;0;0;0;0;0;0;0;0
80419;Hargicourt;32;80;0;0;0;0;0;0;0;0;0;0;0;0;0;0;0;0;0;0;0;0;0;0;0;0;0;0;1;0;0;0;1;0;1;0;0;0;0
80420;Harponville;32;80;0;0;0;0;0;0;0;0;0;0;0;0;0;0;0;0;0;0;0;0;0;0;0;0;0;0;0;0;0;0;0;0;0;0;0;0;1
80421;Hattencourt;32;80;0;0;0;0;0;0;0;0;0;0;0;0;0;0;0;0;0;0;0;0;0;0;0;0;1;1;0;0;1;0;0;0;0;0;0;0;0
80422;Hautvillers-Ouville;32;80;0;0;0;0;0;0;0;0;0;0;0;0;0;0;0;0;0;0;0;0;1;0;0;0;1;0;0;3;1;0;1;0;0;1;0;0;0
80423;Havernas;32;80;0;0;0;0;0;0;0;0;0;0;0;0;0;0;0;0;0;0;0;0;0;0;0;0;0;1;0;1;0;0;0;0;0;0;2;0;0
80424;Hébécourt;32;80;0;0;0;0;0;0;0;0;0;0;0;0;0;0;0;0;0;0;0;0;1;0;0;0;0;0;1;0;0;0;0;0;0;1;0;0;0
80425;Hédauville;32;80;0;0;0;0;0;0;0;0;0;0;0;0;0;0;0;0;0;0;0;0;1;0;0;0;0;0;0;0;0;0;0;0;0;0;0;0;0
80426;Heilly;32;80;0;0;0;0;0;0;0;0;0;0;0;0;0;0;0;0;0;0;0;1;1;0;0;0;2;0;2;0;0;0;1;0;0;1;0;0;0
80427;Hem-Hardinval;32;80;0;0;0;0;0;0;0;0;0;0;0;0;0;0;0;0;0;0;0;0;1;0;0;0;0;0;1;0;0;0;1;0;0;0;0;0;0
80428;Hem-Monacu;32;80;0;0;0;0;0;0;0;0;0;0;0;0;0;0;0;0;0;0;0;0;0;0;0;0;0;0;0;0;0;0;0;0;0;0;0;0;1
80429;Hénencourt;32;80;0;0;0;0;0;0;0;0;0;0;0;0;0;0;0;0;0;0;0;0;0;0;0;0;0;0;0;2;0;0;0;0;0;0;0;0;0
80430;Herbécourt;32;80;0;0;0;0;0;0;0;0;0;0;0;0;0;0;0;0;0;0;0;0;0;0;0;0;0;0;0;0;0;0;0;0;0;0;0;0;1
80431;Hérissart;32;80;0;0;0;0;0;0;0;0;0;0;0;0;0;0;0;0;0;0;0;0;2;0;0;0;0;0;2;0;1;0;1;0;0;0;0;0;0
80432;Herleville;32;80;0;0;0;0;0;0;0;0;0;0;0;0;0;0;0;0;0;0;0;0;0;0;0;0;1;1;0;2;0;0;0;0;0;0;0;0;0
80433;Herly;32;80;0;0;0;0;0;0;0;0;0;0;0;0;0;0;0;0;0;0;0;0;0;0;0;0;0;0;0;0;0;0;0;0;0;0;0;0;0
80434;Hervilly;32;80;0;0;0;0;0;0;0;0;0;0;0;0;0;0;0;0;0;0;0;0;1;0;0;0;0;0;0;0;0;0;0;0;0;0;0;0;0
80435;Hesbécourt;32;80;0;0;0;0;0;0;0;0;0;0;0;0;0;0;0;0;0;0;0;0;0;0;0;0;0;0;0;0;0;0;0;0;0;0;0;0;0
80436;Hescamps;32;80;0;0;0;0;0;0;0;0;0;0;0;0;0;0;0;0;0;0;0;0;1;0;0;0;0;0;0;0;0;0;0;0;0;0;0;0;0
80437;Heucourt-Croquoison;32;80;0;0;0;0;0;0;0;0;0;0;0;0;0;0;0;0;0;0;0;0;0;0;0;0;0;0;1;0;0;0;0;0;0;0;0;0;0
80438;Heudicourt;32;80;0;0;0;0;0;0;0;0;0;0;0;0;0;0;0;0;0;0;0;1;0;0;0;0;2;0;0;0;0;0;1;0;0;1;0;0;0
80439;Heuzecourt;32;80;0;0;0;0;0;0;0;0;0;0;0;0;0;0;0;0;0;0;0;0;0;0;0;0;0;0;0;1;0;0;0;0;0;0;0;0;1
80440;Hiermont;32;80;0;0;0;0;0;0;0;0;0;0;0;0;0;0;0;0;0;0;0;0;0;0;0;0;0;0;0;0;0;0;0;0;0;0;0;0;0
80442;Hombleux;32;80;0;0;0;0;0;0;0;0;0;0;0;0;0;0;0;0;0;0;0;1;2;0;0;0;1;0;1;1;0;1;1;0;0;0;0;0;0
80443;Hornoy-le-Bourg;32;80;0;1;0;0;0;0;0;0;0;1;0;0;0;0;0;3;1;1;0;0;5;0;0;0;1;1;3;3;1;2;4;1;0;1;1;0;1
80444;Huchenneville;32;80;0;0;0;0;0;0;0;0;0;0;0;0;0;0;0;0;0;0;0;0;0;0;0;0;1;0;3;1;0;1;1;0;0;0;0;0;0
80445;Humbercourt;32;80;0;0;0;0;0;0;0;0;0;0;0;0;0;0;0;0;0;0;0;0;0;0;0;0;0;0;0;2;0;0;0;0;0;0;0;0;0
80446;Huppy;32;80;0;0;0;0;0;0;0;0;0;0;0;0;0;0;0;0;0;0;0;1;1;0;0;0;1;0;0;0;0;1;4;0;0;1;0;0;0
80447;Hyencourt-le-Grand;32;80;0;0;0;0;0;0;0;0;0;0;0;0;0;0;0;0;0;0;0;0;0;0;0;0;0;0;0;1;0;0;0;0;0;0;0;0;0
80449;Ignaucourt;32;80;0;0;0;0;0;0;0;0;0;0;0;0;0;0;0;0;0;0;0;0;0;0;0;0;0;0;0;1;0;0;0;0;0;0;0;0;0
80450;Inval-Boiron;32;80;0;0;0;0;0;0;0;0;0;0;0;0;0;0;0;0;0;0;0;0;0;0;0;0;0;0;0;0;0;0;0;0;0;0;0;0;0
80451;Irles;32;80;0;0;0;0;0;0;0;0;0;0;0;0;0;0;0;0;0;0;0;0;0;0;0;0;0;0;0;0;1;0;0;0;0;0;0;0;0
80452;Jumel;32;80;0;0;0;0;0;0;0;0;0;0;0;0;0;0;0;0;0;0;0;0;0;0;0;0;1;0;1;2;2;1;0;0;0;1;1;0;0
80453;Laboissière-en-Santerre;32;80;0;0;0;0;0;0;0;0;0;0;0;0;0;0;0;0;0;0;0;0;0;0;0;0;0;0;0;0;0;0;0;0;0;0;0;0;0
80455;Lachapelle;32;80;0;0;0;0;0;0;0;0;0;0;0;0;0;0;0;0;0;0;0;0;0;0;0;0;0;0;0;1;0;0;0;0;0;0;0;0;0
80456;Lafresguimont-Saint-Martin;32;80;0;0;0;0;0;0;0;0;0;0;0;0;0;0;0;0;0;0;0;0;0;0;0;0;2;0;0;2;1;0;1;0;0;0;0;0;0
80458;Lahoussoye;32;80;0;0;0;0;0;0;0;0;0;0;0;0;0;0;0;0;0;0;0;0;1;0;0;0;0;0;0;0;0;0;0;0;0;0;0;0;0
80459;Laleu;32;80;0;0;0;0;0;0;0;0;0;0;0;0;0;0;0;0;0;0;0;0;0;0;0;0;0;0;0;0;0;0;0;0;0;0;0;0;0
80460;Lamaronde;32;80;0;0;0;0;0;0;0;0;0;0;0;0;0;0;0;0;0;0;0;0;0;0;0;0;0;0;0;0;0;0;0;0;0;0;0;0;1
80461;Lamotte-Brebière;32;80;0;0;0;0;0;0;0;0;0;0;0;0;0;0;0;0;0;0;0;0;0;0;0;0;2;1;0;1;0;1;1;0;0;0;0;0;0
80462;Lamotte-Buleux;32;80;0;0;0;0;0;0;0;0;0;0;0;0;0;0;0;0;0;0;0;0;0;0;0;0;1;1;0;1;0;0;1;0;0;0;0;0;0
80463;Lamotte-Warfusée;32;80;0;0;0;0;0;0;0;0;0;0;0;0;0;0;0;0;0;0;0;0;2;0;0;0;1;0;2;0;0;0;3;0;0;1;2;0;1
80464;Lanchères;32;80;0;0;0;0;0;0;0;0;0;0;0;0;0;0;0;0;0;0;0;1;1;0;0;0;2;1;0;2;1;0;0;0;0;0;0;0;0
80465;Languevoisin-Quiquery;32;80;0;0;0;0;0;0;0;0;0;0;0;0;0;0;0;0;0;0;0;0;0;0;0;0;0;0;0;1;0;0;0;0;0;0;0;0;0
80466;Lanches-Saint-Hilaire;32;80;0;0;0;0;0;0;0;0;0;0;0;0;0;0;0;0;0;0;0;0;1;0;0;0;0;0;1;0;0;0;0;0;0;0;0;0;0
80467;Laucourt;32;80;0;0;0;0;0;0;0;0;0;0;0;0;0;0;0;0;0;0;0;0;0;0;0;0;0;0;1;0;0;0;0;0;0;0;0;0;0
80468;Laviéville;32;80;0;0;0;0;0;0;0;0;0;0;0;0;0;0;0;0;0;0;0;0;0;0;0;0;1;0;0;0;0;0;1;0;0;0;0;0;0
80469;Lawarde-Mauger-l'Hortoy;32;80;0;0;0;0;0;0;0;0;0;0;0;0;0;0;0;0;0;0;0;0;0;0;0;0;1;0;0;0;0;0;0;0;0;0;0;0;0
80470;Léalvillers;32;80;0;0;0;0;0;0;0;0;0;0;0;0;0;0;0;0;0;0;0;0;0;0;0;0;0;0;0;0;0;0;0;0;0;0;0;0;0
80472;Lesboeufs;32;80;0;0;0;0;0;0;0;0;0;0;0;0;0;0;0;0;0;0;0;0;1;0;0;0;0;0;0;0;0;0;0;0;0;0;0;0;0
80473;Liancourt-Fosse;32;80;0;0;0;0;0;0;0;0;0;0;0;0;0;0;0;0;0;0;0;0;0;0;0;0;1;0;0;1;0;0;0;0;0;0;0;0;1
80474;Licourt;32;80;0;0;0;0;0;0;0;0;0;0;0;0;0;0;0;0;0;0;0;0;0;0;0;0;0;0;0;1;0;0;0;0;0;0;0;0;0
80475;Liéramont;32;80;0;0;0;0;0;0;0;0;0;0;0;0;0;0;0;0;0;0;0;0;1;0;0;0;0;0;0;2;0;0;0;0;0;0;0;0;1
80476;Liercourt;32;80;0;0;0;0;0;0;0;0;0;0;0;0;0;0;0;0;0;0;0;0;1;0;0;0;0;0;1;0;0;0;0;0;0;1;0;0;0
80477;Ligescourt;32;80;0;0;0;0;0;0;0;0;0;0;0;0;0;0;0;0;0;0;0;0;1;0;0;0;1;0;0;0;0;0;0;0;0;0;0;0;0
80478;Lignières;32;80;0;0;0;0;0;0;0;0;0;0;0;0;0;0;0;0;0;0;0;0;0;0;0;0;0;1;1;1;0;0;0;0;0;0;0;0;0
80479;Lignières-Châtelain;32;80;0;0;0;0;0;0;0;0;0;0;0;0;0;0;0;0;0;0;0;1;1;0;0;0;1;0;0;2;0;0;0;0;0;1;0;0;0
80480;Lignières-en-Vimeu;32;80;0;0;0;0;0;0;0;0;0;0;0;0;0;0;0;0;0;0;0;0;0;0;0;0;0;0;0;0;0;1;0;0;0;0;0;0;0
80481;Lihons;32;80;0;0;0;0;0;0;0;0;0;0;0;0;0;0;0;0;0;0;0;0;1;0;0;0;0;0;0;0;0;0;2;0;0;0;0;0;2
80482;Limeux;32;80;0;0;0;0;0;0;0;0;0;0;0;0;0;0;0;0;0;0;0;0;0;0;0;0;0;1;0;0;1;0;0;0;0;0;0;0;0
80484;Liomer;32;80;0;0;0;0;0;0;0;0;0;0;0;0;0;0;0;0;0;0;0;1;0;0;0;0;0;0;0;2;1;0;0;0;0;0;0;0;0
80485;Loeuilly;32;80;0;0;0;0;0;0;0;0;0;0;0;0;0;0;0;0;0;0;0;1;1;0;0;0;2;0;2;1;0;0;1;0;0;1;0;0;0
80486;Long;32;80;0;0;0;0;0;0;0;0;0;0;0;0;0;0;0;0;0;0;0;1;0;0;0;0;2;1;0;0;1;0;1;0;0;3;0;0;0
80487;Longavesnes;32;80;0;0;0;0;0;0;0;0;0;0;0;0;0;0;0;0;0;0;0;0;0;0;0;0;0;0;0;0;0;0;0;0;0;0;0;0;0
80488;Longpré-les-Corps-Saints;32;80;0;0;0;0;0;0;0;0;0;0;0;0;0;0;0;2;2;1;0;0;3;0;0;1;1;1;0;1;2;0;4;0;0;0;2;0;0
80489;Longueau;32;80;0;0;0;0;0;0;0;0;0;0;0;0;0;0;0;4;1;1;0;0;6;1;1;1;1;2;3;2;2;0;4;1;0;11;1;0;0
80490;Longueval;32;80;0;0;0;0;0;0;0;0;0;0;0;0;0;0;0;0;0;0;1;0;0;0;0;0;1;1;0;2;0;0;0;0;0;2;1;0;0
80491;Longuevillette;32;80;0;0;0;0;0;0;0;0;0;0;0;0;0;0;0;0;0;0;0;0;0;0;0;0;0;0;0;0;0;0;0;0;0;0;0;0;0
80493;Louvencourt;32;80;0;0;0;0;0;0;0;0;0;0;0;0;0;0;0;0;0;0;0;0;2;0;0;0;0;0;0;1;0;0;0;0;0;1;2;0;0
80494;Louvrechy;32;80;0;0;0;0;0;0;0;0;0;0;0;0;0;0;0;0;0;0;0;0;0;0;0;0;0;0;0;1;1;0;0;0;0;0;0;0;0
80495;Lucheux;32;80;0;0;0;0;0;0;0;0;0;0;0;0;0;0;0;0;0;0;0;0;0;0;0;0;0;1;0;0;1;0;1;1;0;0;0;0;0
80496;Machiel;32;80;0;0;0;0;0;0;0;0;0;0;0;0;0;0;0;0;0;0;0;0;2;0;0;0;1;0;0;1;2;0;0;0;0;0;0;0;0
80497;Machy;32;80;0;0;0;0;0;0;0;0;0;0;0;0;0;0;0;0;0;0;0;0;0;0;0;0;0;0;0;0;0;1;0;0;0;0;1;0;0
80498;Mailly-Maillet;32;80;0;0;0;0;0;0;0;0;0;0;0;0;0;0;0;0;0;0;0;1;1;0;0;0;2;1;0;2;0;1;3;2;0;0;0;0;0
80499;Mailly-Raineval;32;80;0;0;0;0;0;0;0;0;0;0;0;0;0;0;0;0;0;0;0;0;0;0;0;0;0;0;2;1;1;0;0;0;0;0;0;0;0
80500;Maisnières;32;80;0;0;0;0;0;0;0;0;0;0;0;0;0;0;0;0;0;0;0;0;0;0;0;0;1;0;1;3;0;0;0;0;0;1;0;0;0
80501;Maison-Ponthieu;32;80;0;0;0;0;0;0;0;0;0;0;0;0;0;0;0;0;0;0;0;0;1;0;0;0;0;2;0;1;1;0;0;0;0;0;0;0;0
80502;Maison-Roland;32;80;0;0;0;0;0;0;0;0;0;0;0;0;0;0;0;0;0;0;0;0;0;0;0;0;1;0;0;0;0;0;0;0;0;0;0;0;0
80503;Maizicourt;32;80;0;0;0;0;0;0;0;0;0;0;0;0;0;0;0;0;0;0;0;0;0;0;0;0;0;0;0;0;1;0;0;0;0;0;0;0;0
80504;Malpart;32;80;0;0;0;0;0;0;0;0;0;0;0;0;0;0;0;0;0;0;0;0;1;0;0;0;0;0;0;0;0;0;0;0;0;0;0;0;0
80505;Mametz;32;80;0;0;0;0;0;0;0;0;0;0;0;0;0;0;0;0;0;0;0;0;0;0;0;0;0;0;0;0;0;1;0;0;0;0;0;0;0
80507;Marcelcave;32;80;0;0;0;0;0;0;0;0;0;0;0;0;0;0;0;0;0;0;0;1;0;0;0;0;1;1;0;0;0;1;2;0;0;1;0;0;0
80508;Marché-Allouarde;32;80;0;0;0;0;0;0;0;0;0;0;0;0;0;0;0;0;0;0;0;0;0;0;0;0;0;0;0;0;0;0;0;0;0;0;0;0;0
80509;Marchélepot;32;80;0;0;0;0;0;0;0;0;0;0;0;0;0;0;0;0;0;0;0;1;0;0;0;0;2;0;0;2;0;2;0;0;0;0;0;0;1
80511;Marestmontiers;32;80;0;0;0;0;0;0;0;0;0;0;0;0;0;0;0;0;0;0;0;0;0;0;0;0;0;0;0;0;0;0;0;0;0;0;0;0;0
80512;Mareuil-Caubert;32;80;0;0;0;0;0;0;0;0;0;0;0;0;0;0;0;0;0;0;0;0;2;0;0;0;2;2;1;5;0;1;0;0;0;1;1;0;0
80513;Maricourt;32;80;0;0;0;0;0;0;0;0;0;0;0;0;0;0;0;0;0;0;0;0;1;0;0;0;0;0;0;0;0;0;0;0;0;0;0;0;0
80514;Marieux;32;80;0;0;0;0;0;0;0;0;0;0;0;0;0;0;0;0;0;0;0;0;0;0;0;0;0;0;2;0;0;0;0;0;0;0;0;0;0
80515;Marlers;32;80;0;0;0;0;0;0;0;0;0;0;0;0;0;0;0;0;0;0;0;0;0;0;0;0;2;0;0;1;0;0;0;0;0;0;0;0;0
80516;Marquaix;32;80;0;0;0;0;0;0;0;0;0;0;0;0;0;0;0;0;0;0;0;0;0;0;0;0;0;0;0;1;1;1;0;0;0;1;0;0;0
80517;Marquivillers;32;80;0;0;0;0;0;0;0;0;0;0;0;0;0;0;0;0;0;0;0;0;0;0;0;0;1;1;0;0;0;0;1;0;0;0;0;0;0
80518;Martainneville;32;80;0;0;0;0;0;0;0;0;0;0;0;0;0;0;0;0;0;0;0;1;0;0;0;0;0;0;0;2;0;0;0;0;0;0;0;0;0
80519;Matigny;32;80;0;0;0;0;0;0;0;0;0;0;0;0;0;0;0;0;0;0;0;1;0;0;0;0;0;0;0;2;1;0;2;0;0;0;0;0;0
80520;Maucourt;32;80;0;0;0;0;0;0;0;0;0;0;0;0;0;0;0;0;0;0;0;0;1;0;0;0;0;0;0;0;0;0;0;0;0;0;0;0;0
80521;Maurepas;32;80;0;0;0;0;0;0;0;0;0;0;0;0;0;0;0;0;0;0;0;0;0;0;0;0;2;1;0;1;1;0;0;0;0;0;0;0;0
80522;Le Mazis;32;80;0;0;0;0;0;0;0;0;0;0;0;0;0;0;0;0;0;0;0;0;1;0;0;0;0;0;0;0;0;1;0;0;0;0;0;0;0
80523;Méaulte;32;80;0;0;0;0;0;0;0;0;0;0;0;0;0;0;0;0;0;1;0;0;3;0;0;0;0;0;1;1;3;2;2;0;0;1;0;0;0
80524;Méharicourt;32;80;0;0;0;0;0;0;0;0;0;0;0;0;0;0;0;0;0;0;1;0;0;0;0;0;1;2;1;2;0;0;0;0;0;0;0;0;0
80525;Meigneux;32;80;0;0;0;0;0;0;0;0;0;0;0;0;0;0;0;0;0;0;0;0;0;0;0;0;0;0;1;0;0;0;0;0;0;0;0;0;0
80526;Le Meillard;32;80;0;0;0;0;0;0;0;0;0;0;0;0;0;0;0;0;0;0;0;0;1;0;0;0;0;0;1;0;0;1;0;0;0;0;0;0;0
80527;Méneslies;32;80;0;0;0;0;0;0;0;0;0;0;0;0;0;0;0;0;0;0;0;0;0;0;0;0;0;0;1;0;0;0;0;0;0;0;0;0;1
80528;Méréaucourt;32;80;0;0;0;0;0;0;0;0;0;0;0;0;0;0;0;0;0;0;0;0;0;0;0;0;0;0;0;0;0;0;0;0;0;0;0;0;0
80529;Mérélessart;32;80;0;0;0;0;0;0;0;0;0;0;0;0;0;0;0;0;0;0;0;0;0;0;0;0;0;0;0;1;0;0;0;0;0;0;0;0;0
80530;Méricourt-l'Abbé;32;80;0;0;0;0;0;0;0;0;0;0;0;0;0;0;0;0;0;0;0;0;0;0;0;0;0;1;0;0;0;1;0;0;0;0;0;0;0
80531;Méricourt-en-Vimeu;32;80;0;0;0;0;0;0;0;0;0;0;0;0;0;0;0;0;0;0;0;0;0;0;0;0;1;0;0;0;0;0;0;0;0;0;0;0;0
80532;Méricourt-sur-Somme;32;80;0;0;0;0;0;0;0;0;0;0;0;0;0;0;0;0;0;0;0;0;0;0;0;0;1;0;0;1;0;0;0;0;0;1;0;0;0
80533;Mers-les-Bains;32;80;0;0;0;0;0;0;0;0;0;0;0;0;0;0;0;2;0;1;0;0;4;1;0;0;0;1;3;5;1;0;9;0;0;14;4;1;2
80535;Le Mesge;32;80;0;0;0;0;0;0;0;0;0;0;0;0;0;0;0;0;0;0;0;0;0;0;0;0;0;0;0;1;0;0;0;0;0;0;0;0;0
80536;Mesnil-Bruntel;32;80;0;0;0;0;0;0;0;0;0;0;0;0;0;0;0;0;0;0;0;0;0;0;0;0;0;1;1;1;1;0;0;0;0;1;0;0;0
80537;Mesnil-Domqueur;32;80;0;0;0;0;0;0;0;0;0;0;0;0;0;0;0;0;0;0;0;0;0;0;0;0;0;0;0;0;0;0;2;0;0;0;0;0;0
80538;Mesnil-en-Arrouaise;32;80;0;0;0;0;0;0;0;0;0;0;0;0;0;0;0;0;0;0;0;0;0;0;0;0;0;0;0;0;0;1;0;0;0;0;0;0;0
80540;Mesnil-Martinsart;32;80;0;0;0;0;0;0;0;0;0;0;0;0;0;0;0;0;0;0;0;0;1;0;0;0;0;0;0;1;0;1;0;0;0;0;0;0;0
80541;Mesnil-Saint-Georges;32;80;0;0;0;0;0;0;0;0;0;0;0;0;0;0;0;0;0;0;0;0;0;0;0;0;0;0;0;0;0;0;0;0;0;0;0;0;0
80542;Mesnil-Saint-Nicaise;32;80;0;0;0;0;0;0;0;0;0;0;0;0;0;0;0;0;0;0;0;0;0;0;0;0;0;1;2;0;1;0;0;0;0;1;1;0;0
80543;Métigny;32;80;0;0;0;0;0;0;0;0;0;0;0;0;0;0;0;0;0;0;0;0;0;0;0;0;0;0;0;0;0;0;0;0;0;0;0;0;1
80544;Mézerolles;32;80;0;0;0;0;0;0;0;0;0;0;0;0;0;0;0;0;0;0;0;0;0;0;0;0;0;0;0;0;0;0;0;0;0;0;0;0;0
80545;Mézières-en-Santerre;32;80;0;0;0;0;0;0;0;0;0;0;0;0;0;0;0;0;0;0;0;0;0;0;0;0;2;0;0;2;1;0;0;0;0;1;0;0;0
80546;Miannay;32;80;0;0;0;0;0;0;0;0;0;0;0;0;0;0;0;0;0;0;0;0;0;0;0;0;0;0;2;0;0;1;1;0;0;1;0;0;0
80547;Millencourt;32;80;0;0;0;0;0;0;0;0;0;0;0;0;0;0;0;0;0;0;0;0;1;0;0;0;0;0;1;0;0;0;0;0;0;0;0;0;1
80548;Millencourt-en-Ponthieu;32;80;0;0;0;0;0;0;0;0;0;0;0;0;0;0;0;0;0;0;0;0;1;0;0;0;0;1;0;2;1;0;0;0;0;0;0;0;0
80549;Miraumont;32;80;0;0;0;0;0;0;0;0;0;0;0;0;0;0;0;0;1;0;0;1;1;0;0;0;1;0;0;2;1;1;0;0;0;5;0;0;0
80550;Mirvaux;32;80;0;0;0;0;0;0;0;0;0;0;0;0;0;0;0;0;0;0;0;0;1;0;0;0;1;0;0;0;0;0;0;0;0;0;0;0;1
80551;Misery;32;80;0;0;0;0;0;0;0;0;0;0;0;0;0;0;0;0;0;0;0;0;0;0;0;0;0;0;0;1;0;1;1;0;0;0;0;0;0
80552;Moislains;32;80;0;0;0;0;0;0;0;0;0;0;0;0;0;0;0;0;0;0;0;1;0;0;0;0;0;3;0;2;2;0;2;0;0;0;0;0;0
80553;Molliens-au-Bois;32;80;0;0;0;0;0;0;0;0;0;0;0;0;0;0;0;0;0;0;0;0;1;0;0;0;0;0;0;0;0;0;0;0;0;0;0;0;0
80554;Molliens-Dreuil;32;80;0;0;0;0;0;0;0;0;0;0;0;0;0;0;0;1;1;1;0;0;3;0;0;1;0;1;0;3;2;0;1;0;0;2;1;0;1
80555;Monchy-Lagache;32;80;0;0;0;0;0;0;0;0;0;0;0;0;0;0;0;0;0;0;0;1;0;0;0;0;1;1;0;2;0;1;1;0;0;0;0;0;0
80556;Mons-Boubert;32;80;0;0;0;0;0;0;0;0;0;0;0;0;0;0;0;0;0;0;0;0;0;0;0;0;1;2;0;2;3;1;1;0;0;0;0;0;0
80557;Estrées-Mons;32;80;0;0;0;0;0;0;0;0;0;0;0;0;0;0;0;0;0;0;0;1;3;0;0;0;1;1;0;3;0;1;0;0;0;0;0;0;0
80558;Monsures;32;80;0;0;0;0;0;0;0;0;0;0;0;0;0;0;0;0;0;0;0;0;0;0;0;0;0;1;0;0;0;0;0;0;0;0;0;0;0
80559;Montagne-Fayel;32;80;0;0;0;0;0;0;0;0;0;0;0;0;0;0;0;0;0;0;0;0;0;0;0;0;0;1;2;0;1;0;0;0;0;0;0;0;0
80560;Montauban-de-Picardie;32;80;0;0;0;0;0;0;0;0;0;0;0;0;0;0;0;0;0;0;0;0;0;0;0;0;0;0;0;1;0;0;0;0;0;0;0;0;0
80561;Montdidier;32;80;0;1;0;0;0;0;0;0;0;3;0;1;0;0;0;5;1;1;0;0;7;2;0;5;9;11;7;6;5;3;16;2;0;15;4;2;3
80562;Montigny-sur-l'Hallue;32;80;0;0;0;0;0;0;0;0;0;0;0;0;0;0;0;0;0;0;0;0;0;0;0;0;0;0;0;0;0;0;1;0;0;0;0;0;0
80563;Montigny-les-Jongleurs;32;80;0;0;0;0;0;0;0;0;0;0;0;0;0;0;0;0;0;0;0;0;0;0;0;0;0;0;0;0;0;0;0;0;0;0;0;0;0
80565;Montonvillers;32;80;0;0;0;0;0;0;0;0;0;0;0;0;0;0;0;0;0;0;0;0;0;0;0;0;0;0;0;0;0;0;0;0;0;0;0;0;0
80566;Fieffes-Montrelet;32;80;0;0;0;0;0;0;0;0;0;0;0;0;0;0;0;0;0;0;0;0;0;0;0;0;0;0;1;0;0;0;0;0;0;0;0;0;0
80568;Morchain;32;80;0;0;0;0;0;0;0;0;0;0;0;0;0;0;0;0;0;0;0;0;0;0;0;0;1;0;0;1;0;1;0;0;0;1;0;0;0
80569;Morcourt;32;80;0;0;0;0;0;0;0;0;0;0;0;0;0;0;0;0;0;0;0;0;0;0;0;0;2;1;0;0;0;0;0;0;0;0;1;0;0
80570;Moreuil;32;80;0;1;0;0;0;0;0;0;0;1;0;0;0;0;0;4;0;1;0;0;7;1;0;3;2;4;5;5;1;1;7;2;3;8;3;0;3
80571;Morisel;32;80;0;0;0;0;0;0;0;0;0;0;0;0;0;0;0;0;0;0;0;0;2;0;0;0;0;0;1;1;0;0;0;0;0;0;0;0;0
80572;Morlancourt;32;80;0;0;0;0;0;0;0;0;0;0;0;0;0;0;0;0;0;0;0;0;1;0;0;0;0;0;1;0;1;0;0;0;0;0;0;0;0
80573;Morvillers-Saint-Saturnin;32;80;0;0;0;0;0;0;0;0;0;0;0;0;0;0;0;0;0;0;0;0;1;0;0;0;0;0;1;2;0;0;2;0;0;1;0;0;0
80574;Mouflers;32;80;0;0;0;0;0;0;0;0;0;0;0;0;0;0;0;0;0;0;0;0;0;0;0;0;0;0;1;0;0;0;0;0;0;0;0;0;0
80575;Mouflières;32;80;0;0;0;0;0;0;0;0;0;0;0;0;0;0;0;0;0;0;0;0;0;0;0;0;0;0;0;0;0;0;0;0;0;0;0;0;0
80576;Moyencourt;32;80;0;0;0;0;0;0;0;0;0;0;0;0;0;0;0;0;0;0;0;0;1;0;0;0;0;0;0;0;1;0;0;0;0;0;0;0;0
80577;Moyencourt-lès-Poix;32;80;0;0;0;0;0;0;0;0;0;0;0;0;0;0;0;0;0;0;0;0;0;0;0;0;0;0;0;1;0;0;0;0;0;0;0;0;0
80578;Moyenneville;32;80;0;0;0;0;0;0;0;0;0;0;0;0;0;0;0;0;0;1;0;0;0;0;0;0;0;0;2;0;0;0;0;0;0;1;0;0;1
80579;Muille-Villette;32;80;0;0;0;0;0;0;0;0;0;0;0;0;0;0;0;0;0;0;0;0;4;1;0;0;3;0;3;3;1;1;2;0;0;1;0;1;0
80580;Nampont;32;80;0;0;0;0;0;0;0;0;0;0;0;0;0;0;0;0;0;0;0;0;0;0;0;0;0;0;0;0;0;0;0;0;0;0;0;0;1
80582;Namps-Maisnil;32;80;0;0;0;0;0;0;0;0;0;0;0;0;0;0;0;0;0;0;0;1;0;0;0;0;0;0;5;1;0;0;1;0;0;0;0;0;0
80583;Nampty;32;80;0;0;0;0;0;0;0;0;0;0;0;0;0;0;0;0;0;0;0;0;0;0;0;0;1;0;0;0;0;0;1;0;0;0;0;0;0
80584;Naours;32;80;0;0;0;0;0;0;0;0;0;0;0;0;0;0;0;0;0;0;1;0;1;0;0;0;3;0;1;0;1;0;1;0;0;2;1;0;0
80585;Nesle;32;80;0;1;0;0;0;0;0;0;0;0;0;0;0;0;0;6;0;1;0;0;6;1;0;2;2;1;2;4;2;0;6;1;0;3;4;0;2
80586;Nesle-l'Hôpital;32;80;0;0;0;0;0;0;0;0;0;0;0;0;0;0;0;0;0;0;0;0;0;0;0;0;0;0;0;0;0;0;0;0;0;0;0;0;0
80587;Neslette;32;80;0;0;0;0;0;0;0;0;0;0;0;0;0;0;0;0;0;0;0;0;0;0;0;0;0;0;0;0;0;0;0;0;0;0;0;0;0
80588;Neufmoulin;32;80;0;0;0;0;0;0;0;0;0;0;0;0;0;0;0;0;0;0;0;0;0;0;0;0;1;0;0;0;0;0;0;0;0;0;0;0;0
80589;Neuilly-le-Dien;32;80;0;0;0;0;0;0;0;0;0;0;0;0;0;0;0;0;0;0;0;0;0;0;0;0;0;0;0;0;0;0;0;0;0;0;0;0;0
80590;Neuilly-l'Hôpital;32;80;0;0;0;0;0;0;0;0;0;0;0;0;0;0;0;0;0;0;0;0;1;0;0;0;1;0;0;0;0;0;0;0;0;0;0;0;0
80591;Neuville-au-Bois;32;80;0;0;0;0;0;0;0;0;0;0;0;0;0;0;0;0;0;0;0;0;0;0;0;0;0;0;2;0;1;0;0;0;0;0;0;0;0
80592;Neuville-Coppegueule;32;80;0;0;0;0;0;0;0;0;0;0;0;0;0;0;0;0;0;0;0;0;0;0;0;0;0;0;0;0;2;0;0;0;0;0;1;0;0
80593;La Neuville-lès-Bray;32;80;0;0;0;0;0;0;0;0;0;0;0;0;0;0;0;0;0;0;0;0;0;0;0;0;0;0;0;0;0;1;0;0;0;0;1;0;0
80594;Neuville-lès-Loeuilly;32;80;0;0;0;0;0;0;0;0;0;0;0;0;0;0;0;0;0;0;0;0;0;0;0;0;0;0;0;1;0;0;0;0;0;0;0;0;0
80595;La Neuville-Sire-Bernard;32;80;0;0;0;0;0;0;0;0;0;0;0;0;0;0;0;0;0;0;0;0;0;0;0;0;0;0;0;2;0;0;0;0;0;0;0;0;0
80596;Neuvillette;32;80;0;0;0;0;0;0;0;0;0;0;0;0;0;0;0;0;0;0;0;0;1;0;0;0;0;0;0;1;0;0;0;0;0;0;0;0;0
80597;Nibas;32;80;0;0;0;0;0;0;0;0;0;0;0;0;0;0;0;0;0;0;0;0;1;0;0;0;0;1;1;2;0;0;1;0;0;1;0;0;1
80598;Nouvion;32;80;0;1;0;0;0;0;0;0;0;0;0;0;1;0;0;0;0;1;0;0;5;0;0;1;1;3;2;2;0;2;4;0;0;1;1;0;0
80599;Noyelles-en-Chaussée;32;80;0;0;0;0;0;0;0;0;0;0;0;0;0;0;0;0;0;0;0;0;0;0;0;0;0;0;0;0;0;0;0;0;0;0;0;0;0
80600;Noyelles-sur-Mer;32;80;0;0;0;0;0;0;0;0;0;0;0;0;0;0;0;0;0;0;0;1;0;0;0;0;2;2;1;0;0;1;1;0;0;2;1;0;1
80601;Nurlu;32;80;0;0;0;0;0;0;0;0;0;0;0;0;0;0;0;0;0;0;0;0;0;0;0;0;0;1;0;1;0;0;1;0;0;2;0;0;0
80602;Occoches;32;80;0;0;0;0;0;0;0;0;0;0;0;0;0;0;0;0;0;0;0;0;1;0;0;0;0;0;0;1;0;0;0;0;0;0;0;0;0
80603;Ochancourt;32;80;0;0;0;0;0;0;0;0;0;0;0;0;0;0;0;0;0;0;0;0;0;0;0;0;0;0;0;0;0;1;2;0;0;0;0;0;0
80604;Offignies;32;80;0;0;0;0;0;0;0;0;0;0;0;0;0;0;0;0;0;0;0;0;0;0;0;0;0;0;0;0;0;0;0;0;0;0;0;0;0
80605;Offoy;32;80;0;0;0;0;0;0;0;0;0;0;0;0;0;0;0;0;0;0;0;0;0;0;0;0;0;0;0;0;0;0;0;0;0;0;0;0;0
80606;Oisemont;32;80;0;1;0;0;0;0;0;0;0;1;0;0;0;0;0;4;1;1;0;0;7;1;0;4;2;1;0;3;1;1;4;2;0;6;2;0;1
80607;Oissy;32;80;0;0;0;0;0;0;0;0;0;0;0;0;0;0;0;0;0;0;0;0;1;0;0;0;0;0;1;1;0;0;0;0;0;0;0;0;0
80608;Omiécourt;32;80;0;0;0;0;0;0;0;0;0;0;0;0;0;0;0;0;0;0;0;0;0;0;0;0;0;0;1;0;0;0;0;0;0;1;0;0;0
80609;Oneux;32;80;0;0;0;0;0;0;0;0;0;0;0;0;0;0;0;0;0;0;0;0;0;0;0;0;0;0;0;1;1;0;1;0;0;0;0;0;0
80611;Oresmaux;32;80;0;0;0;0;0;0;0;0;0;0;0;0;0;0;0;0;0;0;0;0;0;0;0;0;0;1;1;3;0;0;2;0;0;1;2;0;1
80613;Oust-Marest;32;80;0;0;0;0;0;0;0;0;0;0;0;0;0;0;0;0;0;0;0;0;1;0;0;0;0;0;0;1;0;2;1;0;0;0;0;0;1
80614;Outrebois;32;80;0;0;0;0;0;0;0;0;0;0;0;0;0;0;0;0;0;0;0;0;0;0;0;0;1;0;2;0;0;0;0;0;0;0;0;0;0
80615;Ovillers-la-Boisselle;32;80;0;0;0;0;0;0;0;0;0;0;0;0;0;0;0;0;0;0;0;0;0;0;0;0;1;2;0;2;0;0;0;0;0;2;0;0;0
80616;Pargny;32;80;0;0;0;0;0;0;0;0;0;0;0;0;0;0;0;0;0;0;0;0;0;0;0;0;0;1;0;0;0;0;0;0;0;0;0;0;0
80617;Parvillers-le-Quesnoy;32;80;0;0;0;0;0;0;0;0;0;0;0;0;0;0;0;0;1;0;0;0;0;0;0;0;1;0;0;0;0;0;0;0;0;0;0;0;0
80618;Pendé;32;80;0;0;0;0;0;0;0;0;0;0;0;0;0;0;0;0;0;0;0;0;2;0;0;0;0;2;4;0;1;1;1;0;0;0;1;0;0
80619;Pernois;32;80;0;0;0;0;0;0;0;0;0;0;0;0;0;0;0;0;0;0;0;0;1;0;0;0;2;0;1;2;0;1;1;0;0;0;0;0;0
80620;Péronne;32;80;0;1;0;0;1;1;0;0;0;4;0;1;0;0;0;11;3;1;0;0;13;3;0;5;1;5;7;12;3;2;18;2;5;33;4;5;6
80621;Pertain;32;80;0;0;0;0;0;0;0;0;0;0;0;0;0;0;0;0;0;0;0;0;0;0;0;0;1;0;0;0;1;0;0;0;0;0;0;0;1
80622;Picquigny;32;80;0;1;0;0;0;0;0;0;0;1;0;0;0;0;0;1;0;0;0;1;2;0;0;0;0;2;1;0;2;1;1;0;0;2;1;0;0
80623;Piennes-Onvillers;32;80;0;0;0;0;0;0;0;0;0;0;0;0;0;0;0;0;0;0;0;0;0;0;0;0;2;1;0;1;0;1;1;0;0;0;0;0;0
80624;Pierregot;32;80;0;0;0;0;0;0;0;0;0;0;0;0;0;0;0;0;0;0;0;0;0;0;0;0;0;1;0;0;0;0;0;0;0;0;0;0;0
80625;Pierrepont-sur-Avre;32;80;0;0;0;0;0;0;0;0;0;0;0;0;0;0;0;0;0;0;0;1;0;0;0;0;1;1;2;2;1;0;1;0;0;0;1;0;1
80626;Pissy;32;80;0;0;0;0;0;0;0;0;0;0;0;0;0;0;0;0;0;0;0;0;0;0;0;0;0;1;0;0;0;0;0;0;0;0;0;0;1
80627;Plachy-Buyon;32;80;0;0;0;0;0;0;0;0;0;0;0;0;0;0;0;0;0;0;0;0;3;0;0;0;1;1;2;1;1;0;2;0;0;0;0;0;1
80628;Le Plessier-Rozainvillers;32;80;0;0;0;0;0;0;0;0;0;0;0;0;0;0;0;0;0;0;0;0;3;0;0;0;1;2;1;5;1;1;1;0;0;1;1;0;0
80629;Poeuilly;32;80;0;0;0;0;0;0;0;0;0;0;0;0;0;0;0;0;0;0;0;0;0;0;0;0;0;0;0;0;0;0;0;0;0;0;0;0;0
80630;Poix-de-Picardie;32;80;0;1;0;0;0;0;0;0;0;1;0;0;0;0;0;3;1;1;0;0;4;1;0;1;0;2;7;1;4;4;5;3;0;8;3;0;2
80631;Ponches-Estruval;32;80;0;0;0;0;0;0;0;0;0;0;0;0;0;0;0;0;0;0;0;0;0;0;0;0;0;0;0;0;0;0;0;0;0;0;0;0;0
80632;Pont-de-Metz;32;80;0;0;0;0;0;0;0;0;0;0;0;0;0;0;0;2;1;1;0;0;1;0;0;1;3;1;3;1;1;1;1;0;0;3;1;0;3
80633;Ponthoile;32;80;0;0;0;0;0;0;0;0;0;0;0;0;0;0;0;0;0;0;0;0;0;0;0;0;1;0;0;6;0;1;1;0;0;2;0;0;0
80634;Pont-Noyelles;32;80;0;0;0;0;0;0;0;0;0;0;0;0;0;0;0;0;0;0;0;0;0;0;0;1;0;1;0;0;1;0;1;0;0;0;3;0;0
80635;Pont-Remy;32;80;0;0;0;0;0;0;0;0;0;0;0;0;0;0;0;0;0;1;0;0;0;0;0;0;1;0;0;2;1;0;2;0;0;1;0;0;0
80637;Port-le-Grand;32;80;0;0;0;0;0;0;0;0;0;0;0;0;0;0;0;0;0;0;0;0;0;0;0;0;0;0;0;2;0;0;0;0;0;0;2;0;0
80638;Potte;32;80;0;0;0;0;0;0;0;0;0;0;0;0;0;0;0;0;0;0;0;0;0;0;0;0;0;0;0;0;1;0;0;0;0;0;0;0;0
80639;Poulainville;32;80;0;0;0;0;0;0;0;0;0;0;0;0;0;0;0;0;0;0;0;1;5;1;0;0;2;0;5;0;3;3;0;0;0;0;0;0;0
80640;Pozières;32;80;0;0;0;0;0;0;0;0;0;0;0;0;0;0;0;0;0;0;0;0;1;0;0;0;0;0;0;0;0;0;0;0;0;0;0;0;0
80642;Prouville;32;80;0;0;0;0;0;0;0;0;0;0;0;0;0;0;0;0;0;0;0;0;1;0;0;0;0;0;0;3;0;1;0;0;0;0;0;0;0
80643;Prouzel;32;80;0;0;0;0;0;0;0;0;0;0;0;0;0;0;0;0;0;0;0;1;1;0;0;0;1;0;0;1;0;0;0;0;0;0;0;0;0
80644;Proyart;32;80;0;0;0;0;0;0;0;0;0;0;0;0;0;0;0;0;0;0;1;0;2;0;0;0;1;1;0;0;2;0;0;0;0;1;0;0;1
80645;Puchevillers;32;80;0;0;0;0;0;0;0;0;0;0;0;0;0;0;0;0;0;0;0;0;0;0;0;0;0;0;1;3;0;0;0;0;0;3;0;0;0
80646;Punchy;32;80;0;0;0;0;0;0;0;0;0;0;0;0;0;0;0;0;0;0;0;0;0;0;0;0;0;0;0;0;0;0;0;0;0;0;0;0;0
80647;Puzeaux;32;80;0;0;0;0;0;0;0;0;0;0;0;0;0;0;0;0;0;0;0;0;0;0;0;0;0;0;0;0;1;0;0;0;0;0;0;0;0
80648;Pys;32;80;0;0;0;0;0;0;0;0;0;0;0;0;0;0;0;0;0;0;0;0;0;0;0;0;0;0;0;0;0;0;0;0;0;0;0;0;0
80649;Quend;32;80;0;0;0;0;0;0;0;0;0;0;0;0;0;0;0;0;0;0;0;2;3;0;0;0;3;2;3;5;4;2;0;0;0;18;2;0;0
80650;Querrieu;32;80;0;0;0;0;0;0;0;0;0;0;0;0;0;0;0;0;0;0;0;1;1;0;0;0;1;0;0;4;1;1;1;1;0;3;0;0;1
80651;Le Quesne;32;80;0;0;0;0;0;0;0;0;0;0;0;0;0;0;0;0;0;0;0;0;0;0;0;0;0;0;0;0;0;0;0;0;0;0;0;0;0
80652;Le Quesnel;32;80;0;0;0;0;0;0;0;0;0;0;0;0;0;0;0;0;0;0;0;1;2;0;0;0;2;0;1;2;0;0;0;0;0;1;0;0;1
80654;Quesnoy-le-Montant;32;80;0;0;0;0;0;0;0;0;0;0;0;0;0;0;0;0;0;0;0;1;2;0;0;0;0;1;2;1;0;0;1;0;0;0;0;0;1
80655;Quesnoy-sur-Airaines;32;80;0;0;0;0;0;0;0;0;0;0;0;0;0;0;0;0;0;0;0;0;0;0;0;0;2;1;1;0;1;0;0;0;0;1;0;0;0
80656;Quevauvillers;32;80;0;0;0;0;0;0;0;0;0;0;0;0;0;0;0;1;0;1;0;0;3;0;0;0;2;1;1;3;1;0;4;0;0;1;1;0;3
80657;Quiry-le-Sec;32;80;0;0;0;0;0;0;0;0;0;0;0;0;0;0;0;0;0;0;1;0;0;0;0;0;0;0;0;0;1;1;1;0;0;0;0;0;0
80658;Quivières;32;80;0;0;0;0;0;0;0;0;0;0;0;0;0;0;0;0;0;0;0;0;0;0;0;0;0;0;0;0;1;0;0;0;0;2;0;0;0
80659;Raincheval;32;80;0;0;0;0;0;0;0;0;0;0;0;0;0;0;0;0;0;0;0;0;0;0;0;0;0;0;0;1;0;0;0;0;0;0;0;0;0
80661;Rainneville;32;80;0;0;0;0;0;0;0;0;0;0;0;0;0;0;0;0;0;0;0;0;0;0;0;0;1;2;0;2;0;0;1;0;0;0;1;1;2
80662;Ramburelles;32;80;0;0;0;0;0;0;0;0;0;0;0;0;0;0;0;0;1;0;0;0;0;0;0;0;0;0;1;0;0;0;0;0;0;0;0;0;0
80663;Rambures;32;80;0;0;0;0;0;0;0;0;0;0;0;0;0;0;0;0;0;0;0;0;1;0;0;0;0;0;1;0;1;0;1;0;0;0;1;0;0
80664;Rancourt;32;80;0;0;0;0;0;0;0;0;0;0;0;0;0;0;0;0;0;0;0;0;0;0;0;0;1;0;1;0;0;1;1;0;0;0;0;0;0
80665;Regnière-Écluse;32;80;0;0;0;0;0;0;0;0;0;0;0;0;0;0;0;0;0;0;0;0;0;0;0;0;0;0;0;0;0;0;0;0;0;0;0;0;0
80666;Remaisnil;32;80;0;0;0;0;0;0;0;0;0;0;0;0;0;0;0;0;0;0;0;0;0;0;0;0;0;0;0;0;0;0;0;0;0;0;0;0;0
80667;Remaugies;32;80;0;0;0;0;0;0;0;0;0;0;0;0;0;0;0;0;0;0;0;0;0;0;0;0;0;0;0;0;0;1;1;0;0;0;0;0;0
80668;Remiencourt;32;80;0;0;0;0;0;0;0;0;0;0;0;0;0;0;0;0;0;0;0;0;0;0;0;0;1;0;1;1;0;0;0;0;0;0;0;0;0
80669;Rethonvillers;32;80;0;0;0;0;0;0;0;0;0;0;0;0;0;0;0;0;0;0;0;0;0;0;0;0;0;1;1;0;0;0;0;0;0;0;0;0;0
80670;Revelles;32;80;0;0;0;0;0;0;0;0;0;0;0;0;0;0;0;0;0;0;0;0;0;0;0;0;0;1;0;1;0;0;1;0;0;0;0;0;0
80671;Ribeaucourt;32;80;0;0;0;0;0;0;0;0;0;0;0;0;0;0;0;0;0;0;0;0;1;0;0;0;0;0;0;0;0;0;0;0;0;0;0;0;0
80672;Ribemont-sur-Ancre;32;80;0;0;0;0;0;0;0;0;0;0;0;0;0;0;0;0;0;0;0;1;1;0;0;0;0;0;0;3;0;0;0;0;0;0;1;0;0
80673;Riencourt;32;80;0;0;0;0;0;0;0;0;0;0;0;0;0;0;0;0;0;0;0;0;0;0;0;0;0;0;0;1;0;0;1;0;0;0;0;0;0
80674;Rivery;32;80;0;0;0;0;0;0;0;0;0;0;0;0;0;0;0;0;0;1;0;0;19;1;3;0;1;2;5;6;10;3;4;0;0;7;2;1;0
80675;Rogy;32;80;0;0;0;0;0;0;0;0;0;0;0;0;0;0;0;0;0;0;0;0;0;0;0;0;0;0;0;0;0;0;0;0;0;0;0;0;0
80676;Roiglise;32;80;0;0;0;0;0;0;0;0;0;0;0;0;0;0;0;0;0;0;0;0;1;0;0;0;0;0;0;0;0;0;0;0;0;0;0;0;0
80677;Roisel;32;80;0;1;0;0;0;0;0;0;0;1;0;0;0;0;0;4;1;1;0;0;2;1;0;2;0;2;2;2;0;1;4;0;0;2;2;0;0
80678;Rollot;32;80;0;0;0;0;0;0;0;0;0;0;0;0;0;0;0;0;0;0;0;1;1;0;0;1;2;0;1;1;0;0;1;0;0;3;0;0;1
80679;Ronssoy;32;80;0;0;0;0;0;0;0;0;0;0;0;0;0;0;0;0;0;0;0;1;0;0;0;0;0;0;0;0;1;0;0;0;0;0;0;0;0
80680;Rosières-en-Santerre;32;80;0;1;0;0;0;0;0;0;0;1;0;0;0;0;0;5;1;1;0;0;8;1;1;3;3;2;3;4;3;0;8;1;0;6;2;1;3
80681;Rouvrel;32;80;0;0;0;0;0;0;0;0;0;0;0;0;0;0;0;0;0;0;0;0;0;0;0;0;0;0;1;0;0;0;1;0;0;0;0;0;0
80682;Rouvroy-en-Santerre;32;80;0;0;0;0;0;0;0;0;0;0;0;0;0;0;0;0;0;0;0;0;0;0;0;0;1;0;1;0;1;0;0;0;0;0;0;0;0
80683;Rouy-le-Grand;32;80;0;0;0;0;0;0;0;0;0;0;0;0;0;0;0;0;0;0;0;0;0;0;0;0;0;0;0;0;0;0;0;0;0;0;0;0;0
80684;Rouy-le-Petit;32;80;0;0;0;0;0;0;0;0;0;0;0;0;0;0;0;0;0;0;0;0;0;0;0;0;0;0;0;0;0;0;0;0;0;0;0;0;0
80685;Roye;32;80;0;1;0;0;0;0;0;0;0;1;0;0;0;0;0;9;1;1;0;0;17;2;0;5;9;6;8;7;6;2;15;1;4;26;7;4;3
80686;Rubempré;32;80;0;0;0;0;0;0;0;0;0;0;0;0;0;0;0;0;0;0;0;1;0;0;0;0;0;1;1;1;1;2;0;0;0;0;0;0;0
80687;Rubescourt;32;80;0;0;0;0;0;0;0;0;0;0;0;0;0;0;0;0;0;0;0;0;0;0;0;0;0;0;0;0;1;0;0;0;0;0;0;0;0
80688;Rue;32;80;0;1;0;0;0;0;0;0;0;1;0;0;2;0;0;5;2;1;0;0;7;1;0;2;4;0;6;3;4;1;9;5;0;6;6;1;2
80690;Rumigny;32;80;0;0;0;0;0;0;0;0;0;0;0;0;0;0;0;0;0;0;0;0;0;0;0;0;0;0;1;2;1;3;0;0;0;0;2;0;1
80691;Saigneville;32;80;0;0;0;0;0;0;0;0;0;0;0;0;0;0;0;0;0;0;0;0;0;0;0;0;0;0;1;0;0;0;0;0;0;1;1;0;0
80692;Sailly-Flibeaucourt;32;80;0;0;0;0;0;0;0;0;0;0;0;0;0;0;0;0;0;1;0;0;1;0;0;0;0;0;0;2;0;0;1;0;0;2;0;0;0
80693;Sailly-Laurette;32;80;0;0;0;0;0;0;0;0;0;0;0;0;0;0;0;0;0;0;0;1;0;0;0;0;0;0;0;0;1;2;0;0;0;1;0;0;0
80694;Sailly-le-Sec;32;80;0;0;0;0;0;0;0;0;0;0;0;0;0;0;0;0;0;0;0;0;0;0;0;0;1;0;1;1;0;0;0;0;0;0;0;0;0
80695;Sailly-Saillisel;32;80;0;0;0;0;0;0;0;0;0;0;0;0;0;0;0;0;0;0;0;0;1;0;0;0;1;0;1;0;0;0;0;0;0;1;0;0;0
80696;Sains-en-Amiénois;32;80;0;0;0;0;0;0;0;0;0;0;0;0;0;0;0;0;0;1;0;0;0;0;0;0;0;1;0;1;1;1;1;0;0;0;6;0;0
80697;Saint-Acheul;32;80;0;0;0;0;0;0;0;0;0;0;0;0;0;0;0;0;0;0;0;0;0;0;0;0;0;0;0;0;0;0;0;0;0;0;0;0;0
80698;Saint-Aubin-Montenoy;32;80;0;0;0;0;0;0;0;0;0;0;0;0;0;0;0;0;0;0;0;0;0;0;0;0;1;0;1;0;0;0;0;0;0;0;0;0;0
80699;Saint-Aubin-Rivière;32;80;0;0;0;0;0;0;0;0;0;0;0;0;0;0;0;0;0;0;0;0;0;0;0;0;0;0;1;0;0;0;0;0;0;0;0;0;1
80700;Saint-Blimont;32;80;0;0;0;0;0;0;0;0;0;0;0;0;0;0;0;0;0;1;0;0;2;0;0;0;1;0;0;0;1;1;1;0;0;0;0;0;1
80701;Saint-Christ-Briost;32;80;0;0;0;0;0;0;0;0;0;0;0;0;0;0;0;0;0;0;0;0;0;0;0;0;0;0;0;0;0;0;1;0;0;0;0;0;0
80702;Saint-Fuscien;32;80;0;0;0;0;0;0;0;0;0;0;0;0;0;0;0;0;0;0;0;0;1;0;0;0;2;0;0;1;1;1;2;0;0;1;4;1;1
80703;Saint-Germain-sur-Bresle;32;80;0;0;0;0;0;0;0;0;0;0;0;0;0;0;0;0;0;0;0;0;0;0;0;0;0;2;0;1;0;0;0;0;0;0;0;0;1
80704;Saint-Gratien;32;80;0;0;0;0;0;0;0;0;0;0;0;0;0;0;0;0;0;0;0;0;0;0;0;0;1;1;1;1;0;1;0;0;0;0;2;0;0
80705;Saint-Léger-lès-Authie;32;80;0;0;0;0;0;0;0;0;0;0;0;0;0;0;0;0;0;0;0;0;0;0;0;0;0;0;0;0;0;0;0;0;0;0;0;0;0
80706;Saint-Léger-lès-Domart;32;80;0;0;0;0;0;0;0;0;0;0;0;0;1;0;0;0;0;1;0;0;1;0;0;1;2;2;0;1;1;0;2;0;0;0;1;0;1
80707;Saint-Léger-sur-Bresle;32;80;0;0;0;0;0;0;0;0;0;0;0;0;0;0;0;0;0;0;0;0;0;0;0;0;0;0;0;0;0;0;0;0;0;0;0;0;0
80708;Saint-Mard;32;80;0;0;0;0;0;0;0;0;0;0;0;0;0;0;0;0;0;0;0;0;0;0;0;0;1;0;1;0;0;0;0;0;0;0;0;0;0
80709;Saint-Maulvis;32;80;0;0;0;0;0;0;0;0;0;0;0;0;0;0;0;0;0;0;0;0;1;0;0;0;0;0;0;0;0;0;0;0;0;0;0;0;0
80710;Saint-Maxent;32;80;0;0;0;0;0;0;0;0;0;0;0;0;0;0;0;0;0;0;0;0;2;0;0;0;0;0;1;1;0;0;1;0;0;0;0;0;1
80711;Saint-Ouen;32;80;0;0;0;0;0;0;0;0;0;0;0;0;0;0;0;0;1;1;0;0;5;0;0;1;1;3;1;0;1;1;1;0;0;2;2;0;1
80713;Saint-Quentin-en-Tourmont;32;80;0;0;0;0;0;0;0;0;0;0;0;0;0;0;0;0;0;0;0;0;0;0;0;0;0;0;0;0;0;0;0;0;0;0;0;0;0
80714;Saint-Quentin-la-Motte-Croix-au-Bailly;32;80;0;0;0;0;0;0;0;0;0;0;0;0;0;0;0;0;0;0;1;0;2;1;0;0;1;1;2;2;2;1;3;0;0;2;0;0;0
80716;Saint-Riquier;32;80;0;0;0;0;0;0;0;0;0;0;0;0;0;0;0;3;0;1;0;0;1;0;0;0;3;0;1;3;1;0;2;1;1;3;0;0;0
80717;Saint-Sauflieu;32;80;0;1;0;0;0;0;0;0;0;0;0;0;0;0;0;0;0;0;0;1;0;0;0;0;1;1;1;1;0;0;1;0;0;1;1;0;1
80718;Saint-Sauveur;32;80;0;0;0;0;0;0;0;0;0;0;0;0;0;0;0;0;1;0;0;0;1;0;0;0;0;1;2;4;0;1;2;0;0;3;0;0;0
80719;Sainte-Segrée;32;80;0;0;0;0;0;0;0;0;0;0;0;0;0;0;0;0;0;0;0;0;0;0;0;0;0;0;0;0;0;0;0;0;0;0;0;0;0
80721;Saint-Valery-sur-Somme;32;80;0;1;0;0;0;0;0;0;0;1;0;0;0;0;0;6;1;1;0;0;3;0;0;2;1;1;1;7;1;2;5;1;0;39;3;1;1
80722;Saint-Vaast-en-Chaussée;32;80;0;0;0;0;0;0;0;0;0;0;0;0;0;0;0;0;0;0;0;0;1;0;0;0;0;0;1;0;0;0;0;0;0;0;0;0;0
80723;Saisseval;32;80;0;0;0;0;0;0;0;0;0;0;0;0;0;0;0;0;0;0;0;0;0;0;0;0;0;0;0;0;1;0;0;0;0;0;0;0;0
80724;Saleux;32;80;0;0;0;0;0;0;0;0;0;0;0;0;0;0;0;0;0;1;0;0;3;1;0;0;2;1;1;4;1;1;2;0;0;3;1;0;1
80725;Salouël;32;80;0;0;0;0;0;0;0;0;0;0;0;0;0;0;0;1;2;0;0;0;2;0;0;0;5;1;1;3;3;0;5;2;0;3;9;1;2
80726;Sancourt;32;80;0;0;0;0;0;0;0;0;0;0;0;0;0;0;0;0;0;0;0;0;1;1;0;0;0;1;0;0;0;0;0;0;0;0;0;0;0
80728;Saulchoy-sous-Poix;32;80;0;0;0;0;0;0;0;0;0;0;0;0;0;0;0;0;0;0;0;0;0;0;0;0;0;0;0;0;0;0;0;0;0;0;0;0;0
80729;Sauvillers-Mongival;32;80;0;0;0;0;0;0;0;0;0;0;0;0;0;0;0;0;0;0;0;0;0;0;0;0;0;1;1;0;0;0;0;0;0;0;0;0;0
80730;Saveuse;32;80;0;0;0;0;0;0;0;0;0;0;0;0;0;0;0;0;0;0;0;0;0;0;0;0;0;2;0;1;0;0;1;0;0;0;1;0;0
80732;Senarpont;32;80;0;0;0;0;0;0;0;0;0;0;0;0;0;0;0;0;0;0;1;0;1;0;0;0;1;1;1;1;0;0;4;0;0;0;0;0;1
80733;Senlis-le-Sec;32;80;0;0;0;0;0;0;0;0;0;0;0;0;0;0;0;0;0;0;0;0;2;0;0;0;0;0;1;0;0;0;1;0;0;0;0;0;0
80734;Sentelie;32;80;0;0;0;0;0;0;0;0;0;0;0;0;0;0;0;0;0;0;0;0;0;0;0;0;0;0;0;0;0;1;0;0;0;0;0;0;0
80735;Seux;32;80;0;0;0;0;0;0;0;0;0;0;0;0;0;0;0;0;0;0;0;0;1;0;0;0;0;0;1;0;0;0;0;0;0;0;2;0;0
80736;Sorel-en-Vimeu;32;80;0;0;0;0;0;0;0;0;0;0;0;0;0;0;0;0;1;0;0;0;1;0;0;0;1;1;1;0;0;0;0;0;0;0;0;0;0
80737;Sorel;32;80;0;0;0;0;0;0;0;0;0;0;0;0;0;0;0;0;0;0;0;0;1;0;0;0;0;0;0;0;0;0;0;0;0;0;0;0;0
80738;Soues;32;80;0;0;0;0;0;0;0;0;0;0;0;0;0;0;0;0;0;0;0;0;1;0;0;0;0;0;0;0;0;0;1;0;0;0;0;0;0
80740;Sourdon;32;80;0;0;0;0;0;0;0;0;0;0;0;0;0;0;0;0;0;0;0;0;0;0;0;0;0;0;0;0;0;0;1;0;0;0;0;0;0
80741;Soyécourt;32;80;0;0;0;0;0;0;0;0;0;0;0;0;0;0;0;0;0;0;0;0;0;0;0;0;0;0;0;1;0;1;0;0;0;0;1;0;0
80742;Surcamps;32;80;0;0;0;0;0;0;0;0;0;0;0;0;0;0;0;0;0;0;0;0;0;0;0;0;0;0;0;0;0;0;1;0;0;0;0;0;0
80743;Suzanne;32;80;0;0;0;0;0;0;0;0;0;0;0;0;0;0;0;0;0;0;0;0;1;0;0;0;0;0;0;0;0;0;0;0;0;0;0;0;0
80744;Tailly;32;80;0;0;0;0;0;0;0;0;0;0;0;0;0;0;0;0;0;0;0;0;0;0;0;0;0;0;0;0;0;0;0;0;0;0;0;0;0
80746;Talmas;32;80;0;0;0;0;0;0;0;0;0;0;0;0;0;0;0;0;0;0;0;0;2;0;0;0;0;0;0;3;3;1;1;0;0;2;0;0;0
80747;Templeux-la-Fosse;32;80;0;0;0;0;0;0;0;0;0;0;0;0;0;0;0;0;0;0;0;0;0;0;0;0;1;0;0;0;0;0;0;0;0;0;0;0;1
80748;Templeux-le-Guérard;32;80;0;0;0;0;0;0;0;0;0;0;0;0;0;0;0;0;0;0;0;0;0;0;0;0;0;0;0;0;0;0;0;0;0;0;0;0;0
80749;Terramesnil;32;80;0;0;0;0;0;0;0;0;0;0;0;0;0;0;0;0;0;0;0;0;0;0;0;0;2;0;0;2;0;0;0;0;0;0;0;0;0
80750;Tertry;32;80;0;0;0;0;0;0;0;0;0;0;0;0;0;0;0;0;0;0;0;0;0;0;0;0;0;0;0;0;0;0;0;0;0;0;0;0;0
80751;Thennes;32;80;0;0;0;0;0;0;0;0;0;0;0;0;0;0;0;0;0;0;0;0;0;0;0;0;1;0;2;0;0;0;1;0;0;0;0;0;0
80752;Thézy-Glimont;32;80;0;0;0;0;0;0;0;0;0;0;0;0;0;0;0;0;0;0;1;0;0;0;0;0;0;0;2;3;0;0;0;0;0;1;0;0;1
80753;Thiepval;32;80;0;0;0;0;0;0;0;0;0;0;0;0;0;0;0;0;0;0;0;0;2;0;0;0;0;0;0;0;0;0;0;0;0;0;0;0;0
80754;Thieulloy-l'Abbaye;32;80;0;0;0;0;0;0;0;0;0;0;0;0;0;0;0;0;0;0;0;0;0;0;0;0;0;0;0;0;0;0;0;0;0;0;0;0;0
80755;Thieulloy-la-Ville;32;80;0;0;0;0;0;0;0;0;0;0;0;0;0;0;0;0;0;0;0;0;0;0;0;0;0;1;0;0;0;0;0;0;0;0;0;0;0
80756;Thièvres;32;80;0;0;0;0;0;0;0;0;0;0;0;0;0;0;0;0;0;0;0;0;0;0;0;0;0;0;0;0;0;0;0;0;0;0;0;0;0
80757;Thoix;32;80;0;0;0;0;0;0;0;0;0;0;0;0;0;0;0;0;0;0;0;0;0;0;0;0;1;0;0;0;0;0;0;0;0;0;1;0;0
80758;Thory;32;80;0;0;0;0;0;0;0;0;0;0;0;0;0;0;0;0;0;0;0;0;0;0;0;0;0;1;0;0;0;0;0;0;0;0;0;0;1
80759;Tilloloy;32;80;0;0;0;0;0;0;0;0;0;0;0;0;0;0;0;0;0;0;0;0;0;0;0;0;0;0;1;2;0;0;0;0;0;0;0;0;0
80760;Tilloy-Floriville;32;80;0;0;0;0;0;0;0;0;0;0;0;0;0;0;0;0;0;0;0;0;1;0;0;0;1;2;1;2;0;0;1;0;0;0;0;0;0
80761;Tilloy-lès-Conty;32;80;0;0;0;0;0;0;0;0;0;0;0;0;0;0;0;0;0;0;0;0;0;0;0;0;0;0;1;0;1;0;0;0;0;0;0;0;0
80762;Tincourt-Boucly;32;80;0;0;0;0;0;0;0;0;0;0;0;0;0;0;0;0;0;0;0;1;0;0;0;0;0;0;0;0;0;0;0;0;0;0;0;0;0
80763;Le Titre;32;80;0;0;0;0;0;0;0;0;0;0;0;0;0;0;0;0;0;0;0;0;0;0;0;0;1;2;1;0;0;0;0;0;0;0;0;0;0
80764;Toeufles;32;80;0;0;0;0;0;0;0;0;0;0;0;0;0;0;0;0;1;0;0;0;1;0;0;0;1;0;0;1;0;0;0;0;0;0;0;0;0
80765;Tours-en-Vimeu;32;80;0;0;0;0;0;0;0;0;0;0;0;0;0;0;0;0;1;0;0;1;1;0;0;0;1;0;1;0;0;0;2;0;0;0;0;0;1
80766;Toutencourt;32;80;0;0;0;0;0;0;0;0;0;0;0;0;0;0;0;0;0;1;0;0;1;0;0;0;0;1;0;0;0;0;1;0;0;0;0;0;0
80767;Le Translay;32;80;0;0;0;0;0;0;0;0;0;0;0;0;0;0;0;0;0;0;0;0;0;0;0;0;0;0;1;1;0;0;1;0;0;0;0;0;0
80769;Treux;32;80;0;0;0;0;0;0;0;0;0;0;0;0;0;0;0;0;0;0;0;0;1;0;0;0;1;0;0;0;0;0;0;0;0;0;0;0;1
80770;Tully;32;80;0;0;0;0;0;0;0;0;0;0;0;0;0;0;0;0;0;0;0;0;0;0;0;0;2;0;1;0;0;0;0;0;0;0;0;0;1
80771;Ugny-l'Équipée;32;80;0;0;0;0;0;0;0;0;0;0;0;0;0;0;0;0;0;0;0;0;0;0;0;0;0;0;0;0;0;0;0;0;0;0;0;0;0
80773;Vadencourt;32;80;0;0;0;0;0;0;0;0;0;0;0;0;0;0;0;0;0;0;0;0;0;0;0;0;0;0;0;1;0;0;0;0;0;0;0;0;0
80774;Vaire-sous-Corbie;32;80;0;0;0;0;0;0;0;0;0;0;0;0;0;0;0;0;0;0;0;0;0;0;0;0;1;0;0;2;1;0;0;0;0;0;0;0;0
80775;Valines;32;80;0;0;0;0;0;0;0;0;0;0;0;0;0;0;0;0;0;0;0;1;1;0;0;0;1;0;0;0;0;0;0;0;0;0;1;0;0
80776;Varennes;32;80;0;0;0;0;0;0;0;0;0;0;0;0;0;0;0;0;0;0;0;0;0;0;0;0;0;0;2;0;0;1;0;0;0;0;0;0;0
80777;Vauchelles-lès-Authie;32;80;0;0;0;0;0;0;0;0;0;0;0;0;0;0;0;0;0;0;0;0;0;0;0;0;2;0;0;0;0;0;0;0;0;0;0;0;0
80778;Vauchelles-lès-Domart;32;80;0;0;0;0;0;0;0;0;0;0;0;0;0;0;0;0;0;0;0;0;0;0;0;0;0;0;0;3;0;0;0;0;0;0;0;0;0
80779;Vauchelles-les-Quesnoy;32;80;0;0;0;0;0;0;0;0;0;0;0;0;0;0;0;0;0;0;0;0;3;0;0;0;3;2;4;2;1;0;1;0;0;0;0;0;0
80780;Vaudricourt;32;80;0;0;0;0;0;0;0;0;0;0;0;0;0;0;0;0;0;0;0;0;1;0;0;0;0;1;0;0;1;0;0;1;0;0;0;0;1
80781;Vauvillers;32;80;0;0;0;0;0;0;0;0;0;0;0;0;0;0;0;0;0;0;0;0;1;0;0;0;0;0;1;0;0;0;0;0;0;0;0;0;0
80782;Vaux-en-Amiénois;32;80;0;0;0;0;0;0;0;0;0;0;0;0;0;0;0;0;0;0;0;0;0;0;0;0;0;0;2;0;0;0;0;0;0;0;1;0;0
80783;Vaux-Marquenneville;32;80;0;0;0;0;0;0;0;0;0;0;0;0;0;0;0;0;0;0;0;0;0;0;0;0;1;0;0;0;0;0;0;0;0;0;0;0;0
80784;Vaux-sur-Somme;32;80;0;0;0;0;0;0;0;0;0;0;0;0;0;0;0;0;0;0;0;0;0;0;0;0;0;1;0;1;0;0;1;0;0;0;0;0;0
80785;Vecquemont;32;80;0;0;0;0;0;0;0;0;0;0;0;0;0;0;0;0;0;0;0;0;0;0;0;0;1;0;0;0;1;0;1;0;0;0;0;0;0
80786;Velennes;32;80;0;0;0;0;0;0;0;0;0;0;0;0;0;0;0;0;0;0;0;0;0;0;0;0;0;0;1;0;0;0;0;0;0;0;0;0;0
80787;Vercourt;32;80;0;0;0;0;0;0;0;0;0;0;0;0;0;0;0;0;0;0;0;0;0;0;0;0;0;0;0;0;0;0;0;0;0;0;0;0;0
80788;Vergies;32;80;0;0;0;0;0;0;0;0;0;0;0;0;0;0;0;0;0;0;0;0;0;0;0;0;0;0;0;2;0;0;0;0;0;0;0;0;0
80789;Vermandovillers;32;80;0;0;0;0;0;0;0;0;0;0;0;0;0;0;0;0;0;0;0;0;0;0;0;0;0;0;0;0;1;0;0;0;0;0;0;0;0
80790;Verpillières;32;80;0;0;0;0;0;0;0;0;0;0;0;0;0;0;0;0;0;0;0;0;0;0;0;0;0;0;0;0;0;0;0;0;0;0;0;0;0
80791;Vers-sur-Selle;32;80;0;0;0;0;0;0;0;0;0;0;0;0;0;0;0;0;0;0;0;0;1;0;0;0;1;1;0;0;0;0;0;0;0;0;0;0;0
80792;La Vicogne;32;80;0;0;0;0;0;0;0;0;0;0;0;0;0;0;0;0;0;0;0;0;0;0;0;0;0;0;0;0;0;0;1;0;0;0;1;0;0
80793;Vignacourt;32;80;0;0;0;0;0;0;0;0;0;0;0;0;0;0;0;1;0;0;0;1;2;0;0;0;2;3;3;6;3;1;2;0;0;1;3;0;1
80794;Villecourt;32;80;0;0;0;0;0;0;0;0;0;0;0;0;0;0;0;0;0;0;0;0;0;0;0;0;0;0;0;0;0;0;0;0;0;0;0;0;0
80795;Ville-le-Marclet;32;80;0;0;0;0;0;0;0;0;0;0;0;0;0;0;0;0;0;0;0;0;0;0;0;0;0;1;0;1;0;0;0;0;0;3;0;0;0
80796;Villeroy;32;80;0;0;0;0;0;0;0;0;0;0;0;0;0;0;0;0;0;0;0;0;0;0;0;0;0;0;0;1;0;0;0;0;0;0;0;0;0
80797;Villers-aux-Érables;32;80;0;0;0;0;0;0;0;0;0;0;0;0;0;0;0;0;0;0;0;0;0;0;0;0;0;0;0;0;0;0;0;0;0;0;0;0;0
80798;Villers-Bocage;32;80;0;1;0;0;0;0;0;0;0;1;0;0;0;0;0;2;0;1;0;0;2;1;0;0;0;1;3;0;1;1;4;1;0;2;1;1;1
80799;Villers-Bretonneux;32;80;0;1;0;0;0;0;0;0;0;0;0;0;0;0;0;2;1;1;0;0;10;1;0;2;3;3;2;5;6;3;6;3;0;7;3;0;1
80800;Villers-Campsart;32;80;0;0;0;0;0;0;0;0;0;0;0;0;0;0;0;0;0;0;0;0;0;0;0;0;1;1;0;0;0;0;0;0;0;0;0;0;0
80801;Villers-Carbonnel;32;80;0;0;0;0;0;0;0;0;0;0;0;0;0;0;0;0;0;0;0;0;1;0;0;0;0;0;0;0;0;0;0;0;0;0;0;0;0
80802;Villers-Faucon;32;80;0;0;0;0;0;0;0;0;0;0;0;0;0;0;0;0;0;0;0;1;0;0;0;0;0;0;0;1;2;0;2;0;0;0;0;0;0
80803;Villers-lès-Roye;32;80;0;0;0;0;0;0;0;0;0;0;0;0;0;0;0;0;0;0;0;0;0;0;0;0;0;0;0;1;0;0;0;0;0;0;0;0;1
80804;Villers-sous-Ailly;32;80;0;0;0;0;0;0;0;0;0;0;0;0;0;0;0;0;0;0;0;0;0;0;0;0;0;0;0;0;1;0;1;0;0;0;0;0;0
80805;Villers-Tournelle;32;80;0;0;0;0;0;0;0;0;0;0;0;0;0;0;0;0;0;0;0;0;0;0;0;0;1;0;1;0;0;0;0;0;0;0;0;0;0
80806;Villers-sur-Authie;32;80;0;0;0;0;0;0;0;0;0;0;0;0;0;0;0;0;0;0;0;0;0;0;0;0;0;1;0;0;0;1;0;0;0;0;0;0;0
80807;Ville-sur-Ancre;32;80;0;0;0;0;0;0;0;0;0;0;0;0;0;0;0;0;0;0;0;0;1;0;0;0;1;1;0;2;0;0;0;0;0;0;1;0;0
80808;Vironchaux;32;80;0;0;0;0;0;0;0;0;0;0;0;0;0;0;0;0;0;0;0;0;0;0;0;0;0;1;1;0;1;0;0;0;0;0;0;0;0
80809;Vismes;32;80;0;0;0;0;0;0;0;0;0;0;0;0;0;0;0;0;0;0;0;0;1;0;0;0;0;0;1;0;0;0;1;0;0;0;0;0;0
80810;Vitz-sur-Authie;32;80;0;0;0;0;0;0;0;0;0;0;0;0;0;0;0;0;0;0;0;0;0;0;0;0;0;0;0;0;0;0;0;0;0;0;0;0;0
80811;Voyennes;32;80;0;0;0;0;0;0;0;0;0;0;0;0;0;0;0;0;0;0;0;0;2;0;0;0;0;0;0;2;1;0;0;0;0;0;0;0;0
80812;Vraignes-en-Vermandois;32;80;0;0;0;0;0;0;0;0;0;0;0;0;0;0;0;0;0;0;0;0;0;0;0;0;0;0;0;0;0;0;1;0;0;0;0;0;0
80813;Vraignes-lès-Hornoy;32;80;0;0;0;0;0;0;0;0;0;0;0;0;0;0;0;0;0;0;0;0;0;0;0;0;0;0;0;0;0;1;0;0;0;0;0;0;0
80814;Vrély;32;80;0;0;0;0;0;0;0;0;0;0;0;0;0;0;0;0;0;0;0;0;0;0;0;0;1;1;1;1;0;0;0;0;0;0;0;0;0
80815;Vron;32;80;0;0;0;0;0;0;0;0;0;0;0;0;0;0;0;0;0;0;0;1;1;0;0;0;0;0;0;0;0;1;1;0;0;1;0;0;2
80819;Wargnies;32;80;0;0;0;0;0;0;0;0;0;0;0;0;0;0;0;0;0;0;0;0;0;0;0;0;0;0;0;0;0;0;0;0;0;0;0;0;0
80820;Warloy-Baillon;32;80;0;0;0;0;0;0;0;0;0;0;0;0;0;0;0;0;0;0;0;1;0;0;0;0;1;0;3;0;0;0;4;0;0;0;0;0;0
80821;Warlus;32;80;0;0;0;0;0;0;0;0;0;0;0;0;0;0;0;0;0;0;0;0;0;0;0;0;0;0;0;0;0;0;1;0;0;0;0;0;0
80822;Warsy;32;80;0;0;0;0;0;0;0;0;0;0;0;0;0;0;0;0;0;0;0;0;0;0;0;0;3;0;1;0;0;1;0;0;0;0;0;0;0
80823;Warvillers;32;80;0;0;0;0;0;0;0;0;0;0;0;0;0;0;0;0;0;0;0;0;0;0;0;0;0;1;0;0;0;0;0;0;0;0;0;0;0
80824;Wiencourt-l'Équipée;32;80;0;0;0;0;0;0;0;0;0;0;0;0;0;0;0;0;0;0;0;0;1;0;0;0;0;0;1;0;0;0;0;0;0;0;0;0;0
80825;Wiry-au-Mont;32;80;0;0;0;0;0;0;0;0;0;0;0;0;0;0;0;0;0;0;0;0;0;0;0;0;0;0;0;0;0;0;0;0;0;0;0;0;0
80826;Woignarue;32;80;0;0;0;0;0;0;0;0;0;0;0;0;0;0;0;0;0;0;0;0;0;0;0;0;2;0;1;1;1;1;0;0;0;3;1;0;0
80827;Woincourt;32;80;0;0;0;0;0;0;0;0;0;0;0;0;0;0;0;0;0;1;0;0;2;0;0;1;1;0;1;1;0;0;3;0;0;3;0;0;1
80828;Woirel;32;80;0;0;0;0;0;0;0;0;0;0;0;0;0;0;0;0;0;0;0;0;0;0;0;0;0;0;0;0;0;0;0;0;0;0;0;0;0
80829;Y;32;80;0;0;0;0;0;0;0;0;0;0;0;0;0;0;0;0;0;0;0;0;0;0;0;0;0;1;0;0;0;0;0;0;0;0;0;0;0
80830;Yaucourt-Bussus;32;80;0;0;0;0;0;0;0;0;0;0;0;0;0;0;0;0;0;0;0;0;0;0;0;0;1;0;0;0;0;0;0;0;0;0;0;0;0
80832;Yvrench;32;80;0;0;0;0;0;0;0;0;0;0;0;0;0;0;0;0;0;0;0;0;0;0;0;0;1;0;2;0;1;0;0;0;0;0;0;0;0
80833;Yvrencheux;32;80;0;0;0;0;0;0;0;0;0;0;0;0;0;0;0;0;0;0;0;0;0;0;0;0;1;1;0;0;0;0;0;0;0;0;0;0;0
80834;Yzengremer;32;80;0;0;0;0;0;0;0;0;0;0;0;0;0;0;0;0;0;0;0;0;1;0;0;0;0;0;1;0;0;0;2;0;0;0;0;0;0
80835;Yzeux;32;80;0;0;0;0;0;0;0;0;0;0;0;0;0;0;0;0;0;0;0;0;0;0;0;0;0;0;1;0;0;0;0;0;0;0;1;0;0
80836;Yonval;32;80;0;0;0;0;0;0;0;0;0;0;0;0;0;0;0;0;1;0;0;0;0;0;0;0;1;0;0;0;0;0;1;0;0;0;0;0;0
81001;Aguts;76;81;0;0;0;0;0;0;0;0;0;0;0;0;0;0;0;0;0;0;0;0;0;0;0;0;0;0;0;0;0;0;0;0;0;0;0;0;0
81002;Aiguefonde;76;81;0;0;0;0;0;0;0;0;0;0;0;0;0;0;0;0;0;0;1;0;3;0;0;0;6;3;6;5;6;0;2;0;0;1;0;0;0
81003;Alban;76;81;0;1;0;0;0;0;0;0;0;0;1;0;0;0;0;2;1;1;0;0;3;1;0;1;2;3;2;4;1;0;4;2;0;2;0;0;1
81004;Albi;76;81;2;1;0;1;1;1;1;1;0;0;11;1;0;0;0;38;5;5;1;0;72;8;4;21;59;96;44;56;40;11;112;16;18;211;75;11;45
81005;Albine;76;81;0;0;0;0;0;0;0;0;0;0;0;0;0;0;0;0;0;0;0;1;0;0;0;0;1;1;1;1;1;0;0;0;0;0;0;0;0
81006;Algans;76;81;0;0;0;0;0;0;0;0;0;0;0;0;0;0;0;0;0;0;0;0;0;0;0;0;0;0;0;1;1;0;0;0;0;0;0;0;0
81007;Alos;76;81;0;0;0;0;0;0;0;0;0;0;0;0;0;0;0;0;0;0;0;0;0;0;0;0;1;0;0;0;0;0;0;0;0;0;0;0;0
81008;Almayrac;76;81;0;0;0;0;0;0;0;0;0;0;0;0;0;0;0;0;0;0;0;0;1;0;0;0;1;0;0;0;0;0;0;0;0;0;0;0;0
81009;Amarens;76;81;0;0;0;0;0;0;0;0;0;0;0;0;0;0;0;0;0;0;0;0;0;0;0;0;1;0;0;0;1;0;0;0;0;0;0;0;0
81010;Ambialet;76;81;0;0;0;0;0;0;0;0;0;0;0;0;0;0;0;0;0;0;0;0;0;0;0;0;3;0;0;0;0;0;1;0;0;0;0;0;0
81011;Ambres;76;81;0;0;0;0;0;0;0;0;0;0;0;0;0;0;0;0;0;0;0;0;1;0;0;0;3;2;2;4;2;0;2;0;0;3;0;0;0
81012;Andillac;76;81;0;0;0;0;0;0;0;0;0;0;0;0;0;0;0;0;0;0;0;0;0;0;0;0;0;0;0;0;1;0;0;0;0;1;0;0;0
81013;Andouque;76;81;0;0;0;0;0;0;0;0;0;0;0;0;0;0;0;0;0;0;0;0;2;0;0;0;0;1;0;0;0;0;0;0;0;0;0;0;0
81014;Anglès;76;81;0;0;0;0;0;0;0;0;0;0;0;0;0;0;0;1;0;0;0;1;1;0;0;0;0;0;2;0;1;0;1;0;0;2;0;0;1
81015;Appelle;76;81;0;0;0;0;0;0;0;0;0;0;0;0;0;0;0;0;0;0;0;0;0;0;0;0;0;0;1;0;0;0;0;0;0;1;0;0;0
81016;Arfons;76;81;0;0;0;0;0;0;0;0;0;0;0;0;0;0;0;0;0;0;1;0;0;0;0;0;3;0;1;0;0;0;0;0;0;0;0;0;0
81017;Arifat;76;81;0;0;0;0;0;0;0;0;0;0;0;0;0;0;0;0;0;0;0;0;1;0;0;0;1;0;0;0;0;0;0;0;0;0;0;0;0
81018;Arthès;76;81;0;0;0;0;0;0;0;0;0;0;0;0;0;0;0;0;1;0;0;1;1;0;0;0;10;6;4;2;3;0;4;0;0;3;3;0;2
81019;Assac;76;81;0;0;0;0;0;0;0;0;0;0;0;0;0;0;0;0;0;0;0;0;0;0;0;0;1;0;1;0;0;0;0;0;0;1;0;0;0
81020;Aussac;76;81;0;0;0;0;0;0;0;0;0;0;0;0;0;0;0;0;0;0;0;0;0;0;0;0;0;0;0;0;0;0;0;0;0;0;0;0;0
81021;Aussillon;76;81;0;0;0;0;0;0;0;0;0;0;0;1;0;0;0;1;0;1;0;0;17;0;0;1;22;11;8;5;3;2;4;1;0;3;3;1;1
81022;Bannières;76;81;0;0;0;0;0;0;0;0;0;0;0;0;0;0;0;0;0;0;0;0;0;0;0;0;0;0;1;0;0;0;0;0;0;0;1;0;0
81023;Barre;76;81;0;0;0;0;0;0;0;0;0;0;0;0;0;0;0;0;0;0;0;1;1;0;0;0;1;1;0;0;0;0;0;0;0;0;0;0;0
81024;Beauvais-sur-Tescou;76;81;0;0;0;0;0;0;0;0;0;0;0;0;0;0;0;0;0;0;0;0;0;0;0;0;1;3;0;0;1;1;1;0;0;2;0;0;0
81025;Belcastel;76;81;0;0;0;0;0;0;0;0;0;0;0;0;0;0;0;0;0;0;0;0;0;0;0;0;1;0;1;0;1;0;0;0;0;0;0;0;1
81026;Bellegarde-Marsal;76;81;0;0;0;0;0;0;0;0;0;0;0;0;0;0;0;0;0;0;0;0;0;0;0;0;1;2;3;3;3;1;0;0;0;0;1;0;0
81027;Belleserre;76;81;0;0;0;0;0;0;0;0;0;0;0;0;0;0;0;0;0;0;0;0;0;0;0;0;0;0;1;0;0;0;0;0;0;0;0;0;0
81028;Berlats;76;81;0;0;0;0;0;0;0;0;0;0;0;0;0;0;0;0;0;0;0;0;1;0;0;0;1;0;0;0;0;0;0;0;0;0;0;0;0
81029;Bernac;76;81;0;0;0;0;0;0;0;0;0;0;0;0;0;0;0;0;0;0;0;0;1;0;0;0;1;0;0;0;0;0;0;0;0;0;0;0;1
81030;Bertre;76;81;0;0;0;0;0;0;0;0;0;0;0;0;0;0;0;0;0;0;0;0;0;0;0;0;0;1;0;0;0;0;0;0;0;0;0;0;0
81031;Le Bez;76;81;0;0;0;0;0;0;0;0;0;0;0;0;0;0;0;0;0;0;0;0;2;0;0;0;4;1;1;1;2;0;0;0;0;3;0;0;1
81032;Blan;76;81;0;0;0;0;0;0;0;0;0;0;0;0;0;0;0;0;0;0;0;1;2;0;0;0;4;5;4;0;1;0;2;0;0;2;2;0;1
81033;Blaye-les-Mines;76;81;0;0;0;0;0;0;0;0;0;0;0;0;0;0;0;0;0;1;1;0;6;1;0;1;7;5;4;4;0;0;5;0;1;4;0;0;2
81034;Boissezon;76;81;0;0;0;0;0;0;0;0;0;0;0;0;0;0;0;0;0;0;0;1;0;0;0;0;1;0;2;0;0;0;0;0;0;1;0;0;0
81035;Bournazel;76;81;0;0;0;0;0;0;0;0;0;0;0;0;0;0;0;0;0;0;0;0;0;0;0;0;1;0;2;0;0;0;0;0;0;0;0;0;0
81036;Bout-du-Pont-de-Larn;76;81;0;0;0;0;0;0;0;0;0;0;0;0;0;0;0;0;0;0;1;0;6;1;0;0;1;2;3;3;2;0;3;0;1;2;0;1;0
81037;Brassac;76;81;0;1;0;0;0;0;0;0;0;0;0;0;0;0;0;3;2;1;0;0;4;1;0;1;2;4;1;1;0;0;4;0;0;4;2;1;2
81038;Brens;76;81;0;0;0;0;0;0;0;0;0;0;0;0;0;0;0;0;0;0;0;1;5;1;0;1;4;3;2;7;6;0;3;0;0;5;2;1;4
81039;Briatexte;76;81;0;0;0;0;0;0;0;0;0;0;0;0;0;0;0;0;0;1;0;0;1;0;0;1;6;2;8;5;4;0;4;0;0;3;0;0;0
81040;Brousse;76;81;0;0;0;0;0;0;0;0;0;0;0;0;0;0;0;0;0;0;0;0;1;0;0;0;1;1;0;0;0;0;0;0;0;0;0;0;0
81041;Broze;76;81;0;0;0;0;0;0;0;0;0;0;0;0;0;0;0;0;0;0;0;0;1;0;0;0;1;0;0;0;0;0;0;0;0;0;0;0;0
81042;Burlats;76;81;0;0;0;0;0;0;0;0;0;0;0;0;0;0;0;0;0;0;2;0;2;0;0;0;7;3;1;4;2;3;1;0;0;5;0;0;0
81043;Busque;76;81;0;0;0;0;0;0;0;0;0;0;0;0;0;0;0;0;0;0;0;0;0;0;0;0;0;0;0;0;0;0;1;0;0;0;1;0;0
81044;Cabanès;76;81;0;0;0;0;0;0;0;0;0;0;0;0;0;0;0;0;0;0;0;0;0;0;0;0;1;0;1;1;0;0;0;0;0;0;0;0;0
81045;Les Cabannes;76;81;0;0;0;0;0;0;0;0;0;0;0;0;1;0;0;0;0;0;0;1;3;0;0;0;2;1;0;1;1;0;1;0;0;1;0;0;0
81046;Cadalen;76;81;0;1;0;0;0;0;0;0;0;0;0;0;0;0;0;0;1;1;0;0;1;0;0;0;2;1;2;4;5;0;4;0;0;0;2;0;1
81047;Cadix;76;81;0;0;0;0;0;0;0;0;0;0;0;0;0;0;0;0;0;0;0;0;2;0;0;0;1;0;2;0;0;0;0;0;0;1;0;0;0
81048;Cagnac-les-Mines;76;81;0;1;0;0;0;0;0;0;0;0;0;0;0;0;0;0;0;1;0;0;4;0;0;0;4;8;0;7;4;0;4;0;0;1;0;0;3
81049;Cahuzac;76;81;0;0;0;0;0;0;0;0;0;0;0;0;0;0;0;0;0;0;0;0;0;0;0;0;0;0;0;1;0;0;0;0;0;1;0;0;0
81050;Cambon-lès-Lavaur;76;81;0;0;0;0;0;0;0;0;0;0;0;0;0;0;0;0;0;0;0;0;0;0;0;0;0;1;1;0;1;0;0;0;0;1;1;0;0
81051;Cahuzac-sur-Vère;76;81;0;0;0;0;0;0;0;0;0;0;0;0;0;0;0;0;0;1;0;0;1;0;0;0;4;5;0;2;1;0;2;0;0;2;0;1;1
81052;Cambon;76;81;0;0;0;0;0;0;0;0;0;0;0;0;0;0;0;0;0;0;0;0;5;0;0;1;4;4;5;4;9;1;1;0;0;3;0;2;1
81053;Cambounès;76;81;0;0;0;0;0;0;0;0;0;0;0;0;0;0;0;0;0;0;0;0;1;0;0;0;2;0;0;0;1;0;0;0;0;1;0;0;0
81054;Cambounet-sur-le-Sor;76;81;0;0;0;0;0;0;0;0;0;0;0;0;0;0;0;0;0;0;0;0;2;0;1;0;1;1;2;2;3;2;1;0;0;0;0;0;1
81055;Les Cammazes;76;81;0;0;0;0;0;0;0;0;0;0;0;0;0;0;0;0;0;0;0;1;0;0;0;0;0;0;0;0;0;0;0;0;0;1;1;0;0
81056;Campagnac;76;81;0;0;0;0;0;0;0;0;0;0;0;0;0;0;0;0;0;0;0;0;0;0;0;0;2;0;0;0;0;0;0;0;0;0;0;0;0
81058;Carbes;76;81;0;0;0;0;0;0;0;0;0;0;0;0;0;0;0;0;0;0;0;0;0;0;0;0;3;1;0;0;2;0;0;0;0;0;0;0;0
81059;Carlus;76;81;0;0;0;0;0;0;0;0;0;0;0;0;0;0;0;0;0;0;0;0;1;0;0;1;1;0;1;2;3;0;0;0;0;0;1;0;0
81060;Carmaux;76;81;1;0;0;0;0;0;0;0;0;0;1;1;0;0;0;6;4;1;0;0;15;1;1;3;27;23;7;8;11;5;23;8;2;22;10;1;6
81061;Castanet;76;81;0;0;0;0;0;0;0;0;0;0;0;0;0;0;0;0;0;0;0;0;1;0;0;0;0;0;0;0;0;0;0;0;0;0;0;0;0
81062;Fontrieu;76;81;0;0;0;0;0;0;0;0;0;0;0;0;0;0;0;0;2;0;0;0;0;0;0;0;1;1;4;0;0;0;1;0;0;1;2;0;0
81063;Castelnau-de-Lévis;76;81;0;0;0;0;0;0;0;0;0;0;0;0;0;0;0;0;0;0;1;0;5;0;0;0;3;1;0;3;2;0;2;0;0;3;0;0;1
81064;Castelnau-de-Montmiral;76;81;0;1;0;0;0;0;0;0;0;0;0;0;0;0;0;0;0;1;0;0;3;0;0;0;2;1;4;1;1;0;2;0;0;4;2;0;0
81065;Castres;76;81;1;0;0;1;1;1;1;0;0;0;5;1;0;0;0;26;5;6;0;0;68;6;3;16;53;52;26;34;44;9;94;19;11;116;45;7;38
81066;Caucalières;76;81;0;0;0;0;0;0;0;0;0;0;0;0;0;0;0;0;0;0;0;0;0;0;0;0;1;2;0;1;1;0;0;0;0;1;0;0;0
81067;Cestayrols;76;81;0;0;0;0;0;0;0;0;0;0;0;0;0;0;0;0;0;0;0;1;0;0;0;0;1;1;0;0;1;0;1;0;0;1;0;0;0
81068;Combefa;76;81;0;0;0;0;0;0;0;0;0;0;0;0;0;0;0;0;0;0;0;0;0;0;0;0;0;0;0;0;0;0;1;0;0;0;0;0;0
81069;Cordes-sur-Ciel;76;81;0;1;0;0;0;0;0;0;0;0;1;0;0;0;0;3;0;1;0;1;2;0;0;0;3;2;5;0;1;0;5;1;0;17;5;0;0
81070;Coufouleux;76;81;0;0;0;0;0;0;0;0;0;0;0;0;0;0;0;1;1;0;0;0;3;1;0;1;5;11;8;5;6;1;5;0;0;1;3;0;0
81071;Courris;76;81;0;0;0;0;0;0;0;0;0;0;0;0;0;0;0;0;0;0;0;0;0;0;0;0;0;0;0;0;0;0;0;0;0;0;0;0;0
81072;Crespin;76;81;0;0;0;0;0;0;0;0;0;0;0;0;0;0;0;0;0;0;0;0;0;0;0;0;0;0;0;0;0;0;1;0;0;0;0;0;0
81073;Crespinet;76;81;0;0;0;0;0;0;0;0;0;0;0;0;0;0;0;0;0;0;0;0;0;0;0;0;0;1;1;0;0;0;0;0;0;0;0;0;1
81074;Cunac;76;81;0;0;0;0;0;0;0;0;0;0;0;0;0;0;0;0;0;0;0;0;2;0;0;0;2;5;2;3;0;0;0;1;0;0;0;0;0
81075;Cuq;76;81;0;0;0;0;0;0;0;0;0;0;0;0;0;0;0;0;0;0;0;0;1;0;0;0;0;1;1;1;0;0;0;0;0;0;0;0;0
81076;Cuq-Toulza;76;81;0;0;0;0;0;0;0;0;0;0;0;0;0;0;0;1;1;0;0;1;3;0;0;0;1;3;3;3;1;0;2;0;0;1;1;0;0
81077;Curvalle;76;81;0;0;0;0;0;0;0;0;0;0;0;0;0;0;0;0;0;0;0;0;1;0;0;0;2;0;0;1;1;1;0;0;0;0;0;0;0
81078;Damiatte;76;81;0;0;0;0;0;0;0;0;0;0;0;0;0;0;0;0;0;0;0;0;1;0;0;0;4;2;0;3;2;0;1;0;0;3;1;0;0
81079;Dénat;76;81;0;0;0;0;0;0;0;0;0;0;0;0;0;0;0;0;0;0;0;0;2;0;0;0;4;2;2;3;1;0;0;0;0;0;2;0;0
81080;Donnazac;76;81;0;0;0;0;0;0;0;0;0;0;0;0;0;0;0;0;0;0;0;0;0;0;0;0;0;0;0;0;0;0;0;0;0;0;0;0;0
81081;Dourgne;76;81;0;1;0;0;0;0;0;0;0;0;1;0;0;0;0;0;0;1;0;0;3;0;0;0;1;1;2;2;2;0;3;0;0;3;1;0;1
81082;Le Dourn;76;81;0;0;0;0;0;0;0;0;0;0;0;0;0;0;0;0;0;0;0;0;0;0;0;0;0;0;0;2;0;0;0;0;0;1;0;0;0
81083;Durfort;76;81;0;0;0;0;0;0;0;0;0;0;0;0;0;0;0;0;0;0;0;0;0;0;0;0;0;0;1;0;0;0;2;0;0;1;0;0;0
81084;Escoussens;76;81;0;0;0;0;0;0;0;0;0;0;0;0;0;0;0;0;0;0;0;0;2;0;0;0;3;0;1;0;2;0;0;0;0;0;0;0;0
81085;Escroux;76;81;0;0;0;0;0;0;0;0;0;0;0;0;0;0;0;0;0;0;0;0;0;0;0;0;0;0;0;0;0;0;0;0;0;0;0;0;0
81086;Espérausses;76;81;0;0;0;0;0;0;0;0;0;0;0;0;0;0;0;0;0;0;0;0;0;0;0;0;0;0;0;0;0;0;0;0;0;0;0;0;0
81087;Fayssac;76;81;0;0;0;0;0;0;0;0;0;0;0;0;0;0;0;0;0;0;0;0;1;0;0;0;0;1;1;0;1;0;1;0;0;1;0;0;0
81088;Fauch;76;81;0;0;0;0;0;0;0;0;0;0;0;0;0;0;0;0;0;0;0;0;0;0;0;0;2;1;1;1;2;0;1;0;0;1;0;0;1
81089;Faussergues;76;81;0;0;0;0;0;0;0;0;0;0;0;0;0;0;0;0;0;0;0;0;0;0;0;0;0;0;0;0;0;0;0;0;0;1;0;0;0
81090;Fénols;76;81;0;0;0;0;0;0;0;0;0;0;0;0;0;0;0;0;0;0;0;0;0;0;0;0;0;0;0;0;0;0;0;0;0;0;0;0;0
81092;Fiac;76;81;0;0;0;0;0;0;0;0;0;0;0;0;0;0;0;0;1;0;0;1;0;0;0;0;2;1;3;2;1;1;1;0;0;4;1;0;0
81093;Florentin;76;81;0;0;0;0;0;0;0;0;0;0;0;0;0;0;0;0;0;0;0;0;1;0;0;0;3;1;1;1;0;0;0;0;0;0;0;0;1
81094;Fraissines;76;81;0;0;0;0;0;0;0;0;0;0;0;0;0;0;0;0;0;0;0;0;0;0;0;0;1;1;0;0;1;0;0;0;0;0;0;0;0
81095;Frausseilles;76;81;0;0;0;0;0;0;0;0;0;0;0;0;0;0;0;0;0;0;0;0;0;0;0;0;0;1;0;0;0;0;0;0;0;0;0;0;0
81096;Le Fraysse;76;81;0;0;0;0;0;0;0;0;0;0;0;0;0;0;0;0;0;0;0;0;1;0;0;0;0;0;1;1;0;0;0;0;0;1;0;0;0
81097;Fréjairolles;76;81;0;0;0;0;0;0;0;0;0;0;0;0;0;0;0;0;0;0;1;0;2;0;0;0;4;3;4;2;4;1;2;0;0;2;1;0;1
81098;Fréjeville;76;81;0;0;0;0;0;0;0;0;0;0;0;0;0;0;0;0;0;0;0;0;1;0;0;0;0;1;0;0;1;0;0;0;0;1;0;0;1
81099;Gaillac;76;81;0;1;0;0;0;0;0;0;0;0;2;1;0;0;0;9;1;1;0;0;25;3;1;4;33;19;22;21;17;6;28;7;5;40;22;4;15
81100;Garrevaques;76;81;0;0;0;0;0;0;0;0;0;0;0;0;0;0;0;0;0;0;0;0;1;0;0;0;2;0;0;1;0;0;0;0;0;0;0;0;1
81101;Le Garric;76;81;0;0;0;0;0;0;0;0;0;0;0;0;0;0;0;0;0;0;0;0;3;0;0;0;3;4;1;0;1;0;0;0;0;2;2;0;0
81102;Garrigues;76;81;0;0;0;0;0;0;0;0;0;0;0;0;0;0;0;0;0;0;0;0;0;0;0;0;2;0;2;0;0;0;1;0;0;1;1;0;0
81103;Gijounet;76;81;0;0;0;0;0;0;0;0;0;0;0;0;0;0;0;0;0;0;0;0;0;0;0;0;1;0;0;0;0;0;0;0;0;0;0;0;0
81104;Giroussens;76;81;0;0;0;0;0;0;0;0;0;0;0;0;0;0;0;0;0;0;0;1;4;0;0;0;5;2;2;3;2;1;5;0;0;2;0;0;3
81105;Graulhet;76;81;1;1;0;0;0;0;0;0;0;0;1;1;0;0;0;7;2;1;0;0;21;3;0;5;27;23;13;17;12;3;27;5;5;27;9;0;8
81106;Grazac;76;81;0;0;0;0;0;0;0;0;0;0;0;0;0;0;0;0;0;0;0;0;0;0;0;0;3;3;2;1;1;0;0;0;0;0;0;0;0
81108;Itzac;76;81;0;0;0;0;0;0;0;0;0;0;0;0;0;0;0;0;0;0;0;0;0;0;0;0;1;0;1;0;0;0;0;0;0;0;1;0;0
81109;Jonquières;76;81;0;0;0;0;0;0;0;0;0;0;0;0;0;0;0;0;0;0;0;0;1;0;0;0;1;0;1;0;1;0;1;0;0;0;0;0;0
81110;Jouqueviel;76;81;0;0;0;0;0;0;0;0;0;0;0;0;0;0;0;0;0;0;0;0;0;0;0;0;0;0;0;0;0;0;0;0;0;0;0;0;0
81111;Labarthe-Bleys;76;81;0;0;0;0;0;0;0;0;0;0;0;0;0;0;0;0;0;0;0;0;0;0;0;0;0;0;0;0;0;0;1;0;0;0;0;0;0
81112;Labastide-de-Lévis;76;81;0;0;0;0;0;0;0;0;0;0;0;0;0;0;0;0;0;0;0;0;5;0;0;0;3;1;1;0;0;0;0;0;0;2;0;0;0
81113;Labastide-Dénat;76;81;0;0;0;0;0;0;0;0;0;0;0;0;0;0;0;0;0;0;0;0;1;0;0;0;1;1;1;1;0;0;0;0;0;1;1;0;0
81114;Labastide-Gabausse;76;81;0;0;0;0;0;0;0;0;0;0;0;0;0;0;0;0;0;0;0;0;0;0;0;0;2;0;1;1;1;0;0;0;0;0;0;0;0
81115;Labastide-Rouairoux;76;81;0;1;0;0;0;0;0;0;0;0;0;0;0;0;0;2;1;1;0;0;4;1;0;1;4;1;3;3;4;1;2;0;0;5;1;0;1
81116;Labastide-Saint-Georges;76;81;0;0;0;0;0;0;0;0;0;0;0;0;0;0;0;0;0;0;0;0;3;0;0;0;2;10;1;3;4;0;2;0;0;2;0;0;2
81117;Labessière-Candeil;76;81;0;0;0;0;0;0;0;0;0;0;0;0;0;0;0;0;0;0;0;0;0;0;0;0;3;2;2;1;1;0;2;0;0;3;0;0;0
81118;Laboulbène;76;81;0;0;0;0;0;0;0;0;0;0;0;0;0;0;0;0;0;0;0;0;0;0;0;0;0;1;1;0;0;0;0;0;0;0;0;0;0
81119;Laboutarie;76;81;0;0;0;0;0;0;0;0;0;0;0;0;0;0;0;0;0;0;0;1;3;0;0;0;0;2;1;0;0;0;0;0;0;3;0;0;0
81120;Labruguière;76;81;0;1;0;0;0;0;0;0;0;0;1;0;0;0;0;3;1;1;0;0;8;2;1;5;18;9;12;7;6;0;11;5;0;8;5;1;5
81121;Lacabarède;76;81;0;0;0;0;0;0;0;0;0;0;0;0;0;0;0;0;0;0;0;1;0;0;0;0;0;0;0;1;1;0;0;0;0;1;0;0;0
81122;Lacapelle-Pinet;76;81;0;0;0;0;0;0;0;0;0;0;0;0;0;0;0;0;0;0;0;0;1;0;0;0;0;1;1;1;0;0;0;0;0;0;0;0;0
81123;Lacapelle-Ségalar;76;81;0;0;0;0;0;0;0;0;0;0;0;0;0;0;0;0;0;0;0;0;0;0;0;0;0;1;1;0;0;0;0;0;0;0;0;0;0
81124;Lacaune;76;81;0;1;0;0;0;0;0;0;0;0;1;0;0;0;0;2;2;1;0;0;6;2;0;0;6;3;2;3;4;3;6;3;0;5;1;1;2
81125;Lacaze;76;81;0;0;0;0;0;0;0;0;0;0;0;0;0;0;0;0;0;0;0;1;1;0;0;0;1;0;0;0;1;0;0;0;0;1;0;0;0
81126;Lacougotte-Cadoul;76;81;0;0;0;0;0;0;0;0;0;0;0;0;0;0;0;0;0;0;0;0;0;0;0;0;0;1;0;0;0;1;1;0;0;0;0;0;0
81127;Lacroisille;76;81;0;0;0;0;0;0;0;0;0;0;0;0;0;0;0;0;0;0;0;0;0;0;0;0;1;0;0;0;0;0;0;0;0;0;0;0;0
81128;Lacrouzette;76;81;0;0;0;0;0;0;0;0;0;0;0;0;0;0;0;2;1;0;0;1;7;0;0;0;3;0;1;1;3;0;3;0;0;2;0;1;0
81129;Lagardiolle;76;81;0;0;0;0;0;0;0;0;0;0;0;0;0;0;0;0;0;0;0;0;0;0;0;0;2;1;1;1;0;0;0;0;0;0;0;0;0
81130;Lagarrigue;76;81;0;0;0;0;0;0;0;0;0;0;0;0;0;0;0;0;0;1;0;0;5;0;0;0;6;3;1;1;1;0;3;0;0;0;1;0;2
81131;Lagrave;76;81;0;0;0;0;0;0;0;0;0;0;0;0;0;0;0;0;0;0;0;1;4;0;0;0;13;4;4;2;4;1;4;0;0;4;3;0;0
81132;Guitalens-L'Albarède;76;81;0;0;0;0;0;0;0;0;0;0;0;0;0;0;0;0;0;0;0;1;1;0;0;0;2;0;0;1;0;0;2;0;0;0;1;0;0
81133;Lamillarié;76;81;0;0;0;0;0;0;0;0;0;0;0;0;0;0;0;1;0;0;0;0;1;0;0;0;0;0;0;2;1;0;0;0;0;0;0;0;0
81134;Lamontélarié;76;81;0;0;0;0;0;0;0;0;0;0;0;0;0;0;0;0;0;0;0;0;0;0;0;0;0;0;0;0;0;0;0;0;0;0;0;0;0
81135;Laparrouquial;76;81;0;0;0;0;0;0;0;0;0;0;0;0;0;0;0;0;0;0;0;0;0;0;0;0;1;0;0;0;0;0;0;0;0;0;0;0;0
81136;Larroque;76;81;0;0;0;0;0;0;0;0;0;0;0;0;0;0;0;0;0;0;0;0;0;0;0;0;1;0;0;0;0;0;0;0;0;0;0;0;0
81137;Lasfaillades;76;81;0;0;0;0;0;0;0;0;0;0;0;0;0;0;0;0;0;0;0;0;0;0;0;0;0;1;1;0;0;0;0;0;0;0;0;0;0
81138;Lasgraisses;76;81;0;0;0;0;0;0;0;0;0;0;0;0;0;0;0;0;0;0;0;1;1;0;0;0;1;1;1;0;0;0;0;0;0;1;0;0;0
81139;Lautrec;76;81;0;1;0;0;0;0;0;0;0;0;0;0;0;0;0;1;0;1;0;0;5;0;1;1;2;3;5;3;6;0;3;0;0;6;1;0;0
81140;Lavaur;76;81;0;1;0;0;0;0;0;0;0;0;1;0;0;0;0;9;2;1;0;0;22;3;0;4;16;24;23;16;17;6;19;4;1;29;20;2;13
81141;Lédas-et-Penthiès;76;81;0;0;0;0;0;0;0;0;0;0;0;0;0;0;0;0;0;0;0;0;0;0;0;0;1;1;0;0;0;0;0;0;0;0;0;0;0
81142;Lempaut;76;81;0;0;0;0;0;0;0;0;0;0;0;0;0;0;0;0;0;0;0;1;3;0;0;0;4;1;3;1;2;1;1;0;0;1;0;0;0
81143;Lescout;76;81;0;0;0;0;0;0;0;0;0;0;0;0;0;0;0;0;0;0;0;0;0;0;0;0;2;1;0;0;3;0;0;0;0;1;0;0;0
81144;Lescure-d'Albigeois;76;81;0;0;0;0;0;0;0;0;0;0;0;0;0;0;0;0;0;1;0;0;7;1;2;0;9;13;14;7;5;3;8;0;0;4;3;0;4
81145;Lisle-sur-Tarn;76;81;0;1;0;0;0;0;0;0;0;0;0;0;0;0;0;2;3;1;0;0;5;0;1;1;11;8;7;5;11;1;6;1;0;6;5;0;4
81146;Livers-Cazelles;76;81;0;0;0;0;0;0;0;0;0;0;0;0;0;0;0;0;0;0;0;0;1;0;0;0;3;0;0;2;1;0;0;0;0;2;0;0;1
81147;Lombers;76;81;0;0;0;0;0;0;0;0;0;0;0;0;0;0;0;0;0;0;0;1;3;0;0;0;3;3;2;2;1;0;2;0;0;3;1;0;0
81148;Loubers;76;81;0;0;0;0;0;0;0;0;0;0;0;0;0;0;0;0;0;0;0;0;1;0;0;0;0;1;0;1;0;0;0;0;0;1;0;0;0
81149;Loupiac;76;81;0;0;0;0;0;0;0;0;0;0;0;0;0;0;0;0;0;0;0;0;2;0;0;0;1;3;0;2;0;0;0;0;0;1;0;1;1
81150;Lugan;76;81;0;0;0;0;0;0;0;0;0;0;0;0;0;0;0;0;0;0;0;0;0;0;0;0;1;2;0;1;1;0;1;0;0;0;0;0;0
81151;Magrin;76;81;0;0;0;0;0;0;0;0;0;0;0;0;0;0;0;0;0;0;0;0;0;0;0;0;0;0;0;0;0;0;0;0;0;0;0;0;0
81152;Mailhoc;76;81;0;0;0;0;0;0;0;0;0;0;0;0;0;0;0;0;0;0;0;0;0;0;0;0;0;1;0;0;0;1;0;0;0;1;0;0;0
81154;Marnaves;76;81;0;0;0;0;0;0;0;0;0;0;0;0;0;0;0;0;0;0;0;0;0;0;0;0;0;0;0;0;1;0;0;0;0;0;0;0;0
81156;Marssac-sur-Tarn;76;81;0;0;0;0;0;0;0;0;0;0;0;0;0;0;0;1;1;1;0;0;11;1;0;2;6;7;6;5;1;1;5;3;0;7;4;0;2
81157;Marzens;76;81;0;0;0;0;0;0;0;0;0;0;0;0;0;0;0;0;0;0;0;0;0;0;0;0;0;1;0;0;1;0;0;0;0;0;1;0;0
81158;Le Masnau-Massuguiès;76;81;0;0;0;0;0;0;0;0;0;0;0;0;0;0;0;0;0;0;0;0;0;0;0;0;0;0;0;0;1;0;0;0;0;0;0;0;0
81159;Massac-Séran;76;81;0;0;0;0;0;0;0;0;0;0;0;0;0;0;0;0;0;0;0;0;0;0;0;0;1;2;2;0;0;1;0;0;0;0;1;0;0
81160;Massaguel;76;81;0;0;0;0;0;0;0;0;0;0;0;0;0;0;0;0;0;0;0;1;0;0;0;0;2;1;1;0;1;0;0;0;0;1;0;0;1
81161;Massals;76;81;0;0;0;0;0;0;0;0;0;0;0;0;0;0;0;0;1;0;0;0;0;0;0;0;1;0;0;0;0;0;0;0;0;0;0;0;0
81162;Maurens-Scopont;76;81;0;0;0;0;0;0;0;0;0;0;0;0;0;0;0;0;0;0;0;0;1;0;0;0;0;1;0;0;1;1;0;0;0;1;0;0;0
81163;Mazamet;76;81;1;0;0;0;0;0;0;0;0;0;2;0;0;1;0;11;4;1;0;0;17;3;1;7;19;15;19;13;9;3;28;2;7;35;13;3;4
81164;Mézens;76;81;0;0;0;0;0;0;0;0;0;0;0;0;0;0;0;0;0;0;0;0;1;0;0;0;0;1;1;0;2;0;0;0;0;0;0;0;0
81165;Milhars;76;81;0;0;0;0;0;0;0;0;0;0;0;0;0;0;0;0;0;0;0;1;0;0;0;0;0;1;2;0;0;1;1;0;0;1;0;0;0
81166;Milhavet;76;81;0;0;0;0;0;0;0;0;0;0;0;0;0;0;0;0;1;0;0;0;0;0;0;0;0;1;0;1;0;0;0;0;0;0;0;0;0
81167;Miolles;76;81;0;0;0;0;0;0;0;0;0;0;0;0;0;0;0;0;0;0;0;0;0;0;0;0;0;0;0;0;0;0;0;0;0;0;0;0;0
81168;Mirandol-Bourgnounac;76;81;0;0;0;0;0;0;0;0;0;0;0;0;0;0;0;0;0;1;0;0;3;0;0;0;8;1;1;3;2;0;2;0;0;1;1;0;1
81169;Missècle;76;81;0;0;0;0;0;0;0;0;0;0;0;0;0;0;0;0;0;0;0;0;0;0;0;0;0;0;0;0;0;0;0;0;0;1;0;0;0
81170;Monestiés;76;81;0;1;0;0;0;0;0;0;0;0;0;0;0;0;0;0;0;1;0;0;1;0;0;0;6;5;3;0;4;0;0;0;0;5;1;0;1
81171;Montans;76;81;0;0;0;0;0;0;0;0;0;0;0;0;0;0;0;0;0;0;0;1;4;0;1;0;5;0;2;2;1;2;1;0;0;1;1;0;1
81172;Montauriol;76;81;0;0;0;0;0;0;0;0;0;0;0;0;0;0;0;0;0;0;0;0;0;0;0;0;0;0;0;0;0;0;0;0;0;0;0;0;0
81173;Montcabrier;76;81;0;0;0;0;0;0;0;0;0;0;0;0;0;0;0;0;0;0;0;0;0;0;0;0;0;1;0;0;0;0;0;0;0;0;0;0;0
81174;Montdragon;76;81;0;0;0;0;0;0;0;0;0;0;0;0;0;0;0;0;0;0;1;0;2;0;0;0;0;1;0;0;0;0;1;0;0;2;0;0;1
81175;Montdurausse;76;81;0;0;0;0;0;0;0;0;0;0;0;0;0;0;0;0;0;0;0;0;0;0;0;0;0;1;0;0;1;0;0;0;0;1;0;0;0
81176;Montels;76;81;0;0;0;0;0;0;0;0;0;0;0;0;0;0;0;0;0;0;0;0;0;0;0;0;0;0;1;0;0;1;0;0;0;0;0;0;0
81177;Montfa;76;81;0;0;0;0;0;0;0;0;0;0;0;0;0;0;0;0;0;0;0;0;1;0;0;0;3;0;0;0;0;0;0;0;0;0;0;0;0
81178;Montgaillard;76;81;0;0;0;0;0;0;0;0;0;0;0;0;0;0;0;0;0;0;0;0;0;0;0;0;2;1;1;0;1;0;0;0;0;2;0;0;0
81179;Montgey;76;81;0;0;0;0;0;0;0;0;0;0;0;0;0;0;0;0;0;0;0;0;0;0;0;0;2;1;1;0;0;0;0;0;0;0;0;0;1
81180;Montirat;76;81;0;0;0;0;0;0;0;0;0;0;0;0;0;0;0;0;0;0;0;0;0;0;0;0;2;0;0;0;0;0;0;0;0;0;0;0;0
81181;Montpinier;76;81;0;0;0;0;0;0;0;0;0;0;0;0;0;0;0;0;0;0;0;0;0;0;0;0;0;0;1;0;0;0;0;0;0;0;0;0;0
81182;Montredon-Labessonnié;76;81;0;1;0;0;0;0;0;0;0;0;0;0;0;0;0;1;1;1;0;0;3;0;0;0;4;0;2;0;6;0;5;1;0;1;1;0;0
81183;Mont-Roc;76;81;0;0;0;0;0;0;0;0;0;0;0;0;0;0;0;0;0;0;0;0;0;0;0;0;0;0;1;1;0;0;0;0;0;0;0;0;0
81184;Montrosier;76;81;0;0;0;0;0;0;0;0;0;0;0;0;0;0;0;0;0;0;0;0;0;0;0;0;0;0;0;0;0;0;0;0;0;0;0;0;0
81185;Montvalen;76;81;0;0;0;0;0;0;0;0;0;0;0;0;0;0;0;0;0;0;0;0;0;0;0;0;0;0;2;0;1;0;0;0;0;0;0;0;0
81186;Moularès;76;81;0;0;0;0;0;0;0;0;0;0;0;0;0;0;0;0;0;0;0;0;0;0;0;0;0;0;1;1;0;0;0;0;0;0;0;0;0
81187;Moulayrès;76;81;0;0;0;0;0;0;0;0;0;0;0;0;0;0;0;0;0;0;0;0;1;0;0;0;0;1;0;1;1;0;0;0;0;0;0;0;0
81188;Moulin-Mage;76;81;0;0;0;0;0;0;0;0;0;0;0;0;0;0;0;0;0;0;1;0;1;0;0;0;2;1;0;0;2;0;0;0;0;0;0;0;0
81189;Mouzens;76;81;0;0;0;0;0;0;0;0;0;0;0;0;0;0;0;0;0;0;0;0;1;0;0;0;0;1;0;0;0;0;0;0;0;0;0;0;0
81190;Mouzieys-Teulet;76;81;0;0;0;0;0;0;0;0;0;0;0;0;0;0;0;0;1;0;0;0;0;0;0;0;0;1;0;0;0;0;0;0;0;0;0;0;0
81191;Mouzieys-Panens;76;81;0;0;0;0;0;0;0;0;0;0;0;0;0;0;0;0;0;0;0;0;0;0;0;0;2;0;0;0;1;0;0;0;0;1;1;0;0
81192;Murat-sur-Vèbre;76;81;0;1;0;0;0;0;0;0;0;0;0;0;0;0;0;0;0;0;0;1;2;0;0;0;2;0;2;1;2;1;1;0;0;1;0;0;0
81193;Nages;76;81;0;0;0;0;0;0;0;0;0;0;0;0;0;0;0;0;0;0;0;0;0;0;0;0;0;0;0;0;0;0;0;0;0;5;0;0;0
81195;Navès;76;81;0;0;0;0;0;0;0;0;0;0;0;0;0;0;0;0;0;0;0;0;1;0;0;0;0;2;0;0;1;1;0;0;0;0;1;0;2
81196;Noailhac;76;81;0;0;0;0;0;0;0;0;0;0;0;0;0;0;0;0;0;0;0;1;1;0;0;0;3;0;1;1;2;0;0;0;0;1;1;0;0
81197;Noailles;76;81;0;0;0;0;0;0;0;0;0;0;0;0;0;0;0;0;0;0;0;0;0;0;0;0;2;1;0;0;0;0;0;0;0;0;1;0;0
81198;Orban;76;81;0;0;0;0;0;0;0;0;0;0;0;0;0;0;0;0;0;0;0;0;3;0;0;0;1;0;1;0;1;0;0;0;0;0;0;0;0
81199;Padiès;76;81;0;0;0;0;0;0;0;0;0;0;0;0;0;0;0;0;0;0;0;0;0;0;0;0;2;0;0;0;0;0;0;0;0;1;1;0;0
81200;Palleville;76;81;0;0;0;0;0;0;0;0;0;0;0;0;0;0;0;0;0;0;0;0;0;0;0;0;1;0;2;3;0;0;0;0;0;0;0;0;1
81201;Pampelonne;76;81;0;1;0;0;0;0;0;0;0;0;0;0;0;0;0;0;0;0;0;1;4;0;0;0;0;4;2;3;0;0;1;0;0;1;0;0;0
81202;Parisot;76;81;0;0;0;0;0;0;0;0;0;0;0;0;0;0;0;0;1;0;1;0;1;0;0;1;2;2;4;2;3;0;1;0;0;3;1;0;0
81203;Paulinet;76;81;0;0;0;0;0;0;0;0;0;0;0;0;0;0;0;0;0;0;0;0;1;0;0;0;2;0;1;0;1;0;0;0;0;0;1;0;0
81204;Payrin-Augmontel;76;81;0;0;0;0;0;0;0;0;0;0;0;0;0;0;0;0;0;0;1;0;3;0;0;1;6;8;1;1;2;1;1;0;0;2;0;0;1
81205;Péchaudier;76;81;0;0;0;0;0;0;0;0;0;0;0;0;0;0;0;0;0;0;0;0;0;0;0;0;0;0;0;0;1;0;1;0;0;0;0;0;1
81206;Penne;76;81;0;0;0;0;0;0;0;0;0;0;0;0;0;0;0;0;0;0;0;1;2;0;0;0;2;2;5;1;1;0;0;0;0;3;0;0;0
81207;Peyregoux;76;81;0;0;0;0;0;0;0;0;0;0;0;0;0;0;0;0;0;0;0;0;0;0;0;0;0;0;0;0;0;0;0;0;0;0;0;0;0
81208;Peyrole;76;81;0;0;0;0;0;0;0;0;0;0;0;0;0;0;0;0;0;0;0;0;1;0;0;0;1;1;0;2;0;0;0;0;0;1;1;0;1
81209;Pont-de-Larn;76;81;0;0;0;0;0;0;0;0;0;0;0;0;0;0;0;0;0;0;1;0;4;0;0;0;9;2;7;2;3;0;8;0;0;3;3;0;1
81210;Poudis;76;81;0;0;0;0;0;0;0;0;0;0;0;0;0;0;0;0;0;0;0;0;0;0;0;0;1;1;1;1;1;0;0;0;0;0;1;0;0
81211;Poulan-Pouzols;76;81;0;0;0;0;0;0;0;0;0;0;0;0;0;0;0;0;0;0;0;0;0;0;0;0;2;3;1;1;0;0;0;0;0;0;0;0;0
81212;Prades;76;81;0;0;0;0;0;0;0;0;0;0;0;0;0;0;0;0;0;0;0;0;0;0;0;0;0;0;0;1;0;0;0;0;0;0;0;0;0
81213;Pratviel;76;81;0;0;0;0;0;0;0;0;0;0;0;0;0;0;0;0;0;0;0;0;0;0;0;0;0;0;0;0;0;0;0;0;0;0;0;0;0
81214;Puéchoursi;76;81;0;0;0;0;0;0;0;0;0;0;0;0;0;0;0;0;0;0;0;0;0;0;0;0;1;0;0;0;0;0;0;0;0;0;0;0;0
81215;Puybegon;76;81;0;0;0;0;0;0;0;0;0;0;0;0;0;0;0;0;0;0;0;0;0;0;0;0;1;1;0;0;2;0;1;0;0;0;0;0;0
81216;Puycalvel;76;81;0;0;0;0;0;0;0;0;0;0;0;0;0;0;0;0;0;0;0;0;0;0;0;0;3;0;0;0;0;0;0;0;0;0;1;0;0
81217;Puycelsi;76;81;0;0;0;0;0;0;0;0;0;0;0;0;0;0;0;0;0;0;1;0;0;0;0;0;2;1;3;1;0;0;2;0;0;4;0;0;0
81218;Puygouzon;76;81;0;0;0;0;0;0;0;0;0;0;0;0;0;0;0;1;0;1;0;0;6;1;0;0;7;8;10;6;7;1;2;2;0;2;1;2;3
81219;Puylaurens;76;81;0;1;0;0;0;0;0;0;0;0;1;0;0;0;0;4;1;1;0;0;9;2;0;1;6;6;6;3;3;0;6;1;0;9;2;0;3
81220;Rabastens;76;81;0;1;0;0;0;0;0;0;0;0;1;0;0;0;0;4;2;1;0;0;5;0;0;2;12;14;10;8;7;1;6;4;0;15;5;2;5
81221;Rayssac;76;81;0;0;0;0;0;0;0;0;0;0;0;0;0;0;0;0;0;0;0;0;0;0;0;0;1;0;0;0;0;0;0;0;0;0;0;0;0
81222;Réalmont;76;81;0;1;0;0;0;0;0;0;0;0;1;0;0;0;0;3;1;1;0;0;8;1;0;2;11;10;1;4;3;1;13;3;0;10;6;2;3
81223;Le Rialet;76;81;0;0;0;0;0;0;0;0;0;0;0;0;0;0;0;0;0;0;0;0;0;0;0;0;0;0;0;0;0;0;0;0;0;0;0;0;0
81224;Le Riols;76;81;0;0;0;0;0;0;0;0;0;0;0;0;0;0;0;0;0;0;0;0;0;0;0;0;1;0;1;1;0;0;0;0;0;0;0;0;0
81225;Rivières;76;81;0;0;0;0;0;0;0;0;0;0;0;0;0;0;0;0;0;0;0;0;1;0;0;0;2;3;2;2;0;0;0;0;0;4;1;0;0
81226;Ronel;76;81;0;0;0;0;0;0;0;0;0;0;0;0;0;0;0;0;0;0;0;0;0;0;0;0;2;0;3;1;0;0;1;0;0;0;0;0;1
81227;Roquecourbe;76;81;0;1;0;0;0;0;0;0;0;0;1;0;0;0;0;1;2;1;0;0;4;0;0;1;4;4;4;2;1;0;3;0;0;5;0;0;1
81228;Roquemaure;76;81;0;0;0;0;0;0;0;0;0;0;0;0;0;0;0;0;0;0;0;0;0;0;0;0;1;0;2;1;0;0;1;0;0;0;0;0;0
81229;Roquevidal;76;81;0;0;0;0;0;0;0;0;0;0;0;0;0;0;0;0;0;0;0;0;0;0;0;0;0;0;0;0;0;0;0;0;0;0;1;0;0
81230;Rosières;76;81;0;0;0;0;0;0;0;0;0;0;0;0;0;0;0;0;0;0;0;0;0;0;0;0;1;0;1;0;1;0;1;0;0;0;0;0;0
81231;Rouairoux;76;81;0;0;0;0;0;0;0;0;0;0;0;0;0;0;0;0;0;0;0;0;0;0;0;0;0;0;1;0;0;0;1;0;0;1;0;0;0
81232;Rouffiac;76;81;0;0;0;0;0;0;0;0;0;0;0;0;0;0;0;0;0;0;0;0;0;0;0;0;1;0;1;1;0;0;0;0;0;0;0;0;0
81233;Roumégoux;76;81;0;0;0;0;0;0;0;0;0;0;0;0;0;0;0;0;0;0;0;0;1;0;0;0;0;0;0;0;0;0;1;0;0;0;0;0;0
81234;Roussayrolles;76;81;0;0;0;0;0;0;0;0;0;0;0;0;0;0;0;0;0;0;0;0;0;0;0;0;1;0;0;0;1;0;0;0;0;0;0;0;0
81235;Saint-Affrique-les-Montagnes;76;81;0;0;0;0;0;0;0;0;0;0;0;0;0;0;0;0;0;0;0;0;0;0;0;0;0;4;1;0;1;0;2;0;0;0;0;0;0
81236;Saint-Agnan;76;81;0;0;0;0;0;0;0;0;0;0;0;0;0;0;0;0;0;0;0;0;1;0;0;0;1;2;2;0;0;0;0;0;0;0;0;0;0
81237;Saint-Amancet;76;81;0;0;0;0;0;0;0;0;0;0;0;0;0;0;0;0;0;0;0;0;0;0;0;0;0;0;0;0;0;0;0;0;0;0;0;0;1
81238;Saint-Amans-Soult;76;81;0;1;0;0;0;0;0;0;0;0;1;0;0;0;0;1;0;1;0;0;8;0;0;0;4;1;3;2;1;0;3;0;0;5;2;0;1
81239;Saint-Amans-Valtoret;76;81;0;0;0;0;0;0;0;0;0;0;0;0;0;0;0;0;0;0;0;0;0;0;0;0;4;0;2;2;2;1;3;0;0;2;1;0;1
81240;Saint-André;76;81;0;0;0;0;0;0;0;0;0;0;0;0;0;0;0;0;0;0;0;0;0;0;0;0;0;0;0;0;0;0;0;0;0;0;0;0;0
81241;Saint-Antonin-de-Lacalm;76;81;0;0;0;0;0;0;0;0;0;0;0;0;0;0;0;0;0;0;0;0;1;0;0;0;0;1;1;0;0;0;0;0;0;0;0;0;0
81242;Saint-Avit;76;81;0;0;0;0;0;0;0;0;0;0;0;0;0;0;0;0;0;0;0;0;0;0;0;0;1;2;0;1;0;0;0;0;0;0;0;0;0
81243;Saint-Beauzile;76;81;0;0;0;0;0;0;0;0;0;0;0;0;0;0;0;0;0;0;0;0;0;0;0;0;0;1;2;1;0;0;0;0;0;0;0;0;0
81244;Saint-Benoît-de-Carmaux;76;81;0;0;0;0;0;0;0;0;0;0;0;0;0;0;0;0;1;1;0;0;3;0;0;0;3;4;1;1;2;0;3;0;0;1;1;0;0
81245;Saint-Christophe;76;81;0;0;0;0;0;0;0;0;0;0;0;0;0;0;0;0;0;0;0;0;0;0;0;0;0;0;1;0;0;0;0;0;0;0;0;0;0
81246;Sainte-Cécile-du-Cayrou;76;81;0;0;0;0;0;0;0;0;0;0;0;0;0;0;0;0;0;0;0;0;0;0;0;0;0;0;0;0;0;1;0;0;0;0;0;0;0
81247;Saint-Cirgue;76;81;0;0;0;0;0;0;0;0;0;0;0;0;0;0;0;0;0;0;0;0;0;0;0;0;0;1;0;0;1;0;0;0;0;1;0;0;1
81248;Saint-Gauzens;76;81;0;0;0;0;0;0;0;0;0;0;0;0;0;0;0;0;0;0;0;0;0;0;0;0;2;5;2;0;1;0;2;0;0;1;0;0;0
81249;Sainte-Gemme;76;81;0;0;0;0;0;0;0;0;0;0;0;0;0;0;0;0;1;0;0;0;2;0;0;0;5;3;1;3;2;0;1;0;0;2;0;0;0
81250;Saint-Genest-de-Contest;76;81;0;0;0;0;0;0;0;0;0;0;0;0;0;0;0;0;0;0;0;0;0;0;0;0;0;0;1;1;1;1;0;0;0;0;1;0;0
81251;Saint-Germain-des-Prés;76;81;0;0;0;0;0;0;0;0;0;0;0;0;0;0;0;0;0;0;0;0;1;0;0;0;3;2;0;2;2;1;0;1;0;0;2;0;0
81252;Saint-Germier;76;81;0;0;0;0;0;0;0;0;0;0;0;0;0;0;0;0;0;0;0;0;0;0;0;0;0;0;2;2;2;0;0;0;0;0;0;0;0
81253;Saint-Grégoire;76;81;0;0;0;0;0;0;0;0;0;0;0;0;0;0;0;0;0;0;0;0;1;0;0;0;0;2;5;3;0;1;0;0;0;1;0;0;0
81254;Saint-Jean-de-Marcel;76;81;0;0;0;0;0;0;0;0;0;0;0;0;0;0;0;0;0;0;0;0;0;0;0;0;1;1;1;0;0;1;0;0;0;0;0;0;0
81255;Saint-Jean-de-Rives;76;81;0;0;0;0;0;0;0;0;0;0;0;0;0;0;0;0;0;0;0;0;0;0;0;0;0;3;1;0;1;0;0;0;0;0;0;0;0
81256;Saint-Jean-de-Vals;76;81;0;0;0;0;0;0;0;0;0;0;0;0;0;0;0;0;0;0;0;0;0;0;0;0;0;0;0;0;0;0;0;0;0;0;0;0;0
81257;Saint-Juéry;76;81;0;0;0;0;0;0;0;0;0;0;0;0;0;0;0;3;1;1;0;0;12;1;0;2;10;10;10;13;12;2;12;1;0;11;4;2;10
81258;Saint-Julien-du-Puy;76;81;0;0;0;0;0;0;0;0;0;0;0;0;0;0;0;0;0;0;0;0;1;0;0;0;2;1;2;0;0;0;1;0;0;0;0;0;0
81259;Saint-Julien-Gaulène;76;81;0;0;0;0;0;0;0;0;0;0;0;0;0;0;0;0;0;0;0;0;0;0;0;0;0;0;3;0;0;0;0;0;0;0;0;0;0
81260;Saint-Lieux-Lafenasse;76;81;0;0;0;0;0;0;0;0;0;0;0;0;0;0;0;0;0;0;0;0;1;0;0;0;2;0;0;1;0;1;3;0;0;0;2;0;1
81261;Saint-Lieux-lès-Lavaur;76;81;0;0;0;0;0;0;0;0;0;0;0;0;0;0;0;0;0;0;0;0;0;0;0;0;1;1;2;2;3;0;3;0;0;2;1;0;0
81262;Saint-Marcel-Campes;76;81;0;0;0;0;0;0;0;0;0;0;0;0;0;0;0;0;0;0;0;0;0;0;0;0;2;1;1;1;0;1;0;0;0;0;2;0;0
81263;Saint-Martin-Laguépie;76;81;0;0;0;0;0;0;0;0;0;0;0;0;0;0;0;0;0;0;0;0;2;0;0;0;4;0;1;0;0;1;0;0;0;2;0;0;0
81264;Saint-Michel-Labadié;76;81;0;0;0;0;0;0;0;0;0;0;0;0;0;0;0;0;0;0;0;0;1;0;0;0;0;0;0;0;0;0;0;0;0;0;0;0;0
81265;Saint-Michel-de-Vax;76;81;0;0;0;0;0;0;0;0;0;0;0;0;0;0;0;0;0;0;0;0;0;0;0;0;0;0;0;0;0;0;0;0;0;0;0;0;0
81266;Saint-Paul-Cap-de-Joux;76;81;0;0;0;0;0;0;0;0;0;0;1;0;0;0;0;2;1;1;0;0;2;0;0;0;0;1;2;2;3;0;1;0;0;5;0;0;1
81267;Saint-Pierre-de-Trivisy;76;81;0;0;0;0;0;0;0;0;0;0;0;0;0;0;0;1;1;0;0;1;2;0;0;0;0;1;0;0;1;0;2;2;0;2;0;0;0
81268;Saint-Salvi-de-Carcavès;76;81;0;0;0;0;0;0;0;0;0;0;0;0;0;0;0;0;0;0;0;0;0;0;0;0;0;0;0;0;0;0;0;0;0;0;0;0;0
81269;Saint-Salvy-de-la-Balme;76;81;0;0;0;0;0;0;0;0;0;0;0;0;0;0;0;0;0;0;1;0;1;0;0;0;3;1;0;0;1;0;2;0;0;0;0;0;0
81270;Saint-Sernin-lès-Lavaur;76;81;0;0;0;0;0;0;0;0;0;0;0;0;0;0;0;0;0;0;0;0;0;0;0;0;0;1;0;0;0;0;0;0;0;0;0;0;0
81271;Saint-Sulpice-la-Pointe;76;81;0;1;0;0;0;0;0;0;0;0;1;0;0;0;0;9;2;1;0;0;13;2;1;3;16;12;14;9;8;3;11;5;3;19;10;3;9
81272;Saint-Urcisse;76;81;0;0;0;0;0;0;0;0;0;0;0;0;0;0;0;0;0;0;0;0;1;0;0;0;0;0;0;2;2;0;0;0;0;0;0;0;0
81273;Saïx;76;81;0;0;0;0;0;0;0;0;0;0;0;0;0;0;0;2;0;1;0;0;7;0;0;1;4;5;7;7;5;0;5;0;0;5;5;0;3
81274;Saliès;76;81;0;0;0;0;0;0;0;0;0;0;0;0;0;0;0;0;0;0;0;0;0;0;0;0;1;1;1;0;2;0;0;0;0;1;1;0;0
81275;Salles;76;81;0;0;0;0;0;0;0;0;0;0;0;0;0;0;0;0;0;0;0;0;1;0;0;0;0;1;1;0;0;1;0;0;0;1;0;0;0
81276;Salvagnac;76;81;0;1;0;0;0;0;0;0;0;0;0;0;0;0;0;0;0;1;0;0;0;0;0;0;4;7;2;2;2;0;3;0;0;1;2;0;0
81277;Saussenac;76;81;0;0;0;0;0;0;0;0;0;0;0;0;0;0;0;0;0;0;0;0;1;0;0;0;1;1;1;0;1;0;0;0;0;0;0;0;0
81278;Sauveterre;76;81;0;0;0;0;0;0;0;0;0;0;0;0;0;0;0;0;0;0;0;0;2;0;0;0;0;1;1;0;0;0;0;0;0;1;0;0;0
81279;La Sauzière-Saint-Jean;76;81;0;0;0;0;0;0;0;0;0;0;0;0;0;0;0;0;0;0;0;0;0;0;0;0;0;0;1;0;0;0;0;0;0;0;1;0;0
81280;Le Ségur;76;81;0;0;0;0;0;0;0;0;0;0;0;0;0;0;0;0;0;0;0;0;0;0;0;0;1;0;1;1;1;0;0;0;0;0;0;0;1
81281;Sémalens;76;81;0;0;0;0;0;0;0;0;0;0;0;0;0;0;0;0;0;1;0;0;4;0;0;0;3;2;1;4;2;1;4;2;0;2;0;0;0
81282;Senaux;76;81;0;0;0;0;0;0;0;0;0;0;0;0;0;0;0;0;0;0;0;0;0;0;0;0;0;0;1;0;0;0;0;0;0;0;0;0;0
81283;Senouillac;76;81;0;0;0;0;0;0;0;0;0;0;0;0;0;0;0;0;0;0;0;1;0;0;0;0;1;2;1;1;0;0;0;0;0;0;0;0;0
81284;Le Sequestre;76;81;0;0;0;0;0;0;0;0;0;0;0;0;0;0;0;1;0;0;0;0;9;1;0;0;7;5;4;2;0;2;6;1;0;9;0;0;3
81285;Sérénac;76;81;0;0;0;0;0;0;0;0;0;0;0;0;0;0;0;0;0;0;1;0;1;0;0;0;0;0;0;1;0;0;0;0;0;0;0;0;0
81286;Serviès;76;81;0;0;0;0;0;0;0;0;0;0;0;0;0;0;0;0;0;0;0;0;1;0;0;0;3;1;1;0;1;0;0;0;0;1;0;0;1
81287;Sieurac;76;81;0;0;0;0;0;0;0;0;0;0;0;0;0;0;0;0;0;0;0;0;0;0;0;0;0;2;0;1;0;0;0;0;0;0;0;0;0
81288;Sorèze;76;81;0;0;0;0;0;0;0;0;0;0;0;0;0;0;0;0;1;1;0;0;3;0;0;0;7;3;8;4;2;0;4;0;0;8;3;1;2
81289;Soual;76;81;0;0;0;0;0;0;0;0;0;0;0;0;0;0;0;1;1;1;0;0;7;1;0;2;6;6;3;2;3;0;7;0;0;6;3;0;1
81290;Souel;76;81;0;0;0;0;0;0;0;0;0;0;0;0;0;0;0;0;0;0;0;0;0;0;0;0;0;2;0;0;0;0;0;0;0;0;0;0;0
81291;Taïx;76;81;0;0;0;0;0;0;0;0;0;0;0;0;0;0;0;0;0;0;0;0;0;0;0;0;0;1;0;0;0;0;2;0;0;0;0;0;0
81292;Tanus;76;81;0;0;0;0;0;0;0;0;0;0;0;0;0;0;0;1;0;0;0;1;1;0;0;0;0;1;2;0;0;1;2;0;0;0;0;0;1
81293;Tauriac;76;81;0;0;0;0;0;0;0;0;0;0;0;0;0;0;0;0;0;0;0;0;0;0;1;0;0;0;1;0;3;0;0;0;0;1;1;0;0
81294;Técou;76;81;0;0;0;0;0;0;0;0;0;0;0;0;0;0;0;0;0;0;0;0;0;0;0;0;2;2;3;1;3;0;0;0;0;0;0;1;1
81295;Teillet;76;81;0;0;0;0;0;0;0;0;0;0;0;0;0;0;0;0;0;0;0;1;2;0;0;0;1;1;0;0;0;0;0;0;0;0;0;0;0
81296;Terre-Clapier;76;81;0;0;0;0;0;0;0;0;0;0;0;0;0;0;0;0;0;0;0;0;0;0;0;0;0;1;3;0;2;0;0;0;0;0;0;0;0
81297;Terssac;76;81;0;0;0;0;0;0;0;0;0;0;0;0;0;0;0;0;0;0;0;0;2;0;0;0;2;1;1;2;1;1;1;0;0;1;1;0;1
81298;Teulat;76;81;0;0;0;0;0;0;0;0;0;0;0;0;0;0;0;0;0;0;0;0;0;0;0;0;2;2;0;3;1;0;0;0;0;0;0;0;1
81299;Teyssode;76;81;0;0;0;0;0;0;0;0;0;0;0;0;0;0;0;0;0;0;0;0;1;0;0;0;0;1;1;1;0;0;0;0;0;0;0;0;0
81300;Tonnac;76;81;0;0;0;0;0;0;0;0;0;0;0;0;0;0;0;0;0;0;0;0;1;0;0;0;0;0;0;0;0;0;0;0;0;0;0;0;0
81301;Le Travet;76;81;0;0;0;0;0;0;0;0;0;0;0;0;0;0;0;0;0;0;0;0;0;0;0;0;0;0;1;0;0;0;0;0;0;0;0;0;0
81302;Tréban;76;81;0;0;0;0;0;0;0;0;0;0;0;0;0;0;0;0;0;0;0;0;0;0;0;0;0;0;0;1;0;0;0;0;0;0;0;0;0
81303;Trébas;76;81;0;0;0;0;0;0;0;0;0;0;0;0;0;0;0;0;0;0;0;1;1;0;0;0;0;0;0;0;1;0;1;0;0;2;1;0;0
81304;Trévien;76;81;0;0;0;0;0;0;0;0;0;0;0;0;0;0;0;0;0;0;0;0;0;0;0;0;0;0;0;0;0;0;0;0;0;1;0;0;0
81305;Vabre;76;81;0;1;0;0;0;0;0;0;0;0;1;0;0;0;0;0;1;1;0;0;1;0;0;0;3;1;2;0;0;2;1;0;0;1;0;0;1
81306;Valderiès;76;81;0;1;0;0;0;0;0;0;0;0;0;0;1;0;0;0;0;1;0;0;0;0;0;0;4;1;2;4;4;0;2;0;0;0;0;0;0
81307;Valdurenque;76;81;0;0;0;0;0;0;0;0;0;0;0;0;0;0;0;0;0;0;0;1;4;1;0;0;1;2;1;1;1;1;2;0;0;1;0;0;1
81308;Valence-d'Albigeois;76;81;0;1;0;0;0;0;0;0;0;0;1;0;0;0;0;0;0;1;0;0;3;0;0;0;4;6;1;8;2;0;4;3;0;2;1;0;2
81309;Vaour;76;81;0;0;0;0;0;0;0;0;0;0;0;0;0;0;0;1;0;0;0;1;1;0;0;0;2;1;2;1;2;0;0;0;0;0;0;0;0
81310;Veilhes;76;81;0;0;0;0;0;0;0;0;0;0;0;0;0;0;0;0;0;0;0;0;0;0;0;0;0;0;0;0;0;0;0;0;0;0;0;0;0
81311;Vénès;76;81;0;0;0;0;0;0;0;0;0;0;0;0;0;0;0;0;0;0;0;1;1;0;0;0;2;1;2;0;2;0;1;0;0;3;0;0;0
81312;Verdalle;76;81;0;0;0;0;0;0;0;0;0;0;0;0;0;0;0;0;0;0;0;1;2;0;0;0;0;0;2;5;2;0;2;0;0;0;0;0;0
81313;Le Verdier;76;81;0;0;0;0;0;0;0;0;0;0;0;0;0;0;0;0;0;0;0;0;1;0;0;0;2;1;1;0;0;0;0;0;0;1;0;0;0
81314;Viane;76;81;0;0;0;0;0;0;0;0;0;0;0;0;0;0;0;0;0;0;0;1;2;0;0;0;3;0;0;0;1;0;2;0;0;2;0;0;0
81315;Vielmur-sur-Agout;76;81;0;1;0;0;0;0;0;0;0;0;0;0;0;0;0;1;0;1;0;0;4;0;0;0;2;1;2;0;6;1;2;0;0;4;2;0;1
81316;Vieux;76;81;0;0;0;0;0;0;0;0;0;0;0;0;0;0;0;0;0;0;0;0;0;0;0;0;2;0;0;0;1;0;0;0;0;0;0;0;0
81317;Villefranche-d'Albigeois;76;81;0;1;0;0;0;0;0;0;0;0;0;0;0;0;0;0;1;1;0;0;3;0;0;0;1;1;3;1;2;2;3;3;0;1;2;0;0
81318;Villeneuve-lès-Lavaur;76;81;0;0;0;0;0;0;0;0;0;0;0;0;0;0;0;0;0;0;0;0;0;0;0;0;0;0;1;1;0;0;0;0;0;0;0;0;0
81319;Villeneuve-sur-Vère;76;81;0;0;0;0;0;0;0;0;0;0;0;0;0;0;0;0;0;0;1;0;1;0;0;0;1;0;1;1;1;0;0;0;0;0;0;0;0
81320;Vindrac-Alayrac;76;81;0;0;0;0;0;0;0;0;0;0;0;0;0;0;0;0;0;0;0;0;1;0;0;0;0;0;0;0;0;0;0;0;0;0;0;0;0
81321;Le Vintrou;76;81;0;0;0;0;0;0;0;0;0;0;0;0;0;0;0;0;0;0;0;0;0;0;0;0;0;0;0;0;0;0;0;0;0;0;0;0;0
81322;Virac;76;81;0;0;0;0;0;0;0;0;0;0;0;0;0;0;0;0;1;0;0;0;0;0;0;0;0;0;1;1;0;0;0;0;0;0;0;0;0
81323;Viterbe;76;81;0;0;0;0;0;0;0;0;0;0;0;0;0;0;0;0;0;0;0;0;0;0;0;0;0;1;0;0;0;0;0;0;0;1;1;0;0
81324;Viviers-lès-Lavaur;76;81;0;0;0;0;0;0;0;0;0;0;0;0;0;0;0;0;0;0;0;0;0;0;0;0;0;1;0;1;0;0;0;0;0;0;0;0;0
81325;Viviers-lès-Montagnes;76;81;0;0;0;0;0;0;0;0;0;0;0;0;0;0;0;0;0;0;0;1;4;0;0;1;3;1;4;1;0;1;5;0;0;3;0;0;1
81326;Sainte-Croix;76;81;0;0;0;0;0;0;0;0;0;0;0;0;0;0;0;0;0;0;0;0;1;0;0;0;0;0;1;2;0;0;0;0;0;1;0;0;1
82001;Albefeuille-Lagarde;76;82;0;0;0;0;0;0;0;0;0;0;0;0;0;0;0;0;0;0;0;1;1;0;0;0;2;2;1;1;1;1;0;0;0;0;1;0;0
82002;Albias;76;82;0;0;0;0;0;0;0;0;0;0;0;0;0;0;0;0;1;1;0;0;6;0;0;1;5;8;5;5;4;1;8;0;0;8;1;1;4
82003;Angeville;76;82;0;0;0;0;0;0;0;0;0;0;0;0;0;0;0;0;0;0;0;0;1;0;0;0;0;0;0;1;0;0;0;0;0;0;0;0;0
82004;Asques;76;82;0;0;0;0;0;0;0;0;0;0;0;0;0;0;0;0;0;0;0;0;0;0;0;0;1;1;0;0;0;0;0;0;0;0;0;0;0
82005;Aucamville;76;82;0;0;0;0;0;0;0;0;0;0;0;0;0;0;0;0;0;0;0;1;4;0;2;0;3;3;1;3;1;0;1;0;0;0;1;0;1
82006;Auterive;76;82;0;0;0;0;0;0;0;0;0;0;0;0;0;0;0;0;0;0;0;0;0;0;0;0;1;1;0;0;0;0;0;0;0;0;0;0;0
82007;Auty;76;82;0;0;0;0;0;0;0;0;0;0;0;0;0;0;0;0;0;0;0;0;0;0;0;0;0;1;0;0;1;0;0;0;0;0;0;0;0
82008;Auvillar;76;82;0;1;0;0;0;0;0;0;0;0;0;0;0;0;0;1;0;1;0;0;3;0;0;0;3;1;2;1;0;0;1;0;0;6;3;0;0
82009;Balignac;76;82;0;0;0;0;0;0;0;0;0;0;0;0;0;0;0;0;0;0;0;0;1;0;0;0;0;0;0;0;0;0;0;0;0;0;0;0;0
82010;Bardigues;76;82;0;0;0;0;0;0;0;0;0;0;0;0;0;0;0;0;0;0;0;0;0;0;0;0;0;0;1;0;1;0;0;0;0;1;0;0;0
82011;Barry-d'Islemade;76;82;0;0;0;0;0;0;0;0;0;0;0;0;0;0;0;0;0;0;0;0;0;0;0;0;3;0;2;1;4;0;0;0;0;0;0;0;0
82012;Les Barthes;76;82;0;0;0;0;0;0;0;0;0;0;0;0;0;0;0;0;0;0;0;0;0;0;0;0;3;0;1;0;0;0;0;0;0;1;0;0;0
82013;Beaumont-de-Lomagne;76;82;0;1;0;0;0;0;0;0;0;0;1;0;1;0;0;4;3;1;0;0;8;2;0;3;12;7;3;6;6;0;7;1;0;9;4;2;4
82014;Beaupuy;76;82;0;0;0;0;0;0;0;0;0;0;0;0;0;0;0;0;0;0;0;0;0;0;0;0;3;1;0;0;1;0;0;0;0;0;0;0;0
82015;Belbèze-en-Lomagne;76;82;0;0;0;0;0;0;0;0;0;0;0;0;0;0;0;0;0;0;0;0;0;0;0;0;1;0;0;0;0;0;0;0;0;0;0;0;0
82016;Belvèze;76;82;0;0;0;0;0;0;0;0;0;0;0;0;0;0;0;0;0;0;0;0;1;0;0;0;3;0;1;0;1;0;0;0;0;0;1;0;0
82017;Bessens;76;82;0;0;0;0;0;0;0;0;0;0;0;0;0;0;0;0;0;0;0;0;0;0;0;0;5;5;4;2;4;1;1;0;0;3;0;0;1
82018;Bioule;76;82;0;0;0;0;0;0;0;0;0;0;0;0;0;0;0;0;0;0;0;0;1;0;0;0;0;1;2;1;0;2;0;0;0;0;0;0;1
82019;Boudou;76;82;0;0;0;0;0;0;0;0;0;0;0;0;0;0;0;0;0;0;0;1;0;0;0;0;6;0;1;0;0;0;0;0;0;1;1;0;0
82020;Bouillac;76;82;0;0;0;0;0;0;0;0;0;0;0;0;0;0;0;0;0;0;0;1;1;0;0;0;4;1;1;2;1;0;1;0;0;0;1;0;0
82021;Bouloc;76;82;0;0;0;0;0;0;0;0;0;0;0;0;0;0;0;0;0;0;0;0;1;0;0;0;1;0;0;1;0;0;1;0;0;0;0;0;0
82022;Bourg-de-Visa;76;82;0;0;0;0;0;0;0;0;0;0;0;0;0;0;0;1;1;1;0;0;1;0;0;0;2;0;1;0;0;2;1;4;0;0;2;0;0
82023;Bourret;76;82;0;0;0;0;0;0;0;0;0;0;0;0;0;0;0;0;0;1;0;0;2;0;0;0;4;2;1;0;0;0;0;0;0;3;0;0;0
82024;Brassac;76;82;0;0;0;0;0;0;0;0;0;0;0;0;0;0;0;0;0;0;0;0;0;0;0;0;0;0;0;1;0;0;0;0;0;0;0;0;0
82025;Bressols;76;82;0;0;0;0;0;0;0;0;0;0;0;0;0;0;0;0;0;1;0;0;12;2;0;1;12;8;6;9;6;4;5;2;0;4;4;1;4
82026;Bruniquel;76;82;0;0;0;0;0;0;0;0;0;0;0;0;0;0;0;0;0;0;0;1;6;1;0;0;1;0;0;1;0;0;1;0;0;4;0;0;0
82027;Campsas;76;82;0;0;0;0;0;0;0;0;0;0;0;0;0;0;0;0;0;0;0;1;2;0;0;0;3;0;1;2;3;0;1;0;0;2;0;0;2
82028;Canals;76;82;0;0;0;0;0;0;0;0;0;0;0;0;0;0;0;0;0;0;0;0;1;1;0;0;2;1;3;3;1;2;2;0;0;1;2;0;0
82029;Castanet;76;82;0;0;0;0;0;0;0;0;0;0;0;0;0;0;0;0;0;0;0;0;0;0;0;0;0;0;2;0;0;0;0;0;0;1;0;0;0
82030;Castelferrus;76;82;0;0;0;0;0;0;0;0;0;0;0;0;0;0;0;0;0;0;0;1;0;0;0;0;0;1;0;0;1;0;3;0;0;1;0;0;0
82031;Castelmayran;76;82;0;0;0;0;0;0;0;0;0;0;0;0;0;0;0;0;0;0;0;1;1;1;0;0;3;2;1;1;2;0;0;0;0;2;1;0;1
82032;Castelsagrat;76;82;0;0;0;0;0;0;0;0;0;0;0;0;0;0;0;0;0;0;0;1;1;0;0;0;2;2;3;0;1;0;2;0;0;2;0;0;0
82033;Castelsarrasin;76;82;1;1;0;0;1;0;0;0;0;0;1;1;0;0;0;10;4;1;0;0;23;3;2;5;25;25;9;17;14;3;18;6;3;27;7;3;16
82034;Castéra-Bouzet;76;82;0;0;0;0;0;0;0;0;0;0;0;0;0;0;0;0;0;0;0;0;1;0;0;0;0;0;0;0;0;0;0;0;0;0;0;0;0
82035;Caumont;76;82;0;0;0;0;0;0;0;0;0;0;0;0;0;0;0;0;0;0;0;1;0;0;0;0;1;1;2;1;1;0;0;0;0;1;0;0;0
82036;Le Causé;76;82;0;0;0;0;0;0;0;0;0;0;0;0;0;0;0;0;0;0;0;0;0;0;0;0;0;0;0;0;0;1;1;0;0;0;0;0;0
82037;Caussade;76;82;0;1;0;0;0;0;0;0;0;0;1;0;1;0;0;9;2;1;0;0;10;3;0;3;10;9;9;6;7;2;16;3;1;18;16;4;7
82038;Caylus;76;82;0;1;0;0;0;0;0;0;0;0;0;0;1;0;0;1;2;1;0;0;7;0;0;0;9;6;4;4;5;2;4;0;0;5;2;1;2
82039;Cayrac;76;82;0;0;0;0;0;0;0;0;0;0;0;0;0;0;0;0;0;0;0;0;1;0;0;0;2;1;2;1;1;0;1;0;0;0;0;0;0
82040;Cayriech;76;82;0;0;0;0;0;0;0;0;0;0;0;0;0;0;0;0;0;0;0;0;0;0;0;0;1;2;1;0;0;0;0;0;0;0;0;0;0
82041;Cazals;76;82;0;0;0;0;0;0;0;0;0;0;0;0;0;0;0;0;0;0;0;1;0;0;0;0;2;4;1;0;0;0;0;0;0;1;0;0;0
82042;Cazes-Mondenard;76;82;0;0;0;0;0;0;0;0;0;0;0;0;0;0;0;2;0;1;0;0;4;0;0;0;0;2;1;2;2;2;2;0;0;0;0;0;2
82043;Comberouger;76;82;0;0;0;0;0;0;0;0;0;0;0;0;0;0;0;0;0;0;0;0;0;0;0;0;1;1;0;1;2;0;0;1;0;1;0;0;0
82044;Corbarieu;76;82;0;0;0;0;0;0;0;0;0;0;0;0;0;0;0;0;0;0;0;1;2;0;0;1;4;2;0;7;2;0;3;0;0;3;0;0;0
82045;Cordes-Tolosannes;76;82;0;0;0;0;0;0;0;0;0;0;0;0;0;0;0;0;0;0;0;0;0;0;0;0;1;2;0;2;1;0;0;0;0;1;0;0;0
82046;Coutures;76;82;0;0;0;0;0;0;0;0;0;0;0;0;0;0;0;0;0;0;0;0;0;0;0;0;0;0;1;0;0;0;0;0;0;0;0;0;0
82047;Cumont;76;82;0;0;0;0;0;0;0;0;0;0;0;0;0;0;0;0;0;0;0;0;0;0;0;0;0;0;0;0;0;1;0;0;0;0;0;0;0
82048;Dieupentale;76;82;0;0;0;0;0;0;0;0;0;0;0;0;0;0;0;0;0;1;0;0;2;0;0;0;4;2;2;4;1;2;3;0;0;5;1;1;0
82049;Donzac;76;82;0;0;0;0;0;0;0;0;0;0;0;0;0;0;0;0;0;1;0;0;5;0;0;0;5;4;3;2;2;0;1;0;0;1;0;0;0
82050;Dunes;76;82;0;0;0;0;0;0;0;0;0;0;0;0;0;0;0;0;1;1;0;0;2;0;0;0;4;2;2;0;3;1;3;0;0;2;0;0;0
82051;Durfort-Lacapelette;76;82;0;0;0;0;0;0;0;0;0;0;0;0;0;0;0;0;0;0;1;0;1;0;0;0;2;2;3;1;4;1;1;0;0;2;2;0;0
82052;Escatalens;76;82;0;0;0;0;0;0;0;0;0;0;0;0;0;0;0;0;0;0;0;1;2;0;0;0;4;2;0;3;1;0;0;0;0;1;0;0;1
82053;Escazeaux;76;82;0;0;0;0;0;0;0;0;0;0;0;0;0;0;0;0;0;0;0;0;0;0;0;0;1;0;0;0;0;1;0;0;0;1;0;0;0
82054;Espalais;76;82;0;0;0;0;0;0;0;0;0;0;0;0;0;0;0;0;0;0;0;1;0;0;0;0;0;1;2;1;0;0;0;0;0;1;1;0;0
82055;Esparsac;76;82;0;0;0;0;0;0;0;0;0;0;0;0;0;0;0;0;0;0;0;0;1;0;0;0;0;1;0;0;0;0;0;0;0;0;0;0;0
82056;Espinas;76;82;0;0;0;0;0;0;0;0;0;0;0;0;0;0;0;0;0;0;0;0;0;0;0;0;0;3;0;1;0;0;0;0;0;1;0;0;0
82057;Fabas;76;82;0;0;0;0;0;0;0;0;0;0;0;0;0;0;0;0;0;0;0;0;1;0;0;0;0;0;0;0;0;1;0;0;0;0;0;0;0
82058;Fajolles;76;82;0;0;0;0;0;0;0;0;0;0;0;0;0;0;0;0;0;0;0;0;0;0;0;0;0;0;0;1;0;0;1;0;0;0;0;0;0
82059;Faudoas;76;82;0;0;0;0;0;0;0;0;0;0;0;0;0;0;0;0;0;0;0;0;1;0;0;0;0;1;1;0;1;0;0;0;0;1;1;0;0
82060;Fauroux;76;82;0;0;0;0;0;0;0;0;0;0;0;0;0;0;0;0;0;0;0;0;0;0;0;0;1;1;0;0;0;0;0;0;0;0;0;0;1
82061;Féneyrols;76;82;0;0;0;0;0;0;0;0;0;0;0;0;0;0;0;0;0;0;0;0;0;0;0;0;1;1;0;1;0;0;0;0;0;2;1;0;0
82062;Finhan;76;82;0;0;0;0;0;0;0;0;0;0;0;0;0;0;0;0;1;1;0;0;4;0;0;0;3;2;0;0;3;0;3;0;0;1;1;0;1
82063;Garganvillar;76;82;0;0;0;0;0;0;0;0;0;0;0;0;0;0;0;0;0;0;0;1;1;0;0;0;1;1;1;1;2;0;1;0;0;0;0;0;0
82064;Gariès;76;82;0;0;0;0;0;0;0;0;0;0;0;0;0;0;0;0;0;0;0;0;0;0;0;0;1;0;0;0;0;0;0;0;0;0;0;0;0
82065;Gasques;76;82;0;0;0;0;0;0;0;0;0;0;0;0;0;0;0;0;0;0;0;0;0;0;0;0;5;0;0;0;2;0;1;0;0;0;0;0;0
82066;Génébrières;76;82;0;0;0;0;0;0;0;0;0;0;0;0;0;0;0;0;0;0;0;0;1;0;0;0;1;1;3;0;0;1;0;0;0;0;0;0;0
82067;Gensac;76;82;0;0;0;0;0;0;0;0;0;0;0;0;0;0;0;0;0;0;0;0;1;0;0;0;0;1;0;0;0;0;0;0;0;0;0;0;0
82068;Gimat;76;82;0;0;0;0;0;0;0;0;0;0;0;0;0;0;0;0;0;0;0;0;1;0;0;0;1;1;3;1;0;0;0;0;0;0;0;0;0
82069;Ginals;76;82;0;0;0;0;0;0;0;0;0;0;0;0;0;0;0;0;0;0;0;0;0;0;0;0;2;1;1;0;0;0;0;0;0;0;0;0;0
82070;Glatens;76;82;0;0;0;0;0;0;0;0;0;0;0;0;0;0;0;0;0;0;0;0;0;0;0;0;0;1;1;0;0;0;0;0;0;0;0;0;0
82071;Goas;76;82;0;0;0;0;0;0;0;0;0;0;0;0;0;0;0;0;0;0;0;0;0;0;0;0;0;0;0;0;0;0;0;0;0;0;0;0;0
82072;Golfech;76;82;0;0;0;0;0;0;0;0;0;0;0;0;0;0;0;1;0;0;1;0;4;1;0;1;4;3;3;1;1;1;2;0;1;4;0;0;2
82073;Goudourville;76;82;0;0;0;0;0;0;0;0;0;0;0;0;0;0;0;0;0;0;0;0;1;0;0;0;1;0;2;1;2;0;1;0;0;1;1;0;0
82074;Gramont;76;82;0;0;0;0;0;0;0;0;0;0;0;0;0;0;0;0;0;0;0;1;0;0;0;0;0;0;0;0;0;0;0;0;0;1;0;0;0
82075;Grisolles;76;82;0;1;0;0;0;0;0;0;0;0;1;0;1;0;0;3;1;1;0;0;11;0;1;2;8;14;1;8;6;0;7;4;2;9;5;0;3
82076;L'Honor-de-Cos;76;82;0;0;0;0;0;0;0;0;0;0;0;0;0;0;0;0;0;0;0;1;3;0;0;0;3;3;0;6;2;0;1;0;0;1;0;0;0
82077;Labarthe;76;82;0;0;0;0;0;0;0;0;0;0;0;0;0;0;0;0;1;0;0;0;0;0;0;0;2;0;1;0;0;0;0;0;0;0;0;0;0
82078;Labastide-de-Penne;76;82;0;0;0;0;0;0;0;0;0;0;0;0;0;0;0;0;0;0;0;0;0;0;0;0;1;0;1;0;0;1;0;0;0;0;0;0;0
82079;Labastide-Saint-Pierre;76;82;0;0;0;0;0;0;0;0;0;0;1;0;1;0;0;1;1;1;0;0;7;0;0;1;5;8;8;7;11;0;9;0;0;4;4;0;3
82080;Labastide-du-Temple;76;82;0;0;0;0;0;0;0;0;0;0;0;0;0;0;0;0;0;0;0;0;2;0;0;0;6;2;3;2;0;0;2;0;0;1;0;0;0
82081;Labourgade;76;82;0;0;0;0;0;0;0;0;0;0;0;0;0;0;0;0;0;0;0;1;0;0;0;0;0;0;2;0;0;0;0;0;0;0;0;0;0
82082;Lacapelle-Livron;76;82;0;0;0;0;0;0;0;0;0;0;0;0;0;0;0;0;0;0;0;0;0;0;0;0;1;0;0;1;0;0;0;0;0;1;0;0;0
82083;Lachapelle;76;82;0;0;0;0;0;0;0;0;0;0;0;0;0;0;0;0;0;0;0;0;0;0;0;0;1;0;0;0;0;0;2;0;0;0;0;0;0
82084;Lacour;76;82;0;0;0;0;0;0;0;0;0;0;0;0;0;0;0;0;0;0;0;0;0;0;0;0;1;0;2;0;0;0;0;0;0;2;0;0;0
82085;Lacourt-Saint-Pierre;76;82;0;0;0;0;0;0;0;0;0;0;0;0;0;0;0;0;0;0;0;0;1;0;0;0;4;6;3;0;2;0;1;0;0;1;1;0;0
82086;Lafitte;76;82;0;0;0;0;0;0;0;0;0;0;0;0;0;0;0;0;0;0;1;0;0;0;0;0;0;1;0;0;0;0;0;0;0;0;0;0;0
82087;Lafrançaise;76;82;0;1;0;0;0;0;0;0;0;0;1;0;1;0;0;2;1;1;0;0;6;1;0;1;8;6;8;5;7;0;7;2;0;8;2;0;1
82088;Laguépie;76;82;0;0;0;0;0;0;0;0;0;0;0;0;0;0;0;1;0;1;0;0;2;0;0;0;7;1;2;2;1;0;1;3;0;1;0;0;1
82089;Lamagistère;76;82;0;0;0;0;0;0;0;0;0;0;0;0;0;0;0;0;0;1;0;0;2;0;0;0;7;1;2;2;3;0;1;0;0;1;0;0;0
82090;Lamothe-Capdeville;76;82;0;0;0;0;0;0;0;0;0;0;0;0;0;0;0;0;0;1;0;0;0;0;0;0;1;2;3;1;2;0;2;1;0;2;0;0;1
82091;Lamothe-Cumont;76;82;0;0;0;0;0;0;0;0;0;0;0;0;0;0;0;0;0;0;0;0;2;0;0;0;0;0;0;0;0;0;0;0;0;0;0;0;0
82092;Lapenche;76;82;0;0;0;0;0;0;0;0;0;0;0;0;0;0;0;0;0;0;0;0;1;0;0;0;0;1;0;0;0;0;0;0;0;0;0;0;0
82093;Larrazet;76;82;0;0;0;0;0;0;0;0;0;0;0;0;0;0;0;0;0;1;0;0;1;0;0;0;1;1;3;2;0;0;0;1;0;1;0;0;1
82094;Lauzerte;76;82;0;1;0;0;0;0;0;0;0;0;1;0;1;0;0;1;1;1;0;0;2;1;0;1;6;1;6;3;2;2;4;1;0;11;3;1;1
82095;Lavaurette;76;82;0;0;0;0;0;0;0;0;0;0;0;0;0;0;0;0;0;0;0;0;0;0;0;0;3;0;0;1;0;0;0;0;0;0;0;0;0
82096;La Ville-Dieu-du-Temple;76;82;0;0;0;0;0;0;0;0;0;0;0;0;0;0;0;0;0;1;0;0;1;1;0;1;10;3;6;3;3;2;5;0;0;4;3;1;4
82097;Lavit;76;82;0;1;0;0;0;0;0;0;0;0;0;0;0;0;0;1;0;1;0;0;2;1;0;0;5;5;2;4;0;0;2;1;0;1;0;0;0
82098;Léojac;76;82;0;0;0;0;0;0;0;0;0;0;0;0;0;0;0;0;0;0;0;0;0;0;0;1;3;1;2;0;1;0;1;0;0;1;0;0;0
82099;Lizac;76;82;0;0;0;0;0;0;0;0;0;0;0;0;0;0;0;0;0;0;0;1;1;0;0;0;1;2;2;2;0;0;0;0;0;1;0;0;0
82100;Loze;76;82;0;0;0;0;0;0;0;0;0;0;0;0;0;0;0;0;0;0;0;0;0;0;0;0;0;0;1;1;0;0;0;0;0;0;0;0;0
82101;Malause;76;82;0;0;0;0;0;0;0;0;0;0;0;0;0;0;0;0;0;1;0;0;2;0;0;0;1;1;0;1;3;1;4;0;0;1;0;0;0
82102;Mansonville;76;82;0;0;0;0;0;0;0;0;0;0;0;0;0;0;0;0;0;0;0;1;1;0;0;0;0;0;1;0;0;0;0;0;0;1;0;0;0
82103;Marignac;76;82;0;0;0;0;0;0;0;0;0;0;0;0;0;0;0;0;0;0;0;0;0;0;0;0;0;0;0;0;0;1;0;0;0;0;0;0;0
82104;Marsac;76;82;0;0;0;0;0;0;0;0;0;0;0;0;0;0;0;0;0;0;0;1;2;0;0;0;0;0;1;0;0;0;0;0;0;0;0;0;0
82105;Mas-Grenier;76;82;0;0;0;0;0;0;0;0;0;0;0;0;0;0;0;0;0;0;0;1;2;0;0;0;5;2;3;3;1;0;3;0;0;0;0;0;1
82106;Maubec;76;82;0;0;0;0;0;0;0;0;0;0;0;0;0;0;0;0;0;0;0;0;0;0;0;0;0;0;0;0;0;0;0;0;0;1;0;0;1
82107;Maumusson;76;82;0;0;0;0;0;0;0;0;0;0;0;0;0;0;0;0;0;0;0;0;0;0;0;0;2;0;0;1;0;0;0;0;0;0;0;0;0
82108;Meauzac;76;82;0;0;0;0;0;0;0;0;0;0;0;0;0;0;0;0;0;1;0;0;3;0;0;1;2;3;3;3;3;0;1;0;0;1;2;0;3
82109;Merles;76;82;0;0;0;0;0;0;0;0;0;0;0;0;0;0;0;0;0;0;0;0;0;0;0;0;2;0;1;0;0;0;0;0;0;0;0;0;1
82110;Mirabel;76;82;0;0;0;0;0;0;0;0;0;0;0;0;0;0;0;0;0;1;0;0;1;0;0;0;4;1;2;2;2;0;1;0;0;2;0;0;0
82111;Miramont-de-Quercy;76;82;0;0;0;0;0;0;0;0;0;0;0;0;0;0;0;0;0;0;0;1;2;0;0;0;2;1;1;1;0;0;0;0;0;0;1;0;0
82112;Moissac;76;82;0;1;0;0;0;0;0;0;0;0;3;0;0;0;0;9;3;1;0;0;19;2;0;4;35;24;17;21;15;1;34;6;3;37;7;3;9
82113;Molières;76;82;0;1;0;0;0;0;0;0;0;0;0;0;0;0;0;1;1;1;0;0;3;0;0;0;4;2;1;1;1;1;4;0;0;4;0;0;0
82114;Monbéqui;76;82;0;0;0;0;0;0;0;0;0;0;0;0;0;0;0;0;0;0;0;0;5;0;0;0;0;2;2;0;2;0;1;0;0;0;0;0;0
82115;Monclar-de-Quercy;76;82;0;1;0;0;0;0;0;0;0;0;1;0;0;0;0;1;0;1;0;0;1;0;0;0;3;2;3;4;5;0;3;0;0;4;1;1;2
82116;Montagudet;76;82;0;0;0;0;0;0;0;0;0;0;0;0;0;0;0;0;0;0;0;0;0;0;0;0;1;0;0;0;0;0;0;0;0;0;0;0;0
82117;Montaigu-de-Quercy;76;82;0;1;0;0;0;0;0;0;0;0;1;0;0;0;0;2;0;1;0;0;7;0;0;0;7;2;7;1;3;0;3;2;0;8;3;0;2
82118;Montaïn;76;82;0;0;0;0;0;0;0;0;0;0;0;0;0;0;0;0;0;0;0;0;0;0;0;0;2;0;0;1;0;0;0;0;0;0;0;0;0
82119;Montalzat;76;82;0;0;0;0;0;0;0;0;0;0;0;0;0;0;0;0;0;0;0;0;1;0;0;0;0;1;1;0;1;0;0;0;0;0;1;0;0
82120;Montastruc;76;82;0;0;0;0;0;0;0;0;0;0;0;0;0;0;0;0;0;0;0;0;1;0;0;0;2;1;0;1;1;0;1;0;0;0;2;0;0
82121;Montauban;76;82;2;0;0;1;1;1;1;1;0;0;13;2;0;0;0;39;9;6;0;0;116;11;6;18;118;123;85;86;66;33;118;12;27;251;75;15;55
82122;Montbarla;76;82;0;0;0;0;0;0;0;0;0;0;0;0;0;0;0;0;0;0;0;0;0;0;0;0;0;0;0;0;2;0;0;0;0;1;0;0;0
82123;Montbartier;76;82;0;0;0;0;0;0;0;0;0;0;0;0;0;0;0;0;0;1;0;0;5;0;0;0;1;4;2;1;1;0;2;0;0;0;2;0;0
82124;Montbeton;76;82;0;0;0;0;0;0;0;0;0;0;0;0;0;0;0;1;0;1;0;0;3;0;0;2;9;18;7;6;2;1;4;1;0;2;4;0;5
82125;Montech;76;82;0;1;0;0;0;0;0;0;0;0;1;0;1;0;0;4;2;1;0;0;11;2;1;2;13;12;10;6;7;1;14;2;0;13;5;1;13
82126;Monteils;76;82;0;0;0;0;0;0;0;0;0;0;0;0;0;0;0;0;0;0;0;0;1;0;0;0;0;2;5;0;1;1;0;0;0;2;0;0;0
82127;Montesquieu;76;82;0;0;0;0;0;0;0;0;0;0;0;0;0;0;0;0;0;0;0;1;2;0;0;0;3;2;0;0;1;0;4;0;0;2;0;0;0
82128;Montfermier;76;82;0;0;0;0;0;0;0;0;0;0;0;0;0;0;0;0;0;0;0;0;0;0;0;0;1;0;0;0;1;0;0;0;0;0;0;0;0
82129;Montgaillard;76;82;0;0;0;0;0;0;0;0;0;0;0;0;0;0;0;0;0;0;0;0;0;0;0;0;1;0;0;0;0;0;0;0;0;0;0;0;0
82130;Montjoi;76;82;0;0;0;0;0;0;0;0;0;0;0;0;0;0;0;0;0;0;0;0;2;0;0;0;2;0;0;1;1;0;0;0;0;1;0;0;0
82131;Montpezat-de-Quercy;76;82;0;1;0;0;0;0;0;0;0;0;0;0;0;0;0;1;0;1;0;0;2;0;0;0;1;3;2;6;1;0;4;0;0;3;1;0;0
82132;Montricoux;76;82;0;0;0;0;0;0;0;0;0;0;0;0;0;0;0;0;1;1;0;0;2;0;0;0;6;9;3;2;1;0;3;0;0;1;1;1;0
82133;Mouillac;76;82;0;0;0;0;0;0;0;0;0;0;0;0;0;0;0;0;0;0;0;0;0;0;0;0;2;1;0;0;0;0;0;0;0;0;0;0;0
82134;Nègrepelisse;76;82;0;1;0;0;0;0;0;0;0;0;1;0;1;0;0;2;1;1;0;0;8;1;0;2;19;10;6;6;11;3;7;7;0;10;7;1;6
82135;Nohic;76;82;0;0;0;0;0;0;0;0;0;0;0;0;0;0;0;0;0;1;0;0;0;0;0;0;6;1;4;3;5;0;1;0;0;1;1;0;1
82136;Orgueil;76;82;0;0;0;0;0;0;0;0;0;0;0;0;0;0;0;0;0;0;0;1;2;0;0;0;5;6;2;3;0;0;2;0;0;0;2;0;0
82137;Parisot;76;82;0;0;0;0;0;0;0;0;0;0;0;0;0;0;0;0;0;0;0;1;1;1;0;0;1;1;2;2;1;0;1;1;0;1;0;0;0
82138;Perville;76;82;0;0;0;0;0;0;0;0;0;0;0;0;0;0;0;0;0;0;0;0;0;0;0;0;0;0;1;0;1;0;0;0;0;0;0;0;0
82139;Le Pin;76;82;0;0;0;0;0;0;0;0;0;0;0;0;0;0;0;0;0;0;0;0;0;0;0;0;0;0;0;0;0;0;0;0;0;0;0;0;0
82140;Piquecos;76;82;0;0;0;0;0;0;0;0;0;0;0;0;0;0;0;0;0;0;0;0;0;0;0;0;0;1;1;2;1;0;1;0;0;0;0;0;0
82141;Pommevic;76;82;0;0;0;0;0;0;0;0;0;0;0;0;0;0;0;0;0;0;0;0;3;0;0;0;3;1;2;0;1;0;0;0;0;0;0;0;0
82142;Pompignan;76;82;0;0;0;0;0;0;0;0;0;0;0;0;0;0;0;0;0;0;0;1;4;0;0;0;5;2;3;2;3;0;2;0;0;2;0;1;0
82143;Poupas;76;82;0;0;0;0;0;0;0;0;0;0;0;0;0;0;0;0;0;0;0;0;0;0;0;0;0;0;0;1;0;0;0;0;0;0;0;1;0
82144;Puycornet;76;82;0;0;0;0;0;0;0;0;0;0;0;0;0;0;0;0;0;0;1;0;0;0;0;0;2;2;0;1;0;0;1;0;0;0;0;0;0
82145;Puygaillard-de-Quercy;76;82;0;0;0;0;0;0;0;0;0;0;0;0;0;0;0;0;0;0;0;0;1;0;0;0;2;1;0;0;0;0;0;0;0;0;0;0;0
82146;Puygaillard-de-Lomagne;76;82;0;0;0;0;0;0;0;0;0;0;0;0;0;0;0;0;0;0;0;0;0;0;0;0;0;0;0;0;0;0;0;0;0;0;0;0;0
82147;Puylagarde;76;82;0;0;0;0;0;0;0;0;0;0;0;0;0;0;0;0;0;0;0;1;1;0;0;0;2;0;0;2;0;0;0;2;0;1;0;0;0
82148;Puylaroque;76;82;0;0;0;0;0;0;0;0;0;0;0;0;0;0;0;0;0;0;0;1;2;0;0;0;3;5;1;4;0;2;1;0;0;2;0;0;0
82149;Réalville;76;82;0;0;0;0;0;0;0;0;0;0;0;0;0;0;0;0;0;0;0;1;5;0;0;0;4;2;2;2;4;1;4;0;0;3;1;0;2
82150;Reyniès;76;82;0;0;0;0;0;0;0;0;0;0;0;0;0;0;0;0;0;0;0;1;3;0;0;0;3;3;0;2;2;0;2;0;0;1;0;1;1
82151;Roquecor;76;82;0;0;0;0;0;0;0;0;0;0;0;0;0;0;0;0;0;0;1;0;0;0;1;0;2;1;3;1;0;1;0;0;0;5;1;0;0
82152;Saint-Aignan;76;82;0;0;0;0;0;0;0;0;0;0;0;0;0;0;0;0;0;0;0;1;1;0;0;0;1;2;1;0;0;0;0;0;0;1;0;0;0
82153;Saint-Amans-du-Pech;76;82;0;0;0;0;0;0;0;0;0;0;0;0;0;0;0;0;0;0;0;0;0;0;0;0;0;0;2;1;0;0;0;0;0;0;0;0;1
82154;Saint-Amans-de-Pellagal;76;82;0;0;0;0;0;0;0;0;0;0;0;0;0;0;0;0;0;0;0;0;0;0;0;0;1;0;1;1;0;0;0;0;0;0;0;0;1
82155;Saint-Antonin-Noble-Val;76;82;0;1;0;0;0;0;0;0;0;0;1;0;0;0;0;1;2;1;0;0;4;1;0;0;19;11;10;10;5;1;5;0;0;25;4;0;1
82156;Saint-Arroumex;76;82;0;0;0;0;0;0;0;0;0;0;0;0;0;0;0;0;0;0;0;0;1;0;0;0;0;0;1;0;1;0;0;0;0;0;1;0;0
82157;Saint-Beauzeil;76;82;0;0;0;0;0;0;0;0;0;0;0;0;0;0;0;0;0;0;0;0;0;0;0;0;0;0;1;0;0;0;0;0;0;1;0;0;0
82158;Saint-Cirice;76;82;0;0;0;0;0;0;0;0;0;0;0;0;0;0;0;0;0;0;0;0;1;0;0;0;3;0;0;0;0;1;0;0;0;1;0;0;0
82159;Saint-Cirq;76;82;0;0;0;0;0;0;0;0;0;0;0;0;0;0;0;0;0;0;0;0;0;0;0;0;2;0;1;2;1;0;0;0;0;1;1;0;1
82160;Saint-Clair;76;82;0;0;0;0;0;0;0;0;0;0;0;0;0;0;0;0;0;0;0;0;0;0;0;0;0;1;0;0;1;0;0;0;0;0;0;0;0
82161;Saint-Étienne-de-Tulmont;76;82;0;0;0;0;0;0;0;0;0;0;0;0;0;0;0;1;0;1;0;0;6;0;0;1;10;10;3;10;3;0;5;0;0;3;2;1;2
82162;Saint-Georges;76;82;0;0;0;0;0;0;0;0;0;0;0;0;0;0;0;0;0;0;0;0;0;0;0;0;0;1;0;0;1;0;0;0;0;0;0;0;0
82163;Saint-Jean-du-Bouzet;76;82;0;0;0;0;0;0;0;0;0;0;0;0;0;0;0;0;0;0;0;0;0;0;0;0;0;0;0;0;0;0;0;0;0;0;0;0;0
82164;Sainte-Juliette;76;82;0;0;0;0;0;0;0;0;0;0;0;0;0;0;0;0;0;0;0;0;1;0;0;0;1;0;0;0;0;0;0;0;0;0;0;0;0
82165;Saint-Loup;76;82;0;0;0;0;0;0;0;0;0;0;0;0;0;0;0;0;0;0;0;0;0;0;0;0;1;0;0;1;0;0;0;0;0;0;0;0;0
82166;Saint-Michel;76;82;0;0;0;0;0;0;0;0;0;0;0;0;0;0;0;0;0;0;0;0;1;0;0;0;1;0;0;1;0;0;1;0;0;1;0;0;0
82167;Saint-Nauphary;76;82;0;0;0;0;0;0;0;0;0;0;0;0;0;0;0;1;0;0;0;1;5;1;0;1;1;6;4;1;3;0;3;0;0;4;2;0;0
82168;Saint-Nazaire-de-Valentane;76;82;0;0;0;0;0;0;0;0;0;0;0;0;0;0;0;0;0;0;0;0;0;0;0;0;1;0;1;0;2;0;0;0;0;0;0;0;1
82169;Saint-Nicolas-de-la-Grave;76;82;0;1;0;0;0;0;0;0;0;0;1;0;0;0;0;1;2;1;0;0;6;0;0;1;3;1;5;6;4;2;3;1;0;1;0;0;2
82170;Saint-Paul-d'Espis;76;82;0;0;0;0;0;0;0;0;0;0;0;0;0;0;0;0;0;0;0;0;2;0;0;0;3;1;2;1;2;0;1;0;0;2;0;0;1
82171;Saint-Porquier;76;82;0;0;0;0;0;0;0;0;0;0;0;0;0;0;0;0;0;1;0;0;2;1;0;0;5;8;0;6;3;0;2;0;0;1;0;0;0
82172;Saint-Projet;76;82;0;0;0;0;0;0;0;0;0;0;0;0;0;0;0;0;0;0;0;1;1;0;0;0;4;5;1;2;0;0;0;0;0;2;0;0;0
82173;Saint-Sardos;76;82;0;0;0;0;0;0;0;0;0;0;0;0;0;0;0;0;0;1;0;0;3;0;0;0;0;3;1;2;2;0;2;0;0;4;1;0;0
82174;Saint-Vincent-d'Autéjac;76;82;0;0;0;0;0;0;0;0;0;0;0;0;0;0;0;0;0;0;0;0;0;0;0;0;1;1;0;0;0;0;0;0;0;0;0;0;0
82175;Saint-Vincent-Lespinasse;76;82;0;0;0;0;0;0;0;0;0;0;0;0;0;0;0;0;0;0;0;0;0;0;0;0;1;0;0;0;0;0;0;0;0;1;0;0;0
82176;La Salvetat-Belmontet;76;82;0;0;0;0;0;0;0;0;0;0;0;0;0;0;0;0;0;0;0;0;4;0;0;0;2;4;2;0;2;0;0;0;0;1;0;0;1
82177;Sauveterre;76;82;0;0;0;0;0;0;0;0;0;0;0;0;0;0;0;0;0;0;0;0;0;0;0;0;1;0;0;1;0;0;0;0;0;0;0;0;0
82178;Savenès;76;82;0;0;0;0;0;0;0;0;0;0;0;0;0;0;0;0;0;0;0;0;2;0;0;0;2;0;1;1;1;0;0;0;0;1;0;0;0
82179;Septfonds;76;82;0;0;0;0;0;0;0;0;0;0;0;0;0;0;0;0;1;1;0;0;8;0;0;0;7;6;3;4;2;0;4;0;0;3;0;0;2
82180;Sérignac;76;82;0;0;0;0;0;0;0;0;0;0;0;0;0;0;0;0;0;0;0;1;2;0;0;0;3;0;0;1;1;0;0;0;0;2;0;0;0
82181;Sistels;76;82;0;0;0;0;0;0;0;0;0;0;0;0;0;0;0;0;0;0;0;0;0;0;0;0;0;0;1;1;0;0;0;0;0;0;0;0;0
82182;Touffailles;76;82;0;0;0;0;0;0;0;0;0;0;0;0;0;0;0;0;0;0;0;1;0;0;0;0;2;1;1;1;2;0;0;0;0;0;0;0;0
82183;Tréjouls;76;82;0;0;0;0;0;0;0;0;0;0;0;0;0;0;0;0;0;0;0;0;0;0;0;0;1;1;0;0;0;0;0;0;0;0;0;0;0
82184;Vaïssac;76;82;0;0;0;0;0;0;0;0;0;0;0;0;0;0;0;0;0;0;0;0;3;0;0;0;2;0;1;2;1;0;2;0;0;0;0;0;1
82185;Valeilles;76;82;0;0;0;0;0;0;0;0;0;0;0;0;0;0;0;0;0;0;0;1;0;0;0;0;1;0;0;0;0;0;0;0;0;0;0;0;0
82186;Valence;76;82;0;1;0;0;0;0;0;0;0;0;1;0;0;0;0;7;2;1;0;0;8;4;0;2;6;6;3;3;8;0;10;3;0;15;4;3;6
82187;Varen;76;82;0;0;0;0;0;0;0;0;0;0;0;0;0;0;0;0;0;1;0;0;0;0;0;0;3;1;1;1;2;0;1;0;0;1;1;0;0
82188;Varennes;76;82;0;0;0;0;0;0;0;0;0;0;0;0;0;0;0;0;0;0;0;0;1;0;0;0;0;0;0;1;2;0;1;0;0;1;0;0;0
82189;Vazerac;76;82;0;0;0;0;0;0;0;0;0;0;0;0;0;0;0;0;0;1;0;0;1;0;0;0;2;1;1;0;2;0;1;0;0;3;1;0;0
82190;Verdun-sur-Garonne;76;82;0;1;0;0;0;0;0;0;0;0;1;0;0;0;0;2;0;1;0;0;8;1;0;3;6;6;6;4;6;2;5;1;0;9;3;1;3
82191;Verfeil;76;82;0;0;0;0;0;0;0;0;0;0;0;0;0;0;0;0;0;1;0;0;1;0;0;0;1;0;1;1;1;1;1;0;0;1;2;0;1
82192;Verlhac-Tescou;76;82;0;0;0;0;0;0;0;0;0;0;0;0;0;0;0;0;0;0;0;0;0;0;0;0;0;1;0;1;1;0;0;0;0;0;0;0;1
82193;Vigueron;76;82;0;0;0;0;0;0;0;0;0;0;0;0;0;0;0;0;0;0;0;0;1;0;0;0;0;0;0;1;1;0;0;0;0;0;0;0;0
82194;Villebrumier;76;82;0;1;0;0;0;0;0;0;0;0;0;0;0;0;0;0;0;1;0;0;2;0;0;0;5;6;1;3;3;0;3;0;0;2;0;0;2
82195;Villemade;76;82;0;0;0;0;0;0;0;0;0;0;0;0;0;0;0;0;0;1;0;0;1;0;0;0;3;2;1;0;1;1;0;0;0;0;1;0;0
83001;Les Adrets-de-l'Estérel;93;83;0;0;0;0;0;0;0;0;0;0;0;0;0;0;0;0;0;1;0;0;2;0;0;0;15;8;5;10;7;2;7;1;0;11;6;0;2
83002;Aiguines;93;83;0;0;0;0;0;0;0;0;0;0;0;0;0;0;0;0;0;0;0;1;0;0;0;0;0;0;1;0;0;0;0;0;0;12;0;0;0
83003;Ampus;93;83;0;0;0;0;0;0;0;0;0;0;0;0;0;0;0;0;0;1;0;0;2;0;0;0;9;2;2;5;1;0;1;1;0;5;1;0;0
83004;Les Arcs;93;83;0;1;0;0;0;0;0;0;0;0;0;0;0;0;0;6;0;1;0;0;19;1;1;3;44;20;31;21;20;4;8;3;2;27;17;2;12
83005;Artignosc-sur-Verdon;93;83;0;0;0;0;0;0;0;0;0;0;0;0;0;0;0;0;0;0;0;1;0;0;0;0;4;2;1;0;2;0;0;0;0;3;0;0;0
83006;Artigues;93;83;0;0;0;0;0;0;0;0;0;0;0;0;0;0;0;0;1;0;0;0;0;0;0;0;2;0;0;0;0;0;2;0;0;2;0;0;0
83007;Aups;93;83;0;1;0;0;0;0;0;0;0;0;1;0;1;0;0;4;1;1;0;0;7;0;0;1;19;4;4;6;6;0;4;1;0;13;8;0;5
83008;Bagnols-en-Forêt;93;83;0;0;0;0;0;0;0;0;0;0;0;0;0;0;0;0;0;1;0;0;2;0;1;0;19;3;8;6;8;0;3;0;0;7;8;0;3
83009;Bandol;93;83;0;0;0;0;0;0;0;0;0;0;0;0;1;0;0;8;5;1;0;0;13;0;1;7;26;12;14;22;17;2;28;4;0;118;47;5;11
83010;Bargème;93;83;0;0;0;0;0;0;0;0;0;0;0;0;0;0;0;0;0;0;0;0;1;0;0;0;1;0;0;1;0;0;0;0;0;1;0;0;0
83011;Bargemon;93;83;0;1;0;0;0;0;0;0;0;0;0;0;0;0;0;1;0;1;0;0;6;0;0;0;17;7;2;1;6;0;1;0;0;10;2;0;2
83012;Barjols;93;83;0;1;0;0;0;0;0;0;0;0;1;0;1;0;0;4;2;1;0;0;12;1;0;1;12;8;5;6;6;0;5;1;0;12;10;0;3
83013;La Bastide;93;83;0;0;0;0;0;0;0;0;0;0;0;0;0;0;0;0;1;0;0;1;0;0;0;0;1;0;1;0;2;0;0;0;0;0;0;0;0
83014;Baudinard-sur-Verdon;93;83;0;0;0;0;0;0;0;0;0;0;0;0;0;0;0;0;0;0;0;1;0;0;0;0;2;0;0;0;0;0;0;0;0;4;0;0;0
83015;Bauduen;93;83;0;0;0;0;0;0;0;0;0;0;0;0;0;0;0;0;0;1;0;0;1;0;0;0;0;1;1;1;2;0;0;0;0;9;0;0;0
83016;Le Beausset;93;83;0;1;0;0;0;0;0;0;0;0;1;0;0;0;0;8;2;1;0;0;12;1;0;3;45;15;14;16;18;0;19;4;0;26;17;3;24
83017;Belgentier;93;83;0;0;0;0;0;0;0;0;0;0;0;0;0;0;0;0;0;1;0;0;3;0;0;0;17;3;3;6;5;2;5;1;0;4;2;0;1
83018;Besse-sur-Issole;93;83;0;0;0;0;0;0;0;0;0;0;1;0;0;0;0;0;0;1;0;0;4;0;0;2;14;6;9;3;9;0;5;1;0;10;6;0;5
83019;Bormes-les-Mimosas;93;83;0;1;0;0;0;0;0;0;0;0;0;0;0;0;0;2;3;2;0;0;22;1;1;3;28;28;25;18;29;9;14;2;0;96;26;4;14
83020;Le Bourguet;93;83;0;0;0;0;0;0;0;0;0;0;0;0;0;0;0;0;0;0;0;0;0;0;0;0;0;0;0;1;0;0;0;0;0;1;0;0;0
83021;Bras;93;83;0;0;0;0;0;0;0;0;0;0;0;0;0;0;0;0;0;1;0;0;6;0;0;2;13;4;4;7;4;2;4;0;0;5;2;0;5
83022;Brenon;93;83;0;0;0;0;0;0;0;0;0;0;0;0;0;0;0;0;0;0;0;0;0;0;0;0;1;0;0;0;0;0;0;0;0;0;0;0;0
83023;Brignoles;93;83;0;1;0;0;1;0;0;0;0;0;3;1;2;0;0;10;4;1;0;0;53;4;3;9;72;46;36;36;36;12;36;3;12;82;27;8;23
83025;Brue-Auriac;93;83;0;0;0;0;0;0;0;0;0;0;0;0;0;0;0;0;0;1;0;0;4;0;0;1;13;2;3;2;1;0;1;0;0;3;0;1;0
83026;Cabasse;93;83;0;0;0;0;0;0;0;0;0;0;0;0;0;0;0;0;0;1;0;0;3;0;1;0;10;7;3;7;6;0;4;0;0;7;0;0;1
83027;La Cadière-d'Azur;93;83;0;0;0;0;0;0;0;0;0;0;0;0;0;0;0;2;1;1;0;0;7;0;1;0;18;11;7;11;15;1;6;0;0;14;17;0;7
83028;Callas;93;83;0;0;0;0;0;0;0;0;0;0;0;0;0;0;0;0;0;1;0;0;3;0;0;0;21;2;6;11;6;2;1;1;0;4;2;0;2
83029;Callian;93;83;0;0;0;0;0;0;0;0;0;0;0;0;0;0;0;1;1;1;0;0;8;0;0;1;23;11;12;16;15;2;7;1;0;20;13;1;7
83030;Camps-la-Source;93;83;0;0;0;0;0;0;0;0;0;0;0;0;0;0;0;0;0;1;0;0;3;0;0;1;14;5;3;7;4;1;1;1;0;2;4;0;2
83031;Le Cannet-des-Maures;93;83;0;0;0;0;0;0;0;0;0;0;0;1;0;0;0;3;1;1;0;0;10;2;0;3;18;15;5;7;9;0;5;1;0;20;7;1;3
83032;Carcès;93;83;0;1;0;0;0;0;0;0;0;0;1;0;0;0;0;3;0;1;0;0;8;1;0;2;33;8;10;7;6;2;8;3;0;17;5;0;3
83033;Carnoules;93;83;0;0;0;0;0;0;0;0;0;0;0;0;0;0;0;1;0;1;0;0;8;1;0;1;16;9;8;5;5;0;7;1;0;13;6;1;5
83034;Carqueiranne;93;83;0;0;0;0;0;0;0;0;0;0;0;0;0;0;0;8;2;1;0;0;17;1;2;4;23;19;16;13;18;1;18;3;0;44;21;1;15
83035;Le Castellet;93;83;0;0;0;0;0;0;0;0;0;0;0;0;0;0;0;0;1;0;1;1;8;0;0;0;19;10;9;10;11;4;2;0;0;31;10;0;8
83036;Cavalaire-sur-Mer;93;83;0;0;0;0;0;0;0;0;0;0;0;0;0;0;0;7;4;1;0;0;13;1;0;4;51;27;20;18;37;3;23;3;0;91;36;4;24
83037;La Celle;93;83;0;0;0;0;0;0;0;0;0;0;0;0;0;0;0;0;0;0;0;0;2;0;1;0;7;2;3;2;7;0;2;0;0;2;2;0;2
83038;Châteaudouble;93;83;0;0;0;0;0;0;0;0;0;0;0;0;0;0;0;0;0;0;0;1;0;0;0;0;3;0;0;1;1;0;0;0;0;2;0;0;0
83039;Châteauvert;93;83;0;0;0;0;0;0;0;0;0;0;0;0;0;0;0;0;0;0;0;0;0;0;0;0;4;0;0;0;0;0;0;0;0;0;0;0;0
83040;Châteauvieux;93;83;0;0;0;0;0;0;0;0;0;0;0;0;0;0;0;0;0;0;0;0;0;0;0;0;0;0;0;0;0;1;0;0;0;1;0;0;0
83041;Claviers;93;83;0;0;0;0;0;0;0;0;0;0;0;0;0;0;0;0;0;1;0;0;0;0;0;0;8;1;1;2;2;0;2;0;0;3;1;0;2
83042;Cogolin;93;83;0;0;0;0;0;0;0;0;0;0;0;1;0;0;0;11;4;1;0;0;39;2;3;9;92;47;34;45;41;7;24;3;5;80;27;5;23
83043;Collobrières;93;83;0;1;0;0;0;0;0;0;0;0;0;0;0;0;0;1;0;1;0;0;2;0;1;0;10;4;7;2;7;1;4;0;0;9;3;0;1
83044;Comps-sur-Artuby;93;83;0;1;0;0;0;0;0;0;0;0;0;0;0;0;0;0;0;1;0;0;2;0;0;0;1;0;1;0;1;0;1;0;0;3;0;0;0
83045;Correns;93;83;0;0;0;0;0;0;0;0;0;0;0;0;0;0;0;0;0;1;0;0;0;0;0;1;8;3;0;0;2;0;1;0;0;2;0;0;1
83046;Cotignac;93;83;0;0;0;0;0;0;0;0;0;0;0;0;0;0;0;1;1;1;0;0;2;0;0;0;16;4;6;6;4;3;8;1;0;17;12;0;3
83047;La Crau;93;83;0;0;0;0;0;0;0;0;0;0;0;0;0;0;0;7;3;2;0;0;34;0;3;7;47;36;44;27;29;8;31;8;0;47;26;2;35
83048;La Croix-Valmer;93;83;0;1;0;0;0;0;0;0;0;0;0;0;0;0;0;2;1;1;0;0;9;1;0;3;26;17;12;10;18;3;8;3;0;41;23;2;4
83049;Cuers;93;83;0;0;0;0;0;0;0;0;0;0;1;0;0;0;0;8;2;1;0;0;26;1;2;6;55;27;31;29;27;6;20;5;0;37;22;1;9
83050;Draguignan;93;83;1;1;0;1;1;1;1;0;0;0;11;1;1;0;0;30;8;2;0;0;64;6;10;10;191;103;62;85;67;15;82;6;11;137;52;8;58
83051;Entrecasteaux;93;83;0;0;0;0;0;0;0;0;0;0;0;0;0;0;0;0;0;1;0;0;0;0;0;0;8;4;1;3;3;1;1;0;0;6;1;0;0
83052;Esparron;93;83;0;0;0;0;0;0;0;0;0;0;0;0;0;0;0;0;0;0;0;1;0;0;0;0;0;0;0;5;2;0;0;0;0;0;0;0;1
83053;Évenos;93;83;0;0;0;0;0;0;0;0;0;0;0;0;0;0;0;0;0;1;0;0;3;1;0;0;16;4;4;8;5;1;4;0;0;4;4;1;1
83054;La Farlède;93;83;0;1;0;0;0;0;0;0;0;0;0;0;0;0;0;4;2;1;0;0;30;3;2;4;41;21;27;33;25;6;14;0;4;22;13;2;12
83055;Fayence;93;83;0;1;0;0;0;0;0;0;0;0;1;0;1;0;0;6;1;1;0;0;8;0;0;1;52;22;12;24;17;4;15;2;0;30;11;1;8
83056;Figanières;93;83;0;0;0;0;0;0;0;0;0;0;0;0;0;0;0;0;0;1;0;0;7;0;1;0;15;5;1;4;7;0;3;0;0;6;3;0;4
83057;Flassans-sur-Issole;93;83;0;0;0;0;0;0;0;0;0;0;0;0;0;0;0;1;0;1;0;0;8;0;0;1;14;6;10;4;6;2;5;0;0;10;5;0;5
83058;Flayosc;93;83;0;0;0;0;0;0;0;0;0;0;0;0;0;0;0;1;0;1;0;0;4;0;0;0;33;10;5;11;7;0;6;0;0;21;8;1;4
83059;Forcalqueiret;93;83;0;0;0;0;0;0;0;0;0;0;0;0;0;0;0;0;0;1;0;0;8;0;0;0;25;5;5;5;6;2;3;0;0;9;2;0;2
83060;Fox-Amphoux;93;83;0;0;0;0;0;0;0;0;0;0;0;0;0;0;0;0;0;0;0;1;1;0;0;0;1;2;1;1;1;0;0;0;0;2;0;0;0
83061;Fréjus;93;83;1;1;0;0;1;1;1;0;0;0;5;1;0;0;0;36;2;7;1;0;104;7;10;14;243;183;120;119;115;42;114;8;26;362;159;21;93
83062;La Garde;93;83;0;0;0;0;0;0;0;0;0;0;0;0;0;0;0;12;3;1;0;1;58;2;5;7;73;58;44;38;51;11;34;7;3;100;49;5;33
83063;La Garde-Freinet;93;83;0;0;0;0;0;0;0;0;0;0;0;0;0;0;0;1;0;1;0;0;2;0;0;0;15;7;5;5;9;1;3;0;0;16;4;0;2
83064;Garéoult;93;83;0;0;0;0;0;0;0;0;0;0;0;0;0;0;0;3;0;1;0;0;7;0;2;2;16;9;8;12;12;0;5;1;0;17;11;0;7
83065;Gassin;93;83;0;0;0;0;0;0;0;0;0;0;0;0;0;0;0;3;0;1;0;0;6;0;2;0;13;13;4;8;10;4;9;3;0;34;20;1;5
83066;Ginasservis;93;83;0;0;0;0;0;0;0;0;0;0;0;0;0;0;0;0;1;1;0;0;1;1;0;0;11;4;5;5;1;0;1;0;0;6;0;0;3
83067;Gonfaron;93;83;0;1;0;0;0;0;0;0;0;0;0;0;0;0;0;2;0;1;0;0;14;2;0;1;23;9;7;6;6;1;8;2;0;4;4;0;5
83068;Grimaud;93;83;0;1;0;0;0;0;0;0;0;0;1;0;0;0;0;1;2;2;0;0;19;4;4;1;48;20;16;20;19;13;10;2;1;97;40;4;8
83069;Hyères;93;83;1;1;0;0;0;0;0;0;0;0;3;1;0;0;0;27;10;8;0;4;90;6;17;14;134;111;83;87;67;24;104;19;2;358;148;13;83
83070;Le Lavandou;93;83;0;0;0;0;0;0;0;0;0;0;1;0;0;0;0;8;1;2;0;0;11;1;0;6;32;24;17;13;10;4;24;2;0;155;28;4;14
83071;La Londe-les-Maures;93;83;0;1;0;0;0;0;0;0;0;0;0;0;0;0;0;7;4;1;0;0;21;1;1;5;34;23;18;21;24;4;16;1;0;80;34;3;10
83072;Lorgues;93;83;0;1;0;0;0;0;0;0;0;0;1;0;0;0;0;6;3;1;0;0;12;1;1;2;58;25;17;30;19;6;15;4;0;42;26;2;12
83073;Le Luc;93;83;0;1;0;0;0;0;0;0;0;0;1;0;0;0;0;5;3;1;0;0;24;1;2;4;44;31;25;23;26;3;12;4;1;32;5;1;18
83074;La Martre;93;83;0;0;0;0;0;0;0;0;0;0;0;0;0;0;0;0;0;0;0;0;0;0;0;0;0;0;1;0;1;0;0;0;0;3;0;0;0
83075;Les Mayons;93;83;0;0;0;0;0;0;0;0;0;0;0;0;0;0;0;0;0;0;0;1;1;0;0;0;1;2;1;1;0;0;1;0;0;1;0;0;3
83076;Mazaugues;93;83;0;0;0;0;0;0;0;0;0;0;0;0;0;0;0;0;0;1;0;0;1;0;0;0;5;3;2;2;3;0;1;0;0;2;0;0;1
83077;Méounes-lès-Montrieux;93;83;0;0;0;0;0;0;0;0;0;0;0;0;0;0;0;0;0;1;0;0;1;0;0;0;9;8;4;4;5;3;3;1;0;15;2;0;2
83078;Moissac-Bellevue;93;83;0;0;0;0;0;0;0;0;0;0;0;0;0;0;0;0;0;0;0;0;0;0;0;0;0;0;0;2;2;0;2;0;0;0;0;0;0
83079;La Môle;93;83;0;0;0;0;0;0;0;0;0;0;0;0;0;0;0;0;1;0;0;1;1;0;0;0;15;7;4;1;9;1;1;0;0;8;1;0;4
83080;Mons;93;83;0;0;0;0;0;0;0;0;0;0;0;0;0;0;0;0;0;1;0;0;2;0;0;0;8;1;4;2;3;0;1;0;0;7;0;0;0
83081;Montauroux;93;83;0;0;0;0;0;0;0;0;0;0;0;0;0;0;0;5;1;1;1;0;16;2;0;1;49;28;20;18;25;5;12;2;0;33;22;2;13
83082;Montferrat;93;83;0;0;0;0;0;0;0;0;0;0;0;0;0;0;0;0;0;1;0;0;1;0;0;0;7;2;1;3;1;0;0;0;0;2;2;0;2
83083;Montfort-sur-Argens;93;83;0;0;0;0;0;0;0;0;0;0;0;0;0;0;0;0;0;1;0;0;4;0;0;0;11;4;4;0;1;0;3;0;0;2;1;0;0
83084;Montmeyan;93;83;0;0;0;0;0;0;0;0;0;0;0;0;0;0;0;0;0;1;0;0;1;1;0;0;3;2;1;2;2;0;1;0;0;2;1;0;2
83085;La Motte;93;83;0;0;0;0;0;0;0;0;0;0;0;0;0;0;0;0;0;1;0;0;10;0;0;0;19;3;10;18;12;2;7;0;0;9;8;0;4
83086;Le Muy;93;83;0;1;0;0;0;0;0;0;0;0;1;0;1;0;0;7;1;1;0;0;28;4;3;3;92;29;24;40;29;8;17;2;0;28;14;1;17
83087;Nans-les-Pins;93;83;0;0;0;0;0;0;0;0;0;0;0;0;0;0;0;1;2;1;0;0;3;0;0;1;13;5;2;8;10;3;7;0;0;11;6;0;5
83088;Néoules;93;83;0;0;0;0;0;0;0;0;0;0;0;0;0;0;0;0;0;1;0;0;6;0;0;0;13;7;7;7;6;0;2;0;0;3;4;0;3
83089;Ollières;93;83;0;0;0;0;0;0;0;0;0;0;0;0;0;0;0;0;0;0;0;0;0;0;0;0;5;3;1;2;0;0;1;0;0;1;0;0;0
83090;Ollioules;93;83;0;0;0;0;0;0;0;0;0;0;1;0;0;0;0;15;2;1;0;0;37;5;2;4;60;30;31;20;34;4;35;9;0;63;19;3;30
83091;Pierrefeu-du-Var;93;83;0;1;0;0;0;0;0;0;0;0;0;0;0;0;0;2;0;1;0;0;8;0;1;4;21;5;13;8;7;0;11;1;0;17;7;2;5
83092;Pignans;93;83;0;0;0;0;0;0;0;0;0;0;0;0;0;0;0;3;0;1;0;0;6;0;1;1;17;2;13;6;5;0;5;1;0;8;4;0;4
83093;Plan-d'Aups-Sainte-Baume;93;83;0;0;0;0;0;0;0;0;0;0;0;0;0;0;0;0;0;0;0;1;4;0;0;0;6;5;3;6;8;2;1;0;0;5;3;1;0
83094;Le Plan-de-la-Tour;93;83;0;0;0;0;0;0;0;0;0;0;0;0;0;0;0;1;0;1;0;0;8;0;0;0;35;20;9;15;16;1;3;0;0;25;18;0;6
83095;Pontevès;93;83;0;0;0;0;0;0;0;0;0;0;0;0;0;0;0;0;0;0;1;0;1;0;0;0;4;1;2;2;2;0;1;0;0;1;0;0;1
83096;Pourcieux;93;83;0;0;0;0;0;0;0;0;0;0;0;0;0;0;0;0;0;1;0;0;0;0;0;0;6;5;3;5;3;0;0;0;0;4;1;0;1
83097;Pourrières;93;83;0;0;0;0;0;0;0;0;0;0;0;0;0;0;0;1;0;1;0;0;6;0;0;1;14;9;5;13;11;4;6;1;0;16;8;2;7
83098;Le Pradet;93;83;0;0;0;0;0;0;0;0;0;0;0;0;0;0;0;9;3;1;0;0;21;2;1;6;17;26;14;19;19;3;20;3;0;43;20;5;15
83099;Puget-sur-Argens;93;83;0;0;0;0;0;0;0;0;0;0;0;0;0;0;0;8;0;1;0;0;30;2;3;2;40;33;25;28;28;4;15;2;2;29;18;5;8
83100;Puget-Ville;93;83;0;0;0;0;0;0;0;0;0;0;0;0;0;0;0;2;0;1;0;0;8;0;0;1;23;9;6;11;6;2;7;1;0;6;2;1;7
83101;Ramatuelle;93;83;0;0;0;0;0;0;0;0;0;0;0;0;0;0;0;1;1;1;0;0;4;1;0;0;12;7;4;8;11;1;4;0;0;73;10;0;5
83102;Régusse;93;83;0;0;0;0;0;0;0;0;0;0;0;0;0;0;0;0;1;1;0;0;1;0;0;0;10;9;3;4;8;1;3;0;0;4;2;1;3
83103;Le Revest-les-Eaux;93;83;0;0;0;0;0;0;0;0;0;0;0;0;0;0;0;0;0;1;0;0;4;0;0;1;11;12;3;2;12;0;3;1;0;3;5;0;5
83104;Rians;93;83;0;1;0;0;0;0;0;0;0;0;1;0;0;0;0;2;2;1;0;0;6;1;0;2;27;8;3;16;10;2;7;2;0;13;4;0;3
83105;Riboux;93;83;0;0;0;0;0;0;0;0;0;0;0;0;0;0;0;0;0;0;0;0;0;0;0;0;0;0;0;0;0;0;0;0;0;0;0;0;0
83106;Rocbaron;93;83;0;0;0;0;0;0;0;0;0;0;0;0;0;0;0;3;0;1;0;0;4;1;0;2;15;14;18;9;8;3;7;2;0;16;6;1;5
83107;Roquebrune-sur-Argens;93;83;0;0;0;0;0;0;0;0;0;0;0;0;0;0;0;5;1;3;0;0;38;2;1;2;88;45;59;59;30;8;21;4;0;90;47;4;25
83108;La Roquebrussanne;93;83;0;1;0;0;0;0;0;0;0;0;1;0;0;0;0;0;0;1;0;0;3;0;0;2;16;10;5;5;4;0;7;0;0;5;3;0;3
83109;La Roque-Esclapon;93;83;0;0;0;0;0;0;0;0;0;0;0;0;0;0;0;0;0;0;0;0;1;0;0;0;2;2;1;2;0;0;0;0;0;1;0;0;0
83110;Rougiers;93;83;0;0;0;0;0;0;0;0;0;0;0;0;0;0;0;0;0;1;0;0;6;0;1;0;10;2;3;2;3;1;3;0;0;2;1;0;1
83111;Sainte-Anastasie-sur-Issole;93;83;0;0;0;0;0;0;0;0;0;0;0;0;0;0;0;0;0;0;0;1;2;0;0;2;10;7;2;2;5;1;4;0;0;6;3;0;2
83112;Saint-Cyr-sur-Mer;93;83;0;1;0;0;0;0;0;0;0;0;1;0;2;0;0;8;2;2;0;0;19;1;1;3;48;21;16;24;20;5;23;4;1;100;33;6;24
83113;Saint-Julien;93;83;0;0;0;0;0;0;0;0;0;0;0;0;0;0;0;1;0;1;0;0;4;0;0;2;13;2;2;2;3;1;4;0;0;11;0;0;1
83114;Saint-Martin-de-Pallières;93;83;0;0;0;0;0;0;0;0;0;0;0;0;0;0;0;0;0;0;1;0;0;0;0;0;2;0;1;0;0;0;0;0;0;2;0;0;0
83115;Sainte-Maxime;93;83;0;1;0;0;0;0;0;0;0;0;0;0;0;0;0;9;3;1;0;0;30;2;7;6;120;68;41;49;55;10;34;4;0;148;86;9;45
83116;Saint-Maximin-la-Sainte-Baume;93;83;0;1;0;0;0;0;0;0;0;0;1;1;0;0;1;11;6;1;0;0;33;4;4;6;64;30;28;21;35;5;27;5;0;62;41;2;23
83117;Saint-Paul-en-Forêt;93;83;0;0;0;0;0;0;0;0;0;0;0;0;0;0;0;0;0;1;0;0;3;0;0;0;13;6;5;4;5;2;1;1;0;5;0;0;3
83118;Saint-Raphaël;93;83;0;0;0;0;0;0;0;0;0;0;0;1;2;0;0;25;4;3;2;0;33;3;16;12;138;99;67;77;77;21;76;12;10;274;175;12;64
83119;Saint-Tropez;93;83;0;1;0;0;0;0;0;0;0;0;4;0;0;0;0;9;1;1;0;0;10;0;11;1;26;9;8;16;13;4;15;4;0;155;87;4;15
83120;Saint-Zacharie;93;83;0;1;0;0;0;0;0;0;0;0;0;0;0;0;0;2;2;1;0;0;13;1;0;5;15;3;11;13;7;3;12;1;0;10;5;0;8
83121;Salernes;93;83;0;1;0;0;0;0;0;0;0;0;0;0;0;0;0;3;1;1;0;0;14;2;0;1;39;14;10;5;17;4;7;2;0;24;13;1;4
83122;Les Salles-sur-Verdon;93;83;0;0;0;0;0;0;0;0;0;0;0;0;0;0;0;0;0;1;0;0;0;0;0;0;0;1;0;0;1;0;1;0;0;11;0;0;0
83123;Sanary-sur-Mer;93;83;1;0;0;0;0;0;0;0;0;0;0;0;1;0;0;9;6;1;0;0;25;3;0;5;66;28;30;44;36;6;41;5;4;114;64;4;49
83124;Seillans;93;83;0;0;0;0;0;0;0;0;0;0;0;0;0;0;0;1;0;1;0;0;3;0;1;0;26;15;6;4;3;6;2;1;2;8;2;0;1
83125;Seillons-Source-d'Argens;93;83;0;0;0;0;0;0;0;0;0;0;0;0;0;0;0;0;1;1;0;0;1;0;0;0;9;3;4;1;5;2;4;0;0;5;2;1;0
83126;La Seyne-sur-Mer;93;83;1;0;0;0;0;0;0;0;0;0;3;1;1;1;0;19;21;4;0;0;106;6;4;10;217;191;98;111;121;19;102;11;1;255;79;15;100
83127;Signes;93;83;0;0;0;0;0;0;0;0;0;0;0;0;2;0;0;0;0;1;0;0;17;1;0;2;19;6;11;5;10;4;4;1;0;21;4;0;4
83128;Sillans-la-Cascade;93;83;0;0;0;0;0;0;0;0;0;0;0;0;0;0;0;0;0;0;0;1;0;0;0;0;6;1;1;1;2;0;0;2;0;3;1;0;1
83129;Six-Fours-les-Plages;93;83;0;0;0;0;0;0;0;0;0;0;1;1;2;0;0;12;9;3;1;0;66;4;6;6;114;100;75;78;74;16;69;9;1;190;97;8;53
83130;Solliès-Pont;93;83;0;0;0;0;0;0;0;0;0;0;1;0;0;0;0;9;1;1;0;0;22;5;1;5;40;26;17;30;27;6;23;2;0;46;20;4;20
83131;Solliès-Toucas;93;83;0;0;0;0;0;0;0;0;0;0;0;0;0;0;0;2;0;1;0;0;7;0;4;2;23;5;8;20;16;1;4;0;0;10;8;0;5
83132;Solliès-Ville;93;83;0;0;0;0;0;0;0;0;0;0;0;0;0;0;0;0;0;0;0;0;4;0;0;0;9;6;7;6;4;2;4;1;0;9;4;0;5
83133;Tanneron;93;83;0;0;0;0;0;0;0;0;0;0;0;0;0;0;0;0;0;1;0;0;4;0;0;0;10;4;3;1;3;1;1;0;0;6;1;0;2
83134;Taradeau;93;83;0;0;0;0;0;0;0;0;0;0;0;0;0;0;0;0;0;1;0;0;4;0;0;0;9;2;4;7;3;1;4;0;0;5;1;0;3
83135;Tavernes;93;83;0;0;0;0;0;0;0;0;0;0;0;0;0;0;0;0;0;1;0;0;1;0;0;0;8;4;2;5;4;2;3;0;0;2;1;0;3
83136;Le Thoronet;93;83;0;0;0;0;0;0;0;0;0;0;0;0;0;0;0;0;0;1;0;0;2;0;0;1;23;3;10;7;10;3;4;0;0;9;4;0;4
83137;Toulon;93;83;1;1;0;1;1;1;1;1;0;0;31;2;0;1;0;93;31;14;0;0;174;10;28;54;517;493;144;212;196;56;281;25;59;718;262;40;155
83138;Tourrettes;93;83;0;0;0;0;0;0;0;0;0;0;0;0;0;0;0;1;1;0;0;0;30;2;1;1;31;8;22;8;8;4;4;1;0;18;8;1;8
83139;Tourtour;93;83;0;0;0;0;0;0;0;0;0;0;0;0;0;0;0;0;0;1;0;0;0;0;0;0;2;6;1;0;0;0;1;0;0;9;3;1;2
83140;Tourves;93;83;0;0;0;0;0;0;0;0;0;0;0;0;0;0;0;2;0;1;0;0;10;0;0;2;21;15;9;12;14;3;4;1;0;18;5;0;8
83141;Trans-en-Provence;93;83;0;0;0;0;0;0;0;0;0;0;0;0;0;0;0;2;0;1;0;0;12;1;0;2;30;17;11;14;15;0;6;5;0;28;9;3;9
83142;Trigance;93;83;0;0;0;0;0;0;0;0;0;0;0;0;0;0;0;0;0;0;0;1;0;0;0;0;0;0;0;0;0;0;0;0;0;4;0;0;0
83143;Le Val;93;83;0;0;0;0;0;0;0;0;0;0;0;0;0;0;0;1;0;1;0;0;4;0;0;1;20;10;7;14;8;0;3;1;0;9;7;0;6
83144;La Valette-du-Var;93;83;0;0;0;0;0;0;0;0;0;0;1;1;0;0;0;18;3;3;0;0;27;4;4;6;67;39;40;42;35;7;36;5;1;78;48;3;35
83145;Varages;93;83;0;0;0;0;0;0;0;0;0;0;0;0;0;0;0;0;0;1;0;0;2;0;0;0;6;5;0;1;4;0;1;0;0;1;1;0;2
83146;La Verdière;93;83;0;0;0;0;0;0;0;0;0;0;0;0;0;0;0;0;0;1;0;0;1;0;0;0;9;5;1;4;1;1;2;0;0;4;2;0;2
83147;Vérignon;93;83;0;0;0;0;0;0;0;0;0;0;0;0;0;0;0;0;0;0;0;0;0;0;0;0;0;0;0;0;0;0;0;0;0;0;0;0;0
83148;Vidauban;93;83;0;0;0;0;0;0;0;0;0;0;0;0;0;0;0;4;2;1;0;0;21;2;1;2;80;26;24;40;29;5;16;2;0;33;15;2;17
83149;Villecroze;93;83;0;0;0;0;0;0;0;0;0;0;0;0;0;0;0;1;0;1;0;0;5;0;0;0;9;6;5;3;3;2;2;1;0;15;1;1;5
83150;Vinon-sur-Verdon;93;83;0;0;0;0;0;0;0;0;0;0;0;0;1;0;0;2;2;1;0;0;8;3;0;2;10;6;2;11;5;0;9;2;0;16;8;3;2
83151;Vins-sur-Caramy;93;83;0;0;0;0;0;0;0;0;0;0;0;0;0;0;0;0;0;0;0;1;1;0;0;0;3;1;2;2;3;0;1;0;0;1;0;0;1
83152;Rayol-Canadel-sur-Mer;93;83;0;0;0;0;0;0;0;0;0;0;0;0;0;0;0;0;0;1;0;0;0;0;0;1;10;5;1;1;2;2;2;0;0;11;7;0;0
83153;Saint-Mandrier-sur-Mer;93;83;0;0;0;0;0;0;0;0;0;0;0;0;0;0;0;3;1;2;0;0;5;0;0;3;7;2;3;2;7;0;10;1;0;18;5;2;5
83154;Saint-Antonin-du-Var;93;83;0;0;0;0;0;0;0;0;0;0;0;0;0;0;0;0;0;0;0;1;2;0;0;0;1;5;2;3;2;0;1;0;0;1;2;0;1
84001;Althen-des-Paluds;93;84;0;0;0;0;0;0;0;0;0;0;0;0;0;0;0;1;1;1;0;0;3;0;0;1;14;7;9;8;6;2;3;0;0;4;2;0;4
84002;Ansouis;93;84;0;0;0;0;0;0;0;0;0;0;0;0;0;0;0;0;0;1;0;0;5;0;0;0;5;0;1;3;4;1;2;0;0;2;2;0;0
84003;Apt;93;84;0;1;0;0;0;0;0;0;0;0;2;1;4;0;0;13;3;1;0;0;32;4;0;5;103;19;24;19;24;11;27;6;4;56;12;3;10
84004;Aubignan;93;84;0;0;0;0;0;0;0;0;0;0;0;0;0;0;0;2;2;1;0;0;12;1;0;1;24;10;19;14;18;3;9;1;0;11;4;2;7
84005;Aurel;93;84;0;0;0;0;0;0;0;0;0;0;0;0;0;0;0;0;0;0;1;0;0;0;0;0;3;1;0;0;0;0;0;0;0;0;0;0;0
84006;Auribeau;93;84;0;0;0;0;0;0;0;0;0;0;0;0;0;0;0;0;0;0;0;0;0;0;0;0;0;0;1;0;0;0;0;0;0;0;0;0;0
84007;Avignon;93;84;1;0;0;1;1;1;1;1;0;1;21;2;4;0;0;80;17;9;0;1;140;8;29;33;343;245;85;145;126;38;149;15;44;603;174;22;90
84008;Le Barroux;93;84;0;0;0;0;0;0;0;0;0;0;0;0;0;0;0;0;0;0;1;0;0;0;0;0;2;0;2;1;1;0;0;0;0;2;3;0;0
84009;La Bastide-des-Jourdans;93;84;0;0;0;0;0;0;0;0;0;0;0;0;0;0;0;0;0;1;0;0;2;0;0;0;10;3;1;5;4;0;2;0;0;1;2;0;0
84010;La Bastidonne;93;84;0;0;0;0;0;0;0;0;0;0;0;0;0;0;0;0;0;0;1;0;0;0;0;0;2;4;0;1;1;0;0;0;0;2;0;0;3
84011;Le Beaucet;93;84;0;0;0;0;0;0;0;0;0;0;0;0;0;0;0;0;0;0;0;0;0;0;0;0;2;0;0;1;1;0;0;0;0;1;0;0;0
84012;Beaumes-de-Venise;93;84;0;1;0;0;0;0;0;0;0;0;0;0;0;0;0;3;1;1;0;0;3;0;0;0;16;7;6;6;6;0;5;0;1;8;4;0;2
84013;Beaumettes;93;84;0;0;0;0;0;0;0;0;0;0;0;0;0;0;0;0;0;0;0;1;0;0;0;0;2;1;2;1;1;0;0;0;0;2;2;0;0
84014;Beaumont-de-Pertuis;93;84;0;1;0;0;0;0;0;0;0;0;0;0;0;0;0;0;0;1;0;0;0;0;0;0;5;2;1;0;1;2;2;0;0;4;1;0;2
84015;Beaumont-du-Ventoux;93;84;0;0;0;0;0;0;0;0;0;0;0;0;0;0;0;0;0;0;0;0;0;0;0;0;2;0;0;0;1;0;0;0;0;5;0;0;0
84016;Bédarrides;93;84;0;0;0;0;0;0;0;0;0;0;0;0;0;0;0;2;2;1;0;0;10;1;0;1;22;13;9;18;9;1;8;1;0;18;1;2;10
84017;Bédoin;93;84;0;0;0;0;0;0;0;0;0;0;0;0;0;0;0;2;0;1;0;0;4;0;0;1;18;10;7;4;8;0;6;2;0;21;6;1;5
84018;Blauvac;93;84;0;0;0;0;0;0;0;0;0;0;0;0;0;0;0;0;0;0;0;0;0;0;0;0;0;2;1;1;1;2;0;0;0;2;0;0;0
84019;Bollène;93;84;0;1;0;0;0;0;0;0;0;0;1;1;1;0;0;10;2;2;0;0;20;3;0;6;74;34;11;21;13;5;28;4;7;43;10;6;7
84020;Bonnieux;93;84;0;1;0;0;0;0;0;0;0;0;0;0;0;0;0;0;0;1;0;0;2;0;0;0;11;0;3;3;5;0;2;0;0;13;8;0;2
84021;Brantes;93;84;0;0;0;0;0;0;0;0;0;0;0;0;0;0;0;0;0;0;0;1;0;0;0;0;2;0;0;0;0;0;0;0;0;1;0;0;0
84022;Buisson;93;84;0;0;0;0;0;0;0;0;0;0;0;0;0;0;0;0;0;0;0;0;1;0;0;0;2;1;0;0;0;0;0;0;0;1;1;0;0
84023;Buoux;93;84;0;0;0;0;0;0;0;0;0;0;0;0;0;0;0;0;0;0;0;0;0;0;0;0;0;0;0;0;1;0;0;0;0;1;0;0;0
84024;Cabrières-d'Aigues;93;84;0;0;0;0;0;0;0;0;0;0;0;0;0;0;0;0;0;0;0;1;1;0;0;0;6;1;1;0;6;0;2;0;0;2;0;0;1
84025;Cabrières-d'Avignon;93;84;0;0;0;0;0;0;0;0;0;0;0;0;0;0;0;2;0;1;0;0;5;0;0;1;11;2;2;0;4;0;10;2;0;17;10;1;3
84026;Cadenet;93;84;0;1;0;0;0;0;0;0;0;0;1;0;0;0;0;2;1;1;0;0;6;1;0;3;27;10;6;10;10;0;11;3;0;16;8;1;4
84027;Caderousse;93;84;0;0;0;0;0;0;0;0;0;0;0;0;0;0;0;1;0;1;0;0;6;0;0;0;9;3;6;5;8;0;1;0;0;6;5;0;2
84028;Cairanne;93;84;0;0;0;0;0;0;0;0;0;0;0;0;0;0;0;0;0;1;0;0;4;0;0;0;4;2;2;0;3;2;1;0;0;6;0;0;0
84029;Camaret-sur-Aigues;93;84;0;0;0;0;0;0;0;0;0;0;0;0;0;0;0;1;2;1;0;0;11;1;0;1;27;9;5;8;9;1;6;0;0;6;3;2;8
84030;Caromb;93;84;0;0;0;0;0;0;0;0;0;0;0;0;0;0;0;2;3;1;0;0;6;0;0;2;24;7;4;9;8;0;6;0;0;11;6;0;3
84031;Carpentras;93;84;1;1;0;1;1;0;0;0;0;0;4;1;2;0;0;17;7;2;0;1;52;5;4;16;114;73;56;41;46;9;58;7;5;88;36;8;29
84032;Caseneuve;93;84;0;0;0;0;0;0;0;0;0;0;0;0;0;0;0;0;0;0;0;1;2;0;0;0;2;0;3;4;2;0;1;0;0;2;1;0;0
84033;Castellet;93;84;0;0;0;0;0;0;0;0;0;0;0;0;0;0;0;0;0;0;0;0;0;0;0;0;0;0;1;2;0;0;0;0;0;0;0;0;0
84034;Caumont-sur-Durance;93;84;0;0;0;0;0;0;0;0;0;0;0;0;0;0;0;3;2;1;0;0;7;0;0;3;22;21;11;7;13;1;5;1;0;7;4;0;6
84035;Cavaillon;93;84;1;0;0;0;0;0;0;0;0;0;3;1;1;0;0;17;2;1;0;1;50;6;7;8;99;70;36;44;52;8;49;4;12;108;31;8;23
84036;Châteauneuf-de-Gadagne;93;84;0;0;0;0;0;0;0;0;0;0;0;0;0;0;0;0;1;1;0;0;3;1;0;0;8;5;7;8;9;2;7;0;0;6;3;1;2
84037;Châteauneuf-du-Pape;93;84;0;1;0;0;0;0;0;0;0;0;0;0;0;0;0;3;0;1;0;0;3;0;0;0;3;1;1;3;3;1;4;0;0;6;3;0;4
84038;Cheval-Blanc;93;84;0;0;0;0;0;0;0;0;0;0;0;0;0;0;0;0;2;1;0;0;6;1;1;1;15;10;5;5;8;0;5;0;0;7;8;0;2
84039;Courthézon;93;84;0;0;0;0;0;0;0;0;0;0;0;0;0;0;0;3;3;1;0;0;10;1;0;1;20;10;12;7;8;1;11;1;0;12;5;1;8
84040;Crestet;93;84;0;0;0;0;0;0;0;0;0;0;0;0;0;0;0;0;0;0;0;0;0;0;0;0;1;1;1;1;1;1;0;0;0;4;0;0;0
84041;Crillon-le-Brave;93;84;0;0;0;0;0;0;0;0;0;0;0;0;0;0;0;0;0;0;0;0;0;0;0;0;3;0;0;1;1;0;0;0;0;2;1;0;0
84042;Cucuron;93;84;0;0;0;0;0;0;0;0;0;0;0;0;0;0;0;2;0;1;0;0;3;0;0;0;4;7;3;4;9;1;2;0;0;10;5;0;0
84043;Entraigues-sur-la-Sorgue;93;84;0;1;0;0;0;0;0;0;0;0;0;0;0;0;0;2;2;1;0;0;21;1;0;2;38;29;19;25;18;2;17;1;0;20;11;5;17
84044;Entrechaux;93;84;0;0;0;0;0;0;0;0;0;0;0;0;0;0;0;0;0;1;0;0;6;0;0;0;7;0;2;3;4;0;1;0;0;5;0;0;0
84045;Faucon;93;84;0;0;0;0;0;0;0;0;0;0;0;0;0;0;0;0;0;0;0;0;0;0;0;0;2;0;2;3;0;0;2;0;0;1;0;0;0
84046;Flassan;93;84;0;0;0;0;0;0;0;0;0;0;0;0;0;0;0;0;0;0;0;1;0;0;0;0;6;2;1;1;0;0;1;0;0;2;0;0;0
84047;Gargas;93;84;0;0;0;0;0;0;0;0;0;0;0;0;0;0;0;0;0;1;0;0;3;0;0;0;19;3;5;2;6;2;6;0;0;7;3;0;3
84048;Gignac;93;84;0;0;0;0;0;0;0;0;0;0;0;0;0;0;0;0;0;0;0;0;0;0;0;0;1;0;0;0;0;0;0;0;0;0;0;0;0
84049;Gigondas;93;84;0;0;0;0;0;0;0;0;0;0;0;0;0;0;0;1;0;1;0;0;1;0;0;0;1;0;0;0;0;0;0;0;0;6;1;0;0
84050;Gordes;93;84;0;1;0;0;0;0;0;0;0;0;1;0;0;0;0;1;0;1;0;0;3;0;1;1;17;6;3;4;4;0;5;0;0;29;9;0;1
84051;Goult;93;84;0;0;0;0;0;0;0;0;0;0;0;0;1;0;0;0;1;1;0;0;3;0;0;0;8;3;3;3;3;0;1;1;0;10;3;0;2
84052;Grambois;93;84;0;0;0;0;0;0;0;0;0;0;0;0;0;0;0;0;0;0;0;1;0;0;0;0;5;0;0;4;8;0;2;0;0;2;3;1;1
84053;Grillon;93;84;0;0;0;0;0;0;0;0;0;0;0;0;0;0;0;0;0;1;0;0;4;0;0;0;13;4;2;3;3;1;5;0;0;2;3;0;2
84054;L'Isle-sur-la-Sorgue;93;84;0;1;0;0;0;0;0;0;0;0;1;0;2;0;0;12;2;1;0;0;32;3;0;7;60;42;28;26;40;5;44;4;1;104;39;4;28
84055;Jonquerettes;93;84;0;0;0;0;0;0;0;0;0;0;0;0;0;0;0;0;0;0;0;0;3;0;0;0;3;3;0;0;2;0;1;1;0;1;4;0;1
84056;Jonquières;93;84;0;0;0;0;0;0;0;0;0;0;0;0;0;0;0;2;3;1;0;0;13;0;0;1;27;12;13;9;11;1;7;1;0;10;3;0;5
84057;Joucas;93;84;0;0;0;0;0;0;0;0;0;0;0;0;0;0;0;0;0;0;0;1;1;0;0;0;5;0;2;1;1;1;0;0;0;2;2;0;0
84058;Lacoste;93;84;0;0;0;0;0;0;0;0;0;0;0;0;0;0;0;0;0;0;0;1;0;0;0;0;2;1;0;2;0;0;0;0;0;4;1;0;0
84059;Lafare;93;84;0;0;0;0;0;0;0;0;0;0;0;0;0;0;0;0;0;0;0;0;0;0;0;0;2;0;0;0;0;0;0;0;0;1;0;0;0
84060;Lagarde-d'Apt;93;84;0;0;0;0;0;0;0;0;0;0;0;0;0;0;0;0;0;0;0;0;0;0;0;0;0;0;0;0;0;0;0;0;0;2;0;0;0
84061;Lagarde-Paréol;93;84;0;0;0;0;0;0;0;0;0;0;0;0;0;0;0;0;0;0;0;0;0;0;0;0;0;1;0;1;0;0;1;0;0;0;0;0;0
84062;Lagnes;93;84;0;0;0;0;0;0;0;0;0;0;0;0;0;0;0;0;0;1;0;0;3;0;0;1;8;1;1;6;2;0;2;0;0;2;2;0;0
84063;Lamotte-du-Rhône;93;84;0;0;0;0;0;0;0;0;0;0;0;0;0;0;0;0;0;0;0;0;1;0;0;0;0;1;2;3;1;0;0;0;0;2;0;0;0
84064;Lapalud;93;84;0;0;0;0;0;0;0;0;0;0;0;0;0;0;0;1;0;1;0;0;9;1;0;1;6;12;4;5;5;1;4;0;0;9;3;0;3
84065;Lauris;93;84;0;0;0;0;0;0;0;0;0;0;0;0;0;0;0;3;1;1;0;0;6;0;0;3;19;7;5;10;12;5;6;0;0;12;7;1;4
84066;Lioux;93;84;0;0;0;0;0;0;0;0;0;0;0;0;0;0;0;0;0;0;0;0;0;0;0;0;3;0;2;1;0;0;0;0;0;1;0;0;1
84067;Loriol-du-Comtat;93;84;0;0;0;0;0;0;0;0;0;0;0;0;0;0;0;0;0;1;0;0;6;0;1;0;17;10;11;1;5;2;5;0;0;2;0;0;4
84068;Lourmarin;93;84;0;0;0;0;0;0;0;0;0;0;0;0;0;0;0;0;0;1;0;0;4;0;0;0;6;2;1;2;1;0;3;0;0;21;7;0;0
84069;Malaucène;93;84;0;1;0;0;0;0;0;0;0;0;0;0;0;0;0;2;3;1;0;0;5;0;0;0;18;6;6;9;10;2;5;0;0;16;3;2;1
84070;Malemort-du-Comtat;93;84;0;0;0;0;0;0;0;0;0;0;0;0;0;0;0;0;0;1;0;0;3;0;0;0;18;4;4;3;4;0;4;0;0;3;0;0;1
84071;Maubec;93;84;0;0;0;0;0;0;0;0;0;0;0;0;1;0;0;2;0;1;0;1;3;2;0;0;16;9;1;8;5;1;5;1;0;17;3;2;3
84072;Mazan;93;84;0;0;0;0;0;0;0;0;0;0;0;0;0;0;0;2;1;1;0;0;11;2;0;2;28;15;10;18;11;2;8;1;0;17;15;2;4
84073;Ménerbes;93;84;0;0;0;0;0;0;0;0;0;0;0;0;0;0;0;0;0;0;0;1;2;0;0;0;15;0;3;3;3;1;2;0;0;7;9;0;0
84074;Mérindol;93;84;0;0;0;0;0;0;0;0;0;0;0;0;0;0;0;0;0;1;0;0;3;0;1;0;8;7;3;6;5;1;2;0;0;12;4;0;2
84075;Méthamis;93;84;0;0;0;0;0;0;0;0;0;0;0;0;0;0;0;0;0;0;0;1;0;0;0;0;2;0;0;0;1;1;0;0;0;0;0;0;0
84076;Mirabeau;93;84;0;0;0;0;0;0;0;0;0;0;0;0;0;0;0;0;0;1;0;0;1;0;0;0;5;1;1;0;1;0;1;0;0;4;4;0;2
84077;Modène;93;84;0;0;0;0;0;0;0;0;0;0;0;0;0;0;0;0;0;0;0;0;1;0;1;0;4;2;0;3;0;0;0;0;0;1;0;0;0
84078;Mondragon;93;84;0;0;0;0;0;0;0;0;0;0;0;0;0;0;0;1;0;1;0;0;4;0;0;1;14;7;4;7;5;2;8;0;0;5;3;1;3
84079;Monieux;93;84;0;0;0;0;0;0;0;0;0;0;0;0;0;0;0;0;0;0;0;1;0;0;0;0;1;0;2;0;0;0;0;0;0;4;0;0;1
84080;Monteux;93;84;0;0;0;0;0;0;0;0;0;0;1;0;0;0;0;8;3;1;0;0;26;2;2;4;54;37;27;26;22;4;23;2;4;22;10;2;15
84081;Morières-lès-Avignon;93;84;0;0;0;0;0;0;0;0;0;0;0;0;0;0;0;3;0;1;0;0;19;2;1;2;33;19;18;20;21;1;15;1;0;15;13;1;13
84082;Mormoiron;93;84;0;1;0;0;0;0;0;0;0;0;1;0;0;0;0;1;0;1;0;0;6;0;0;1;14;3;2;8;3;1;4;0;0;7;0;0;1
84083;Mornas;93;84;0;0;0;0;0;0;0;0;0;0;0;0;0;0;0;0;1;1;0;0;9;0;0;1;8;5;5;4;3;4;4;0;0;8;0;0;2
84084;La Motte-d'Aigues;93;84;0;0;0;0;0;0;0;0;0;0;0;0;0;0;0;0;0;1;0;0;2;0;0;0;9;2;1;3;4;0;5;0;0;2;0;0;1
84085;Murs;93;84;0;0;0;0;0;0;0;0;0;0;0;0;0;0;0;0;0;0;0;1;2;0;0;0;4;0;1;0;0;0;0;0;0;0;0;0;1
84086;Oppède;93;84;0;0;0;0;0;0;0;0;0;0;0;0;0;0;0;0;0;1;0;0;4;0;0;0;13;5;3;5;2;0;3;0;0;3;8;0;3
84087;Orange;93;84;1;1;0;0;1;1;0;0;0;0;5;1;0;0;0;19;7;2;0;0;61;5;3;8;107;52;38;43;36;13;59;5;4;125;39;8;42
84088;Pernes-les-Fontaines;93;84;0;1;0;0;0;0;0;0;0;0;0;0;0;0;0;7;4;1;0;1;42;3;1;3;41;27;19;24;25;2;17;4;0;42;14;3;12
84089;Pertuis;93;84;1;1;0;0;1;0;0;0;0;0;1;1;1;0;0;15;6;1;0;0;45;4;5;9;70;44;34;31;43;12;47;5;7;72;34;3;26
84090;Peypin-d'Aigues;93;84;0;0;0;0;0;0;0;0;0;0;0;0;0;0;0;0;0;0;0;0;0;0;0;0;3;1;3;1;4;0;0;0;0;2;1;0;1
84091;Piolenc;93;84;0;0;0;0;0;0;0;0;0;0;0;0;0;0;0;2;1;1;0;0;16;1;0;1;20;9;6;12;7;1;10;4;0;9;5;2;5
84092;Le Pontet;93;84;0;1;0;0;0;0;0;0;0;0;0;1;2;0;0;11;5;2;0;0;33;4;1;4;91;42;15;32;28;11;32;5;10;76;17;1;23
84093;Puget;93;84;0;0;0;0;0;0;0;0;0;0;0;0;0;0;0;0;0;0;0;0;1;0;0;0;5;1;0;2;1;0;0;0;0;1;1;0;0
84094;Puyméras;93;84;0;0;0;0;0;0;0;0;0;0;0;0;0;0;0;0;0;1;0;0;2;0;0;0;2;0;3;3;5;0;1;0;0;3;1;0;0
84095;Puyvert;93;84;0;0;0;0;0;0;0;0;0;0;0;0;0;0;0;0;0;0;0;0;2;2;0;0;4;2;0;1;1;0;0;1;0;2;1;0;0
84096;Rasteau;93;84;0;0;0;0;0;0;0;0;0;0;0;0;0;0;0;0;0;1;0;0;2;0;0;0;1;2;1;0;2;2;2;0;0;2;1;0;0
84097;Richerenches;93;84;0;0;0;0;0;0;0;0;0;0;0;0;0;0;0;0;0;0;0;1;1;0;0;0;2;1;2;0;3;0;1;0;0;4;1;0;1
84098;Roaix;93;84;0;0;0;0;0;0;0;0;0;0;0;0;0;0;0;0;0;1;0;0;1;0;0;0;5;1;1;2;0;1;3;0;0;3;1;0;0
84099;Robion;93;84;0;1;0;0;0;0;0;0;0;0;0;0;0;0;0;1;1;1;0;0;10;0;0;1;21;15;11;13;12;1;6;3;0;12;8;0;5
84100;La Roque-Alric;93;84;0;0;0;0;0;0;0;0;0;0;0;0;0;0;0;0;0;0;0;0;0;0;0;0;0;0;0;0;0;0;0;0;0;1;0;0;0
84101;La Roque-sur-Pernes;93;84;0;0;0;0;0;0;0;0;0;0;0;0;0;0;0;0;0;0;0;0;0;0;0;0;1;2;0;2;2;0;0;0;0;1;0;0;0
84102;Roussillon;93;84;0;0;0;0;0;0;0;0;0;0;0;0;0;0;0;0;0;1;0;0;1;0;1;0;10;2;3;6;3;0;2;0;0;14;4;0;3
84103;Rustrel;93;84;0;0;0;0;0;0;0;0;0;0;0;0;0;0;0;0;0;1;0;0;0;0;0;0;3;2;1;1;0;0;0;0;0;4;0;0;0
84104;Sablet;93;84;0;0;0;0;0;0;0;0;0;0;0;0;0;0;0;1;0;1;0;0;2;0;0;0;5;5;2;2;1;0;3;0;0;8;1;0;1
84105;Saignon;93;84;0;0;0;0;0;0;0;0;0;0;0;0;0;0;0;0;0;0;0;1;0;0;0;0;5;1;4;4;3;0;1;0;0;4;0;0;1
84106;Sainte-Cécile-les-Vignes;93;84;0;1;0;0;0;0;0;0;0;0;0;0;0;0;0;3;2;1;0;0;4;1;0;3;9;5;3;7;4;0;6;1;2;10;3;1;2
84107;Saint-Christol;93;84;0;0;0;0;0;0;0;0;0;0;0;0;0;0;0;0;0;1;0;0;2;0;0;0;5;1;0;0;3;0;0;0;0;2;1;0;0
84108;Saint-Didier;93;84;0;0;0;0;0;0;0;0;0;0;0;0;0;0;0;0;0;1;0;0;2;0;0;2;11;3;3;4;6;0;4;1;0;11;7;1;4
84109;Saint-Hippolyte-le-Graveyron;93;84;0;0;0;0;0;0;0;0;0;0;0;0;0;0;0;0;0;0;0;0;0;0;0;0;0;0;0;0;0;0;0;0;0;0;0;0;0
84110;Saint-Léger-du-Ventoux;93;84;0;0;0;0;0;0;0;0;0;0;0;0;0;0;0;0;0;0;0;0;0;0;0;0;1;0;0;0;0;0;0;0;0;0;0;0;0
84111;Saint-Marcellin-lès-Vaison;93;84;0;0;0;0;0;0;0;0;0;0;0;0;0;0;0;0;0;0;0;0;0;0;0;0;1;1;0;3;1;0;0;0;0;0;0;0;0
84112;Saint-Martin-de-Castillon;93;84;0;0;0;0;0;0;0;0;0;0;0;0;0;0;0;0;0;0;1;0;0;0;0;0;9;1;5;2;2;0;0;0;0;3;1;0;0
84113;Saint-Martin-de-la-Brasque;93;84;0;0;0;0;0;0;0;0;0;0;0;0;0;0;0;0;0;0;1;0;1;0;0;0;5;1;1;3;0;0;1;0;0;2;2;0;0
84114;Saint-Pantaléon;93;84;0;0;0;0;0;0;0;0;0;0;0;0;0;0;0;0;0;0;0;0;1;0;0;0;0;1;2;0;2;0;1;0;0;3;0;0;1
84115;Saint-Pierre-de-Vassols;93;84;0;0;0;0;0;0;0;0;0;0;0;0;0;0;0;0;0;0;0;1;0;0;0;0;0;0;2;2;2;0;3;0;0;1;2;0;1
84116;Saint-Romain-en-Viennois;93;84;0;0;0;0;0;0;0;0;0;0;0;0;0;0;0;0;0;0;0;0;0;0;0;0;8;3;3;2;1;0;3;0;0;4;0;1;1
84117;Saint-Roman-de-Malegarde;93;84;0;0;0;0;0;0;0;0;0;0;0;0;0;0;0;0;0;0;1;0;0;0;0;0;3;1;0;1;0;0;0;0;0;0;0;0;1
84118;Saint-Saturnin-lès-Apt;93;84;0;0;0;0;0;0;0;0;0;0;0;0;0;0;0;0;1;1;0;0;7;0;0;0;20;2;6;6;7;3;5;0;0;6;10;0;2
84119;Saint-Saturnin-lès-Avignon;93;84;0;1;0;0;0;0;0;0;0;0;0;0;0;0;0;2;1;1;0;0;5;0;0;1;16;5;7;10;14;4;11;0;0;16;6;1;8
84120;Saint-Trinit;93;84;0;0;0;0;0;0;0;0;0;0;0;0;0;0;0;0;0;0;0;0;1;0;0;0;0;1;0;0;0;0;0;0;0;1;0;0;0
84121;Sannes;93;84;0;0;0;0;0;0;0;0;0;0;0;0;0;0;0;0;0;0;0;0;0;0;0;0;0;0;1;0;0;0;0;0;0;1;0;0;0
84122;Sarrians;93;84;0;0;0;0;0;0;0;0;0;0;0;0;0;0;0;3;2;1;0;0;21;2;0;3;24;20;22;15;8;2;9;1;1;9;3;2;7
84123;Sault;93;84;0;1;0;0;0;0;0;0;0;0;0;0;1;0;0;1;2;1;0;0;3;0;0;0;5;4;1;5;2;0;1;1;0;9;2;1;2
84124;Saumane-de-Vaucluse;93;84;0;0;0;0;0;0;0;0;0;0;0;0;0;0;0;0;0;0;0;0;1;0;1;0;5;2;1;1;1;2;0;0;0;5;2;0;2
84125;Savoillan;93;84;0;0;0;0;0;0;0;0;0;0;0;0;0;0;0;0;0;0;0;0;0;0;0;0;1;0;0;0;0;0;0;0;0;0;0;0;0
84126;Séguret;93;84;0;0;0;0;0;0;0;0;0;0;0;0;0;0;0;0;0;0;0;1;1;0;0;0;6;0;1;1;0;0;0;0;0;7;1;0;1
84127;Sérignan-du-Comtat;93;84;0;0;0;0;0;0;0;0;0;0;0;0;0;0;0;0;0;1;0;0;4;0;0;0;11;5;5;3;5;0;5;0;0;5;3;0;4
84128;Sivergues;93;84;0;0;0;0;0;0;0;0;0;0;0;0;0;0;0;0;0;0;0;0;0;0;0;0;0;0;0;0;0;0;0;0;0;0;0;0;0
84129;Sorgues;93;84;0;1;0;0;0;0;0;0;0;0;1;0;1;0;0;9;3;1;0;0;46;3;0;3;84;33;24;43;38;5;35;7;0;52;9;4;21
84130;Suzette;93;84;0;0;0;0;0;0;0;0;0;0;0;0;0;0;0;0;0;0;0;0;0;0;0;0;0;0;0;0;0;0;0;0;0;2;0;0;0
84131;Taillades;93;84;0;0;0;0;0;0;0;0;0;0;0;0;0;0;0;0;1;1;0;0;4;0;0;0;12;2;8;6;3;0;3;0;0;3;5;0;3
84132;Le Thor;93;84;0;0;0;0;0;0;0;0;0;0;0;0;1;0;0;4;4;1;0;0;20;1;0;2;42;20;16;21;22;3;11;2;0;21;8;1;9
84133;La Tour-d'Aigues;93;84;0;0;0;0;0;0;0;0;0;0;0;0;1;0;0;3;4;1;0;0;10;0;0;1;24;7;9;4;6;0;6;1;0;12;5;0;4
84134;Travaillan;93;84;0;0;0;0;0;0;0;0;0;0;0;0;0;0;0;0;0;0;0;1;1;0;0;0;3;1;0;1;1;0;0;0;0;3;0;0;0
84135;Uchaux;93;84;0;0;0;0;0;0;0;0;0;0;0;0;0;0;0;0;0;0;0;1;1;0;0;0;6;2;1;4;5;0;2;0;0;6;2;0;1
84136;Vacqueyras;93;84;0;0;0;0;0;0;0;0;0;0;0;0;0;0;0;0;0;1;0;0;0;0;0;0;2;1;1;0;3;0;2;0;0;3;0;0;1
84137;Vaison-la-Romaine;93;84;0;1;0;0;0;0;0;0;0;0;1;0;1;0;0;9;2;1;0;0;17;3;0;4;22;24;15;9;9;2;16;4;0;77;17;4;13
84138;Valréas;93;84;0;1;0;0;0;0;0;0;0;0;1;0;1;0;0;8;3;1;0;0;22;3;0;4;27;14;12;11;5;0;20;1;3;38;17;2;9
84139;Fontaine-de-Vaucluse;93;84;0;0;0;0;0;0;0;0;0;0;0;0;0;0;0;0;0;1;0;0;2;0;0;0;5;0;1;1;2;0;2;0;0;20;0;0;1
84140;Vaugines;93;84;0;0;0;0;0;0;0;0;0;0;0;0;0;0;0;0;0;0;0;0;1;0;0;0;3;3;0;3;3;0;1;0;0;1;0;0;0
84141;Vedène;93;84;0;0;0;0;0;0;0;0;0;0;0;0;0;0;0;4;2;1;0;0;24;2;0;2;39;29;25;24;23;2;14;1;0;26;20;2;14
84142;Velleron;93;84;0;0;0;0;0;0;0;0;0;0;0;0;0;0;0;1;0;1;0;0;2;0;0;3;15;14;5;4;8;1;7;2;0;7;5;0;3
84143;Venasque;93;84;0;0;0;0;0;0;0;0;0;0;0;0;0;0;0;1;0;0;0;1;5;0;0;0;6;4;3;2;3;2;0;0;0;3;0;0;0
84144;Viens;93;84;0;0;0;0;0;0;0;0;0;0;0;0;0;0;0;0;0;1;0;0;0;0;0;0;9;0;1;0;3;1;1;0;0;4;0;0;0
84145;Villars;93;84;0;0;0;0;0;0;0;0;0;0;0;0;0;0;0;0;0;0;0;1;1;0;0;0;5;2;1;1;3;0;2;0;0;4;1;0;0
84146;Villedieu;93;84;0;0;0;0;0;0;0;0;0;0;0;0;0;0;0;0;0;1;0;0;0;0;0;0;1;0;0;2;0;0;0;0;0;2;1;0;0
84147;Villelaure;93;84;0;0;0;0;0;0;0;0;0;0;0;0;0;0;0;1;0;1;0;0;5;0;0;1;14;8;11;13;6;3;3;0;0;2;8;1;4
84148;Villes-sur-Auzon;93;84;0;0;0;0;0;0;0;0;0;0;0;0;0;0;0;1;0;1;0;0;2;0;0;0;12;1;0;4;3;0;3;0;0;7;2;2;0
84149;Violès;93;84;0;0;0;0;0;0;0;0;0;0;0;0;0;0;0;0;0;1;0;0;1;0;0;0;5;3;2;5;3;0;1;0;0;7;2;0;1
84150;Visan;93;84;0;0;0;0;0;0;0;0;0;0;0;0;0;0;0;1;0;1;0;0;4;0;0;1;6;6;4;3;7;0;3;0;0;6;2;0;2
84151;Vitrolles-en-Lubéron;93;84;0;0;0;0;0;0;0;0;0;0;0;0;0;0;0;0;0;0;0;0;0;0;0;0;1;0;0;0;0;0;0;0;0;0;0;0;0
85001;L'Aiguillon-sur-Mer;52;85;0;0;0;0;0;0;0;0;0;0;0;0;0;0;0;4;2;1;0;0;2;1;0;1;7;4;6;4;3;1;3;0;0;12;5;0;1
85002;L'Aiguillon-sur-Vie;52;85;0;0;0;0;0;0;0;0;0;0;0;0;0;0;0;0;0;0;0;1;4;0;0;1;2;7;6;3;2;3;2;0;0;2;0;0;3
85003;Aizenay;52;85;0;0;0;0;0;0;0;0;0;0;0;0;0;0;0;6;1;1;0;0;17;1;0;1;15;19;21;10;6;3;11;4;2;12;15;2;8
85004;Angles;52;85;0;0;0;0;0;0;0;0;0;0;0;0;0;0;0;3;1;1;0;0;4;1;0;1;7;6;4;3;0;2;6;4;0;5;4;0;1
85005;Antigny;52;85;0;0;0;0;0;0;0;0;0;0;0;0;0;0;0;0;0;0;1;0;2;0;0;0;0;0;5;4;1;0;1;0;0;2;0;0;0
85006;Apremont;52;85;0;0;0;0;0;0;0;0;0;0;0;0;0;0;0;1;0;0;1;0;2;0;0;0;7;3;4;1;5;0;1;0;0;4;1;0;0
85008;Aubigny-Les Clouzeaux;52;85;0;0;0;0;0;0;0;0;0;0;0;0;0;0;0;1;1;1;0;1;10;0;0;2;7;11;11;16;2;2;9;0;0;5;3;0;5
85009;Auzay;52;85;0;0;0;0;0;0;0;0;0;0;0;0;0;0;0;0;0;0;0;0;0;0;0;0;1;1;0;0;1;0;1;0;0;1;0;0;0
85010;Avrillé;52;85;0;0;0;0;0;0;0;0;0;0;0;0;0;0;0;1;0;0;0;1;1;0;1;0;4;0;3;2;3;0;2;0;0;11;1;0;2
85011;Barbâtre;52;85;0;0;0;0;0;0;0;0;0;0;0;0;0;0;0;2;0;1;0;0;3;0;0;0;4;7;1;3;3;1;3;0;0;4;3;0;0
85012;La Barre-de-Monts;52;85;0;0;0;0;0;0;0;0;0;0;0;0;0;0;0;2;0;1;0;0;4;0;0;0;5;5;8;6;5;0;2;0;0;12;3;2;2
85013;Bazoges-en-Paillers;52;85;0;0;0;0;0;0;0;0;0;0;0;0;0;0;0;1;0;0;0;1;2;0;0;0;1;2;1;1;0;1;2;1;0;0;0;0;0
85014;Bazoges-en-Pareds;52;85;0;0;0;0;0;0;0;0;0;0;0;0;0;0;0;0;0;0;1;0;3;0;0;1;3;0;1;0;1;0;3;0;0;3;0;0;0
85015;Beaufou;52;85;0;0;0;0;0;0;0;0;0;0;0;0;0;0;0;0;1;0;0;0;2;0;0;0;4;2;6;3;2;0;1;0;0;1;0;0;2
85016;Beaulieu-sous-la-Roche;52;85;0;0;0;0;0;0;0;0;0;0;0;0;0;0;0;2;0;0;0;1;8;0;0;1;5;2;7;3;1;1;3;0;0;3;1;0;3
85017;Beaurepaire;52;85;0;0;0;0;0;0;0;0;0;0;0;0;0;0;0;0;0;0;1;0;2;0;0;2;3;6;4;1;3;0;3;0;0;1;0;0;1
85018;Beauvoir-sur-Mer;52;85;0;1;0;0;0;0;0;0;0;0;1;0;0;0;0;6;1;1;0;0;7;1;1;1;8;4;11;7;10;1;5;1;0;14;6;1;4
85019;Bellevigny;52;85;0;0;0;0;0;0;0;0;0;0;0;0;0;0;0;3;1;1;0;0;12;1;0;4;4;10;12;5;5;4;5;1;0;6;0;1;6
85020;Benet;52;85;0;0;0;0;0;0;0;0;0;0;0;0;0;0;0;2;1;1;0;0;7;1;0;2;7;3;5;6;4;0;4;1;0;3;2;1;2
85021;La Bernardière;52;85;0;0;0;0;0;0;0;0;0;0;0;0;0;0;0;0;0;0;0;0;2;0;0;0;2;3;2;2;3;1;2;0;0;0;1;0;1
85022;Le Bernard;52;85;0;0;0;0;0;0;0;0;0;0;0;0;0;0;0;0;0;0;0;0;1;0;0;0;7;2;0;4;0;1;1;0;0;2;1;0;0
85023;Bessay;52;85;0;0;0;0;0;0;0;0;0;0;0;0;0;0;0;0;0;0;0;0;0;0;0;0;0;0;1;1;0;0;0;0;0;0;0;0;0
85024;Bois-de-Céné;52;85;0;0;0;0;0;0;0;0;0;0;0;0;0;0;0;3;0;0;0;1;2;0;0;0;5;4;7;3;0;1;2;0;0;2;2;0;2
85025;La Boissière-de-Montaigu;52;85;0;0;0;0;0;0;0;0;0;0;0;0;0;0;0;1;0;0;0;1;1;0;0;0;3;2;6;4;1;0;2;0;0;0;1;0;1
85026;La Boissière-des-Landes;52;85;0;0;0;0;0;0;0;0;0;0;0;0;0;0;0;0;0;0;0;1;1;0;0;0;1;3;2;2;2;0;1;0;0;2;0;0;0
85027;Boufféré;52;85;0;0;0;0;0;0;0;0;0;0;0;1;0;0;0;0;0;0;1;0;5;1;0;1;3;5;2;7;3;1;6;2;7;10;5;1;3
85028;Bouillé-Courdault;52;85;0;0;0;0;0;0;0;0;0;0;0;0;0;0;0;0;0;0;0;0;0;0;0;0;0;0;1;0;1;0;0;0;0;2;0;0;0
85029;Bouin;52;85;0;0;0;0;0;0;0;0;0;0;0;0;0;0;0;4;0;1;0;0;4;0;0;0;3;1;8;3;0;0;4;0;0;12;1;0;0
85031;Le Boupère;52;85;0;0;0;0;0;0;0;0;0;0;0;0;0;0;0;2;1;0;0;1;4;0;0;1;1;2;5;1;2;0;4;0;0;5;0;0;2
85033;Bourneau;52;85;0;0;0;0;0;0;0;0;0;0;0;0;0;0;0;0;0;0;0;1;1;0;0;0;0;1;1;0;1;0;2;0;0;1;0;0;0
85034;Bournezeau;52;85;0;0;0;0;0;0;0;0;0;0;0;0;0;0;0;3;0;0;1;0;5;0;0;1;3;2;6;1;2;1;4;1;0;6;1;0;3
85035;Bretignolles-sur-Mer;52;85;0;0;0;0;0;0;0;0;0;0;0;0;0;0;0;5;2;1;0;0;4;1;0;0;10;10;15;6;9;8;10;1;0;41;12;1;5
85036;La Bretonnière-la-Claye;52;85;0;0;0;0;0;0;0;0;0;0;0;0;0;0;0;0;0;0;0;0;0;0;0;0;1;1;1;0;2;0;1;0;0;0;1;0;0
85037;Breuil-Barret;52;85;0;0;0;0;0;0;0;0;0;0;0;0;0;0;0;0;0;0;0;0;1;0;0;0;3;0;1;1;0;1;2;0;0;1;0;0;1
85038;Les Brouzils;52;85;0;0;0;0;0;0;0;0;0;0;0;0;0;0;0;2;1;0;0;1;3;0;0;1;3;5;3;3;2;0;3;0;0;2;1;0;2
85039;La Bruffière;52;85;0;0;0;0;0;0;0;0;0;0;0;0;0;0;0;2;0;1;0;0;6;0;0;2;4;3;6;5;3;1;4;1;0;5;1;0;1
85040;La Caillère-Saint-Hilaire;52;85;0;0;0;0;0;0;0;0;0;0;0;0;0;0;0;2;1;0;0;1;3;0;0;0;7;2;4;1;0;0;1;0;0;1;1;0;2
85041;Cezais;52;85;0;0;0;0;0;0;0;0;0;0;0;0;0;0;0;0;0;0;0;0;0;0;0;0;1;0;0;1;0;0;0;0;0;0;0;0;0
85042;Chaillé-les-Marais;52;85;0;1;0;0;0;0;0;0;0;0;1;0;0;0;0;4;1;1;0;0;4;0;0;1;3;2;8;3;4;0;4;4;0;6;1;0;3
85044;Chaix;52;85;0;0;0;0;0;0;0;0;0;0;0;0;0;0;0;0;0;0;0;0;0;0;0;0;0;0;0;1;0;0;1;0;0;0;0;0;0
85045;La Chaize-Giraud;52;85;0;0;0;0;0;0;0;0;0;0;0;0;0;0;0;0;0;0;0;0;3;0;0;0;2;0;7;2;2;0;2;0;0;1;0;0;1
85046;La Chaize-le-Vicomte;52;85;0;0;0;0;0;0;0;0;0;0;0;0;0;0;0;2;1;1;0;0;9;1;0;2;4;4;7;4;5;5;6;0;0;4;2;0;3
85047;Challans;52;85;0;1;0;0;0;0;0;0;0;0;5;1;0;0;0;14;3;1;0;0;43;5;1;9;23;38;32;24;18;8;31;8;13;57;22;6;20
85048;Chambretaud;52;85;0;0;0;0;0;0;0;0;0;0;0;0;0;0;0;2;0;0;1;0;3;0;0;0;1;1;2;2;1;0;1;0;0;3;0;0;0
85049;Champagné-les-Marais;52;85;0;0;0;0;0;0;0;0;0;0;0;0;0;0;0;1;1;1;0;0;0;0;0;0;3;2;2;1;1;1;2;0;0;5;1;0;0
85050;Le Champ-Saint-Père;52;85;0;0;0;0;0;0;0;0;0;0;0;0;0;0;0;1;1;1;0;0;3;0;0;1;4;3;2;3;3;0;3;0;0;2;2;0;2
85051;Chantonnay;52;85;0;1;0;0;0;0;0;0;0;0;1;0;0;0;0;6;1;1;0;2;14;2;0;4;14;7;18;8;5;7;12;2;4;14;5;2;4
85052;La Chapelle-Achard;52;85;0;0;0;0;0;0;0;0;0;0;0;0;0;0;0;0;0;0;0;0;2;0;0;0;5;4;1;2;5;0;4;0;0;2;2;0;3
85053;La Chapelle-aux-Lys;52;85;0;0;0;0;0;0;0;0;0;0;0;0;0;0;0;0;0;0;0;0;0;0;0;0;0;0;2;0;0;0;0;0;0;0;0;0;1
85054;La Chapelle-Hermier;52;85;0;0;0;0;0;0;0;0;0;0;0;0;0;0;0;0;0;0;0;0;0;0;0;0;2;0;5;2;1;0;2;0;0;2;2;1;0
85055;La Chapelle-Palluau;52;85;0;0;0;0;0;0;0;0;0;0;0;0;0;0;0;0;0;0;0;0;2;0;0;1;3;2;2;2;0;0;1;0;0;0;0;0;0
85056;La Chapelle-Thémer;52;85;0;0;0;0;0;0;0;0;0;0;0;0;0;0;0;0;0;0;0;0;0;0;0;0;1;1;0;0;0;0;0;0;0;1;1;0;0
85058;Chasnais;52;85;0;0;0;0;0;0;0;0;0;0;0;0;0;0;0;0;0;0;0;0;0;0;0;0;2;1;1;1;2;0;0;0;0;1;0;0;0
85059;La Châtaigneraie;52;85;0;1;0;0;0;0;0;0;0;0;1;0;0;0;0;4;0;1;0;0;6;2;0;3;1;3;3;1;3;0;6;0;1;5;5;1;2
85060;Château-d'Olonne;52;85;0;0;0;0;0;0;0;0;0;0;0;0;0;0;0;5;1;1;0;0;21;2;0;4;28;27;33;12;16;5;19;2;1;32;16;1;10
85061;Château-Guibert;52;85;0;0;0;0;0;0;0;0;0;0;0;0;0;0;0;0;0;0;0;0;2;0;0;0;0;1;4;3;0;0;1;0;0;0;0;0;1
85062;Châteauneuf;52;85;0;0;0;0;0;0;0;0;0;0;0;0;0;0;0;1;0;0;0;0;3;0;0;0;3;4;3;1;3;0;1;0;0;0;0;0;0
85064;Chauché;52;85;0;0;0;0;0;0;0;0;0;0;0;0;0;0;0;1;1;0;0;1;6;0;0;0;3;3;4;3;3;2;3;0;0;1;0;0;3
85065;Chavagnes-en-Paillers;52;85;0;0;0;0;0;0;0;0;0;0;0;0;0;0;0;3;0;1;0;0;4;0;0;1;4;4;6;2;3;1;4;1;0;4;1;0;3
85066;Chavagnes-les-Redoux;52;85;0;0;0;0;0;0;0;0;0;0;0;0;0;0;0;1;0;0;0;1;0;0;0;0;0;1;0;0;1;1;3;0;0;0;1;0;0
85067;Cheffois;52;85;0;0;0;0;0;0;0;0;0;0;0;0;0;0;0;0;0;0;0;1;3;0;0;0;1;0;2;0;1;1;2;0;0;2;0;0;1
85070;Coëx;52;85;0;0;0;0;0;0;0;0;0;0;0;0;0;0;0;3;1;1;0;0;5;1;1;1;6;9;9;0;2;1;5;3;1;5;4;0;4
85071;Commequiers;52;85;0;0;0;0;0;0;0;0;0;0;0;0;0;0;0;2;0;1;0;0;2;1;0;1;8;4;8;3;4;0;6;2;0;4;1;0;1
85072;La Copechagnière;52;85;0;0;0;0;0;0;0;0;0;0;0;0;0;0;0;0;0;0;0;1;2;0;0;0;1;0;2;1;2;1;1;0;0;0;0;0;2
85073;Corpe;52;85;0;0;0;0;0;0;0;0;0;0;0;0;0;0;0;0;0;0;0;0;0;0;0;0;1;2;1;0;0;0;3;0;0;1;1;0;1
85074;La Couture;52;85;0;0;0;0;0;0;0;0;0;0;0;0;0;0;0;0;0;0;0;0;0;0;0;0;1;0;1;1;1;0;0;0;1;0;1;0;0
85076;Cugand;52;85;0;0;0;0;0;0;0;0;0;0;0;0;0;0;0;3;1;1;0;0;4;1;0;0;4;5;8;3;2;1;5;0;0;4;1;0;1
85077;Curzon;52;85;0;0;0;0;0;0;0;0;0;0;0;0;0;0;0;1;0;0;1;0;0;0;0;0;1;2;0;0;0;0;1;0;0;1;0;0;0
85078;Damvix;52;85;0;0;0;0;0;0;0;0;0;0;0;0;0;0;0;0;0;0;0;1;1;0;0;0;2;1;2;1;4;0;1;0;0;2;0;0;0
85080;Doix lès Fontaines;52;85;0;0;0;0;0;0;0;0;0;0;0;0;0;0;0;1;0;0;1;1;4;0;0;0;3;1;4;0;2;0;2;0;0;0;1;0;1
85081;Dompierre-sur-Yon;52;85;0;0;0;0;0;0;0;0;0;0;0;0;0;0;0;4;0;0;1;0;5;0;0;1;6;6;8;2;5;0;5;0;0;3;1;0;2
85082;Les Epesses;52;85;0;0;0;0;0;0;0;0;0;0;0;0;0;0;0;3;2;1;0;0;4;0;0;2;3;2;8;1;4;0;4;0;0;5;1;0;3
85083;L'Épine;52;85;0;0;0;0;0;0;0;0;0;0;0;0;0;0;0;1;0;1;0;0;0;0;0;1;4;2;1;1;0;0;1;0;0;7;2;0;0
85084;Essarts en Bocage;52;85;0;1;0;0;0;0;0;0;0;0;0;0;0;0;0;6;1;1;0;1;24;4;0;4;10;10;21;12;4;1;9;8;1;14;2;1;5
85086;Falleron;52;85;0;0;0;0;0;0;0;0;0;0;0;0;0;0;0;1;0;0;0;1;2;0;0;1;4;3;9;3;3;0;4;0;0;4;1;0;0
85087;Faymoreau;52;85;0;0;0;0;0;0;0;0;0;0;0;0;0;0;0;0;0;0;0;0;0;0;0;0;0;1;0;0;0;1;0;0;0;1;0;0;0
85088;Le Fenouiller;52;85;0;0;0;0;0;0;0;0;0;0;0;0;0;0;0;1;0;0;0;1;2;0;0;0;8;9;6;4;4;0;4;0;0;8;3;1;3
85089;La Ferrière;52;85;0;0;0;0;0;0;0;0;0;0;0;0;0;0;0;2;2;1;0;0;7;1;0;2;3;8;8;6;4;1;9;2;0;4;1;0;3
85090;Sèvremont;52;85;0;0;0;0;0;0;0;0;0;0;0;0;0;0;0;4;2;1;1;1;8;0;0;2;14;7;15;4;3;2;11;0;0;13;2;0;5
85092;Fontenay-le-Comte;52;85;1;1;0;0;1;0;0;0;0;0;4;1;0;0;0;11;5;1;0;1;29;5;1;12;16;14;20;23;9;6;23;2;8;36;9;6;11
85093;Fougeré;52;85;0;0;0;0;0;0;0;0;0;0;0;0;0;0;0;1;0;0;0;1;0;0;0;2;1;2;1;1;3;1;1;0;0;3;0;0;0
85094;Foussais-Payré;52;85;0;0;0;0;0;0;0;0;0;0;0;0;0;0;0;1;0;0;1;0;3;0;0;0;2;2;4;1;1;0;2;1;0;1;0;0;1
85095;Froidfond;52;85;0;0;0;0;0;0;0;0;0;0;0;0;0;0;0;1;0;0;0;1;3;1;0;0;6;5;3;4;2;0;6;0;0;2;1;0;1
85096;La Garnache;52;85;0;0;0;0;0;0;0;0;0;0;0;0;0;0;0;2;1;0;0;1;10;0;1;2;12;10;20;4;4;0;5;0;0;7;3;0;1
85097;La Gaubretière;52;85;0;0;0;0;0;0;0;0;0;0;0;0;0;0;0;3;1;1;0;0;3;0;0;2;8;4;7;3;3;0;3;0;0;2;0;0;2
85098;La Génétouze;52;85;0;0;0;0;0;0;0;0;0;0;0;0;0;0;0;0;0;0;1;0;2;0;0;0;0;4;0;1;2;2;2;0;0;1;0;0;2
85099;Le Girouard;52;85;0;0;0;0;0;0;0;0;0;0;0;0;0;0;0;0;0;0;0;1;0;0;0;0;0;2;5;0;0;0;1;0;0;1;0;0;0
85100;Givrand;52;85;0;0;0;0;0;0;0;0;0;0;0;0;0;0;0;0;0;0;0;1;4;0;1;0;6;3;7;2;4;2;1;0;0;3;0;0;1
85101;Le Givre;52;85;0;0;0;0;0;0;0;0;0;0;0;0;0;0;0;1;0;0;0;0;2;0;0;0;1;0;3;0;0;0;0;0;0;0;0;0;0
85102;Grand'Landes;52;85;0;0;0;0;0;0;0;0;0;0;0;0;0;0;0;0;0;0;0;0;0;0;0;0;0;4;2;0;0;0;0;0;0;1;0;0;0
85103;Grosbreuil;52;85;0;0;0;0;0;0;0;0;0;0;0;0;0;0;0;0;0;0;1;0;3;0;0;1;2;5;10;2;1;0;1;0;0;2;0;0;2
85104;Grues;52;85;0;0;0;0;0;0;0;0;0;0;0;0;0;0;0;1;0;0;0;1;2;0;0;0;4;0;2;1;2;1;2;0;0;1;0;0;1
85105;Le Gué-de-Velluire;52;85;0;0;0;0;0;0;0;0;0;0;0;0;0;0;0;0;0;0;0;0;2;0;0;0;1;1;0;0;0;0;0;0;0;1;0;0;0
85106;La Guérinière;52;85;0;0;0;0;0;0;0;0;0;0;0;0;0;0;0;0;0;1;0;0;4;1;1;0;7;11;10;5;6;0;3;0;0;4;2;0;1
85107;La Guyonnière;52;85;0;0;0;0;0;0;0;0;0;0;0;0;0;0;0;1;0;0;1;0;9;0;0;1;1;7;6;7;2;0;3;0;0;2;0;0;1
85108;L'Herbergement;52;85;0;0;0;0;0;0;0;0;0;0;0;0;0;0;0;3;0;1;0;0;3;0;0;1;1;2;6;2;0;2;4;1;0;4;0;0;0
85109;Les Herbiers;52;85;0;1;0;0;0;0;0;0;0;0;2;1;0;0;0;12;4;1;0;0;29;4;1;9;10;20;33;14;11;4;24;7;17;33;12;4;14
85110;L'Hermenault;52;85;0;1;0;0;0;0;0;0;0;0;0;0;0;0;0;3;1;1;0;0;1;0;0;0;1;0;1;1;2;1;2;0;0;1;0;0;0
85111;L'Île-d'Elle;52;85;0;0;0;0;0;0;0;0;0;0;0;0;0;0;0;1;0;0;0;1;3;0;0;0;3;3;2;3;4;1;3;0;0;2;0;0;0
85112;L'Île-d'Olonne;52;85;0;0;0;0;0;0;0;0;0;0;0;0;0;0;0;1;0;0;0;1;4;0;0;1;9;8;4;7;4;3;7;0;0;5;0;0;2
85113;L'Île-d'Yeu;52;85;0;1;0;0;0;0;0;0;0;0;1;1;0;0;0;4;2;1;0;0;5;1;1;0;32;17;20;4;8;5;11;2;0;27;4;3;4
85114;Jard-sur-Mer;52;85;0;0;0;0;0;0;0;0;0;0;0;0;0;0;0;3;1;1;0;0;3;0;0;1;6;6;12;4;6;4;7;0;0;18;13;1;3
85115;La Jaudonnière;52;85;0;0;0;0;0;0;0;0;0;0;0;0;0;0;0;0;0;0;0;1;0;0;0;0;3;0;1;1;2;0;2;0;0;0;0;0;0
85116;La Jonchère;52;85;0;0;0;0;0;0;0;0;0;0;0;0;0;0;0;0;0;0;0;0;0;0;0;0;4;0;1;0;0;1;1;0;0;0;0;0;0
85117;Lairoux;52;85;0;0;0;0;0;0;0;0;0;0;0;0;0;0;0;0;0;0;0;0;1;0;0;0;2;0;3;1;3;1;0;0;0;1;1;1;0
85118;Landeronde;52;85;0;0;0;0;0;0;0;0;0;0;0;0;0;0;0;1;0;0;1;0;5;0;0;2;5;7;8;4;3;0;2;0;0;2;1;0;2
85119;Les Landes-Genusson;52;85;0;0;0;0;0;0;0;0;0;0;0;0;0;0;0;4;2;0;0;1;3;1;0;1;2;5;4;2;2;0;2;0;0;2;0;0;1
85120;Landevieille;52;85;0;0;0;0;0;0;0;0;0;0;0;0;0;0;0;1;0;0;1;0;2;0;0;0;4;3;2;3;2;0;4;0;0;3;0;0;0
85121;Le Langon;52;85;0;0;0;0;0;0;0;0;0;0;0;0;0;0;0;0;0;0;0;1;3;0;0;0;3;4;3;4;0;1;0;0;0;1;0;0;0
85123;Liez;52;85;0;0;0;0;0;0;0;0;0;0;0;0;0;0;0;0;0;0;0;0;0;0;0;0;0;0;2;1;0;0;0;0;0;0;0;0;0
85125;Loge-Fougereuse;52;85;0;0;0;0;0;0;0;0;0;0;0;0;0;0;0;0;0;0;0;0;1;0;0;0;0;0;0;1;0;0;1;0;0;0;0;0;0
85126;Longèves;52;85;0;0;0;0;0;0;0;0;0;0;0;0;0;0;0;1;0;0;0;0;1;0;0;0;0;1;4;1;2;0;2;0;0;1;0;0;0
85127;Longeville-sur-Mer;52;85;0;0;0;0;0;0;0;0;0;0;0;0;0;0;0;2;0;1;0;0;7;1;0;1;5;7;2;6;3;4;4;0;0;16;6;0;2
85128;Luçon;52;85;0;1;0;0;0;0;0;0;0;0;2;1;0;0;0;7;2;1;0;0;11;3;0;4;9;9;12;13;7;6;18;3;3;33;11;3;9
85129;Les Lucs-sur-Boulogne;52;85;0;0;0;0;0;0;0;0;0;0;0;0;0;0;0;2;1;1;0;0;5;0;0;1;6;4;2;3;3;0;3;0;0;5;2;0;2
85130;Maché;52;85;0;0;0;0;0;0;0;0;0;0;0;0;0;0;0;1;0;0;0;0;2;1;0;1;1;5;1;1;1;0;2;0;0;2;0;0;0
85131;Les Magnils-Reigniers;52;85;0;0;0;0;0;0;0;0;0;0;0;0;0;0;0;0;0;0;0;0;4;0;0;0;2;1;3;2;2;0;2;0;0;1;0;0;0
85132;Maillé;52;85;0;0;0;0;0;0;0;0;0;0;0;0;0;0;0;0;0;0;0;1;0;0;0;0;3;1;3;2;1;0;1;0;0;1;0;0;0
85133;Maillezais;52;85;0;1;0;0;0;0;0;0;0;0;1;0;0;0;0;3;1;1;0;0;3;0;0;0;3;2;2;0;3;0;4;0;0;3;0;0;1
85134;Mallièvre;52;85;0;0;0;0;0;0;0;0;0;0;0;0;0;0;0;0;0;0;0;0;0;0;0;0;1;2;1;0;0;0;1;0;0;0;0;0;0
85135;Mareuil-sur-Lay-Dissais;52;85;0;1;0;0;0;0;0;0;0;0;0;0;0;0;0;2;1;1;0;0;2;1;0;2;2;2;1;4;2;0;5;2;0;6;4;1;2
85136;Marillet;52;85;0;0;0;0;0;0;0;0;0;0;0;0;0;0;0;0;0;0;0;0;0;0;0;0;0;0;0;0;0;0;0;0;0;0;0;0;0
85137;Marsais-Sainte-Radégonde;52;85;0;0;0;0;0;0;0;0;0;0;0;0;0;0;0;0;0;0;0;0;0;0;0;0;3;1;1;0;0;0;1;0;0;0;0;0;0
85138;Martinet;52;85;0;0;0;0;0;0;0;0;0;0;0;0;0;0;0;0;0;0;1;0;1;0;0;0;2;3;1;0;2;0;2;1;0;0;0;0;1
85139;Le Mazeau;52;85;0;0;0;0;0;0;0;0;0;0;0;0;0;0;0;0;0;0;1;0;0;0;0;0;0;0;1;2;1;0;0;0;0;0;0;0;0
85140;La Meilleraie-Tillay;52;85;0;0;0;0;0;0;0;0;0;0;0;0;0;0;0;0;0;0;0;1;3;0;0;0;3;0;2;0;2;0;2;0;0;4;0;0;1
85141;Menomblet;52;85;0;0;0;0;0;0;0;0;0;0;0;0;0;0;0;0;0;0;0;1;2;0;0;0;0;0;1;2;0;0;0;0;0;0;0;0;0
85142;La Merlatière;52;85;0;0;0;0;0;0;0;0;0;0;0;0;0;0;0;0;0;0;0;0;1;0;0;0;0;1;4;0;1;0;1;0;0;1;0;0;1
85143;Mervent;52;85;0;0;0;0;0;0;0;0;0;0;0;0;0;0;0;0;0;0;0;1;2;0;0;0;0;2;3;3;1;0;1;0;0;9;1;0;0
85144;Mesnard-la-Barotière;52;85;0;0;0;0;0;0;0;0;0;0;0;0;0;0;0;1;0;0;1;0;0;0;0;0;0;3;2;3;0;0;1;0;0;0;1;0;2
85145;Monsireigne;52;85;0;0;0;0;0;0;0;0;0;0;0;0;0;0;0;0;0;0;0;1;1;0;0;0;0;4;2;0;1;0;1;0;0;0;0;0;1
85146;Montaigu;52;85;0;1;0;0;0;0;0;0;0;0;1;0;0;0;0;7;2;1;0;0;4;2;0;2;3;5;7;6;1;2;12;4;10;17;7;0;3
85147;Montournais;52;85;0;0;0;0;0;0;0;0;0;0;0;0;0;0;0;1;1;0;1;0;2;0;0;1;2;2;2;2;2;0;2;0;0;1;0;0;0
85148;Montreuil;52;85;0;0;0;0;0;0;0;0;0;0;0;0;0;0;0;0;1;0;0;0;0;0;0;0;3;3;1;1;0;0;1;0;0;1;1;0;1
85149;Moreilles;52;85;0;0;0;0;0;0;0;0;0;0;0;0;0;0;0;0;0;0;0;0;1;0;0;0;0;0;1;0;1;0;0;0;0;2;0;0;0
85151;Mortagne-sur-Sèvre;52;85;0;1;0;0;0;0;0;0;0;0;1;0;0;0;0;5;1;1;0;0;8;1;1;2;6;9;11;8;4;1;10;1;1;11;3;0;4
85152;La Mothe-Achard;52;85;0;1;0;0;0;0;0;0;0;0;1;0;0;0;0;4;1;1;0;0;6;1;0;3;3;6;6;5;2;0;4;2;2;5;8;1;2
85153;Mouchamps;52;85;0;0;0;0;0;0;0;0;0;0;0;0;0;0;0;2;1;0;0;1;4;0;0;1;3;4;6;4;2;0;4;0;0;3;0;0;1
85154;Mouilleron-Saint-Germain;52;85;0;0;0;0;0;0;0;0;0;0;0;0;0;0;0;3;0;1;0;0;5;0;0;1;1;1;2;3;2;0;3;0;0;5;0;0;0
85155;Mouilleron-le-Captif;52;85;0;0;0;0;0;0;0;0;0;0;0;0;0;0;0;3;0;1;0;0;13;1;1;2;1;12;7;4;6;1;5;0;0;3;1;0;4
85156;Moutiers-les-Mauxfaits;52;85;0;1;0;0;0;0;0;0;0;0;1;0;0;0;0;3;1;1;0;0;5;1;0;2;3;3;6;2;3;3;4;1;0;6;6;2;3
85157;Moutiers-sur-le-Lay;52;85;0;0;0;0;0;0;0;0;0;0;0;0;0;0;0;1;0;0;0;0;0;0;0;0;2;0;2;0;1;0;2;0;0;2;0;0;0
85158;Mouzeuil-Saint-Martin;52;85;0;0;0;0;0;0;0;0;0;0;0;0;0;0;0;0;1;0;0;1;3;0;0;0;2;2;2;1;2;1;0;0;0;1;1;0;1
85159;Nalliers;52;85;0;0;0;0;0;0;0;0;0;0;0;0;0;0;0;3;0;1;0;0;8;0;0;1;4;5;7;3;4;2;3;0;0;1;0;0;1
85160;Nesmy;52;85;0;0;0;0;0;0;0;0;0;0;0;0;0;0;0;1;0;0;0;1;2;0;0;1;0;8;6;2;4;1;4;0;0;4;1;0;1
85161;Nieul-le-Dolent;52;85;0;0;0;0;0;0;0;0;0;0;0;0;0;0;0;2;0;1;0;0;6;0;1;0;3;5;7;4;2;1;3;1;0;4;1;0;2
85162;Nieul-sur-l'Autise;52;85;0;0;0;0;0;0;0;0;0;0;0;0;0;0;0;0;0;0;0;1;0;0;0;0;2;1;2;0;3;0;2;0;0;2;0;0;1
85163;Noirmoutier-en-l'Île;52;85;0;1;0;0;0;0;0;0;0;0;1;0;0;0;0;9;0;1;2;0;8;0;0;2;7;8;6;6;6;2;9;1;0;73;12;4;7
85164;Notre-Dame-de-Monts;52;85;0;0;0;0;0;0;0;0;0;0;0;0;0;0;0;3;0;1;0;0;1;0;0;0;3;8;7;2;3;0;5;0;0;23;1;0;1
85166;Olonne-sur-Mer;52;85;0;0;0;0;0;0;0;0;0;0;0;1;0;0;0;7;3;1;0;0;16;2;1;2;29;29;24;23;17;6;15;4;0;31;18;3;12
85167;L'Orbrie;52;85;0;0;0;0;0;0;0;0;0;0;0;0;0;0;0;0;0;0;0;0;1;0;0;0;0;2;1;0;2;0;1;0;0;1;0;0;0
85168;Oulmes;52;85;0;0;0;0;0;0;0;0;0;0;0;0;0;0;0;0;0;0;0;1;1;0;0;0;1;1;2;0;3;0;2;0;0;2;0;1;0
85169;Palluau;52;85;0;1;0;0;0;0;0;0;0;0;0;0;0;0;0;3;1;1;0;0;1;0;0;1;0;2;3;3;0;0;1;0;0;1;0;0;0
85171;Péault;52;85;0;0;0;0;0;0;0;0;0;0;0;0;0;0;0;0;0;0;0;0;1;0;0;0;1;2;1;0;1;0;0;0;0;1;0;0;0
85172;Le Perrier;52;85;0;0;0;0;0;0;0;0;0;0;0;0;0;0;0;1;0;0;0;1;6;0;0;0;7;6;5;4;3;0;4;0;0;7;1;0;1
85174;Petosse;52;85;0;0;0;0;0;0;0;0;0;0;0;0;0;0;0;0;0;0;0;0;1;0;0;0;1;2;1;0;3;1;0;0;0;0;0;0;0
85175;Les Pineaux;52;85;0;0;0;0;0;0;0;0;0;0;0;0;0;0;0;1;0;0;0;0;0;0;0;0;2;2;2;0;0;1;0;0;0;0;0;0;0
85176;Pissotte;52;85;0;0;0;0;0;0;0;0;0;0;0;0;0;0;0;0;0;0;0;0;0;0;0;0;2;2;2;0;0;0;1;0;0;1;0;0;1
85177;Le Poiré-sur-Velluire;52;85;0;0;0;0;0;0;0;0;0;0;0;0;0;0;0;0;0;0;0;0;2;0;0;1;0;1;0;1;0;0;1;0;0;1;0;0;0
85178;Le Poiré-sur-Vie;52;85;0;1;0;0;0;0;0;0;0;0;1;0;0;0;0;2;1;1;0;0;15;2;0;2;12;13;17;14;8;1;8;4;0;8;2;2;5
85179;Poiroux;52;85;0;0;0;0;0;0;0;0;0;0;0;0;0;0;0;1;0;0;0;0;1;0;0;0;4;1;0;2;1;0;1;0;0;1;0;0;0
85181;Pouillé;52;85;0;0;0;0;0;0;0;0;0;0;0;0;0;0;0;0;0;0;0;1;0;0;0;0;0;2;0;1;2;0;1;0;0;2;0;0;0
85182;Pouzauges;52;85;0;1;0;0;0;0;0;0;0;0;1;0;0;0;0;8;3;1;0;0;12;2;0;3;5;10;6;3;3;2;7;4;1;11;4;0;7
85184;Puy-de-Serre;52;85;0;0;0;0;0;0;0;0;0;0;0;0;0;0;0;0;0;0;0;1;0;0;0;0;0;0;0;1;0;0;1;0;0;0;1;0;0
85185;Puyravault;52;85;0;0;0;0;0;0;0;0;0;0;0;0;0;0;0;0;0;0;0;0;1;0;0;0;2;1;4;1;1;0;0;0;0;1;0;0;1
85186;La Rabatelière;52;85;0;0;0;0;0;0;0;0;0;0;0;0;0;0;0;0;0;0;0;0;1;0;0;0;2;0;2;1;1;0;1;0;0;3;1;0;0
85187;Réaumur;52;85;0;0;0;0;0;0;0;0;0;0;0;0;0;0;0;1;0;0;0;1;2;0;0;0;0;4;1;1;1;0;2;0;0;1;0;0;1
85188;La Réorthe;52;85;0;0;0;0;0;0;0;0;0;0;0;0;0;0;0;0;0;0;0;1;2;0;0;0;4;3;2;1;2;0;0;0;0;2;0;0;0
85189;Notre-Dame-de-Riez;52;85;0;0;0;0;0;0;0;0;0;0;0;0;0;0;0;0;0;0;0;1;2;0;0;0;2;3;1;1;2;1;6;0;0;2;1;0;2
85190;Rocheservière;52;85;0;1;0;0;0;0;0;0;0;0;0;0;0;0;0;3;1;1;0;0;7;0;0;1;5;4;5;4;3;0;6;1;0;4;3;0;3
85191;La Roche-sur-Yon;52;85;1;1;0;1;1;1;1;1;0;0;15;2;0;0;0;50;7;5;1;0;52;9;12;16;30;59;35;43;42;18;74;16;33;146;52;9;34
85192;Rochetrejoux;52;85;0;0;0;0;0;0;0;0;0;0;0;0;0;0;0;0;0;0;0;1;3;0;0;0;1;4;3;0;0;0;2;0;0;0;0;0;0
85193;Rosnay;52;85;0;0;0;0;0;0;0;0;0;0;0;0;0;0;0;0;0;0;0;0;1;0;0;0;1;0;1;0;0;0;2;0;0;0;0;0;0
85194;Les Sables-d'Olonne;52;85;1;0;0;1;1;1;0;0;0;0;6;0;0;0;0;22;3;3;0;0;8;0;1;10;7;18;12;13;13;5;50;5;6;151;59;7;20
85196;Saint-André-Goule-d'Oie;52;85;0;0;0;0;0;0;0;0;0;0;0;0;0;0;0;0;0;0;0;0;2;0;0;0;4;3;4;1;0;0;1;0;0;2;0;0;0
85197;Montréverd;52;85;0;0;0;0;0;0;0;0;0;0;0;0;0;0;0;3;0;0;1;0;5;0;0;0;4;5;10;4;1;0;3;0;0;3;1;0;0
85198;Saint-Aubin-des-Ormeaux;52;85;0;0;0;0;0;0;0;0;0;0;0;0;0;0;0;0;0;0;1;0;3;0;0;0;1;2;4;1;0;0;1;0;0;0;1;0;0
85199;Saint-Aubin-la-Plaine;52;85;0;0;0;0;0;0;0;0;0;0;0;0;0;0;0;0;0;0;0;0;0;0;0;0;0;1;0;0;0;0;1;0;0;2;0;0;0
85200;Saint-Avaugourd-des-Landes;52;85;0;0;0;0;0;0;0;0;0;0;0;0;0;0;0;1;0;0;0;0;1;0;0;1;3;4;3;4;0;0;1;0;0;1;1;0;1
85201;Saint-Benoist-sur-Mer;52;85;0;0;0;0;0;0;0;0;0;0;0;0;0;0;0;0;0;0;0;0;1;0;0;0;1;0;2;0;0;0;0;0;0;1;1;0;0
85202;Sainte-Cécile;52;85;0;0;0;0;0;0;0;0;0;0;0;0;0;0;0;0;0;0;1;0;4;0;0;0;1;1;1;3;0;0;1;0;0;1;1;0;1
85204;Saint-Christophe-du-Ligneron;52;85;0;0;0;0;0;0;0;0;0;0;0;0;0;0;0;2;1;0;0;1;3;0;0;0;2;2;5;4;5;0;4;0;0;5;0;0;3
85205;Saint-Cyr-des-Gâts;52;85;0;0;0;0;0;0;0;0;0;0;0;0;0;0;0;1;0;0;0;1;0;0;0;0;1;1;1;1;0;1;1;0;0;0;0;0;0
85206;Saint-Cyr-en-Talmondais;52;85;0;0;0;0;0;0;0;0;0;0;0;0;0;0;0;0;0;0;0;0;0;0;0;0;1;1;1;0;0;0;0;0;0;2;0;0;0
85207;Saint-Denis-du-Payré;52;85;0;0;0;0;0;0;0;0;0;0;0;0;0;0;0;0;0;0;0;1;1;0;0;0;0;0;0;0;0;0;1;0;0;1;0;0;0
85208;Saint-Denis-la-Chevasse;52;85;0;0;0;0;0;0;0;0;0;0;0;0;0;0;0;1;0;0;0;1;3;0;0;0;4;3;3;1;1;0;3;1;0;1;0;0;1
85209;Saint-Étienne-de-Brillouet;52;85;0;0;0;0;0;0;0;0;0;0;0;0;0;0;0;0;0;0;0;0;0;0;0;0;1;1;1;1;0;0;0;0;0;2;0;0;0
85210;Saint-Étienne-du-Bois;52;85;0;0;0;0;0;0;0;0;0;0;0;0;0;0;0;0;0;0;1;0;3;0;0;1;4;4;6;2;1;0;2;0;0;1;0;0;0
85211;Sainte-Flaive-des-Loups;52;85;0;0;0;0;0;0;0;0;0;0;0;0;0;0;0;0;0;0;1;0;5;0;0;1;2;3;1;2;1;0;2;0;0;3;0;0;0
85213;Rives de l'Yon;52;85;0;0;0;0;0;0;0;0;0;0;0;0;0;0;0;2;1;1;1;0;6;1;1;1;4;6;7;5;2;2;3;1;0;3;4;1;3
85214;Sainte-Foy;52;85;0;0;0;0;0;0;0;0;0;0;0;0;0;0;0;0;0;0;1;0;1;0;0;0;7;13;5;1;7;0;2;0;0;1;1;0;1
85215;Saint-Fulgent;52;85;0;1;0;0;0;0;0;0;0;0;1;0;0;0;0;2;1;1;0;0;4;1;0;2;2;4;4;1;3;1;4;2;1;6;0;0;3
85216;Sainte-Gemme-la-Plaine;52;85;0;0;0;0;0;0;0;0;0;0;0;0;0;0;0;0;0;1;0;0;7;0;0;2;5;2;9;4;3;4;1;0;1;4;0;0;2
85217;Saint-Georges-de-Montaigu;52;85;0;0;0;0;0;0;0;0;0;0;0;0;0;0;0;2;0;0;1;0;3;0;1;2;6;3;10;5;2;1;6;0;0;4;0;1;3
85218;Saint-Georges-de-Pointindoux;52;85;0;0;0;0;0;0;0;0;0;0;0;0;0;0;0;0;0;0;0;0;4;1;0;0;1;5;7;1;3;0;2;0;0;1;1;0;1
85220;Saint-Germain-de-Prinçay;52;85;0;0;0;0;0;0;0;0;0;0;0;0;0;0;0;0;0;0;0;1;0;0;0;1;1;3;4;0;0;0;2;0;0;2;0;0;1
85221;Saint-Gervais;52;85;0;0;0;0;0;0;0;0;0;0;0;0;0;0;0;0;0;1;0;0;3;0;0;0;10;6;6;1;1;1;2;0;0;1;0;0;3
85222;Saint-Gilles-Croix-de-Vie;52;85;0;1;0;0;0;0;0;0;0;0;1;1;0;0;0;13;4;1;0;0;14;2;0;5;11;18;12;12;8;5;18;4;5;76;27;6;9
85223;Sainte-Hermine;52;85;0;1;0;0;0;0;0;0;0;0;1;0;0;0;0;4;3;1;0;0;6;1;0;2;5;5;4;5;2;0;5;0;2;8;3;0;2
85224;Saint-Hilaire-de-Loulay;52;85;0;0;0;0;0;0;0;0;0;0;0;0;0;0;0;2;1;1;0;0;7;1;0;2;9;6;9;4;8;1;8;0;0;6;1;0;3
85226;Saint-Hilaire-de-Riez;52;85;0;0;0;0;0;0;0;0;0;0;0;0;0;0;0;2;5;2;0;1;13;2;1;1;15;22;16;13;10;7;11;1;1;53;18;3;7
85227;Saint-Hilaire-des-Loges;52;85;0;1;0;0;0;0;0;0;0;0;0;0;0;0;0;3;0;0;0;1;1;0;0;0;4;3;2;1;4;1;2;0;0;1;0;0;2
85229;Saint-Hilaire-de-Voust;52;85;0;0;0;0;0;0;0;0;0;0;0;0;0;0;0;0;0;0;0;1;1;0;0;0;2;0;0;1;0;0;2;0;0;1;0;0;0
85231;Saint-Hilaire-la-Forêt;52;85;0;0;0;0;0;0;0;0;0;0;0;0;0;0;0;0;0;0;0;0;0;0;0;0;0;1;1;1;2;0;0;0;0;0;0;0;0
85232;Saint-Hilaire-le-Vouhis;52;85;0;0;0;0;0;0;0;0;0;0;0;0;0;0;0;1;0;0;0;0;3;0;0;0;1;1;1;0;2;2;1;0;0;0;1;0;0
85233;Saint-Jean-de-Beugné;52;85;0;0;0;0;0;0;0;0;0;0;0;0;0;0;0;0;0;0;0;0;4;0;0;0;1;2;1;1;1;0;1;0;0;2;0;0;1
85234;Saint-Jean-de-Monts;52;85;0;1;0;0;0;0;0;0;0;0;1;0;0;0;0;7;2;1;0;0;8;2;0;5;16;23;24;16;14;6;16;2;0;112;28;2;6
85235;Saint-Juire-Champgillon;52;85;0;0;0;0;0;0;0;0;0;0;0;0;0;0;0;0;0;0;0;1;1;0;0;0;2;0;1;1;0;0;1;0;0;1;0;0;0
85236;Saint-Julien-des-Landes;52;85;0;0;0;0;0;0;0;0;0;0;0;0;0;0;0;1;0;0;1;0;3;0;0;0;3;3;1;1;3;1;2;1;0;1;1;0;0
85237;Saint-Laurent-de-la-Salle;52;85;0;0;0;0;0;0;0;0;0;0;0;0;0;0;0;0;0;0;0;0;0;0;0;0;0;0;0;0;0;0;0;0;0;0;0;0;1
85238;Saint-Laurent-sur-Sèvre;52;85;0;0;0;0;0;0;0;0;0;0;0;0;0;0;0;2;1;1;0;0;4;0;0;2;2;3;8;3;3;0;7;0;0;7;0;1;0
85239;Saint-Maixent-sur-Vie;52;85;0;0;0;0;0;0;0;0;0;0;0;0;0;0;0;0;0;0;0;0;0;0;0;0;3;2;1;0;0;0;4;1;0;1;0;0;2
85240;Saint-Malô-du-Bois;52;85;0;0;0;0;0;0;0;0;0;0;0;0;0;0;0;1;0;0;1;0;1;0;0;0;2;2;1;0;2;0;2;0;0;1;2;0;0
85242;Saint-Mars-la-Réorthe;52;85;0;0;0;0;0;0;0;0;0;0;0;0;0;0;0;0;0;0;0;0;2;0;0;0;0;0;2;2;0;0;2;0;0;2;0;0;0
85243;Brem-sur-Mer;52;85;0;0;0;0;0;0;0;0;0;0;0;0;0;0;0;0;0;1;0;0;2;0;0;0;9;5;3;1;4;3;5;1;0;8;2;0;3
85244;Saint-Martin-de-Fraigneau;52;85;0;0;0;0;0;0;0;0;0;0;0;0;0;0;0;0;0;0;0;0;3;0;0;0;3;1;1;1;0;2;2;0;0;0;0;0;0
85245;Saint-Martin-des-Fontaines;52;85;0;0;0;0;0;0;0;0;0;0;0;0;0;0;0;0;0;0;0;0;0;0;0;0;0;0;1;0;0;0;0;0;0;0;0;0;0
85246;Saint-Martin-des-Noyers;52;85;0;0;0;0;0;0;0;0;0;0;0;0;0;0;0;2;0;0;1;0;9;0;1;1;5;4;2;4;2;0;2;0;0;2;0;0;1
85247;Saint-Martin-des-Tilleuls;52;85;0;0;0;0;0;0;0;0;0;0;0;0;0;0;0;0;0;0;0;0;1;0;0;0;2;1;2;0;1;0;2;0;0;0;0;0;0
85248;Saint-Martin-Lars-en-Sainte-Hermine;52;85;0;0;0;0;0;0;0;0;0;0;0;0;0;0;0;1;0;0;0;1;0;0;0;0;1;0;2;0;1;0;0;0;0;0;0;0;0
85250;Saint-Mathurin;52;85;0;0;0;0;0;0;0;0;0;0;0;0;0;0;0;0;0;0;0;1;2;0;0;0;7;6;2;8;1;1;1;0;0;4;1;0;2
85251;Saint-Maurice-des-Noues;52;85;0;0;0;0;0;0;0;0;0;0;0;0;0;0;0;0;0;0;0;0;0;0;1;0;2;0;1;0;0;0;0;1;0;0;0;0;0
85252;Saint-Maurice-le-Girard;52;85;0;0;0;0;0;0;0;0;0;0;0;0;0;0;0;0;0;0;0;0;0;0;0;0;1;0;0;2;0;0;1;0;0;0;0;0;0
85254;Saint-Mesmin;52;85;0;0;0;0;0;0;0;0;0;0;0;0;0;0;0;1;0;0;0;1;2;0;0;0;0;1;3;1;3;0;5;1;0;1;2;0;0
85255;Saint-Michel-en-l'Herm;52;85;0;0;0;0;0;0;0;0;0;0;0;0;0;0;0;2;1;1;0;0;3;0;0;0;3;5;2;2;4;1;2;1;0;4;1;0;0
85256;Saint-Michel-le-Cloucq;52;85;0;0;0;0;0;0;0;0;0;0;0;0;0;0;0;0;0;0;0;0;1;0;0;0;2;0;3;0;1;0;2;0;0;1;0;0;0
85259;Saint-Paul-en-Pareds;52;85;0;0;0;0;0;0;0;0;0;0;0;0;0;0;0;0;0;0;0;0;3;0;0;0;1;2;4;3;0;0;2;0;0;2;1;0;1
85260;Saint-Paul-Mont-Penit;52;85;0;0;0;0;0;0;0;0;0;0;0;0;0;0;0;0;0;0;0;0;0;1;0;0;2;2;2;1;2;0;2;0;0;1;0;0;0
85261;Sainte-Pexine;52;85;0;0;0;0;0;0;0;0;0;0;0;0;0;0;0;0;0;0;0;0;0;0;0;0;1;0;2;2;0;0;0;0;0;0;1;0;1
85262;Saint-Philbert-de-Bouaine;52;85;0;0;0;0;0;0;0;0;0;0;0;0;0;0;0;2;0;0;0;1;6;0;0;1;2;6;5;5;3;1;4;0;0;3;1;0;2
85264;Saint-Pierre-du-Chemin;52;85;0;0;0;0;0;0;0;0;0;0;0;0;0;0;0;1;0;0;1;0;1;0;0;0;1;1;1;1;2;0;2;0;0;1;1;0;0
85265;Saint-Pierre-le-Vieux;52;85;0;0;0;0;0;0;0;0;0;0;0;0;0;0;0;0;0;0;0;0;3;0;0;0;3;1;4;2;0;0;0;0;0;0;0;0;0
85266;Saint-Prouant;52;85;0;0;0;0;0;0;0;0;0;0;0;0;0;0;0;1;0;0;0;1;4;0;1;0;3;6;4;1;1;0;2;0;0;1;0;0;1
85267;Sainte-Radégonde-des-Noyers;52;85;0;0;0;0;0;0;0;0;0;0;0;0;0;0;0;1;0;0;0;0;1;0;0;0;0;2;0;1;0;0;0;1;0;0;0;0;0
85268;Saint-Révérend;52;85;0;0;0;0;0;0;0;0;0;0;0;0;0;0;0;0;0;0;0;0;1;0;0;0;3;3;4;1;1;0;4;0;0;2;0;0;0
85269;Saint-Sigismond;52;85;0;0;0;0;0;0;0;0;0;0;0;0;0;0;0;0;0;0;0;0;0;0;0;1;3;0;0;1;1;0;0;0;0;1;0;0;0
85271;Saint-Sulpice-en-Pareds;52;85;0;0;0;0;0;0;0;0;0;0;0;0;0;0;0;1;0;0;0;0;0;0;0;0;1;0;0;0;1;0;0;0;0;0;0;0;0
85273;Saint-Urbain;52;85;0;0;0;0;0;0;0;0;0;0;0;0;0;0;0;0;0;0;0;0;4;0;0;0;5;8;2;0;5;0;2;0;0;1;0;0;2
85274;Saint-Valérien;52;85;0;0;0;0;0;0;0;0;0;0;0;0;0;0;0;0;0;0;0;0;1;0;0;0;3;1;2;0;1;0;0;0;0;0;0;0;1
85276;Saint-Vincent-Sterlanges;52;85;0;0;0;0;0;0;0;0;0;0;0;0;0;0;0;0;0;0;0;1;2;0;1;0;1;1;1;0;0;0;2;0;0;1;0;0;1
85277;Saint-Vincent-sur-Graon;52;85;0;0;0;0;0;0;0;0;0;0;0;0;0;0;0;0;0;0;0;0;1;0;1;0;2;1;3;4;1;1;1;0;0;0;0;0;1
85278;Saint-Vincent-sur-Jard;52;85;0;0;0;0;0;0;0;0;0;0;0;0;0;0;0;0;0;0;0;0;1;0;0;0;1;3;3;2;3;1;2;0;0;5;2;0;1
85280;Sallertaine;52;85;0;0;0;0;0;0;0;0;0;0;0;0;0;0;0;0;0;0;0;1;8;1;0;1;7;8;14;7;8;1;2;0;0;6;2;1;1
85281;Sérigné;52;85;0;0;0;0;0;0;0;0;0;0;0;0;0;0;0;0;0;0;0;1;0;0;0;0;2;1;1;1;1;0;1;0;0;0;0;0;1
85282;Sigournais;52;85;0;0;0;0;0;0;0;0;0;0;0;0;0;0;0;1;0;0;0;1;2;0;0;0;0;0;1;0;1;0;2;0;0;2;0;0;0
85284;Soullans;52;85;0;0;0;0;0;0;0;0;0;0;0;0;0;0;0;2;2;1;0;0;7;0;0;1;6;6;9;6;5;2;5;0;0;4;5;0;2
85285;Le Tablier;52;85;0;0;0;0;0;0;0;0;0;0;0;0;0;0;0;0;0;0;0;0;1;0;0;0;1;2;0;0;0;0;1;0;0;2;0;0;1
85286;La Taillée;52;85;0;0;0;0;0;0;0;0;0;0;0;0;0;0;0;0;0;0;0;1;0;0;0;0;1;1;3;3;1;1;1;0;0;0;0;0;2
85287;Tallud-Sainte-Gemme;52;85;0;0;0;0;0;0;0;0;0;0;0;0;0;0;0;0;0;0;0;0;0;0;0;0;2;0;1;0;0;0;0;0;0;1;0;0;0
85288;Talmont-Saint-Hilaire;52;85;0;1;0;0;0;0;0;0;0;0;0;0;0;0;0;5;1;1;1;0;10;1;0;2;17;28;22;9;11;6;11;3;0;36;17;0;6
85289;La Tardière;52;85;0;0;0;0;0;0;0;0;0;0;0;0;0;0;0;0;0;0;0;0;3;0;0;0;0;4;3;1;1;0;1;6;0;3;1;0;2
85290;Thiré;52;85;0;0;0;0;0;0;0;0;0;0;0;0;0;0;0;0;1;0;0;0;0;0;0;0;0;0;0;0;0;0;0;0;0;0;0;0;0
85291;Thorigny;52;85;0;0;0;0;0;0;0;0;0;0;0;0;0;0;0;1;0;0;0;1;1;0;1;0;2;1;5;1;1;0;2;0;0;1;0;0;0
85292;Thouarsais-Bouildroux;52;85;0;0;0;0;0;0;0;0;0;0;0;0;0;0;0;0;0;0;0;0;1;0;0;0;2;1;1;0;0;0;1;0;0;0;1;0;0
85293;Tiffauges;52;85;0;0;0;0;0;0;0;0;0;0;0;0;0;0;0;1;0;0;0;1;3;0;0;0;1;0;1;1;2;0;3;0;0;5;0;0;0
85294;La Tranche-sur-Mer;52;85;0;1;0;0;0;0;0;0;0;0;0;0;0;0;0;4;1;1;2;0;2;0;0;1;5;5;6;3;4;2;7;5;0;71;18;1;4
85295;Treize-Septiers;52;85;0;0;0;0;0;0;0;0;0;0;0;0;0;0;0;2;2;0;0;1;4;0;0;1;5;1;5;2;2;0;3;0;0;2;2;0;2
85296;Treize-Vents;52;85;0;0;0;0;0;0;0;0;0;0;0;0;0;0;0;1;0;0;0;1;1;0;0;0;0;0;3;2;0;0;3;0;0;1;0;0;0
85297;Triaize;52;85;0;0;0;0;0;0;0;0;0;0;0;0;0;0;0;1;0;0;0;1;1;0;0;0;2;3;1;2;1;1;3;0;0;2;0;0;0
85298;Vairé;52;85;0;0;0;0;0;0;0;0;0;0;0;0;0;0;0;0;0;0;1;0;2;0;0;0;5;3;1;0;3;0;1;0;0;1;0;0;1
85299;Velluire;52;85;0;0;0;0;0;0;0;0;0;0;0;0;0;0;0;0;0;0;0;1;1;0;0;0;3;2;1;0;0;0;0;0;0;0;0;0;1
85300;Venansault;52;85;0;0;0;0;0;0;0;0;0;0;0;0;0;0;0;2;0;1;0;0;10;0;0;2;5;7;7;5;6;0;7;0;0;4;1;0;2
85301;Vendrennes;52;85;0;0;0;0;0;0;0;0;0;0;0;0;0;0;0;0;0;0;0;1;4;0;0;1;3;4;5;1;3;0;3;0;0;3;0;0;0
85302;La Verrie;52;85;0;0;0;0;0;0;0;0;0;0;0;0;0;0;0;3;2;0;1;0;9;0;0;1;3;2;8;5;2;0;4;3;0;6;1;0;1
85303;Vix;52;85;0;0;0;0;0;0;0;0;0;0;0;0;0;0;0;3;1;0;0;1;4;0;0;1;1;4;4;3;2;0;4;0;0;1;0;0;0
85304;Vouillé-les-Marais;52;85;0;0;0;0;0;0;0;0;0;0;0;0;0;0;0;0;0;0;0;0;3;0;0;0;2;1;3;0;0;2;1;0;0;1;0;0;1
85305;Vouvant;52;85;0;0;0;0;0;0;0;0;0;0;0;0;0;0;0;1;0;0;0;1;1;0;0;0;1;2;4;0;0;1;1;0;0;3;5;0;0
85306;Xanton-Chassenon;52;85;0;0;0;0;0;0;0;0;0;0;0;0;0;0;0;0;0;0;0;0;2;0;0;0;2;0;1;3;1;0;0;0;0;1;0;0;0
85307;La Faute-sur-Mer;52;85;0;0;0;0;0;0;0;0;0;0;0;0;0;0;0;1;0;1;0;0;0;0;0;0;1;1;1;3;2;1;3;0;0;23;5;0;1
86001;Adriers;75;86;0;0;0;0;0;0;0;0;0;0;0;0;0;0;0;0;0;1;0;0;2;0;0;0;0;0;3;0;2;0;1;0;0;1;0;0;1
86002;Amberre;75;86;0;0;0;0;0;0;0;0;0;0;0;0;0;0;0;0;0;0;0;0;1;0;0;0;2;2;2;1;0;0;0;0;0;1;1;0;0
86003;Anché;75;86;0;0;0;0;0;0;0;0;0;0;0;0;0;0;0;0;0;0;0;0;0;0;0;0;0;0;1;0;0;0;0;0;0;0;0;0;1
86004;Angles-sur-l'Anglin;75;86;0;0;0;0;0;0;0;0;0;0;0;0;0;0;0;1;0;0;1;0;1;0;0;0;0;0;0;0;0;0;0;0;0;6;0;0;0
86005;Angliers;75;86;0;0;0;0;0;0;0;0;0;0;0;0;0;0;0;0;0;0;0;1;2;0;0;0;2;1;1;1;0;0;0;0;0;3;0;0;0
86006;Antigny;75;86;0;0;0;0;0;0;0;0;0;0;0;0;0;0;0;0;0;0;0;1;0;0;0;0;2;2;2;1;0;0;0;0;0;1;0;0;0
86007;Antran;75;86;0;0;0;0;0;0;0;0;0;0;0;0;0;0;0;0;0;0;0;0;2;0;0;0;0;4;2;2;2;0;4;0;0;5;0;0;0
86008;Arçay;75;86;0;0;0;0;0;0;0;0;0;0;0;0;0;0;0;0;0;0;0;1;0;0;0;0;1;0;1;0;1;1;1;0;0;1;0;0;0
86009;Archigny;75;86;0;0;0;0;0;0;0;0;0;0;0;0;0;0;0;1;0;0;0;1;1;0;0;0;3;2;2;3;0;0;3;0;0;0;0;0;1
86010;Aslonnes;75;86;0;0;0;0;0;0;0;0;0;0;0;0;0;0;0;0;0;0;0;0;0;0;0;0;1;1;6;1;0;0;1;0;0;0;1;0;0
86011;Asnières-sur-Blour;75;86;0;0;0;0;0;0;0;0;0;0;0;0;0;0;0;0;0;0;0;0;0;0;0;0;0;0;0;0;0;0;0;0;0;1;0;0;0
86012;Asnois;75;86;0;0;0;0;0;0;0;0;0;0;0;0;0;0;0;0;0;0;0;0;0;0;0;0;1;0;1;0;1;0;0;0;0;0;0;0;0
86013;Aulnay;75;86;0;0;0;0;0;0;0;0;0;0;0;0;0;0;0;0;0;0;0;0;0;0;0;0;1;0;0;0;0;0;0;0;0;0;0;0;0
86014;Availles-en-Châtellerault;75;86;0;0;0;0;0;0;0;0;0;0;0;0;0;0;0;0;0;0;0;1;3;0;0;0;4;0;4;2;0;0;1;0;0;3;2;0;1
86015;Availles-Limouzine;75;86;0;1;0;0;0;0;0;0;0;1;0;0;0;0;0;1;0;1;0;0;3;0;0;0;2;1;3;2;0;1;1;0;0;2;2;0;0
86016;Avanton;75;86;0;0;0;0;0;0;0;0;0;0;0;0;0;0;0;0;0;0;1;0;1;0;0;0;6;2;0;5;4;1;2;0;0;1;1;0;0
86017;Ayron;75;86;0;0;0;0;0;0;0;0;0;0;0;0;0;0;0;0;0;1;0;0;3;0;0;0;3;2;2;4;0;1;1;0;0;1;0;0;0
86018;Basses;75;86;0;0;0;0;0;0;0;0;0;0;0;0;0;0;0;0;0;0;0;0;0;0;0;0;0;0;0;0;1;0;0;0;0;0;0;0;0
86019;Beaumont;75;86;0;0;0;0;0;0;0;0;0;0;0;0;0;0;0;0;0;1;0;0;2;0;0;0;1;2;0;4;5;0;2;0;0;5;1;0;0
86020;Bellefonds;75;86;0;0;0;0;0;0;0;0;0;0;0;0;0;0;0;0;0;0;0;0;0;0;0;0;0;2;0;0;2;0;0;0;0;0;0;0;0
86021;Benassay;75;86;0;0;0;0;0;0;0;0;0;0;0;0;0;0;0;0;0;0;1;0;3;0;0;0;1;2;0;1;0;0;0;0;0;0;0;0;1
86022;Berrie;75;86;0;0;0;0;0;0;0;0;0;0;0;0;0;0;0;0;0;0;0;0;0;0;0;0;0;0;1;0;0;0;0;0;0;0;0;0;0
86023;Berthegon;75;86;0;0;0;0;0;0;0;0;0;0;0;0;0;0;0;0;0;0;0;0;0;0;0;0;1;1;0;1;1;0;0;0;0;0;1;0;0
86024;Béruges;75;86;0;0;0;0;0;0;0;0;0;0;0;0;0;0;0;0;0;1;0;0;1;0;0;0;2;1;2;2;0;1;2;1;0;2;0;0;1
86025;Béthines;75;86;0;0;0;0;0;0;0;0;0;0;0;0;0;0;0;1;0;0;1;0;0;0;0;0;0;0;4;1;0;0;0;0;0;1;0;0;0
86026;Beuxes;75;86;0;0;0;0;0;0;0;0;0;0;0;0;0;0;0;0;0;0;0;1;0;0;0;0;3;2;2;1;0;0;0;0;0;1;0;0;0
86027;Biard;75;86;0;0;0;0;0;0;0;0;0;0;0;0;0;0;0;0;0;0;1;0;2;0;1;0;4;6;4;1;1;0;2;0;0;3;1;0;2
86028;Bignoux;75;86;0;0;0;0;0;0;0;0;0;0;0;0;0;0;0;0;0;0;0;0;0;0;0;0;0;2;0;1;1;0;2;0;0;0;0;0;0
86029;Blanzay;75;86;0;0;0;0;0;0;0;0;0;0;0;0;0;0;0;0;0;0;0;1;1;0;0;0;0;0;5;2;0;0;3;0;0;1;2;0;1
86030;Blaslay;75;86;0;0;0;0;0;0;0;0;0;0;0;0;0;0;0;0;0;0;0;0;0;0;0;0;2;1;2;0;1;1;0;0;0;0;0;0;0
86031;Bonnes;75;86;0;0;0;0;0;0;0;0;0;0;0;0;0;0;0;0;0;1;0;0;1;0;0;0;2;2;4;3;2;0;2;0;0;1;0;0;0
86032;Bonneuil-Matours;75;86;0;1;0;0;0;0;0;0;0;1;0;0;0;0;0;1;1;1;0;0;2;1;0;0;2;6;3;5;1;0;6;0;0;5;0;0;1
86034;Bouresse;75;86;0;0;0;0;0;0;0;0;0;0;0;0;0;0;0;0;0;0;0;1;1;0;0;0;0;2;0;1;1;0;1;0;0;1;2;0;0
86035;Bourg-Archambault;75;86;0;0;0;0;0;0;0;0;0;0;0;0;0;0;0;0;0;0;0;0;0;0;0;0;3;0;0;0;0;0;0;0;0;1;0;0;0
86036;Bournand;75;86;0;0;0;0;0;0;0;0;0;0;0;0;0;0;0;0;0;0;1;0;2;0;0;0;2;0;0;3;0;0;2;0;0;2;0;0;1
86037;Brigueil-le-Chantre;75;86;0;0;0;0;0;0;0;0;0;0;0;0;0;0;0;0;0;0;1;0;1;0;0;0;2;0;0;1;1;0;1;0;0;0;0;0;0
86038;Brion;75;86;0;0;0;0;0;0;0;0;0;0;0;0;0;0;0;0;0;0;0;0;0;0;0;0;1;0;1;1;0;0;0;0;0;0;0;0;0
86039;Brux;75;86;0;0;0;0;0;0;0;0;0;0;0;0;0;0;0;0;0;0;1;0;0;0;0;0;4;1;2;0;2;0;1;0;0;0;0;0;0
86040;La Bussière;75;86;0;0;0;0;0;0;0;0;0;0;0;0;0;0;0;0;0;0;0;1;0;0;0;0;0;0;0;1;1;0;0;0;0;0;0;0;0
86041;Buxerolles;75;86;0;0;0;0;0;0;0;0;0;0;0;0;0;0;0;5;2;1;0;0;7;1;0;1;5;6;5;11;2;1;10;1;0;15;14;2;5
86042;Buxeuil;75;86;0;0;0;0;0;0;0;0;0;0;0;0;0;0;0;0;0;0;0;0;2;0;0;0;1;2;0;1;0;0;0;0;0;1;1;0;0
86043;Ceaux-en-Couhé;75;86;0;0;0;0;0;0;0;0;0;0;0;0;0;0;0;0;1;0;0;0;0;0;0;0;0;1;0;1;1;0;0;0;0;0;0;0;2
86044;Ceaux-en-Loudun;75;86;0;0;0;0;0;0;0;0;0;0;0;0;0;0;0;0;0;0;1;0;2;0;0;0;1;1;3;0;0;0;0;0;0;1;0;0;0
86045;Celle-Lévescault;75;86;0;0;0;0;0;0;0;0;0;0;0;0;0;0;0;0;0;0;0;1;0;1;0;0;1;1;0;0;0;0;2;0;0;4;0;0;0
86046;Cenon-sur-Vienne;75;86;0;0;0;0;0;0;0;0;0;0;0;0;0;0;0;0;0;1;0;0;0;0;0;0;3;1;4;3;0;0;2;0;1;2;1;0;1
86047;Cernay;75;86;0;0;0;0;0;0;0;0;0;0;0;0;0;0;0;0;0;0;0;1;1;0;0;0;1;1;0;0;1;1;0;0;0;0;0;0;1
86048;Chabournay;75;86;0;0;0;0;0;0;0;0;0;0;0;0;0;0;0;0;0;0;1;0;1;0;0;0;1;2;0;0;3;1;1;0;0;0;0;0;1
86049;Chalais;75;86;0;0;0;0;0;0;0;0;0;0;0;0;0;0;0;0;0;0;0;0;0;0;0;0;0;1;0;1;0;0;2;0;0;2;0;0;0
86050;Chalandray;75;86;0;0;0;0;0;0;0;0;0;0;0;0;0;0;0;0;0;0;1;0;0;0;0;0;1;0;3;1;1;0;2;0;0;2;0;0;1
86051;Champagné-le-Sec;75;86;0;0;0;0;0;0;0;0;0;0;0;0;0;0;0;0;0;0;0;0;0;0;0;0;2;1;0;0;0;0;0;0;0;0;0;0;0
86052;Champagné-Saint-Hilaire;75;86;0;0;0;0;0;0;0;0;0;0;0;0;0;0;0;0;0;0;0;1;1;0;0;0;4;2;0;1;0;0;2;0;0;3;2;0;1
86053;Champigny-le-Sec;75;86;0;0;0;0;0;0;0;0;0;0;0;0;0;0;0;0;0;1;0;0;1;0;0;0;3;5;4;2;0;0;1;0;0;1;0;0;0
86054;Champniers;75;86;0;0;0;0;0;0;0;0;0;0;0;0;0;0;0;0;0;0;0;0;0;0;0;0;1;0;0;0;2;0;1;0;0;0;0;0;0
86055;La Chapelle-Bâton;75;86;0;0;0;0;0;0;0;0;0;0;0;0;0;0;0;0;0;0;0;0;0;0;0;0;0;1;2;1;0;0;1;0;0;1;0;0;0
86056;La Chapelle-Montreuil;75;86;0;0;0;0;0;0;0;0;0;0;0;0;0;0;0;0;0;0;0;1;2;0;0;0;1;0;1;0;0;0;0;0;0;0;0;0;0
86058;La Chapelle-Moulière;75;86;0;0;0;0;0;0;0;0;0;0;0;0;0;0;0;0;0;0;1;0;1;0;0;0;0;3;1;1;2;0;0;0;0;1;0;0;0
86059;Chapelle-Viviers;75;86;0;0;0;0;0;0;0;0;0;0;0;0;0;0;0;0;0;0;0;1;5;0;0;0;2;0;0;1;0;0;1;0;0;1;0;0;0
86060;Charrais;75;86;0;0;0;0;0;0;0;0;0;0;0;0;0;0;0;0;0;0;0;0;0;0;0;0;0;3;0;1;0;0;0;0;0;0;0;0;0
86061;Charroux;75;86;0;0;0;0;0;0;0;0;0;0;0;0;0;0;0;2;1;1;0;0;6;0;0;0;1;0;2;3;2;0;2;1;0;2;2;1;0
86062;Chasseneuil-du-Poitou;75;86;0;0;0;0;0;0;0;0;0;0;0;1;0;0;0;13;0;2;0;0;11;0;2;3;4;8;6;12;7;4;7;0;3;30;7;2;6
86063;Chatain;75;86;0;0;0;0;0;0;0;0;0;0;0;0;0;0;0;0;0;0;0;0;0;0;0;0;0;0;1;0;0;0;1;0;0;0;1;0;0
86064;Château-Garnier;75;86;0;0;0;0;0;0;0;0;0;0;0;0;0;0;0;0;0;0;0;1;1;0;0;0;1;2;2;2;1;1;1;3;0;0;0;0;0
86065;Château-Larcher;75;86;0;0;0;0;0;0;0;0;0;0;0;0;0;0;0;0;0;0;0;0;1;0;0;0;0;1;4;4;1;1;1;0;0;1;0;0;0
86066;Châtellerault;75;86;1;0;0;0;1;0;0;0;0;5;0;1;0;0;0;21;5;3;0;0;44;6;5;7;23;26;26;41;24;8;51;5;19;80;24;6;18
86067;Châtillon;75;86;0;0;0;0;0;0;0;0;0;0;0;0;0;0;0;0;0;0;0;0;0;0;0;0;0;0;0;0;0;0;0;0;0;0;0;0;0
86068;Chaunay;75;86;0;0;0;0;0;0;0;0;0;0;0;0;0;0;0;1;0;0;0;1;1;0;0;0;3;1;1;2;1;0;2;0;0;0;4;0;3
86069;La Chaussée;75;86;0;0;0;0;0;0;0;0;0;0;0;0;0;0;0;0;0;0;0;0;0;0;0;0;1;0;0;0;0;0;0;0;0;0;0;0;0
86070;Chauvigny;75;86;0;1;0;0;0;0;0;0;0;1;0;0;1;0;0;6;0;1;0;0;11;2;0;2;5;7;9;5;6;3;9;2;0;21;10;1;4
86071;Cheneché;75;86;0;0;0;0;0;0;0;0;0;0;0;0;0;0;0;0;0;0;0;0;0;0;0;0;1;1;2;1;0;0;0;0;0;1;0;0;0
86072;Chenevelles;75;86;0;0;0;0;0;0;0;0;0;0;0;0;0;0;0;0;0;0;1;0;0;0;0;1;0;2;2;0;1;0;0;0;0;0;0;0;0
86073;Cherves;75;86;0;0;0;0;0;0;0;0;0;0;0;0;0;0;0;1;0;0;0;1;2;0;0;0;1;0;1;1;0;0;0;0;0;1;0;0;0
86074;Chiré-en-Montreuil;75;86;0;0;0;0;0;0;0;0;0;0;0;0;0;0;0;0;0;0;1;0;1;0;0;0;2;2;1;1;1;1;0;0;0;2;0;0;0
86075;Chouppes;75;86;0;0;0;0;0;0;0;0;0;0;0;0;0;0;0;0;0;0;0;0;3;0;0;0;2;0;0;1;1;0;0;0;0;2;1;0;0
86076;Cissé;75;86;0;0;0;0;0;0;0;0;0;0;0;0;0;0;0;0;0;1;0;0;6;1;1;1;6;6;9;5;3;1;5;0;0;3;1;0;1
86077;Civaux;75;86;0;0;0;0;0;0;0;0;0;0;0;0;0;0;0;0;0;0;0;1;0;0;0;0;2;3;1;0;2;0;4;0;2;4;1;0;0
86078;Civray;75;86;0;1;0;0;0;0;0;0;0;2;0;1;0;0;0;5;1;1;0;0;5;0;0;4;3;0;1;3;0;0;5;1;1;12;6;2;4
86079;La Roche-Rigault;75;86;0;0;0;0;0;0;0;0;0;0;0;0;0;0;0;0;0;0;0;0;0;0;0;0;2;1;1;1;0;1;1;0;0;1;1;0;0
86080;Cloué;75;86;0;0;0;0;0;0;0;0;0;0;0;0;0;0;0;0;0;0;0;0;1;0;0;0;1;1;1;1;1;0;0;0;0;0;0;0;0
86081;Colombiers;75;86;0;0;0;0;0;0;0;0;0;0;0;0;0;0;0;0;0;0;0;1;0;0;0;0;1;5;2;2;0;0;1;0;0;0;0;0;1
86082;Couhé;75;86;0;1;0;0;0;0;0;0;0;1;0;0;0;0;0;2;1;1;0;0;7;0;0;0;2;1;1;7;3;0;3;2;0;5;5;1;2
86083;Coulombiers;75;86;0;0;0;0;0;0;0;0;0;0;0;0;0;0;0;0;0;1;0;0;4;0;0;0;1;2;3;1;0;1;3;0;0;3;1;0;0
86084;Coulonges;75;86;0;0;0;0;0;0;0;0;0;0;0;0;0;0;0;0;0;0;0;0;0;0;0;0;1;1;1;0;0;0;0;0;0;3;0;0;0
86085;Coussay;75;86;0;0;0;0;0;0;0;0;0;0;0;0;0;0;0;0;0;0;0;0;0;0;0;0;0;0;1;0;0;0;0;0;0;0;0;0;0
86086;Coussay-les-Bois;75;86;0;0;0;0;0;0;0;0;0;0;0;0;0;0;0;0;0;0;0;1;1;0;0;0;2;0;0;2;1;0;1;0;0;3;0;0;0
86087;Craon;75;86;0;0;0;0;0;0;0;0;0;0;0;0;0;0;0;0;0;0;0;0;0;0;0;0;0;0;0;0;0;0;0;0;0;0;0;0;0
86088;Croutelle;75;86;0;0;0;0;0;0;0;0;0;0;0;0;0;0;0;0;0;0;0;1;0;0;0;0;1;1;1;0;2;1;0;0;0;5;1;0;0
86089;Cuhon;75;86;0;0;0;0;0;0;0;0;0;0;0;0;0;0;0;0;0;0;0;0;1;0;0;0;3;1;0;0;0;0;0;0;0;0;0;0;0
86090;Curçay-sur-Dive;75;86;0;0;0;0;0;0;0;0;0;0;0;0;0;0;0;0;0;0;0;0;1;0;0;0;0;0;0;0;0;0;0;0;0;0;1;0;0
86091;Curzay-sur-Vonne;75;86;0;0;0;0;0;0;0;0;0;0;0;0;0;0;0;0;0;0;0;0;0;0;0;0;1;1;0;1;0;0;0;0;0;1;0;0;0
86092;Dangé-Saint-Romain;75;86;0;0;0;0;0;0;0;0;0;1;0;0;0;0;0;2;0;1;0;0;9;2;0;1;4;2;1;5;4;0;3;1;0;3;1;0;3
86093;Dercé;75;86;0;0;0;0;0;0;0;0;0;0;0;0;0;0;0;0;0;0;0;0;0;0;0;0;0;0;1;1;0;0;0;0;0;0;0;0;0
86094;Dienné;75;86;0;0;0;0;0;0;0;0;0;0;0;0;0;0;0;0;0;0;0;0;0;0;0;0;1;2;1;3;0;0;1;0;0;1;0;0;0
86095;Dissay;75;86;0;0;0;0;0;0;0;0;0;0;0;0;0;0;0;1;0;1;0;0;11;0;0;1;2;5;4;4;2;0;4;0;0;5;0;0;1
86096;Doussay;75;86;0;0;0;0;0;0;0;0;0;0;0;0;0;0;0;0;0;0;0;1;0;0;0;0;2;1;2;0;0;0;0;0;0;3;1;0;0
86097;La Ferrière-Airoux;75;86;0;0;0;0;0;0;0;0;0;0;0;0;0;0;0;0;0;0;0;0;1;0;0;0;1;1;0;0;0;0;0;0;0;1;0;0;0
86098;Fleix;75;86;0;0;0;0;0;0;0;0;0;0;0;0;0;0;0;0;0;0;0;0;0;0;0;0;0;2;0;0;0;0;0;0;0;0;1;0;0
86099;Fleuré;75;86;0;0;0;0;0;0;0;0;0;0;0;0;0;0;0;0;0;1;0;0;1;0;0;1;2;3;1;3;1;0;1;0;0;2;0;0;0
86100;Fontaine-le-Comte;75;86;0;0;0;0;0;0;0;0;0;0;0;0;0;0;0;1;1;1;0;0;9;1;0;1;6;8;10;5;1;1;5;0;0;6;0;0;1
86102;Frozes;75;86;0;0;0;0;0;0;0;0;0;0;0;0;0;0;0;0;0;0;0;0;1;0;0;0;0;2;2;1;2;0;0;0;0;0;0;0;1
86103;Gençay;75;86;0;1;0;0;0;0;0;0;0;1;0;0;0;0;0;3;1;1;0;0;7;0;0;2;1;1;1;1;0;1;4;0;0;5;4;0;2
86104;Genouillé;75;86;0;0;0;0;0;0;0;0;0;0;0;0;0;0;0;0;0;0;0;0;1;0;0;0;5;2;0;2;2;0;1;0;0;1;0;0;0
86105;Gizay;75;86;0;0;0;0;0;0;0;0;0;0;0;0;0;0;0;0;0;0;0;0;0;0;0;0;1;0;0;1;1;0;0;0;0;1;0;0;0
86106;Glénouze;75;86;0;0;0;0;0;0;0;0;0;0;0;0;0;0;0;0;0;0;0;0;0;0;0;0;0;0;0;0;0;0;0;0;0;0;0;0;0
86107;Gouex;75;86;0;0;0;0;0;0;0;0;0;0;0;0;0;0;0;0;0;0;0;1;1;0;0;0;0;2;0;1;2;0;1;0;0;0;1;0;0
86108;La Grimaudière;75;86;0;0;0;0;0;0;0;0;0;0;0;0;0;0;0;0;0;0;0;1;1;0;0;0;1;0;0;1;0;0;0;0;0;1;1;0;0
86109;Guesnes;75;86;0;0;0;0;0;0;0;0;0;0;0;0;0;0;0;0;0;0;0;0;0;0;0;0;0;2;0;1;0;0;0;0;0;1;0;0;0
86110;Haims;75;86;0;0;0;0;0;0;0;0;0;0;0;0;0;0;0;0;0;0;0;0;0;0;0;0;2;0;0;0;1;0;0;0;0;0;1;0;0
86111;Ingrandes;75;86;0;0;0;0;0;0;0;0;0;0;0;0;0;0;0;1;0;1;0;0;1;0;0;0;3;3;1;0;4;0;2;0;0;1;0;0;2
86112;L'Isle-Jourdain;75;86;0;1;0;0;0;0;0;0;0;1;0;0;0;0;0;2;1;1;0;0;5;0;0;1;0;4;0;2;0;0;4;3;0;4;2;1;1
86113;Iteuil;75;86;0;0;0;0;0;0;0;0;0;0;0;0;0;0;0;1;0;1;0;0;3;0;0;1;3;5;7;5;5;0;4;0;0;1;2;0;2
86114;Jardres;75;86;0;0;0;0;0;0;0;0;0;0;0;0;0;0;0;0;0;0;0;0;6;0;0;0;0;0;4;1;0;0;2;0;0;2;0;0;2
86115;Jaunay-Clan;75;86;0;1;0;0;0;0;0;0;0;0;0;0;0;0;0;4;1;1;0;0;7;1;1;3;5;7;5;14;6;2;6;1;1;12;3;0;7
86116;Jazeneuil;75;86;0;0;0;0;0;0;0;0;0;0;0;0;0;0;0;0;0;0;0;1;1;0;0;0;0;1;4;0;2;0;1;0;0;0;0;0;0
86117;Jouhet;75;86;0;0;0;0;0;0;0;0;0;0;0;0;0;0;0;0;0;0;0;1;0;0;0;0;2;0;1;1;1;0;2;0;0;2;1;0;0
86118;Journet;75;86;0;0;0;0;0;0;0;0;0;0;0;0;0;0;0;0;0;0;0;0;0;0;0;0;2;0;1;0;0;0;0;0;0;0;0;0;0
86119;Joussé;75;86;0;0;0;0;0;0;0;0;0;0;0;0;0;0;0;1;0;0;0;0;2;0;0;0;0;0;0;0;0;0;1;0;0;0;0;0;0
86120;Lathus-Saint-Rémy;75;86;0;0;0;0;0;0;0;0;0;0;0;0;0;0;0;1;0;0;0;1;2;0;0;0;4;0;2;2;1;1;2;0;0;2;2;0;0
86121;Latillé;75;86;0;0;0;0;0;0;0;0;0;0;0;0;0;0;0;1;1;1;0;0;2;0;0;1;4;3;2;1;0;0;2;0;0;2;1;1;0
86122;Lauthiers;75;86;0;0;0;0;0;0;0;0;0;0;0;0;0;0;0;0;0;0;0;0;0;0;0;0;0;0;0;0;0;0;0;0;0;0;0;0;0
86123;Lavausseau;75;86;0;0;0;0;0;0;0;0;0;0;0;0;0;0;0;0;0;0;0;1;1;0;0;0;3;2;3;2;2;2;1;0;0;1;0;0;0
86124;Lavoux;75;86;0;0;0;0;0;0;0;0;0;0;0;0;0;0;0;0;0;0;1;0;1;0;0;0;1;2;2;2;0;0;2;0;0;0;1;0;0
86125;Leigné-les-Bois;75;86;0;0;0;0;0;0;0;0;0;0;0;0;0;0;0;0;0;0;0;1;1;0;0;0;1;1;0;0;2;1;0;0;0;0;1;0;0
86126;Leignes-sur-Fontaine;75;86;0;0;0;0;0;0;0;0;0;0;0;0;0;0;0;0;0;0;0;1;1;0;0;0;3;0;0;2;1;0;1;0;0;2;1;0;0
86127;Leigné-sur-Usseau;75;86;0;0;0;0;0;0;0;0;0;0;0;0;0;0;0;0;0;0;1;0;1;0;0;0;1;1;0;1;0;0;0;0;0;0;0;0;0
86128;Lencloître;75;86;0;1;0;0;0;0;0;0;0;1;0;0;0;0;0;2;1;1;0;0;3;1;0;1;5;3;7;4;1;0;5;0;0;7;2;0;1
86129;Lésigny;75;86;0;0;0;0;0;0;0;0;0;0;0;0;0;0;0;1;0;0;0;1;1;0;0;0;2;0;2;0;0;0;1;0;0;0;0;0;0
86130;Leugny;75;86;0;0;0;0;0;0;0;0;0;0;0;0;0;0;0;1;0;0;0;1;0;0;0;0;0;0;1;1;0;0;0;0;0;2;0;0;0
86131;Lhommaizé;75;86;0;0;0;0;0;0;0;0;0;0;0;0;0;0;0;1;0;0;0;1;1;0;0;0;1;3;0;2;4;0;1;0;0;1;0;0;0
86132;Liglet;75;86;0;0;0;0;0;0;0;0;0;0;0;0;0;0;0;0;0;0;1;0;0;0;0;0;0;0;2;0;0;0;0;0;0;1;0;0;0
86133;Ligugé;75;86;0;0;0;0;0;0;0;0;0;0;0;0;0;0;0;2;0;1;0;0;5;0;0;0;7;5;6;4;3;1;5;1;0;3;5;1;2
86134;Linazay;75;86;0;0;0;0;0;0;0;0;0;0;0;0;0;0;0;0;0;0;0;0;0;0;0;0;0;0;2;0;0;0;1;0;0;0;0;0;0
86135;Liniers;75;86;0;0;0;0;0;0;0;0;0;0;0;0;0;0;0;0;0;0;0;0;0;0;0;0;2;1;1;2;1;0;0;0;0;0;0;0;0
86136;Lizant;75;86;0;0;0;0;0;0;0;0;0;0;0;0;0;0;0;0;0;0;0;1;1;0;0;0;4;1;0;0;2;0;0;0;0;2;1;0;1
86137;Loudun;75;86;0;1;0;0;0;0;0;0;0;2;0;1;0;0;0;6;0;1;0;0;28;3;0;3;11;9;6;7;3;1;17;2;3;20;6;3;7
86138;Luchapt;75;86;0;0;0;0;0;0;0;0;0;0;0;0;0;0;0;0;0;0;0;1;0;0;0;0;0;1;0;0;0;0;0;0;0;0;0;0;0
86139;Lusignan;75;86;0;1;0;0;0;0;0;0;0;1;0;0;0;0;0;3;0;1;0;0;8;0;0;1;3;6;4;2;0;1;3;2;0;6;2;1;1
86140;Lussac-les-Châteaux;75;86;0;1;0;0;0;0;0;0;0;1;0;0;0;0;0;3;1;1;0;0;7;1;0;2;6;5;7;4;3;1;4;0;0;6;1;1;2
86141;Magné;75;86;0;0;0;0;0;0;0;0;0;0;0;0;0;0;0;0;0;0;0;0;0;0;0;0;1;1;0;0;1;0;1;0;0;1;0;0;0
86142;Maillé;75;86;0;0;0;0;0;0;0;0;0;0;0;0;0;0;0;0;0;0;0;1;0;0;0;0;4;3;0;0;0;0;0;0;0;0;0;0;0
86143;Mairé;75;86;0;0;0;0;0;0;0;0;0;0;0;0;0;0;0;0;0;0;0;0;0;0;0;0;1;0;0;0;0;0;0;0;0;0;0;0;0
86144;Maisonneuve;75;86;0;0;0;0;0;0;0;0;0;0;0;0;0;0;0;0;0;0;0;1;1;0;0;0;1;0;0;1;0;0;0;0;0;0;0;0;0
86145;Marçay;75;86;0;0;0;0;0;0;0;0;0;0;0;0;0;0;0;0;1;0;0;1;0;0;1;0;0;1;0;2;1;1;1;0;0;0;0;0;0
86146;Marigny-Brizay;75;86;0;0;0;0;0;0;0;0;0;0;0;0;0;0;0;0;0;0;0;1;3;0;0;0;6;2;0;4;3;1;2;0;0;1;1;0;0
86147;Marigny-Chemereau;75;86;0;0;0;0;0;0;0;0;0;0;0;0;0;0;0;0;0;0;0;0;0;0;0;0;0;2;2;1;0;0;1;0;0;1;0;0;0
86148;Marnay;75;86;0;0;0;0;0;0;0;0;0;0;0;0;0;0;0;0;0;0;0;1;1;0;0;0;2;0;1;0;1;0;0;0;0;0;2;0;0
86149;Martaizé;75;86;0;0;0;0;0;0;0;0;0;0;0;0;0;0;0;0;0;0;0;1;1;0;0;0;1;0;1;2;3;0;0;0;0;3;0;0;0
86150;Massognes;75;86;0;0;0;0;0;0;0;0;0;0;0;0;0;0;0;0;0;0;0;0;0;0;0;1;1;0;2;0;1;0;0;0;0;0;0;0;0
86151;Maulay;75;86;0;0;0;0;0;0;0;0;0;0;0;0;0;0;0;0;0;0;0;0;0;0;0;0;0;0;0;2;0;0;0;0;0;0;0;0;0
86152;Mauprévoir;75;86;0;0;0;0;0;0;0;0;0;0;0;0;0;0;0;1;0;0;0;1;2;0;0;0;2;2;0;0;1;0;1;0;0;0;2;0;0
86153;Mazerolles;75;86;0;0;0;0;0;0;0;0;0;0;0;0;0;0;0;0;0;0;0;0;1;0;0;0;2;2;0;0;1;0;0;0;0;2;0;0;0
86154;Mazeuil;75;86;0;0;0;0;0;0;0;0;0;0;0;0;0;0;0;0;0;0;0;0;0;0;0;0;0;0;0;1;0;0;0;0;0;0;0;0;1
86156;Messemé;75;86;0;0;0;0;0;0;0;0;0;0;0;0;0;0;0;0;0;0;0;0;0;0;0;0;1;0;0;0;2;0;0;0;0;0;0;0;1
86157;Mignaloux-Beauvoir;75;86;0;0;0;0;0;0;0;0;0;0;0;0;0;0;0;1;0;1;0;0;5;0;0;1;7;6;5;5;4;1;3;2;0;5;5;0;2
86158;Migné-Auxances;75;86;0;0;0;0;0;0;0;0;0;0;0;0;0;0;0;1;0;1;0;0;9;1;0;3;10;11;8;9;13;4;6;1;0;3;7;1;6
86159;Millac;75;86;0;0;0;0;0;0;0;0;0;0;0;0;0;0;0;0;1;0;0;1;1;0;0;0;1;1;0;1;2;0;0;0;0;0;1;0;0
86160;Mirebeau;75;86;0;1;0;0;0;0;0;0;0;1;0;0;0;0;0;3;3;1;0;0;7;1;0;1;1;2;5;5;2;0;6;1;0;6;4;1;1
86161;Moncontour;75;86;0;0;0;0;0;0;0;0;0;0;0;0;0;0;0;1;0;1;0;0;0;0;0;0;0;1;3;1;0;0;2;0;0;2;0;0;1
86162;Mondion;75;86;0;0;0;0;0;0;0;0;0;0;0;0;0;0;0;0;0;0;0;0;0;0;0;0;0;0;0;0;0;0;0;0;0;0;0;0;0
86163;Montamisé;75;86;0;0;0;0;0;0;0;0;0;0;0;0;0;0;0;0;0;1;0;0;2;0;0;1;5;11;3;6;2;0;3;0;0;9;1;0;3
86164;Monthoiron;75;86;0;0;0;0;0;0;0;0;0;0;0;0;0;0;0;0;0;0;0;0;0;0;0;0;2;2;2;0;0;0;0;0;0;0;0;0;1
86165;Montmorillon;75;86;0;1;0;0;0;0;0;0;0;3;0;1;0;0;0;6;3;2;0;0;11;3;1;3;2;7;6;10;6;1;10;4;3;19;7;5;8
86166;Montreuil-Bonnin;75;86;0;0;0;0;0;0;0;0;0;0;0;0;0;0;0;0;0;0;0;1;0;0;0;0;0;0;2;0;0;0;2;0;0;1;2;0;0
86167;Monts-sur-Guesnes;75;86;0;1;0;0;0;0;0;0;0;0;0;0;0;0;0;1;1;1;0;0;2;0;0;0;0;0;2;2;1;0;1;0;0;2;0;0;1
86169;Morton;75;86;0;0;0;0;0;0;0;0;0;0;0;0;0;0;0;0;0;0;0;0;1;0;0;0;0;0;0;0;1;0;0;0;0;1;0;0;1
86170;Moulismes;75;86;0;0;0;0;0;0;0;0;0;0;0;0;0;0;0;0;0;0;0;1;4;0;0;0;0;0;0;1;0;0;0;0;0;4;0;0;0
86171;Moussac;75;86;0;0;0;0;0;0;0;0;0;0;0;0;0;0;0;0;0;0;0;1;0;0;0;0;2;1;3;0;1;1;0;0;0;0;0;0;1
86172;Mouterre-sur-Blourde;75;86;0;0;0;0;0;0;0;0;0;0;0;0;0;0;0;0;0;0;0;0;0;0;0;0;0;0;0;0;0;0;0;0;0;1;0;0;0
86173;Mouterre-Silly;75;86;0;0;0;0;0;0;0;0;0;0;0;0;0;0;0;0;0;0;0;0;1;0;0;0;0;1;2;2;0;0;0;0;0;0;0;0;1
86174;Naintré;75;86;0;1;0;0;0;0;0;0;0;0;0;0;0;0;0;1;2;1;0;0;12;1;0;1;7;6;8;11;7;2;10;0;0;6;2;0;4
86175;Nalliers;75;86;0;0;0;0;0;0;0;0;0;0;0;0;0;0;0;0;0;0;0;1;1;0;0;0;0;2;0;1;0;0;0;0;0;1;0;0;0
86176;Nérignac;75;86;0;0;0;0;0;0;0;0;0;0;0;0;0;0;0;0;0;0;0;0;0;0;0;0;2;0;1;0;0;0;1;0;0;0;0;0;0
86177;Neuville-de-Poitou;75;86;0;1;0;0;0;0;0;0;0;1;0;0;0;0;0;5;0;1;0;0;8;2;0;3;10;8;9;4;6;1;12;1;0;11;7;1;4
86178;Nieuil-l'Espoir;75;86;0;0;0;0;0;0;0;0;0;0;0;0;0;0;0;1;0;1;0;0;3;0;0;0;1;7;7;4;1;0;4;0;0;4;1;0;1
86180;Nouaillé-Maupertuis;75;86;0;0;0;0;0;0;0;0;0;0;0;0;0;0;0;1;0;1;0;0;4;0;0;0;0;6;4;3;1;0;2;0;0;1;3;0;2
86181;Nueil-sous-Faye;75;86;0;0;0;0;0;0;0;0;0;0;0;0;0;0;0;0;0;0;0;0;1;0;0;0;0;0;1;0;1;0;0;0;0;0;0;0;0
86182;Orches;75;86;0;0;0;0;0;0;0;0;0;0;0;0;0;0;0;0;0;0;0;1;1;0;0;0;1;0;1;0;1;0;0;0;0;2;0;0;0
86183;Les Ormes;75;86;0;1;0;0;0;0;0;0;0;0;0;0;0;0;0;1;0;0;0;1;2;0;0;0;7;2;3;2;2;0;2;0;0;0;0;0;1
86184;Ouzilly;75;86;0;0;0;0;0;0;0;0;0;0;0;0;0;0;0;0;0;0;0;1;1;0;0;0;1;1;4;1;2;0;2;0;0;1;0;0;1
86186;Oyré;75;86;0;0;0;0;0;0;0;0;0;0;0;0;0;0;0;0;0;0;0;1;0;0;0;0;1;0;1;0;2;1;2;0;0;0;0;0;0
86187;Paizay-le-Sec;75;86;0;0;0;0;0;0;0;0;0;0;0;0;0;0;0;1;0;0;1;0;1;0;0;0;2;2;1;1;1;0;1;0;0;0;0;0;1
86188;Payré;75;86;0;0;0;0;0;0;0;0;0;0;0;0;0;0;0;1;0;0;0;1;2;0;0;0;4;4;2;3;2;0;0;0;0;3;0;0;0
86189;Payroux;75;86;0;0;0;0;0;0;0;0;0;0;0;0;0;0;0;0;0;0;0;1;0;0;0;0;0;0;1;0;0;0;0;0;0;1;0;0;0
86190;Persac;75;86;0;0;0;0;0;0;0;0;0;0;0;0;0;0;0;1;0;1;0;0;0;0;0;0;1;2;0;1;1;0;1;0;0;1;0;0;0
86191;Pindray;75;86;0;0;0;0;0;0;0;0;0;0;0;0;0;0;0;0;0;0;0;0;0;0;0;0;0;0;0;0;0;0;0;0;0;1;0;0;0
86192;Plaisance;75;86;0;0;0;0;0;0;0;0;0;0;0;0;0;0;0;0;0;0;0;1;0;0;0;0;0;0;0;0;1;0;0;0;0;1;1;0;1
86193;Pleumartin;75;86;0;1;0;0;0;0;0;0;0;1;0;0;0;0;0;1;1;1;0;0;5;1;0;0;2;2;4;2;1;0;3;3;0;4;0;0;0
86194;Poitiers;75;86;2;1;1;1;1;1;1;0;1;20;0;1;0;0;0;76;9;8;1;1;65;7;10;16;44;63;40;45;36;22;97;6;29;254;98;25;46
86195;Port-de-Piles;75;86;0;0;0;0;0;0;0;0;0;0;0;0;0;0;0;0;0;0;1;0;0;0;0;0;1;1;2;1;0;0;0;0;0;0;0;0;0
86196;Pouançay;75;86;0;0;0;0;0;0;0;0;0;0;0;0;0;0;0;0;0;0;0;0;1;0;0;0;0;0;0;2;0;1;0;0;0;2;0;0;1
86197;Pouant;75;86;0;0;0;0;0;0;0;0;0;0;0;0;0;0;0;0;0;0;0;0;0;0;0;0;1;0;1;0;0;0;0;0;0;1;1;0;0
86198;Pouillé;75;86;0;0;0;0;0;0;0;0;0;0;0;0;0;0;0;0;0;0;0;0;0;0;0;0;2;1;0;0;2;0;1;0;0;0;0;0;1
86200;Pressac;75;86;0;0;0;0;0;0;0;0;0;0;0;0;0;0;0;0;0;0;0;1;2;0;0;0;4;0;3;1;0;0;1;0;0;4;0;0;0
86201;Prinçay;75;86;0;0;0;0;0;0;0;0;0;0;0;0;0;0;0;0;0;0;0;0;0;0;0;0;3;0;0;0;0;0;0;0;0;0;0;0;0
86202;La Puye;75;86;0;0;0;0;0;0;0;0;0;0;0;0;0;0;0;1;0;0;0;1;0;0;0;0;1;0;1;0;1;0;2;0;0;3;0;0;0
86203;Queaux;75;86;0;0;0;0;0;0;0;0;0;0;0;0;0;0;0;1;0;0;0;1;1;0;0;0;2;2;2;0;0;0;1;0;0;1;0;0;0
86204;Quinçay;75;86;0;0;0;0;0;0;0;0;0;0;0;0;0;0;0;0;0;1;0;0;2;0;0;0;3;4;1;3;3;1;2;0;0;0;2;0;0
86205;Ranton;75;86;0;0;0;0;0;0;0;0;0;0;0;0;0;0;0;0;0;0;0;0;0;0;0;0;0;0;1;0;0;0;0;0;0;0;0;0;0
86206;Raslay;75;86;0;0;0;0;0;0;0;0;0;0;0;0;0;0;0;0;0;0;0;0;0;0;0;0;0;0;1;0;0;0;0;0;0;0;0;0;0
86207;La Roche-Posay;75;86;0;0;0;0;0;0;0;0;0;0;0;0;0;0;0;3;0;1;0;0;2;1;0;1;3;1;4;3;1;0;4;0;0;12;2;0;3
86208;Le Rochereau;75;86;0;0;0;0;0;0;0;0;0;0;0;0;0;0;0;0;0;0;0;0;3;0;0;0;2;4;1;0;2;0;1;0;0;0;1;0;1
86209;Roches-Prémarie-Andillé;75;86;0;0;0;0;0;0;0;0;0;0;0;0;0;0;0;0;0;1;0;0;1;0;0;0;3;1;1;2;3;0;1;0;0;2;0;0;1
86210;Roiffé;75;86;0;0;0;0;0;0;0;0;0;0;0;0;0;0;0;0;0;0;0;1;0;0;0;0;0;0;0;1;0;0;1;0;0;0;0;0;0
86211;Romagne;75;86;0;0;0;0;0;0;0;0;0;0;0;0;0;0;0;1;1;0;0;1;2;0;0;0;2;2;1;2;0;0;1;0;0;3;0;0;2
86213;Rouillé;75;86;0;0;0;0;0;0;0;0;0;0;0;0;0;0;0;1;0;1;0;0;3;1;0;0;7;5;5;4;1;0;2;0;0;2;1;0;1
86214;Saint-Benoît;75;86;0;0;0;0;0;0;0;1;0;0;0;1;0;0;0;5;1;1;0;0;4;2;0;1;5;5;9;10;9;5;5;2;2;9;13;1;6
86217;Saint-Christophe;75;86;0;0;0;0;0;0;0;0;0;0;0;0;0;0;0;0;0;0;0;0;2;0;0;0;0;0;0;0;0;0;0;0;0;0;0;0;0
86218;Saint-Clair;75;86;0;0;0;0;0;0;0;0;0;0;0;0;0;0;0;0;0;0;0;0;1;0;0;0;0;0;0;0;0;0;0;0;0;1;0;0;0
86219;Saint-Cyr;75;86;0;0;0;0;0;0;0;0;0;0;0;0;0;0;0;1;0;0;0;1;1;0;0;0;2;2;3;0;0;0;0;0;0;3;0;0;0
86220;Saint-Gaudent;75;86;0;0;0;0;0;0;0;0;0;0;0;0;0;0;0;0;0;0;0;0;0;0;0;0;0;0;0;0;0;0;0;0;0;0;2;0;0
86221;Saint-Genest-d'Ambière;75;86;0;0;0;0;0;0;0;0;0;0;0;0;0;0;0;0;1;0;0;1;7;0;0;1;2;3;5;6;1;1;2;0;0;1;0;0;0
86222;Saint-Georges-lès-Baillargeaux;75;86;0;0;0;0;0;0;0;0;0;1;0;0;0;0;0;1;1;1;0;0;6;2;0;2;8;6;5;8;10;3;3;0;0;4;4;1;4
86223;Saint-Germain;75;86;0;0;0;0;0;0;0;0;0;0;0;0;0;0;0;0;0;0;0;0;2;0;0;0;0;4;0;2;1;1;2;0;0;2;0;0;0
86224;Saint-Gervais-les-Trois-Clochers;75;86;0;1;0;0;0;0;0;0;0;0;0;0;0;0;0;1;1;1;0;0;3;0;0;0;3;2;2;0;1;1;2;1;0;1;0;0;1
86225;Saint-Jean-de-Sauves;75;86;0;1;0;0;0;0;0;0;0;1;0;0;0;0;0;1;1;1;0;1;0;0;0;0;6;2;1;3;3;3;2;0;0;2;0;0;0
86226;Saint-Julien-l'Ars;75;86;0;1;0;0;0;0;0;0;0;1;0;0;0;0;0;1;1;1;0;0;7;0;1;2;3;3;3;5;5;1;3;0;0;3;3;0;1
86227;Saint-Laon;75;86;0;0;0;0;0;0;0;0;0;0;0;0;0;0;0;0;0;0;0;0;0;0;0;0;0;0;0;1;0;0;0;0;0;0;0;0;0
86228;Saint-Laurent-de-Jourdes;75;86;0;0;0;0;0;0;0;0;0;0;0;0;0;0;0;0;0;0;0;0;0;0;0;0;0;1;0;0;0;0;0;0;0;0;0;0;0
86229;Saint-Léger-de-Montbrillais;75;86;0;0;0;0;0;0;0;0;0;0;0;0;0;0;0;0;0;0;0;1;1;0;0;0;0;0;1;0;0;0;1;0;0;1;0;0;1
86230;Saint-Léomer;75;86;0;0;0;0;0;0;0;0;0;0;0;0;0;0;0;0;0;0;0;0;0;0;0;0;0;0;0;0;0;0;0;0;0;0;0;0;0
86231;Saint-Macoux;75;86;0;0;0;0;0;0;0;0;0;0;0;0;0;0;0;0;0;0;0;0;0;0;0;0;0;1;1;0;0;0;0;0;0;0;0;0;1
86233;Valdivienne;75;86;0;0;0;0;0;0;0;0;0;0;0;0;0;0;0;1;0;1;2;0;2;0;0;0;5;3;7;7;3;0;4;0;0;1;0;0;2
86234;Saint-Martin-l'Ars;75;86;0;0;0;0;0;0;0;0;0;0;0;0;0;0;0;1;0;0;1;0;1;0;0;0;2;1;1;0;0;3;1;0;0;3;0;0;0
86235;Saint-Maurice-la-Clouère;75;86;0;0;0;0;0;0;0;0;0;0;0;0;0;0;0;0;1;0;0;0;2;1;0;0;5;4;6;0;1;0;0;3;0;1;0;0;0
86236;Saint-Pierre-de-Maillé;75;86;0;0;0;0;0;0;0;0;0;0;0;0;0;0;0;1;0;1;0;0;1;0;0;0;0;1;2;1;0;1;2;0;0;1;0;0;0
86237;Saint-Pierre-d'Exideuil;75;86;0;0;0;0;0;0;0;0;0;0;0;0;0;0;0;0;0;0;0;0;3;1;0;0;1;1;0;1;0;0;2;0;0;1;0;0;0
86239;Sainte-Radégonde;75;86;0;0;0;0;0;0;0;0;0;0;0;0;0;0;0;0;0;0;0;0;0;0;0;0;0;0;1;3;1;0;0;0;0;0;0;0;1
86241;Saint-Rémy-sur-Creuse;75;86;0;0;0;0;0;0;0;0;0;0;0;0;0;0;0;0;1;0;0;1;2;0;0;0;0;0;2;0;0;0;2;0;0;2;0;0;0
86242;Saint-Romain;75;86;0;0;0;0;0;0;0;0;0;0;0;0;0;0;0;0;0;0;0;0;1;0;0;0;1;1;0;0;1;0;1;0;0;1;3;0;0
86244;Saint-Sauvant;75;86;0;0;0;0;0;0;0;0;0;0;0;0;0;0;0;1;0;1;0;0;1;0;0;0;4;0;1;2;1;0;1;0;0;0;0;0;1
86245;Senillé-Saint-Sauveur;75;86;0;0;0;0;0;0;0;0;0;0;0;0;0;0;0;0;0;0;0;1;2;0;0;0;3;2;1;2;0;0;2;0;0;1;1;0;0
86246;Saint-Savin;75;86;0;1;0;0;0;0;0;0;0;0;0;0;0;0;0;2;1;1;0;0;3;0;0;1;0;5;0;2;1;0;5;1;0;4;1;0;1
86247;Saint-Saviol;75;86;0;0;0;0;0;0;0;0;0;0;0;0;0;0;0;0;0;0;0;1;1;0;0;0;1;1;0;1;0;0;1;0;0;0;0;0;0
86248;Saint-Secondin;75;86;0;0;0;0;0;0;0;0;0;0;0;0;0;0;0;1;0;0;0;1;0;0;0;0;1;1;0;1;1;0;0;0;0;0;0;0;0
86249;Saires;75;86;0;0;0;0;0;0;0;0;0;0;0;0;0;0;0;0;0;0;0;0;0;0;0;0;0;0;0;0;0;0;0;0;0;0;0;0;0
86250;Saix;75;86;0;0;0;0;0;0;0;0;0;0;0;0;0;0;0;0;0;0;0;0;0;0;0;0;0;0;0;0;0;0;0;0;0;0;0;0;0
86252;Sammarçolles;75;86;0;0;0;0;0;0;0;0;0;0;0;0;0;0;0;0;0;0;0;0;1;0;0;0;2;3;0;0;1;0;0;0;0;0;0;0;0
86253;Sanxay;75;86;0;0;0;0;0;0;0;0;0;0;0;0;0;0;0;1;0;0;0;1;0;0;0;0;2;0;1;0;1;0;1;0;0;1;1;0;0
86254;Saulgé;75;86;0;0;0;0;0;0;0;0;0;0;0;0;0;0;0;0;0;0;0;1;0;0;0;1;4;0;2;2;1;1;1;0;0;2;0;0;0
86255;Savigné;75;86;0;0;0;0;0;0;0;0;0;0;0;0;0;0;0;0;0;0;1;0;4;1;0;0;1;4;3;3;4;0;2;2;0;1;0;0;1
86256;Savigny-Lévescault;75;86;0;0;0;0;0;0;0;0;0;0;0;0;0;0;0;0;0;0;1;0;1;0;0;0;2;1;1;2;1;1;1;0;0;1;1;0;0
86257;Savigny-sous-Faye;75;86;0;0;0;0;0;0;0;0;0;0;0;0;0;0;0;0;0;0;0;1;0;0;0;0;3;0;1;2;1;0;0;0;0;1;0;0;0
86258;Scorbé-Clairvaux;75;86;0;0;0;0;0;0;0;0;0;0;0;0;0;0;0;1;0;1;0;0;6;0;0;1;2;7;2;3;3;0;3;0;0;3;0;0;2
86260;Sérigny;75;86;0;0;0;0;0;0;0;0;0;0;0;0;0;0;0;0;0;0;0;0;0;0;0;0;2;0;2;1;0;0;0;0;0;0;0;0;0
86261;Sèvres-Anxaumont;75;86;0;0;0;0;0;0;0;0;0;0;0;0;0;0;0;0;0;0;0;0;2;0;0;0;2;4;2;5;3;0;1;0;0;1;0;0;2
86262;Sillars;75;86;0;0;0;0;0;0;0;0;0;0;0;0;0;0;0;0;0;0;0;1;2;0;0;0;0;0;1;1;0;0;2;0;0;0;0;0;0
86263;Smarves;75;86;0;0;0;0;0;0;0;0;0;0;0;0;0;0;0;0;0;1;0;0;3;0;0;2;5;4;3;3;1;0;4;0;1;4;1;0;2
86264;Sommières-du-Clain;75;86;0;0;0;0;0;0;0;0;0;0;0;0;0;0;0;1;0;0;0;1;0;0;0;0;2;1;2;1;0;1;1;0;0;3;1;0;0
86265;Sossais;75;86;0;0;0;0;0;0;0;0;0;0;0;0;0;0;0;0;0;0;0;1;0;0;0;0;1;0;1;0;3;0;0;0;0;0;0;0;0
86266;Surin;75;86;0;0;0;0;0;0;0;0;0;0;0;0;0;0;0;0;0;0;0;0;0;0;0;0;0;0;1;0;0;0;0;0;0;1;0;0;0
86268;Tercé;75;86;0;0;0;0;0;0;0;0;0;0;0;0;0;0;0;0;0;0;1;0;1;0;0;0;0;0;1;0;1;0;2;0;0;3;0;0;0
86269;Ternay;75;86;0;0;0;0;0;0;0;0;0;0;0;0;0;0;0;0;0;0;0;0;0;0;0;0;2;0;0;0;1;0;0;0;0;0;0;0;0
86270;Thollet;75;86;0;0;0;0;0;0;0;0;0;0;0;0;0;0;0;0;0;0;0;0;0;0;0;0;1;0;0;1;0;0;0;0;0;1;0;0;0
86271;Thurageau;75;86;0;0;0;0;0;0;0;0;0;0;0;0;0;0;0;0;0;0;0;0;0;0;0;0;1;0;4;0;0;0;1;0;0;1;0;0;0
86272;Thuré;75;86;0;0;0;0;0;0;0;0;0;0;0;0;0;0;0;1;1;1;0;0;3;0;0;0;3;2;3;2;4;0;3;0;0;0;1;0;0
86273;La Trimouille;75;86;0;1;0;0;0;0;0;0;0;0;0;0;0;0;0;1;1;1;0;0;2;0;0;0;3;4;3;3;1;1;3;2;0;2;0;0;0
86274;Les Trois-Moutiers;75;86;0;0;0;0;0;0;0;0;0;0;0;0;0;0;0;1;0;1;0;0;3;0;0;0;3;2;1;2;3;0;1;0;0;2;0;0;0
86275;Usseau;75;86;0;0;0;0;0;0;0;0;0;0;0;0;0;0;0;0;0;0;0;0;0;0;0;0;2;0;1;1;2;1;0;0;0;2;0;0;0
86276;Usson-du-Poitou;75;86;0;0;0;0;0;0;0;0;0;0;0;0;0;0;0;2;0;1;0;0;1;0;0;0;3;3;4;0;2;0;3;0;0;2;0;0;1
86277;Varennes;75;86;0;0;0;0;0;0;0;0;0;0;0;0;0;0;0;0;0;0;0;0;1;0;0;0;0;2;1;0;0;0;0;0;0;1;1;0;0
86278;Vaux;75;86;0;0;0;0;0;0;0;0;0;0;0;0;0;0;0;0;0;0;0;0;1;0;0;0;0;0;0;1;0;0;0;0;0;3;2;0;0
86279;Vaux-sur-Vienne;75;86;0;0;0;0;0;0;0;0;0;0;0;0;0;0;0;0;0;0;0;0;0;0;0;0;0;1;0;0;1;0;0;0;0;0;0;0;0
86280;Vellèches;75;86;0;0;0;0;0;0;0;0;0;0;0;0;0;0;0;0;0;0;0;0;0;0;0;0;0;0;1;0;1;0;0;0;0;2;0;0;1
86281;Vendeuvre-du-Poitou;75;86;0;0;0;0;0;0;0;0;0;0;0;0;0;0;0;1;0;1;0;0;6;1;0;0;8;8;12;3;6;1;3;0;0;1;2;0;1
86284;Vernon;75;86;0;0;0;0;0;0;0;0;0;0;0;0;0;0;0;0;0;0;1;0;1;0;1;0;1;0;4;0;0;0;2;0;0;2;1;0;0
86285;Verrières;75;86;0;0;0;0;0;0;0;0;0;0;0;0;0;0;0;1;0;1;0;0;2;0;0;0;1;1;0;1;2;0;1;2;0;3;0;0;1
86286;Verrue;75;86;0;0;0;0;0;0;0;0;0;0;0;0;0;0;0;0;0;0;0;1;1;0;0;0;2;1;0;3;0;0;1;0;0;0;0;0;0
86287;Vézières;75;86;0;0;0;0;0;0;0;0;0;0;0;0;0;0;0;0;0;0;0;0;0;0;0;0;0;0;0;0;0;0;0;0;0;0;0;0;0
86288;Vicq-sur-Gartempe;75;86;0;0;0;0;0;0;0;0;0;0;0;0;0;0;0;0;0;1;0;0;1;0;0;0;2;0;2;0;1;0;0;0;0;0;0;0;0
86289;Le Vigeant;75;86;0;0;0;0;0;0;0;0;0;0;0;0;0;0;0;0;0;0;0;1;2;0;1;0;0;0;2;0;2;0;1;0;0;2;1;0;0
86290;La Villedieu-du-Clain;75;86;0;1;0;0;0;0;0;0;0;0;0;0;0;0;0;2;0;1;0;0;1;0;0;0;2;2;2;2;1;0;2;0;0;3;2;0;2
86291;Villemort;75;86;0;0;0;0;0;0;0;0;0;0;0;0;0;0;0;0;0;0;0;0;0;0;0;0;1;0;0;0;0;0;0;0;0;0;0;0;0
86292;Villiers;75;86;0;0;0;0;0;0;0;0;0;0;0;0;0;0;0;0;0;0;0;1;0;1;0;0;0;3;2;0;1;0;0;0;0;0;0;0;0
86293;Vivonne;75;86;0;1;0;0;0;0;0;0;0;1;0;0;0;0;0;4;1;1;0;0;12;1;0;2;4;5;5;2;4;2;5;2;1;9;6;1;3
86294;Vouillé;75;86;0;1;0;0;0;0;0;0;0;1;0;0;0;0;0;1;1;1;0;0;7;1;0;1;4;7;6;4;5;4;9;1;0;5;3;2;4
86295;Voulême;75;86;0;0;0;0;0;0;0;0;0;0;0;0;0;0;0;0;0;0;0;0;0;0;0;0;0;1;1;0;0;0;2;0;0;3;0;0;0
86296;Voulon;75;86;0;0;0;0;0;0;0;0;0;0;0;0;0;0;0;0;0;0;0;0;0;0;0;0;5;0;0;2;2;0;1;0;0;0;1;0;0
86297;Vouneuil-sous-Biard;75;86;0;0;0;0;0;0;0;0;0;0;0;0;0;0;0;1;0;1;0;0;2;0;0;0;3;7;10;7;2;0;4;0;0;6;5;2;3
86298;Vouneuil-sur-Vienne;75;86;0;0;0;0;0;0;0;0;0;0;0;0;0;0;0;1;0;1;0;0;1;0;0;1;1;2;4;3;1;1;3;0;0;1;2;0;3
86299;Vouzailles;75;86;0;0;0;0;0;0;0;0;0;0;0;0;0;0;0;0;1;0;0;1;1;0;0;0;0;2;1;0;0;0;0;0;0;0;1;0;0
86300;Yversay;75;86;0;0;0;0;0;0;0;0;0;0;0;0;0;0;0;0;0;0;0;0;0;0;0;0;0;1;1;2;0;0;0;0;0;1;0;0;1
87001;Aixe-sur-Vienne;75;87;0;1;0;0;0;0;0;0;0;1;0;0;0;0;0;5;2;1;0;0;6;3;0;1;5;14;10;8;3;3;9;0;0;14;5;2;5
87002;Ambazac;75;87;0;1;0;0;0;0;0;0;0;1;0;1;1;0;0;4;1;1;0;0;8;1;0;1;9;10;8;6;5;0;7;2;0;4;4;1;3
87003;Arnac-la-Poste;75;87;0;0;0;0;0;0;0;0;0;0;0;0;0;0;0;0;0;1;0;0;1;0;1;0;5;0;0;0;2;1;3;0;0;0;0;0;0
87004;Augne;75;87;0;0;0;0;0;0;0;0;0;0;0;0;0;0;0;0;0;0;0;0;0;0;0;0;1;1;0;0;0;0;0;0;0;0;0;0;0
87005;Aureil;75;87;0;0;0;0;0;0;0;0;0;0;0;0;0;0;0;0;0;0;0;0;1;0;0;0;0;1;3;1;0;0;1;0;0;1;0;0;1
87006;Azat-le-Ris;75;87;0;0;0;0;0;0;0;0;0;0;0;0;0;0;0;0;0;0;0;1;0;0;0;0;0;0;0;0;1;0;0;0;0;1;0;0;0
87007;Balledent;75;87;0;0;0;0;0;0;0;0;0;0;0;0;0;0;0;0;0;0;1;0;0;0;0;0;2;0;0;2;0;0;0;0;0;1;0;0;0
87008;La Bazeuge;75;87;0;0;0;0;0;0;0;0;0;0;0;0;0;0;0;0;0;0;0;0;1;0;0;0;0;1;0;0;0;0;0;0;0;0;0;0;0
87009;Beaumont-du-Lac;75;87;0;0;0;0;0;0;0;0;0;0;0;0;0;0;0;0;0;0;0;0;0;0;0;0;1;0;0;2;0;0;0;0;0;5;0;0;0
87011;Bellac;75;87;0;1;0;0;0;0;0;0;0;3;0;1;0;0;0;6;2;1;0;0;6;2;0;4;5;1;3;5;3;1;5;4;0;14;3;0;3
87012;Berneuil;75;87;0;0;0;0;0;0;0;0;0;0;0;0;0;0;0;0;0;0;0;1;2;0;0;0;0;0;0;0;0;0;0;0;0;0;0;0;0
87013;Bersac-sur-Rivalier;75;87;0;0;0;0;0;0;0;0;0;0;0;0;0;0;0;0;0;0;0;1;2;0;1;0;0;0;2;0;0;0;1;0;0;1;0;0;0
87014;Bessines-sur-Gartempe;75;87;0;1;0;0;0;0;0;0;0;1;0;0;0;0;0;3;0;1;0;1;4;1;0;1;2;5;8;10;2;2;4;3;0;6;3;0;1
87015;Beynac;75;87;0;0;0;0;0;0;0;0;0;0;0;0;0;0;0;0;0;0;0;0;0;0;0;0;0;1;1;0;1;0;0;0;0;0;0;0;0
87016;Les Billanges;75;87;0;0;0;0;0;0;0;0;0;0;0;0;0;0;0;0;0;0;1;0;0;0;0;0;0;0;2;0;0;1;0;0;0;1;0;0;0
87017;Blanzac;75;87;0;0;0;0;0;0;0;0;0;0;0;0;0;0;0;0;0;0;0;0;3;0;0;0;2;2;1;0;0;2;0;0;0;1;0;0;0
87018;Blond;75;87;0;0;0;0;0;0;0;0;0;0;0;0;0;0;0;0;0;0;0;1;1;0;0;0;2;1;0;2;0;0;1;0;0;1;0;0;3
87019;Boisseuil;75;87;0;0;0;0;0;0;0;0;0;0;0;0;0;0;0;0;0;1;0;0;8;0;0;0;2;7;3;1;2;3;3;0;0;2;1;0;1
87020;Bonnac-la-Côte;75;87;0;0;0;0;0;0;0;0;0;0;0;0;0;0;0;0;0;0;0;1;2;0;0;1;3;3;2;4;0;0;3;0;0;4;3;0;1
87021;Bosmie-l'Aiguille;75;87;0;0;0;0;0;0;0;0;0;0;0;0;0;0;0;0;1;0;0;1;2;0;0;1;2;3;4;2;2;0;2;0;0;2;0;0;3
87022;Breuilaufa;75;87;0;0;0;0;0;0;0;0;0;0;0;0;0;0;0;0;0;0;0;0;0;0;0;0;0;0;0;0;0;0;0;0;0;1;0;0;0
87023;Le Buis;75;87;0;0;0;0;0;0;0;0;0;0;0;0;0;0;0;0;0;0;0;0;0;0;0;0;0;1;0;0;0;0;0;0;0;0;0;0;0
87024;Bujaleuf;75;87;0;0;0;0;0;0;0;0;0;0;0;1;0;0;0;0;1;0;0;1;2;0;0;0;3;3;1;3;1;0;1;0;0;3;0;0;0
87025;Burgnac;75;87;0;0;0;0;0;0;0;0;0;0;0;0;0;0;0;0;0;0;0;0;2;0;0;0;2;3;4;2;1;1;0;0;0;0;0;0;1
87027;Bussière-Galant;75;87;0;0;0;0;0;0;0;0;0;0;0;0;0;0;0;0;1;1;1;0;2;0;0;0;3;2;4;4;1;0;2;0;0;1;0;0;0
87028;Bussière-Poitevine;75;87;0;0;0;0;0;0;0;0;0;0;0;0;0;0;0;1;1;1;0;0;4;0;0;0;2;5;2;2;3;0;3;0;0;3;2;0;1
87029;Les Cars;75;87;0;0;0;0;0;0;0;0;0;0;0;0;0;0;0;0;0;0;0;1;1;0;0;0;0;0;0;2;2;0;1;0;0;0;0;0;0
87030;Chaillac-sur-Vienne;75;87;0;0;0;0;0;0;0;0;0;0;0;0;0;0;0;0;0;0;0;0;1;0;0;0;0;0;2;1;0;1;1;0;0;1;0;0;0
87031;Le Chalard;75;87;0;0;0;0;0;0;0;0;0;0;0;0;0;0;0;0;0;0;0;1;0;0;0;0;1;1;0;1;0;0;0;0;0;0;0;0;0
87032;Châlus;75;87;0;1;0;0;0;0;0;0;0;1;0;0;0;0;0;2;1;1;0;0;9;2;0;2;4;4;5;4;0;0;3;1;0;7;2;0;2
87033;Chamboret;75;87;0;0;0;0;0;0;0;0;0;0;0;0;0;0;0;0;0;0;0;1;1;0;0;0;2;1;0;1;0;1;1;0;0;2;1;0;0
87034;Champagnac-la-Rivière;75;87;0;0;0;0;0;0;0;0;0;0;0;0;0;0;0;0;0;0;0;1;1;0;0;0;4;0;3;0;0;0;0;0;0;2;0;0;0
87035;Champnétery;75;87;0;0;0;0;0;0;0;0;0;0;0;0;0;0;0;0;0;0;0;1;0;0;0;0;1;2;0;1;1;0;0;0;0;0;0;0;0
87036;Champsac;75;87;0;0;0;0;0;0;0;0;0;0;0;0;0;0;0;0;0;0;1;0;1;0;0;0;2;1;2;1;2;0;1;0;0;2;1;0;0
87037;La Chapelle-Montbrandeix;75;87;0;0;0;0;0;0;0;0;0;0;0;0;0;0;0;0;1;0;0;1;0;0;0;0;2;0;2;0;1;1;0;0;0;1;0;0;0
87038;Chaptelat;75;87;0;0;0;0;0;0;0;0;0;0;0;0;0;0;0;0;0;0;0;1;5;0;0;0;4;6;3;1;3;0;1;0;0;1;2;0;0
87039;Château-Chervix;75;87;0;0;0;0;0;0;0;0;0;0;0;0;0;0;0;0;0;0;1;0;2;0;0;0;0;3;1;1;0;1;2;0;0;2;0;0;0
87040;Châteauneuf-la-Forêt;75;87;0;1;0;0;0;0;0;0;0;1;0;0;0;0;0;2;0;1;0;0;2;1;0;1;4;0;0;3;3;0;2;3;0;1;1;0;0
87041;Châteauponsac;75;87;0;1;0;0;0;0;0;0;0;0;0;0;0;0;0;2;0;1;0;0;3;1;1;2;4;2;3;3;4;0;5;1;0;5;1;0;1
87042;Le Châtenet-en-Dognon;75;87;0;0;0;0;0;0;0;0;0;0;0;0;0;0;0;0;0;0;0;1;2;0;0;0;0;1;1;3;1;0;1;0;0;1;0;0;0
87043;Cheissoux;75;87;0;0;0;0;0;0;0;0;0;0;0;0;0;0;0;0;0;0;0;0;0;0;0;0;0;0;1;0;1;0;0;0;0;1;0;0;1
87044;Chéronnac;75;87;0;0;0;0;0;0;0;0;0;0;0;0;0;0;0;0;1;0;0;1;0;0;0;0;1;1;1;1;0;0;1;0;0;0;0;0;0
87045;Cieux;75;87;0;0;0;0;0;0;0;0;0;0;0;0;0;0;0;0;0;0;0;1;2;0;0;0;0;1;0;3;1;3;1;0;0;1;0;0;1
87046;Cognac-la-Forêt;75;87;0;0;0;0;0;0;0;0;0;0;0;0;0;0;0;0;0;1;0;0;2;0;0;0;2;2;4;1;2;1;3;0;0;4;1;0;1
87047;Compreignac;75;87;0;0;0;0;0;0;0;0;0;0;0;0;0;0;0;0;0;1;0;0;2;0;0;0;2;4;3;5;3;1;3;0;0;4;0;0;0
87048;Condat-sur-Vienne;75;87;0;0;0;0;0;0;0;0;0;0;0;0;0;0;0;1;0;1;0;0;6;0;0;1;4;10;5;2;2;1;6;0;0;4;3;1;3
87049;Coussac-Bonneval;75;87;0;0;0;0;0;0;0;0;0;0;0;0;0;0;0;0;0;1;0;0;3;0;0;0;2;1;5;1;2;0;3;0;0;2;1;0;0
87050;Couzeix;75;87;0;0;0;0;0;0;0;0;0;0;0;0;0;0;0;5;0;1;0;0;20;1;0;2;13;19;11;17;8;5;11;1;0;10;7;1;5
87051;La Croisille-sur-Briance;75;87;0;0;0;0;0;0;0;0;0;0;0;0;0;0;0;0;0;0;0;1;2;0;0;0;1;2;1;0;1;0;1;0;0;1;2;0;0
87052;La Croix-sur-Gartempe;75;87;0;0;0;0;0;0;0;0;0;0;0;0;0;0;0;0;0;0;0;0;1;0;0;0;1;1;1;0;0;0;0;0;0;3;0;0;0
87053;Cromac;75;87;0;0;0;0;0;0;0;0;0;0;0;0;0;0;0;0;0;0;1;0;1;0;0;0;0;2;1;0;1;0;2;0;0;1;0;0;1
87054;Cussac;75;87;0;0;0;0;0;0;0;0;0;1;0;0;0;0;0;0;0;1;0;0;2;0;0;1;2;1;4;4;1;0;3;0;0;4;2;0;0
87055;Darnac;75;87;0;0;0;0;0;0;0;0;0;0;0;0;0;0;0;0;0;0;0;0;1;0;0;0;3;0;2;0;0;0;1;0;0;1;0;0;0
87056;Dinsac;75;87;0;0;0;0;0;0;0;0;0;0;0;0;0;0;0;0;0;0;0;0;0;0;0;0;3;0;1;1;0;0;0;0;0;0;0;0;0
87057;Dompierre-les-Églises;75;87;0;0;0;0;0;0;0;0;0;0;0;0;0;0;0;0;0;0;0;1;1;0;0;0;3;0;1;2;0;2;0;0;0;0;0;0;0
87058;Domps;75;87;0;0;0;0;0;0;0;0;0;0;0;0;0;0;0;0;0;0;0;1;2;0;0;0;0;0;1;1;0;0;0;0;0;0;0;0;0
87059;Le Dorat;75;87;0;1;0;0;0;0;0;0;0;0;0;0;0;0;0;2;1;1;0;0;4;1;0;1;0;3;3;2;1;1;4;3;0;11;4;1;1
87060;Dournazac;75;87;0;0;0;0;0;0;0;0;0;0;0;0;0;0;0;0;0;0;0;1;1;0;0;0;0;3;0;0;3;1;1;0;0;5;1;0;1
87061;Droux;75;87;0;0;0;0;0;0;0;0;0;0;0;0;0;0;0;0;0;0;0;1;2;0;0;0;2;3;1;1;1;0;1;0;0;4;0;0;0
87062;Eybouleuf;75;87;0;0;0;0;0;0;0;0;0;0;0;0;0;0;0;0;0;0;0;0;0;0;0;0;1;2;2;0;0;0;0;0;0;0;1;0;0
87063;Eyjeaux;75;87;0;0;0;0;0;0;0;0;0;0;0;0;0;0;0;0;0;0;0;0;1;0;0;0;0;3;2;3;1;0;2;0;0;1;1;0;1
87064;Eymoutiers;75;87;0;1;0;0;0;0;0;0;0;1;0;0;0;0;0;3;0;1;0;0;3;1;1;1;3;3;7;8;2;1;3;2;0;7;2;0;1
87065;Feytiat;75;87;0;0;0;0;0;0;0;0;0;0;0;0;0;0;0;4;1;1;0;0;15;1;0;2;10;6;8;5;3;2;8;1;0;17;2;1;2
87066;Flavignac;75;87;0;0;0;0;0;0;0;0;0;0;0;0;0;0;0;0;0;1;0;0;2;0;0;0;3;2;4;0;0;0;3;0;0;2;0;0;0
87067;Folles;75;87;0;0;0;0;0;0;0;0;0;0;0;0;0;0;0;0;0;0;0;1;1;0;0;0;0;0;1;1;2;1;1;0;0;1;0;0;0
87068;Fromental;75;87;0;0;0;0;0;0;0;0;0;0;0;0;0;0;0;0;0;0;0;1;0;0;0;0;2;1;1;0;1;0;1;0;0;0;0;0;0
87069;Gajoubert;75;87;0;0;0;0;0;0;0;0;0;0;0;0;0;0;0;0;0;0;0;0;0;0;0;0;0;0;0;0;0;1;0;0;0;0;0;0;0
87070;La Geneytouse;75;87;0;0;0;0;0;0;0;0;0;0;0;0;0;0;0;0;0;0;1;0;1;0;0;0;1;0;1;0;3;2;1;0;0;1;0;0;2
87071;Glandon;75;87;0;0;0;0;0;0;0;0;0;0;0;0;0;0;0;0;1;0;0;1;2;0;0;0;1;1;2;1;0;0;0;0;0;2;0;0;0
87072;Glanges;75;87;0;0;0;0;0;0;0;0;0;0;0;0;0;0;0;0;0;0;0;1;0;0;0;0;1;1;2;1;2;0;0;0;0;2;1;0;2
87073;Gorre;75;87;0;0;0;0;0;0;0;0;0;0;0;0;0;0;0;0;0;0;0;0;1;0;0;0;0;1;1;0;0;0;1;0;0;1;0;0;0
87074;Les Grands-Chézeaux;75;87;0;0;0;0;0;0;0;0;0;0;0;0;0;0;0;0;0;0;0;1;0;1;0;0;3;0;0;0;1;0;1;0;0;2;0;0;0
87075;Isle;75;87;0;0;0;0;0;0;0;0;0;1;0;0;0;0;0;2;3;1;0;0;3;0;0;1;5;9;10;6;7;3;9;1;0;4;8;1;6
87076;Jabreilles-les-Bordes;75;87;0;0;0;0;0;0;0;0;0;0;0;0;0;0;0;0;0;0;0;0;0;0;0;0;0;0;0;2;0;0;1;0;0;0;0;0;0
87077;Janailhac;75;87;0;0;0;0;0;0;0;0;0;0;0;0;0;0;0;0;0;0;0;1;1;0;0;0;1;0;1;0;0;0;0;0;0;1;0;0;0
87078;Javerdat;75;87;0;0;0;0;0;0;0;0;0;0;0;0;0;0;0;0;1;0;1;0;1;0;0;0;4;0;0;4;0;0;0;0;0;1;0;0;0
87079;La Jonchère-Saint-Maurice;75;87;0;0;0;0;0;0;0;0;0;0;0;0;0;0;0;0;0;0;0;1;1;0;0;0;2;0;2;0;0;0;2;0;0;1;0;0;0
87080;Jouac;75;87;0;0;0;0;0;0;0;0;0;0;0;0;0;0;0;0;0;0;0;1;0;0;0;0;1;1;0;0;0;0;0;0;0;1;0;0;0
87081;Jourgnac;75;87;0;0;0;0;0;0;0;0;0;0;0;0;0;0;0;0;0;0;0;0;2;0;0;0;0;0;0;0;1;0;1;0;0;0;0;0;0
87082;Ladignac-le-Long;75;87;0;0;0;0;0;0;0;0;0;0;0;0;0;0;0;0;0;0;0;1;2;0;0;0;2;3;3;5;1;0;1;0;0;1;0;0;0
87083;Laurière;75;87;0;0;0;0;0;0;0;0;0;0;0;0;0;0;0;1;0;0;0;1;0;0;0;0;0;0;1;2;2;0;1;0;0;0;0;0;0
87084;Lavignac;75;87;0;0;0;0;0;0;0;0;0;0;0;0;0;0;0;0;1;0;0;0;0;0;0;0;1;0;0;0;0;0;0;0;0;0;0;0;0
87085;Limoges;75;87;6;0;1;1;1;1;1;1;0;21;0;3;2;1;0;86;7;16;2;0;129;14;13;34;100;142;76;98;84;60;202;14;35;449;154;30;77
87086;Linards;75;87;0;0;0;0;0;0;0;0;0;0;0;0;0;0;0;0;0;1;0;0;4;0;0;0;3;2;3;2;1;1;1;0;0;3;1;0;3
87087;Lussac-les-Églises;75;87;0;0;0;0;0;0;0;0;0;0;0;0;0;0;0;0;0;1;0;0;1;0;0;0;0;0;2;1;2;0;2;0;0;1;0;0;0
87088;Magnac-Bourg;75;87;0;0;0;0;0;0;0;0;0;0;0;0;0;0;0;2;0;0;0;1;2;0;0;0;0;2;2;1;1;1;4;0;0;4;1;0;0
87089;Magnac-Laval;75;87;0;1;0;0;0;0;0;0;0;1;0;0;0;0;0;2;0;1;0;0;6;1;0;1;3;1;4;1;3;1;3;3;0;6;0;0;2
87090;Mailhac-sur-Benaize;75;87;0;0;0;0;0;0;0;0;0;0;0;0;0;0;0;0;0;0;0;1;0;0;0;0;3;1;0;2;0;0;1;0;0;0;0;0;0
87091;Maisonnais-sur-Tardoire;75;87;0;0;0;0;0;0;0;0;0;0;0;0;0;0;0;0;0;0;0;1;0;0;0;0;1;0;1;0;0;1;1;0;0;2;0;0;0
87092;Marval;75;87;0;0;0;0;0;0;0;0;0;0;0;0;0;0;0;0;0;0;0;1;0;0;0;0;1;1;4;0;2;1;1;0;0;3;1;0;0
87093;Masléon;75;87;0;0;0;0;0;0;0;0;0;0;0;0;0;0;0;0;0;0;0;0;0;0;0;0;0;0;1;0;0;0;0;0;0;0;0;0;0
87094;Meilhac;75;87;0;0;0;0;0;0;0;0;0;0;0;0;0;0;0;0;0;0;0;0;0;0;0;0;2;2;1;0;0;0;0;0;0;0;0;0;0
87095;Meuzac;75;87;0;0;0;0;0;0;0;0;0;0;0;0;0;0;0;0;0;0;0;1;2;0;0;0;3;1;3;0;1;0;2;0;0;1;1;0;1
87096;La Meyze;75;87;0;0;0;0;0;0;0;0;0;0;0;0;0;0;0;0;0;0;0;1;3;0;0;0;2;1;4;3;2;0;1;0;0;2;1;0;1
87097;Val d'Issoire;75;87;0;1;0;0;0;0;0;0;0;0;0;0;0;0;0;1;1;1;0;1;1;0;0;0;5;2;2;1;2;3;3;1;0;4;0;0;0
87099;Moissannes;75;87;0;0;0;0;0;0;0;0;0;0;0;0;0;0;0;0;0;0;0;0;1;0;0;0;3;0;1;0;1;0;0;0;0;0;0;0;0
87100;Montrol-Sénard;75;87;0;0;0;0;0;0;0;0;0;0;0;0;0;0;0;0;0;0;0;0;2;0;0;0;1;0;0;0;0;0;0;0;0;1;0;0;0
87101;Mortemart;75;87;0;0;0;0;0;0;0;0;0;0;0;0;0;0;0;0;0;0;0;1;1;0;0;0;0;0;0;0;0;0;0;0;0;1;0;0;0
87103;Nantiat;75;87;0;1;0;0;0;0;0;0;0;1;0;0;0;0;0;2;1;1;0;0;4;1;0;1;0;2;2;1;1;2;3;0;0;2;1;0;0
87104;Nedde;75;87;0;0;0;0;0;0;0;0;0;0;0;0;0;0;0;0;0;0;0;1;1;1;0;0;0;1;0;1;1;0;1;0;0;2;0;0;0
87105;Neuvic-Entier;75;87;0;0;0;0;0;0;0;0;0;0;0;0;0;0;0;0;0;0;0;1;2;0;0;1;0;2;2;2;1;1;1;0;0;1;0;0;0
87106;Nexon;75;87;0;1;0;0;0;0;0;0;0;0;0;0;0;0;0;2;0;1;0;0;5;1;0;1;5;2;6;3;4;0;4;2;0;3;0;1;3
87107;Nieul;75;87;0;1;0;0;0;0;0;0;0;0;0;0;0;0;0;2;3;1;0;0;1;0;0;0;1;0;1;3;1;0;2;0;0;1;1;0;1
87108;Nouic;75;87;0;0;0;0;0;0;0;0;0;0;0;0;0;0;0;0;0;0;0;1;1;0;0;0;1;0;1;0;0;1;1;0;0;1;0;0;0
87109;Oradour-Saint-Genest;75;87;0;0;0;0;0;0;0;0;0;0;0;0;0;0;0;0;0;0;0;0;0;0;0;0;0;0;5;0;1;1;1;0;0;1;0;0;0
87110;Oradour-sur-Glane;75;87;0;0;0;0;0;0;0;0;0;0;0;0;0;0;0;2;1;1;0;0;6;1;0;0;5;2;5;4;3;0;6;2;1;4;0;0;1
87111;Oradour-sur-Vayres;75;87;0;1;0;0;0;0;0;0;0;0;0;0;0;0;0;2;1;1;0;0;9;0;0;0;4;4;3;7;1;1;3;1;0;2;4;1;3
87112;Pageas;75;87;0;0;0;0;0;0;0;0;0;0;0;0;0;0;0;0;0;0;0;1;2;0;0;0;1;0;0;1;2;0;0;0;0;1;0;0;0
87113;Le Palais-sur-Vienne;75;87;0;0;0;0;0;0;0;0;0;0;0;0;0;0;0;4;2;1;0;0;4;1;0;2;9;9;3;7;8;1;5;1;0;4;1;0;5
87114;Panazol;75;87;1;0;0;0;0;0;0;0;0;0;0;0;0;0;0;7;3;1;0;0;12;2;0;1;15;18;3;6;2;3;9;2;0;12;7;2;6
87115;Pensol;75;87;0;0;0;0;0;0;0;0;0;0;0;0;0;0;0;0;0;0;0;0;0;0;0;0;0;1;0;0;0;1;0;0;0;0;0;0;0
87116;Peyrat-de-Bellac;75;87;0;0;0;0;0;0;0;0;0;0;0;0;0;0;0;0;0;0;0;0;3;0;0;0;1;1;2;3;1;2;1;0;0;0;0;0;0
87117;Peyrat-le-Château;75;87;0;0;0;0;0;0;0;0;0;0;0;0;0;0;0;0;0;1;0;0;3;0;0;0;2;3;6;1;0;1;2;0;0;4;2;0;0
87118;Peyrilhac;75;87;0;0;0;0;0;0;0;0;0;0;0;0;0;0;0;0;0;0;1;0;2;0;0;0;0;2;2;0;5;1;1;0;0;2;0;0;0
87119;Pierre-Buffière;75;87;0;1;0;0;0;0;0;0;0;1;0;0;0;0;0;1;1;1;0;0;1;1;0;1;1;0;0;0;3;1;2;1;0;2;0;0;2
87120;La Porcherie;75;87;0;0;0;0;0;0;0;0;0;0;0;0;0;0;0;0;0;0;0;1;0;0;0;0;2;1;0;4;1;0;1;0;0;3;0;0;0
87121;Rancon;75;87;0;0;0;0;0;0;0;0;0;0;0;0;0;0;0;0;1;0;0;1;1;0;0;0;0;3;4;1;0;0;2;0;0;0;0;0;0
87122;Razès;75;87;0;0;0;0;0;0;0;0;0;0;0;0;0;0;0;0;0;0;0;1;3;0;0;0;2;2;3;1;3;1;3;0;0;4;0;0;1
87123;Rempnat;75;87;0;0;0;0;0;0;0;0;0;0;0;0;0;0;0;0;0;0;0;0;2;0;0;0;0;0;0;0;1;0;0;0;0;0;0;0;0
87124;Rilhac-Lastours;75;87;0;0;0;0;0;0;0;0;0;0;0;0;0;0;0;0;0;0;0;0;0;0;0;0;2;0;0;1;1;0;0;0;0;1;0;0;0
87125;Rilhac-Rancon;75;87;0;0;0;0;0;0;0;0;0;0;0;0;0;0;0;3;0;1;0;0;7;0;0;3;6;2;7;6;1;1;8;0;0;4;2;1;0
87126;Rochechouart;75;87;0;1;0;0;0;0;0;0;0;1;0;0;0;0;0;3;1;1;0;0;4;2;0;1;8;7;7;8;7;1;9;2;0;8;3;1;3
87127;La Roche-l'Abeille;75;87;0;0;0;0;0;0;0;0;0;0;0;0;0;0;0;0;0;0;0;1;0;0;0;0;1;1;2;0;0;0;0;0;0;2;1;0;1
87128;Roussac;75;87;0;0;0;0;0;0;0;0;0;0;0;0;0;0;0;0;0;0;0;1;1;0;0;0;2;0;2;2;0;0;0;0;0;1;0;0;0
87129;Royères;75;87;0;0;0;0;0;0;0;0;0;0;0;0;0;0;0;0;0;0;0;1;4;1;0;0;1;1;0;2;0;0;0;0;0;1;0;0;0
87130;Roziers-Saint-Georges;75;87;0;0;0;0;0;0;0;0;0;0;0;0;0;0;0;0;0;0;0;0;0;0;0;0;1;0;1;0;0;0;0;0;0;0;0;0;0
87131;Saillat-sur-Vienne;75;87;0;0;0;0;0;0;0;0;0;0;0;0;0;0;0;0;0;0;0;1;2;0;0;0;1;1;1;1;0;0;2;0;0;1;0;0;0
87132;Saint-Amand-le-Petit;75;87;0;0;0;0;0;0;0;0;0;0;0;0;0;0;0;0;0;0;0;0;0;0;0;0;0;0;1;0;1;0;0;0;0;0;0;0;0
87133;Saint-Amand-Magnazeix;75;87;0;0;0;0;0;0;0;0;0;0;0;0;0;0;0;0;0;0;0;1;0;0;0;0;0;0;2;2;1;1;1;0;0;2;0;0;0
87134;Sainte-Anne-Saint-Priest;75;87;0;0;0;0;0;0;0;0;0;0;0;0;0;0;0;0;0;0;0;0;0;0;0;0;1;0;0;0;1;0;1;0;0;0;0;0;0
87135;Saint-Auvent;75;87;0;0;0;0;0;0;0;0;0;0;0;0;0;0;0;0;0;0;1;0;1;0;0;0;2;2;4;4;5;1;1;0;1;2;0;0;0
87136;Saint-Barbant;75;87;0;0;0;0;0;0;0;0;0;0;0;0;0;0;0;0;0;0;0;1;1;0;0;0;1;2;1;1;1;0;0;0;0;0;1;0;0
87137;Saint-Bazile;75;87;0;0;0;0;0;0;0;0;0;0;0;0;0;0;0;0;0;0;0;0;0;0;0;0;1;0;0;0;0;1;2;0;0;0;0;0;0
87138;Saint-Bonnet-Briance;75;87;0;0;0;0;0;0;0;0;0;0;0;0;0;0;0;0;0;0;0;1;0;0;0;0;0;1;2;0;1;0;2;0;0;1;0;0;1
87139;Saint-Bonnet-de-Bellac;75;87;0;0;0;0;0;0;0;0;0;0;0;0;0;0;0;0;0;0;0;1;1;0;0;0;1;1;3;0;0;1;1;0;0;1;0;0;1
87140;Saint-Brice-sur-Vienne;75;87;0;0;0;0;0;0;0;0;0;0;0;0;0;0;0;0;0;0;0;1;2;0;0;0;3;3;5;1;4;0;2;0;0;2;0;0;0
87141;Saint-Cyr;75;87;0;0;0;0;0;0;0;0;0;0;0;0;0;0;0;0;0;0;0;0;0;0;0;0;1;1;1;0;3;0;2;0;0;2;1;0;0
87142;Saint-Denis-des-Murs;75;87;0;0;0;0;0;0;0;0;0;0;0;0;0;0;0;0;0;0;0;1;1;0;0;0;1;0;1;1;0;0;0;0;0;1;2;0;0
87143;Saint-Gence;75;87;0;0;0;0;0;0;0;0;0;0;0;0;0;0;0;0;0;0;0;0;2;1;0;1;6;2;2;1;2;3;1;0;0;4;1;0;0
87144;Saint-Genest-sur-Roselle;75;87;0;0;0;0;0;0;0;0;0;0;0;0;0;0;0;0;0;0;0;0;1;0;0;0;0;0;1;0;1;0;0;0;0;0;0;0;0
87145;Saint-Georges-les-Landes;75;87;0;0;0;0;0;0;0;0;0;0;0;0;0;0;0;0;0;0;0;0;0;0;0;0;1;1;2;0;0;1;0;0;0;0;0;0;0
87146;Saint-Germain-les-Belles;75;87;0;1;0;0;0;0;0;0;0;0;0;0;0;0;0;1;0;1;0;0;4;1;0;1;2;2;6;4;3;0;2;0;0;4;0;0;0
87147;Saint-Gilles-les-Forêts;75;87;0;0;0;0;0;0;0;0;0;0;0;0;0;0;0;0;0;0;0;0;0;0;0;0;2;0;2;0;0;0;0;0;0;0;0;0;0
87148;Saint-Hilaire-Bonneval;75;87;0;0;0;0;0;0;0;0;0;0;0;0;0;0;0;0;0;0;0;0;3;0;1;0;2;0;3;0;2;1;2;0;0;0;0;0;0
87149;Saint-Hilaire-la-Treille;75;87;0;0;0;0;0;0;0;0;0;0;0;0;0;0;0;0;0;0;0;1;0;0;0;0;0;0;0;1;1;0;0;0;0;0;0;0;0
87150;Saint-Hilaire-les-Places;75;87;0;0;0;0;0;0;0;0;0;0;0;0;0;0;0;0;0;0;0;1;1;0;0;0;1;0;2;3;0;0;2;0;0;1;0;0;0
87151;Saint-Jean-Ligoure;75;87;0;0;0;0;0;0;0;0;0;0;0;0;0;0;0;0;0;0;0;0;1;0;0;0;0;1;0;1;0;1;0;0;0;1;1;0;0
87152;Saint-Jouvent;75;87;0;0;0;0;0;0;0;0;0;0;0;0;0;0;0;0;0;0;1;0;2;0;0;0;4;3;2;5;2;0;1;0;0;2;0;0;1
87153;Saint-Julien-le-Petit;75;87;0;0;0;0;0;0;0;0;0;0;0;0;0;0;0;0;0;0;0;1;0;0;0;0;2;1;2;0;2;0;0;0;0;0;0;0;1
87154;Saint-Junien;75;87;0;1;0;0;0;0;0;0;0;2;0;1;0;0;0;9;3;1;0;0;15;3;0;4;5;21;17;12;14;8;18;2;8;28;8;2;5
87155;Saint-Junien-les-Combes;75;87;0;0;0;0;0;0;0;0;0;0;0;0;0;0;0;0;0;0;0;0;0;0;0;0;0;0;0;1;0;0;0;0;0;0;0;0;0
87156;Saint-Just-le-Martel;75;87;0;0;0;0;0;0;0;0;0;0;0;0;0;0;0;0;0;1;0;0;4;0;0;1;2;2;2;2;2;1;3;0;0;5;3;0;0
87157;Saint-Laurent-les-Églises;75;87;0;0;0;0;0;0;0;0;0;0;0;0;0;0;0;0;0;0;0;1;0;0;0;0;1;3;1;2;0;0;1;0;0;1;1;0;0
87158;Saint-Laurent-sur-Gorre;75;87;0;1;0;0;0;0;0;0;0;0;0;0;0;0;0;2;1;1;0;0;2;0;0;1;6;4;3;2;1;0;2;1;0;2;1;0;1
87159;Saint-Léger-la-Montagne;75;87;0;0;0;0;0;0;0;0;0;0;0;0;0;0;0;0;0;0;0;0;0;0;0;0;0;1;1;0;0;0;0;0;0;1;0;0;0
87160;Saint-Léger-Magnazeix;75;87;0;0;0;0;0;0;0;0;0;0;0;0;0;0;0;0;0;0;0;1;1;0;0;0;2;0;3;0;0;1;1;0;0;2;0;0;0
87161;Saint-Léonard-de-Noblat;75;87;0;1;0;0;0;0;0;0;0;1;0;0;0;0;0;4;2;1;0;0;10;1;0;2;2;7;8;6;5;0;12;4;0;9;8;0;3
87162;Sainte-Marie-de-Vaux;75;87;0;0;0;0;0;0;0;0;0;0;0;0;0;0;0;0;0;0;0;0;0;0;0;0;0;0;0;0;0;0;0;0;0;0;0;0;0
87163;Saint-Martial-sur-Isop;75;87;0;0;0;0;0;0;0;0;0;0;0;0;0;0;0;0;0;0;0;0;0;0;0;0;0;0;2;0;0;1;0;0;0;0;0;0;0
87164;Saint-Martin-de-Jussac;75;87;0;0;0;0;0;0;0;0;0;0;0;0;0;0;0;0;0;0;0;0;0;0;0;0;3;0;2;0;0;1;1;0;0;0;0;0;0
87165;Saint-Martin-le-Mault;75;87;0;0;0;0;0;0;0;0;0;0;0;0;0;0;0;0;0;0;0;0;0;0;0;0;1;0;0;1;2;0;0;0;0;1;1;0;0
87166;Saint-Martin-le-Vieux;75;87;0;0;0;0;0;0;0;0;0;0;0;0;0;0;0;0;0;0;0;0;1;0;0;0;0;2;1;1;0;0;1;0;0;0;0;0;0
87167;Saint-Martin-Terressus;75;87;0;0;0;0;0;0;0;0;0;0;0;0;0;0;0;0;0;0;0;0;1;0;0;0;1;0;0;0;0;2;0;0;0;1;0;0;0
87168;Saint-Mathieu;75;87;0;1;0;0;0;0;0;0;0;0;0;0;0;0;0;2;1;1;0;0;5;0;0;2;8;1;1;4;1;1;5;0;0;4;2;0;0
87169;Saint-Maurice-les-Brousses;75;87;0;0;0;0;0;0;0;0;0;0;0;0;0;0;0;0;0;1;0;0;2;0;0;0;1;0;1;1;2;0;1;0;0;2;0;0;0
87170;Saint-Méard;75;87;0;0;0;0;0;0;0;0;0;0;0;0;0;0;0;0;1;0;0;0;1;0;0;0;0;0;0;0;1;0;0;0;0;0;0;0;0
87172;Saint-Ouen-sur-Gartempe;75;87;0;0;0;0;0;0;0;0;0;0;0;0;0;0;0;0;0;0;0;0;1;0;0;0;0;0;0;2;0;0;0;0;0;0;0;0;0
87173;Saint-Pardoux;75;87;0;0;0;0;0;0;0;0;0;0;0;0;0;0;0;0;0;0;0;1;0;0;0;1;1;2;1;2;2;1;2;0;0;1;0;0;1
87174;Saint-Paul;75;87;0;0;0;0;0;0;0;0;0;0;0;0;0;0;0;0;0;0;0;1;3;0;0;0;0;3;1;3;1;1;3;0;0;1;1;0;1
87176;Saint-Priest-Ligoure;75;87;0;0;0;0;0;0;0;0;0;0;0;0;0;0;0;0;0;0;0;1;1;0;0;0;1;1;0;0;2;0;0;0;0;1;0;0;0
87177;Saint-Priest-sous-Aixe;75;87;0;0;0;0;0;0;0;0;0;0;0;0;0;0;0;0;1;0;1;0;2;0;0;0;4;5;3;4;1;0;1;0;0;1;1;0;1
87178;Saint-Priest-Taurion;75;87;0;0;0;0;0;0;0;0;0;0;0;0;0;0;0;0;0;1;0;0;5;0;0;0;1;4;4;3;1;0;2;0;0;2;0;0;2
87179;Saint-Sornin-la-Marche;75;87;0;0;0;0;0;0;0;0;0;0;0;0;0;0;0;0;0;0;0;0;0;0;0;0;1;0;1;0;0;2;0;0;0;0;0;0;0
87180;Saint-Sornin-Leulac;75;87;0;0;0;0;0;0;0;0;0;0;0;0;0;0;0;0;0;0;0;1;1;0;0;0;1;0;0;1;2;3;1;0;0;3;0;0;0
87181;Saint-Sulpice-Laurière;75;87;0;1;0;0;0;0;0;0;0;0;0;0;0;0;0;1;0;1;0;0;1;0;0;0;2;2;1;2;2;1;2;0;0;1;0;0;0
87182;Saint-Sulpice-les-Feuilles;75;87;0;1;0;0;0;0;0;0;0;0;0;0;0;0;0;1;0;1;0;0;1;1;0;0;2;1;2;3;2;0;3;1;0;1;2;0;0
87183;Saint-Sylvestre;75;87;0;0;0;0;0;0;0;0;0;0;0;0;0;0;0;0;0;0;0;1;0;1;0;0;3;1;6;1;5;1;0;0;0;1;0;0;0
87184;Saint-Symphorien-sur-Couze;75;87;0;0;0;0;0;0;0;0;0;0;0;0;0;0;0;0;0;0;0;0;1;0;0;0;0;0;1;0;0;0;0;0;0;0;0;0;0
87185;Saint-Victurnien;75;87;0;0;0;0;0;0;0;0;0;0;0;0;0;0;0;0;1;1;0;0;6;0;0;0;3;0;1;4;1;1;1;0;0;1;0;0;0
87186;Saint-Vitte-sur-Briance;75;87;0;0;0;0;0;0;0;0;0;0;0;0;0;0;0;0;0;0;0;0;0;0;0;0;1;0;1;0;0;0;0;0;0;0;0;0;0
87187;Saint-Yrieix-la-Perche;75;87;0;1;0;0;0;0;0;0;0;2;0;1;0;0;0;6;0;1;0;0;19;3;0;3;8;12;10;7;9;5;13;5;1;20;5;3;2
87188;Saint-Yrieix-sous-Aixe;75;87;0;0;0;0;0;0;0;0;0;0;0;0;0;0;0;0;0;0;0;0;1;0;0;0;2;0;0;2;0;0;1;0;0;0;0;0;0
87189;Les Salles-Lavauguyon;75;87;0;0;0;0;0;0;0;0;0;0;0;0;0;0;0;0;0;0;1;0;1;0;0;0;2;0;1;0;1;0;1;0;0;1;0;0;0
87190;Sauviat-sur-Vige;75;87;0;0;0;0;0;0;0;0;0;0;0;0;0;0;0;0;0;1;0;0;0;0;0;0;1;1;3;1;0;0;1;0;0;0;0;0;0
87191;Séreilhac;75;87;0;0;0;0;0;0;0;0;0;0;0;0;0;0;0;0;0;0;0;1;1;0;0;0;6;11;3;3;2;0;2;0;0;1;0;0;1
87192;Solignac;75;87;0;1;0;0;0;0;0;0;0;0;0;0;0;0;0;0;0;1;0;0;0;0;0;0;2;0;0;0;1;1;1;0;0;2;0;0;1
87193;Surdoux;75;87;0;0;0;0;0;0;0;0;0;0;0;0;0;0;0;0;0;0;0;0;0;0;0;0;0;0;0;0;0;0;0;0;0;0;0;0;0
87194;Sussac;75;87;0;0;0;0;0;0;0;0;0;0;0;0;0;0;0;0;0;1;0;0;0;0;0;0;2;0;0;0;1;0;0;0;0;0;1;0;0
87195;Tersannes;75;87;0;0;0;0;0;0;0;0;0;0;0;0;0;0;0;0;0;0;0;0;2;0;0;0;0;0;1;0;0;0;0;0;0;0;0;0;0
87196;Thiat;75;87;0;0;0;0;0;0;0;0;0;0;0;0;0;0;0;0;0;0;0;1;0;0;0;0;2;0;1;0;1;0;0;0;0;0;0;0;0
87197;Thouron;75;87;0;0;0;0;0;0;0;0;0;0;0;0;0;0;0;0;0;0;0;0;1;0;0;0;0;3;0;1;0;0;0;0;0;2;1;0;0
87198;Vaulry;75;87;0;0;0;0;0;0;0;0;0;0;0;0;0;0;0;0;0;0;0;1;1;0;0;0;2;0;0;1;1;0;2;0;0;2;1;0;0
87199;Vayres;75;87;0;0;0;0;0;0;0;0;0;0;0;0;0;0;0;0;0;0;0;1;1;0;0;0;3;1;2;0;2;1;1;0;0;0;1;0;1
87200;Verneuil-Moustiers;75;87;0;0;0;0;0;0;0;0;0;0;0;0;0;0;0;0;0;0;0;0;0;0;0;0;1;0;0;0;1;0;0;0;0;2;0;0;0
87201;Verneuil-sur-Vienne;75;87;0;0;0;0;0;0;0;0;0;0;0;0;0;0;0;0;1;1;0;0;9;1;0;1;5;7;5;5;4;2;3;1;0;4;2;1;4
87202;Veyrac;75;87;0;0;0;0;0;0;0;0;0;0;0;0;0;0;0;0;0;0;1;0;2;0;0;0;6;2;6;1;4;5;3;0;0;3;0;0;1
87203;Vicq-sur-Breuilh;75;87;0;0;0;0;0;0;0;0;0;0;0;0;0;0;0;0;1;0;0;1;1;1;0;0;0;3;2;5;0;3;0;1;0;3;1;0;1
87204;Videix;75;87;0;0;0;0;0;0;0;0;0;0;0;0;0;0;0;0;0;0;0;0;1;0;0;0;0;0;0;0;0;0;0;0;0;2;0;0;0
87205;Le Vigen;75;87;0;0;0;0;0;0;0;0;0;0;0;0;0;0;0;1;0;0;0;1;2;1;1;0;1;1;0;7;2;0;3;2;0;5;0;1;1
87206;Villefavard;75;87;0;0;0;0;0;0;0;0;0;0;0;0;0;0;0;0;0;0;0;0;0;0;0;0;0;1;0;0;0;0;0;0;0;0;0;0;0
88001;Les Ableuvenettes;44;88;0;0;0;0;0;0;0;0;0;0;0;0;0;0;0;0;0;0;0;0;0;0;0;0;1;0;0;0;0;0;0;0;0;0;0;0;0
88002;Ahéville;44;88;0;0;0;0;0;0;0;0;0;0;0;0;0;0;0;0;0;0;0;0;0;0;0;0;0;0;0;0;0;1;0;0;0;0;0;0;0
88003;Aingeville;44;88;0;0;0;0;0;0;0;0;0;0;0;0;0;0;0;0;0;0;0;0;0;0;0;0;0;0;0;0;0;0;0;0;0;0;0;0;0
88004;Ainvelle;44;88;0;0;0;0;0;0;0;0;0;0;0;0;0;0;0;0;0;0;0;0;0;0;0;0;0;0;1;0;0;0;0;0;0;0;0;0;0
88005;Allarmont;44;88;0;0;0;0;0;0;0;0;0;0;0;0;0;0;0;0;0;0;0;1;0;0;0;0;2;1;1;2;0;0;0;0;0;2;0;0;0
88006;Ambacourt;44;88;0;0;0;0;0;0;0;0;0;0;0;0;0;0;0;0;0;0;0;0;1;0;0;0;0;0;0;0;1;0;0;1;0;1;0;0;0
88007;Ameuvelle;44;88;0;0;0;0;0;0;0;0;0;0;0;0;0;0;0;0;0;0;0;0;0;0;0;0;0;0;0;0;0;0;0;0;0;0;0;0;0
88008;Anglemont;44;88;0;0;0;0;0;0;0;0;0;0;0;0;0;0;0;0;0;0;0;0;0;0;0;0;0;0;1;1;1;0;0;0;0;0;0;0;0
88009;Anould;44;88;0;0;0;0;0;0;0;0;0;0;0;0;2;0;0;0;2;1;0;0;12;1;0;0;7;6;11;4;5;3;7;1;0;4;1;0;2
88010;Aouze;44;88;0;0;0;0;0;0;0;0;0;0;0;0;0;0;0;0;0;0;0;0;2;0;0;0;0;0;0;0;1;0;0;0;0;0;0;0;0
88011;Arches;44;88;0;0;0;0;0;0;0;0;0;0;0;0;2;0;0;1;1;1;0;0;2;0;0;1;3;2;4;1;1;1;7;1;0;3;0;0;2
88012;Archettes;44;88;0;0;0;0;0;0;0;0;0;0;0;0;0;0;0;0;0;0;0;0;1;0;0;0;1;1;2;0;2;0;1;0;0;0;0;0;0
88013;Aroffe;44;88;0;0;0;0;0;0;0;0;0;0;0;0;0;0;0;0;0;0;0;0;0;0;0;0;0;0;0;0;0;0;0;0;0;0;0;0;0
88014;Arrentès-de-Corcieux;44;88;0;0;0;0;0;0;0;0;0;0;0;0;0;0;0;0;0;0;0;0;0;0;0;0;0;0;0;0;0;0;1;0;0;1;0;0;0
88015;Attignéville;44;88;0;0;0;0;0;0;0;0;0;0;0;0;0;0;0;0;0;0;0;1;0;0;0;0;1;0;2;1;0;0;0;0;0;0;0;0;0
88016;Attigny;44;88;0;0;0;0;0;0;0;0;0;0;0;0;0;0;0;0;0;0;0;0;0;0;0;0;1;0;1;1;1;0;0;0;0;1;1;0;0
88017;Aulnois;44;88;0;0;0;0;0;0;0;0;0;0;0;0;0;0;0;0;0;0;0;0;0;0;0;0;0;1;1;0;0;0;1;0;0;0;0;0;0
88019;Autigny-la-Tour;44;88;0;0;0;0;0;0;0;0;0;0;0;0;0;0;0;0;0;0;0;0;0;0;0;0;0;0;0;0;0;0;0;0;0;0;0;0;0
88020;Autreville;44;88;0;0;0;0;0;0;0;0;0;0;0;0;0;0;0;0;0;0;0;0;1;0;0;0;0;0;1;0;0;0;0;0;0;1;0;0;0
88021;Autrey;44;88;0;0;0;0;0;0;0;0;0;0;0;0;0;0;0;0;0;0;0;0;1;0;0;0;0;2;1;0;0;0;1;0;0;0;0;0;0
88022;Auzainvilliers;44;88;0;0;0;0;0;0;0;0;0;0;0;0;0;0;0;0;0;0;0;0;1;0;0;0;1;1;1;0;1;0;0;0;0;0;0;0;0
88023;Avillers;44;88;0;0;0;0;0;0;0;0;0;0;0;0;0;0;0;0;0;0;0;0;0;0;0;0;0;0;0;0;0;0;1;0;0;0;0;0;1
88024;Avrainville;44;88;0;0;0;0;0;0;0;0;0;0;0;0;0;0;0;0;0;0;0;0;0;0;0;0;0;1;0;0;1;0;0;0;0;0;1;0;0
88025;Avranville;44;88;0;0;0;0;0;0;0;0;0;0;0;0;0;0;0;0;0;0;0;0;0;0;0;0;0;0;0;0;0;1;0;0;0;1;0;0;0
88026;Aydoilles;44;88;0;0;0;0;0;0;0;0;0;0;0;0;0;0;0;0;0;0;0;0;0;0;0;0;1;0;0;2;3;0;2;0;0;0;0;0;1
88027;Badménil-aux-Bois;44;88;0;0;0;0;0;0;0;0;0;0;0;0;0;0;0;0;0;0;0;0;0;0;0;0;0;0;0;0;0;0;0;0;0;0;0;0;0
88028;La Baffe;44;88;0;0;0;0;0;0;0;0;0;0;0;0;0;0;0;0;0;0;0;0;0;0;0;0;1;3;2;1;0;0;0;0;0;0;0;0;1
88029;Bains-les-Bains;44;88;0;1;0;0;0;0;0;0;0;0;1;0;2;0;0;2;2;1;0;0;4;0;0;1;1;3;3;2;0;0;2;5;0;4;0;1;2
88030;Bainville-aux-Saules;44;88;0;0;0;0;0;0;0;0;0;0;0;0;0;0;0;0;0;0;0;0;0;0;0;0;0;0;0;1;0;0;0;0;0;1;0;0;0
88031;Balléville;44;88;0;0;0;0;0;0;0;0;0;0;0;0;0;0;0;0;0;0;0;0;0;0;0;0;0;0;0;0;1;0;1;0;0;0;0;0;0
88032;Ban-de-Laveline;44;88;0;0;0;0;0;0;0;0;0;0;0;0;2;0;0;0;0;1;0;0;2;0;0;0;4;2;0;6;1;0;2;0;0;0;1;0;1
88033;Ban-de-Sapt;44;88;0;0;0;0;0;0;0;0;0;0;0;0;0;0;0;0;0;0;0;0;0;0;0;0;0;0;3;0;1;0;0;0;0;1;0;0;0
88035;Barbey-Seroux;44;88;0;0;0;0;0;0;0;0;0;0;0;0;0;0;0;0;0;0;0;0;0;0;0;0;0;0;0;1;0;0;0;0;0;0;0;0;0
88036;Barville;44;88;0;0;0;0;0;0;0;0;0;0;0;0;0;0;0;0;0;0;0;0;1;0;0;0;0;0;0;0;0;0;0;0;0;0;0;0;0
88037;Basse-sur-le-Rupt;44;88;0;0;0;0;0;0;0;0;0;0;0;0;0;0;0;0;0;0;0;0;1;0;0;0;1;3;4;0;1;1;0;0;0;0;1;0;0
88038;Battexey;44;88;0;0;0;0;0;0;0;0;0;0;0;0;0;0;0;0;0;0;0;0;0;0;0;0;0;0;0;0;1;0;0;0;0;0;0;0;0
88039;Baudricourt;44;88;0;0;0;0;0;0;0;0;0;0;0;0;0;0;0;0;0;0;0;0;2;0;0;0;1;0;1;0;0;0;0;0;0;0;0;0;0
88040;Bayecourt;44;88;0;0;0;0;0;0;0;0;0;0;0;0;0;0;0;0;0;0;0;0;0;0;0;0;1;0;1;0;1;0;0;0;0;0;0;0;0
88041;Bazegney;44;88;0;0;0;0;0;0;0;0;0;0;0;0;0;0;0;0;0;0;0;0;0;0;0;0;0;0;1;0;0;0;0;0;0;1;1;0;0
88042;Bazien;44;88;0;0;0;0;0;0;0;0;0;0;0;0;0;0;0;0;0;0;0;0;0;0;0;0;0;0;0;0;0;0;0;0;0;0;0;0;0
88043;Bazoilles-et-Ménil;44;88;0;0;0;0;0;0;0;0;0;0;0;0;0;0;0;0;0;0;0;0;0;0;0;0;0;0;0;0;0;0;0;0;0;0;0;0;0
88044;Bazoilles-sur-Meuse;44;88;0;0;0;0;0;0;0;0;0;0;0;0;0;0;0;0;0;0;0;1;0;0;0;0;0;0;0;1;0;0;1;0;0;1;1;0;1
88045;Beaufremont;44;88;0;0;0;0;0;0;0;0;0;0;0;0;0;0;0;0;0;0;0;0;0;0;0;0;1;0;0;0;0;0;0;0;0;1;0;0;0
88046;Beauménil;44;88;0;0;0;0;0;0;0;0;0;0;0;0;0;0;0;0;0;0;0;0;0;0;0;0;0;1;0;0;0;0;0;0;0;0;0;0;0
88047;Begnécourt;44;88;0;0;0;0;0;0;0;0;0;0;0;0;0;0;0;0;0;0;0;0;0;0;0;0;0;2;0;0;0;0;0;0;0;0;0;0;0
88048;Bellefontaine;44;88;0;0;0;0;0;0;0;0;0;0;0;0;0;0;0;0;0;0;0;1;1;0;0;0;1;1;2;5;1;1;1;0;0;2;1;0;2
88049;Belmont-lès-Darney;44;88;0;0;0;0;0;0;0;0;0;0;0;0;0;0;0;0;0;0;0;0;0;0;0;0;0;0;0;0;0;0;0;0;0;0;0;0;0
88050;Belmont-sur-Buttant;44;88;0;0;0;0;0;0;0;0;0;0;0;0;0;0;0;0;0;0;0;0;1;0;0;0;0;0;1;2;0;0;0;0;0;0;0;0;0
88051;Belmont-sur-Vair;44;88;0;0;0;0;0;0;0;0;0;0;0;0;0;0;0;0;0;0;0;0;0;0;0;0;1;0;0;0;0;0;0;0;0;0;0;0;0
88052;Belrupt;44;88;0;0;0;0;0;0;0;0;0;0;0;0;0;0;0;0;0;0;0;0;0;0;0;0;0;0;0;0;0;0;0;0;0;0;0;0;0
88053;Belval;44;88;0;0;0;0;0;0;0;0;0;0;0;0;0;0;0;0;0;0;0;0;0;0;0;0;2;0;1;0;0;0;1;0;0;1;0;0;0
88054;Bertrimoutier;44;88;0;0;0;0;0;0;0;0;0;0;0;0;0;0;0;0;1;0;0;0;0;0;0;0;3;0;1;1;1;0;0;0;0;1;0;0;0
88055;Bettegney-Saint-Brice;44;88;0;0;0;0;0;0;0;0;0;0;0;0;0;0;0;0;0;0;0;0;1;0;0;0;0;0;0;0;1;0;0;0;0;1;0;0;0
88056;Bettoncourt;44;88;0;0;0;0;0;0;0;0;0;0;0;0;0;0;0;0;0;0;0;0;0;0;0;0;0;0;2;0;0;0;0;0;0;0;0;0;0
88057;Le Beulay;44;88;0;0;0;0;0;0;0;0;0;0;0;0;0;0;0;0;0;0;0;0;0;0;0;0;0;0;0;0;0;0;0;0;0;0;0;0;0
88058;Biécourt;44;88;0;0;0;0;0;0;0;0;0;0;0;0;0;0;0;0;0;0;0;0;0;0;0;0;0;0;0;1;0;0;0;0;0;0;0;0;0
88059;Biffontaine;44;88;0;0;0;0;0;0;0;0;0;0;0;0;0;0;0;0;0;0;0;0;0;0;0;0;0;1;0;2;0;0;0;0;0;1;0;0;1
88060;Blémerey;44;88;0;0;0;0;0;0;0;0;0;0;0;0;0;0;0;0;0;0;0;0;0;0;0;0;0;0;0;0;0;0;0;0;0;0;0;0;0
88061;Bleurville;44;88;0;0;0;0;0;0;0;0;0;0;0;0;0;0;0;0;0;0;0;1;2;0;0;0;0;0;0;1;1;0;0;0;0;0;0;0;0
88062;Blevaincourt;44;88;0;0;0;0;0;0;0;0;0;0;0;0;0;0;0;0;0;0;0;0;1;0;0;0;0;0;0;0;0;0;0;0;0;0;0;0;0
88063;Bocquegney;44;88;0;0;0;0;0;0;0;0;0;0;0;0;0;0;0;0;0;0;0;0;0;0;0;0;3;0;0;0;1;0;0;0;0;0;0;0;0
88064;Bois-de-Champ;44;88;0;0;0;0;0;0;0;0;0;0;0;0;0;0;0;0;0;0;0;0;0;0;0;0;0;0;0;0;0;0;0;0;0;0;0;0;0
88065;Bonvillet;44;88;0;0;0;0;0;0;0;0;0;0;0;0;0;0;0;0;0;0;0;0;2;0;0;0;0;1;1;0;1;0;0;0;0;0;0;0;0
88066;Boulaincourt;44;88;0;0;0;0;0;0;0;0;0;0;0;0;0;0;0;0;0;0;0;0;0;0;0;0;0;1;0;1;0;0;0;0;0;0;0;0;0
88068;La Bourgonce;44;88;0;0;0;0;0;0;0;0;0;0;0;0;0;0;0;0;0;0;0;0;2;0;0;0;2;1;1;2;0;1;1;0;0;1;0;0;1
88069;Bouxières-aux-Bois;44;88;0;0;0;0;0;0;0;0;0;0;0;0;0;0;0;0;0;0;0;0;1;0;0;0;0;0;0;0;0;0;0;0;0;0;0;0;0
88070;Bouxurulles;44;88;0;0;0;0;0;0;0;0;0;0;0;0;0;0;0;0;0;0;0;0;0;0;0;0;0;0;0;0;1;0;0;0;0;0;0;0;0
88071;Bouzemont;44;88;0;0;0;0;0;0;0;0;0;0;0;0;0;0;0;0;0;0;0;0;0;0;0;0;0;0;0;0;1;0;0;0;0;0;0;0;0
88073;Brantigny;44;88;0;0;0;0;0;0;0;0;0;0;0;0;0;0;0;0;0;0;0;0;0;0;0;0;0;1;2;0;1;0;0;0;0;0;1;0;0
88074;Brechainville;44;88;0;0;0;0;0;0;0;0;0;0;0;0;0;0;0;0;0;0;0;0;0;0;0;0;0;0;0;1;0;0;0;0;0;0;0;0;0
88075;La Bresse;44;88;0;1;0;0;0;0;0;0;0;0;0;0;2;0;0;5;1;1;0;0;4;0;0;2;8;6;8;4;6;9;6;0;0;24;8;2;2
88076;Brouvelieures;44;88;0;0;0;0;0;0;0;0;0;0;0;0;2;0;0;0;0;0;0;1;2;0;0;0;1;0;2;0;1;0;0;0;0;3;0;0;1
88077;Brû;44;88;0;0;0;0;0;0;0;0;0;0;0;0;0;0;0;0;0;0;0;0;0;0;0;0;0;2;2;2;0;0;0;0;0;0;0;0;0
88078;Bruyères;44;88;0;1;0;0;0;0;0;0;0;0;1;0;2;0;0;6;1;1;0;0;6;1;0;2;4;3;2;2;2;1;7;2;0;10;4;1;3
88079;Bulgnéville;44;88;0;1;0;0;0;0;0;0;0;0;1;0;0;0;0;1;0;1;0;0;1;0;0;1;0;3;4;4;1;0;2;1;0;5;0;0;2
88080;Bult;44;88;0;0;0;0;0;0;0;0;0;0;0;0;0;0;0;0;0;0;0;0;0;0;0;0;0;1;2;0;0;1;0;0;0;0;0;0;1
88081;Bussang;44;88;0;0;0;0;0;0;0;0;0;0;0;0;0;0;0;0;1;1;0;0;1;0;0;0;1;5;5;2;1;0;1;0;0;4;0;0;0
88082;Celles-sur-Plaine;44;88;0;0;0;0;0;0;0;0;0;0;0;0;0;0;0;0;0;1;0;0;1;0;0;0;1;4;1;1;1;0;1;0;0;1;1;0;0
88083;Certilleux;44;88;0;0;0;0;0;0;0;0;0;0;0;0;0;0;0;0;0;0;0;0;0;0;0;0;1;0;0;1;0;0;0;0;0;0;0;0;0
88084;Chamagne;44;88;0;0;0;0;0;0;0;0;0;0;0;0;0;0;0;0;0;0;0;0;1;0;0;0;2;0;0;1;1;0;0;0;0;2;0;0;0
88085;Champdray;44;88;0;0;0;0;0;0;0;0;0;0;0;0;0;0;0;0;0;0;0;0;1;0;0;0;0;0;0;2;0;0;0;0;0;0;0;0;0
88086;Champ-le-Duc;44;88;0;0;0;0;0;0;0;0;0;0;0;0;0;0;0;0;0;0;0;0;1;0;0;0;2;0;1;1;0;1;0;0;0;0;0;0;0
88087;Chantraine;44;88;0;0;0;0;0;0;0;0;0;0;0;0;0;0;0;0;0;0;0;1;4;0;0;0;2;3;2;3;5;2;3;1;0;2;0;0;1
88088;La Chapelle-aux-Bois;44;88;0;0;0;0;0;0;0;0;0;0;0;0;0;0;0;0;0;0;1;0;0;0;0;0;1;0;2;3;1;0;0;0;0;1;0;0;0
88089;La Chapelle-devant-Bruyères;44;88;0;0;0;0;0;0;0;0;0;0;0;0;0;0;0;0;0;0;0;1;0;0;0;0;1;1;3;1;0;0;0;0;0;0;0;0;1
88090;Charmes;44;88;0;1;0;0;0;0;0;0;0;0;1;0;2;0;0;6;2;1;0;0;6;3;0;3;6;4;10;10;7;1;9;2;0;15;5;0;9
88091;Charmois-devant-Bruyères;44;88;0;0;0;0;0;0;0;0;0;0;0;0;0;0;0;0;0;0;0;0;0;0;0;0;0;2;2;0;1;0;0;0;0;1;0;0;0
88092;Charmois-l'Orgueilleux;44;88;0;0;0;0;0;0;0;0;0;0;0;0;0;0;0;0;0;0;0;0;0;0;0;0;1;0;0;0;0;1;0;0;0;1;0;0;1
88093;Châtas;44;88;0;0;0;0;0;0;0;0;0;0;0;0;0;0;0;0;0;0;0;0;0;0;0;0;0;0;0;0;0;0;0;0;0;0;0;0;0
88094;Châtel-sur-Moselle;44;88;0;1;0;0;0;0;0;0;0;0;1;0;0;0;0;0;0;1;0;0;1;0;0;1;0;1;2;1;2;1;2;0;0;2;1;0;1
88095;Châtenois;44;88;0;0;0;0;0;0;0;0;0;0;1;0;0;0;0;3;1;1;0;0;6;0;0;2;14;6;1;3;1;0;5;4;0;6;0;0;3
88096;Châtillon-sur-Saône;44;88;0;0;0;0;0;0;0;0;0;0;0;0;0;0;0;0;0;0;1;0;1;0;0;0;0;0;0;0;0;0;0;0;0;2;0;0;0
88097;Chauffecourt;44;88;0;0;0;0;0;0;0;0;0;0;0;0;0;0;0;0;0;0;0;0;0;0;0;0;0;0;0;0;0;0;0;0;0;0;0;0;0
88098;Chaumousey;44;88;0;0;0;0;0;0;0;0;0;0;0;0;1;0;0;0;0;0;0;0;1;0;0;0;2;1;3;1;0;0;2;0;0;4;0;0;0
88099;Chavelot;44;88;0;0;0;0;0;0;0;0;0;0;0;0;0;0;0;0;0;0;1;0;9;1;0;0;4;0;6;1;2;1;2;1;0;3;1;0;3
88100;Chef-Haut;44;88;0;0;0;0;0;0;0;0;0;0;0;0;0;0;0;0;0;0;0;0;0;0;0;0;0;0;0;0;0;0;1;0;0;0;0;0;0
88101;Cheniménil;44;88;0;0;0;0;0;0;0;0;0;0;0;0;0;0;0;0;0;0;0;0;3;0;0;0;1;0;3;2;2;0;2;0;0;2;0;0;0
88102;Chermisey;44;88;0;0;0;0;0;0;0;0;0;0;0;0;0;0;0;0;0;0;0;0;1;0;0;0;1;0;0;0;0;0;0;0;0;0;0;0;0
88103;Circourt;44;88;0;0;0;0;0;0;0;0;0;0;0;0;0;0;0;0;0;0;0;0;0;0;0;0;0;0;0;1;1;0;0;0;0;0;0;0;0
88104;Circourt-sur-Mouzon;44;88;0;0;0;0;0;0;0;0;0;0;0;0;0;0;0;0;0;0;0;0;0;0;0;0;0;0;0;0;0;0;0;0;0;0;0;0;0
88105;Claudon;44;88;0;0;0;0;0;0;0;0;0;0;0;0;0;0;0;0;0;0;0;0;0;0;0;0;0;0;3;1;0;0;0;0;0;0;0;0;0
88106;Ban-sur-Meurthe-Clefcy;44;88;0;0;0;0;0;0;0;0;0;0;0;0;0;0;0;0;0;0;0;0;1;0;0;1;0;0;6;2;1;1;0;0;0;1;0;0;2
88107;Clérey-la-Côte;44;88;0;0;0;0;0;0;0;0;0;0;0;0;0;0;0;0;0;0;0;0;0;0;0;0;0;0;0;0;0;0;0;0;0;0;0;0;0
88108;Le Clerjus;44;88;0;0;0;0;0;0;0;0;0;0;0;0;0;0;0;0;0;0;0;0;0;0;0;0;1;1;0;3;1;0;0;0;0;1;0;0;0
88109;Cleurie;44;88;0;0;0;0;0;0;0;0;0;0;0;0;0;0;0;0;0;0;0;0;1;0;0;0;3;1;3;0;4;0;0;0;0;0;0;0;0
88110;Clézentaine;44;88;0;0;0;0;0;0;0;0;0;0;0;0;0;0;0;0;0;0;0;0;0;0;0;0;0;0;0;0;1;0;0;0;0;0;0;0;0
88111;Coinches;44;88;0;0;0;0;0;0;0;0;0;0;0;0;0;0;0;0;0;0;0;0;0;0;0;0;0;2;0;0;0;0;0;0;0;1;0;0;1
88113;Combrimont;44;88;0;0;0;0;0;0;0;0;0;0;0;0;0;0;0;0;0;0;0;0;1;0;0;0;0;0;1;0;0;0;0;0;0;0;0;0;0
88114;Contrexéville;44;88;0;0;0;0;0;0;0;0;0;0;0;0;0;0;0;4;0;1;0;0;10;1;0;2;3;2;0;2;5;0;6;1;0;8;2;1;2
88115;Corcieux;44;88;0;1;0;0;0;0;0;0;0;0;1;0;0;0;0;2;0;1;0;0;5;0;0;1;1;3;1;2;1;0;4;0;0;5;0;0;1
88116;Cornimont;44;88;0;0;0;0;0;0;0;0;0;0;1;0;2;0;0;5;3;1;0;0;3;1;0;1;2;6;11;3;5;2;4;0;0;6;2;0;3
88117;Courcelles-sous-Châtenois;44;88;0;0;0;0;0;0;0;0;0;0;0;0;0;0;0;0;0;0;0;0;0;0;0;0;0;0;0;0;0;0;0;0;0;0;0;0;0
88118;Coussey;44;88;0;0;0;0;0;0;0;0;0;0;0;0;0;0;0;0;0;0;0;1;1;0;0;0;3;0;2;1;5;3;2;0;0;1;0;0;0
88119;Crainvilliers;44;88;0;0;0;0;0;0;0;0;0;0;0;0;0;0;0;0;0;0;0;0;0;0;0;0;1;0;2;0;1;0;0;0;0;0;0;0;0
88120;La Croix-aux-Mines;44;88;0;0;0;0;0;0;0;0;0;0;0;0;0;0;0;0;0;0;0;0;0;0;0;0;3;4;1;0;2;1;0;0;0;0;0;0;1
88121;Damas-aux-Bois;44;88;0;0;0;0;0;0;0;0;0;0;0;0;0;0;0;0;0;0;0;0;1;0;0;0;0;0;0;1;1;0;0;0;0;0;0;0;0
88122;Damas-et-Bettegney;44;88;0;0;0;0;0;0;0;0;0;0;0;0;0;0;0;0;0;0;0;0;0;0;0;0;0;1;3;0;0;1;1;0;0;0;0;0;0
88123;Damblain;44;88;0;0;0;0;0;0;0;0;0;0;0;0;0;0;0;0;0;0;0;1;0;0;0;0;0;0;0;0;0;0;1;0;0;0;0;0;0
88124;Darney;44;88;0;1;0;0;0;0;0;0;0;0;1;0;2;0;0;4;2;1;0;0;1;1;0;1;1;1;0;2;0;2;2;0;0;3;0;0;0
88125;Darney-aux-Chênes;44;88;0;0;0;0;0;0;0;0;0;0;0;0;0;0;0;0;0;0;0;0;0;0;0;0;0;0;0;0;1;0;0;0;0;0;0;0;0
88126;Darnieulles;44;88;0;0;0;0;0;0;0;0;0;0;0;0;0;0;0;0;0;0;0;1;1;0;0;0;2;1;1;1;2;0;3;0;0;0;1;0;0
88127;Deinvillers;44;88;0;0;0;0;0;0;0;0;0;0;0;0;0;0;0;0;0;0;0;0;0;0;0;0;0;0;0;0;0;0;0;0;0;0;0;0;0
88128;Denipaire;44;88;0;0;0;0;0;0;0;0;0;0;0;0;0;0;0;0;0;0;0;1;2;0;0;0;1;0;1;1;0;0;0;0;0;0;0;0;0
88129;Derbamont;44;88;0;0;0;0;0;0;0;0;0;0;0;0;0;0;0;0;0;0;0;0;0;0;0;0;1;0;1;0;0;0;0;0;0;0;0;0;0
88130;Destord;44;88;0;0;0;0;0;0;0;0;0;0;0;0;0;0;0;0;0;0;0;0;0;0;0;0;1;0;0;0;1;0;0;0;0;0;0;0;0
88131;Deycimont;44;88;0;0;0;0;0;0;0;0;0;0;0;0;0;0;0;0;0;0;0;0;0;0;0;0;0;0;1;0;1;0;0;0;0;0;0;0;1
88132;Deyvillers;44;88;0;0;0;0;0;0;0;0;0;0;0;0;0;0;0;0;0;1;0;0;4;0;0;0;4;2;4;1;2;5;1;0;0;1;1;0;1
88133;Dignonville;44;88;0;0;0;0;0;0;0;0;0;0;0;0;0;0;0;0;0;0;0;0;0;0;0;0;0;1;0;0;0;0;0;0;0;0;0;0;0
88134;Dinozé;44;88;0;0;0;0;0;0;0;0;0;0;0;0;0;0;0;0;0;1;0;0;0;0;0;0;0;1;0;1;0;0;1;0;0;1;0;0;0
88135;Docelles;44;88;0;0;0;0;0;0;0;0;0;0;1;0;0;0;0;1;0;1;0;0;3;0;0;1;2;0;1;1;1;0;2;0;0;0;0;0;1
88136;Dogneville;44;88;0;0;0;0;0;0;0;0;0;0;0;0;0;0;0;0;0;0;1;0;0;0;0;0;2;3;2;5;0;3;2;1;0;1;2;0;1
88137;Dolaincourt;44;88;0;0;0;0;0;0;0;0;0;0;0;0;0;0;0;0;0;0;0;0;0;0;0;0;0;0;0;0;0;0;0;0;0;0;0;0;0
88138;Dombasle-devant-Darney;44;88;0;0;0;0;0;0;0;0;0;0;0;0;0;0;0;0;0;0;0;0;0;0;0;0;1;0;0;0;0;0;0;0;0;0;0;0;0
88139;Dombasle-en-Xaintois;44;88;0;0;0;0;0;0;0;0;0;0;0;0;0;0;0;0;0;0;0;0;0;0;0;0;1;0;0;0;0;0;1;0;0;0;0;0;0
88140;Dombrot-le-Sec;44;88;0;0;0;0;0;0;0;0;0;0;0;0;0;0;0;0;0;0;0;1;0;0;0;0;1;1;1;1;0;0;1;0;0;0;1;0;0
88141;Dombrot-sur-Vair;44;88;0;0;0;0;0;0;0;0;0;0;0;0;0;0;0;0;0;0;0;0;1;0;0;0;0;0;1;0;0;0;0;0;0;0;0;0;0
88142;Domèvre-sur-Avière;44;88;0;0;0;0;0;0;0;0;0;0;0;0;0;0;0;0;0;0;0;0;0;0;0;0;0;0;0;1;0;0;1;0;0;0;0;0;1
88143;Domèvre-sur-Durbion;44;88;0;0;0;0;0;0;0;0;0;0;0;0;0;0;0;0;0;0;0;0;0;0;0;0;0;0;1;1;0;0;0;0;0;0;0;0;0
88144;Domèvre-sous-Montfort;44;88;0;0;0;0;0;0;0;0;0;0;0;0;0;0;0;0;0;0;0;0;0;0;0;0;0;0;0;0;0;0;0;0;0;0;0;0;0
88145;Domfaing;44;88;0;0;0;0;0;0;0;0;0;0;0;0;0;0;0;0;0;0;0;0;1;0;0;0;1;0;0;0;0;0;0;0;0;0;0;0;0
88146;Domjulien;44;88;0;0;0;0;0;0;0;0;0;0;0;0;0;0;0;0;0;0;0;0;1;0;0;0;1;1;0;0;0;0;0;0;0;0;0;0;0
88147;Dommartin-aux-Bois;44;88;0;0;0;0;0;0;0;0;0;0;0;0;0;0;0;0;0;0;0;0;0;0;0;0;0;0;0;2;0;1;2;0;0;0;0;0;0
88148;Dommartin-lès-Remiremont;44;88;0;0;0;0;0;0;0;0;0;0;0;0;0;0;0;0;0;1;0;0;2;0;0;0;1;4;3;4;0;0;2;0;0;2;1;0;0
88149;Dommartin-lès-Vallois;44;88;0;0;0;0;0;0;0;0;0;0;0;0;0;0;0;0;0;0;0;0;0;0;0;0;0;0;0;0;0;0;0;0;0;0;0;0;0
88150;Dommartin-sur-Vraine;44;88;0;0;0;0;0;0;0;0;0;0;0;0;0;0;0;0;0;0;0;0;2;0;0;0;0;0;0;0;0;0;0;0;0;0;0;0;0
88151;Dompaire;44;88;0;1;0;0;0;0;0;0;0;0;1;0;2;0;0;2;1;1;0;0;2;0;0;0;1;2;0;4;2;0;4;3;0;0;1;0;3
88152;Dompierre;44;88;0;0;0;0;0;0;0;0;0;0;0;0;0;0;0;0;0;0;0;0;0;0;0;0;0;0;2;1;1;0;0;0;0;0;0;0;0
88153;Domptail;44;88;0;0;0;0;0;0;0;0;0;0;0;0;0;0;0;0;0;0;0;0;0;0;0;0;0;1;0;0;0;0;0;0;0;0;1;0;0
88154;Domrémy-la-Pucelle;44;88;0;0;0;0;0;0;0;0;0;0;0;0;0;0;0;0;0;0;0;1;1;0;0;0;0;0;0;0;0;0;0;0;0;1;0;0;0
88155;Domvallier;44;88;0;0;0;0;0;0;0;0;0;0;0;0;0;0;0;0;0;0;0;0;0;0;0;0;0;0;0;0;0;0;0;0;0;0;0;0;0
88156;Doncières;44;88;0;0;0;0;0;0;0;0;0;0;0;0;0;0;0;0;0;0;0;0;0;0;0;0;0;0;0;0;0;1;1;0;0;1;0;0;0
88157;Dounoux;44;88;0;0;0;0;0;0;0;0;0;0;0;0;0;0;0;0;0;0;0;1;0;0;0;0;1;1;0;1;3;0;3;0;0;2;0;0;0
88158;Éloyes;44;88;0;1;0;0;0;0;0;0;0;0;0;0;0;0;0;3;1;1;0;0;8;1;0;1;2;5;6;4;5;1;4;1;0;3;1;0;2
88159;Entre-deux-Eaux;44;88;0;0;0;0;0;0;0;0;0;0;0;0;0;0;0;0;1;0;0;0;1;0;0;0;2;0;2;0;1;1;0;2;0;0;0;0;0
88160;Épinal;44;88;1;1;0;1;1;1;1;1;0;0;15;2;1;0;0;31;6;4;1;0;30;4;6;12;27;46;22;42;33;15;65;5;11;149;33;7;29
88161;Escles;44;88;0;0;0;0;0;0;0;0;0;0;0;0;0;0;0;0;0;0;0;0;0;0;0;0;3;0;0;3;2;0;0;0;0;1;0;0;0
88162;Esley;44;88;0;0;0;0;0;0;0;0;0;0;0;0;0;0;0;0;0;0;0;0;0;0;0;0;0;1;2;2;0;0;0;0;0;0;0;0;0
88163;Essegney;44;88;0;0;0;0;0;0;0;0;0;0;0;0;0;0;0;0;0;0;0;0;1;0;0;0;2;0;1;2;2;0;0;0;0;0;0;0;0
88164;Estrennes;44;88;0;0;0;0;0;0;0;0;0;0;0;0;0;0;0;0;0;0;0;0;0;0;0;0;0;0;0;0;0;0;0;0;0;0;0;0;0
88165;Étival-Clairefontaine;44;88;0;0;0;0;0;0;0;0;0;0;0;0;0;0;0;0;0;1;0;0;2;0;0;1;5;2;2;5;2;3;5;0;0;4;0;0;2
88166;Évaux-et-Ménil;44;88;0;0;0;0;0;0;0;0;0;0;0;0;0;0;0;0;0;0;0;0;0;0;0;0;1;1;0;4;0;0;0;0;0;0;0;0;0
88167;Faucompierre;44;88;0;0;0;0;0;0;0;0;0;0;0;0;0;0;0;0;0;0;0;0;1;0;0;0;0;1;0;0;0;0;0;0;0;0;0;0;1
88168;Fauconcourt;44;88;0;0;0;0;0;0;0;0;0;0;0;0;0;0;0;0;0;0;0;0;0;0;0;0;0;0;0;0;0;0;0;0;0;0;0;0;0
88169;Fays;44;88;0;0;0;0;0;0;0;0;0;0;0;0;0;0;0;0;0;0;0;0;0;0;0;0;0;1;0;0;0;0;0;0;0;0;0;0;0
88170;Ferdrupt;44;88;0;0;0;0;0;0;0;0;0;0;0;0;0;0;0;0;0;0;1;0;0;0;0;0;0;0;5;0;2;0;0;0;0;1;0;0;2
88171;Fignévelle;44;88;0;0;0;0;0;0;0;0;0;0;0;0;0;0;0;0;0;0;0;0;1;0;0;0;0;0;0;0;0;0;0;0;0;0;0;0;0
88172;Fiménil;44;88;0;0;0;0;0;0;0;0;0;0;0;0;0;0;0;0;0;0;0;0;0;0;0;0;0;0;2;0;1;0;0;0;0;0;0;0;0
88173;Florémont;44;88;0;0;0;0;0;0;0;0;0;0;0;0;0;0;0;0;0;0;0;0;0;0;0;0;0;0;0;1;0;0;0;0;0;0;0;0;0
88174;Fomerey;44;88;0;0;0;0;0;0;0;0;0;0;0;0;0;0;0;0;0;0;0;0;0;0;0;0;0;0;0;1;1;0;0;0;0;0;0;0;0
88175;Fontenay;44;88;0;0;0;0;0;0;0;0;0;0;0;0;0;0;0;0;0;0;0;0;2;0;0;0;1;0;0;3;1;0;3;0;0;0;0;0;0
88176;Fontenoy-le-Château;44;88;0;0;0;0;0;0;0;0;0;0;0;0;0;0;0;0;0;1;0;0;0;0;0;0;1;0;2;1;0;0;1;0;0;3;0;0;0
88177;La Forge;44;88;0;0;0;0;0;0;0;0;0;0;0;0;0;0;0;0;0;0;0;0;0;0;0;0;1;0;5;0;1;0;2;0;0;2;0;0;0
88178;Les Forges;44;88;0;0;0;0;0;0;0;0;0;0;0;0;0;0;0;0;0;0;0;1;4;0;0;1;4;3;3;1;3;0;1;1;0;3;1;0;0
88179;Fouchécourt;44;88;0;0;0;0;0;0;0;0;0;0;0;0;0;0;0;0;0;0;0;0;0;0;0;0;1;0;0;0;0;0;0;0;0;0;0;0;0
88180;Frain;44;88;0;0;0;0;0;0;0;0;0;0;0;0;0;0;0;0;0;0;0;0;1;0;0;0;0;0;0;1;0;0;0;0;0;1;0;0;0
88181;Fraize;44;88;0;1;0;0;0;0;0;0;0;0;0;0;0;0;0;3;2;1;0;0;3;1;0;1;3;6;9;8;3;0;8;0;0;7;3;1;3
88182;Frapelle;44;88;0;0;0;0;0;0;0;0;0;0;0;0;0;0;0;0;0;0;0;0;0;0;0;0;0;0;0;1;2;1;0;0;0;1;0;0;0
88183;Frebécourt;44;88;0;0;0;0;0;0;0;0;0;0;0;0;0;0;0;0;0;0;0;0;0;0;0;0;0;1;0;1;1;0;1;0;0;0;0;0;0
88184;Fremifontaine;44;88;0;0;0;0;0;0;0;0;0;0;0;0;0;0;0;0;0;0;0;0;0;0;0;0;1;1;1;0;0;0;1;0;0;0;0;0;1
88185;Frenelle-la-Grande;44;88;0;0;0;0;0;0;0;0;0;0;0;0;0;0;0;0;0;0;0;0;0;0;0;0;0;1;0;0;0;0;1;0;0;0;0;0;0
88186;Frenelle-la-Petite;44;88;0;0;0;0;0;0;0;0;0;0;0;0;0;0;0;0;0;0;0;0;0;0;0;0;1;0;0;1;0;0;0;0;0;0;0;0;0
88187;Frénois;44;88;0;0;0;0;0;0;0;0;0;0;0;0;0;0;0;0;0;0;0;0;0;0;0;0;1;0;0;0;0;0;0;0;0;0;0;0;0
88188;Fresse-sur-Moselle;44;88;0;0;0;0;0;0;0;0;0;0;0;0;0;0;0;0;1;1;0;0;7;1;0;0;2;2;15;3;1;0;2;0;0;2;0;0;1
88189;Fréville;44;88;0;0;0;0;0;0;0;0;0;0;0;0;0;0;0;0;0;0;0;0;1;0;0;0;2;0;0;0;1;0;0;0;0;0;0;0;0
88190;Frizon;44;88;0;0;0;0;0;0;0;0;0;0;0;0;0;0;0;0;0;0;0;0;1;0;0;0;0;2;1;1;2;0;1;0;0;0;0;0;0
88192;Gelvécourt-et-Adompt;44;88;0;0;0;0;0;0;0;0;0;0;0;0;0;0;0;0;0;0;0;0;0;0;0;0;0;0;0;0;2;0;0;0;0;0;0;0;0
88193;Gemaingoutte;44;88;0;0;0;0;0;0;0;0;0;0;0;0;0;0;0;0;0;0;0;0;1;0;0;0;0;0;1;0;0;0;0;0;0;0;0;0;0
88194;Gemmelaincourt;44;88;0;0;0;0;0;0;0;0;0;0;0;0;0;0;0;0;0;0;0;0;0;0;0;0;0;0;0;0;1;0;0;0;0;0;0;0;0
88195;Gendreville;44;88;0;0;0;0;0;0;0;0;0;0;0;0;0;0;0;0;0;0;0;0;0;0;0;0;1;0;0;0;0;1;0;0;0;0;0;0;0
88196;Gérardmer;44;88;0;1;0;0;0;0;0;0;0;0;2;1;0;0;0;9;2;1;0;0;13;2;2;4;5;10;9;12;11;6;16;2;1;63;11;4;10
88197;Gerbamont;44;88;0;0;0;0;0;0;0;0;0;0;0;0;0;0;0;0;0;0;0;0;0;0;0;0;2;0;2;0;0;1;0;0;0;0;0;0;0
88198;Gerbépal;44;88;0;0;0;0;0;0;0;0;0;0;0;0;0;0;0;0;0;0;0;1;1;0;0;0;1;0;2;1;0;0;0;0;0;1;0;0;0
88199;Gignéville;44;88;0;0;0;0;0;0;0;0;0;0;0;0;0;0;0;0;0;0;0;0;0;0;0;0;0;0;0;0;0;0;0;0;0;0;0;0;0
88200;Gigney;44;88;0;0;0;0;0;0;0;0;0;0;0;0;0;0;0;0;0;0;0;0;0;0;0;0;0;0;0;0;1;0;0;0;0;0;0;0;0
88201;Girancourt;44;88;0;0;0;0;0;0;0;0;0;0;0;0;1;0;0;0;0;0;0;1;4;0;0;0;4;5;1;1;0;0;3;1;0;1;0;0;0
88202;Gircourt-lès-Viéville;44;88;0;0;0;0;0;0;0;0;0;0;0;0;0;0;0;0;0;0;0;0;0;0;0;0;0;0;1;0;1;0;0;0;0;0;0;0;0
88203;Girecourt-sur-Durbion;44;88;0;0;0;0;0;0;0;0;0;0;0;0;0;0;0;0;0;0;0;1;0;0;0;0;0;0;1;1;1;0;0;0;0;0;0;1;0
88205;Girmont-Val-d'Ajol;44;88;0;0;0;0;0;0;0;0;0;0;0;0;0;0;0;0;0;0;1;0;0;0;0;0;0;0;1;0;0;0;0;0;0;0;0;0;0
88206;Gironcourt-sur-Vraine;44;88;0;0;0;0;0;0;0;0;0;0;0;0;0;0;0;0;0;1;0;0;1;0;0;0;0;1;0;1;2;0;1;0;0;0;0;0;1
88208;Godoncourt;44;88;0;0;0;0;0;0;0;0;0;0;0;0;0;0;0;0;0;0;0;0;0;0;0;0;0;0;1;1;2;1;0;0;0;0;0;0;0
88209;Golbey;44;88;0;0;0;0;0;0;0;0;0;0;0;0;0;0;0;7;1;1;0;0;14;3;2;2;9;12;13;21;4;6;19;4;7;16;3;0;6
88210;Gorhey;44;88;0;0;0;0;0;0;0;0;0;0;0;0;0;0;0;0;0;0;0;0;0;0;0;0;0;1;0;0;0;0;0;0;0;0;0;0;2
88212;Grand;44;88;0;0;0;0;0;0;0;0;0;0;0;0;0;0;0;0;1;0;0;1;0;0;0;0;0;0;3;0;0;1;0;0;0;1;0;0;0
88213;La Grande-Fosse;44;88;0;0;0;0;0;0;0;0;0;0;0;0;0;0;0;0;0;0;0;0;0;0;0;0;0;0;0;0;0;0;0;0;0;0;0;0;0
88214;Grandrupt-de-Bains;44;88;0;0;0;0;0;0;0;0;0;0;0;0;0;0;0;0;0;0;0;0;0;0;0;0;1;0;0;0;0;0;0;0;0;0;0;0;0
88215;Grandrupt;44;88;0;0;0;0;0;0;0;0;0;0;0;0;0;0;0;0;0;0;0;0;0;0;0;0;0;0;0;0;0;0;0;0;0;0;0;0;0
88216;Grandvillers;44;88;0;0;0;0;0;0;0;0;0;0;0;0;0;0;0;0;0;0;0;1;1;0;0;0;1;0;0;1;1;2;1;0;0;1;0;0;1
88218;Granges-Aumontzey;44;88;0;0;0;0;0;0;0;0;0;0;0;0;2;0;0;2;1;1;0;0;3;1;0;0;5;4;11;10;1;1;4;0;0;4;0;0;0
88219;Greux;44;88;0;0;0;0;0;0;0;0;0;0;0;0;0;0;0;0;0;0;0;0;1;0;0;0;0;0;1;0;0;1;0;0;0;1;0;0;0
88220;Grignoncourt;44;88;0;0;0;0;0;0;0;0;0;0;0;0;0;0;0;0;0;0;0;0;0;0;0;0;1;0;0;0;0;0;0;0;0;0;0;0;0
88221;Gruey-lès-Surance;44;88;0;0;0;0;0;0;0;0;0;0;0;0;0;0;0;0;0;0;0;0;0;0;0;0;0;0;1;0;0;0;0;0;0;1;0;0;0
88222;Gugnécourt;44;88;0;0;0;0;0;0;0;0;0;0;0;0;0;0;0;0;0;0;0;0;0;0;0;0;0;1;0;1;0;0;1;0;0;0;1;0;0
88223;Gugney-aux-Aulx;44;88;0;0;0;0;0;0;0;0;0;0;0;0;0;0;0;0;0;0;0;0;1;0;0;0;0;0;0;1;0;0;0;0;0;0;0;0;1
88224;Hadigny-les-Verrières;44;88;0;0;0;0;0;0;0;0;0;0;0;0;0;0;0;0;0;0;0;0;0;0;0;0;1;1;0;0;1;0;1;0;0;1;0;0;0
88225;Hadol;44;88;0;0;0;0;0;0;0;0;0;0;0;0;0;0;0;0;0;0;0;1;6;0;0;0;2;5;7;4;4;0;3;1;1;3;0;0;1
88226;Hagécourt;44;88;0;0;0;0;0;0;0;0;0;0;0;0;0;0;0;0;0;0;0;0;0;0;0;0;0;0;0;0;0;0;0;0;0;0;0;0;0
88227;Hagnéville-et-Roncourt;44;88;0;0;0;0;0;0;0;0;0;0;0;0;0;0;0;0;0;0;0;0;0;0;0;0;0;0;0;0;1;0;0;0;0;0;0;0;0
88228;Haillainville;44;88;0;0;0;0;0;0;0;0;0;0;0;0;0;0;0;0;0;0;0;0;0;0;0;0;1;0;0;0;1;0;0;0;0;0;0;0;0
88229;Harchéchamp;44;88;0;0;0;0;0;0;0;0;0;0;0;0;0;0;0;0;0;0;0;0;1;0;0;0;0;0;1;0;0;0;0;0;0;0;0;0;0
88230;Hardancourt;44;88;0;0;0;0;0;0;0;0;0;0;0;0;0;0;0;0;0;0;0;0;0;0;0;0;1;0;0;0;0;0;0;0;0;0;0;0;0
88231;Haréville;44;88;0;0;0;0;0;0;0;0;0;0;0;0;0;0;0;0;0;0;0;0;0;0;0;0;0;1;2;1;0;0;0;0;0;0;0;0;0
88232;Harmonville;44;88;0;0;0;0;0;0;0;0;0;0;0;0;0;0;0;0;0;0;0;0;0;0;0;0;0;1;0;0;0;0;1;0;0;0;0;0;0
88233;Harol;44;88;0;0;0;0;0;0;0;0;0;0;0;0;0;0;0;0;0;0;0;1;3;0;0;0;1;0;2;1;2;1;0;0;0;0;0;0;0
88234;Harsault;44;88;0;0;0;0;0;0;0;0;0;0;0;0;0;0;0;0;0;0;0;1;0;0;0;0;1;0;0;1;0;0;0;0;0;0;0;0;0
88235;Hautmougey;44;88;0;0;0;0;0;0;0;0;0;0;0;0;0;0;0;0;0;0;0;0;0;0;0;0;0;0;0;0;0;0;0;0;0;0;0;0;0
88236;La Haye;44;88;0;0;0;0;0;0;0;0;0;0;0;0;0;0;0;0;0;0;0;0;0;0;0;0;0;0;0;0;0;0;0;0;0;1;0;0;0
88237;Hennecourt;44;88;0;0;0;0;0;0;0;0;0;0;0;0;0;0;0;0;0;0;0;0;1;0;0;0;1;0;0;0;0;1;0;0;0;1;0;0;0
88238;Hennezel;44;88;0;0;0;0;0;0;0;0;0;0;0;0;0;0;0;0;0;0;0;1;1;0;0;0;1;1;2;0;3;0;0;0;0;0;0;0;0
88239;Hergugney;44;88;0;0;0;0;0;0;0;0;0;0;0;0;0;0;0;0;1;0;0;0;0;0;0;0;1;0;0;0;0;1;0;0;0;0;0;0;0
88240;Herpelmont;44;88;0;0;0;0;0;0;0;0;0;0;0;0;0;0;0;0;0;0;0;0;0;0;0;0;0;0;1;0;0;0;0;0;0;1;0;0;0
88241;Houécourt;44;88;0;0;0;0;0;0;0;0;0;0;0;0;0;0;0;0;0;0;1;0;1;0;0;0;1;0;1;1;0;0;0;0;0;0;0;0;0
88242;Houéville;44;88;0;0;0;0;0;0;0;0;0;0;0;0;0;0;0;0;0;0;0;0;0;0;0;0;0;0;0;0;0;0;0;0;0;0;0;0;0
88243;Housseras;44;88;0;0;0;0;0;0;0;0;0;0;0;0;0;0;0;0;0;0;0;0;1;0;0;0;2;2;1;2;4;0;1;0;0;0;1;0;0
88244;La Houssière;44;88;0;0;0;0;0;0;0;0;0;0;0;0;0;0;0;0;0;0;0;0;0;0;0;0;0;0;0;0;0;0;0;0;0;1;0;0;0
88245;Hurbache;44;88;0;0;0;0;0;0;0;0;0;0;0;0;0;0;0;0;0;0;0;0;0;0;0;0;0;2;0;0;0;0;0;0;0;1;0;0;0
88246;Hymont;44;88;0;0;0;0;0;0;0;0;0;0;0;0;0;0;0;0;0;0;0;0;0;0;0;0;1;1;0;2;0;0;0;0;0;0;0;0;0
88247;Igney;44;88;0;0;0;0;0;0;0;0;0;0;0;0;0;0;0;0;0;0;0;1;1;0;0;0;1;2;1;6;2;0;2;0;0;2;0;0;1
88248;Isches;44;88;0;0;0;0;0;0;0;0;0;0;0;0;0;0;0;0;0;0;0;1;1;0;0;0;1;0;1;0;0;0;0;0;0;1;0;0;0
88249;Jainvillotte;44;88;0;0;0;0;0;0;0;0;0;0;0;0;0;0;0;0;0;0;0;0;0;0;0;0;0;0;0;1;0;0;0;0;0;0;0;0;0
88250;Jarménil;44;88;0;0;0;0;0;0;0;0;0;0;0;0;0;0;0;0;0;0;0;0;0;0;0;0;2;2;1;0;1;0;0;0;0;1;1;0;0
88251;Jeanménil;44;88;0;0;0;0;0;0;0;0;0;0;0;0;0;0;0;0;0;0;0;0;3;0;0;0;3;4;3;3;4;1;3;0;0;2;0;0;3
88252;Jésonville;44;88;0;0;0;0;0;0;0;0;0;0;0;0;0;0;0;0;0;0;0;0;0;0;0;0;1;0;1;0;0;0;0;0;0;0;0;0;0
88253;Jeuxey;44;88;0;0;0;0;0;0;0;0;0;0;0;0;0;0;0;0;1;0;0;0;3;0;0;0;1;1;1;0;0;0;4;0;0;10;1;0;1
88254;Jorxey;44;88;0;0;0;0;0;0;0;0;0;0;0;0;0;0;0;0;0;0;0;0;1;0;0;0;0;0;1;0;0;0;0;0;0;1;0;0;0
88255;Jubainville;44;88;0;0;0;0;0;0;0;0;0;0;0;0;0;0;0;0;0;0;0;0;0;0;0;0;1;1;0;0;0;0;0;0;0;0;0;0;0
88256;Jussarupt;44;88;0;0;0;0;0;0;0;0;0;0;0;0;0;0;0;0;0;0;0;0;0;0;0;0;0;0;0;0;0;1;1;0;0;0;0;0;0
88257;Juvaincourt;44;88;0;0;0;0;0;0;0;0;0;0;0;0;0;0;0;0;0;0;0;0;0;0;0;0;0;2;1;3;0;1;0;0;0;1;0;0;0
88258;Lamarche;44;88;0;1;0;0;0;0;0;0;0;0;1;0;1;0;0;1;1;1;0;0;1;0;0;0;1;2;1;7;1;0;1;0;0;2;0;0;0
88259;Landaville;44;88;0;0;0;0;0;0;0;0;0;0;0;0;0;0;0;0;0;0;0;1;1;0;0;0;2;0;2;2;0;0;0;0;0;1;0;0;0
88260;Langley;44;88;0;0;0;0;0;0;0;0;0;0;0;0;0;0;0;0;0;0;0;0;0;0;0;0;1;0;0;0;1;0;0;0;0;0;0;0;0
88261;Laval-sur-Vologne;44;88;0;0;0;0;0;0;0;0;0;0;0;0;0;0;0;0;0;0;0;0;3;0;0;1;4;0;2;0;1;0;0;0;0;1;0;0;0
88262;Laveline-devant-Bruyères;44;88;0;0;0;0;0;0;0;0;0;0;0;0;0;0;0;0;0;0;1;0;1;0;0;0;1;1;2;2;2;0;1;0;0;2;0;0;0
88263;Laveline-du-Houx;44;88;0;0;0;0;0;0;0;0;0;0;0;0;0;0;0;0;0;0;0;0;1;0;0;0;1;0;1;0;1;0;0;0;0;1;0;0;0
88264;Légéville-et-Bonfays;44;88;0;0;0;0;0;0;0;0;0;0;0;0;0;0;0;0;0;0;0;0;0;0;0;0;0;0;0;1;0;0;0;0;0;0;0;0;0
88265;Lemmecourt;44;88;0;0;0;0;0;0;0;0;0;0;0;0;0;0;0;0;0;0;0;0;0;0;0;0;0;0;0;0;0;0;0;0;0;0;0;0;0
88266;Lépanges-sur-Vologne;44;88;0;0;0;0;0;0;0;0;0;0;0;0;0;0;0;0;0;0;1;0;1;0;0;0;2;3;0;2;0;0;2;0;0;0;1;0;0
88267;Lerrain;44;88;0;0;0;0;0;0;0;0;0;0;0;0;0;0;0;0;0;0;0;1;1;0;0;0;1;1;2;1;0;0;2;0;0;1;0;0;1
88268;Lesseux;44;88;0;0;0;0;0;0;0;0;0;0;0;0;0;0;0;0;0;0;0;0;0;0;0;0;0;0;2;2;0;0;1;0;0;0;0;0;0
88269;Liézey;44;88;0;0;0;0;0;0;0;0;0;0;0;0;0;0;0;0;0;0;0;0;1;0;0;0;2;0;0;1;0;1;0;0;0;1;1;0;0
88270;Liffol-le-Grand;44;88;0;0;0;0;0;0;0;0;0;0;0;0;0;0;0;2;0;1;0;0;4;0;0;2;3;1;5;4;3;2;5;1;0;1;0;0;2
88271;Lignéville;44;88;0;0;0;0;0;0;0;0;0;0;0;0;0;0;0;0;0;0;0;0;0;0;0;0;1;0;0;1;0;0;0;0;0;0;0;0;0
88272;Lironcourt;44;88;0;0;0;0;0;0;0;0;0;0;0;0;0;0;0;0;0;0;0;0;0;0;0;0;1;0;0;0;0;0;0;0;0;0;0;0;0
88273;Longchamp;44;88;0;0;0;0;0;0;0;0;0;0;0;0;0;0;0;0;0;0;0;0;0;0;0;0;0;0;1;0;0;2;0;0;0;0;0;0;1
88274;Longchamp-sous-Châtenois;44;88;0;0;0;0;0;0;0;0;0;0;0;0;0;0;0;0;0;0;0;0;0;0;0;0;2;0;0;1;0;0;0;0;0;1;0;0;0
88275;Lubine;44;88;0;0;0;0;0;0;0;0;0;0;0;0;0;0;0;0;0;0;0;0;1;0;0;0;2;0;0;0;1;0;0;0;0;0;0;0;0
88276;Lusse;44;88;0;0;0;0;0;0;0;0;0;0;0;0;0;0;0;0;0;0;0;0;1;0;0;0;0;0;0;0;4;0;0;0;0;1;0;0;0
88277;Luvigny;44;88;0;0;0;0;0;0;0;0;0;0;0;0;0;0;0;0;0;0;0;0;0;0;0;0;5;0;0;0;0;0;0;0;0;0;0;0;0
88278;Maconcourt;44;88;0;0;0;0;0;0;0;0;0;0;0;0;0;0;0;0;0;0;0;0;0;0;0;0;0;0;0;0;0;0;0;0;0;0;0;0;0
88279;Madecourt;44;88;0;0;0;0;0;0;0;0;0;0;0;0;0;0;0;0;0;0;0;0;0;0;0;0;0;0;0;0;0;0;0;0;0;0;0;0;0
88280;Madegney;44;88;0;0;0;0;0;0;0;0;0;0;0;0;0;0;0;0;0;0;0;0;0;0;0;0;0;0;0;0;0;0;0;0;0;0;1;0;0
88281;Madonne-et-Lamerey;44;88;0;0;0;0;0;0;0;0;0;0;0;0;0;0;0;0;0;0;0;0;3;0;0;1;0;2;0;0;1;0;0;0;0;1;0;0;0
88283;Malaincourt;44;88;0;0;0;0;0;0;0;0;0;0;0;0;0;0;0;0;0;0;0;0;0;0;0;0;0;0;0;0;0;0;0;0;0;0;0;0;0
88284;Mandray;44;88;0;0;0;0;0;0;0;0;0;0;0;0;0;0;0;0;0;0;0;0;2;0;0;0;0;0;1;3;1;0;1;0;0;2;0;0;0
88285;Mandres-sur-Vair;44;88;0;0;0;0;0;0;0;0;0;0;0;0;0;0;0;0;0;0;0;0;2;0;0;0;2;0;1;0;0;0;0;0;0;0;0;0;0
88286;Marainville-sur-Madon;44;88;0;0;0;0;0;0;0;0;0;0;0;0;0;0;0;0;0;0;0;0;0;0;0;0;0;0;1;1;0;0;0;0;0;0;0;0;0
88287;Marey;44;88;0;0;0;0;0;0;0;0;0;0;0;0;0;0;0;0;0;0;0;0;0;0;0;0;0;0;0;0;1;0;0;0;0;0;0;0;0
88288;Maroncourt;44;88;0;0;0;0;0;0;0;0;0;0;0;0;0;0;0;0;0;0;0;0;0;0;0;0;0;0;0;0;0;0;0;0;0;0;0;0;0
88289;Martigny-les-Bains;44;88;0;0;0;0;0;0;0;0;0;0;0;0;0;0;0;0;0;1;0;0;0;0;0;0;1;0;0;3;1;0;1;1;0;1;0;0;0
88290;Martigny-les-Gerbonvaux;44;88;0;0;0;0;0;0;0;0;0;0;0;0;0;0;0;0;0;0;0;0;0;0;0;0;0;0;0;0;0;0;0;0;0;2;0;0;0
88291;Martinvelle;44;88;0;0;0;0;0;0;0;0;0;0;0;0;0;0;0;0;0;0;0;0;0;0;0;0;0;0;0;1;0;0;0;0;0;0;0;0;1
88292;Mattaincourt;44;88;0;0;0;0;0;0;0;0;0;0;0;0;0;0;0;0;0;1;0;0;4;0;0;0;2;2;1;3;1;1;1;0;0;1;0;0;0
88293;Maxey-sur-Meuse;44;88;0;0;0;0;0;0;0;0;0;0;0;0;0;0;0;0;0;0;0;0;0;0;0;0;2;2;1;0;0;0;0;0;0;0;0;0;0
88294;Mazeley;44;88;0;0;0;0;0;0;0;0;0;0;0;0;0;0;0;0;0;0;0;0;2;0;0;0;0;1;0;0;0;0;0;0;0;0;0;0;0
88295;Mazirot;44;88;0;0;0;0;0;0;0;0;0;0;0;0;0;0;0;0;0;0;0;0;0;0;0;0;0;2;0;0;0;1;0;0;0;0;0;0;0
88296;Médonville;44;88;0;0;0;0;0;0;0;0;0;0;0;0;0;0;0;0;0;0;0;0;0;0;0;0;1;0;0;0;0;0;0;0;0;0;0;0;0
88297;Méménil;44;88;0;0;0;0;0;0;0;0;0;0;0;0;0;0;0;0;1;0;0;0;0;0;0;0;0;2;0;0;1;0;0;0;0;0;0;0;0
88298;Ménarmont;44;88;0;0;0;0;0;0;0;0;0;0;0;0;0;0;0;0;0;0;0;0;0;0;0;0;0;0;0;0;0;0;0;0;0;0;0;0;0
88299;Ménil-en-Xaintois;44;88;0;0;0;0;0;0;0;0;0;0;0;0;0;0;0;0;0;0;0;0;1;0;0;0;0;0;0;0;0;0;0;0;0;0;0;0;0
88300;Ménil-de-Senones;44;88;0;0;0;0;0;0;0;0;0;0;0;0;0;0;0;0;0;0;0;0;0;0;0;0;0;0;0;0;3;0;0;0;0;0;0;0;0
88301;Ménil-sur-Belvitte;44;88;0;0;0;0;0;0;0;0;0;0;0;0;0;0;0;0;0;0;0;1;2;0;0;0;1;0;0;0;0;2;2;0;0;2;0;0;0
88302;Le Ménil;44;88;0;0;0;0;0;0;0;0;0;0;0;0;0;0;0;0;0;0;1;0;1;0;0;0;1;2;2;2;2;0;1;0;0;1;0;0;1
88303;Midrevaux;44;88;0;0;0;0;0;0;0;0;0;0;0;0;0;0;0;0;0;0;0;0;1;0;0;1;0;0;0;1;2;0;0;0;0;1;0;0;0
88304;Mirecourt;44;88;0;1;0;0;0;0;0;0;0;0;1;0;1;0;0;7;0;1;0;0;5;0;0;3;2;3;6;8;2;1;11;2;0;16;3;4;2
88305;Moncel-sur-Vair;44;88;0;0;0;0;0;0;0;0;0;0;0;0;0;0;0;0;0;0;0;0;0;0;0;0;1;0;1;0;0;1;0;0;0;0;0;0;0
88306;Le Mont;44;88;0;0;0;0;0;0;0;0;0;0;0;0;0;0;0;0;0;0;0;0;0;0;0;0;0;0;0;0;0;0;1;0;0;0;0;0;0
88307;Mont-lès-Lamarche;44;88;0;0;0;0;0;0;0;0;0;0;0;0;0;0;0;0;0;0;0;0;0;0;0;0;0;0;0;0;0;0;0;0;0;0;0;0;0
88308;Mont-lès-Neufchâteau;44;88;0;0;0;0;0;0;0;0;0;0;0;0;0;0;0;0;0;0;0;0;0;0;0;0;0;0;1;1;0;0;0;0;0;0;0;0;0
88309;Monthureux-le-Sec;44;88;0;0;0;0;0;0;0;0;0;0;0;0;0;0;0;0;0;0;0;0;0;0;0;0;0;0;0;0;0;1;0;0;0;1;0;0;0
88310;Monthureux-sur-Saône;44;88;0;1;0;0;0;0;0;0;0;0;0;0;2;0;0;1;3;1;0;0;1;0;0;0;2;1;2;0;1;0;2;4;0;3;0;0;0
88311;Montmotier;44;88;0;0;0;0;0;0;0;0;0;0;0;0;0;0;0;0;0;0;0;0;1;0;0;0;0;0;0;0;0;0;0;0;0;0;0;0;0
88312;Morelmaison;44;88;0;0;0;0;0;0;0;0;0;0;0;0;0;0;0;0;0;0;0;0;0;0;0;0;0;1;0;1;0;0;0;0;0;1;0;0;0
88313;Moriville;44;88;0;0;0;0;0;0;0;0;0;0;0;0;0;0;0;0;0;0;0;1;1;0;0;0;0;0;0;1;0;0;1;0;0;0;0;0;1
88314;Morizécourt;44;88;0;0;0;0;0;0;0;0;0;0;0;0;0;0;0;0;0;0;0;0;0;0;0;0;0;0;0;1;0;0;0;0;0;1;0;0;0
88315;Mortagne;44;88;0;0;0;0;0;0;0;0;0;0;0;0;0;0;0;0;0;0;0;0;1;0;0;0;1;0;0;0;0;1;0;0;0;0;0;0;0
88316;Morville;44;88;0;0;0;0;0;0;0;0;0;0;0;0;0;0;0;0;0;0;0;0;0;0;0;0;0;0;0;1;0;0;0;0;0;0;1;0;0
88317;Moussey;44;88;0;0;0;0;0;0;0;0;0;0;0;0;0;0;0;0;0;0;1;0;2;0;0;0;3;6;0;2;1;0;1;0;0;2;0;0;0
88318;Moyemont;44;88;0;0;0;0;0;0;0;0;0;0;0;0;0;0;0;0;0;0;0;1;0;0;0;0;0;0;1;0;0;0;0;0;0;1;0;0;1
88319;Moyenmoutier;44;88;0;0;0;0;0;0;0;0;0;0;0;0;0;0;0;1;0;1;0;0;6;1;0;1;5;2;8;5;3;2;5;1;0;6;0;0;1
88320;Nayemont-les-Fosses;44;88;0;0;0;0;0;0;0;0;0;0;0;0;0;0;0;0;0;0;0;0;1;0;0;0;1;1;0;0;1;0;0;0;0;0;0;0;0
88321;Neufchâteau;44;88;0;1;0;0;0;0;0;0;0;0;3;1;1;0;0;8;2;1;0;0;18;2;1;4;12;14;8;15;5;5;15;2;2;22;6;2;7
88322;La Neuveville-devant-Lépanges;44;88;0;0;0;0;0;0;0;0;0;0;0;0;0;0;0;0;0;0;0;0;2;0;0;0;1;1;0;1;1;0;0;0;0;0;0;0;0
88324;La Neuveville-sous-Châtenois;44;88;0;0;0;0;0;0;0;0;0;0;0;0;0;0;0;0;0;0;0;0;0;0;0;0;0;3;0;1;0;0;0;0;0;0;0;0;1
88325;La Neuveville-sous-Montfort;44;88;0;0;0;0;0;0;0;0;0;0;0;0;0;0;0;0;0;0;0;0;0;0;0;0;0;0;0;0;0;0;0;0;0;0;0;0;0
88326;Neuvillers-sur-Fave;44;88;0;0;0;0;0;0;0;0;0;0;0;0;0;0;0;0;0;0;0;0;0;0;1;0;3;1;1;3;2;0;0;0;0;0;1;0;0
88327;Nomexy;44;88;0;0;0;0;0;0;0;0;0;0;0;0;0;0;0;2;0;1;0;0;4;0;0;0;2;2;2;4;3;1;4;0;0;2;0;0;2
88328;Nompatelize;44;88;0;0;0;0;0;0;0;0;0;0;0;0;0;0;0;0;0;0;0;0;1;0;1;0;0;1;0;0;0;0;0;0;0;0;0;0;0
88330;Nonville;44;88;0;0;0;0;0;0;0;0;0;0;0;0;0;0;0;0;0;0;0;0;0;0;0;0;0;1;0;1;0;0;1;0;0;2;0;0;0
88331;Nonzeville;44;88;0;0;0;0;0;0;0;0;0;0;0;0;0;0;0;0;0;0;0;0;0;0;0;0;0;0;0;0;0;0;0;0;0;0;0;0;0
88332;Norroy;44;88;0;0;0;0;0;0;0;0;0;0;0;0;0;0;0;0;0;0;0;0;1;0;0;0;0;0;0;0;1;0;0;0;0;1;1;0;0
88333;Nossoncourt;44;88;0;0;0;0;0;0;0;0;0;0;0;0;0;0;0;0;0;0;0;0;0;0;0;0;0;0;1;0;0;0;0;0;0;0;0;0;0
88334;Oëlleville;44;88;0;0;0;0;0;0;0;0;0;0;0;0;0;0;0;0;0;0;0;0;0;0;0;0;1;2;0;1;2;0;0;0;0;1;0;0;0
88335;Offroicourt;44;88;0;0;0;0;0;0;0;0;0;0;0;0;0;0;0;0;0;0;0;0;0;0;0;0;0;0;0;1;0;0;0;0;0;0;0;0;0
88336;Ollainville;44;88;0;0;0;0;0;0;0;0;0;0;0;0;0;0;0;0;0;0;0;0;0;0;0;0;0;0;0;0;0;0;0;0;0;0;0;0;0
88338;Ortoncourt;44;88;0;0;0;0;0;0;0;0;0;0;0;0;0;0;0;0;0;0;0;0;1;0;0;0;0;0;0;0;0;0;1;0;0;0;0;0;0
88340;Padoux;44;88;0;0;0;0;0;0;0;0;0;0;0;0;0;0;0;0;0;0;0;0;0;0;0;0;0;1;0;1;2;0;2;0;0;1;0;0;0
88341;Pair-et-Grandrupt;44;88;0;0;0;0;0;0;0;0;0;0;0;0;0;0;0;0;0;0;0;0;0;0;0;0;0;0;1;3;0;0;1;0;0;1;0;0;0
88342;Pallegney;44;88;0;0;0;0;0;0;0;0;0;0;0;0;0;0;0;0;0;0;0;0;0;0;0;0;0;0;2;2;1;0;0;0;0;1;0;0;0
88343;Parey-sous-Montfort;44;88;0;0;0;0;0;0;0;0;0;0;0;0;0;0;0;0;0;0;0;0;0;0;0;0;0;0;0;0;1;0;2;0;0;0;0;0;0
88344;Pargny-sous-Mureau;44;88;0;0;0;0;0;0;0;0;0;0;0;0;0;0;0;0;0;0;0;0;0;0;0;0;0;0;1;0;0;0;0;0;0;1;0;0;0
88345;La Petite-Fosse;44;88;0;0;0;0;0;0;0;0;0;0;0;0;0;0;0;0;0;0;0;0;0;0;0;0;0;0;0;0;1;0;0;0;0;0;0;0;0
88346;La Petite-Raon;44;88;0;0;0;0;0;0;0;0;0;0;0;0;0;0;0;0;0;0;0;1;0;0;0;0;1;4;1;1;2;0;3;0;0;1;0;0;0
88347;Pierrefitte;44;88;0;0;0;0;0;0;0;0;0;0;0;0;0;0;0;0;0;0;0;0;0;0;0;0;0;1;1;0;0;0;0;0;0;0;0;0;0
88348;Pierrepont-sur-l'Arentèle;44;88;0;0;0;0;0;0;0;0;0;0;0;0;0;0;0;0;0;0;0;0;0;0;0;0;0;0;0;0;0;0;0;0;0;0;0;0;0
88349;Plainfaing;44;88;0;0;0;0;0;0;0;0;0;0;0;0;0;0;0;0;1;0;0;1;1;0;0;0;5;3;6;4;3;0;3;0;0;6;0;0;0
88350;Pleuvezain;44;88;0;0;0;0;0;0;0;0;0;0;0;0;0;0;0;0;0;0;0;0;0;0;0;0;0;0;0;0;0;0;0;0;0;0;0;0;0
88351;Plombières-les-Bains;44;88;0;0;0;0;0;0;0;0;0;0;0;0;1;0;0;1;1;1;0;0;1;0;0;0;3;0;4;4;3;3;1;0;0;10;1;0;1
88352;Pompierre;44;88;0;0;0;0;0;0;0;0;0;0;0;0;0;0;0;0;0;0;0;0;0;0;0;0;0;0;0;0;0;0;0;0;0;1;0;0;1
88353;Pont-lès-Bonfays;44;88;0;0;0;0;0;0;0;0;0;0;0;0;0;0;0;0;0;0;0;0;0;0;0;0;0;0;0;0;0;0;0;0;0;0;0;0;0
88354;Pont-sur-Madon;44;88;0;0;0;0;0;0;0;0;0;0;0;0;0;0;0;0;0;0;0;0;0;0;0;0;0;0;2;1;0;0;0;0;0;0;0;0;0
88355;Portieux;44;88;0;0;0;0;0;0;0;0;0;0;0;0;0;0;0;0;0;1;0;1;0;0;0;0;0;1;3;0;1;0;0;0;0;0;0;0;1
88356;Les Poulières;44;88;0;0;0;0;0;0;0;0;0;0;0;0;0;0;0;0;0;0;0;0;0;0;0;0;0;0;1;1;0;0;1;0;0;0;0;0;0
88357;Poussay;44;88;0;0;0;0;0;0;0;0;0;0;0;0;0;0;0;0;0;0;0;0;2;2;0;0;3;0;1;0;1;0;0;1;0;1;0;0;0
88358;Pouxeux;44;88;0;0;0;0;0;0;0;0;0;0;0;0;0;0;0;0;1;1;0;0;5;0;0;1;1;1;0;5;2;2;7;0;0;3;0;0;2
88359;Prey;44;88;0;0;0;0;0;0;0;0;0;0;0;0;0;0;0;0;0;0;0;0;0;0;0;0;0;0;1;0;0;0;0;0;0;0;0;0;0
88360;Provenchères-lès-Darney;44;88;0;0;0;0;0;0;0;0;0;0;0;0;0;0;0;0;0;0;0;0;0;0;0;0;1;0;0;0;0;0;0;0;0;0;0;0;0
88361;Provenchères-et-Colroy;44;88;0;1;0;0;0;0;0;0;0;0;0;0;2;0;0;0;0;1;0;0;2;0;0;0;3;1;4;3;1;0;1;0;0;5;0;0;1
88362;Le Puid;44;88;0;0;0;0;0;0;0;0;0;0;0;0;0;0;0;0;0;0;0;0;0;0;0;0;0;0;0;0;0;0;0;0;0;0;0;0;0
88363;Punerot;44;88;0;0;0;0;0;0;0;0;0;0;0;0;0;0;0;0;0;0;0;0;0;0;0;0;0;0;1;0;0;0;0;0;0;0;0;0;0
88364;Puzieux;44;88;0;0;0;0;0;0;0;0;0;0;0;0;0;0;0;0;0;0;0;0;0;0;0;0;0;1;2;0;0;0;0;0;0;0;1;0;0
88365;Racécourt;44;88;0;0;0;0;0;0;0;0;0;0;0;0;0;0;0;0;0;0;0;0;0;0;0;0;0;0;0;0;0;0;0;0;0;0;0;0;0
88366;Rainville;44;88;0;0;0;0;0;0;0;0;0;0;0;0;0;0;0;0;0;0;0;0;0;0;0;0;0;0;1;0;0;0;0;0;0;0;0;0;0
88367;Rambervillers;44;88;0;1;0;0;0;0;0;0;0;0;1;0;2;0;0;7;2;1;0;0;12;2;0;6;14;9;7;4;3;1;8;3;0;16;2;2;2
88368;Ramecourt;44;88;0;0;0;0;0;0;0;0;0;0;0;0;0;0;0;0;0;0;0;0;0;0;0;0;0;0;0;1;0;0;0;0;0;0;0;0;1
88369;Ramonchamp;44;88;0;0;0;0;0;0;0;0;0;0;0;0;0;0;0;0;1;1;0;0;3;0;0;0;2;0;7;4;0;0;4;0;0;4;0;0;1
88370;Rancourt;44;88;0;0;0;0;0;0;0;0;0;0;0;0;0;0;0;0;0;0;0;0;0;0;0;0;1;0;0;0;0;0;0;0;0;0;0;0;0
88371;Raon-aux-Bois;44;88;0;0;0;0;0;0;0;0;0;0;0;0;0;0;0;0;0;0;0;0;3;0;0;0;0;0;4;2;1;1;2;0;0;2;1;0;0
88372;Raon-l'Étape;44;88;0;1;0;0;0;0;0;0;0;0;1;0;1;0;0;6;1;1;0;0;9;4;0;3;8;7;9;7;8;5;14;1;2;15;6;2;6
88373;Raon-sur-Plaine;44;88;0;0;0;0;0;0;0;0;0;0;0;0;0;0;0;0;0;0;1;0;0;0;0;0;1;0;1;0;1;1;1;0;0;0;0;0;0
88374;Rapey;44;88;0;0;0;0;0;0;0;0;0;0;0;0;0;0;0;0;0;0;0;0;0;0;0;0;0;0;0;0;0;0;0;0;0;0;0;0;0
88375;Raves;44;88;0;0;0;0;0;0;0;0;0;0;0;0;0;0;0;0;0;0;0;0;1;0;0;0;2;1;2;0;1;0;1;0;0;0;0;0;0
88376;Rebeuville;44;88;0;0;0;0;0;0;0;0;0;0;0;0;0;0;0;0;0;0;0;0;1;0;0;0;0;0;1;1;0;0;0;0;0;1;0;0;0
88377;Regnévelle;44;88;0;0;0;0;0;0;0;0;0;0;0;0;0;0;0;0;0;0;0;0;0;0;0;0;0;0;0;0;0;0;0;0;0;0;0;0;0
88378;Regney;44;88;0;0;0;0;0;0;0;0;0;0;0;0;0;0;0;0;0;0;0;0;0;0;0;0;0;0;0;0;0;0;0;0;0;0;0;0;0
88379;Rehaincourt;44;88;0;0;0;0;0;0;0;0;0;0;0;0;0;0;0;0;0;0;0;0;0;0;0;0;0;0;0;2;0;0;0;0;0;0;0;0;0
88380;Rehaupal;44;88;0;0;0;0;0;0;0;0;0;0;0;0;0;0;0;0;0;0;0;0;1;0;0;0;1;0;0;0;0;0;0;0;0;0;0;0;0
88381;Relanges;44;88;0;0;0;0;0;0;0;0;0;0;0;0;0;0;0;0;0;0;0;0;0;0;0;0;0;1;0;0;0;0;0;0;0;0;0;0;0
88382;Remicourt;44;88;0;0;0;0;0;0;0;0;0;0;0;0;0;0;0;0;0;0;0;0;0;0;0;0;0;0;0;0;0;0;0;0;0;0;0;0;0
88383;Remiremont;44;88;1;1;0;0;0;0;0;0;0;0;5;1;0;0;0;10;3;1;1;0;8;1;1;6;2;13;5;9;4;3;27;3;9;43;16;4;12
88385;Remoncourt;44;88;0;0;0;0;0;0;0;0;0;0;0;0;0;0;0;0;0;0;1;0;0;0;0;0;2;1;0;0;1;0;2;0;0;0;0;0;0
88386;Remomeix;44;88;0;0;0;0;0;0;0;0;0;0;0;0;0;0;0;0;0;0;0;0;2;0;0;0;0;2;2;6;1;2;0;0;0;1;0;0;0
88387;Removille;44;88;0;0;0;0;0;0;0;0;0;0;0;0;0;0;0;0;0;0;0;0;0;0;0;0;0;0;3;2;0;0;1;0;0;0;0;0;0
88388;Renauvoid;44;88;0;0;0;0;0;0;0;0;0;0;0;0;0;0;0;0;0;0;0;0;0;0;0;0;0;0;0;0;0;0;0;0;0;0;0;0;0
88389;Repel;44;88;0;0;0;0;0;0;0;0;0;0;0;0;0;0;0;0;0;0;0;0;0;0;0;0;0;2;0;0;0;0;0;0;0;0;0;0;0
88390;Robécourt;44;88;0;0;0;0;0;0;0;0;0;0;0;0;0;0;0;0;0;0;0;0;0;0;0;0;0;0;1;2;1;0;0;0;0;0;0;0;0
88391;Rochesson;44;88;0;0;0;0;0;0;0;0;0;0;0;0;0;0;0;0;0;0;0;1;2;0;0;0;1;2;0;0;4;0;1;0;0;0;1;0;1
88392;Rocourt;44;88;0;0;0;0;0;0;0;0;0;0;0;0;0;0;0;0;0;0;0;0;0;0;0;0;0;0;0;0;0;0;0;0;0;0;0;0;0
88393;Rollainville;44;88;0;0;0;0;0;0;0;0;0;0;0;0;0;0;0;0;0;0;0;0;0;1;0;0;0;0;0;0;0;1;0;0;0;0;0;0;0
88394;Romain-aux-Bois;44;88;0;0;0;0;0;0;0;0;0;0;0;0;0;0;0;0;0;0;0;0;1;0;0;0;0;0;0;0;0;0;0;0;0;0;0;0;0
88395;Romont;44;88;0;0;0;0;0;0;0;0;0;0;0;0;0;0;0;0;0;0;0;0;1;0;0;0;0;0;0;0;1;1;0;0;0;0;1;0;0
88398;Les Rouges-Eaux;44;88;0;0;0;0;0;0;0;0;0;0;0;0;0;0;0;0;0;0;0;0;0;0;0;0;0;0;0;0;0;0;0;0;0;0;0;0;0
88399;Le Roulier;44;88;0;0;0;0;0;0;0;0;0;0;0;0;0;0;0;0;0;0;0;0;1;0;0;0;0;0;0;0;0;1;0;0;0;0;0;0;0
88400;Rouvres-en-Xaintois;44;88;0;0;0;0;0;0;0;0;0;0;0;0;0;0;0;0;0;0;0;1;0;0;0;0;0;1;1;0;0;0;1;0;0;0;0;0;1
88401;Rouvres-la-Chétive;44;88;0;0;0;0;0;0;0;0;0;0;0;0;0;0;0;0;0;0;0;0;1;0;0;0;1;1;1;0;1;1;0;0;0;0;0;0;0
88402;Roville-aux-Chênes;44;88;0;0;0;0;0;0;0;0;0;0;0;0;0;0;0;0;0;0;0;0;1;0;0;0;1;0;0;0;0;0;1;0;0;1;0;0;0
88403;Rozerotte;44;88;0;0;0;0;0;0;0;0;0;0;0;0;0;0;0;0;0;0;0;0;1;0;0;0;0;0;0;1;0;0;0;0;0;0;0;0;0
88404;Rozières-sur-Mouzon;44;88;0;0;0;0;0;0;0;0;0;0;0;0;0;0;0;0;0;0;0;1;2;0;0;0;0;0;0;1;0;0;0;0;0;0;0;0;0
88406;Rugney;44;88;0;0;0;0;0;0;0;0;0;0;0;0;0;0;0;0;0;0;0;0;0;0;0;0;1;0;1;0;0;0;0;0;0;1;0;0;0
88407;Ruppes;44;88;0;0;0;0;0;0;0;0;0;0;0;0;0;0;0;0;0;0;0;0;0;0;0;0;0;0;0;0;0;0;0;0;0;0;0;0;0
88408;Rupt-sur-Moselle;44;88;0;1;0;0;0;0;0;0;0;0;0;0;0;0;0;1;1;1;0;0;4;0;0;1;4;2;6;7;2;1;5;0;0;5;3;0;6
88409;Saint-Amé;44;88;0;0;0;0;0;0;0;0;0;0;1;0;0;0;0;0;1;1;0;0;8;0;0;1;3;1;5;5;4;1;5;0;0;8;0;0;0
88410;Sainte-Barbe;44;88;0;0;0;0;0;0;0;0;0;0;0;0;0;0;0;0;0;0;0;0;1;0;0;0;0;0;1;1;0;0;0;0;0;0;0;0;0
88411;Saint-Baslemont;44;88;0;0;0;0;0;0;0;0;0;0;0;0;0;0;0;0;0;0;0;0;0;0;0;0;0;0;0;0;0;0;0;0;0;1;0;0;0
88412;Saint-Benoît-la-Chipotte;44;88;0;0;0;0;0;0;0;0;0;0;0;0;0;0;0;0;0;0;0;0;0;0;0;0;0;2;2;0;0;0;1;0;0;0;0;0;0
88413;Saint-Dié-des-Vosges;44;88;1;1;0;0;1;1;0;0;0;0;6;1;2;0;0;14;4;2;1;0;21;3;2;7;24;25;21;24;13;7;36;6;7;78;18;4;16
88415;Saint-Étienne-lès-Remiremont;44;88;0;0;0;0;0;0;0;0;0;0;0;0;0;0;0;0;0;1;0;0;10;3;0;0;3;5;10;12;4;3;8;1;0;9;0;0;0
88416;Saint-Genest;44;88;0;0;0;0;0;0;0;0;0;0;0;0;0;0;0;0;0;0;0;0;1;0;0;0;0;0;0;0;0;0;0;0;0;0;0;0;0
88417;Saint-Gorgon;44;88;0;0;0;0;0;0;0;0;0;0;0;0;0;0;0;0;0;0;0;0;0;0;0;0;1;1;1;0;0;1;0;0;0;1;0;0;0
88418;Sainte-Hélène;44;88;0;0;0;0;0;0;0;0;0;0;0;0;0;0;0;0;0;0;0;0;0;0;0;0;1;0;0;0;2;0;0;0;0;0;0;0;0
88419;Saint-Jean-d'Ormont;44;88;0;0;0;0;0;0;0;0;0;0;0;0;0;0;0;0;0;0;0;0;0;0;0;0;0;0;0;0;0;0;0;0;0;0;0;0;0
88421;Saint-Julien;44;88;0;0;0;0;0;0;0;0;0;0;0;0;0;0;0;0;0;0;0;0;0;0;0;0;0;0;1;0;0;0;0;0;0;0;0;0;0
88423;Saint-Léonard;44;88;0;0;0;0;0;0;0;0;0;0;0;0;0;0;0;0;0;0;0;1;6;0;0;0;2;0;6;1;2;2;2;0;0;0;0;0;1
88424;Sainte-Marguerite;44;88;0;0;0;0;0;0;0;0;0;0;0;0;0;0;0;0;1;1;0;0;15;1;1;1;5;6;10;11;5;2;4;0;0;8;1;0;3
88425;Saint-Maurice-sur-Mortagne;44;88;0;0;0;0;0;0;0;0;0;0;0;0;0;0;0;0;0;0;0;0;0;0;0;0;0;1;0;0;1;0;0;0;0;1;0;0;0
88426;Saint-Maurice-sur-Moselle;44;88;0;0;0;0;0;0;0;0;0;0;0;0;2;0;0;0;0;1;0;0;3;0;0;0;2;2;4;2;1;1;1;0;0;6;0;0;1
88427;Saint-Menge;44;88;0;0;0;0;0;0;0;0;0;0;0;0;0;0;0;0;0;0;0;0;0;0;0;0;0;0;0;0;0;0;0;0;0;0;0;0;0
88428;Saint-Michel-sur-Meurthe;44;88;0;0;0;0;0;0;0;0;0;0;0;0;0;0;0;0;0;1;0;0;5;0;0;1;3;3;6;7;3;0;1;0;0;1;2;0;4
88429;Saint-Nabord;44;88;0;0;0;0;0;0;0;0;0;0;0;0;0;0;0;0;1;0;0;1;7;1;1;1;1;2;9;8;6;0;3;0;0;12;1;0;2
88430;Saint-Ouen-lès-Parey;44;88;0;0;0;0;0;0;0;0;0;0;0;0;0;0;0;0;0;1;0;0;0;0;0;0;0;1;0;0;0;0;1;0;0;2;0;0;0
88431;Saint-Paul;44;88;0;0;0;0;0;0;0;0;0;0;0;0;0;0;0;0;0;0;0;0;0;0;0;0;1;1;1;2;0;0;0;0;0;0;0;0;0
88432;Saint-Pierremont;44;88;0;0;0;0;0;0;0;0;0;0;0;0;0;0;0;0;1;0;0;0;0;0;0;0;0;0;0;0;0;0;1;0;0;0;0;0;0
88433;Saint-Prancher;44;88;0;0;0;0;0;0;0;0;0;0;0;0;0;0;0;0;0;0;0;0;0;0;0;0;1;0;0;0;0;0;0;0;0;0;0;0;0
88434;Saint-Remimont;44;88;0;0;0;0;0;0;0;0;0;0;0;0;0;0;0;0;0;0;0;0;1;0;0;0;0;0;0;1;0;0;0;0;0;0;0;0;0
88435;Saint-Remy;44;88;0;0;0;0;0;0;0;0;0;0;0;0;0;0;0;0;1;0;0;0;0;0;0;0;0;1;0;0;0;0;1;0;0;0;0;0;0
88436;Saint-Stail;44;88;0;0;0;0;0;0;0;0;0;0;0;0;0;0;0;0;0;0;0;0;0;0;0;0;0;0;0;0;0;0;0;0;0;0;0;0;0
88437;Saint-Vallier;44;88;0;0;0;0;0;0;0;0;0;0;0;0;0;0;0;0;0;0;0;0;0;0;0;0;1;0;0;1;0;0;0;0;0;0;0;0;0
88438;La Salle;44;88;0;0;0;0;0;0;0;0;0;0;0;0;0;0;0;0;0;0;0;0;0;0;0;0;0;1;0;3;0;0;0;0;0;1;0;0;0
88439;Sanchey;44;88;0;0;0;0;0;0;0;0;0;0;0;0;0;0;0;0;0;0;0;0;0;0;0;0;0;1;0;3;0;0;3;0;0;4;0;0;1
88440;Sandaucourt;44;88;0;0;0;0;0;0;0;0;0;0;0;0;0;0;0;0;0;0;0;0;2;0;0;0;0;0;0;0;0;0;1;0;0;1;0;0;0
88441;Sans-Vallois;44;88;0;0;0;0;0;0;0;0;0;0;0;0;0;0;0;0;0;0;0;0;1;0;0;0;1;0;0;0;0;0;0;0;0;0;0;0;0
88442;Sapois;44;88;0;0;0;0;0;0;0;0;0;0;0;0;0;0;0;0;0;0;0;0;3;0;0;0;0;2;6;0;0;0;1;0;0;0;1;0;0
88443;Sartes;44;88;0;0;0;0;0;0;0;0;0;0;0;0;0;0;0;0;0;0;0;0;0;0;0;0;1;0;0;0;0;0;0;0;0;0;0;0;0
88444;Le Saulcy;44;88;0;0;0;0;0;0;0;0;0;0;0;0;0;0;0;0;0;0;0;0;1;0;0;0;0;0;0;1;2;0;0;0;0;0;1;0;0
88445;Saulcy-sur-Meurthe;44;88;0;0;0;0;0;0;0;0;0;0;0;0;0;0;0;0;0;1;0;0;5;0;0;2;8;5;5;10;3;2;4;0;0;4;1;1;0
88446;Saulxures-lès-Bulgnéville;44;88;0;0;0;0;0;0;0;0;0;0;0;0;0;0;0;0;0;0;0;0;0;0;0;0;0;2;0;0;0;0;1;0;0;0;1;0;0
88447;Saulxures-sur-Moselotte;44;88;0;1;0;0;0;0;0;0;0;0;0;0;2;0;0;1;1;1;0;0;6;0;0;3;1;2;8;4;3;1;3;0;0;6;0;0;1
88448;Sauville;44;88;0;0;0;0;0;0;0;0;0;0;0;0;0;0;0;0;0;0;0;0;0;0;0;0;0;0;0;0;1;0;0;0;0;1;0;0;0
88449;Savigny;44;88;0;0;0;0;0;0;0;0;0;0;0;0;0;0;0;0;0;0;0;0;1;0;0;0;0;1;2;0;0;0;0;0;0;1;0;0;0
88450;Senaide;44;88;0;0;0;0;0;0;0;0;0;0;0;0;0;0;0;0;0;0;0;0;0;0;0;0;1;0;1;0;0;0;0;0;0;0;0;0;0
88451;Senones;44;88;0;1;0;0;0;0;0;0;0;0;1;0;2;0;0;4;2;1;0;0;4;0;0;2;4;3;2;3;3;1;5;0;0;9;0;0;1
88452;Senonges;44;88;0;0;0;0;0;0;0;0;0;0;0;0;0;0;0;0;0;0;0;0;1;0;0;0;0;1;1;0;0;0;0;0;0;0;0;0;0
88453;Seraumont;44;88;0;0;0;0;0;0;0;0;0;0;0;0;0;0;0;0;0;0;0;0;0;0;0;0;0;0;0;0;0;0;0;0;0;0;0;0;0
88454;Sercoeur;44;88;0;0;0;0;0;0;0;0;0;0;0;0;0;0;0;0;0;0;0;0;0;0;0;0;2;0;0;0;0;2;0;0;0;0;0;0;0
88455;Serécourt;44;88;0;0;0;0;0;0;0;0;0;0;0;0;0;0;0;0;0;0;0;0;0;0;0;0;0;0;2;0;0;0;0;0;0;0;0;0;0
88456;Serocourt;44;88;0;0;0;0;0;0;0;0;0;0;0;0;0;0;0;0;0;0;0;0;0;0;0;0;0;0;0;0;2;0;0;0;0;0;0;0;0
88457;Sionne;44;88;0;0;0;0;0;0;0;0;0;0;0;0;0;0;0;0;0;0;0;0;0;0;0;0;0;0;0;0;0;0;0;0;0;0;0;0;0
88458;Socourt;44;88;0;0;0;0;0;0;0;0;0;0;0;0;0;0;0;0;0;0;0;0;0;0;0;0;0;0;0;0;0;0;0;0;0;0;0;0;0
88459;Soncourt;44;88;0;0;0;0;0;0;0;0;0;0;0;0;0;0;0;0;0;0;0;0;0;0;0;0;0;0;0;0;0;0;0;0;0;0;0;0;0
88460;Soulosse-sous-Saint-Élophe;44;88;0;0;0;0;0;0;0;0;0;0;0;0;0;0;0;0;0;0;0;0;1;0;0;0;2;0;5;3;1;2;1;0;0;0;0;0;0
88461;Suriauville;44;88;0;0;0;0;0;0;0;0;0;0;0;0;0;0;0;0;0;0;0;0;0;0;0;0;1;0;1;0;0;0;0;0;0;0;0;0;0
88462;Le Syndicat;44;88;0;0;0;0;0;0;0;0;0;0;0;0;0;0;0;0;0;0;0;0;1;0;0;0;4;4;3;1;3;1;0;0;0;2;1;0;2
88463;Taintrux;44;88;0;0;0;0;0;0;0;0;0;0;0;0;0;0;0;0;0;0;1;0;1;1;0;0;3;3;4;3;0;3;1;0;0;4;1;0;0
88464;Tendon;44;88;0;0;0;0;0;0;0;0;0;0;0;0;0;0;0;0;0;0;1;0;1;0;0;0;0;2;0;1;0;0;0;0;0;1;0;0;0
88465;Capavenir Vosges;44;88;0;1;0;0;0;0;0;0;0;0;1;0;1;0;0;8;1;1;0;0;8;1;0;4;9;15;9;10;10;6;14;2;1;13;3;2;5
88466;They-sous-Montfort;44;88;0;0;0;0;0;0;0;0;0;0;0;0;0;0;0;0;0;0;0;0;0;0;0;0;0;2;0;0;1;0;0;0;0;3;0;0;0
88467;Thiéfosse;44;88;0;0;0;0;0;0;0;0;0;0;0;0;0;0;0;0;0;0;0;1;1;0;0;0;1;1;1;0;1;0;1;0;0;0;1;0;0
88468;Le Thillot;44;88;0;1;0;0;0;0;0;0;0;0;1;0;0;0;0;7;3;1;0;0;9;1;0;3;7;3;14;1;6;1;8;1;0;9;1;1;2
88469;Thiraucourt;44;88;0;0;0;0;0;0;0;0;0;0;0;0;0;0;0;0;0;0;0;0;0;0;0;0;1;1;0;0;0;0;0;0;0;0;0;0;0
88470;Le Tholy;44;88;0;0;0;0;0;0;0;0;0;0;0;0;0;0;0;0;0;1;0;0;3;0;0;0;2;2;3;3;1;0;3;0;0;3;1;0;1
88471;Les Thons;44;88;0;0;0;0;0;0;0;0;0;0;0;0;0;0;0;0;0;0;0;0;0;0;0;0;0;0;0;2;0;0;0;0;0;1;0;0;0
88472;Thuillières;44;88;0;0;0;0;0;0;0;0;0;0;0;0;0;0;0;0;0;0;0;0;0;0;0;0;0;0;0;0;1;0;0;0;0;0;0;0;0
88473;Tignécourt;44;88;0;0;0;0;0;0;0;0;0;0;0;0;0;0;0;0;0;0;0;0;0;0;0;0;0;0;0;0;0;0;0;0;0;0;0;0;0
88474;Tilleux;44;88;0;0;0;0;0;0;0;0;0;0;0;0;0;0;0;0;0;0;0;0;0;0;0;0;0;0;0;0;0;0;0;0;0;0;0;0;0
88475;Tollaincourt;44;88;0;0;0;0;0;0;0;0;0;0;0;0;0;0;0;0;0;0;0;0;0;0;0;0;1;0;0;1;0;0;0;0;0;0;1;0;0
88476;Totainville;44;88;0;0;0;0;0;0;0;0;0;0;0;0;0;0;0;0;0;0;0;0;2;0;0;0;1;0;0;0;1;0;0;0;0;0;0;0;0
88477;Trampot;44;88;0;0;0;0;0;0;0;0;0;0;0;0;0;0;0;0;0;0;0;0;0;0;0;0;1;0;0;0;0;0;0;0;0;0;0;0;0
88478;Tranqueville-Graux;44;88;0;0;0;0;0;0;0;0;0;0;0;0;0;0;0;0;0;0;0;0;0;0;0;0;0;0;0;0;0;0;0;0;0;0;0;0;0
88479;Trémonzey;44;88;0;0;0;0;0;0;0;0;0;0;0;0;0;0;0;0;0;0;0;0;0;0;0;0;1;0;0;0;1;0;0;0;0;0;0;0;0
88480;Ubexy;44;88;0;0;0;0;0;0;0;0;0;0;0;0;0;0;0;0;0;0;0;0;0;0;0;0;0;1;0;1;1;0;0;0;0;0;0;0;0
88481;Uriménil;44;88;0;0;0;0;0;0;0;0;0;0;0;0;0;0;0;0;0;0;0;1;3;0;0;0;2;0;4;2;5;0;2;0;0;3;1;0;0
88482;Urville;44;88;0;0;0;0;0;0;0;0;0;0;0;0;0;0;0;0;0;0;0;0;0;0;0;0;0;0;1;1;0;0;0;0;0;1;0;0;0
88483;Uxegney;44;88;0;0;0;0;0;0;0;0;0;0;0;0;0;0;0;0;1;0;0;0;2;0;0;1;1;2;2;10;3;1;3;0;0;4;0;0;2
88484;Uzemain;44;88;0;0;0;0;0;0;0;0;0;0;0;0;0;0;0;0;0;0;0;0;1;0;0;0;5;2;2;2;1;2;1;1;0;0;0;0;0
88485;La Vacheresse-et-la-Rouillie;44;88;0;0;0;0;0;0;0;0;0;0;0;0;0;0;0;0;0;0;0;0;0;0;0;0;0;0;1;0;0;0;0;0;0;0;0;0;0
88486;Vagney;44;88;0;1;0;0;0;0;0;0;0;0;0;0;0;0;0;5;2;1;0;0;8;0;0;2;6;8;7;5;7;5;4;2;0;10;4;0;2
88487;Le Val-d'Ajol;44;88;0;1;0;0;0;0;0;0;0;0;0;0;2;0;0;3;2;1;0;0;7;1;0;1;5;5;7;9;2;4;5;0;0;6;0;0;3
88488;Valfroicourt;44;88;0;0;0;0;0;0;0;0;0;0;0;0;0;0;0;0;0;0;0;0;0;0;0;0;1;0;2;0;0;1;0;0;0;0;0;0;0
88489;Valleroy-aux-Saules;44;88;0;0;0;0;0;0;0;0;0;0;0;0;0;0;0;0;0;0;0;0;0;0;0;0;1;1;0;1;0;1;0;0;0;0;0;0;0
88490;Valleroy-le-Sec;44;88;0;0;0;0;0;0;0;0;0;0;0;0;0;0;0;0;0;0;0;0;0;0;0;0;0;0;0;0;2;0;0;0;0;0;0;0;0
88491;Les Vallois;44;88;0;0;0;0;0;0;0;0;0;0;0;0;0;0;0;0;0;0;0;0;0;0;0;0;0;0;0;1;0;0;0;0;0;0;0;0;0
88492;Le Valtin;44;88;0;0;0;0;0;0;0;0;0;0;0;0;0;0;0;0;0;0;0;0;0;0;0;0;0;0;0;0;0;0;0;1;0;4;0;0;0
88493;Varmonzey;44;88;0;0;0;0;0;0;0;0;0;0;0;0;0;0;0;0;0;0;0;0;0;0;0;0;0;0;0;0;0;0;0;0;0;0;0;0;0
88494;Vaubexy;44;88;0;0;0;0;0;0;0;0;0;0;0;0;0;0;0;0;0;0;0;0;0;0;0;0;0;0;0;0;0;0;0;0;0;0;0;0;0
88495;Vaudéville;44;88;0;0;0;0;0;0;0;0;0;0;0;0;0;0;0;0;0;0;0;0;1;0;0;0;1;0;0;0;0;0;0;0;0;0;0;0;0
88496;Vaudoncourt;44;88;0;0;0;0;0;0;0;0;0;0;0;0;0;0;0;0;0;0;0;0;0;0;0;0;0;0;0;0;0;0;0;0;0;0;0;0;0
88497;Vaxoncourt;44;88;0;0;0;0;0;0;0;0;0;0;0;0;0;0;0;0;0;0;0;0;2;0;0;0;1;0;0;1;0;0;0;0;0;1;0;0;1
88498;Vecoux;44;88;0;0;0;0;0;0;0;0;0;0;0;0;0;0;0;0;0;0;0;1;0;0;0;0;1;2;2;2;1;1;2;0;0;2;1;0;0
88499;Velotte-et-Tatignécourt;44;88;0;0;0;0;0;0;0;0;0;0;0;0;0;0;0;0;0;0;0;0;0;0;0;0;0;0;1;0;0;0;1;0;0;0;0;0;0
88500;Ventron;44;88;0;0;0;0;0;0;0;0;0;0;0;0;0;0;0;0;1;0;0;1;1;0;0;0;0;1;1;0;0;1;0;0;0;2;1;0;0
88501;Le Vermont;44;88;0;0;0;0;0;0;0;0;0;0;0;0;0;0;0;0;0;0;0;0;0;0;0;0;0;0;0;1;0;0;0;0;0;0;1;0;0
88502;Vervezelle;44;88;0;0;0;0;0;0;0;0;0;0;0;0;0;0;0;0;0;0;0;0;1;0;0;0;0;0;2;0;0;0;1;0;0;0;0;0;0
88503;Vexaincourt;44;88;0;0;0;0;0;0;0;0;0;0;0;0;0;0;0;0;0;0;0;0;0;0;0;0;0;1;0;0;0;0;0;0;0;1;0;0;0
88504;Vicherey;44;88;0;0;0;0;0;0;0;0;0;0;0;0;0;0;0;0;0;0;1;0;1;0;0;0;0;0;1;0;0;0;0;1;0;0;0;0;0
88505;Vienville;44;88;0;0;0;0;0;0;0;0;0;0;0;0;0;0;0;0;0;0;0;0;0;0;0;0;0;0;0;0;0;0;0;0;0;0;0;0;0
88506;Vieux-Moulin;44;88;0;0;0;0;0;0;0;0;0;0;0;0;0;0;0;0;0;0;0;0;1;0;0;0;1;0;1;0;1;1;0;0;0;0;0;0;1
88507;Villers;44;88;0;0;0;0;0;0;0;0;0;0;0;0;0;0;0;0;0;0;0;0;1;0;0;0;0;0;0;0;0;0;0;0;0;0;0;0;0
88508;Ville-sur-Illon;44;88;0;0;0;0;0;0;0;0;0;0;0;0;0;0;0;0;0;0;0;1;0;0;0;0;2;0;1;1;1;1;0;0;0;0;0;0;0
88509;Villoncourt;44;88;0;0;0;0;0;0;0;0;0;0;0;0;0;0;0;0;0;0;0;0;0;0;0;0;0;0;0;0;0;0;0;0;0;0;0;0;0
88510;Villotte;44;88;0;0;0;0;0;0;0;0;0;0;0;0;0;0;0;0;0;0;0;0;0;0;0;0;0;0;0;0;0;0;0;0;0;0;0;0;0
88511;Villouxel;44;88;0;0;0;0;0;0;0;0;0;0;0;0;0;0;0;0;0;0;0;0;0;0;0;0;0;0;0;0;0;0;0;0;0;0;0;0;0
88512;Viménil;44;88;0;0;0;0;0;0;0;0;0;0;0;0;0;0;0;0;0;0;0;0;0;0;0;0;0;0;0;0;0;0;0;0;0;0;0;0;0
88513;Vincey;44;88;0;0;0;0;0;0;0;0;0;0;0;0;0;0;0;0;0;1;0;0;6;0;0;0;4;2;4;1;1;0;3;0;0;0;2;0;4
88514;Viocourt;44;88;0;0;0;0;0;0;0;0;0;0;0;0;0;0;0;0;0;0;0;0;0;0;0;0;0;0;0;0;0;0;2;0;0;0;0;0;0
88515;Vioménil;44;88;0;0;0;0;0;0;0;0;0;0;0;0;0;0;0;0;0;0;0;0;0;0;0;0;0;0;1;1;1;0;0;0;0;0;0;0;0
88516;Vittel;44;88;0;1;0;0;0;0;0;0;0;0;2;0;0;0;0;7;3;1;0;0;3;2;0;3;3;5;10;5;3;1;18;1;5;17;5;3;5
88517;Viviers-le-Gras;44;88;0;0;0;0;0;0;0;0;0;0;0;0;0;0;0;0;0;0;0;0;0;0;0;0;0;0;0;0;1;0;0;0;0;0;0;0;0
88518;Viviers-lès-Offroicourt;44;88;0;0;0;0;0;0;0;0;0;0;0;0;0;0;0;0;0;0;0;0;0;0;0;0;0;0;0;0;0;0;0;0;0;0;0;0;0
88519;La Voivre;44;88;0;0;0;0;0;0;0;0;0;0;0;0;0;0;0;0;0;0;0;0;0;0;0;0;3;0;1;0;0;0;1;0;0;2;0;0;1
88520;Les Voivres;44;88;0;0;0;0;0;0;0;0;0;0;0;0;0;0;0;0;0;0;0;0;0;0;0;0;2;1;0;3;1;0;1;0;0;1;1;0;0
88521;Vomécourt;44;88;0;0;0;0;0;0;0;0;0;0;0;0;0;0;0;0;0;0;0;0;0;0;0;0;0;0;0;0;0;0;1;0;0;0;0;0;0
88522;Vomécourt-sur-Madon;44;88;0;0;0;0;0;0;0;0;0;0;0;0;0;0;0;0;0;0;0;0;0;0;0;0;0;0;0;0;0;0;0;0;0;0;0;0;0
88523;Vouxey;44;88;0;0;0;0;0;0;0;0;0;0;0;0;0;0;0;0;0;0;0;0;0;0;0;0;0;0;0;0;0;0;0;0;0;0;0;0;0
88524;Vrécourt;44;88;0;0;0;0;0;0;0;0;0;0;0;0;0;0;0;0;0;1;0;0;0;0;0;0;0;3;0;1;1;0;1;0;0;1;0;0;0
88525;Vroville;44;88;0;0;0;0;0;0;0;0;0;0;0;0;0;0;0;0;0;0;0;0;0;0;0;0;0;0;1;1;0;0;0;0;0;0;0;0;0
88526;Wisembach;44;88;0;0;0;0;0;0;0;0;0;0;0;0;0;0;0;0;0;0;0;1;1;0;0;0;1;1;2;1;0;0;0;0;0;0;0;0;0
88527;Xaffévillers;44;88;0;0;0;0;0;0;0;0;0;0;0;0;0;0;0;0;0;0;0;0;0;0;0;0;0;0;0;1;2;0;0;0;0;1;1;0;0
88528;Xamontarupt;44;88;0;0;0;0;0;0;0;0;0;0;0;0;0;0;0;0;0;0;0;0;1;0;0;0;0;0;0;1;0;0;0;0;0;0;1;0;0
88529;Xaronval;44;88;0;0;0;0;0;0;0;0;0;0;0;0;0;0;0;0;0;0;0;0;0;0;0;0;0;1;0;1;2;0;0;0;0;0;0;0;0
88530;Xertigny;44;88;0;1;0;0;0;0;0;0;0;0;0;0;1;0;0;2;2;1;0;1;4;1;0;1;2;1;9;7;2;0;2;1;0;3;1;0;0
88531;Xonrupt-Longemer;44;88;0;0;0;0;0;0;0;0;0;0;0;0;0;0;0;0;0;1;0;0;1;0;0;0;3;1;6;6;3;1;1;0;0;9;1;0;0
88532;Zincourt;44;88;0;0;0;0;0;0;0;0;0;0;0;0;0;0;0;0;0;0;0;0;0;0;0;0;0;0;0;0;0;0;0;0;0;0;0;0;0
89001;Accolay;27;89;0;0;0;0;0;0;0;0;0;0;0;0;0;0;0;0;0;0;0;1;0;0;0;0;2;0;1;0;0;0;0;0;0;1;0;0;0
89002;Aigremont;27;89;0;0;0;0;0;0;0;0;0;0;0;0;0;0;0;0;0;0;0;0;0;0;0;0;0;0;0;0;0;0;0;0;0;0;0;0;1
89003;Aillant-sur-Tholon;27;89;0;1;0;0;0;0;0;0;0;0;1;0;0;0;0;3;2;1;0;0;1;1;0;1;1;2;2;2;1;1;4;0;0;4;4;0;2
89004;Aisy-sur-Armançon;27;89;0;0;0;0;0;0;0;0;0;0;0;0;0;0;0;0;0;0;1;0;1;0;0;0;1;1;0;0;1;0;0;0;0;1;0;0;0
89005;Ancy-le-Franc;27;89;0;1;0;0;0;0;0;0;0;0;1;0;0;0;0;3;1;1;0;0;3;0;0;0;3;0;3;0;2;0;3;0;0;3;0;0;1
89006;Ancy-le-Libre;27;89;0;0;0;0;0;0;0;0;0;0;0;0;0;0;0;0;0;0;0;0;0;0;0;0;0;0;0;1;0;0;0;0;0;0;0;0;0
89007;Andryes;27;89;0;0;0;0;0;0;0;0;0;0;0;0;0;0;0;0;1;0;0;1;0;0;0;0;1;1;1;1;0;0;2;0;0;0;1;0;0
89008;Angely;27;89;0;0;0;0;0;0;0;0;0;0;0;0;0;0;0;0;0;0;0;0;0;0;0;0;0;1;1;0;0;0;0;0;0;0;0;0;0
89009;Annay-la-Côte;27;89;0;0;0;0;0;0;0;0;0;0;0;0;0;0;0;0;0;0;0;0;1;0;0;0;0;1;1;1;0;0;0;0;0;0;0;0;0
89010;Annay-sur-Serein;27;89;0;0;0;0;0;0;0;0;0;0;0;0;0;0;0;0;0;0;0;1;0;0;0;0;1;0;2;0;0;0;2;0;0;0;0;0;0
89011;Annéot;27;89;0;0;0;0;0;0;0;0;0;0;0;0;0;0;0;0;0;0;0;0;0;0;0;0;0;1;1;0;0;0;0;0;0;0;0;0;1
89012;Annoux;27;89;0;0;0;0;0;0;0;0;0;0;0;0;0;0;0;0;0;0;0;0;0;0;0;0;0;0;0;0;0;0;0;0;0;0;0;0;0
89013;Appoigny;27;89;0;0;0;0;0;0;0;0;0;0;0;0;0;0;0;1;0;1;0;0;10;1;0;1;6;6;6;8;3;1;4;2;0;9;6;0;3
89014;Arces-Dilo;27;89;0;0;0;0;0;0;0;0;0;0;0;0;0;0;0;0;0;0;0;1;2;0;0;0;1;2;1;1;0;1;0;0;0;3;0;0;1
89015;Arcy-sur-Cure;27;89;0;0;0;0;0;0;0;0;0;0;0;0;0;0;0;0;0;0;0;1;1;0;0;0;2;0;1;3;1;0;0;0;0;3;0;0;2
89016;Argentenay;27;89;0;0;0;0;0;0;0;0;0;0;0;0;0;0;0;0;0;0;0;0;0;0;0;0;1;0;0;0;1;0;0;0;0;0;0;0;0
89017;Argenteuil-sur-Armançon;27;89;0;0;0;0;0;0;0;0;0;0;0;0;0;0;0;0;0;0;0;0;0;0;0;0;1;1;0;0;0;0;0;0;0;0;0;0;0
89018;Armeau;27;89;0;0;0;0;0;0;0;0;0;0;0;0;0;0;0;0;0;0;0;0;2;0;0;0;1;0;1;0;0;0;0;0;0;2;1;0;0
89019;Arthonnay;27;89;0;0;0;0;0;0;0;0;0;0;0;0;0;0;0;0;0;0;0;0;0;0;0;0;0;0;0;1;0;0;0;0;0;0;0;0;0
89020;Asnières-sous-Bois;27;89;0;0;0;0;0;0;0;0;0;0;0;0;0;0;0;0;0;0;0;0;0;0;0;0;1;0;0;0;0;0;0;0;0;1;0;0;0
89021;Asquins;27;89;0;0;0;0;0;0;0;0;0;0;0;0;0;0;0;0;0;0;0;0;1;0;0;0;1;0;1;3;0;0;0;0;0;1;1;0;0
89022;Athie;27;89;0;0;0;0;0;0;0;0;0;0;0;0;0;0;0;0;0;0;0;0;0;0;0;0;1;0;0;0;1;0;0;0;0;0;0;0;0
89023;Augy;27;89;0;0;0;0;0;0;0;0;0;0;0;0;0;0;0;0;0;0;0;1;1;0;0;0;1;2;0;2;0;0;1;0;0;1;0;0;1
89024;Auxerre;27;89;1;1;0;1;1;1;1;1;0;0;16;1;2;0;0;39;8;5;0;2;45;6;9;13;28;46;19;39;27;8;60;8;15;165;60;10;29
89025;Avallon;27;89;0;1;0;0;0;0;0;0;0;0;2;1;1;0;0;7;5;2;0;0;14;3;2;4;5;4;4;5;6;4;16;3;6;30;12;3;4
89027;Bagneaux;27;89;0;0;0;0;0;0;0;0;0;0;0;0;0;0;0;0;0;0;0;0;1;0;0;0;1;0;0;1;0;0;0;0;0;0;0;0;0
89028;Baon;27;89;0;0;0;0;0;0;0;0;0;0;0;0;0;0;0;0;0;0;0;0;0;0;0;0;1;0;1;0;0;0;2;0;0;0;0;0;0
89029;Bassou;27;89;0;0;0;0;0;0;0;0;0;0;0;0;0;0;0;1;0;0;0;1;0;0;1;0;2;1;2;0;1;0;2;0;1;1;0;0;0
89030;Bazarnes;27;89;0;0;0;0;0;0;0;0;0;0;0;0;0;0;0;0;0;0;0;0;2;0;0;0;4;0;0;1;1;0;3;0;0;1;0;0;0
89031;Beaumont;27;89;0;0;0;0;0;0;0;0;0;0;0;0;0;0;0;0;0;0;0;1;0;0;0;0;1;0;0;0;1;0;0;0;0;0;0;0;0
89032;Beauvilliers;27;89;0;0;0;0;0;0;0;0;0;0;0;0;0;0;0;0;0;0;0;0;0;0;0;0;1;0;1;0;0;0;0;0;0;0;0;0;0
89033;Beauvoir;27;89;0;0;0;0;0;0;0;0;0;0;0;0;0;0;0;0;0;0;0;0;0;0;0;1;1;0;0;1;0;0;0;0;0;0;0;0;0
89034;Beine;27;89;0;0;0;0;0;0;0;0;0;0;0;0;0;0;0;0;0;0;0;0;0;0;0;0;0;1;0;2;0;0;1;0;0;1;0;0;0
89035;Bellechaume;27;89;0;0;0;0;0;0;0;0;0;0;0;0;0;0;0;0;0;0;1;0;0;0;0;0;2;0;2;1;1;0;0;0;0;1;0;0;0
89036;La Belliole;27;89;0;0;0;0;0;0;0;0;0;0;0;0;0;0;0;0;0;0;0;0;0;0;0;0;0;0;0;0;0;0;0;0;0;0;0;0;0
89037;Béon;27;89;0;0;0;0;0;0;0;0;0;0;0;0;0;0;0;0;0;0;0;0;1;0;0;0;3;0;1;0;0;0;0;0;0;2;1;0;0
89038;Bernouil;27;89;0;0;0;0;0;0;0;0;0;0;0;0;0;0;0;0;0;0;0;0;0;0;0;0;0;0;0;0;0;0;0;0;0;0;0;0;0
89039;Béru;27;89;0;0;0;0;0;0;0;0;0;0;0;0;0;0;0;0;0;0;0;0;0;0;0;0;0;0;0;0;0;0;0;0;0;0;0;0;0
89040;Bessy-sur-Cure;27;89;0;0;0;0;0;0;0;0;0;0;0;0;0;0;0;0;0;0;0;0;0;0;0;0;1;0;0;0;0;0;0;0;0;0;1;0;0
89041;Beugnon;27;89;0;0;0;0;0;0;0;0;0;0;0;0;0;0;0;0;0;0;0;0;0;0;0;0;1;0;1;2;1;0;1;0;0;0;0;0;0
89042;Bierry-les-Belles-Fontaines;27;89;0;0;0;0;0;0;0;0;0;0;0;0;0;0;0;0;0;0;0;0;0;0;0;0;0;0;0;0;0;0;1;0;0;0;0;0;0
89043;Blacy;27;89;0;0;0;0;0;0;0;0;0;0;0;0;0;0;0;0;0;0;0;0;0;0;0;0;0;0;0;0;0;0;0;0;0;0;0;0;0
89044;Blannay;27;89;0;0;0;0;0;0;0;0;0;0;0;0;0;0;0;0;0;0;0;0;0;0;0;0;1;0;0;0;0;0;0;0;0;1;0;0;0
89045;Bleigny-le-Carreau;27;89;0;0;0;0;0;0;0;0;0;0;0;0;0;0;0;0;0;0;0;0;0;0;0;0;1;2;0;1;0;0;0;0;0;0;0;0;1
89046;Bléneau;27;89;0;0;0;0;0;0;0;0;0;0;0;0;1;0;0;2;2;1;0;0;1;1;0;1;1;1;2;0;1;1;5;3;0;4;4;0;1
89048;Boeurs-en-Othe;27;89;0;0;0;0;0;0;0;0;0;0;0;0;0;0;0;0;0;0;0;0;0;0;0;0;0;1;0;0;0;1;0;0;0;0;0;0;0
89049;Bois-d'Arcy;27;89;0;0;0;0;0;0;0;0;0;0;0;0;0;0;0;0;0;0;0;0;0;0;0;0;0;0;0;0;0;0;0;0;0;0;0;0;0
89050;Bonnard;27;89;0;0;0;0;0;0;0;0;0;0;0;0;0;0;0;0;0;0;0;0;0;0;0;0;0;0;2;0;1;0;1;0;0;0;0;0;0
89051;Les Bordes;27;89;0;0;0;0;0;0;0;0;0;0;0;0;0;0;0;0;0;0;0;1;0;0;0;0;3;2;1;1;1;0;1;0;0;0;0;0;0
89053;Branches;27;89;0;0;0;0;0;0;0;0;0;0;0;0;0;0;0;0;0;0;0;0;0;0;0;1;3;1;1;1;0;0;0;0;0;1;0;0;0
89054;Brannay;27;89;0;0;0;0;0;0;0;0;0;0;0;0;0;0;0;0;0;0;1;0;0;0;0;0;1;1;0;3;0;0;0;0;0;1;0;0;0
89055;Brienon-sur-Armançon;27;89;0;0;0;0;0;0;0;0;0;0;0;0;1;0;0;3;1;1;0;0;7;0;0;1;3;3;1;4;2;2;4;1;0;4;1;1;1
89056;Brion;27;89;0;0;0;0;0;0;0;0;0;0;0;0;0;0;0;0;0;0;0;0;1;0;0;0;2;0;1;1;2;1;0;0;0;0;0;0;0
89057;Brosses;27;89;0;0;0;0;0;0;0;0;0;0;0;0;0;0;0;0;0;0;0;0;0;0;0;0;1;0;1;1;2;0;0;0;0;0;0;0;0
89058;Bussières;27;89;0;0;0;0;0;0;0;0;0;0;0;0;0;0;0;0;0;0;0;0;0;0;0;0;0;0;0;1;0;0;0;0;0;0;0;0;0
89059;Bussy-en-Othe;27;89;0;0;0;0;0;0;0;0;0;0;0;0;0;0;0;0;0;0;0;1;1;0;0;0;1;2;3;0;2;0;1;0;0;1;0;0;0
89060;Bussy-le-Repos;27;89;0;0;0;0;0;0;0;0;0;0;0;0;0;0;0;0;0;0;0;0;1;0;0;0;0;0;2;1;0;0;0;0;0;0;0;0;0
89061;Butteaux;27;89;0;0;0;0;0;0;0;0;0;0;0;0;0;0;0;0;0;0;0;0;1;0;0;0;1;1;1;0;1;1;0;0;0;0;0;0;0
89062;Carisey;27;89;0;0;0;0;0;0;0;0;0;0;0;0;0;0;0;0;0;0;1;0;0;0;0;0;1;1;0;0;1;0;0;0;0;1;0;0;0
89063;La Celle-Saint-Cyr;27;89;0;0;0;0;0;0;0;0;0;0;0;0;0;0;0;0;0;0;0;1;1;0;0;0;3;1;1;1;3;0;2;0;0;0;0;0;1
89064;Censy;27;89;0;0;0;0;0;0;0;0;0;0;0;0;0;0;0;0;0;0;0;0;0;0;0;0;0;0;0;0;0;0;0;0;0;1;0;0;0
89065;Cérilly;27;89;0;0;0;0;0;0;0;0;0;0;0;0;0;0;0;0;0;0;0;0;0;0;0;0;0;0;0;0;0;0;0;0;0;0;0;0;0
89066;Cerisiers;27;89;0;1;0;0;0;0;0;0;0;0;0;0;0;0;0;0;0;1;0;0;3;0;0;0;3;0;1;2;0;0;1;0;0;1;0;0;1
89067;Cézy;27;89;0;0;0;0;0;0;0;0;0;0;0;0;0;0;0;0;0;0;0;1;0;0;0;0;1;3;2;1;1;0;3;0;0;2;1;0;0
89068;Chablis;27;89;0;1;0;0;0;0;0;0;0;0;1;0;0;0;0;5;2;1;0;0;7;1;0;1;3;3;4;1;4;0;5;3;0;10;2;1;1
89069;Chailley;27;89;0;0;0;0;0;0;0;0;0;0;0;0;0;0;0;0;0;0;0;1;0;0;0;0;1;2;1;0;0;1;2;0;0;1;0;0;1
89071;Chamoux;27;89;0;0;0;0;0;0;0;0;0;0;0;0;0;0;0;0;0;0;0;0;0;0;0;0;0;0;0;0;0;0;0;0;0;0;0;0;0
89072;Champcevrais;27;89;0;0;0;0;0;0;0;0;0;0;0;0;0;0;0;0;0;0;0;0;1;0;0;0;1;0;0;0;0;0;0;0;0;0;0;0;0
89073;Champignelles;27;89;0;0;0;0;0;0;0;0;0;0;0;0;1;0;0;1;0;0;0;1;4;0;0;0;3;0;0;1;2;0;4;0;0;4;1;0;0
89074;Champigny;27;89;0;0;0;0;0;0;0;0;0;0;0;0;0;0;0;0;0;0;0;0;5;1;0;0;5;2;4;5;4;0;1;0;0;4;1;0;1
89075;Champlay;27;89;0;0;0;0;0;0;0;0;0;0;0;0;0;0;0;0;1;0;0;0;1;0;0;0;0;2;0;1;0;0;1;0;0;1;1;0;0
89076;Champlost;27;89;0;0;0;0;0;0;0;0;0;0;0;0;0;0;0;0;0;0;0;1;1;0;0;0;2;0;2;2;0;0;1;0;0;3;0;0;0
89077;Champs-sur-Yonne;27;89;0;0;0;0;0;0;0;0;0;0;0;0;0;0;0;0;0;1;0;0;3;0;0;1;2;0;4;5;3;0;2;1;0;6;0;1;1
89078;Champvallon;27;89;0;0;0;0;0;0;0;0;0;0;0;0;0;0;0;0;0;0;0;0;1;0;0;0;0;1;0;2;0;0;0;0;0;0;0;0;0
89079;Chamvres;27;89;0;0;0;0;0;0;0;0;0;0;0;0;0;0;0;0;0;0;0;0;1;0;0;0;1;0;1;0;0;1;0;0;0;0;1;0;0
89080;La Chapelle-sur-Oreuse;27;89;0;0;0;0;0;0;0;0;0;0;0;0;0;0;0;0;0;0;0;0;2;0;0;0;1;0;1;1;1;0;0;0;0;0;1;0;0
89081;La Chapelle-Vaupelteigne;27;89;0;0;0;0;0;0;0;0;0;0;0;0;0;0;0;0;0;0;0;0;0;0;0;0;1;0;0;0;0;0;0;0;0;0;0;0;0
89083;Charbuy;27;89;0;0;0;0;0;0;0;0;0;0;0;0;0;0;0;0;0;0;0;1;2;0;0;0;0;3;4;3;4;0;1;0;0;0;1;0;3
89084;Charentenay;27;89;0;0;0;0;0;0;0;0;0;0;0;0;0;0;0;0;0;0;0;1;0;0;0;0;1;0;0;1;0;0;0;0;0;0;0;0;0
89085;Charmoy;27;89;0;0;0;0;0;0;0;0;0;0;0;0;0;0;0;0;0;0;0;0;0;0;0;0;1;1;2;2;0;0;0;0;0;0;0;0;1
89086;Charny Orée de Puisaye;27;89;0;1;0;0;0;0;0;0;0;0;1;0;2;0;0;5;2;1;0;4;15;1;0;1;17;7;12;13;8;6;8;1;0;10;4;1;2
89087;Chassignelles;27;89;0;0;0;0;0;0;0;0;0;0;0;0;0;0;0;0;0;0;0;1;1;0;0;0;0;1;0;1;1;0;0;0;0;0;0;0;0
89088;Chassy;27;89;0;0;0;0;0;0;0;0;0;0;0;0;0;0;0;0;0;0;0;0;0;0;0;0;2;1;1;1;0;0;1;0;0;0;0;0;0
89089;Chastellux-sur-Cure;27;89;0;0;0;0;0;0;0;0;0;0;0;0;0;0;0;0;0;0;0;0;0;0;0;0;0;1;0;1;0;0;0;0;0;1;0;0;0
89091;Châtel-Censoir;27;89;0;0;0;0;0;0;0;0;0;0;0;0;1;0;0;1;0;0;0;1;1;0;0;0;0;2;2;0;2;0;2;0;0;3;0;0;0
89092;Châtel-Gérard;27;89;0;0;0;0;0;0;0;0;0;0;0;0;0;0;0;0;0;0;0;1;0;0;0;0;0;0;0;0;1;0;0;0;0;0;0;0;0
89093;Chaumont;27;89;0;0;0;0;0;0;0;0;0;0;0;0;0;0;0;0;0;0;0;0;0;0;0;0;1;1;1;1;2;0;0;0;0;0;0;0;0
89094;Chaumot;27;89;0;0;0;0;0;0;0;0;0;0;0;0;0;0;0;0;0;0;0;0;2;0;0;0;3;1;0;0;3;0;0;0;0;0;1;0;2
89095;Chemilly-sur-Serein;27;89;0;0;0;0;0;0;0;0;0;0;0;0;0;0;0;0;0;0;0;0;0;0;0;0;0;0;1;1;0;0;0;0;0;1;0;0;0
89096;Chemilly-sur-Yonne;27;89;0;0;0;0;0;0;0;0;0;0;0;0;0;0;0;0;0;0;0;1;0;0;1;0;0;0;2;2;1;0;1;0;0;0;1;0;1
89098;Cheney;27;89;0;0;0;0;0;0;0;0;0;0;0;0;0;0;0;0;0;0;0;0;2;0;0;0;0;0;0;0;0;0;0;0;0;0;0;0;0
89099;Cheny;27;89;0;0;0;0;0;0;0;0;0;0;0;0;0;0;0;1;0;1;0;0;5;0;0;0;5;2;3;0;1;1;2;0;0;1;0;0;0
89100;Chéroy;27;89;0;1;0;0;0;0;0;0;0;0;1;0;0;0;0;0;1;1;0;0;2;1;0;1;5;5;3;4;2;0;3;0;0;4;0;0;2
89101;Chéu;27;89;0;0;0;0;0;0;0;0;0;0;0;0;0;0;0;0;0;0;0;0;1;0;0;0;0;0;0;1;0;0;0;0;0;1;0;0;0
89102;Chevannes;27;89;0;0;0;0;0;0;0;0;0;0;0;0;0;0;0;0;0;1;0;0;2;0;0;0;2;1;1;2;3;2;3;0;0;1;2;0;1
89104;Chichée;27;89;0;0;0;0;0;0;0;0;0;0;0;0;0;0;0;0;0;0;0;1;1;0;0;0;0;0;1;0;0;0;0;0;0;1;0;0;0
89105;Chichery;27;89;0;0;0;0;0;0;0;0;0;0;0;0;0;0;0;0;0;0;0;0;0;0;0;0;0;1;1;1;1;0;0;0;0;0;1;0;0
89108;Chitry;27;89;0;0;0;0;0;0;0;0;0;0;0;0;0;0;0;1;0;0;0;0;0;0;0;0;0;0;0;3;1;0;1;0;0;0;0;0;0
89109;Cisery;27;89;0;0;0;0;0;0;0;0;0;0;0;0;0;0;0;0;0;0;0;0;0;0;0;0;0;0;1;0;0;0;0;0;0;0;0;0;0
89111;Les Clérimois;27;89;0;0;0;0;0;0;0;0;0;0;0;0;0;0;0;0;0;0;0;0;0;0;0;0;1;0;0;0;0;0;0;0;0;0;0;0;0
89112;Collan;27;89;0;0;0;0;0;0;0;0;0;0;0;0;0;0;0;0;0;0;0;0;0;0;0;0;0;0;0;1;0;0;0;0;0;1;0;0;0
89113;Collemiers;27;89;0;0;0;0;0;0;0;0;0;0;0;0;0;0;0;0;0;0;0;0;0;0;0;0;1;2;0;0;1;0;0;0;0;0;1;0;1
89115;Compigny;27;89;0;0;0;0;0;0;0;0;0;0;0;0;0;0;0;0;0;0;0;0;0;0;0;0;0;1;0;0;1;0;0;0;0;0;0;0;1
89116;Cornant;27;89;0;0;0;0;0;0;0;0;0;0;0;0;0;0;0;0;0;0;0;0;0;0;0;0;0;0;2;1;0;1;0;0;0;0;0;0;0
89117;Coulangeron;27;89;0;0;0;0;0;0;0;0;0;0;0;0;0;0;0;0;0;0;0;0;0;0;0;0;0;0;1;0;1;0;0;0;0;0;1;0;0
89118;Coulanges-la-Vineuse;27;89;0;1;0;0;0;0;0;0;0;0;0;0;0;0;0;0;0;0;0;1;0;0;0;0;4;1;1;1;1;1;1;0;0;2;1;0;0
89119;Coulanges-sur-Yonne;27;89;0;1;0;0;0;0;0;0;0;0;0;0;0;0;0;0;1;1;0;0;1;0;0;0;2;1;1;0;0;0;1;0;0;3;1;0;0
89120;Coulours;27;89;0;0;0;0;0;0;0;0;0;0;0;0;0;0;0;0;0;0;0;0;0;0;0;0;1;0;1;1;0;0;0;0;0;0;0;0;0
89122;Courgenay;27;89;0;0;0;0;0;0;0;0;0;0;0;0;0;0;0;0;0;0;1;0;1;0;0;0;2;1;0;1;0;0;1;0;0;1;0;0;0
89123;Courgis;27;89;0;0;0;0;0;0;0;0;0;0;0;0;0;0;0;0;0;0;0;0;0;0;0;0;0;0;0;1;0;0;0;0;0;0;0;0;1
89124;Courlon-sur-Yonne;27;89;0;0;0;0;0;0;0;0;0;0;0;0;0;0;0;0;0;0;0;1;2;0;0;0;2;0;3;2;2;3;1;0;0;2;0;0;2
89125;Courson-les-Carrières;27;89;0;1;0;0;0;0;0;0;0;0;0;0;1;0;0;1;0;1;0;0;3;0;0;0;1;3;2;2;1;0;4;1;0;1;1;0;1
89126;Courtoin;27;89;0;0;0;0;0;0;0;0;0;0;0;0;0;0;0;0;0;0;0;0;0;0;0;0;0;0;0;0;0;0;0;0;0;0;0;0;0
89127;Courtois-sur-Yonne;27;89;0;0;0;0;0;0;0;0;0;0;0;0;0;0;0;0;0;0;0;1;1;0;0;0;2;0;1;0;1;1;0;0;0;1;0;0;0
89128;Coutarnoux;27;89;0;0;0;0;0;0;0;0;0;0;0;0;0;0;0;0;0;0;0;0;1;0;0;0;2;0;0;0;0;0;0;0;0;0;0;0;0
89129;Crain;27;89;0;0;0;0;0;0;0;0;0;0;0;0;0;0;0;0;0;0;0;0;2;0;0;0;2;0;0;0;1;0;0;0;0;1;0;0;0
89130;Cravant;27;89;0;0;0;0;0;0;0;0;0;0;0;0;0;0;0;0;0;0;0;1;0;0;0;0;2;1;1;2;0;0;1;0;0;3;2;0;0
89131;Cruzy-le-Châtel;27;89;0;0;0;0;0;0;0;0;0;0;0;0;0;0;0;0;0;0;0;1;1;0;0;0;0;0;0;0;0;0;0;0;0;0;0;0;0
89132;Cry;27;89;0;0;0;0;0;0;0;0;0;0;0;0;0;0;0;0;0;0;0;0;0;0;0;0;0;0;0;1;0;0;0;0;0;1;1;0;0
89133;Cudot;27;89;0;0;0;0;0;0;0;0;0;0;0;0;0;0;0;0;0;0;0;0;2;0;0;0;0;1;1;0;0;0;1;0;0;1;1;0;0
89134;Cussy-les-Forges;27;89;0;0;0;0;0;0;0;0;0;0;0;0;0;0;0;0;1;0;1;0;2;0;0;0;0;0;2;0;0;0;0;2;0;2;0;0;0
89136;Cuy;27;89;0;0;0;0;0;0;0;0;0;0;0;0;0;0;0;0;0;0;0;0;1;0;0;0;0;1;1;4;2;1;1;0;0;0;0;0;0
89137;Dannemoine;27;89;0;0;0;0;0;0;0;0;0;0;0;0;0;0;0;0;0;1;0;0;0;0;0;0;0;0;1;0;1;1;0;0;0;3;0;0;0
89139;Diges;27;89;0;0;0;0;0;0;0;0;0;0;0;0;0;0;0;0;0;0;0;1;2;0;1;0;2;3;2;3;1;0;0;0;0;1;0;0;0
89141;Dissangis;27;89;0;0;0;0;0;0;0;0;0;0;0;0;0;0;0;0;0;0;0;0;0;0;0;0;0;1;0;0;0;0;0;0;0;1;0;0;0
89142;Dixmont;27;89;0;0;0;0;0;0;0;0;0;0;0;0;0;0;0;0;0;0;0;1;0;0;0;0;5;1;2;3;2;0;1;0;0;0;0;0;0
89143;Dollot;27;89;0;0;0;0;0;0;0;0;0;0;0;0;0;0;0;0;0;0;0;0;0;0;0;0;1;1;0;1;0;0;0;0;0;0;0;0;0
89144;Domats;27;89;0;0;0;0;0;0;0;0;0;0;0;0;0;0;0;0;0;0;0;1;0;0;0;0;3;2;0;1;3;0;1;0;0;0;0;0;0
89145;Domecy-sur-Cure;27;89;0;0;0;0;0;0;0;0;0;0;0;0;0;0;0;0;0;0;0;1;0;0;0;0;4;0;1;0;1;0;0;0;0;0;0;0;0
89146;Domecy-sur-le-Vault;27;89;0;0;0;0;0;0;0;0;0;0;0;0;0;0;0;0;0;0;0;0;0;0;0;0;0;0;0;0;0;0;0;0;0;0;0;0;0
89147;Dracy;27;89;0;0;0;0;0;0;0;0;0;0;0;0;0;0;0;0;0;0;0;0;1;0;0;0;0;0;0;1;0;0;0;0;0;0;0;0;0
89148;Druyes-les-Belles-Fontaines;27;89;0;0;0;0;0;0;0;0;0;0;0;0;0;0;0;0;0;0;0;1;0;0;0;0;1;0;0;4;0;0;0;0;0;0;0;0;0
89149;Dyé;27;89;0;0;0;0;0;0;0;0;0;0;0;0;0;0;0;0;0;0;0;0;0;0;0;0;0;0;0;0;0;0;1;0;0;0;0;0;0
89150;Égleny;27;89;0;0;0;0;0;0;0;0;0;0;0;0;0;0;0;0;0;0;1;0;0;0;0;0;2;0;0;0;0;0;1;0;0;1;2;0;0
89151;Égriselles-le-Bocage;27;89;0;0;0;0;0;0;0;0;0;0;0;0;0;0;0;0;0;0;0;1;3;0;0;0;6;3;2;0;2;1;1;1;0;3;1;0;0
89152;Épineau-les-Voves;27;89;0;0;0;0;0;0;0;0;0;0;0;0;0;0;0;0;0;0;0;0;0;0;0;0;1;1;0;2;0;1;1;0;0;2;0;0;0
89153;Épineuil;27;89;0;0;0;0;0;0;0;0;0;0;0;0;0;0;0;0;0;0;0;0;2;0;0;0;0;0;1;1;1;0;0;0;0;0;0;0;0
89154;Escamps;27;89;0;0;0;0;0;0;0;0;0;0;0;0;0;0;0;0;0;0;0;0;0;0;0;0;1;0;2;1;1;1;0;0;0;0;1;0;0
89155;Escolives-Sainte-Camille;27;89;0;0;0;0;0;0;0;0;0;0;0;0;0;0;0;0;1;0;0;0;0;0;0;0;2;0;0;1;2;0;0;0;0;0;0;0;0
89156;Esnon;27;89;0;0;0;0;0;0;0;0;0;0;0;0;0;0;0;0;0;0;0;0;0;0;0;0;1;0;0;1;1;0;0;1;0;1;0;0;0
89158;Étais-la-Sauvin;27;89;0;0;0;0;0;0;0;0;0;0;0;0;0;0;0;1;0;0;0;1;0;0;0;0;6;1;2;1;0;0;1;0;0;1;0;0;0
89159;Étaule;27;89;0;0;0;0;0;0;0;0;0;0;0;0;0;0;0;0;0;0;0;0;2;0;0;0;2;4;2;0;1;0;0;0;0;0;0;0;0
89160;Étigny;27;89;0;0;0;0;0;0;0;0;0;0;0;0;0;0;0;0;0;0;0;0;1;0;0;0;0;0;2;0;0;0;0;0;0;0;0;0;1
89161;Étivey;27;89;0;0;0;0;0;0;0;0;0;0;0;0;0;0;0;0;0;0;0;1;0;0;0;0;1;0;0;0;1;0;0;0;0;0;0;0;0
89162;Évry;27;89;0;0;0;0;0;0;0;0;0;0;0;0;0;0;0;0;0;0;0;0;0;0;0;0;1;0;2;1;1;0;0;0;0;0;0;0;0
89163;La Ferté-Loupière;27;89;0;0;0;0;0;0;0;0;0;0;0;0;0;0;0;1;0;0;1;0;2;0;0;0;3;0;2;0;2;2;1;0;0;1;1;0;0
89164;Festigny;27;89;0;0;0;0;0;0;0;0;0;0;0;0;0;0;0;0;0;0;0;0;0;0;0;0;0;0;0;0;0;0;0;0;0;0;0;0;0
89165;Flacy;27;89;0;0;0;0;0;0;0;0;0;0;0;0;0;0;0;0;0;0;0;0;0;0;0;0;0;0;0;0;0;0;0;0;0;0;0;0;0
89167;Fleury-la-Vallée;27;89;0;0;0;0;0;0;0;0;0;0;0;0;0;0;0;0;0;0;1;0;1;0;0;0;2;1;1;2;2;0;2;0;0;1;1;0;1
89168;Fleys;27;89;0;0;0;0;0;0;0;0;0;0;0;0;0;0;0;0;0;0;0;0;0;0;0;0;0;0;1;0;0;0;0;0;0;0;0;0;0
89169;Flogny-la-Chapelle;27;89;0;1;0;0;0;0;0;0;0;0;0;0;0;0;0;1;0;1;0;0;0;0;0;0;2;0;0;3;1;1;2;0;0;1;1;0;1
89170;Foissy-lès-Vézelay;27;89;0;0;0;0;0;0;0;0;0;0;0;0;0;0;0;0;0;0;0;0;0;0;0;0;1;1;1;1;0;0;0;0;0;0;0;0;0
89171;Foissy-sur-Vanne;27;89;0;0;0;0;0;0;0;0;0;0;0;0;0;0;0;0;0;0;0;0;0;0;0;0;1;0;0;2;0;0;0;0;0;0;0;0;0
89172;Fontaine-la-Gaillarde;27;89;0;0;0;0;0;0;0;0;0;0;0;0;0;0;0;0;0;0;0;0;0;0;0;0;0;0;0;0;1;1;0;0;0;0;1;0;0
89173;Fontaines;27;89;0;0;0;0;0;0;0;0;0;0;0;0;0;0;0;0;0;0;0;0;2;0;0;0;1;0;0;1;1;1;0;0;0;0;0;0;0
89174;Fontenailles;27;89;0;0;0;0;0;0;0;0;0;0;0;0;0;0;0;0;0;0;0;0;0;0;0;0;0;0;0;0;0;0;0;0;0;0;1;0;0
89175;Fontenay-près-Chablis;27;89;0;0;0;0;0;0;0;0;0;0;0;0;0;0;0;0;0;0;0;0;0;0;0;0;0;0;0;0;0;0;0;0;0;0;0;0;0
89176;Fontenay-près-Vézelay;27;89;0;0;0;0;0;0;0;0;0;0;0;0;0;0;0;0;0;0;0;0;0;0;0;0;2;1;1;1;0;0;0;0;0;0;0;0;0
89177;Fontenay-sous-Fouronnes;27;89;0;0;0;0;0;0;0;0;0;0;0;0;0;0;0;0;0;0;0;0;0;0;0;0;0;0;0;0;0;0;0;0;0;0;0;0;0
89179;Fontenoy;27;89;0;0;0;0;0;0;0;0;0;0;0;0;0;0;0;0;0;0;0;1;0;0;0;0;0;0;0;0;1;0;0;0;0;0;1;0;0
89180;Fouchères;27;89;0;0;0;0;0;0;0;0;0;0;0;0;0;0;0;0;0;0;0;0;0;0;0;0;0;0;1;0;1;2;0;0;0;0;0;0;1
89181;Fournaudin;27;89;0;0;0;0;0;0;0;0;0;0;0;0;0;0;0;0;0;0;0;0;0;0;0;0;0;1;0;0;0;0;0;0;0;0;0;0;0
89182;Fouronnes;27;89;0;0;0;0;0;0;0;0;0;0;0;0;0;0;0;0;0;0;0;0;0;0;0;0;2;0;1;0;0;0;0;0;0;0;0;0;0
89183;Fresnes;27;89;0;0;0;0;0;0;0;0;0;0;0;0;0;0;0;0;0;0;0;0;0;0;0;0;0;0;0;0;0;0;0;0;0;0;0;0;0
89184;Fulvy;27;89;0;0;0;0;0;0;0;0;0;0;0;0;0;0;0;0;0;0;0;0;0;0;0;0;0;0;0;0;0;0;0;0;0;0;0;0;0
89186;Germigny;27;89;0;0;0;0;0;0;0;0;0;0;0;0;0;0;0;0;0;0;0;0;0;0;0;0;7;0;1;1;2;0;0;0;0;1;0;0;1
89187;Gigny;27;89;0;0;0;0;0;0;0;0;0;0;0;0;0;0;0;0;0;0;0;0;0;0;0;0;0;1;0;0;1;0;0;0;0;0;0;0;0
89188;Girolles;27;89;0;0;0;0;0;0;0;0;0;0;0;0;0;0;0;0;0;0;0;0;0;0;0;0;0;0;0;0;0;0;0;0;0;0;0;0;0
89189;Gisy-les-Nobles;27;89;0;0;0;0;0;0;0;0;0;0;0;0;0;0;0;0;0;0;0;0;3;0;0;1;4;4;0;2;0;0;0;0;0;1;0;0;1
89190;Givry;27;89;0;0;0;0;0;0;0;0;0;0;0;0;0;0;0;0;0;0;0;0;0;0;0;1;0;0;0;0;0;0;0;0;0;0;0;0;0
89191;Gland;27;89;0;0;0;0;0;0;0;0;0;0;0;0;0;0;0;0;0;0;0;0;0;0;0;0;0;0;0;0;0;1;0;0;0;0;0;0;0
89194;Grimault;27;89;0;0;0;0;0;0;0;0;0;0;0;0;0;0;0;0;0;0;0;0;0;0;0;0;1;0;0;0;1;0;0;0;0;0;1;0;0
89195;Gron;27;89;0;0;0;0;0;0;0;0;0;0;0;0;0;0;0;0;0;0;1;0;3;0;0;1;0;2;4;1;0;1;2;0;0;3;0;0;1
89196;Valravillon;27;89;0;0;0;0;0;0;0;0;0;0;0;0;0;0;0;0;0;0;0;2;4;0;0;0;5;1;5;3;4;0;3;0;0;0;0;0;0
89197;Guillon;27;89;0;1;0;0;0;0;0;0;0;0;0;0;0;0;0;1;0;1;0;0;1;0;0;0;1;2;0;1;0;1;1;1;0;0;0;0;0
89198;Gurgy;27;89;0;0;0;0;0;0;0;0;0;0;0;0;0;0;0;1;0;0;0;1;5;0;0;0;3;2;4;4;5;0;1;0;0;5;4;1;1
89199;Gy-l'Évêque;27;89;0;0;0;0;0;0;0;0;0;0;0;0;0;0;0;0;0;0;0;1;0;0;0;0;1;1;2;1;1;0;0;0;0;0;0;0;0
89200;Hauterive;27;89;0;0;0;0;0;0;0;0;0;0;0;0;0;0;0;0;0;0;0;0;0;0;0;0;1;0;1;2;1;0;0;0;0;1;1;0;2
89201;Héry;27;89;0;0;0;0;0;0;0;0;0;0;0;0;0;0;0;0;0;1;0;0;1;0;0;0;4;2;4;5;6;1;2;0;0;1;0;0;2
89202;Irancy;27;89;0;0;0;0;0;0;0;0;0;0;0;0;0;0;0;0;0;0;0;1;0;0;0;0;0;0;1;0;0;0;0;0;0;1;0;0;1
89203;Island;27;89;0;0;0;0;0;0;0;0;0;0;0;0;0;0;0;0;0;0;0;0;0;0;0;0;2;1;1;1;0;0;0;0;0;0;0;0;0
89204;L'Isle-sur-Serein;27;89;0;1;0;0;0;0;0;0;0;0;1;0;0;0;0;2;0;1;0;0;2;0;0;0;2;2;2;1;1;0;4;0;0;1;0;0;0
89205;Jaulges;27;89;0;0;0;0;0;0;0;0;0;0;0;0;0;0;0;0;0;0;0;0;0;0;0;0;1;0;0;2;2;0;0;0;0;0;0;0;0
89206;Joigny;27;89;1;1;0;0;0;0;0;0;0;0;4;1;2;0;0;10;6;1;0;1;16;2;2;3;18;9;8;7;10;6;13;2;3;38;10;2;4
89207;Jouancy;27;89;0;0;0;0;0;0;0;0;0;0;0;0;0;0;0;0;0;0;0;0;0;0;0;0;0;1;0;0;0;0;0;0;0;0;0;0;0
89208;Joux-la-Ville;27;89;0;0;0;0;0;0;0;0;0;0;0;0;0;0;0;0;0;0;1;0;2;0;0;0;3;0;1;2;1;0;0;0;0;0;0;0;0
89209;Jouy;27;89;0;0;0;0;0;0;0;0;0;0;0;0;0;0;0;0;0;0;0;1;1;0;0;0;2;0;0;3;0;0;1;0;1;0;0;0;0
89210;Jully;27;89;0;0;0;0;0;0;0;0;0;0;0;0;0;0;0;0;0;0;0;0;0;0;0;0;0;0;1;0;0;0;0;0;0;0;0;0;0
89211;Junay;27;89;0;0;0;0;0;0;0;0;0;0;0;0;0;0;0;0;0;0;0;0;0;0;0;0;0;0;0;0;0;0;0;0;0;0;0;0;0
89212;Jussy;27;89;0;0;0;0;0;0;0;0;0;0;0;0;0;0;0;0;0;0;0;0;0;0;0;0;1;1;0;2;0;0;0;0;0;0;0;0;0
89214;Lailly;27;89;0;0;0;0;0;0;0;0;0;0;0;0;0;0;0;0;0;0;0;0;0;0;0;0;0;0;1;0;0;0;0;0;0;0;0;0;0
89215;Lain;27;89;0;0;0;0;0;0;0;0;0;0;0;0;0;0;0;0;0;0;1;0;0;0;0;0;0;0;1;0;0;0;0;0;0;0;0;0;0
89216;Lainsecq;27;89;0;0;0;0;0;0;0;0;0;0;0;0;0;0;0;0;0;0;0;1;1;0;0;0;1;0;0;0;0;1;0;0;0;0;0;0;0
89217;Lalande;27;89;0;0;0;0;0;0;0;0;0;0;0;0;0;0;0;0;0;0;0;0;0;0;0;0;1;1;0;1;0;0;0;0;0;0;0;0;0
89218;Laroche-Saint-Cydroine;27;89;0;0;0;0;0;0;0;0;0;0;0;0;0;0;0;0;0;0;0;1;3;0;0;0;2;1;1;1;0;0;1;0;0;2;0;0;1
89219;Lasson;27;89;0;0;0;0;0;0;0;0;0;0;0;0;0;0;0;0;0;0;0;0;0;0;0;0;2;0;0;0;1;0;0;0;0;0;0;0;0
89220;Lavau;27;89;0;0;0;0;0;0;0;0;0;0;0;0;0;0;0;0;0;0;1;0;0;0;0;0;1;1;0;1;0;0;0;0;0;0;0;0;0
89221;Leugny;27;89;0;0;0;0;0;0;0;0;0;0;0;0;0;0;0;0;0;0;1;0;3;0;0;0;1;0;0;0;1;0;1;0;0;0;0;0;0
89222;Levis;27;89;0;0;0;0;0;0;0;0;0;0;0;0;0;0;0;0;0;0;0;0;0;0;0;0;0;0;3;1;0;1;0;0;0;0;3;0;0
89223;Lézinnes;27;89;0;0;0;0;0;0;0;0;0;0;0;0;0;0;0;0;0;0;0;1;1;0;0;0;2;2;1;2;1;0;2;0;0;0;0;0;0
89224;Lichères-près-Aigremont;27;89;0;0;0;0;0;0;0;0;0;0;0;0;0;0;0;0;0;0;0;0;0;0;0;0;0;2;0;2;0;0;0;0;0;0;0;0;0
89225;Lichères-sur-Yonne;27;89;0;0;0;0;0;0;0;0;0;0;0;0;0;0;0;0;0;0;0;0;0;0;0;0;0;0;0;0;0;0;0;0;0;0;0;0;0
89226;Lignorelles;27;89;0;0;0;0;0;0;0;0;0;0;0;0;0;0;0;0;0;0;0;0;0;0;0;0;0;0;0;0;0;1;0;0;0;0;0;0;0
89227;Ligny-le-Châtel;27;89;0;1;0;0;0;0;0;0;0;0;0;0;0;0;0;0;0;1;0;0;4;0;0;0;2;0;0;2;4;1;1;0;0;2;0;0;0
89228;Lindry;27;89;0;0;0;0;0;0;0;0;0;0;0;0;0;0;0;0;0;0;0;1;3;0;0;1;1;3;1;3;0;0;2;0;0;3;1;0;0
89229;Lixy;27;89;0;0;0;0;0;0;0;0;0;0;0;0;0;0;0;0;0;0;0;0;0;0;0;0;0;0;0;2;0;0;0;0;0;0;0;0;0
89230;Looze;27;89;0;0;0;0;0;0;0;0;0;0;0;0;0;0;0;0;0;0;0;0;0;0;0;0;0;1;1;0;2;0;1;0;0;0;0;0;0
89232;Lucy-le-Bois;27;89;0;0;0;0;0;0;0;0;0;0;0;0;0;0;0;0;0;0;1;0;0;0;0;0;0;0;2;0;0;1;0;0;0;0;0;0;0
89233;Lucy-sur-Cure;27;89;0;0;0;0;0;0;0;0;0;0;0;0;0;0;0;0;0;0;0;0;0;0;0;0;0;0;1;0;1;0;0;0;0;0;0;0;0
89234;Lucy-sur-Yonne;27;89;0;0;0;0;0;0;0;0;0;0;0;0;0;0;0;0;0;0;0;0;0;0;0;0;0;2;2;1;0;0;0;0;0;2;1;0;0
89235;Magny;27;89;0;0;0;0;0;0;0;0;0;0;0;0;0;0;0;0;0;0;1;0;0;0;0;0;0;0;2;2;1;0;0;0;0;1;0;0;0
89236;Maillot;27;89;0;0;0;0;0;0;0;0;0;0;0;0;0;0;0;0;0;0;0;0;4;1;0;0;0;2;5;3;3;1;2;0;0;2;2;0;1
89237;Mailly-la-Ville;27;89;0;0;0;0;0;0;0;0;0;0;0;0;0;0;0;0;0;0;0;1;0;0;0;0;2;0;2;3;2;1;1;0;0;1;0;0;0
89238;Mailly-le-Château;27;89;0;0;0;0;0;0;0;0;0;0;0;0;0;0;0;1;0;0;0;1;0;0;0;0;1;0;1;1;1;0;0;0;0;0;0;0;0
89239;Malay-le-Grand;27;89;0;0;0;0;0;0;0;0;0;0;0;0;0;0;0;0;0;0;0;1;4;0;0;1;3;2;3;1;3;1;1;0;0;0;0;0;0
89240;Malay-le-Petit;27;89;0;0;0;0;0;0;0;0;0;0;0;0;0;0;0;0;0;0;0;0;0;0;0;0;1;0;0;1;1;0;0;0;0;0;0;0;0
89242;Maligny;27;89;0;0;0;0;0;0;0;0;0;0;0;0;0;0;0;0;0;0;1;0;3;0;0;0;0;0;0;1;0;0;1;0;0;0;0;0;1
89244;Marmeaux;27;89;0;0;0;0;0;0;0;0;0;0;0;0;0;0;0;0;0;0;0;0;0;0;0;0;0;0;0;0;0;0;0;0;0;0;0;0;0
89245;Marsangy;27;89;0;0;0;0;0;0;0;0;0;0;0;0;0;0;0;0;0;0;0;0;1;0;0;0;3;1;2;0;1;1;0;0;0;0;1;0;0
89246;Massangis;27;89;0;0;0;0;0;0;0;0;0;0;0;0;0;0;0;0;0;0;0;1;1;0;0;0;1;0;0;0;2;0;1;0;0;2;1;0;0
89247;Mélisey;27;89;0;0;0;0;0;0;0;0;0;0;0;0;0;0;0;0;0;0;0;0;0;0;0;0;1;1;0;0;1;1;0;0;0;0;0;0;0
89248;Menades;27;89;0;0;0;0;0;0;0;0;0;0;0;0;0;0;0;0;0;0;0;0;0;0;0;0;0;1;0;0;0;0;1;0;0;0;0;0;0
89249;Mercy;27;89;0;0;0;0;0;0;0;0;0;0;0;0;0;0;0;0;0;0;0;0;0;0;0;0;0;0;0;0;0;0;0;0;0;0;0;0;0
89250;Méré;27;89;0;0;0;0;0;0;0;0;0;0;0;0;0;0;0;0;0;0;0;0;0;0;0;0;0;0;1;0;0;0;0;0;0;2;0;0;0
89251;Merry-la-Vallée;27;89;0;0;0;0;0;0;0;0;0;0;0;0;0;0;0;0;0;0;0;0;0;0;0;0;1;1;0;0;0;0;0;0;0;0;0;0;0
89252;Merry-Sec;27;89;0;0;0;0;0;0;0;0;0;0;0;0;0;0;0;0;0;0;0;0;0;0;0;0;0;0;0;0;0;0;0;0;0;0;0;0;0
89253;Merry-sur-Yonne;27;89;0;0;0;0;0;0;0;0;0;0;0;0;0;0;0;0;0;0;0;0;0;0;0;0;0;0;1;0;0;1;0;0;0;1;0;0;0
89254;Mézilles;27;89;0;0;0;0;0;0;0;0;0;0;0;0;0;0;0;1;0;0;0;1;2;0;0;0;3;1;1;0;1;0;1;0;0;2;2;0;0
89255;Michery;27;89;0;0;0;0;0;0;0;0;0;0;0;0;0;0;0;0;0;0;0;1;0;0;0;0;2;0;1;1;2;1;3;0;0;2;1;0;0
89256;Migé;27;89;0;0;0;0;0;0;0;0;0;0;0;0;0;0;0;0;0;0;0;1;0;0;0;0;0;0;0;0;0;0;0;0;0;1;0;0;0
89257;Migennes;27;89;0;1;0;0;0;0;0;0;0;0;1;0;2;0;0;9;2;1;0;0;13;3;0;2;7;5;10;3;4;3;15;4;3;18;4;2;6
89259;Môlay;27;89;0;0;0;0;0;0;0;0;0;0;0;0;0;0;0;0;0;0;0;0;0;0;0;0;0;0;0;0;0;0;0;0;0;0;0;0;0
89260;Molesmes;27;89;0;0;0;0;0;0;0;0;0;0;0;0;0;0;0;0;0;0;0;0;0;0;0;0;1;1;0;0;0;0;0;0;0;0;0;0;0
89261;Molinons;27;89;0;1;0;0;0;0;0;0;0;0;0;0;0;0;0;0;0;0;0;0;1;0;0;0;0;0;0;0;0;0;0;0;0;0;0;0;0
89262;Molosmes;27;89;0;0;0;0;0;0;0;0;0;0;0;0;0;0;0;0;0;0;0;0;1;0;0;0;0;0;0;0;0;0;1;0;0;0;0;0;0
89263;Monéteau;27;89;0;0;0;0;0;0;0;0;0;0;0;0;0;0;0;3;1;1;0;0;9;0;0;2;4;7;4;7;4;2;7;0;2;8;6;1;2
89264;Montacher-Villegardin;27;89;0;0;0;0;0;0;0;0;0;0;0;0;0;0;0;0;0;0;1;0;1;0;0;0;0;1;3;1;0;0;1;0;0;1;2;0;1
89265;Montigny-la-Resle;27;89;0;0;0;0;0;0;0;0;0;0;0;0;0;0;0;0;0;0;0;1;0;0;0;0;3;1;2;2;1;1;1;0;0;0;2;0;0
89266;Montillot;27;89;0;0;0;0;0;0;0;0;0;0;0;0;0;0;0;0;0;0;0;1;0;0;0;0;1;0;2;0;0;0;0;0;0;1;0;0;0
89267;Montréal;27;89;0;0;0;0;0;0;0;0;0;0;0;0;0;0;0;0;0;0;0;1;1;0;0;0;1;0;0;0;0;0;0;0;0;0;0;0;0
89268;Mont-Saint-Sulpice;27;89;0;0;0;0;0;0;0;0;0;0;0;0;0;0;0;0;0;0;0;1;0;0;0;0;3;2;3;3;2;0;2;0;0;0;0;0;1
89270;Mouffy;27;89;0;0;0;0;0;0;0;0;0;0;0;0;0;0;0;0;0;0;0;0;0;0;0;0;0;0;0;0;0;0;0;0;0;0;0;0;0
89271;Moulins-en-Tonnerrois;27;89;0;0;0;0;0;0;0;0;0;0;0;0;0;0;0;0;0;0;0;0;1;0;0;0;0;0;0;0;0;0;0;0;0;0;0;0;0
89272;Moulins-sur-Ouanne;27;89;0;0;0;0;0;0;0;0;0;0;0;0;0;0;0;0;0;0;0;0;1;0;0;0;2;1;0;1;1;0;0;0;0;0;0;0;0
89273;Moutiers-en-Puisaye;27;89;0;0;0;0;0;0;0;0;0;0;0;0;0;0;0;0;0;0;0;0;0;0;0;0;2;0;0;1;0;0;0;0;0;0;0;0;0
89274;Nailly;27;89;0;0;0;0;0;0;0;0;0;0;0;0;0;0;0;0;0;0;0;0;2;0;0;1;3;3;1;2;2;0;1;0;0;1;1;0;2
89276;Neuvy-Sautour;27;89;0;0;0;0;0;0;0;0;0;0;0;0;0;0;0;1;0;0;0;1;1;0;0;0;2;1;1;6;1;1;1;1;0;0;0;0;0
89277;Nitry;27;89;0;0;0;0;0;0;0;0;0;0;0;0;0;0;0;0;0;0;1;0;1;0;0;0;1;1;0;0;0;0;0;0;0;2;0;0;0
89278;Noé;27;89;0;0;0;0;0;0;0;0;0;0;0;0;0;0;0;0;0;0;0;0;0;0;0;0;1;0;1;1;0;0;0;0;0;0;0;0;0
89279;Noyers;27;89;0;1;0;0;0;0;0;0;0;0;0;0;0;0;0;2;0;1;0;0;2;1;0;0;0;1;1;3;1;1;1;0;0;4;1;0;0
89280;Nuits;27;89;0;0;0;0;0;0;0;0;0;0;0;0;0;0;0;0;0;0;0;1;1;0;0;0;0;0;0;1;1;1;1;0;0;1;0;0;0
89281;Les Ormes;27;89;0;0;0;0;0;0;0;0;0;0;0;0;0;0;0;0;0;0;0;0;0;0;0;0;0;0;1;0;0;0;0;0;0;0;0;0;0
89282;Ormoy;27;89;0;0;0;0;0;0;0;0;0;0;0;0;0;0;0;0;0;0;0;1;1;0;0;0;4;2;0;1;1;0;0;0;0;0;0;0;1
89283;Ouanne;27;89;0;0;0;0;0;0;0;0;0;0;0;0;0;0;0;0;0;0;0;1;2;0;0;0;0;1;2;3;2;1;0;0;0;0;1;0;0
89284;Pacy-sur-Armançon;27;89;0;0;0;0;0;0;0;0;0;0;0;0;0;0;0;0;0;0;0;0;0;0;0;0;0;1;0;0;0;0;1;0;0;1;0;0;1
89285;Pailly;27;89;0;0;0;0;0;0;0;0;0;0;0;0;0;0;0;0;0;0;0;0;0;0;0;0;2;1;0;1;0;0;0;0;0;0;1;0;0
89286;Parly;27;89;0;0;0;0;0;0;0;0;0;0;0;0;0;0;0;0;0;0;1;0;1;0;0;0;3;0;1;3;2;0;0;0;0;1;1;0;0
89287;Paron;27;89;0;0;0;0;0;0;0;0;0;0;0;0;0;0;0;2;0;0;0;1;4;1;0;1;6;1;0;4;5;1;2;0;0;3;0;0;1
89288;Paroy-en-Othe;27;89;0;0;0;0;0;0;0;0;0;0;0;0;0;0;0;0;0;0;0;0;0;0;0;0;1;0;0;1;0;0;0;0;0;0;0;0;0
89289;Paroy-sur-Tholon;27;89;0;0;0;0;0;0;0;0;0;0;0;0;0;0;0;0;0;0;0;0;1;0;0;0;1;0;0;1;0;0;0;0;0;1;0;0;0
89290;Pasilly;27;89;0;0;0;0;0;0;0;0;0;0;0;0;0;0;0;0;0;0;0;0;0;0;0;0;0;1;0;0;0;0;0;0;0;0;0;0;0
89291;Passy;27;89;0;0;0;0;0;0;0;0;0;0;0;0;0;0;0;0;0;0;0;0;0;0;0;0;1;0;0;0;0;0;1;0;0;0;0;0;0
89292;Percey;27;89;0;0;0;0;0;0;0;0;0;0;0;0;0;0;0;0;0;0;0;0;1;1;0;0;1;0;1;0;0;0;0;0;0;1;0;0;0
89295;Perrigny;27;89;0;0;0;0;0;0;0;0;0;0;0;0;0;0;0;0;0;0;0;0;2;0;0;0;4;2;0;5;0;1;2;1;0;2;2;0;2
89296;Perrigny-sur-Armançon;27;89;0;0;0;0;0;0;0;0;0;0;0;0;0;0;0;0;0;0;0;0;0;0;0;0;1;0;1;0;0;0;0;0;0;0;0;0;0
89297;Pierre-Perthuis;27;89;0;0;0;0;0;0;0;0;0;0;0;0;0;0;0;0;0;0;0;0;0;0;0;0;0;1;0;0;0;0;0;0;0;0;1;0;0
89298;Piffonds;27;89;0;0;0;0;0;0;0;0;0;0;0;0;0;0;0;0;0;0;1;0;3;0;0;0;1;0;0;2;0;0;0;0;0;1;0;0;0
89299;Pimelles;27;89;0;0;0;0;0;0;0;0;0;0;0;0;0;0;0;0;0;0;0;0;0;0;0;0;0;0;1;0;0;0;0;0;0;0;0;0;0
89300;Pisy;27;89;0;0;0;0;0;0;0;0;0;0;0;0;0;0;0;0;0;0;0;0;0;0;0;0;0;0;0;0;0;0;0;0;0;0;0;0;0
89302;Plessis-Saint-Jean;27;89;0;0;0;0;0;0;0;0;0;0;0;0;0;0;0;0;0;0;0;0;0;0;0;0;0;1;0;0;0;0;0;0;0;0;0;0;0
89303;Poilly-sur-Serein;27;89;0;0;0;0;0;0;0;0;0;0;0;0;0;0;0;1;0;0;1;0;0;0;0;0;2;1;0;0;0;0;0;0;0;0;0;0;0
89304;Poilly-sur-Tholon;27;89;0;0;0;0;0;0;0;0;0;0;0;0;0;0;0;0;0;0;0;0;2;0;0;0;2;2;3;3;1;0;2;0;0;0;0;1;0
89306;Pontaubert;27;89;0;0;0;0;0;0;0;0;0;0;0;0;0;0;0;0;0;0;0;0;0;0;0;0;0;1;2;0;0;0;0;0;0;0;0;0;0
89307;Pontigny;27;89;0;0;0;0;0;0;0;0;0;0;0;0;0;0;0;0;0;0;1;0;2;0;0;0;2;1;1;2;2;0;1;0;0;2;0;0;0
89308;Pont-sur-Vanne;27;89;0;0;0;0;0;0;0;0;0;0;0;0;0;0;0;0;0;0;0;0;0;0;0;0;0;0;0;0;0;0;0;0;0;0;0;0;0
89309;Pont-sur-Yonne;27;89;0;1;0;0;0;0;0;0;0;0;1;0;0;0;0;5;0;1;0;0;4;1;0;3;5;4;7;5;1;6;5;1;0;12;4;1;5
89310;La Postolle;27;89;0;0;0;0;0;0;0;0;0;0;0;0;0;0;0;0;0;0;0;0;0;0;0;0;1;0;0;0;0;0;0;0;0;0;0;0;0
89311;Pourrain;27;89;0;0;0;0;0;0;0;0;0;0;0;0;0;0;0;1;0;1;0;0;6;0;0;0;5;4;6;2;0;0;2;0;0;3;1;0;1
89312;Précy-le-Sec;27;89;0;0;0;0;0;0;0;0;0;0;0;0;0;0;0;0;0;0;0;0;0;0;0;0;0;0;0;0;0;0;0;0;0;0;1;0;0
89313;Précy-sur-Vrin;27;89;0;0;0;0;0;0;0;0;0;0;0;0;0;0;0;0;0;0;0;0;2;0;0;0;2;0;2;1;0;0;0;0;0;0;1;0;1
89314;Prégilbert;27;89;0;0;0;0;0;0;0;0;0;0;0;0;0;0;0;0;0;0;0;0;0;0;0;0;2;1;0;1;0;0;0;0;0;1;0;0;0
89315;Préhy;27;89;0;0;0;0;0;0;0;0;0;0;0;0;0;0;0;0;0;0;0;0;0;0;0;0;0;1;0;0;0;0;0;0;0;0;0;0;0
89316;Provency;27;89;0;0;0;0;0;0;0;0;0;0;0;0;0;0;0;0;0;0;0;0;0;0;0;0;2;1;1;1;1;0;0;0;0;0;0;0;0
89318;Quarré-les-Tombes;27;89;0;1;0;0;0;0;0;0;0;0;0;0;1;0;0;1;0;1;0;0;2;0;0;0;3;1;4;2;2;0;1;0;0;3;0;0;0
89319;Quenne;27;89;0;0;0;0;0;0;0;0;0;0;0;0;0;0;0;0;0;0;0;0;0;0;0;0;0;1;1;0;1;1;0;0;0;0;0;0;0
89320;Quincerot;27;89;0;0;0;0;0;0;0;0;0;0;0;0;0;0;0;0;0;0;0;0;1;0;0;0;0;0;0;0;0;0;0;0;0;0;0;0;0
89321;Ravières;27;89;0;0;0;0;0;0;0;0;0;0;0;0;0;0;0;1;1;0;0;1;1;0;0;0;1;1;0;1;0;0;2;0;0;5;0;0;0
89323;Roffey;27;89;0;0;0;0;0;0;0;0;0;0;0;0;0;0;0;0;0;0;0;0;0;0;0;0;1;0;1;0;1;1;0;0;0;0;0;0;0
89324;Rogny-les-Sept-Écluses;27;89;0;0;0;0;0;0;0;0;0;0;0;0;0;0;0;0;0;0;0;1;0;0;0;0;2;0;1;1;0;0;1;0;0;1;0;0;0
89325;Ronchères;27;89;0;0;0;0;0;0;0;0;0;0;0;0;0;0;0;0;0;0;0;0;0;0;0;0;1;1;0;0;1;1;0;0;0;0;0;0;0
89326;Rosoy;27;89;0;0;0;0;0;0;0;0;0;0;0;0;0;0;0;0;0;0;0;0;2;0;0;0;3;0;0;2;1;1;0;0;0;1;3;0;0
89327;Rousson;27;89;0;0;0;0;0;0;0;0;0;0;0;0;0;0;0;0;0;0;0;0;1;0;0;0;0;1;0;2;0;0;1;0;0;1;0;0;0
89328;Rouvray;27;89;0;0;0;0;0;0;0;0;0;0;0;0;0;0;0;0;0;0;0;0;0;0;0;0;0;2;2;2;1;0;1;0;0;0;1;0;0
89329;Rugny;27;89;0;0;0;0;0;0;0;0;0;0;0;0;0;0;0;0;0;0;0;0;0;0;0;0;1;0;0;0;0;0;1;0;0;0;0;0;0
89331;Sainpuits;27;89;0;0;0;0;0;0;0;0;0;0;0;0;0;0;0;0;0;0;1;0;2;0;0;0;2;0;0;1;1;0;0;0;0;0;0;0;0
89332;Saint-Agnan;27;89;0;0;0;0;0;0;0;0;0;0;0;0;0;0;0;0;0;0;0;0;1;0;0;0;1;0;2;0;1;0;0;0;0;0;0;0;1
89333;Saint-André-en-Terre-Plaine;27;89;0;0;0;0;0;0;0;0;0;0;0;0;0;0;0;0;0;0;0;0;1;0;0;0;1;0;1;0;0;0;0;0;0;0;0;0;0
89334;Le Val d'Ocre;27;89;0;0;0;0;0;0;0;0;0;0;0;0;0;0;0;1;0;0;0;1;0;0;0;0;0;0;2;1;1;0;0;0;0;0;0;0;0
89335;Saint-Aubin-sur-Yonne;27;89;0;0;0;0;0;0;0;0;0;0;0;0;0;0;0;0;0;0;0;0;2;0;0;0;4;1;2;1;1;0;1;0;0;0;0;0;0
89336;Saint-Brancher;27;89;0;0;0;0;0;0;0;0;0;0;0;0;0;0;0;0;0;0;0;0;1;0;0;0;0;0;1;0;0;0;1;0;0;0;0;0;0
89337;Saint-Bris-le-Vineux;27;89;0;0;0;0;0;0;0;0;0;0;0;0;0;0;0;0;0;0;1;0;1;0;0;1;4;3;1;1;3;0;1;0;0;1;2;0;0
89338;Saint-Clément;27;89;0;0;0;0;0;0;0;0;0;0;0;0;0;0;0;1;0;1;0;0;5;2;0;1;4;2;5;2;1;3;2;1;1;9;1;0;1
89339;Sainte-Colombe;27;89;0;0;0;0;0;0;0;0;0;0;0;0;0;0;0;0;0;0;0;0;0;0;0;0;0;0;1;0;1;0;0;0;0;1;0;0;0
89340;Sainte-Colombe-sur-Loing;27;89;0;0;0;0;0;0;0;0;0;0;0;0;0;0;0;0;0;0;0;0;0;0;0;0;0;0;0;1;0;0;0;0;0;1;1;0;0
89341;Saint-Cyr-les-Colons;27;89;0;0;0;0;0;0;0;0;0;0;0;0;0;0;0;0;0;0;0;1;0;0;0;0;1;1;1;2;1;0;0;0;0;1;0;0;2
89342;Saint-Denis-lès-Sens;27;89;0;0;0;0;0;0;0;0;0;0;0;0;0;0;0;2;0;0;0;0;3;0;0;0;2;2;1;2;0;1;2;0;0;9;1;1;2
89344;Saint-Fargeau;27;89;0;1;0;0;0;0;0;0;0;0;1;0;0;0;0;4;1;1;0;0;2;0;0;1;3;1;1;8;0;0;3;0;0;10;3;0;1
89345;Saint-Florentin;27;89;0;1;0;0;0;0;0;0;0;0;1;0;1;0;0;9;0;1;0;0;10;2;0;2;6;4;2;6;7;0;9;1;0;10;4;3;3
89346;Saint-Georges-sur-Baulche;27;89;0;0;0;0;0;0;0;0;0;0;0;0;0;0;0;4;1;1;0;0;3;0;0;0;5;2;6;5;4;4;5;0;0;1;4;0;1
89347;Saint-Germain-des-Champs;27;89;0;0;0;0;0;0;0;0;0;0;0;0;0;0;0;0;0;0;0;0;0;0;0;0;0;0;1;0;0;0;0;0;0;0;1;0;0
89348;Saint-Julien-du-Sault;27;89;0;1;0;0;0;0;0;0;0;0;0;0;1;0;0;1;0;1;0;0;4;0;0;1;8;2;5;3;2;2;3;0;0;8;3;1;2
89349;Saint-Léger-Vauban;27;89;0;0;0;0;0;0;0;0;0;0;0;0;0;0;0;0;0;0;1;0;0;0;0;0;2;0;2;1;2;0;0;0;0;1;0;0;0
89350;Saint-Loup-d'Ordon;27;89;0;0;0;0;0;0;0;0;0;0;0;0;0;0;0;0;0;0;0;0;0;0;0;0;0;1;2;0;2;0;0;0;0;0;0;0;0
89351;Sainte-Magnance;27;89;0;0;0;0;0;0;0;0;0;0;0;0;0;0;0;0;0;0;0;0;0;0;0;0;0;1;0;0;1;0;0;0;0;1;0;0;0
89352;Saint-Martin-des-Champs;27;89;0;0;0;0;0;0;0;0;0;0;0;0;0;0;0;0;0;0;0;0;0;0;0;0;1;0;0;0;0;0;0;0;0;0;0;0;0
89353;Saint-Martin-d'Ordon;27;89;0;0;0;0;0;0;0;0;0;0;0;0;0;0;0;0;0;0;1;0;0;0;0;0;0;0;2;1;0;0;0;0;0;0;0;0;0
89354;Saint-Martin-du-Tertre;27;89;0;0;0;0;0;0;0;0;0;0;0;0;0;0;0;0;1;0;0;1;3;0;0;1;2;1;2;3;0;1;1;1;0;1;0;0;1
89355;Saint-Martin-sur-Armançon;27;89;0;0;0;0;0;0;0;0;0;0;0;0;0;0;0;0;0;0;0;0;0;0;0;0;0;0;0;0;0;0;0;0;0;0;0;0;0
89359;Saint-Maurice-aux-Riches-Hommes;27;89;0;0;0;0;0;0;0;0;0;0;0;0;0;0;0;0;0;0;0;1;1;0;0;0;1;0;1;2;0;0;0;0;0;1;0;0;0
89360;Saint-Maurice-le-Vieil;27;89;0;0;0;0;0;0;0;0;0;0;0;0;0;0;0;0;0;0;0;0;0;0;0;0;1;1;2;0;0;0;0;0;0;0;0;0;0
89361;Saint-Maurice-Thizouaille;27;89;0;0;0;0;0;0;0;0;0;0;0;0;0;0;0;0;0;0;0;0;0;0;0;0;0;0;0;1;1;1;0;0;0;0;0;0;0
89362;Saint-Moré;27;89;0;0;0;0;0;0;0;0;0;0;0;0;0;0;0;0;0;0;0;0;0;0;0;0;0;0;2;0;2;0;0;0;0;2;0;0;0
89363;Sainte-Pallaye;27;89;0;0;0;0;0;0;0;0;0;0;0;0;0;0;0;0;0;0;0;0;0;0;0;0;2;0;0;1;0;0;0;0;0;0;0;0;0
89364;Saint-Père;27;89;0;0;0;0;0;0;0;0;0;0;0;0;0;0;0;0;0;0;0;0;1;0;0;0;0;0;1;0;2;0;1;0;0;4;0;0;0
89365;Saint-Privé;27;89;0;0;0;0;0;0;0;0;0;0;0;0;0;0;0;0;0;0;1;0;0;0;0;0;0;1;1;2;0;0;0;0;0;0;0;0;0
89367;Saints-en-Puisaye;27;89;0;0;0;0;0;0;0;0;0;0;0;0;0;0;0;0;0;0;0;1;0;0;0;0;4;0;0;1;3;1;1;0;0;3;2;0;0
89368;Saint-Sauveur-en-Puisaye;27;89;0;0;0;0;0;0;0;0;0;0;0;0;1;0;0;2;2;1;0;0;3;1;0;1;3;3;2;2;0;0;2;3;0;6;4;0;0
89369;Saint-Sérotin;27;89;0;0;0;0;0;0;0;0;0;0;0;0;0;0;0;0;0;0;0;0;0;0;0;0;1;0;1;0;1;0;0;0;0;0;0;0;1
89370;Saint-Valérien;27;89;0;1;0;0;0;0;0;0;0;0;0;0;0;0;0;2;0;1;0;0;4;1;0;1;1;3;2;4;1;0;1;1;0;4;3;1;1
89371;Sainte-Vertu;27;89;0;0;0;0;0;0;0;0;0;0;0;0;0;0;0;0;0;0;0;0;1;0;0;0;1;0;1;0;0;0;0;0;0;1;0;0;0
89373;Saligny;27;89;0;0;0;0;0;0;0;0;0;0;0;0;0;0;0;0;0;0;0;0;0;0;0;0;1;1;0;3;2;1;2;0;0;0;0;0;1
89374;Sambourg;27;89;0;0;0;0;0;0;0;0;0;0;0;0;0;0;0;0;0;0;0;0;0;0;0;0;0;0;0;0;1;0;0;0;0;0;0;0;0
89375;Santigny;27;89;0;0;0;0;0;0;0;0;0;0;0;0;0;0;0;0;0;0;0;0;0;0;0;0;1;0;0;0;0;0;0;0;0;0;0;0;0
89376;Sarry;27;89;0;0;0;0;0;0;0;0;0;0;0;0;0;0;0;0;0;0;0;0;0;0;0;0;1;0;0;1;0;0;0;0;0;0;2;0;0
89377;Sauvigny-le-Beuréal;27;89;0;0;0;0;0;0;0;0;0;0;0;0;0;0;0;0;0;0;0;0;0;0;0;0;0;0;1;0;0;0;0;0;0;0;0;0;0
89378;Sauvigny-le-Bois;27;89;0;0;0;0;0;0;0;0;0;0;0;0;0;0;0;0;1;0;0;0;2;0;0;0;3;2;3;2;1;0;1;2;0;3;0;0;0
89379;Savigny-en-Terre-Plaine;27;89;0;0;0;0;0;0;0;0;0;0;0;0;0;0;0;0;0;0;0;0;0;0;0;0;2;0;0;0;0;0;0;0;0;1;0;0;0
89380;Savigny-sur-Clairis;27;89;0;0;0;0;0;0;0;0;0;0;0;0;0;0;0;0;0;0;0;0;1;0;0;0;1;1;0;2;0;0;0;0;0;1;1;0;0
89381;Sceaux;27;89;0;0;0;0;0;0;0;0;0;0;0;0;0;0;0;0;0;0;0;0;0;0;0;0;0;0;0;1;0;0;0;0;0;2;0;0;0
89382;Seignelay;27;89;0;1;0;0;0;0;0;0;0;0;0;0;0;0;0;2;0;1;0;0;1;0;0;1;2;2;5;1;2;0;3;0;0;2;3;1;0
89383;Sementron;27;89;0;0;0;0;0;0;0;0;0;0;0;0;0;0;0;0;0;0;0;0;1;0;0;0;0;0;0;0;0;0;0;0;0;0;0;0;0
89384;Senan;27;89;0;0;0;0;0;0;0;0;0;0;0;0;0;0;0;0;0;0;1;0;1;0;0;0;3;0;1;0;0;0;0;0;0;1;0;0;1
89385;Sennevoy-le-Bas;27;89;0;0;0;0;0;0;0;0;0;0;0;0;0;0;0;0;0;0;0;1;0;0;0;0;0;0;0;0;0;0;1;0;0;0;0;0;0
89386;Sennevoy-le-Haut;27;89;0;0;0;0;0;0;0;0;0;0;0;0;0;0;0;0;0;0;0;0;0;0;0;0;0;0;0;0;0;0;0;0;0;0;0;0;0
89387;Sens;27;89;1;1;0;1;1;1;1;0;0;0;5;1;2;0;0;20;6;2;0;0;32;4;7;9;50;34;22;24;19;14;48;6;17;105;33;6;19
89388;Sépeaux-Saint Romain;27;89;0;0;0;0;0;0;0;0;0;0;0;0;0;0;0;0;0;0;0;1;1;0;0;0;1;2;1;1;1;1;0;0;0;2;1;0;0
89390;Serbonnes;27;89;0;0;0;0;0;0;0;0;0;0;0;0;0;0;0;0;0;0;1;0;0;1;0;0;2;0;0;0;0;1;0;0;0;0;0;0;0
89391;Sergines;27;89;0;1;0;0;0;0;0;0;0;0;1;0;1;0;0;0;0;1;0;0;0;0;0;0;6;0;2;0;1;1;1;0;0;4;2;0;0
89392;Sermizelles;27;89;0;0;0;0;0;0;0;0;0;0;0;0;0;0;0;0;0;0;0;1;1;0;0;0;0;0;2;0;0;0;0;0;0;0;0;0;0
89393;Serrigny;27;89;0;0;0;0;0;0;0;0;0;0;0;0;0;0;0;0;0;0;0;0;0;0;0;0;0;0;0;0;0;0;0;0;0;0;0;0;0
89394;Sery;27;89;0;0;0;0;0;0;0;0;0;0;0;0;0;0;0;0;0;0;0;0;0;0;0;0;1;1;0;1;0;0;0;0;0;0;0;0;0
89395;Les Sièges;27;89;0;0;0;0;0;0;0;0;0;0;0;0;0;0;0;0;0;0;0;1;1;0;0;0;0;0;1;2;0;0;1;0;0;2;1;0;0
89397;Sommecaise;27;89;0;0;0;0;0;0;0;0;0;0;0;0;0;0;0;0;0;0;0;0;1;0;0;0;2;1;0;0;0;0;0;0;0;0;0;0;0
89398;Sormery;27;89;0;0;0;0;0;0;0;0;0;0;0;0;0;0;0;0;0;0;0;0;1;0;0;0;0;1;2;2;0;0;0;0;0;1;0;0;0
89399;Soucy;27;89;0;0;0;0;0;0;0;0;0;0;0;0;0;0;0;0;0;0;1;0;1;0;0;1;1;2;1;5;1;1;2;0;0;1;0;0;1
89400;Sougères-en-Puisaye;27;89;0;0;0;0;0;0;0;0;0;0;0;0;0;0;0;0;0;0;0;1;0;0;0;0;2;0;1;1;0;0;0;0;0;0;0;0;0
89402;Soumaintrain;27;89;0;0;0;0;0;0;0;0;0;0;0;0;0;0;0;0;0;0;0;0;0;0;0;0;0;1;1;2;0;0;1;0;0;0;0;0;0
89403;Stigny;27;89;0;0;0;0;0;0;0;0;0;0;0;0;0;0;0;0;0;0;0;0;0;0;0;0;0;0;1;0;0;0;0;0;0;0;0;0;0
89404;Subligny;27;89;0;0;0;0;0;0;0;0;0;0;0;0;0;0;0;0;0;0;0;0;0;0;0;1;3;0;1;1;1;0;0;0;0;1;1;0;1
89405;Taingy;27;89;0;0;0;0;0;0;0;0;0;0;0;0;0;0;0;0;0;0;1;0;0;0;0;0;3;0;0;0;0;0;0;0;0;1;0;0;0
89406;Talcy;27;89;0;0;0;0;0;0;0;0;0;0;0;0;0;0;0;0;0;0;0;0;0;0;0;0;0;0;1;1;0;0;0;0;0;1;0;0;0
89407;Tanlay;27;89;0;0;0;0;0;0;0;0;0;0;0;0;0;0;0;0;1;0;0;1;1;0;0;0;2;0;3;4;1;1;1;0;0;2;1;0;0
89408;Tannerre-en-Puisaye;27;89;0;0;0;0;0;0;0;0;0;0;0;0;0;0;0;0;0;0;1;0;1;0;0;0;2;1;0;1;0;0;0;0;0;1;0;0;0
89409;Tharoiseau;27;89;0;0;0;0;0;0;0;0;0;0;0;0;0;0;0;0;0;0;0;0;0;0;0;0;1;0;0;0;0;0;1;0;0;0;0;0;0
89410;Tharot;27;89;0;0;0;0;0;0;0;0;0;0;0;0;0;0;0;0;0;0;0;0;0;0;0;0;0;0;0;0;0;0;0;0;0;0;0;0;0
89411;Les Vallées de la Vanne;27;89;0;0;0;0;0;0;0;0;0;0;0;0;0;0;0;0;0;0;0;1;1;0;0;0;2;1;0;0;0;1;1;0;0;2;1;0;0
89412;Thizy;27;89;0;0;0;0;0;0;0;0;0;0;0;0;0;0;0;0;0;0;0;0;0;0;0;0;0;0;0;0;1;0;0;0;0;1;0;0;0
89413;Thorey;27;89;0;0;0;0;0;0;0;0;0;0;0;0;0;0;0;0;0;0;0;0;0;0;0;0;0;0;0;0;0;0;0;0;0;0;0;0;0
89414;Thorigny-sur-Oreuse;27;89;0;0;0;0;0;0;0;0;0;0;0;0;0;0;0;1;0;0;0;1;2;0;0;1;6;2;2;3;2;2;3;0;0;1;2;0;1
89415;Thory;27;89;0;0;0;0;0;0;0;0;0;0;0;0;0;0;0;0;0;0;0;0;0;0;0;0;0;1;0;1;1;0;0;0;0;0;1;0;0
89416;Thury;27;89;0;0;0;0;0;0;0;0;0;0;0;0;0;0;0;0;0;0;0;1;0;0;0;0;0;1;2;4;5;0;0;1;0;1;0;0;0
89417;Tissey;27;89;0;0;0;0;0;0;0;0;0;0;0;0;0;0;0;0;0;0;0;0;0;0;0;0;0;0;1;0;0;0;0;0;0;1;0;0;0
89418;Tonnerre;27;89;0;1;0;0;0;0;0;0;0;0;2;1;0;0;0;7;3;1;0;0;11;2;0;4;3;5;7;13;5;2;8;4;1;21;7;1;2
89419;Toucy;27;89;0;1;0;0;0;0;0;0;0;0;1;0;1;0;0;4;0;1;0;0;8;1;0;4;1;3;6;10;5;1;7;2;1;12;7;3;3
89420;Treigny;27;89;0;0;0;0;0;0;0;0;0;0;0;0;0;0;0;1;0;0;0;1;1;0;0;0;5;2;2;1;1;0;1;0;0;2;0;0;1
89421;Trévilly;27;89;0;0;0;0;0;0;0;0;0;0;0;0;0;0;0;0;0;0;0;0;2;0;0;0;0;0;0;0;0;0;0;0;0;0;0;0;0
89422;Trichey;27;89;0;0;0;0;0;0;0;0;0;0;0;0;0;0;0;0;0;0;0;0;0;0;0;0;0;0;0;0;0;0;0;0;0;0;0;0;0
89423;Tronchoy;27;89;0;0;0;0;0;0;0;0;0;0;0;0;0;0;0;0;0;0;0;0;0;0;0;0;0;0;0;0;0;0;0;0;0;0;0;0;0
89424;Trucy-sur-Yonne;27;89;0;0;0;0;0;0;0;0;0;0;0;0;0;0;0;0;0;0;0;0;0;0;0;0;1;0;0;1;0;0;0;0;0;0;0;0;0
89425;Turny;27;89;0;0;0;0;0;0;0;0;0;0;0;0;0;0;0;0;0;0;0;1;0;0;0;0;1;4;3;1;1;1;0;0;0;0;0;0;0
89426;Val-de-Mercy;27;89;0;0;0;0;0;0;0;0;0;0;0;0;0;0;0;0;0;0;0;1;0;0;0;0;2;0;0;1;0;0;0;0;0;1;0;0;1
89427;Vallan;27;89;0;0;0;0;0;0;0;0;0;0;0;0;0;0;0;0;0;0;0;0;0;0;0;0;2;0;1;1;2;0;0;0;0;0;0;0;1
89428;Vallery;27;89;0;0;0;0;0;0;0;0;0;0;0;0;0;0;0;0;0;0;0;1;1;0;0;0;1;0;0;1;0;0;3;0;0;2;0;0;0
89430;Varennes;27;89;0;0;0;0;0;0;0;0;0;0;0;0;0;0;0;0;0;0;0;0;1;0;0;0;2;1;1;2;0;0;0;0;0;0;0;0;0
89431;Vassy-sous-Pisy;27;89;0;0;0;0;0;0;0;0;0;0;0;0;0;0;0;0;0;0;0;0;0;0;0;0;0;0;0;0;0;0;0;0;0;0;0;0;0
89432;Vaudeurs;27;89;0;0;0;0;0;0;0;0;0;0;0;0;0;0;0;0;0;0;0;0;2;0;0;0;1;2;1;3;2;0;0;0;0;0;0;0;0
89433;Vault-de-Lugny;27;89;0;0;0;0;0;0;0;0;0;0;0;0;0;0;0;0;0;0;1;0;0;0;0;0;2;0;0;1;1;0;0;0;0;1;0;0;0
89434;Vaumort;27;89;0;0;0;0;0;0;0;0;0;0;0;0;0;0;0;0;0;0;0;0;1;0;0;0;1;0;1;1;2;0;0;0;0;1;0;0;0
89436;Venizy;27;89;0;0;0;0;0;0;0;0;0;0;0;0;0;0;0;0;0;0;0;1;0;0;0;0;2;2;2;0;1;0;0;0;0;1;0;0;0
89437;Venouse;27;89;0;0;0;0;0;0;0;0;0;0;0;0;0;0;0;0;0;0;0;0;0;0;0;0;1;0;2;0;0;0;0;0;0;0;1;0;0
89438;Venoy;27;89;0;0;0;0;0;0;0;0;0;0;0;0;0;0;0;0;0;0;0;1;1;0;0;0;2;3;0;5;4;0;1;0;0;4;1;0;1
89439;Vergigny;27;89;0;0;0;0;0;0;0;0;0;0;0;0;0;0;0;0;0;0;0;1;2;0;0;1;4;2;1;3;2;0;3;0;0;1;0;0;1
89440;Verlin;27;89;0;0;0;0;0;0;0;0;0;0;0;0;0;0;0;0;0;0;0;0;0;0;0;0;1;2;1;0;0;0;1;0;0;0;0;0;0
89441;Vermenton;27;89;0;1;0;0;0;0;0;0;0;0;1;0;0;0;0;4;3;1;0;0;1;1;0;1;4;4;4;3;3;0;4;1;0;3;3;0;2
89442;Vernoy;27;89;0;0;0;0;0;0;0;0;0;0;0;0;0;0;0;0;0;0;0;0;0;0;0;0;0;0;0;0;0;0;0;0;0;0;0;0;0
89443;Véron;27;89;0;0;0;0;0;0;0;0;0;0;0;0;0;0;0;0;0;0;0;1;2;0;0;0;0;2;4;4;1;0;3;0;0;2;0;0;1
89445;Vézannes;27;89;0;0;0;0;0;0;0;0;0;0;0;0;0;0;0;0;0;0;0;0;0;0;0;0;0;0;0;0;0;0;0;0;0;0;0;0;0
89446;Vézelay;27;89;0;1;0;0;0;0;0;0;0;0;0;0;0;0;0;1;0;1;0;0;0;0;0;0;1;0;0;1;0;0;1;0;0;10;0;0;0
89447;Vézinnes;27;89;0;0;0;0;0;0;0;0;0;0;0;0;0;0;0;0;0;0;0;0;0;0;0;0;0;0;0;0;0;0;0;0;0;0;1;0;0
89448;Vignes;27;89;0;0;0;0;0;0;0;0;0;0;0;0;0;0;0;0;0;0;0;0;0;0;0;0;0;0;0;0;0;0;0;0;0;0;0;0;0
89449;Villeblevin;27;89;0;0;0;0;0;0;0;0;0;0;0;0;0;0;0;0;0;1;0;0;4;0;0;0;4;1;3;5;4;0;2;0;0;4;0;0;0
89450;Villebougis;27;89;0;0;0;0;0;0;0;0;0;0;0;0;0;0;0;0;0;0;0;0;0;0;0;0;5;1;1;1;1;0;0;0;0;0;1;0;0
89451;Villechétive;27;89;0;0;0;0;0;0;0;0;0;0;0;0;0;0;0;0;0;0;0;0;1;0;0;0;1;0;0;1;0;0;0;0;0;0;0;0;0
89452;Villecien;27;89;0;0;0;0;0;0;0;0;0;0;0;0;0;0;0;0;0;0;0;0;0;0;0;0;2;1;1;2;0;1;0;0;0;1;0;0;0
89453;Villefargeau;27;89;0;0;0;0;0;0;0;0;0;0;0;0;0;0;0;0;0;0;0;0;1;0;1;0;2;2;2;1;3;0;0;2;0;1;3;0;0
89456;Villemanoche;27;89;0;0;0;0;0;0;0;0;0;0;0;0;0;0;0;0;0;0;0;0;0;0;0;0;0;1;1;2;0;0;1;0;0;0;0;0;1
89458;Villenavotte;27;89;0;0;0;0;0;0;0;0;0;0;0;0;0;0;0;0;0;0;0;0;0;0;0;0;2;0;0;1;0;0;0;0;0;0;0;0;0
89459;Villeneuve-la-Dondagre;27;89;0;0;0;0;0;0;0;0;0;0;0;0;0;0;0;0;0;0;0;0;0;0;0;0;1;0;1;1;0;0;0;0;0;0;0;0;0
89460;Villeneuve-la-Guyard;27;89;0;0;0;0;0;0;0;0;0;0;0;0;1;0;0;4;1;1;0;0;8;1;0;1;3;1;10;9;1;0;4;0;0;11;4;0;3
89461;Villeneuve-l'Archevêque;27;89;0;0;0;0;0;0;0;0;0;0;1;0;0;0;0;2;1;1;0;0;0;1;0;1;0;1;4;2;3;0;3;0;0;4;0;0;1
89462;Villeneuve-les-Genêts;27;89;0;0;0;0;0;0;0;0;0;0;0;0;0;0;0;0;0;0;0;0;0;0;0;0;1;1;2;0;1;1;0;0;0;0;0;0;0
89463;Villeneuve-Saint-Salves;27;89;0;0;0;0;0;0;0;0;0;0;0;0;0;0;0;0;0;0;0;0;0;0;0;0;0;0;0;0;1;0;0;0;0;1;0;0;0
89464;Villeneuve-sur-Yonne;27;89;0;1;0;0;0;0;0;0;0;0;1;0;0;0;0;6;1;1;0;0;11;2;0;2;12;10;4;6;8;2;12;1;0;14;11;1;5
89465;Villeperrot;27;89;0;0;0;0;0;0;0;0;0;0;0;0;0;0;0;0;0;0;0;0;0;0;0;0;1;0;0;3;0;1;0;0;0;1;0;0;0
89466;Villeroy;27;89;0;0;0;0;0;0;0;0;0;0;0;0;0;0;0;0;0;0;0;0;2;0;1;0;2;0;2;0;3;0;0;0;0;2;0;0;0
89467;Villethierry;27;89;0;0;0;0;0;0;0;0;0;0;0;0;0;0;0;0;0;0;0;0;1;0;0;0;0;1;4;3;2;0;0;0;0;0;0;0;0
89468;Villevallier;27;89;0;0;0;0;0;0;0;0;0;0;0;0;0;0;0;0;0;0;0;1;0;1;0;0;1;0;0;1;3;1;0;0;0;1;1;0;0
89469;Perceneige;27;89;0;0;0;0;0;0;0;0;0;0;0;0;0;0;0;0;0;0;0;0;0;0;0;0;1;4;3;4;0;0;1;0;0;0;1;0;0
89470;Villiers-les-Hauts;27;89;0;0;0;0;0;0;0;0;0;0;0;0;0;0;0;0;0;0;0;0;0;0;0;0;1;0;0;0;0;0;0;0;0;0;0;0;0
89471;Villiers-Louis;27;89;0;0;0;0;0;0;0;0;0;0;0;0;0;0;0;0;0;0;0;0;2;0;0;0;0;1;0;2;0;1;1;0;0;0;0;0;1
89472;Villiers-Saint-Benoît;27;89;0;0;0;0;0;0;0;0;0;0;0;0;0;0;0;1;0;0;0;1;1;0;0;0;3;1;2;2;0;0;0;0;0;0;0;0;0
89473;Villiers-sur-Tholon;27;89;0;0;0;0;0;0;0;0;0;0;0;0;0;0;0;0;0;0;0;0;0;0;0;0;3;0;0;1;0;1;0;0;0;0;0;0;0
89474;Villiers-Vineux;27;89;0;0;0;0;0;0;0;0;0;0;0;0;0;0;0;0;0;0;0;0;0;0;0;0;4;0;0;0;0;0;1;0;0;0;0;0;1
89475;Villon;27;89;0;0;0;0;0;0;0;0;0;0;0;0;0;0;0;0;0;0;0;0;0;0;0;0;0;1;2;0;0;0;0;0;0;1;0;0;0
89477;Villy;27;89;0;0;0;0;0;0;0;0;0;0;0;0;0;0;0;0;0;0;0;0;0;0;0;0;0;0;1;0;0;0;0;0;0;0;0;0;0
89478;Vincelles;27;89;0;0;0;0;0;0;0;0;0;0;0;0;0;0;0;1;0;1;0;0;5;0;0;0;4;2;1;4;1;0;1;0;0;2;2;0;0
89479;Vincelottes;27;89;0;0;0;0;0;0;0;0;0;0;0;0;0;0;0;0;0;0;0;0;1;0;0;0;1;1;1;0;0;0;1;0;0;0;0;0;0
89480;Vinneuf;27;89;0;0;0;0;0;0;0;0;0;0;0;0;0;0;0;0;0;0;0;1;2;0;0;0;3;1;3;3;3;0;2;0;0;0;0;0;0
89481;Vireaux;27;89;0;0;0;0;0;0;0;0;0;0;0;0;0;0;0;0;0;0;0;0;0;0;0;0;0;0;0;0;0;0;0;0;0;0;0;0;0
89482;Viviers;27;89;0;0;0;0;0;0;0;0;0;0;0;0;0;0;0;0;0;0;0;0;0;0;0;0;0;0;0;0;1;0;0;0;0;0;0;0;0
89483;Voisines;27;89;0;0;0;0;0;0;0;0;0;0;0;0;0;0;0;0;0;0;0;1;2;0;0;0;2;0;2;2;0;0;1;0;0;1;0;0;0
89484;Volgré;27;89;0;0;0;0;0;0;0;0;0;0;0;0;0;0;0;0;0;0;0;0;1;0;0;0;1;0;1;0;0;0;0;0;0;0;0;0;0
89485;Voutenay-sur-Cure;27;89;0;0;0;0;0;0;0;0;0;0;0;0;0;0;0;0;0;0;0;0;0;0;0;0;0;2;0;2;0;0;0;0;0;1;0;0;0
89486;Yrouerre;27;89;0;0;0;0;0;0;0;0;0;0;0;0;0;0;0;0;0;0;0;0;0;0;0;0;1;1;0;1;1;0;1;0;0;0;0;0;0
90001;Andelnans;27;90;0;0;0;0;0;0;0;0;0;0;0;0;0;0;0;0;0;0;0;0;6;1;0;0;4;3;1;3;0;0;3;0;0;6;0;1;0
90002;Angeot;27;90;0;0;0;0;0;0;0;0;0;0;0;0;0;0;0;0;1;0;0;0;0;0;0;1;0;0;1;0;0;0;0;0;0;0;2;0;0
90003;Anjoutey;27;90;0;0;0;0;0;0;0;0;0;0;0;0;0;0;0;0;0;0;0;0;2;0;0;0;0;1;3;1;1;0;2;0;0;0;0;0;0
90004;Argiésans;27;90;0;0;0;0;0;0;0;0;0;0;0;0;0;0;0;0;0;0;0;0;8;1;0;0;2;2;0;2;0;0;0;0;0;0;0;0;0
90005;Auxelles-Bas;27;90;0;0;0;0;0;0;0;0;0;0;0;0;0;0;0;0;0;0;0;0;0;0;0;0;0;0;2;0;1;0;1;0;0;2;0;0;0
90006;Auxelles-Haut;27;90;0;0;0;0;0;0;0;0;0;0;0;0;0;0;0;0;0;0;0;0;0;0;0;0;1;0;1;0;0;0;1;0;0;3;0;0;0
90007;Banvillars;27;90;0;0;0;0;0;0;0;0;0;0;0;0;0;0;0;0;0;0;0;0;1;0;0;0;0;0;0;2;0;0;0;0;0;0;0;0;0
90008;Bavilliers;27;90;0;0;0;0;0;0;0;0;0;0;0;0;0;0;0;2;1;1;0;0;13;2;0;1;2;8;7;5;6;0;7;0;0;6;3;0;1
90009;Beaucourt;27;90;0;1;0;0;0;0;0;0;0;0;0;0;0;0;0;4;1;1;0;0;5;2;0;2;3;5;4;3;2;0;4;0;0;6;0;0;3
90010;Belfort;27;90;1;1;0;1;1;1;1;0;0;0;17;2;0;0;0;32;7;6;1;0;46;4;7;12;51;93;22;31;35;9;85;11;19;179;45;10;33
90011;Bermont;27;90;0;0;0;0;0;0;0;0;0;0;0;0;0;0;0;0;0;0;0;0;0;0;0;0;0;0;1;0;1;0;0;0;0;1;0;0;2
90012;Bessoncourt;27;90;0;0;0;0;0;0;0;0;0;0;0;0;0;0;0;2;0;1;0;0;5;0;1;0;1;0;1;2;0;0;4;0;0;6;2;1;2
90013;Bethonvilliers;27;90;0;0;0;0;0;0;0;0;0;0;0;0;0;0;0;0;0;0;0;0;0;0;0;0;1;0;1;0;0;0;0;0;0;0;0;0;0
90014;Boron;27;90;0;0;0;0;0;0;0;0;0;0;0;0;0;0;0;0;0;0;0;0;0;0;0;0;0;0;1;0;0;0;0;0;0;0;0;0;1
90015;Botans;27;90;0;0;0;0;0;0;0;0;0;0;0;0;0;0;0;0;0;0;0;0;4;0;0;0;1;0;0;0;0;1;0;0;0;0;0;0;0
90016;Bourg-sous-Châtelet;27;90;0;0;0;0;0;0;0;0;0;0;0;0;0;0;0;0;0;0;0;0;0;0;0;0;0;0;0;0;1;0;0;0;0;0;0;0;0
90017;Bourogne;27;90;0;0;0;0;0;0;0;0;0;0;0;0;0;0;0;0;0;1;0;0;6;0;0;1;3;2;0;3;2;0;2;0;0;4;0;0;1
90018;Brebotte;27;90;0;0;0;0;0;0;0;0;0;0;0;0;0;0;0;0;0;0;0;0;0;0;0;0;0;0;1;1;1;0;0;0;0;0;0;0;2
90019;Bretagne;27;90;0;0;0;0;0;0;0;0;0;0;0;0;0;0;0;0;0;0;0;0;1;0;0;0;0;1;1;0;0;0;0;0;0;1;0;0;0
90020;Buc;27;90;0;0;0;0;0;0;0;0;0;0;0;0;0;0;0;0;0;0;0;0;1;0;0;0;0;0;0;0;0;0;0;0;0;0;0;0;0
90021;Charmois;27;90;0;0;0;0;0;0;0;0;0;0;0;0;0;0;0;0;0;0;0;0;2;0;0;0;0;0;0;0;1;0;1;0;0;0;0;0;0
90022;Châtenois-les-Forges;27;90;0;1;0;0;0;0;0;0;0;0;0;0;0;0;0;0;1;1;0;0;2;0;0;1;3;1;3;2;2;1;4;0;0;6;1;1;2
90023;Chaux;27;90;0;0;0;0;0;0;0;0;0;0;0;0;0;0;0;0;1;0;0;0;2;0;0;0;0;0;4;1;1;1;1;0;0;3;0;0;0
90024;Chavanatte;27;90;0;0;0;0;0;0;0;0;0;0;0;0;0;0;0;0;0;0;0;0;0;0;0;0;0;1;0;0;0;0;0;0;0;0;0;0;0
90025;Chavannes-les-Grands;27;90;0;0;0;0;0;0;0;0;0;0;0;0;0;0;0;0;0;0;0;0;0;0;0;0;0;0;0;0;0;1;0;0;0;2;0;0;0
90026;Chèvremont;27;90;0;0;0;0;0;0;0;0;0;0;0;0;0;0;0;1;0;1;0;0;1;0;0;1;0;3;3;2;3;0;4;0;0;2;0;0;0
90027;Courcelles;27;90;0;0;0;0;0;0;0;0;0;0;0;0;0;0;0;0;0;0;0;0;0;0;0;0;0;0;0;0;0;0;0;0;0;0;0;0;0
90028;Courtelevant;27;90;0;0;0;0;0;0;0;0;0;0;0;0;0;0;0;0;0;0;0;0;2;0;0;0;0;0;1;0;0;0;0;0;0;0;0;0;1
90029;Cravanche;27;90;0;0;0;0;0;0;0;0;0;0;0;0;0;0;0;0;1;0;1;0;0;0;0;0;0;1;1;0;0;0;3;0;0;3;2;0;0
90030;Croix;27;90;0;0;0;0;0;0;0;0;0;0;0;0;0;0;0;0;0;0;0;0;0;0;0;0;0;0;1;2;1;0;0;0;0;0;0;0;0
90031;Cunelières;27;90;0;0;0;0;0;0;0;0;0;0;0;0;0;0;0;0;0;0;0;0;0;0;0;0;0;0;0;1;0;0;0;0;0;1;0;0;0
90032;Danjoutin;27;90;0;0;0;0;0;0;0;0;0;0;0;0;0;0;0;6;1;1;0;0;7;1;1;0;13;12;4;0;4;1;6;1;1;8;1;0;3
90033;Delle;27;90;0;1;0;0;0;0;0;0;0;0;1;1;0;0;0;7;0;1;0;0;9;1;0;3;2;5;4;3;4;0;8;2;1;10;5;2;5
90034;Denney;27;90;0;0;0;0;0;0;0;0;0;0;0;0;0;0;0;0;0;0;0;0;2;1;0;0;2;4;0;0;0;1;1;0;0;2;1;0;0
90035;Dorans;27;90;0;0;0;0;0;0;0;0;0;0;0;0;0;0;0;0;0;0;0;0;0;0;0;0;1;0;1;0;0;0;0;0;0;0;0;0;0
90036;Eguenigue;27;90;0;0;0;0;0;0;0;0;0;0;0;0;0;0;0;0;0;0;0;0;0;0;0;0;0;0;0;2;1;0;0;0;0;0;0;0;0
90037;Éloie;27;90;0;0;0;0;0;0;0;0;0;0;0;0;0;0;0;0;0;0;0;0;0;0;0;0;0;0;2;1;1;0;0;0;0;0;2;0;1
90039;Essert;27;90;0;0;0;0;0;0;0;0;0;0;0;0;0;0;0;1;0;0;1;0;7;0;0;1;4;1;1;3;4;0;3;0;0;5;2;0;4
90041;Étueffont;27;90;0;0;0;0;0;0;0;0;0;0;0;0;0;0;0;1;0;1;0;0;0;0;0;0;1;4;3;3;1;1;1;1;0;2;0;0;0
90042;Évette-Salbert;27;90;0;0;0;0;0;0;0;0;0;0;0;0;0;0;0;0;1;0;0;1;2;0;0;0;1;2;2;2;6;0;1;0;0;3;0;0;0
90043;Faverois;27;90;0;0;0;0;0;0;0;0;0;0;0;0;0;0;0;0;0;0;0;0;1;0;0;0;2;0;0;2;0;0;1;0;0;0;0;0;1
90044;Felon;27;90;0;0;0;0;0;0;0;0;0;0;0;0;0;0;0;0;0;0;0;0;0;0;0;0;1;1;1;0;0;0;0;0;0;0;0;0;0
90045;Fêche-l'Église;27;90;0;0;0;0;0;0;0;0;0;0;0;0;0;0;0;0;0;0;0;0;0;0;0;0;0;0;2;0;1;0;0;1;0;2;0;0;0
90046;Florimont;27;90;0;0;0;0;0;0;0;0;0;0;0;0;0;0;0;0;0;0;0;0;0;0;0;0;0;0;0;1;0;0;0;0;0;2;0;0;0
90047;Fontaine;27;90;0;0;0;0;0;0;0;0;0;0;0;0;0;0;0;0;1;0;0;1;1;0;0;0;0;1;0;1;0;0;0;0;0;1;0;0;0
90048;Fontenelle;27;90;0;0;0;0;0;0;0;0;0;0;0;0;0;0;0;0;0;0;0;0;0;0;0;0;0;0;0;1;0;0;0;0;0;0;0;0;0
90049;Foussemagne;27;90;0;0;0;0;0;0;0;0;0;0;0;0;0;0;0;0;0;0;0;0;1;0;0;0;2;1;2;1;0;0;1;0;0;1;1;0;0
90050;Frais;27;90;0;0;0;0;0;0;0;0;0;0;0;0;0;0;0;0;0;0;0;0;0;0;0;0;0;0;0;0;0;0;0;0;0;1;0;0;0
90051;Froidefontaine;27;90;0;0;0;0;0;0;0;0;0;0;0;0;0;0;0;0;0;0;0;0;0;0;0;0;0;0;0;0;1;1;2;0;0;0;0;0;1
90052;Giromagny;27;90;0;1;0;0;0;0;0;0;0;0;1;0;0;0;0;5;0;1;0;0;2;1;0;1;3;8;3;8;7;0;9;1;0;11;1;0;2
90053;Grandvillars;27;90;0;1;0;0;0;0;0;0;0;0;0;0;0;0;0;2;1;1;0;0;6;1;0;0;4;1;2;2;3;3;4;1;0;8;1;0;1
90054;Grosmagny;27;90;0;0;0;0;0;0;0;0;0;0;0;0;0;0;0;0;0;0;0;0;0;0;0;0;0;0;1;0;0;0;0;0;0;1;0;0;1
90055;Grosne;27;90;0;0;0;0;0;0;0;0;0;0;0;0;0;0;0;0;0;0;0;0;0;0;0;0;1;0;0;0;0;0;1;0;0;0;0;0;0
90056;Joncherey;27;90;0;0;0;0;0;0;0;0;0;0;0;0;0;0;0;0;0;0;0;1;3;0;0;0;0;1;1;1;0;0;2;0;0;2;0;0;2
90057;Lachapelle-sous-Chaux;27;90;0;0;0;0;0;0;0;0;0;0;0;0;0;0;0;0;0;0;0;0;1;0;0;0;1;0;0;0;0;1;0;0;0;0;0;0;0
90058;Lachapelle-sous-Rougemont;27;90;0;1;0;0;0;0;0;0;0;0;0;0;0;0;0;1;0;0;1;0;4;1;0;0;2;0;3;1;2;0;0;0;0;4;1;0;1
90059;Lacollonge;27;90;0;0;0;0;0;0;0;0;0;0;0;0;0;0;0;0;0;0;0;0;0;0;0;0;1;1;0;0;1;0;0;0;0;0;0;0;0
90060;Lagrange;27;90;0;0;0;0;0;0;0;0;0;0;0;0;0;0;0;0;0;0;0;0;2;0;0;0;0;0;0;0;0;0;0;0;0;0;0;0;1
90061;Lamadeleine-Val-des-Anges;27;90;0;0;0;0;0;0;0;0;0;0;0;0;0;0;0;0;0;0;0;0;0;0;0;0;0;0;0;0;0;0;0;0;0;0;0;0;0
90062;Larivière;27;90;0;0;0;0;0;0;0;0;0;0;0;0;0;0;0;0;0;0;0;0;0;0;0;0;0;0;1;0;0;0;0;0;0;0;0;0;0
90063;Lebetain;27;90;0;0;0;0;0;0;0;0;0;0;0;0;0;0;0;0;0;0;0;0;0;0;0;0;1;0;0;0;0;0;1;0;0;0;0;0;0
90064;Lepuix-Neuf;27;90;0;0;0;0;0;0;0;0;0;0;0;0;0;0;0;0;0;0;0;0;0;0;0;0;0;0;0;0;0;0;0;0;0;0;0;0;0
90065;Lepuix;27;90;0;0;0;0;0;0;0;0;0;0;0;0;0;0;0;0;0;0;0;0;6;0;0;0;0;1;3;2;0;0;0;0;0;3;0;0;2
90066;Leval;27;90;0;0;0;0;0;0;0;0;0;0;0;0;0;0;0;0;0;0;0;0;0;0;0;0;0;0;1;0;0;0;0;0;0;2;1;0;0
90067;Menoncourt;27;90;0;0;0;0;0;0;0;0;0;0;0;0;0;0;0;0;0;0;0;0;1;0;0;0;2;1;0;1;0;0;0;0;0;2;1;0;0
90068;Meroux;27;90;0;0;0;0;0;0;0;0;0;0;0;0;0;0;0;0;0;0;0;0;0;0;1;0;0;2;1;0;0;0;0;0;1;4;1;0;1
90069;Méziré;27;90;0;0;0;0;0;0;0;0;0;0;0;0;0;0;0;0;0;0;0;0;2;0;0;0;1;3;1;0;0;0;1;0;0;2;0;0;1
90070;Montbouton;27;90;0;0;0;0;0;0;0;0;0;0;0;0;0;0;0;0;0;0;0;0;0;0;0;0;0;1;0;2;0;0;0;0;0;0;0;0;1
90071;Montreux-Château;27;90;0;1;0;0;0;0;0;0;0;0;0;0;0;0;0;0;0;0;0;1;1;0;0;1;2;0;0;3;2;0;3;0;0;6;0;0;0
90072;Morvillars;27;90;0;0;0;0;0;0;0;0;0;0;0;0;0;0;0;0;1;0;0;1;4;0;0;1;2;2;0;1;1;0;2;0;0;4;0;0;0
90073;Moval;27;90;0;0;0;0;0;0;0;0;0;0;0;0;0;0;0;0;0;0;0;0;0;0;0;0;0;1;0;0;0;0;0;0;0;1;0;0;0
90074;Novillard;27;90;0;0;0;0;0;0;0;0;0;0;0;0;0;0;0;0;0;0;0;0;0;0;0;0;0;0;0;1;1;0;0;0;0;0;0;0;0
90075;Offemont;27;90;0;0;0;0;0;0;0;0;0;0;0;0;0;0;0;0;0;1;0;0;5;0;0;0;5;6;1;8;3;0;1;0;0;2;0;0;3
90076;Pérouse;27;90;0;0;0;0;0;0;0;0;0;0;0;0;0;0;0;0;0;0;0;0;2;0;0;0;2;3;1;2;0;0;2;0;0;1;1;0;0
90077;Petit-Croix;27;90;0;0;0;0;0;0;0;0;0;0;0;0;0;0;0;0;0;0;0;0;0;0;0;0;1;0;0;2;0;0;1;0;0;0;0;0;1
90078;Petitefontaine;27;90;0;0;0;0;0;0;0;0;0;0;0;0;0;0;0;0;0;0;0;0;0;0;0;0;1;0;0;0;0;0;0;0;0;0;0;0;0
90079;Petitmagny;27;90;0;0;0;0;0;0;0;0;0;0;0;0;0;0;0;0;0;0;0;0;0;0;0;0;0;0;0;0;1;0;0;0;0;0;0;0;0
90080;Phaffans;27;90;0;0;0;0;0;0;0;0;0;0;0;0;0;0;0;0;0;0;0;0;0;0;0;0;0;1;1;1;0;0;0;0;0;1;0;0;0
90081;Réchésy;27;90;0;0;0;0;0;0;0;0;0;0;0;0;0;0;0;1;1;0;0;1;1;0;0;0;0;0;0;1;0;0;0;0;0;1;0;0;0
90082;Autrechêne;27;90;0;0;0;0;0;0;0;0;0;0;0;0;0;0;0;0;0;0;0;0;2;0;0;0;2;1;0;0;0;0;0;0;0;0;0;0;0
90083;Recouvrance;27;90;0;0;0;0;0;0;0;0;0;0;0;0;0;0;0;0;0;0;0;0;0;0;0;0;1;0;0;0;0;0;0;0;0;0;0;0;1
90084;Reppe;27;90;0;0;0;0;0;0;0;0;0;0;0;0;0;0;0;0;0;0;0;0;1;0;0;0;0;2;0;0;0;0;1;0;0;0;0;0;0
90085;Riervescemont;27;90;0;0;0;0;0;0;0;0;0;0;0;0;0;0;0;0;0;0;0;0;0;0;0;0;0;0;0;1;0;0;1;0;0;0;0;0;0
90086;Romagny-sous-Rougemont;27;90;0;0;0;0;0;0;0;0;0;0;0;0;0;0;0;0;0;0;0;0;0;0;0;0;0;0;0;1;0;1;0;0;0;0;0;0;1
90087;Roppe;27;90;0;0;0;0;0;0;0;0;0;0;0;0;0;0;0;0;0;1;0;0;6;0;1;0;1;4;2;2;0;0;3;0;0;1;0;0;0
90088;Rougegoutte;27;90;0;0;0;0;0;0;0;0;0;0;0;0;0;0;0;0;0;0;0;0;1;0;0;0;1;3;1;0;2;0;1;0;0;2;1;0;0
90089;Rougemont-le-Château;27;90;0;0;0;0;0;0;0;0;0;0;0;0;0;0;0;2;1;0;0;1;1;0;0;0;2;4;1;1;0;0;3;0;0;4;0;0;0
90090;Saint-Dizier-l'Évêque;27;90;0;0;0;0;0;0;0;0;0;0;0;0;0;0;0;0;0;0;0;0;0;0;0;0;2;0;1;0;0;0;0;0;0;1;0;0;0
90091;Saint-Germain-le-Châtelet;27;90;0;0;0;0;0;0;0;0;0;0;0;0;0;0;0;0;0;0;0;0;3;0;0;0;8;5;2;3;0;0;1;0;0;0;0;0;0
90093;Sermamagny;27;90;0;0;0;0;0;0;0;0;0;0;0;0;0;0;0;0;0;0;0;0;1;0;0;0;0;0;5;1;1;0;2;0;0;5;0;0;0
90094;Sevenans;27;90;0;0;0;0;0;0;0;0;0;0;0;0;0;0;0;0;0;0;0;0;3;0;0;0;0;3;1;2;0;0;0;0;0;2;2;0;1
90095;Suarce;27;90;0;0;0;0;0;0;0;0;0;0;0;0;0;0;0;0;0;0;0;0;2;0;0;0;0;1;1;1;0;0;0;0;0;0;0;0;1
90096;Thiancourt;27;90;0;0;0;0;0;0;0;0;0;0;0;0;0;0;0;0;0;0;0;0;0;0;0;0;0;1;1;0;0;0;0;0;0;0;0;0;0
90097;Trévenans;27;90;0;0;0;0;0;0;0;0;0;0;0;0;0;0;0;2;1;0;0;0;6;0;0;0;2;4;8;3;3;0;1;0;0;2;0;0;0
90098;Urcerey;27;90;0;0;0;0;0;0;0;0;0;0;0;0;0;0;0;0;0;0;0;0;0;0;0;0;0;0;0;1;1;0;0;0;0;0;0;0;0
90099;Valdoie;27;90;0;0;0;0;0;0;0;0;0;0;0;0;0;0;0;5;2;1;0;0;5;2;0;2;4;11;4;2;7;2;11;3;0;11;2;1;7
90100;Vauthiermont;27;90;0;0;0;0;0;0;0;0;0;0;0;0;0;0;0;0;0;0;0;0;0;0;0;0;0;0;2;0;0;0;0;0;0;2;0;0;0
90101;Vellescot;27;90;0;0;0;0;0;0;0;0;0;0;0;0;0;0;0;0;0;0;0;0;0;0;1;0;1;0;0;1;0;0;0;0;0;0;0;0;0
90102;Vescemont;27;90;0;0;0;0;0;0;0;0;0;0;0;0;0;0;0;0;0;0;0;0;0;0;0;0;0;1;1;3;0;0;0;0;0;2;2;0;0
90103;Vétrigne;27;90;0;0;0;0;0;0;0;0;0;0;0;0;0;0;0;0;0;0;0;0;0;0;0;0;0;1;1;1;1;0;1;0;0;0;0;0;0
90104;Vézelois;27;90;0;0;0;0;0;0;0;0;0;0;0;0;0;0;0;0;0;0;0;0;1;0;0;0;1;1;0;0;1;0;1;0;0;0;0;0;0
90105;Villars-le-Sec;27;90;0;0;0;0;0;0;0;0;0;0;0;0;0;0;0;0;0;0;0;0;0;0;0;0;0;0;0;0;0;0;0;0;0;0;0;0;0
91001;Abbéville-la-Rivière;11;91;0;0;0;0;0;0;0;0;0;0;0;0;0;0;0;0;0;0;0;0;1;0;0;0;0;0;2;1;0;0;2;0;0;0;0;0;0
91016;Angerville;11;91;0;1;0;0;0;0;0;0;0;0;0;0;0;0;0;10;2;1;0;0;10;1;0;2;10;7;8;4;8;5;5;1;1;7;8;0;2
91017;Angervilliers;11;91;0;0;0;0;0;0;0;0;0;0;0;0;0;0;0;0;0;0;0;0;1;0;0;0;5;4;2;3;0;2;3;0;0;0;0;0;0
91021;Arpajon;11;91;1;0;0;0;0;0;0;0;0;0;3;1;0;0;0;11;1;1;0;0;14;3;1;5;11;12;12;18;18;8;23;1;2;45;16;3;13
91022;Arrancourt;11;91;0;0;0;0;0;0;0;0;0;0;0;0;0;0;0;0;0;0;0;0;0;0;0;0;0;0;0;1;1;1;1;0;0;0;1;0;0
91027;Athis-Mons;11;91;1;0;0;0;0;0;0;0;0;0;1;0;0;1;0;16;2;2;0;1;40;2;7;9;38;62;24;46;38;29;28;4;0;88;29;7;20
91035;Authon-la-Plaine;11;91;0;0;0;0;0;0;0;0;0;0;0;0;0;0;0;0;0;0;1;0;1;0;0;0;0;0;1;0;2;0;0;0;0;1;1;0;0
91037;Auvernaux;11;91;0;0;0;0;0;0;0;0;0;0;0;0;0;0;0;0;0;0;0;0;3;0;0;0;2;1;2;2;0;0;0;0;0;1;0;0;0
91038;Auvers-Saint-Georges;11;91;0;0;0;0;0;0;0;0;0;0;0;0;0;0;0;0;0;0;0;0;0;0;0;0;1;2;0;2;2;1;0;1;0;2;1;0;1
91041;Avrainville;11;91;0;0;0;0;0;0;0;0;0;0;0;0;0;0;0;0;2;0;0;0;6;1;0;0;2;4;4;5;2;6;1;1;0;13;2;0;0
91044;Ballainvilliers;11;91;0;0;0;0;0;0;0;0;0;0;0;0;0;0;0;0;0;0;0;0;5;0;1;0;3;2;8;19;7;11;4;0;0;7;7;0;3
91045;Ballancourt-sur-Essonne;11;91;0;1;0;0;0;0;0;0;0;0;0;0;0;0;0;8;1;1;0;0;6;1;0;2;7;6;12;13;13;5;11;1;0;14;7;2;8
91047;Baulne;11;91;0;0;0;0;0;0;0;0;0;0;0;0;0;0;0;0;1;0;0;0;3;0;0;0;2;3;1;2;1;1;1;1;0;2;0;0;1
91064;Bièvres;11;91;1;0;0;0;0;0;0;0;0;0;0;0;0;0;0;4;0;1;0;0;5;0;0;0;1;6;3;4;4;3;4;0;0;6;9;2;5
91067;Blandy;11;91;0;0;0;0;0;0;0;0;0;0;0;0;0;0;0;0;0;0;0;0;0;0;0;0;0;0;0;0;1;0;0;0;0;1;0;0;0
91069;Boigneville;11;91;0;0;0;0;0;0;0;0;0;0;0;0;0;0;0;0;0;0;0;1;1;0;0;0;2;0;0;1;0;0;1;0;0;1;1;0;0
91075;Bois-Herpin;11;91;0;0;0;0;0;0;0;0;0;0;0;0;0;0;0;0;0;0;0;0;0;0;0;0;0;0;0;0;0;0;0;0;0;0;0;0;0
91079;Boissy-la-Rivière;11;91;0;0;0;0;0;0;0;0;0;0;0;0;0;0;0;0;0;0;0;0;0;0;0;0;1;2;2;0;2;0;0;1;0;1;1;0;0
91080;Boissy-le-Cutté;11;91;0;0;0;0;0;0;0;0;0;0;0;0;0;0;0;0;0;0;0;1;0;0;0;0;3;0;1;1;2;0;1;0;0;2;0;0;0
91081;Boissy-le-Sec;11;91;0;0;0;0;0;0;0;0;0;0;0;0;0;0;0;0;0;0;0;1;0;0;0;0;3;1;1;3;1;2;1;0;0;1;1;0;0
91085;Boissy-sous-Saint-Yon;11;91;0;0;0;0;0;0;0;0;0;0;0;0;0;0;0;1;0;1;0;0;7;0;0;1;6;5;6;7;8;1;5;0;0;5;5;0;2
91086;Bondoufle;11;91;0;1;0;0;0;0;0;0;0;0;0;0;0;0;0;4;0;1;0;0;16;1;2;2;11;3;13;7;14;4;6;1;2;16;5;0;6
91093;Boullay-les-Troux;11;91;0;0;0;0;0;0;0;0;0;0;0;0;0;0;0;0;0;0;0;0;0;0;0;0;0;0;1;1;0;0;1;0;0;0;2;0;0
91095;Bouray-sur-Juine;11;91;0;0;0;0;0;0;0;0;0;0;0;0;0;0;0;0;0;1;0;0;2;0;0;0;5;3;2;5;1;3;4;1;0;0;3;0;2
91097;Boussy-Saint-Antoine;11;91;0;0;0;0;0;0;0;0;0;0;0;0;0;0;0;1;0;1;0;0;5;1;0;0;7;5;6;8;4;0;3;0;0;9;10;1;5
91098;Boutervilliers;11;91;0;0;0;0;0;0;0;0;0;0;0;0;0;0;0;0;1;0;0;0;0;0;0;0;3;0;1;1;2;1;1;0;0;1;0;0;0
91099;Boutigny-sur-Essonne;11;91;0;0;0;0;0;0;0;0;0;0;0;0;0;0;0;0;0;1;0;0;2;0;0;1;4;5;6;9;5;3;5;0;0;4;4;0;6
91100;Bouville;11;91;0;0;0;0;0;0;0;0;0;0;0;0;0;0;0;0;0;0;0;1;1;0;0;0;1;2;1;0;2;3;1;0;0;1;0;0;2
91103;Brétigny-sur-Orge;11;91;0;0;0;0;0;0;0;0;0;0;0;1;0;0;0;12;1;1;0;0;32;2;4;5;29;36;24;25;26;22;23;2;3;45;22;3;10
91105;Breuillet;11;91;0;1;0;0;0;0;0;0;0;0;0;0;0;0;0;5;0;1;0;0;7;1;1;3;19;9;11;14;5;11;7;2;0;13;10;3;9
91106;Breux-Jouy;11;91;0;0;0;0;0;0;0;0;0;0;0;0;0;0;0;0;0;0;0;0;0;0;0;0;2;3;3;2;1;0;0;0;0;2;1;0;0
91109;Brières-les-Scellés;11;91;0;0;0;0;0;0;0;0;0;0;0;0;0;0;0;0;0;0;0;0;4;0;0;0;2;0;1;2;1;1;1;0;0;0;0;0;1
91111;Briis-sous-Forges;11;91;0;0;0;0;0;0;0;0;0;0;0;0;0;0;0;1;0;1;0;0;4;0;0;1;2;6;2;5;5;3;4;0;0;6;2;0;2
91112;Brouy;11;91;0;0;0;0;0;0;0;0;0;0;0;0;0;0;0;0;0;0;0;0;0;0;0;0;0;0;0;0;0;0;0;0;0;0;0;0;0
91114;Brunoy;11;91;1;0;0;0;0;0;0;0;0;0;1;1;0;0;0;8;4;3;0;0;22;2;1;6;26;29;22;33;25;22;24;4;0;51;35;4;18
91115;Bruyères-le-Châtel;11;91;0;0;0;0;0;0;0;0;0;0;0;0;0;0;0;1;0;1;0;0;4;0;0;0;9;5;10;6;4;0;4;0;0;2;3;0;3
91121;Buno-Bonnevaux;11;91;0;0;0;0;0;0;0;0;0;0;0;0;0;0;0;0;0;0;0;0;0;0;0;0;4;1;0;0;1;0;0;1;0;1;1;0;0
91122;Bures-sur-Yvette;11;91;0;0;0;0;0;0;0;0;0;0;0;0;0;0;0;4;0;1;0;0;5;0;0;2;9;4;3;8;5;7;5;3;0;9;9;1;4
91129;Cerny;11;91;0;0;0;0;0;0;0;0;0;0;0;0;0;0;0;0;0;0;0;1;4;0;2;1;8;1;6;12;8;4;4;0;0;3;2;0;2
91130;Chalo-Saint-Mars;11;91;0;0;0;0;0;0;0;0;0;0;0;0;0;0;0;0;0;0;0;1;1;0;0;0;0;1;1;1;1;1;1;1;0;0;2;0;0
91131;Chalou-Moulineux;11;91;0;0;0;0;0;0;0;0;0;0;0;0;0;0;0;0;0;0;0;0;0;0;0;0;1;0;0;0;1;0;0;0;0;0;0;0;0
91132;Chamarande;11;91;0;0;0;0;0;0;0;0;0;0;0;0;0;0;0;0;0;0;0;0;0;0;0;2;1;2;2;3;2;1;0;0;0;0;1;0;1
91135;Champcueil;11;91;0;0;0;0;0;0;0;0;0;0;0;0;0;0;0;0;2;1;0;0;2;0;0;0;7;3;3;2;6;3;1;0;0;5;5;0;3
91136;Champlan;11;91;0;0;0;0;0;0;0;0;0;0;0;0;0;0;0;0;0;0;0;0;14;1;0;1;15;3;12;16;11;15;2;0;0;7;0;0;2
91137;Champmotteux;11;91;0;0;0;0;0;0;0;0;0;0;0;0;0;0;0;0;0;0;0;0;0;0;0;0;2;1;1;1;0;1;0;0;0;1;0;0;1
91145;Chatignonville;11;91;0;0;0;0;0;0;0;0;0;0;0;0;0;0;0;0;0;0;0;0;0;0;0;0;0;0;0;0;0;0;0;0;0;0;0;0;0
91148;Chauffour-lès-Étréchy;11;91;0;0;0;0;0;0;0;0;0;0;0;0;0;0;0;0;0;0;0;0;0;0;0;0;0;1;1;1;0;0;0;0;0;0;0;0;0
91156;Cheptainville;11;91;0;0;0;0;0;0;0;0;0;0;0;0;0;0;0;0;0;0;0;0;5;0;0;0;3;5;2;1;4;1;3;0;0;4;3;0;2
91159;Chevannes;11;91;0;0;0;0;0;0;0;0;0;0;0;0;0;0;0;0;0;0;0;0;0;0;0;0;0;2;1;3;3;0;2;0;0;1;2;0;0
91161;Chilly-Mazarin;11;91;0;0;0;0;0;0;0;0;0;0;1;0;0;0;0;9;1;2;0;0;25;2;7;2;19;22;23;33;20;18;25;4;3;50;16;3;24
91174;Corbeil-Essonnes;11;91;1;0;0;0;0;0;0;0;0;0;13;1;0;0;0;19;11;3;0;0;65;6;7;13;93;95;39;79;65;87;70;6;10;171;43;9;26
91175;Corbreuse;11;91;0;0;0;0;0;0;0;0;0;0;0;0;0;0;0;0;0;0;0;0;1;0;0;0;1;0;2;2;2;3;2;0;0;2;0;0;2
91179;Le Coudray-Montceaux;11;91;0;0;0;0;0;0;0;0;0;0;0;0;0;0;0;1;0;1;0;0;5;0;1;3;6;7;9;10;2;3;5;0;1;10;8;0;6
91180;Courances;11;91;0;0;0;0;0;0;0;0;0;0;0;0;0;0;0;0;0;0;0;0;0;0;0;0;2;0;0;0;2;0;0;0;0;1;0;0;0
91182;Courcouronnes;11;91;0;0;0;0;0;0;0;0;0;0;6;0;0;0;0;15;4;2;0;0;12;0;9;4;23;27;9;17;27;25;10;0;15;46;26;1;15
91184;Courdimanche-sur-Essonne;11;91;0;0;0;0;0;0;0;0;0;0;0;0;0;0;0;0;0;0;0;0;0;0;1;0;1;0;0;0;0;0;1;0;0;0;0;0;0
91186;Courson-Monteloup;11;91;0;0;0;0;0;0;0;0;0;0;0;0;0;0;0;0;0;0;0;0;0;0;0;0;2;0;0;1;0;1;0;0;0;1;1;0;0
91191;Crosne;11;91;0;0;0;0;0;0;0;0;0;0;0;0;0;0;0;2;0;1;0;0;11;1;0;3;8;22;17;26;16;13;10;1;0;17;15;2;6
91195;Dannemois;11;91;0;0;0;0;0;0;0;0;0;0;0;0;0;0;0;0;0;0;0;0;0;0;0;0;2;0;2;2;3;0;2;0;0;3;2;0;0
91198;D'Huison-Longueville;11;91;0;0;0;0;0;0;0;0;0;0;0;0;0;0;0;0;1;0;0;0;3;0;0;0;1;3;5;4;1;0;1;0;0;0;2;0;1
91200;Dourdan;11;91;0;1;0;0;0;0;0;0;0;0;1;1;0;0;0;10;2;1;0;0;9;2;0;4;14;13;9;14;18;7;16;2;3;35;14;4;5
91201;Draveil;11;91;1;0;0;0;0;0;0;0;0;0;1;0;0;0;0;9;6;1;3;1;17;3;1;3;40;35;29;47;38;32;33;5;1;67;29;4;18
91204;Écharcon;11;91;0;0;0;0;0;0;0;0;0;0;0;0;0;0;0;0;0;0;0;0;0;0;0;0;0;0;3;0;0;2;0;0;0;0;0;0;2
91207;Égly;11;91;0;1;0;0;0;0;0;0;0;0;0;0;0;0;0;0;0;1;0;0;6;1;0;2;11;9;14;8;16;3;9;1;0;5;6;2;3
91215;Épinay-sous-Sénart;11;91;0;0;0;0;0;0;0;0;0;0;0;0;0;0;0;3;0;1;0;0;6;0;0;3;13;19;14;15;19;15;6;0;0;9;7;2;4
91216;Épinay-sur-Orge;11;91;0;0;0;0;0;0;0;0;0;0;0;0;0;0;0;9;1;1;0;0;12;0;1;4;12;13;5;24;10;6;13;2;0;24;11;3;3
91222;Estouches;11;91;0;0;0;0;0;0;0;0;0;0;0;0;0;0;0;0;0;0;0;0;1;0;0;0;0;0;1;1;0;0;0;0;0;0;0;0;0
91223;Étampes;11;91;1;1;0;0;1;0;0;0;0;0;5;1;0;0;0;13;7;2;0;1;31;3;4;9;53;30;25;27;20;21;40;5;3;79;24;4;19
91225;Étiolles;11;91;0;0;0;0;0;0;0;0;0;0;0;0;0;0;0;0;0;0;0;0;0;0;1;0;4;1;3;2;1;1;3;0;0;3;4;1;3
91226;Étréchy;11;91;0;0;0;0;0;0;0;0;0;0;0;0;0;0;0;6;0;1;0;0;9;1;0;3;6;8;15;7;5;9;5;2;0;12;9;1;8
91228;Évry;11;91;1;1;0;1;1;1;1;1;0;0;3;1;0;0;0;21;2;5;0;1;23;3;16;14;98;77;39;64;77;81;49;2;5;139;39;8;34
91232;La Ferté-Alais;11;91;0;0;0;0;0;0;0;0;0;0;1;0;0;0;0;7;1;1;0;0;2;0;0;1;4;6;9;9;2;4;6;3;0;10;14;2;7
91235;Fleury-Mérogis;11;91;0;1;0;0;0;0;0;0;0;0;0;0;0;0;0;0;0;1;0;0;10;3;1;1;3;4;2;2;3;8;2;0;0;13;1;1;0
91240;Fontaine-la-Rivière;11;91;0;0;0;0;0;0;0;0;0;0;0;0;0;0;0;0;0;0;0;0;0;0;0;0;1;0;0;1;1;0;0;0;0;0;1;0;1
91243;Fontenay-lès-Briis;11;91;0;0;0;0;0;0;0;0;0;0;0;0;0;0;0;0;1;0;0;0;3;1;1;0;4;5;3;6;2;2;2;0;0;2;0;1;0
91244;Fontenay-le-Vicomte;11;91;0;0;0;0;0;0;0;0;0;0;0;0;0;0;0;0;0;0;0;0;8;0;1;0;16;2;8;3;0;4;1;0;0;3;4;0;1
91247;La Forêt-le-Roi;11;91;0;0;0;0;0;0;0;0;0;0;0;0;0;0;0;0;0;0;0;0;0;0;0;0;0;0;3;2;1;0;0;0;0;0;2;0;0
91248;La Forêt-Sainte-Croix;11;91;0;0;0;0;0;0;0;0;0;0;0;0;0;0;0;0;0;0;0;0;1;0;0;0;1;0;0;1;0;1;0;0;0;0;0;0;1
91249;Forges-les-Bains;11;91;0;0;0;0;0;0;0;0;0;0;0;0;0;0;0;0;0;1;0;0;4;0;1;1;8;12;4;3;7;5;2;0;0;5;3;0;2
91272;Gif-sur-Yvette;11;91;0;2;0;0;0;0;0;0;0;0;0;0;0;0;0;11;1;2;0;0;6;1;0;5;9;14;9;11;5;3;16;2;1;25;27;3;13
91273;Gironville-sur-Essonne;11;91;0;0;0;0;0;0;0;0;0;0;0;0;0;0;0;0;0;0;0;1;1;0;0;1;1;1;0;2;2;1;1;0;0;1;0;0;2
91274;Gometz-la-Ville;11;91;0;0;0;0;0;0;0;0;0;0;0;0;0;0;0;0;0;0;0;0;6;2;1;0;7;4;1;2;2;7;6;0;0;4;2;0;3
91275;Gometz-le-Châtel;11;91;0;0;0;0;0;0;0;0;0;0;0;0;0;0;0;0;0;0;0;1;4;0;0;0;5;10;6;8;2;6;1;1;0;3;1;0;0
91284;Les Granges-le-Roi;11;91;0;0;0;0;0;0;0;0;0;0;0;0;0;0;0;0;0;0;0;0;0;0;0;0;3;5;1;0;1;1;1;1;0;1;1;0;0
91286;Grigny;11;91;1;0;0;0;0;0;0;0;0;0;1;0;0;0;0;4;1;1;0;1;17;3;4;5;60;48;15;47;29;43;15;1;1;38;20;2;8
91292;Guibeville;11;91;0;0;0;0;0;0;0;0;0;0;0;0;0;0;0;0;0;0;0;0;2;0;1;0;1;3;3;1;0;1;1;0;0;1;1;0;0
91293;Guigneville-sur-Essonne;11;91;0;1;0;0;0;0;0;0;0;0;0;0;0;0;0;0;0;0;0;0;0;0;0;0;0;1;0;4;1;0;0;0;0;0;0;0;2
91294;Guillerval;11;91;0;0;0;0;0;0;0;0;0;0;0;0;0;0;0;0;0;0;0;0;2;0;0;1;1;2;0;3;1;3;0;0;0;1;1;0;0
91312;Igny;11;91;0;0;0;0;0;0;0;0;0;0;0;0;0;0;0;7;1;1;0;0;12;1;0;3;6;12;10;17;11;7;9;2;0;17;12;0;9
91315;Itteville;11;91;0;0;0;0;0;0;0;0;0;0;0;0;0;0;0;0;0;1;0;0;9;1;0;0;13;9;6;14;7;4;3;1;0;10;9;0;5
91318;Janville-sur-Juine;11;91;0;0;0;0;0;0;0;0;0;0;0;0;0;0;0;0;0;0;0;0;1;0;0;0;3;2;2;3;0;1;2;0;0;0;5;1;2
91319;Janvry;11;91;0;0;0;0;0;0;0;0;0;0;0;0;0;0;0;0;0;0;0;0;1;0;0;0;0;2;1;2;0;0;2;2;0;4;0;0;0
91326;Juvisy-sur-Orge;11;91;1;0;0;0;1;0;0;0;0;0;3;2;0;0;0;11;4;1;1;0;11;0;4;8;30;51;22;22;24;38;28;1;4;72;25;8;16
91330;Lardy;11;91;0;1;0;0;0;0;0;0;0;0;0;0;0;0;0;6;3;1;0;0;6;0;0;1;8;4;4;7;7;3;6;2;0;12;6;0;4
91332;Leudeville;11;91;0;0;0;0;0;0;0;0;0;0;0;0;0;0;0;0;1;0;0;0;2;0;0;0;5;2;3;2;3;2;2;0;0;2;1;0;1
91333;Leuville-sur-Orge;11;91;0;0;0;0;0;0;0;0;0;0;0;0;0;0;0;0;0;0;0;0;8;0;0;0;10;6;8;11;2;3;6;0;0;2;7;1;4
91338;Limours;11;91;0;1;0;0;0;0;0;0;0;0;1;0;0;0;0;7;1;1;0;0;10;1;0;1;12;7;5;8;8;4;8;3;0;9;12;2;2
91339;Linas;11;91;0;0;0;0;0;0;0;0;0;0;0;0;0;0;0;1;0;1;0;0;23;1;0;3;20;17;12;32;12;19;6;0;0;15;15;2;6
91340;Lisses;11;91;0;0;0;0;0;0;0;0;0;0;0;0;0;0;0;3;1;1;0;0;13;1;2;1;18;10;19;17;11;11;5;0;1;18;14;0;5
91345;Longjumeau;11;91;1;1;0;0;1;1;0;0;0;0;1;1;0;0;0;11;3;1;1;0;16;2;5;4;25;24;26;27;15;19;26;6;6;64;13;3;10
91347;Longpont-sur-Orge;11;91;0;0;0;0;0;0;0;0;0;0;0;0;0;0;0;0;0;0;0;1;6;0;0;1;15;9;5;24;14;6;8;0;0;13;7;2;4
91359;Maisse;11;91;0;0;0;0;0;0;0;0;0;0;0;0;0;0;0;3;0;1;0;0;5;0;0;0;2;5;6;6;5;3;3;0;0;5;3;0;1
91363;Marcoussis;11;91;0;0;0;0;0;0;0;0;0;0;0;0;0;0;0;5;0;1;0;0;12;0;0;2;11;19;4;18;8;13;7;3;0;19;13;1;7
91374;Marolles-en-Beauce;11;91;0;0;0;0;0;0;0;0;0;0;0;0;0;0;0;0;0;0;0;0;0;0;0;0;0;0;0;0;1;0;0;0;0;0;0;0;1
91376;Marolles-en-Hurepoix;11;91;0;1;0;0;0;0;0;0;0;0;0;0;0;0;0;3;0;1;0;0;3;0;0;3;7;7;5;7;8;4;3;2;0;3;6;0;1
91377;Massy;11;91;1;0;0;0;0;0;0;0;0;0;9;0;0;0;0;22;2;3;1;0;31;3;18;5;29;39;19;57;31;35;44;4;15;114;32;9;21
91378;Mauchamps;11;91;0;0;0;0;0;0;0;0;0;0;0;0;0;0;0;0;0;0;0;0;1;0;0;0;0;0;0;0;1;0;0;0;0;0;0;0;0
91386;Mennecy;11;91;0;1;0;0;0;0;0;0;0;0;1;0;0;0;0;8;2;1;0;0;12;3;2;5;9;16;8;8;18;5;11;3;1;31;20;2;6
91390;Méréville;11;91;0;1;0;0;0;0;0;0;0;0;0;0;0;0;0;5;0;1;0;0;5;0;0;0;5;3;11;6;8;2;5;1;0;6;4;0;1
91393;Mérobert;11;91;0;0;0;0;0;0;0;0;0;0;0;0;0;0;0;0;0;0;0;0;4;0;0;0;2;0;1;2;0;0;0;0;0;0;0;0;0
91399;Mespuits;11;91;0;0;0;0;0;0;0;0;0;0;0;0;0;0;0;0;0;0;0;0;0;0;0;0;1;0;0;1;0;0;0;0;0;0;0;0;0
91405;Milly-la-Forêt;11;91;0;1;0;0;0;0;0;0;0;0;0;0;0;0;0;6;2;1;0;0;12;1;0;3;3;14;12;5;4;6;12;4;0;20;13;1;8
91408;Moigny-sur-École;11;91;0;0;0;0;0;0;0;0;0;0;0;0;0;0;0;0;0;0;0;0;3;0;0;0;1;2;3;5;3;2;1;0;0;6;3;0;0
91411;Les Molières;11;91;0;0;0;0;0;0;0;0;0;0;0;0;0;0;0;0;0;0;0;0;2;0;0;0;2;0;1;2;2;0;1;0;0;2;3;0;0
91412;Mondeville;11;91;0;0;0;0;0;0;0;0;0;0;0;0;0;0;0;0;0;0;0;0;1;0;0;0;1;0;0;4;2;3;1;0;0;1;1;0;0
91414;Monnerville;11;91;0;0;0;0;0;0;0;0;0;0;0;0;0;0;0;0;0;0;0;0;1;0;0;0;0;0;1;0;0;0;1;0;0;0;0;0;0
91421;Montgeron;11;91;1;0;0;0;0;0;0;0;0;0;1;0;0;0;0;11;3;2;0;1;30;1;6;5;24;34;34;34;30;23;20;2;1;58;22;5;19
91425;Montlhéry;11;91;0;0;0;0;0;0;0;0;0;0;1;0;0;0;0;7;0;1;0;0;14;2;5;3;22;20;13;34;11;13;13;1;0;33;18;2;10
91432;Morangis;11;91;0;0;0;0;0;0;0;0;0;0;0;0;0;0;0;3;0;1;0;0;33;4;3;3;20;23;20;54;34;17;19;1;0;46;11;2;9
91433;Morigny-Champigny;11;91;0;0;0;0;0;0;0;0;0;0;0;0;0;0;0;1;0;0;0;1;8;1;0;0;1;3;4;11;7;3;5;0;0;8;4;0;2
91434;Morsang-sur-Orge;11;91;0;0;0;0;0;0;0;0;0;0;0;0;0;0;0;5;1;1;1;0;26;2;4;4;28;26;23;32;25;36;24;5;0;33;18;3;16
91435;Morsang-sur-Seine;11;91;0;0;0;0;0;0;0;0;0;0;0;0;0;0;0;0;0;0;0;0;0;0;0;0;0;2;1;1;3;1;0;0;0;3;1;0;0
91441;Nainville-les-Roches;11;91;0;0;0;0;0;0;0;0;0;0;0;0;0;0;0;0;0;0;0;0;0;0;0;0;1;1;0;1;1;0;0;0;0;0;0;0;1
91457;La Norville;11;91;0;0;0;0;0;0;0;0;0;0;0;0;0;0;0;0;0;0;0;0;9;0;0;0;6;7;4;7;4;4;4;0;0;4;3;0;5
91458;Nozay;11;91;0;1;0;0;0;0;0;0;0;0;0;0;0;0;0;1;0;1;0;0;1;0;0;1;5;8;8;12;5;5;4;1;0;4;7;1;3
91461;Ollainville;11;91;0;0;0;0;0;0;0;0;0;0;0;0;0;0;0;1;0;0;0;1;0;0;0;0;9;3;7;12;11;5;2;0;0;3;3;0;2
91463;Oncy-sur-École;11;91;0;0;0;0;0;0;0;0;0;0;0;0;0;0;0;0;0;0;0;0;2;1;0;0;2;0;1;2;2;1;5;0;0;2;0;0;2
91468;Ormoy;11;91;0;0;0;0;0;0;0;0;0;0;0;0;0;0;0;0;0;0;0;0;10;2;0;0;5;7;7;8;6;3;5;0;0;7;0;1;2
91469;Ormoy-la-Rivière;11;91;0;0;0;0;0;0;0;0;0;0;0;0;0;0;0;0;0;0;0;0;1;0;0;0;2;2;0;0;0;0;0;0;0;1;0;0;1
91471;Orsay;11;91;0;1;0;0;0;0;0;0;0;0;1;0;0;0;0;15;3;1;0;1;5;0;3;5;14;11;8;8;18;14;17;2;2;50;17;1;9
91473;Orveau;11;91;0;0;0;0;0;0;0;0;0;0;0;0;0;0;0;0;0;0;0;0;0;0;0;0;0;0;0;0;0;0;0;0;0;0;0;0;0
91477;Palaiseau;11;91;1;1;0;0;1;0;0;0;0;0;6;1;0;0;0;14;2;2;0;0;15;2;3;6;29;26;25;50;29;22;27;4;10;66;34;7;14
91479;Paray-Vieille-Poste;11;91;0;0;0;0;0;0;0;0;0;0;0;0;0;0;0;4;1;1;0;0;15;0;0;1;20;12;12;24;14;13;8;1;1;26;11;0;4
91482;Pecqueuse;11;91;0;0;0;0;0;0;0;0;0;0;0;0;0;0;0;0;0;0;0;0;0;0;0;0;0;1;2;0;0;0;1;0;0;1;0;0;1
91494;Le Plessis-Pâté;11;91;0;0;0;0;0;0;0;0;0;0;0;0;0;0;0;0;0;0;0;1;4;1;0;0;4;3;2;6;7;1;4;0;0;4;1;0;2
91495;Plessis-Saint-Benoist;11;91;0;0;0;0;0;0;0;0;0;0;0;0;0;0;0;0;0;0;0;0;0;0;0;0;0;0;1;3;0;1;0;0;0;0;0;0;0
91507;Prunay-sur-Essonne;11;91;0;0;0;0;0;0;0;0;0;0;0;0;0;0;0;0;0;0;0;0;1;0;0;0;1;1;3;2;0;0;1;0;0;0;1;0;0
91508;Puiselet-le-Marais;11;91;0;0;0;0;0;0;0;0;0;0;0;0;0;0;0;0;0;0;0;0;0;0;0;0;0;2;0;0;0;0;0;0;0;0;2;0;0
91511;Pussay;11;91;0;0;0;0;0;0;0;0;0;0;0;0;0;0;0;0;0;1;0;0;3;0;0;0;3;5;3;5;4;0;4;0;0;2;1;0;0
91514;Quincy-sous-Sénart;11;91;0;0;0;0;0;0;0;0;0;0;0;0;0;0;0;4;3;1;0;0;6;1;2;2;33;14;9;17;6;24;10;1;0;20;8;3;11
91519;Richarville;11;91;0;0;0;0;0;0;0;0;0;0;0;0;0;0;0;0;0;0;0;0;0;0;1;0;1;0;1;0;0;0;0;0;0;0;0;0;0
91521;Ris-Orangis;11;91;0;0;0;0;0;0;0;0;0;0;1;0;0;0;0;12;4;2;0;0;29;3;5;10;96;43;41;39;40;55;32;2;8;78;38;9;12
91525;Roinville;11;91;0;0;0;0;0;0;0;0;0;0;0;0;0;0;0;0;0;0;0;0;2;0;0;0;3;3;3;0;1;2;1;0;0;1;1;0;1
91526;Roinvilliers;11;91;0;0;0;0;0;0;0;0;0;0;0;0;0;0;0;0;0;0;0;0;0;0;0;0;0;0;0;1;0;0;0;0;0;0;0;0;0
91533;Saclas;11;91;0;0;0;0;0;0;0;0;0;0;0;0;0;0;0;0;0;1;0;0;2;0;0;0;6;3;4;5;2;1;2;0;0;2;3;0;2
91534;Saclay;11;91;0;0;0;0;0;0;0;0;0;0;0;0;0;0;0;2;0;0;0;0;5;0;1;1;8;5;3;7;4;2;3;0;0;8;5;0;2
91538;Saint-Aubin;11;91;0;0;0;0;0;0;0;0;0;0;0;0;0;0;0;0;0;0;0;0;0;0;1;0;0;0;1;0;0;3;0;0;0;4;2;0;0
91540;Saint-Chéron;11;91;0;1;0;0;0;0;0;0;0;0;0;0;0;0;0;6;0;1;0;0;5;0;0;1;6;7;3;7;8;5;4;1;0;10;15;1;5
91544;Saint-Cyr-la-Rivière;11;91;0;0;0;0;0;0;0;0;0;0;0;0;0;0;0;0;0;0;0;0;0;0;0;0;0;2;4;1;0;0;0;0;0;1;1;0;0
91546;Saint-Cyr-sous-Dourdan;11;91;0;0;0;0;0;0;0;0;0;0;0;0;0;0;0;1;0;0;0;0;1;0;0;0;4;0;1;4;4;2;1;0;0;1;1;0;3
91547;Saint-Escobille;11;91;0;0;0;0;0;0;0;0;0;0;0;0;0;0;0;0;0;0;0;0;0;0;0;0;0;0;0;0;2;0;0;0;0;0;1;0;0
91549;Sainte-Geneviève-des-Bois;11;91;1;0;0;0;0;0;0;0;0;0;1;1;0;0;0;23;6;3;0;0;20;3;4;14;52;55;40;43;38;41;47;7;5;94;37;6;29
91552;Saint-Germain-lès-Arpajon;11;91;0;0;0;0;0;0;0;0;0;0;0;0;0;0;0;0;0;1;0;0;16;0;2;0;23;11;7;39;6;14;5;0;0;9;6;2;5
91553;Saint-Germain-lès-Corbeil;11;91;0;0;0;0;0;0;0;0;0;0;0;0;0;0;0;4;0;1;0;0;1;0;0;2;3;6;1;5;7;2;6;0;0;20;18;0;7
91556;Saint-Hilaire;11;91;0;0;0;0;0;0;0;0;0;0;0;0;0;0;0;0;0;0;0;0;1;0;0;1;0;0;0;2;0;1;0;0;0;2;0;0;2
91560;Saint-Jean-de-Beauregard;11;91;0;0;0;0;0;0;0;0;0;0;0;0;0;0;0;0;0;0;0;0;0;0;0;0;2;0;0;1;0;0;0;0;0;3;0;0;0
91568;Saint-Maurice-Montcouronne;11;91;0;0;0;0;0;0;0;0;0;0;0;0;0;0;0;0;0;0;0;0;1;0;0;0;3;1;2;4;3;0;2;0;0;0;1;0;1
91570;Saint-Michel-sur-Orge;11;91;0;0;0;0;0;0;0;0;0;0;0;0;0;0;0;7;0;1;0;1;15;1;2;5;41;37;26;20;30;24;20;2;0;31;17;5;13
91573;Saint-Pierre-du-Perray;11;91;0;1;0;0;0;0;0;0;0;0;0;0;0;0;0;4;1;1;0;0;9;1;3;3;16;17;11;13;10;7;6;2;0;10;11;1;11
91577;Saintry-sur-Seine;11;91;0;0;0;0;0;0;0;0;0;0;0;0;0;0;0;0;1;1;0;0;9;0;0;1;4;6;2;10;10;7;1;0;0;2;8;0;3
91578;Saint-Sulpice-de-Favières;11;91;0;0;0;0;0;0;0;0;0;0;0;0;0;0;0;0;0;0;0;1;0;0;0;0;2;0;1;1;0;1;0;0;0;2;0;0;0
91579;Saint-Vrain;11;91;0;0;0;0;0;0;0;0;0;0;0;0;0;0;0;0;0;1;0;0;1;0;0;0;2;0;3;1;2;3;4;0;0;1;4;0;1
91581;Saint-Yon;11;91;0;0;0;0;0;0;0;0;0;0;0;0;0;0;0;0;0;0;0;0;1;0;0;0;1;0;2;1;0;2;0;0;0;0;4;0;1
91587;Saulx-les-Chartreux;11;91;0;0;0;0;0;0;0;0;0;0;0;0;0;0;0;0;0;1;0;0;11;0;2;0;11;11;3;15;8;8;3;1;0;12;5;0;3
91589;Savigny-sur-Orge;11;91;1;0;0;0;0;0;0;0;0;0;1;0;0;0;0;16;3;4;0;0;28;0;4;8;59;63;45;65;38;42;52;3;2;105;46;9;26
91593;Sermaise;11;91;0;0;0;0;0;0;0;0;0;0;0;0;0;0;0;0;0;0;0;0;1;0;0;0;3;5;2;9;2;1;1;3;0;1;0;0;1
91599;Soisy-sur-École;11;91;0;0;0;0;0;0;0;0;0;0;0;0;0;0;0;0;0;0;0;1;2;0;0;0;3;5;3;2;1;4;2;0;0;5;3;0;0
91600;Soisy-sur-Seine;11;91;0;1;0;0;0;0;0;0;0;0;0;0;0;0;0;5;1;1;0;1;4;0;0;2;6;5;6;12;5;7;11;4;0;9;15;1;8
91602;Souzy-la-Briche;11;91;0;0;0;0;0;0;0;0;0;0;0;0;0;0;0;0;0;0;0;0;1;0;0;0;4;1;0;0;0;0;0;0;0;0;0;0;0
91613;Congerville-Thionville;11;91;0;0;0;0;0;0;0;0;0;0;0;0;0;0;0;0;0;0;0;0;1;0;0;0;2;0;0;1;0;0;0;0;0;0;0;0;0
91617;Tigery;11;91;0;0;0;0;0;0;0;0;0;0;0;0;0;0;0;1;0;0;0;0;1;0;0;1;3;5;1;6;5;0;4;0;0;2;5;0;1
91619;Torfou;11;91;0;0;0;0;0;0;0;0;0;0;0;0;0;0;0;0;0;0;0;0;0;0;0;0;0;0;0;1;0;0;0;0;0;0;1;0;0
91629;Valpuiseaux;11;91;0;0;0;0;0;0;0;0;0;0;0;0;0;0;0;0;0;0;0;0;1;0;0;0;2;0;2;2;3;1;1;0;0;0;0;0;0
91630;Le Val-Saint-Germain;11;91;0;0;0;0;0;0;0;0;0;0;0;0;0;0;0;0;0;0;0;0;1;0;0;0;7;1;0;2;3;0;3;0;0;2;2;0;1
91631;Varennes-Jarcy;11;91;0;0;0;0;0;0;0;0;0;0;0;0;0;0;0;0;0;0;0;0;4;0;1;0;14;12;9;11;6;7;2;1;0;3;7;0;2
91634;Vaugrigneuse;11;91;0;0;0;0;0;0;0;0;0;0;0;0;0;0;0;0;0;0;0;0;2;0;0;0;4;2;5;9;3;4;0;0;0;1;0;0;1
91635;Vauhallan;11;91;0;0;0;0;0;0;0;0;0;0;0;0;0;0;0;0;0;0;0;0;0;0;0;0;1;2;1;3;1;2;1;0;0;2;7;0;0
91639;Vayres-sur-Essonne;11;91;0;0;0;0;0;0;0;0;0;0;0;0;0;0;0;0;0;0;0;0;2;0;0;1;1;1;0;2;3;2;1;0;0;1;0;0;0
91645;Verrières-le-Buisson;11;91;0;0;0;0;0;0;0;0;0;0;0;0;0;0;0;9;2;1;0;0;10;0;2;2;10;15;14;16;19;9;13;4;0;24;21;4;10
91648;Vert-le-Grand;11;91;0;0;0;0;0;0;0;0;0;0;0;0;0;0;0;1;0;1;0;0;2;0;1;0;3;1;3;7;4;3;1;0;0;2;4;0;2
91649;Vert-le-Petit;11;91;0;0;0;0;0;0;0;0;0;0;0;0;0;0;0;0;0;1;0;0;2;0;0;0;0;4;1;4;5;1;3;0;0;8;2;0;2
91654;Videlles;11;91;0;0;0;0;0;0;0;0;0;0;0;0;0;0;0;0;0;0;0;1;0;0;0;0;0;2;2;2;1;0;0;0;0;1;0;0;0
91657;Vigneux-sur-Seine;11;91;0;0;0;0;0;0;0;0;0;0;1;0;0;0;0;8;1;1;0;1;22;3;4;6;39;51;28;61;38;41;23;3;0;57;19;4;14
91659;Villabé;11;91;0;0;0;0;0;0;0;0;0;0;0;0;0;0;0;1;0;0;0;1;12;2;0;1;6;5;7;11;13;3;8;0;1;16;1;2;2
91661;Villebon-sur-Yvette;11;91;0;0;0;0;0;0;0;0;0;0;0;0;0;0;0;0;1;1;0;0;11;1;8;2;18;14;9;19;18;20;8;3;1;27;12;1;6
91662;Villeconin;11;91;0;0;0;0;0;0;0;0;0;0;0;0;0;0;0;0;0;0;0;0;0;0;0;0;1;1;4;0;0;0;0;0;0;0;0;0;1
91665;La Ville-du-Bois;11;91;0;0;0;0;0;0;0;0;0;0;0;0;0;0;0;1;0;1;0;0;10;4;2;1;11;28;12;19;8;21;10;0;0;20;1;1;5
91666;Villejust;11;91;0;0;0;0;0;0;0;0;0;0;0;0;0;0;0;0;0;0;0;0;5;0;0;0;6;5;1;5;6;7;2;0;0;16;2;0;2
91667;Villemoisson-sur-Orge;11;91;0;0;0;0;0;0;0;0;0;0;1;0;0;1;0;1;0;1;0;0;8;1;1;0;15;6;7;15;9;5;6;0;0;13;10;1;4
91671;Villeneuve-sur-Auvers;11;91;0;0;0;0;0;0;0;0;0;0;0;0;0;0;0;0;0;0;0;0;0;0;0;0;0;0;1;5;3;1;0;0;0;1;0;0;0
91679;Villiers-le-Bâcle;11;91;0;0;0;0;0;0;0;0;0;0;0;0;0;0;0;0;0;0;0;0;0;0;0;1;2;1;1;2;2;1;1;0;0;3;1;0;0
91685;Villiers-sur-Orge;11;91;0;0;0;0;0;0;0;0;0;0;0;0;0;0;0;0;0;0;1;0;5;1;2;0;4;5;3;10;7;3;5;0;0;1;5;0;0
91687;Viry-Châtillon;11;91;0;0;0;0;0;0;0;0;0;0;1;1;0;0;0;11;2;3;0;0;48;2;9;6;62;54;29;56;48;46;38;4;1;90;34;6;12
91689;Wissous;11;91;0;0;0;0;0;0;0;0;0;0;0;0;0;0;0;1;0;1;0;0;24;1;3;0;14;10;16;16;8;8;5;0;0;19;8;0;7
91691;Yerres;11;91;0;0;0;0;0;0;0;0;0;0;3;0;0;0;0;10;3;2;0;0;14;1;1;4;25;40;25;53;39;30;22;2;0;52;49;4;17
91692;Les Ulis;11;91;0;0;0;0;0;0;0;0;0;0;1;1;0;1;0;10;2;2;0;0;22;1;5;7;30;33;14;19;20;18;19;3;1;49;12;2;18
92002;Antony;11;92;1;0;0;0;1;0;0;2;0;0;2;1;0;0;0;27;3;5;0;0;34;1;8;13;35;62;45;58;45;58;45;6;2;124;57;9;33
92004;Asnières-sur-Seine;11;92;2;0;0;0;1;0;0;0;0;0;3;1;0;0;0;34;14;5;0;0;49;3;20;25;107;223;65;123;118;187;97;8;3;246;148;26;53
92007;Bagneux;11;92;0;0;0;0;0;0;0;0;0;0;1;2;0;1;0;10;6;3;0;0;46;2;10;5;23;66;29;41;48;35;22;6;0;93;20;4;16
92009;Bois-Colombes;11;92;0;0;0;0;0;0;0;1;0;0;0;0;0;0;0;15;2;1;0;2;18;2;2;5;19;57;15;37;25;35;26;3;0;92;49;9;27
92012;Boulogne-Billancourt;11;92;1;0;0;0;1;1;0;0;0;0;9;1;0;0;0;68;11;5;2;0;33;4;39;19;85;173;92;110;85;164;113;13;17;556;413;47;91
92014;Bourg-la-Reine;11;92;0;0;0;0;0;0;0;0;0;0;0;0;0;0;0;11;4;1;0;0;10;1;9;3;11;27;11;23;16;28;16;4;2;37;32;6;11
92019;Châtenay-Malabry;11;92;1;0;0;0;0;0;0;0;0;0;0;0;0;1;0;6;1;2;0;0;14;3;2;7;12;28;19;31;26;35;18;4;0;33;28;7;19
92020;Châtillon;11;92;0;0;0;0;0;0;0;0;0;0;1;0;0;0;0;11;1;2;0;0;24;2;7;7;21;40;25;31;34;25;22;6;2;73;40;8;21
92022;Chaville;11;92;0;0;0;0;0;0;0;0;0;0;0;0;0;0;0;14;2;1;0;0;5;1;2;5;15;20;14;21;12;13;17;3;0;29;20;3;10
92023;Clamart;11;92;1;0;0;0;0;0;0;0;0;0;1;0;0;0;0;21;8;3;0;0;51;2;5;13;55;85;47;79;56;66;48;6;1;138;96;11;34
92024;Clichy;11;92;3;0;0;0;0;0;0;0;0;0;3;1;0;0;0;24;6;3;0;0;44;4;22;10;73;168;45;76;68;123;64;5;12;310;68;25;29
92025;Colombes;11;92;1;0;0;0;1;0;0;0;0;0;4;1;0;0;0;25;9;4;0;0;54;4;15;15;91;141;66;102;102;93;66;10;3;197;94;18;37
92026;Courbevoie;11;92;1;0;0;0;1;0;0;0;0;0;3;1;0;0;0;70;3;5;0;0;43;3;14;13;39;77;46;80;53;97;53;8;12;264;166;19;54
92032;Fontenay-aux-Roses;11;92;0;0;0;0;0;0;0;0;0;0;0;0;0;0;0;8;1;2;0;0;15;0;2;2;9;26;7;13;16;19;13;1;0;35;26;6;6
92033;Garches;11;92;0;0;0;0;0;0;0;0;0;0;0;0;0;0;0;11;2;1;0;0;4;1;1;2;10;11;6;13;11;14;13;3;2;20;47;3;9
92035;La Garenne-Colombes;11;92;0;0;0;0;0;0;0;0;0;0;0;0;0;0;0;18;3;2;0;0;20;4;5;11;14;52;30;39;22;43;26;3;3;91;56;14;17
92036;Gennevilliers;11;92;0;0;0;0;0;0;0;0;0;0;3;1;0;1;0;11;3;3;0;0;51;3;9;9;34;68;27;64;48;60;27;2;8;159;22;10;15
92040;Issy-les-Moulineaux;11;92;1;0;0;0;0;0;0;1;0;0;5;1;0;0;0;37;5;5;1;0;24;2;8;9;32;71;42;53;49;49;45;4;2;214;124;15;33
92044;Levallois-Perret;11;92;1;0;0;0;0;0;0;0;0;0;5;1;0;0;0;53;5;4;0;0;24;2;24;12;39;84;41;79;53;78;72;7;10;402;196;31;79
92046;Malakoff;11;92;0;0;0;0;0;0;0;0;0;0;1;0;0;0;0;11;2;2;0;0;26;1;5;2;17;45;29;36;26;44;32;6;0;144;29;7;17
92047;Marnes-la-Coquette;11;92;0;0;0;0;0;0;0;0;0;0;0;0;0;0;0;0;0;1;0;0;0;0;0;0;0;1;0;0;1;0;0;0;0;6;2;1;0
92048;Meudon;11;92;1;0;0;0;0;0;0;0;0;0;1;1;0;0;0;23;3;3;0;0;19;4;4;8;32;48;30;36;33;39;37;5;0;73;69;10;19
92049;Montrouge;11;92;3;0;0;0;0;0;0;0;0;0;3;1;0;0;0;23;7;3;0;0;22;0;11;6;24;69;27;48;37;56;37;12;6;177;62;21;28
92050;Nanterre;11;92;2;1;0;1;0;1;1;2;0;0;23;1;0;0;0;48;14;7;0;0;88;7;25;13;89;136;60;138;106;126;57;6;9;256;85;10;40
92051;Neuilly-sur-Seine;11;92;1;0;0;0;0;0;0;0;0;0;7;0;0;0;0;58;5;3;0;0;17;0;23;6;46;68;33;39;42;102;49;11;20;214;382;25;65
92060;Le Plessis-Robinson;11;92;0;0;0;0;0;0;0;0;0;0;0;0;0;0;0;9;1;2;0;0;17;0;0;2;11;20;17;14;14;17;22;2;0;31;27;4;10
92062;Puteaux;11;92;3;0;0;0;1;0;0;0;1;0;1;1;0;0;0;68;3;6;0;0;22;1;21;8;30;69;26;50;38;64;58;3;13;289;91;19;44
92063;Rueil-Malmaison;11;92;1;0;0;0;0;0;0;0;0;0;1;1;0;0;0;39;8;4;0;0;29;1;16;9;54;90;50;84;60;94;54;11;9;201;117;15;44
92064;Saint-Cloud;11;92;1;0;0;0;0;0;0;0;0;0;3;0;0;0;0;18;3;3;0;0;16;0;5;6;14;15;11;17;11;15;24;5;1;74;75;12;16
92071;Sceaux;11;92;1;0;0;0;0;0;0;0;0;0;6;0;0;0;0;17;2;2;0;0;2;0;1;7;4;6;6;10;4;10;18;4;0;41;32;4;13
92072;Sèvres;11;92;1;0;0;0;0;0;0;0;0;0;5;0;0;0;0;13;2;1;0;0;5;0;4;4;12;14;13;19;16;17;15;1;1;59;49;5;18
92073;Suresnes;11;92;1;0;0;0;0;0;0;0;0;0;2;0;0;0;0;21;6;3;0;0;23;2;7;6;27;58;25;42;34;59;48;13;3;151;96;12;25
92075;Vanves;11;92;1;0;0;0;1;0;0;0;0;0;5;0;0;0;0;10;2;2;1;0;11;1;1;4;16;44;17;32;26;19;25;3;0;58;28;9;11
92076;Vaucresson;11;92;0;0;0;0;0;0;0;0;0;0;0;0;0;0;0;5;0;1;0;0;4;0;4;3;2;11;6;3;9;5;7;2;0;12;21;2;3
92077;Ville-d'Avray;11;92;0;0;0;0;0;0;0;0;0;0;0;0;0;0;0;6;2;1;0;0;6;0;1;4;7;10;5;4;2;5;8;3;0;11;25;2;6
92078;Villeneuve-la-Garenne;11;92;0;0;0;0;0;0;0;0;0;0;1;0;0;0;0;6;3;1;0;1;17;4;11;9;11;34;10;25;33;26;16;1;0;65;16;4;7
93001;Aubervilliers;11;93;0;0;0;0;1;0;0;0;0;0;6;1;0;1;0;13;5;3;3;0;106;6;22;9;311;348;88;149;142;383;76;4;1;402;42;33;24
93005;Aulnay-sous-Bois;11;93;0;0;0;0;1;0;0;0;0;0;2;1;0;0;0;26;5;5;0;0;76;8;20;31;128;200;90;132;136;161;59;6;15;203;55;13;40
93006;Bagnolet;11;93;0;0;0;0;0;0;0;0;0;0;1;0;0;0;0;11;9;2;0;0;42;3;12;5;186;185;63;102;65;194;26;2;0;149;31;10;13
93007;Le Blanc-Mesnil;11;93;0;0;0;0;0;0;0;0;0;0;1;1;0;1;0;7;4;3;0;0;43;4;11;12;98;132;60;85;98;107;34;4;2;154;24;7;15
93008;Bobigny;11;93;2;1;0;1;1;1;1;0;0;1;18;1;0;0;0;16;3;3;1;1;36;1;14;7;209;214;72;115;142;211;18;1;2;123;19;10;14
93010;Bondy;11;93;0;0;0;0;0;0;0;0;0;0;2;0;0;0;0;11;7;4;0;0;18;2;13;12;124;144;61;78;84;122;40;2;1;115;14;10;14
93013;Le Bourget;11;93;0;0;0;0;0;0;0;0;0;0;0;0;0;0;0;6;3;1;0;0;8;2;5;6;31;60;15;21;39;61;16;0;1;52;17;4;4
93014;Clichy-sous-Bois;11;93;0;0;0;0;0;0;0;0;0;0;0;1;0;1;0;2;2;2;0;0;21;0;6;6;162;80;46;78;56;87;19;0;1;54;5;7;9
93015;Coubron;11;93;0;0;0;0;0;0;0;0;0;0;0;0;0;0;0;0;0;1;0;0;6;0;0;1;5;5;10;17;5;8;4;0;0;4;7;2;8
93027;La Courneuve;11;93;0;0;0;0;0;0;0;0;0;0;1;1;0;1;0;5;4;3;0;0;53;4;10;9;113;106;39;44;55;133;30;1;0;172;6;13;9
93029;Drancy;11;93;0;0;0;0;0;0;0;0;0;0;2;1;0;0;0;13;17;4;0;0;59;4;11;25;272;265;120;143;145;260;76;2;5;166;46;16;33
93030;Dugny;11;93;0;0;0;0;0;0;0;0;0;0;0;0;0;0;0;1;0;1;0;0;13;0;2;3;6;10;2;11;7;5;8;0;0;8;1;1;6
93031;Épinay-sur-Seine;11;93;0;0;0;0;0;0;0;1;0;0;1;1;0;1;0;7;4;3;0;0;47;4;13;12;149;106;51;81;70;133;50;3;0;151;26;12;15
93032;Gagny;11;93;0;0;0;0;0;0;0;0;0;0;1;0;0;0;0;9;5;2;0;0;34;4;8;9;82;98;48;86;73;92;36;3;2;65;27;8;19
93033;Gournay-sur-Marne;11;93;0;0;0;0;0;0;0;0;0;0;0;0;0;0;0;5;0;1;0;0;7;0;0;2;4;6;16;12;7;7;11;3;1;22;15;0;6
93039;L'Île-Saint-Denis;11;93;0;0;0;0;0;0;0;0;0;0;0;0;0;0;0;0;0;1;0;0;10;0;1;1;3;18;9;7;8;10;7;0;1;18;0;1;1
93045;Les Lilas;11;93;1;0;0;0;0;0;0;0;0;0;0;0;0;0;0;7;1;1;0;0;15;0;4;5;19;29;22;25;28;28;26;1;0;74;21;5;14
93046;Livry-Gargan;11;93;0;0;0;0;0;0;0;0;0;0;4;1;0;0;0;11;2;2;0;0;46;3;12;12;152;113;59;82;65;91;44;3;5;97;45;12;36
93047;Montfermeil;11;93;0;0;0;0;0;0;0;0;0;0;1;0;0;0;0;5;5;2;0;0;27;1;4;8;137;85;92;151;59;108;26;2;1;29;21;4;17
93048;Montreuil;11;93;0;0;0;0;1;0;0;0;1;2;5;1;0;0;0;37;11;6;0;0;101;6;21;23;358;381;212;254;208;481;86;7;5;450;83;31;44
93049;Neuilly-Plaisance;11;93;1;0;0;0;0;0;0;0;0;0;1;0;0;0;0;7;0;1;1;0;14;2;4;4;37;58;14;40;35;36;24;1;0;52;27;3;14
93050;Neuilly-sur-Marne;11;93;0;0;0;0;0;0;0;0;0;0;3;1;0;0;0;9;3;2;0;0;26;2;6;13;54;46;27;71;41;59;35;4;0;57;19;6;16
93051;Noisy-le-Grand;11;93;0;0;0;0;0;0;0;0;5;0;2;1;0;0;0;31;6;4;0;1;30;3;8;11;83;128;73;121;100;92;47;6;9;143;60;9;41
93053;Noisy-le-Sec;11;93;0;0;0;0;0;0;0;0;0;0;2;1;0;0;0;11;5;2;0;0;33;2;14;12;84;129;50;79;70;117;32;2;1;98;21;14;19
93055;Pantin;11;93;0;0;0;0;1;0;0;1;0;0;5;1;0;1;0;16;15;3;0;0;59;3;10;17;370;398;124;134;124;344;58;1;7;274;34;21;22
93057;Les Pavillons-sous-Bois;11;93;0;0;0;0;0;0;0;0;0;0;0;1;0;0;0;7;2;1;0;0;27;1;2;8;74;83;48;70;43;65;28;1;1;113;20;9;16
93059;Pierrefitte-sur-Seine;11;93;0;0;0;0;0;0;0;0;0;0;0;0;0;0;0;5;4;2;0;0;49;4;5;6;84;109;45;49;53;91;27;5;1;101;4;6;4
93061;Le Pré-Saint-Gervais;11;93;0;0;0;0;0;0;0;0;0;0;0;0;0;0;0;5;1;1;0;0;9;1;1;4;31;56;28;37;22;56;19;2;0;58;13;8;8
93062;Le Raincy;11;93;0;0;0;0;1;0;0;0;0;0;3;0;0;0;0;15;3;1;0;0;15;2;5;6;38;42;24;31;40;57;23;1;1;47;34;4;20
93063;Romainville;11;93;0;0;0;0;0;0;0;1;0;0;0;0;0;0;0;6;3;1;0;0;23;4;5;6;67;60;44;49;51;71;26;1;0;81;20;9;7
93064;Rosny-sous-Bois;11;93;0;0;0;0;0;0;0;0;0;0;2;1;0;0;0;14;2;3;0;1;16;3;9;12;56;99;42;84;72;81;35;2;12;104;28;8;23
93066;Saint-Denis;11;93;1;0;0;0;1;0;0;1;0;0;6;1;0;1;0;53;9;7;1;0;84;6;56;32;214;391;115;152;211;298;135;3;21;516;56;28;46
93070;Saint-Ouen;11;93;0;0;0;0;1;0;0;0;0;0;4;1;0;0;0;21;17;4;1;0;53;2;19;10;80;197;45;90;83;146;40;3;1;290;36;18;33
93071;Sevran;11;93;0;0;0;0;0;0;0;0;0;0;1;1;1;0;0;7;2;3;0;0;33;2;9;13;54;90;36;78;58;57;27;4;0;101;17;8;9
93072;Stains;11;93;0;0;0;0;0;0;0;0;0;0;1;1;0;0;0;4;2;3;0;0;30;2;11;8;54;90;51;53;51;68;22;2;0;104;11;6;8
93073;Tremblay-en-France;11;93;0;0;0;0;0;0;0;0;0;0;1;1;0;0;0;9;5;3;0;1;33;4;12;8;43;52;33;54;41;41;29;4;8;102;18;9;19
93074;Vaujours;11;93;0;0;0;0;0;0;0;0;0;0;0;0;0;0;0;1;0;1;0;0;13;2;1;3;8;16;7;23;12;11;14;1;0;26;10;1;2
93077;Villemomble;11;93;0;0;0;0;0;0;0;0;0;0;0;0;0;0;0;13;3;1;0;0;29;1;3;8;44;69;38;46;47;41;31;3;1;86;34;7;22
93078;Villepinte;11;93;0;0;0;0;0;0;0;0;0;0;6;0;0;0;0;14;11;2;0;0;40;4;8;12;28;50;36;52;41;46;29;2;26;70;15;1;14
93079;Villetaneuse;11;93;0;0;0;0;0;0;0;0;0;0;0;0;0;0;0;1;4;1;0;0;24;2;3;2;12;20;12;17;18;15;7;0;0;37;2;1;4
94001;Ablon-sur-Seine;11;94;0;0;0;0;0;0;0;0;0;0;0;0;0;0;0;4;0;1;0;0;4;0;0;1;12;9;6;8;6;13;5;2;0;9;4;2;12
94002;Alfortville;11;94;1;0;0;0;0;0;0;0;0;0;1;1;0;0;0;11;5;2;0;0;40;2;11;6;76;89;53;92;61;115;41;2;1;154;38;13;31
94003;Arcueil;11;94;0;0;0;0;0;0;0;0;0;0;0;1;0;0;0;11;5;1;0;0;20;2;5;3;18;35;17;28;19;24;20;9;0;72;8;9;12
94004;Boissy-Saint-Léger;11;94;2;0;0;0;0;0;0;0;0;0;6;0;0;0;1;7;1;2;0;0;18;1;0;2;22;37;18;25;21;38;14;4;0;30;16;2;12
94011;Bonneuil-sur-Marne;11;94;1;0;0;0;0;0;0;0;0;0;0;0;0;0;1;3;3;1;0;0;17;6;7;4;17;24;23;23;13;22;14;1;2;48;7;4;7
94015;Bry-sur-Marne;11;94;0;0;0;0;0;0;0;0;0;0;0;0;0;0;0;7;3;1;0;0;0;0;2;3;7;16;18;25;23;24;20;1;0;34;22;4;10
94016;Cachan;11;94;1;0;0;0;0;0;0;0;0;0;1;1;0;0;0;9;4;2;0;0;10;1;3;2;9;31;14;32;27;26;15;1;1;66;19;5;11
94017;Champigny-sur-Marne;11;94;2;0;0;0;0;0;0;0;0;0;2;1;0;1;0;24;10;5;0;0;75;8;21;11;141;187;91;127;105;186;68;5;4;167;53;21;28
94018;Charenton-le-Pont;11;94;1;0;0;0;1;0;0;0;0;0;4;0;0;0;0;25;1;2;0;0;13;1;8;4;11;33;14;25;14;39;32;3;1;89;56;7;41
94019;Chennevières-sur-Marne;11;94;1;0;0;0;0;0;0;0;0;0;1;1;0;0;0;9;1;2;0;0;23;3;2;2;32;34;31;35;31;49;15;2;1;40;27;3;18
94021;Chevilly-Larue;11;94;1;0;0;0;0;0;0;0;0;0;0;0;0;0;0;13;2;1;0;1;20;0;3;7;15;23;12;26;26;21;15;3;15;50;16;5;7
94022;Choisy-le-Roi;11;94;1;0;0;0;0;0;0;1;0;0;2;1;1;0;0;11;6;2;0;0;30;7;4;9;56;78;48;83;66;64;49;8;6;124;27;12;23
94028;Créteil;11;94;3;0;0;1;0;1;1;0;0;0;22;1;0;0;0;38;7;5;0;0;47;4;14;15;52;118;59;103;81;98;61;16;9;207;63;18;45
94033;Fontenay-sous-Bois;11;94;1;0;0;0;0;0;0;0;0;0;0;1;0;0;0;38;3;4;0;0;30;2;7;13;99;93;63;73;60;89;35;4;2;136;57;13;24
94034;Fresnes;11;94;0;0;0;0;0;0;0;0;0;0;1;0;0;0;0;6;2;2;0;0;10;0;2;2;17;22;13;12;20;13;13;2;0;36;16;6;16
94037;Gentilly;11;94;0;0;0;0;0;0;0;0;0;0;0;0;0;0;0;9;4;2;0;0;10;1;1;2;17;35;13;23;16;26;12;1;1;62;12;6;7
94038;L'Haÿ-les-Roses;11;94;1;0;0;0;0;0;0;0;0;0;2;0;0;0;0;9;0;1;0;1;22;1;3;5;22;28;20;31;20;32;23;2;0;53;11;4;16
94041;Ivry-sur-Seine;11;94;2;0;0;0;1;0;0;0;0;0;3;1;0;0;0;23;7;4;0;0;52;4;12;10;77;136;65;86;75;123;52;5;2;265;32;22;31
94042;Joinville-le-Pont;11;94;0;0;0;0;0;0;0;0;0;0;0;0;0;0;0;12;2;2;0;0;14;0;1;2;7;26;7;27;16;23;18;2;0;43;25;2;16
94043;Le Kremlin-Bicêtre;11;94;1;0;0;0;0;0;0;0;0;0;1;0;0;0;0;12;2;1;1;0;7;0;3;4;17;40;12;18;19;14;27;2;0;86;22;6;13
94044;Limeil-Brévannes;11;94;0;0;0;0;0;0;0;0;0;0;0;0;0;0;0;4;7;1;0;0;12;0;3;3;21;37;29;43;26;27;14;2;0;37;16;3;18
94046;Maisons-Alfort;11;94;1;0;0;0;0;0;0;1;0;0;2;1;0;0;0;22;4;5;0;0;35;1;6;13;38;76;48;74;49;82;59;8;7;110;67;18;41
94047;Mandres-les-Roses;11;94;0;0;0;0;0;0;0;0;0;0;0;0;0;0;0;2;0;1;0;0;10;0;0;1;10;11;7;16;10;14;4;1;0;9;9;1;5
94048;Marolles-en-Brie;11;94;0;0;0;0;0;0;0;0;0;0;0;0;0;0;0;2;0;1;0;0;3;0;1;1;4;5;5;3;3;4;5;4;1;10;4;2;2
94052;Nogent-sur-Marne;11;94;1;0;0;0;1;0;0;0;0;0;4;1;0;0;1;19;4;2;1;1;14;0;3;8;21;29;26;27;25;36;31;6;1;69;57;8;32
94053;Noiseau;11;94;0;0;0;0;0;0;0;0;0;0;0;0;0;0;0;0;0;1;0;0;4;0;0;0;6;9;8;14;14;13;4;1;0;9;4;1;4
94054;Orly;11;94;0;0;0;0;0;0;0;0;0;0;1;0;0;0;1;9;2;4;0;0;16;1;12;5;24;46;21;23;17;19;13;1;5;61;7;2;6
94055;Ormesson-sur-Marne;11;94;0;0;0;0;0;0;0;0;0;0;0;0;0;0;0;4;3;1;0;0;8;1;1;1;25;23;11;24;20;25;13;2;0;30;14;1;14
94056;Périgny;11;94;0;0;0;0;0;0;0;0;0;0;0;0;0;0;0;0;0;0;0;0;3;0;0;0;2;2;1;7;3;3;2;0;0;0;2;0;1
94058;Le Perreux-sur-Marne;11;94;0;0;0;0;0;0;0;0;0;0;0;0;0;0;1;12;2;2;1;0;26;3;5;10;29;59;33;51;46;51;38;5;0;83;62;10;37
94059;Le Plessis-Trévise;11;94;0;0;0;0;0;0;0;0;0;0;0;0;0;0;0;6;1;1;0;0;13;1;3;3;41;44;30;38;29;51;17;4;0;24;17;4;15
94060;La Queue-en-Brie;11;94;0;0;0;0;0;0;0;0;0;0;0;0;0;0;0;2;0;1;0;0;16;1;1;1;12;21;20;32;14;29;7;2;0;17;5;2;4
94065;Rungis;11;94;0;0;0;0;0;0;0;0;0;0;0;0;0;0;0;7;0;2;0;0;9;1;9;1;1;8;3;10;11;11;4;2;15;36;5;3;3
94067;Saint-Mandé;11;94;0;0;0;0;0;0;0;0;0;0;0;0;0;0;0;12;3;1;0;0;5;0;0;2;4;15;16;20;10;14;25;2;1;61;45;7;31
94068;Saint-Maur-des-Fossés;11;94;1;0;0;0;1;0;0;0;0;0;5;1;0;0;1;50;7;5;0;0;70;8;8;17;123;138;122;143;126;150;101;15;17;248;165;23;80
94069;Saint-Maurice;11;94;0;0;0;0;0;0;0;0;2;0;1;0;0;0;0;8;0;2;0;0;3;0;0;2;8;15;5;18;14;8;8;4;0;40;16;4;9
94070;Santeny;11;94;0;0;0;0;0;0;0;0;0;0;0;0;0;0;0;0;0;1;0;0;4;0;0;2;3;4;11;10;5;9;3;1;1;8;6;0;4
94071;Sucy-en-Brie;11;94;1;0;0;0;1;0;0;0;0;0;0;1;0;0;0;10;3;1;0;1;19;0;0;4;35;25;22;44;26;35;29;3;1;39;30;5;20
94073;Thiais;11;94;0;0;0;0;0;0;0;0;0;0;0;0;0;0;0;10;10;2;0;0;28;1;3;4;22;47;22;33;21;35;18;3;0;76;25;4;8
94074;Valenton;11;94;0;0;0;0;0;0;0;0;0;0;0;0;0;0;0;3;0;1;0;0;19;1;4;2;20;20;17;25;14;14;7;1;0;31;2;5;5
94075;Villecresnes;11;94;0;0;0;0;0;0;0;0;0;0;0;0;0;0;0;4;2;1;0;0;8;1;1;2;22;19;10;24;12;24;14;1;0;16;9;0;6
94076;Villejuif;11;94;0;0;0;0;1;0;0;0;0;0;3;1;0;1;1;18;9;4;0;0;44;6;16;9;41;83;48;60;47;72;47;3;1;149;35;14;26
94077;Villeneuve-le-Roi;11;94;0;0;0;0;0;0;0;0;0;0;0;0;0;0;0;10;3;2;0;0;45;2;3;6;54;49;32;50;34;47;15;2;0;42;12;7;10
94078;Villeneuve-Saint-Georges;11;94;2;0;0;0;0;1;0;0;0;0;1;1;0;0;0;8;1;2;1;1;42;3;3;8;51;79;44;103;37;73;39;3;1;87;20;10;15
94079;Villiers-sur-Marne;11;94;0;0;0;0;0;0;0;0;0;0;1;0;0;0;0;10;7;2;0;0;18;0;4;4;29;66;25;33;43;32;20;5;0;47;32;3;15
94080;Vincennes;11;94;1;0;0;0;0;0;0;0;0;0;3;1;0;0;0;31;5;3;0;0;29;2;9;10;43;72;39;56;54;85;63;7;6;176;89;23;55
94081;Vitry-sur-Seine;11;94;1;0;0;0;0;0;0;0;0;0;3;1;0;0;0;16;7;4;0;0;70;3;11;10;129;230;91;140;103;165;54;2;3;219;56;18;32
95002;Ableiges;11;95;0;0;0;0;0;0;0;0;0;0;0;0;0;0;0;0;0;0;0;0;1;0;0;0;0;1;2;2;2;1;0;0;0;3;2;0;0
95008;Aincourt;11;95;0;0;0;0;0;0;0;0;0;0;0;0;0;0;0;0;0;0;0;0;1;0;0;0;0;0;0;1;1;0;0;0;0;1;1;0;2
95011;Ambleville;11;95;0;0;0;0;0;0;0;0;0;0;0;0;0;0;0;0;0;0;0;0;0;0;0;0;2;0;0;1;2;0;0;0;0;0;0;0;0
95012;Amenucourt;11;95;0;0;0;0;0;0;0;0;0;0;0;0;0;0;0;0;0;0;0;0;0;0;0;0;1;0;0;1;0;2;0;0;0;0;0;0;0
95014;Andilly;11;95;0;0;0;0;0;0;0;0;0;0;0;0;0;0;0;0;0;1;0;0;6;0;1;0;12;9;6;7;5;5;2;0;0;2;6;0;1
95018;Argenteuil;11;95;1;0;0;0;0;1;0;0;0;0;7;1;0;1;0;30;11;8;0;0;161;6;37;28;197;270;144;266;189;256;116;4;10;321;76;24;45
95019;Arnouville;11;95;0;0;0;0;0;0;0;0;0;0;0;0;1;0;0;8;0;2;0;0;19;1;1;10;59;31;14;27;32;53;28;0;3;48;13;6;16
95023;Arronville;11;95;0;0;0;0;0;0;0;0;0;0;0;0;0;0;0;0;0;0;0;1;0;0;0;0;0;0;2;2;1;2;0;0;0;3;0;0;0
95024;Arthies;11;95;0;0;0;0;0;0;0;0;0;0;0;0;0;0;0;0;0;0;0;0;0;0;0;0;0;0;2;0;0;0;0;0;0;0;0;1;0
95026;Asnières-sur-Oise;11;95;0;0;0;0;0;0;0;0;0;0;0;0;0;0;0;0;0;1;0;0;2;0;0;0;4;3;6;6;5;1;4;0;0;1;3;0;3
95028;Attainville;11;95;0;0;0;0;0;0;0;0;0;0;0;0;0;0;0;0;0;0;0;0;3;0;0;0;2;2;0;1;4;0;1;0;0;1;2;0;1
95039;Auvers-sur-Oise;11;95;0;1;0;0;0;0;0;0;0;0;0;0;0;0;0;4;0;1;0;0;7;0;0;1;12;7;12;22;5;6;8;0;0;23;8;0;7
95040;Avernes;11;95;0;0;0;0;0;0;0;0;0;0;0;0;0;0;0;0;0;1;0;0;2;0;0;0;0;0;0;0;2;2;0;0;0;0;0;0;0
95042;Baillet-en-France;11;95;0;0;0;0;0;0;0;0;0;0;0;0;0;0;0;0;0;0;0;0;4;0;0;0;3;1;7;0;2;9;4;0;0;4;2;0;3
95046;Banthelu;11;95;0;0;0;0;0;0;0;0;0;0;0;0;0;0;0;0;0;0;0;0;0;0;0;0;0;0;1;1;0;0;0;0;0;0;0;0;0
95051;Beauchamp;11;95;0;0;0;0;0;0;0;0;0;0;1;0;0;0;0;5;1;1;0;0;9;0;3;3;11;21;9;22;21;11;12;1;0;34;13;2;6
95052;Beaumont-sur-Oise;11;95;0;1;0;0;0;0;0;0;0;0;1;0;0;0;0;10;2;1;0;0;10;0;0;5;17;15;7;19;15;14;17;1;0;33;17;2;8
95054;Le Bellay-en-Vexin;11;95;0;0;0;0;0;0;0;0;0;0;0;0;0;0;0;0;0;0;0;0;0;0;0;0;0;0;0;0;0;0;0;0;0;1;1;0;0
95055;Bellefontaine;11;95;0;0;0;0;0;0;0;0;0;0;0;0;0;0;0;0;0;0;0;0;0;0;0;0;1;0;0;0;1;2;0;0;0;0;0;0;0
95056;Belloy-en-France;11;95;0;0;0;0;0;0;0;0;0;0;0;0;0;0;0;0;0;1;0;0;3;0;0;0;3;1;1;2;5;1;4;0;0;4;1;0;2
95058;Bernes-sur-Oise;11;95;0;0;0;0;0;0;0;0;0;0;0;0;0;0;0;0;0;0;0;0;2;0;1;3;3;2;2;3;9;1;1;0;0;3;0;1;2
95059;Berville;11;95;0;0;0;0;0;0;0;0;0;0;0;0;0;0;0;0;0;0;0;0;1;0;0;0;2;0;0;0;2;0;0;0;0;0;2;0;0
95060;Bessancourt;11;95;0;0;0;0;0;0;0;0;0;0;0;0;0;0;0;1;0;1;0;0;15;0;0;1;11;8;9;12;9;5;8;1;0;12;10;1;9
95061;Béthemont-la-Forêt;11;95;0;0;0;0;0;0;0;0;0;0;0;0;0;0;0;0;0;0;0;0;1;0;0;0;4;0;1;4;0;1;0;0;0;0;1;0;0
95063;Bezons;11;95;1;0;0;0;0;0;0;0;0;0;1;1;1;0;0;7;3;3;0;0;52;7;7;7;59;64;42;62;62;56;29;2;2;95;28;9;19
95074;Boisemont;11;95;0;0;0;0;0;0;0;0;0;0;0;0;0;0;0;0;0;0;0;0;1;0;0;0;2;1;1;0;3;0;1;0;0;2;1;0;0
95078;Boissy-l'Aillerie;11;95;0;0;0;0;0;0;0;0;0;0;0;0;0;0;0;0;0;1;0;0;10;0;0;1;4;1;7;7;4;3;2;0;0;4;2;0;3
95088;Bonneuil-en-France;11;95;0;0;0;0;0;0;0;0;0;0;0;0;0;0;0;0;0;0;0;0;2;2;1;0;3;2;7;2;4;6;0;0;2;1;0;0;1
95091;Bouffémont;11;95;0;0;0;0;0;0;0;0;0;0;0;0;1;0;0;1;0;1;0;0;6;0;1;0;5;4;4;11;5;5;1;2;0;7;3;0;4
95094;Bouqueval;11;95;0;0;0;0;0;0;0;0;0;0;0;0;0;0;0;0;0;0;0;0;0;0;0;0;2;1;0;2;0;0;0;0;0;0;0;0;0
95101;Bray-et-Lû;11;95;0;0;0;0;0;0;0;0;0;0;0;0;0;0;0;0;0;0;0;1;1;0;0;0;0;1;0;3;4;0;1;0;0;0;1;0;0
95102;Bréançon;11;95;0;0;0;0;0;0;0;0;0;0;0;0;0;0;0;0;0;0;0;0;1;0;0;0;0;0;2;0;0;0;0;0;0;0;0;0;1
95110;Brignancourt;11;95;0;0;0;0;0;0;0;0;0;0;0;0;0;0;0;0;0;0;0;0;0;0;0;0;2;0;0;1;1;0;0;0;0;0;0;1;1
95116;Bruyères-sur-Oise;11;95;0;0;0;0;0;0;0;0;0;0;0;0;0;0;0;0;0;1;0;0;2;0;1;1;0;4;1;6;4;0;2;0;0;3;1;0;2
95119;Buhy;11;95;0;0;0;0;0;0;0;0;0;0;0;0;0;0;0;0;0;0;0;0;0;0;0;0;1;1;1;0;0;1;0;0;0;0;1;0;0
95120;Butry-sur-Oise;11;95;0;0;0;0;0;0;0;0;0;0;0;0;0;0;0;0;0;0;0;1;4;0;0;0;2;1;2;6;1;2;1;2;0;1;2;0;3
95127;Cergy;11;95;1;1;0;0;0;0;0;2;0;0;20;1;1;1;0;36;0;5;0;0;40;2;16;17;41;61;33;56;87;37;47;2;53;160;35;7;34
95134;Champagne-sur-Oise;11;95;0;0;0;0;0;0;0;0;0;0;0;0;0;0;0;0;0;1;0;0;11;0;0;1;10;4;10;7;10;8;6;0;0;3;1;0;4
95139;La Chapelle-en-Vexin;11;95;0;0;0;0;0;0;0;0;0;0;0;0;0;0;0;0;0;0;0;0;0;0;0;0;0;0;0;0;0;0;0;0;0;0;0;0;0
95141;Charmont;11;95;0;0;0;0;0;0;0;0;0;0;0;0;0;0;0;0;0;0;0;0;0;0;0;0;0;0;0;0;0;0;0;0;0;0;0;0;0
95142;Chars;11;95;0;0;0;0;0;0;0;0;0;0;0;0;0;0;0;0;0;0;0;1;3;0;0;0;9;3;2;4;1;2;5;0;0;4;4;0;1
95144;Châtenay-en-France;11;95;0;0;0;0;0;0;0;0;0;0;0;0;0;0;0;0;0;0;0;0;1;0;0;0;0;0;1;1;0;0;1;0;0;0;0;0;0
95149;Chaumontel;11;95;0;0;0;0;0;0;0;0;0;0;0;0;0;0;0;1;0;0;0;0;3;0;0;0;7;3;2;7;6;4;1;0;0;4;1;0;2
95150;Chaussy;11;95;0;0;0;0;0;0;0;0;0;0;0;0;0;0;0;0;0;0;0;0;0;0;0;0;0;0;1;1;0;0;0;0;0;1;0;0;0
95151;Chauvry;11;95;0;0;0;0;0;0;0;0;0;0;0;0;0;0;0;0;0;0;0;0;0;0;0;0;2;1;1;1;1;0;0;0;0;0;1;0;0
95154;Chennevières-lès-Louvres;11;95;0;0;0;0;0;0;0;0;0;0;0;0;0;0;0;0;0;0;0;0;0;0;0;0;0;0;0;2;0;2;1;0;0;2;2;0;2
95157;Chérence;11;95;0;0;0;0;0;0;0;0;0;0;0;0;0;0;0;0;0;0;0;0;0;0;0;0;0;0;0;0;0;0;0;0;0;0;0;0;0
95166;Cléry-en-Vexin;11;95;0;0;0;0;0;0;0;0;0;0;0;0;0;0;0;0;0;0;0;0;0;0;0;0;1;0;2;1;0;0;0;0;0;1;0;0;1
95169;Commeny;11;95;0;0;0;0;0;0;0;0;0;0;0;0;0;0;0;0;0;0;0;0;0;0;0;0;0;1;0;0;2;1;0;0;0;0;0;0;0
95170;Condécourt;11;95;0;0;0;0;0;0;0;0;0;0;0;0;0;0;0;0;0;0;0;0;1;0;0;0;5;0;1;5;1;1;0;0;0;2;1;0;1
95176;Cormeilles-en-Parisis;11;95;0;0;0;0;0;0;0;0;0;0;1;0;0;0;0;9;1;1;0;0;24;2;0;4;30;35;14;42;31;21;23;1;0;29;29;4;19
95177;Cormeilles-en-Vexin;11;95;0;0;0;0;0;0;0;0;0;0;0;0;0;0;0;0;0;0;0;1;1;0;0;0;2;0;2;4;1;2;3;0;0;5;2;0;1
95181;Courcelles-sur-Viosne;11;95;0;0;0;0;0;0;0;0;0;0;0;0;0;0;0;0;0;0;0;0;1;0;0;0;0;0;0;0;2;0;1;0;0;0;1;0;0
95183;Courdimanche;11;95;0;0;0;0;0;0;0;0;0;0;0;0;0;0;0;0;0;0;1;0;3;0;0;1;7;6;3;7;9;3;3;1;0;7;7;0;6
95197;Deuil-la-Barre;11;95;1;0;0;0;0;0;0;0;0;0;0;0;0;0;0;10;3;1;0;0;21;2;3;8;46;41;30;42;35;29;22;2;0;38;25;6;16
95199;Domont;11;95;0;1;0;0;0;0;0;0;0;0;0;1;0;0;0;8;3;1;0;0;28;2;1;5;19;25;24;42;25;24;14;2;1;34;22;3;7
95203;Eaubonne;11;95;0;0;0;0;0;0;0;0;0;0;1;0;0;0;0;11;4;2;0;0;17;1;2;8;24;36;28;39;23;25;24;3;32;40;27;5;15
95205;Écouen;11;95;0;1;0;0;0;0;0;0;0;0;1;0;0;0;0;3;0;1;0;0;9;0;0;2;7;15;14;9;11;9;6;0;0;12;8;1;6
95210;Enghien-les-Bains;11;95;1;0;0;0;0;0;0;0;0;0;1;0;0;0;0;15;2;1;0;0;2;0;3;7;27;29;9;27;20;31;29;3;1;79;35;5;29
95211;Ennery;11;95;0;0;0;0;0;0;0;0;0;0;0;0;0;0;0;0;0;0;0;1;9;1;0;1;7;5;11;15;6;2;1;0;0;6;1;0;0
95212;Épiais-lès-Louvres;11;95;0;0;0;0;0;0;0;0;0;0;0;0;0;0;0;0;0;0;0;0;1;0;0;0;0;1;0;1;0;1;0;0;0;1;0;0;0
95213;Épiais-Rhus;11;95;0;0;0;0;0;0;0;0;0;0;0;0;0;0;0;0;0;0;0;0;1;0;0;0;0;0;0;2;3;1;1;0;0;0;0;0;0
95214;Épinay-Champlâtreux;11;95;0;0;0;0;0;0;0;0;0;0;0;0;0;0;0;0;1;0;0;0;0;0;0;0;0;0;0;0;0;0;0;0;0;0;0;0;0
95218;Éragny;11;95;0;0;0;0;0;0;0;0;0;0;0;0;2;0;0;5;0;1;1;0;12;0;1;2;18;16;14;36;21;16;13;1;1;28;14;0;12
95219;Ermont;11;95;1;0;0;0;0;0;0;0;0;0;10;1;0;1;0;9;3;3;1;0;17;2;1;5;22;34;22;24;23;25;28;2;0;38;14;6;21
95229;Ézanville;11;95;0;0;0;0;0;0;0;0;0;0;1;0;0;0;0;4;0;1;0;0;9;0;2;1;7;7;9;14;13;7;11;2;0;17;9;0;8
95241;Fontenay-en-Parisis;11;95;0;0;0;0;0;0;0;0;0;0;0;0;0;0;0;0;0;1;0;0;2;0;1;0;5;10;5;7;6;2;0;0;0;3;1;0;0
95250;Fosses;11;95;0;1;0;0;0;0;0;0;0;0;0;0;0;0;0;7;1;1;0;0;8;2;0;2;8;7;6;10;16;7;6;4;2;13;4;1;6
95252;Franconville;11;95;0;0;0;0;0;0;0;0;0;0;1;0;0;0;0;15;3;3;0;0;24;2;3;9;27;48;19;30;30;14;37;3;4;74;26;7;18
95253;Frémainville;11;95;0;0;0;0;0;0;0;0;0;0;0;0;0;0;0;0;0;0;0;0;0;0;0;0;1;0;3;0;0;0;0;0;0;0;0;0;0
95254;Frémécourt;11;95;0;0;0;0;0;0;0;0;0;0;0;0;0;0;0;0;0;0;0;0;0;0;0;0;2;1;1;3;2;1;0;0;0;1;0;0;0
95256;Frépillon;11;95;0;0;0;0;0;0;0;0;0;0;0;0;0;0;0;0;0;1;0;0;3;0;0;1;1;3;7;6;3;1;4;0;0;2;0;0;5
95257;La Frette-sur-Seine;11;95;0;0;0;0;0;0;0;0;0;0;0;0;0;0;0;1;0;1;0;0;2;0;0;1;4;10;4;9;3;6;1;0;0;11;3;0;6
95258;Frouville;11;95;0;0;0;0;0;0;0;0;0;0;0;0;0;0;0;0;0;0;0;0;1;0;0;0;1;2;0;0;2;2;0;0;0;0;1;0;0
95259;Gadancourt;11;95;0;0;0;0;0;0;0;0;0;0;0;0;0;0;0;0;0;0;0;0;0;0;0;0;0;0;0;0;0;0;0;0;0;2;0;0;0
95268;Garges-lès-Gonesse;11;95;0;0;0;0;0;0;0;1;0;0;6;1;0;1;0;5;4;4;0;0;31;6;9;5;100;113;56;73;60;115;22;0;2;62;10;7;7
95270;Genainville;11;95;0;0;0;0;0;0;0;0;0;0;0;0;0;0;0;0;0;0;0;0;0;0;0;0;0;1;0;1;0;2;0;0;0;3;2;0;1
95271;Génicourt;11;95;0;0;0;0;0;0;0;0;0;0;0;0;0;0;0;0;0;0;0;0;3;1;0;0;0;1;2;1;3;0;0;0;0;1;0;0;0
95277;Gonesse;11;95;1;0;0;0;1;0;0;0;0;0;1;1;3;0;0;7;6;2;0;0;39;4;9;8;70;44;25;39;35;64;12;2;0;58;12;5;5
95280;Goussainville;11;95;0;0;0;0;0;0;0;0;0;0;0;0;0;0;0;5;4;3;0;0;55;5;7;8;62;54;23;58;52;63;21;5;2;72;18;3;13
95282;Gouzangrez;11;95;0;0;0;0;0;0;0;0;0;0;0;0;0;0;0;0;0;0;0;0;0;0;0;0;0;0;0;0;0;0;0;0;0;0;0;0;0
95287;Grisy-les-Plâtres;11;95;0;0;0;0;0;0;0;0;0;0;0;0;0;0;0;0;0;0;0;1;2;0;0;0;1;1;1;0;3;0;0;0;0;3;1;0;0
95288;Groslay;11;95;0;0;0;0;0;0;0;0;0;0;0;0;1;0;0;2;0;1;0;0;14;0;2;1;13;12;10;23;11;23;11;0;0;8;7;1;2
95295;Guiry-en-Vexin;11;95;0;0;0;0;0;0;0;0;0;0;0;0;0;0;0;0;0;0;0;0;0;0;0;0;0;0;0;0;0;0;0;0;0;1;0;0;0
95298;Haravilliers;11;95;0;0;0;0;0;0;0;0;0;0;0;0;0;0;0;0;0;0;0;0;0;0;0;0;3;1;2;2;0;0;2;1;0;0;0;0;0
95301;Haute-Isle;11;95;0;0;0;0;0;0;0;0;0;0;0;0;0;0;0;0;0;0;0;0;0;0;0;0;1;1;0;2;0;0;0;0;0;0;0;0;0
95303;Le Heaulme;11;95;0;0;0;0;0;0;0;0;0;0;0;0;0;0;0;0;0;0;0;0;0;0;0;0;0;1;1;0;0;0;0;0;0;0;0;0;0
95304;Hédouville;11;95;0;0;0;0;0;0;0;0;0;0;0;0;0;0;0;0;0;0;0;0;0;0;0;0;1;0;0;2;0;0;0;0;0;0;0;0;0
95306;Herblay;11;95;1;0;0;0;0;0;0;0;0;0;0;1;0;0;0;9;4;1;0;0;35;6;1;5;35;44;32;103;51;40;26;5;1;40;25;5;30
95308;Hérouville;11;95;0;0;0;0;0;0;0;0;0;0;0;0;0;0;0;0;0;0;0;0;3;0;0;0;0;1;1;3;2;1;0;0;1;1;2;0;2
95309;Hodent;11;95;0;0;0;0;0;0;0;0;0;0;0;0;0;0;0;0;0;0;0;0;1;0;0;0;0;1;1;0;0;0;0;0;0;0;0;0;0
95313;L'Isle-Adam;11;95;0;1;0;0;0;0;0;0;0;0;1;0;0;0;0;10;2;1;0;0;15;1;1;6;13;27;10;23;20;15;17;3;0;64;21;2;12
95316;Jagny-sous-Bois;11;95;0;0;0;0;0;0;0;0;0;0;0;0;0;0;0;0;0;0;0;0;0;0;0;0;1;0;2;0;1;0;0;0;0;0;0;0;0
95323;Jouy-le-Moutier;11;95;0;0;0;0;0;0;0;0;0;0;0;0;1;0;0;4;0;1;0;0;14;2;4;5;6;10;17;21;17;7;9;1;0;11;11;3;12
95328;Labbeville;11;95;0;0;0;0;0;0;0;0;0;0;0;0;0;0;0;0;0;0;0;0;0;0;0;0;0;3;0;1;1;0;0;0;0;0;1;0;2
95331;Lassy;11;95;0;0;0;0;0;0;0;0;0;0;0;0;0;0;0;0;0;0;0;0;0;0;0;0;1;0;0;0;0;0;0;0;0;0;0;0;0
95341;Livilliers;11;95;0;0;0;0;0;0;0;0;0;0;0;0;0;0;0;0;0;0;0;0;2;0;0;0;1;0;1;0;1;0;0;0;0;0;0;0;0
95348;Longuesse;11;95;0;0;0;0;0;0;0;0;0;0;0;0;0;0;0;0;0;0;0;0;2;0;0;0;1;3;1;1;1;0;0;0;0;1;0;0;2
95351;Louvres;11;95;0;1;0;0;0;0;0;0;0;0;1;0;1;0;0;5;1;1;0;0;11;1;1;3;5;11;6;14;12;12;8;1;2;19;6;2;9
95352;Luzarches;11;95;0;1;0;0;0;0;0;0;0;0;1;0;0;0;0;3;2;1;0;0;5;0;0;3;4;7;5;5;9;4;8;3;0;13;8;2;5
95353;Maffliers;11;95;0;0;0;0;0;0;0;0;0;0;0;0;0;0;0;0;0;0;0;0;1;0;0;0;4;2;3;3;2;1;1;0;0;2;3;0;2
95355;Magny-en-Vexin;11;95;0;1;0;0;0;0;0;0;0;0;1;0;0;0;0;6;1;1;1;0;17;1;0;5;10;8;13;17;9;9;8;2;0;24;8;1;4
95365;Mareil-en-France;11;95;0;0;0;0;0;0;0;0;0;0;0;0;0;0;0;0;0;1;0;0;1;0;0;0;0;2;1;0;0;1;0;0;0;0;0;0;0
95369;Margency;11;95;0;0;0;0;0;0;0;0;0;0;0;0;0;0;0;0;0;0;0;0;1;0;0;0;5;2;0;5;0;5;3;0;0;0;2;0;1
95370;Marines;11;95;0;1;0;0;0;0;0;0;0;0;1;0;0;0;0;6;0;1;0;0;8;0;0;2;3;1;6;6;3;5;4;1;1;11;6;1;3
95371;Marly-la-Ville;11;95;0;0;0;0;0;0;0;0;0;0;0;0;0;0;0;0;0;1;0;0;0;0;1;1;3;2;2;8;6;2;3;0;2;5;8;0;2
95379;Maudétour-en-Vexin;11;95;0;0;0;0;0;0;0;0;0;0;0;0;0;0;0;0;0;0;0;0;0;0;0;0;0;0;1;0;0;0;0;0;0;0;0;0;1
95387;Menouville;11;95;0;0;0;0;0;0;0;0;0;0;0;0;0;0;0;0;0;0;0;0;0;0;0;0;0;0;0;0;0;0;0;0;0;0;0;0;0
95388;Menucourt;11;95;0;0;0;0;0;0;0;0;0;0;0;0;0;0;0;0;0;1;0;0;3;0;0;0;3;5;4;4;6;2;2;1;0;4;2;1;2
95392;Mériel;11;95;0;0;0;0;0;0;0;0;0;0;0;0;0;0;0;0;0;1;0;0;0;1;0;1;2;8;4;15;4;10;4;0;0;7;3;0;7
95394;Méry-sur-Oise;11;95;0;1;0;0;0;0;0;0;0;0;0;0;0;0;0;1;0;1;0;0;12;1;0;3;24;17;14;28;15;12;16;7;1;15;11;1;9
95395;Le Mesnil-Aubry;11;95;0;0;0;0;0;0;0;0;0;0;0;0;0;0;0;0;0;0;0;1;3;0;0;0;5;4;1;3;1;3;1;0;0;0;0;0;0
95409;Moisselles;11;95;0;0;0;0;0;0;0;0;0;0;0;0;0;0;0;1;0;1;0;0;2;0;0;0;1;2;3;4;3;5;4;0;0;11;5;2;2
95422;Montgeroult;11;95;0;0;0;0;0;0;0;0;0;0;0;0;0;0;0;0;0;0;0;0;0;0;0;0;1;0;0;0;0;2;0;0;0;1;0;0;1
95424;Montigny-lès-Cormeilles;11;95;0;0;0;0;0;0;0;0;0;0;0;0;0;0;0;3;1;2;0;0;26;1;6;5;23;31;27;45;28;36;15;3;0;41;9;2;10
95426;Montlignon;11;95;0;0;0;0;0;0;0;0;0;0;0;0;0;0;0;0;0;1;0;0;3;0;1;2;0;3;3;3;3;6;3;0;0;2;3;0;4
95427;Montmagny;11;95;0;0;0;0;0;0;0;0;0;0;0;0;0;0;0;0;0;2;0;0;14;1;3;3;19;21;17;21;23;23;10;1;0;24;5;1;6
95428;Montmorency;11;95;1;1;0;0;1;1;0;0;0;0;1;1;0;0;0;6;6;3;0;0;14;0;1;5;12;29;11;22;25;23;23;1;0;56;30;4;19
95429;Montreuil-sur-Epte;11;95;0;0;0;0;0;0;0;0;0;0;0;0;0;0;0;0;0;0;0;0;0;0;0;0;0;1;2;0;1;1;0;0;0;1;0;0;0
95430;Montsoult;11;95;0;1;0;0;0;0;0;0;0;0;0;0;0;0;0;1;0;1;0;0;4;0;0;1;0;3;7;4;5;6;5;0;1;4;7;1;2
95436;Mours;11;95;0;0;0;0;0;0;0;0;0;0;0;0;0;0;0;0;0;0;0;0;5;0;0;0;2;3;2;1;0;2;1;0;0;1;0;0;3
95438;Moussy;11;95;0;0;0;0;0;0;0;0;0;0;0;0;0;0;0;0;0;0;0;0;0;0;0;0;0;0;1;0;0;0;0;0;0;0;0;0;0
95445;Nerville-la-Forêt;11;95;0;0;0;0;0;0;0;0;0;0;0;0;0;0;0;0;0;0;0;0;0;0;0;0;1;1;0;4;1;4;0;0;0;0;0;0;0
95446;Nesles-la-Vallée;11;95;0;0;0;0;0;0;0;0;0;0;0;0;0;0;0;0;0;1;0;0;3;0;0;0;3;2;2;2;4;0;1;0;0;1;6;0;0
95447;Neuilly-en-Vexin;11;95;0;0;0;0;0;0;0;0;0;0;0;0;0;0;0;0;0;0;0;0;0;0;0;0;1;0;1;0;1;0;0;0;0;1;0;0;0
95450;Neuville-sur-Oise;11;95;0;0;0;0;0;0;0;0;0;0;0;0;0;0;0;0;0;0;0;0;0;0;1;0;4;2;6;5;1;2;2;0;0;3;1;0;1
95452;Nointel;11;95;0;0;0;0;0;0;0;0;0;0;0;0;0;0;0;0;0;0;0;0;0;0;0;0;0;0;2;1;2;2;1;0;0;1;3;0;0
95456;Noisy-sur-Oise;11;95;0;0;0;0;0;0;0;0;0;0;0;0;0;0;0;0;0;0;0;0;1;0;0;0;1;1;0;2;1;0;0;0;0;0;1;0;0
95459;Nucourt;11;95;0;0;0;0;0;0;0;0;0;0;0;0;0;0;0;0;0;0;0;0;3;0;0;0;0;1;0;2;2;1;0;0;0;1;2;0;1
95462;Omerville;11;95;0;0;0;0;0;0;0;0;0;0;0;0;0;0;0;0;0;0;0;0;0;0;0;0;0;0;0;0;2;1;0;0;0;0;0;0;0
95476;Osny;11;95;0;0;0;0;0;0;0;0;0;0;0;0;0;0;0;7;2;2;0;0;19;3;2;3;19;22;17;27;30;15;12;0;0;22;9;3;10
95480;Parmain;11;95;0;0;0;0;0;0;0;0;0;0;0;0;0;0;0;0;0;1;0;0;2;0;0;1;5;7;4;8;3;6;4;0;1;6;9;0;7
95483;Le Perchay;11;95;0;0;0;0;0;0;0;0;0;0;0;0;0;0;0;0;0;0;0;0;0;0;0;0;1;1;2;2;0;0;0;0;0;1;0;0;0
95487;Persan;11;95;1;1;0;0;0;0;0;0;0;0;0;1;1;1;0;1;2;1;0;0;15;3;1;4;17;8;7;13;21;13;15;3;2;36;5;1;3
95488;Pierrelaye;11;95;0;0;0;0;0;0;0;0;0;0;0;0;1;0;0;1;0;1;0;0;25;2;4;1;18;19;13;27;12;23;8;0;0;37;4;1;5
95489;Piscop;11;95;0;0;0;0;0;0;0;0;0;0;0;0;0;0;0;0;0;0;0;0;1;0;0;0;3;1;2;3;1;1;0;0;0;4;1;0;1
95491;Le Plessis-Bouchard;11;95;0;0;0;0;0;0;0;0;0;0;0;0;0;0;0;2;1;1;0;0;13;1;0;1;8;11;14;12;10;5;6;1;2;10;6;2;5
95492;Le Plessis-Gassot;11;95;0;0;0;0;0;0;0;0;0;0;0;0;0;0;0;0;0;0;0;0;0;0;0;0;0;2;0;0;1;1;0;0;0;0;0;0;0
95493;Le Plessis-Luzarches;11;95;0;0;0;0;0;0;0;0;0;0;0;0;0;0;0;0;0;0;0;0;0;0;0;0;0;0;0;1;0;0;0;0;0;0;0;0;0
95500;Pontoise;11;95;0;0;0;1;1;1;1;0;0;0;1;0;2;0;0;24;4;2;0;0;25;0;4;11;50;41;27;53;32;50;33;4;17;110;35;8;28
95504;Presles;11;95;0;0;0;0;0;0;0;0;0;0;0;0;0;0;0;0;0;1;0;0;5;0;1;0;6;8;5;5;8;1;4;0;0;4;5;0;2
95509;Puiseux-en-France;11;95;0;0;0;0;0;0;0;0;0;0;0;0;0;0;0;0;0;0;0;1;1;0;1;0;0;1;1;3;2;2;4;0;0;2;2;0;2
95510;Puiseux-Pontoise;11;95;0;0;0;0;0;0;0;0;0;0;0;0;0;0;0;0;0;0;0;0;4;1;0;0;3;0;2;1;0;4;1;1;0;3;2;1;0
95523;La Roche-Guyon;11;95;0;0;0;0;0;0;0;0;0;0;0;0;0;0;0;0;1;0;0;1;1;0;0;0;3;2;0;0;1;0;0;1;0;3;0;0;0
95527;Roissy-en-France;11;95;0;1;0;0;0;0;0;1;0;0;0;0;2;0;0;4;1;1;0;0;6;2;6;1;8;6;4;9;8;7;4;0;10;28;2;2;4
95529;Ronquerolles;11;95;0;0;0;0;0;0;0;0;0;0;0;0;0;0;0;0;0;0;0;0;0;0;0;0;1;2;2;3;1;0;0;0;0;1;0;0;1
95535;Sagy;11;95;0;0;0;0;0;0;0;0;0;0;0;0;0;0;0;0;0;0;0;0;1;0;0;0;1;1;1;0;1;1;2;0;0;1;0;0;1
95539;Saint-Brice-sous-Forêt;11;95;0;0;0;0;0;0;0;0;0;0;0;0;0;0;0;3;2;1;0;0;20;3;0;5;8;17;20;17;18;5;21;3;0;45;11;1;15
95541;Saint-Clair-sur-Epte;11;95;0;0;0;0;0;0;0;0;0;0;0;0;0;0;0;0;0;0;0;1;0;0;0;0;0;1;1;4;0;0;0;0;0;2;2;0;0
95543;Saint-Cyr-en-Arthies;11;95;0;0;0;0;0;0;0;0;0;0;0;0;0;0;0;0;0;0;0;0;0;0;0;0;1;0;0;0;0;0;0;0;0;0;0;0;0
95554;Saint-Gervais;11;95;0;0;0;0;0;0;0;0;0;0;0;0;0;0;0;0;0;0;0;0;0;0;0;0;1;3;1;2;1;1;0;0;0;1;0;0;0
95555;Saint-Gratien;11;95;1;0;0;0;0;0;0;1;0;0;0;0;0;0;0;8;2;2;0;0;19;1;7;8;10;30;27;18;19;24;16;4;0;56;25;6;14
95563;Saint-Leu-la-Forêt;11;95;0;0;0;0;0;0;0;0;0;0;6;0;0;0;0;6;1;2;0;0;19;1;0;3;25;27;20;45;23;20;15;1;0;27;18;5;12
95566;Saint-Martin-du-Tertre;11;95;0;0;0;0;0;0;0;0;0;0;0;0;0;0;0;0;0;1;0;0;5;0;0;0;6;2;4;3;4;1;1;0;0;3;2;0;1
95572;Saint-Ouen-l'Aumône;11;95;0;0;0;0;0;0;0;0;0;0;0;2;0;0;0;10;2;1;0;0;74;3;6;7;26;28;43;49;55;47;17;1;12;81;21;9;14
95574;Saint-Prix;11;95;0;0;0;0;0;0;0;0;0;0;0;0;0;0;0;4;0;1;0;0;5;0;0;3;11;12;9;7;11;10;3;1;0;11;6;1;3
95580;Saint-Witz;11;95;0;0;0;0;0;0;0;0;0;0;0;0;0;0;0;1;0;0;0;0;3;0;0;0;1;4;3;2;2;4;1;0;2;7;5;0;2
95582;Sannois;11;95;1;0;0;0;1;0;0;0;0;0;1;0;0;0;0;8;2;1;0;1;26;1;2;6;50;28;30;51;43;42;28;3;1;50;24;9;25
95584;Santeuil;11;95;0;0;0;0;0;0;0;0;0;0;0;0;0;0;0;0;0;0;0;0;0;0;0;0;1;2;0;3;2;0;0;0;0;1;1;0;1
95585;Sarcelles;11;95;1;0;0;0;0;0;0;0;0;0;2;1;0;1;0;14;10;3;0;0;63;5;19;20;138;113;71;113;132;183;60;5;5;180;37;9;34
95592;Seraincourt;11;95;0;0;0;0;0;0;0;0;0;0;0;0;0;0;0;0;0;0;0;0;2;0;1;0;5;5;5;6;3;1;0;0;0;6;2;0;1
95594;Seugy;11;95;0;0;0;0;0;0;0;0;0;0;0;0;0;0;0;0;0;0;0;0;1;0;0;0;4;2;3;2;1;2;2;0;0;1;0;1;0
95598;Soisy-sous-Montmorency;11;95;0;0;0;0;0;0;0;0;0;0;0;0;0;0;0;7;2;1;0;0;16;2;2;6;19;17;11;19;19;21;21;6;0;24;18;2;9
95604;Survilliers;11;95;0;0;0;0;0;0;0;0;0;0;0;0;0;0;0;0;0;1;0;0;3;0;0;1;1;4;5;4;3;4;4;2;0;10;3;0;1
95607;Taverny;11;95;1;0;0;0;0;0;0;0;0;0;0;1;0;0;0;8;2;2;0;0;37;2;1;7;16;39;20;53;23;25;26;7;2;35;33;3;23
95610;Théméricourt;11;95;0;0;0;0;0;0;0;0;0;0;0;0;0;0;0;0;0;0;0;0;0;0;0;0;0;1;0;0;0;0;1;0;0;1;0;0;0
95611;Theuville;11;95;0;0;0;0;0;0;0;0;0;0;0;0;0;0;0;0;0;0;0;0;0;0;0;0;0;1;0;1;0;0;0;0;0;0;0;0;0
95612;Le Thillay;11;95;0;0;0;0;0;0;0;0;0;0;0;0;0;0;0;0;2;1;0;0;15;2;2;1;24;10;11;13;15;21;4;0;0;8;3;2;2
95625;Us;11;95;0;0;0;0;0;0;0;0;0;0;0;0;0;0;0;0;0;1;0;0;3;0;0;0;1;2;1;4;2;1;2;0;0;2;2;0;0
95627;Vallangoujard;11;95;0;0;0;0;0;0;0;0;0;0;0;0;0;0;0;0;0;0;0;0;3;0;0;0;3;1;1;1;0;0;2;0;0;0;2;0;0
95628;Valmondois;11;95;0;0;0;0;0;0;0;0;0;0;0;0;0;0;0;0;0;0;0;1;2;0;0;0;4;5;2;1;3;2;2;0;0;2;1;0;2
95633;Vaudherland;11;95;0;0;0;0;0;0;0;0;0;0;0;0;0;0;0;0;0;0;0;0;4;0;0;0;1;0;0;0;0;0;1;0;0;1;0;0;0
95637;Vauréal;11;95;0;0;0;0;0;0;0;0;0;0;0;0;1;0;0;5;0;1;0;0;15;0;0;5;7;8;6;13;13;5;8;2;0;26;10;2;10
95641;Vémars;11;95;0;0;0;0;0;0;0;0;0;0;0;0;0;0;0;0;0;0;0;1;0;0;2;0;1;1;0;1;2;3;0;0;0;3;3;0;0
95651;Vétheuil;11;95;0;0;0;0;0;0;0;0;0;0;0;0;0;0;0;0;0;1;0;0;0;0;0;0;2;3;2;1;2;0;1;0;0;4;3;0;1
95652;Viarmes;11;95;0;1;0;0;0;0;0;0;0;0;1;0;0;0;0;5;1;1;0;0;3;1;0;1;13;7;8;10;12;13;8;3;0;11;9;2;7
95656;Vienne-en-Arthies;11;95;0;0;0;0;0;0;0;0;0;0;0;0;0;0;0;0;0;0;0;0;0;0;0;0;5;1;2;1;0;1;0;0;0;0;0;0;0
95658;Vigny;11;95;0;1;0;0;0;0;0;0;0;0;0;0;0;0;0;0;0;1;0;0;5;0;0;0;0;0;4;1;0;2;2;0;0;3;4;0;2
95660;Villaines-sous-Bois;11;95;0;0;0;0;0;0;0;0;0;0;0;0;0;0;0;0;0;0;0;0;1;0;0;0;2;0;3;6;0;0;2;0;0;0;0;0;0
95675;Villeron;11;95;0;0;0;0;0;0;0;0;0;0;0;0;0;0;0;0;0;0;0;0;3;1;0;0;0;0;0;1;1;1;0;0;0;1;0;0;0
95676;Villers-en-Arthies;11;95;0;0;0;0;0;0;0;0;0;0;0;0;0;0;0;0;0;0;0;0;0;0;0;0;1;0;0;1;1;0;0;0;0;0;0;0;0
95678;Villiers-Adam;11;95;0;0;0;0;0;0;0;0;0;0;0;0;0;0;0;0;0;0;0;1;2;0;0;0;4;0;0;4;1;0;1;0;0;0;1;0;0
95680;Villiers-le-Bel;11;95;0;0;0;0;0;0;0;0;0;0;1;0;2;1;0;6;6;2;0;0;21;2;3;6;62;46;26;25;26;50;17;2;0;54;9;2;8
95682;Villiers-le-Sec;11;95;0;0;0;0;0;0;0;0;0;0;0;0;0;0;0;0;0;0;0;0;0;0;0;0;0;0;0;0;4;2;0;0;0;0;0;0;1
95690;Wy-dit-Joli-Village;11;95;0;0;0;0;0;0;0;0;0;0;0;0;0;0;0;0;0;0;0;0;0;0;0;0;0;1;2;0;0;0;0;0;0;0;0;0;0
97101;Les Abymes;01;971;1;0;0;0;0;0;0;0;0;11;0;1;0;0;0;27;11;4;0;0;154;10;108;54;200;128;157;115;168;146;106;7;8;319;51;28;59
97102;Anse-Bertrand;01;971;0;0;0;0;0;0;0;0;0;0;0;0;0;0;0;0;1;1;0;0;6;0;8;2;29;1;8;9;3;3;3;0;0;29;1;4;5
97103;Baie-Mahault;01;971;0;1;0;0;0;0;0;1;0;1;0;1;0;0;0;32;3;2;0;0;139;9;95;19;124;51;116;75;101;160;56;6;17;327;125;22;87
97104;Baillif;01;971;0;0;0;0;0;0;0;0;0;0;0;0;0;0;0;1;1;1;0;0;19;2;3;1;19;8;8;12;10;7;5;1;0;39;2;1;3
97105;Basse-Terre;01;971;0;0;1;1;1;1;1;0;0;13;0;1;0;0;0;23;4;2;0;0;33;1;22;36;37;15;27;24;29;39;46;4;3;121;20;8;16
97106;Bouillante;01;971;0;1;0;0;0;0;0;0;0;0;0;1;0;0;0;1;3;2;0;0;7;1;11;4;28;24;19;9;20;11;4;2;0;59;2;2;2
97107;Capesterre-Belle-Eau;01;971;1;1;0;0;0;0;0;0;0;1;0;1;0;0;0;6;3;3;0;0;47;2;20;12;42;30;50;14;38;21;18;1;0;104;7;3;11
97108;Capesterre-de-Marie-Galante;01;971;0;0;0;0;0;0;0;0;0;0;0;0;0;0;0;0;0;1;0;0;10;0;5;0;10;2;4;5;6;7;1;0;0;30;1;1;1
97109;Gourbeyre;01;971;0;1;0;0;0;0;0;0;0;0;0;0;0;0;0;0;0;2;0;0;13;3;10;2;25;8;20;9;8;10;5;0;0;34;1;2;2
97110;La Désirade;01;971;0;1;0;0;0;0;0;0;0;0;0;0;0;0;0;0;0;1;0;0;1;0;10;0;4;0;1;0;3;1;1;0;0;14;0;0;0
97111;Deshaies;01;971;0;1;0;0;0;0;0;0;0;0;0;0;0;0;0;0;1;1;0;0;3;0;9;2;15;13;17;8;8;10;6;0;0;81;3;1;3
97112;Grand-Bourg;01;971;0;1;0;0;0;0;0;0;0;3;0;1;0;0;0;4;2;1;0;0;6;1;18;6;17;13;14;8;10;11;8;2;1;73;6;3;4
97113;Le Gosier;01;971;0;0;0;0;0;0;0;0;0;0;0;0;0;0;0;9;4;1;1;0;63;5;69;13;91;96;95;61;71;50;30;4;1;313;76;17;33
97114;Goyave;01;971;0;0;0;0;0;0;0;0;0;0;0;0;0;0;0;0;0;1;0;0;13;1;11;7;16;4;23;7;12;7;6;1;0;23;1;1;2
97115;Lamentin;01;971;0;1;0;0;0;0;0;0;0;4;0;0;0;0;0;2;1;1;0;0;38;1;23;4;64;34;68;21;37;22;14;2;0;64;13;1;10
97116;Morne-à-l'Eau;01;971;0;1;0;0;0;0;0;0;0;1;0;1;0;0;0;3;4;2;0;0;42;3;23;11;59;23;51;25;42;8;20;2;0;91;8;7;14
97117;Le Moule;01;971;0;1;0;0;0;0;0;0;0;1;0;0;0;0;0;10;5;1;0;0;37;2;40;19;60;22;54;38;52;35;25;5;0;124;29;13;16
97118;Petit-Bourg;01;971;0;1;0;0;0;0;0;0;0;0;0;0;0;0;0;0;1;1;0;1;33;1;32;17;86;49;92;39;55;43;16;2;0;105;39;4;14
97119;Petit-Canal;01;971;0;0;0;0;0;0;0;0;0;0;0;0;0;0;0;0;1;3;0;0;22;0;13;5;29;9;25;9;26;14;9;0;0;46;2;2;2
97120;Pointe-à-Pitre;01;971;0;0;0;1;1;1;1;0;0;3;0;1;0;0;0;22;6;3;0;0;45;1;65;69;46;38;29;36;41;60;88;4;0;299;41;15;56
97121;Pointe-Noire;01;971;0;1;0;0;0;0;0;0;0;1;0;0;0;0;0;5;1;1;0;0;19;1;11;5;41;23;34;14;14;14;7;0;0;49;3;2;3
97122;Port-Louis;01;971;0;1;0;0;0;0;0;0;0;1;0;1;0;0;0;2;2;1;0;0;10;1;11;5;14;6;6;3;9;7;5;0;0;37;3;0;5
97124;Saint-Claude;01;971;0;1;0;0;0;0;0;0;0;0;0;0;0;0;0;0;1;1;0;0;17;0;13;4;23;13;21;10;9;11;5;0;0;21;4;0;4
97125;Saint-François;01;971;0;1;0;0;0;0;0;0;0;0;0;1;0;0;0;7;1;1;0;0;48;4;78;10;45;18;53;39;34;31;20;3;0;213;77;11;23
97126;Saint-Louis;01;971;0;0;0;0;0;0;0;0;0;0;0;0;0;0;0;0;0;1;0;0;4;0;11;0;7;4;9;6;9;3;0;0;0;34;1;1;0
97128;Sainte-Anne;01;971;0;1;0;0;0;0;0;0;0;1;0;0;0;0;0;5;2;2;0;1;49;2;61;16;72;44;66;55;46;39;21;3;0;159;31;9;14
97129;Sainte-Rose;01;971;0;1;0;0;0;0;0;0;0;1;0;1;0;0;0;7;2;2;0;0;51;3;40;9;76;26;59;33;52;28;17;4;0;104;15;9;19
97130;Terre-de-Bas;01;971;0;0;0;0;0;0;0;0;0;0;0;0;0;0;0;0;0;1;0;0;1;0;2;0;6;2;1;3;2;0;0;0;0;9;0;0;1
97131;Terre-de-Haut;01;971;0;1;0;0;0;0;0;0;0;0;0;0;0;0;0;0;0;1;0;0;1;0;3;0;4;2;8;4;0;2;3;0;0;45;1;1;0
97132;Trois-Rivières;01;971;0;1;0;0;0;0;0;0;0;0;0;0;0;0;0;2;1;1;0;0;19;1;12;7;28;13;19;7;26;17;7;0;0;32;0;3;3
97133;Vieux-Fort;01;971;0;0;0;0;0;0;0;0;0;1;0;0;0;0;0;0;0;1;0;0;1;0;1;0;5;0;2;0;5;2;0;0;0;8;0;0;0
97134;Vieux-Habitants;01;971;0;1;0;0;0;0;0;0;0;0;0;0;0;0;0;0;3;1;0;0;11;1;4;6;29;16;14;13;23;9;6;0;0;38;0;1;4
97201;L'Ajoupa-Bouillon;02;972;0;0;0;0;0;0;0;0;0;0;0;0;1;0;0;0;0;1;0;0;7;0;1;0;5;3;1;3;4;4;2;0;0;9;0;0;0
97202;Les Anses-d'Arlet;02;972;0;0;0;0;0;0;0;0;0;0;0;0;0;0;0;0;0;1;0;0;3;0;3;1;7;7;11;7;12;3;1;0;0;39;2;1;0
97203;Basse-Pointe;02;972;0;1;0;0;0;0;0;0;0;1;0;0;1;0;0;1;0;1;0;0;6;2;2;2;9;6;5;6;7;6;6;0;0;14;1;0;1
97204;Le Carbet;02;972;0;0;0;0;0;0;0;0;0;0;0;0;0;0;0;0;0;1;0;0;4;0;7;4;12;2;3;5;7;4;4;0;0;25;2;0;2
97205;Case-Pilote;02;972;0;1;0;0;0;0;0;0;0;0;0;0;0;0;0;0;1;1;0;0;6;0;2;2;8;3;10;7;14;7;4;1;0;11;2;2;4
97206;Le Diamant;02;972;0;1;0;0;0;0;0;0;0;0;0;0;0;0;0;1;0;1;0;0;11;0;17;1;10;5;14;13;17;8;7;1;0;54;7;2;7
97207;Ducos;02;972;0;1;0;0;0;0;0;0;0;0;0;0;1;0;0;5;1;1;0;0;61;5;16;5;48;27;49;41;45;58;24;1;0;72;24;4;18
97208;Fonds-Saint-Denis;02;972;0;0;0;0;0;0;0;0;0;0;0;0;0;0;0;0;0;0;0;1;2;0;0;0;3;2;1;0;0;0;1;0;0;2;0;0;0
97209;Fort-de-France;02;972;1;0;1;1;1;1;1;1;0;23;0;1;0;1;0;41;22;6;5;0;220;11;108;52;209;127;113;160;150;201;203;7;8;577;138;32;124
97210;Le François;02;972;0;1;0;0;0;0;0;0;0;1;0;1;0;0;0;7;1;1;0;1;41;2;22;8;58;41;28;33;35;36;34;1;0;64;15;3;14
97211;Grand'Rivière;02;972;0;0;0;0;0;0;0;0;0;0;0;0;0;0;0;0;0;1;0;0;0;0;0;0;0;2;0;0;0;1;0;0;0;6;0;0;0
97212;Gros-Morne;02;972;0;1;0;0;0;0;0;0;0;0;0;0;0;0;0;1;2;1;0;0;37;0;5;2;44;9;20;14;23;23;4;1;0;18;2;0;2
97213;Le Lamentin;02;972;1;0;0;0;0;0;0;0;0;1;0;1;2;0;1;38;6;2;0;0;160;7;71;22;123;53;58;93;100;107;74;4;19;192;68;8;61
97214;Le Lorrain;02;972;0;1;0;0;0;0;0;0;0;0;0;0;1;0;0;2;3;1;0;0;24;1;6;4;24;8;4;4;5;14;8;0;0;20;1;2;3
97215;Macouba;02;972;0;0;0;0;0;0;0;0;0;0;0;0;0;0;0;0;1;1;0;0;0;0;0;0;1;1;0;0;0;0;0;0;0;4;0;0;1
97216;Le Marigot;02;972;0;0;0;0;0;0;0;0;0;0;0;0;1;0;0;0;1;1;0;0;2;0;5;1;11;5;6;6;6;5;6;0;0;8;1;0;0
97217;Le Marin;02;972;0;1;0;0;0;0;0;0;0;2;0;1;0;0;0;9;3;1;0;0;10;4;17;3;20;11;20;15;16;7;17;4;0;66;11;6;9
97218;Le Morne-Rouge;02;972;0;1;0;0;0;0;0;0;0;0;0;0;0;0;0;1;4;1;0;0;6;0;5;3;11;7;2;6;3;7;5;0;0;26;2;2;5
97219;Le Prêcheur;02;972;0;0;0;0;0;0;0;0;0;0;0;0;0;0;0;0;0;1;0;0;1;0;0;0;4;2;0;2;0;3;1;0;0;14;1;0;0
97220;Rivière-Pilote;02;972;0;1;0;0;0;0;0;0;0;0;0;0;0;0;0;3;3;1;1;0;27;0;13;9;48;16;16;21;27;31;16;0;0;40;0;2;2
97221;Rivière-Salée;02;972;0;1;0;0;0;0;0;0;0;0;0;1;0;0;1;6;4;2;0;0;43;4;14;8;32;20;26;26;27;29;21;1;1;51;14;3;12
97222;Le Robert;02;972;0;1;0;0;0;0;0;0;0;0;0;0;2;0;0;7;2;2;0;0;35;4;20;10;84;26;40;41;49;41;26;5;1;92;12;4;9
97223;Saint-Esprit;02;972;0;1;0;0;0;0;0;0;0;1;0;0;0;0;0;1;3;1;0;0;16;1;6;9;19;14;22;6;18;19;13;0;1;21;5;4;10
97224;Saint-Joseph;02;972;0;1;0;0;0;0;0;0;0;0;0;0;1;0;0;1;5;1;0;0;45;1;13;5;39;32;18;29;43;28;19;1;0;36;9;3;8
97225;Saint-Pierre;02;972;0;1;0;0;0;0;0;0;0;2;0;1;0;0;0;4;2;1;0;0;22;3;6;4;14;1;2;7;4;3;7;2;0;59;2;3;5
97226;Sainte-Anne;02;972;0;0;0;0;0;0;0;0;0;0;0;0;0;0;0;1;1;1;1;0;10;0;11;0;8;1;8;10;5;4;1;0;0;78;5;3;3
97227;Sainte-Luce;02;972;0;1;0;0;0;0;0;0;0;0;0;0;1;0;0;2;2;1;0;0;21;0;22;4;33;10;20;13;23;17;9;0;0;78;14;1;12
97228;Sainte-Marie;02;972;0;1;0;0;0;0;0;0;0;0;0;1;2;0;0;6;5;3;0;0;32;3;7;8;70;15;11;27;25;30;32;0;0;72;4;5;5
97229;Schoelcher;02;972;0;1;0;0;0;0;0;0;0;0;0;1;0;0;0;12;2;3;0;1;43;5;15;6;39;26;19;21;29;24;28;8;0;79;39;6;37
97230;La Trinité;02;972;0;1;0;0;0;0;0;0;0;2;0;1;0;0;0;4;2;1;0;0;34;3;13;10;22;15;12;10;10;10;20;1;0;69;7;3;12
97231;Les Trois-Îlets;02;972;0;1;0;0;0;0;0;0;0;1;0;0;1;0;0;2;1;1;0;0;9;3;25;4;20;14;28;17;16;12;11;0;0;101;34;2;8
97232;Le Vauclin;02;972;0;1;0;0;0;0;0;0;0;0;0;0;1;0;0;1;2;1;0;0;10;2;3;2;20;20;14;16;9;11;8;0;0;50;4;3;3
97233;Le Morne-Vert;02;972;0;0;0;0;0;0;0;0;0;0;0;0;0;0;0;0;1;1;0;0;4;0;1;0;12;1;1;5;7;5;1;0;0;2;2;0;2
97234;Bellefontaine;02;972;0;0;0;0;0;0;0;0;0;0;0;0;0;0;0;0;0;1;0;0;3;0;1;4;1;1;2;3;0;4;2;0;0;8;0;1;0
97301;Régina;03;973;0;1;0;0;0;0;0;0;0;0;0;0;0;0;0;0;0;1;0;0;0;0;0;0;0;0;1;0;0;0;0;0;0;5;0;0;0
97302;Cayenne;03;973;1;0;1;1;1;1;1;0;0;15;0;3;0;0;0;22;7;5;4;0;141;6;43;33;245;99;121;107;160;187;84;4;6;348;77;18;56
97303;Iracoubo;03;973;0;1;0;0;0;0;0;0;0;0;0;0;0;0;0;0;0;1;0;0;0;0;0;1;0;0;1;0;0;3;0;0;0;5;0;0;0
97304;Kourou;03;973;0;1;0;0;0;0;0;0;0;1;0;1;0;0;0;5;0;1;3;0;50;5;7;12;64;36;68;41;37;47;15;4;6;109;2;8;16
97305;Macouria;03;973;0;1;0;0;0;0;0;0;0;0;0;0;0;0;0;1;0;1;2;0;14;1;2;4;28;15;24;12;25;26;5;0;0;39;4;3;4
97306;Mana;03;973;0;1;0;0;0;0;0;0;0;0;0;0;0;0;0;0;0;2;0;0;9;0;1;2;3;1;1;2;1;2;0;0;0;19;0;0;0
97307;Matoury;03;973;0;1;0;0;0;0;0;0;0;0;0;0;0;0;0;2;0;1;2;0;73;1;16;12;91;43;65;63;80;85;10;1;0;76;9;1;12
97308;Saint-Georges;03;973;0;1;0;0;0;0;0;0;0;0;0;1;0;0;0;0;0;1;0;0;2;0;1;0;3;1;2;1;4;3;1;0;0;16;0;0;0
97309;Remire-Montjoly;03;973;0;1;0;0;0;0;0;0;0;0;0;0;0;0;0;5;0;1;1;0;39;1;5;8;53;15;49;39;55;73;16;3;4;70;28;3;21
97310;Roura;03;973;0;1;0;0;0;0;0;0;0;0;0;0;0;0;0;0;0;1;0;1;2;0;0;1;5;1;5;3;6;9;0;0;0;16;1;0;0
97311;Saint-Laurent-du-Maroni;03;973;0;1;0;1;0;0;0;0;0;2;0;1;0;1;0;2;1;2;2;0;43;2;3;12;64;15;28;23;26;30;4;1;6;93;5;1;9
97312;Sinnamary;03;973;0;1;0;0;0;0;0;0;0;0;0;0;0;0;0;0;0;1;0;0;3;0;2;1;4;2;2;4;1;4;1;0;0;15;0;1;0
97313;Montsinéry-Tonnegrande;03;973;0;0;0;0;0;0;0;0;0;0;0;0;0;0;0;0;0;1;0;1;6;0;0;0;10;2;2;6;4;7;0;0;0;11;0;0;0
97314;Ouanary;03;973;0;0;0;0;0;0;0;0;0;0;0;0;0;0;0;0;0;0;0;0;0;0;0;0;0;0;0;0;0;0;0;0;0;0;0;0;0
97352;Saül;03;973;0;0;0;0;0;0;0;0;0;0;0;0;0;0;0;0;0;0;0;1;0;0;0;0;0;0;0;0;1;0;0;0;0;2;0;0;0
97353;Maripasoula;03;973;0;1;0;0;0;0;0;0;0;0;0;1;0;0;0;0;0;1;0;1;3;0;0;0;2;0;0;2;1;1;0;0;0;15;0;1;0
97356;Camopi;03;973;0;1;0;0;0;0;0;0;0;0;0;0;0;0;0;0;0;1;0;0;0;0;0;0;1;0;0;0;0;1;0;0;0;2;0;0;0
97357;Grand-Santi;03;973;0;1;0;0;0;0;0;0;0;0;0;0;0;0;0;0;0;1;0;0;0;0;0;0;0;0;0;0;1;1;0;0;0;4;0;0;0
97358;Saint-Élie;03;973;0;0;0;0;0;0;0;0;0;0;0;0;0;0;0;0;0;0;0;0;0;0;0;0;0;0;0;0;1;0;0;0;0;1;0;0;0
97360;Apatou;03;973;0;1;0;0;0;0;0;0;0;0;0;0;0;0;0;0;0;1;0;0;0;0;0;0;1;0;1;0;1;0;0;0;0;6;0;0;0
97361;Awala-Yalimapo;03;973;0;0;0;0;0;0;0;0;0;0;0;0;0;0;0;0;0;0;1;1;0;0;0;0;0;0;0;0;1;0;0;0;0;3;0;0;0
97362;Papaichton;03;973;0;1;0;0;0;0;0;0;0;0;0;0;0;0;0;0;0;1;0;0;1;0;0;0;0;0;1;0;0;0;0;0;0;6;0;0;0
97401;Les Avirons;04;974;0;1;0;0;0;0;0;0;0;0;0;0;0;0;0;0;1;2;0;0;19;0;1;5;22;8;15;9;12;14;10;1;0;33;11;0;7
97402;Bras-Panon;04;974;0;1;0;0;0;0;0;0;0;0;0;0;0;0;1;2;2;2;0;0;24;0;5;5;37;16;12;16;15;18;15;1;0;50;11;2;10
97403;Entre-Deux;04;974;0;1;0;0;0;0;0;0;0;0;0;0;0;0;1;0;1;1;0;0;9;0;3;3;18;12;3;5;9;7;7;0;0;14;2;0;6
97404;L'Étang-Salé;04;974;0;1;0;0;0;0;0;0;0;0;0;0;0;0;1;3;2;2;0;0;18;1;7;4;28;7;22;12;16;19;11;6;0;51;12;0;10
97405;Petite-Île;04;974;0;1;0;0;0;0;0;0;0;0;0;0;0;0;0;3;1;2;0;0;19;1;7;6;39;16;6;6;14;17;20;1;0;23;8;1;4
97406;La Plaine-des-Palmistes;04;974;0;1;0;0;0;0;0;0;0;0;0;0;0;0;1;0;1;1;0;0;5;0;2;4;16;5;7;4;7;13;3;0;0;20;3;0;3
97407;Le Port;04;974;2;0;0;0;0;0;0;0;0;1;0;1;0;0;1;10;4;2;0;0;50;3;17;17;40;38;14;31;20;30;39;1;21;176;19;7;21
97408;La Possession;04;974;0;1;0;0;0;0;0;0;0;0;0;1;0;0;0;7;1;4;0;0;36;3;6;10;49;34;24;35;33;31;28;4;7;111;40;2;34
97409;Saint-André;04;974;1;0;0;0;0;0;0;0;0;1;0;1;0;0;1;9;3;4;0;1;98;8;18;27;235;97;60;64;101;71;57;5;2;172;17;4;38
97410;Saint-Benoît;04;974;0;2;0;0;1;0;0;0;0;2;0;1;1;0;1;7;2;2;0;0;49;3;13;23;81;48;18;17;35;22;23;5;1;124;18;4;10
97411;Saint-Denis;04;974;2;1;1;1;1;1;1;1;0;21;0;3;1;0;2;58;8;11;0;3;178;12;49;53;169;96;79;73;145;172;179;16;15;630;188;15;133
97412;Saint-Joseph;04;974;0;1;0;0;0;0;0;0;0;1;0;1;0;0;0;8;3;5;0;0;51;3;3;16;90;19;32;26;39;22;40;4;0;107;13;2;19
97413;Saint-Leu;04;974;0;2;0;0;0;0;0;0;0;1;0;1;0;0;0;9;2;4;0;0;30;3;10;13;99;27;32;30;40;35;33;4;2;132;39;2;22
97414;Saint-Louis;04;974;0;1;0;0;0;0;0;0;0;1;0;2;0;0;1;13;2;2;0;1;72;6;21;26;123;53;40;23;52;43;73;7;0;162;12;4;23
97415;Saint-Paul;04;974;0;5;0;0;1;0;0;0;0;3;0;2;1;0;3;20;8;13;0;0;144;7;61;46;169;123;91;83;107;110;126;16;3;518;165;16;102
97416;Saint-Pierre;04;974;2;0;0;1;1;1;1;0;0;8;0;2;1;0;1;20;7;8;0;1;154;5;42;40;151;45;64;57;111;63;127;7;12;480;105;14;83
97417;Saint-Philippe;04;974;0;1;0;0;0;0;0;0;0;0;0;0;0;0;0;0;1;1;0;1;5;0;0;3;7;0;1;2;1;2;3;0;0;36;1;0;1
97418;Sainte-Marie;04;974;0;2;0;0;0;0;0;0;0;0;0;1;0;0;1;4;1;3;1;0;52;1;20;18;56;30;23;31;52;31;27;2;1;117;20;4;16
97419;Sainte-Rose;04;974;0;1;0;0;0;0;0;0;0;0;0;0;0;0;1;0;1;1;1;0;9;0;0;3;12;2;4;1;4;3;5;0;0;21;0;0;1
97420;Sainte-Suzanne;04;974;0;1;0;0;0;0;0;0;0;1;0;0;0;0;0;4;1;2;0;0;37;1;5;6;57;16;8;21;27;28;15;1;0;64;6;3;8
97421;Salazie;04;974;0;1;0;0;0;0;0;0;0;0;0;0;0;0;1;0;0;2;0;1;7;0;0;2;16;5;5;3;4;7;3;0;0;33;0;0;1
97422;Le Tampon;04;974;0;3;0;0;0;0;0;0;0;1;0;1;0;0;1;14;3;7;1;3;116;7;15;31;248;60;82;60;86;85;117;8;4;260;34;7;76
97423;Les Trois-Bassins;04;974;0;1;0;0;0;0;0;0;0;0;0;0;0;0;0;0;1;1;0;0;8;0;2;5;20;4;6;9;8;5;5;0;0;13;1;1;5
97424;Cilaos;04;974;0;1;0;0;0;0;0;0;0;0;0;0;0;0;1;0;1;2;0;0;1;0;0;2;18;1;2;1;1;7;4;0;0;30;0;0;3
97601;Acoua;06;976;0;0;0;0;0;0;0;0;0;0;0;0;0;0;0;0;0;0;0;1;1;0;0;1;4;0;3;2;2;1;0;0;0;8;0;0;0
97602;Bandraboua;06;976;0;0;0;0;0;0;0;0;0;0;0;1;0;0;0;0;0;0;0;0;2;0;0;3;20;3;6;7;4;7;0;0;0;8;0;0;0
97603;Bandrele;06;976;0;0;0;0;0;0;0;0;0;0;0;0;0;0;0;0;0;0;0;1;3;0;0;2;18;2;3;1;7;5;2;0;0;14;0;0;0
97604;Bouéni;06;976;0;0;0;0;0;0;0;0;0;0;0;0;0;0;0;0;0;0;0;1;2;0;1;1;14;2;3;1;4;5;0;0;0;12;0;0;0
97605;Chiconi;06;976;0;0;0;0;0;0;0;0;0;0;0;0;0;0;0;0;0;0;0;0;5;0;1;1;21;2;9;5;3;6;0;0;0;10;0;0;0
97606;Chirongui;06;976;0;1;0;0;0;0;0;0;0;0;0;1;0;0;0;0;0;1;0;0;9;0;0;5;30;4;12;3;4;11;1;0;0;19;0;0;0
97607;Dembeni;06;976;0;0;0;0;0;0;0;0;0;0;0;0;0;0;0;0;0;1;0;0;8;0;0;4;35;9;8;9;8;12;1;0;0;18;0;0;0
97608;Dzaoudzi;06;976;0;0;0;0;0;0;0;0;0;0;0;0;0;0;0;1;1;0;0;0;10;0;2;3;23;4;5;1;6;8;6;0;0;25;0;2;4
97609;Kani-Kéli;06;976;0;0;0;0;0;0;0;0;0;0;0;0;0;0;0;0;0;1;0;0;0;0;1;0;6;1;3;5;2;2;1;0;0;12;0;0;0
97610;Koungou;06;976;0;0;0;0;0;0;0;0;0;0;0;0;0;0;0;1;1;1;0;0;12;0;2;7;45;10;12;9;18;15;2;0;0;27;1;0;1
97611;Mamoudzou;06;976;0;1;1;1;1;1;1;0;0;8;0;1;0;0;0;7;1;6;0;0;76;4;24;18;151;36;41;37;81;117;23;1;0;186;17;5;13
97612;Mtsamboro;06;976;0;1;0;0;0;0;0;0;0;0;0;0;0;0;0;0;0;1;0;0;0;0;0;4;15;5;1;2;4;8;0;0;0;7;0;0;0
97613;M'Tsangamouji;06;976;0;0;0;0;0;0;0;0;0;0;0;0;0;0;0;0;0;0;0;1;3;0;0;1;19;0;3;2;3;3;0;0;0;7;0;0;0
97614;Ouangani;06;976;0;0;0;0;0;0;0;0;0;0;0;0;0;0;0;0;0;1;0;1;2;0;0;1;22;2;4;3;5;9;1;0;0;7;0;0;0
97615;Pamandzi;06;976;0;1;0;0;0;0;0;0;0;0;0;0;0;0;0;1;0;1;0;1;9;0;1;4;11;3;8;7;10;16;2;0;0;33;0;0;4
97616;Sada;06;976;0;1;0;0;0;0;0;0;0;0;0;0;0;0;0;1;0;1;0;0;3;0;1;3;26;3;6;4;11;22;1;0;0;14;0;1;0
97617;Tsingoni;06;976;0;0;0;0;0;0;0;0;0;0;0;0;0;0;0;1;1;0;0;0;4;0;1;3;24;3;7;7;9;10;1;1;0;17;0;0;2
